30
cardinalis_cardinalis_ku21828 0.000000000000  0.000000000000  0.009062313045  0.009062313045  0.010585420588  0.013642742234  0.015176995141  0.014144768070  0.007035306820  0.008551496495  0.009566026657  0.009566026657  0.009566026657  0.011599067050  0.008046160978  0.007035306820  0.007541218295  0.007035306820  0.007035306820  0.007035306820  0.009058480774  0.007035306820  0.007035306820  0.007035306820  0.007035306820  0.008046160978  0.013119087238  0.011594827809  0.011594827809  0.011594827809  
cardinalis_cardinalis_ku25393 0.000000000000  0.000000000000  0.009062313045  0.009062313045  0.010585420588  0.013642742234  0.015176995141  0.014144768070  0.007035306820  0.008551496495  0.009566026657  0.009566026657  0.009566026657  0.011599067050  0.008046160978  0.007035306820  0.007541218295  0.007035306820  0.007035306820  0.007035306820  0.009058480774  0.007035306820  0.007035306820  0.007035306820  0.007035306820  0.008046160978  0.013119087238  0.011594827809  0.011594827809  0.011594827809  
piranga_erythrocephala_fmnh343370 0.009062313045  0.009062313045  0.000000000000  0.000000000000  0.003511568052  0.006536813996  0.008054907217  0.007036667772  0.002004377806  0.003510133532  0.004517738991  0.004517738991  0.004517738991  0.006536813996  0.003008295730  0.002004377806  0.002506845321  0.002004377806  0.002004377806  0.002004377806  0.004013659279  0.002004377806  0.002004377806  0.002004377806  0.002004377806  0.003008295730  0.008046160978  0.006532508738  0.006532508738  0.006532508738  
piranga_erythrocephala_fmnh343371 0.009062313045  0.009062313045  0.000000000000  0.000000000000  0.003511568052  0.006536813996  0.008054907217  0.007036667772  0.002004377806  0.003510133532  0.004517738991  0.004517738991  0.004517738991  0.006536813996  0.003008295730  0.002004377806  0.002506845321  0.002004377806  0.002004377806  0.002004377806  0.004013659279  0.002004377806  0.002004377806  0.002004377806  0.002004377806  0.003008295730  0.008046160978  0.006532508738  0.006532508738  0.006532508738  
piranga_leucoptera_fmnh481795 0.010585420588  0.010585420588  0.003511568052  0.003511568052  0.000000000000  0.003007160532  0.009576672538  0.008554720167  0.003511568052  0.005020472767  0.006030809128  0.006030809128  0.006030809128  0.008054907217  0.004517738991  0.003511568052  0.004015393780  0.003511568052  0.003511568052  0.003511568052  0.005525362462  0.003511568052  0.003511568052  0.003511568052  0.003511568052  0.004517738991  0.009566026657  0.008049656281  0.008049656281  0.008049656281  
piranga_leucoptera_lsu7783 0.013642742234  0.013642742234  0.006536813996  0.006536813996  0.003007160532  0.000000000000  0.012631296197  0.011601851206  0.006536813996  0.008052062471  0.009067905290  0.009067905290  0.009067905290  0.011102129099  0.007547524919  0.006536813996  0.007043378298  0.006536813996  0.006536813996  0.006536813996  0.008559702352  0.006536813996  0.006536813996  0.006536813996  0.006536813996  0.007547524919  0.012616808351  0.011094965602  0.011094965602  0.011094965602  
piranga_rubriceps_lsu265 0.015176995141  0.015176995141  0.008054907217  0.008054907217  0.009576672538  0.012631296197  0.000000000000  0.005521371910  0.008054907217  0.009573350703  0.010591969320  0.010591969320  0.010591969320  0.012631296197  0.009067905290  0.008054907217  0.008562852001  0.008054907217  0.008054907217  0.008054907217  0.010082376942  0.008054907217  0.008054907217  0.008054907217  0.008054907217  0.009067905290  0.014147762855  0.012623165688  0.012623165688  0.012623165688  
piranga_rubriceps_lsu34818 0.014144768070  0.014144768070  0.007036667772  0.007036667772  0.008554720167  0.011601851206  0.005521371910  0.000000000000  0.007036667772  0.008552888339  0.009568027409  0.009568027409  0.009568027409  0.011601851206  0.008047688998  0.007036667772  0.007542882077  0.007036667772  0.007036667772  0.007036667772  0.009060176735  0.007036667772  0.007036667772  0.007036667772  0.007036667772  0.008047688998  0.013120573237  0.011596725798  0.011596725798  0.011596725798  
piranga_ludoviciana_sdsu2208 0.007035306820  0.007035306820  0.002004377806  0.002004377806  0.003511568052  0.006536813996  0.008054907217  0.007036667772  0.000000000000  0.001501545914  0.002504739067  0.002504739067  0.002504739067  0.004516138815  0.001000716274  0.000000000000  0.000500273015  0.000000000000  0.000000000000  0.000000000000  0.002002867929  0.000000000000  0.000000000000  0.000000000000  0.000000000000  0.001000716274  0.006024837151  0.004514244772  0.004514244772  0.004514244772  
piranga_bidentata_tepe59 0.008551496495  0.008551496495  0.003510133532  0.003510133532  0.005020472767  0.008052062471  0.009573350703  0.008552888339  0.001501545914  0.000000000000  0.004011494455  0.004011494455  0.004011494455  0.006027108670  0.002504336074  0.001501545914  0.002002867929  0.001501545914  0.001501545914  0.001501545914  0.003007160532  0.001501545914  0.001501545914  0.001501545914  0.001501545914  0.002504336074  0.007034384406  0.005522265469  0.005522265469  0.005522265469  
piranga_ludoviciana_sdsu2385 0.009566026657  0.009566026657  0.004517738991  0.004517738991  0.006030809128  0.009067905290  0.010591969320  0.009568027409  0.002504739067  0.004011494455  0.000000000000  0.000000000000  0.000000000000  0.002003406451  0.001501787076  0.002504739067  0.003007160532  0.002504739067  0.002504739067  0.002504739067  0.004514973958  0.002504739067  0.002504739067  0.002504739067  0.002504739067  0.003509133262  0.008550544993  0.007035306820  0.007035306820  0.007035306820  
piranga_ludoviciana_sdsu2648 0.009566026657  0.009566026657  0.004517738991  0.004517738991  0.006030809128  0.009067905290  0.010591969320  0.009568027409  0.002504739067  0.004011494455  0.000000000000  0.000000000000  0.000000000000  0.002003406451  0.001501787076  0.002504739067  0.003007160532  0.002504739067  0.002504739067  0.002504739067  0.004514973958  0.002504739067  0.002504739067  0.002504739067  0.002504739067  0.003509133262  0.008550544993  0.007035306820  0.007035306820  0.007035306820  
piranga_ludoviciana_sdsu2650 0.009566026657  0.009566026657  0.004517738991  0.004517738991  0.006030809128  0.009067905290  0.010591969320  0.009568027409  0.002504739067  0.004011494455  0.000000000000  0.000000000000  0.000000000000  0.002003406451  0.001501787076  0.002504739067  0.003007160532  0.002504739067  0.002504739067  0.002504739067  0.004514973958  0.002504739067  0.002504739067  0.002504739067  0.002504739067  0.003509133262  0.008550544993  0.007035306820  0.007035306820  0.007035306820  
piranga_bidentata_itm160 0.011599067050  0.011599067050  0.006536813996  0.006536813996  0.008054907217  0.011102129099  0.012631296197  0.011601851206  0.004516138815  0.006027108670  0.002003406451  0.002003406451  0.002003406451  0.000000000000  0.003510133532  0.004516138815  0.005020472767  0.004516138815  0.004516138815  0.004516138815  0.006532508738  0.004516138815  0.004516138815  0.004516138815  0.004516138815  0.005523595771  0.010578909273  0.009060176735  0.009060176735  0.009060176735  
piranga_bidentata_hgoslp104 0.008046160978  0.008046160978  0.003008295730  0.003008295730  0.004517738991  0.007547524919  0.009067905290  0.008047688998  0.001000716274  0.002504336074  0.001501787076  0.001501787076  0.001501787076  0.003510133532  0.000000000000  0.001000716274  0.001501787076  0.001000716274  0.001000716274  0.001000716274  0.003006459228  0.001000716274  0.001000716274  0.001000716274  0.001000716274  0.002002867929  0.007033900888  0.005521371910  0.005521371910  0.005521371910  
piranga_olivacea_ku2699 0.007035306820  0.007035306820  0.002004377806  0.002004377806  0.003511568052  0.006536813996  0.008054907217  0.007036667772  0.000000000000  0.001501545914  0.002504739067  0.002504739067  0.002504739067  0.004516138815  0.001000716274  0.000000000000  0.000500273015  0.000000000000  0.000000000000  0.000000000000  0.002002867929  0.000000000000  0.000000000000  0.000000000000  0.000000000000  0.001000716274  0.006024837151  0.004514244772  0.004514244772  0.004514244772  
piranga_roseogularis_ku2049 0.007541218295  0.007541218295  0.002506845321  0.002506845321  0.004015393780  0.007043378298  0.008562852001  0.007542882077  0.000500273015  0.002002867929  0.003007160532  0.003007160532  0.003007160532  0.005020472767  0.001501787076  0.000500273015  0.000000000000  0.000500273015  0.000500273015  0.000500273015  0.002504739067  0.000500273015  0.000500273015  0.000500273015  0.000500273015  0.001501787076  0.006529332728  0.005017977910  0.005017977910  0.005017977910  
piranga_roseogularis_ku2141 0.007035306820  0.007035306820  0.002004377806  0.002004377806  0.003511568052  0.006536813996  0.008054907217  0.007036667772  0.000000000000  0.001501545914  0.002504739067  0.002504739067  0.002504739067  0.004516138815  0.001000716274  0.000000000000  0.000500273015  0.000000000000  0.000000000000  0.000000000000  0.002002867929  0.000000000000  0.000000000000  0.000000000000  0.000000000000  0.001000716274  0.006024837151  0.004514244772  0.004514244772  0.004514244772  
piranga_lutea_ku89864 0.007035306820  0.007035306820  0.002004377806  0.002004377806  0.003511568052  0.006536813996  0.008054907217  0.007036667772  0.000000000000  0.001501545914  0.002504739067  0.002504739067  0.002504739067  0.004516138815  0.001000716274  0.000000000000  0.000500273015  0.000000000000  0.000000000000  0.000000000000  0.002002867929  0.000000000000  0.000000000000  0.000000000000  0.000000000000  0.001000716274  0.006024837151  0.004514244772  0.004514244772  0.004514244772  
piranga_hepatica_ku9084 0.007035306820  0.007035306820  0.002004377806  0.002004377806  0.003511568052  0.006536813996  0.008054907217  0.007036667772  0.000000000000  0.001501545914  0.002504739067  0.002504739067  0.002504739067  0.004516138815  0.001000716274  0.000000000000  0.000500273015  0.000000000000  0.000000000000  0.000000000000  0.002002867929  0.000000000000  0.000000000000  0.000000000000  0.000000000000  0.001000716274  0.006024837151  0.004514244772  0.004514244772  0.004514244772  
piranga_lutea_lsu5400 0.009058480774  0.009058480774  0.004013659279  0.004013659279  0.005525362462  0.008559702352  0.010082376942  0.009060176735  0.002002867929  0.003007160532  0.004514973958  0.004514973958  0.004514973958  0.006532508738  0.003006459228  0.002002867929  0.002504739067  0.002002867929  0.002002867929  0.002002867929  0.000000000000  0.002002867929  0.002002867929  0.002002867929  0.002002867929  0.003006459228  0.008044424158  0.006529953340  0.006529953340  0.006529953340  
piranga_flava_lsu15408 0.007035306820  0.007035306820  0.002004377806  0.002004377806  0.003511568052  0.006536813996  0.008054907217  0.007036667772  0.000000000000  0.001501545914  0.002504739067  0.002504739067  0.002504739067  0.004516138815  0.001000716274  0.000000000000  0.000500273015  0.000000000000  0.000000000000  0.000000000000  0.002002867929  0.000000000000  0.000000000000  0.000000000000  0.000000000000  0.001000716274  0.006024837151  0.004514244772  0.004514244772  0.004514244772  
piranga_flava_ku90809 0.007035306820  0.007035306820  0.002004377806  0.002004377806  0.003511568052  0.006536813996  0.008054907217  0.007036667772  0.000000000000  0.001501545914  0.002504739067  0.002504739067  0.002504739067  0.004516138815  0.001000716274  0.000000000000  0.000500273015  0.000000000000  0.000000000000  0.000000000000  0.002002867929  0.000000000000  0.000000000000  0.000000000000  0.000000000000  0.001000716274  0.006024837151  0.004514244772  0.004514244772  0.004514244772  
piranga_hepatica_ku4970 0.007035306820  0.007035306820  0.002004377806  0.002004377806  0.003511568052  0.006536813996  0.008054907217  0.007036667772  0.000000000000  0.001501545914  0.002504739067  0.002504739067  0.002504739067  0.004516138815  0.001000716274  0.000000000000  0.000500273015  0.000000000000  0.000000000000  0.000000000000  0.002002867929  0.000000000000  0.000000000000  0.000000000000  0.000000000000  0.001000716274  0.006024837151  0.004514244772  0.004514244772  0.004514244772  
piranga_olivacea_ku4672 0.007035306820  0.007035306820  0.002004377806  0.002004377806  0.003511568052  0.006536813996  0.008054907217  0.007036667772  0.000000000000  0.001501545914  0.002504739067  0.002504739067  0.002504739067  0.004516138815  0.001000716274  0.000000000000  0.000500273015  0.000000000000  0.000000000000  0.000000000000  0.002002867929  0.000000000000  0.000000000000  0.000000000000  0.000000000000  0.001000716274  0.006024837151  0.004514244772  0.004514244772  0.004514244772  
piranga_bidentata_itm141 0.008046160978  0.008046160978  0.003008295730  0.003008295730  0.004517738991  0.007547524919  0.009067905290  0.008047688998  0.001000716274  0.002504336074  0.003509133262  0.003509133262  0.003509133262  0.005523595771  0.002002867929  0.001000716274  0.001501787076  0.001000716274  0.001000716274  0.001000716274  0.003006459228  0.001000716274  0.001000716274  0.001000716274  0.001000716274  0.000000000000  0.007033900888  0.005521371910  0.005521371910  0.005521371910  
piranga_rubra_ku7046 0.013119087238  0.013119087238  0.008046160978  0.008046160978  0.009566026657  0.012616808351  0.014147762855  0.013120573237  0.006024837151  0.007034384406  0.008550544993  0.008550544993  0.008550544993  0.010578909273  0.007033900888  0.006024837151  0.006529332728  0.006024837151  0.006024837151  0.006024837151  0.008044424158  0.006024837151  0.006024837151  0.006024837151  0.006024837151  0.007033900888  0.000000000000  0.003509133262  0.003509133262  0.003509133262  
piranga_rubra_sdsu2635 0.011594827809  0.011594827809  0.006532508738  0.006532508738  0.008049656281  0.011094965602  0.012623165688  0.011596725798  0.004514244772  0.005522265469  0.007035306820  0.007035306820  0.007035306820  0.009060176735  0.005521371910  0.004514244772  0.005017977910  0.004514244772  0.004514244772  0.004514244772  0.006529953340  0.004514244772  0.004514244772  0.004514244772  0.004514244772  0.005521371910  0.003509133262  0.000000000000  0.000000000000  0.000000000000  
piranga_rubra_sdsu2654 0.011594827809  0.011594827809  0.006532508738  0.006532508738  0.008049656281  0.011094965602  0.012623165688  0.011596725798  0.004514244772  0.005522265469  0.007035306820  0.007035306820  0.007035306820  0.009060176735  0.005521371910  0.004514244772  0.005017977910  0.004514244772  0.004514244772  0.004514244772  0.006529953340  0.004514244772  0.004514244772  0.004514244772  0.004514244772  0.005521371910  0.003509133262  0.000000000000  0.000000000000  0.000000000000  
piranga_rubra_ku26592 0.011594827809  0.011594827809  0.006532508738  0.006532508738  0.008049656281  0.011094965602  0.012623165688  0.011596725798  0.004514244772  0.005522265469  0.007035306820  0.007035306820  0.007035306820  0.009060176735  0.005521371910  0.004514244772  0.005017977910  0.004514244772  0.004514244772  0.004514244772  0.006529953340  0.004514244772  0.004514244772  0.004514244772  0.004514244772  0.005521371910  0.003509133262  0.000000000000  0.000000000000  0.000000000000  

