30
piranga_rubra_ku26592 0.000000000000  0.007400898434  0.011550036414  0.014062239622  0.013223315504  0.017056662684  0.011156843605  0.015709727648  0.001638232289  0.007400898434  0.009608810135  0.009571176752  0.008225602736  0.005348260133  0.001640920500  0.005515267409  0.007778285710  0.009056107404  0.009628039807  0.008230554817  0.016562250753  0.008225602736  0.013223315504  0.009617330730  0.012493033025  0.012179357488  0.009854406675  0.008225602736  0.002463577715  0.008230554817  
piranga_flava_ku90809 0.007400898434  0.000000000000  0.009056107404  0.013231237690  0.012393179134  0.017934235569  0.011164806718  0.017601868180  0.007413090581  0.004924181813  0.008644998693  0.011731587825  0.005746054567  0.006428823721  0.007425322966  0.003671685757  0.005174751593  0.008230554817  0.010718395294  0.005750020223  0.014047952544  0.004097133695  0.012393179134  0.009621508844  0.011655818161  0.013554811004  0.009862664825  0.005746054567  0.008257741837  0.005750020223  
piranga_ludoviciana_sdsu2385 0.011550036414  0.009056107404  0.000000000000  0.010721621758  0.009888111935  0.016197044313  0.010224052580  0.014779052922  0.011569126404  0.004918475184  0.001907638294  0.010652940470  0.009882812778  0.012928007624  0.011588279605  0.009222496746  0.007773528735  0.009061707999  0.004257959609  0.005743034084  0.011539696028  0.009882812778  0.009888111935  0.008738917057  0.009134137519  0.012183325806  0.003674461274  0.005740960871  0.010751119604  0.005743034084  
piranga_rubriceps_lsu265 0.014062239622  0.013231237690  0.010721621758  0.000000000000  0.007400061821  0.017934235569  0.011164806718  0.016659006662  0.014085544124  0.009056107404  0.007676465222  0.009576812691  0.014062239622  0.014021279805  0.014108926002  0.012024001565  0.011270042389  0.011564202593  0.006401387720  0.009888111935  0.010706844603  0.014062239622  0.000816383598  0.009621508844  0.007468456077  0.009461251711  0.009862664825  0.009882812778  0.013267177230  0.009888111935  
piranga_leucoptera_lsu7783 0.013223315504  0.012393179134  0.009888111935  0.007400061821  0.000000000000  0.017064821120  0.013052097801  0.016659006662  0.013245210052  0.008225602736  0.008644998693  0.011731587825  0.013223315504  0.015117152580  0.013267177230  0.012024001565  0.011270042389  0.010728526432  0.008554834914  0.009056107404  0.008214846868  0.013223315504  0.006571938348  0.010505794723  0.006632677319  0.009461251711  0.011110343004  0.009051458090  0.012426963628  0.009056107404  
cardinalis_cardinalis_ku25393 0.017056662684  0.017934235569  0.016197044313  0.017934235569  0.017064821120  0.000000000000  0.017799768955  0.008520097070  0.017085807965  0.014466379030  0.016432207760  0.019311712137  0.018795713591  0.020594677774  0.017115053029  0.018595086869  0.017969519449  0.017074005184  0.017230229344  0.013603478342  0.018779646214  0.018795713591  0.017064821120  0.016324884528  0.017056662684  0.021828883801  0.019885988146  0.015324151704  0.017115053029  0.013603478342  
piranga_olivacea_ku2699 0.011156843605  0.011164806718  0.010224052580  0.011164806718  0.013052097801  0.017799768955  0.000000000000  0.017360786623  0.011177629047  0.006480129542  0.007981702388  0.008509336200  0.012098688571  0.012937093966  0.011198492084  0.010114190951  0.007413261775  0.007419125422  0.007630410351  0.007413261775  0.014916848412  0.012098688571  0.010224052580  0.007427026681  0.013042462980  0.010820722403  0.008627286396  0.007408601421  0.010255021525  0.007413261775  
cardinalis_cardinalis_ku21828 0.015709727648  0.017601868180  0.014779052922  0.016659006662  0.016659006662  0.008520097070  0.017360786623  0.000000000000  0.015738818398  0.012906739480  0.013427466891  0.014962129885  0.018535816684  0.020065266023  0.015768017096  0.017854876670  0.015718070859  0.015727617059  0.015889290032  0.013841945047  0.020408131024  0.018535816684  0.015718070859  0.013867540449  0.015871071348  0.019058784757  0.014847630943  0.013835253830  0.014826292769  0.013841945047  
piranga_rubra_ku7046 0.001638232289  0.007413090581  0.011569126404  0.014085544124  0.013245210052  0.017085807965  0.011177629047  0.015738818398  0.000000000000  0.007413090581  0.009627312132  0.009591577893  0.008239157462  0.006438544595  0.001643617549  0.005525425565  0.007791754126  0.009071043901  0.010732980105  0.008244125912  0.016589729385  0.008239157462  0.013245210052  0.009634177540  0.012513878907  0.013549077786  0.009878744741  0.008239157462  0.002467630524  0.008244125912  
piranga_bidentata_hgoslp104 0.007400898434  0.004924181813  0.004918475184  0.009056107404  0.008225602736  0.014466379030  0.006480129542  0.012906739480  0.007413090581  0.000000000000  0.003822565485  0.006363429787  0.005746054567  0.007508935576  0.007425322966  0.004594049188  0.003443368024  0.005746054567  0.006401387720  0.000817050625  0.009875079777  0.005746054567  0.008225602736  0.005225361799  0.007460652761  0.009452543600  0.006139777116  0.000816892392  0.006594405452  0.000817050625  
piranga_ludoviciana_sdsu2648 0.009608810135  0.008644998693  0.001907638294  0.007676465222  0.008644998693  0.016432207760  0.007981702388  0.013427466891  0.009627312132  0.003822565485  0.000000000000  0.008527477484  0.009608810135  0.010756069967  0.009645885520  0.007768310140  0.006729315451  0.008652168704  0.002125787729  0.004783022206  0.010569142533  0.009608810135  0.006709963647  0.007791006697  0.008639120423  0.009455606077  0.001222622114  0.004780643910  0.008672419969  0.004783022206  
piranga_roseogularis_ku2049 0.009571176752  0.011731587825  0.010652940470  0.009576812691  0.011731587825  0.019311712137  0.008509336200  0.014962129885  0.009591577893  0.006363429787  0.008527477484  0.000000000000  0.010646217641  0.010329140757  0.009612066193  0.010818995788  0.005297263696  0.005300185183  0.010575074756  0.007432068970  0.016039740621  0.010646217641  0.008503192745  0.001056061807  0.011723773013  0.013591659259  0.009887043861  0.007428591676  0.008534906901  0.007432068970  
piranga_hepatica_ku4970 0.008225602736  0.005746054567  0.009882812778  0.014062239622  0.013223315504  0.018795713591  0.012098688571  0.018535816684  0.008239157462  0.005746054567  0.009608810135  0.010646217641  0.000000000000  0.000000000000  0.008252756936  0.005515267409  0.004305278738  0.007396592535  0.012881540737  0.006572733468  0.014880722004  0.004918475184  0.013223315504  0.008735470177  0.012493033025  0.016300796383  0.012350221661  0.006569071431  0.009086029752  0.006572733468  
piranga_hepatica_ku9084 0.005348260133  0.006428823721  0.012928007624  0.014021279805  0.015117152580  0.020594677774  0.012937093966  0.020065266023  0.006438544595  0.007508935576  0.010756069967  0.010329140757  0.000000000000  0.000000000000  0.006452392768  0.005348260133  0.005351238282  0.008585322688  0.013207652605  0.008591585719  0.018386109620  0.005348260133  0.012928007624  0.008599126838  0.014012705668  0.016300796383  0.012792622763  0.008585322688  0.007536086973  0.008591585719  
piranga_rubra_sdsu2654 0.001640920500  0.007425322966  0.011588279605  0.014108926002  0.013267177230  0.017115053029  0.011198492084  0.015768017096  0.001643617549  0.007425322966  0.009645885520  0.009612066193  0.008252756936  0.006452392768  0.000000000000  0.005535621210  0.007805269266  0.009086029752  0.010756069967  0.008257741837  0.016617299356  0.008252756936  0.013267177230  0.009651083476  0.012534794476  0.013622912025  0.009903203327  0.008252756936  0.002463577715  0.008257741837  
piranga_flava_lsu15408 0.005515267409  0.003671685757  0.009222496746  0.012024001565  0.012024001565  0.018595086869  0.010114190951  0.017854876670  0.005525425565  0.004594049188  0.007768310140  0.010818995788  0.005515267409  0.005348260133  0.005535621210  0.000000000000  0.004857368083  0.008296660830  0.009628039807  0.005518262990  0.013880960342  0.004591855405  0.011088272463  0.009874055544  0.012017705247  0.012179357488  0.008611551312  0.005515267409  0.006464324994  0.005518262990  
piranga_lutea_lsu5400 0.007778285710  0.005174751593  0.007773528735  0.011270042389  0.011270042389  0.017969519449  0.007413261775  0.015718070859  0.007791754126  0.003443368024  0.006729315451  0.005297263696  0.004305278738  0.005351238282  0.007805269266  0.004857368083  0.000000000000  0.003441102498  0.009635345022  0.004308246453  0.013007391917  0.004305278738  0.010393422971  0.004351144026  0.010487430929  0.012183325806  0.008618356529  0.004305278738  0.006931516782  0.004308246453  
piranga_olivacea_ku4672 0.009056107404  0.008230554817  0.009061707999  0.011564202593  0.010728526432  0.017074005184  0.007419125422  0.015727617059  0.009071043901  0.005746054567  0.008652168704  0.005300185183  0.007396592535  0.008585322688  0.009086029752  0.008296660830  0.003441102498  0.000000000000  0.010728407688  0.006572733468  0.014054615254  0.007396592535  0.010728526432  0.004352046530  0.009978561851  0.012189895799  0.008627286396  0.006569071431  0.008252756936  0.006572733468  
piranga_ludoviciana_sdsu2208 0.009628039807  0.010718395294  0.004257959609  0.006401387720  0.008554834914  0.017230229344  0.007630410351  0.015889290032  0.010732980105  0.006401387720  0.002125787729  0.010575074756  0.012881540737  0.013207652605  0.010756069967  0.009628039807  0.009635345022  0.010728407688  0.000000000000  0.007476853081  0.012865144322  0.011794485471  0.005328427110  0.009648684437  0.008548625454  0.012189895799  0.003902492471  0.007471734259  0.008585322688  0.007476853081  
piranga_bidentata_itm160 0.008230554817  0.005750020223  0.005743034084  0.009888111935  0.009056107404  0.013603478342  0.007413261775  0.013841945047  0.008244125912  0.000817050625  0.004783022206  0.007432068970  0.006572733468  0.008591585719  0.008257741837  0.005518262990  0.004308246453  0.006572733468  0.007476853081  0.000000000000  0.009045021736  0.006572733468  0.009056107404  0.006101241639  0.008296635274  0.010815911370  0.007377399962  0.001634765707  0.007425322966  0.000000000000  
piranga_leucoptera_fmnh481795 0.016562250753  0.014047952544  0.011539696028  0.010706844603  0.008214846868  0.018779646214  0.014916848412  0.020408131024  0.016589729385  0.009875079777  0.010569142533  0.016039740621  0.014880722004  0.018386109620  0.016617299356  0.013880960342  0.013007391917  0.014054615254  0.012865144322  0.009045021736  0.000000000000  0.014880722004  0.009874680051  0.014039640669  0.009968740159  0.014922882607  0.013584332240  0.010703557327  0.015772925523  0.009045021736  
piranga_lutea_ku89864 0.008225602736  0.004097133695  0.009882812778  0.014062239622  0.013223315504  0.018795713591  0.012098688571  0.018535816684  0.008239157462  0.005746054567  0.009608810135  0.010646217641  0.004918475184  0.005348260133  0.008252756936  0.004591855405  0.004305278738  0.007396592535  0.011794485471  0.006572733468  0.014880722004  0.000000000000  0.013223315504  0.008735470177  0.012493033025  0.014922882607  0.011100624045  0.006569071431  0.009086029752  0.006572733468  
piranga_rubriceps_lsu34818 0.013223315504  0.012393179134  0.009888111935  0.000816383598  0.006571938348  0.017064821120  0.010224052580  0.015718070859  0.013245210052  0.008225602736  0.006709963647  0.008503192745  0.013223315504  0.012928007624  0.013267177230  0.011088272463  0.010393422971  0.010728526432  0.005328427110  0.009056107404  0.009874680051  0.013223315504  0.000000000000  0.008738917057  0.006632677319  0.008098425785  0.008618356529  0.009051458090  0.012426963628  0.009056107404  
piranga_roseogularis_ku2141 0.009617330730  0.009621508844  0.008738917057  0.009621508844  0.010505794723  0.016324884528  0.007427026681  0.013867540449  0.009634177540  0.005225361799  0.007791006697  0.001056061807  0.008735470177  0.008599126838  0.009651083476  0.009874055544  0.004351144026  0.004352046530  0.009648684437  0.006101241639  0.014039640669  0.008735470177  0.008738917057  0.000000000000  0.009710724397  0.012216401768  0.008639631232  0.006099971771  0.008766101198  0.006101241639  
piranga_erythrocephala_fmnh343371 0.012493033025  0.011655818161  0.009134137519  0.007468456077  0.006632677319  0.017056662684  0.013042462980  0.015871071348  0.012513878907  0.007460652761  0.008639120423  0.011723773013  0.012493033025  0.014012705668  0.012534794476  0.012017705247  0.010487430929  0.009978561851  0.008548625454  0.008296635274  0.009968740159  0.012493033025  0.006632677319  0.009710724397  0.000000000000  0.001342009395  0.009854406675  0.008293529712  0.011688973771  0.008296635274  
piranga_erythrocephala_fmnh343370 0.012179357488  0.013554811004  0.012183325806  0.009461251711  0.009461251711  0.021828883801  0.010820722403  0.019058784757  0.013549077786  0.009452543600  0.009455606077  0.013591659259  0.016300796383  0.016300796383  0.013622912025  0.012179357488  0.012183325806  0.012189895799  0.012189895799  0.010815911370  0.014922882607  0.014922882607  0.008098425785  0.012216401768  0.001342009395  0.000000000000  0.010820722403  0.010813697496  0.010872484761  0.010815911370  
piranga_ludoviciana_sdsu2650 0.009854406675  0.009862664825  0.003674461274  0.009862664825  0.011110343004  0.019885988146  0.008627286396  0.014847630943  0.009878744741  0.006139777116  0.001222622114  0.009887043861  0.012350221661  0.012792622763  0.009903203327  0.008611551312  0.008618356529  0.008627286396  0.003902492471  0.007377399962  0.013584332240  0.011100624045  0.008618356529  0.008639631232  0.009854406675  0.010820722403  0.000000000000  0.007372039866  0.008654138332  0.007377399962  
piranga_bidentata_tepe59 0.008225602736  0.005746054567  0.005740960871  0.009882812778  0.009051458090  0.015324151704  0.007408601421  0.013835253830  0.008239157462  0.000816892392  0.004780643910  0.007428591676  0.006569071431  0.008585322688  0.008252756936  0.005515267409  0.004305278738  0.006569071431  0.007471734259  0.001634765707  0.010703557327  0.006569071431  0.009051458090  0.006099971771  0.008293529712  0.010813697496  0.007372039866  0.000000000000  0.007420988556  0.001634765707  
piranga_rubra_sdsu2635 0.002463577715  0.008257741837  0.010751119604  0.013267177230  0.012426963628  0.017115053029  0.010255021525  0.014826292769  0.002467630524  0.006594405452  0.008672419969  0.008534906901  0.009086029752  0.007536086973  0.002463577715  0.006464324994  0.006931516782  0.008252756936  0.008585322688  0.007425322966  0.015772925523  0.009086029752  0.012426963628  0.008766101198  0.011688973771  0.010872484761  0.008654138332  0.007420988556  0.000000000000  0.007425322966  
piranga_bidentata_itm141 0.008230554817  0.005750020223  0.005743034084  0.009888111935  0.009056107404  0.013603478342  0.007413261775  0.013841945047  0.008244125912  0.000817050625  0.004783022206  0.007432068970  0.006572733468  0.008591585719  0.008257741837  0.005518262990  0.004308246453  0.006572733468  0.007476853081  0.000000000000  0.009045021736  0.006572733468  0.009056107404  0.006101241639  0.008296635274  0.010815911370  0.007377399962  0.001634765707  0.007425322966  0.000000000000  

