30
piranga_rubra_ku26592 0.000000000000  0.001703414994  0.001490842904  0.007499315686  0.009015669264  0.011478027055  0.003409937523  0.018157720932  0.000000000000  0.001490842904  0.005109795080  0.001656283424  0.000000000000  0.001598053110  0.000000000000  0.000000000000  0.000000000000  0.005604562757  0.004489137219  0.002984110740  0.005988632831  0.000000000000  0.007499315686  0.000000000000  0.009000376764  0.000000000000  0.003156957942  0.001490842904  0.000000000000  0.002984110740  
piranga_flava_ku90809 0.001703414994  0.000000000000  0.003411710758  0.008571276327  0.010305672477  0.009476606442  0.003932978307  0.017281370878  0.001703414994  0.003411710758  0.001981134705  0.001923960228  0.001703414994  0.003411710758  0.001703414994  0.000000000000  0.001745030193  0.007477620119  0.005127261423  0.005124665367  0.006844295000  0.000000000000  0.008571276327  0.000000000000  0.010295119457  0.000000000000  0.003156957942  0.003411710758  0.001703414994  0.005124665367  
piranga_ludoviciana_sdsu2385 0.001490842904  0.003411710758  0.000000000000  0.009015669264  0.010537736299  0.013139696835  0.003409937523  0.019704464277  0.001572917029  0.000000000000  0.005109795080  0.003319385813  0.001490842904  0.003202453223  0.001490842904  0.000000000000  0.001522622820  0.003727722070  0.002987208288  0.001490188398  0.007499315686  0.000000000000  0.009015669264  0.000000000000  0.010517396951  0.000000000000  0.003156957942  0.000000000000  0.001499786699  0.001490188398  
piranga_rubriceps_lsu265 0.007499315686  0.008571276327  0.009015669264  0.000000000000  0.004489137219  0.013135413420  0.008565675953  0.016609315683  0.006319799015  0.009015669264  0.006820952378  0.006656338811  0.007499315686  0.008042124321  0.007499315686  0.005810325867  0.007660168721  0.013175963056  0.009015669264  0.010525754921  0.001490842904  0.004875488364  0.000000000000  0.005533960673  0.004481594822  0.000000000000  0.009520705273  0.009015669264  0.007544580192  0.010525754921  
piranga_leucoptera_lsu7783 0.009015669264  0.010305672477  0.010537736299  0.004489137219  0.000000000000  0.014800909687  0.010300351485  0.018147568862  0.007914816783  0.010537736299  0.008541989299  0.008337146054  0.009015669264  0.009669525222  0.009015669264  0.005810325867  0.009209411129  0.015093414556  0.010537736299  0.012051031877  0.002987208288  0.007333077518  0.004489137219  0.007394676302  0.005984177736  0.004656363440  0.009520705273  0.010537736299  0.009070187220  0.012051031877  
cardinalis_cardinalis_ku25393 0.011478027055  0.009476606442  0.013139696835  0.013135413420  0.014800909687  0.000000000000  0.015496716973  0.000000000000  0.010420280507  0.013139696835  0.013721199474  0.013381473390  0.011478027055  0.010604454562  0.011478027055  0.011688804147  0.011478027055  0.016812603361  0.013139696835  0.014800909687  0.011476755723  0.009798856837  0.013135413420  0.011115244344  0.013135523712  0.009341175581  0.015943555061  0.013139696835  0.011553809688  0.014800909687  
piranga_olivacea_ku2699 0.003409937523  0.003932978307  0.003409937523  0.008565675953  0.010300351485  0.015496716973  0.000000000000  0.015496716973  0.003587309920  0.003409937523  0.008654638322  0.003409937523  0.003409937523  0.005491706075  0.003409937523  0.002900562074  0.003409937523  0.002165621817  0.006848904658  0.005118513351  0.006838417628  0.002434505691  0.008565675953  0.003727722070  0.008556607752  0.004656363440  0.006338782198  0.003409937523  0.003409937523  0.005118513351  
cardinalis_cardinalis_ku21828 0.018157720932  0.017281370878  0.019704464277  0.016609315683  0.018147568862  0.000000000000  0.015496716973  0.000000000000  0.017544576564  0.019704464277  0.013721199474  0.013381473390  0.018157720932  0.017828969504  0.018157720932  0.011688804147  0.018550743888  0.024680745706  0.019704464277  0.021241760344  0.015076897892  0.009798856837  0.016609315683  0.011115244344  0.018138467186  0.009341175581  0.015943555061  0.019704464277  0.018268303334  0.021241760344  
piranga_rubra_ku7046 0.000000000000  0.001703414994  0.001572917029  0.006319799015  0.007914816783  0.010420280507  0.003587309920  0.017544576564  0.000000000000  0.001572917029  0.003615224121  0.001758206676  0.000000000000  0.001598053110  0.000000000000  0.000000000000  0.000000000000  0.005604562757  0.003151982579  0.003148533722  0.004731054378  0.000000000000  0.006319799015  0.000000000000  0.007903358140  0.000000000000  0.003156957942  0.001572917029  0.000000000000  0.003148533722  
piranga_bidentata_hgoslp104 0.001490842904  0.003411710758  0.000000000000  0.009015669264  0.010537736299  0.013139696835  0.003409937523  0.019704464277  0.001572917029  0.000000000000  0.005109795080  0.003319385813  0.001490842904  0.003202453223  0.001490842904  0.000000000000  0.001522622820  0.003727722070  0.002987208288  0.001490188398  0.007499315686  0.000000000000  0.009015669264  0.000000000000  0.010517396951  0.000000000000  0.003156957942  0.000000000000  0.001499786699  0.001490188398  
piranga_ludoviciana_sdsu2648 0.005109795080  0.001981134705  0.005109795080  0.006820952378  0.008541989299  0.013721199474  0.008654638322  0.013721199474  0.003615224121  0.005109795080  0.000000000000  0.005109795080  0.005109795080  0.003686495093  0.005109795080  0.000000000000  0.005109795080  0.006618475349  0.001697631446  0.006820952378  0.005107216735  0.002434505691  0.006820952378  0.005533960673  0.006819838171  0.000000000000  0.000000000000  0.005109795080  0.005144847583  0.006820952378  
piranga_roseogularis_ku2049 0.001656283424  0.001923960228  0.003319385813  0.006656338811  0.008337146054  0.013381473390  0.003409937523  0.013381473390  0.001758206676  0.003319385813  0.005109795080  0.000000000000  0.001656283424  0.003587309920  0.001656283424  0.000000000000  0.001656283424  0.008564732961  0.006666273708  0.004982496187  0.004982496187  0.000000000000  0.006656338811  0.000000000000  0.006650831371  0.000000000000  0.003156957942  0.003319385813  0.001667329722  0.004982496187  
piranga_hepatica_ku4970 0.000000000000  0.001703414994  0.001490842904  0.007499315686  0.009015669264  0.011478027055  0.003409937523  0.018157720932  0.000000000000  0.001490842904  0.005109795080  0.001656283424  0.000000000000  0.001598053110  0.000000000000  0.000000000000  0.000000000000  0.005604562757  0.004489137219  0.002984110740  0.005988632831  0.000000000000  0.007499315686  0.000000000000  0.009000376764  0.000000000000  0.003156957942  0.001490842904  0.000000000000  0.002984110740  
piranga_hepatica_ku9084 0.001598053110  0.003411710758  0.003202453223  0.008042124321  0.009669525222  0.010604454562  0.005491706075  0.017828969504  0.001598053110  0.003202453223  0.003686495093  0.003587309920  0.001598053110  0.000000000000  0.001598053110  0.002900562074  0.001634624187  0.007490164214  0.004813250956  0.004806860082  0.006421253338  0.002434505691  0.008042124321  0.002004967417  0.009651925454  0.004656363440  0.006338782198  0.003202453223  0.001598053110  0.004806860082  
piranga_rubra_sdsu2654 0.000000000000  0.001703414994  0.001490842904  0.007499315686  0.009015669264  0.011478027055  0.003409937523  0.018157720932  0.000000000000  0.001490842904  0.005109795080  0.001656283424  0.000000000000  0.001598053110  0.000000000000  0.000000000000  0.000000000000  0.005604562757  0.004489137219  0.002984110740  0.005988632831  0.000000000000  0.007499315686  0.000000000000  0.009000376764  0.000000000000  0.003156957942  0.001490842904  0.000000000000  0.002984110740  
piranga_flava_lsu15408 0.000000000000  0.000000000000  0.000000000000  0.005810325867  0.005810325867  0.011688804147  0.002900562074  0.011688804147  0.000000000000  0.000000000000  0.000000000000  0.000000000000  0.000000000000  0.002900562074  0.000000000000  0.000000000000  0.000000000000  0.002900562074  0.000000000000  0.002898084335  0.002898084335  0.000000000000  0.005810325867  0.000000000000  0.005812117251  0.000000000000  0.000000000000  0.000000000000  0.000000000000  0.002898084335  
piranga_lutea_lsu5400 0.000000000000  0.001745030193  0.001522622820  0.007660168721  0.009209411129  0.011478027055  0.003409937523  0.018550743888  0.000000000000  0.001522622820  0.005109795080  0.001656283424  0.000000000000  0.001634624187  0.000000000000  0.000000000000  0.000000000000  0.005755087396  0.004585194884  0.003047775199  0.006116845215  0.000000000000  0.007660168721  0.000000000000  0.009193451980  0.000000000000  0.003156957942  0.001522622820  0.000000000000  0.003047775199  
piranga_olivacea_ku4672 0.005604562757  0.007477620119  0.003727722070  0.013175963056  0.015093414556  0.016812603361  0.002165621817  0.024680745706  0.005604562757  0.003727722070  0.006618475349  0.008564732961  0.005604562757  0.007490164214  0.005604562757  0.002900562074  0.005755087396  0.000000000000  0.005604562757  0.005595896335  0.011267570076  0.002434505691  0.013175963056  0.002428593250  0.015053558203  0.004656363440  0.009545867607  0.003727722070  0.005604562757  0.005595896335  
piranga_ludoviciana_sdsu2208 0.004489137219  0.005127261423  0.002987208288  0.009015669264  0.010537736299  0.013139696835  0.006848904658  0.019704464277  0.003151982579  0.002987208288  0.001697631446  0.006666273708  0.004489137219  0.004813250956  0.004489137219  0.000000000000  0.004585194884  0.005604562757  0.000000000000  0.004483578445  0.007499315686  0.002434505691  0.009015669264  0.003686495093  0.010517396951  0.000000000000  0.000000000000  0.002987208288  0.004516169103  0.004483578445  
piranga_bidentata_itm160 0.002984110740  0.005124665367  0.001490188398  0.010525754921  0.012051031877  0.014800909687  0.005118513351  0.021241760344  0.003148533722  0.001490188398  0.006820952378  0.004982496187  0.002984110740  0.004806860082  0.002984110740  0.002898084335  0.003047775199  0.005595896335  0.004483578445  0.000000000000  0.009006215501  0.002432760274  0.010525754921  0.001838046253  0.012032886580  0.000000000000  0.006324821166  0.001490188398  0.003002027552  0.000000000000  
piranga_leucoptera_fmnh481795 0.005988632831  0.006844295000  0.007499315686  0.001490842904  0.002987208288  0.011476755723  0.006838417628  0.015076897892  0.004731054378  0.007499315686  0.005107216735  0.004982496187  0.005988632831  0.006421253338  0.005988632831  0.002898084335  0.006116845215  0.011267570076  0.007499315686  0.009006215501  0.000000000000  0.002432760274  0.001490842904  0.003681776616  0.002984580291  0.000000000000  0.006324821166  0.007499315686  0.006024713179  0.009006215501  
piranga_lutea_ku89864 0.000000000000  0.000000000000  0.000000000000  0.004875488364  0.007333077518  0.009798856837  0.002434505691  0.009798856837  0.000000000000  0.000000000000  0.002434505691  0.000000000000  0.000000000000  0.002434505691  0.000000000000  0.000000000000  0.000000000000  0.002434505691  0.002434505691  0.002432760274  0.002432760274  0.000000000000  0.004875488364  0.000000000000  0.004876747054  0.000000000000  0.003313885750  0.000000000000  0.000000000000  0.002432760274  
piranga_rubriceps_lsu34818 0.007499315686  0.008571276327  0.009015669264  0.000000000000  0.004489137219  0.013135413420  0.008565675953  0.016609315683  0.006319799015  0.009015669264  0.006820952378  0.006656338811  0.007499315686  0.008042124321  0.007499315686  0.005810325867  0.007660168721  0.013175963056  0.009015669264  0.010525754921  0.001490842904  0.004875488364  0.000000000000  0.005533960673  0.004481594822  0.000000000000  0.009520705273  0.009015669264  0.007544580192  0.010525754921  
piranga_roseogularis_ku2141 0.000000000000  0.000000000000  0.000000000000  0.005533960673  0.007394676302  0.011115244344  0.003727722070  0.011115244344  0.000000000000  0.000000000000  0.005533960673  0.000000000000  0.000000000000  0.002004967417  0.000000000000  0.000000000000  0.000000000000  0.002428593250  0.003686495093  0.001838046253  0.003681776616  0.000000000000  0.005533960673  0.000000000000  0.005530934972  0.000000000000  0.003335996094  0.000000000000  0.000000000000  0.001838046253  
piranga_erythrocephala_fmnh343371 0.009000376764  0.010295119457  0.010517396951  0.004481594822  0.005984177736  0.013135523712  0.008556607752  0.018138467186  0.007903358140  0.010517396951  0.006819838171  0.006650831371  0.009000376764  0.009651925454  0.009000376764  0.005812117251  0.009193451980  0.015053558203  0.010517396951  0.012032886580  0.002984580291  0.004876747054  0.004481594822  0.005530934972  0.000000000000  0.000000000000  0.009511707061  0.010517396951  0.009054708577  0.012032886580  
piranga_erythrocephala_fmnh343370 0.000000000000  0.000000000000  0.000000000000  0.000000000000  0.004656363440  0.009341175581  0.004656363440  0.009341175581  0.000000000000  0.000000000000  0.000000000000  0.000000000000  0.000000000000  0.004656363440  0.000000000000  0.000000000000  0.000000000000  0.004656363440  0.000000000000  0.000000000000  0.000000000000  0.000000000000  0.000000000000  0.000000000000  0.000000000000  0.000000000000  0.000000000000  0.000000000000  0.000000000000  0.000000000000  
piranga_ludoviciana_sdsu2650 0.003156957942  0.003156957942  0.003156957942  0.009520705273  0.009520705273  0.015943555061  0.006338782198  0.015943555061  0.003156957942  0.003156957942  0.000000000000  0.003156957942  0.003156957942  0.006338782198  0.003156957942  0.000000000000  0.003156957942  0.009545867607  0.000000000000  0.006324821166  0.006324821166  0.003313885750  0.009520705273  0.003335996094  0.009511707061  0.000000000000  0.000000000000  0.003156957942  0.003156957942  0.006324821166  
piranga_bidentata_tepe59 0.001490842904  0.003411710758  0.000000000000  0.009015669264  0.010537736299  0.013139696835  0.003409937523  0.019704464277  0.001572917029  0.000000000000  0.005109795080  0.003319385813  0.001490842904  0.003202453223  0.001490842904  0.000000000000  0.001522622820  0.003727722070  0.002987208288  0.001490188398  0.007499315686  0.000000000000  0.009015669264  0.000000000000  0.010517396951  0.000000000000  0.003156957942  0.000000000000  0.001499786699  0.001490188398  
piranga_rubra_sdsu2635 0.000000000000  0.001703414994  0.001499786699  0.007544580192  0.009070187220  0.011553809688  0.003409937523  0.018268303334  0.000000000000  0.001499786699  0.005144847583  0.001667329722  0.000000000000  0.001598053110  0.000000000000  0.000000000000  0.000000000000  0.005604562757  0.004516169103  0.003002027552  0.006024713179  0.000000000000  0.007544580192  0.000000000000  0.009054708577  0.000000000000  0.003156957942  0.001499786699  0.000000000000  0.003002027552  
piranga_bidentata_itm141 0.002984110740  0.005124665367  0.001490188398  0.010525754921  0.012051031877  0.014800909687  0.005118513351  0.021241760344  0.003148533722  0.001490188398  0.006820952378  0.004982496187  0.002984110740  0.004806860082  0.002984110740  0.002898084335  0.003047775199  0.005595896335  0.004483578445  0.000000000000  0.009006215501  0.002432760274  0.010525754921  0.001838046253  0.012032886580  0.000000000000  0.006324821166  0.001490188398  0.003002027552  0.000000000000  

