30
piranga_rubra_ku26592 0.000000000000  0.005024148514  0.003766910082  0.008822364543  0.007558368981  0.008822364543  0.003829419182  0.003202016784  0.000000000000  0.005024148514  0.004164306069  0.004170094634  0.004307819941  0.000000000000  0.002685981248  0.001717855418  0.003883954971  0.003766910082  0.003981904088  0.006289339611  0.007558368981  0.003766910082  0.007606279395  0.005440634061  0.006297161870  0.000000000000  0.000000000000  0.007558368981  0.000000000000  0.005024148514  
piranga_flava_ku90809 0.005024148514  0.000000000000  0.001245141870  0.006258052726  0.005001978751  0.007507496728  0.001265628412  0.003202016784  0.005030467030  0.002493013999  0.001375286375  0.002760117755  0.001422871771  0.000000000000  0.005382462653  0.001717855418  0.001283497157  0.001245141870  0.001315579485  0.003742501067  0.005001978751  0.001245141870  0.005033450469  0.005404279148  0.003748667094  0.000000000000  0.000000000000  0.004995731576  0.005024148514  0.002493013999  
piranga_ludoviciana_sdsu2385 0.003766910082  0.001245141870  0.000000000000  0.005001978751  0.003748667094  0.006250229804  0.000000000000  0.003202016784  0.003771645931  0.001245141870  0.000000000000  0.002760117755  0.001422871771  0.000000000000  0.004035467310  0.001717855418  0.000000000000  0.000000000000  0.000000000000  0.002492699375  0.003748667094  0.000000000000  0.003772235299  0.004051818418  0.002498104515  0.000000000000  0.000000000000  0.003743988750  0.003766910082  0.001245141870  
piranga_rubriceps_lsu265 0.008822364543  0.006258052726  0.005001978751  0.000000000000  0.001246694182  0.010045748936  0.005084637343  0.008038683629  0.008833498055  0.006258052726  0.002757316546  0.005538984706  0.005721202459  0.003778272910  0.008091051190  0.005167050144  0.003862978102  0.005001978751  0.003959858445  0.007518595036  0.001246694182  0.005001978751  0.001254514164  0.008134932279  0.005001978751  0.003506664700  0.003903640030  0.008782947423  0.008822364543  0.006258052726  
piranga_leucoptera_lsu7783 0.007558368981  0.005001978751  0.003748667094  0.001246694182  0.000000000000  0.008782947423  0.003810567102  0.006428733425  0.007567902718  0.005001978751  0.001377782353  0.004152777018  0.004289342065  0.001887491186  0.006738589053  0.003440312375  0.002572866799  0.003748667094  0.002637329128  0.006260557228  0.000000000000  0.003748667094  0.000000000000  0.006775113512  0.003748667094  0.001751915263  0.001950063672  0.007522933902  0.007558368981  0.005001978751  
cardinalis_cardinalis_ku25393 0.008822364543  0.007507496728  0.006250229804  0.010045748936  0.008782947423  0.000000000000  0.006353478539  0.001597134844  0.008833498055  0.007507496728  0.005519654825  0.008315322000  0.007146434372  0.003783537816  0.009453883601  0.006900339918  0.006443544994  0.006250229804  0.006605279915  0.008768417081  0.008782947423  0.006250229804  0.008838396647  0.010855875564  0.007522933902  0.005269787691  0.003909260809  0.010033149799  0.008822364543  0.007507496728  
piranga_olivacea_ku2699 0.003829419182  0.001265628412  0.000000000000  0.005084637343  0.003810567102  0.006353478539  0.000000000000  0.003202016784  0.003834313614  0.001265628412  0.000000000000  0.002760117755  0.001422871771  0.000000000000  0.004107292199  0.001717855418  0.000000000000  0.000000000000  0.000000000000  0.002533752685  0.003810567102  0.000000000000  0.003834922607  0.004062792971  0.002539337589  0.000000000000  0.000000000000  0.003805733078  0.003829419182  0.001265628412  
cardinalis_cardinalis_ku21828 0.003202016784  0.003202016784  0.003202016784  0.008038683629  0.006428733425  0.001597134844  0.003202016784  0.000000000000  0.003202016784  0.003202016784  0.003386351352  0.003346685453  0.003202016784  0.003783537816  0.003498913207  0.005169891254  0.003329968827  0.003202016784  0.003438753365  0.004812263830  0.006428733425  0.003202016784  0.006480813739  0.005222780940  0.004812263830  0.003517373794  0.004118569736  0.003202016784  0.003202016784  0.003202016784  
piranga_rubra_ku7046 0.000000000000  0.005030467030  0.003771645931  0.008833498055  0.007567902718  0.008833498055  0.003834313614  0.003202016784  0.000000000000  0.005030467030  0.004170094634  0.004175899314  0.004314014662  0.000000000000  0.002689593359  0.001717855418  0.003888989894  0.003771645931  0.003987196339  0.006297260864  0.007567902718  0.003771645931  0.007615934458  0.005448044369  0.006305102871  0.000000000000  0.000000000000  0.007567902718  0.000000000000  0.005030467030  
piranga_bidentata_hgoslp104 0.005024148514  0.002493013999  0.001245141870  0.006258052726  0.005001978751  0.007507496728  0.001265628412  0.003202016784  0.005030467030  0.000000000000  0.001375286375  0.004142021343  0.001422871771  0.000000000000  0.005382462653  0.001717855418  0.001283497157  0.001245141870  0.001315579485  0.003742501067  0.005001978751  0.001245141870  0.005033450469  0.005404279148  0.003748667094  0.000000000000  0.000000000000  0.004995731576  0.005024148514  0.002493013999  
piranga_ludoviciana_sdsu2648 0.004164306069  0.001375286375  0.000000000000  0.002757316546  0.001377782353  0.005519654825  0.000000000000  0.003386351352  0.004170094634  0.001375286375  0.000000000000  0.002787041827  0.001495206401  0.000000000000  0.004277111296  0.001723777826  0.000000000000  0.000000000000  0.000000000000  0.001375286375  0.001377782353  0.000000000000  0.001387339622  0.004228877864  0.001377782353  0.000000000000  0.000000000000  0.002753520375  0.004164306069  0.001375286375  
piranga_roseogularis_ku2049 0.004170094634  0.002760117755  0.002760117755  0.005538984706  0.004152777018  0.008315322000  0.002760117755  0.003346685453  0.004175899314  0.004142021343  0.002787041827  0.000000000000  0.002964690956  0.000000000000  0.004326457707  0.001717855418  0.002760117755  0.002760117755  0.002822440123  0.005531325133  0.004152777018  0.002760117755  0.004181720176  0.001420850081  0.004152777018  0.000000000000  0.000000000000  0.005531325133  0.004170094634  0.004142021343  
piranga_hepatica_ku4970 0.004307819941  0.001422871771  0.001422871771  0.005721202459  0.004289342065  0.007146434372  0.001422871771  0.003202016784  0.004314014662  0.001422871771  0.001495206401  0.002964690956  0.000000000000  0.000000000000  0.004662675403  0.001717855418  0.001473179307  0.001422871771  0.001515601659  0.004277867989  0.004289342065  0.001422871771  0.004320227225  0.004605412040  0.002854668774  0.000000000000  0.000000000000  0.004277867989  0.004307819941  0.002847612057  
piranga_hepatica_ku9084 0.000000000000  0.000000000000  0.000000000000  0.003778272910  0.001887491186  0.003783537816  0.000000000000  0.003783537816  0.000000000000  0.000000000000  0.000000000000  0.000000000000  0.000000000000  0.000000000000  0.000000000000  0.001918939779  0.000000000000  0.000000000000  0.000000000000  0.000000000000  0.001887491186  0.000000000000  0.001887491186  0.001887491186  0.000000000000  0.000000000000  0.000000000000  0.000000000000  0.000000000000  0.000000000000  
piranga_rubra_sdsu2654 0.002685981248  0.005382462653  0.004035467310  0.008091051190  0.006738589053  0.009453883601  0.004107292199  0.003498913207  0.002689593359  0.005382462653  0.004277111296  0.004326457707  0.004662675403  0.000000000000  0.000000000000  0.001782146352  0.004035467310  0.004035467310  0.004035467310  0.005382462653  0.006738589053  0.004035467310  0.006738589053  0.005470396910  0.005389321028  0.000000000000  0.000000000000  0.008099126268  0.002685981248  0.005382462653  
piranga_flava_lsu15408 0.001717855418  0.001717855418  0.001717855418  0.005167050144  0.003440312375  0.006900339918  0.001717855418  0.005169891254  0.001717855418  0.001717855418  0.001723777826  0.001717855418  0.001717855418  0.001918939779  0.001782146352  0.000000000000  0.001717855418  0.001717855418  0.001750941969  0.001717855418  0.003440312375  0.001717855418  0.003470158539  0.003543947121  0.001717855418  0.001791725715  0.002104726874  0.001717855418  0.001717855418  0.001717855418  
piranga_lutea_lsu5400 0.003883954971  0.001283497157  0.000000000000  0.003862978102  0.002572866799  0.006443544994  0.000000000000  0.003329968827  0.003888989894  0.001283497157  0.000000000000  0.002760117755  0.001473179307  0.000000000000  0.004035467310  0.001717855418  0.000000000000  0.000000000000  0.000000000000  0.002569561224  0.002572866799  0.000000000000  0.002589523072  0.004051818418  0.001285670800  0.000000000000  0.000000000000  0.003859591456  0.003883954971  0.001283497157  
piranga_olivacea_ku4672 0.003766910082  0.001245141870  0.000000000000  0.005001978751  0.003748667094  0.006250229804  0.000000000000  0.003202016784  0.003771645931  0.001245141870  0.000000000000  0.002760117755  0.001422871771  0.000000000000  0.004035467310  0.001717855418  0.000000000000  0.000000000000  0.000000000000  0.002492699375  0.003748667094  0.000000000000  0.003772235299  0.004051818418  0.002498104515  0.000000000000  0.000000000000  0.003743988750  0.003766910082  0.001245141870  
piranga_ludoviciana_sdsu2208 0.003981904088  0.001315579485  0.000000000000  0.003959858445  0.002637329128  0.006605279915  0.000000000000  0.003438753365  0.003987196339  0.001315579485  0.000000000000  0.002822440123  0.001515601659  0.000000000000  0.004035467310  0.001750941969  0.000000000000  0.000000000000  0.000000000000  0.001315579485  0.002637329128  0.000000000000  0.002654833333  0.004051818418  0.001317863253  0.000000000000  0.000000000000  0.003956300072  0.003981904088  0.001315579485  
piranga_bidentata_itm160 0.006289339611  0.003742501067  0.002492699375  0.007518595036  0.006260557228  0.008768417081  0.002533752685  0.004812263830  0.006297260864  0.003742501067  0.001375286375  0.005531325133  0.004277867989  0.000000000000  0.005382462653  0.001717855418  0.002569561224  0.002492699375  0.001315579485  0.000000000000  0.006260557228  0.002492699375  0.006299999207  0.005404279148  0.005005287848  0.000000000000  0.000000000000  0.003748085023  0.006289339611  0.001245633891  
piranga_leucoptera_fmnh481795 0.007558368981  0.005001978751  0.003748667094  0.001246694182  0.000000000000  0.008782947423  0.003810567102  0.006428733425  0.007567902718  0.005001978751  0.001377782353  0.004152777018  0.004289342065  0.001887491186  0.006738589053  0.003440312375  0.002572866799  0.003748667094  0.002637329128  0.006260557228  0.000000000000  0.003748667094  0.000000000000  0.006775113512  0.003748667094  0.001751915263  0.001950063672  0.007522933902  0.007558368981  0.005001978751  
piranga_lutea_ku89864 0.003766910082  0.001245141870  0.000000000000  0.005001978751  0.003748667094  0.006250229804  0.000000000000  0.003202016784  0.003771645931  0.001245141870  0.000000000000  0.002760117755  0.001422871771  0.000000000000  0.004035467310  0.001717855418  0.000000000000  0.000000000000  0.000000000000  0.002492699375  0.003748667094  0.000000000000  0.003772235299  0.004051818418  0.002498104515  0.000000000000  0.000000000000  0.003743988750  0.003766910082  0.001245141870  
piranga_rubriceps_lsu34818 0.007606279395  0.005033450469  0.003772235299  0.001254514164  0.000000000000  0.008838396647  0.003834922607  0.006480813739  0.007615934458  0.005033450469  0.001387339622  0.004181720176  0.004320227225  0.001887491186  0.006738589053  0.003470158539  0.002589523072  0.003772235299  0.002654833333  0.006299999207  0.000000000000  0.003772235299  0.000000000000  0.006812036075  0.003772235299  0.001751915263  0.001950063672  0.007570394473  0.007606279395  0.005033450469  
piranga_roseogularis_ku2141 0.005440634061  0.005404279148  0.004051818418  0.008134932279  0.006775113512  0.010855875564  0.004062792971  0.005222780940  0.005448044369  0.005404279148  0.004228877864  0.001420850081  0.004605412040  0.001887491186  0.005470396910  0.003543947121  0.004051818418  0.004051818418  0.004051818418  0.005404279148  0.006775113512  0.004051818418  0.006812036075  0.000000000000  0.005418523597  0.001751915263  0.001950063672  0.008132058491  0.005440634061  0.005404279148  
piranga_erythrocephala_fmnh343371 0.006297161870  0.003748667094  0.002498104515  0.005001978751  0.003748667094  0.007522933902  0.002539337589  0.004812263830  0.006305102871  0.003748667094  0.001377782353  0.004152777018  0.002854668774  0.000000000000  0.005389321028  0.001717855418  0.001285670800  0.002498104515  0.001317863253  0.005005287848  0.003748667094  0.002498104515  0.003772235299  0.005418523597  0.000000000000  0.000000000000  0.000000000000  0.006265694973  0.006297161870  0.003748667094  
piranga_erythrocephala_fmnh343370 0.000000000000  0.000000000000  0.000000000000  0.003506664700  0.001751915263  0.005269787691  0.000000000000  0.003517373794  0.000000000000  0.000000000000  0.000000000000  0.000000000000  0.000000000000  0.000000000000  0.000000000000  0.001791725715  0.000000000000  0.000000000000  0.000000000000  0.000000000000  0.001751915263  0.000000000000  0.001751915263  0.001751915263  0.000000000000  0.000000000000  0.000000000000  0.000000000000  0.000000000000  0.000000000000  
piranga_ludoviciana_sdsu2650 0.000000000000  0.000000000000  0.000000000000  0.003903640030  0.001950063672  0.003909260809  0.000000000000  0.004118569736  0.000000000000  0.000000000000  0.000000000000  0.000000000000  0.000000000000  0.000000000000  0.000000000000  0.002104726874  0.000000000000  0.000000000000  0.000000000000  0.000000000000  0.001950063672  0.000000000000  0.001950063672  0.001950063672  0.000000000000  0.000000000000  0.000000000000  0.000000000000  0.000000000000  0.000000000000  
piranga_bidentata_tepe59 0.007558368981  0.004995731576  0.003743988750  0.008782947423  0.007522933902  0.010033149799  0.003805733078  0.003202016784  0.007567902718  0.004995731576  0.002753520375  0.005531325133  0.004277867989  0.000000000000  0.008099126268  0.001717855418  0.003859591456  0.003743988750  0.003956300072  0.003748085023  0.007522933902  0.003743988750  0.007570394473  0.008132058491  0.006265694973  0.000000000000  0.000000000000  0.000000000000  0.007558368981  0.002494988135  
piranga_rubra_sdsu2635 0.000000000000  0.005024148514  0.003766910082  0.008822364543  0.007558368981  0.008822364543  0.003829419182  0.003202016784  0.000000000000  0.005024148514  0.004164306069  0.004170094634  0.004307819941  0.000000000000  0.002685981248  0.001717855418  0.003883954971  0.003766910082  0.003981904088  0.006289339611  0.007558368981  0.003766910082  0.007606279395  0.005440634061  0.006297161870  0.000000000000  0.000000000000  0.007558368981  0.000000000000  0.005024148514  
piranga_bidentata_itm141 0.005024148514  0.002493013999  0.001245141870  0.006258052726  0.005001978751  0.007507496728  0.001265628412  0.003202016784  0.005030467030  0.002493013999  0.001375286375  0.004142021343  0.002847612057  0.000000000000  0.005382462653  0.001717855418  0.001283497157  0.001245141870  0.001315579485  0.001245633891  0.005001978751  0.001245141870  0.005033450469  0.005404279148  0.003748667094  0.000000000000  0.000000000000  0.002494988135  0.005024148514  0.000000000000  

