30
cardinalis_cardinalis_ku21828 0.000000000000  0.003508476613  0.021864000646  0.019259764459  0.018239240102  0.021325262692  0.020816469846  0.020821327169  0.023417574552  0.024961711839  0.023417574552  0.027576384098  0.027052293111  0.027052293111  0.027052293111  0.026536082376  0.029128276281  0.020299221476  0.022885512172  0.021334283970  0.024974928552  0.021334283970  0.021334283970  0.023399812083  0.019786801764  0.021334283970  0.022880321850  0.028093275392  0.021852665087  0.021334283970  
cardinalis_cardinalis_ku25393 0.003508476613  0.000000000000  0.022383548091  0.019775294789  0.018754532101  0.021843048399  0.021334283970  0.021339438860  0.023938536964  0.025483492308  0.023938536964  0.028101055916  0.027576384098  0.027576384098  0.027576384098  0.027059897970  0.029653777856  0.020816469846  0.023405301902  0.021852665087  0.025497313659  0.021852665087  0.021852665087  0.023919872988  0.020303781883  0.021852665087  0.023399812083  0.028618223504  0.022371614441  0.021852665087  
piranga_erythrocephala_fmnh343371 0.021864000646  0.022383548091  0.000000000000  0.011088235230  0.010077674870  0.011597513114  0.011093201235  0.019296635153  0.020852036118  0.022390159069  0.020852036118  0.026045159632  0.024475274263  0.024475274263  0.024475274263  0.023961077476  0.026543816309  0.017741112830  0.020320031482  0.018773495443  0.021364344647  0.018773495443  0.018773495443  0.021351035257  0.017230684652  0.018773495443  0.020314187262  0.025512863604  0.019290532222  0.018773495443  
piranga_leucoptera_fmnh481795 0.019259764459  0.019775294789  0.011088235230  0.000000000000  0.003006322466  0.010575762088  0.010069180046  0.016699646773  0.018243046262  0.019778701840  0.018243046262  0.023405301902  0.021847641695  0.021847641695  0.021847641695  0.021334283970  0.023909588983  0.015159211107  0.017721422863  0.016183662555  0.019786801764  0.016183662555  0.016183662555  0.018747612706  0.014649576768  0.016183662555  0.017718764369  0.022880321850  0.016696720801  0.016183662555  
piranga_leucoptera_lsu7783 0.018239240102  0.018754532101  0.010077674870  0.003006322466  0.000000000000  0.009562686218  0.009057712601  0.015683077100  0.017225764541  0.018758632934  0.017225764541  0.022383548091  0.020826613148  0.020826613148  0.020826613148  0.019808134292  0.022377366424  0.014142658078  0.016702998321  0.015166638952  0.018768114981  0.015166638952  0.015166638952  0.017728020489  0.013633949314  0.015166638952  0.016699646773  0.021858118197  0.015679461146  0.015166638952  
piranga_rubriceps_lsu265 0.021325262692  0.021843048399  0.011597513114  0.010575762088  0.009562686218  0.000000000000  0.002504659064  0.018758632934  0.020308770604  0.021847641695  0.020308770604  0.025490186722  0.023925662963  0.023925662963  0.023925662963  0.023411222851  0.025993154173  0.017210335667  0.019782537626  0.018239240102  0.021858118197  0.018239240102  0.018239240102  0.020812041555  0.016699646773  0.018239240102  0.019778701840  0.024961711839  0.018754532101  0.018239240102  
piranga_rubriceps_lsu34818 0.020816469846  0.021334283970  0.011093201235  0.010069180046  0.009057712601  0.002504659064  0.000000000000  0.018251937948  0.019802160515  0.021339438860  0.019802160515  0.024982184792  0.023417574552  0.023417574552  0.023417574552  0.022903666334  0.025483492308  0.016702998321  0.019274781730  0.017731958860  0.021351035257  0.017731958860  0.017731958860  0.020303781883  0.016192839449  0.017731958860  0.019270385580  0.024453119226  0.018247279003  0.017731958860  
piranga_hepatica_ku4970 0.020821327169  0.021339438860  0.019296635153  0.016699646773  0.015683077100  0.018758632934  0.018251937948  0.000000000000  0.005532198106  0.007042310078  0.005532198106  0.010602199939  0.009073253884  0.009073253884  0.009073253884  0.008568462507  0.011099844526  0.003008077050  0.005021811723  0.003511252331  0.007048533826  0.003511252331  0.003511252331  0.006030096106  0.002004236529  0.003511252331  0.005020041727  0.010087794364  0.004014962984  0.003511252331  
piranga_ludoviciana_sdsu2385 0.023417574552  0.023938536964  0.020852036118  0.018243046262  0.017225764541  0.020308770604  0.019802160515  0.005532198106  0.000000000000  0.001501725974  0.000000000000  0.005020041727  0.003508989300  0.003508989300  0.003508989300  0.006032432197  0.008555911227  0.003511252331  0.006538552613  0.005023994969  0.008572639969  0.005023994969  0.005023994969  0.007549229802  0.003513001939  0.005023994969  0.006535932566  0.011619171921  0.005529318594  0.005023994969  
piranga_ludoviciana_sdsu2648 0.024961711839  0.025483492308  0.022390159069  0.019778701840  0.018758632934  0.021847641695  0.021339438860  0.007042310078  0.001501725974  0.000000000000  0.001501725974  0.006530561329  0.005017214940  0.005017214940  0.005017214940  0.007544096234  0.010073019425  0.005018685352  0.008050988724  0.006533727090  0.010087794364  0.006533727090  0.006533727090  0.009063605467  0.005020041727  0.006533727090  0.008048760855  0.013140189462  0.007039820358  0.006533727090  
piranga_ludoviciana_sdsu2208 0.023417574552  0.023938536964  0.020852036118  0.018243046262  0.017225764541  0.020308770604  0.019802160515  0.005532198106  0.000000000000  0.001501725974  0.000000000000  0.005020041727  0.003508989300  0.003508989300  0.003508989300  0.006032432197  0.008555911227  0.003511252331  0.006538552613  0.005023994969  0.008572639969  0.005023994969  0.005023994969  0.007549229802  0.003513001939  0.005023994969  0.006535932566  0.011619171921  0.005529318594  0.005023994969  
piranga_ludoviciana_sdsu2650 0.027576384098  0.028101055916  0.026045159632  0.023405301902  0.022383548091  0.025490186722  0.024982184792  0.010602199939  0.005020041727  0.006530561329  0.005020041727  0.000000000000  0.004517309362  0.004517309362  0.004517309362  0.011103794226  0.013643839477  0.008561354422  0.011614514540  0.010087794364  0.013668744834  0.010087794364  0.010087794364  0.012632792036  0.008564700537  0.010087794364  0.011610275700  0.016738343732  0.010597703349  0.010087794364  
piranga_bidentata_itm141 0.027052293111  0.027576384098  0.024475274263  0.021847641695  0.020826613148  0.023925662963  0.023417574552  0.009073253884  0.003508989300  0.005017214940  0.003508989300  0.004517309362  0.000000000000  0.000000000000  0.000000000000  0.009574930754  0.012110188884  0.007039820358  0.010084003516  0.008561354422  0.012130733884  0.008561354422  0.008561354422  0.011099844526  0.007042310078  0.008561354422  0.010080630229  0.015192927763  0.009069621078  0.008561354422  
piranga_bidentata_itm160 0.027052293111  0.027576384098  0.024475274263  0.021847641695  0.020826613148  0.023925662963  0.023417574552  0.009073253884  0.003508989300  0.005017214940  0.003508989300  0.004517309362  0.000000000000  0.000000000000  0.000000000000  0.009574930754  0.012110188884  0.007039820358  0.010084003516  0.008561354422  0.012130733884  0.008561354422  0.008561354422  0.011099844526  0.007042310078  0.008561354422  0.010080630229  0.015192927763  0.009069621078  0.008561354422  
piranga_bidentata_tepe59 0.027052293111  0.027576384098  0.024475274263  0.021847641695  0.020826613148  0.023925662963  0.023417574552  0.009073253884  0.003508989300  0.005017214940  0.003508989300  0.004517309362  0.000000000000  0.000000000000  0.000000000000  0.009574930754  0.012110188884  0.007039820358  0.010084003516  0.008561354422  0.012130733884  0.008561354422  0.008561354422  0.011099844526  0.007042310078  0.008561354422  0.010080630229  0.015192927763  0.009069621078  0.008561354422  
piranga_roseogularis_ku2049 0.026536082376  0.027059897970  0.023961077476  0.021334283970  0.019808134292  0.023411222851  0.022903666334  0.008568462507  0.006032432197  0.007544096234  0.006032432197  0.011103794226  0.009574930754  0.009574930754  0.009574930754  0.000000000000  0.002504340598  0.006535932566  0.009578434000  0.008056692900  0.011624247477  0.008056692900  0.008056692900  0.010593624279  0.006538552613  0.008056692900  0.009574930754  0.014684474121  0.008564700537  0.008056692900  
piranga_roseogularis_ku2141 0.029128276281  0.029653777856  0.026543816309  0.023909588983  0.022377366424  0.025993154173  0.025483492308  0.011099844526  0.008555911227  0.010073019425  0.008555911227  0.013643839477  0.012110188884  0.012110188884  0.012110188884  0.002504340598  0.000000000000  0.009061223401  0.012113458675  0.010586720167  0.014165446031  0.010586720167  0.010586720167  0.013132070381  0.009063605467  0.010586720167  0.012110188884  0.017236029172  0.011096313406  0.010586720167  
piranga_bidentata_hgoslp104 0.020299221476  0.020816469846  0.017741112830  0.015159211107  0.014142658078  0.017210335667  0.016702998321  0.003008077050  0.003511252331  0.005018685352  0.003511252331  0.008561354422  0.007039820358  0.007039820358  0.007039820358  0.006535932566  0.009061223401  0.000000000000  0.004012137748  0.002504659064  0.006032432197  0.002504659064  0.002504659064  0.005018685352  0.001000706961  0.002504659064  0.004011344429  0.009066404816  0.003007020043  0.002504659064  
piranga_olivacea_ku2699 0.022885512172  0.023405301902  0.020320031482  0.017721422863  0.016702998321  0.019782537626  0.019274781730  0.005021811723  0.006538552613  0.008050988724  0.006538552613  0.011614514540  0.010084003516  0.010084003516  0.010084003516  0.009578434000  0.012113458675  0.004012137748  0.000000000000  0.001501752087  0.008056692900  0.004515821510  0.004515821510  0.007037745897  0.003007020043  0.003508989300  0.005017742965  0.010080630229  0.004012137748  0.003508989300  
piranga_olivacea_ku4672 0.021334283970  0.021852665087  0.018773495443  0.016183662555  0.015166638952  0.018239240102  0.017731958860  0.003511252331  0.005023994969  0.006533727090  0.005023994969  0.010087794364  0.008561354422  0.008561354422  0.008561354422  0.008056692900  0.010586720167  0.002504659064  0.001501752087  0.000000000000  0.006538552613  0.003007020043  0.003007020043  0.005523160738  0.001501752087  0.003007020043  0.004514746963  0.009574930754  0.003509914662  0.003007020043  
piranga_hepatica_ku9084 0.024974928552  0.025497313659  0.021364344647  0.019786801764  0.018768114981  0.021858118197  0.021351035257  0.007048533826  0.008572639969  0.010087794364  0.008572639969  0.013668744834  0.012130733884  0.012130733884  0.012130733884  0.011624247477  0.014165446031  0.006032432197  0.008056692900  0.006538552613  0.000000000000  0.006538552613  0.006538552613  0.009069621078  0.005023994969  0.006538552613  0.008053632862  0.013149989596  0.007045214690  0.006538552613  
piranga_flava_ku90809 0.021334283970  0.021852665087  0.018773495443  0.016183662555  0.015166638952  0.018239240102  0.017731958860  0.003511252331  0.005023994969  0.006533727090  0.005023994969  0.010087794364  0.008561354422  0.008561354422  0.008561354422  0.008056692900  0.010586720167  0.002504659064  0.004515821510  0.003007020043  0.006538552613  0.000000000000  0.000000000000  0.002504659064  0.001501752087  0.003007020043  0.004514746963  0.009574930754  0.003509914662  0.003007020043  
piranga_flava_lsu15408 0.021334283970  0.021852665087  0.018773495443  0.016183662555  0.015166638952  0.018239240102  0.017731958860  0.003511252331  0.005023994969  0.006533727090  0.005023994969  0.010087794364  0.008561354422  0.008561354422  0.008561354422  0.008056692900  0.010586720167  0.002504659064  0.004515821510  0.003007020043  0.006538552613  0.000000000000  0.000000000000  0.002504659064  0.001501752087  0.003007020043  0.004514746963  0.009574930754  0.003509914662  0.003007020043  
piranga_lutea_ku89864 0.023399812083  0.023919872988  0.021351035257  0.018747612706  0.017728020489  0.020812041555  0.020303781883  0.006030096106  0.007549229802  0.009063605467  0.007549229802  0.012632792036  0.011099844526  0.011099844526  0.011099844526  0.010593624279  0.013132070381  0.005018685352  0.007037745897  0.005523160738  0.009069621078  0.002504659064  0.002504659064  0.000000000000  0.004012137748  0.005523160738  0.007036087065  0.012117148439  0.006028174268  0.005523160738  
piranga_lutea_lsu5400 0.019786801764  0.020303781883  0.017230684652  0.014649576768  0.013633949314  0.016699646773  0.016192839449  0.002004236529  0.003513001939  0.005020041727  0.003513001939  0.008564700537  0.007042310078  0.007042310078  0.007042310078  0.006538552613  0.009063605467  0.001000706961  0.003007020043  0.001501752087  0.005023994969  0.001501752087  0.001501752087  0.004012137748  0.000000000000  0.001501752087  0.003006375030  0.008053632862  0.002003328060  0.001501752087  
piranga_erythrocephala_fmnh343370 0.021334283970  0.021852665087  0.018773495443  0.016183662555  0.015166638952  0.018239240102  0.017731958860  0.003511252331  0.005023994969  0.006533727090  0.005023994969  0.010087794364  0.008561354422  0.008561354422  0.008561354422  0.008056692900  0.010586720167  0.002504659064  0.003508989300  0.003007020043  0.006538552613  0.003007020043  0.003007020043  0.005523160738  0.001501752087  0.000000000000  0.001501533500  0.006535932566  0.000500264223  0.000000000000  
piranga_rubra_ku7046 0.022880321850  0.023399812083  0.020314187262  0.017718764369  0.016699646773  0.019778701840  0.019270385580  0.005020041727  0.006535932566  0.008048760855  0.006535932566  0.011610275700  0.010080630229  0.010080630229  0.010080630229  0.009574930754  0.012110188884  0.004011344429  0.005017742965  0.004514746963  0.008053632862  0.004514746963  0.004514746963  0.007036087065  0.003006375030  0.001501533500  0.000000000000  0.008050988724  0.002002830592  0.001501533500  
piranga_rubra_sdsu2635 0.028093275392  0.028618223504  0.025512863604  0.022880321850  0.021858118197  0.024961711839  0.024453119226  0.010087794364  0.011619171921  0.013140189462  0.011619171921  0.016738343732  0.015192927763  0.015192927763  0.015192927763  0.014684474121  0.017236029172  0.009066404816  0.010080630229  0.009574930754  0.013149989596  0.009574930754  0.009574930754  0.012117148439  0.008053632862  0.006535932566  0.008050988724  0.000000000000  0.006030096106  0.006535932566  
piranga_rubra_sdsu2654 0.021852665087  0.022371614441  0.019290532222  0.016696720801  0.015679461146  0.018754532101  0.018247279003  0.004014962984  0.005529318594  0.007039820358  0.005529318594  0.010597703349  0.009069621078  0.009069621078  0.009069621078  0.008564700537  0.011096313406  0.003007020043  0.004012137748  0.003509914662  0.007045214690  0.003509914662  0.003509914662  0.006028174268  0.002003328060  0.000500264223  0.002002830592  0.006030096106  0.000000000000  0.000500264223  
piranga_rubra_ku26592 0.021334283970  0.021852665087  0.018773495443  0.016183662555  0.015166638952  0.018239240102  0.017731958860  0.003511252331  0.005023994969  0.006533727090  0.005023994969  0.010087794364  0.008561354422  0.008561354422  0.008561354422  0.008056692900  0.010586720167  0.002504659064  0.003508989300  0.003007020043  0.006538552613  0.003007020043  0.003007020043  0.005523160738  0.001501752087  0.000000000000  0.001501533500  0.006535932566  0.000500264223  0.000000000000  

