30
piranga_rubra_ku26592 0.000000000000  0.002198703312  0.006616952954  0.016702325715  0.015595884067  0.020685095174  0.004968871192  0.016821651854  0.001097918957  0.004402896804  0.007817197842  0.004949337150  0.003302368060  0.002061632213  0.001097918957  0.003343946690  0.001097918957  0.003299808976  0.006859013160  0.008841289901  0.016825545645  0.004405224706  0.016702325715  0.005978981984  0.019473196454  0.000000000000  0.005232679041  0.008841289901  0.005510384426  0.008900308882  
piranga_flava_ku90809 0.002198703312  0.000000000000  0.006616952954  0.016702325715  0.015595884067  0.020685095174  0.004968871192  0.016821651854  0.003302368060  0.004402896804  0.009395066373  0.006611469613  0.003302368060  0.002061632213  0.003302368060  0.001112281535  0.001097918957  0.003299808976  0.006859013160  0.008841289901  0.016825545645  0.002197282773  0.016702325715  0.007486672840  0.019473196454  0.000000000000  0.005232679041  0.008841289901  0.007733486254  0.008900308882  
piranga_ludoviciana_sdsu2385 0.006616952954  0.006616952954  0.000000000000  0.016691482971  0.015576972884  0.020669666589  0.007466063404  0.016803647550  0.007727655128  0.004402896804  0.001555660382  0.004947375143  0.007727655128  0.004131348355  0.007727655128  0.007831049862  0.005509167974  0.005508923293  0.000000000000  0.002198703312  0.016803984059  0.008839787326  0.016691482971  0.005975268933  0.019465789892  0.003355118767  0.002612239237  0.002198703312  0.012191644248  0.002213302532  
piranga_rubriceps_lsu265 0.016702325715  0.016702325715  0.016691482971  0.000000000000  0.012206689595  0.023021578819  0.021430226597  0.018048097719  0.017837573903  0.018955030205  0.015754926445  0.014990178899  0.017837573903  0.006209374810  0.017837573903  0.018071759667  0.015570124907  0.017830070024  0.009165434434  0.018960216870  0.014544035516  0.018967170929  0.003298938576  0.015076833289  0.016997702777  0.006742570261  0.013179910700  0.018960216870  0.022386364416  0.019087964181  
piranga_leucoptera_lsu7783 0.015595884067  0.015595884067  0.015576972884  0.012206689595  0.000000000000  0.018349040315  0.018889127632  0.015622044841  0.016731694605  0.017837573903  0.015766238799  0.016687157182  0.016731694605  0.002061632213  0.016731694605  0.016946874754  0.014463123925  0.016720166106  0.004565135482  0.017846829739  0.004433361504  0.017857831197  0.013333397837  0.016613139474  0.012091205101  0.000000000000  0.007866171492  0.017846829739  0.021274684621  0.017967089748  
cardinalis_cardinalis_ku25393 0.020685095174  0.020685095174  0.020669666589  0.023021578819  0.018349040315  0.000000000000  0.024017979907  0.002441361607  0.021861998276  0.023014097789  0.015747113914  0.016665711657  0.021861998276  0.008291473514  0.021861998276  0.020974374682  0.019511466863  0.021852052356  0.011478140153  0.023021578819  0.020815294605  0.023030946749  0.023021578819  0.016591259340  0.023192923954  0.010130472550  0.015846938434  0.023021578819  0.026574221327  0.022003916763  
piranga_olivacea_ku2699 0.004968871192  0.004968871192  0.007466063404  0.021430226597  0.018889127632  0.024017979907  0.000000000000  0.019197856847  0.004968871192  0.004966309270  0.007820149611  0.008273033662  0.006220019018  0.006232067494  0.006220019018  0.005041421582  0.003721423719  0.001237908767  0.004563982534  0.008721720736  0.021606888427  0.007469392657  0.021430226597  0.009298371970  0.021421321549  0.003355118767  0.002612239237  0.008721720736  0.011244305739  0.008787414920  
cardinalis_cardinalis_ku21828 0.016821651854  0.016821651854  0.016803647550  0.018048097719  0.015622044841  0.002441361607  0.019197856847  0.000000000000  0.018048097719  0.019245724861  0.014155485484  0.014980184879  0.018048097719  0.006209374810  0.018048097719  0.018036675386  0.015598761877  0.016811635318  0.009165434434  0.019254482772  0.016847739760  0.019265283875  0.018048097719  0.015066495794  0.019830688924  0.006742570261  0.013179910700  0.019254482772  0.020497481636  0.018167765163  
piranga_rubra_ku7046 0.001097918957  0.003302368060  0.007727655128  0.017837573903  0.016731694605  0.021861998276  0.004968871192  0.018048097719  0.000000000000  0.005508923293  0.007817197842  0.004949337150  0.004408928314  0.002061632213  0.002198703312  0.004464222880  0.002198703312  0.004405224706  0.006859013160  0.009957872801  0.017970945406  0.005513545150  0.017837573903  0.005978981984  0.019473196454  0.000000000000  0.005232679041  0.009957872801  0.006620470668  0.010024422785  
piranga_bidentata_hgoslp104 0.004402896804  0.004402896804  0.004402896804  0.018955030205  0.017837573903  0.023014097789  0.004966309270  0.019245724861  0.005508923293  0.000000000000  0.006245846237  0.006606926649  0.005508923293  0.004131348355  0.005508923293  0.005582986868  0.003299763033  0.003298938576  0.004563982534  0.006617857710  0.019082400944  0.006616952954  0.018955030205  0.005978981984  0.021946709767  0.003355118767  0.002612239237  0.006617857710  0.009955204886  0.006661946075  
piranga_ludoviciana_sdsu2648 0.007817197842  0.009395066373  0.001555660382  0.015754926445  0.015766238799  0.015747113914  0.007820149611  0.014155485484  0.007817197842  0.006245846237  0.000000000000  0.006606926649  0.009395066373  0.006587891454  0.009395066373  0.010974685105  0.007817197842  0.006245846237  0.000000000000  0.003117079763  0.018988281858  0.012562086865  0.015754926445  0.008059659955  0.020555325461  0.003355118767  0.002612239237  0.003117079763  0.009395066373  0.003146503606  
piranga_roseogularis_ku2049 0.004949337150  0.006611469613  0.004947375143  0.014990178899  0.016687157182  0.016665711657  0.008273033662  0.014980184879  0.004949337150  0.006606926649  0.006606926649  0.000000000000  0.006611469613  0.004563982534  0.006611469613  0.008273033662  0.004949337150  0.006606926649  0.006859013160  0.006606926649  0.020101734763  0.009945748177  0.016674472941  0.001650672258  0.021759680771  0.000000000000  0.007871151327  0.006606926649  0.006611469613  0.006673060107  
piranga_hepatica_ku4970 0.003302368060  0.003302368060  0.007727655128  0.017837573903  0.016731694605  0.021861998276  0.006220019018  0.018048097719  0.004408928314  0.005508923293  0.009395066373  0.006611469613  0.000000000000  0.002061632213  0.004408928314  0.004464222880  0.002198703312  0.004405224706  0.009165434434  0.009957872801  0.017970945406  0.005513545150  0.017837573903  0.007486672840  0.019473196454  0.000000000000  0.005232679041  0.009957872801  0.007733486254  0.010024422785  
piranga_hepatica_ku9084 0.002061632213  0.002061632213  0.004131348355  0.006209374810  0.002061632213  0.008291473514  0.006232067494  0.006209374810  0.002061632213  0.004131348355  0.006587891454  0.004563982534  0.002061632213  0.000000000000  0.002061632213  0.002061632213  0.002061632213  0.004131348355  0.002537733723  0.004131348355  0.004130404994  0.006206281930  0.008291473514  0.006209374810  0.006206281930  0.000000000000  0.005521609521  0.004131348355  0.002061632213  0.004131348355  
piranga_rubra_sdsu2654 0.001097918957  0.003302368060  0.007727655128  0.017837573903  0.016731694605  0.021861998276  0.006220019018  0.018048097719  0.002198703312  0.005508923293  0.009395066373  0.006611469613  0.004408928314  0.002061632213  0.000000000000  0.004464222880  0.002198703312  0.004405224706  0.006859013160  0.009957872801  0.017970945406  0.005513545150  0.017837573903  0.007486672840  0.020716413073  0.000000000000  0.005232679041  0.009957872801  0.004403212148  0.010024422785  
piranga_flava_lsu15408 0.003343946690  0.001112281535  0.007831049862  0.018071759667  0.016946874754  0.020974374682  0.005041421582  0.018036675386  0.004464222880  0.005582986868  0.010974685105  0.008273033662  0.004464222880  0.002061632213  0.004464222880  0.000000000000  0.002226638135  0.003343052802  0.006859013160  0.010089127605  0.018100286207  0.003343052802  0.018071759667  0.008991796256  0.021017496865  0.000000000000  0.005232679041  0.010089127605  0.007833518844  0.010157449352  
piranga_lutea_lsu5400 0.001097918957  0.001097918957  0.005509167974  0.015570124907  0.014463123925  0.019511466863  0.003721423719  0.015598761877  0.002198703312  0.003299763033  0.007817197842  0.004949337150  0.002198703312  0.002061632213  0.002198703312  0.002226638135  0.000000000000  0.002197282773  0.006859013160  0.007727655128  0.015683247934  0.003299808976  0.015570124907  0.005978981984  0.018233633493  0.000000000000  0.005232679041  0.007727655128  0.006620470668  0.007779182956  
piranga_olivacea_ku4672 0.003299808976  0.003299808976  0.005508923293  0.017830070024  0.016720166106  0.021852052356  0.001237908767  0.016811635318  0.004405224706  0.003298938576  0.006245846237  0.006606926649  0.004405224706  0.004131348355  0.004405224706  0.003343052802  0.002197282773  0.000000000000  0.004563982534  0.007729715387  0.017958060213  0.005510384426  0.017830070024  0.007480835876  0.020710205845  0.003355118767  0.002612239237  0.007729715387  0.008844511776  0.007781270936  
piranga_ludoviciana_sdsu2208 0.006859013160  0.006859013160  0.000000000000  0.009165434434  0.004565135482  0.011478140153  0.004563982534  0.009165434434  0.006859013160  0.004563982534  0.000000000000  0.006859013160  0.009165434434  0.002537733723  0.006859013160  0.006859013160  0.006859013160  0.004563982534  0.000000000000  0.000000000000  0.004565135482  0.009164058730  0.011478140153  0.009165434434  0.011479215019  0.003355118767  0.002612239237  0.000000000000  0.006859013160  0.000000000000  
piranga_bidentata_itm160 0.008841289901  0.008841289901  0.002198703312  0.018960216870  0.017846829739  0.023021578819  0.008721720736  0.019254482772  0.009957872801  0.006617857710  0.003117079763  0.006606926649  0.009957872801  0.004131348355  0.009957872801  0.010089127605  0.007727655128  0.007729715387  0.000000000000  0.000000000000  0.019092989490  0.011073580031  0.018960216870  0.007480835876  0.020706120894  0.003355118767  0.002612239237  0.000000000000  0.014440955162  0.000000000000  
piranga_leucoptera_fmnh481795 0.016825545645  0.016825545645  0.016803984059  0.014544035516  0.004433361504  0.020815294605  0.021606888427  0.016847739760  0.017970945406  0.019082400944  0.018988281858  0.020101734763  0.017970945406  0.004130404994  0.017970945406  0.018100286207  0.015683247934  0.017958060213  0.004565135482  0.019092989490  0.000000000000  0.019105346000  0.013407891768  0.019702642057  0.013398126463  0.000000000000  0.007866171492  0.019092989490  0.021394485142  0.019222542368  
piranga_lutea_ku89864 0.004405224706  0.002197282773  0.008839787326  0.018967170929  0.017857831197  0.023030946749  0.007469392657  0.019265283875  0.005513545150  0.006616952954  0.012562086865  0.009945748177  0.005513545150  0.006206281930  0.005513545150  0.003343052802  0.003299808976  0.005510384426  0.009164058730  0.011073580031  0.019105346000  0.000000000000  0.018967170929  0.010508188856  0.021955644690  0.000000000000  0.005232679041  0.011073580031  0.009962262453  0.011147649268  
piranga_rubriceps_lsu34818 0.016702325715  0.016702325715  0.016691482971  0.003298938576  0.013333397837  0.023021578819  0.021430226597  0.018048097719  0.017837573903  0.018955030205  0.015754926445  0.016674472941  0.017837573903  0.008291473514  0.017837573903  0.018071759667  0.015570124907  0.017830070024  0.011478140153  0.018960216870  0.013407891768  0.018967170929  0.000000000000  0.016600596738  0.015765383081  0.010130472550  0.015846938434  0.018960216870  0.022386364416  0.019087964181  
piranga_roseogularis_ku2141 0.005978981984  0.007486672840  0.005975268933  0.015076833289  0.016613139474  0.016591259340  0.009298371970  0.015066495794  0.005978981984  0.005978981984  0.008059659955  0.001650672258  0.007486672840  0.006209374810  0.007486672840  0.008991796256  0.005978981984  0.007480835876  0.009165434434  0.007480835876  0.019702642057  0.010508188856  0.016600596738  0.000000000000  0.021198309030  0.000000000000  0.010526232628  0.007480835876  0.007486672840  0.007548600933  
piranga_erythrocephala_fmnh343371 0.019473196454  0.019473196454  0.019465789892  0.016997702777  0.012091205101  0.023192923954  0.021421321549  0.019830688924  0.019473196454  0.021946709767  0.020555325461  0.021759680771  0.019473196454  0.006206281930  0.020716413073  0.021017496865  0.018233633493  0.020710205845  0.011479215019  0.020706120894  0.013398126463  0.021955644690  0.015765383081  0.021198309030  0.000000000000  0.003357812003  0.013171466604  0.020706120894  0.025704244221  0.019611626164  
piranga_erythrocephala_fmnh343370 0.000000000000  0.000000000000  0.003355118767  0.006742570261  0.000000000000  0.010130472550  0.003355118767  0.006742570261  0.000000000000  0.003355118767  0.003355118767  0.000000000000  0.000000000000  0.000000000000  0.000000000000  0.000000000000  0.000000000000  0.003355118767  0.003355118767  0.003355118767  0.000000000000  0.000000000000  0.010130472550  0.000000000000  0.003357812003  0.000000000000  0.006729191197  0.003355118767  0.000000000000  0.003355118767  
piranga_ludoviciana_sdsu2650 0.005232679041  0.005232679041  0.002612239237  0.013179910700  0.007866171492  0.015846938434  0.002612239237  0.013179910700  0.005232679041  0.002612239237  0.002612239237  0.007871151327  0.005232679041  0.005521609521  0.005232679041  0.005232679041  0.005232679041  0.002612239237  0.002612239237  0.002612239237  0.007866171492  0.005232679041  0.015846938434  0.010526232628  0.013171466604  0.006729191197  0.000000000000  0.002612239237  0.005232679041  0.002612239237  
piranga_bidentata_tepe59 0.008841289901  0.008841289901  0.002198703312  0.018960216870  0.017846829739  0.023021578819  0.008721720736  0.019254482772  0.009957872801  0.006617857710  0.003117079763  0.006606926649  0.009957872801  0.004131348355  0.009957872801  0.010089127605  0.007727655128  0.007729715387  0.000000000000  0.000000000000  0.019092989490  0.011073580031  0.018960216870  0.007480835876  0.020706120894  0.003355118767  0.002612239237  0.000000000000  0.014440955162  0.000000000000  
piranga_rubra_sdsu2635 0.005510384426  0.007733486254  0.012191644248  0.022386364416  0.021274684621  0.026574221327  0.011244305739  0.020497481636  0.006620470668  0.009955204886  0.009395066373  0.006611469613  0.007733486254  0.002061632213  0.004403212148  0.007833518844  0.006620470668  0.008844511776  0.006859013160  0.014440955162  0.021394485142  0.009962262453  0.022386364416  0.007486672840  0.025704244221  0.000000000000  0.005232679041  0.014440955162  0.000000000000  0.014537856883  
piranga_bidentata_itm141 0.008900308882  0.008900308882  0.002213302532  0.019087964181  0.017967089748  0.022003916763  0.008787414920  0.018167765163  0.010024422785  0.006661946075  0.003146503606  0.006673060107  0.010024422785  0.004131348355  0.010024422785  0.010157449352  0.007779182956  0.007781270936  0.000000000000  0.000000000000  0.019222542368  0.011147649268  0.019087964181  0.007548600933  0.019611626164  0.003355118767  0.002612239237  0.000000000000  0.014537856883  0.000000000000  

