30
cardinalis_cardinalis_ku21828 0.000000000000  0.000000000000  0.014683758846  0.014689695830  0.016751214465  0.018821708408  0.022989937223  0.025075945863  0.024037727897  0.023513543993  0.023513543993  0.018821708408  0.016751214465  0.026092836574  0.020362584754  0.016751214465  0.012642269998  0.022456531830  0.014181773828  0.014175709462  0.013154884400  0.012642269998  0.017793449675  0.022979261696  0.018830415100  0.018311649753  0.016221790340  0.016751214465  0.014175709462  0.013662278002  
cardinalis_cardinalis_ku25393 0.000000000000  0.000000000000  0.014683758846  0.014689695830  0.016751214465  0.018821708408  0.022989937223  0.025075945863  0.024037727897  0.023513543993  0.023513543993  0.018821708408  0.016751214465  0.026092836574  0.020362584754  0.016751214465  0.012642269998  0.022456531830  0.014181773828  0.014175709462  0.013154884400  0.012642269998  0.017793449675  0.022979261696  0.018830415100  0.018311649753  0.016221790340  0.016751214465  0.014175709462  0.013662278002  
piranga_erythrocephala_fmnh343371 0.014683758846  0.014683758846  0.000000000000  0.003008044934  0.007042149004  0.009072960189  0.013160785630  0.015210885407  0.014188255934  0.013674243300  0.013674243300  0.009072960189  0.007042149004  0.016221790340  0.010593275568  0.007042149004  0.003006997143  0.013668051945  0.004517244259  0.004515769797  0.003509880143  0.003006997143  0.008059918121  0.013154884400  0.009076976898  0.008568175622  0.007543951531  0.008056470579  0.005524711533  0.005019973100  
piranga_erythrocephala_fmnh343370 0.014689695830  0.014689695830  0.003008044934  0.000000000000  0.007045029805  0.009076976898  0.013167103580  0.015217950907  0.014195155418  0.013680851702  0.013680851702  0.009076976898  0.007045029805  0.016228183482  0.010597320055  0.007045029805  0.003008044934  0.013674243300  0.004519129648  0.004517244259  0.003511206542  0.003008044934  0.008063778791  0.013160785630  0.009081407372  0.008572320889  0.007546288674  0.008059918121  0.005526746738  0.005021727636  
piranga_olivacea_ku2699 0.016751214465  0.016751214465  0.007042149004  0.007045029805  0.000000000000  0.004016916916  0.008068052224  0.010101218163  0.009086251248  0.008576879238  0.008576879238  0.004016916916  0.002004217326  0.011107733758  0.005526746738  0.009076976898  0.005023893411  0.015733635659  0.006541407193  0.006538396678  0.005529193495  0.005023893411  0.010101218163  0.015217950907  0.011123220543  0.010611944816  0.009578133152  0.010096215438  0.007552203235  0.007045029805  
piranga_olivacea_ku4672 0.018821708408  0.018821708408  0.009072960189  0.009076976898  0.004016916916  0.000000000000  0.010106634932  0.012147423951  0.011129212671  0.010617648955  0.010617648955  0.006038170873  0.004016916916  0.013154884400  0.007552203235  0.011117643106  0.007048323100  0.017801984781  0.008572320889  0.008568175622  0.007555779914  0.007048323100  0.012147423951  0.017284053542  0.013173837889  0.012660354007  0.011618695863  0.012141269325  0.009586323114  0.009076976898  
piranga_ludoviciana_sdsu2650 0.022989937223  0.022989937223  0.013160785630  0.013167103580  0.008068052224  0.010106634932  0.000000000000  0.002003315975  0.001001052851  0.000500263028  0.000500263028  0.008068052224  0.006038170873  0.015210885407  0.009586323114  0.015225434446  0.011123220543  0.021965867340  0.012660354007  0.012653909853  0.011635046526  0.011123220543  0.016266438816  0.021443383894  0.017301791122  0.016783833213  0.015726277513  0.016257950336  0.013680851702  0.013167103580  
piranga_ludoviciana_sdsu2385 0.025075945863  0.025075945863  0.015210885407  0.015217950907  0.010101218163  0.012147423951  0.002003315975  0.000000000000  0.003008044934  0.002505415119  0.002505415119  0.010101218163  0.008063778791  0.017267993467  0.011623730463  0.017284053542  0.013167103580  0.024049432045  0.014710015930  0.014702824735  0.013680851702  0.013167103580  0.018329731703  0.023524945422  0.019369016839  0.018849090370  0.017785334641  0.018320480702  0.015733635659  0.015217950907  
piranga_bidentata_tepe59 0.024037727897  0.024037727897  0.014188255934  0.014195155418  0.009086251248  0.011129212671  0.001001052851  0.003008044934  0.000000000000  0.001502370578  0.001502370578  0.009086251248  0.007052028524  0.016242228777  0.010606655044  0.016257950336  0.012147423951  0.023012559474  0.013687876792  0.013680851702  0.012660354007  0.012147423951  0.017301791122  0.022488925445  0.018339402398  0.017820313773  0.016758740412  0.017292712823  0.014710015930  0.014195155418  
piranga_bidentata_itm160 0.023513543993  0.023513543993  0.013674243300  0.013680851702  0.008576879238  0.010617648955  0.000500263028  0.002505415119  0.001502370578  0.000000000000  0.000000000000  0.008576879238  0.006544829520  0.015726277513  0.010096215438  0.015741412177  0.011635046526  0.022488925445  0.013173837889  0.013167103580  0.012147423951  0.011635046526  0.016783833213  0.021965867340  0.017820313773  0.017301791122  0.016242228777  0.016775050144  0.014195155418  0.013680851702  
piranga_bidentata_itm141 0.023513543993  0.023513543993  0.013674243300  0.013680851702  0.008576879238  0.010617648955  0.000500263028  0.002505415119  0.001502370578  0.000000000000  0.000000000000  0.008576879238  0.006544829520  0.015726277513  0.010096215438  0.015741412177  0.011635046526  0.022488925445  0.013173837889  0.013167103580  0.012147423951  0.011635046526  0.016783833213  0.021965867340  0.017820313773  0.017301791122  0.016242228777  0.016775050144  0.014195155418  0.013680851702  
piranga_bidentata_hgoslp104 0.018821708408  0.018821708408  0.009072960189  0.009076976898  0.004016916916  0.006038170873  0.008068052224  0.010101218163  0.009086251248  0.008576879238  0.008576879238  0.000000000000  0.002004217326  0.011107733758  0.005526746738  0.011117643106  0.007048323100  0.017801984781  0.008572320889  0.008568175622  0.007555779914  0.007048323100  0.012147423951  0.017284053542  0.013173837889  0.012660354007  0.011618695863  0.012141269325  0.009586323114  0.009076976898  
piranga_ludoviciana_sdsu2208 0.016751214465  0.016751214465  0.007042149004  0.007045029805  0.002004217326  0.004016916916  0.006038170873  0.008063778791  0.007052028524  0.006544829520  0.006544829520  0.002004217326  0.000000000000  0.009069357612  0.003509880143  0.009076976898  0.005023893411  0.015733635659  0.006541407193  0.006538396678  0.005529193495  0.005023893411  0.010101218163  0.015217950907  0.011123220543  0.010611944816  0.009578133152  0.010096215438  0.007552203235  0.007045029805  
piranga_roseogularis_ku2049 0.026092836574  0.026092836574  0.016221790340  0.016228183482  0.011107733758  0.013154884400  0.015210885407  0.017267993467  0.016242228777  0.015726277513  0.015726277513  0.011107733758  0.009069357612  0.000000000000  0.005526746738  0.018295249440  0.014175709462  0.024539750189  0.015719338100  0.015712817783  0.014689695830  0.014175709462  0.019340743461  0.024539750189  0.020380516090  0.019860345608  0.018798116417  0.019332161415  0.016744108281  0.016228183482  
piranga_roseogularis_ku2141 0.020362584754  0.020362584754  0.010593275568  0.010597320055  0.005526746738  0.007552203235  0.009586323114  0.011623730463  0.010606655044  0.010096215438  0.010096215438  0.005526746738  0.003509880143  0.005526746738  0.000000000000  0.012642269998  0.008564443801  0.019340743461  0.010091627121  0.010087453577  0.009072960189  0.008564443801  0.013674243300  0.018821708408  0.014702824735  0.014188255934  0.013144333556  0.013668051945  0.011107733758  0.010597320055  
piranga_lutea_lsu5400 0.016751214465  0.016751214465  0.007042149004  0.007045029805  0.009076976898  0.011117643106  0.015225434446  0.017284053542  0.016257950336  0.015741412177  0.015741412177  0.011117643106  0.009076976898  0.018295249440  0.012642269998  0.000000000000  0.004014901070  0.014702824735  0.005529193495  0.005526746738  0.004519129648  0.004014901070  0.010101218163  0.015217950907  0.011123220543  0.010611944816  0.009578133152  0.010096215438  0.007552203235  0.007045029805  
piranga_hepatica_ku9084 0.012642269998  0.012642269998  0.003006997143  0.003008044934  0.005023893411  0.007048323100  0.011123220543  0.013167103580  0.012147423951  0.011635046526  0.011635046526  0.007048323100  0.005023893411  0.014175709462  0.008564443801  0.004014901070  0.000000000000  0.010606655044  0.001502370578  0.001501746383  0.000500263028  0.000000000000  0.006038170873  0.011117643106  0.007052028524  0.006544829520  0.005524711533  0.006035031040  0.003511206542  0.003008044934  
piranga_ludoviciana_sdsu2648 0.022456531830  0.022456531830  0.013668051945  0.013674243300  0.015733635659  0.017801984781  0.021965867340  0.024049432045  0.023012559474  0.022488925445  0.022488925445  0.017801984781  0.015733635659  0.024539750189  0.019340743461  0.014702824735  0.010606655044  0.000000000000  0.012141269325  0.012135530403  0.011117643106  0.010606655044  0.016775050144  0.021954947273  0.017810939599  0.017292712823  0.016234996415  0.016766685758  0.014188255934  0.013674243300  
piranga_flava_ku90809 0.014181773828  0.014181773828  0.004517244259  0.004519129648  0.006541407193  0.008572320889  0.012660354007  0.014710015930  0.013687876792  0.013173837889  0.013173837889  0.008572320889  0.006541407193  0.015719338100  0.010091627121  0.005529193495  0.001502370578  0.012141269325  0.000000000000  0.003008044934  0.002004217326  0.001502370578  0.007559769039  0.012653909853  0.008576879238  0.008068052224  0.007042149004  0.007555779914  0.005023893411  0.004519129648  
piranga_flava_lsu15408 0.014175709462  0.014175709462  0.004515769797  0.004517244259  0.006538396678  0.008568175622  0.012653909853  0.014702824735  0.013680851702  0.013167103580  0.013167103580  0.008568175622  0.006538396678  0.015712817783  0.010087453577  0.005526746738  0.001501746383  0.012135530403  0.003008044934  0.000000000000  0.002003315975  0.001501746383  0.007555779914  0.012647881729  0.008572320889  0.008063778791  0.007039681065  0.007552203235  0.005021727636  0.004517244259  
piranga_lutea_ku89864 0.013154884400  0.013154884400  0.003509880143  0.003511206542  0.005529193495  0.007555779914  0.011635046526  0.013680851702  0.012660354007  0.012147423951  0.012147423951  0.007555779914  0.005529193495  0.014689695830  0.009072960189  0.004519129648  0.000500263028  0.011117643106  0.002004217326  0.002003315975  0.000000000000  0.000500263028  0.006544829520  0.011629180805  0.007559769039  0.007052028524  0.006029986234  0.006541407193  0.004014901070  0.003511206542  
piranga_hepatica_ku4970 0.012642269998  0.012642269998  0.003006997143  0.003008044934  0.005023893411  0.007048323100  0.011123220543  0.013167103580  0.012147423951  0.011635046526  0.011635046526  0.007048323100  0.005023893411  0.014175709462  0.008564443801  0.004014901070  0.000000000000  0.010606655044  0.001502370578  0.001501746383  0.000500263028  0.000000000000  0.006038170873  0.011117643106  0.007052028524  0.006544829520  0.005524711533  0.006035031040  0.003511206542  0.003008044934  
piranga_leucoptera_fmnh481795 0.017793449675  0.017793449675  0.008059918121  0.008063778791  0.010101218163  0.012147423951  0.016266438816  0.018329731703  0.017301791122  0.016783833213  0.016783833213  0.012147423951  0.010101218163  0.019340743461  0.013674243300  0.010101218163  0.006038170873  0.016775050144  0.007559769039  0.007555779914  0.006544829520  0.006038170873  0.000000000000  0.005021727636  0.009086251248  0.008576879238  0.010601780002  0.011123220543  0.008572320889  0.008063778791  
piranga_leucoptera_lsu7783 0.022979261696  0.022979261696  0.013154884400  0.013160785630  0.015217950907  0.017284053542  0.021443383894  0.023524945422  0.022488925445  0.021965867340  0.021965867340  0.017284053542  0.015217950907  0.024539750189  0.018821708408  0.015217950907  0.011117643106  0.021954947273  0.012653909853  0.012647881729  0.011629180805  0.011117643106  0.005021727636  0.000000000000  0.014195155418  0.013680851702  0.015719338100  0.016249880204  0.013674243300  0.013160785630  
piranga_rubriceps_lsu265 0.018830415100  0.018830415100  0.009076976898  0.009081407372  0.011123220543  0.013173837889  0.017301791122  0.019369016839  0.018339402398  0.017820313773  0.017820313773  0.013173837889  0.011123220543  0.020380516090  0.014702824735  0.011123220543  0.007052028524  0.017810939599  0.008576879238  0.008572320889  0.007559769039  0.007052028524  0.009086251248  0.014195155418  0.000000000000  0.000500263028  0.011623730463  0.012147423951  0.009591039407  0.009081407372  
piranga_rubriceps_lsu34818 0.018311649753  0.018311649753  0.008568175622  0.008572320889  0.010611944816  0.012660354007  0.016783833213  0.018849090370  0.017820313773  0.017301791122  0.017301791122  0.012660354007  0.010611944816  0.019860345608  0.014188255934  0.010611944816  0.006544829520  0.017292712823  0.008068052224  0.008063778791  0.007052028524  0.006544829520  0.008576879238  0.013680851702  0.000500263028  0.000000000000  0.011112480723  0.011635046526  0.009081407372  0.008572320889  
piranga_rubra_sdsu2654 0.016221790340  0.016221790340  0.007543951531  0.007546288674  0.009578133152  0.011618695863  0.015726277513  0.017785334641  0.016758740412  0.016242228777  0.016242228777  0.011618695863  0.009578133152  0.018798116417  0.013144333556  0.009578133152  0.005524711533  0.016234996415  0.007042149004  0.007039681065  0.006029986234  0.005524711533  0.010601780002  0.015719338100  0.011623730463  0.011112480723  0.000000000000  0.005526746738  0.003006997143  0.002504645349  
piranga_rubra_sdsu2635 0.016751214465  0.016751214465  0.008056470579  0.008059918121  0.010096215438  0.012141269325  0.016257950336  0.018320480702  0.017292712823  0.016775050144  0.016775050144  0.012141269325  0.010096215438  0.019332161415  0.013668051945  0.010096215438  0.006035031040  0.016766685758  0.007555779914  0.007552203235  0.006541407193  0.006035031040  0.011123220543  0.016249880204  0.012147423951  0.011635046526  0.005526746738  0.000000000000  0.003512942879  0.003009502353  
piranga_rubra_ku7046 0.014175709462  0.014175709462  0.005524711533  0.005526746738  0.007552203235  0.009586323114  0.013680851702  0.015733635659  0.014710015930  0.014195155418  0.014195155418  0.009586323114  0.007552203235  0.016744108281  0.011107733758  0.007552203235  0.003511206542  0.014188255934  0.005023893411  0.005021727636  0.004014901070  0.003511206542  0.008572320889  0.013674243300  0.009591039407  0.009081407372  0.003006997143  0.003512942879  0.000000000000  0.000500263028  
piranga_rubra_ku26592 0.013662278002  0.013662278002  0.005019973100  0.005021727636  0.007045029805  0.009076976898  0.013167103580  0.015217950907  0.014195155418  0.013680851702  0.013680851702  0.009076976898  0.007045029805  0.016228183482  0.010597320055  0.007045029805  0.003008044934  0.013674243300  0.004519129648  0.004517244259  0.003511206542  0.003008044934  0.008063778791  0.013160785630  0.009081407372  0.008572320889  0.002504645349  0.003009502353  0.000500263028  0.000000000000  

