30
piranga_rubra_ku26592 0.000000000000  0.005463784375  0.007659813287  0.009872950583  0.013191969799  0.013549481724  0.006617990258  0.013767123427  0.001087126523  0.007654118316  0.014942356827  0.009070076383  0.004360967839  0.007120658700  0.003266859757  0.006953002714  0.007654118316  0.008869386248  0.006631032696  0.007659813287  0.007805008752  0.005819936152  0.008764981859  0.008758078158  0.005457820236  0.007597484901  0.004408108187  0.007659813287  0.003269521189  0.007659813287  
piranga_flava_ku90809 0.005463784375  0.000000000000  0.004363617864  0.008783272594  0.012100074950  0.012428200894  0.003302826115  0.011465126906  0.006564605364  0.006564605364  0.008262943437  0.007254080534  0.001088309654  0.000000000000  0.006560103182  0.001383401388  0.004365727571  0.007764491205  0.003312847089  0.006560103182  0.006695515880  0.002320963241  0.007675667210  0.007668204490  0.004369584659  0.003031632482  0.004409741667  0.006560103182  0.008774595812  0.006560103182  
piranga_ludoviciana_sdsu2385 0.007659813287  0.004363617864  0.000000000000  0.010974394091  0.016539093613  0.014687063531  0.005511970886  0.013758128855  0.008764981859  0.006557430750  0.008241765562  0.005419439930  0.005454524519  0.004735576198  0.008758078158  0.005550395511  0.008752933785  0.009996319582  0.003303951254  0.002176962406  0.011183040017  0.006987966112  0.009864832024  0.007659813287  0.008758078158  0.006067730045  0.001464437664  0.002176962406  0.010983733685  0.002176962406  
piranga_rubriceps_lsu265 0.009872950583  0.008783272594  0.010974394091  0.000000000000  0.014320072919  0.014708967865  0.009971401794  0.014945735742  0.010983733685  0.008764981859  0.014961040548  0.007240948627  0.007667259661  0.009537211469  0.010974394091  0.011191725082  0.008764981859  0.012248288802  0.006639942503  0.010974394091  0.008940328656  0.009358692859  0.001087126523  0.009872950583  0.008773639612  0.010687616037  0.007362545167  0.010974394091  0.013213800469  0.010974394091  
piranga_leucoptera_lsu7783 0.013191969799  0.012100074950  0.016539093613  0.014320072919  0.000000000000  0.014687063531  0.013323803629  0.014923117427  0.014308805526  0.014308805526  0.021721130046  0.014603818128  0.010974394091  0.007133337598  0.014299316256  0.012581735635  0.014308805526  0.013359857477  0.013346032555  0.016539093613  0.005557593123  0.012894425212  0.013202000087  0.015428500916  0.012086778647  0.013754766290  0.013315382019  0.016539093613  0.016551070650  0.016539093613  
cardinalis_cardinalis_ku25393 0.013549481724  0.012428200894  0.014687063531  0.014708967865  0.014687063531  0.000000000000  0.013549481724  0.000000000000  0.014697077697  0.012404889513  0.018341768008  0.010877222635  0.011271277308  0.009531403512  0.014687063531  0.014021306813  0.014697077697  0.014888931911  0.009989791784  0.014687063531  0.011491478497  0.012909559053  0.013560065664  0.013549481724  0.012414174057  0.013775821480  0.010339643995  0.014687063531  0.017001344280  0.014687063531  
piranga_olivacea_ku2699 0.006617990258  0.003302826115  0.005511970886  0.009971401794  0.013323803629  0.013549481724  0.000000000000  0.013910766856  0.007730192771  0.005517113442  0.009917610115  0.007240948627  0.002196990128  0.000000000000  0.007726175525  0.004159086713  0.005508609312  0.006711468418  0.004970480945  0.007736001838  0.007884128051  0.003483054938  0.008852273431  0.006628938349  0.005511970886  0.004548460144  0.005880403926  0.007736001838  0.009963120161  0.007736001838  
cardinalis_cardinalis_ku21828 0.013767123427  0.011465126906  0.013758128855  0.014945735742  0.014923117427  0.000000000000  0.013910766856  0.000000000000  0.014933458145  0.011443745104  0.018341768008  0.010877222635  0.011451996382  0.009531403512  0.014923117427  0.014021306813  0.014933458145  0.013758128855  0.009989791784  0.013758128855  0.011451996382  0.013495620382  0.013778051764  0.013767123427  0.012613477484  0.013775821480  0.010339643995  0.013758128855  0.017275501665  0.013758128855  
piranga_rubra_ku7046 0.001087126523  0.006564605364  0.008764981859  0.010983733685  0.014308805526  0.014697077697  0.007730192771  0.014933458145  0.000000000000  0.008758078158  0.014942356827  0.009070076383  0.005457820236  0.007120658700  0.004360967839  0.008356683317  0.008758078158  0.009989791784  0.006631032696  0.008764981859  0.008931338670  0.006993076567  0.009872950583  0.009864832024  0.006557430750  0.007597484901  0.004408108187  0.008764981859  0.004364816511  0.008764981859  
piranga_bidentata_hgoslp104 0.007654118316  0.006564605364  0.006557430750  0.008764981859  0.014308805526  0.012404889513  0.005517113442  0.011443745104  0.008758078158  0.000000000000  0.008249310362  0.007240948627  0.005457820236  0.002364873624  0.008752933785  0.006953002714  0.008758078158  0.007761735956  0.000000000000  0.006557430750  0.008931338670  0.006993076567  0.007659813287  0.005462862115  0.006557430750  0.006075187990  0.002931107280  0.006557430750  0.010974394091  0.006557430750  
piranga_ludoviciana_sdsu2648 0.014942356827  0.008262943437  0.008241765562  0.014961040548  0.021721130046  0.018341768008  0.009917610115  0.018341768008  0.014942356827  0.008249310362  0.000000000000  0.013453639109  0.008249310362  0.002364873624  0.016616201882  0.009934031069  0.013257558961  0.014942356827  0.003318343698  0.011579227331  0.013273425800  0.009934031069  0.013273425800  0.011592298886  0.013273425800  0.011847369938  0.009907312491  0.011579227331  0.020036050947  0.011579227331  
piranga_roseogularis_ku2049 0.009070076383  0.007254080534  0.005419439930  0.007240948627  0.014603818128  0.010877222635  0.007240948627  0.010877222635  0.009070076383  0.007240948627  0.013453639109  0.000000000000  0.007240948627  0.008706795884  0.012730839390  0.009915491619  0.009070076383  0.010889645337  0.006778727164  0.007240948627  0.009070076383  0.009086560133  0.007240948627  0.003605487083  0.007240948627  0.007806205910  0.005818890359  0.007240948627  0.010906887203  0.007240948627  
piranga_hepatica_ku4970 0.004360967839  0.001088309654  0.005454524519  0.007667259661  0.010974394091  0.011271277308  0.002196990128  0.011451996382  0.005457820236  0.005457820236  0.008249310362  0.007240948627  0.000000000000  0.000000000000  0.005454524519  0.001383401388  0.003266859757  0.006639962172  0.003307368659  0.007654118316  0.005566249507  0.001158941795  0.006563671848  0.006557430750  0.003269521189  0.003027044021  0.004403269200  0.007654118316  0.007659813287  0.007654118316  
piranga_hepatica_ku9084 0.007120658700  0.000000000000  0.004735576198  0.009537211469  0.007133337598  0.009531403512  0.000000000000  0.009531403512  0.007120658700  0.002364873624  0.002364873624  0.008706795884  0.000000000000  0.000000000000  0.009508745076  0.002370479522  0.004742605956  0.007120658700  0.002364873624  0.007120658700  0.004742605956  0.002370479522  0.007133337598  0.002364873624  0.002364873624  0.002364873624  0.004735576198  0.007120658700  0.009518821225  0.007120658700  
piranga_rubra_sdsu2654 0.003266859757  0.006560103182  0.008758078158  0.010974394091  0.014299316256  0.014687063531  0.007726175525  0.014923117427  0.004360967839  0.008752933785  0.016616201882  0.012730839390  0.005454524519  0.009508745076  0.000000000000  0.008349379262  0.008752933785  0.009985078807  0.008296468692  0.008758078158  0.008924169847  0.006987966112  0.009864832024  0.009858475453  0.006552938424  0.009123882302  0.005880403926  0.008758078158  0.004360967839  0.008758078158  
piranga_flava_lsu15408 0.006953002714  0.001383401388  0.005550395511  0.011191725082  0.012581735635  0.014021306813  0.004159086713  0.014021306813  0.008356683317  0.006953002714  0.009934031069  0.009915491619  0.001383401388  0.002370479522  0.008349379262  0.000000000000  0.005553813396  0.008349379262  0.004978729928  0.008349379262  0.005560059688  0.002771193118  0.009776994754  0.008356683317  0.005560059688  0.004597251558  0.005959251238  0.008349379262  0.011177634361  0.008349379262  
piranga_lutea_lsu5400 0.007654118316  0.004365727571  0.008752933785  0.008764981859  0.014308805526  0.014697077697  0.005508609312  0.014933458145  0.008758078158  0.008758078158  0.013257558961  0.009070076383  0.003266859757  0.004742605956  0.008752933785  0.005553813396  0.000000000000  0.009989791784  0.008304114383  0.010966819166  0.008931338670  0.004649934526  0.007659813287  0.009864832024  0.006557430750  0.007597484901  0.008841533075  0.010966819166  0.010974394091  0.010966819166  
piranga_olivacea_ku4672 0.008869386248  0.007764491205  0.009996319582  0.012248288802  0.013359857477  0.014888931911  0.006711468418  0.013758128855  0.009989791784  0.007761735956  0.014942356827  0.010889645337  0.006639962172  0.007120658700  0.009985078807  0.008349379262  0.009989791784  0.000000000000  0.006631032696  0.009996319582  0.007799095363  0.008278744552  0.011120854553  0.008881758298  0.007755888094  0.007597484901  0.007356539209  0.009996319582  0.012239251670  0.009996319582  
piranga_ludoviciana_sdsu2208 0.006631032696  0.003312847089  0.003303951254  0.006639942503  0.013346032555  0.009989791784  0.004970480945  0.009989791784  0.006631032696  0.000000000000  0.003318343698  0.006778727164  0.003307368659  0.002364873624  0.008296468692  0.004978729928  0.008304114383  0.006631032696  0.000000000000  0.003303951254  0.004970480945  0.004978729928  0.004970480945  0.003307368659  0.004970480945  0.005097159002  0.001649855200  0.003303951254  0.011669604608  0.003303951254  
piranga_bidentata_itm160 0.007659813287  0.006560103182  0.002176962406  0.010974394091  0.016539093613  0.014687063531  0.007736001838  0.013758128855  0.008764981859  0.006557430750  0.011579227331  0.007240948627  0.007654118316  0.007120658700  0.008758078158  0.008349379262  0.010966819166  0.009996319582  0.003303951254  0.000000000000  0.011183040017  0.009340985150  0.009864832024  0.007659813287  0.008758078158  0.007597484901  0.001464437664  0.002176962406  0.010983733685  0.000000000000  
piranga_leucoptera_fmnh481795 0.007805008752  0.006695515880  0.011183040017  0.008940328656  0.005557593123  0.011491478497  0.007884128051  0.011451996382  0.008931338670  0.008931338670  0.013273425800  0.009070076383  0.005566249507  0.004742605956  0.008924169847  0.005560059688  0.008931338670  0.007799095363  0.004970480945  0.011183040017  0.000000000000  0.007141828633  0.007812740497  0.010060577141  0.006688052408  0.006075187990  0.005880403926  0.011183040017  0.011192739226  0.011183040017  
piranga_lutea_ku89864 0.005819936152  0.002320963241  0.006987966112  0.009358692859  0.012894425212  0.012909559053  0.003483054938  0.013495620382  0.006993076567  0.006993076567  0.009934031069  0.009086560133  0.001158941795  0.002370479522  0.006987966112  0.002771193118  0.004649934526  0.008278744552  0.004978729928  0.009340985150  0.007141828633  0.000000000000  0.008177844233  0.008169372658  0.004654310857  0.004555366841  0.005889061550  0.009340985150  0.009348841446  0.009340985150  
piranga_rubriceps_lsu34818 0.008764981859  0.007675667210  0.009864832024  0.001087126523  0.013202000087  0.013560065664  0.008852273431  0.013778051764  0.009872950583  0.007659813287  0.013273425800  0.007240948627  0.006563671848  0.007133337598  0.009864832024  0.009776994754  0.007659813287  0.011120854553  0.004970480945  0.009864832024  0.007812740497  0.008177844233  0.000000000000  0.008764981859  0.007667259661  0.009144728125  0.005880403926  0.009864832024  0.012097345499  0.009864832024  
piranga_roseogularis_ku2141 0.008758078158  0.007668204490  0.007659813287  0.009872950583  0.015428500916  0.013549481724  0.006628938349  0.013767123427  0.009864832024  0.005462862115  0.011592298886  0.003605487083  0.006557430750  0.002364873624  0.009858475453  0.008356683317  0.009864832024  0.008881758298  0.003307368659  0.007659813287  0.010060577141  0.008169372658  0.008764981859  0.000000000000  0.007659813287  0.007607264780  0.004403269200  0.007659813287  0.012086778647  0.007659813287  
piranga_erythrocephala_fmnh343371 0.005457820236  0.004369584659  0.008758078158  0.008773639612  0.012086778647  0.012414174057  0.005511970886  0.012613477484  0.006557430750  0.006557430750  0.013273425800  0.007240948627  0.003269521189  0.002364873624  0.006552938424  0.005560059688  0.006557430750  0.007755888094  0.004970480945  0.008758078158  0.006688052408  0.004654310857  0.007667259661  0.007659813287  0.000000000000  0.003027044021  0.005880403926  0.008758078158  0.008764981859  0.008758078158  
piranga_erythrocephala_fmnh343370 0.007597484901  0.003031632482  0.006067730045  0.010687616037  0.013754766290  0.013775821480  0.004548460144  0.013775821480  0.007597484901  0.006075187990  0.011847369938  0.007806205910  0.003027044021  0.002364873624  0.009123882302  0.004597251558  0.007597484901  0.007597484901  0.005097159002  0.007597484901  0.006075187990  0.004555366841  0.009144728125  0.007607264780  0.003027044021  0.000000000000  0.006067730045  0.007597484901  0.010673143087  0.007597484901  
piranga_ludoviciana_sdsu2650 0.004408108187  0.004409741667  0.001464437664  0.007362545167  0.013315382019  0.010339643995  0.005880403926  0.010339643995  0.004408108187  0.002931107280  0.009907312491  0.005818890359  0.004403269200  0.004735576198  0.005880403926  0.005959251238  0.008841533075  0.007356539209  0.001649855200  0.001464437664  0.005880403926  0.005889061550  0.005880403926  0.004403269200  0.005880403926  0.006067730045  0.000000000000  0.001464437664  0.008861104732  0.001464437664  
piranga_bidentata_tepe59 0.007659813287  0.006560103182  0.002176962406  0.010974394091  0.016539093613  0.014687063531  0.007736001838  0.013758128855  0.008764981859  0.006557430750  0.011579227331  0.007240948627  0.007654118316  0.007120658700  0.008758078158  0.008349379262  0.010966819166  0.009996319582  0.003303951254  0.002176962406  0.011183040017  0.009340985150  0.009864832024  0.007659813287  0.008758078158  0.007597484901  0.001464437664  0.000000000000  0.010983733685  0.002176962406  
piranga_rubra_sdsu2635 0.003269521189  0.008774595812  0.010983733685  0.013213800469  0.016551070650  0.017001344280  0.009963120161  0.017275501665  0.004364816511  0.010974394091  0.020036050947  0.010906887203  0.007659813287  0.009518821225  0.004360967839  0.011177634361  0.010974394091  0.012239251670  0.011669604608  0.010983733685  0.011192739226  0.009348841446  0.012097345499  0.012086778647  0.008764981859  0.010673143087  0.008861104732  0.010983733685  0.000000000000  0.010983733685  
piranga_bidentata_itm141 0.007659813287  0.006560103182  0.002176962406  0.010974394091  0.016539093613  0.014687063531  0.007736001838  0.013758128855  0.008764981859  0.006557430750  0.011579227331  0.007240948627  0.007654118316  0.007120658700  0.008758078158  0.008349379262  0.010966819166  0.009996319582  0.003303951254  0.000000000000  0.011183040017  0.009340985150  0.009864832024  0.007659813287  0.008758078158  0.007597484901  0.001464437664  0.002176962406  0.010983733685  0.000000000000  

