30
piranga_rubra_ku26592 0.000000000000  0.007204234777  0.011754356880  0.017386804829  0.018197643122  0.028834726488  0.009171661092  0.024659278977  0.006521591740  0.009920177431  0.012297863539  0.011914624576  0.006297636378  0.005672442353  0.002688649388  0.008219480321  0.008113668502  0.008330352950  0.009948544700  0.010901171429  0.019126045927  0.008112587302  0.017397601819  0.015215562944  0.017271072658  0.017386411377  0.008009273028  0.013589040490  0.004486491820  0.010839696805  
piranga_flava_ku90809 0.007204234777  0.000000000000  0.006292937178  0.013674497551  0.012665454286  0.026921941151  0.005481467466  0.023686891639  0.009344271792  0.004484429832  0.005635935249  0.008308380394  0.002688649388  0.003395592038  0.006297636378  0.004092117389  0.002689379491  0.004609713352  0.004948262274  0.005420086814  0.013582970477  0.000894506683  0.014608217191  0.008499087589  0.011749727757  0.012980919973  0.004561542360  0.008106360292  0.006292937178  0.005388845637  
piranga_ludoviciana_sdsu2385 0.011754356880  0.006292937178  0.000000000000  0.016447145598  0.015414343458  0.031699852852  0.010090733977  0.027569662414  0.011227568303  0.005388845637  0.009423524720  0.011902423858  0.007198773148  0.009101608100  0.009015705394  0.009250361023  0.007200912400  0.010193598758  0.006947708684  0.008148607672  0.016336480724  0.007198773148  0.017386804829  0.012317531903  0.014494013909  0.017374505536  0.008005295138  0.009009837581  0.009009837581  0.008101259533  
piranga_rubriceps_lsu265 0.017386804829  0.013674497551  0.016447145598  0.000000000000  0.012745345870  0.027108731459  0.017678021626  0.024816080943  0.018987009749  0.014586533412  0.017211319352  0.013239633652  0.013674497551  0.015004703612  0.015526981850  0.015642542973  0.014592597137  0.017844064053  0.016121892610  0.015611820327  0.013668062945  0.014599825987  0.003602014565  0.014355038111  0.011824438784  0.014192794325  0.011594549011  0.018309049137  0.015518955617  0.015518955617  
piranga_leucoptera_lsu7783 0.018197643122  0.012665454286  0.015414343458  0.012745345870  0.000000000000  0.026907465476  0.016617996057  0.023671500183  0.018854938174  0.013569143739  0.016125708972  0.014336462840  0.013582970477  0.014895797103  0.015423399921  0.015522900408  0.013575485003  0.016788507232  0.013980945269  0.014579299457  0.004488455485  0.013582970477  0.013674497551  0.013290726027  0.009919235777  0.010793580746  0.012651563007  0.017260432822  0.015414343458  0.014494013909  
cardinalis_cardinalis_ku25393 0.028834726488  0.026921941151  0.031699852852  0.027108731459  0.026907465476  0.000000000000  0.029325856719  0.006519769206  0.029606007196  0.029761209224  0.032884773211  0.029181233911  0.025968463070  0.026738336333  0.027877359652  0.028372167656  0.027862037262  0.029634317001  0.031643354383  0.030720783901  0.027862037262  0.027877359652  0.025203775162  0.029293201417  0.025954830676  0.027830398919  0.025723862232  0.033630590094  0.027862037262  0.030737453707  
piranga_olivacea_ku2699 0.009171661092  0.005481467466  0.010090733977  0.017678021626  0.016617996057  0.029325856719  0.000000000000  0.024097953465  0.010465152290  0.008234685069  0.010384789542  0.013122888216  0.006401300113  0.007960388821  0.008246389801  0.008219480321  0.006402295248  0.005537112525  0.009948544700  0.009217462946  0.017558394731  0.006401300113  0.018638628554  0.013286744974  0.015679477333  0.018494274190  0.009164166225  0.011948837472  0.008239955625  0.009164432770  
cardinalis_cardinalis_ku21828 0.024659278977  0.023686891639  0.027569662414  0.024816080943  0.023671500183  0.006519769206  0.024097953465  0.000000000000  0.027674929876  0.026575302342  0.027607381668  0.026728758949  0.022716514188  0.024391942823  0.023686891639  0.026249096100  0.024643010475  0.025356861742  0.027110323536  0.027551995132  0.024643010475  0.024659278977  0.024831332053  0.025938831698  0.021734490125  0.022786730953  0.023364292610  0.030514673422  0.024643010475  0.027569662414  
piranga_rubra_ku7046 0.006521591740  0.009344271792  0.011227568303  0.018987009749  0.018854938174  0.029606007196  0.010465152290  0.027674929876  0.000000000000  0.010275900933  0.010677120883  0.011957367140  0.008401491486  0.009139776762  0.003715781587  0.010328756529  0.010291437184  0.010584651258  0.009228538612  0.011220822241  0.019817358488  0.010288949177  0.018998239585  0.013808115734  0.016935996314  0.017000888045  0.008036860449  0.014076306579  0.002786028151  0.011227568303  
piranga_bidentata_hgoslp104 0.009920177431  0.004484429832  0.005388845637  0.014586533412  0.013569143739  0.029761209224  0.008234685069  0.026575302342  0.010275900933  0.000000000000  0.007519012332  0.010689714811  0.005386028339  0.007950738865  0.007194436482  0.008209637841  0.005389172339  0.008318408513  0.004948262274  0.002703356139  0.014486890026  0.005386028339  0.015518955617  0.010397417657  0.011749727757  0.014078423179  0.006853550357  0.007191227445  0.007191227445  0.004483491662  
piranga_ludoviciana_sdsu2648 0.012297863539  0.005635935249  0.009423524720  0.017211319352  0.016125708972  0.032884773211  0.010384789542  0.027607381668  0.010677120883  0.007519012332  0.000000000000  0.010709462628  0.007529716527  0.009108557013  0.009431168009  0.009257015736  0.007530832740  0.010394603194  0.006955785432  0.008467103439  0.017091417779  0.006581870982  0.018197503920  0.012443280648  0.015161982566  0.017577436494  0.006857213885  0.011331018286  0.008479479611  0.008472676442  
piranga_roseogularis_ku2049 0.011914624576  0.008308380394  0.011902423858  0.013239633652  0.014336462840  0.029181233911  0.013122888216  0.026728758949  0.011957367140  0.010689714811  0.010709462628  0.000000000000  0.010709462628  0.009598647690  0.009507386488  0.010709462628  0.010711342295  0.014351413973  0.010698608825  0.011892185935  0.014336462840  0.009507386488  0.012031312201  0.004725405113  0.013113359943  0.013926939616  0.007112428704  0.011914624576  0.009507386488  0.011902423858  
piranga_hepatica_ku4970 0.006297636378  0.002688649388  0.007198773148  0.013674497551  0.013582970477  0.025968463070  0.006401300113  0.022716514188  0.008401491486  0.005386028339  0.007529716527  0.010709462628  0.000000000000  0.005672442353  0.005392785342  0.006151263146  0.003589086570  0.006466347321  0.006941988915  0.006329168563  0.014502283338  0.003588298512  0.013682093145  0.010408295614  0.012665454286  0.015178498081  0.006857213885  0.009015705394  0.005388845637  0.006292937178  
piranga_hepatica_ku9084 0.005672442353  0.003395592038  0.009101608100  0.015004703612  0.014895797103  0.026738336333  0.007960388821  0.024391942823  0.009139776762  0.007950738865  0.009108557013  0.009598647690  0.005672442353  0.000000000000  0.006815021812  0.005672442353  0.005675578596  0.009108557013  0.007954662505  0.009096464464  0.014895797103  0.004532636907  0.013844233035  0.012559353678  0.013723211128  0.015636420183  0.003539830358  0.009108557013  0.006815021812  0.009101608100  
piranga_rubra_sdsu2654 0.002688649388  0.006297636378  0.009015705394  0.015526981850  0.015423399921  0.027877359652  0.008246389801  0.023686891639  0.003715781587  0.007194436482  0.009431168009  0.009507386488  0.005392785342  0.006815021812  0.000000000000  0.008219480321  0.007205256895  0.008330352950  0.007942036325  0.008152630193  0.016346327316  0.007204234777  0.015536171811  0.012325299573  0.014502283338  0.015178498081  0.005707974920  0.010839696805  0.001789790227  0.008106360292  
piranga_flava_lsu15408 0.008219480321  0.004092117389  0.009250361023  0.015642542973  0.015522900408  0.028372167656  0.008219480321  0.026249096100  0.010328756529  0.008209637841  0.009257015736  0.010709462628  0.006151263146  0.005672442353  0.008219480321  0.000000000000  0.006153895938  0.009266547207  0.006253848694  0.009245178292  0.016575788100  0.005120561317  0.015652496068  0.012373774407  0.013424182624  0.013860224445  0.006857213885  0.011330325995  0.008219480321  0.009250361023  
piranga_lutea_lsu5400 0.008113668502  0.002689379491  0.007200912400  0.014592597137  0.013575485003  0.027862037262  0.006402295248  0.024643010475  0.010291437184  0.005389172339  0.007530832740  0.010711342295  0.003589086570  0.005675578596  0.007205256895  0.006153895938  0.000000000000  0.006467362718  0.006944519093  0.006332411577  0.014494013909  0.003589086570  0.015526981850  0.010412078905  0.011743801031  0.014069900315  0.006862306543  0.009017962839  0.007200912400  0.006295017676  
piranga_olivacea_ku4672 0.008330352950  0.004609713352  0.010193598758  0.017844064053  0.016788507232  0.029634317001  0.005537112525  0.025356861742  0.010584651258  0.008318408513  0.010394603194  0.014351413973  0.006466347321  0.009108557013  0.008330352950  0.009266547207  0.006467362718  0.000000000000  0.009958452270  0.009311880758  0.017738735436  0.005537112525  0.018813983601  0.013299367570  0.015840198443  0.018514418362  0.010333759433  0.012070887359  0.007397425021  0.009257762014  
piranga_ludoviciana_sdsu2208 0.009948544700  0.004948262274  0.006947708684  0.016121892610  0.013980945269  0.031643354383  0.009948544700  0.027110323536  0.009228538612  0.004948262274  0.006955785432  0.010698608825  0.006941988915  0.007954662505  0.007942036325  0.006253848694  0.006944519093  0.009958452270  0.000000000000  0.007932848426  0.013980945269  0.005944067238  0.016130727069  0.011946983979  0.013972768481  0.016412818429  0.006854466888  0.008938006755  0.006941988915  0.007936756127  
piranga_bidentata_itm160 0.010901171429  0.005420086814  0.008148607672  0.015611820327  0.014579299457  0.030720783901  0.009217462946  0.027551995132  0.011220822241  0.002703356139  0.008467103439  0.011892185935  0.006329168563  0.009096464464  0.008152630193  0.009245178292  0.006332411577  0.009311880758  0.007932848426  0.000000000000  0.015504800591  0.006329168563  0.016553029361  0.011428935207  0.012746176625  0.014185969526  0.008003150341  0.008148607672  0.008148607672  0.003606997976  
piranga_leucoptera_fmnh481795 0.019126045927  0.013582970477  0.016336480724  0.013668062945  0.004488455485  0.027862037262  0.017558394731  0.024643010475  0.019817358488  0.014486890026  0.017091417779  0.014336462840  0.014502283338  0.014895797103  0.016346327316  0.016575788100  0.014494013909  0.017738735436  0.013980945269  0.015504800591  0.000000000000  0.014502283338  0.014599825987  0.014254210908  0.010830632024  0.010793580746  0.012651563007  0.018186206909  0.016336480724  0.015414343458  
piranga_lutea_ku89864 0.008112587302  0.000894506683  0.007198773148  0.014599825987  0.013582970477  0.027877359652  0.006401300113  0.024659278977  0.010288949177  0.005386028339  0.006581870982  0.009507386488  0.003588298512  0.004532636907  0.007204234777  0.005120561317  0.003589086570  0.005537112525  0.005944067238  0.006329168563  0.014502283338  0.000000000000  0.015536171811  0.009452721075  0.012665454286  0.014078423179  0.005707974920  0.009015705394  0.007198773148  0.006292937178  
piranga_rubriceps_lsu34818 0.017397601819  0.014608217191  0.017386804829  0.003602014565  0.013674497551  0.025203775162  0.018638628554  0.024831332053  0.018998239585  0.015518955617  0.018197503920  0.012031312201  0.013682093145  0.013844233035  0.015536171811  0.015652496068  0.015526981850  0.018813983601  0.016130727069  0.016553029361  0.014599825987  0.015536171811  0.000000000000  0.014363412569  0.012750989353  0.013094242905  0.010429564220  0.019254024864  0.015526981850  0.016455972372  
piranga_roseogularis_ku2141 0.015215562944  0.008499087589  0.012317531903  0.014355038111  0.013290726027  0.029293201417  0.013286744974  0.025938831698  0.013808115734  0.010397417657  0.012443280648  0.004725405113  0.010408295614  0.012559353678  0.012325299573  0.012373774407  0.010412078905  0.013299367570  0.011946983979  0.011428935207  0.014254210908  0.009452721075  0.014363412569  0.000000000000  0.012329214435  0.014078423179  0.010315449552  0.014240677349  0.011365819125  0.011358905382  
piranga_erythrocephala_fmnh343371 0.017271072658  0.011749727757  0.014494013909  0.011824438784  0.009919235777  0.025954830676  0.015679477333  0.021734490125  0.016935996314  0.011749727757  0.015161982566  0.013113359943  0.012665454286  0.013723211128  0.014502283338  0.013424182624  0.011743801031  0.015840198443  0.013972768481  0.012746176625  0.010830632024  0.012665454286  0.012750989353  0.012329214435  0.000000000000  0.001070738825  0.011482106859  0.016336480724  0.014494013909  0.013575485003  
piranga_erythrocephala_fmnh343370 0.017386411377  0.012980919973  0.017374505536  0.014192794325  0.010793580746  0.027830398919  0.018494274190  0.022786730953  0.017000888045  0.014078423179  0.017577436494  0.013926939616  0.015178498081  0.015636420183  0.015178498081  0.013860224445  0.014069900315  0.018514418362  0.016412818429  0.014185969526  0.010793580746  0.014078423179  0.013094242905  0.014078423179  0.001070738825  0.000000000000  0.009987972896  0.016281156759  0.014078423179  0.015168852846  
piranga_ludoviciana_sdsu2650 0.008009273028  0.004561542360  0.008005295138  0.011594549011  0.012651563007  0.025723862232  0.009164166225  0.023364292610  0.008036860449  0.006853550357  0.006857213885  0.007112428704  0.006857213885  0.003539830358  0.005707974920  0.006857213885  0.006862306543  0.010333759433  0.006854466888  0.008003150341  0.012651563007  0.005707974920  0.010429564220  0.010315449552  0.011482106859  0.009987972896  0.000000000000  0.009158951382  0.005707974920  0.008005295138  
piranga_bidentata_tepe59 0.013589040490  0.008106360292  0.009009837581  0.018309049137  0.017260432822  0.033630590094  0.011948837472  0.030514673422  0.014076306579  0.007191227445  0.011331018286  0.011914624576  0.009015705394  0.009108557013  0.010839696805  0.011330325995  0.009017962839  0.012070887359  0.008938006755  0.008148607672  0.018186206909  0.009015705394  0.019254024864  0.014240677349  0.016336480724  0.016281156759  0.009158951382  0.000000000000  0.010832285929  0.006289361660  
piranga_rubra_sdsu2635 0.004486491820  0.006292937178  0.009009837581  0.015518955617  0.015414343458  0.027862037262  0.008239955625  0.024643010475  0.002786028151  0.007191227445  0.008479479611  0.009507386488  0.005388845637  0.006815021812  0.001789790227  0.008219480321  0.007200912400  0.007397425021  0.006941988915  0.008148607672  0.016336480724  0.007198773148  0.015526981850  0.011365819125  0.014494013909  0.014078423179  0.005707974920  0.010832285929  0.000000000000  0.008101259533  
piranga_bidentata_itm141 0.010839696805  0.005388845637  0.008101259533  0.015518955617  0.014494013909  0.030737453707  0.009164432770  0.027569662414  0.011227568303  0.004483491662  0.008472676442  0.011902423858  0.006292937178  0.009101608100  0.008106360292  0.009250361023  0.006295017676  0.009257762014  0.007936756127  0.003606997976  0.015414343458  0.006292937178  0.016455972372  0.011358905382  0.013575485003  0.015168852846  0.008005295138  0.006289361660  0.008101259533  0.000000000000  

