30
cardinalis_cardinalis_ku21828 0.000000000000  0.004016140102  0.008054359866  0.007043249053  0.010597735880  0.010602172097  0.011103659634  0.010084231507  0.021863704004  0.024987452750  0.031283338908  0.024987452750  0.028112709623  0.026556700848  0.021344977639  0.030189548027  0.023951515733  0.019803063659  0.019285950468  0.015190665024  0.010088021143  0.012116660559  0.011618732110  0.011103659634  0.012627679607  0.015704847736  0.014677012307  0.010088021143  0.010088021143  0.010088021143  
cardinalis_cardinalis_ku25393 0.004016140102  0.000000000000  0.010088021143  0.009073806044  0.012641824496  0.012647312579  0.013148793618  0.012125177476  0.023944025980  0.027080883605  0.033402359051  0.027080883605  0.030217184531  0.028656748291  0.023423130746  0.032299581859  0.026041657297  0.021876899249  0.021357630686  0.017250586806  0.012130015745  0.014163888493  0.013667021662  0.013148793618  0.014677012307  0.017766900480  0.016734807527  0.012130015745  0.012130015745  0.012130015745  
piranga_erythrocephala_fmnh343371 0.008054359866  0.010088021143  0.000000000000  0.001000690079  0.004516633081  0.004518346433  0.005019344977  0.004011767148  0.017733181990  0.020832649577  0.027080883605  0.020832649577  0.023936932485  0.022389642669  0.017218473127  0.026002693240  0.019803063659  0.015685073564  0.015171953022  0.012120725620  0.006031064897  0.008049245058  0.007550113141  0.007040633023  0.008556364653  0.011609967644  0.010590019507  0.006031064897  0.006031064897  0.006031064897  
piranga_leucoptera_fmnh481795 0.007043249053  0.009073806044  0.001000690079  0.000000000000  0.003510765449  0.003512348951  0.004012843506  0.003006789719  0.016708403110  0.019803063659  0.026041657297  0.019803063659  0.022902779428  0.021357630686  0.016194489635  0.024965721510  0.018774941963  0.014663189153  0.014150859101  0.011103659634  0.005022901925  0.007038400359  0.006539640825  0.006031064897  0.007544747832  0.010593684891  0.009575298419  0.005022901925  0.005022901925  0.005022901925  
piranga_leucoptera_lsu7783 0.010597735880  0.012641824496  0.004516633081  0.003510765449  0.000000000000  0.007046248068  0.007547238672  0.006534541871  0.020314731055  0.023430347271  0.029710100109  0.023430347271  0.026548234037  0.024995490679  0.019797350253  0.028620841774  0.022396709465  0.018258631602  0.017742855629  0.014682397604  0.008565390584  0.010590019507  0.010092195738  0.008561997655  0.011099732629  0.013143814754  0.012120725620  0.008565390584  0.008565390584  0.008565390584  
piranga_erythrocephala_fmnh343370 0.010602172097  0.012647312579  0.004518346433  0.003512348951  0.007046248068  0.000000000000  0.007550113141  0.006536899986  0.020320714014  0.023437959385  0.029720633542  0.023437959385  0.026556700848  0.025003925059  0.019803063659  0.028629218748  0.022404170894  0.018264324076  0.017748280220  0.014688171056  0.008569167292  0.010593684891  0.010096754914  0.009582740742  0.011103659634  0.014174516700  0.013148793618  0.008569167292  0.008569167292  0.008569167292  
piranga_rubriceps_lsu265 0.011103659634  0.013148793618  0.005019344977  0.004012843506  0.007547238672  0.007550113141  0.000000000000  0.001001004699  0.020826790671  0.023944025980  0.030227198267  0.023944025980  0.027063795568  0.025509986575  0.020309141982  0.029137872066  0.022909723295  0.018769373327  0.018253331126  0.015190665024  0.009070153092  0.011096191880  0.010597735880  0.010084231507  0.011606165007  0.014677012307  0.013651292494  0.009070153092  0.009070153092  0.009070153092  
piranga_rubriceps_lsu34818 0.010084231507  0.012125177476  0.004011767148  0.003006789719  0.006534541871  0.006536899986  0.001001004699  0.000000000000  0.019792030452  0.022902779428  0.029173291244  0.022902779428  0.026017084699  0.024465466267  0.019275454969  0.028088410896  0.021870104260  0.017737822757  0.017222847119  0.014163888493  0.008054359866  0.010077808630  0.009578827235  0.009066884564  0.010586740109  0.013651292494  0.012627679607  0.008054359866  0.008054359866  0.008054359866  
piranga_roseogularis_ku2141 0.021863704004  0.023944025980  0.017733181990  0.016708403110  0.020314731055  0.020320714014  0.020826790671  0.019792030452  0.000000000000  0.007038400359  0.014169008655  0.008051610324  0.011606165007  0.009575298419  0.004514351796  0.013127776471  0.007040633023  0.003006789719  0.002504523457  0.012623739028  0.017742855629  0.018759414423  0.018258631602  0.017737822757  0.019275454969  0.022382970891  0.021344977639  0.016712902429  0.016712902429  0.016712902429  
piranga_ludoviciana_sdsu2208 0.024987452750  0.027080883605  0.020832649577  0.019803063659  0.023430347271  0.023437959385  0.023944025980  0.022902779428  0.007038400359  0.000000000000  0.010096754914  0.004016140102  0.007550113141  0.005530576669  0.003512348951  0.016203347261  0.010088021143  0.006031064897  0.005525742742  0.015699319613  0.020845549505  0.021863704004  0.021364548501  0.020838902649  0.022382970891  0.025509986575  0.024465466267  0.019809170285  0.019809170285  0.019809170285  
piranga_roseogularis_ku2049 0.031283338908  0.033402359051  0.027080883605  0.026041657297  0.029710100109  0.029720633542  0.030227198267  0.029173291244  0.014169008655  0.010096754914  0.000000000000  0.006033548081  0.009578827235  0.007553370860  0.009587038562  0.022404170894  0.016232318498  0.011107972513  0.011618732110  0.021899648786  0.027099563628  0.028121608410  0.027624853182  0.027090024809  0.028647172390  0.031812249797  0.030754988794  0.026050642736  0.026050642736  0.026050642736  
piranga_ludoviciana_sdsu2650 0.024987452750  0.027080883605  0.020832649577  0.019803063659  0.023430347271  0.023437959385  0.023944025980  0.022902779428  0.008051610324  0.004016140102  0.006033548081  0.000000000000  0.003509562728  0.001502262089  0.003512348951  0.016203347261  0.010088021143  0.006031064897  0.005525742742  0.015699319613  0.020845549505  0.021863704004  0.021364548501  0.020838902649  0.022382970891  0.025509986575  0.024465466267  0.019809170285  0.019809170285  0.019809170285  
piranga_ludoviciana_sdsu2648 0.028112709623  0.030217184531  0.023936932485  0.022902779428  0.026548234037  0.026556700848  0.027063795568  0.026017084699  0.011606165007  0.007550113141  0.009578827235  0.003509562728  0.000000000000  0.002002762920  0.007043249053  0.019803063659  0.013656148068  0.009575298419  0.009066884564  0.018780902875  0.023951515733  0.024972567780  0.024473229821  0.023944025980  0.025494552570  0.027587976618  0.027587976618  0.022909723295  0.022909723295  0.022909723295  
piranga_bidentata_tepe59 0.026556700848  0.028656748291  0.022389642669  0.021357630686  0.024995490679  0.025003925059  0.025509986575  0.024465466267  0.009575298419  0.005530576669  0.007553370860  0.001502262089  0.002002762920  0.000000000000  0.005025252927  0.017748280220  0.011618732110  0.007550113141  0.007043249053  0.017244257516  0.022404170894  0.023423130746  0.022924796554  0.022396709465  0.023944025980  0.027080883605  0.026033068890  0.021364548501  0.021364548501  0.021364548501  
piranga_bidentata_hgoslp104 0.021344977639  0.023423130746  0.017218473127  0.016194489635  0.019797350253  0.019803063659  0.020309141982  0.019275454969  0.004514351796  0.003512348951  0.009587038562  0.003512348951  0.007043249053  0.005025252927  0.000000000000  0.012617021737  0.006534541871  0.002504523457  0.002002762920  0.012112982672  0.017227612939  0.018243907706  0.017742855629  0.017222847119  0.018759414423  0.021863704004  0.020826790671  0.016198723003  0.016198723003  0.016198723003  
piranga_flava_ku90809 0.030189548027  0.032299581859  0.026002693240  0.024965721510  0.028620841774  0.028629218748  0.029137872066  0.028088410896  0.013127776471  0.016203347261  0.022404170894  0.016203347261  0.019803063659  0.017748280220  0.012617021737  0.000000000000  0.008047264448  0.011093037767  0.010583847080  0.020832649577  0.024972567780  0.027041155209  0.026540165313  0.026009689684  0.027564507947  0.030716219481  0.029663432613  0.024972567780  0.024972567780  0.024972567780  
piranga_lutea_ku89864 0.023951515733  0.026041657297  0.019803063659  0.018774941963  0.022396709465  0.022404170894  0.022909723295  0.021870104260  0.007040633023  0.010088021143  0.016232318498  0.010088021143  0.013656148068  0.011618732110  0.006534541871  0.008047264448  0.000000000000  0.005022901925  0.004518346433  0.014677012307  0.019815669747  0.020832649577  0.020333860051  0.019809170285  0.021351106937  0.024473229821  0.023430347271  0.018780902875  0.018780902875  0.018780902875  
piranga_bidentata_itm160 0.019803063659  0.021876899249  0.015685073564  0.014663189153  0.018258631602  0.018264324076  0.018769373327  0.017737822757  0.003006789719  0.006031064897  0.011107972513  0.006031064897  0.009575298419  0.007550113141  0.002504523457  0.011093037767  0.005022901925  0.000000000000  0.000500251007  0.010590019507  0.015694180956  0.016708403110  0.016208362025  0.015689432145  0.017222847119  0.020320714014  0.019285950468  0.014667407700  0.014667407700  0.014667407700  
piranga_bidentata_itm141 0.019285950468  0.021357630686  0.015171953022  0.014150859101  0.017742855629  0.017748280220  0.018253331126  0.017222847119  0.002504523457  0.005525742742  0.011618732110  0.005525742742  0.009066884564  0.007043249053  0.002002762920  0.010583847080  0.004518346433  0.000500251007  0.000000000000  0.010080827209  0.015180529878  0.016194489635  0.015694180956  0.015176046472  0.016708403110  0.019803063659  0.018769373327  0.014154813334  0.014154813334  0.014154813334  
piranga_flava_lsu15408 0.015190665024  0.017250586806  0.012120725620  0.011103659634  0.014682397604  0.014688171056  0.015190665024  0.014163888493  0.012623739028  0.015699319613  0.021899648786  0.015699319613  0.018780902875  0.017244257516  0.012112982672  0.020832649577  0.014677012307  0.010590019507  0.010080827209  0.000000000000  0.012130015745  0.013139223226  0.012641824496  0.011103659634  0.013651292494  0.016734807527  0.015704847736  0.011107972513  0.011107972513  0.011107972513  
piranga_ludoviciana_sdsu2385 0.010088021143  0.012130015745  0.006031064897  0.005022901925  0.008565390584  0.008569167292  0.009070153092  0.008054359866  0.017742855629  0.020845549505  0.027099563628  0.020845549505  0.023951515733  0.022404170894  0.017227612939  0.024972567780  0.019815669747  0.015694180956  0.015180529878  0.012130015745  0.000000000000  0.008054359866  0.007557011451  0.007046248068  0.008561997655  0.011618732110  0.010597735880  0.006036413348  0.006036413348  0.006036413348  
piranga_olivacea_ku4672 0.012116660559  0.014163888493  0.008049245058  0.007038400359  0.010590019507  0.010593684891  0.011096191880  0.010077808630  0.018759414423  0.021863704004  0.028121608410  0.021863704004  0.024972567780  0.023423130746  0.018243907706  0.027041155209  0.020832649577  0.016708403110  0.016194489635  0.013139223226  0.008054359866  0.000000000000  0.005523898888  0.005018139793  0.006529767676  0.009569396382  0.008554125344  0.004011767148  0.004011767148  0.004011767148  
piranga_rubra_sdsu2635 0.011618732110  0.013667021662  0.007550113141  0.006539640825  0.010092195738  0.010096754914  0.010597735880  0.009578827235  0.018258631602  0.021364548501  0.027624853182  0.021364548501  0.024473229821  0.022924796554  0.017742855629  0.026540165313  0.020333860051  0.016208362025  0.015694180956  0.012641824496  0.007557011451  0.005523898888  0.000000000000  0.004518346433  0.006028964173  0.009070153092  0.008054359866  0.003512348951  0.003512348951  0.003512348951  
piranga_rubra_sdsu2654 0.011103659634  0.013148793618  0.007040633023  0.006031064897  0.008561997655  0.009582740742  0.010084231507  0.009066884564  0.017737822757  0.020838902649  0.027090024809  0.020838902649  0.023944025980  0.022396709465  0.017222847119  0.026009689684  0.019809170285  0.015689432145  0.015176046472  0.011103659634  0.007046248068  0.005018139793  0.004518346433  0.000000000000  0.005522437614  0.007544747832  0.006532566859  0.003007737898  0.003007737898  0.003007737898  
piranga_hepatica_ku4970 0.012627679607  0.014677012307  0.008556364653  0.007544747832  0.011099732629  0.011103659634  0.011606165007  0.010586740109  0.019275454969  0.022382970891  0.028647172390  0.022382970891  0.025494552570  0.023944025980  0.018759414423  0.027564507947  0.021351106937  0.017222847119  0.016708403110  0.013651292494  0.008561997655  0.006529767676  0.006028964173  0.005522437614  0.000000000000  0.007038400359  0.006027246291  0.002504209956  0.002504209956  0.002504209956  
piranga_rubra_ku7046 0.015704847736  0.017766900480  0.011609967644  0.010593684891  0.013143814754  0.014174516700  0.014677012307  0.013651292494  0.022382970891  0.025509986575  0.031812249797  0.025509986575  0.027587976618  0.027080883605  0.021863704004  0.030716219481  0.024473229821  0.020320714014  0.019803063659  0.016734807527  0.011618732110  0.009569396382  0.009070153092  0.007544747832  0.007038400359  0.000000000000  0.001001004699  0.005523898888  0.005523898888  0.005523898888  
piranga_lutea_lsu5400 0.014677012307  0.016734807527  0.010590019507  0.009575298419  0.012120725620  0.013148793618  0.013651292494  0.012627679607  0.021344977639  0.024465466267  0.030754988794  0.024465466267  0.027587976618  0.026033068890  0.020826790671  0.029663432613  0.023430347271  0.019285950468  0.018769373327  0.015704847736  0.010597735880  0.008554125344  0.008054359866  0.006532566859  0.006027246291  0.001001004699  0.000000000000  0.004515301408  0.004515301408  0.004515301408  
piranga_hepatica_ku9084 0.010088021143  0.012130015745  0.006031064897  0.005022901925  0.008565390584  0.008569167292  0.009070153092  0.008054359866  0.016712902429  0.019809170285  0.026050642736  0.019809170285  0.022909723295  0.021364548501  0.016198723003  0.024972567780  0.018780902875  0.014667407700  0.014154813334  0.011107972513  0.006036413348  0.004011767148  0.003512348951  0.003007737898  0.002504209956  0.005523898888  0.004515301408  0.000000000000  0.000000000000  0.000000000000  
piranga_olivacea_ku2699 0.010088021143  0.012130015745  0.006031064897  0.005022901925  0.008565390584  0.008569167292  0.009070153092  0.008054359866  0.016712902429  0.019809170285  0.026050642736  0.019809170285  0.022909723295  0.021364548501  0.016198723003  0.024972567780  0.018780902875  0.014667407700  0.014154813334  0.011107972513  0.006036413348  0.004011767148  0.003512348951  0.003007737898  0.002504209956  0.005523898888  0.004515301408  0.000000000000  0.000000000000  0.000000000000  
piranga_rubra_ku26592 0.010088021143  0.012130015745  0.006031064897  0.005022901925  0.008565390584  0.008569167292  0.009070153092  0.008054359866  0.016712902429  0.019809170285  0.026050642736  0.019809170285  0.022909723295  0.021364548501  0.016198723003  0.024972567780  0.018780902875  0.014667407700  0.014154813334  0.011107972513  0.006036413348  0.004011767148  0.003512348951  0.003007737898  0.002504209956  0.005523898888  0.004515301408  0.000000000000  0.000000000000  0.000000000000  

