30
cardinalis_cardinalis_ku21828 0.000000000000  0.002004024842  0.013166078817  0.012653212847  0.017279850516  0.014700919097  0.015738357379  0.015738357379  0.026050912305  0.025012987132  0.029204346628  0.025022186060  0.029754869239  0.027120052887  0.021899807898  0.031835515420  0.026070015344  0.025536350434  0.022429060539  0.017250680043  0.016770998695  0.013673072553  0.019872199973  0.018315172323  0.022447493131  0.027141863640  0.022979574291  0.016755383086  0.016755383086  0.016755383086  
cardinalis_cardinalis_ku25393 0.002004024842  0.000000000000  0.011117774827  0.010607011851  0.015215638601  0.012647342013  0.013679473245  0.013679473245  0.023959656370  0.022925014113  0.027099841059  0.022933115257  0.027645902669  0.025022186060  0.019822708451  0.029720965475  0.023976555768  0.023446187635  0.020348705428  0.015190748740  0.014707851835  0.011623718782  0.017797242505  0.016246675571  0.020364957306  0.025041779211  0.020893765723  0.014694376544  0.014694376544  0.014694376544  
piranga_erythrocephala_fmnh343371 0.013166078817  0.011117774827  0.000000000000  0.000500251047  0.005022907005  0.002505219897  0.003512350956  0.003512350956  0.018775135927  0.017748441070  0.021884299685  0.017754232099  0.022420438559  0.019822708451  0.014672115938  0.024481648042  0.018787396866  0.018264487431  0.015190748740  0.010080877194  0.009591735337  0.006539648586  0.012653212847  0.011117774827  0.015202411199  0.019837628546  0.015723814144  0.009582759736  0.009582759736  0.009582759736  
piranga_leucoptera_fmnh481795 0.012653212847  0.010607011851  0.000500251047  0.000000000000  0.004518350788  0.002003205533  0.003009068070  0.003009068070  0.018258823034  0.017232928636  0.021364756510  0.017238451995  0.021899807898  0.019304783749  0.014159254984  0.023959656370  0.018270546687  0.017748441070  0.014677093869  0.009572203325  0.009082277171  0.006033554864  0.012140874247  0.010607011851  0.014688224562  0.019319163195  0.015208829476  0.009073823606  0.009073823606  0.009073823606  
piranga_leucoptera_lsu7783 0.017279850516  0.015215638601  0.005022907005  0.004518350788  0.000000000000  0.006536911677  0.007553380835  0.007553380835  0.021877141223  0.020845754519  0.025004187155  0.020852767025  0.025545825250  0.022933115257  0.017754232099  0.027615351711  0.021891855375  0.020845754519  0.018277000408  0.014163967991  0.013679473245  0.010602194219  0.016762995242  0.015215638601  0.019326944480  0.023995047096  0.019854126750  0.013667061496  0.013667061496  0.013667061496  
piranga_erythrocephala_fmnh343370 0.014700919097  0.012647342013  0.002505219897  0.002003205533  0.006536911677  0.000000000000  0.005022907005  0.005022907005  0.020320947201  0.019291984408  0.023438210992  0.019298186368  0.023976555768  0.021372040324  0.016208490816  0.026041960478  0.020334034348  0.019809369589  0.016728855139  0.011606235519  0.011117774827  0.008057508256  0.014186730779  0.012647342013  0.016741334201  0.021387797210  0.017264480587  0.011108002857  0.011108002857  0.011108002857  
piranga_rubriceps_lsu265 0.015738357379  0.013679473245  0.003512350956  0.003009068070  0.007553380835  0.005022907005  0.000000000000  0.000000000000  0.020327292586  0.020334034348  0.024490172999  0.020341172093  0.025031783550  0.022420438559  0.017244369261  0.027099841059  0.021379720688  0.020852767025  0.017766996325  0.012632065594  0.012146869398  0.009077856982  0.015222838188  0.013679473245  0.017781334162  0.022438078859  0.018306752125  0.012135267525  0.012135267525  0.012135267525  
piranga_rubriceps_lsu34818 0.015738357379  0.013679473245  0.003512350956  0.003009068070  0.007553380835  0.005022907005  0.000000000000  0.000000000000  0.020327292586  0.020334034348  0.024490172999  0.020341172093  0.025031783550  0.022420438559  0.017244369261  0.027099841059  0.021379720688  0.020852767025  0.017766996325  0.012632065594  0.012146869398  0.009077856982  0.015222838188  0.013679473245  0.017781334162  0.022438078859  0.018306752125  0.012135267525  0.012135267525  0.012135267525  
piranga_roseogularis_ku2141 0.026050912305  0.023959656370  0.018775135927  0.018258823034  0.021877141223  0.020320947201  0.020327292586  0.020327292586  0.000000000000  0.009064048245  0.013139298864  0.009066918845  0.013661440462  0.011103699672  0.006028982090  0.016203501142  0.011606235519  0.011602838997  0.008559021943  0.011602838997  0.020327292586  0.017223065227  0.023438210992  0.021877141223  0.026025258171  0.030735307717  0.026557044671  0.020314998589  0.020314998589  0.020314998589  
piranga_ludoviciana_sdsu2208 0.025012987132  0.022925014113  0.017748441070  0.017232928636  0.020845754519  0.019291984408  0.020334034348  0.020334034348  0.009064048245  0.000000000000  0.007040652739  0.002003205533  0.006539648586  0.004014304999  0.003006796754  0.016208490816  0.010590070911  0.010586807643  0.007547259415  0.010586807643  0.019298186368  0.016198905219  0.022404385175  0.020845754519  0.024987785626  0.029690683123  0.025518598918  0.019286178261  0.019286178261  0.019286178261  
piranga_roseogularis_ku2049 0.029204346628  0.027099841059  0.021884299685  0.021364756510  0.025004187155  0.023438210992  0.024490172999  0.024490172999  0.013139298864  0.007040652739  0.000000000000  0.005020941673  0.009582759736  0.007043261746  0.008054381721  0.020334034348  0.014677093869  0.014672115938  0.011614198501  0.014672115938  0.023446187635  0.020320947201  0.026575100652  0.025004187155  0.029173695044  0.033910486104  0.029710468457  0.023430632827  0.023430632827  0.023430632827  
piranga_ludoviciana_sdsu2650 0.025022186060  0.022933115257  0.017754232099  0.017238451995  0.020852767025  0.019298186368  0.020341172093  0.020341172093  0.009066918845  0.002003205533  0.005020941673  0.000000000000  0.004520444408  0.002004024842  0.003007740580  0.016213873844  0.010593723359  0.010590070911  0.007550126923  0.010590070911  0.019304783749  0.016203501142  0.022412213307  0.020852767025  0.024995786522  0.029700374208  0.025527274859  0.019291984408  0.019291984408  0.019291984408  
piranga_ludoviciana_sdsu2648 0.029754869239  0.027645902669  0.022420438559  0.021899807898  0.025545825250  0.023976555768  0.025031783550  0.025031783550  0.013661440462  0.006539648586  0.009582759736  0.004520444408  0.000000000000  0.002506293040  0.007553380835  0.020867980441  0.015202411199  0.015196384157  0.012135267525  0.015196384157  0.023985602636  0.020852767025  0.027120052887  0.025545825250  0.028667046294  0.034465708666  0.030259942215  0.023967906882  0.023967906882  0.023967906882  
piranga_bidentata_tepe59 0.027120052887  0.025022186060  0.019822708451  0.019304783749  0.022933115257  0.021372040324  0.022420438559  0.022420438559  0.011103699672  0.004014304999  0.007043261746  0.002004024842  0.002506293040  0.000000000000  0.005022907005  0.018277000408  0.012636767997  0.012632065594  0.009582759736  0.012632065594  0.021379720688  0.018264487431  0.024499096617  0.022933115257  0.026041960478  0.031812675913  0.027625134691  0.021364756510  0.021364756510  0.021364756510  
piranga_bidentata_hgoslp104 0.021899807898  0.019822708451  0.014672115938  0.014159254984  0.017754232099  0.016208490816  0.017244369261  0.017244369261  0.006028982090  0.003006796754  0.008054381721  0.003007740580  0.007553380835  0.005022907005  0.000000000000  0.013139298864  0.007547259415  0.007544778703  0.004518350788  0.007544778703  0.016213873844  0.013131320601  0.019304783749  0.017754232099  0.021877141223  0.026557044671  0.022404385175  0.016203501142  0.016203501142  0.016203501142  
piranga_flava_ku90809 0.031835515420  0.029720965475  0.024481648042  0.023959656370  0.027615351711  0.026041960478  0.027099841059  0.027099841059  0.016203501142  0.016208490816  0.020334034348  0.016213873844  0.020867980441  0.018277000408  0.013139298864  0.000000000000  0.010590070911  0.016208490816  0.013143874576  0.017238451995  0.026050912305  0.022910005613  0.029193727221  0.027615351711  0.030217639918  0.034961690047  0.030755405684  0.025510323004  0.025510323004  0.025510323004  
piranga_lutea_ku89864 0.026070015344  0.023976555768  0.018787396866  0.018270546687  0.021891855375  0.020334034348  0.021379720688  0.021379720688  0.011606235519  0.010590070911  0.014677093869  0.010593723359  0.015202411199  0.012636767997  0.007547259415  0.010590070911  0.000000000000  0.010590070911  0.007550126923  0.011610022152  0.020341172093  0.017232928636  0.023454562364  0.021891855375  0.024995786522  0.029700374208  0.025527274859  0.020327292586  0.020327292586  0.020327292586  
piranga_bidentata_itm160 0.025536350434  0.023446187635  0.018264487431  0.017748441070  0.020845754519  0.019809369589  0.020852767025  0.020852767025  0.011602838997  0.010586807643  0.014672115938  0.010590070911  0.015196384157  0.012632065594  0.007544778703  0.016208490816  0.010590070911  0.000000000000  0.003006236984  0.011096260859  0.019815841170  0.016713086814  0.021884299685  0.021364756510  0.024481648042  0.029164283059  0.024995786522  0.019803294103  0.019803294103  0.019803294103  
piranga_bidentata_itm141 0.022429060539  0.020348705428  0.015190748740  0.014677093869  0.018277000408  0.016728855139  0.017766996325  0.017766996325  0.008559021943  0.007547259415  0.011614198501  0.007550126923  0.012135267525  0.009582759736  0.004518350788  0.013143874576  0.007550126923  0.003006236984  0.000000000000  0.008054381721  0.016734898247  0.013646921391  0.018794119650  0.018277000408  0.022404385175  0.026041960478  0.021891855375  0.016723205268  0.016723205268  0.016723205268  
piranga_flava_lsu15408 0.017250680043  0.015190748740  0.010080877194  0.009572203325  0.014163967991  0.011606235519  0.012632065594  0.012632065594  0.011602838997  0.010586807643  0.014672115938  0.010590070911  0.015196384157  0.012632065594  0.007544778703  0.017238451995  0.011610022152  0.011096260859  0.008054381721  0.000000000000  0.011610022152  0.008554187963  0.014677093869  0.013139298864  0.017232928636  0.021877141223  0.017754232099  0.011602838997  0.011602838997  0.011602838997  
piranga_ludoviciana_sdsu2385 0.016770998695  0.014707851835  0.009591735337  0.009082277171  0.013679473245  0.011117774827  0.012146869398  0.012146869398  0.020327292586  0.019298186368  0.023446187635  0.019304783749  0.023985602636  0.021379720688  0.016213873844  0.026050912305  0.020341172093  0.019815841170  0.016734898247  0.011610022152  0.000000000000  0.008061021460  0.014193397219  0.012653212847  0.016748162610  0.021396269499  0.017271969571  0.011112694705  0.011112694705  0.011112694705  
piranga_olivacea_ku4672 0.013673072553  0.011623718782  0.006539648586  0.006033554864  0.010602194219  0.008057508256  0.009077856982  0.009077856982  0.017223065227  0.016198905219  0.020320947201  0.016203501142  0.020852767025  0.018264487431  0.013131320601  0.022910005613  0.017232928636  0.016713086814  0.013646921391  0.008554187963  0.008061021460  0.000000000000  0.010092216252  0.008565406799  0.012632065594  0.017244369261  0.013148840818  0.007040652739  0.007040652739  0.007040652739  
piranga_rubra_sdsu2635 0.019872199973  0.017797242505  0.012653212847  0.012140874247  0.016762995242  0.014186730779  0.015222838188  0.015222838188  0.023438210992  0.022404385175  0.026575100652  0.022412213307  0.027120052887  0.024499096617  0.019304783749  0.029193727221  0.023454562364  0.021884299685  0.018794119650  0.014677093869  0.014193397219  0.010092216252  0.000000000000  0.005530581648  0.009578852943  0.014169072464  0.010092216252  0.004014304999  0.004014304999  0.004014304999  
piranga_rubra_sdsu2654 0.018315172323  0.016246675571  0.011117774827  0.010607011851  0.015215638601  0.012647342013  0.013679473245  0.013679473245  0.021877141223  0.020845754519  0.025004187155  0.020852767025  0.025545825250  0.022933115257  0.017754232099  0.027615351711  0.021891855375  0.021364756510  0.018277000408  0.013139298864  0.012653212847  0.008565406799  0.005530581648  0.000000000000  0.008054381721  0.012632065594  0.008565406799  0.002505219897  0.002505219897  0.002505219897  
piranga_hepatica_ku4970 0.022447493131  0.020364957306  0.015202411199  0.014688224562  0.019326944480  0.016741334201  0.017781334162  0.017781334162  0.026025258171  0.024987785626  0.029173695044  0.024995786522  0.028667046294  0.026041960478  0.021877141223  0.030217639918  0.024995786522  0.024481648042  0.022404385175  0.017232928636  0.016748162610  0.012632065594  0.009578852943  0.008054381721  0.000000000000  0.011606235519  0.007547259415  0.005525752682  0.005525752682  0.005525752682  
piranga_rubra_ku7046 0.027141863640  0.025041779211  0.019837628546  0.019319163195  0.023995047096  0.021387797210  0.022438078859  0.022438078859  0.030735307717  0.029690683123  0.033910486104  0.029700374208  0.034465708666  0.031812675913  0.026557044671  0.034961690047  0.029700374208  0.029164283059  0.026041960478  0.021877141223  0.021396269499  0.017244369261  0.014169072464  0.012632065594  0.011606235519  0.000000000000  0.004011782479  0.010084268493  0.010084268493  0.010084268493  
piranga_lutea_lsu5400 0.022979574291  0.020893765723  0.015723814144  0.015208829476  0.019854126750  0.017264480587  0.018306752125  0.018306752125  0.026557044671  0.025518598918  0.029710468457  0.025527274859  0.030259942215  0.027625134691  0.022404385175  0.030755405684  0.025527274859  0.024995786522  0.021891855375  0.017754232099  0.017271969571  0.013148840818  0.010092216252  0.008565406799  0.007547259415  0.004011782479  0.000000000000  0.006033554864  0.006033554864  0.006033554864  
piranga_hepatica_ku9084 0.016755383086  0.014694376544  0.009582759736  0.009073823606  0.013667061496  0.011108002857  0.012135267525  0.012135267525  0.020314998589  0.019286178261  0.023430632827  0.019291984408  0.023967906882  0.021364756510  0.016203501142  0.025510323004  0.020327292586  0.019803294103  0.016723205268  0.011602838997  0.011112694705  0.007040652739  0.004014304999  0.002505219897  0.005525752682  0.010084268493  0.006033554864  0.000000000000  0.000000000000  0.000000000000  
piranga_olivacea_ku2699 0.016755383086  0.014694376544  0.009582759736  0.009073823606  0.013667061496  0.011108002857  0.012135267525  0.012135267525  0.020314998589  0.019286178261  0.023430632827  0.019291984408  0.023967906882  0.021364756510  0.016203501142  0.025510323004  0.020327292586  0.019803294103  0.016723205268  0.011602838997  0.011112694705  0.007040652739  0.004014304999  0.002505219897  0.005525752682  0.010084268493  0.006033554864  0.000000000000  0.000000000000  0.000000000000  
piranga_rubra_ku26592 0.016755383086  0.014694376544  0.009582759736  0.009073823606  0.013667061496  0.011108002857  0.012135267525  0.012135267525  0.020314998589  0.019286178261  0.023430632827  0.019291984408  0.023967906882  0.021364756510  0.016203501142  0.025510323004  0.020327292586  0.019803294103  0.016723205268  0.011602838997  0.011112694705  0.007040652739  0.004014304999  0.002505219897  0.005525752682  0.010084268493  0.006033554864  0.000000000000  0.000000000000  0.000000000000  

