30
piranga_rubra_ku26592 0.000000000000  0.000957931880  0.001917857439  0.017499578354  0.013563430873  0.020811599998  0.001990385795  0.020811599998  0.003887517531  0.003873500409  0.000000000000  0.010111303610  0.000000000000  0.000000000000  0.001916745734  0.001203491855  0.001004101204  0.000958850393  0.002160223357  0.003840826122  0.013563430873  0.000957931880  0.017499578354  0.011602076113  0.011602076113  0.008119853861  0.001387125318  0.001917857439  0.000000000000  0.003844517671  
piranga_flava_ku90809 0.000957931880  0.000000000000  0.002879784993  0.018490910828  0.014547244857  0.021825590617  0.002988808972  0.021825590617  0.004863000237  0.004846979825  0.000000000000  0.010111303610  0.000957931880  0.000000000000  0.002877782609  0.001203491855  0.001004101204  0.001919698295  0.002160223357  0.004805884671  0.014547244857  0.000000000000  0.018490910828  0.012581710924  0.012581710924  0.008119853861  0.001387125318  0.002879784993  0.000957931880  0.004810508457  
piranga_ludoviciana_sdsu2385 0.001917857439  0.002879784993  0.000000000000  0.015523282690  0.011602076113  0.018790281981  0.003989398125  0.018790281981  0.005840550425  0.001932683909  0.000000000000  0.007845314436  0.001917857439  0.000000000000  0.003840826122  0.001203491855  0.003018885317  0.002882552045  0.000000000000  0.001916745734  0.011602076113  0.002879784993  0.015523282690  0.009649026609  0.009649026609  0.008119853861  0.001387125318  0.000000000000  0.001917857439  0.001918584455  
piranga_rubriceps_lsu265 0.017499578354  0.018490910828  0.015523282690  0.000000000000  0.013550302297  0.024825201966  0.020233532533  0.024825201966  0.021714369710  0.017619498387  0.011950891050  0.018064876511  0.017499578354  0.012382817252  0.019472080269  0.013387057690  0.016292448888  0.018508925928  0.013081986493  0.017489175990  0.013550302297  0.018490910828  0.000000000000  0.017472198015  0.012562474775  0.014969266634  0.014030154819  0.015523282690  0.017499578354  0.017506186996  
piranga_leucoptera_lsu7783 0.013563430873  0.014547244857  0.011602076113  0.013550302297  0.000000000000  0.018742902344  0.015103911883  0.018742902344  0.017703657576  0.013656048133  0.008340770021  0.011218695624  0.013563430873  0.005468660777  0.015523282690  0.009706707691  0.011148296615  0.014561367742  0.009784507480  0.013555419025  0.003831899412  0.014547244857  0.013550302297  0.013542306022  0.006721936911  0.005398598389  0.008386026288  0.011602076113  0.013563430873  0.013568557448  
cardinalis_cardinalis_ku25393 0.020811599998  0.021825590617  0.018790281981  0.024825201966  0.018742902344  0.000000000000  0.021626141779  0.000000000000  0.023101054337  0.020957003864  0.014505255885  0.016088713933  0.020811599998  0.011113173750  0.020799309566  0.017259028573  0.017622980857  0.021847268147  0.014456689425  0.020799309566  0.017747864032  0.021825590617  0.024825201966  0.018783427784  0.019739594039  0.015126093565  0.014030154819  0.018790281981  0.020811599998  0.020819933293  
piranga_olivacea_ku2699 0.001990385795  0.002988808972  0.003989398125  0.020233532533  0.015103911883  0.021626141779  0.000000000000  0.021626141779  0.006064893522  0.005997112092  0.001183550340  0.011248486661  0.001990385795  0.000000000000  0.003986277533  0.002410132215  0.003018885317  0.000000000000  0.003244141046  0.005992051537  0.015103911883  0.002988808972  0.020233532533  0.014081889653  0.013071218072  0.008119853861  0.001387125318  0.003989398125  0.001990385795  0.005998041710  
cardinalis_cardinalis_ku21828 0.020811599998  0.021825590617  0.018790281981  0.024825201966  0.018742902344  0.000000000000  0.021626141779  0.000000000000  0.023101054337  0.020957003864  0.014505255885  0.016088713933  0.020811599998  0.011113173750  0.020799309566  0.017259028573  0.017622980857  0.021847268147  0.014456689425  0.020799309566  0.017747864032  0.021825590617  0.024825201966  0.018783427784  0.019739594039  0.015126093565  0.014030154819  0.018790281981  0.020811599998  0.020819933293  
piranga_rubra_ku7046 0.003887517531  0.004863000237  0.005840550425  0.021714369710  0.017703657576  0.023101054337  0.006064893522  0.023101054337  0.000000000000  0.007863237547  0.003556697905  0.013509098451  0.003887517531  0.004094365337  0.001941143750  0.006037402707  0.005101147469  0.004867734618  0.006555231472  0.006818536156  0.017703657576  0.004863000237  0.021714369710  0.015705498384  0.015705498384  0.009480447815  0.002776101182  0.005840550425  0.003887517531  0.006818536156  
piranga_bidentata_hgoslp104 0.003873500409  0.004846979825  0.001932683909  0.017619498387  0.013656048133  0.020957003864  0.005997112092  0.020957003864  0.007863237547  0.000000000000  0.002370145576  0.010099956094  0.003873500409  0.002729146869  0.005817748131  0.003619937595  0.005042509220  0.004851683070  0.002160223357  0.003870558550  0.013656048133  0.004846979825  0.017619498387  0.011681136091  0.012660353505  0.010856775591  0.004173954173  0.001932683909  0.003873500409  0.003874307502  
piranga_ludoviciana_sdsu2648 0.000000000000  0.000000000000  0.000000000000  0.011950891050  0.008340770021  0.014505255885  0.001183550340  0.014505255885  0.003556697905  0.002370145576  0.000000000000  0.003882272618  0.000000000000  0.000000000000  0.001183207286  0.001215191648  0.001183550340  0.001183550340  0.000000000000  0.002368447495  0.008340770021  0.000000000000  0.011950891050  0.005942552998  0.005948358349  0.008119853861  0.001387125318  0.000000000000  0.000000000000  0.002368447495  
piranga_roseogularis_ku2049 0.010111303610  0.010111303610  0.007845314436  0.018064876511  0.011218695624  0.016088713933  0.011248486661  0.016088713933  0.013509098451  0.010099956094  0.003882272618  0.000000000000  0.010111303610  0.004099800041  0.012377726930  0.005130469609  0.008976917443  0.010122676653  0.003564030517  0.010103045442  0.011218695624  0.010111303610  0.018064876511  0.001112451609  0.011218695624  0.006757459305  0.005700808751  0.007845314436  0.010111303610  0.010103045442  
piranga_hepatica_ku4970 0.000000000000  0.000957931880  0.001917857439  0.017499578354  0.013563430873  0.020811599998  0.001990385795  0.020811599998  0.003887517531  0.003873500409  0.000000000000  0.010111303610  0.000000000000  0.000000000000  0.001916745734  0.001203491855  0.001004101204  0.000958850393  0.002160223357  0.003840826122  0.013563430873  0.000957931880  0.017499578354  0.011602076113  0.011602076113  0.008119853861  0.001387125318  0.001917857439  0.000000000000  0.003844517671  
piranga_hepatica_ku9084 0.000000000000  0.000000000000  0.000000000000  0.012382817252  0.005468660777  0.011113173750  0.000000000000  0.011113173750  0.004094365337  0.002729146869  0.000000000000  0.004099800041  0.000000000000  0.000000000000  0.002726895209  0.001362554853  0.001362554853  0.000000000000  0.000000000000  0.002726895209  0.006845679763  0.000000000000  0.012382817252  0.005474538578  0.005474538578  0.008369028105  0.001519952387  0.000000000000  0.000000000000  0.002726895209  
piranga_rubra_sdsu2654 0.001916745734  0.002877782609  0.003840826122  0.019472080269  0.015523282690  0.020799309566  0.003986277533  0.020799309566  0.001941143750  0.005817748131  0.001183207286  0.012377726930  0.001916745734  0.002726895209  0.000000000000  0.003616773192  0.003016684762  0.002880545810  0.004326934589  0.004803417320  0.015523282690  0.002877782609  0.019472080269  0.013555419025  0.013555419025  0.008119853861  0.001387125318  0.003840826122  0.001916745734  0.004808036349  
piranga_flava_lsu15408 0.001203491855  0.001203491855  0.001203491855  0.013387057690  0.009706707691  0.017259028573  0.002410132215  0.017259028573  0.006037402707  0.003619937595  0.001215191648  0.005130469609  0.001203491855  0.001362554853  0.003616773192  0.000000000000  0.002410132215  0.002410132215  0.001203491855  0.003616773192  0.009706707691  0.001203491855  0.013387057690  0.007261076301  0.007268510993  0.009486284628  0.002778434936  0.001203491855  0.001203491855  0.003616773192  
piranga_lutea_lsu5400 0.001004101204  0.001004101204  0.003018885317  0.016292448888  0.011148296615  0.017622980857  0.003018885317  0.017622980857  0.005101147469  0.005042509220  0.001183550340  0.008976917443  0.001004101204  0.001362554853  0.003016684762  0.002410132215  0.000000000000  0.002012415993  0.003244141046  0.005038337850  0.011148296615  0.001004101204  0.016292448888  0.010123875753  0.009108423645  0.006757459305  0.002778434936  0.003018885317  0.001004101204  0.005043419986  
piranga_olivacea_ku4672 0.000958850393  0.001919698295  0.002882552045  0.018508925928  0.014561367742  0.021847268147  0.000000000000  0.021847268147  0.004867734618  0.004851683070  0.001183550340  0.010122676653  0.000958850393  0.000000000000  0.002880545810  0.002410132215  0.002012415993  0.000000000000  0.003244141046  0.004810508457  0.014561367742  0.001919698295  0.018508925928  0.012593900244  0.012593900244  0.008119853861  0.001387125318  0.002882552045  0.000958850393  0.004815141150  
piranga_ludoviciana_sdsu2208 0.002160223357  0.002160223357  0.000000000000  0.013081986493  0.009784507480  0.014456689425  0.003244141046  0.014456689425  0.006555231472  0.002160223357  0.000000000000  0.003564030517  0.002160223357  0.000000000000  0.004326934589  0.001203491855  0.003244141046  0.003244141046  0.000000000000  0.002158812830  0.009784507480  0.002160223357  0.013081986493  0.005414829405  0.007598347433  0.008119853861  0.001387125318  0.000000000000  0.002160223357  0.002158812830  
piranga_bidentata_itm160 0.003840826122  0.004805884671  0.001916745734  0.017489175990  0.013555419025  0.020799309566  0.005992051537  0.020799309566  0.006818536156  0.003870558550  0.002368447495  0.010103045442  0.003840826122  0.002726895209  0.004803417320  0.003616773192  0.005038337850  0.004810508457  0.002158812830  0.000000000000  0.013555419025  0.004805884671  0.017489175990  0.011595915713  0.011595915713  0.009480447815  0.002776101182  0.001916745734  0.003840826122  0.000000000000  
piranga_leucoptera_fmnh481795 0.013563430873  0.014547244857  0.011602076113  0.013550302297  0.003831899412  0.017747864032  0.015103911883  0.017747864032  0.017703657576  0.013656048133  0.008340770021  0.011218695624  0.013563430873  0.006845679763  0.015523282690  0.009706707691  0.011148296615  0.014561367742  0.009784507480  0.013555419025  0.000000000000  0.014547244857  0.013550302297  0.013542306022  0.006721936911  0.006755205032  0.008386026288  0.011602076113  0.013563430873  0.013568557448  
piranga_lutea_ku89864 0.000957931880  0.000000000000  0.002879784993  0.018490910828  0.014547244857  0.021825590617  0.002988808972  0.021825590617  0.004863000237  0.004846979825  0.000000000000  0.010111303610  0.000957931880  0.000000000000  0.002877782609  0.001203491855  0.001004101204  0.001919698295  0.002160223357  0.004805884671  0.014547244857  0.000000000000  0.018490910828  0.012581710924  0.012581710924  0.008119853861  0.001387125318  0.002879784993  0.000957931880  0.004810508457  
piranga_rubriceps_lsu34818 0.017499578354  0.018490910828  0.015523282690  0.000000000000  0.013550302297  0.024825201966  0.020233532533  0.024825201966  0.021714369710  0.017619498387  0.011950891050  0.018064876511  0.017499578354  0.012382817252  0.019472080269  0.013387057690  0.016292448888  0.018508925928  0.013081986493  0.017489175990  0.013550302297  0.018490910828  0.000000000000  0.017472198015  0.012562474775  0.014969266634  0.014030154819  0.015523282690  0.017499578354  0.017506186996  
piranga_roseogularis_ku2141 0.011602076113  0.012581710924  0.009649026609  0.017472198015  0.013542306022  0.018783427784  0.014081889653  0.018783427784  0.015705498384  0.011681136091  0.005942552998  0.001112451609  0.011602076113  0.005474538578  0.013555419025  0.007261076301  0.010123875753  0.012593900244  0.005414829405  0.011595915713  0.013542306022  0.012581710924  0.017472198015  0.000000000000  0.012556752990  0.008119853861  0.008376128549  0.009649026609  0.011602076113  0.011607132424  
piranga_erythrocephala_fmnh343371 0.011602076113  0.012581710924  0.009649026609  0.012562474775  0.006721936911  0.019739594039  0.013071218072  0.019739594039  0.015705498384  0.012660353505  0.005948358349  0.011218695624  0.011602076113  0.005474538578  0.013555419025  0.007268510993  0.009108423645  0.012593900244  0.007598347433  0.011595915713  0.006721936911  0.012581710924  0.012562474775  0.012556752990  0.000000000000  0.004044683937  0.006977723947  0.009649026609  0.011602076113  0.011607132424  
piranga_erythrocephala_fmnh343370 0.008119853861  0.008119853861  0.008119853861  0.014969266634  0.005398598389  0.015126093565  0.008119853861  0.015126093565  0.009480447815  0.010856775591  0.008119853861  0.006757459305  0.008119853861  0.008369028105  0.008119853861  0.009486284628  0.006757459305  0.008119853861  0.008119853861  0.009480447815  0.006755205032  0.008119853861  0.014969266634  0.008119853861  0.004044683937  0.000000000000  0.010371822026  0.008119853861  0.008119853861  0.009480447815  
piranga_ludoviciana_sdsu2650 0.001387125318  0.001387125318  0.001387125318  0.014030154819  0.008386026288  0.014030154819  0.001387125318  0.014030154819  0.002776101182  0.004173954173  0.001387125318  0.005700808751  0.001387125318  0.001519952387  0.001387125318  0.002778434936  0.002778434936  0.001387125318  0.001387125318  0.002776101182  0.008386026288  0.001387125318  0.014030154819  0.008376128549  0.006977723947  0.010371822026  0.000000000000  0.001387125318  0.001387125318  0.002776101182  
piranga_bidentata_tepe59 0.001917857439  0.002879784993  0.000000000000  0.015523282690  0.011602076113  0.018790281981  0.003989398125  0.018790281981  0.005840550425  0.001932683909  0.000000000000  0.007845314436  0.001917857439  0.000000000000  0.003840826122  0.001203491855  0.003018885317  0.002882552045  0.000000000000  0.001916745734  0.011602076113  0.002879784993  0.015523282690  0.009649026609  0.009649026609  0.008119853861  0.001387125318  0.000000000000  0.001917857439  0.001918584455  
piranga_rubra_sdsu2635 0.000000000000  0.000957931880  0.001917857439  0.017499578354  0.013563430873  0.020811599998  0.001990385795  0.020811599998  0.003887517531  0.003873500409  0.000000000000  0.010111303610  0.000000000000  0.000000000000  0.001916745734  0.001203491855  0.001004101204  0.000958850393  0.002160223357  0.003840826122  0.013563430873  0.000957931880  0.017499578354  0.011602076113  0.011602076113  0.008119853861  0.001387125318  0.001917857439  0.000000000000  0.003844517671  
piranga_bidentata_itm141 0.003844517671  0.004810508457  0.001918584455  0.017506186996  0.013568557448  0.020819933293  0.005998041710  0.020819933293  0.006818536156  0.003874307502  0.002368447495  0.010103045442  0.003844517671  0.002726895209  0.004808036349  0.003616773192  0.005043419986  0.004815141150  0.002158812830  0.000000000000  0.013568557448  0.004810508457  0.017506186996  0.011607132424  0.011607132424  0.009480447815  0.002776101182  0.001918584455  0.003844517671  0.000000000000  

