30
cardinalis_cardinalis_ku21828 0.000000000000  0.000000000000  0.023936594342  0.023936594342  0.022370053552  0.022889473178  0.023923864720  0.022370053552  0.023936594342  0.024458018270  0.021868649658  0.021868649658  0.021868649658  0.022901866784  0.021868649658  0.023930015507  0.023415740829  0.023415740829  0.022388392684  0.024458018270  0.027581673664  0.027581673664  0.027581673664  0.029149217053  0.027581673664  0.027581673664  0.028640804376  0.024987619198  0.024987619198  0.026549443228  
cardinalis_cardinalis_ku25393 0.000000000000  0.000000000000  0.023936594342  0.023936594342  0.022370053552  0.022889473178  0.023923864720  0.022370053552  0.023936594342  0.024458018270  0.021868649658  0.021868649658  0.021868649658  0.022901866784  0.021868649658  0.023930015507  0.023415740829  0.023415740829  0.022388392684  0.024458018270  0.027581673664  0.027581673664  0.027581673664  0.029149217053  0.027581673664  0.027581673664  0.028640804376  0.024987619198  0.024987619198  0.026549443228  
piranga_erythrocephala_fmnh343371 0.023936594342  0.023936594342  0.000000000000  0.000000000000  0.009568884419  0.010077340165  0.011092805097  0.009568884419  0.011099378009  0.011609754181  0.009069280994  0.009069280994  0.009069280994  0.010083602936  0.009069280994  0.011095883534  0.010589548350  0.010589548350  0.009578046628  0.012120678040  0.014672950280  0.014672950280  0.014672950280  0.016210032187  0.014672950280  0.014672950280  0.015706486857  0.012125161882  0.012125161882  0.013656747522  
piranga_erythrocephala_fmnh343370 0.023936594342  0.023936594342  0.000000000000  0.000000000000  0.009568884419  0.010077340165  0.011092805097  0.009568884419  0.011099378009  0.011609754181  0.009069280994  0.009069280994  0.009069280994  0.010083602936  0.009069280994  0.011095883534  0.010589548350  0.010589548350  0.009578046628  0.012120678040  0.014672950280  0.014672950280  0.014672950280  0.016210032187  0.014672950280  0.014672950280  0.015706486857  0.012125161882  0.012125161882  0.013656747522  
piranga_rubriceps_lsu265 0.022370053552  0.022370053552  0.009568884419  0.009568884419  0.000000000000  0.000500262724  0.001501744483  0.000000000000  0.009568884419  0.010077340165  0.007543903396  0.007543903396  0.007543903396  0.008555671525  0.007543903396  0.009566660019  0.009060971083  0.009060971083  0.008050760682  0.010586339483  0.013131496732  0.013131496732  0.013131496732  0.014664021310  0.013131496732  0.013131496732  0.014159849808  0.010589548350  0.010589548350  0.012116610510  
piranga_leucoptera_fmnh481795 0.022889473178  0.022889473178  0.010077340165  0.010077340165  0.000500262724  0.000000000000  0.001000704432  0.000500262724  0.010077340165  0.010586339483  0.008050760682  0.008050760682  0.008050760682  0.009063326783  0.008050760682  0.010074831695  0.009568884419  0.009568884419  0.008558158125  0.011095883534  0.013643205632  0.013643205632  0.013643205632  0.015177095847  0.013643205632  0.013643205632  0.014672950280  0.011099378009  0.011099378009  0.012627795781  
piranga_leucoptera_lsu7783 0.023923864720  0.023923864720  0.011092805097  0.011092805097  0.001501744483  0.001000704432  0.000000000000  0.001501744483  0.011092805097  0.011602609150  0.009063326783  0.009063326783  0.009063326783  0.010077340165  0.009063326783  0.011090143071  0.010583546334  0.010583546334  0.009571523901  0.012112959662  0.014664021310  0.014664021310  0.014664021310  0.016200201424  0.014664021310  0.014664021310  0.014668276273  0.012116610510  0.012116610510  0.013647301696  
piranga_rubriceps_lsu34818 0.022370053552  0.022370053552  0.009568884419  0.009568884419  0.000000000000  0.000500262724  0.001501744483  0.000000000000  0.009568884419  0.010077340165  0.007543903396  0.007543903396  0.007543903396  0.008555671525  0.007543903396  0.009566660019  0.009060971083  0.009060971083  0.008050760682  0.010586339483  0.013131496732  0.013131496732  0.013131496732  0.014664021310  0.013131496732  0.013131496732  0.014159849808  0.010589548350  0.010589548350  0.012116610510  
piranga_roseogularis_ku2049 0.023936594342  0.023936594342  0.011099378009  0.011099378009  0.009568884419  0.010077340165  0.011092805097  0.009568884419  0.000000000000  0.001501529013  0.002002820457  0.002002820457  0.002002820457  0.003006352179  0.002002820457  0.004010930724  0.003508448784  0.003508448784  0.002504640253  0.005018609686  0.007541981973  0.007541981973  0.007541981973  0.009060971083  0.007541981973  0.007541981973  0.008558158125  0.005019951290  0.005019951290  0.006533575793  
piranga_roseogularis_ku2141 0.024458018270  0.024458018270  0.011609754181  0.011609754181  0.010077340165  0.010586339483  0.011602609150  0.010077340165  0.001501529013  0.000000000000  0.002504640253  0.002504640253  0.002504640253  0.003508954152  0.002504640253  0.004514038879  0.004011303721  0.004011303721  0.003006989517  0.005523062968  0.008048556972  0.008048556972  0.008048556972  0.009568884419  0.008048556972  0.008048556972  0.009066096877  0.005524684499  0.005524684499  0.007039637613  
piranga_bidentata_tepe59 0.021868649658  0.021868649658  0.009069280994  0.009069280994  0.007543903396  0.008050760682  0.009063326783  0.007543903396  0.002002820457  0.002504640253  0.000000000000  0.000000000000  0.000000000000  0.001000704432  0.000000000000  0.002002737115  0.001501529013  0.001501529013  0.000500262724  0.003006989517  0.005523062968  0.005523062968  0.005523062968  0.007037585116  0.005523062968  0.005523062968  0.006535758964  0.003008036024  0.003008036024  0.004517225314  
piranga_olivacea_ku4672 0.021868649658  0.021868649658  0.009069280994  0.009069280994  0.007543903396  0.008050760682  0.009063326783  0.007543903396  0.002002820457  0.002504640253  0.000000000000  0.000000000000  0.000000000000  0.001000704432  0.000000000000  0.002002737115  0.001501529013  0.001501529013  0.000500262724  0.003006989517  0.005523062968  0.005523062968  0.005523062968  0.007037585116  0.005523062968  0.005523062968  0.006535758964  0.003008036024  0.003008036024  0.004517225314  
piranga_ludoviciana_sdsu2650 0.021868649658  0.021868649658  0.009069280994  0.009069280994  0.007543903396  0.008050760682  0.009063326783  0.007543903396  0.002002820457  0.002504640253  0.000000000000  0.000000000000  0.000000000000  0.001000704432  0.000000000000  0.002002737115  0.001501529013  0.001501529013  0.000500262724  0.003006989517  0.005523062968  0.005523062968  0.005523062968  0.007037585116  0.005523062968  0.005523062968  0.006535758964  0.003008036024  0.003008036024  0.004517225314  
piranga_ludoviciana_sdsu2385 0.022901866784  0.022901866784  0.010083602936  0.010083602936  0.008555671525  0.009063326783  0.010077340165  0.008555671525  0.003006352179  0.003508954152  0.001000704432  0.001000704432  0.001000704432  0.000000000000  0.001000704432  0.003006124380  0.002504280205  0.002504280205  0.001501744483  0.004012087245  0.006531804700  0.006531804700  0.006531804700  0.008048556972  0.006531804700  0.006531804700  0.007546237894  0.004013280924  0.004013280924  0.005524684499  
piranga_ludoviciana_sdsu2208 0.021868649658  0.021868649658  0.009069280994  0.009069280994  0.007543903396  0.008050760682  0.009063326783  0.007543903396  0.002002820457  0.002504640253  0.000000000000  0.000000000000  0.000000000000  0.001000704432  0.000000000000  0.002002737115  0.001501529013  0.001501529013  0.000500262724  0.003006989517  0.005523062968  0.005523062968  0.005523062968  0.007037585116  0.005523062968  0.005523062968  0.006535758964  0.003008036024  0.003008036024  0.004517225314  
piranga_bidentata_hgoslp104 0.023930015507  0.023930015507  0.011095883534  0.011095883534  0.009566660019  0.010074831695  0.011090143071  0.009566660019  0.004010930724  0.004514038879  0.002002737115  0.002002737115  0.002002737115  0.003006124380  0.002002737115  0.000000000000  0.000500191094  0.000500191094  0.002504280205  0.005017679226  0.007540473998  0.007540473998  0.007540473998  0.009059030148  0.007540473998  0.007540473998  0.008555671525  0.005018609686  0.005018609686  0.006531804700  
piranga_bidentata_itm141 0.023415740829  0.023415740829  0.010589548350  0.010589548350  0.009060971083  0.009568884419  0.010583546334  0.009060971083  0.003508448784  0.004011303721  0.001501529013  0.001501529013  0.001501529013  0.002504280205  0.001501529013  0.000500191094  0.000000000000  0.000000000000  0.002002820457  0.004514690313  0.007035945382  0.007035945382  0.007035945382  0.008553599002  0.007035945382  0.007035945382  0.008050760682  0.004515752582  0.004515752582  0.006028051291  
piranga_bidentata_itm160 0.023415740829  0.023415740829  0.010589548350  0.010589548350  0.009060971083  0.009568884419  0.010583546334  0.009060971083  0.003508448784  0.004011303721  0.001501529013  0.001501529013  0.001501529013  0.002504280205  0.001501529013  0.000500191094  0.000000000000  0.000000000000  0.002002820457  0.004514690313  0.007035945382  0.007035945382  0.007035945382  0.008553599002  0.007035945382  0.007035945382  0.008050760682  0.004515752582  0.004515752582  0.006028051291  
piranga_ludoviciana_sdsu2648 0.022388392684  0.022388392684  0.009578046628  0.009578046628  0.008050760682  0.008558158125  0.009571523901  0.008050760682  0.002504640253  0.003006989517  0.000500262724  0.000500262724  0.000500262724  0.001501744483  0.000500262724  0.002504280205  0.002002820457  0.002002820457  0.000000000000  0.003509869367  0.006028051291  0.006028051291  0.006028051291  0.007543903396  0.006028051291  0.006028051291  0.007042102500  0.003511194057  0.003511194057  0.005021703666  
piranga_olivacea_ku2699 0.024458018270  0.024458018270  0.012120678040  0.012120678040  0.010586339483  0.011095883534  0.012112959662  0.010586339483  0.005018609686  0.005523062968  0.003006989517  0.003006989517  0.003006989517  0.004012087245  0.003006989517  0.005017679226  0.004514690313  0.004514690313  0.003509869367  0.000000000000  0.008555671525  0.008555671525  0.008555671525  0.010077340165  0.008555671525  0.008555671525  0.009574578094  0.006029953344  0.006029953344  0.007546237894  
piranga_flava_ku90809 0.027581673664  0.027581673664  0.014672950280  0.014672950280  0.013131496732  0.013643205632  0.014664021310  0.013131496732  0.007541981973  0.008048556972  0.005523062968  0.005523062968  0.005523062968  0.006531804700  0.005523062968  0.007540473998  0.007035945382  0.007035945382  0.006028051291  0.008555671525  0.000000000000  0.000000000000  0.000000000000  0.001501744483  0.000000000000  0.000000000000  0.012116610510  0.008558158125  0.008558158125  0.010080264036  
piranga_lutea_ku89864 0.027581673664  0.027581673664  0.014672950280  0.014672950280  0.013131496732  0.013643205632  0.014664021310  0.013131496732  0.007541981973  0.008048556972  0.005523062968  0.005523062968  0.005523062968  0.006531804700  0.005523062968  0.007540473998  0.007035945382  0.007035945382  0.006028051291  0.008555671525  0.000000000000  0.000000000000  0.000000000000  0.001501744483  0.000000000000  0.000000000000  0.012116610510  0.008558158125  0.008558158125  0.010080264036  
piranga_hepatica_ku4970 0.027581673664  0.027581673664  0.014672950280  0.014672950280  0.013131496732  0.013643205632  0.014664021310  0.013131496732  0.007541981973  0.008048556972  0.005523062968  0.005523062968  0.005523062968  0.006531804700  0.005523062968  0.007540473998  0.007035945382  0.007035945382  0.006028051291  0.008555671525  0.000000000000  0.000000000000  0.000000000000  0.001501744483  0.000000000000  0.000000000000  0.012116610510  0.008558158125  0.008558158125  0.010080264036  
piranga_lutea_lsu5400 0.029149217053  0.029149217053  0.016210032187  0.016210032187  0.014664021310  0.015177095847  0.016200201424  0.014664021310  0.009060971083  0.009568884419  0.007037585116  0.007037585116  0.007037585116  0.008048556972  0.007037585116  0.009059030148  0.008553599002  0.008553599002  0.007543903396  0.010077340165  0.001501744483  0.001501744483  0.001501744483  0.000000000000  0.001501744483  0.001501744483  0.013647301696  0.010080264036  0.010080264036  0.011605973486  
piranga_flava_lsu15408 0.027581673664  0.027581673664  0.014672950280  0.014672950280  0.013131496732  0.013643205632  0.014664021310  0.013131496732  0.007541981973  0.008048556972  0.005523062968  0.005523062968  0.005523062968  0.006531804700  0.005523062968  0.007540473998  0.007035945382  0.007035945382  0.006028051291  0.008555671525  0.000000000000  0.000000000000  0.000000000000  0.001501744483  0.000000000000  0.000000000000  0.012116610510  0.008558158125  0.008558158125  0.010080264036  
piranga_hepatica_ku9084 0.027581673664  0.027581673664  0.014672950280  0.014672950280  0.013131496732  0.013643205632  0.014664021310  0.013131496732  0.007541981973  0.008048556972  0.005523062968  0.005523062968  0.005523062968  0.006531804700  0.005523062968  0.007540473998  0.007035945382  0.007035945382  0.006028051291  0.008555671525  0.000000000000  0.000000000000  0.000000000000  0.001501744483  0.000000000000  0.000000000000  0.012116610510  0.008558158125  0.008558158125  0.010080264036  
piranga_rubra_sdsu2654 0.028640804376  0.028640804376  0.015706486857  0.015706486857  0.014159849808  0.014672950280  0.014668276273  0.014159849808  0.008558158125  0.009066096877  0.006535758964  0.006535758964  0.006535758964  0.007546237894  0.006535758964  0.008555671525  0.008050760682  0.008050760682  0.007042102500  0.009574578094  0.012116610510  0.012116610510  0.012116610510  0.013647301696  0.012116610510  0.012116610510  0.000000000000  0.005523062968  0.005523062968  0.007037585116  
piranga_rubra_ku7046 0.024987619198  0.024987619198  0.012125161882  0.012125161882  0.010589548350  0.011099378009  0.012116610510  0.010589548350  0.005019951290  0.005524684499  0.003008036024  0.003008036024  0.003008036024  0.004013280924  0.003008036024  0.005018609686  0.004515752582  0.004515752582  0.003511194057  0.006029953344  0.008558158125  0.008558158125  0.008558158125  0.010080264036  0.008558158125  0.008558158125  0.005523062968  0.000000000000  0.000000000000  0.001501744483  
piranga_rubra_sdsu2635 0.024987619198  0.024987619198  0.012125161882  0.012125161882  0.010589548350  0.011099378009  0.012116610510  0.010589548350  0.005019951290  0.005524684499  0.003008036024  0.003008036024  0.003008036024  0.004013280924  0.003008036024  0.005018609686  0.004515752582  0.004515752582  0.003511194057  0.006029953344  0.008558158125  0.008558158125  0.008558158125  0.010080264036  0.008558158125  0.008558158125  0.005523062968  0.000000000000  0.000000000000  0.001501744483  
piranga_rubra_ku26592 0.026549443228  0.026549443228  0.013656747522  0.013656747522  0.012116610510  0.012627795781  0.013647301696  0.012116610510  0.006533575793  0.007039637613  0.004517225314  0.004517225314  0.004517225314  0.005524684499  0.004517225314  0.006531804700  0.006028051291  0.006028051291  0.005021703666  0.007546237894  0.010080264036  0.010080264036  0.010080264036  0.011605973486  0.010080264036  0.010080264036  0.007037585116  0.001501744483  0.001501744483  0.000000000000  

