30
piranga_rubra_ku26592 0.000000000000  0.005615181908  0.003362599685  0.007876657908  0.006746679666  0.015874864018  0.006677098052  0.013590146275  0.003373944958  0.003362599685  0.005490698599  0.004489274930  0.006746679666  0.001608278779  0.002239004336  0.009872163506  0.002619294114  0.004489274930  0.006554552623  0.004486790431  0.005615181908  0.004908656637  0.009008992369  0.004614209788  0.011673585468  0.007754030280  0.002184443656  0.003362599685  0.004486790431  0.004486790431  
piranga_flava_ku90809 0.005615181908  0.000000000000  0.004489274930  0.009013019641  0.007881300857  0.015874864018  0.008025349765  0.014742436546  0.004504441312  0.004489274930  0.005490698599  0.005619047003  0.003365697714  0.001608278779  0.003362599685  0.004212140509  0.000000000000  0.005619047003  0.006554552623  0.005615181908  0.006746679666  0.004908656637  0.010147099993  0.007718121416  0.010491625930  0.007754030280  0.004380558743  0.004489274930  0.005615181908  0.005615181908  
piranga_ludoviciana_sdsu2385 0.003362599685  0.004489274930  0.000000000000  0.004486790431  0.003362599685  0.012432813083  0.002661115726  0.010159982844  0.002248290234  0.000000000000  0.001367845440  0.001118839820  0.003362599685  0.003222875172  0.001118839820  0.008451699210  0.005255386847  0.001118839820  0.002612451313  0.001118472090  0.002239004336  0.003266620157  0.005613316240  0.003070999713  0.008144945364  0.004641492961  0.002184443656  0.000000000000  0.003362599685  0.001118472090  
piranga_rubriceps_lsu265 0.007876657908  0.009013019641  0.004486790431  0.000000000000  0.003362599685  0.014715176166  0.006677098052  0.012432813083  0.006769515923  0.004486790431  0.004112623866  0.005615181908  0.007876657908  0.006471220705  0.005615181908  0.011296325587  0.007908495065  0.005615181908  0.003919204553  0.005613316240  0.002239004336  0.006557279270  0.001118472090  0.006163235688  0.008144945364  0.006191857543  0.000000000000  0.004486790431  0.007876657908  0.005613316240  
piranga_leucoptera_lsu7783 0.006746679666  0.007881300857  0.003362599685  0.003362599685  0.000000000000  0.013572797593  0.003998162395  0.011295211765  0.005638055565  0.003362599685  0.002738773424  0.004489274930  0.006746679666  0.004843839007  0.004489274930  0.009873128528  0.007908495065  0.004489274930  0.003920716566  0.004486790431  0.001118839820  0.004908656637  0.004486790431  0.004614209788  0.006979336314  0.003088497640  0.000000000000  0.003362599685  0.006746679666  0.004486790431  
cardinalis_cardinalis_ku25393 0.015874864018  0.015874864018  0.012432813083  0.014715176166  0.013572797593  0.000000000000  0.012072886320  0.009008992369  0.013626721271  0.012432813083  0.006870609263  0.013580453892  0.014722219149  0.011350844487  0.013580453892  0.012725439363  0.010554018789  0.013580453892  0.009196312451  0.013572797593  0.012426581370  0.011513305545  0.015859959753  0.012384014050  0.017590010681  0.007746657976  0.000000000000  0.012432813083  0.015874864018  0.013572797593  
piranga_olivacea_ku2699 0.006677098052  0.008025349765  0.002661115726  0.006677098052  0.003998162395  0.012072886320  0.000000000000  0.012083441521  0.005339572571  0.002661115726  0.004278588221  0.002661115726  0.006677098052  0.006481707062  0.003998162395  0.007154843936  0.010606893567  0.001328404269  0.004302035843  0.003993790070  0.003998162395  0.007476529442  0.008017921876  0.005215896003  0.010749424079  0.007777277095  0.006588470652  0.002661115726  0.006677098052  0.003993790070  
cardinalis_cardinalis_ku21828 0.013590146275  0.014742436546  0.010159982844  0.012432813083  0.011295211765  0.009008992369  0.012083441521  0.000000000000  0.012493797660  0.010159982844  0.009645886704  0.011304078659  0.013590146275  0.011360524231  0.011304078659  0.017033948094  0.015902196018  0.011304078659  0.010526243980  0.011295211765  0.010152531755  0.011518958370  0.013572797593  0.010824262081  0.016420117698  0.010883591334  0.002184443656  0.010159982844  0.013590146275  0.011295211765  
piranga_rubra_ku7046 0.003373944958  0.004504441312  0.002248290234  0.006769515923  0.005638055565  0.013626721271  0.005339572571  0.012493797660  0.000000000000  0.002248290234  0.004114289243  0.003377063954  0.005638055565  0.003222875172  0.001122607878  0.008451699210  0.005255386847  0.003377063954  0.005262300798  0.003373944958  0.004504441312  0.006557279270  0.007903337807  0.006163235688  0.010538613404  0.007765198315  0.004380558743  0.002248290234  0.003373944958  0.003373944958  
piranga_bidentata_hgoslp104 0.003362599685  0.004489274930  0.000000000000  0.004486790431  0.003362599685  0.012432813083  0.002661115726  0.010159982844  0.002248290234  0.000000000000  0.001367845440  0.001118839820  0.003362599685  0.003222875172  0.001118839820  0.008451699210  0.005255386847  0.001118839820  0.002612451313  0.001118472090  0.002239004336  0.003266620157  0.005613316240  0.003070999713  0.008144945364  0.004641492961  0.002184443656  0.000000000000  0.003362599685  0.001118472090  
piranga_ludoviciana_sdsu2648 0.005490698599  0.005490698599  0.001367845440  0.004112623866  0.002738773424  0.006870609263  0.004278588221  0.009645886704  0.004114289243  0.001367845440  0.000000000000  0.001367845440  0.004112623866  0.003501072738  0.002738773424  0.009872163506  0.007891374125  0.002738773424  0.004131286656  0.002739154026  0.002738773424  0.004097089626  0.005489966077  0.003793974831  0.005494423707  0.003163287280  0.004373946179  0.001367845440  0.005490698599  0.002739154026  
piranga_roseogularis_ku2049 0.004489274930  0.005619047003  0.001118839820  0.005615181908  0.004489274930  0.013580453892  0.002661115726  0.011304078659  0.003377063954  0.001118839820  0.001367845440  0.000000000000  0.004489274930  0.003222875172  0.002240733486  0.008451699210  0.005255386847  0.002240733486  0.002612451313  0.002239004336  0.003362599685  0.004908656637  0.006743429184  0.001533561957  0.009321643655  0.004641492961  0.002184443656  0.001118839820  0.004489274930  0.002239004336  
piranga_hepatica_ku4970 0.006746679666  0.003365697714  0.003362599685  0.007876657908  0.006746679666  0.014722219149  0.006677098052  0.013590146275  0.005638055565  0.003362599685  0.004112623866  0.004489274930  0.000000000000  0.003222875172  0.004489274930  0.008453655142  0.007908495065  0.004489274930  0.005235524928  0.004486790431  0.005615181908  0.003266620157  0.009008992369  0.006163235688  0.009313055501  0.006191857543  0.004380558743  0.003362599685  0.006746679666  0.004486790431  
piranga_hepatica_ku9084 0.001608278779  0.001608278779  0.003222875172  0.006471220705  0.004843839007  0.011350844487  0.006481707062  0.011360524231  0.003222875172  0.003222875172  0.003501072738  0.003222875172  0.003222875172  0.000000000000  0.001608278779  0.001748916217  0.002619294114  0.004843839007  0.003523834111  0.004837420318  0.004843839007  0.003715722246  0.006471220705  0.005206843129  0.008105071290  0.005125199733  0.002184443656  0.003222875172  0.004837420318  0.004837420318  
piranga_rubra_sdsu2654 0.002239004336  0.003362599685  0.001118839820  0.005615181908  0.004489274930  0.013580453892  0.003998162395  0.011304078659  0.001122607878  0.001118839820  0.002738773424  0.002240733486  0.004489274930  0.001608278779  0.000000000000  0.007035168569  0.002619294114  0.002240733486  0.003924930124  0.002239004336  0.003362599685  0.004908656637  0.006743429184  0.004614209788  0.009321643655  0.006200378237  0.002184443656  0.001118839820  0.002239004336  0.002239004336  
piranga_flava_lsu15408 0.009872163506  0.004212140509  0.008451699210  0.011296325587  0.009873128528  0.012725439363  0.007154843936  0.017033948094  0.008451699210  0.008451699210  0.009872163506  0.008451699210  0.008453655142  0.001748916217  0.007035168569  0.000000000000  0.000000000000  0.009873128528  0.009915083671  0.009872163506  0.009873128528  0.006158092826  0.012723267661  0.005701640962  0.012730819547  0.006349111244  0.004380558743  0.008451699210  0.009872163506  0.009872163506  
piranga_lutea_lsu5400 0.002619294114  0.000000000000  0.005255386847  0.007908495065  0.007908495065  0.010554018789  0.010606893567  0.015902196018  0.005255386847  0.005255386847  0.007891374125  0.005255386847  0.007908495065  0.002619294114  0.002619294114  0.000000000000  0.000000000000  0.007908495065  0.007908495065  0.007891374125  0.007908495065  0.007891374125  0.007908495065  0.007891374125  0.010578839857  0.007908495065  0.005656724449  0.005255386847  0.007891374125  0.007891374125  
piranga_olivacea_ku4672 0.004489274930  0.005619047003  0.001118839820  0.005615181908  0.004489274930  0.013580453892  0.001328404269  0.011304078659  0.003377063954  0.001118839820  0.002738773424  0.002240733486  0.004489274930  0.004843839007  0.002240733486  0.009873128528  0.007908495065  0.000000000000  0.003924930124  0.002239004336  0.003362599685  0.004908656637  0.006743429184  0.004614209788  0.009321643655  0.006200378237  0.004380558743  0.001118839820  0.004489274930  0.002239004336  
piranga_ludoviciana_sdsu2208 0.006554552623  0.006554552623  0.002612451313  0.003919204553  0.003920716566  0.009196312451  0.004302035843  0.010526243980  0.005262300798  0.002612451313  0.004131286656  0.002612451313  0.005235524928  0.003523834111  0.003924930124  0.009915083671  0.007908495065  0.003924930124  0.000000000000  0.003920716566  0.002610100631  0.004121560158  0.005231478512  0.003814949692  0.005235524928  0.000000000000  0.000000000000  0.002612451313  0.006554552623  0.003920716566  
piranga_bidentata_itm160 0.004486790431  0.005615181908  0.001118472090  0.005613316240  0.004486790431  0.013572797593  0.003993790070  0.011295211765  0.003373944958  0.001118472090  0.002739154026  0.002239004336  0.004486790431  0.004837420318  0.002239004336  0.009872163506  0.007891374125  0.002239004336  0.003920716566  0.000000000000  0.003361488228  0.004906283895  0.006742187704  0.004612113886  0.009313055501  0.006191857543  0.004373946179  0.001118472090  0.004486790431  0.000000000000  
piranga_leucoptera_fmnh481795 0.005615181908  0.006746679666  0.002239004336  0.002239004336  0.001118839820  0.012426581370  0.003998162395  0.010152531755  0.004504441312  0.002239004336  0.002738773424  0.003362599685  0.005615181908  0.004843839007  0.003362599685  0.009873128528  0.007908495065  0.003362599685  0.002610100631  0.003361488228  0.000000000000  0.004908656637  0.003361488228  0.004614209788  0.005807852639  0.003088497640  0.000000000000  0.002239004336  0.005615181908  0.003361488228  
piranga_lutea_ku89864 0.004908656637  0.004908656637  0.003266620157  0.006557279270  0.004908656637  0.011513305545  0.007476529442  0.011518958370  0.006557279270  0.003266620157  0.004097089626  0.004908656637  0.003266620157  0.003715722246  0.004908656637  0.006158092826  0.007891374125  0.004908656637  0.004121560158  0.004906283895  0.004908656637  0.000000000000  0.006557279270  0.006551968308  0.008608458272  0.005962270405  0.004402832966  0.003266620157  0.008204268228  0.004906283895  
piranga_rubriceps_lsu34818 0.009008992369  0.010147099993  0.005613316240  0.001118472090  0.004486790431  0.015859959753  0.008017921876  0.013572797593  0.007903337807  0.005613316240  0.005489966077  0.006743429184  0.009008992369  0.006471220705  0.006743429184  0.012723267661  0.007908495065  0.006743429184  0.005231478512  0.006742187704  0.003361488228  0.006557279270  0.000000000000  0.006163235688  0.009313055501  0.007746657976  0.000000000000  0.005613316240  0.009008992369  0.006742187704  
piranga_roseogularis_ku2141 0.004614209788  0.007718121416  0.003070999713  0.006163235688  0.004614209788  0.012384014050  0.005215896003  0.010824262081  0.006163235688  0.003070999713  0.003793974831  0.001533561957  0.006163235688  0.005206843129  0.004614209788  0.005701640962  0.007891374125  0.004614209788  0.003814949692  0.004612113886  0.004614209788  0.006551968308  0.006163235688  0.000000000000  0.011337530370  0.007393609753  0.004373946179  0.003070999713  0.007710817438  0.004612113886  
piranga_erythrocephala_fmnh343371 0.011673585468  0.010491625930  0.008144945364  0.008144945364  0.006979336314  0.017590010681  0.010749424079  0.016420117698  0.010538613404  0.008144945364  0.005494423707  0.009321643655  0.009313055501  0.008105071290  0.009321643655  0.012730819547  0.010578839857  0.009321643655  0.005235524928  0.009313055501  0.005807852639  0.008608458272  0.009313055501  0.011337530370  0.000000000000  0.001541347934  0.002184443656  0.008144945364  0.011673585468  0.009313055501  
piranga_erythrocephala_fmnh343370 0.007754030280  0.007754030280  0.004641492961  0.006191857543  0.003088497640  0.007746657976  0.007777277095  0.010883591334  0.007765198315  0.004641492961  0.003163287280  0.004641492961  0.006191857543  0.005125199733  0.006200378237  0.006349111244  0.007908495065  0.006200378237  0.000000000000  0.006191857543  0.003088497640  0.005962270405  0.007746657976  0.007393609753  0.001541347934  0.000000000000  0.000000000000  0.004641492961  0.009322162924  0.006191857543  
piranga_ludoviciana_sdsu2650 0.002184443656  0.004380558743  0.002184443656  0.000000000000  0.000000000000  0.000000000000  0.006588470652  0.002184443656  0.004380558743  0.002184443656  0.004373946179  0.002184443656  0.004380558743  0.002184443656  0.002184443656  0.004380558743  0.005656724449  0.004380558743  0.000000000000  0.004373946179  0.000000000000  0.004402832966  0.000000000000  0.004373946179  0.002184443656  0.000000000000  0.000000000000  0.002184443656  0.006576591332  0.004373946179  
piranga_bidentata_tepe59 0.003362599685  0.004489274930  0.000000000000  0.004486790431  0.003362599685  0.012432813083  0.002661115726  0.010159982844  0.002248290234  0.000000000000  0.001367845440  0.001118839820  0.003362599685  0.003222875172  0.001118839820  0.008451699210  0.005255386847  0.001118839820  0.002612451313  0.001118472090  0.002239004336  0.003266620157  0.005613316240  0.003070999713  0.008144945364  0.004641492961  0.002184443656  0.000000000000  0.003362599685  0.001118472090  
piranga_rubra_sdsu2635 0.004486790431  0.005615181908  0.003362599685  0.007876657908  0.006746679666  0.015874864018  0.006677098052  0.013590146275  0.003373944958  0.003362599685  0.005490698599  0.004489274930  0.006746679666  0.004837420318  0.002239004336  0.009872163506  0.007891374125  0.004489274930  0.006554552623  0.004486790431  0.005615181908  0.008204268228  0.009008992369  0.007710817438  0.011673585468  0.009322162924  0.006576591332  0.003362599685  0.000000000000  0.004486790431  
piranga_bidentata_itm141 0.004486790431  0.005615181908  0.001118472090  0.005613316240  0.004486790431  0.013572797593  0.003993790070  0.011295211765  0.003373944958  0.001118472090  0.002739154026  0.002239004336  0.004486790431  0.004837420318  0.002239004336  0.009872163506  0.007891374125  0.002239004336  0.003920716566  0.000000000000  0.003361488228  0.004906283895  0.006742187704  0.004612113886  0.009313055501  0.006191857543  0.004373946179  0.001118472090  0.004486790431  0.000000000000  

