30
piranga_rubra_ku26592 0.000000000000  0.002218860354  0.001108849352  0.003332109283  0.006689268387  0.004448250203  0.001173935258  0.005354000861  0.000000000000  0.003332109283  0.003683224077  0.002745882221  0.002220567852  0.001733596555  0.002302369110  0.003372206427  0.002265851242  0.001108849352  0.004842597596  0.004448250203  0.003335170384  0.003332109283  0.001108849352  0.002286575450  0.003342602521  0.000000000000  0.001531779280  0.002218860354  0.002220567852  0.005567298176  
piranga_flava_ku90809 0.002218860354  0.000000000000  0.001101164693  0.005526589371  0.006639703903  0.004416351187  0.002332732677  0.007070604967  0.002204187980  0.003308974524  0.003679490499  0.004089283758  0.002204187980  0.003470035360  0.002300533457  0.001122171529  0.004539110836  0.001101164693  0.006459666539  0.006639703903  0.003310050305  0.001101520824  0.003310050305  0.002284764902  0.004428550757  0.001542902209  0.003065776846  0.002204444669  0.004418766321  0.005526589371  
piranga_ludoviciana_sdsu2385 0.001108849352  0.001101164693  0.000000000000  0.004418766321  0.005530350792  0.003310050305  0.001165724344  0.005297277084  0.001101520824  0.002204187980  0.002451971065  0.002723447382  0.001101520824  0.001733596555  0.001149642341  0.002246539912  0.003403273720  0.000000000000  0.004842597596  0.005530350792  0.002205872947  0.002204187980  0.002205872947  0.001141766597  0.003320404823  0.000000000000  0.001531779280  0.001101164693  0.003313070962  0.004418766321  
piranga_rubriceps_lsu265 0.003332109283  0.005526589371  0.004418766321  0.000000000000  0.009996455597  0.007755709726  0.003503320487  0.005297277084  0.003310050305  0.006639703903  0.007389550686  0.004089283758  0.005530350792  0.001733596555  0.005772996756  0.006763732720  0.005681163024  0.004418766321  0.006459666539  0.007755709726  0.006644818600  0.006639703903  0.002204187980  0.005733278398  0.007779438163  0.003089455856  0.003065776846  0.005526589371  0.005530350792  0.008874621898  
piranga_leucoptera_lsu7783 0.006689268387  0.006639703903  0.005530350792  0.009996455597  0.000000000000  0.008874621898  0.007034342143  0.010644962194  0.006644818600  0.007755709726  0.006149300921  0.008219681346  0.006644818600  0.005214409816  0.005772996756  0.007899911020  0.009125647471  0.005530350792  0.009725236268  0.011121226120  0.005530350792  0.007755709726  0.007762184743  0.005733278398  0.008902233445  0.004641596544  0.006151693370  0.006639703903  0.008882464334  0.009996455597  
cardinalis_cardinalis_ku25393 0.004448250203  0.004416351187  0.003310050305  0.007755709726  0.008874621898  0.000000000000  0.003503320487  0.001761073512  0.004418766321  0.005526589371  0.006149300921  0.005459081123  0.004418766321  0.005214409816  0.004612387894  0.005630551039  0.006826258992  0.003310050305  0.004842597596  0.008874621898  0.005530350792  0.005526589371  0.005530350792  0.004580695727  0.006659569412  0.000000000000  0.004605964580  0.004416351187  0.006644818600  0.007755709726  
piranga_olivacea_ku2699 0.001173935258  0.002332732677  0.001165724344  0.003503320487  0.007034342143  0.003503320487  0.000000000000  0.007076814101  0.001165724344  0.003503320487  0.002598515646  0.004090928398  0.002334620131  0.003474216353  0.002442985845  0.003573023125  0.003607920540  0.001165724344  0.006469002341  0.005854107627  0.003506704667  0.003503320487  0.002334620131  0.002425211525  0.004681995396  0.001543601577  0.003069039172  0.002332732677  0.003506704667  0.005854107627  
cardinalis_cardinalis_ku21828 0.005354000861  0.007070604967  0.005297277084  0.005297277084  0.010644962194  0.001761073512  0.007076814101  0.000000000000  0.005297277084  0.005294515822  0.004163520944  0.008885536579  0.007076814101  0.008312132853  0.007586888772  0.009123941690  0.005531703035  0.005297277084  0.004698494307  0.008854066603  0.007076814101  0.008854066603  0.005297277084  0.007501517205  0.007076814101  0.000000000000  0.003821440665  0.007070604967  0.007076814101  0.008854066603  
piranga_rubra_ku7046 0.000000000000  0.002204187980  0.001101520824  0.003310050305  0.006644818600  0.004418766321  0.001165724344  0.005297277084  0.000000000000  0.003310050305  0.003683224077  0.002723447382  0.002205872947  0.001733596555  0.002302369110  0.003372206427  0.002265851242  0.001101520824  0.004842597596  0.004418766321  0.003313070962  0.003310050305  0.001101520824  0.002286575450  0.004432933379  0.000000000000  0.001531779280  0.002204187980  0.002205872947  0.005530350792  
piranga_bidentata_hgoslp104 0.003332109283  0.003308974524  0.002204187980  0.006639703903  0.007755709726  0.005526589371  0.003503320487  0.005294515822  0.003310050305  0.000000000000  0.001224236390  0.005459081123  0.003310050305  0.003474216353  0.003454905728  0.004500350211  0.003400086289  0.002204187980  0.003222326262  0.003313070962  0.004418766321  0.004416351187  0.004418766321  0.003431196714  0.002209057164  0.000000000000  0.000000000000  0.001101520824  0.005530350792  0.002205872947  
piranga_ludoviciana_sdsu2648 0.003683224077  0.003679490499  0.002451971065  0.007389550686  0.006149300921  0.006149300921  0.002598515646  0.004163520944  0.003683224077  0.001224236390  0.000000000000  0.004641596544  0.003683224077  0.003492416569  0.003683224077  0.004909634577  0.002451971065  0.002451971065  0.003222326262  0.003683224077  0.004918015648  0.004912621022  0.004918015648  0.003683224077  0.001224236390  0.000000000000  0.000000000000  0.002451971065  0.006156366175  0.002451971065  
piranga_roseogularis_ku2049 0.002745882221  0.004089283758  0.002723447382  0.004089283758  0.008219681346  0.005459081123  0.004090928398  0.008885536579  0.002723447382  0.005459081123  0.004641596544  0.000000000000  0.004090928398  0.001738739903  0.001434454218  0.005588006465  0.005647896989  0.002723447382  0.008473198193  0.008211847325  0.005462775704  0.005459081123  0.002723447382  0.001422213608  0.006839017273  0.001847987811  0.004620151514  0.004089283758  0.001360304951  0.008211847325  
piranga_hepatica_ku4970 0.002220567852  0.002204187980  0.001101520824  0.005530350792  0.006644818600  0.004418766321  0.002334620131  0.007076814101  0.002205872947  0.003310050305  0.003683224077  0.004090928398  0.000000000000  0.003474216353  0.002302369110  0.003372206427  0.004543715316  0.001101520824  0.006469002341  0.006644818600  0.003313070962  0.003310050305  0.003313070962  0.002286575450  0.004432933379  0.001543601577  0.003069039172  0.002204187980  0.004423129573  0.005530350792  
piranga_hepatica_ku9084 0.001733596555  0.003470035360  0.001733596555  0.001733596555  0.005214409816  0.005214409816  0.003474216353  0.008312132853  0.001733596555  0.003474216353  0.003492416569  0.001738739903  0.003474216353  0.000000000000  0.000000000000  0.005211734513  0.003474216353  0.001733596555  0.007746967621  0.005221916533  0.003474216353  0.005214409816  0.001733596555  0.000000000000  0.003474216353  0.000000000000  0.003474216353  0.001733596555  0.000000000000  0.005221916533  
piranga_rubra_sdsu2654 0.002302369110  0.002300533457  0.001149642341  0.005772996756  0.005772996756  0.004612387894  0.002442985845  0.007586888772  0.002302369110  0.003454905728  0.003683224077  0.001434454218  0.002302369110  0.000000000000  0.000000000000  0.003453733542  0.004617142445  0.001149642341  0.006469002341  0.005772996756  0.003458196901  0.003454905728  0.003458196901  0.000000000000  0.003466188118  0.000000000000  0.003069039172  0.002300533457  0.002302369110  0.004612387894  
piranga_flava_lsu15408 0.003372206427  0.001122171529  0.002246539912  0.006763732720  0.007899911020  0.005630551039  0.003573023125  0.009123941690  0.003372206427  0.004500350211  0.004909634577  0.005588006465  0.003372206427  0.005211734513  0.003453733542  0.000000000000  0.005677193224  0.002246539912  0.008081286211  0.007899911020  0.004500829894  0.002246273305  0.004500829894  0.003430040591  0.004510981525  0.003089961031  0.004603878582  0.003373114596  0.005632425888  0.006763732720  
piranga_lutea_lsu5400 0.002265851242  0.004539110836  0.003403273720  0.005681163024  0.009125647471  0.006826258992  0.003607920540  0.005531703035  0.002265851242  0.003400086289  0.002451971065  0.005647896989  0.004543715316  0.003474216353  0.004617142445  0.005677193224  0.000000000000  0.003403273720  0.003222326262  0.004539110836  0.005687192103  0.005681163024  0.003403273720  0.004585385077  0.003411012834  0.000000000000  0.001531779280  0.004539110836  0.004543715316  0.005681163024  
piranga_olivacea_ku4672 0.001108849352  0.001101164693  0.000000000000  0.004418766321  0.005530350792  0.003310050305  0.001165724344  0.005297277084  0.001101520824  0.002204187980  0.002451971065  0.002723447382  0.001101520824  0.001733596555  0.001149642341  0.002246539912  0.003403273720  0.000000000000  0.004842597596  0.005530350792  0.002205872947  0.002204187980  0.002205872947  0.001141766597  0.003320404823  0.000000000000  0.001531779280  0.001101164693  0.003313070962  0.004418766321  
piranga_ludoviciana_sdsu2208 0.004842597596  0.006459666539  0.004842597596  0.006459666539  0.009725236268  0.004842597596  0.006469002341  0.004698494307  0.004842597596  0.003222326262  0.003222326262  0.008473198193  0.006469002341  0.007746967621  0.006469002341  0.008081286211  0.003222326262  0.004842597596  0.000000000000  0.004842597596  0.008101587109  0.008089348902  0.004842597596  0.006469002341  0.003222326262  0.003523177751  0.003605752316  0.004842597596  0.008101587109  0.004842597596  
piranga_bidentata_itm160 0.004448250203  0.006639703903  0.005530350792  0.007755709726  0.011121226120  0.008874621898  0.005854107627  0.008854066603  0.004418766321  0.003313070962  0.003683224077  0.008211847325  0.006644818600  0.005221916533  0.005772996756  0.007899911020  0.004539110836  0.005530350792  0.004842597596  0.000000000000  0.007762184743  0.007755709726  0.005530350792  0.005733278398  0.005542611976  0.001543601577  0.001531779280  0.004423129573  0.006644818600  0.001101520824  
piranga_leucoptera_fmnh481795 0.003335170384  0.003310050305  0.002205872947  0.006644818600  0.005530350792  0.005530350792  0.003506704667  0.007076814101  0.003313070962  0.004418766321  0.004918015648  0.005462775704  0.003313070962  0.003474216353  0.003458196901  0.004500829894  0.005687192103  0.002205872947  0.008101587109  0.007762184743  0.000000000000  0.004418766321  0.004423129573  0.003434442815  0.005548350178  0.003092768846  0.004611819037  0.003310050305  0.005536063600  0.006644818600  
piranga_lutea_ku89864 0.003332109283  0.001101520824  0.002204187980  0.006639703903  0.007755709726  0.005526589371  0.003503320487  0.008854066603  0.003310050305  0.004416351187  0.004912621022  0.005459081123  0.003310050305  0.005214409816  0.003454905728  0.002246273305  0.005681163024  0.002204187980  0.008089348902  0.007755709726  0.004418766321  0.000000000000  0.004418766321  0.003431196714  0.005542611976  0.003089455856  0.004605964580  0.003308974524  0.005530350792  0.006639703903  
piranga_rubriceps_lsu34818 0.001108849352  0.003310050305  0.002205872947  0.002204187980  0.007762184743  0.005530350792  0.002334620131  0.005297277084  0.001101520824  0.004418766321  0.004918015648  0.002723447382  0.003313070962  0.001733596555  0.003458196901  0.004500829894  0.003403273720  0.002205872947  0.004842597596  0.005530350792  0.004423129573  0.004418766321  0.000000000000  0.003434442815  0.005548350178  0.001543601577  0.001531779280  0.003310050305  0.003313070962  0.006644818600  
piranga_roseogularis_ku2141 0.002286575450  0.002284764902  0.001141766597  0.005733278398  0.005733278398  0.004580695727  0.002425211525  0.007501517205  0.002286575450  0.003431196714  0.003683224077  0.001422213608  0.002286575450  0.000000000000  0.000000000000  0.003430040591  0.004585385077  0.001141766597  0.006469002341  0.005733278398  0.003434442815  0.003431196714  0.003434442815  0.000000000000  0.003442324501  0.000000000000  0.003069039172  0.002284764902  0.002286575450  0.004580695727  
piranga_erythrocephala_fmnh343371 0.003342602521  0.004428550757  0.003320404823  0.007779438163  0.008902233445  0.006659569412  0.004681995396  0.007076814101  0.004432933379  0.002209057164  0.001224236390  0.006839017273  0.004432933379  0.003474216353  0.003466188118  0.004510981525  0.003411012834  0.003320404823  0.003222326262  0.005542611976  0.005548350178  0.005542611976  0.005548350178  0.003442324501  0.000000000000  0.000000000000  0.000000000000  0.003317370774  0.006666670257  0.004428550757  
piranga_erythrocephala_fmnh343370 0.000000000000  0.001542902209  0.000000000000  0.003089455856  0.004641596544  0.000000000000  0.001543601577  0.000000000000  0.000000000000  0.000000000000  0.000000000000  0.001847987811  0.001543601577  0.000000000000  0.000000000000  0.003089961031  0.000000000000  0.000000000000  0.003523177751  0.001543601577  0.003092768846  0.003089455856  0.001543601577  0.000000000000  0.000000000000  0.000000000000  0.000000000000  0.000000000000  0.001543601577  0.001543601577  
piranga_ludoviciana_sdsu2650 0.001531779280  0.003065776846  0.001531779280  0.003065776846  0.006151693370  0.004605964580  0.003069039172  0.003821440665  0.001531779280  0.000000000000  0.000000000000  0.004620151514  0.003069039172  0.003474216353  0.003069039172  0.004603878582  0.001531779280  0.001531779280  0.003605752316  0.001531779280  0.004611819037  0.004605964580  0.001531779280  0.003069039172  0.000000000000  0.000000000000  0.000000000000  0.001531779280  0.003069039172  0.001531779280  
piranga_bidentata_tepe59 0.002218860354  0.002204444669  0.001101164693  0.005526589371  0.006639703903  0.004416351187  0.002332732677  0.007070604967  0.002204187980  0.001101520824  0.002451971065  0.004089283758  0.002204187980  0.001733596555  0.002300533457  0.003373114596  0.004539110836  0.001101164693  0.004842597596  0.004423129573  0.003310050305  0.003308974524  0.003310050305  0.002284764902  0.003317370774  0.000000000000  0.001531779280  0.000000000000  0.004418766321  0.003313070962  
piranga_rubra_sdsu2635 0.002220567852  0.004418766321  0.003313070962  0.005530350792  0.008882464334  0.006644818600  0.003506704667  0.007076814101  0.002205872947  0.005530350792  0.006156366175  0.001360304951  0.004423129573  0.000000000000  0.002302369110  0.005632425888  0.004543715316  0.003313070962  0.008101587109  0.006644818600  0.005536063600  0.005530350792  0.003313070962  0.002286575450  0.006666670257  0.001543601577  0.003069039172  0.004418766321  0.000000000000  0.007762184743  
piranga_bidentata_itm141 0.005567298176  0.005526589371  0.004418766321  0.008874621898  0.009996455597  0.007755709726  0.005854107627  0.008854066603  0.005530350792  0.002205872947  0.002451971065  0.008211847325  0.005530350792  0.005221916533  0.004612387894  0.006763732720  0.005681163024  0.004418766321  0.004842597596  0.001101520824  0.006644818600  0.006639703903  0.006644818600  0.004580695727  0.004428550757  0.001543601577  0.001531779280  0.003313070962  0.007762184743  0.000000000000  

