30
cardinalis_cardinalis_ku21828 0.000000000000  0.000000000000  0.016187498701  0.015162207434  0.013630182337  0.016695308572  0.021323438860  0.021323438860  0.018752528879  0.016695308572  0.014143588648  0.014143588648  0.014143588648  0.014143588648  0.015677465736  0.019789006365  0.019789006365  0.013630182337  0.015672114214  0.015160051994  0.015160051994  0.015672114214  0.016184740032  0.014652699141  0.013630182337  0.013630182337  0.015162207434  0.014143588648  0.014143588648  0.015674570936  
cardinalis_cardinalis_ku25393 0.000000000000  0.000000000000  0.016187498701  0.015162207434  0.013630182337  0.016695308572  0.021323438860  0.021323438860  0.018752528879  0.016695308572  0.014143588648  0.014143588648  0.014143588648  0.014143588648  0.015677465736  0.019789006365  0.019789006365  0.013630182337  0.015672114214  0.015160051994  0.015160051994  0.015672114214  0.016184740032  0.014652699141  0.013630182337  0.013630182337  0.015162207434  0.014143588648  0.014143588648  0.015674570936  
piranga_roseogularis_ku2049 0.016187498701  0.016187498701  0.000000000000  0.001001075075  0.009583449303  0.012634314468  0.017244448580  0.017244448580  0.014686737460  0.012634314468  0.010098037938  0.010098037938  0.010098037938  0.010098037938  0.011625981566  0.015723171567  0.015723171567  0.009583449303  0.011615885517  0.011105012199  0.011105012199  0.011615885517  0.012639316336  0.010603595754  0.009583449303  0.009583449303  0.011109544725  0.010098037938  0.010098037938  0.011620717928  
piranga_roseogularis_ku2141 0.015162207434  0.015162207434  0.001001075075  0.000000000000  0.008565532424  0.011611484692  0.016213244856  0.016213244856  0.013659395413  0.011611484692  0.009078410907  0.009078410907  0.009078410907  0.009078410907  0.010603595754  0.014692949379  0.014692949379  0.008565532424  0.010594698635  0.010084943598  0.010084943598  0.010594698635  0.011615885517  0.009583449303  0.008565532424  0.008565532424  0.010088878323  0.009078410907  0.009078410907  0.010598931932  
piranga_erythrocephala_fmnh343371 0.013630182337  0.013630182337  0.009583449303  0.008565532424  0.000000000000  0.003006411807  0.007542480937  0.007542480937  0.005020241404  0.003006411807  0.002505502388  0.002505502388  0.002505502388  0.002505502388  0.004013492085  0.008054231309  0.008054231309  0.002002846901  0.004011409959  0.003508515844  0.003508515844  0.004011409959  0.005018830127  0.003007084500  0.002002846901  0.002002846901  0.003509053470  0.002505502388  0.002505502388  0.004012238173  
piranga_erythrocephala_fmnh343370 0.016695308572  0.016695308572  0.012634314468  0.011611484692  0.003006411807  0.000000000000  0.004515967092  0.004515967092  0.002004306476  0.000000000000  0.005523358536  0.005523358536  0.005523358536  0.005523358536  0.007038074366  0.011097241210  0.011097241210  0.005017845586  0.007035046282  0.006529754046  0.006529754046  0.007035046282  0.008047278306  0.006026864615  0.005017845586  0.005017845586  0.006530760308  0.005523358536  0.005523358536  0.007036345910  
piranga_rubriceps_lsu265 0.021323438860  0.021323438860  0.017244448580  0.016213244856  0.007542480937  0.004515967092  0.000000000000  0.000000000000  0.006536348549  0.004515967092  0.009061715041  0.009061715041  0.009061715041  0.009061715041  0.010584585487  0.014666234128  0.014666234128  0.009567418023  0.011598204469  0.011088825313  0.011088825313  0.011598204469  0.012618637116  0.010584585487  0.009567418023  0.009567418023  0.011091198047  0.010078366113  0.010078366113  0.011600875336  
piranga_rubriceps_lsu34818 0.021323438860  0.021323438860  0.017244448580  0.016213244856  0.007542480937  0.004515967092  0.000000000000  0.000000000000  0.006536348549  0.004515967092  0.009061715041  0.009061715041  0.009061715041  0.009061715041  0.010584585487  0.014666234128  0.014666234128  0.009567418023  0.011598204469  0.011088825313  0.011088825313  0.011598204469  0.012618637116  0.010584585487  0.009567418023  0.009567418023  0.011091198047  0.010078366113  0.010078366113  0.011600875336  
piranga_leucoptera_lsu7783 0.018752528879  0.018752528879  0.014686737460  0.013659395413  0.005020241404  0.002004306476  0.006536348549  0.006536348549  0.000000000000  0.002004306476  0.007546955345  0.007546955345  0.007546955345  0.007546955345  0.009067104230  0.013141702549  0.013141702549  0.007038074366  0.009061715041  0.008554220485  0.008554220485  0.009061715041  0.010078366113  0.008051484372  0.007038074366  0.007038074366  0.008556404048  0.007546955345  0.007546955345  0.009064194535  
piranga_leucoptera_fmnh481795 0.016695308572  0.016695308572  0.012634314468  0.011611484692  0.003006411807  0.000000000000  0.004515967092  0.004515967092  0.002004306476  0.000000000000  0.005523358536  0.005523358536  0.005523358536  0.005523358536  0.007038074366  0.011097241210  0.011097241210  0.005017845586  0.007035046282  0.006529754046  0.006529754046  0.007035046282  0.008047278306  0.006026864615  0.005017845586  0.005017845586  0.006530760308  0.005523358536  0.005523358536  0.007036345910  
piranga_bidentata_itm141 0.014143588648  0.014143588648  0.010098037938  0.009078410907  0.002505502388  0.005523358536  0.009061715041  0.009061715041  0.007546955345  0.005523358536  0.000000000000  0.000000000000  0.000000000000  0.000000000000  0.001501768140  0.005525062293  0.005525062293  0.002505502388  0.004515967092  0.004012238173  0.004012238173  0.004515967092  0.005525062293  0.003511404446  0.002505502388  0.002505502388  0.004013492085  0.003009703513  0.003009703513  0.004517512558  
piranga_bidentata_hgoslp104 0.014143588648  0.014143588648  0.010098037938  0.009078410907  0.002505502388  0.005523358536  0.009061715041  0.009061715041  0.007546955345  0.005523358536  0.000000000000  0.000000000000  0.000000000000  0.000000000000  0.001501768140  0.005525062293  0.005525062293  0.002505502388  0.004515967092  0.004012238173  0.004012238173  0.004515967092  0.005525062293  0.003511404446  0.002505502388  0.002505502388  0.004013492085  0.003009703513  0.003009703513  0.004517512558  
piranga_ludoviciana_sdsu2385 0.014143588648  0.014143588648  0.010098037938  0.009078410907  0.002505502388  0.005523358536  0.009061715041  0.009061715041  0.007546955345  0.005523358536  0.000000000000  0.000000000000  0.000000000000  0.000000000000  0.001501768140  0.005525062293  0.005525062293  0.002505502388  0.004515967092  0.004012238173  0.004012238173  0.004515967092  0.005525062293  0.003511404446  0.002505502388  0.002505502388  0.004013492085  0.003009703513  0.003009703513  0.004517512558  
piranga_bidentata_itm160 0.014143588648  0.014143588648  0.010098037938  0.009078410907  0.002505502388  0.005523358536  0.009061715041  0.009061715041  0.007546955345  0.005523358536  0.000000000000  0.000000000000  0.000000000000  0.000000000000  0.001501768140  0.005525062293  0.005525062293  0.002505502388  0.004515967092  0.004012238173  0.004012238173  0.004515967092  0.005525062293  0.003511404446  0.002505502388  0.002505502388  0.004013492085  0.003009703513  0.003009703513  0.004517512558  
piranga_bidentata_tepe59 0.015677465736  0.015677465736  0.011625981566  0.010603595754  0.004013492085  0.007038074366  0.010584585487  0.010584585487  0.009067104230  0.007038074366  0.001501768140  0.001501768140  0.001501768140  0.001501768140  0.000000000000  0.007040231283  0.007040231283  0.004013492085  0.006028434072  0.005523358536  0.005523358536  0.006028434072  0.007040231283  0.005022079056  0.004013492085  0.004013492085  0.005525062293  0.004519483697  0.004519483697  0.006030430945  
piranga_olivacea_ku2699 0.019789006365  0.019789006365  0.015723171567  0.014692949379  0.008054231309  0.011097241210  0.014666234128  0.014666234128  0.013141702549  0.011097241210  0.005525062293  0.005525062293  0.005525062293  0.005525062293  0.007040231283  0.000000000000  0.000000000000  0.008054231309  0.010081439408  0.009572539251  0.009572539251  0.010081439408  0.011100910907  0.009070443764  0.008054231309  0.008054231309  0.009575745869  0.008565532424  0.008565532424  0.010084943598  
piranga_olivacea_ku4672 0.019789006365  0.019789006365  0.015723171567  0.014692949379  0.008054231309  0.011097241210  0.014666234128  0.014666234128  0.013141702549  0.011097241210  0.005525062293  0.005525062293  0.005525062293  0.005525062293  0.007040231283  0.000000000000  0.000000000000  0.008054231309  0.010081439408  0.009572539251  0.009572539251  0.010081439408  0.011100910907  0.009070443764  0.008054231309  0.008054231309  0.009575745869  0.008565532424  0.008565532424  0.010084943598  
piranga_ludoviciana_sdsu2208 0.013630182337  0.013630182337  0.009583449303  0.008565532424  0.002002846901  0.005017845586  0.009567418023  0.009567418023  0.007038074366  0.005017845586  0.002505502388  0.002505502388  0.002505502388  0.002505502388  0.004013492085  0.008054231309  0.008054231309  0.000000000000  0.002002846901  0.001501538926  0.001501538926  0.002002846901  0.003007084500  0.001001075075  0.000000000000  0.000000000000  0.003509053470  0.002505502388  0.002505502388  0.004012238173  
piranga_flava_ku90809 0.015672114214  0.015672114214  0.011615885517  0.010594698635  0.004011409959  0.007035046282  0.011598204469  0.011598204469  0.009061715041  0.007035046282  0.004515967092  0.004515967092  0.004515967092  0.004515967092  0.006028434072  0.010081439408  0.010081439408  0.002002846901  0.000000000000  0.000500268576  0.000500268576  0.004011409959  0.005018830127  0.003007084500  0.002002846901  0.002002846901  0.005522081854  0.004515967092  0.004515967092  0.006026864615  
piranga_flava_lsu15408 0.015160051994  0.015160051994  0.011105012199  0.010084943598  0.003508515844  0.006529754046  0.011088825313  0.011088825313  0.008554220485  0.006529754046  0.004012238173  0.004012238173  0.004012238173  0.004012238173  0.005523358536  0.009572539251  0.009572539251  0.001501538926  0.000500268576  0.000000000000  0.000000000000  0.003508515844  0.004514847661  0.002504695037  0.001501538926  0.001501538926  0.005017845586  0.004012238173  0.004012238173  0.005522081854  
piranga_ludoviciana_sdsu2650 0.015160051994  0.015160051994  0.011105012199  0.010084943598  0.003508515844  0.006529754046  0.011088825313  0.011088825313  0.008554220485  0.006529754046  0.004012238173  0.004012238173  0.004012238173  0.004012238173  0.005523358536  0.009572539251  0.009572539251  0.001501538926  0.000500268576  0.000000000000  0.000000000000  0.003508515844  0.004514847661  0.002504695037  0.001501538926  0.001501538926  0.005017845586  0.004012238173  0.004012238173  0.005522081854  
piranga_lutea_lsu5400 0.015672114214  0.015672114214  0.011615885517  0.010594698635  0.004011409959  0.007035046282  0.011598204469  0.011598204469  0.009061715041  0.007035046282  0.004515967092  0.004515967092  0.004515967092  0.004515967092  0.006028434072  0.010081439408  0.010081439408  0.002002846901  0.004011409959  0.003508515844  0.003508515844  0.000000000000  0.005018830127  0.003007084500  0.002002846901  0.002002846901  0.005522081854  0.004515967092  0.004515967092  0.006026864615  
piranga_hepatica_ku4970 0.016184740032  0.016184740032  0.012639316336  0.011615885517  0.005018830127  0.008047278306  0.012618637116  0.012618637116  0.010078366113  0.008047278306  0.005525062293  0.005525062293  0.005525062293  0.005525062293  0.007040231283  0.011100910907  0.011100910907  0.003007084500  0.005018830127  0.004514847661  0.004514847661  0.005018830127  0.000000000000  0.004013492085  0.003007084500  0.003007084500  0.006532195056  0.005525062293  0.005525062293  0.007038074366  
piranga_lutea_ku89864 0.014652699141  0.014652699141  0.010603595754  0.009583449303  0.003007084500  0.006026864615  0.010584585487  0.010584585487  0.008051484372  0.006026864615  0.003511404446  0.003511404446  0.003511404446  0.003511404446  0.005022079056  0.009070443764  0.009070443764  0.001001075075  0.003007084500  0.002504695037  0.002504695037  0.003007084500  0.004013492085  0.000000000000  0.001001075075  0.001001075075  0.004515967092  0.003511404446  0.003511404446  0.005020241404  
piranga_hepatica_ku9084 0.013630182337  0.013630182337  0.009583449303  0.008565532424  0.002002846901  0.005017845586  0.009567418023  0.009567418023  0.007038074366  0.005017845586  0.002505502388  0.002505502388  0.002505502388  0.002505502388  0.004013492085  0.008054231309  0.008054231309  0.000000000000  0.002002846901  0.001501538926  0.001501538926  0.002002846901  0.003007084500  0.001001075075  0.000000000000  0.000000000000  0.003509053470  0.002505502388  0.002505502388  0.004012238173  
piranga_ludoviciana_sdsu2648 0.013630182337  0.013630182337  0.009583449303  0.008565532424  0.002002846901  0.005017845586  0.009567418023  0.009567418023  0.007038074366  0.005017845586  0.002505502388  0.002505502388  0.002505502388  0.002505502388  0.004013492085  0.008054231309  0.008054231309  0.000000000000  0.002002846901  0.001501538926  0.001501538926  0.002002846901  0.003007084500  0.001001075075  0.000000000000  0.000000000000  0.003509053470  0.002505502388  0.002505502388  0.004012238173  
piranga_rubra_ku7046 0.015162207434  0.015162207434  0.011109544725  0.010088878323  0.003509053470  0.006530760308  0.011091198047  0.011091198047  0.008556404048  0.006530760308  0.004013492085  0.004013492085  0.004013492085  0.004013492085  0.005525062293  0.009575745869  0.009575745869  0.003509053470  0.005522081854  0.005017845586  0.005017845586  0.005522081854  0.006532195056  0.004515967092  0.003509053470  0.003509053470  0.000000000000  0.001000769951  0.001000769951  0.002504353686  
piranga_rubra_sdsu2654 0.014143588648  0.014143588648  0.010098037938  0.009078410907  0.002505502388  0.005523358536  0.010078366113  0.010078366113  0.007546955345  0.005523358536  0.003009703513  0.003009703513  0.003009703513  0.003009703513  0.004519483697  0.008565532424  0.008565532424  0.002505502388  0.004515967092  0.004012238173  0.004012238173  0.004515967092  0.005525062293  0.003511404446  0.002505502388  0.002505502388  0.001000769951  0.000000000000  0.000000000000  0.001501538926  
piranga_rubra_sdsu2635 0.014143588648  0.014143588648  0.010098037938  0.009078410907  0.002505502388  0.005523358536  0.010078366113  0.010078366113  0.007546955345  0.005523358536  0.003009703513  0.003009703513  0.003009703513  0.003009703513  0.004519483697  0.008565532424  0.008565532424  0.002505502388  0.004515967092  0.004012238173  0.004012238173  0.004515967092  0.005525062293  0.003511404446  0.002505502388  0.002505502388  0.001000769951  0.000000000000  0.000000000000  0.001501538926  
piranga_rubra_ku26592 0.015674570936  0.015674570936  0.011620717928  0.010598931932  0.004012238173  0.007036345910  0.011600875336  0.011600875336  0.009064194535  0.007036345910  0.004517512558  0.004517512558  0.004517512558  0.004517512558  0.006030430945  0.010084943598  0.010084943598  0.004012238173  0.006026864615  0.005522081854  0.005522081854  0.006026864615  0.007038074366  0.005020241404  0.004012238173  0.004012238173  0.002504353686  0.001501538926  0.001501538926  0.000000000000  

