30
piranga_rubra_ku26592 0.000000000000  0.006392482871  0.004252179792  0.011790856197  0.008543614354  0.016368559247  0.007267435807  0.016104926317  0.002123940129  0.004252179792  0.004074406626  0.014581591072  0.006748873746  0.004314663865  0.001060643845  0.005997543114  0.007460060722  0.008547221152  0.001602252760  0.004252179792  0.007466688218  0.005607422421  0.011790856197  0.013554898537  0.005605054970  0.005810554989  0.004964399912  0.005320984599  0.001060643845  0.004445957053  
piranga_flava_ku90809 0.006392482871  0.000000000000  0.004252179792  0.011790856197  0.008543614354  0.016368559247  0.007267435807  0.016104926317  0.006392482871  0.004252179792  0.001355337842  0.014581591072  0.003365854057  0.001435083877  0.005320984599  0.001194995132  0.005320984599  0.008547221152  0.000000000000  0.004252179792  0.007466688218  0.002238022604  0.011790856197  0.012412932392  0.005605054970  0.001931161235  0.000000000000  0.005320984599  0.005320984599  0.004445957053  
piranga_ludoviciana_sdsu2385 0.004252179792  0.004252179792  0.000000000000  0.009623275096  0.006392482871  0.014155683732  0.003621858700  0.013928177439  0.004252179792  0.000000000000  0.000000000000  0.012315583289  0.004490393653  0.000000000000  0.003186054944  0.002391349246  0.005319429427  0.004258978181  0.000000000000  0.000000000000  0.005320984599  0.003357194638  0.009623275096  0.011274025132  0.003354563045  0.001931161235  0.000000000000  0.001060643845  0.003186054944  0.000000000000  
piranga_rubriceps_lsu265 0.011790856197  0.011790856197  0.009623275096  0.000000000000  0.005324201573  0.019709617696  0.010945870929  0.019391088194  0.011790856197  0.009623275096  0.005440765785  0.018003408516  0.012448122838  0.008671869416  0.010705684367  0.009634276279  0.012859269268  0.013972536809  0.004827299697  0.009623275096  0.004254014300  0.011285651701  0.000000000000  0.016999315707  0.005605054970  0.003871133693  0.008305006940  0.010705684367  0.010705684367  0.008934847091  
piranga_leucoptera_lsu7783 0.008543614354  0.008543614354  0.006392482871  0.005324201573  0.000000000000  0.014155683732  0.007267435807  0.013928177439  0.008543614354  0.006392482871  0.004074406626  0.014581591072  0.009019414411  0.004314663865  0.007466688218  0.005997543114  0.009611523751  0.010709047371  0.003212102558  0.006392482871  0.001059520071  0.007869622566  0.005324201573  0.013554898537  0.002233768291  0.001931161235  0.004964399912  0.007466688218  0.007466688218  0.005563744444  
cardinalis_cardinalis_ku25393 0.016368559247  0.016368559247  0.014155683732  0.019709617696  0.014155683732  0.000000000000  0.009709046239  0.000000000000  0.016368559247  0.014155683732  0.006803195697  0.015986095486  0.017307190047  0.010110844669  0.015260681880  0.014487744286  0.016368559247  0.015283376631  0.006433052461  0.014155683732  0.015260681880  0.016103296151  0.019709617696  0.014950536113  0.013527925322  0.009709290880  0.009963499597  0.015260681880  0.015260681880  0.014568148158  
piranga_olivacea_ku2699 0.007267435807  0.007267435807  0.003621858700  0.010945870929  0.007267435807  0.009709046239  0.000000000000  0.009709046239  0.007267435807  0.003621858700  0.004079947779  0.011511982398  0.006437707020  0.004320878282  0.006048328820  0.006048328820  0.008481470958  0.000000000000  0.001604824096  0.003621858700  0.006048328820  0.005130223589  0.010945870929  0.010314919403  0.004835639389  0.003873362817  0.004972628685  0.004835639389  0.006048328820  0.003684128137  
cardinalis_cardinalis_ku21828 0.016104926317  0.016104926317  0.013928177439  0.019391088194  0.013928177439  0.000000000000  0.009709046239  0.000000000000  0.016104926317  0.013928177439  0.006803195697  0.015716882846  0.017012726772  0.010110844669  0.015015158889  0.014487744286  0.016104926317  0.015037126916  0.006433052461  0.013928177439  0.015015158889  0.015830152570  0.019391088194  0.014696991753  0.013527925322  0.009709290880  0.009963499597  0.015015158889  0.015015158889  0.014568148158  
piranga_rubra_ku7046 0.002123940129  0.006392482871  0.004252179792  0.011790856197  0.008543614354  0.016368559247  0.007267435807  0.016104926317  0.000000000000  0.004252179792  0.002712424281  0.014581591072  0.006748873746  0.004314663865  0.001060643845  0.005997543114  0.007460060722  0.008547221152  0.001602252760  0.004252179792  0.007466688218  0.005607422421  0.011790856197  0.013554898537  0.005605054970  0.003865875819  0.003303887575  0.005320984599  0.001060643845  0.004445957053  
piranga_bidentata_hgoslp104 0.004252179792  0.004252179792  0.000000000000  0.009623275096  0.006392482871  0.014155683732  0.003621858700  0.013928177439  0.004252179792  0.000000000000  0.000000000000  0.012315583289  0.004490393653  0.000000000000  0.003186054944  0.002391349246  0.005319429427  0.004258978181  0.000000000000  0.000000000000  0.005320984599  0.003357194638  0.009623275096  0.011274025132  0.003354563045  0.001931161235  0.000000000000  0.001060643845  0.003186054944  0.000000000000  
piranga_ludoviciana_sdsu2648 0.004074406626  0.001355337842  0.000000000000  0.005440765785  0.004074406626  0.006803195697  0.004079947779  0.006803195697  0.002712424281  0.000000000000  0.000000000000  0.005645895678  0.001422832561  0.000000000000  0.002712424281  0.000000000000  0.004072751386  0.004079947779  0.000000000000  0.000000000000  0.002712424281  0.000000000000  0.005440765785  0.005702236228  0.001355337842  0.001931161235  0.000000000000  0.001355337842  0.002712424281  0.000000000000  
piranga_roseogularis_ku2049 0.014581591072  0.014581591072  0.012315583289  0.018003408516  0.014581591072  0.015986095486  0.011511982398  0.015716882846  0.014581591072  0.012315583289  0.005645895678  0.000000000000  0.014712781813  0.005759712573  0.013447077609  0.011410713487  0.013447077609  0.016875012572  0.004820358668  0.012315583289  0.013447077609  0.013538105108  0.018003408516  0.001118416327  0.009427598780  0.009709767777  0.006628246458  0.013447077609  0.013447077609  0.011534103874  
piranga_hepatica_ku4970 0.006748873746  0.003365854057  0.004490393653  0.012448122838  0.009019414411  0.017307190047  0.006437707020  0.017012726772  0.006748873746  0.004490393653  0.001422832561  0.014712781813  0.000000000000  0.001435083877  0.005618134141  0.002545676631  0.005618134141  0.009025490822  0.001603018023  0.004490393653  0.007882628462  0.003365854057  0.012448122838  0.013568722102  0.005933487016  0.003871133693  0.001650646367  0.005618134141  0.005618134141  0.004630753145  
piranga_hepatica_ku9084 0.004314663865  0.001435083877  0.000000000000  0.008671869416  0.004314663865  0.010110844669  0.004320878282  0.010110844669  0.004314663865  0.000000000000  0.000000000000  0.005759712573  0.001435083877  0.000000000000  0.002872128426  0.001435083877  0.004312807165  0.004320878282  0.000000000000  0.000000000000  0.002872128426  0.000000000000  0.008671869416  0.005759712573  0.001435083877  0.001931161235  0.000000000000  0.001435083877  0.002872128426  0.000000000000  
piranga_rubra_sdsu2654 0.001060643845  0.005320984599  0.003186054944  0.010705684367  0.007466688218  0.015260681880  0.006048328820  0.015015158889  0.001060643845  0.003186054944  0.002712424281  0.013447077609  0.005618134141  0.002872128426  0.000000000000  0.004792178478  0.006388397929  0.007470415989  0.001602252760  0.003186054944  0.006392482871  0.004480819910  0.010705684367  0.012412932392  0.004478320039  0.003865875819  0.003303887575  0.004252179792  0.000000000000  0.003331100553  
piranga_flava_lsu15408 0.005997543114  0.001194995132  0.002391349246  0.009634276279  0.005997543114  0.014487744286  0.006048328820  0.014487744286  0.005997543114  0.002391349246  0.000000000000  0.011410713487  0.002545676631  0.001435083877  0.004792178478  0.000000000000  0.004792178478  0.006004745936  0.000000000000  0.002391349246  0.004792178478  0.001267710777  0.009634276279  0.010222714614  0.003591506732  0.001931161235  0.000000000000  0.003591506732  0.004792178478  0.002432060650  
piranga_lutea_lsu5400 0.007460060722  0.005320984599  0.005319429427  0.012859269268  0.009611523751  0.016368559247  0.008481470958  0.016104926317  0.007460060722  0.005319429427  0.004072751386  0.013447077609  0.005618134141  0.004312807165  0.006388397929  0.004792178478  0.000000000000  0.009618698839  0.004818485206  0.005319429427  0.008534431423  0.004480819910  0.012859269268  0.012412932392  0.006726176429  0.007756590877  0.004961940146  0.006388397929  0.006388397929  0.005562043650  
piranga_olivacea_ku4672 0.008547221152  0.008547221152  0.004258978181  0.013972536809  0.010709047371  0.015283376631  0.000000000000  0.015037126916  0.008547221152  0.004258978181  0.004079947779  0.016875012572  0.009025490822  0.004320878282  0.007470415989  0.006004745936  0.009618698839  0.000000000000  0.001604824096  0.004258978181  0.009626760307  0.007873761743  0.013972536809  0.015861622827  0.007869622566  0.003873362817  0.004972628685  0.005330192263  0.007470415989  0.004453390217  
piranga_ludoviciana_sdsu2208 0.001602252760  0.000000000000  0.000000000000  0.004827299697  0.003212102558  0.006433052461  0.001604824096  0.006433052461  0.001602252760  0.000000000000  0.000000000000  0.004820358668  0.001603018023  0.000000000000  0.001602252760  0.000000000000  0.004818485206  0.001604824096  0.000000000000  0.000000000000  0.001603018023  0.000000000000  0.004827299697  0.004820358668  0.001603018023  0.002041553360  0.000000000000  0.001603018023  0.001602252760  0.000000000000  
piranga_bidentata_itm160 0.004252179792  0.004252179792  0.000000000000  0.009623275096  0.006392482871  0.014155683732  0.003621858700  0.013928177439  0.004252179792  0.000000000000  0.000000000000  0.012315583289  0.004490393653  0.000000000000  0.003186054944  0.002391349246  0.005319429427  0.004258978181  0.000000000000  0.000000000000  0.005320984599  0.003357194638  0.009623275096  0.011274025132  0.003354563045  0.001931161235  0.000000000000  0.001060643845  0.003186054944  0.000000000000  
piranga_leucoptera_fmnh481795 0.007466688218  0.007466688218  0.005320984599  0.004254014300  0.001059520071  0.015260681880  0.006048328820  0.015015158889  0.007466688218  0.005320984599  0.002712424281  0.013447077609  0.007882628462  0.002872128426  0.006392482871  0.004792178478  0.008534431423  0.009626760307  0.001603018023  0.005320984599  0.000000000000  0.006737017991  0.004254014300  0.012412932392  0.001115920200  0.000000000000  0.003303887575  0.006392482871  0.006392482871  0.004445957053  
piranga_lutea_ku89864 0.005607422421  0.002238022604  0.003357194638  0.011285651701  0.007869622566  0.016103296151  0.005130223589  0.015830152570  0.005607422421  0.003357194638  0.000000000000  0.013538105108  0.003365854057  0.000000000000  0.004480819910  0.001267710777  0.004480819910  0.007873761743  0.000000000000  0.003357194638  0.006737017991  0.000000000000  0.011285651701  0.012412932392  0.003544825234  0.001931161235  0.000000000000  0.004480819910  0.004480819910  0.003461792085  
piranga_rubriceps_lsu34818 0.011790856197  0.011790856197  0.009623275096  0.000000000000  0.005324201573  0.019709617696  0.010945870929  0.019391088194  0.011790856197  0.009623275096  0.005440765785  0.018003408516  0.012448122838  0.008671869416  0.010705684367  0.009634276279  0.012859269268  0.013972536809  0.004827299697  0.009623275096  0.004254014300  0.011285651701  0.000000000000  0.016999315707  0.005605054970  0.003871133693  0.008305006940  0.010705684367  0.010705684367  0.008934847091  
piranga_roseogularis_ku2141 0.013554898537  0.012412932392  0.011274025132  0.016999315707  0.013554898537  0.014950536113  0.010314919403  0.014696991753  0.013554898537  0.011274025132  0.005702236228  0.001118416327  0.013568722102  0.005759712573  0.012412932392  0.010222714614  0.012412932392  0.015861622827  0.004820358668  0.011274025132  0.012412932392  0.012412932392  0.016999315707  0.000000000000  0.008309621416  0.009709767777  0.006628246458  0.012412932392  0.012412932392  0.010455437350  
piranga_erythrocephala_fmnh343371 0.005605054970  0.005605054970  0.003354563045  0.005605054970  0.002233768291  0.013527925322  0.004835639389  0.013527925322  0.005605054970  0.003354563045  0.001355337842  0.009427598780  0.005933487016  0.001435083877  0.004478320039  0.003591506732  0.006726176429  0.007869622566  0.001603018023  0.003354563045  0.001115920200  0.003544825234  0.005605054970  0.008309621416  0.000000000000  0.000000000000  0.001650646367  0.004478320039  0.004478320039  0.003407912855  
piranga_erythrocephala_fmnh343370 0.005810554989  0.001931161235  0.001931161235  0.003871133693  0.001931161235  0.009709290880  0.003873362817  0.009709290880  0.003865875819  0.001931161235  0.001931161235  0.009709767777  0.003871133693  0.001931161235  0.003865875819  0.001931161235  0.007756590877  0.003873362817  0.002041553360  0.001931161235  0.000000000000  0.001931161235  0.003871133693  0.009709767777  0.000000000000  0.000000000000  0.001931161235  0.003871133693  0.003865875819  0.001931161235  
piranga_ludoviciana_sdsu2650 0.004964399912  0.000000000000  0.000000000000  0.008305006940  0.004964399912  0.009963499597  0.004972628685  0.009963499597  0.003303887575  0.000000000000  0.000000000000  0.006628246458  0.001650646367  0.000000000000  0.003303887575  0.000000000000  0.004961940146  0.004972628685  0.000000000000  0.000000000000  0.003303887575  0.000000000000  0.008305006940  0.006628246458  0.001650646367  0.001931161235  0.000000000000  0.001650646367  0.003303887575  0.000000000000  
piranga_bidentata_tepe59 0.005320984599  0.005320984599  0.001060643845  0.010705684367  0.007466688218  0.015260681880  0.004835639389  0.015015158889  0.005320984599  0.001060643845  0.001355337842  0.013447077609  0.005618134141  0.001435083877  0.004252179792  0.003591506732  0.006388397929  0.005330192263  0.001603018023  0.001060643845  0.006392482871  0.004480819910  0.010705684367  0.012412932392  0.004478320039  0.003871133693  0.001650646367  0.000000000000  0.004252179792  0.001108864389  
piranga_rubra_sdsu2635 0.001060643845  0.005320984599  0.003186054944  0.010705684367  0.007466688218  0.015260681880  0.006048328820  0.015015158889  0.001060643845  0.003186054944  0.002712424281  0.013447077609  0.005618134141  0.002872128426  0.000000000000  0.004792178478  0.006388397929  0.007470415989  0.001602252760  0.003186054944  0.006392482871  0.004480819910  0.010705684367  0.012412932392  0.004478320039  0.003865875819  0.003303887575  0.004252179792  0.000000000000  0.003331100553  
piranga_bidentata_itm141 0.004445957053  0.004445957053  0.000000000000  0.008934847091  0.005563744444  0.014568148158  0.003684128137  0.014568148158  0.004445957053  0.000000000000  0.000000000000  0.011534103874  0.004630753145  0.000000000000  0.003331100553  0.002432060650  0.005562043650  0.004453390217  0.000000000000  0.000000000000  0.004445957053  0.003461792085  0.008934847091  0.010455437350  0.003407912855  0.001931161235  0.000000000000  0.001108864389  0.003331100553  0.000000000000  

