30
cardinalis_cardinalis_ku21828 0.000000000000  0.009583896386  0.030187839485  0.029661663087  0.031251215583  0.032827218581  0.031769762646  0.028618889486  0.030689936071  0.030705953693  0.025988085074  0.030164057614  0.033866637135  0.025988085074  0.023396227071  0.025988085074  0.024436321898  0.029113988503  0.026000609685  0.024957197247  0.024436321898  0.024448784800  0.025988085074  0.024442349767  0.024442349767  0.024442349767  0.028102128042  0.025492218194  0.026523149133  0.023921745521  
cardinalis_cardinalis_ku25393 0.009583896386  0.000000000000  0.028611000005  0.028086510914  0.029670125939  0.031241888049  0.030187839485  0.027046245646  0.029113988503  0.029128285173  0.024425489187  0.028589795446  0.032279629727  0.024425489187  0.021840207010  0.023905727762  0.022358332289  0.027020567917  0.023915998896  0.022877005256  0.022877005256  0.022887783356  0.024425489187  0.021844834597  0.021844834597  0.021844834597  0.025485218267  0.022887783356  0.023915998896  0.022363238749  
piranga_rubriceps_lsu265 0.030187839485  0.028611000005  0.000000000000  0.006532886940  0.014171144159  0.015707379564  0.013653068235  0.011611265679  0.021867397664  0.021881105512  0.015682722730  0.020312121975  0.023956573964  0.016196274475  0.013640358278  0.016205488614  0.014673968607  0.019288923773  0.016216300191  0.015187540659  0.015177826739  0.015187540659  0.016710364278  0.016210694910  0.016210694910  0.016210694910  0.018790687055  0.016216300191  0.016720127798  0.014669186146  
piranga_rubriceps_lsu34818 0.029661663087  0.028086510914  0.006532886940  0.000000000000  0.013658098948  0.015192994847  0.013140831466  0.011100888689  0.021348424498  0.021361572473  0.015169707916  0.019794790307  0.023435113692  0.015682722730  0.013128937476  0.015691388637  0.014160933529  0.018772126684  0.015701650811  0.014673968607  0.014664801793  0.014673968607  0.016196274475  0.015696320378  0.015696320378  0.015696320378  0.018273602230  0.015701650811  0.016720127798  0.014156424195  
piranga_leucoptera_fmnh481795 0.031251215583  0.029670125939  0.014171144159  0.013658098948  0.000000000000  0.005524151172  0.015713506268  0.012638497008  0.022914207008  0.022929846525  0.017229950133  0.021354796757  0.025009908854  0.016200681678  0.014669186146  0.017241064458  0.015707379564  0.020330773542  0.017253777086  0.016222304087  0.016210694910  0.016222304087  0.017745395137  0.017247221169  0.017247221169  0.017247221169  0.019834039814  0.017253777086  0.018273602230  0.015701650811  
piranga_leucoptera_lsu7783 0.032827218581  0.031241888049  0.015707379564  0.015192994847  0.005524151172  0.000000000000  0.017253777086  0.014171144159  0.024470529094  0.024487054190  0.018772126684  0.022906993610  0.026572220493  0.017740162572  0.016205488614  0.018784099303  0.017247221169  0.021881105512  0.018797675274  0.017763495043  0.017751028320  0.017763495043  0.019288923773  0.018790687055  0.018790687055  0.018790687055  0.021384316626  0.018797675274  0.019819349907  0.017241064458  
piranga_erythrocephala_fmnh343371 0.031769762646  0.030187839485  0.013653068235  0.013140831466  0.015713506268  0.017253777086  0.000000000000  0.003007835994  0.023427618724  0.023443013330  0.017740162572  0.021348424498  0.025524288102  0.017740162572  0.015177826739  0.017751028320  0.016216300191  0.020842588938  0.017763495043  0.016731489932  0.016205488614  0.016731489932  0.018255873332  0.017757061745  0.017757061745  0.017757061745  0.019826494327  0.017763495043  0.018784099303  0.015696320378  
piranga_erythrocephala_fmnh343370 0.028618889486  0.027046245646  0.011611265679  0.011100888689  0.012638497008  0.014171144159  0.003007835994  0.000000000000  0.020317936434  0.020330773542  0.014660815923  0.018250765776  0.022401189222  0.014660815923  0.012110718072  0.014669186146  0.013140831466  0.017745395137  0.014679148804  0.013653068235  0.013132505025  0.013653068235  0.015173567752  0.014673968607  0.014673968607  0.014673968607  0.016731489932  0.014679148804  0.015696320378  0.013136469813  
piranga_roseogularis_ku2049 0.030689936071  0.029113988503  0.021867397664  0.021348424498  0.022914207008  0.024470529094  0.023427618724  0.020317936434  0.000000000000  0.005018281893  0.016706082935  0.020824310121  0.024470529094  0.016706082935  0.014148599356  0.017220437097  0.015686855963  0.019789656801  0.017229950133  0.016200681678  0.015686855963  0.015696320378  0.016706082935  0.016720127798  0.016720127798  0.016720127798  0.019301451577  0.016725609225  0.017745395137  0.015177826739  
piranga_roseogularis_ku2141 0.030705953693  0.029128285173  0.021881105512  0.021361572473  0.022929846525  0.024487054190  0.023443013330  0.020330773542  0.005018281893  0.000000000000  0.016715046024  0.020836092718  0.024487054190  0.016715046024  0.014156424195  0.017229950133  0.015696320378  0.020317936434  0.017241064458  0.016210694910  0.015696320378  0.015707379564  0.017229950133  0.016731489932  0.016731489932  0.016731489932  0.019315583929  0.016737769548  0.017757061745  0.015187540659  
piranga_bidentata_hgoslp104 0.025988085074  0.024425489187  0.015682722730  0.015169707916  0.017229950133  0.018772126684  0.017740162572  0.014660815923  0.016706082935  0.016715046024  0.000000000000  0.012621345577  0.015701650811  0.008047661568  0.005522630949  0.008554606136  0.007038796016  0.011600621404  0.008559660483  0.007545227246  0.010073505420  0.010078589950  0.011595506488  0.011093936953  0.011093936953  0.011093936953  0.013648434304  0.011097215150  0.012110718072  0.009567597744  
piranga_olivacea_ku2699 0.030164057614  0.028589795446  0.020312121975  0.019794790307  0.021354796757  0.022906993610  0.021348424498  0.018250765776  0.020824310121  0.020836092718  0.012621345577  0.000000000000  0.016216300191  0.008554606136  0.008047661568  0.011091054472  0.009570069240  0.014148599356  0.011097215150  0.010078589950  0.014148599356  0.014156424195  0.015678989316  0.015177826739  0.015177826739  0.015177826739  0.017751028320  0.015182484499  0.016200681678  0.013640358278  
piranga_olivacea_ku4672 0.033866637135  0.032279629727  0.023956573964  0.023435113692  0.025009908854  0.026572220493  0.025524288102  0.022401189222  0.024470529094  0.024487054190  0.015701650811  0.016216300191  0.000000000000  0.011611265679  0.011100888689  0.014160933529  0.012633615030  0.017235307321  0.014171144159  0.013145589611  0.017751028320  0.017763495043  0.019288923773  0.017757061745  0.017757061745  0.017757061745  0.020345219082  0.017763495043  0.018784099303  0.017241064458  
piranga_ludoviciana_sdsu2648 0.025988085074  0.024425489187  0.016196274475  0.015682722730  0.016200681678  0.017740162572  0.017740162572  0.014660815923  0.016706082935  0.016715046024  0.008047661568  0.008554606136  0.011611265679  0.000000000000  0.003508337701  0.006529962823  0.005018281893  0.009565521113  0.006532886940  0.005522630949  0.010073505420  0.010078589950  0.011595506488  0.011093936953  0.011093936953  0.011093936953  0.013648434304  0.011097215150  0.012110718072  0.009567597744  
piranga_ludoviciana_sdsu2385 0.023396227071  0.021840207010  0.013640358278  0.013128937476  0.014669186146  0.016205488614  0.015177826739  0.012110718072  0.014148599356  0.014156424195  0.005522630949  0.008047661568  0.011100888689  0.003508337701  0.000000000000  0.004011136330  0.002504558770  0.007035340988  0.004012984908  0.003006852418  0.007541240212  0.007545227246  0.009058062164  0.008556936534  0.008556936534  0.008556936534  0.011100888689  0.008559660483  0.009570069240  0.007036872148  
piranga_bidentata_tepe59 0.025988085074  0.023905727762  0.016205488614  0.015691388637  0.017241064458  0.018784099303  0.017751028320  0.014669186146  0.017220437097  0.017229950133  0.008554606136  0.011091054472  0.014160933529  0.006529962823  0.004011136330  0.000000000000  0.002504558770  0.007035340988  0.004012984908  0.003006852418  0.010582016176  0.010587638222  0.012105063424  0.011603773618  0.011603773618  0.011603773618  0.014160933529  0.011607321834  0.012621345577  0.010075850111  
piranga_ludoviciana_sdsu2208 0.024436321898  0.022358332289  0.014673968607  0.014160933529  0.015707379564  0.017247221169  0.016216300191  0.013140831466  0.015686855963  0.015696320378  0.007038796016  0.009570069240  0.012633615030  0.005018281893  0.002504558770  0.002504558770  0.000000000000  0.004514450707  0.002506390478  0.001502297438  0.009062074998  0.009067664660  0.010582016176  0.010081724562  0.010081724562  0.010081724562  0.012633615030  0.010085253573  0.011097215150  0.008556936534  
piranga_ludoviciana_sdsu2650 0.029113988503  0.027020567917  0.019288923773  0.018772126684  0.020330773542  0.021881105512  0.020842588938  0.017745395137  0.019789656801  0.020317936434  0.011600621404  0.014148599356  0.017235307321  0.009565521113  0.007035340988  0.007035340988  0.004514450707  0.000000000000  0.007038796016  0.006027498942  0.013636916933  0.013644197527  0.015166247608  0.014664801793  0.014664801793  0.014664801793  0.017235307321  0.014669186146  0.015686855963  0.013128937476  
piranga_bidentata_itm160 0.026000609685  0.023915998896  0.016216300191  0.015701650811  0.017253777086  0.018797675274  0.017763495043  0.014679148804  0.017229950133  0.017241064458  0.008559660483  0.011097215150  0.014171144159  0.006532886940  0.004012984908  0.004012984908  0.002506390478  0.007038796016  0.000000000000  0.003009208572  0.010587638222  0.010594840497  0.012110718072  0.011611265679  0.011611265679  0.011611265679  0.014171144159  0.011615604780  0.012629128885  0.010081724562  
piranga_bidentata_itm141 0.024957197247  0.022877005256  0.015187540659  0.014673968607  0.016222304087  0.017763495043  0.016731489932  0.013653068235  0.016200681678  0.016210694910  0.007545227246  0.010078589950  0.013145589611  0.005522630949  0.003006852418  0.003006852418  0.001502297438  0.006027498942  0.003009208572  0.000000000000  0.009570069240  0.009576195325  0.011091054472  0.010591042017  0.010591042017  0.010591042017  0.013145589611  0.010594840497  0.011607321834  0.009064672913  
piranga_rubra_sdsu2654 0.024436321898  0.022877005256  0.015177826739  0.014664801793  0.016210694910  0.017751028320  0.016205488614  0.013132505025  0.015686855963  0.015696320378  0.010073505420  0.014148599356  0.017751028320  0.010073505420  0.007541240212  0.010582016176  0.009062074998  0.013636916933  0.010587638222  0.009570069240  0.000000000000  0.005018281893  0.006528609933  0.006026105716  0.006026105716  0.006026105716  0.008556936534  0.006027498942  0.007035340988  0.004513849361  
piranga_rubra_sdsu2635 0.024448784800  0.022887783356  0.015187540659  0.014673968607  0.016222304087  0.017763495043  0.016731489932  0.013653068235  0.015696320378  0.015707379564  0.010078589950  0.014156424195  0.017763495043  0.010078589950  0.007545227246  0.010587638222  0.009067664660  0.013644197527  0.010594840497  0.009576195325  0.005018281893  0.000000000000  0.004514450707  0.006029283945  0.006029283945  0.006029283945  0.008562777609  0.006031460352  0.007038796016  0.004515443000  
piranga_rubra_ku7046 0.025988085074  0.024425489187  0.016710364278  0.016196274475  0.017745395137  0.019288923773  0.018255873332  0.015173567752  0.016706082935  0.017229950133  0.011595506488  0.015678989316  0.019288923773  0.011595506488  0.009058062164  0.012105063424  0.010582016176  0.015166247608  0.012110718072  0.011091054472  0.006528609933  0.004514450707  0.000000000000  0.007539836553  0.007539836553  0.007539836553  0.010075850111  0.007541240212  0.008551127489  0.006024496097  
piranga_flava_lsu15408 0.024442349767  0.021844834597  0.016210694910  0.015696320378  0.017247221169  0.018790687055  0.017757061745  0.014673968607  0.016720127798  0.016731489932  0.011093936953  0.015177826739  0.017757061745  0.011093936953  0.008556936534  0.011603773618  0.010081724562  0.014664801793  0.011611265679  0.010591042017  0.006026105716  0.006029283945  0.007539836553  0.000000000000  0.000000000000  0.000000000000  0.004516825867  0.002003238723  0.003006258217  0.005522630949  
piranga_lutea_ku89864 0.024442349767  0.021844834597  0.016210694910  0.015696320378  0.017247221169  0.018790687055  0.017757061745  0.014673968607  0.016720127798  0.016731489932  0.011093936953  0.015177826739  0.017757061745  0.011093936953  0.008556936534  0.011603773618  0.010081724562  0.014664801793  0.011611265679  0.010591042017  0.006026105716  0.006029283945  0.007539836553  0.000000000000  0.000000000000  0.000000000000  0.004516825867  0.002003238723  0.003006258217  0.005522630949  
piranga_flava_ku90809 0.024442349767  0.021844834597  0.016210694910  0.015696320378  0.017247221169  0.018790687055  0.017757061745  0.014673968607  0.016720127798  0.016731489932  0.011093936953  0.015177826739  0.017757061745  0.011093936953  0.008556936534  0.011603773618  0.010081724562  0.014664801793  0.011611265679  0.010591042017  0.006026105716  0.006029283945  0.007539836553  0.000000000000  0.000000000000  0.000000000000  0.004516825867  0.002003238723  0.003006258217  0.005522630949  
piranga_hepatica_ku4970 0.028102128042  0.025485218267  0.018790687055  0.018273602230  0.019834039814  0.021384316626  0.019826494327  0.016731489932  0.019301451577  0.019315583929  0.013648434304  0.017751028320  0.020345219082  0.013648434304  0.011100888689  0.014160933529  0.012633615030  0.017235307321  0.014171144159  0.013145589611  0.008556936534  0.008562777609  0.010075850111  0.004516825867  0.004516825867  0.004516825867  0.000000000000  0.002505280260  0.005524151172  0.008052181707  
piranga_lutea_lsu5400 0.025492218194  0.022887783356  0.016216300191  0.015701650811  0.017253777086  0.018797675274  0.017763495043  0.014679148804  0.016725609225  0.016737769548  0.011097215150  0.015182484499  0.017763495043  0.011097215150  0.008559660483  0.011607321834  0.010085253573  0.014669186146  0.011615604780  0.010594840497  0.006027498942  0.006031460352  0.007541240212  0.002003238723  0.002003238723  0.002003238723  0.002505280260  0.000000000000  0.003006852418  0.005524151172  
piranga_hepatica_ku9084 0.026523149133  0.023915998896  0.016720127798  0.016720127798  0.018273602230  0.019819349907  0.018784099303  0.015696320378  0.017745395137  0.017757061745  0.012110718072  0.016200681678  0.018784099303  0.012110718072  0.009570069240  0.012621345577  0.011097215150  0.015686855963  0.012629128885  0.011607321834  0.007035340988  0.007038796016  0.008551127489  0.003006258217  0.003006258217  0.003006258217  0.005524151172  0.003006852418  0.000000000000  0.006531228666  
piranga_rubra_ku26592 0.023921745521  0.022363238749  0.014669186146  0.014156424195  0.015701650811  0.017241064458  0.015696320378  0.013136469813  0.015177826739  0.015187540659  0.009567597744  0.013640358278  0.017241064458  0.009567597744  0.007036872148  0.010075850111  0.008556936534  0.013128937476  0.010081724562  0.009064672913  0.004513849361  0.004515443000  0.006024496097  0.005522630949  0.005522630949  0.005522630949  0.008052181707  0.005524151172  0.006531228666  0.000000000000  

