30
piranga_rubra_ku26592 0.000000000000  0.005591903458  0.005591903458  0.006524952710  0.006417265711  0.006524952710  0.005791741494  0.006580142569  0.000926928294  0.008478735342  0.007166236537  0.004834880914  0.007459507339  0.007624136593  0.001855867122  0.006779839825  0.004811617073  0.007465156100  0.012043104843  0.006520286112  0.005586808856  0.008415475377  0.006524952710  0.004915688805  0.007621625644  0.008608671231  0.005994132935  0.005586808856  0.002784644779  0.006520286112  
piranga_flava_ku90809 0.005591903458  0.000000000000  0.001855867122  0.002784644779  0.002128422381  0.003716663806  0.001922391580  0.002807690749  0.004654834509  0.004694788716  0.003057055579  0.000962619477  0.001854829963  0.000000000000  0.003719811403  0.000000000000  0.000000000000  0.003716663806  0.007630170291  0.002783864153  0.001854649627  0.002786825226  0.002784644779  0.000978634377  0.003794224424  0.002850373395  0.001192133850  0.001854649627  0.004650715537  0.002783864153  
piranga_ludoviciana_sdsu2385 0.005591903458  0.001855867122  0.000000000000  0.002784644779  0.002128422381  0.003716663806  0.001922391580  0.002807690749  0.004654834509  0.004694788716  0.002035891318  0.000962619477  0.003714918033  0.001261301338  0.003719811403  0.001122546097  0.000000000000  0.003716663806  0.006534005049  0.002783864153  0.001854649627  0.004654834509  0.002784644779  0.000978634377  0.003794224424  0.001422815374  0.000000000000  0.001854649627  0.004650715537  0.002783864153  
piranga_rubriceps_lsu265 0.006524952710  0.002784644779  0.002784644779  0.000000000000  0.003193744372  0.004648000404  0.002885617781  0.003744498031  0.005586808856  0.005638204406  0.004078555357  0.001926094291  0.004646692167  0.003791058547  0.004650715537  0.003373302783  0.000000000000  0.004648000404  0.008727223539  0.003714577145  0.002783864153  0.005586808856  0.000000000000  0.001958152809  0.002841881264  0.001422205784  0.002385580013  0.002783864153  0.005583120125  0.003714577145  
piranga_leucoptera_lsu7783 0.006417265711  0.002128422381  0.002128422381  0.003193744372  0.000000000000  0.004263332404  0.002126820916  0.003224096723  0.005341021643  0.002126820916  0.003557301270  0.001062888971  0.004261034205  0.002526328283  0.004267475376  0.002605310969  0.000000000000  0.004263332404  0.008135656894  0.003192717071  0.001062888971  0.005341021643  0.003193744372  0.001131436731  0.004365701515  0.002850373395  0.001236350747  0.002126820916  0.005335598355  0.003192717071  
cardinalis_cardinalis_ku25393 0.006524952710  0.003716663806  0.003716663806  0.004648000404  0.004263332404  0.000000000000  0.003850820597  0.000933590622  0.005586808856  0.006582149621  0.003056114472  0.002892021772  0.005580840312  0.005061804564  0.005586808856  0.004503323691  0.000000000000  0.005583120125  0.007629587125  0.004646692167  0.003714918033  0.006524952710  0.004648000404  0.002940206371  0.005699804548  0.005712400273  0.003582791514  0.003714918033  0.006520286112  0.004646692167  
piranga_olivacea_ku2699 0.005791741494  0.001922391580  0.001922391580  0.002885617781  0.002126820916  0.003850820597  0.000000000000  0.002908846714  0.004821121714  0.001922585356  0.003179183398  0.000962340456  0.003850454244  0.002524071850  0.003852696726  0.002303164165  0.000000000000  0.001923699723  0.007629587125  0.002886286487  0.000960491815  0.004821121714  0.002885617781  0.001016122545  0.003934144165  0.002847500764  0.001191705908  0.001922585356  0.004818203608  0.002886286487  
cardinalis_cardinalis_ku21828 0.006580142569  0.002807690749  0.002807690749  0.003744498031  0.003224096723  0.000933590622  0.002908846714  0.000000000000  0.005633909765  0.005680344339  0.002035891318  0.001942382558  0.004682825868  0.003795102911  0.004689762968  0.003376503930  0.000000000000  0.004685581932  0.006534005049  0.003742725968  0.002805477521  0.005633909765  0.003744498031  0.001959510120  0.004747872815  0.004282705787  0.002387595360  0.002805477521  0.005628738314  0.003742725968  
piranga_rubra_ku7046 0.000926928294  0.004654834509  0.004654834509  0.005586808856  0.005341021643  0.005586808856  0.004821121714  0.005633909765  0.000000000000  0.007529609781  0.006135239153  0.003863528308  0.006520286112  0.006343984494  0.000926928294  0.005642386874  0.003201730790  0.006524952710  0.010935600997  0.005583120125  0.004650715537  0.007472214830  0.005586808856  0.003928026937  0.006661563873  0.007161822175  0.004788576037  0.004650715537  0.001854649627  0.005583120125  
piranga_bidentata_hgoslp104 0.008478735342  0.004694788716  0.004694788716  0.005638204406  0.002126820916  0.006582149621  0.001922585356  0.005680344339  0.007529609781  0.000000000000  0.004124399140  0.000962340456  0.006583166201  0.002524071850  0.006582582987  0.002246255643  0.000000000000  0.006582149621  0.005440498600  0.003754002899  0.003754002899  0.007529609781  0.005638204406  0.003966172576  0.006721190523  0.002847500764  0.001191705908  0.002813208745  0.007528179952  0.003754002899  
piranga_ludoviciana_sdsu2648 0.007166236537  0.003057055579  0.002035891318  0.004078555357  0.003557301270  0.003056114472  0.003179183398  0.002035891318  0.006135239153  0.004124399140  0.000000000000  0.002122307144  0.004078555357  0.003791058547  0.005106717760  0.003373302783  0.000000000000  0.005103443010  0.001108853953  0.002035891318  0.003056114472  0.005106717760  0.004078555357  0.002035891318  0.004080660495  0.004277554963  0.002385580013  0.001017467825  0.006130789170  0.002035891318  
piranga_roseogularis_ku2049 0.004834880914  0.000962619477  0.000962619477  0.001926094291  0.001062888971  0.002892021772  0.000962340456  0.001942382558  0.003863528308  0.000962340456  0.002122307144  0.000000000000  0.002891179684  0.001261301338  0.002894373806  0.001153626078  0.000000000000  0.002892021772  0.006534005049  0.001926288815  0.000000000000  0.003863528308  0.001926094291  0.000000000000  0.002954685386  0.001422815374  0.000000000000  0.000962340456  0.003860132727  0.001926288815  
piranga_hepatica_ku4970 0.007459507339  0.001854829963  0.003714918033  0.004646692167  0.004261034205  0.005580840312  0.003850454244  0.004682825868  0.006520286112  0.006583166201  0.004078555357  0.002891179684  0.000000000000  0.001260822295  0.005583120125  0.001122166659  0.000000000000  0.005580840312  0.008727223539  0.004646793907  0.003714577145  0.004648000404  0.004646692167  0.002939335943  0.005697428156  0.004277554963  0.002385580013  0.003714577145  0.006517030468  0.004646793907  
piranga_hepatica_ku9084 0.007624136593  0.000000000000  0.001261301338  0.003791058547  0.002526328283  0.005061804564  0.002524071850  0.003795102911  0.006343984494  0.002524071850  0.003791058547  0.001261301338  0.001260822295  0.000000000000  0.005067647491  0.000000000000  0.000000000000  0.003791058547  0.005061804564  0.003789610104  0.001261301338  0.001261301338  0.003791058547  0.001261301338  0.002526328283  0.002908403873  0.001280685313  0.002524071850  0.006336332276  0.003789610104  
piranga_rubra_sdsu2654 0.001855867122  0.003719811403  0.003719811403  0.004650715537  0.004267475376  0.005586808856  0.003852696726  0.004689762968  0.000926928294  0.006582582987  0.005106717760  0.002894373806  0.005583120125  0.005067647491  0.000000000000  0.004507946882  0.003201730790  0.005586808856  0.009830953736  0.004648000404  0.003716663806  0.006531027221  0.004650715537  0.002942637520  0.005703649458  0.005719844592  0.003586403161  0.003716663806  0.000926669580  0.004648000404  
piranga_flava_lsu15408 0.006779839825  0.000000000000  0.001122546097  0.003373302783  0.002605310969  0.004503323691  0.002303164165  0.003376503930  0.005642386874  0.002246255643  0.003373302783  0.001153626078  0.001122166659  0.000000000000  0.004507946882  0.000000000000  0.000000000000  0.004503323691  0.004858895767  0.003372156496  0.001122546097  0.002248042225  0.003373302783  0.001122546097  0.003376503930  0.002850373395  0.001251827739  0.002246255643  0.005636334100  0.003372156496  
piranga_lutea_lsu5400 0.004811617073  0.000000000000  0.000000000000  0.000000000000  0.000000000000  0.000000000000  0.000000000000  0.000000000000  0.003201730790  0.000000000000  0.000000000000  0.000000000000  0.000000000000  0.000000000000  0.003201730790  0.000000000000  0.000000000000  0.001597873428  0.006442922467  0.000000000000  0.000000000000  0.003201730790  0.000000000000  0.000000000000  0.000000000000  0.000000000000  0.000000000000  0.000000000000  0.004805114838  0.000000000000  
piranga_olivacea_ku4672 0.007465156100  0.003716663806  0.003716663806  0.004648000404  0.004263332404  0.005583120125  0.001923699723  0.004685581932  0.006524952710  0.006582149621  0.005103443010  0.002892021772  0.005580840312  0.003791058547  0.005586808856  0.004503323691  0.001597873428  0.000000000000  0.009827680348  0.004646692167  0.003714918033  0.004650715537  0.004648000404  0.002940206371  0.005699804548  0.004277554963  0.003582791514  0.003714918033  0.006520286112  0.004646692167  
piranga_ludoviciana_sdsu2208 0.012043104843  0.007630170291  0.006534005049  0.008727223539  0.008135656894  0.007629587125  0.007629587125  0.006534005049  0.010935600997  0.005440498600  0.001108853953  0.006534005049  0.008727223539  0.005061804564  0.009830953736  0.004858895767  0.006442922467  0.009827680348  0.000000000000  0.006534005049  0.006534005049  0.010935600997  0.008727223539  0.006534005049  0.008729148362  0.005712400273  0.003582791514  0.005440498600  0.010930972083  0.006534005049  
piranga_bidentata_itm160 0.006520286112  0.002783864153  0.002783864153  0.003714577145  0.003192717071  0.004646692167  0.002886286487  0.003742725968  0.005583120125  0.003754002899  0.002035891318  0.001926288815  0.004646793907  0.003789610104  0.004648000404  0.003372156496  0.000000000000  0.004646692167  0.006534005049  0.000000000000  0.002784486414  0.005583120125  0.003714577145  0.001958353876  0.004743679263  0.004275709937  0.002385878690  0.000926669580  0.005580840312  0.000000000000  
piranga_leucoptera_fmnh481795 0.005586808856  0.001854649627  0.001854649627  0.002783864153  0.001062888971  0.003714918033  0.000960491815  0.002805477521  0.004650715537  0.003754002899  0.003056114472  0.000000000000  0.003714577145  0.001261301338  0.003716663806  0.001122546097  0.000000000000  0.003714918033  0.006534005049  0.002784486414  0.000000000000  0.004650715537  0.002783864153  0.000978345994  0.003792404904  0.001422815374  0.000000000000  0.001854829963  0.004648000404  0.002784486414  
piranga_lutea_ku89864 0.008415475377  0.002786825226  0.004654834509  0.005586808856  0.005341021643  0.006524952710  0.004821121714  0.005633909765  0.007472214830  0.007529609781  0.005106717760  0.003863528308  0.004648000404  0.001261301338  0.006531027221  0.002248042225  0.003201730790  0.004650715537  0.010935600997  0.005583120125  0.004650715537  0.000000000000  0.005586808856  0.003928026937  0.006661563873  0.004282705787  0.003586403161  0.004650715537  0.007465156100  0.005583120125  
piranga_rubriceps_lsu34818 0.006524952710  0.002784644779  0.002784644779  0.000000000000  0.003193744372  0.004648000404  0.002885617781  0.003744498031  0.005586808856  0.005638204406  0.004078555357  0.001926094291  0.004646692167  0.003791058547  0.004650715537  0.003373302783  0.000000000000  0.004648000404  0.008727223539  0.003714577145  0.002783864153  0.005586808856  0.000000000000  0.001958152809  0.002841881264  0.001422205784  0.002385580013  0.002783864153  0.005583120125  0.003714577145  
piranga_roseogularis_ku2141 0.004915688805  0.000978634377  0.000978634377  0.001958152809  0.001131436731  0.002940206371  0.001016122545  0.001959510120  0.003928026937  0.003966172576  0.002035891318  0.000000000000  0.002939335943  0.001261301338  0.002942637520  0.001122546097  0.000000000000  0.002940206371  0.006534005049  0.001958353876  0.000978345994  0.003928026937  0.001958152809  0.000000000000  0.001959510120  0.001422815374  0.000000000000  0.000978345994  0.003924517005  0.001958353876  
piranga_erythrocephala_fmnh343371 0.007621625644  0.003794224424  0.003794224424  0.002841881264  0.004365701515  0.005699804548  0.003934144165  0.004747872815  0.006661563873  0.006721190523  0.004080660495  0.002954685386  0.005697428156  0.002526328283  0.005703649458  0.003376503930  0.000000000000  0.005699804548  0.008729148362  0.004743679263  0.003792404904  0.006661563873  0.002841881264  0.001959510120  0.000000000000  0.000000000000  0.002387595360  0.003792404904  0.006656699469  0.004743679263  
piranga_erythrocephala_fmnh343370 0.008608671231  0.002850373395  0.001422815374  0.001422205784  0.002850373395  0.005712400273  0.002847500764  0.004282705787  0.007161822175  0.002847500764  0.004277554963  0.001422815374  0.004277554963  0.002908403873  0.005719844592  0.002850373395  0.000000000000  0.004277554963  0.005712400273  0.004275709937  0.001422815374  0.004282705787  0.001422205784  0.001422815374  0.000000000000  0.000000000000  0.001422815374  0.002847500764  0.007152068903  0.004275709937  
piranga_ludoviciana_sdsu2650 0.005994132935  0.001192133850  0.000000000000  0.002385580013  0.001236350747  0.003582791514  0.001191705908  0.002387595360  0.004788576037  0.001191705908  0.002385580013  0.000000000000  0.002385580013  0.001280685313  0.003586403161  0.001251827739  0.000000000000  0.003582791514  0.003582791514  0.002385878690  0.000000000000  0.003586403161  0.002385580013  0.000000000000  0.002387595360  0.001422815374  0.000000000000  0.001191705908  0.004783359122  0.002385878690  
piranga_bidentata_tepe59 0.005586808856  0.001854649627  0.001854649627  0.002783864153  0.002126820916  0.003714918033  0.001922585356  0.002805477521  0.004650715537  0.002813208745  0.001017467825  0.000962340456  0.003714577145  0.002524071850  0.003716663806  0.002246255643  0.000000000000  0.003714918033  0.005440498600  0.000926669580  0.001854829963  0.004650715537  0.002783864153  0.000978345994  0.003792404904  0.002847500764  0.001191705908  0.000000000000  0.004648000404  0.000926669580  
piranga_rubra_sdsu2635 0.002784644779  0.004650715537  0.004650715537  0.005583120125  0.005335598355  0.006520286112  0.004818203608  0.005628738314  0.001854649627  0.007528179952  0.006130789170  0.003860132727  0.006517030468  0.006336332276  0.000926669580  0.005636334100  0.004805114838  0.006520286112  0.010930972083  0.005580840312  0.004648000404  0.007465156100  0.005583120125  0.003924517005  0.006656699469  0.007152068903  0.004783359122  0.004648000404  0.000000000000  0.005580840312  
piranga_bidentata_itm141 0.006520286112  0.002783864153  0.002783864153  0.003714577145  0.003192717071  0.004646692167  0.002886286487  0.003742725968  0.005583120125  0.003754002899  0.002035891318  0.001926288815  0.004646793907  0.003789610104  0.004648000404  0.003372156496  0.000000000000  0.004646692167  0.006534005049  0.000000000000  0.002784486414  0.005583120125  0.003714577145  0.001958353876  0.004743679263  0.004275709937  0.002385878690  0.000926669580  0.005580840312  0.000000000000  

