30
cardinalis_cardinalis_ku21828 0.000000000000  0.000000000000  0.006030989368  0.007040931734  0.009071794078  0.009071794078  0.008557283175  0.008557283175  0.011098856544  0.011609344428  0.012627693681  0.011098856544  0.011098856544  0.013657045250  0.016223143188  0.014673594856  0.014673594856  0.008557283175  0.008557283175  0.008557283175  0.008557283175  0.008557283175  0.008557283175  0.009568342357  0.012632042394  0.012632042394  0.011102713782  0.016745987641  0.014170414263  0.008557283175  
cardinalis_cardinalis_ku25393 0.000000000000  0.000000000000  0.006030989368  0.007040931734  0.009071794078  0.009071794078  0.008557283175  0.008557283175  0.011098856544  0.011609344428  0.012627693681  0.011098856544  0.011098856544  0.013657045250  0.016223143188  0.014673594856  0.014673594856  0.008557283175  0.008557283175  0.008557283175  0.008557283175  0.008557283175  0.008557283175  0.009568342357  0.012632042394  0.012632042394  0.011102713782  0.016745987641  0.014170414263  0.008557283175  
piranga_roseogularis_ku2049 0.006030989368  0.006030989368  0.000000000000  0.001000719177  0.003008348925  0.003008348925  0.002504351189  0.002504351189  0.005019097655  0.005523714163  0.006532667125  0.005019097655  0.005019097655  0.007547797775  0.010086511329  0.008557283175  0.008557283175  0.002504351189  0.002504351189  0.002504351189  0.002504351189  0.002504351189  0.002504351189  0.003508462442  0.006534629954  0.006534629954  0.005020584928  0.010600914316  0.008055229336  0.002504351189  
piranga_flava_ku90809 0.007040931734  0.007040931734  0.001000719177  0.000000000000  0.004013738966  0.004013738966  0.003508598781  0.003508598781  0.006027234458  0.006532667125  0.007543086528  0.006027234458  0.006027234458  0.008560033588  0.011102713782  0.009570821866  0.009570821866  0.003508598781  0.003508598781  0.003508598781  0.003508598781  0.003508598781  0.003508598781  0.004513996181  0.007545220686  0.007545220686  0.006028891181  0.011618129732  0.009068290447  0.003508598781  
piranga_rubriceps_lsu265 0.009071794078  0.009071794078  0.003008348925  0.004013738966  0.000000000000  0.000000000000  0.005523714163  0.005523714163  0.008052344089  0.008560033588  0.009573746509  0.008052344089  0.008052344089  0.010596477904  0.013149365570  0.011609344428  0.011609344428  0.005523714163  0.005523714163  0.005523714163  0.005523714163  0.005523714163  0.005523714163  0.006531146482  0.009577115936  0.009577115936  0.008055229336  0.013668344286  0.011107016943  0.005523714163  
piranga_rubriceps_lsu34818 0.009071794078  0.009071794078  0.003008348925  0.004013738966  0.000000000000  0.000000000000  0.005523714163  0.005523714163  0.008052344089  0.008560033588  0.009573746509  0.008052344089  0.008052344089  0.010596477904  0.013149365570  0.011609344428  0.011609344428  0.005523714163  0.005523714163  0.005523714163  0.005523714163  0.005523714163  0.005523714163  0.006531146482  0.009577115936  0.009577115936  0.008055229336  0.013668344286  0.011107016943  0.005523714163  
piranga_ludoviciana_sdsu2648 0.008557283175  0.008557283175  0.002504351189  0.003508598781  0.005523714163  0.005523714163  0.000000000000  0.000000000000  0.002505610039  0.003008348925  0.004013738966  0.002505610039  0.002505610039  0.005024880249  0.007554279347  0.006030989368  0.006030989368  0.000000000000  0.000000000000  0.000000000000  0.000000000000  0.000000000000  0.000000000000  0.001000774118  0.004015496959  0.004015496959  0.002506896406  0.008066541424  0.005530413219  0.000000000000  
piranga_roseogularis_ku2141 0.008557283175  0.008557283175  0.002504351189  0.003508598781  0.005523714163  0.005523714163  0.000000000000  0.000000000000  0.002505610039  0.003008348925  0.004013738966  0.002505610039  0.002505610039  0.005024880249  0.007554279347  0.006030989368  0.006030989368  0.000000000000  0.000000000000  0.000000000000  0.000000000000  0.000000000000  0.000000000000  0.001000774118  0.004015496959  0.004015496959  0.002506896406  0.008066541424  0.005530413219  0.000000000000  
piranga_bidentata_tepe59 0.011098856544  0.011098856544  0.005019097655  0.006027234458  0.008052344089  0.008052344089  0.002505610039  0.002505610039  0.000000000000  0.000500275046  0.001501796388  0.000000000000  0.000000000000  0.002506896406  0.005024880249  0.008563227681  0.008563227681  0.002505610039  0.002505610039  0.002505610039  0.002505610039  0.002505610039  0.002505610039  0.003509174748  0.006539880769  0.006539880769  0.005024880249  0.010611121341  0.008062328350  0.002505610039  
piranga_rubra_sdsu2654 0.011609344428  0.011609344428  0.005523714163  0.006532667125  0.008560033588  0.008560033588  0.003008348925  0.003008348925  0.000500275046  0.000000000000  0.002003426268  0.000500275046  0.000500275046  0.003009938142  0.005530413219  0.009071794078  0.009071794078  0.003008348925  0.003008348925  0.003008348925  0.003008348925  0.003008348925  0.003008348925  0.004012420263  0.007046797241  0.007046797241  0.005530413219  0.011122598501  0.008570945517  0.003008348925  
piranga_bidentata_itm160 0.012627693681  0.012627693681  0.006532667125  0.007543086528  0.009573746509  0.009573746509  0.004013738966  0.004013738966  0.001501796388  0.002003426268  0.000000000000  0.001501796388  0.001501796388  0.004015496959  0.006539880769  0.010086511329  0.010086511329  0.004013738966  0.004013738966  0.004013738966  0.004013738966  0.004013738966  0.004013738966  0.005019097655  0.008058557539  0.008058557539  0.006539880769  0.012141014554  0.009585187747  0.004013738966  
piranga_ludoviciana_sdsu2650 0.011098856544  0.011098856544  0.005019097655  0.006027234458  0.008052344089  0.008052344089  0.002505610039  0.002505610039  0.000000000000  0.000500275046  0.001501796388  0.000000000000  0.000000000000  0.002506896406  0.005024880249  0.008563227681  0.008563227681  0.002505610039  0.002505610039  0.002505610039  0.002505610039  0.002505610039  0.002505610039  0.003509174748  0.006539880769  0.006539880769  0.005024880249  0.010611121341  0.008062328350  0.002505610039  
piranga_rubra_ku7046 0.011098856544  0.011098856544  0.005019097655  0.006027234458  0.008052344089  0.008052344089  0.002505610039  0.002505610039  0.000000000000  0.000500275046  0.001501796388  0.000000000000  0.000000000000  0.002506896406  0.005024880249  0.008563227681  0.008563227681  0.002505610039  0.002505610039  0.002505610039  0.002505610039  0.002505610039  0.002505610039  0.003509174748  0.006539880769  0.006539880769  0.005024880249  0.010611121341  0.008062328350  0.002505610039  
piranga_ludoviciana_sdsu2385 0.013657045250  0.013657045250  0.007547797775  0.008560033588  0.010596477904  0.010596477904  0.005024880249  0.005024880249  0.002506896406  0.003009938142  0.004015496959  0.002506896406  0.002506896406  0.000000000000  0.007558183137  0.011111765679  0.011111765679  0.005024880249  0.005024880249  0.005024880249  0.005024880249  0.005024880249  0.005024880249  0.006030989368  0.009080132121  0.009080132121  0.007558183137  0.013174278769  0.010611121341  0.005024880249  
piranga_bidentata_hgoslp104 0.016223143188  0.016223143188  0.010086511329  0.011102713782  0.013149365570  0.013149365570  0.007554279347  0.007554279347  0.005024880249  0.005530413219  0.006539880769  0.005024880249  0.005024880249  0.007558183137  0.000000000000  0.013668344286  0.013668344286  0.007554279347  0.007554279347  0.007554279347  0.007554279347  0.007554279347  0.007554279347  0.008563227681  0.011628698873  0.011628698873  0.010100218750  0.015743474776  0.013167380479  0.007554279347  
piranga_flava_lsu15408 0.014673594856  0.014673594856  0.008557283175  0.009570821866  0.011609344428  0.011609344428  0.006030989368  0.006030989368  0.008563227681  0.009071794078  0.010086511329  0.008563227681  0.008563227681  0.011111765679  0.013668344286  0.000000000000  0.000000000000  0.006030989368  0.006030989368  0.006030989368  0.006030989368  0.006030989368  0.006030989368  0.007038662117  0.010090636117  0.010090636117  0.008566865106  0.014188982804  0.011623191496  0.006030989368  
piranga_lutea_ku89864 0.014673594856  0.014673594856  0.008557283175  0.009570821866  0.011609344428  0.011609344428  0.006030989368  0.006030989368  0.008563227681  0.009071794078  0.010086511329  0.008563227681  0.008563227681  0.011111765679  0.013668344286  0.000000000000  0.000000000000  0.006030989368  0.006030989368  0.006030989368  0.006030989368  0.006030989368  0.006030989368  0.007038662117  0.010090636117  0.010090636117  0.008566865106  0.014188982804  0.011623191496  0.006030989368  
piranga_hepatica_ku4970 0.008557283175  0.008557283175  0.002504351189  0.003508598781  0.005523714163  0.005523714163  0.000000000000  0.000000000000  0.002505610039  0.003008348925  0.004013738966  0.002505610039  0.002505610039  0.005024880249  0.007554279347  0.006030989368  0.006030989368  0.000000000000  0.000000000000  0.000000000000  0.000000000000  0.000000000000  0.000000000000  0.001000774118  0.004015496959  0.004015496959  0.002506896406  0.008066541424  0.005530413219  0.000000000000  
piranga_olivacea_ku4672 0.008557283175  0.008557283175  0.002504351189  0.003508598781  0.005523714163  0.005523714163  0.000000000000  0.000000000000  0.002505610039  0.003008348925  0.004013738966  0.002505610039  0.002505610039  0.005024880249  0.007554279347  0.006030989368  0.006030989368  0.000000000000  0.000000000000  0.000000000000  0.000000000000  0.000000000000  0.000000000000  0.001000774118  0.004015496959  0.004015496959  0.002506896406  0.008066541424  0.005530413219  0.000000000000  
piranga_leucoptera_lsu7783 0.008557283175  0.008557283175  0.002504351189  0.003508598781  0.005523714163  0.005523714163  0.000000000000  0.000000000000  0.002505610039  0.003008348925  0.004013738966  0.002505610039  0.002505610039  0.005024880249  0.007554279347  0.006030989368  0.006030989368  0.000000000000  0.000000000000  0.000000000000  0.000000000000  0.000000000000  0.000000000000  0.001000774118  0.004015496959  0.004015496959  0.002506896406  0.008066541424  0.005530413219  0.000000000000  
piranga_rubra_sdsu2635 0.008557283175  0.008557283175  0.002504351189  0.003508598781  0.005523714163  0.005523714163  0.000000000000  0.000000000000  0.002505610039  0.003008348925  0.004013738966  0.002505610039  0.002505610039  0.005024880249  0.007554279347  0.006030989368  0.006030989368  0.000000000000  0.000000000000  0.000000000000  0.000000000000  0.000000000000  0.000000000000  0.001000774118  0.004015496959  0.004015496959  0.002506896406  0.008066541424  0.005530413219  0.000000000000  
piranga_leucoptera_fmnh481795 0.008557283175  0.008557283175  0.002504351189  0.003508598781  0.005523714163  0.005523714163  0.000000000000  0.000000000000  0.002505610039  0.003008348925  0.004013738966  0.002505610039  0.002505610039  0.005024880249  0.007554279347  0.006030989368  0.006030989368  0.000000000000  0.000000000000  0.000000000000  0.000000000000  0.000000000000  0.000000000000  0.001000774118  0.004015496959  0.004015496959  0.002506896406  0.008066541424  0.005530413219  0.000000000000  
piranga_bidentata_itm141 0.008557283175  0.008557283175  0.002504351189  0.003508598781  0.005523714163  0.005523714163  0.000000000000  0.000000000000  0.002505610039  0.003008348925  0.004013738966  0.002505610039  0.002505610039  0.005024880249  0.007554279347  0.006030989368  0.006030989368  0.000000000000  0.000000000000  0.000000000000  0.000000000000  0.000000000000  0.000000000000  0.001000774118  0.004015496959  0.004015496959  0.002506896406  0.008066541424  0.005530413219  0.000000000000  
piranga_lutea_lsu5400 0.009568342357  0.009568342357  0.003508462442  0.004513996181  0.006531146482  0.006531146482  0.001000774118  0.001000774118  0.003509174748  0.004012420263  0.005019097655  0.003509174748  0.003509174748  0.006030989368  0.008563227681  0.007038662117  0.007038662117  0.001000774118  0.001000774118  0.001000774118  0.001000774118  0.001000774118  0.001000774118  0.000000000000  0.005020584928  0.005020584928  0.003510189989  0.009075741418  0.006537034618  0.001000774118  
piranga_erythrocephala_fmnh343371 0.012632042394  0.012632042394  0.006534629954  0.007545220686  0.009577115936  0.009577115936  0.004015496959  0.004015496959  0.006539880769  0.007046797241  0.008058557539  0.006539880769  0.006539880769  0.009080132121  0.011628698873  0.010090636117  0.010090636117  0.004015496959  0.004015496959  0.004015496959  0.004015496959  0.004015496959  0.004015496959  0.005020584928  0.000000000000  0.000000000000  0.006543168058  0.011634651523  0.009080132121  0.004015496959  
piranga_erythrocephala_fmnh343370 0.012632042394  0.012632042394  0.006534629954  0.007545220686  0.009577115936  0.009577115936  0.004015496959  0.004015496959  0.006539880769  0.007046797241  0.008058557539  0.006539880769  0.006539880769  0.009080132121  0.011628698873  0.010090636117  0.010090636117  0.004015496959  0.004015496959  0.004015496959  0.004015496959  0.004015496959  0.004015496959  0.005020584928  0.000000000000  0.000000000000  0.006543168058  0.011634651523  0.009080132121  0.004015496959  
piranga_olivacea_ku2699 0.011102713782  0.011102713782  0.005020584928  0.006028891181  0.008055229336  0.008055229336  0.002506896406  0.002506896406  0.005024880249  0.005530413219  0.006539880769  0.005024880249  0.005024880249  0.007558183137  0.010100218750  0.008566865106  0.008566865106  0.002506896406  0.002506896406  0.002506896406  0.002506896406  0.002506896406  0.002506896406  0.003510189989  0.006543168058  0.006543168058  0.000000000000  0.010616891269  0.008066541424  0.002506896406  
piranga_ludoviciana_sdsu2208 0.016745987641  0.016745987641  0.010600914316  0.011618129732  0.013668344286  0.013668344286  0.008066541424  0.008066541424  0.010611121341  0.011122598501  0.012141014554  0.010611121341  0.010611121341  0.013174278769  0.015743474776  0.014188982804  0.014188982804  0.008066541424  0.008066541424  0.008066541424  0.008066541424  0.008066541424  0.008066541424  0.009075741418  0.011634651523  0.011634651523  0.010616891269  0.000000000000  0.002506896406  0.008066541424  
piranga_hepatica_ku9084 0.014170414263  0.014170414263  0.008055229336  0.009068290447  0.011107016943  0.011107016943  0.005530413219  0.005530413219  0.008062328350  0.008570945517  0.009585187747  0.008062328350  0.008062328350  0.010611121341  0.013167380479  0.011623191496  0.011623191496  0.005530413219  0.005530413219  0.005530413219  0.005530413219  0.005530413219  0.005530413219  0.006537034618  0.009080132121  0.009080132121  0.008066541424  0.002506896406  0.000000000000  0.005530413219  
piranga_rubra_ku26592 0.008557283175  0.008557283175  0.002504351189  0.003508598781  0.005523714163  0.005523714163  0.000000000000  0.000000000000  0.002505610039  0.003008348925  0.004013738966  0.002505610039  0.002505610039  0.005024880249  0.007554279347  0.006030989368  0.006030989368  0.000000000000  0.000000000000  0.000000000000  0.000000000000  0.000000000000  0.000000000000  0.001000774118  0.004015496959  0.004015496959  0.002506896406  0.008066541424  0.005530413219  0.000000000000  

