30
piranga_rubra_ku26592 0.000000000000  0.001006161130  0.001918760408  0.003843650513  0.010254170940  0.006820547054  0.000000000000  0.006742798040  0.003843650513  0.003843423654  0.002880926581  0.004970749180  0.000000000000  0.000000000000  0.001919841940  0.000000000000  0.000000000000  0.000958886203  0.003828639830  0.002880270850  0.006743504264  0.000958886203  0.003843650513  0.003892039782  0.005853584119  0.000000000000  0.001587017705  0.003843423654  0.001919841940  0.002880270850  
piranga_flava_ku90809 0.001006161130  0.000000000000  0.003023183265  0.005046981882  0.010254170940  0.008192553698  0.001186413400  0.008093317288  0.005046981882  0.005045770791  0.004035251644  0.006102937034  0.001006161130  0.001510856139  0.003025330348  0.000000000000  0.001006161130  0.002014601130  0.005110671013  0.004033570787  0.008097007603  0.002014601130  0.005046981882  0.005112846634  0.007179228444  0.001486157051  0.001587017705  0.005045770791  0.003025330348  0.004033570787  
piranga_ludoviciana_sdsu2385 0.001918760408  0.003023183265  0.000000000000  0.005612651876  0.013710679693  0.009489036103  0.001084743922  0.008437877137  0.005769157788  0.003735952415  0.000932073617  0.006969956650  0.001865080715  0.000000000000  0.004676511292  0.003047205487  0.001865080715  0.002800253140  0.003829799886  0.003737393898  0.008439809952  0.001865080715  0.005612651876  0.005681098626  0.007594836278  0.000000000000  0.001587017705  0.003735952415  0.003737393898  0.002800253140  
piranga_rubriceps_lsu265 0.003843650513  0.005046981882  0.005612651876  0.000000000000  0.008536995858  0.007582790735  0.001084743922  0.006552622239  0.005771129516  0.007494161123  0.006554084144  0.006970209697  0.003735952415  0.000000000000  0.006556781022  0.000000000000  0.003735952415  0.004674244321  0.003828639830  0.005614517728  0.004676511292  0.004674244321  0.001866102531  0.005681746698  0.005692226975  0.000000000000  0.001587017705  0.005612651876  0.005614517728  0.006552622239  
piranga_leucoptera_lsu7783 0.010254170940  0.010254170940  0.013710679693  0.008536995858  0.000000000000  0.015772918224  0.002282519068  0.015445833274  0.013714243104  0.017186342643  0.013710679693  0.015633656968  0.010254170940  0.002486867064  0.008534166214  0.004480905514  0.010254170940  0.011980845924  0.012118144438  0.011980845924  0.011985768913  0.011980845924  0.005105798505  0.014023126164  0.014059625227  0.002603405143  0.005138445069  0.011980092763  0.008534166214  0.015445833274  
cardinalis_cardinalis_ku25393 0.006820547054  0.008192553698  0.009489036103  0.007582790735  0.015772918224  0.000000000000  0.002170752479  0.004729594940  0.008775240594  0.011404107018  0.010446855737  0.008012043566  0.007579363650  0.001510316851  0.010449232790  0.001521808929  0.007579363650  0.008533932832  0.008971245004  0.009490552934  0.010452886383  0.008533932832  0.007582790735  0.009498049018  0.009511404232  0.001485635252  0.003178517139  0.009489036103  0.009490552934  0.010445758823  
piranga_olivacea_ku2699 0.000000000000  0.001186413400  0.001084743922  0.001084743922  0.002282519068  0.002170752479  0.000000000000  0.002171022369  0.001119679317  0.002170752479  0.002172137051  0.003473957903  0.000000000000  0.000000000000  0.002172137051  0.000000000000  0.000000000000  0.000000000000  0.000000000000  0.001084743922  0.002170752479  0.000000000000  0.001084743922  0.003258855933  0.002170752479  0.000000000000  0.001587017705  0.002170752479  0.001084743922  0.001084465933  
cardinalis_cardinalis_ku21828 0.006742798040  0.008093317288  0.008437877137  0.006552622239  0.015445833274  0.004729594940  0.002171022369  0.000000000000  0.008673070850  0.010329687463  0.009381967467  0.007972335567  0.006553417115  0.003024692034  0.009382200330  0.003047738285  0.006553417115  0.007494349354  0.007682305565  0.008437274273  0.009383682971  0.007494349354  0.006552622239  0.008541989031  0.008550147859  0.002975197070  0.004774526153  0.008437877137  0.008437274273  0.009382987894  
piranga_rubra_ku7046 0.003843650513  0.005046981882  0.005769157788  0.005771129516  0.013714243104  0.008775240594  0.001119679317  0.008673070850  0.000000000000  0.005769157788  0.006737014029  0.006970209697  0.003839960633  0.001510316851  0.005771129516  0.001521808929  0.003839960633  0.004804498061  0.003828639830  0.004804498061  0.008679061147  0.004804498061  0.005771129516  0.005842184783  0.007812347414  0.001485635252  0.003178517139  0.005769157788  0.005771129516  0.004804498061  
piranga_bidentata_hgoslp104 0.003843423654  0.005045770791  0.003735952415  0.007494161123  0.017186342643  0.011404107018  0.002170752479  0.010329687463  0.005769157788  0.000000000000  0.004674244321  0.008976500769  0.003735738122  0.003024167287  0.006554084144  0.004576187109  0.003735738122  0.004673205990  0.005110671013  0.005612651876  0.010329136036  0.003735738122  0.007494161123  0.007586744327  0.009507079071  0.002974689406  0.004772757322  0.005612019532  0.005612651876  0.002800253140  
piranga_ludoviciana_sdsu2648 0.002880926581  0.004035251644  0.000932073617  0.006554084144  0.013710679693  0.010446855737  0.002172137051  0.009381967467  0.006737014029  0.004674244321  0.000000000000  0.007972122383  0.002800253140  0.001510856139  0.005617613679  0.004577845992  0.002800253140  0.003737393898  0.005113372671  0.004676511292  0.009386411910  0.002800253140  0.006554084144  0.006633345252  0.008552089014  0.001486157051  0.003177937485  0.004674244321  0.004676511292  0.003737393898  
piranga_roseogularis_ku2049 0.004970749180  0.006102937034  0.006969956650  0.006970209697  0.015633656968  0.008012043566  0.003473957903  0.007972335567  0.006970209697  0.008976500769  0.007972122383  0.000000000000  0.004970749180  0.004541548658  0.006970209697  0.004576187109  0.004970749180  0.005969357065  0.006394455779  0.005969357065  0.009983246436  0.005969357065  0.006970209697  0.002996010719  0.009039662852  0.002975197070  0.003177937485  0.004970529905  0.006970209697  0.007972335567  
piranga_hepatica_ku4970 0.000000000000  0.001006161130  0.001865080715  0.003735952415  0.010254170940  0.007579363650  0.000000000000  0.006553417115  0.003839960633  0.003735738122  0.002800253140  0.004970749180  0.000000000000  0.000000000000  0.002802094962  0.000000000000  0.000000000000  0.000932073617  0.003828639830  0.003735952415  0.006554084144  0.000932073617  0.003735952415  0.003781651867  0.005687132215  0.000000000000  0.001587017705  0.003735738122  0.001866102531  0.002799633675  
piranga_hepatica_ku9084 0.000000000000  0.001510856139  0.000000000000  0.000000000000  0.002486867064  0.001510316851  0.000000000000  0.003024692034  0.001510316851  0.003024167287  0.001510856139  0.004541548658  0.000000000000  0.000000000000  0.001510856139  0.000000000000  0.000000000000  0.000000000000  0.000000000000  0.000000000000  0.001510316851  0.000000000000  0.000000000000  0.004541548658  0.001510316851  0.000000000000  0.001587017705  0.001510316851  0.001510856139  0.001510316851  
piranga_rubra_sdsu2654 0.001919841940  0.003025330348  0.004676511292  0.006556781022  0.008534166214  0.010449232790  0.002172137051  0.009382200330  0.005771129516  0.006554084144  0.005617613679  0.006970209697  0.002802094962  0.001510856139  0.000000000000  0.003049935947  0.002802094962  0.003740059183  0.006396404326  0.004674244321  0.009390383694  0.003740059183  0.004674244321  0.006634843560  0.008555304901  0.001486157051  0.003177937485  0.006554084144  0.000932073617  0.005614517728  
piranga_flava_lsu15408 0.000000000000  0.000000000000  0.003047205487  0.000000000000  0.004480905514  0.001521808929  0.000000000000  0.003047738285  0.001521808929  0.004576187109  0.004577845992  0.004576187109  0.000000000000  0.000000000000  0.003049935947  0.000000000000  0.000000000000  0.001522356458  0.001521808929  0.003047205487  0.003047205487  0.001522356458  0.001522356458  0.004576187109  0.003047205487  0.000000000000  0.001666353769  0.003047738285  0.003049935947  0.004576187109  
piranga_lutea_lsu5400 0.000000000000  0.001006161130  0.001865080715  0.003735952415  0.010254170940  0.007579363650  0.000000000000  0.006553417115  0.003839960633  0.003735738122  0.002800253140  0.004970749180  0.000000000000  0.000000000000  0.002802094962  0.000000000000  0.000000000000  0.000932073617  0.003828639830  0.003735952415  0.006554084144  0.000932073617  0.003735952415  0.003781651867  0.005687132215  0.000000000000  0.001587017705  0.003735738122  0.001866102531  0.002799633675  
piranga_olivacea_ku4672 0.000958886203  0.002014601130  0.002800253140  0.004674244321  0.011980845924  0.008533932832  0.000000000000  0.007494349354  0.004804498061  0.004673205990  0.003737393898  0.005969357065  0.000932073617  0.000000000000  0.003740059183  0.001522356458  0.000932073617  0.000000000000  0.005110671013  0.002799633675  0.007497511214  0.001866102531  0.004674244321  0.004730685693  0.006641138338  0.000000000000  0.001587017705  0.004673205990  0.002802094962  0.001865279821  
piranga_ludoviciana_sdsu2208 0.003828639830  0.005110671013  0.003829799886  0.003828639830  0.012118144438  0.008971245004  0.000000000000  0.007682305565  0.003828639830  0.005110671013  0.005113372671  0.006394455779  0.003828639830  0.000000000000  0.006396404326  0.001521808929  0.003828639830  0.005110671013  0.000000000000  0.002551827960  0.006394455779  0.003828639830  0.005110671013  0.006394455779  0.006394455779  0.000000000000  0.001587017705  0.002549916818  0.006396404326  0.005110671013  
piranga_bidentata_itm160 0.002880270850  0.004033570787  0.003737393898  0.005614517728  0.011980845924  0.009490552934  0.001084743922  0.008437274273  0.004804498061  0.005612651876  0.004676511292  0.005969357065  0.003735952415  0.000000000000  0.004674244321  0.003047205487  0.003735952415  0.002799633675  0.002551827960  0.000000000000  0.008442941555  0.003735952415  0.005614517728  0.005681746698  0.007597192962  0.000000000000  0.001587017705  0.003737393898  0.005614517728  0.002799633675  
piranga_leucoptera_fmnh481795 0.006743504264  0.008097007603  0.008439809952  0.004676511292  0.011985768913  0.010452886383  0.002170752479  0.009383682971  0.008679061147  0.010329136036  0.009386411910  0.009983246436  0.006554084144  0.001510316851  0.009390383694  0.003047205487  0.006554084144  0.007497511214  0.006394455779  0.008442941555  0.000000000000  0.007497511214  0.006560709467  0.008543970101  0.006643907591  0.001485635252  0.003178517139  0.008439809952  0.008442941555  0.009383682971  
piranga_lutea_ku89864 0.000958886203  0.002014601130  0.001865080715  0.004674244321  0.011980845924  0.008533932832  0.000000000000  0.007494349354  0.004804498061  0.003735738122  0.002800253140  0.005969357065  0.000932073617  0.000000000000  0.003740059183  0.001522356458  0.000932073617  0.001866102531  0.003828639830  0.003735952415  0.007497511214  0.000000000000  0.004674244321  0.004730685693  0.006641138338  0.000000000000  0.001587017705  0.003735738122  0.002802094962  0.002799633675  
piranga_rubriceps_lsu34818 0.003843650513  0.005046981882  0.005612651876  0.001866102531  0.005105798505  0.007582790735  0.001084743922  0.006552622239  0.005771129516  0.007494161123  0.006554084144  0.006970209697  0.003735952415  0.000000000000  0.004674244321  0.001522356458  0.003735952415  0.004674244321  0.005110671013  0.005614517728  0.006560709467  0.004674244321  0.000000000000  0.005681746698  0.005692226975  0.000000000000  0.001587017705  0.005612651876  0.003735952415  0.006552622239  
piranga_roseogularis_ku2141 0.003892039782  0.005112846634  0.005681098626  0.005681746698  0.014023126164  0.009498049018  0.003258855933  0.008541989031  0.005842184783  0.007586744327  0.006633345252  0.002996010719  0.003781651867  0.004541548658  0.006634843560  0.004576187109  0.003781651867  0.004730685693  0.006394455779  0.005681746698  0.008543970101  0.004730685693  0.005681746698  0.000000000000  0.007594836278  0.004467159644  0.003177937485  0.003781871474  0.005681746698  0.006633116187  
piranga_erythrocephala_fmnh343371 0.005853584119  0.007179228444  0.007594836278  0.005692226975  0.014059625227  0.009511404232  0.002170752479  0.008550147859  0.007812347414  0.009507079071  0.008552089014  0.009039662852  0.005687132215  0.001510316851  0.008555304901  0.003047205487  0.005687132215  0.006641138338  0.006394455779  0.007597192962  0.006643907591  0.006641138338  0.005692226975  0.007594836278  0.000000000000  0.001485635252  0.003178517139  0.007594836278  0.007597192962  0.008550147859  
piranga_erythrocephala_fmnh343370 0.000000000000  0.001486157051  0.000000000000  0.000000000000  0.002603405143  0.001485635252  0.000000000000  0.002975197070  0.001485635252  0.002974689406  0.001486157051  0.002975197070  0.000000000000  0.000000000000  0.001486157051  0.000000000000  0.000000000000  0.000000000000  0.000000000000  0.000000000000  0.001485635252  0.000000000000  0.000000000000  0.004467159644  0.001485635252  0.000000000000  0.001602274749  0.001485635252  0.001486157051  0.001485635252  
piranga_ludoviciana_sdsu2650 0.001587017705  0.001587017705  0.001587017705  0.001587017705  0.005138445069  0.003178517139  0.001587017705  0.004774526153  0.003178517139  0.004772757322  0.003177937485  0.003177937485  0.001587017705  0.001587017705  0.003177937485  0.001666353769  0.001587017705  0.001587017705  0.001587017705  0.001587017705  0.003178517139  0.001587017705  0.001587017705  0.003177937485  0.003178517139  0.001602274749  0.000000000000  0.000000000000  0.003177937485  0.003178517139  
piranga_bidentata_tepe59 0.003843423654  0.005045770791  0.003735952415  0.005612651876  0.011980092763  0.009489036103  0.002170752479  0.008437877137  0.005769157788  0.005612019532  0.004674244321  0.004970529905  0.003735738122  0.001510316851  0.006554084144  0.003047738285  0.003735738122  0.004673205990  0.002549916818  0.003737393898  0.008439809952  0.003735738122  0.005612651876  0.003781871474  0.007594836278  0.001485635252  0.000000000000  0.000000000000  0.005612651876  0.004673205990  
piranga_rubra_sdsu2635 0.001919841940  0.003025330348  0.003737393898  0.005614517728  0.008534166214  0.009490552934  0.001084743922  0.008437274273  0.005771129516  0.005612651876  0.004676511292  0.006970209697  0.001866102531  0.001510856139  0.000932073617  0.003049935947  0.001866102531  0.002802094962  0.006396404326  0.005614517728  0.008442941555  0.002802094962  0.003735952415  0.005681746698  0.007597192962  0.001486157051  0.003177937485  0.005612651876  0.000000000000  0.004674244321  
piranga_bidentata_itm141 0.002880270850  0.004033570787  0.002800253140  0.006552622239  0.015445833274  0.010445758823  0.001084465933  0.009382987894  0.004804498061  0.002800253140  0.003737393898  0.007972335567  0.002799633675  0.001510316851  0.005614517728  0.004576187109  0.002799633675  0.001865279821  0.005110671013  0.002799633675  0.009383682971  0.002799633675  0.006552622239  0.006633116187  0.008550147859  0.001485635252  0.003178517139  0.004673205990  0.004674244321  0.000000000000  

