18
alectoris_rufa 0.000000000000  0.018996412471  0.018996412471  0.016578933826  0.014174123294  0.007046834654  0.018996412471  0.014069540365  0.016578933826  0.019649734217  0.018996412471  0.016578933826  0.021490212192  0.016578933826  0.021426693402  0.017294319605  0.016578933826  0.014174123294  
catreus_wallichi 0.018996412471  0.000000000000  0.006091654627  0.006091654627  0.037675268227  0.029038111945  0.020620689175  0.005467220127  0.008139280478  0.006601000001  0.020587459171  0.028967495487  0.024882522487  0.006104049346  0.050857353821  0.011303055975  0.008155876579  0.008557185984  
chrysolophus_pictus 0.018996412471  0.006091654627  0.000000000000  0.005874008964  0.036292360366  0.027978390649  0.019879684764  0.008027359503  0.007848839591  0.004397368476  0.019843127601  0.027901218698  0.023972634392  0.005885533012  0.048966956023  0.005626737077  0.008005936781  0.008236742749  
crossoptilon_crossoptilon 0.016578933826  0.006091654627  0.005874008964  0.000000000000  0.030042805083  0.025923221336  0.017852513419  0.002660215312  0.001949660913  0.002193417260  0.013800452438  0.025854445166  0.017864006256  0.000000000000  0.042556119048  0.005626737077  0.001988428588  0.004099892198  
cyrtonyx_montezumae 0.014174123294  0.037675268227  0.036292360366  0.030042805083  0.000000000000  0.023877214710  0.032116548193  0.021630235804  0.027978390649  0.029248642704  0.032066476805  0.036180839451  0.028012902142  0.030103117553  0.032066476805  0.019921462629  0.032774689399  0.022933290614  
galgal4    0.007046834654  0.029038111945  0.027978390649  0.025923221336  0.023877214710  0.000000000000  0.023877214710  0.013427189273  0.027978390649  0.022374210472  0.025966431310  0.023816759775  0.026027047719  0.025975030750  0.036233606097  0.014166834159  0.028549100486  0.014485916272  
lophophorus_impejanus 0.018996412471  0.020620689175  0.019879684764  0.017852513419  0.032116548193  0.023877214710  0.000000000000  0.008027359503  0.019879684764  0.020128707885  0.011803780240  0.032022357006  0.015845733565  0.017888000767  0.040438921549  0.008463220534  0.020282968114  0.010319236812  
lophura_inornata 0.014069540365  0.005467220127  0.008027359503  0.002660215312  0.021630235804  0.013427189273  0.008027359503  0.000000000000  0.002660215312  0.005766740227  0.008027359503  0.018872770925  0.010768884819  0.002660215312  0.030003458384  0.003506729509  0.002660215312  0.002660215312  
lophura_nycthemera 0.016578933826  0.008139280478  0.007848839591  0.001949660913  0.027978390649  0.027978390649  0.019879684764  0.002660215312  0.000000000000  0.002193417260  0.015805849835  0.027901218698  0.015845733565  0.001953469522  0.044683129488  0.005626737077  0.003985510320  0.004099892198  
lophura_swinhoii 0.019649734217  0.006601000001  0.004397368476  0.002193417260  0.029248642704  0.022374210472  0.020128707885  0.005766740227  0.002193417260  0.000000000000  0.015578744638  0.026855469732  0.017891669684  0.002193417260  0.043315504791  0.005626737077  0.004397368476  0.006685631768  
melgal2    0.018996412471  0.020587459171  0.019843127601  0.013800452438  0.032066476805  0.025966431310  0.011803780240  0.008027359503  0.015805849835  0.015578744638  0.000000000000  0.031984216102  0.011850409134  0.013827715606  0.044612587620  0.011317344941  0.016124456193  0.006163656082  
pavo_cristatus 0.016578933826  0.028967495487  0.027901218698  0.025854445166  0.036180839451  0.023816759775  0.032022357006  0.018872770925  0.027901218698  0.026855469732  0.031984216102  0.000000000000  0.036238763975  0.025905977441  0.048813725728  0.017029859313  0.028468724665  0.020753044901  
perdix_dauuricae 0.021490212192  0.024882522487  0.023972634392  0.017864006256  0.028012902142  0.026027047719  0.015845733565  0.010768884819  0.015845733565  0.017891669684  0.011850409134  0.036238763975  0.000000000000  0.017899538711  0.044729403691  0.008511243215  0.020294941731  0.010343740873  
phasianus_colchicus 0.016578933826  0.006104049346  0.005885533012  0.000000000000  0.030103117553  0.025975030750  0.017888000767  0.002660215312  0.001953469522  0.002193417260  0.013827715606  0.025905977441  0.017899538711  0.000000000000  0.042642591557  0.005626737077  0.001992390320  0.004099892198  
rollulus_rouloul 0.021426693402  0.050857353821  0.048966956023  0.042556119048  0.032066476805  0.036233606097  0.040438921549  0.030003458384  0.044683129488  0.043315504791  0.044612587620  0.048813725728  0.044729403691  0.042642591557  0.000000000000  0.019921462629  0.045610199280  0.033687453007  
syrmaticus_ellioti 0.017294319605  0.011303055975  0.005626737077  0.005626737077  0.019921462629  0.014166834159  0.008463220534  0.003506729509  0.005626737077  0.005626737077  0.011317344941  0.017029859313  0.008511243215  0.005626737077  0.019921462629  0.000000000000  0.002807677837  0.008463220534  
syrmaticus_reevesii 0.016578933826  0.008155876579  0.008005936781  0.001988428588  0.032774689399  0.028549100486  0.020282968114  0.002660215312  0.003985510320  0.004397368476  0.016124456193  0.028468724665  0.020294941731  0.001992390320  0.045610199280  0.002807677837  0.000000000000  0.006279777018  
tragopan_blythii 0.014174123294  0.008557185984  0.008236742749  0.004099892198  0.022933290614  0.014485916272  0.010319236812  0.002660215312  0.004099892198  0.006685631768  0.006163656082  0.020753044901  0.010343740873  0.004099892198  0.033687453007  0.008463220534  0.006279777018  0.000000000000  

