18
alectoris_rufa 0.000000000000  0.023771693123  0.023734507094  0.023771693123  0.026751509589  0.014741085448  0.023771693123  0.023771693123  0.023771693123  0.023771693123  0.017715269373  0.017747417200  0.026831025257  0.023771693123  0.014425828232  0.023771693123  0.023771693123  0.020733201836  
catreus_wallichi 0.023771693123  0.000000000000  0.003714973062  0.000000000000  0.030412893939  0.007458648643  0.003719166358  0.001855706775  0.000000000000  0.000000000000  0.013106189362  0.011234011768  0.007540007735  0.000000000000  0.011704292950  0.000000000000  0.002363361221  0.009449844344  
chrysolophus_pictus 0.023734507094  0.003714973062  0.000000000000  0.003814159911  0.030390061402  0.007452672667  0.007458648643  0.005582883189  0.003735790674  0.004163529319  0.013100003435  0.015021803781  0.011340180057  0.003735790674  0.011704292950  0.003918788491  0.007115657916  0.014228212505  
crossoptilon_crossoptilon 0.023771693123  0.000000000000  0.003814159911  0.000000000000  0.029232628513  0.007658581983  0.003818580502  0.001905203844  0.000000000000  0.000000000000  0.011514670361  0.011536427665  0.005740200395  0.000000000000  0.011731756732  0.000000000000  0.002420568104  0.009449844344  
cyrtonyx_montezumae 0.026751509589  0.030412893939  0.030390061402  0.029232628513  0.000000000000  0.026528511104  0.030412893939  0.032378353357  0.028618971359  0.031975194130  0.032351806354  0.034388104571  0.034683598795  0.028618971359  0.016471787379  0.030052785554  0.033970781783  0.031268696756  
galgal4    0.014741085448  0.007458648643  0.007452672667  0.007658581983  0.026528511104  0.000000000000  0.007458648643  0.009342335771  0.007500607761  0.006258395030  0.009332947711  0.011251846216  0.011340180057  0.007500607761  0.011726889434  0.007869529450  0.009507551286  0.011827799067  
lophophorus_impejanus 0.023771693123  0.003719166358  0.007458648643  0.003818580502  0.030412893939  0.007458648643  0.000000000000  0.005590443800  0.003740031176  0.004168798474  0.013106189362  0.011234011768  0.007540007735  0.003740031176  0.014081670487  0.003923455371  0.007119881562  0.009449844344  
lophura_inornata 0.023771693123  0.001855706775  0.005582883189  0.001905203844  0.032378353357  0.009342335771  0.005590443800  0.000000000000  0.001866095568  0.000000000000  0.015007060675  0.013133744683  0.009445094942  0.001866095568  0.014081670487  0.001957413736  0.002363361221  0.009449844344  
lophura_nycthemera 0.023771693123  0.000000000000  0.003735790674  0.000000000000  0.028618971359  0.007500607761  0.003740031176  0.001866095568  0.000000000000  0.000000000000  0.011276611031  0.011297472831  0.005675047685  0.000000000000  0.011704292950  0.000000000000  0.002363361221  0.009449844344  
lophura_swinhoii 0.023771693123  0.000000000000  0.004163529319  0.000000000000  0.031975194130  0.006258395030  0.004168798474  0.000000000000  0.000000000000  0.000000000000  0.008355626664  0.004163529319  0.006267900413  0.000000000000  0.010301679395  0.000000000000  0.002420568104  0.009449844344  
melgal2    0.017715269373  0.013106189362  0.013100003435  0.011514670361  0.032351806354  0.009332947711  0.013106189362  0.015007060675  0.011276611031  0.008355626664  0.000000000000  0.016934327958  0.013230049087  0.011276611031  0.014081670487  0.011832593830  0.011905199682  0.014215635354  
pavo_cristatus 0.017747417200  0.011234011768  0.015021803781  0.011536427665  0.034388104571  0.011251846216  0.011234011768  0.013133744683  0.011297472831  0.004163529319  0.016934327958  0.000000000000  0.015184364671  0.011297472831  0.014109724324  0.011855576767  0.007115657916  0.009440234686  
perdix_dauuricae 0.026831025257  0.007540007735  0.011340180057  0.005740200395  0.034683598795  0.011340180057  0.007540007735  0.009445094942  0.005675047685  0.006267900413  0.013230049087  0.015184364671  0.000000000000  0.005675047685  0.014081670487  0.005898201304  0.009631889851  0.011842913001  
phasianus_colchicus 0.023771693123  0.000000000000  0.003735790674  0.000000000000  0.028618971359  0.007500607761  0.003740031176  0.001866095568  0.000000000000  0.000000000000  0.011276611031  0.011297472831  0.005675047685  0.000000000000  0.011704292950  0.000000000000  0.002363361221  0.009449844344  
rollulus_rouloul 0.014425828232  0.011704292950  0.011704292950  0.011731756732  0.016471787379  0.011726889434  0.014081670487  0.014081670487  0.011704292950  0.010301679395  0.014081670487  0.014109724324  0.014081670487  0.011704292950  0.000000000000  0.011704292950  0.012472119292  0.013998174716  
syrmaticus_ellioti 0.023771693123  0.000000000000  0.003918788491  0.000000000000  0.030052785554  0.007869529450  0.003923455371  0.001957413736  0.000000000000  0.000000000000  0.011832593830  0.011855576767  0.005898201304  0.000000000000  0.011704292950  0.000000000000  0.002511766839  0.009449844344  
syrmaticus_reevesii 0.023771693123  0.002363361221  0.007115657916  0.002420568104  0.033970781783  0.009507551286  0.007119881562  0.002363361221  0.002363361221  0.002420568104  0.011905199682  0.007115657916  0.009631889851  0.002363361221  0.012472119292  0.002511766839  0.000000000000  0.012996084068  
tragopan_blythii 0.020733201836  0.009449844344  0.014228212505  0.009449844344  0.031268696756  0.011827799067  0.009449844344  0.009449844344  0.009449844344  0.009449844344  0.014215635354  0.009440234686  0.011842913001  0.009449844344  0.013998174716  0.009449844344  0.012996084068  0.000000000000  

