18
alectoris_rufa 0.000000000000  0.006767142936  0.008923941423  0.000000000000  0.015735453954  0.004447281449  0.009076946193  0.011182695692  0.007475371081  0.000000000000  0.008923941423  0.004929598950  0.011182695692  0.006676776230  0.008940184371  0.009384565573  0.010120671104  0.003020123629  
catreus_wallichi 0.006767142936  0.000000000000  0.002247911233  0.000000000000  0.013617054592  0.006767142936  0.002287740359  0.004507419259  0.000000000000  0.000000000000  0.002247911233  0.004995747992  0.004507419259  0.000000000000  0.011334807537  0.002331777485  0.002513463946  0.000000000000  
chrysolophus_pictus 0.008923941423  0.002247911233  0.000000000000  0.000000000000  0.020210084134  0.008884298807  0.004501050699  0.006658284282  0.000000000000  0.002977456722  0.004427590540  0.009846611862  0.008884298807  0.002208200439  0.013393095075  0.000000000000  0.000000000000  0.003022453013  
crossoptilon_crossoptilon 0.000000000000  0.000000000000  0.000000000000  0.000000000000  0.000000000000  0.000000000000  0.000000000000  0.000000000000  0.000000000000  0.000000000000  0.000000000000  0.000000000000  0.003547900178  0.000000000000  0.000000000000  0.000000000000  0.000000000000  0.000000000000  
cyrtonyx_montezumae 0.015735453954  0.013617054592  0.020210084134  0.000000000000  0.000000000000  0.015665019412  0.018224059119  0.022512623119  0.015051885413  0.005975293198  0.020210084134  0.012342108705  0.024789773241  0.017919586679  0.015665019412  0.016527387067  0.012668669683  0.003020123629  
galgal4    0.004447281449  0.006767142936  0.008884298807  0.000000000000  0.015665019412  0.000000000000  0.009035936005  0.011132895001  0.007475371081  0.000000000000  0.008884298807  0.004905416958  0.013374217139  0.006647187951  0.004427590540  0.009384565573  0.010120671104  0.003020123629  
lophophorus_impejanus 0.009076946193  0.002287740359  0.004501050699  0.000000000000  0.018224059119  0.009035936005  0.000000000000  0.006767142936  0.000000000000  0.002975196180  0.004501050699  0.009835837675  0.009035936005  0.002246622765  0.011320505738  0.004758046573  0.005033467128  0.003020123629  
lophura_inornata 0.011182695692  0.004507419259  0.006658284282  0.000000000000  0.022512623119  0.011132895001  0.006767142936  0.000000000000  0.000000000000  0.005975293198  0.002208200439  0.012342108705  0.011132895001  0.004427590540  0.015665019412  0.002331777485  0.005041435301  0.000000000000  
lophura_nycthemera 0.007475371081  0.000000000000  0.000000000000  0.000000000000  0.015051885413  0.007475371081  0.000000000000  0.000000000000  0.000000000000  0.000000000000  0.000000000000  0.005581289031  0.004978685317  0.000000000000  0.012527661025  0.000000000000  0.000000000000  0.000000000000  
lophura_swinhoii 0.000000000000  0.000000000000  0.002977456722  0.000000000000  0.005975293198  0.000000000000  0.002975196180  0.005975293198  0.000000000000  0.000000000000  0.002977456722  0.002977456722  0.005964096692  0.000000000000  0.000000000000  0.003206597822  0.003106969378  0.000000000000  
melgal2    0.008923941423  0.002247911233  0.004427590540  0.000000000000  0.020210084134  0.008884298807  0.004501050699  0.002208200439  0.000000000000  0.002977456722  0.000000000000  0.009846611862  0.008884298807  0.002208200439  0.013393095075  0.002331777485  0.002513463946  0.000000000000  
pavo_cristatus 0.004929598950  0.004995747992  0.009846611862  0.000000000000  0.012342108705  0.004905416958  0.009835837675  0.012342108705  0.005581289031  0.002977456722  0.009846611862  0.000000000000  0.012325139307  0.007365253138  0.007378883302  0.007826409557  0.007627421339  0.003020123629  
perdix_dauuricae 0.011182695692  0.004507419259  0.008884298807  0.003547900178  0.024789773241  0.013374217139  0.009035936005  0.011132895001  0.004978685317  0.005964096692  0.008884298807  0.012325139307  0.000000000000  0.006647187951  0.017919586679  0.007032908749  0.005041435301  0.003022453013  
phasianus_colchicus 0.006676776230  0.000000000000  0.002208200439  0.000000000000  0.017919586679  0.006647187951  0.002246622765  0.004427590540  0.000000000000  0.000000000000  0.002208200439  0.007365253138  0.006647187951  0.000000000000  0.011132895001  0.002331777485  0.002513463946  0.000000000000  
rollulus_rouloul 0.008940184371  0.011334807537  0.013393095075  0.000000000000  0.015665019412  0.004427590540  0.011320505738  0.015665019412  0.012527661025  0.000000000000  0.013393095075  0.007378883302  0.017919586679  0.011132895001  0.000000000000  0.014151269406  0.012686604200  0.003020123629  
syrmaticus_ellioti 0.009384565573  0.002331777485  0.000000000000  0.000000000000  0.016527387067  0.009384565573  0.004758046573  0.002331777485  0.000000000000  0.003206597822  0.002331777485  0.007826409557  0.007032908749  0.002331777485  0.014151269406  0.000000000000  0.000000000000  0.003022453013  
syrmaticus_reevesii 0.010120671104  0.002513463946  0.000000000000  0.000000000000  0.012668669683  0.010120671104  0.005033467128  0.005041435301  0.000000000000  0.003106969378  0.002513463946  0.007627421339  0.005041435301  0.002513463946  0.012686604200  0.000000000000  0.000000000000  0.003022453013  
tragopan_blythii 0.003020123629  0.000000000000  0.003022453013  0.000000000000  0.003020123629  0.003020123629  0.003020123629  0.000000000000  0.000000000000  0.000000000000  0.000000000000  0.003020123629  0.003022453013  0.000000000000  0.003020123629  0.003022453013  0.003022453013  0.000000000000  

