18
alectoris_rufa 0.000000000000  0.052530776962  0.056510366143  0.056510366143  0.092654057542  0.055333112888  0.036783765288  0.064457209316  0.052530776962  0.056510366143  0.045511277019  0.052346520778  0.054898713047  0.048586014429  0.094675130664  0.052530776962  0.056510366143  0.044345102668  
catreus_wallichi 0.052530776962  0.000000000000  0.012295145879  0.012456980142  0.154766325112  0.069602749633  0.044388743998  0.012317902273  0.004070529665  0.013213126333  0.054091878828  0.069524406304  0.047381098677  0.014474724625  0.116335342623  0.015466219146  0.014385341803  0.049632395835  
chrysolophus_pictus 0.056510366143  0.012295145879  0.000000000000  0.016666383427  0.154766325112  0.072033122672  0.042180033174  0.020477345948  0.008102593129  0.017678597731  0.051803490044  0.071876013701  0.050324551871  0.016426810616  0.116535706587  0.017562157342  0.019098847645  0.051910364028  
crossoptilon_crossoptilon 0.056510366143  0.012456980142  0.016666383427  0.000000000000  0.162562558108  0.072913481903  0.044959296162  0.020924408843  0.008276855804  0.017703901218  0.057063470177  0.077522860615  0.045142766598  0.020993272558  0.111224578723  0.022226839728  0.019566026628  0.056442354709  
cyrtonyx_montezumae 0.092654057542  0.154766325112  0.154766325112  0.162562558108  0.000000000000  0.133786774862  0.142357621128  0.160208693822  0.151950638892  0.147027478841  0.158661443847  0.134155450678  0.149079301804  0.155889460966  0.130442525690  0.147027478841  0.174303815784  0.142136584400  
galgal4    0.055333112888  0.069602749633  0.072033122672  0.072913481903  0.133786774862  0.000000000000  0.062112092879  0.079282919129  0.067185410106  0.067349032849  0.072688904734  0.057393563569  0.069190902955  0.074985433112  0.087074412534  0.072557334709  0.082765763242  0.060822382945  
lophophorus_impejanus 0.036783765288  0.044388743998  0.042180033174  0.044959296162  0.142357621128  0.062112092879  0.000000000000  0.053275050047  0.042180033174  0.047834793296  0.029395201952  0.057778156150  0.032908905318  0.042491638164  0.106407009137  0.047834793296  0.044412445185  0.031714550775  
lophura_inornata 0.064457209316  0.012317902273  0.020477345948  0.020924408843  0.160208693822  0.079282919129  0.053275050047  0.000000000000  0.012203601480  0.022205422490  0.063278065024  0.078887849571  0.062181395111  0.022734794274  0.132904609366  0.024291456842  0.026427799663  0.058750636845  
lophura_nycthemera 0.052530776962  0.004070529665  0.008102593129  0.008276855804  0.151950638892  0.067185410106  0.042180033174  0.012203601480  0.000000000000  0.008780620060  0.051803490044  0.067185003424  0.047381098677  0.012270001365  0.113238343277  0.013110270806  0.011864379402  0.047365881633  
lophura_swinhoii 0.056510366143  0.013213126333  0.017678597731  0.017703901218  0.147027478841  0.067349032849  0.047834793296  0.022205422490  0.008780620060  0.000000000000  0.048498164966  0.072370237603  0.052287143511  0.022276361020  0.117994363846  0.017717755112  0.020994216985  0.052642710217  
melgal2    0.045511277019  0.054091878828  0.051803490044  0.057063470177  0.158661443847  0.072688904734  0.029395201952  0.063278065024  0.051803490044  0.048498164966  0.000000000000  0.070135028830  0.030708175794  0.054445654246  0.111586361093  0.053392431005  0.045218906380  0.050064871466  
pavo_cristatus 0.052346520778  0.069524406304  0.071876013701  0.077522860615  0.134155450678  0.057393563569  0.057778156150  0.078887849571  0.067185003424  0.072370237603  0.070135028830  0.000000000000  0.068400697783  0.074730507813  0.103363694464  0.067342383515  0.073809654240  0.063363408179  
perdix_dauuricae 0.054898713047  0.047381098677  0.050324551871  0.045142766598  0.149079301804  0.069190902955  0.032908905318  0.062181395111  0.047381098677  0.052287143511  0.030708175794  0.068400697783  0.000000000000  0.050465773382  0.109317131021  0.052185027183  0.056269754897  0.051171874724  
phasianus_colchicus 0.048586014429  0.014474724625  0.016426810616  0.020993272558  0.155889460966  0.074985433112  0.042491638164  0.022734794274  0.012270001365  0.022276361020  0.054445654246  0.074730507813  0.050465773382  0.000000000000  0.126719280253  0.019892256998  0.016787167445  0.045305467178  
rollulus_rouloul 0.094675130664  0.116335342623  0.116535706587  0.111224578723  0.130442525690  0.087074412534  0.106407009137  0.132904609366  0.113238343277  0.117994363846  0.111586361093  0.103363694464  0.109317131021  0.126719280253  0.000000000000  0.118160279091  0.129971790094  0.118215557931  
syrmaticus_ellioti 0.052530776962  0.015466219146  0.017562157342  0.022226839728  0.147027478841  0.072557334709  0.047834793296  0.024291456842  0.013110270806  0.017717755112  0.053392431005  0.067342383515  0.052185027183  0.019892256998  0.118160279091  0.000000000000  0.015500323006  0.052642710217  
syrmaticus_reevesii 0.056510366143  0.014385341803  0.019098847645  0.019566026628  0.174303815784  0.082765763242  0.044412445185  0.026427799663  0.011864379402  0.020994216985  0.045218906380  0.073809654240  0.056269754897  0.016787167445  0.129971790094  0.015500323006  0.000000000000  0.053025460982  
tragopan_blythii 0.044345102668  0.049632395835  0.051910364028  0.056442354709  0.142136584400  0.060822382945  0.031714550775  0.058750636845  0.047365881633  0.052642710217  0.050064871466  0.063363408179  0.051171874724  0.045305467178  0.118215557931  0.052642710217  0.053025460982  0.000000000000  

