18
alectoris_rufa 0.000000000000  0.008760384483  0.008760384483  0.012002582182  0.011721194635  0.005820102830  0.011721194635  0.008760384483  0.008760384483  0.009051130228  0.005820102830  0.005820102830  0.014630771768  0.014531877349  0.014481150478  0.017852640457  0.009023903688  0.012375306345  
catreus_wallichi 0.008760384483  0.000000000000  0.000000000000  0.002968948440  0.008760384483  0.002900066971  0.008760384483  0.000000000000  0.000000000000  0.000000000000  0.002900066971  0.002900066971  0.011669848838  0.004788842045  0.014481150478  0.010625474264  0.000000000000  0.009249504590  
chrysolophus_pictus 0.008760384483  0.000000000000  0.000000000000  0.002968948440  0.008760384483  0.005671559783  0.008536039739  0.000000000000  0.000000000000  0.000000000000  0.002826298594  0.005671559783  0.011371262169  0.004788842045  0.017601225858  0.010625474264  0.000000000000  0.009054092188  
crossoptilon_crossoptilon 0.012002582182  0.002968948440  0.002968948440  0.000000000000  0.008969939086  0.005958829050  0.005958829050  0.002968948440  0.002968948440  0.000000000000  0.005958829050  0.005958829050  0.014981499630  0.004788842045  0.014913103433  0.010625474264  0.000000000000  0.009483423245  
cyrtonyx_montezumae 0.011721194635  0.008760384483  0.008760384483  0.008969939086  0.000000000000  0.005820102830  0.011721194635  0.008760384483  0.008760384483  0.009051130228  0.005820102830  0.005820102830  0.014630771768  0.004788842045  0.010817041836  0.010625474264  0.009023903688  0.012375306345  
galgal4    0.005820102830  0.002900066971  0.005671559783  0.005958829050  0.005820102830  0.000000000000  0.008536039739  0.005671559783  0.005671559783  0.005854175270  0.002826298594  0.000000000000  0.011371262169  0.009632379873  0.010477037508  0.014223661754  0.005837089327  0.009054092188  
lophophorus_impejanus 0.011721194635  0.008760384483  0.008536039739  0.005958829050  0.011721194635  0.008536039739  0.000000000000  0.008536039739  0.008536039739  0.005854175270  0.005671559783  0.008536039739  0.014255329291  0.009632379873  0.017601225858  0.017852640457  0.005837089327  0.009054092188  
lophura_inornata 0.008760384483  0.000000000000  0.000000000000  0.002968948440  0.008760384483  0.005671559783  0.008536039739  0.000000000000  0.000000000000  0.000000000000  0.002826298594  0.005671559783  0.011371262169  0.004788842045  0.017601225858  0.010625474264  0.000000000000  0.009054092188  
lophura_nycthemera 0.008760384483  0.000000000000  0.000000000000  0.002968948440  0.008760384483  0.005671559783  0.008536039739  0.000000000000  0.000000000000  0.000000000000  0.002826298594  0.005671559783  0.011371262169  0.004788842045  0.017601225858  0.010625474264  0.000000000000  0.009054092188  
lophura_swinhoii 0.009051130228  0.000000000000  0.000000000000  0.000000000000  0.009051130228  0.005854175270  0.005854175270  0.000000000000  0.000000000000  0.000000000000  0.002916985946  0.005854175270  0.011738343463  0.004788842045  0.017601225858  0.010625474264  0.000000000000  0.009054092188  
melgal2    0.005820102830  0.002900066971  0.002826298594  0.005958829050  0.005820102830  0.002826298594  0.005671559783  0.002826298594  0.002826298594  0.002916985946  0.000000000000  0.002826298594  0.008506676654  0.009632379873  0.014024171681  0.014223661754  0.002908501854  0.006017126502  
pavo_cristatus 0.005820102830  0.002900066971  0.005671559783  0.005958829050  0.005820102830  0.000000000000  0.008536039739  0.005671559783  0.005671559783  0.005854175270  0.002826298594  0.000000000000  0.011371262169  0.009632379873  0.010477037508  0.014223661754  0.005837089327  0.009054092188  
perdix_dauuricae 0.014630771768  0.011669848838  0.011371262169  0.014981499630  0.014630771768  0.011371262169  0.014255329291  0.011371262169  0.011371262169  0.011738343463  0.008506676654  0.011371262169  0.000000000000  0.019397350470  0.024724618509  0.025079004473  0.011703995937  0.015148333478  
phasianus_colchicus 0.014531877349  0.004788842045  0.004788842045  0.004788842045  0.004788842045  0.009632379873  0.009632379873  0.004788842045  0.004788842045  0.004788842045  0.009632379873  0.009632379873  0.019397350470  0.000000000000  0.009678997779  0.000000000000  0.004788842045  0.014531877349  
rollulus_rouloul 0.014481150478  0.014481150478  0.017601225858  0.014913103433  0.010817041836  0.010477037508  0.017601225858  0.017601225858  0.017601225858  0.017601225858  0.014024171681  0.010477037508  0.024724618509  0.009678997779  0.000000000000  0.018674863652  0.017601225858  0.021302310964  
syrmaticus_ellioti 0.017852640457  0.010625474264  0.010625474264  0.010625474264  0.010625474264  0.014223661754  0.017852640457  0.010625474264  0.010625474264  0.010625474264  0.014223661754  0.014223661754  0.025079004473  0.000000000000  0.018674863652  0.000000000000  0.010625474264  0.021454678676  
syrmaticus_reevesii 0.009023903688  0.000000000000  0.000000000000  0.000000000000  0.009023903688  0.005837089327  0.005837089327  0.000000000000  0.000000000000  0.000000000000  0.002908501854  0.005837089327  0.011703995937  0.004788842045  0.017601225858  0.010625474264  0.000000000000  0.009054092188  
tragopan_blythii 0.012375306345  0.009249504590  0.009054092188  0.009483423245  0.012375306345  0.009054092188  0.009054092188  0.009054092188  0.009054092188  0.009054092188  0.006017126502  0.009054092188  0.015148333478  0.014531877349  0.021302310964  0.021454678676  0.009054092188  0.000000000000  

