18
alectoris_rufa 0.000000000000  0.076848139039  0.076996361064  0.072693910056  0.079328566479  0.064510280687  0.058557488283  0.074760466595  0.066248386939  0.076691203474  0.070832322658  0.054504614171  0.054665490957  0.073938706566  0.055174265295  0.074111752102  0.077464082671  0.067479460930  
catreus_wallichi 0.076848139039  0.000000000000  0.013534694116  0.010095679158  0.083185387902  0.073023076139  0.030903002151  0.011791827405  0.010998609169  0.016909467059  0.045441279209  0.048835940997  0.034589685608  0.016231602273  0.065007843297  0.016157706352  0.015185966517  0.048386449707  
chrysolophus_pictus 0.076996361064  0.013534694116  0.000000000000  0.013534694116  0.083336442483  0.075088257014  0.030956168841  0.011811725722  0.013823543162  0.016938111501  0.047366280866  0.048921343185  0.034649640222  0.012575685922  0.068334003879  0.014335758593  0.022973129023  0.048386449707  
crossoptilon_crossoptilon 0.072693910056  0.010095679158  0.013534694116  0.000000000000  0.079247912891  0.069185901919  0.027363643960  0.011791827405  0.013785428435  0.013477982799  0.041779770308  0.045170300730  0.031009518856  0.016231602273  0.065007843297  0.016157706352  0.015185966517  0.040297126307  
cyrtonyx_montezumae 0.079328566479  0.083185387902  0.083336442483  0.079247912891  0.000000000000  0.092980277042  0.071610431954  0.079245741478  0.048315747286  0.083026372885  0.097495121995  0.071540327653  0.067879909566  0.091304905510  0.055248362812  0.082569618753  0.060618905601  0.095285874013  
galgal4    0.064510280687  0.073023076139  0.075088257014  0.069185901919  0.092980277042  0.000000000000  0.061726742192  0.074940517568  0.063318064086  0.080629027634  0.069366420704  0.052353323314  0.065613357410  0.076345862512  0.058609336750  0.080024501411  0.074573316706  0.064812601679  
lophophorus_impejanus 0.058557488283  0.030903002151  0.030956168841  0.027363643960  0.071610431954  0.061726742192  0.000000000000  0.029111970658  0.030783654130  0.034385440760  0.039960119157  0.041634714064  0.027457589049  0.031081995132  0.055335832858  0.032821430500  0.036122669130  0.038393048319  
lophura_inornata 0.074760466595  0.011791827405  0.011811725722  0.011791827405  0.079245741478  0.074940517568  0.029111970658  0.000000000000  0.000000000000  0.010112695626  0.045407140413  0.050654065904  0.032772802415  0.012598320320  0.071478382107  0.007139172153  0.015185966517  0.050466944945  
lophura_nycthemera 0.066248386939  0.010998609169  0.013823543162  0.013785428435  0.048315747286  0.063318064086  0.030783654130  0.000000000000  0.000000000000  0.008249484107  0.042487597108  0.054253439683  0.025211172410  0.015422813531  0.071478382107  0.005644236143  0.013842825029  0.050166371318  
lophura_swinhoii 0.076691203474  0.016909467059  0.016938111501  0.013477982799  0.083026372885  0.080629027634  0.034385440760  0.010112695626  0.008249484107  0.000000000000  0.050857941102  0.056124749558  0.038101144999  0.016231602273  0.078214273288  0.014365251451  0.022973129023  0.048327659055  
melgal2    0.070832322658  0.045441279209  0.047366280866  0.041779770308  0.097495121995  0.069366420704  0.039960119157  0.045407140413  0.042487597108  0.050857941102  0.000000000000  0.052653628328  0.040099543936  0.054493249333  0.071684913350  0.052241388979  0.044245915034  0.052624353632  
pavo_cristatus 0.054504614171  0.048835940997  0.048921343185  0.045170300730  0.071540327653  0.052353323314  0.041634714064  0.050654065904  0.054253439683  0.056124749558  0.052653628328  0.000000000000  0.041678604500  0.058135460917  0.048790969625  0.057852782109  0.060624790765  0.056549493164  
perdix_dauuricae 0.054665490957  0.034589685608  0.034649640222  0.031009518856  0.067879909566  0.065613357410  0.027457589049  0.032772802415  0.025211172410  0.038101144999  0.040099543936  0.041678604500  0.000000000000  0.040786934789  0.049090576661  0.036748439562  0.033677692408  0.046530322244  
phasianus_colchicus 0.073938706566  0.016231602273  0.012575685922  0.016231602273  0.091304905510  0.076345862512  0.031081995132  0.012598320320  0.015422813531  0.016231602273  0.054493249333  0.058135460917  0.040786934789  0.000000000000  0.085521115451  0.016980892882  0.022532418593  0.058555690778  
rollulus_rouloul 0.055174265295  0.065007843297  0.068334003879  0.065007843297  0.055248362812  0.058609336750  0.055335832858  0.071478382107  0.071478382107  0.078214273288  0.071684913350  0.048790969625  0.049090576661  0.085521115451  0.000000000000  0.071396106996  0.068233999423  0.064476085216  
syrmaticus_ellioti 0.074111752102  0.016157706352  0.014335758593  0.016157706352  0.082569618753  0.080024501411  0.032821430500  0.007139172153  0.005644236143  0.014365251451  0.052241388979  0.057852782109  0.036748439562  0.016980892882  0.071396106996  0.000000000000  0.015557169151  0.050304455032  
syrmaticus_reevesii 0.077464082671  0.015185966517  0.022973129023  0.015185966517  0.060618905601  0.074573316706  0.036122669130  0.015185966517  0.013842825029  0.022973129023  0.044245915034  0.060624790765  0.033677692408  0.022532418593  0.068233999423  0.015557169151  0.000000000000  0.057649554101  
tragopan_blythii 0.067479460930  0.048386449707  0.048386449707  0.040297126307  0.095285874013  0.064812601679  0.038393048319  0.050466944945  0.050166371318  0.048327659055  0.052624353632  0.056549493164  0.046530322244  0.058555690778  0.064476085216  0.050304455032  0.057649554101  0.000000000000  

