18
alectoris_rufa 0.000000000000  0.003664696570  0.003664696570  0.004610983139  0.014221588183  0.003522690295  0.003664696570  0.003664696570  0.003664696570  0.003664696570  0.007359850238  0.007058408196  0.003664696570  0.003664696570  0.014261384219  0.003664696570  0.003664696570  0.007359850238  
catreus_wallichi 0.003664696570  0.000000000000  0.000000000000  0.000000000000  0.008605471456  0.000000000000  0.002850024058  0.000000000000  0.000000000000  0.000000000000  0.002850024058  0.000000000000  0.000000000000  0.000000000000  0.011679444688  0.000000000000  0.000000000000  0.003013190280  
chrysolophus_pictus 0.003664696570  0.000000000000  0.000000000000  0.000000000000  0.008388893709  0.000000000000  0.002778748324  0.000000000000  0.000000000000  0.000000000000  0.002778748324  0.000000000000  0.000000000000  0.002776847642  0.011380366128  0.000000000000  0.000000000000  0.003013190280  
crossoptilon_crossoptilon 0.004610983139  0.000000000000  0.000000000000  0.000000000000  0.003691755048  0.000000000000  0.000000000000  0.000000000000  0.000000000000  0.000000000000  0.003691755048  0.000000000000  0.000000000000  0.000000000000  0.007554453563  0.000000000000  0.000000000000  0.003691755048  
cyrtonyx_montezumae 0.014221588183  0.008605471456  0.008388893709  0.003691755048  0.000000000000  0.018820583862  0.016610809028  0.008436074673  0.013798886482  0.014520255494  0.016610809028  0.013672201003  0.008388893709  0.016572095380  0.016617999449  0.008605471456  0.010046428148  0.014954584011  
galgal4    0.003522690295  0.000000000000  0.000000000000  0.000000000000  0.018820583862  0.000000000000  0.005468271990  0.000000000000  0.002725729344  0.002866362519  0.005468271990  0.002709141599  0.000000000000  0.005459248524  0.013837076806  0.000000000000  0.000000000000  0.005921611966  
lophophorus_impejanus 0.003664696570  0.002850024058  0.002778748324  0.000000000000  0.016610809028  0.005468271990  0.000000000000  0.002794277563  0.002725729344  0.002866362519  0.005468271990  0.002794277563  0.002778748324  0.005459248524  0.014271561704  0.002850024058  0.003323650085  0.005921611966  
lophura_inornata 0.003664696570  0.000000000000  0.000000000000  0.000000000000  0.008436074673  0.000000000000  0.002794277563  0.000000000000  0.000000000000  0.000000000000  0.002794277563  0.000000000000  0.000000000000  0.002792355577  0.011380366128  0.000000000000  0.000000000000  0.003031459076  
lophura_nycthemera 0.003664696570  0.000000000000  0.000000000000  0.000000000000  0.013798886482  0.002725729344  0.002725729344  0.000000000000  0.000000000000  0.000000000000  0.002725729344  0.000000000000  0.000000000000  0.002723900503  0.011380366128  0.000000000000  0.000000000000  0.002950947679  
lophura_swinhoii 0.003664696570  0.000000000000  0.000000000000  0.000000000000  0.014520255494  0.002866362519  0.002866362519  0.000000000000  0.000000000000  0.000000000000  0.002866362519  0.000000000000  0.000000000000  0.002864340085  0.011994668197  0.000000000000  0.000000000000  0.003116486939  
melgal2    0.007359850238  0.002850024058  0.002778748324  0.003691755048  0.016610809028  0.005468271990  0.005468271990  0.002794277563  0.002725729344  0.002866362519  0.000000000000  0.002794277563  0.002778748324  0.005459248524  0.014271561704  0.002850024058  0.003323650085  0.005921611966  
pavo_cristatus 0.007058408196  0.000000000000  0.000000000000  0.000000000000  0.013672201003  0.002709141599  0.002794277563  0.000000000000  0.000000000000  0.000000000000  0.002794277563  0.000000000000  0.000000000000  0.002792355577  0.016617999449  0.000000000000  0.000000000000  0.003031459076  
perdix_dauuricae 0.003664696570  0.000000000000  0.000000000000  0.000000000000  0.008388893709  0.000000000000  0.002778748324  0.000000000000  0.000000000000  0.000000000000  0.002778748324  0.000000000000  0.000000000000  0.002776847642  0.011380366128  0.000000000000  0.000000000000  0.003013190280  
phasianus_colchicus 0.003664696570  0.000000000000  0.002776847642  0.000000000000  0.016572095380  0.005459248524  0.005459248524  0.002792355577  0.002723900503  0.002864340085  0.005459248524  0.002792355577  0.002776847642  0.000000000000  0.014238237959  0.000000000000  0.000000000000  0.002950947679  
rollulus_rouloul 0.014261384219  0.011679444688  0.011380366128  0.007554453563  0.016617999449  0.013837076806  0.014271561704  0.011380366128  0.011380366128  0.011994668197  0.014271561704  0.016617999449  0.011380366128  0.014238237959  0.000000000000  0.011679444688  0.010046428148  0.015511356576  
syrmaticus_ellioti 0.003664696570  0.000000000000  0.000000000000  0.000000000000  0.008605471456  0.000000000000  0.002850024058  0.000000000000  0.000000000000  0.000000000000  0.002850024058  0.000000000000  0.000000000000  0.000000000000  0.011679444688  0.000000000000  0.000000000000  0.003013190280  
syrmaticus_reevesii 0.003664696570  0.000000000000  0.000000000000  0.000000000000  0.010046428148  0.000000000000  0.003323650085  0.000000000000  0.000000000000  0.000000000000  0.003323650085  0.000000000000  0.000000000000  0.000000000000  0.010046428148  0.000000000000  0.000000000000  0.003535143577  
tragopan_blythii 0.007359850238  0.003013190280  0.003013190280  0.003691755048  0.014954584011  0.005921611966  0.005921611966  0.003031459076  0.002950947679  0.003116486939  0.005921611966  0.003031459076  0.003013190280  0.002950947679  0.015511356576  0.003013190280  0.003535143577  0.000000000000  

