18
alectoris_rufa 0.000000000000  0.016347884618  0.022387416587  0.022387416587  0.023165494940  0.016347884618  0.011245781975  0.027474388156  0.038896977368  0.022040501819  0.051182833558  0.050435951442  0.022387416587  0.038896977368  0.044715063185  0.005955065655  0.022513445453  0.016782249035  
catreus_wallichi 0.016347884618  0.000000000000  0.013776396254  0.017978399968  0.042360011780  0.031326361211  0.022831730658  0.017783143128  0.026785415786  0.013303030520  0.052454481446  0.050244063019  0.027149089465  0.022785570574  0.054816859821  0.009763451265  0.011120714833  0.018023545944  
chrysolophus_pictus 0.022387416587  0.013776396254  0.000000000000  0.009138843300  0.038475137982  0.018391761226  0.013920337944  0.009138843300  0.009138843300  0.004547008755  0.029074595417  0.018375360950  0.027859255675  0.013729212497  0.027777670579  0.009763451265  0.011120714833  0.009154586921  
crossoptilon_crossoptilon 0.022387416587  0.017978399968  0.009138843300  0.000000000000  0.037571248956  0.022523145601  0.022889900825  0.008974799559  0.008934704732  0.004445929567  0.023536516612  0.031853934666  0.027226984742  0.013729212497  0.031752761677  0.009763451265  0.000000000000  0.008949755089  
cyrtonyx_montezumae 0.023165494940  0.042360011780  0.038475137982  0.037571248956  0.000000000000  0.042479675333  0.037700103678  0.032867662716  0.037571248956  0.032714008242  0.029216212489  0.047410126084  0.047617729098  0.038475137982  0.037571248956  0.034830870008  0.017265218099  0.027989251134  
galgal4    0.016347884618  0.031326361211  0.018391761226  0.022523145601  0.042479675333  0.000000000000  0.027602854944  0.026905552699  0.031326361211  0.017783143128  0.052454481446  0.045468955570  0.031921065648  0.036878164890  0.050139113349  0.019657267056  0.011120714833  0.013482396203  
lophophorus_impejanus 0.011245781975  0.022831730658  0.013920337944  0.022889900825  0.037700103678  0.027602854944  0.000000000000  0.013666665048  0.022889900825  0.018224156301  0.019076971711  0.022909469633  0.032497909685  0.023426221759  0.032363983798  0.014669110068  0.022769809355  0.013651012691  
lophura_inornata 0.027474388156  0.017783143128  0.009138843300  0.008974799559  0.032867662716  0.026905552699  0.013666665048  0.000000000000  0.008855580332  0.008870366150  0.037748611590  0.040677259558  0.027351131934  0.022727933598  0.040742304714  0.004856144414  0.011120714833  0.008989984856  
lophura_nycthemera 0.038896977368  0.026785415786  0.009138843300  0.008934704732  0.037571248956  0.031326361211  0.022889900825  0.008855580332  0.000000000000  0.008831197522  0.037571248956  0.040677259558  0.027226984742  0.022727933598  0.040558628341  0.004856144414  0.011120714833  0.008949755089  
lophura_swinhoii 0.022040501819  0.013303030520  0.004547008755  0.004445929567  0.032714008242  0.017783143128  0.018224156301  0.008870366150  0.008831197522  0.000000000000  0.032974029213  0.036199413665  0.022579737958  0.018224156301  0.036121210263  0.004856144414  0.005527169686  0.004460797002  
melgal2    0.051182833558  0.052454481446  0.029074595417  0.023536516612  0.029216212489  0.052454481446  0.019076971711  0.037748611590  0.037571248956  0.032974029213  0.000000000000  0.042420737364  0.043247522005  0.028571496178  0.042360011780  0.005078085777  0.022665036503  0.018824580080  
pavo_cristatus 0.050435951442  0.050244063019  0.018375360950  0.031853934666  0.047410126084  0.045468955570  0.022909469633  0.040677259558  0.040677259558  0.036199413665  0.042420737364  0.000000000000  0.041303457050  0.022701418233  0.036063136873  0.019608128151  0.016712190971  0.018099695803  
perdix_dauuricae 0.022387416587  0.027149089465  0.027859255675  0.027226984742  0.047617729098  0.031921065648  0.032497909685  0.027351131934  0.027226984742  0.022579737958  0.043247522005  0.041303457050  0.000000000000  0.023042195587  0.041309133066  0.029796755110  0.011120714833  0.018125928868  
phasianus_colchicus 0.038896977368  0.022785570574  0.013729212497  0.013729212497  0.038475137982  0.036878164890  0.023426221759  0.022727933598  0.022727933598  0.018224156301  0.028571496178  0.022701418233  0.023042195587  0.000000000000  0.022785570574  0.009763451265  0.005527169686  0.009154586921  
rollulus_rouloul 0.044715063185  0.054816859821  0.027777670579  0.031752761677  0.037571248956  0.050139113349  0.032363983798  0.040742304714  0.040558628341  0.036121210263  0.042360011780  0.036063136873  0.041309133066  0.022785570574  0.000000000000  0.024699421449  0.011120714833  0.018059578883  
syrmaticus_ellioti 0.005955065655  0.009763451265  0.009763451265  0.009763451265  0.034830870008  0.019657267056  0.014669110068  0.004856144414  0.004856144414  0.004856144414  0.005078085777  0.019608128151  0.029796755110  0.009763451265  0.024699421449  0.000000000000  0.005955065655  0.009733806191  
syrmaticus_reevesii 0.022513445453  0.011120714833  0.011120714833  0.000000000000  0.017265218099  0.011120714833  0.022769809355  0.011120714833  0.011120714833  0.005527169686  0.022665036503  0.016712190971  0.011120714833  0.005527169686  0.011120714833  0.005955065655  0.000000000000  0.005527169686  
tragopan_blythii 0.016782249035  0.018023545944  0.009154586921  0.008949755089  0.027989251134  0.013482396203  0.013651012691  0.008989984856  0.008949755089  0.004460797002  0.018824580080  0.018099695803  0.018125928868  0.009154586921  0.018059578883  0.009733806191  0.005527169686  0.000000000000  

