18
alectoris_rufa 0.000000000000  0.007109847091  0.007291289409  0.004482361910  0.010705376234  0.007109847091  0.007109847091  0.007160759682  0.007291289409  0.007426666277  0.010705376234  0.007109847091  0.010967830771  0.004972737387  0.015174997212  0.005678713635  0.007160759682  0.007371916720  
catreus_wallichi 0.007109847091  0.000000000000  0.000000000000  0.000000000000  0.003548538252  0.007127356061  0.000000000000  0.000000000000  0.000000000000  0.000000000000  0.003548538252  0.007127356061  0.003635081667  0.000000000000  0.007538641887  0.000000000000  0.000000000000  0.000000000000  
chrysolophus_pictus 0.007291289409  0.000000000000  0.000000000000  0.000000000000  0.003638928955  0.007309706648  0.000000000000  0.000000000000  0.000000000000  0.000000000000  0.003638928955  0.007309706648  0.003635081667  0.000000000000  0.007624864884  0.000000000000  0.000000000000  0.000000000000  
crossoptilon_crossoptilon 0.004482361910  0.000000000000  0.000000000000  0.000000000000  0.004488214868  0.004488214868  0.000000000000  0.000000000000  0.000000000000  0.000000000000  0.004488214868  0.004488214868  0.004627559821  0.000000000000  0.009161749470  0.000000000000  0.000000000000  0.000000000000  
cyrtonyx_montezumae 0.010705376234  0.003548538252  0.003638928955  0.004488214868  0.000000000000  0.010736974627  0.003548538252  0.003573902665  0.003638928955  0.003706365387  0.007127356061  0.010736974627  0.007291289409  0.004979943297  0.011353643656  0.000000000000  0.003573902665  0.003679093085  
galgal4    0.007109847091  0.007127356061  0.007309706648  0.004488214868  0.010736974627  0.000000000000  0.007127356061  0.007178521178  0.007309706648  0.007445776257  0.010736974627  0.007127356061  0.010979650401  0.004979943297  0.015203665641  0.005688115061  0.007178521178  0.007390744989  
lophophorus_impejanus 0.007109847091  0.000000000000  0.000000000000  0.000000000000  0.003548538252  0.007127356061  0.000000000000  0.000000000000  0.000000000000  0.000000000000  0.003548538252  0.007127356061  0.003635081667  0.000000000000  0.007538641887  0.000000000000  0.000000000000  0.000000000000  
lophura_inornata 0.007160759682  0.000000000000  0.000000000000  0.000000000000  0.003573902665  0.007178521178  0.000000000000  0.000000000000  0.000000000000  0.000000000000  0.003573902665  0.007178521178  0.003635081667  0.000000000000  0.007538641887  0.000000000000  0.000000000000  0.000000000000  
lophura_nycthemera 0.007291289409  0.000000000000  0.000000000000  0.000000000000  0.003638928955  0.007309706648  0.000000000000  0.000000000000  0.000000000000  0.000000000000  0.003638928955  0.007309706648  0.003635081667  0.000000000000  0.007624864884  0.000000000000  0.000000000000  0.000000000000  
lophura_swinhoii 0.007426666277  0.000000000000  0.000000000000  0.000000000000  0.003706365387  0.007445776257  0.000000000000  0.000000000000  0.000000000000  0.000000000000  0.003706365387  0.007445776257  0.003800880662  0.000000000000  0.007538641887  0.000000000000  0.000000000000  0.000000000000  
melgal2    0.010705376234  0.003548538252  0.003638928955  0.004488214868  0.007127356061  0.010736974627  0.003548538252  0.003573902665  0.003638928955  0.003706365387  0.000000000000  0.010736974627  0.003635081667  0.004979943297  0.011353643656  0.005688115061  0.003573902665  0.003679093085  
pavo_cristatus 0.007109847091  0.007127356061  0.007309706648  0.004488214868  0.010736974627  0.007127356061  0.007127356061  0.007178521178  0.007309706648  0.007445776257  0.010736974627  0.000000000000  0.010979650401  0.004979943297  0.015203665641  0.000000000000  0.007178521178  0.007390744989  
perdix_dauuricae 0.010967830771  0.003635081667  0.003635081667  0.004627559821  0.007291289409  0.010979650401  0.003635081667  0.003635081667  0.003635081667  0.003800880662  0.003635081667  0.010979650401  0.000000000000  0.005152078645  0.011471097252  0.005678713635  0.003635081667  0.003772205106  
phasianus_colchicus 0.004972737387  0.000000000000  0.000000000000  0.000000000000  0.004979943297  0.004979943297  0.000000000000  0.000000000000  0.000000000000  0.000000000000  0.004979943297  0.004979943297  0.005152078645  0.000000000000  0.010188571298  0.000000000000  0.000000000000  0.000000000000  
rollulus_rouloul 0.015174997212  0.007538641887  0.007624864884  0.009161749470  0.011353643656  0.015203665641  0.007538641887  0.007538641887  0.007624864884  0.007538641887  0.011353643656  0.015203665641  0.011471097252  0.010188571298  0.000000000000  0.005678713635  0.007538641887  0.007538641887  
syrmaticus_ellioti 0.005678713635  0.000000000000  0.000000000000  0.000000000000  0.000000000000  0.005688115061  0.000000000000  0.000000000000  0.000000000000  0.000000000000  0.005688115061  0.000000000000  0.005678713635  0.000000000000  0.005678713635  0.000000000000  0.000000000000  0.000000000000  
syrmaticus_reevesii 0.007160759682  0.000000000000  0.000000000000  0.000000000000  0.003573902665  0.007178521178  0.000000000000  0.000000000000  0.000000000000  0.000000000000  0.003573902665  0.007178521178  0.003635081667  0.000000000000  0.007538641887  0.000000000000  0.000000000000  0.000000000000  
tragopan_blythii 0.007371916720  0.000000000000  0.000000000000  0.000000000000  0.003679093085  0.007390744989  0.000000000000  0.000000000000  0.000000000000  0.000000000000  0.003679093085  0.007390744989  0.003772205106  0.000000000000  0.007538641887  0.000000000000  0.000000000000  0.000000000000  

