18
alectoris_rufa 0.000000000000  0.011753301369  0.032595426644  0.020999456616  0.107445286146  0.043741972245  0.029248955528  0.029303208931  0.036933319504  0.033461409957  0.021785985112  0.034683359505  0.019790844917  0.029303208931  0.042139769896  0.029943276768  0.017096417212  0.029303208931  
catreus_wallichi 0.011753301369  0.000000000000  0.012094077092  0.002916323221  0.024024345962  0.017712326421  0.008805777559  0.002916323221  0.005851500616  0.004083348523  0.005841579216  0.016476625839  0.014738281873  0.005851500616  0.026822106721  0.003247835303  0.000000000000  0.011779404245  
chrysolophus_pictus 0.032595426644  0.012094077092  0.000000000000  0.010645608696  0.085817086554  0.034085944064  0.019795172403  0.009810111155  0.017296568776  0.019753513154  0.017310390550  0.031962287309  0.020340735833  0.009810111155  0.038010079166  0.013404545488  0.013617532963  0.019819741449  
crossoptilon_crossoptilon 0.020999456616  0.002916323221  0.010645608696  0.000000000000  0.058206394478  0.033342422934  0.013012169798  0.005170721489  0.007778334816  0.006925404429  0.007779712945  0.029092800746  0.014074446331  0.005170721489  0.034745605228  0.008537719416  0.006830790644  0.018361188759  
cyrtonyx_montezumae 0.107445286146  0.024024345962  0.085817086554  0.058206394478  0.000000000000  0.080812906780  0.088609076158  0.088625205398  0.091719620182  0.101310225895  0.088879728367  0.101040298137  0.039585307215  0.088625205398  0.092224148886  0.078458049241  0.067218729007  0.091719620182  
galgal4    0.043741972245  0.017712326421  0.034085944064  0.033342422934  0.080812906780  0.000000000000  0.035730592816  0.033130068270  0.041114174505  0.042824958659  0.033214744284  0.048006655763  0.028449567503  0.035775866859  0.052091199318  0.034394048659  0.033146225411  0.041114174505  
lophophorus_impejanus 0.029248955528  0.008805777559  0.019795172403  0.013012169798  0.088609076158  0.035730592816  0.000000000000  0.014417233750  0.021799214133  0.023098154359  0.016861643181  0.029284937109  0.016941352978  0.014417233750  0.034420161387  0.018832337638  0.010156394072  0.019325193590  
lophura_inornata 0.029303208931  0.002916323221  0.009810111155  0.005170721489  0.088625205398  0.033130068270  0.014417233750  0.000000000000  0.007165250140  0.006497891640  0.011996962696  0.029227013086  0.011225529666  0.004764246663  0.039622619979  0.007991850736  0.006761509665  0.019364507048  
lophura_nycthemera 0.036933319504  0.005851500616  0.017296568776  0.007778334816  0.091719620182  0.041114174505  0.021799214133  0.007165250140  0.000000000000  0.003237320973  0.019340523946  0.037530261835  0.016941352978  0.012005688964  0.047449552287  0.016121889965  0.017096417212  0.026844568758  
lophura_swinhoii 0.033461409957  0.004083348523  0.019753513154  0.006925404429  0.101310225895  0.042824958659  0.023098154359  0.006497891640  0.003237320973  0.000000000000  0.016433879370  0.036840182997  0.011566080110  0.009782048366  0.033589730442  0.016380036656  0.013813468401  0.030002086729  
melgal2    0.021785985112  0.005841579216  0.017310390550  0.007779712945  0.088879728367  0.033214744284  0.016861643181  0.011996962696  0.019340523946  0.016433879370  0.000000000000  0.034723495732  0.014093666542  0.011996962696  0.036922643252  0.013404545488  0.010190896069  0.019340523946  
pavo_cristatus 0.034683359505  0.016476625839  0.031962287309  0.029092800746  0.101040298137  0.048006655763  0.029284937109  0.029227013086  0.037530261835  0.036840182997  0.034723495732  0.000000000000  0.025240639528  0.029227013086  0.049009708601  0.029943276768  0.024050686281  0.040332103565  
perdix_dauuricae 0.019790844917  0.014738281873  0.020340735833  0.014074446331  0.039585307215  0.028449567503  0.016941352978  0.011225529666  0.016941352978  0.011566080110  0.014093666542  0.025240639528  0.000000000000  0.014074446331  0.034592424475  0.012448301847  0.003771720479  0.022730055192  
phasianus_colchicus 0.029303208931  0.005851500616  0.009810111155  0.005170721489  0.088625205398  0.035775866859  0.014417233750  0.004764246663  0.012005688964  0.009782048366  0.011996962696  0.029227013086  0.014074446331  0.000000000000  0.039622619979  0.007991850736  0.003368167626  0.019364507048  
rollulus_rouloul 0.042139769896  0.026822106721  0.038010079166  0.034745605228  0.092224148886  0.052091199318  0.034420161387  0.039622619979  0.047449552287  0.033589730442  0.036922643252  0.049009708601  0.034592424475  0.039622619979  0.000000000000  0.038671230762  0.024217134134  0.042216633667  
syrmaticus_ellioti 0.029943276768  0.003247835303  0.013404545488  0.008537719416  0.078458049241  0.034394048659  0.018832337638  0.007991850736  0.016121889965  0.016380036656  0.013404545488  0.029943276768  0.012448301847  0.007991850736  0.038671230762  0.000000000000  0.010156394072  0.024400174453  
syrmaticus_reevesii 0.017096417212  0.000000000000  0.013617532963  0.006830790644  0.067218729007  0.033146225411  0.010156394072  0.006761509665  0.017096417212  0.013813468401  0.010190896069  0.024050686281  0.003771720479  0.003368167626  0.024217134134  0.010156394072  0.000000000000  0.024119414118  
tragopan_blythii 0.029303208931  0.011779404245  0.019819741449  0.018361188759  0.091719620182  0.041114174505  0.019325193590  0.019364507048  0.026844568758  0.030002086729  0.019340523946  0.040332103565  0.022730055192  0.019364507048  0.042216633667  0.024400174453  0.024119414118  0.000000000000  

