18
alectoris_rufa 0.000000000000  0.026668105743  0.026668105743  0.026668105743  0.047016437443  0.038515387675  0.026668105743  0.030617835934  0.026668105743  0.026668105743  0.038931049222  0.030617835934  0.026668105743  0.026668105743  0.016062749564  0.026668105743  0.011158565738  0.026872927659  
catreus_wallichi 0.026668105743  0.000000000000  0.007975197448  0.005301696032  0.041267058373  0.035368878819  0.005372910443  0.013373601692  0.005301696032  0.005301696032  0.025061440909  0.021500559488  0.010681776650  0.013703504328  0.015138437267  0.005401934789  0.004408936903  0.016606047026  
chrysolophus_pictus 0.026668105743  0.007975197448  0.000000000000  0.004828141853  0.032454167394  0.032314125542  0.002438630969  0.009726722551  0.002410724933  0.002410724933  0.017692819266  0.017160547020  0.004839825611  0.009944366122  0.009985743837  0.000000000000  0.000000000000  0.012581173667  
crossoptilon_crossoptilon 0.026668105743  0.005301696032  0.004828141853  0.000000000000  0.036383219058  0.033896890727  0.004433304910  0.009008308904  0.004383674210  0.002187866668  0.018292835348  0.020078586932  0.007101895304  0.008988066438  0.014976000297  0.002221895207  0.000000000000  0.015994299895  
cyrtonyx_montezumae 0.047016437443  0.041267058373  0.032454167394  0.036383219058  0.000000000000  0.038122900359  0.038447242550  0.039686408633  0.031705690022  0.034050838465  0.051018783455  0.033504913358  0.038556687335  0.042031190286  0.027285020619  0.032216560259  0.026991514181  0.048487797994  
galgal4    0.038515387675  0.035368878819  0.032314125542  0.033896890727  0.038122900359  0.000000000000  0.035999344903  0.032314556930  0.029258682192  0.031585280726  0.048533423395  0.031133805469  0.035958744581  0.037033395360  0.018034798189  0.027395483765  0.022436423511  0.043764913496  
lophophorus_impejanus 0.026668105743  0.005372910443  0.002438630969  0.004433304910  0.038447242550  0.035999344903  0.000000000000  0.009110904529  0.004432248305  0.002212065233  0.020413876199  0.022204091292  0.009399706195  0.009008308904  0.011974978603  0.002221895207  0.000000000000  0.017980648338  
lophura_inornata 0.030617835934  0.013373601692  0.009726722551  0.009008308904  0.039686408633  0.032314556930  0.009110904529  0.000000000000  0.006750176161  0.006750176161  0.023583204669  0.020553523105  0.011908336585  0.013893854680  0.015149905795  0.006858197942  0.013367581690  0.018777660885  
lophura_nycthemera 0.026668105743  0.005301696032  0.002410724933  0.004383674210  0.031705690022  0.029258682192  0.004432248305  0.006750176161  0.000000000000  0.002189079142  0.018329950682  0.015556798765  0.004725472566  0.009004150664  0.011967662975  0.002223145713  0.000000000000  0.016011356130  
lophura_swinhoii 0.026668105743  0.005301696032  0.002410724933  0.002187866668  0.034050838465  0.031585280726  0.002212065233  0.006750176161  0.002189079142  0.000000000000  0.015994651172  0.017813775001  0.004725472566  0.006735021644  0.011967662975  0.000000000000  0.000000000000  0.013688618183  
melgal2    0.038931049222  0.025061440909  0.017692819266  0.018292835348  0.051018783455  0.048533423395  0.020413876199  0.023583204669  0.018329950682  0.015994651172  0.000000000000  0.034114767600  0.019355187185  0.021065534809  0.024358936960  0.016217008546  0.017919312321  0.025432422532  
pavo_cristatus 0.030617835934  0.021500559488  0.017160547020  0.020078586932  0.033504913358  0.031133805469  0.022204091292  0.020553523105  0.015556798765  0.017813775001  0.034114767600  0.000000000000  0.018863983727  0.025165923763  0.018081339514  0.018095858681  0.013323825146  0.031849991671  
perdix_dauuricae 0.026668105743  0.010681776650  0.004839825611  0.007101895304  0.038556687335  0.035958744581  0.009399706195  0.011908336585  0.004725472566  0.004725472566  0.019355187185  0.018863983727  0.000000000000  0.012169199232  0.009695286707  0.004793426613  0.000000000000  0.016922358875  
phasianus_colchicus 0.026668105743  0.013703504328  0.009944366122  0.008988066438  0.042031190286  0.037033395360  0.009008308904  0.013893854680  0.009004150664  0.006735021644  0.021065534809  0.025165923763  0.012169199232  0.000000000000  0.011967662975  0.006750176161  0.004408936903  0.020695576083  
rollulus_rouloul 0.016062749564  0.015138437267  0.009985743837  0.014976000297  0.027285020619  0.018034798189  0.011974978603  0.015149905795  0.011967662975  0.011967662975  0.024358936960  0.018081339514  0.009695286707  0.011967662975  0.000000000000  0.008970494522  0.015590861437  0.015020995413  
syrmaticus_ellioti 0.026668105743  0.005401934789  0.000000000000  0.002221895207  0.032216560259  0.027395483765  0.002221895207  0.006858197942  0.002223145713  0.000000000000  0.016217008546  0.018095858681  0.004793426613  0.006750176161  0.008970494522  0.000000000000  0.000000000000  0.013688618183  
syrmaticus_reevesii 0.011158565738  0.004408936903  0.000000000000  0.000000000000  0.026991514181  0.022436423511  0.000000000000  0.013367581690  0.000000000000  0.000000000000  0.017919312321  0.013323825146  0.000000000000  0.004408936903  0.015590861437  0.000000000000  0.000000000000  0.004408936903  
tragopan_blythii 0.026872927659  0.016606047026  0.012581173667  0.015994299895  0.048487797994  0.043764913496  0.017980648338  0.018777660885  0.016011356130  0.013688618183  0.025432422532  0.031849991671  0.016922358875  0.020695576083  0.015020995413  0.013688618183  0.004408936903  0.000000000000  

