18
alectoris_rufa 0.000000000000  0.004446971273  0.004446971273  0.004446971273  0.008938926720  0.000000000000  0.008938926720  0.004446971273  0.004446971273  0.004446971273  0.004446971273  0.000000000000  0.004446971273  0.004446971273  0.000000000000  0.004446971273  0.004548098453  0.004446971273  
catreus_wallichi 0.004446971273  0.000000000000  0.002141909534  0.000000000000  0.012984624503  0.006456974168  0.006456974168  0.004398075579  0.002141909534  0.000000000000  0.004294200548  0.008630333002  0.004822251952  0.002288994407  0.006717216290  0.000000000000  0.003078128468  0.002141909534  
chrysolophus_pictus 0.004446971273  0.002141909534  0.000000000000  0.002141909534  0.010794558072  0.004294200548  0.004294200548  0.002193592889  0.000000000000  0.000000000000  0.002141909534  0.006456974168  0.002404580157  0.002288994407  0.004466835328  0.000000000000  0.003078128468  0.000000000000  
crossoptilon_crossoptilon 0.004446971273  0.000000000000  0.002141909534  0.000000000000  0.012984624503  0.006456974168  0.006456974168  0.004398075579  0.002141909534  0.000000000000  0.004294200548  0.008630333002  0.004822251952  0.002288994407  0.006717216290  0.000000000000  0.003078128468  0.002141909534  
cyrtonyx_montezumae 0.008938926720  0.012984624503  0.010794558072  0.012984624503  0.000000000000  0.010794558072  0.015185545664  0.013301284655  0.010794558072  0.011927644641  0.012984624503  0.012984624503  0.007253158720  0.009210378535  0.011231019836  0.013579902235  0.018745804677  0.010794558072  
galgal4    0.000000000000  0.006456974168  0.004294200548  0.006456974168  0.010794558072  0.000000000000  0.008630333002  0.006613556732  0.004294200548  0.004742212674  0.006456974168  0.002141909534  0.004822251952  0.006902687299  0.000000000000  0.005394565200  0.009299145002  0.004294200548  
lophophorus_impejanus 0.008938926720  0.006456974168  0.004294200548  0.006456974168  0.015185545664  0.008630333002  0.000000000000  0.002193592889  0.004294200548  0.002364776007  0.006456974168  0.010814381175  0.007253158720  0.004589848992  0.008979059659  0.002689090853  0.006177742782  0.004294200548  
lophura_inornata 0.004446971273  0.004398075579  0.002193592889  0.004398075579  0.013301284655  0.006613556732  0.002193592889  0.000000000000  0.002193592889  0.000000000000  0.004398075579  0.008840146642  0.004822251952  0.002348117651  0.006732290662  0.000000000000  0.003078128468  0.002193592889  
lophura_nycthemera 0.004446971273  0.002141909534  0.000000000000  0.002141909534  0.010794558072  0.004294200548  0.004294200548  0.002193592889  0.000000000000  0.000000000000  0.002141909534  0.006456974168  0.002404580157  0.002288994407  0.004466835328  0.000000000000  0.003078128468  0.000000000000  
lophura_swinhoii 0.004446971273  0.000000000000  0.000000000000  0.000000000000  0.011927644641  0.004742212674  0.002364776007  0.000000000000  0.000000000000  0.000000000000  0.002364776007  0.007132446296  0.002526062883  0.002422052256  0.004742212674  0.000000000000  0.003078128468  0.000000000000  
melgal2    0.004446971273  0.004294200548  0.002141909534  0.004294200548  0.012984624503  0.006456974168  0.006456974168  0.004398075579  0.002141909534  0.002364776007  0.000000000000  0.008630333002  0.004822251952  0.004589848992  0.006717216290  0.002689090853  0.006177742782  0.002141909534  
pavo_cristatus 0.000000000000  0.008630333002  0.006456974168  0.008630333002  0.012984624503  0.002141909534  0.010814381175  0.008840146642  0.006456974168  0.007132446296  0.008630333002  0.000000000000  0.007253158720  0.009227634813  0.002227801182  0.008116623903  0.012442643601  0.006456974168  
perdix_dauuricae 0.004446971273  0.004822251952  0.002404580157  0.004822251952  0.007253158720  0.004822251952  0.007253158720  0.004822251952  0.002404580157  0.002526062883  0.004822251952  0.007253158720  0.000000000000  0.002591526657  0.004917098861  0.000000000000  0.000000000000  0.002404580157  
phasianus_colchicus 0.004446971273  0.002288994407  0.002288994407  0.002288994407  0.009210378535  0.006902687299  0.004589848992  0.002348117651  0.002288994407  0.002422052256  0.004589848992  0.009227634813  0.002591526657  0.000000000000  0.007065254798  0.002689090853  0.006177742782  0.002288994407  
rollulus_rouloul 0.000000000000  0.006717216290  0.004466835328  0.006717216290  0.011231019836  0.000000000000  0.008979059659  0.006732290662  0.004466835328  0.004742212674  0.006717216290  0.002227801182  0.004917098861  0.007065254798  0.000000000000  0.005528781057  0.009299145002  0.004466835328  
syrmaticus_ellioti 0.004446971273  0.000000000000  0.000000000000  0.000000000000  0.013579902235  0.005394565200  0.002689090853  0.000000000000  0.000000000000  0.000000000000  0.002689090853  0.008116623903  0.000000000000  0.002689090853  0.005528781057  0.000000000000  0.003078128468  0.000000000000  
syrmaticus_reevesii 0.004548098453  0.003078128468  0.003078128468  0.003078128468  0.018745804677  0.009299145002  0.006177742782  0.003078128468  0.003078128468  0.003078128468  0.006177742782  0.012442643601  0.000000000000  0.006177742782  0.009299145002  0.003078128468  0.000000000000  0.003078128468  
tragopan_blythii 0.004446971273  0.002141909534  0.000000000000  0.002141909534  0.010794558072  0.004294200548  0.004294200548  0.002193592889  0.000000000000  0.000000000000  0.002141909534  0.006456974168  0.002404580157  0.002288994407  0.004466835328  0.000000000000  0.003078128468  0.000000000000  

