18
alectoris_rufa 0.000000000000  0.010114395188  0.004034906385  0.013522994219  0.010124289427  0.003354306460  0.003354306460  0.006725995577  0.006725995577  0.010114395188  0.006725995577  0.006728432358  0.003354306460  0.010514631296  0.004018691224  0.007185107598  0.006960065131  0.000000000000  
catreus_wallichi 0.010114395188  0.000000000000  0.011373236227  0.009760960329  0.022948435118  0.012234140195  0.014704103218  0.012732636053  0.009763134542  0.007311369449  0.019704640956  0.014176773983  0.012234140195  0.010290607782  0.022857926059  0.012040444111  0.010005114310  0.018346158783  
chrysolophus_pictus 0.004034906385  0.011373236227  0.000000000000  0.011370279324  0.013230471998  0.008534714451  0.005660041853  0.000000000000  0.000000000000  0.002823866352  0.011389047373  0.009858129920  0.002826153936  0.002839905424  0.011620668328  0.003291232342  0.005660041853  0.006204359036  
crossoptilon_crossoptilon 0.013522994219  0.009760960329  0.011370279324  0.000000000000  0.025843041893  0.017197114551  0.014698385085  0.012723206594  0.009760960329  0.007306225420  0.024731162784  0.017043233125  0.012225439881  0.010288190567  0.022832158378  0.015074396670  0.010012829777  0.018337212167  
cyrtonyx_montezumae 0.010124289427  0.022948435118  0.013230471998  0.025843041893  0.000000000000  0.017143444299  0.017097281181  0.014238393893  0.017143444299  0.020012921547  0.017097281181  0.020012921547  0.014238393893  0.020617521301  0.010056411158  0.018237910113  0.023626325713  0.011009082443  
galgal4    0.003354306460  0.012234140195  0.008534714451  0.017197114551  0.017143444299  0.000000000000  0.007311369449  0.010195295272  0.007325877836  0.009774764587  0.012252330996  0.008466953241  0.004870046477  0.012896854904  0.011324556338  0.012072393758  0.012560131480  0.009109733496  
lophophorus_impejanus 0.003354306460  0.014704103218  0.005660041853  0.014698385085  0.017097281181  0.007311369449  0.000000000000  0.007608042626  0.004861984389  0.007306225420  0.014719405069  0.008460045852  0.002426450948  0.010288190567  0.011308924638  0.012040444111  0.010007399432  0.006056081726  
lophura_inornata 0.006725995577  0.012732636053  0.000000000000  0.012723206594  0.014238393893  0.010195295272  0.007608042626  0.000000000000  0.002526286629  0.005058750101  0.010172514990  0.011324556338  0.005067479553  0.005204983500  0.011861906387  0.002986521569  0.007806007935  0.006362255450  
lophura_nycthemera 0.006725995577  0.009763134542  0.000000000000  0.009760960329  0.017143444299  0.007325877836  0.004861984389  0.002526286629  0.000000000000  0.002426450948  0.014744232666  0.008466953241  0.002428139535  0.005124956800  0.011324556338  0.005993897811  0.004983124484  0.006054110144  
lophura_swinhoii 0.010114395188  0.007311369449  0.002823866352  0.007306225420  0.020012921547  0.009774764587  0.007306225420  0.005058750101  0.002426450948  0.000000000000  0.017219094691  0.011308924638  0.004861984389  0.002556730644  0.014176773983  0.009000408801  0.007488605664  0.009101731860  
melgal2    0.006725995577  0.019704640956  0.011389047373  0.024731162784  0.017097281181  0.012252330996  0.014719405069  0.010172514990  0.014744232666  0.017219094691  0.000000000000  0.014176773983  0.012252330996  0.015501946147  0.019970406869  0.012040444111  0.020232521423  0.015258418224  
pavo_cristatus 0.006728432358  0.014176773983  0.009858129920  0.017043233125  0.020012921547  0.008466953241  0.008460045852  0.011324556338  0.008466953241  0.011308924638  0.014176773983  0.000000000000  0.005628185834  0.014620711757  0.016852855396  0.015102090862  0.014590491231  0.007289865901  
perdix_dauuricae 0.003354306460  0.012234140195  0.002826153936  0.012225439881  0.014238393893  0.004870046477  0.002426450948  0.005067479553  0.002428139535  0.004861984389  0.012252330996  0.005628185834  0.000000000000  0.007700037570  0.008466953241  0.009022422029  0.007494010993  0.003020013581  
phasianus_colchicus 0.010514631296  0.010290607782  0.002839905424  0.010288190567  0.020617521301  0.012896854904  0.010288190567  0.005204983500  0.005124956800  0.002556730644  0.015501946147  0.014620711757  0.007700037570  0.000000000000  0.014590491231  0.008992599007  0.010288190567  0.009386515488  
rollulus_rouloul 0.004018691224  0.022857926059  0.011620668328  0.022832158378  0.010056411158  0.011324556338  0.011308924638  0.011861906387  0.011324556338  0.014176773983  0.019970406869  0.016852855396  0.008466953241  0.014590491231  0.000000000000  0.017002394296  0.014201246751  0.012433873844  
syrmaticus_ellioti 0.007185107598  0.012040444111  0.003291232342  0.015074396670  0.018237910113  0.012072393758  0.012040444111  0.002986521569  0.005993897811  0.009000408801  0.012040444111  0.015102090862  0.009022422029  0.008992599007  0.017002394296  0.000000000000  0.012040444111  0.007361833301  
syrmaticus_reevesii 0.006960065131  0.010005114310  0.005660041853  0.010012829777  0.023626325713  0.012560131480  0.010007399432  0.007806007935  0.004983124484  0.007488605664  0.020232521423  0.014590491231  0.007494010993  0.010288190567  0.014201246751  0.012040444111  0.000000000000  0.012169073626  
tragopan_blythii 0.000000000000  0.018346158783  0.006204359036  0.018337212167  0.011009082443  0.009109733496  0.006056081726  0.006362255450  0.006054110144  0.009101731860  0.015258418224  0.007289865901  0.003020013581  0.009386515488  0.012433873844  0.007361833301  0.012169073626  0.000000000000  

