18
alectoris_rufa 0.000000000000  0.009975384865  0.006638475455  0.013341847934  0.017222530863  0.006633611519  0.008388276975  0.011832934826  0.008498688659  0.003679879147  0.008312328952  0.006632854127  0.005185345165  0.005149740663  0.008304681202  0.007379282899  0.001918687308  0.006633611519  
catreus_wallichi 0.009975384865  0.000000000000  0.010851021488  0.004631026729  0.019602485920  0.010843117088  0.014339468177  0.004696272960  0.001572485307  0.000000000000  0.010851021488  0.010838802430  0.008037675543  0.008115956897  0.012429715040  0.008634539599  0.001766984514  0.012828363417  
chrysolophus_pictus 0.006638475455  0.010851021488  0.000000000000  0.013995806977  0.014656838783  0.006177142977  0.009531804826  0.011004554858  0.006309247237  0.001733294721  0.007743914136  0.006172933178  0.001600163910  0.001615676004  0.004632818064  0.006896675735  0.000000000000  0.011228424792  
crossoptilon_crossoptilon 0.013341847934  0.004631026729  0.013995806977  0.000000000000  0.022945125279  0.013982988949  0.014339468177  0.006272179289  0.003150247315  0.001733294721  0.013995806977  0.013973775992  0.011288508076  0.011398805532  0.015585076410  0.008634539599  0.001766984514  0.016086532185  
cyrtonyx_montezumae 0.017222530863  0.019602485920  0.014656838783  0.022945125279  0.000000000000  0.014642774938  0.018093410224  0.022945125279  0.019763928854  0.005285845332  0.014656838783  0.016283442549  0.015048992168  0.014899499765  0.014642774938  0.010782067266  0.001830865741  0.016556152707  
galgal4    0.006633611519  0.010843117088  0.006177142977  0.013982988949  0.014642774938  0.000000000000  0.009522296727  0.012586163676  0.009486448626  0.001733294721  0.007733747596  0.006172277701  0.003202580993  0.004857875996  0.007739090406  0.008630720073  0.000000000000  0.011216154730  
lophophorus_impejanus 0.008388276975  0.014339468177  0.009531804826  0.014339468177  0.018093410224  0.009522296727  0.000000000000  0.014561973392  0.011380273181  0.007045531853  0.011139082053  0.007923044620  0.006603532796  0.004895527719  0.011127007015  0.010462440743  0.003617484070  0.011325035949  
lophura_inornata 0.011832934826  0.004696272960  0.011004554858  0.006272179289  0.022945125279  0.012586163676  0.014561973392  0.000000000000  0.003150247315  0.003473002766  0.012596813643  0.012579214090  0.011288508076  0.011398805532  0.014203678520  0.005248852225  0.001766984514  0.014680748587  
lophura_nycthemera 0.008498688659  0.001572485307  0.006309247237  0.003150247315  0.019763928854  0.009486448626  0.011380273181  0.003150247315  0.000000000000  0.000000000000  0.009492166910  0.009484473653  0.008037675543  0.008115956897  0.009501471442  0.005295175229  0.001766984514  0.011473542502  
lophura_swinhoii 0.003679879147  0.000000000000  0.001733294721  0.001733294721  0.005285845332  0.001733294721  0.007045531853  0.003473002766  0.000000000000  0.000000000000  0.005219171770  0.003469233644  0.003473002766  0.003485106606  0.003469233644  0.005570479648  0.001805263022  0.005302191786  
melgal2    0.008312328952  0.010851021488  0.007743914136  0.013995806977  0.014656838783  0.007733747596  0.011139082053  0.012596813643  0.009492166910  0.005219171770  0.000000000000  0.007727130040  0.006433592322  0.006496284984  0.009309946595  0.005165211630  0.000000000000  0.012854326417  
pavo_cristatus 0.006632854127  0.010838802430  0.006172933178  0.013973775992  0.016283442549  0.006172277701  0.007923044620  0.012579214090  0.009484473653  0.003469233644  0.007727130040  0.000000000000  0.003202580993  0.003234264987  0.007736025101  0.006895856817  0.000000000000  0.011207706769  
perdix_dauuricae 0.005185345165  0.008037675543  0.001600163910  0.011288508076  0.015048992168  0.003202580993  0.006603532796  0.011288508076  0.008037675543  0.003473002766  0.006433592322  0.003202580993  0.000000000000  0.003268664440  0.004818860040  0.005400020918  0.001766984514  0.004985010824  
phasianus_colchicus 0.005149740663  0.008115956897  0.001615676004  0.011398805532  0.014899499765  0.004857875996  0.004895527719  0.011398805532  0.008115956897  0.003485106606  0.006496284984  0.003234264987  0.003268664440  0.000000000000  0.004857875996  0.003587468736  0.000000000000  0.008282708033  
rollulus_rouloul 0.008304681202  0.012429715040  0.004632818064  0.015585076410  0.014642774938  0.007739090406  0.011127007015  0.014203678520  0.009501471442  0.003469233644  0.009309946595  0.007736025101  0.004818860040  0.004857875996  0.000000000000  0.008634539599  0.000000000000  0.012839429629  
syrmaticus_ellioti 0.007379282899  0.008634539599  0.006896675735  0.008634539599  0.010782067266  0.008630720073  0.010462440743  0.005248852225  0.005295175229  0.005570479648  0.005165211630  0.006895856817  0.005400020918  0.003587468736  0.008634539599  0.000000000000  0.003673120807  0.010629256514  
syrmaticus_reevesii 0.001918687308  0.001766984514  0.000000000000  0.001766984514  0.001830865741  0.000000000000  0.003617484070  0.001766984514  0.001766984514  0.001805263022  0.000000000000  0.000000000000  0.001766984514  0.000000000000  0.000000000000  0.003673120807  0.000000000000  0.003677346715  
tragopan_blythii 0.006633611519  0.012828363417  0.011228424792  0.016086532185  0.016556152707  0.011216154730  0.011325035949  0.014680748587  0.011473542502  0.005302191786  0.012854326417  0.011207706769  0.004985010824  0.008282708033  0.012839429629  0.010629256514  0.003677346715  0.000000000000  

