18
alectoris_rufa 0.000000000000  0.013726694691  0.011409941645  0.009105192952  0.004517242343  0.018411785460  0.016088851888  0.003196169148  0.016055577795  0.011409941645  0.011432349198  0.000000000000  0.006824089605  0.002689077303  0.006793184137  0.011731203240  0.009146836015  0.009122251572  
catreus_wallichi 0.013726694691  0.000000000000  0.005315570534  0.007001419955  0.021307803395  0.030455637442  0.010542743022  0.002500782445  0.007011494390  0.005341681037  0.014112487091  0.019493429298  0.007001419955  0.002179242792  0.018846138900  0.008686418695  0.006347598520  0.005440898054  
chrysolophus_pictus 0.011409941645  0.005315570534  0.000000000000  0.005294341247  0.019679139209  0.028899137578  0.008852974621  0.002500782445  0.005296800028  0.003537424171  0.012440308654  0.017855676280  0.005294341247  0.000000000000  0.017184008999  0.006460245727  0.004198304120  0.003674632837  
crossoptilon_crossoptilon 0.009105192952  0.007001419955  0.005294341247  0.000000000000  0.017604182864  0.028487417706  0.010494101364  0.002500782445  0.006976995103  0.005315570534  0.010494101364  0.015814170319  0.003476615065  0.000000000000  0.015013015005  0.008633520784  0.006310757354  0.005440898054  
cyrtonyx_montezumae 0.004517242343  0.021307803395  0.019679139209  0.017604182864  0.000000000000  0.021259273181  0.021263451123  0.002500782445  0.021232387657  0.019773804295  0.021263451123  0.006962674632  0.014062867646  0.002179242792  0.011189288384  0.024108350118  0.021349650933  0.014655447088  
galgal4    0.018411785460  0.030455637442  0.028899137578  0.028487417706  0.021259273181  0.000000000000  0.028534205735  0.002500782445  0.030346873836  0.029025705436  0.032225599639  0.017651023483  0.024873194671  0.006570023059  0.022707740010  0.037597946813  0.034467143395  0.022143745080  
lophophorus_impejanus 0.016088851888  0.010542743022  0.008852974621  0.010494101364  0.021263451123  0.028534205735  0.000000000000  0.007544926832  0.010505821389  0.008893331484  0.014085505219  0.019452347789  0.006986999232  0.004369215087  0.020812107711  0.013012188223  0.010566001632  0.007279459573  
lophura_inornata 0.003196169148  0.002500782445  0.002500782445  0.002500782445  0.002500782445  0.002500782445  0.007544926832  0.000000000000  0.007544926832  0.002500782445  0.005015704455  0.002500782445  0.002500782445  0.002500782445  0.005015704455  0.003301697452  0.003185986154  0.002500782445  
lophura_nycthemera 0.016055577795  0.007011494390  0.005296800028  0.006976995103  0.021232387657  0.030346873836  0.010505821389  0.007544926832  0.000000000000  0.005322725940  0.014062867646  0.019424573671  0.006976995103  0.004369215087  0.020775159588  0.008648853724  0.006320849922  0.007268599929  
lophura_swinhoii 0.011409941645  0.005341681037  0.003537424171  0.005315570534  0.019773804295  0.029025705436  0.008893331484  0.002500782445  0.005322725940  0.000000000000  0.012500103713  0.017940295821  0.005315570534  0.000000000000  0.017249888495  0.006470823215  0.004203903962  0.003687430710  
melgal2    0.011432349198  0.014112487091  0.012440308654  0.010494101364  0.021263451123  0.032225599639  0.014085505219  0.005015704455  0.014062867646  0.012500103713  0.000000000000  0.019452347789  0.006986999232  0.004369215087  0.016954937012  0.013012188223  0.014862347779  0.009118092550  
pavo_cristatus 0.000000000000  0.019493429298  0.017855676280  0.015814170319  0.006962674632  0.017651023483  0.019452347789  0.002500782445  0.019424573671  0.017940295821  0.019452347789  0.000000000000  0.012280788840  0.002179242792  0.007428163759  0.021863188677  0.019169341496  0.010946689429  
perdix_dauuricae 0.006824089605  0.007001419955  0.005294341247  0.003476615065  0.014062867646  0.024873194671  0.006986999232  0.002500782445  0.006976995103  0.005315570534  0.006986999232  0.012280788840  0.000000000000  0.000000000000  0.013130927116  0.008633520784  0.006310757354  0.003624838305  
phasianus_colchicus 0.002689077303  0.002179242792  0.000000000000  0.000000000000  0.002179242792  0.006570023059  0.004369215087  0.002500782445  0.004369215087  0.000000000000  0.004369215087  0.002179242792  0.000000000000  0.000000000000  0.004369215087  0.002763387153  0.000000000000  0.000000000000  
rollulus_rouloul 0.006793184137  0.018846138900  0.017184008999  0.015013015005  0.011189288384  0.022707740010  0.020812107711  0.005015704455  0.020775159588  0.017249888495  0.016954937012  0.007428163759  0.013130927116  0.004369215087  0.000000000000  0.018918858674  0.016092492159  0.015038822638  
syrmaticus_ellioti 0.011731203240  0.008686418695  0.006460245727  0.008633520784  0.024108350118  0.037597946813  0.013012188223  0.003301697452  0.008648853724  0.006470823215  0.013012188223  0.021863188677  0.008633520784  0.002763387153  0.018918858674  0.000000000000  0.006470823215  0.009084513294  
syrmaticus_reevesii 0.009146836015  0.006347598520  0.004198304120  0.006310757354  0.021349650933  0.034467143395  0.010566001632  0.003185986154  0.006320849922  0.004203903962  0.014862347779  0.019169341496  0.006310757354  0.000000000000  0.016092492159  0.006470823215  0.000000000000  0.004411284044  
tragopan_blythii 0.009122251572  0.005440898054  0.003674632837  0.005440898054  0.014655447088  0.022143745080  0.007279459573  0.002500782445  0.007268599929  0.003687430710  0.009118092550  0.010946689429  0.003624838305  0.000000000000  0.015038822638  0.009084513294  0.004411284044  0.000000000000  

