18
alectoris_rufa 0.000000000000  0.000000000000  0.004258102111  0.000000000000  0.000000000000  0.000000000000  0.000000000000  0.000000000000  0.000000000000  0.000000000000  0.000000000000  0.000000000000  0.000000000000  0.000000000000  0.000000000000  0.000000000000  0.000000000000  0.000000000000  
catreus_wallichi 0.000000000000  0.000000000000  0.002428084858  0.000000000000  0.002470067708  0.000000000000  0.000000000000  0.000000000000  0.000000000000  0.000000000000  0.002428084858  0.000000000000  0.000000000000  0.000000000000  0.000000000000  0.000000000000  0.000000000000  0.000000000000  
chrysolophus_pictus 0.004258102111  0.002428084858  0.000000000000  0.002451898592  0.004834510909  0.002359340536  0.002359340536  0.002359340536  0.002359340536  0.004731573080  0.004731573080  0.002359340536  0.002359340536  0.002605203713  0.003380127828  0.004152022858  0.002398960386  0.003280335752  
crossoptilon_crossoptilon 0.000000000000  0.000000000000  0.002451898592  0.000000000000  0.002451898592  0.000000000000  0.000000000000  0.000000000000  0.000000000000  0.000000000000  0.002451898592  0.000000000000  0.000000000000  0.000000000000  0.000000000000  0.000000000000  0.000000000000  0.000000000000  
cyrtonyx_montezumae 0.000000000000  0.002470067708  0.004834510909  0.002451898592  0.000000000000  0.002410525928  0.002410525928  0.002410525928  0.002410525928  0.002410525928  0.004834510909  0.002410525928  0.002410525928  0.002653595967  0.003462043294  0.000000000000  0.002439933621  0.003380127828  
galgal4    0.000000000000  0.000000000000  0.002359340536  0.000000000000  0.002410525928  0.000000000000  0.000000000000  0.000000000000  0.000000000000  0.002337282699  0.002315633487  0.000000000000  0.000000000000  0.000000000000  0.000000000000  0.000000000000  0.000000000000  0.000000000000  
lophophorus_impejanus 0.000000000000  0.000000000000  0.002359340536  0.000000000000  0.002410525928  0.000000000000  0.000000000000  0.000000000000  0.000000000000  0.002337282699  0.002315633487  0.000000000000  0.000000000000  0.000000000000  0.000000000000  0.000000000000  0.000000000000  0.000000000000  
lophura_inornata 0.000000000000  0.000000000000  0.002359340536  0.000000000000  0.002410525928  0.000000000000  0.000000000000  0.000000000000  0.000000000000  0.002337282699  0.002315633487  0.000000000000  0.000000000000  0.000000000000  0.000000000000  0.000000000000  0.000000000000  0.000000000000  
lophura_nycthemera 0.000000000000  0.000000000000  0.002359340536  0.000000000000  0.002410525928  0.000000000000  0.000000000000  0.000000000000  0.000000000000  0.002337282699  0.002315633487  0.000000000000  0.000000000000  0.000000000000  0.000000000000  0.000000000000  0.000000000000  0.000000000000  
lophura_swinhoii 0.000000000000  0.000000000000  0.004731573080  0.000000000000  0.002410525928  0.002337282699  0.002337282699  0.002337282699  0.002337282699  0.000000000000  0.004687216827  0.002337282699  0.002337282699  0.000000000000  0.000000000000  0.000000000000  0.000000000000  0.003237850604  
melgal2    0.000000000000  0.002428084858  0.004731573080  0.002451898592  0.004834510909  0.002315633487  0.002315633487  0.002315633487  0.002315633487  0.004687216827  0.000000000000  0.002315633487  0.002315633487  0.002605203713  0.000000000000  0.000000000000  0.002398960386  0.000000000000  
pavo_cristatus 0.000000000000  0.000000000000  0.002359340536  0.000000000000  0.002410525928  0.000000000000  0.000000000000  0.000000000000  0.000000000000  0.002337282699  0.002315633487  0.000000000000  0.000000000000  0.000000000000  0.000000000000  0.000000000000  0.000000000000  0.000000000000  
perdix_dauuricae 0.000000000000  0.000000000000  0.002359340536  0.000000000000  0.002410525928  0.000000000000  0.000000000000  0.000000000000  0.000000000000  0.002337282699  0.002315633487  0.000000000000  0.000000000000  0.000000000000  0.000000000000  0.000000000000  0.000000000000  0.000000000000  
phasianus_colchicus 0.000000000000  0.000000000000  0.002605203713  0.000000000000  0.002653595967  0.000000000000  0.000000000000  0.000000000000  0.000000000000  0.000000000000  0.002605203713  0.000000000000  0.000000000000  0.000000000000  0.000000000000  0.000000000000  0.000000000000  0.000000000000  
rollulus_rouloul 0.000000000000  0.000000000000  0.003380127828  0.000000000000  0.003462043294  0.000000000000  0.000000000000  0.000000000000  0.000000000000  0.000000000000  0.000000000000  0.000000000000  0.000000000000  0.000000000000  0.000000000000  0.000000000000  0.000000000000  0.000000000000  
syrmaticus_ellioti 0.000000000000  0.000000000000  0.004152022858  0.000000000000  0.000000000000  0.000000000000  0.000000000000  0.000000000000  0.000000000000  0.000000000000  0.000000000000  0.000000000000  0.000000000000  0.000000000000  0.000000000000  0.000000000000  0.000000000000  0.000000000000  
syrmaticus_reevesii 0.000000000000  0.000000000000  0.002398960386  0.000000000000  0.002439933621  0.000000000000  0.000000000000  0.000000000000  0.000000000000  0.000000000000  0.002398960386  0.000000000000  0.000000000000  0.000000000000  0.000000000000  0.000000000000  0.000000000000  0.000000000000  
tragopan_blythii 0.000000000000  0.000000000000  0.003280335752  0.000000000000  0.003380127828  0.000000000000  0.000000000000  0.000000000000  0.000000000000  0.003237850604  0.000000000000  0.000000000000  0.000000000000  0.000000000000  0.000000000000  0.000000000000  0.000000000000  0.000000000000  

