18
alectoris_rufa 0.000000000000  0.011880847279  0.011999656515  0.013904611980  0.033842099695  0.019985868299  0.014168920024  0.015999641162  0.011880847279  0.008304271132  0.009882809191  0.015967229899  0.011904420533  0.005073187566  0.035870951886  0.012393347401  0.009352813143  0.011093938002  
catreus_wallichi 0.011880847279  0.000000000000  0.000000000000  0.000000000000  0.030206889912  0.019962927660  0.002004458335  0.000000000000  0.000000000000  0.000000000000  0.001965069277  0.012129330068  0.000000000000  0.000000000000  0.043178883490  0.004104836225  0.000000000000  0.002203187595  
chrysolophus_pictus 0.011999656515  0.000000000000  0.000000000000  0.000000000000  0.030452241373  0.020164222484  0.002004458335  0.000000000000  0.000000000000  0.000000000000  0.001984568380  0.012129330068  0.000000000000  0.000000000000  0.043178883490  0.004104836225  0.000000000000  0.002227728160  
crossoptilon_crossoptilon 0.013904611980  0.000000000000  0.000000000000  0.000000000000  0.028125232723  0.028169255883  0.003449616451  0.000000000000  0.000000000000  0.000000000000  0.003449616451  0.010404529568  0.000000000000  0.000000000000  0.042823077723  0.003482921295  0.000000000000  0.003449616451  
cyrtonyx_montezumae 0.033842099695  0.030206889912  0.030452241373  0.028125232723  0.000000000000  0.040716247839  0.032879690441  0.037995343889  0.030206889912  0.027461990449  0.030206889912  0.036536632350  0.030206889912  0.007641979177  0.060288711574  0.031474852000  0.021242512910  0.017878668175  
galgal4    0.019985868299  0.019962927660  0.020164222484  0.028169255883  0.040716247839  0.000000000000  0.022455654637  0.024195544181  0.019962927660  0.018868548620  0.022006337263  0.020369618700  0.020002864422  0.010186463442  0.038721572484  0.025068055870  0.021277728400  0.017856276196  
lophophorus_impejanus 0.014168920024  0.002004458335  0.002004458335  0.003449616451  0.032879690441  0.022455654637  0.000000000000  0.002639304930  0.002004458335  0.002110203915  0.004017886564  0.014181188357  0.002004458335  0.000000000000  0.045442486360  0.006165615507  0.002326188570  0.004516979896  
lophura_inornata 0.015999641162  0.000000000000  0.000000000000  0.000000000000  0.037995343889  0.024195544181  0.002639304930  0.000000000000  0.000000000000  0.000000000000  0.002639304930  0.016014457056  0.000000000000  0.000000000000  0.044142635012  0.005446190117  0.000000000000  0.003087492281  
lophura_nycthemera 0.011880847279  0.000000000000  0.000000000000  0.000000000000  0.030206889912  0.019962927660  0.002004458335  0.000000000000  0.000000000000  0.000000000000  0.001965069277  0.012129330068  0.000000000000  0.000000000000  0.043178883490  0.004104836225  0.000000000000  0.002203187595  
lophura_swinhoii 0.008304271132  0.000000000000  0.000000000000  0.000000000000  0.027461990449  0.018868548620  0.002110203915  0.000000000000  0.000000000000  0.000000000000  0.002066594479  0.008480331611  0.000000000000  0.000000000000  0.038261405050  0.004253237319  0.000000000000  0.002203187595  
melgal2    0.009882809191  0.001965069277  0.001984568380  0.003449616451  0.030206889912  0.022006337263  0.004017886564  0.002639304930  0.001965069277  0.002066594479  0.000000000000  0.010086786563  0.001968938383  0.000000000000  0.040926611804  0.006165615507  0.002326188570  0.004417216681  
pavo_cristatus 0.015967229899  0.012129330068  0.012129330068  0.010404529568  0.036536632350  0.020369618700  0.014181188357  0.016014457056  0.012129330068  0.008480331611  0.010086786563  0.000000000000  0.012129330068  0.005203706317  0.042445375765  0.014504437782  0.007003796409  0.009064575229  
perdix_dauuricae 0.011904420533  0.000000000000  0.000000000000  0.000000000000  0.030206889912  0.020002864422  0.002004458335  0.000000000000  0.000000000000  0.000000000000  0.001968938383  0.012129330068  0.000000000000  0.000000000000  0.043178883490  0.004104836225  0.000000000000  0.002208052358  
phasianus_colchicus 0.005073187566  0.000000000000  0.000000000000  0.000000000000  0.007641979177  0.010186463442  0.000000000000  0.000000000000  0.000000000000  0.000000000000  0.000000000000  0.005203706317  0.000000000000  0.000000000000  0.019216880511  0.000000000000  0.000000000000  0.000000000000  
rollulus_rouloul 0.035870951886  0.043178883490  0.043178883490  0.042823077723  0.060288711574  0.038721572484  0.045442486360  0.044142635012  0.043178883490  0.038261405050  0.040926611804  0.042445375765  0.043178883490  0.019216880511  0.000000000000  0.046160471902  0.038559207086  0.036059088443  
syrmaticus_ellioti 0.012393347401  0.004104836225  0.004104836225  0.003482921295  0.031474852000  0.025068055870  0.006165615507  0.005446190117  0.004104836225  0.004253237319  0.006165615507  0.014504437782  0.004104836225  0.000000000000  0.046160471902  0.000000000000  0.002341285913  0.004541926613  
syrmaticus_reevesii 0.009352813143  0.000000000000  0.000000000000  0.000000000000  0.021242512910  0.021277728400  0.002326188570  0.000000000000  0.000000000000  0.000000000000  0.002326188570  0.007003796409  0.000000000000  0.000000000000  0.038559207086  0.002341285913  0.000000000000  0.002326188570  
tragopan_blythii 0.011093938002  0.002203187595  0.002227728160  0.003449616451  0.017878668175  0.017856276196  0.004516979896  0.003087492281  0.002203187595  0.002203187595  0.004417216681  0.009064575229  0.002208052358  0.000000000000  0.036059088443  0.004541926613  0.002326188570  0.000000000000  

