18
alectoris_rufa 0.000000000000  0.029702957364  0.022080776303  0.025874583878  0.052744067577  0.030063100304  0.022080776303  0.022080776303  0.029617744140  0.022750726524  0.022080776303  0.018320916037  0.029702957364  0.015755651429  0.046028899052  0.011324423733  0.037254132995  0.018732817754  
catreus_wallichi 0.029702957364  0.000000000000  0.005561505314  0.005561505314  0.071831340204  0.037867676321  0.019796099554  0.011260659655  0.005551249718  0.005854550859  0.025627760965  0.022701813380  0.017201260692  0.010437854149  0.049092812390  0.017103181646  0.019702599881  0.014285037423  
chrysolophus_pictus 0.022080776303  0.005561505314  0.000000000000  0.005396435306  0.063967895776  0.030834651040  0.013623304628  0.005485238755  0.005445447234  0.000000000000  0.019198754551  0.016401782138  0.011043031204  0.000000000000  0.042216428169  0.005624062747  0.013716981808  0.011043031204  
crossoptilon_crossoptilon 0.025874583878  0.005561505314  0.005396435306  0.000000000000  0.067421393224  0.036691263409  0.019198754551  0.011043031204  0.005445447234  0.005736992691  0.024849180600  0.022014469742  0.016675322452  0.005186517247  0.049092812390  0.011324423733  0.019321855105  0.013849739862  
cyrtonyx_montezumae 0.052744067577  0.071831340204  0.063967895776  0.067421393224  0.000000000000  0.061325236040  0.067421393224  0.068748019358  0.071683952166  0.061441493213  0.063967895776  0.057144903925  0.068748019358  0.054084168020  0.043357830053  0.028655205509  0.082248229618  0.058255874250  
galgal4    0.030063100304  0.037867676321  0.030834651040  0.036691263409  0.061325236040  0.000000000000  0.033752753590  0.037323719821  0.037016625220  0.032862181533  0.027936674264  0.025058547554  0.034332470898  0.010547957916  0.049627150188  0.017103181646  0.045926868457  0.025484405467  
lophophorus_impejanus 0.022080776303  0.019796099554  0.013623304628  0.019198754551  0.067421393224  0.033752753590  0.000000000000  0.019520034533  0.019360769476  0.011553400171  0.016401782138  0.019198754551  0.025267895668  0.005186517247  0.045640553947  0.011324423733  0.027871888810  0.013849739862  
lophura_inornata 0.022080776303  0.011260659655  0.005485238755  0.011043031204  0.068748019358  0.037323719821  0.019520034533  0.000000000000  0.011016755517  0.005736992691  0.025267895668  0.022384136887  0.016958142695  0.005186517247  0.049092812390  0.000000000000  0.019429129198  0.016958142695  
lophura_nycthemera 0.029617744140  0.005551249718  0.005445447234  0.005445447234  0.071683952166  0.037016625220  0.019360769476  0.011016755517  0.000000000000  0.005726079123  0.025058547554  0.022200000827  0.016818820902  0.005186517247  0.048978367687  0.011324423733  0.019295101971  0.013969556349  
lophura_swinhoii 0.022750726524  0.005854550859  0.000000000000  0.005736992691  0.061441493213  0.032862181533  0.011553400171  0.005736992691  0.005726079123  0.000000000000  0.020431817063  0.017451451949  0.011757166102  0.000000000000  0.043343289320  0.005889029040  0.011524637154  0.011757166102  
melgal2    0.022080776303  0.025627760965  0.019198754551  0.024849180600  0.063967895776  0.027936674264  0.016401782138  0.025267895668  0.025058547554  0.020431817063  0.000000000000  0.019198754551  0.025267895668  0.015755651429  0.042216428169  0.022962522972  0.033670120699  0.013849739862  
pavo_cristatus 0.018320916037  0.022701813380  0.016401782138  0.022014469742  0.057144903925  0.025058547554  0.019198754551  0.022384136887  0.022200000827  0.017451451949  0.019198754551  0.000000000000  0.022384136887  0.010437854149  0.042216428169  0.017103181646  0.030761003531  0.011043031204  
perdix_dauuricae 0.029702957364  0.017201260692  0.011043031204  0.016675322452  0.068748019358  0.034332470898  0.025267895668  0.016958142695  0.016818820902  0.011757166102  0.025267895668  0.022384136887  0.000000000000  0.021141612904  0.050077196990  0.017103181646  0.025426429029  0.016958142695  
phasianus_colchicus 0.015755651429  0.010437854149  0.000000000000  0.005186517247  0.054084168020  0.010547957916  0.005186517247  0.005186517247  0.005186517247  0.000000000000  0.015755651429  0.010437854149  0.021141612904  0.000000000000  0.042995423971  0.005624062747  0.015689711596  0.005353103202  
rollulus_rouloul 0.046028899052  0.049092812390  0.042216428169  0.049092812390  0.043357830053  0.049627150188  0.045640553947  0.049092812390  0.048978367687  0.043343289320  0.042216428169  0.042216428169  0.050077196990  0.042995423971  0.000000000000  0.034606709564  0.052336461816  0.039588864124  
syrmaticus_ellioti 0.011324423733  0.017103181646  0.005624062747  0.011324423733  0.028655205509  0.017103181646  0.011324423733  0.000000000000  0.011324423733  0.005889029040  0.022962522972  0.017103181646  0.017103181646  0.005624062747  0.034606709564  0.000000000000  0.022848683795  0.011722707406  
syrmaticus_reevesii 0.037254132995  0.019702599881  0.013716981808  0.019321855105  0.082248229618  0.045926868457  0.027871888810  0.019429129198  0.019295101971  0.011524637154  0.033670120699  0.030761003531  0.025426429029  0.015689711596  0.052336461816  0.022848683795  0.000000000000  0.025426429029  
tragopan_blythii 0.018732817754  0.014285037423  0.011043031204  0.013849739862  0.058255874250  0.025484405467  0.013849739862  0.016958142695  0.013969556349  0.011757166102  0.013849739862  0.011043031204  0.016958142695  0.005353103202  0.039588864124  0.011722707406  0.025426429029  0.000000000000  

