18
alectoris_rufa 0.000000000000  0.014843656924  0.012705254094  0.014932322447  0.033272819633  0.020879380763  0.014843656924  0.018448051214  0.014887857665  0.014843656924  0.017835721711  0.018192863396  0.016295019751  0.019093886337  0.019983284805  0.012522552025  0.014843656924  0.012952103125  
catreus_wallichi 0.014843656924  0.000000000000  0.000000000000  0.000000000000  0.017921138576  0.005892433542  0.005904624244  0.003038075081  0.000000000000  0.000000000000  0.008857212871  0.009047800817  0.006478423584  0.003143114612  0.003939184716  0.000000000000  0.000000000000  0.003216882729  
chrysolophus_pictus 0.012705254094  0.000000000000  0.000000000000  0.000000000000  0.019243246692  0.000000000000  0.000000000000  0.003173034342  0.000000000000  0.000000000000  0.003153024963  0.006457505977  0.003379978408  0.003287789704  0.004151797271  0.000000000000  0.000000000000  0.000000000000  
crossoptilon_crossoptilon 0.014932322447  0.000000000000  0.000000000000  0.000000000000  0.018028848529  0.005927360401  0.005939696451  0.003056647789  0.000000000000  0.000000000000  0.008909824485  0.009047800817  0.006478423584  0.003143114612  0.003939184716  0.000000000000  0.000000000000  0.003216882729  
cyrtonyx_montezumae 0.033272819633  0.017921138576  0.019243246692  0.018028848529  0.000000000000  0.024007243475  0.024051292980  0.018504952427  0.017974832181  0.017921138576  0.027054428945  0.015158691026  0.016432709482  0.012725591110  0.007945468340  0.008343224702  0.017921138576  0.016378873366  
galgal4    0.020879380763  0.005892433542  0.000000000000  0.005927360401  0.024007243475  0.000000000000  0.011857878424  0.003038075081  0.005909845367  0.005892433542  0.014830409870  0.015141500443  0.006478423584  0.003143114612  0.003939184716  0.000000000000  0.005892433542  0.009695944263  
lophophorus_impejanus 0.014843656924  0.005904624244  0.000000000000  0.005939696451  0.024051292980  0.011857878424  0.000000000000  0.009162873359  0.005922108421  0.005904624244  0.008857212871  0.009047800817  0.006478423584  0.009481431490  0.011925178785  0.008308563557  0.005904624244  0.003216882729  
lophura_inornata 0.018448051214  0.003038075081  0.003173034342  0.003056647789  0.018504952427  0.003038075081  0.009162873359  0.000000000000  0.003038075081  0.003038075081  0.012235171885  0.012487216907  0.009727383904  0.006302996034  0.003939184716  0.000000000000  0.003038075081  0.003334890753  
lophura_nycthemera 0.014887857665  0.000000000000  0.000000000000  0.000000000000  0.017974832181  0.005909845367  0.005922108421  0.003038075081  0.000000000000  0.000000000000  0.008883440780  0.009075171905  0.006478423584  0.003143114612  0.003939184716  0.000000000000  0.000000000000  0.003227264507  
lophura_swinhoii 0.014843656924  0.000000000000  0.000000000000  0.000000000000  0.017921138576  0.005892433542  0.005904624244  0.003038075081  0.000000000000  0.000000000000  0.008857212871  0.009047800817  0.006478423584  0.003143114612  0.003939184716  0.000000000000  0.000000000000  0.003216882729  
melgal2    0.017835721711  0.008857212871  0.003153024963  0.008909824485  0.027054428945  0.014830409870  0.008857212871  0.012235171885  0.008883440780  0.008857212871  0.000000000000  0.012054329452  0.009717968398  0.012661192690  0.015883892391  0.008284412717  0.008857212871  0.006445181791  
pavo_cristatus 0.018192863396  0.009047800817  0.006457505977  0.009047800817  0.015158691026  0.015141500443  0.009047800817  0.012487216907  0.009075171905  0.009047800817  0.012054329452  0.000000000000  0.009753833702  0.012685232040  0.007914027160  0.008308563557  0.009047800817  0.006457505977  
perdix_dauuricae 0.016295019751  0.006478423584  0.003379978408  0.006478423584  0.016432709482  0.006478423584  0.006478423584  0.009727383904  0.006478423584  0.006478423584  0.009717968398  0.009753833702  0.000000000000  0.009727383904  0.011925178785  0.008308563557  0.006478423584  0.003426301946  
phasianus_colchicus 0.019093886337  0.003143114612  0.003287789704  0.003143114612  0.012725591110  0.003143114612  0.009481431490  0.006302996034  0.003143114612  0.003143114612  0.012661192690  0.012685232040  0.009727383904  0.000000000000  0.003939184716  0.000000000000  0.003143114612  0.003334890753  
rollulus_rouloul 0.019983284805  0.003939184716  0.004151797271  0.003939184716  0.007945468340  0.003939184716  0.011925178785  0.003939184716  0.003939184716  0.003939184716  0.015883892391  0.007914027160  0.011925178785  0.003939184716  0.000000000000  0.000000000000  0.003939184716  0.007914027160  
syrmaticus_ellioti 0.012522552025  0.000000000000  0.000000000000  0.000000000000  0.008343224702  0.000000000000  0.008308563557  0.000000000000  0.000000000000  0.000000000000  0.008284412717  0.008308563557  0.008308563557  0.000000000000  0.000000000000  0.000000000000  0.000000000000  0.004134630994  
syrmaticus_reevesii 0.014843656924  0.000000000000  0.000000000000  0.000000000000  0.017921138576  0.005892433542  0.005904624244  0.003038075081  0.000000000000  0.000000000000  0.008857212871  0.009047800817  0.006478423584  0.003143114612  0.003939184716  0.000000000000  0.000000000000  0.003216882729  
tragopan_blythii 0.012952103125  0.003216882729  0.000000000000  0.003216882729  0.016378873366  0.009695944263  0.003216882729  0.003334890753  0.003227264507  0.003216882729  0.006445181791  0.006457505977  0.003426301946  0.003334890753  0.007914027160  0.004134630994  0.003216882729  0.000000000000  

