18
alectoris_rufa 0.000000000000  0.004100975097  0.004100975097  0.004100975097  0.000000000000  0.000000000000  0.008220608980  0.004100975097  0.004100975097  0.004100975097  0.005887767849  0.000000000000  0.004100975097  0.004100975097  0.000000000000  0.004350770707  0.005003901911  0.004100975097  
catreus_wallichi 0.004100975097  0.000000000000  0.000000000000  0.000000000000  0.009630015510  0.003087897985  0.006186357387  0.000000000000  0.000000000000  0.000000000000  0.000000000000  0.003087897985  0.006629395146  0.000000000000  0.009630015510  0.000000000000  0.000000000000  0.000000000000  
chrysolophus_pictus 0.004100975097  0.000000000000  0.000000000000  0.000000000000  0.009630015510  0.003087897985  0.006186357387  0.000000000000  0.000000000000  0.000000000000  0.000000000000  0.003087897985  0.006629395146  0.000000000000  0.009630015510  0.000000000000  0.000000000000  0.000000000000  
crossoptilon_crossoptilon 0.004100975097  0.000000000000  0.000000000000  0.000000000000  0.003462067673  0.003346218721  0.006704845007  0.000000000000  0.000000000000  0.000000000000  0.000000000000  0.003346218721  0.003599133304  0.000000000000  0.006952015340  0.000000000000  0.000000000000  0.000000000000  
cyrtonyx_montezumae 0.000000000000  0.009630015510  0.009630015510  0.003462067673  0.000000000000  0.006396175496  0.016127311913  0.009630015510  0.009630015510  0.003560686925  0.013542748162  0.006396175496  0.016767600393  0.009630015510  0.006396175496  0.004067612495  0.005003901911  0.003280357635  
galgal4    0.000000000000  0.003087897985  0.003087897985  0.003346218721  0.006396175496  0.000000000000  0.009309240094  0.003087897985  0.003087897985  0.003560686925  0.004467391283  0.000000000000  0.009982513671  0.003186287729  0.006396175496  0.003908623707  0.005003901911  0.003280357635  
lophophorus_impejanus 0.008220608980  0.006186357387  0.006186357387  0.006704845007  0.016127311913  0.009309240094  0.000000000000  0.006186357387  0.006186357387  0.007135427735  0.008956937746  0.009309240094  0.013326212495  0.006383822427  0.016127311913  0.003905290118  0.000000000000  0.006572637954  
lophura_inornata 0.004100975097  0.000000000000  0.000000000000  0.000000000000  0.009630015510  0.003087897985  0.006186357387  0.000000000000  0.000000000000  0.000000000000  0.000000000000  0.003087897985  0.006629395146  0.000000000000  0.009630015510  0.000000000000  0.000000000000  0.000000000000  
lophura_nycthemera 0.004100975097  0.000000000000  0.000000000000  0.000000000000  0.009630015510  0.003087897985  0.006186357387  0.000000000000  0.000000000000  0.000000000000  0.000000000000  0.003087897985  0.006629395146  0.000000000000  0.009630015510  0.000000000000  0.000000000000  0.000000000000  
lophura_swinhoii 0.004100975097  0.000000000000  0.000000000000  0.000000000000  0.003560686925  0.003560686925  0.007135427735  0.000000000000  0.000000000000  0.000000000000  0.000000000000  0.003560686925  0.003705836327  0.000000000000  0.003560686925  0.000000000000  0.000000000000  0.000000000000  
melgal2    0.005887767849  0.000000000000  0.000000000000  0.000000000000  0.013542748162  0.004467391283  0.008956937746  0.000000000000  0.000000000000  0.000000000000  0.000000000000  0.004467391283  0.008981314157  0.000000000000  0.013542748162  0.000000000000  0.000000000000  0.000000000000  
pavo_cristatus 0.000000000000  0.003087897985  0.003087897985  0.003346218721  0.006396175496  0.000000000000  0.009309240094  0.003087897985  0.003087897985  0.003560686925  0.004467391283  0.000000000000  0.009982513671  0.003186287729  0.006396175496  0.003908623707  0.005003901911  0.003280357635  
perdix_dauuricae 0.004100975097  0.006629395146  0.006629395146  0.003599133304  0.016767600393  0.009982513671  0.013326212495  0.006629395146  0.006629395146  0.003705836327  0.008981314157  0.009982513671  0.000000000000  0.006629395146  0.016767600393  0.000000000000  0.000000000000  0.006833250678  
phasianus_colchicus 0.004100975097  0.000000000000  0.000000000000  0.000000000000  0.009630015510  0.003186287729  0.006383822427  0.000000000000  0.000000000000  0.000000000000  0.000000000000  0.003186287729  0.006629395146  0.000000000000  0.009630015510  0.000000000000  0.000000000000  0.000000000000  
rollulus_rouloul 0.000000000000  0.009630015510  0.009630015510  0.006952015340  0.006396175496  0.006396175496  0.016127311913  0.009630015510  0.009630015510  0.003560686925  0.013542748162  0.006396175496  0.016767600393  0.009630015510  0.000000000000  0.004067612495  0.005003901911  0.006585734861  
syrmaticus_ellioti 0.004350770707  0.000000000000  0.000000000000  0.000000000000  0.004067612495  0.003908623707  0.003905290118  0.000000000000  0.000000000000  0.000000000000  0.000000000000  0.003908623707  0.000000000000  0.000000000000  0.004067612495  0.000000000000  0.000000000000  0.000000000000  
syrmaticus_reevesii 0.005003901911  0.000000000000  0.000000000000  0.000000000000  0.005003901911  0.005003901911  0.000000000000  0.000000000000  0.000000000000  0.000000000000  0.000000000000  0.005003901911  0.000000000000  0.000000000000  0.005003901911  0.000000000000  0.000000000000  0.000000000000  
tragopan_blythii 0.004100975097  0.000000000000  0.000000000000  0.000000000000  0.003280357635  0.003280357635  0.006572637954  0.000000000000  0.000000000000  0.000000000000  0.000000000000  0.003280357635  0.006833250678  0.000000000000  0.006585734861  0.000000000000  0.000000000000  0.000000000000  

