18
alectoris_rufa 0.000000000000  0.036349498624  0.034794851444  0.034841369038  0.066192541461  0.020051625215  0.034900316231  0.010661658582  0.034900316231  0.034841369038  0.031832273691  0.040925595237  0.028885923788  0.015385966841  0.035203311053  0.012758973641  0.027541989227  0.032446750974  
catreus_wallichi 0.036349498624  0.000000000000  0.014776947666  0.011800002742  0.052614531535  0.023937647232  0.005872116833  0.010661658582  0.008839525349  0.008820081420  0.023937647232  0.026918738520  0.014838550025  0.007645523746  0.020827334357  0.008489318822  0.015585835879  0.014927158413  
chrysolophus_pictus 0.034794851444  0.014776947666  0.000000000000  0.011120090441  0.053928519180  0.022511689594  0.013385211492  0.000000000000  0.011176411133  0.011169775595  0.022486851684  0.024775132984  0.008880306687  0.007627236712  0.022690985598  0.000000000000  0.009467099467  0.013566818186  
crossoptilon_crossoptilon 0.034841369038  0.011800002742  0.011120090441  0.000000000000  0.049049798525  0.017939389914  0.008889132155  0.005296705113  0.008928818152  0.008919913367  0.017917583306  0.020188685216  0.008889132155  0.003805213659  0.018079572377  0.004223024123  0.009478971052  0.009009262840  
cyrtonyx_montezumae 0.066192541461  0.052614531535  0.053928519180  0.049049798525  0.000000000000  0.054035693633  0.049152457705  0.010661658582  0.051644052390  0.051535283169  0.053928519180  0.058850493005  0.044213556258  0.019383659742  0.039700239639  0.026005550707  0.041762743381  0.039886675321  
galgal4    0.020051625215  0.023937647232  0.022511689594  0.017939389914  0.054035693633  0.000000000000  0.017968503958  0.005296705113  0.020361354866  0.020326715442  0.017917583306  0.022543931773  0.017968503958  0.011488530055  0.022716282176  0.008466766637  0.016702139957  0.015893668229  
lophophorus_impejanus 0.034900316231  0.005872116833  0.013385211492  0.008889132155  0.049152457705  0.017968503958  0.000000000000  0.005296705113  0.011211545036  0.011190350845  0.017939389914  0.020208300315  0.008905125399  0.003805213659  0.018101778725  0.004223024123  0.011881789477  0.009025692442  
lophura_inornata 0.010661658582  0.010661658582  0.000000000000  0.005296705113  0.010661658582  0.005296705113  0.005296705113  0.000000000000  0.000000000000  0.000000000000  0.005296705113  0.000000000000  0.000000000000  0.000000000000  0.000000000000  0.000000000000  0.000000000000  0.000000000000  
lophura_nycthemera 0.034900316231  0.008839525349  0.011176411133  0.008928818152  0.051644052390  0.020361354866  0.011211545036  0.000000000000  0.000000000000  0.008928818152  0.020326715442  0.022613523049  0.011211545036  0.003805213659  0.020512055688  0.000000000000  0.011881789477  0.011364450052  
lophura_swinhoii 0.034841369038  0.008820081420  0.011169775595  0.008919913367  0.051535283169  0.020326715442  0.011190350845  0.000000000000  0.008928818152  0.000000000000  0.020299473429  0.020279678969  0.011190350845  0.003801422606  0.020484310566  0.000000000000  0.011866065377  0.009050031240  
melgal2    0.031832273691  0.023937647232  0.022486851684  0.017917583306  0.053928519180  0.017917583306  0.017939389914  0.005296705113  0.020326715442  0.020299473429  0.000000000000  0.027093636174  0.017939389914  0.003805213659  0.022690985598  0.008489318822  0.016683143382  0.015869049303  
pavo_cristatus 0.040925595237  0.026918738520  0.024775132984  0.020188685216  0.058850493005  0.022543931773  0.020208300315  0.000000000000  0.022613523049  0.020279678969  0.027093636174  0.000000000000  0.020208300315  0.011488530055  0.027340614051  0.004218354741  0.019116552256  0.013566818186  
perdix_dauuricae 0.028885923788  0.014838550025  0.008880306687  0.008889132155  0.044213556258  0.017968503958  0.008905125399  0.000000000000  0.011211545036  0.011190350845  0.017939389914  0.020208300315  0.000000000000  0.003805213659  0.013505737498  0.000000000000  0.004714536832  0.004488390691  
phasianus_colchicus 0.015385966841  0.007645523746  0.007627236712  0.003805213659  0.019383659742  0.011488530055  0.003805213659  0.000000000000  0.003805213659  0.003801422606  0.003805213659  0.011488530055  0.003805213659  0.000000000000  0.003801422606  0.000000000000  0.007627236712  0.003805213659  
rollulus_rouloul 0.035203311053  0.020827334357  0.022690985598  0.018079572377  0.039700239639  0.022716282176  0.018101778725  0.000000000000  0.020512055688  0.020484310566  0.022690985598  0.027340614051  0.013505737498  0.003801422606  0.000000000000  0.000000000000  0.014263873392  0.011277246633  
syrmaticus_ellioti 0.012758973641  0.008489318822  0.000000000000  0.004223024123  0.026005550707  0.008466766637  0.004223024123  0.000000000000  0.000000000000  0.000000000000  0.008489318822  0.004218354741  0.000000000000  0.000000000000  0.000000000000  0.000000000000  0.000000000000  0.000000000000  
syrmaticus_reevesii 0.027541989227  0.015585835879  0.009467099467  0.009478971052  0.041762743381  0.016702139957  0.011881789477  0.000000000000  0.011881789477  0.011866065377  0.016683143382  0.019116552256  0.004714536832  0.007627236712  0.014263873392  0.000000000000  0.000000000000  0.009478971052  
tragopan_blythii 0.032446750974  0.014927158413  0.013566818186  0.009009262840  0.039886675321  0.015893668229  0.009025692442  0.000000000000  0.011364450052  0.009050031240  0.015869049303  0.013566818186  0.004488390691  0.003805213659  0.011277246633  0.000000000000  0.009478971052  0.000000000000  

