18
alectoris_rufa 0.000000000000  0.000000000000  0.000000000000  0.000000000000  0.000000000000  0.000000000000  0.000000000000  0.000000000000  0.000000000000  0.000000000000  0.000000000000  0.000000000000  0.000000000000  0.000000000000  0.000000000000  0.003849738333  0.000000000000  0.000000000000  
catreus_wallichi 0.000000000000  0.000000000000  0.000000000000  0.000000000000  0.003313911723  0.000000000000  0.000000000000  0.000000000000  0.000000000000  0.000000000000  0.000000000000  0.003292092195  0.000000000000  0.000000000000  0.000000000000  0.003347188777  0.000000000000  0.000000000000  
chrysolophus_pictus 0.000000000000  0.000000000000  0.000000000000  0.001891221056  0.007604216373  0.007575412983  0.003842342271  0.005902367914  0.000000000000  0.001884094565  0.003769915210  0.007575412983  0.007706776447  0.000000000000  0.003197357716  0.003805784183  0.002203814212  0.003769915210  
crossoptilon_crossoptilon 0.000000000000  0.000000000000  0.001891221056  0.000000000000  0.005722232933  0.005700486230  0.001927677772  0.003933014910  0.000000000000  0.000000000000  0.005700486230  0.005700486230  0.005777332605  0.000000000000  0.003217935608  0.001909275399  0.000000000000  0.001891221056  
cyrtonyx_montezumae 0.000000000000  0.003313911723  0.007604216373  0.005722232933  0.000000000000  0.009406562258  0.005725729763  0.009925085457  0.006209574124  0.007522199634  0.009406562258  0.009406562258  0.007736589441  0.000000000000  0.012732444963  0.009495889629  0.004439361631  0.005618495102  
galgal4    0.000000000000  0.000000000000  0.007575412983  0.005700486230  0.009406562258  0.000000000000  0.001894804557  0.005902367914  0.003079212976  0.005615127609  0.003727754946  0.007490297364  0.007706776447  0.000000000000  0.003134844557  0.007561092962  0.004419740606  0.003727754946  
lophophorus_impejanus 0.000000000000  0.000000000000  0.003842342271  0.001927677772  0.005725729763  0.001894804557  0.000000000000  0.006008767722  0.000000000000  0.001894804557  0.003798555887  0.003798555887  0.003872098352  0.000000000000  0.006287662532  0.003834974573  0.002253476780  0.000000000000  
lophura_inornata 0.000000000000  0.000000000000  0.005902367914  0.003933014910  0.009925085457  0.005902367914  0.006008767722  0.000000000000  0.006722397957  0.003925295725  0.005902367914  0.009885836374  0.009964647454  0.000000000000  0.003415788921  0.005961009086  0.002208681749  0.005902367914  
lophura_nycthemera 0.000000000000  0.000000000000  0.000000000000  0.000000000000  0.006209574124  0.003079212976  0.000000000000  0.006722397957  0.000000000000  0.000000000000  0.003079212976  0.000000000000  0.000000000000  0.000000000000  0.006287662532  0.000000000000  0.000000000000  0.000000000000  
lophura_swinhoii 0.000000000000  0.000000000000  0.001884094565  0.000000000000  0.007522199634  0.005615127609  0.001894804557  0.003925295725  0.000000000000  0.000000000000  0.005615127609  0.005615127609  0.005766227944  0.000000000000  0.006287662532  0.001880551422  0.000000000000  0.001863033736  
melgal2    0.000000000000  0.000000000000  0.003769915210  0.005700486230  0.009406562258  0.003727754946  0.003798555887  0.005902367914  0.003079212976  0.005615127609  0.000000000000  0.007490297364  0.007706776447  0.000000000000  0.003134844557  0.007561092962  0.004419740606  0.003727754946  
pavo_cristatus 0.000000000000  0.003292092195  0.007575412983  0.005700486230  0.009406562258  0.007490297364  0.003798555887  0.009885836374  0.000000000000  0.005615127609  0.007490297364  0.000000000000  0.007706776447  0.000000000000  0.006287662532  0.007561092962  0.006647913056  0.003727754946  
perdix_dauuricae 0.000000000000  0.000000000000  0.007706776447  0.005777332605  0.007736589441  0.007706776447  0.003872098352  0.009964647454  0.000000000000  0.005766227944  0.007706776447  0.007706776447  0.000000000000  0.000000000000  0.003238780090  0.007781743953  0.006722397957  0.003834974573  
phasianus_colchicus 0.000000000000  0.000000000000  0.000000000000  0.000000000000  0.000000000000  0.000000000000  0.000000000000  0.000000000000  0.000000000000  0.000000000000  0.000000000000  0.000000000000  0.000000000000  0.000000000000  0.000000000000  0.004722383651  0.000000000000  0.000000000000  
rollulus_rouloul 0.000000000000  0.000000000000  0.003197357716  0.003217935608  0.012732444963  0.003134844557  0.006287662532  0.003415788921  0.006287662532  0.006287662532  0.003134844557  0.006287662532  0.003238780090  0.000000000000  0.000000000000  0.006388079061  0.000000000000  0.006287662532  
syrmaticus_ellioti 0.003849738333  0.003347188777  0.003805784183  0.001909275399  0.009495889629  0.007561092962  0.003834974573  0.005961009086  0.000000000000  0.001880551422  0.007561092962  0.007561092962  0.007781743953  0.004722383651  0.006388079061  0.000000000000  0.002228368829  0.003762822398  
syrmaticus_reevesii 0.000000000000  0.000000000000  0.002203814212  0.000000000000  0.004439361631  0.004419740606  0.002253476780  0.002208681749  0.000000000000  0.000000000000  0.004419740606  0.006647913056  0.006722397957  0.000000000000  0.000000000000  0.002228368829  0.000000000000  0.002203814212  
tragopan_blythii 0.000000000000  0.000000000000  0.003769915210  0.001891221056  0.005618495102  0.003727754946  0.000000000000  0.005902367914  0.000000000000  0.001863033736  0.003727754946  0.003727754946  0.003834974573  0.000000000000  0.006287662532  0.003762822398  0.002203814212  0.000000000000  

