18
alectoris_rufa 0.000000000000  0.037562281663  0.027953929776  0.037562281663  0.033031906512  0.037774773397  0.023216605334  0.037562281663  0.037562281663  0.035531764268  0.037597145289  0.027901285260  0.037476620884  0.027601211671  0.052198999945  0.030921952287  0.023087572320  0.031710043759  
catreus_wallichi 0.037562281663  0.000000000000  0.012647502020  0.000000000000  0.019008053707  0.022110763154  0.012509836131  0.003097116303  0.007226515547  0.010216797140  0.022041130921  0.015689009815  0.012470832750  0.003598665480  0.029092477436  0.012734833777  0.003970134528  0.013024595661  
chrysolophus_pictus 0.027953929776  0.012647502020  0.000000000000  0.012647502020  0.019288656266  0.022439829152  0.009476383953  0.009453678544  0.014531432853  0.003377031455  0.015864292052  0.015914792156  0.019068469637  0.003598665480  0.032479967523  0.008462250783  0.003970134528  0.013024595661  
crossoptilon_crossoptilon 0.037562281663  0.000000000000  0.012647502020  0.000000000000  0.019008053707  0.022110763154  0.012509836131  0.003097116303  0.007226515547  0.010216797140  0.022041130921  0.015689009815  0.012470832750  0.003598665480  0.029092477436  0.012734833777  0.003970134528  0.013024595661  
cyrtonyx_montezumae 0.033031906512  0.019008053707  0.019288656266  0.019008053707  0.000000000000  0.012637907362  0.012568020573  0.015788096609  0.018403287930  0.024089480813  0.022285112285  0.003116420213  0.012568020573  0.014531432853  0.025932029772  0.021396201585  0.011983969254  0.017429185102  
galgal4    0.037774773397  0.022110763154  0.022439829152  0.022110763154  0.012637907362  0.000000000000  0.018923594519  0.018888363263  0.018268792771  0.027634421640  0.028769364984  0.009385701606  0.025411281542  0.018236938488  0.032543121674  0.021396201585  0.011983969254  0.021991009009  
lophophorus_impejanus 0.023216605334  0.012509836131  0.009476383953  0.012509836131  0.012568020573  0.018923594519  0.000000000000  0.009364822971  0.010895378326  0.013617141734  0.015665456648  0.009335995963  0.012473356170  0.003595596357  0.025722847965  0.004217313807  0.003966399065  0.004294047831  
lophura_inornata 0.037562281663  0.003097116303  0.009453678544  0.003097116303  0.015788096609  0.018888363263  0.009364822971  0.000000000000  0.003598665480  0.006785205968  0.018829081582  0.012512375495  0.015628113361  0.000000000000  0.025778104039  0.008466236324  0.000000000000  0.008645147586  
lophura_nycthemera 0.037562281663  0.007226515547  0.014531432853  0.007226515547  0.018403287930  0.018268792771  0.010895378326  0.003598665480  0.000000000000  0.011689878898  0.021925801787  0.014562321127  0.018186221736  0.004134271802  0.029484000585  0.012734833777  0.004294047831  0.008645147586  
lophura_swinhoii 0.035531764268  0.010216797140  0.003377031455  0.010216797140  0.024089480813  0.027634421640  0.013617141734  0.006785205968  0.011689878898  0.000000000000  0.017082777335  0.020572410990  0.020572410990  0.003598665480  0.024052609876  0.012734833777  0.003970134528  0.013024595661  
melgal2    0.037597145289  0.022041130921  0.015864292052  0.022041130921  0.022285112285  0.028769364984  0.015665456648  0.018829081582  0.021925801787  0.017082777335  0.000000000000  0.018912740150  0.022016283046  0.014531432853  0.035811497606  0.021396201585  0.016047292399  0.017429185102  
pavo_cristatus 0.027901285260  0.015689009815  0.015914792156  0.015689009815  0.003116420213  0.009385701606  0.009335995963  0.012512375495  0.014562321127  0.020572410990  0.018912740150  0.000000000000  0.015665456648  0.010856369358  0.022465630826  0.017044555494  0.007957222349  0.013007813657  
perdix_dauuricae 0.037476620884  0.012470832750  0.019068469637  0.012470832750  0.012568020573  0.025411281542  0.012473356170  0.015628113361  0.018186221736  0.020572410990  0.022016283046  0.015665456648  0.000000000000  0.010856369358  0.032374778003  0.017044555494  0.011983969254  0.013007813657  
phasianus_colchicus 0.027601211671  0.003598665480  0.003598665480  0.003598665480  0.014531432853  0.018236938488  0.003595596357  0.000000000000  0.004134271802  0.003598665480  0.014531432853  0.010856369358  0.010856369358  0.000000000000  0.014509495401  0.000000000000  0.000000000000  0.004481940060  
rollulus_rouloul 0.052198999945  0.029092477436  0.032479967523  0.029092477436  0.025932029772  0.032543121674  0.025722847965  0.025778104039  0.029484000585  0.024052609876  0.035811497606  0.022465630826  0.032374778003  0.014509495401  0.000000000000  0.025750441287  0.011972471449  0.017371562554  
syrmaticus_ellioti 0.030921952287  0.012734833777  0.008462250783  0.012734833777  0.021396201585  0.021396201585  0.004217313807  0.008466236324  0.012734833777  0.012734833777  0.021396201585  0.017044555494  0.017044555494  0.000000000000  0.025750441287  0.000000000000  0.000000000000  0.008645147586  
syrmaticus_reevesii 0.023087572320  0.003970134528  0.003970134528  0.003970134528  0.011983969254  0.011983969254  0.003966399065  0.000000000000  0.004294047831  0.003970134528  0.016047292399  0.007957222349  0.011983969254  0.000000000000  0.011972471449  0.000000000000  0.000000000000  0.004670330751  
tragopan_blythii 0.031710043759  0.013024595661  0.013024595661  0.013024595661  0.017429185102  0.021991009009  0.004294047831  0.008645147586  0.008645147586  0.013024595661  0.017429185102  0.013007813657  0.013007813657  0.004481940060  0.017371562554  0.008645147586  0.004670330751  0.000000000000  

