18
alectoris_rufa 0.000000000000  0.029730097290  0.019011742067  0.025369794882  0.063244025403  0.023173350562  0.016791131789  0.017077917817  0.021082002849  0.024483800671  0.018931748545  0.027504878282  0.025412227209  0.023641681259  0.036346111835  0.017262188008  0.018931748545  0.023197444943  
catreus_wallichi 0.029730097290  0.000000000000  0.010579575911  0.014093182511  0.069866496573  0.041456255560  0.028594036659  0.010788841425  0.012320819288  0.011963427622  0.026887827379  0.034727987687  0.023930702340  0.016212700993  0.054999835278  0.008991382928  0.014105888826  0.034064169194  
chrysolophus_pictus 0.019011742067  0.010579575911  0.000000000000  0.010590766206  0.059038275243  0.034188647310  0.017782523952  0.001792267453  0.001751459321  0.005954120399  0.016056373822  0.025471683444  0.018325272049  0.007183883742  0.047607354905  0.001795485447  0.003509365279  0.025011595485  
crossoptilon_crossoptilon 0.025369794882  0.014093182511  0.010590766206  0.000000000000  0.069866496573  0.037750839719  0.024958726578  0.005370863611  0.012334950776  0.011963427622  0.023248314545  0.030955268744  0.022049729093  0.007148245354  0.051205817904  0.005380496322  0.010553508240  0.030396687061  
cyrtonyx_montezumae 0.063244025403  0.069866496573  0.059038275243  0.069866496573  0.000000000000  0.074331279017  0.063178815601  0.061979559848  0.065431791147  0.064384705917  0.067695445048  0.074331279017  0.065527246589  0.068862650181  0.069866496573  0.062649878801  0.063178815601  0.063064213760  
galgal4    0.023173350562  0.041456255560  0.034188647310  0.037750839719  0.074331279017  0.000000000000  0.026727146252  0.029239495929  0.035924964314  0.026306944058  0.036054540851  0.038442187581  0.029561794319  0.034791603824  0.060773851370  0.027411072402  0.034066008012  0.032194295020  
lophophorus_impejanus 0.016791131789  0.028594036659  0.017782523952  0.024958726578  0.063178815601  0.026727146252  0.000000000000  0.016292535326  0.019527921733  0.020142716464  0.015974406432  0.023551875823  0.022049729093  0.021769196148  0.043682651626  0.014480991219  0.017719497472  0.017694253540  
lophura_inornata 0.017077917817  0.010788841425  0.001792267453  0.005370863611  0.061979559848  0.029239495929  0.016292535326  0.000000000000  0.003578434787  0.007955437518  0.014530071233  0.021990909162  0.016864016348  0.005377757026  0.044742064571  0.000000000000  0.001785865947  0.021769684186  
lophura_nycthemera 0.021082002849  0.012320819288  0.001751459321  0.012334950776  0.065431791147  0.035924964314  0.019527921733  0.003578434787  0.000000000000  0.007955437518  0.017810521029  0.027243251037  0.020194871066  0.008964604306  0.049355033501  0.003584848891  0.005255288547  0.026749330871  
lophura_swinhoii 0.024483800671  0.011963427622  0.005954120399  0.011963427622  0.064384705917  0.026306944058  0.020142716464  0.007955437518  0.007955437518  0.000000000000  0.022294534968  0.028345251804  0.024160805617  0.014010203923  0.047666345457  0.007955437518  0.009965176210  0.022164652253  
melgal2    0.018931748545  0.026887827379  0.016056373822  0.023248314545  0.067695445048  0.036054540851  0.015974406432  0.014530071233  0.017810521029  0.022294534968  0.000000000000  0.021751704787  0.024044803970  0.020021711141  0.047607354905  0.014556511670  0.015999281698  0.026845094305  
pavo_cristatus 0.027504878282  0.034727987687  0.025471683444  0.030955268744  0.074331279017  0.038442187581  0.023551875823  0.021990909162  0.027243251037  0.028345251804  0.021751704787  0.000000000000  0.031999130609  0.027645023150  0.056112120698  0.022235433910  0.025379314027  0.032829650987  
perdix_dauuricae 0.025412227209  0.023930702340  0.018325272049  0.022049729093  0.065527246589  0.029561794319  0.022049729093  0.016864016348  0.020194871066  0.024160805617  0.024044803970  0.031999130609  0.000000000000  0.022527677104  0.051002465461  0.014963098490  0.018325272049  0.027698818929  
phasianus_colchicus 0.023641681259  0.016212700993  0.007183883742  0.007148245354  0.068862650181  0.034791603824  0.021769196148  0.005377757026  0.008964604306  0.014010203923  0.020021711141  0.027645023150  0.022527677104  0.000000000000  0.050451705592  0.005416596291  0.003565675192  0.027261585607  
rollulus_rouloul 0.036346111835  0.054999835278  0.047607354905  0.051205817904  0.069866496573  0.060773851370  0.043682651626  0.044742064571  0.049355033501  0.047666345457  0.047607354905  0.056112120698  0.051002465461  0.050451705592  0.000000000000  0.040925480968  0.047433508000  0.047448560607  
syrmaticus_ellioti 0.017262188008  0.008991382928  0.001795485447  0.005380496322  0.062649878801  0.027411072402  0.014480991219  0.000000000000  0.003584848891  0.007955437518  0.014556511670  0.022235433910  0.014963098490  0.005416596291  0.040925480968  0.000000000000  0.001789060974  0.018110881465  
syrmaticus_reevesii 0.018931748545  0.014105888826  0.003509365279  0.010553508240  0.063178815601  0.034066008012  0.017719497472  0.001785865947  0.005255288547  0.009965176210  0.015999281698  0.025379314027  0.018325272049  0.003565675192  0.047433508000  0.001789060974  0.000000000000  0.024922530930  
tragopan_blythii 0.023197444943  0.034064169194  0.025011595485  0.030396687061  0.063064213760  0.032194295020  0.017694253540  0.021769684186  0.026749330871  0.022164652253  0.026845094305  0.032829650987  0.027698818929  0.027261585607  0.047448560607  0.018110881465  0.024922530930  0.000000000000  

