18
alectoris_rufa 0.000000000000  0.003819726932  0.004003222897  0.003819726932  0.003819726932  0.003819726932  0.003987260881  0.003819726932  0.003819726932  0.003819726932  0.003819726932  0.003971425651  0.003819726932  0.000000000000  0.003987260881  0.000000000000  0.003819726932  0.003819726932  
catreus_wallichi 0.003819726932  0.000000000000  0.000000000000  0.003193700622  0.003193700622  0.003193700622  0.006637117677  0.003193700622  0.000000000000  0.000000000000  0.003193700622  0.003299063223  0.000000000000  0.000000000000  0.000000000000  0.000000000000  0.000000000000  0.003214231282  
chrysolophus_pictus 0.004003222897  0.000000000000  0.000000000000  0.003320975525  0.003320975525  0.003320975525  0.006659216931  0.003320975525  0.000000000000  0.000000000000  0.003320975525  0.003320975525  0.000000000000  0.000000000000  0.000000000000  0.000000000000  0.000000000000  0.003343180858  
crossoptilon_crossoptilon 0.003819726932  0.003193700622  0.003320975525  0.000000000000  0.012788815072  0.019189948289  0.016614313171  0.000000000000  0.000000000000  0.000000000000  0.012788815072  0.013211220342  0.000000000000  0.000000000000  0.003309983109  0.000000000000  0.000000000000  0.009628016747  
cyrtonyx_montezumae 0.003819726932  0.003193700622  0.003320975525  0.012788815072  0.000000000000  0.003173430574  0.003291649288  0.012788815072  0.000000000000  0.000000000000  0.000000000000  0.000000000000  0.000000000000  0.000000000000  0.003309983109  0.000000000000  0.000000000000  0.000000000000  
galgal4    0.003819726932  0.003193700622  0.003320975525  0.019189948289  0.003173430574  0.000000000000  0.006593356304  0.019189948289  0.000000000000  0.000000000000  0.003173430574  0.003277438187  0.000000000000  0.000000000000  0.003309983109  0.000000000000  0.000000000000  0.003193700622  
lophophorus_impejanus 0.003987260881  0.006637117677  0.006659216931  0.016614313171  0.003291649288  0.006593356304  0.000000000000  0.016614313171  0.003380673701  0.003380673701  0.003291649288  0.003291649288  0.003380673701  0.000000000000  0.006637117677  0.000000000000  0.000000000000  0.003313462918  
lophura_inornata 0.003819726932  0.003193700622  0.003320975525  0.000000000000  0.012788815072  0.019189948289  0.016614313171  0.000000000000  0.000000000000  0.000000000000  0.012788815072  0.013211220342  0.000000000000  0.000000000000  0.003309983109  0.000000000000  0.000000000000  0.009628016747  
lophura_nycthemera 0.003819726932  0.000000000000  0.000000000000  0.000000000000  0.000000000000  0.000000000000  0.003380673701  0.000000000000  0.000000000000  0.000000000000  0.000000000000  0.000000000000  0.000000000000  0.000000000000  0.000000000000  0.000000000000  0.000000000000  0.000000000000  
lophura_swinhoii 0.003819726932  0.000000000000  0.000000000000  0.000000000000  0.000000000000  0.000000000000  0.003380673701  0.000000000000  0.000000000000  0.000000000000  0.000000000000  0.000000000000  0.000000000000  0.000000000000  0.000000000000  0.000000000000  0.000000000000  0.000000000000  
melgal2    0.003819726932  0.003193700622  0.003320975525  0.012788815072  0.000000000000  0.003173430574  0.003291649288  0.012788815072  0.000000000000  0.000000000000  0.000000000000  0.000000000000  0.000000000000  0.000000000000  0.003309983109  0.000000000000  0.000000000000  0.000000000000  
pavo_cristatus 0.003971425651  0.003299063223  0.003320975525  0.013211220342  0.000000000000  0.003277438187  0.003291649288  0.013211220342  0.000000000000  0.000000000000  0.000000000000  0.000000000000  0.000000000000  0.000000000000  0.003309983109  0.000000000000  0.000000000000  0.000000000000  
perdix_dauuricae 0.003819726932  0.000000000000  0.000000000000  0.000000000000  0.000000000000  0.000000000000  0.003380673701  0.000000000000  0.000000000000  0.000000000000  0.000000000000  0.000000000000  0.000000000000  0.000000000000  0.000000000000  0.000000000000  0.000000000000  0.000000000000  
phasianus_colchicus 0.000000000000  0.000000000000  0.000000000000  0.000000000000  0.000000000000  0.000000000000  0.000000000000  0.000000000000  0.000000000000  0.000000000000  0.000000000000  0.000000000000  0.000000000000  0.000000000000  0.000000000000  0.000000000000  0.000000000000  0.000000000000  
rollulus_rouloul 0.003987260881  0.000000000000  0.000000000000  0.003309983109  0.003309983109  0.003309983109  0.006637117677  0.003309983109  0.000000000000  0.000000000000  0.003309983109  0.003309983109  0.000000000000  0.000000000000  0.000000000000  0.000000000000  0.000000000000  0.003332041197  
syrmaticus_ellioti 0.000000000000  0.000000000000  0.000000000000  0.000000000000  0.000000000000  0.000000000000  0.000000000000  0.000000000000  0.000000000000  0.000000000000  0.000000000000  0.000000000000  0.000000000000  0.000000000000  0.000000000000  0.000000000000  0.000000000000  0.000000000000  
syrmaticus_reevesii 0.003819726932  0.000000000000  0.000000000000  0.000000000000  0.000000000000  0.000000000000  0.000000000000  0.000000000000  0.000000000000  0.000000000000  0.000000000000  0.000000000000  0.000000000000  0.000000000000  0.000000000000  0.000000000000  0.000000000000  0.000000000000  
tragopan_blythii 0.003819726932  0.003214231282  0.003343180858  0.009628016747  0.000000000000  0.003193700622  0.003313462918  0.009628016747  0.000000000000  0.000000000000  0.000000000000  0.000000000000  0.000000000000  0.000000000000  0.003332041197  0.000000000000  0.000000000000  0.000000000000  

