18
alectoris_rufa 0.000000000000  0.006447494740  0.004286937407  0.004509244332  0.000000000000  0.000000000000  0.000000000000  0.004286937407  0.004286937407  0.006447494740  0.000000000000  0.000000000000  0.004286937407  0.004286937407  0.000000000000  0.000000000000  0.000000000000  0.002137812611  
catreus_wallichi 0.006447494740  0.000000000000  0.001608316635  0.001961676935  0.000000000000  0.006419899318  0.006471836078  0.001595486382  0.003245515740  0.003197265078  0.006419899318  0.006419899318  0.003223027395  0.001621354913  0.009236658547  0.000000000000  0.000000000000  0.006778948593  
chrysolophus_pictus 0.004286937407  0.001608316635  0.000000000000  0.000000000000  0.000000000000  0.004844183323  0.004844183323  0.000000000000  0.001633804062  0.001608316635  0.004844183323  0.004844183323  0.001608316635  0.000000000000  0.006907726222  0.000000000000  0.000000000000  0.005116842913  
crossoptilon_crossoptilon 0.004509244332  0.001961676935  0.000000000000  0.000000000000  0.000000000000  0.005913686024  0.005913686024  0.000000000000  0.001999726614  0.001961676935  0.005913686024  0.005913686024  0.001961676935  0.000000000000  0.006907726222  0.000000000000  0.000000000000  0.004205801630  
cyrtonyx_montezumae 0.000000000000  0.000000000000  0.000000000000  0.000000000000  0.000000000000  0.000000000000  0.000000000000  0.000000000000  0.000000000000  0.001898369041  0.000000000000  0.000000000000  0.000000000000  0.000000000000  0.000000000000  0.000000000000  0.000000000000  0.001898369041  
galgal4    0.000000000000  0.006419899318  0.004844183323  0.005913686024  0.000000000000  0.000000000000  0.000000000000  0.004805385916  0.006515050648  0.006419899318  0.000000000000  0.000000000000  0.003223027395  0.004883612316  0.000000000000  0.000000000000  0.000000000000  0.001684159257  
lophophorus_impejanus 0.000000000000  0.006471836078  0.004844183323  0.005913686024  0.000000000000  0.000000000000  0.000000000000  0.004844183323  0.006568544609  0.006471836078  0.000000000000  0.000000000000  0.003223027395  0.004883612316  0.000000000000  0.000000000000  0.000000000000  0.001698461677  
lophura_inornata 0.004286937407  0.001595486382  0.000000000000  0.000000000000  0.000000000000  0.004805385916  0.004844183323  0.000000000000  0.001620565614  0.001595486382  0.004805385916  0.004805385916  0.001608316635  0.000000000000  0.006907726222  0.000000000000  0.000000000000  0.005073574539  
lophura_nycthemera 0.004286937407  0.003245515740  0.001633804062  0.001999726614  0.000000000000  0.006515050648  0.006568544609  0.001620565614  0.000000000000  0.003245515740  0.006515050648  0.006515050648  0.003272064664  0.001647260581  0.009434894779  0.000000000000  0.000000000000  0.006768618208  
lophura_swinhoii 0.006447494740  0.003197265078  0.001608316635  0.001961676935  0.001898369041  0.006419899318  0.006471836078  0.001595486382  0.003245515740  0.000000000000  0.006419899318  0.006419899318  0.003223027395  0.001621354913  0.009236658547  0.003117524265  0.002393674667  0.006778948593  
melgal2    0.000000000000  0.006419899318  0.004844183323  0.005913686024  0.000000000000  0.000000000000  0.000000000000  0.004805385916  0.006515050648  0.006419899318  0.000000000000  0.000000000000  0.003223027395  0.004883612316  0.000000000000  0.000000000000  0.000000000000  0.001684159257  
pavo_cristatus 0.000000000000  0.006419899318  0.004844183323  0.005913686024  0.000000000000  0.000000000000  0.000000000000  0.004805385916  0.006515050648  0.006419899318  0.000000000000  0.000000000000  0.003223027395  0.004883612316  0.000000000000  0.000000000000  0.000000000000  0.001684159257  
perdix_dauuricae 0.004286937407  0.003223027395  0.001608316635  0.001961676935  0.000000000000  0.003223027395  0.003223027395  0.001608316635  0.003272064664  0.003223027395  0.003223027395  0.003223027395  0.000000000000  0.001621354913  0.004592072302  0.000000000000  0.000000000000  0.005116842913  
phasianus_colchicus 0.004286937407  0.001621354913  0.000000000000  0.000000000000  0.000000000000  0.004883612316  0.004883612316  0.000000000000  0.001647260581  0.001621354913  0.004883612316  0.004883612316  0.001621354913  0.000000000000  0.006907726222  0.000000000000  0.000000000000  0.005160855646  
rollulus_rouloul 0.000000000000  0.009236658547  0.006907726222  0.006907726222  0.000000000000  0.000000000000  0.000000000000  0.006907726222  0.009434894779  0.009236658547  0.000000000000  0.000000000000  0.004592072302  0.006907726222  0.000000000000  0.000000000000  0.000000000000  0.000000000000  
syrmaticus_ellioti 0.000000000000  0.000000000000  0.000000000000  0.000000000000  0.000000000000  0.000000000000  0.000000000000  0.000000000000  0.000000000000  0.003117524265  0.000000000000  0.000000000000  0.000000000000  0.000000000000  0.000000000000  0.000000000000  0.000000000000  0.000000000000  
syrmaticus_reevesii 0.000000000000  0.000000000000  0.000000000000  0.000000000000  0.000000000000  0.000000000000  0.000000000000  0.000000000000  0.000000000000  0.002393674667  0.000000000000  0.000000000000  0.000000000000  0.000000000000  0.000000000000  0.000000000000  0.000000000000  0.000000000000  
tragopan_blythii 0.002137812611  0.006778948593  0.005116842913  0.004205801630  0.001898369041  0.001684159257  0.001698461677  0.005073574539  0.006768618208  0.006778948593  0.001684159257  0.001684159257  0.005116842913  0.005160855646  0.000000000000  0.000000000000  0.000000000000  0.000000000000  

