18
alectoris_rufa 0.000000000000  0.018103802785  0.005983253986  0.013588138008  0.079447642366  0.028741228113  0.010253622716  0.012837051006  0.003176243375  0.012837051006  0.023417913753  0.026099768140  0.020688150481  0.008088483548  0.032210063889  0.013240583200  0.019143675151  0.012029133449  
catreus_wallichi 0.018103802785  0.000000000000  0.005993907721  0.010771924626  0.073522358893  0.025896937173  0.007623771779  0.010175368828  0.003176243375  0.010175368828  0.020637923729  0.012782326864  0.012738927885  0.004034910869  0.023789402105  0.013274430928  0.016260659495  0.009003184105  
chrysolophus_pictus 0.005983253986  0.005993907721  0.000000000000  0.003186364089  0.055239955248  0.018192178531  0.000000000000  0.000000000000  0.000000000000  0.000000000000  0.012072434149  0.009022444536  0.002986524023  0.000000000000  0.018702612402  0.006586061940  0.006396483972  0.006001207534  
crossoptilon_crossoptilon 0.013588138008  0.010771924626  0.003186364089  0.000000000000  0.063663303380  0.021769343479  0.002667822270  0.005343784129  0.000000000000  0.005343784129  0.016260659495  0.016260659495  0.013459073563  0.004034910869  0.024568905399  0.009917259788  0.010771924626  0.009608768482  
cyrtonyx_montezumae 0.079447642366  0.073522358893  0.055239955248  0.063663303380  0.000000000000  0.088096313732  0.063663303380  0.068420248787  0.020203510540  0.068420248787  0.078537854628  0.078537854628  0.078186935149  0.045980773142  0.087688618323  0.051253370558  0.073522358893  0.054902572490  
galgal4    0.028741228113  0.025896937173  0.018192178531  0.021769343479  0.088096313732  0.000000000000  0.017964401904  0.020555999194  0.012848022764  0.020555999194  0.025896937173  0.033978361699  0.023159883590  0.020563641161  0.034631340690  0.026893315808  0.021769343479  0.024377670206  
lophophorus_impejanus 0.010253622716  0.007623771779  0.000000000000  0.002667822270  0.063663303380  0.017964401904  0.000000000000  0.002524738061  0.000000000000  0.002524738061  0.012782326864  0.015384967044  0.010164459950  0.000000000000  0.021080834139  0.006586061940  0.008053573907  0.005983253986  
lophura_inornata 0.012837051006  0.010175368828  0.000000000000  0.005343784129  0.068420248787  0.020555999194  0.002524738061  0.000000000000  0.000000000000  0.005061248204  0.015352370412  0.017964401904  0.012730914780  0.000000000000  0.023744383869  0.006586061940  0.010749646103  0.005983253986  
lophura_nycthemera 0.003176243375  0.003176243375  0.000000000000  0.000000000000  0.020203510540  0.012848022764  0.000000000000  0.000000000000  0.000000000000  0.000000000000  0.009599897289  0.009599897289  0.000000000000  0.000000000000  0.013230520554  0.003414866365  0.003403244679  0.006384349551  
lophura_swinhoii 0.012837051006  0.010175368828  0.000000000000  0.005343784129  0.068420248787  0.020555999194  0.002524738061  0.005061248204  0.000000000000  0.000000000000  0.015352370412  0.017964401904  0.012730914780  0.000000000000  0.023744383869  0.006586061940  0.010749646103  0.005983253986  
melgal2    0.023417913753  0.020637923729  0.012072434149  0.016260659495  0.078537854628  0.025896937173  0.012782326864  0.015352370412  0.009599897289  0.015352370412  0.000000000000  0.028639509016  0.023193548378  0.008107990756  0.034797343598  0.016657983572  0.016260659495  0.018192178531  
pavo_cristatus 0.026099768140  0.012782326864  0.009022444536  0.016260659495  0.078537854628  0.033978361699  0.015384967044  0.017964401904  0.009599897289  0.017964401904  0.028639509016  0.000000000000  0.020555999194  0.004034910869  0.029258195647  0.013274430928  0.021820266120  0.012044444833  
perdix_dauuricae 0.020688150481  0.012738927885  0.002986524023  0.013459073563  0.078186935149  0.023159883590  0.010164459950  0.012730914780  0.000000000000  0.012730914780  0.023193548378  0.020555999194  0.000000000000  0.004034910869  0.026420888849  0.009917259788  0.018954450462  0.009003184105  
phasianus_colchicus 0.008088483548  0.004034910869  0.000000000000  0.004034910869  0.045980773142  0.020563641161  0.000000000000  0.000000000000  0.000000000000  0.000000000000  0.008107990756  0.004034910869  0.004034910869  0.000000000000  0.020495655022  0.004034910869  0.004034910869  0.008088483548  
rollulus_rouloul 0.032210063889  0.023789402105  0.018702612402  0.024568905399  0.087688618323  0.034631340690  0.021080834139  0.023744383869  0.013230520554  0.023744383869  0.034797343598  0.029258195647  0.026420888849  0.020495655022  0.000000000000  0.026893315808  0.030223235711  0.021854577172  
syrmaticus_ellioti 0.013240583200  0.013274430928  0.006586061940  0.009917259788  0.051253370558  0.026893315808  0.006586061940  0.006586061940  0.003414866365  0.006586061940  0.016657983572  0.013274430928  0.009917259788  0.004034910869  0.026893315808  0.000000000000  0.006586061940  0.013284559963  
syrmaticus_reevesii 0.019143675151  0.016260659495  0.006396483972  0.010771924626  0.073522358893  0.021769343479  0.008053573907  0.010749646103  0.003403244679  0.010749646103  0.016260659495  0.021820266120  0.018954450462  0.004034910869  0.030223235711  0.006586061940  0.000000000000  0.012857516198  
tragopan_blythii 0.012029133449  0.009003184105  0.006001207534  0.009608768482  0.054902572490  0.024377670206  0.005983253986  0.005983253986  0.006384349551  0.005983253986  0.018192178531  0.012044444833  0.009003184105  0.008088483548  0.021854577172  0.013284559963  0.012857516198  0.000000000000  

