18
alectoris_rufa 0.000000000000  0.013223122059  0.012841047794  0.008704963271  0.023335181992  0.026338930330  0.011543904032  0.014477105399  0.011543904032  0.015319981631  0.014477105399  0.012727708018  0.014477105399  0.015257643062  0.017387611718  0.011543904032  0.013008097044  0.014059802186  
catreus_wallichi 0.013223122059  0.000000000000  0.000000000000  0.003165766105  0.029333599558  0.025904906011  0.000000000000  0.003165766105  0.000000000000  0.003165766105  0.003165766105  0.018631394843  0.003165766105  0.000000000000  0.012799953769  0.000000000000  0.000000000000  0.000000000000  
chrysolophus_pictus 0.012841047794  0.000000000000  0.000000000000  0.003206368731  0.032727773353  0.032727773353  0.000000000000  0.003175820050  0.000000000000  0.003379757495  0.003175820050  0.019350547063  0.003175820050  0.000000000000  0.019350547063  0.000000000000  0.000000000000  0.000000000000  
crossoptilon_crossoptilon 0.008704963271  0.003165766105  0.003206368731  0.000000000000  0.031752601154  0.022868154484  0.002802066574  0.005621821839  0.002802066574  0.005886571550  0.005621821839  0.016119720868  0.005621821839  0.000000000000  0.019945512280  0.002802066574  0.003248026393  0.003473679511  
cyrtonyx_montezumae 0.023335181992  0.029333599558  0.032727773353  0.031752601154  0.000000000000  0.045646727502  0.030948262507  0.031479880850  0.030948262507  0.027051645572  0.033870520159  0.041812151554  0.033870520159  0.041905654169  0.034377225035  0.030948262507  0.033162092552  0.035901738206  
galgal4    0.026338930330  0.025904906011  0.032727773353  0.022868154484  0.045646727502  0.000000000000  0.030948262507  0.034454290642  0.030948262507  0.030160338694  0.033870520159  0.035123756124  0.033870520159  0.025619812385  0.037363098714  0.030948262507  0.033162092552  0.028488649116  
lophophorus_impejanus 0.011543904032  0.000000000000  0.000000000000  0.002802066574  0.030948262507  0.030948262507  0.000000000000  0.002778708123  0.000000000000  0.002933588804  0.002733140382  0.018863779668  0.002733140382  0.000000000000  0.016897867304  0.000000000000  0.000000000000  0.000000000000  
lophura_inornata 0.014477105399  0.003165766105  0.003175820050  0.005621821839  0.031479880850  0.034454290642  0.002778708123  0.000000000000  0.002778708123  0.005886571550  0.005574810337  0.022511722722  0.005574810337  0.000000000000  0.019776435670  0.002778708123  0.003216682646  0.003473679511  
lophura_nycthemera 0.011543904032  0.000000000000  0.000000000000  0.002802066574  0.030948262507  0.030948262507  0.000000000000  0.002778708123  0.000000000000  0.002933588804  0.002733140382  0.018863779668  0.002733140382  0.000000000000  0.016897867304  0.000000000000  0.000000000000  0.000000000000  
lophura_swinhoii 0.015319981631  0.003165766105  0.003379757495  0.005886571550  0.027051645572  0.030160338694  0.002933588804  0.005886571550  0.002933588804  0.000000000000  0.005886571550  0.020531609989  0.005886571550  0.005028194897  0.017853306679  0.002933588804  0.003426074929  0.003473679511  
melgal2    0.014477105399  0.003165766105  0.003175820050  0.005621821839  0.033870520159  0.033870520159  0.002733140382  0.005574810337  0.002733140382  0.005886571550  0.000000000000  0.022085483464  0.005483107317  0.000000000000  0.019776435670  0.002733140382  0.003216682646  0.003473679511  
pavo_cristatus 0.012727708018  0.018631394843  0.019350547063  0.016119720868  0.041812151554  0.035123756124  0.018863779668  0.022511722722  0.018863779668  0.020531609989  0.022085483464  0.000000000000  0.022085483464  0.020461579508  0.025763775788  0.018863779668  0.019603475837  0.017645006184  
perdix_dauuricae 0.014477105399  0.003165766105  0.003175820050  0.005621821839  0.033870520159  0.033870520159  0.002733140382  0.005574810337  0.002733140382  0.005886571550  0.005483107317  0.022085483464  0.000000000000  0.000000000000  0.019776435670  0.002733140382  0.003216682646  0.003473679511  
phasianus_colchicus 0.015257643062  0.000000000000  0.000000000000  0.000000000000  0.041905654169  0.025619812385  0.000000000000  0.000000000000  0.000000000000  0.005028194897  0.000000000000  0.020461579508  0.000000000000  0.000000000000  0.020461579508  0.000000000000  0.000000000000  0.000000000000  
rollulus_rouloul 0.017387611718  0.012799953769  0.019350547063  0.019945512280  0.034377225035  0.037363098714  0.016897867304  0.019776435670  0.016897867304  0.017853306679  0.019776435670  0.025763775788  0.019776435670  0.020461579508  0.000000000000  0.016897867304  0.019603475837  0.017594709218  
syrmaticus_ellioti 0.011543904032  0.000000000000  0.000000000000  0.002802066574  0.030948262507  0.030948262507  0.000000000000  0.002778708123  0.000000000000  0.002933588804  0.002733140382  0.018863779668  0.002733140382  0.000000000000  0.016897867304  0.000000000000  0.000000000000  0.000000000000  
syrmaticus_reevesii 0.013008097044  0.000000000000  0.000000000000  0.003248026393  0.033162092552  0.033162092552  0.000000000000  0.003216682646  0.000000000000  0.003426074929  0.003216682646  0.019603475837  0.003216682646  0.000000000000  0.019603475837  0.000000000000  0.000000000000  0.000000000000  
tragopan_blythii 0.014059802186  0.000000000000  0.000000000000  0.003473679511  0.035901738206  0.028488649116  0.000000000000  0.003473679511  0.000000000000  0.003473679511  0.003473679511  0.017645006184  0.003473679511  0.000000000000  0.017594709218  0.000000000000  0.000000000000  0.000000000000  

