18
alectoris_rufa 0.000000000000  0.007729881183  0.011645994579  0.004589905110  0.008138820875  0.007729881183  0.008105833986  0.011645994579  0.008205606732  0.012520963165  0.008205606732  0.007729881183  0.012019287586  0.013357250774  0.024408656878  0.012573443883  0.011645994579  0.009504729694  
catreus_wallichi 0.007729881183  0.000000000000  0.003848081694  0.000000000000  0.000000000000  0.000000000000  0.000000000000  0.003848081694  0.000000000000  0.004134458867  0.000000000000  0.000000000000  0.003970307013  0.004407820256  0.016139637631  0.004151623710  0.003848081694  0.004735831883  
chrysolophus_pictus 0.011645994579  0.003848081694  0.000000000000  0.000000000000  0.004050720584  0.003848081694  0.004034378331  0.000000000000  0.000000000000  0.000000000000  0.000000000000  0.003848081694  0.007976517778  0.000000000000  0.020254854656  0.000000000000  0.000000000000  0.004735831883  
crossoptilon_crossoptilon 0.004589905110  0.000000000000  0.000000000000  0.000000000000  0.000000000000  0.000000000000  0.000000000000  0.000000000000  0.000000000000  0.000000000000  0.000000000000  0.000000000000  0.000000000000  0.000000000000  0.009198714061  0.000000000000  0.000000000000  0.004781117359  
cyrtonyx_montezumae 0.008138820875  0.000000000000  0.004050720584  0.000000000000  0.000000000000  0.000000000000  0.000000000000  0.004050720584  0.000000000000  0.004186384553  0.000000000000  0.000000000000  0.004050720584  0.004407820256  0.008318702919  0.004186384553  0.004050720584  0.004735831883  
galgal4    0.007729881183  0.000000000000  0.003848081694  0.000000000000  0.000000000000  0.000000000000  0.000000000000  0.003848081694  0.000000000000  0.004134458867  0.000000000000  0.000000000000  0.003970307013  0.004407820256  0.016139637631  0.004151623710  0.003848081694  0.004735831883  
lophophorus_impejanus 0.008105833986  0.000000000000  0.004034378331  0.000000000000  0.000000000000  0.000000000000  0.000000000000  0.004034378331  0.000000000000  0.004134458867  0.000000000000  0.000000000000  0.004168931673  0.004407820256  0.016270949135  0.004151623710  0.004034378331  0.004735831883  
lophura_inornata 0.011645994579  0.003848081694  0.000000000000  0.000000000000  0.004050720584  0.003848081694  0.004034378331  0.000000000000  0.000000000000  0.000000000000  0.000000000000  0.003848081694  0.007976517778  0.000000000000  0.020254854656  0.000000000000  0.000000000000  0.004735831883  
lophura_nycthemera 0.008205606732  0.000000000000  0.000000000000  0.000000000000  0.000000000000  0.000000000000  0.000000000000  0.000000000000  0.000000000000  0.000000000000  0.000000000000  0.000000000000  0.004083805526  0.000000000000  0.008531622471  0.000000000000  0.000000000000  0.004735831883  
lophura_swinhoii 0.012520963165  0.004134458867  0.000000000000  0.000000000000  0.004186384553  0.004134458867  0.004134458867  0.000000000000  0.000000000000  0.000000000000  0.000000000000  0.004134458867  0.008377467253  0.000000000000  0.012478259441  0.000000000000  0.000000000000  0.004735831883  
melgal2    0.008205606732  0.000000000000  0.000000000000  0.000000000000  0.000000000000  0.000000000000  0.000000000000  0.000000000000  0.000000000000  0.000000000000  0.000000000000  0.000000000000  0.004083805526  0.000000000000  0.008531622471  0.000000000000  0.000000000000  0.004735831883  
pavo_cristatus 0.007729881183  0.000000000000  0.003848081694  0.000000000000  0.000000000000  0.000000000000  0.000000000000  0.003848081694  0.000000000000  0.004134458867  0.000000000000  0.000000000000  0.003970307013  0.004407820256  0.016139637631  0.004151623710  0.003848081694  0.004735831883  
perdix_dauuricae 0.012019287586  0.003970307013  0.007976517778  0.000000000000  0.004050720584  0.003970307013  0.004168931673  0.007976517778  0.004083805526  0.008377467253  0.004083805526  0.003970307013  0.000000000000  0.008859937387  0.012478259441  0.008377467253  0.007976517778  0.004735831883  
phasianus_colchicus 0.013357250774  0.004407820256  0.000000000000  0.000000000000  0.004407820256  0.004407820256  0.004407820256  0.000000000000  0.000000000000  0.000000000000  0.000000000000  0.004407820256  0.008859937387  0.000000000000  0.013308645136  0.000000000000  0.000000000000  0.004827277270  
rollulus_rouloul 0.024408656878  0.016139637631  0.020254854656  0.009198714061  0.008318702919  0.016139637631  0.016270949135  0.020254854656  0.008531622471  0.012478259441  0.008531622471  0.016139637631  0.012478259441  0.013308645136  0.000000000000  0.012530381042  0.020254854656  0.014305634735  
syrmaticus_ellioti 0.012573443883  0.004151623710  0.000000000000  0.000000000000  0.004186384553  0.004151623710  0.004151623710  0.000000000000  0.000000000000  0.000000000000  0.000000000000  0.004151623710  0.008377467253  0.000000000000  0.012530381042  0.000000000000  0.000000000000  0.004735831883  
syrmaticus_reevesii 0.011645994579  0.003848081694  0.000000000000  0.000000000000  0.004050720584  0.003848081694  0.004034378331  0.000000000000  0.000000000000  0.000000000000  0.000000000000  0.003848081694  0.007976517778  0.000000000000  0.020254854656  0.000000000000  0.000000000000  0.004735831883  
tragopan_blythii 0.009504729694  0.004735831883  0.004735831883  0.004781117359  0.004735831883  0.004735831883  0.004735831883  0.004735831883  0.004735831883  0.004735831883  0.004735831883  0.004735831883  0.004735831883  0.004827277270  0.014305634735  0.004735831883  0.004735831883  0.000000000000  

