18
alectoris_rufa 0.000000000000  0.007410074722  0.004927265894  0.004927265894  0.009905845368  0.007410074722  0.004927265894  0.007465394972  0.007410074722  0.008046055161  0.007410074722  0.009905845368  0.007636425321  0.004927265894  0.022532662612  0.005026331067  0.007451631002  0.009886159065  
catreus_wallichi 0.007410074722  0.000000000000  0.004465232992  0.002232375594  0.011242269879  0.004465232992  0.002227403185  0.004843732907  0.004465232992  0.007877040319  0.004465232992  0.006713587498  0.002404116438  0.002227403185  0.021217826589  0.002272968627  0.004895681861  0.006967074446  
chrysolophus_pictus 0.004927265894  0.004465232992  0.000000000000  0.000000000000  0.011217047703  0.004455285975  0.002222452877  0.002415731864  0.004465232992  0.005236912746  0.004455285975  0.006698596713  0.002404116438  0.002222452877  0.018815081653  0.000000000000  0.002443783701  0.006950931688  
crossoptilon_crossoptilon 0.004927265894  0.002232375594  0.000000000000  0.000000000000  0.008992738745  0.002232375594  0.000000000000  0.002415731864  0.002232375594  0.005236912746  0.002232375594  0.004475224525  0.002404116438  0.000000000000  0.018815081653  0.000000000000  0.002443783701  0.004645508486  
cyrtonyx_montezumae 0.009905845368  0.011242269879  0.011217047703  0.008992738745  0.000000000000  0.011217047703  0.008952483889  0.012202613429  0.011242269879  0.013201443165  0.006698596713  0.013492389788  0.012143338042  0.008952483889  0.018815081653  0.009157444706  0.012327743957  0.014000381765  
galgal4    0.007410074722  0.004465232992  0.004455285975  0.002232375594  0.011217047703  0.000000000000  0.002222452877  0.000000000000  0.000000000000  0.002611285442  0.004455285975  0.002222452877  0.004820384055  0.002222452877  0.016424352606  0.002272968627  0.004895681861  0.002308394279  
lophophorus_impejanus 0.004927265894  0.002227403185  0.002222452877  0.000000000000  0.008952483889  0.002222452877  0.000000000000  0.002415731864  0.002227403185  0.005236912746  0.002222452877  0.004455285975  0.002404116438  0.000000000000  0.018815081653  0.000000000000  0.002443783701  0.004624027436  
lophura_inornata 0.007465394972  0.004843732907  0.002415731864  0.002415731864  0.012202613429  0.000000000000  0.002415731864  0.000000000000  0.000000000000  0.002688510800  0.004843732907  0.002415731864  0.004951664277  0.002415731864  0.014649923559  0.002463338081  0.004895681861  0.002449770421  
lophura_nycthemera 0.007410074722  0.004465232992  0.004465232992  0.002232375594  0.011242269879  0.000000000000  0.002227403185  0.000000000000  0.000000000000  0.002611285442  0.004465232992  0.002227403185  0.004820384055  0.002227403185  0.016424352606  0.002272968627  0.004895681861  0.002313735301  
lophura_swinhoii 0.008046055161  0.007877040319  0.005236912746  0.005236912746  0.013201443165  0.002611285442  0.005236912746  0.002688510800  0.002611285442  0.000000000000  0.007877040319  0.005236912746  0.008313629369  0.005236912746  0.021209745889  0.005348962081  0.008095070250  0.005228441787  
melgal2    0.007410074722  0.004465232992  0.004455285975  0.002232375594  0.006698596713  0.004455285975  0.002222452877  0.004843732907  0.004465232992  0.007877040319  0.000000000000  0.006698596713  0.004820384055  0.002222452877  0.016424352606  0.002272968627  0.004895681861  0.006950931688  
pavo_cristatus 0.009905845368  0.006713587498  0.006698596713  0.004475224525  0.013492389788  0.002222452877  0.004455285975  0.002415731864  0.002227403185  0.005236912746  0.006698596713  0.000000000000  0.007248926309  0.004455285975  0.018815081653  0.004556795870  0.007360220279  0.004624027436  
perdix_dauuricae 0.007636425321  0.002404116438  0.002404116438  0.002404116438  0.012143338042  0.004820384055  0.002404116438  0.004951664277  0.004820384055  0.008313629369  0.004820384055  0.007248926309  0.000000000000  0.002404116438  0.020026470576  0.002451261483  0.005005966687  0.007545340875  
phasianus_colchicus 0.004927265894  0.002227403185  0.002222452877  0.000000000000  0.008952483889  0.002222452877  0.000000000000  0.002415731864  0.002227403185  0.005236912746  0.002222452877  0.004455285975  0.002404116438  0.000000000000  0.018815081653  0.000000000000  0.002443783701  0.004624027436  
rollulus_rouloul 0.022532662612  0.021217826589  0.018815081653  0.018815081653  0.018815081653  0.016424352606  0.018815081653  0.014649923559  0.016424352606  0.021209745889  0.016424352606  0.018815081653  0.020026470576  0.018815081653  0.000000000000  0.019175917002  0.019841842392  0.019105701316  
syrmaticus_ellioti 0.005026331067  0.002272968627  0.000000000000  0.000000000000  0.009157444706  0.002272968627  0.000000000000  0.002463338081  0.002272968627  0.005348962081  0.002272968627  0.004556795870  0.002451261483  0.000000000000  0.019175917002  0.000000000000  0.002492513094  0.004733466300  
syrmaticus_reevesii 0.007451631002  0.004895681861  0.002443783701  0.002443783701  0.012327743957  0.004895681861  0.002443783701  0.004895681861  0.004895681861  0.008095070250  0.004895681861  0.007360220279  0.005005966687  0.002443783701  0.019841842392  0.002492513094  0.000000000000  0.007373785911  
tragopan_blythii 0.009886159065  0.006967074446  0.006950931688  0.004645508486  0.014000381765  0.002308394279  0.004624027436  0.002449770421  0.002313735301  0.005228441787  0.006950931688  0.004624027436  0.007545340875  0.004624027436  0.019105701316  0.004733466300  0.007373785911  0.000000000000  

