18
alectoris_rufa 0.000000000000  0.013287292331  0.013226311080  0.013243297465  0.030261202904  0.023397607957  0.010186966435  0.013243297465  0.013243297465  0.013243297465  0.013274937341  0.026842278316  0.020017533933  0.016617060832  0.030222913961  0.000000000000  0.013696806284  0.009917541702  
catreus_wallichi 0.013287292331  0.000000000000  0.009567273429  0.001879520361  0.017549963334  0.011307005826  0.003154075563  0.003800698726  0.001865495394  0.001865495394  0.013217168743  0.027073179788  0.009494601767  0.005616268208  0.010579466304  0.000000000000  0.002777389992  0.003852824861  
chrysolophus_pictus 0.013226311080  0.009567273429  0.000000000000  0.007627273897  0.023716944914  0.017346985475  0.012681178480  0.007760456138  0.007627273897  0.007627273897  0.015389051171  0.029319242727  0.011499755930  0.011487368503  0.017359389957  0.000000000000  0.011159786217  0.009659692550  
crossoptilon_crossoptilon 0.013243297465  0.001879520361  0.007627273897  0.000000000000  0.015547720636  0.009462586374  0.003144158609  0.001908997857  0.000000000000  0.000000000000  0.011378439953  0.025069704027  0.007569538022  0.003761742948  0.010647052345  0.000000000000  0.000000000000  0.001919199336  
cyrtonyx_montezumae 0.030261202904  0.017549963334  0.023716944914  0.015547720636  0.000000000000  0.023484826159  0.025680682449  0.017528470923  0.015547720636  0.015547720636  0.027515897371  0.031617732839  0.023484826159  0.019518397792  0.021549618449  0.004858290372  0.023086354994  0.017863496557  
galgal4    0.023397607957  0.011307005826  0.017346985475  0.009462586374  0.023484826159  0.000000000000  0.015892854970  0.011487368503  0.009391490138  0.009391490138  0.020885547132  0.031068304335  0.017181389923  0.013202510063  0.010557127905  0.004858290372  0.014029593803  0.011613413976  
lophophorus_impejanus 0.010186966435  0.003154075563  0.012681178480  0.003144158609  0.025680682449  0.015892854970  0.000000000000  0.003144158609  0.003144158609  0.003144158609  0.012696783484  0.039167270774  0.009488911518  0.006304819887  0.019884836974  0.000000000000  0.003164055274  0.000000000000  
lophura_inornata 0.013243297465  0.003800698726  0.007760456138  0.001908997857  0.017528470923  0.011487368503  0.003144158609  0.000000000000  0.001894531210  0.001894531210  0.013430503129  0.027539164926  0.009645127368  0.005708848502  0.010557127905  0.000000000000  0.002818214096  0.003912217903  
lophura_nycthemera 0.013243297465  0.001865495394  0.007627273897  0.000000000000  0.015547720636  0.009391490138  0.003144158609  0.001894531210  0.000000000000  0.000000000000  0.011292773372  0.025069704027  0.007569538022  0.003733652686  0.010557127905  0.000000000000  0.000000000000  0.001919199336  
lophura_swinhoii 0.013243297465  0.001865495394  0.007627273897  0.000000000000  0.015547720636  0.009391490138  0.003144158609  0.001894531210  0.000000000000  0.000000000000  0.011292773372  0.025069704027  0.007569538022  0.003733652686  0.010557127905  0.000000000000  0.000000000000  0.001919199336  
melgal2    0.013274937341  0.013217168743  0.015389051171  0.011378439953  0.027515897371  0.020885547132  0.012696783484  0.013430503129  0.011292773372  0.011292773372  0.000000000000  0.032992144740  0.015265050652  0.015120775719  0.019156385040  0.004858290372  0.016887062157  0.009672870460  
pavo_cristatus 0.026842278316  0.027073179788  0.029319242727  0.025069704027  0.031617732839  0.031068304335  0.039167270774  0.027539164926  0.025069704027  0.025069704027  0.032992144740  0.000000000000  0.033056326694  0.029059448198  0.023778086721  0.000000000000  0.037519946804  0.027607218011  
perdix_dauuricae 0.020017533933  0.009494601767  0.011499755930  0.007569538022  0.023484826159  0.017181389923  0.009488911518  0.009645127368  0.007569538022  0.007569538022  0.015265050652  0.033056326694  0.000000000000  0.011400060076  0.019353251155  0.009745843219  0.011191009630  0.005778539161  
phasianus_colchicus 0.016617060832  0.005616268208  0.011487368503  0.003761742948  0.019518397792  0.013202510063  0.006304819887  0.005708848502  0.003733652686  0.003733652686  0.015120775719  0.029059448198  0.011400060076  0.000000000000  0.014842750713  0.000000000000  0.002771352345  0.005778539161  
rollulus_rouloul 0.030222913961  0.010579466304  0.017359389957  0.010647052345  0.021549618449  0.010557127905  0.019884836974  0.010557127905  0.010557127905  0.010557127905  0.019156385040  0.023778086721  0.019353251155  0.014842750713  0.000000000000  0.004858290372  0.016633077248  0.013107655677  
syrmaticus_ellioti 0.000000000000  0.000000000000  0.000000000000  0.000000000000  0.004858290372  0.004858290372  0.000000000000  0.000000000000  0.000000000000  0.000000000000  0.004858290372  0.000000000000  0.009745843219  0.000000000000  0.004858290372  0.000000000000  0.000000000000  0.000000000000  
syrmaticus_reevesii 0.013696806284  0.002777389992  0.011159786217  0.000000000000  0.023086354994  0.014029593803  0.003164055274  0.002818214096  0.000000000000  0.000000000000  0.016887062157  0.037519946804  0.011191009630  0.002771352345  0.016633077248  0.000000000000  0.000000000000  0.002777389992  
tragopan_blythii 0.009917541702  0.003852824861  0.009659692550  0.001919199336  0.017863496557  0.011613413976  0.000000000000  0.003912217903  0.001919199336  0.001919199336  0.009672870460  0.027607218011  0.005778539161  0.005778539161  0.013107655677  0.000000000000  0.002777389992  0.000000000000  

