18
alectoris_rufa 0.000000000000  0.009881966870  0.009881966870  0.007396453693  0.017322226738  0.009862880512  0.009883371741  0.007396453693  0.007396453693  0.008886286685  0.007400741815  0.002445625905  0.009883371741  0.007396453693  0.008056563672  0.005385577057  0.000000000000  0.003449550153  
catreus_wallichi 0.009881966870  0.000000000000  0.006967021868  0.004736585653  0.014027754973  0.014016257671  0.007003321707  0.002314153757  0.002314153757  0.002922923777  0.009351897360  0.014016338010  0.009317193177  0.002314153757  0.010381187069  0.002687281544  0.000000000000  0.003473514395  
chrysolophus_pictus 0.009881966870  0.006967021868  0.000000000000  0.004736585653  0.016406046882  0.016389342535  0.009360802678  0.004636470499  0.004636470499  0.002922923777  0.006999532803  0.016379076887  0.011675849888  0.004636470499  0.010401493647  0.000000000000  0.000000000000  0.003473514395  
crossoptilon_crossoptilon 0.007396453693  0.004736585653  0.004736585653  0.000000000000  0.014329285005  0.014317284287  0.007153621335  0.002363376808  0.002363376808  0.000000000000  0.007149667395  0.014317368561  0.004735268210  0.002363376808  0.005285938966  0.000000000000  0.000000000000  0.003473514395  
cyrtonyx_montezumae 0.017322226738  0.014027754973  0.016406046882  0.014329285005  0.000000000000  0.023473507126  0.016430395838  0.011675849888  0.011675849888  0.011788613583  0.018796913492  0.018666699661  0.018826547906  0.011675849888  0.012972020874  0.010830957093  0.005157505695  0.006925617583  
galgal4    0.009862880512  0.014016257671  0.016389342535  0.014317284287  0.023473507126  0.000000000000  0.016406046882  0.011661906183  0.011661906183  0.014760492128  0.018774946953  0.013962463733  0.018796913492  0.011661906183  0.015578837223  0.008100070358  0.005157505695  0.006925617583  
lophophorus_impejanus 0.009883371741  0.007003321707  0.009360802678  0.007153621335  0.016430395838  0.016406046882  0.000000000000  0.004664344954  0.004664344954  0.002942101688  0.011675849888  0.016380334823  0.011752333023  0.004664344954  0.010401493647  0.000000000000  0.000000000000  0.003473514395  
lophura_inornata 0.007396453693  0.002314153757  0.004636470499  0.002363376808  0.011675849888  0.011661906183  0.004664344954  0.000000000000  0.000000000000  0.000000000000  0.007003321707  0.011656868589  0.006982032731  0.000000000000  0.007778603876  0.000000000000  0.000000000000  0.003473514395  
lophura_nycthemera 0.007396453693  0.002314153757  0.004636470499  0.002363376808  0.011675849888  0.011661906183  0.004664344954  0.000000000000  0.000000000000  0.000000000000  0.007003321707  0.011656868589  0.006982032731  0.000000000000  0.007778603876  0.000000000000  0.000000000000  0.003473514395  
lophura_swinhoii 0.008886286685  0.002922923777  0.002922923777  0.000000000000  0.011788613583  0.014760492128  0.002942101688  0.000000000000  0.000000000000  0.000000000000  0.005893411685  0.005860904101  0.000000000000  0.000000000000  0.003290632588  0.000000000000  0.000000000000  0.004168532455  
melgal2    0.007400741815  0.009351897360  0.006999532803  0.007149667395  0.018796913492  0.018774946953  0.011675849888  0.007003321707  0.007003321707  0.005893411685  0.000000000000  0.018754226106  0.014112959876  0.007003321707  0.015660167049  0.005414738754  0.000000000000  0.003473514395  
pavo_cristatus 0.002445625905  0.014016338010  0.016379076887  0.014317368561  0.018666699661  0.013962463733  0.016380334823  0.011656868589  0.011656868589  0.005860904101  0.018754226106  0.000000000000  0.018760700161  0.011656868589  0.010327578844  0.002687281544  0.000000000000  0.003449550153  
perdix_dauuricae 0.009883371741  0.009317193177  0.011675849888  0.004735268210  0.018826547906  0.018796913492  0.011752333023  0.006982032731  0.006982032731  0.000000000000  0.014112959876  0.018760700161  0.000000000000  0.006982032731  0.015693360449  0.000000000000  0.000000000000  0.006973917217  
phasianus_colchicus 0.007396453693  0.002314153757  0.004636470499  0.002363376808  0.011675849888  0.011661906183  0.004664344954  0.000000000000  0.000000000000  0.000000000000  0.007003321707  0.011656868589  0.006982032731  0.000000000000  0.007778603876  0.000000000000  0.000000000000  0.003473514395  
rollulus_rouloul 0.008056563672  0.010381187069  0.010401493647  0.005285938966  0.012972020874  0.015578837223  0.010401493647  0.007778603876  0.007778603876  0.003290632588  0.015660167049  0.010327578844  0.015693360449  0.007778603876  0.000000000000  0.002882732439  0.000000000000  0.003449550153  
syrmaticus_ellioti 0.005385577057  0.002687281544  0.000000000000  0.000000000000  0.010830957093  0.008100070358  0.000000000000  0.000000000000  0.000000000000  0.000000000000  0.005414738754  0.002687281544  0.000000000000  0.000000000000  0.002882732439  0.000000000000  0.000000000000  0.003534907462  
syrmaticus_reevesii 0.000000000000  0.000000000000  0.000000000000  0.000000000000  0.005157505695  0.005157505695  0.000000000000  0.000000000000  0.000000000000  0.000000000000  0.000000000000  0.000000000000  0.000000000000  0.000000000000  0.000000000000  0.000000000000  0.000000000000  0.005157505695  
tragopan_blythii 0.003449550153  0.003473514395  0.003473514395  0.003473514395  0.006925617583  0.006925617583  0.003473514395  0.003473514395  0.003473514395  0.004168532455  0.003473514395  0.003449550153  0.006973917217  0.003473514395  0.003449550153  0.003534907462  0.005157505695  0.000000000000  

