18
alectoris_rufa 0.000000000000  0.000000000000  0.028186871689  0.000000000000  0.003862570501  0.003862570501  0.000000000000  0.000000000000  0.003907853862  0.000000000000  0.000000000000  0.011640777287  0.003985732658  0.000000000000  0.003985732658  0.000000000000  0.000000000000  0.007829889200  
catreus_wallichi 0.000000000000  0.000000000000  0.018704422132  0.000000000000  0.003877547894  0.000000000000  0.000000000000  0.000000000000  0.003877547894  0.000000000000  0.000000000000  0.019595381131  0.003985732658  0.000000000000  0.003985732658  0.000000000000  0.000000000000  0.007769057513  
chrysolophus_pictus 0.028186871689  0.018704422132  0.000000000000  0.004735768198  0.032286092911  0.022842784853  0.041930405807  0.037255361174  0.023486677483  0.027924443056  0.032286092911  0.061296506382  0.014442996285  0.027924443056  0.009595517006  0.004898144789  0.018704422132  0.023486677483  
crossoptilon_crossoptilon 0.000000000000  0.000000000000  0.004735768198  0.000000000000  0.004527044268  0.000000000000  0.000000000000  0.000000000000  0.004527044268  0.000000000000  0.000000000000  0.022919077094  0.000000000000  0.000000000000  0.004568407380  0.000000000000  0.000000000000  0.004527044268  
cyrtonyx_montezumae 0.003862570501  0.003877547894  0.032286092911  0.004527044268  0.000000000000  0.007610730641  0.015351482702  0.011508559541  0.007788564929  0.003832960166  0.007610730641  0.030970159460  0.003985732658  0.003832960166  0.008006836639  0.000000000000  0.003877547894  0.011698318029  
galgal4    0.003862570501  0.000000000000  0.022842784853  0.000000000000  0.007610730641  0.000000000000  0.015351482702  0.011508559541  0.003877547894  0.003832960166  0.007610730641  0.030970159460  0.003985732658  0.003832960166  0.003985732658  0.000000000000  0.000000000000  0.007769057513  
lophophorus_impejanus 0.000000000000  0.000000000000  0.041930405807  0.000000000000  0.015351482702  0.015351482702  0.000000000000  0.000000000000  0.003877547894  0.000000000000  0.007610730641  0.023052637265  0.003985732658  0.007698620927  0.003985732658  0.000000000000  0.000000000000  0.007769057513  
lophura_inornata 0.000000000000  0.000000000000  0.037255361174  0.000000000000  0.011508559541  0.011508559541  0.000000000000  0.000000000000  0.003877547894  0.000000000000  0.003803800362  0.019218754157  0.003985732658  0.007698620927  0.003985732658  0.000000000000  0.000000000000  0.007769057513  
lophura_nycthemera 0.003907853862  0.003877547894  0.023486677483  0.004527044268  0.007788564929  0.003877547894  0.003877547894  0.003877547894  0.000000000000  0.003877547894  0.003877547894  0.023596669095  0.008006836639  0.003907853862  0.008006836639  0.004833379938  0.003877547894  0.011698318029  
lophura_swinhoii 0.000000000000  0.000000000000  0.027924443056  0.000000000000  0.003832960166  0.003832960166  0.000000000000  0.000000000000  0.003877547894  0.000000000000  0.000000000000  0.019367654034  0.003985732658  0.000000000000  0.003985732658  0.000000000000  0.000000000000  0.007769057513  
melgal2    0.000000000000  0.000000000000  0.032286092911  0.000000000000  0.007610730641  0.007610730641  0.007610730641  0.003803800362  0.003877547894  0.000000000000  0.000000000000  0.023052637265  0.003985732658  0.003832960166  0.003985732658  0.000000000000  0.000000000000  0.007769057513  
pavo_cristatus 0.011640777287  0.019595381131  0.061296506382  0.022919077094  0.030970159460  0.030970159460  0.023052637265  0.019218754157  0.023596669095  0.019367654034  0.023052637265  0.000000000000  0.012026610908  0.019387956388  0.016073582942  0.009688484962  0.019595381131  0.027603834045  
perdix_dauuricae 0.003985732658  0.003985732658  0.014442996285  0.000000000000  0.003985732658  0.003985732658  0.003985732658  0.003985732658  0.008006836639  0.003985732658  0.003985732658  0.012026610908  0.000000000000  0.003985732658  0.004050306842  0.000000000000  0.003985732658  0.012026610908  
phasianus_colchicus 0.000000000000  0.000000000000  0.027924443056  0.000000000000  0.003832960166  0.003832960166  0.007698620927  0.007698620927  0.003907853862  0.000000000000  0.003832960166  0.019387956388  0.003985732658  0.000000000000  0.003985732658  0.000000000000  0.000000000000  0.007829889200  
rollulus_rouloul 0.003985732658  0.003985732658  0.009595517006  0.004568407380  0.008006836639  0.003985732658  0.003985732658  0.003985732658  0.008006836639  0.003985732658  0.003985732658  0.016073582942  0.004050306842  0.003985732658  0.000000000000  0.000000000000  0.003985732658  0.012026610908  
syrmaticus_ellioti 0.000000000000  0.000000000000  0.004898144789  0.000000000000  0.000000000000  0.000000000000  0.000000000000  0.000000000000  0.004833379938  0.000000000000  0.000000000000  0.009688484962  0.000000000000  0.000000000000  0.000000000000  0.000000000000  0.000000000000  0.004833379938  
syrmaticus_reevesii 0.000000000000  0.000000000000  0.018704422132  0.000000000000  0.003877547894  0.000000000000  0.000000000000  0.000000000000  0.003877547894  0.000000000000  0.000000000000  0.019595381131  0.003985732658  0.000000000000  0.003985732658  0.000000000000  0.000000000000  0.007769057513  
tragopan_blythii 0.007829889200  0.007769057513  0.023486677483  0.004527044268  0.011698318029  0.007769057513  0.007769057513  0.007769057513  0.011698318029  0.007769057513  0.007769057513  0.027603834045  0.012026610908  0.007829889200  0.012026610908  0.004833379938  0.007769057513  0.000000000000  

