18
alectoris_rufa 0.000000000000  0.000000000000  0.000000000000  0.004528054202  0.003280345202  0.000000000000  0.003280345202  0.000000000000  0.000000000000  0.000000000000  0.000000000000  0.000000000000  0.000000000000  0.000000000000  0.009893472303  0.000000000000  0.000000000000  0.000000000000  
catreus_wallichi 0.000000000000  0.000000000000  0.002474725177  0.004528054202  0.007681827923  0.000000000000  0.004858017945  0.002482336200  0.000000000000  0.000000000000  0.002422208677  0.004942048805  0.005093071742  0.000000000000  0.014930547791  0.000000000000  0.000000000000  0.005093071742  
chrysolophus_pictus 0.000000000000  0.002474725177  0.000000000000  0.004528054202  0.007863040338  0.002474725177  0.007458369418  0.002539061599  0.002474725177  0.000000000000  0.004959390751  0.007458369418  0.005093071742  0.000000000000  0.017572512038  0.000000000000  0.000000000000  0.005093071742  
crossoptilon_crossoptilon 0.004528054202  0.004528054202  0.004528054202  0.000000000000  0.000000000000  0.004528054202  0.004528054202  0.004528054202  0.004528054202  0.007701549098  0.004528054202  0.004528054202  0.004528054202  0.004528054202  0.004528054202  0.005239851649  0.004765415107  0.004548650928  
cyrtonyx_montezumae 0.003280345202  0.007681827923  0.007863040338  0.000000000000  0.000000000000  0.007681827923  0.007681827923  0.010272966167  0.007681827923  0.010361674625  0.005106074695  0.007822035899  0.013185379416  0.003438246905  0.010413156494  0.008783986359  0.003040936435  0.007904476959  
galgal4    0.000000000000  0.000000000000  0.002474725177  0.004528054202  0.007681827923  0.000000000000  0.004846246247  0.002482336200  0.000000000000  0.000000000000  0.002422208677  0.004942048805  0.005093071742  0.000000000000  0.014930547791  0.000000000000  0.000000000000  0.005093071742  
lophophorus_impejanus 0.003280345202  0.004858017945  0.007458369418  0.004528054202  0.007681827923  0.004846246247  0.000000000000  0.007490032565  0.004858017945  0.006651391848  0.002422208677  0.004942048805  0.010246649070  0.000000000000  0.014930547791  0.005670705309  0.003040936435  0.005093071742  
lophura_inornata 0.000000000000  0.002482336200  0.002539061599  0.004528054202  0.010272966167  0.002482336200  0.007490032565  0.000000000000  0.002482336200  0.003312948200  0.004978958591  0.007623265788  0.007662207492  0.000000000000  0.015311601013  0.002826086855  0.000000000000  0.007701549098  
lophura_nycthemera 0.000000000000  0.000000000000  0.002474725177  0.004528054202  0.007681827923  0.000000000000  0.004858017945  0.002482336200  0.000000000000  0.000000000000  0.002422208677  0.004942048805  0.005093071742  0.000000000000  0.014930547791  0.000000000000  0.000000000000  0.005093071742  
lophura_swinhoii 0.000000000000  0.000000000000  0.000000000000  0.007701549098  0.010361674625  0.000000000000  0.006651391848  0.003312948200  0.000000000000  0.000000000000  0.003312948200  0.006651391848  0.006651391848  0.000000000000  0.013372335176  0.000000000000  0.000000000000  0.006651391848  
melgal2    0.000000000000  0.002422208677  0.004959390751  0.004528054202  0.005106074695  0.002422208677  0.002422208677  0.004978958591  0.002422208677  0.003312948200  0.000000000000  0.002463986819  0.007662207492  0.000000000000  0.012406875602  0.002826086855  0.000000000000  0.002539061599  
pavo_cristatus 0.000000000000  0.004942048805  0.007458369418  0.004528054202  0.007822035899  0.004942048805  0.004942048805  0.007623265788  0.004942048805  0.006651391848  0.002463986819  0.000000000000  0.010246649070  0.000000000000  0.014967797426  0.005670705309  0.000000000000  0.005093071742  
perdix_dauuricae 0.000000000000  0.005093071742  0.005093071742  0.004528054202  0.013185379416  0.005093071742  0.010246649070  0.007662207492  0.005093071742  0.006651391848  0.007662207492  0.010246649070  0.000000000000  0.000000000000  0.018054805656  0.005670705309  0.003040936435  0.005119144212  
phasianus_colchicus 0.000000000000  0.000000000000  0.000000000000  0.004528054202  0.003438246905  0.000000000000  0.000000000000  0.000000000000  0.000000000000  0.000000000000  0.000000000000  0.000000000000  0.000000000000  0.000000000000  0.010592115532  0.000000000000  0.000000000000  0.000000000000  
rollulus_rouloul 0.009893472303  0.014930547791  0.017572512038  0.004528054202  0.010413156494  0.014930547791  0.014930547791  0.015311601013  0.014930547791  0.013372335176  0.012406875602  0.014967797426  0.018054805656  0.010592115532  0.000000000000  0.011391857765  0.009167836355  0.015429739417  
syrmaticus_ellioti 0.000000000000  0.000000000000  0.000000000000  0.005239851649  0.008783986359  0.000000000000  0.005670705309  0.002826086855  0.000000000000  0.000000000000  0.002826086855  0.005670705309  0.005670705309  0.000000000000  0.011391857765  0.000000000000  0.000000000000  0.005670705309  
syrmaticus_reevesii 0.000000000000  0.000000000000  0.000000000000  0.004765415107  0.003040936435  0.000000000000  0.003040936435  0.000000000000  0.000000000000  0.000000000000  0.000000000000  0.000000000000  0.003040936435  0.000000000000  0.009167836355  0.000000000000  0.000000000000  0.000000000000  
tragopan_blythii 0.000000000000  0.005093071742  0.005093071742  0.004548650928  0.007904476959  0.005093071742  0.005093071742  0.007701549098  0.005093071742  0.006651391848  0.002539061599  0.005093071742  0.005119144212  0.000000000000  0.015429739417  0.005670705309  0.000000000000  0.000000000000  

