18
alectoris_rufa 0.000000000000  0.005004044082  0.005132460862  0.005004044082  0.005004044082  0.000000000000  0.000000000000  0.000000000000  0.000000000000  0.000000000000  0.005004044082  0.005029210758  0.000000000000  0.005004044082  0.004998028328  0.000000000000  0.005029210758  0.000000000000  
catreus_wallichi 0.005004044082  0.000000000000  0.013498088904  0.009247959807  0.029703648779  0.019645678399  0.013024896663  0.003313023120  0.003819142252  0.003548124744  0.013024896663  0.016420789575  0.009893960847  0.007568165910  0.019614056923  0.004811429175  0.009844745669  0.006796589480  
chrysolophus_pictus 0.005132460862  0.013498088904  0.000000000000  0.004834691191  0.027288375722  0.020351914575  0.013463321669  0.010083753154  0.011560413450  0.003548124744  0.016893864213  0.016951144844  0.013463321669  0.003924048451  0.016863897091  0.004811429175  0.005158939230  0.006796589480  
crossoptilon_crossoptilon 0.005004044082  0.009247959807  0.004834691191  0.000000000000  0.013939798043  0.004569578553  0.013875320755  0.000000000000  0.000000000000  0.000000000000  0.013811437227  0.009360104357  0.004720577356  0.000000000000  0.013795914509  0.000000000000  0.004852509101  0.000000000000  
cyrtonyx_montezumae 0.005004044082  0.029703648779  0.027288375722  0.013939798043  0.000000000000  0.016313627649  0.026343427295  0.016750893095  0.019343292002  0.014310124295  0.022969756428  0.013092274372  0.019948502616  0.023008825406  0.022951094831  0.019463126533  0.019849500098  0.013693792657  
galgal4    0.000000000000  0.019645678399  0.020351914575  0.004569578553  0.016313627649  0.000000000000  0.016288414192  0.009992832858  0.011528989772  0.010706086268  0.012940616197  0.009819689894  0.013222111053  0.015145723320  0.012923074229  0.014548238434  0.009743566435  0.006810246728  
lophophorus_impejanus 0.000000000000  0.013024896663  0.013463321669  0.013875320755  0.026343427295  0.016288414192  0.000000000000  0.003310386314  0.003815638232  0.003545100411  0.009724197208  0.009797026267  0.006575560524  0.015179030376  0.012962118090  0.004805867649  0.014745275044  0.003391680528  
lophura_inornata 0.000000000000  0.003313023120  0.010083753154  0.000000000000  0.016750893095  0.009992832858  0.003310386314  0.000000000000  0.000000000000  0.000000000000  0.006638666544  0.006660776143  0.003310386314  0.000000000000  0.006641064712  0.000000000000  0.000000000000  0.003388917024  
lophura_nycthemera 0.000000000000  0.003819142252  0.011560413450  0.000000000000  0.019343292002  0.011528989772  0.003815638232  0.000000000000  0.000000000000  0.000000000000  0.007655069519  0.007684482609  0.003815638232  0.000000000000  0.007658265397  0.000000000000  0.000000000000  0.003844980507  
lophura_swinhoii 0.000000000000  0.003548124744  0.003548124744  0.000000000000  0.014310124295  0.010706086268  0.003545100411  0.000000000000  0.000000000000  0.000000000000  0.007110730206  0.007136102001  0.003545100411  0.000000000000  0.007113484426  0.000000000000  0.000000000000  0.003545100411  
melgal2    0.005004044082  0.013024896663  0.016893864213  0.013811437227  0.022969756428  0.012940616197  0.009724197208  0.006638666544  0.007655069519  0.007110730206  0.000000000000  0.009797026267  0.009886031424  0.015121643855  0.012920247924  0.009649543092  0.019654414434  0.003391680528  
pavo_cristatus 0.005029210758  0.016420789575  0.016951144844  0.009360104357  0.013092274372  0.009819689894  0.009797026267  0.006660776143  0.007684482609  0.007136102001  0.009797026267  0.000000000000  0.009918717772  0.011484851545  0.006509031174  0.009696326832  0.009966498215  0.003403223233  
perdix_dauuricae 0.000000000000  0.009893960847  0.013463321669  0.004720577356  0.019948502616  0.013222111053  0.006575560524  0.003310386314  0.003815638232  0.003545100411  0.009886031424  0.009918717772  0.000000000000  0.003848538679  0.009893446737  0.000000000000  0.005029210758  0.006799103978  
phasianus_colchicus 0.005004044082  0.007568165910  0.003924048451  0.000000000000  0.023008825406  0.015145723320  0.015179030376  0.000000000000  0.000000000000  0.000000000000  0.015121643855  0.011484851545  0.003848538679  0.000000000000  0.015117762146  0.000000000000  0.004852509101  0.003967005700  
rollulus_rouloul 0.004998028328  0.019614056923  0.016863897091  0.013795914509  0.022951094831  0.012923074229  0.012962118090  0.006641064712  0.007658265397  0.007113484426  0.012920247924  0.006509031174  0.009893446737  0.015117762146  0.000000000000  0.009654643659  0.009743566435  0.003388917024  
syrmaticus_ellioti 0.000000000000  0.004811429175  0.004811429175  0.000000000000  0.019463126533  0.014548238434  0.004805867649  0.000000000000  0.000000000000  0.000000000000  0.009649543092  0.009696326832  0.000000000000  0.000000000000  0.009654643659  0.000000000000  0.000000000000  0.004805867649  
syrmaticus_reevesii 0.005029210758  0.009844745669  0.005158939230  0.004852509101  0.019849500098  0.009743566435  0.014745275044  0.000000000000  0.000000000000  0.000000000000  0.019654414434  0.009966498215  0.005029210758  0.004852509101  0.009743566435  0.000000000000  0.000000000000  0.000000000000  
tragopan_blythii 0.000000000000  0.006796589480  0.006796589480  0.000000000000  0.013693792657  0.006810246728  0.003391680528  0.003388917024  0.003844980507  0.003545100411  0.003391680528  0.003403223233  0.006799103978  0.003967005700  0.003388917024  0.004805867649  0.000000000000  0.000000000000  

