18
alectoris_rufa 0.000000000000  0.000000000000  0.000000000000  0.000000000000  0.003705835038  0.000000000000  0.000000000000  0.003705835038  0.000000000000  0.000000000000  0.000000000000  0.000000000000  0.000000000000  0.000000000000  0.000000000000  0.000000000000  0.000000000000  0.000000000000  
catreus_wallichi 0.000000000000  0.000000000000  0.000000000000  0.004517847319  0.012590976140  0.006809978673  0.002258124611  0.002299668205  0.000000000000  0.000000000000  0.006809978673  0.004590434067  0.000000000000  0.000000000000  0.009275673693  0.000000000000  0.000000000000  0.005093099318  
chrysolophus_pictus 0.000000000000  0.000000000000  0.000000000000  0.004517847319  0.012281680779  0.006658820872  0.002208259255  0.002299668205  0.000000000000  0.000000000000  0.006658820872  0.004487436714  0.000000000000  0.000000000000  0.009065446907  0.000000000000  0.000000000000  0.005093099318  
crossoptilon_crossoptilon 0.000000000000  0.004517847319  0.004517847319  0.000000000000  0.015152668619  0.011410146029  0.006809978673  0.006935937544  0.004517847319  0.004517847319  0.011410146029  0.009230008302  0.004600994447  0.004517847319  0.013986904500  0.000000000000  0.000000000000  0.005093099318  
cyrtonyx_montezumae 0.003705835038  0.012590976140  0.012281680779  0.015152668619  0.000000000000  0.012281680779  0.009798283750  0.015152668619  0.012281680779  0.012281680779  0.009798283750  0.007346984379  0.012686825827  0.012281680779  0.009798283750  0.013509569943  0.002933884409  0.007646614104  
galgal4    0.000000000000  0.006809978673  0.006658820872  0.011410146029  0.012281680779  0.000000000000  0.008901357895  0.009294350953  0.006658820872  0.006658820872  0.008901357895  0.006763915611  0.004611603528  0.006658820872  0.015879299127  0.002674904142  0.000000000000  0.002539068439  
lophophorus_impejanus 0.000000000000  0.002258124611  0.002208259255  0.006809978673  0.009798283750  0.008901357895  0.000000000000  0.004622261648  0.002208259255  0.002208259255  0.004427827403  0.002242930129  0.002299668205  0.002208259255  0.006782246000  0.002674904142  0.000000000000  0.002539068439  
lophura_inornata 0.003705835038  0.002299668205  0.002299668205  0.006935937544  0.015152668619  0.009294350953  0.004622261648  0.000000000000  0.002299668205  0.002299668205  0.009294350953  0.006952010792  0.002315643881  0.002299668205  0.011624887663  0.002667768095  0.002925301878  0.007662270028  
lophura_nycthemera 0.000000000000  0.000000000000  0.000000000000  0.004517847319  0.012281680779  0.006658820872  0.002208259255  0.002299668205  0.000000000000  0.000000000000  0.006658820872  0.004487436714  0.000000000000  0.000000000000  0.009065446907  0.000000000000  0.000000000000  0.005093099318  
lophura_swinhoii 0.000000000000  0.000000000000  0.000000000000  0.004517847319  0.012281680779  0.006658820872  0.002208259255  0.002299668205  0.000000000000  0.000000000000  0.006658820872  0.004487436714  0.000000000000  0.000000000000  0.009065446907  0.000000000000  0.000000000000  0.005093099318  
melgal2    0.000000000000  0.006809978673  0.006658820872  0.011410146029  0.009798283750  0.008901357895  0.004427827403  0.009294350953  0.006658820872  0.006658820872  0.000000000000  0.002242930129  0.006935937544  0.006658820872  0.011360739415  0.008074754338  0.000000000000  0.002539068439  
pavo_cristatus 0.000000000000  0.004590434067  0.004487436714  0.009230008302  0.007346984379  0.006763915611  0.002242930129  0.006952010792  0.004487436714  0.004487436714  0.002242930129  0.000000000000  0.004611603528  0.004487436714  0.009086039780  0.005352058838  0.000000000000  0.000000000000  
perdix_dauuricae 0.000000000000  0.000000000000  0.000000000000  0.004600994447  0.012686825827  0.004611603528  0.002299668205  0.002315643881  0.000000000000  0.000000000000  0.006935937544  0.004611603528  0.000000000000  0.000000000000  0.009340656414  0.000000000000  0.000000000000  0.005093099318  
phasianus_colchicus 0.000000000000  0.000000000000  0.000000000000  0.004517847319  0.012281680779  0.006658820872  0.002208259255  0.002299668205  0.000000000000  0.000000000000  0.006658820872  0.004487436714  0.000000000000  0.000000000000  0.009065446907  0.000000000000  0.000000000000  0.005093099318  
rollulus_rouloul 0.000000000000  0.009275673693  0.009065446907  0.013986904500  0.009798283750  0.015879299127  0.006782246000  0.011624887663  0.009065446907  0.009065446907  0.011360739415  0.009086039780  0.009340656414  0.009065446907  0.000000000000  0.008074754338  0.000000000000  0.007662270028  
syrmaticus_ellioti 0.000000000000  0.000000000000  0.000000000000  0.000000000000  0.013509569943  0.002674904142  0.002674904142  0.002667768095  0.000000000000  0.000000000000  0.008074754338  0.005352058838  0.000000000000  0.000000000000  0.008074754338  0.000000000000  0.000000000000  0.005395373931  
syrmaticus_reevesii 0.000000000000  0.000000000000  0.000000000000  0.000000000000  0.002933884409  0.000000000000  0.000000000000  0.002925301878  0.000000000000  0.000000000000  0.000000000000  0.000000000000  0.000000000000  0.000000000000  0.000000000000  0.000000000000  0.000000000000  0.000000000000  
tragopan_blythii 0.000000000000  0.005093099318  0.005093099318  0.005093099318  0.007646614104  0.002539068439  0.002539068439  0.007662270028  0.005093099318  0.005093099318  0.002539068439  0.000000000000  0.005093099318  0.005093099318  0.007662270028  0.005395373931  0.000000000000  0.000000000000  

