18
alectoris_rufa 0.000000000000  0.047762368797  0.047464629544  0.053965831415  0.057081138047  0.061988160762  0.034349245605  0.048423796337  0.053011130077  0.025089680474  0.040485253278  0.026663828551  0.054677616797  0.054667860779  0.063405087500  0.034797682677  0.047599828171  0.053579849155  
catreus_wallichi 0.047762368797  0.000000000000  0.009823227799  0.000000000000  0.053097359821  0.080871547478  0.008411384819  0.003312480361  0.006761912009  0.004100238385  0.009847117114  0.044178234297  0.024613331684  0.013143185706  0.067275029539  0.008482738488  0.006540767519  0.020812494283  
chrysolophus_pictus 0.047464629544  0.009823227799  0.000000000000  0.010295191616  0.056773199220  0.080365561201  0.008376156263  0.006613907568  0.010121514592  0.004100238385  0.013100138789  0.047464629544  0.028667104546  0.016403895685  0.066897898411  0.008482738488  0.009791166580  0.024218028714  
crossoptilon_crossoptilon 0.053965831415  0.000000000000  0.010295191616  0.000000000000  0.054547018099  0.081021706116  0.008446910965  0.003414268098  0.006854614372  0.004368946174  0.010321440260  0.046386989932  0.024613331684  0.013776981849  0.070789826286  0.008482738488  0.006854614372  0.020884951875  
cyrtonyx_montezumae 0.057081138047  0.053097359821  0.056773199220  0.054547018099  0.000000000000  0.053045096007  0.029824485119  0.048911967038  0.053503616997  0.030210749977  0.041047035383  0.041149525654  0.054536839009  0.053045096007  0.064602998893  0.034688867735  0.048911967038  0.062401832547  
galgal4    0.061988160762  0.080871547478  0.080365561201  0.081021706116  0.053045096007  0.000000000000  0.029824485119  0.078136987260  0.079553139738  0.033666585220  0.069232208409  0.040374781514  0.063512185043  0.080826954671  0.063135795040  0.034688867735  0.076770485536  0.080427804568  
lophophorus_impejanus 0.034349245605  0.008411384819  0.008376156263  0.008446910965  0.029824485119  0.029824485119  0.000000000000  0.004168608011  0.008376156263  0.004331101184  0.000000000000  0.021164368850  0.021204491364  0.016853803235  0.029764396337  0.008482738488  0.008376156263  0.008376156263  
lophura_inornata 0.048423796337  0.003312480361  0.006613907568  0.003414268098  0.048911967038  0.078136987260  0.004168608011  0.000000000000  0.003356960021  0.000000000000  0.006627466498  0.041180384223  0.020341718284  0.009953600295  0.064394376949  0.004221400485  0.003301544012  0.017216779691  
lophura_nycthemera 0.053011130077  0.006761912009  0.010121514592  0.006854614372  0.053503616997  0.079553139738  0.008376156263  0.003356960021  0.000000000000  0.004275547278  0.010146882023  0.045573218734  0.024512756513  0.013543727399  0.069493085537  0.008482738488  0.006739126891  0.020740537806  
lophura_swinhoii 0.025089680474  0.004100238385  0.004100238385  0.004368946174  0.030210749977  0.033666585220  0.004331101184  0.000000000000  0.004275547278  0.000000000000  0.004100238385  0.020811935313  0.017561114835  0.012376427420  0.029266511647  0.004368946174  0.004100238385  0.004331101184  
melgal2    0.040485253278  0.009847117114  0.013100138789  0.010321440260  0.041047035383  0.069232208409  0.000000000000  0.006627466498  0.010146882023  0.004100238385  0.000000000000  0.033481309135  0.024512756513  0.016433599702  0.055802868158  0.008482738488  0.009814899680  0.017216779691  
pavo_cristatus 0.026663828551  0.044178234297  0.047464629544  0.046386989932  0.041149525654  0.040374781514  0.021164368850  0.041180384223  0.045573218734  0.020811935313  0.033481309135  0.000000000000  0.041484635363  0.047464629544  0.055919315565  0.025846423342  0.040485253278  0.046058015789  
perdix_dauuricae 0.054677616797  0.024613331684  0.028667104546  0.024613331684  0.054536839009  0.063512185043  0.021204491364  0.020341718284  0.024512756513  0.017561114835  0.024512756513  0.041484635363  0.000000000000  0.024474386084  0.063358299396  0.012730640112  0.016208950505  0.020341718284  
phasianus_colchicus 0.054667860779  0.013143185706  0.016403895685  0.013776981849  0.053045096007  0.080826954671  0.016853803235  0.009953600295  0.013543727399  0.012376427420  0.016433599702  0.047464629544  0.024474386084  0.000000000000  0.070691688843  0.008460514739  0.006506325893  0.027785277497  
rollulus_rouloul 0.063405087500  0.067275029539  0.066897898411  0.070789826286  0.064602998893  0.063135795040  0.029764396337  0.064394376949  0.069493085537  0.029266511647  0.055802868158  0.055919315565  0.063358299396  0.070691688843  0.000000000000  0.034607616178  0.063261270616  0.070265355971  
syrmaticus_ellioti 0.034797682677  0.008482738488  0.008482738488  0.008482738488  0.034688867735  0.034688867735  0.008482738488  0.004221400485  0.008482738488  0.004368946174  0.008482738488  0.025846423342  0.012730640112  0.008460514739  0.034607616178  0.000000000000  0.000000000000  0.008482738488  
syrmaticus_reevesii 0.047599828171  0.006540767519  0.009791166580  0.006854614372  0.048911967038  0.076770485536  0.008376156263  0.003301544012  0.006739126891  0.004100238385  0.009814899680  0.040485253278  0.016208950505  0.006506325893  0.063261270616  0.000000000000  0.000000000000  0.020740537806  
tragopan_blythii 0.053579849155  0.020812494283  0.024218028714  0.020884951875  0.062401832547  0.080427804568  0.008376156263  0.017216779691  0.020740537806  0.004331101184  0.017216779691  0.046058015789  0.020341718284  0.027785277497  0.070265355971  0.008482738488  0.020740537806  0.000000000000  

