18
alectoris_rufa 0.000000000000  0.002750367130  0.000000000000  0.003974767978  0.011372775704  0.011131857555  0.000000000000  0.002750367130  0.005522238472  0.005522238472  0.008315952949  0.005522238472  0.002750367130  0.002750367130  0.005522238472  0.011155485037  0.002750367130  0.005522238472  
catreus_wallichi 0.002750367130  0.000000000000  0.004226777695  0.010801178935  0.015259349316  0.015011145842  0.002953444650  0.006359215635  0.008504557799  0.008689313780  0.010662961317  0.010657285508  0.008504557799  0.006359215635  0.015554789251  0.015367059120  0.005260772284  0.006760479653  
chrysolophus_pictus 0.000000000000  0.004226777695  0.000000000000  0.003563953375  0.013041237020  0.010657285508  0.000000000000  0.002107089669  0.004226777695  0.004318035684  0.006359215635  0.006356246693  0.004226777695  0.002107089669  0.010294150425  0.010909288787  0.002620628101  0.004492632039  
crossoptilon_crossoptilon 0.003974767978  0.010801178935  0.003563953375  0.000000000000  0.026346475075  0.014463428435  0.000000000000  0.000000000000  0.003563953375  0.003563953375  0.007164098816  0.007159377771  0.003563953375  0.000000000000  0.010792593159  0.014615063307  0.000000000000  0.000000000000  
cyrtonyx_montezumae 0.011372775704  0.015259349316  0.013041237020  0.026346475075  0.000000000000  0.024016533890  0.006072471959  0.015259349316  0.017491426963  0.015599449722  0.019737646930  0.017306135524  0.017491426963  0.015259349316  0.018337920498  0.022538820373  0.013572482161  0.011536731242  
galgal4    0.011131857555  0.015011145842  0.010657285508  0.014463428435  0.024016533890  0.000000000000  0.000000000000  0.008500243636  0.010657285508  0.010889405867  0.012827532022  0.010550453844  0.010657285508  0.008500243636  0.020625241925  0.015367059120  0.007920725410  0.009042927976  
lophophorus_impejanus 0.000000000000  0.002953444650  0.000000000000  0.000000000000  0.006072471959  0.000000000000  0.000000000000  0.000000000000  0.002953444650  0.000000000000  0.000000000000  0.000000000000  0.000000000000  0.000000000000  0.000000000000  0.000000000000  0.000000000000  0.003109572769  
lophura_inornata 0.002750367130  0.006359215635  0.002107089669  0.000000000000  0.015259349316  0.008500243636  0.000000000000  0.000000000000  0.002107089669  0.002152443725  0.004226777695  0.004225137844  0.002107089669  0.000000000000  0.007692817261  0.008701248520  0.000000000000  0.002239199520  
lophura_nycthemera 0.005522238472  0.008504557799  0.004226777695  0.003563953375  0.017491426963  0.010657285508  0.002953444650  0.002107089669  0.000000000000  0.004318035684  0.006359215635  0.006356246693  0.004226777695  0.002107089669  0.010294150425  0.010909288787  0.002620628101  0.004492632039  
lophura_swinhoii 0.005522238472  0.008689313780  0.004318035684  0.003563953375  0.015599449722  0.010889405867  0.000000000000  0.002152443725  0.004318035684  0.000000000000  0.006496937496  0.006493838333  0.004318035684  0.002152443725  0.010294150425  0.010957105941  0.002620628101  0.004492632039  
melgal2    0.008315952949  0.010662961317  0.006359215635  0.007164098816  0.019737646930  0.012827532022  0.000000000000  0.004226777695  0.006359215635  0.006496937496  0.000000000000  0.008500243636  0.006359215635  0.004226777695  0.012914712291  0.013131167469  0.005260772284  0.006760479653  
pavo_cristatus 0.005522238472  0.010657285508  0.006356246693  0.007159377771  0.017306135524  0.010550453844  0.000000000000  0.004225137844  0.006356246693  0.006493838333  0.008500243636  0.000000000000  0.006356246693  0.004225137844  0.012750031838  0.010909288787  0.002620628101  0.004492632039  
perdix_dauuricae 0.002750367130  0.008504557799  0.004226777695  0.003563953375  0.017491426963  0.010657285508  0.000000000000  0.002107089669  0.004226777695  0.004318035684  0.006359215635  0.006356246693  0.000000000000  0.002107089669  0.010294150425  0.008701248520  0.000000000000  0.002239199520  
phasianus_colchicus 0.002750367130  0.006359215635  0.002107089669  0.000000000000  0.015259349316  0.008500243636  0.000000000000  0.000000000000  0.002107089669  0.002152443725  0.004226777695  0.004225137844  0.002107089669  0.000000000000  0.007692817261  0.008701248520  0.000000000000  0.002239199520  
rollulus_rouloul 0.005522238472  0.015554789251  0.010294150425  0.010792593159  0.018337920498  0.020625241925  0.000000000000  0.007692817261  0.010294150425  0.010294150425  0.012914712291  0.012750031838  0.010294150425  0.007692817261  0.000000000000  0.015669121554  0.002620628101  0.005233240893  
syrmaticus_ellioti 0.011155485037  0.015367059120  0.010909288787  0.014615063307  0.022538820373  0.015367059120  0.000000000000  0.008701248520  0.010909288787  0.010957105941  0.013131167469  0.010909288787  0.008701248520  0.008701248520  0.015669121554  0.000000000000  0.007937059891  0.009058518107  
syrmaticus_reevesii 0.002750367130  0.005260772284  0.002620628101  0.000000000000  0.013572482161  0.007920725410  0.000000000000  0.000000000000  0.002620628101  0.002620628101  0.005260772284  0.002620628101  0.000000000000  0.000000000000  0.002620628101  0.007937059891  0.000000000000  0.002620628101  
tragopan_blythii 0.005522238472  0.006760479653  0.004492632039  0.000000000000  0.011536731242  0.009042927976  0.003109572769  0.002239199520  0.004492632039  0.004492632039  0.006760479653  0.004492632039  0.002239199520  0.002239199520  0.005233240893  0.009058518107  0.002620628101  0.000000000000  

