18
alectoris_rufa 0.000000000000  0.004983441125  0.005163569033  0.007486320611  0.004983441125  0.010002842473  0.007486320611  0.004983441125  0.004983441125  0.004983441125  0.004983441125  0.004983441125  0.004983441125  0.004983441125  0.010001145622  0.005489547083  0.005202300997  0.007697621418  
catreus_wallichi 0.004983441125  0.000000000000  0.000000000000  0.004145543996  0.002070752580  0.006230779484  0.004150834646  0.000000000000  0.000000000000  0.000000000000  0.000000000000  0.004145543996  0.004238808211  0.000000000000  0.008557015002  0.000000000000  0.002513092945  0.002179047194  
chrysolophus_pictus 0.005163569033  0.000000000000  0.000000000000  0.004391303595  0.002193385693  0.006600945126  0.004397241401  0.000000000000  0.000000000000  0.000000000000  0.000000000000  0.004391303595  0.004397241401  0.000000000000  0.008821212815  0.000000000000  0.002696028419  0.002193385693  
crossoptilon_crossoptilon 0.007486320611  0.004145543996  0.004391303595  0.000000000000  0.006230779484  0.006227533938  0.008325475712  0.004145543996  0.004145543996  0.004145543996  0.004145543996  0.008317948445  0.008502447046  0.004180202555  0.012876918145  0.002653111122  0.005039940139  0.006557657852  
cyrtonyx_montezumae 0.004983441125  0.002070752580  0.002193385693  0.006230779484  0.000000000000  0.008325475712  0.002070752580  0.002070752580  0.002070752580  0.002070752580  0.002070752580  0.006230779484  0.006372895965  0.002088047932  0.010720439134  0.000000000000  0.002513092945  0.004368427638  
galgal4    0.010002842473  0.006230779484  0.006600945126  0.006227533938  0.008325475712  0.000000000000  0.010429718921  0.006230779484  0.006230779484  0.006230779484  0.006230779484  0.006240330644  0.010651920484  0.006282977193  0.015056155437  0.007989790449  0.007580692967  0.008763234600  
lophophorus_impejanus 0.007486320611  0.004150834646  0.004397241401  0.008325475712  0.002070752580  0.010429718921  0.000000000000  0.004150834646  0.004150834646  0.004150834646  0.004150834646  0.008325475712  0.008516893994  0.004185582202  0.012894048528  0.002653111122  0.005039940139  0.002179047194  
lophura_inornata 0.004983441125  0.000000000000  0.000000000000  0.004145543996  0.002070752580  0.006230779484  0.004150834646  0.000000000000  0.000000000000  0.000000000000  0.000000000000  0.004145543996  0.004238808211  0.000000000000  0.008557015002  0.000000000000  0.002513092945  0.002179047194  
lophura_nycthemera 0.004983441125  0.000000000000  0.000000000000  0.004145543996  0.002070752580  0.006230779484  0.004150834646  0.000000000000  0.000000000000  0.000000000000  0.000000000000  0.004145543996  0.004238808211  0.000000000000  0.008557015002  0.000000000000  0.002513092945  0.002179047194  
lophura_swinhoii 0.004983441125  0.000000000000  0.000000000000  0.004145543996  0.002070752580  0.006230779484  0.004150834646  0.000000000000  0.000000000000  0.000000000000  0.000000000000  0.004145543996  0.004238808211  0.000000000000  0.008557015002  0.000000000000  0.002513092945  0.002179047194  
melgal2    0.004983441125  0.000000000000  0.000000000000  0.004145543996  0.002070752580  0.006230779484  0.004150834646  0.000000000000  0.000000000000  0.000000000000  0.000000000000  0.004145543996  0.004238808211  0.000000000000  0.008557015002  0.000000000000  0.002513092945  0.002179047194  
pavo_cristatus 0.004983441125  0.004145543996  0.004391303595  0.008317948445  0.006230779484  0.006240330644  0.008325475712  0.004145543996  0.004145543996  0.004145543996  0.004145543996  0.000000000000  0.008502447046  0.004180202555  0.012876918145  0.002651357265  0.002513092945  0.006557657852  
perdix_dauuricae 0.004983441125  0.004238808211  0.004397241401  0.008502447046  0.006372895965  0.010651920484  0.008516893994  0.004238808211  0.004238808211  0.004238808211  0.004238808211  0.008502447046  0.000000000000  0.004238808211  0.012894048528  0.000000000000  0.002577877568  0.006568239803  
phasianus_colchicus 0.004983441125  0.000000000000  0.000000000000  0.004180202555  0.002088047932  0.006282977193  0.004185582202  0.000000000000  0.000000000000  0.000000000000  0.000000000000  0.004180202555  0.004238808211  0.000000000000  0.008557015002  0.000000000000  0.002538612081  0.002179047194  
rollulus_rouloul 0.010001145622  0.008557015002  0.008821212815  0.012876918145  0.010720439134  0.015056155437  0.012894048528  0.008557015002  0.008557015002  0.008557015002  0.008557015002  0.012876918145  0.012894048528  0.008557015002  0.000000000000  0.005312858012  0.007823107505  0.010979398354  
syrmaticus_ellioti 0.005489547083  0.000000000000  0.000000000000  0.002653111122  0.000000000000  0.007989790449  0.002653111122  0.000000000000  0.000000000000  0.000000000000  0.000000000000  0.002651357265  0.000000000000  0.000000000000  0.005312858012  0.000000000000  0.002874257817  0.002653111122  
syrmaticus_reevesii 0.005202300997  0.002513092945  0.002696028419  0.005039940139  0.002513092945  0.007580692967  0.005039940139  0.002513092945  0.002513092945  0.002513092945  0.002513092945  0.002513092945  0.002577877568  0.002538612081  0.007823107505  0.002874257817  0.000000000000  0.005364377251  
tragopan_blythii 0.007697621418  0.002179047194  0.002193385693  0.006557657852  0.004368427638  0.008763234600  0.002179047194  0.002179047194  0.002179047194  0.002179047194  0.002179047194  0.006557657852  0.006568239803  0.002179047194  0.010979398354  0.002653111122  0.005364377251  0.000000000000  

