18
alectoris_rufa 0.000000000000  0.043218945240  0.040399681835  0.043155598485  0.103452711154  0.040183114740  0.059945702612  0.045985051801  0.046034712483  0.039567364906  0.040183114740  0.026629454255  0.045807346261  0.048764345517  0.051831335367  0.041316023852  0.052134021848  0.031243307714  
catreus_wallichi 0.043218945240  0.000000000000  0.010509641152  0.007845383422  0.107496632353  0.040399681835  0.033561075599  0.010489164299  0.011154431250  0.019405883160  0.015856591263  0.029616790293  0.021266900000  0.013130930658  0.077951210025  0.020303466213  0.014824781744  0.015419152437  
chrysolophus_pictus 0.040399681835  0.010509641152  0.000000000000  0.007845383422  0.110773492609  0.043218945240  0.033561075599  0.010489164299  0.011154431250  0.022720703497  0.015856591263  0.032405119569  0.021266900000  0.013130930658  0.073509361595  0.020303466213  0.014824781744  0.015419152437  
crossoptilon_crossoptilon 0.043155598485  0.007845383422  0.007845383422  0.000000000000  0.107296813360  0.040343571101  0.030605970366  0.007840774327  0.008324313944  0.019369814967  0.013148342551  0.029568135352  0.018513615965  0.010476794609  0.077753830827  0.012077941493  0.011808326045  0.009191478255  
cyrtonyx_montezumae 0.103452711154  0.107496632353  0.110773492609  0.107296813360  0.000000000000  0.100252334470  0.129639179131  0.110563902055  0.096518405643  0.085990079402  0.106675678625  0.094186942487  0.106675678625  0.110563902055  0.077303777848  0.092887580136  0.092193152444  0.104933930540  
galgal4    0.040183114740  0.040399681835  0.043218945240  0.040343571101  0.100252334470  0.000000000000  0.047931227307  0.043155598485  0.043020755774  0.043022225364  0.037396766893  0.034812847054  0.042986570734  0.045924628363  0.064753234679  0.045487588946  0.048903132173  0.034390595087  
lophophorus_impejanus 0.059945702612  0.033561075599  0.033561075599  0.030605970366  0.129639179131  0.047931227307  0.000000000000  0.033490827119  0.032673484694  0.043022225364  0.033561075599  0.045510549858  0.030668602648  0.033431259970  0.084892227221  0.024414931341  0.034014298244  0.024871499326  
lophura_inornata 0.045985051801  0.010489164299  0.010489164299  0.007840774327  0.110563902055  0.043155598485  0.033490827119  0.000000000000  0.011131362154  0.022674636383  0.015823098577  0.032349386330  0.021220081570  0.013123126908  0.077951210025  0.016145962847  0.014802619325  0.012279596958  
lophura_nycthemera 0.046034712483  0.011154431250  0.011154431250  0.008324313944  0.096518405643  0.043020755774  0.032673484694  0.011131362154  0.000000000000  0.019405883160  0.016835527328  0.031214123597  0.013986143527  0.008340172654  0.077951210025  0.017672816750  0.008839398770  0.006549335489  
lophura_swinhoii 0.039567364906  0.019405883160  0.022720703497  0.019369814967  0.085990079402  0.043022225364  0.043022225364  0.022674636383  0.019405883160  0.000000000000  0.026059765303  0.019405883160  0.019405883160  0.016114954842  0.080733535805  0.029975826381  0.026003552710  0.021646610692  
melgal2    0.040183114740  0.015856591263  0.015856591263  0.013148342551  0.106675678625  0.037396766893  0.033561075599  0.015823098577  0.016835527328  0.026059765303  0.000000000000  0.026701984049  0.021154407604  0.018483098986  0.069110308738  0.020303466213  0.020889669557  0.012294697634  
pavo_cristatus 0.026629454255  0.029616790293  0.032405119569  0.029568135352  0.094186942487  0.034812847054  0.045510549858  0.032349386330  0.031214123597  0.019405883160  0.026701984049  0.000000000000  0.032230977907  0.035094897395  0.056161870791  0.037330144920  0.030075910581  0.025066977523  
perdix_dauuricae 0.045807346261  0.021266900000  0.021266900000  0.018513615965  0.106675678625  0.042986570734  0.030668602648  0.021220081570  0.013986143527  0.019405883160  0.021154407604  0.032230977907  0.000000000000  0.023898750403  0.073509361595  0.024472473134  0.014824781744  0.006109207595  
phasianus_colchicus 0.048764345517  0.013130930658  0.013130930658  0.010476794609  0.110563902055  0.045924628363  0.033431259970  0.013123126908  0.008340172654  0.016114954842  0.018483098986  0.035094897395  0.023898750403  0.000000000000  0.073509361595  0.020242985119  0.011822282643  0.015384410039  
rollulus_rouloul 0.051831335367  0.077951210025  0.073509361595  0.077753830827  0.077303777848  0.064753234679  0.084892227221  0.077951210025  0.077951210025  0.080733535805  0.069110308738  0.056161870791  0.073509361595  0.073509361595  0.000000000000  0.028505910397  0.078073980421  0.032604738916  
syrmaticus_ellioti 0.041316023852  0.020303466213  0.020303466213  0.012077941493  0.092887580136  0.045487588946  0.024414931341  0.016145962847  0.017672816750  0.029975826381  0.020303466213  0.037330144920  0.024472473134  0.020242985119  0.028505910397  0.000000000000  0.023667810623  0.020303466213  
syrmaticus_reevesii 0.052134021848  0.014824781744  0.014824781744  0.011808326045  0.092193152444  0.048903132173  0.034014298244  0.014802619325  0.008839398770  0.026003552710  0.020889669557  0.030075910581  0.014824781744  0.011822282643  0.078073980421  0.023667810623  0.000000000000  0.010330996069  
tragopan_blythii 0.031243307714  0.015419152437  0.015419152437  0.009191478255  0.104933930540  0.034390595087  0.024871499326  0.012279596958  0.006549335489  0.021646610692  0.012294697634  0.025066977523  0.006109207595  0.015384410039  0.032604738916  0.020303466213  0.010330996069  0.000000000000  

