18
alectoris_rufa 0.000000000000  0.007325132125  0.007325132125  0.000000000000  0.009848429259  0.004882147166  0.005177097950  0.007325132125  0.007325132125  0.007325132125  0.007325132125  0.004874280452  0.009788833448  0.008118016494  0.007330128445  0.000000000000  0.000000000000  0.000000000000  
catreus_wallichi 0.007325132125  0.000000000000  0.000000000000  0.000000000000  0.006692389030  0.008894497287  0.002337382072  0.000000000000  0.000000000000  0.000000000000  0.000000000000  0.002211870712  0.002213226061  0.000000000000  0.004431473018  0.000000000000  0.000000000000  0.000000000000  
chrysolophus_pictus 0.007325132125  0.000000000000  0.000000000000  0.000000000000  0.006517905053  0.008663325454  0.004559380194  0.000000000000  0.000000000000  0.000000000000  0.000000000000  0.002154680126  0.002155966248  0.000000000000  0.004363789625  0.000000000000  0.000000000000  0.000000000000  
crossoptilon_crossoptilon 0.000000000000  0.000000000000  0.000000000000  0.000000000000  0.000000000000  0.002931642359  0.000000000000  0.000000000000  0.000000000000  0.000000000000  0.000000000000  0.000000000000  0.000000000000  0.000000000000  0.002934024366  0.000000000000  0.000000000000  0.000000000000  
cyrtonyx_montezumae 0.009848429259  0.006692389030  0.006517905053  0.000000000000  0.000000000000  0.010902612050  0.009150026663  0.006662662499  0.006662662499  0.006517905053  0.006517905053  0.004341631588  0.008711600847  0.005430109671  0.006600930529  0.000000000000  0.000000000000  0.000000000000  
galgal4    0.004882147166  0.008894497287  0.008663325454  0.002931642359  0.010902612050  0.000000000000  0.011452002409  0.008855115679  0.008855115679  0.008663325454  0.008663325454  0.006485792539  0.010848661542  0.008118016494  0.008759828637  0.002746454500  0.000000000000  0.002940262184  
lophophorus_impejanus 0.005177097950  0.002337382072  0.004559380194  0.000000000000  0.009150026663  0.011452002409  0.000000000000  0.002326506177  0.002326506177  0.004559380194  0.004559380194  0.006845091424  0.006857440250  0.002826225182  0.009255894660  0.005514879602  0.003280531639  0.002942658231  
lophura_inornata 0.007325132125  0.000000000000  0.000000000000  0.000000000000  0.006662662499  0.008855115679  0.002326506177  0.000000000000  0.000000000000  0.000000000000  0.000000000000  0.002202129046  0.002203472474  0.000000000000  0.004411921608  0.000000000000  0.000000000000  0.000000000000  
lophura_nycthemera 0.007325132125  0.000000000000  0.000000000000  0.000000000000  0.006662662499  0.008855115679  0.002326506177  0.000000000000  0.000000000000  0.000000000000  0.000000000000  0.002202129046  0.002203472474  0.000000000000  0.004411921608  0.000000000000  0.000000000000  0.000000000000  
lophura_swinhoii 0.007325132125  0.000000000000  0.000000000000  0.000000000000  0.006517905053  0.008663325454  0.004559380194  0.000000000000  0.000000000000  0.000000000000  0.000000000000  0.002154680126  0.002155966248  0.000000000000  0.004363789625  0.000000000000  0.000000000000  0.000000000000  
melgal2    0.007325132125  0.000000000000  0.000000000000  0.000000000000  0.006517905053  0.008663325454  0.004559380194  0.000000000000  0.000000000000  0.000000000000  0.000000000000  0.002154680126  0.002155966248  0.000000000000  0.004363789625  0.000000000000  0.000000000000  0.000000000000  
pavo_cristatus 0.004874280452  0.002211870712  0.002154680126  0.000000000000  0.004341631588  0.006485792539  0.006845091424  0.002202129046  0.002202129046  0.002154680126  0.002154680126  0.000000000000  0.004316696508  0.002694649239  0.002179460515  0.000000000000  0.000000000000  0.000000000000  
perdix_dauuricae 0.009788833448  0.002213226061  0.002155966248  0.000000000000  0.008711600847  0.010848661542  0.006857440250  0.002203472474  0.002203472474  0.002155966248  0.002155966248  0.004316696508  0.000000000000  0.002696661402  0.006560667474  0.000000000000  0.000000000000  0.000000000000  
phasianus_colchicus 0.008118016494  0.000000000000  0.000000000000  0.000000000000  0.005430109671  0.008118016494  0.002826225182  0.000000000000  0.000000000000  0.000000000000  0.000000000000  0.002694649239  0.002696661402  0.000000000000  0.005400782607  0.000000000000  0.000000000000  0.000000000000  
rollulus_rouloul 0.007330128445  0.004431473018  0.004363789625  0.002934024366  0.006600930529  0.008759828637  0.009255894660  0.004411921608  0.004411921608  0.004363789625  0.004363789625  0.002179460515  0.006560667474  0.005400782607  0.000000000000  0.002786843800  0.003280531639  0.002986601140  
syrmaticus_ellioti 0.000000000000  0.000000000000  0.000000000000  0.000000000000  0.000000000000  0.002746454500  0.005514879602  0.000000000000  0.000000000000  0.000000000000  0.000000000000  0.000000000000  0.000000000000  0.000000000000  0.002786843800  0.000000000000  0.000000000000  0.000000000000  
syrmaticus_reevesii 0.000000000000  0.000000000000  0.000000000000  0.000000000000  0.000000000000  0.000000000000  0.003280531639  0.000000000000  0.000000000000  0.000000000000  0.000000000000  0.000000000000  0.000000000000  0.000000000000  0.003280531639  0.000000000000  0.000000000000  0.000000000000  
tragopan_blythii 0.000000000000  0.000000000000  0.000000000000  0.000000000000  0.000000000000  0.002940262184  0.002942658231  0.000000000000  0.000000000000  0.000000000000  0.000000000000  0.000000000000  0.000000000000  0.000000000000  0.002986601140  0.000000000000  0.000000000000  0.000000000000  

