18
alectoris_rufa 0.000000000000  0.024180006107  0.021710025813  0.026663475547  0.036617692113  0.019253388918  0.026663475547  0.021710025813  0.015783728235  0.022028896407  0.034096776961  0.029160582274  0.046843469622  0.024180006107  0.031608433300  0.021710025813  0.031671476888  0.017405121475  
catreus_wallichi 0.024180006107  0.000000000000  0.006964337740  0.011756073515  0.043133582660  0.019410762611  0.010500938107  0.010485834375  0.000000000000  0.007895943873  0.019501001129  0.026679006971  0.039426260484  0.010842523793  0.036701495115  0.006202268915  0.017820379873  0.012701696572  
chrysolophus_pictus 0.021710025813  0.006964337740  0.000000000000  0.005840048138  0.035704965672  0.012274913759  0.006964337740  0.006959340076  0.000000000000  0.001961170030  0.015885110634  0.019440840249  0.033888609565  0.009004405913  0.029162095094  0.002058038090  0.015778913030  0.010854028630  
crossoptilon_crossoptilon 0.026663475547  0.011756073515  0.005840048138  0.000000000000  0.042164662512  0.017750079101  0.011756073515  0.003885020189  0.005224704621  0.003930834586  0.019836424811  0.027919074088  0.036040978353  0.012185872361  0.038593018119  0.004466305810  0.015581197141  0.014307232371  
cyrtonyx_montezumae 0.036617692113  0.043133582660  0.035704965672  0.042164662512  0.000000000000  0.039426260484  0.039388177253  0.043093524777  0.014970704356  0.038447621273  0.045226847709  0.046961471975  0.067947530429  0.038774754035  0.048126643289  0.027373566922  0.036136671938  0.033167890148  
galgal4    0.019253388918  0.019410762611  0.012274913759  0.017750079101  0.039426260484  0.000000000000  0.019410762611  0.019385032628  0.004952984061  0.013909196247  0.028607073658  0.014031182383  0.047017471845  0.021914529177  0.027235414684  0.012490301471  0.027980991628  0.020093332933  
lophophorus_impejanus 0.026663475547  0.010500938107  0.006964337740  0.011756073515  0.039388177253  0.019410762611  0.000000000000  0.010485834375  0.004952984061  0.007895943873  0.019501001129  0.023030363827  0.035704965672  0.012675013789  0.036701495115  0.006202268915  0.017820379873  0.014545201908  
lophura_inornata 0.021710025813  0.010485834375  0.006959340076  0.003885020189  0.043093524777  0.019385032628  0.010485834375  0.000000000000  0.000000000000  0.000000000000  0.019483785610  0.026640905496  0.039388177253  0.012655765302  0.034756846634  0.000000000000  0.011783243541  0.014527254854  
lophura_nycthemera 0.015783728235  0.000000000000  0.000000000000  0.005224704621  0.014970704356  0.004952984061  0.004952984061  0.000000000000  0.000000000000  0.000000000000  0.009941576240  0.012485103054  0.017576730444  0.004952984061  0.017511471360  0.000000000000  0.007449854105  0.007449854105  
lophura_swinhoii 0.022028896407  0.007895943873  0.001961170030  0.003930834586  0.038447621273  0.013909196247  0.007895943873  0.000000000000  0.000000000000  0.000000000000  0.015993926592  0.022052591500  0.030197028771  0.008186844336  0.034798021923  0.000000000000  0.011223853164  0.010299049896  
melgal2    0.034096776961  0.019501001129  0.015885110634  0.019836424811  0.045226847709  0.028607073658  0.019501001129  0.019483785610  0.009941576240  0.015993926592  0.000000000000  0.036039824059  0.049068997862  0.018277258486  0.044576529332  0.016800085540  0.028122030948  0.018344322343  
pavo_cristatus 0.029160582274  0.026679006971  0.019440840249  0.027919074088  0.046961471975  0.014031182383  0.023030363827  0.026640905496  0.012485103054  0.022052591500  0.036039824059  0.000000000000  0.047017471845  0.027561645364  0.032879560642  0.018866502807  0.034207049257  0.027622360135  
perdix_dauuricae 0.046843469622  0.039426260484  0.033888609565  0.036040978353  0.067947530429  0.047017471845  0.035704965672  0.039388177253  0.017576730444  0.030197028771  0.049068997862  0.047017471845  0.000000000000  0.042678593498  0.059966385171  0.033878654189  0.046569827230  0.035183035858  
phasianus_colchicus 0.024180006107  0.010842523793  0.009004405913  0.012185872361  0.038774754035  0.021914529177  0.012675013789  0.012655765302  0.004952984061  0.008186844336  0.018277258486  0.027561645364  0.042678593498  0.000000000000  0.037528309926  0.010384614917  0.021877122031  0.015037366583  
rollulus_rouloul 0.031608433300  0.036701495115  0.029162095094  0.038593018119  0.048126643289  0.027235414684  0.036701495115  0.034756846634  0.017511471360  0.034798021923  0.044576529332  0.032879560642  0.059966385171  0.037528309926  0.000000000000  0.027412694496  0.040799574838  0.030197297155  
syrmaticus_ellioti 0.021710025813  0.006202268915  0.002058038090  0.004466305810  0.027373566922  0.012490301471  0.006202268915  0.000000000000  0.000000000000  0.000000000000  0.016800085540  0.018866502807  0.033878654189  0.010384614917  0.027412694496  0.000000000000  0.010384614917  0.010815944277  
syrmaticus_reevesii 0.031671476888  0.017820379873  0.015778913030  0.015581197141  0.036136671938  0.027980991628  0.017820379873  0.011783243541  0.007449854105  0.011223853164  0.028122030948  0.034207049257  0.046569827230  0.021877122031  0.040799574838  0.010384614917  0.000000000000  0.020627389780  
tragopan_blythii 0.017405121475  0.012701696572  0.010854028630  0.014307232371  0.033167890148  0.020093332933  0.014545201908  0.014527254854  0.007449854105  0.010299049896  0.018344322343  0.027622360135  0.035183035858  0.015037366583  0.030197297155  0.010815944277  0.020627389780  0.000000000000  

