18
alectoris_rufa 0.000000000000  0.020038037779  0.023529597996  0.020105191837  0.026844957268  0.016639877784  0.016685907724  0.016685907724  0.016685907724  0.020095307397  0.016685907724  0.016685907724  0.020095307397  0.013301040764  0.016685907724  0.016685907724  0.016685907724  0.016969082461  
catreus_wallichi 0.020038037779  0.000000000000  0.007307563724  0.004490746086  0.022096296817  0.006539075750  0.002173058560  0.002182544167  0.004352749696  0.006542587696  0.004352749696  0.004352749696  0.008742667476  0.004352749696  0.011173383643  0.008958045030  0.007033440845  0.002357485179  
chrysolophus_pictus 0.023529597996  0.007307563724  0.000000000000  0.007289806556  0.019606615024  0.009719942850  0.004844133433  0.004891524248  0.004844133433  0.007285035776  0.004844133433  0.004844133433  0.012205168981  0.007285035776  0.014684668980  0.009883046611  0.009858687251  0.004903517193  
crossoptilon_crossoptilon 0.020105191837  0.004490746086  0.007289806556  0.000000000000  0.022243769254  0.006582117049  0.004381356230  0.002251335213  0.002187318093  0.004381356230  0.004381356230  0.002187318093  0.011025546429  0.004381356230  0.013261295724  0.006809917863  0.007049969584  0.002303187776  
cyrtonyx_montezumae 0.026844957268  0.022096296817  0.019606615024  0.022243769254  0.000000000000  0.026001351173  0.019396742165  0.019955927447  0.023814885432  0.026039616044  0.023814885432  0.023814885432  0.026039616044  0.023814885432  0.024288231950  0.022678516110  0.018956125371  0.018646804143  
galgal4    0.016639877784  0.006539075750  0.009719942850  0.006582117049  0.026001351173  0.000000000000  0.006389309675  0.004371779031  0.006389309675  0.008537403604  0.006389309675  0.006389309675  0.008537403604  0.002122327134  0.010905304704  0.006703400779  0.004678586542  0.004603208421  
lophophorus_impejanus 0.016685907724  0.002173058560  0.004844133433  0.004381356230  0.019396742165  0.006389309675  0.000000000000  0.000000000000  0.004256487551  0.006399262022  0.004256487551  0.004256487551  0.006399262022  0.004256487551  0.008719626448  0.006714357985  0.004685259906  0.002299187631  
lophura_inornata 0.016685907724  0.002182544167  0.004891524248  0.002251335213  0.019955927447  0.004371779031  0.000000000000  0.000000000000  0.002183709958  0.004377604320  0.002183709958  0.002183709958  0.006581778527  0.002183709958  0.008973944639  0.006714357985  0.004685259906  0.000000000000  
lophura_nycthemera 0.016685907724  0.004352749696  0.004844133433  0.002187318093  0.023814885432  0.006389309675  0.004256487551  0.002183709958  0.000000000000  0.002123429450  0.004256487551  0.000000000000  0.010714317000  0.004256487551  0.010925023790  0.004465573275  0.004685259906  0.000000000000  
lophura_swinhoii 0.020095307397  0.006542587696  0.007285035776  0.004381356230  0.026039616044  0.008537403604  0.006399262022  0.004377604320  0.002123429450  0.000000000000  0.006399262022  0.002123429450  0.012886779055  0.006399262022  0.013140809314  0.006714357985  0.007045506242  0.002299187631  
melgal2    0.016685907724  0.004352749696  0.004844133433  0.004381356230  0.023814885432  0.006389309675  0.004256487551  0.002183709958  0.004256487551  0.006399262022  0.000000000000  0.004256487551  0.010714317000  0.004256487551  0.013140809314  0.008973944639  0.007045506242  0.002299187631  
pavo_cristatus 0.016685907724  0.004352749696  0.004844133433  0.002187318093  0.023814885432  0.006389309675  0.004256487551  0.002183709958  0.000000000000  0.002123429450  0.004256487551  0.000000000000  0.010714317000  0.004256487551  0.010925023790  0.004465573275  0.004685259906  0.000000000000  
perdix_dauuricae 0.020095307397  0.008742667476  0.012205168981  0.011025546429  0.026039616044  0.008537403604  0.006399262022  0.006581778527  0.010714317000  0.012886779055  0.010714317000  0.010714317000  0.000000000000  0.006399262022  0.010925023790  0.008973944639  0.002336796848  0.009264954924  
phasianus_colchicus 0.013301040764  0.004352749696  0.007285035776  0.004381356230  0.023814885432  0.002122327134  0.004256487551  0.002183709958  0.004256487551  0.006399262022  0.004256487551  0.004256487551  0.006399262022  0.000000000000  0.008719626448  0.004465573275  0.002336796848  0.002299187631  
rollulus_rouloul 0.016685907724  0.011173383643  0.014684668980  0.013261295724  0.024288231950  0.010905304704  0.008719626448  0.008973944639  0.010925023790  0.013140809314  0.013140809314  0.010925023790  0.010925023790  0.008719626448  0.000000000000  0.009014393204  0.009417654698  0.011609989319  
syrmaticus_ellioti 0.016685907724  0.008958045030  0.009883046611  0.006809917863  0.022678516110  0.006703400779  0.006714357985  0.006714357985  0.004465573275  0.006714357985  0.008973944639  0.004465573275  0.008973944639  0.004465573275  0.009014393204  0.000000000000  0.004696261600  0.004774744333  
syrmaticus_reevesii 0.016685907724  0.007033440845  0.009858687251  0.007049969584  0.018956125371  0.004678586542  0.004685259906  0.004685259906  0.004685259906  0.007045506242  0.007045506242  0.004685259906  0.002336796848  0.002336796848  0.009417654698  0.004696261600  0.000000000000  0.004763372293  
tragopan_blythii 0.016969082461  0.002357485179  0.004903517193  0.002303187776  0.018646804143  0.004603208421  0.002299187631  0.000000000000  0.000000000000  0.002299187631  0.002299187631  0.000000000000  0.009264954924  0.002299187631  0.011609989319  0.004774744333  0.004763372293  0.000000000000  

