18
alectoris_rufa 0.000000000000  0.003829460595  0.003934942090  0.010973229119  0.003833538312  0.000000000000  0.003833538312  0.003829460595  0.003829460595  0.004013915145  0.000000000000  0.000000000000  0.007700960417  0.003829460595  0.000000000000  0.004271072528  0.000000000000  0.007956039520  
catreus_wallichi 0.003829460595  0.000000000000  0.000000000000  0.005460517906  0.007342638575  0.003544421565  0.007107781240  0.000000000000  0.000000000000  0.000000000000  0.003544421565  0.003544421565  0.011348042534  0.000000000000  0.003544421565  0.000000000000  0.000000000000  0.011465966241  
chrysolophus_pictus 0.003934942090  0.000000000000  0.000000000000  0.000000000000  0.007536318761  0.003634599850  0.007289116543  0.000000000000  0.000000000000  0.000000000000  0.003634599850  0.003634599850  0.011656710717  0.000000000000  0.003634599850  0.000000000000  0.000000000000  0.011781167370  
crossoptilon_crossoptilon 0.010973229119  0.005460517906  0.000000000000  0.000000000000  0.010973229119  0.010973229119  0.010973229119  0.005460517906  0.005460517906  0.005460517906  0.010973229119  0.010973229119  0.016516113883  0.005460517906  0.010973229119  0.005460517906  0.007136117333  0.016539245761  
cyrtonyx_montezumae 0.003833538312  0.007342638575  0.007536318761  0.010973229119  0.000000000000  0.003664940981  0.007360838853  0.007342638575  0.007342638575  0.007987815690  0.003664940981  0.003664940981  0.011426093137  0.007342638575  0.003664940981  0.008569675611  0.000000000000  0.011887672742  
galgal4    0.000000000000  0.003544421565  0.003634599850  0.010973229119  0.003664940981  0.000000000000  0.003547914251  0.003661214070  0.003544421565  0.003844181813  0.000000000000  0.000000000000  0.007555495307  0.003544421565  0.000000000000  0.004271072528  0.000000000000  0.007622488194  
lophophorus_impejanus 0.003833538312  0.007107781240  0.007289116543  0.010973229119  0.007360838853  0.003547914251  0.000000000000  0.007342638575  0.007107781240  0.007710650950  0.003547914251  0.003547914251  0.011382737277  0.007107781240  0.003547914251  0.004271072528  0.005028787385  0.007622488194  
lophura_inornata 0.003829460595  0.000000000000  0.000000000000  0.005460517906  0.007342638575  0.003661214070  0.007342638575  0.000000000000  0.000000000000  0.000000000000  0.003661214070  0.003661214070  0.011391133311  0.000000000000  0.003661214070  0.000000000000  0.000000000000  0.011874433160  
lophura_nycthemera 0.003829460595  0.000000000000  0.000000000000  0.005460517906  0.007342638575  0.003544421565  0.007107781240  0.000000000000  0.000000000000  0.000000000000  0.003544421565  0.003544421565  0.011348042534  0.000000000000  0.003544421565  0.000000000000  0.000000000000  0.011465966241  
lophura_swinhoii 0.004013915145  0.000000000000  0.000000000000  0.005460517906  0.007987815690  0.003844181813  0.007710650950  0.000000000000  0.000000000000  0.000000000000  0.003844181813  0.003844181813  0.011982640814  0.000000000000  0.003844181813  0.000000000000  0.000000000000  0.011827616402  
melgal2    0.000000000000  0.003544421565  0.003634599850  0.010973229119  0.003664940981  0.000000000000  0.003547914251  0.003661214070  0.003544421565  0.003844181813  0.000000000000  0.000000000000  0.007555495307  0.003544421565  0.000000000000  0.004271072528  0.000000000000  0.007622488194  
pavo_cristatus 0.000000000000  0.003544421565  0.003634599850  0.010973229119  0.003664940981  0.000000000000  0.003547914251  0.003661214070  0.003544421565  0.003844181813  0.000000000000  0.000000000000  0.007555495307  0.003544421565  0.000000000000  0.004271072528  0.000000000000  0.007622488194  
perdix_dauuricae 0.007700960417  0.011348042534  0.011656710717  0.016516113883  0.011426093137  0.007555495307  0.011382737277  0.011391133311  0.011348042534  0.011982640814  0.007555495307  0.007555495307  0.000000000000  0.011348042534  0.007555495307  0.012910928177  0.005028787385  0.015855799756  
phasianus_colchicus 0.003829460595  0.000000000000  0.000000000000  0.005460517906  0.007342638575  0.003544421565  0.007107781240  0.000000000000  0.000000000000  0.000000000000  0.003544421565  0.003544421565  0.011348042534  0.000000000000  0.003544421565  0.000000000000  0.000000000000  0.011465966241  
rollulus_rouloul 0.000000000000  0.003544421565  0.003634599850  0.010973229119  0.003664940981  0.000000000000  0.003547914251  0.003661214070  0.003544421565  0.003844181813  0.000000000000  0.000000000000  0.007555495307  0.003544421565  0.000000000000  0.004271072528  0.000000000000  0.007622488194  
syrmaticus_ellioti 0.004271072528  0.000000000000  0.000000000000  0.005460517906  0.008569675611  0.004271072528  0.004271072528  0.000000000000  0.000000000000  0.000000000000  0.004271072528  0.004271072528  0.012910928177  0.000000000000  0.004271072528  0.000000000000  0.000000000000  0.012895293817  
syrmaticus_reevesii 0.000000000000  0.000000000000  0.000000000000  0.007136117333  0.000000000000  0.000000000000  0.005028787385  0.000000000000  0.000000000000  0.000000000000  0.000000000000  0.000000000000  0.005028787385  0.000000000000  0.000000000000  0.000000000000  0.000000000000  0.000000000000  
tragopan_blythii 0.007956039520  0.011465966241  0.011781167370  0.016539245761  0.011887672742  0.007622488194  0.007622488194  0.011874433160  0.011465966241  0.011827616402  0.007622488194  0.007622488194  0.015855799756  0.011465966241  0.007622488194  0.012895293817  0.000000000000  0.000000000000  

