18
alectoris_rufa 0.000000000000  0.004928807393  0.000000000000  0.000000000000  0.000000000000  0.000000000000  0.000000000000  0.000000000000  0.000000000000  0.000000000000  0.000000000000  0.000000000000  0.000000000000  0.000000000000  0.000000000000  0.000000000000  0.000000000000  0.000000000000  
catreus_wallichi 0.004928807393  0.000000000000  0.004764425269  0.004368928646  0.017735658169  0.013235899935  0.008780613577  0.004368928646  0.004446637432  0.004407440537  0.004368928646  0.013235899935  0.004697285062  0.005079009699  0.005497870563  0.004741832951  0.005653277483  0.004904633162  
chrysolophus_pictus 0.000000000000  0.004764425269  0.000000000000  0.000000000000  0.004764425269  0.000000000000  0.000000000000  0.000000000000  0.000000000000  0.000000000000  0.000000000000  0.004764425269  0.000000000000  0.000000000000  0.000000000000  0.000000000000  0.000000000000  0.000000000000  
crossoptilon_crossoptilon 0.000000000000  0.004368928646  0.000000000000  0.000000000000  0.013235899935  0.008780613577  0.004368928646  0.000000000000  0.000000000000  0.000000000000  0.000000000000  0.008780613577  0.000000000000  0.000000000000  0.000000000000  0.000000000000  0.000000000000  0.000000000000  
cyrtonyx_montezumae 0.000000000000  0.017735658169  0.004764425269  0.013235899935  0.000000000000  0.013235899935  0.008780613577  0.013235899935  0.008937573385  0.008858398230  0.013235899935  0.004368928646  0.004697285062  0.000000000000  0.000000000000  0.004741832951  0.000000000000  0.004904633162  
galgal4    0.000000000000  0.013235899935  0.000000000000  0.008780613577  0.013235899935  0.000000000000  0.004368928646  0.008780613577  0.000000000000  0.000000000000  0.008780613577  0.008780613577  0.000000000000  0.000000000000  0.000000000000  0.000000000000  0.000000000000  0.000000000000  
lophophorus_impejanus 0.000000000000  0.008780613577  0.000000000000  0.004368928646  0.008780613577  0.004368928646  0.000000000000  0.004368928646  0.000000000000  0.000000000000  0.004368928646  0.004368928646  0.000000000000  0.000000000000  0.000000000000  0.000000000000  0.000000000000  0.000000000000  
lophura_inornata 0.000000000000  0.004368928646  0.000000000000  0.000000000000  0.013235899935  0.008780613577  0.004368928646  0.000000000000  0.000000000000  0.000000000000  0.000000000000  0.008780613577  0.000000000000  0.000000000000  0.000000000000  0.000000000000  0.000000000000  0.000000000000  
lophura_nycthemera 0.000000000000  0.004446637432  0.000000000000  0.000000000000  0.008937573385  0.000000000000  0.000000000000  0.000000000000  0.000000000000  0.000000000000  0.000000000000  0.004446637432  0.000000000000  0.000000000000  0.000000000000  0.000000000000  0.000000000000  0.000000000000  
lophura_swinhoii 0.000000000000  0.004407440537  0.000000000000  0.000000000000  0.008858398230  0.000000000000  0.000000000000  0.000000000000  0.000000000000  0.000000000000  0.000000000000  0.004407440537  0.000000000000  0.000000000000  0.000000000000  0.000000000000  0.000000000000  0.000000000000  
melgal2    0.000000000000  0.004368928646  0.000000000000  0.000000000000  0.013235899935  0.008780613577  0.004368928646  0.000000000000  0.000000000000  0.000000000000  0.000000000000  0.008780613577  0.000000000000  0.000000000000  0.000000000000  0.000000000000  0.000000000000  0.000000000000  
pavo_cristatus 0.000000000000  0.013235899935  0.004764425269  0.008780613577  0.004368928646  0.008780613577  0.004368928646  0.008780613577  0.004446637432  0.004407440537  0.008780613577  0.000000000000  0.000000000000  0.000000000000  0.000000000000  0.000000000000  0.000000000000  0.004904633162  
perdix_dauuricae 0.000000000000  0.004697285062  0.000000000000  0.000000000000  0.004697285062  0.000000000000  0.000000000000  0.000000000000  0.000000000000  0.000000000000  0.000000000000  0.000000000000  0.000000000000  0.000000000000  0.000000000000  0.000000000000  0.000000000000  0.000000000000  
phasianus_colchicus 0.000000000000  0.005079009699  0.000000000000  0.000000000000  0.000000000000  0.000000000000  0.000000000000  0.000000000000  0.000000000000  0.000000000000  0.000000000000  0.000000000000  0.000000000000  0.000000000000  0.000000000000  0.000000000000  0.000000000000  0.000000000000  
rollulus_rouloul 0.000000000000  0.005497870563  0.000000000000  0.000000000000  0.000000000000  0.000000000000  0.000000000000  0.000000000000  0.000000000000  0.000000000000  0.000000000000  0.000000000000  0.000000000000  0.000000000000  0.000000000000  0.000000000000  0.000000000000  0.000000000000  
syrmaticus_ellioti 0.000000000000  0.004741832951  0.000000000000  0.000000000000  0.004741832951  0.000000000000  0.000000000000  0.000000000000  0.000000000000  0.000000000000  0.000000000000  0.000000000000  0.000000000000  0.000000000000  0.000000000000  0.000000000000  0.000000000000  0.000000000000  
syrmaticus_reevesii 0.000000000000  0.005653277483  0.000000000000  0.000000000000  0.000000000000  0.000000000000  0.000000000000  0.000000000000  0.000000000000  0.000000000000  0.000000000000  0.000000000000  0.000000000000  0.000000000000  0.000000000000  0.000000000000  0.000000000000  0.000000000000  
tragopan_blythii 0.000000000000  0.004904633162  0.000000000000  0.000000000000  0.004904633162  0.000000000000  0.000000000000  0.000000000000  0.000000000000  0.000000000000  0.000000000000  0.004904633162  0.000000000000  0.000000000000  0.000000000000  0.000000000000  0.000000000000  0.000000000000  

