18
alectoris_rufa 0.000000000000  0.000000000000  0.004003159939  0.000000000000  0.009775179644  0.008045004762  0.000000000000  0.000000000000  0.000000000000  0.000000000000  0.004003159939  0.008045004762  0.004003159939  0.000000000000  0.008012772376  0.000000000000  0.000000000000  0.000000000000  
catreus_wallichi 0.000000000000  0.000000000000  0.007363712831  0.000000000000  0.008441154140  0.009524376039  0.000000000000  0.002404982618  0.002365165241  0.002591994203  0.007119653419  0.007123865260  0.002404982618  0.000000000000  0.007123865260  0.000000000000  0.000000000000  0.002464247510  
chrysolophus_pictus 0.004003159939  0.007363712831  0.000000000000  0.007616091781  0.014606157579  0.014859395544  0.007363712831  0.003665651250  0.003665651250  0.003665651250  0.011094762979  0.007363712831  0.011094762979  0.004906717671  0.011094762979  0.007390925864  0.003971363690  0.007645205883  
crossoptilon_crossoptilon 0.000000000000  0.000000000000  0.007616091781  0.000000000000  0.008393916318  0.009685822015  0.000000000000  0.002458189904  0.002416606443  0.002653904553  0.007239928493  0.007244284562  0.002458189904  0.000000000000  0.007244284562  0.000000000000  0.000000000000  0.002464247510  
cyrtonyx_montezumae 0.009775179644  0.008441154140  0.014606157579  0.008393916318  0.000000000000  0.014052837419  0.008393916318  0.008610757723  0.008441154140  0.009422103592  0.014031788937  0.014052837419  0.011520859611  0.009775179644  0.014052837419  0.008610757723  0.009920650576  0.011520859611  
galgal4    0.008045004762  0.009524376039  0.014859395544  0.009685822015  0.014052837419  0.000000000000  0.009479232508  0.012141695402  0.011938743641  0.013095790661  0.011859913676  0.011866975961  0.012141695402  0.000000000000  0.016703214129  0.009709333626  0.007980797246  0.012443894820  
lophophorus_impejanus 0.000000000000  0.000000000000  0.007363712831  0.000000000000  0.008393916318  0.009479232508  0.000000000000  0.002404982618  0.002365165241  0.002591994203  0.007086019650  0.007090191597  0.002404982618  0.000000000000  0.007090191597  0.000000000000  0.000000000000  0.002464247510  
lophura_inornata 0.000000000000  0.002404982618  0.003665651250  0.002458189904  0.008610757723  0.012141695402  0.002404982618  0.000000000000  0.000000000000  0.000000000000  0.009675832685  0.009685822015  0.004823873882  0.000000000000  0.009685822015  0.002410780519  0.000000000000  0.004943099684  
lophura_nycthemera 0.000000000000  0.002365165241  0.003665651250  0.002416606443  0.008441154140  0.011938743641  0.002365165241  0.000000000000  0.000000000000  0.000000000000  0.009514718455  0.009524376039  0.004823873882  0.000000000000  0.009524376039  0.002410780519  0.000000000000  0.004943099684  
lophura_swinhoii 0.000000000000  0.002591994203  0.003665651250  0.002653904553  0.009422103592  0.013095790661  0.002591994203  0.000000000000  0.000000000000  0.000000000000  0.010432961726  0.010444585977  0.005200151504  0.000000000000  0.010444585977  0.002598730118  0.000000000000  0.005338970620  
melgal2    0.004003159939  0.007119653419  0.011094762979  0.007239928493  0.014031788937  0.011859913676  0.007086019650  0.009675832685  0.009514718455  0.010432961726  0.000000000000  0.009468035634  0.009675832685  0.000000000000  0.009479232508  0.007257443185  0.003971363690  0.009915695875  
pavo_cristatus 0.008045004762  0.007123865260  0.007363712831  0.007244284562  0.014052837419  0.011866975961  0.007090191597  0.009685822015  0.009524376039  0.010444585977  0.009468035634  0.000000000000  0.009685822015  0.004859033321  0.014278105027  0.007261820460  0.007980797246  0.009926189599  
perdix_dauuricae 0.004003159939  0.002404982618  0.011094762979  0.002458189904  0.011520859611  0.012141695402  0.002404982618  0.004823873882  0.004823873882  0.005200151504  0.009675832685  0.009685822015  0.000000000000  0.004859033321  0.009685822015  0.002410780519  0.003971363690  0.004943099684  
phasianus_colchicus 0.000000000000  0.000000000000  0.004906717671  0.000000000000  0.009775179644  0.000000000000  0.000000000000  0.000000000000  0.000000000000  0.000000000000  0.000000000000  0.004859033321  0.004859033321  0.000000000000  0.000000000000  0.000000000000  0.000000000000  0.000000000000  
rollulus_rouloul 0.008012772376  0.007123865260  0.011094762979  0.007244284562  0.014052837419  0.016703214129  0.007090191597  0.009685822015  0.009524376039  0.010444585977  0.009479232508  0.014278105027  0.009685822015  0.000000000000  0.000000000000  0.007261820460  0.003971363690  0.009926189599  
syrmaticus_ellioti 0.000000000000  0.000000000000  0.007390925864  0.000000000000  0.008610757723  0.009709333626  0.000000000000  0.002410780519  0.002410780519  0.002598730118  0.007257443185  0.007261820460  0.002410780519  0.000000000000  0.007261820460  0.000000000000  0.000000000000  0.002464247510  
syrmaticus_reevesii 0.000000000000  0.000000000000  0.003971363690  0.000000000000  0.009920650576  0.007980797246  0.000000000000  0.000000000000  0.000000000000  0.000000000000  0.003971363690  0.007980797246  0.003971363690  0.000000000000  0.003971363690  0.000000000000  0.000000000000  0.000000000000  
tragopan_blythii 0.000000000000  0.002464247510  0.007645205883  0.002464247510  0.011520859611  0.012443894820  0.002464247510  0.004943099684  0.004943099684  0.005338970620  0.009915695875  0.009926189599  0.004943099684  0.000000000000  0.009926189599  0.002464247510  0.000000000000  0.000000000000  

