18
alectoris_rufa 0.000000000000  0.023197446171  0.020283433274  0.023197446171  0.023197446171  0.017328826290  0.023257703745  0.029122743090  0.026182879901  0.026182879901  0.020283433274  0.020283433274  0.026251901187  0.023257703745  0.031586366847  0.026182879901  0.026251901187  0.025239345101  
catreus_wallichi 0.023197446171  0.000000000000  0.007831618849  0.003903376489  0.059772873045  0.036653570484  0.011793822853  0.009803417373  0.005866525753  0.002058119861  0.013802678531  0.023979056695  0.013815390595  0.003934089063  0.031525667458  0.007183406204  0.005995493783  0.008341942841  
chrysolophus_pictus 0.020283433274  0.007831618849  0.000000000000  0.011785052979  0.059772873045  0.031923641905  0.013574260874  0.013767332698  0.009652017901  0.006089764906  0.013588319063  0.023601693185  0.013600636567  0.003934089063  0.022754209760  0.004780383260  0.005901145342  0.005549757138  
crossoptilon_crossoptilon 0.023197446171  0.003903376489  0.011785052979  0.000000000000  0.064100643445  0.040861578668  0.015774880744  0.013768556455  0.009808329875  0.006193540489  0.017803567793  0.028066120558  0.017818443069  0.007893438158  0.031525667458  0.007183406204  0.010024650958  0.008341942841  
cyrtonyx_montezumae 0.023197446171  0.059772873045  0.059772873045  0.064100643445  0.000000000000  0.054162355002  0.064199896462  0.068362945038  0.066325844451  0.058842158604  0.066463831786  0.060345559211  0.071072307560  0.060367905698  0.043639283300  0.047382467177  0.061368694563  0.055404362301  
galgal4    0.017328826290  0.036653570484  0.031923641905  0.040861578668  0.054162355002  0.000000000000  0.036065800785  0.040823784761  0.036065800785  0.026928026928  0.036104070737  0.036224468226  0.036138238608  0.032540292880  0.020173507332  0.022249902134  0.030640198877  0.023063663273  
lophophorus_impejanus 0.023257703745  0.011793822853  0.013574260874  0.015774880744  0.064199896462  0.036065800785  0.000000000000  0.017759364864  0.015529881377  0.006092908192  0.017540597502  0.033796300812  0.019553798423  0.007900262863  0.031585721190  0.007187785933  0.009893439579  0.008347857917  
lophura_inornata 0.029122743090  0.009803417373  0.013767332698  0.013768556455  0.068362945038  0.040823784761  0.017759364864  0.000000000000  0.007831618849  0.004120509996  0.019800759769  0.032180548528  0.019807994877  0.007892331661  0.037375743059  0.014453136916  0.012042091899  0.016800538417  
lophura_nycthemera 0.026182879901  0.005866525753  0.009652017901  0.009808329875  0.066325844451  0.036065800785  0.015529881377  0.007831618849  0.000000000000  0.002024781853  0.015549516390  0.027651672982  0.015560089278  0.003934089063  0.028570980543  0.009596477465  0.007877892015  0.008347434437  
lophura_swinhoii 0.026182879901  0.002058119861  0.006089764906  0.006193540489  0.058842158604  0.026928026928  0.006092908192  0.004120509996  0.002024781853  0.000000000000  0.006092908192  0.022713410087  0.010188066483  0.002057051026  0.026907352149  0.004996707438  0.004078496117  0.002922844124  
melgal2    0.020283433274  0.013802678531  0.013588319063  0.017803567793  0.066463831786  0.036104070737  0.017540597502  0.019800759769  0.015549516390  0.006092908192  0.000000000000  0.027706410353  0.019568142688  0.007915897620  0.028652866367  0.009621204048  0.011887291293  0.014004749110  
pavo_cristatus 0.020283433274  0.023979056695  0.023601693185  0.028066120558  0.060345559211  0.036224468226  0.033796300812  0.032180548528  0.027651672982  0.022713410087  0.027706410353  0.000000000000  0.033863649698  0.024054386180  0.028622450407  0.024448749589  0.024184684250  0.028622450407  
perdix_dauuricae 0.026251901187  0.013815390595  0.013600636567  0.017818443069  0.071072307560  0.036138238608  0.019553798423  0.019807994877  0.015560089278  0.010188066483  0.019568142688  0.033863649698  0.000000000000  0.009916255925  0.031585721190  0.009598117179  0.009877077061  0.008347857917  
phasianus_colchicus 0.023257703745  0.003934089063  0.003934089063  0.007893438158  0.060367905698  0.032540292880  0.007900262863  0.007892331661  0.003934089063  0.002057051026  0.007915897620  0.024054386180  0.009916255925  0.000000000000  0.025752191776  0.002403079641  0.002008514610  0.000000000000  
rollulus_rouloul 0.031586366847  0.031525667458  0.022754209760  0.031525667458  0.043639283300  0.020173507332  0.031585721190  0.037375743059  0.028570980543  0.026907352149  0.028652866367  0.028622450407  0.031585721190  0.025752191776  0.000000000000  0.022800674903  0.028622450407  0.025752191776  
syrmaticus_ellioti 0.026182879901  0.007183406204  0.004780383260  0.007183406204  0.047382467177  0.022249902134  0.007187785933  0.014453136916  0.009596477465  0.004996707438  0.009621204048  0.024448749589  0.009598117179  0.002403079641  0.022800674903  0.000000000000  0.004780383260  0.005566949537  
syrmaticus_reevesii 0.026251901187  0.005995493783  0.005901145342  0.010024650958  0.061368694563  0.030640198877  0.009893439579  0.012042091899  0.007877892015  0.004078496117  0.011887291293  0.024184684250  0.009877077061  0.002008514610  0.028622450407  0.004780383260  0.000000000000  0.005549757138  
tragopan_blythii 0.025239345101  0.008341942841  0.005549757138  0.008341942841  0.055404362301  0.023063663273  0.008347857917  0.016800538417  0.008347434437  0.002922844124  0.014004749110  0.028622450407  0.008347857917  0.000000000000  0.025752191776  0.005566949537  0.005549757138  0.000000000000  

