18
alectoris_rufa 0.000000000000  0.069902203428  0.078873409247  0.074230871359  0.088026836842  0.069753794476  0.063904894912  0.077065704692  0.075978951543  0.062432564188  0.075658602624  0.070542516631  0.094102070358  0.069526064926  0.093556243029  0.021695368812  0.079155971943  0.090565734678  
catreus_wallichi 0.069902203428  0.000000000000  0.007885926299  0.005341843440  0.075442503446  0.063904894912  0.026882088336  0.005321752440  0.005251878671  0.006234116035  0.032308811362  0.052719760817  0.046614399626  0.013870515673  0.093719763406  0.016179725174  0.007922622655  0.047770504626  
chrysolophus_pictus 0.078873409247  0.007885926299  0.000000000000  0.013446572873  0.084813808687  0.072773568263  0.035179408993  0.013393286332  0.013216266110  0.015707596832  0.040670204622  0.061492757714  0.056399958563  0.017370958050  0.103044157520  0.032821850722  0.015949253167  0.050632412703  
crossoptilon_crossoptilon 0.074230871359  0.005341843440  0.013446572873  0.000000000000  0.076869047036  0.059260234856  0.027332812105  0.002701643943  0.010741553208  0.012524137522  0.035781763603  0.053357626183  0.046523665316  0.013870515673  0.095456115390  0.016179725174  0.013510532936  0.048626096159  
cyrtonyx_montezumae 0.088026836842  0.075442503446  0.084813808687  0.076869047036  0.000000000000  0.104661712209  0.078598687063  0.079762168173  0.081776734573  0.061378379109  0.081481567914  0.092353225979  0.068975834187  0.064695124291  0.120265025104  0.032929670726  0.079059973523  0.084243055109  
galgal4    0.069753794476  0.063904894912  0.072773568263  0.059260234856  0.104661712209  0.000000000000  0.057984975786  0.061792353299  0.063904894912  0.065962452604  0.075658602624  0.058515411555  0.083450447096  0.069526064926  0.096697129257  0.010729607052  0.073036229404  0.080991937099  
lophophorus_impejanus 0.063904894912  0.026882088336  0.035179408993  0.027332812105  0.078598687063  0.057984975786  0.000000000000  0.027248442082  0.032452831382  0.032053908420  0.043597615449  0.038260830399  0.059871513097  0.039185543116  0.078285645545  0.010729607052  0.035295789393  0.050740322280  
lophura_inornata 0.077065704692  0.005321752440  0.013393286332  0.002701643943  0.079762168173  0.061792353299  0.027248442082  0.000000000000  0.010705962399  0.012754274957  0.038439331734  0.053162752801  0.040843341188  0.014115263989  0.095073885979  0.016179725174  0.013446572873  0.047770504626  
lophura_nycthemera 0.075978951543  0.005251878671  0.013216266110  0.010741553208  0.081776734573  0.063904894912  0.032452831382  0.010705962399  0.000000000000  0.006234116035  0.037918491937  0.058633387753  0.053195071746  0.017402542509  0.100041793074  0.016179725174  0.013268153226  0.053729490104  
lophura_swinhoii 0.062432564188  0.006234116035  0.015707596832  0.012524137522  0.061378379109  0.065962452604  0.032053908420  0.012754274957  0.006234116035  0.000000000000  0.031964926976  0.049010259905  0.048578496218  0.013870515673  0.076047376449  0.016179725174  0.015780892663  0.050326963732  
melgal2    0.075658602624  0.032308811362  0.040670204622  0.035781763603  0.081481567914  0.075658602624  0.043597615449  0.038439331734  0.037918491937  0.031964926976  0.000000000000  0.064365769353  0.073348137964  0.031809023827  0.106061392078  0.021695368812  0.040822507628  0.050740322280  
pavo_cristatus 0.070542516631  0.052719760817  0.061492757714  0.053357626183  0.092353225979  0.058515411555  0.038260830399  0.053162752801  0.058633387753  0.049010259905  0.064365769353  0.000000000000  0.084173855693  0.054397525987  0.082125151336  0.010729607052  0.061722178977  0.072027256691  
perdix_dauuricae 0.094102070358  0.046614399626  0.056399958563  0.046523665316  0.068975834187  0.083450447096  0.059871513097  0.040843341188  0.053195071746  0.048578496218  0.073348137964  0.084173855693  0.000000000000  0.057700616045  0.111911395273  0.021695368812  0.056647206642  0.068834865257  
phasianus_colchicus 0.069526064926  0.013870515673  0.017370958050  0.013870515673  0.064695124291  0.069526064926  0.039185543116  0.014115263989  0.017402542509  0.013870515673  0.031809023827  0.054397525987  0.057700616045  0.000000000000  0.080743597850  0.027278132752  0.021038889708  0.048281598817  
rollulus_rouloul 0.093556243029  0.093719763406  0.103044157520  0.095456115390  0.120265025104  0.096697129257  0.078285645545  0.095073885979  0.100041793074  0.076047376449  0.106061392078  0.082125151336  0.111911395273  0.080743597850  0.000000000000  0.032821850722  0.103457485914  0.116103659096  
syrmaticus_ellioti 0.021695368812  0.016179725174  0.032821850722  0.016179725174  0.032929670726  0.010729607052  0.010729607052  0.016179725174  0.016179725174  0.016179725174  0.021695368812  0.010729607052  0.021695368812  0.027278132752  0.032821850722  0.000000000000  0.016356164409  0.032821850722  
syrmaticus_reevesii 0.079155971943  0.007922622655  0.015949253167  0.013510532936  0.079059973523  0.073036229404  0.035295789393  0.013446572873  0.013268153226  0.015780892663  0.040822507628  0.061722178977  0.056647206642  0.021038889708  0.103457485914  0.016356164409  0.000000000000  0.053917869552  
tragopan_blythii 0.090565734678  0.047770504626  0.050632412703  0.048626096159  0.084243055109  0.080991937099  0.050740322280  0.047770504626  0.053729490104  0.050326963732  0.050740322280  0.072027256691  0.068834865257  0.048281598817  0.116103659096  0.032821850722  0.053917869552  0.000000000000  

