18
alectoris_rufa 0.000000000000  0.016031749784  0.019489628244  0.011633451092  0.021552709578  0.002639181059  0.005379111002  0.008754224177  0.016031749784  0.011513991362  0.007963688037  0.002637470813  0.010626862905  0.021501291903  0.002794034749  0.011513991362  0.016381958559  0.010614669556  
catreus_wallichi 0.016031749784  0.000000000000  0.002740436463  0.002576316048  0.021792048574  0.010630542091  0.012951576495  0.004561823070  0.000000000000  0.000000000000  0.006349935070  0.012990389370  0.006359815432  0.004230032858  0.013384995840  0.000000000000  0.000000000000  0.017455123050  
chrysolophus_pictus 0.019489628244  0.002740436463  0.000000000000  0.006034628816  0.031007937378  0.016654824313  0.019820790044  0.009133995573  0.002740436463  0.002977029693  0.011037404222  0.019453312131  0.011061694838  0.008271081570  0.020700123318  0.002977029693  0.002801863277  0.025119461171  
crossoptilon_crossoptilon 0.011633451092  0.002576316048  0.006034628816  0.000000000000  0.023639950931  0.010367066703  0.007758106561  0.007798441132  0.002576316048  0.002576316048  0.005163948612  0.010365347562  0.005162343546  0.005162343546  0.010367066703  0.002576316048  0.002679879539  0.010367066703  
cyrtonyx_montezumae 0.021552709578  0.021792048574  0.031007937378  0.023639950931  0.000000000000  0.015174409959  0.019863736322  0.018744680452  0.021983711983  0.018515102631  0.019604089053  0.019651310345  0.021792048574  0.026277219773  0.015898217780  0.018601214695  0.023078524469  0.026462665016  
galgal4    0.002639181059  0.010630542091  0.016654824313  0.010367066703  0.015174409959  0.000000000000  0.006441753497  0.006854121970  0.010861478256  0.009041454729  0.008499564905  0.004297181642  0.006349935070  0.014951602974  0.002207965687  0.009207966117  0.012679436098  0.010848700664  
lophophorus_impejanus 0.005379111002  0.012951576495  0.019820790044  0.007758106561  0.019863736322  0.006441753497  0.000000000000  0.004563074967  0.013237334922  0.006765206984  0.006441753497  0.004353302675  0.008594622893  0.015145721760  0.004426645304  0.006889499039  0.015257119438  0.006572525018  
lophura_inornata 0.008754224177  0.004561823070  0.009133995573  0.007798441132  0.018744680452  0.006854121970  0.004563074967  0.000000000000  0.004668303452  0.004561823070  0.006854121970  0.006985696669  0.006857999816  0.004561823070  0.009156706469  0.004646611553  0.005399264318  0.007014381573  
lophura_nycthemera 0.016031749784  0.000000000000  0.002740436463  0.002576316048  0.021983711983  0.010861478256  0.013237334922  0.004668303452  0.000000000000  0.000000000000  0.006487248748  0.013046886881  0.006497562018  0.004321432532  0.013690426724  0.000000000000  0.000000000000  0.017455123050  
lophura_swinhoii 0.011513991362  0.000000000000  0.002977029693  0.002576316048  0.018515102631  0.009041454729  0.006765206984  0.004561823070  0.000000000000  0.000000000000  0.002246427493  0.009198822727  0.004506439576  0.002247667955  0.011329091025  0.000000000000  0.000000000000  0.009250556719  
melgal2    0.007963688037  0.006349935070  0.011037404222  0.005163948612  0.019604089053  0.008499564905  0.006441753497  0.006854121970  0.006487248748  0.002246427493  0.000000000000  0.006459312960  0.006349935070  0.010630542091  0.008896565797  0.002287537868  0.007567259500  0.010848700664  
pavo_cristatus 0.002637470813  0.012990389370  0.019453312131  0.010365347562  0.019651310345  0.004297181642  0.004353302675  0.006985696669  0.013046886881  0.009198822727  0.006459312960  0.000000000000  0.008623686198  0.017399198088  0.004500234959  0.009198822727  0.015233221111  0.008659834564  
perdix_dauuricae 0.010626862905  0.006359815432  0.011061694838  0.005162343546  0.021792048574  0.006349935070  0.008594622893  0.006857999816  0.006497562018  0.004506439576  0.006349935070  0.008623686198  0.000000000000  0.010649375000  0.008880858714  0.004589163409  0.007581302999  0.013036331039  
phasianus_colchicus 0.021501291903  0.004230032858  0.008271081570  0.005162343546  0.026277219773  0.014951602974  0.015145721760  0.004561823070  0.004321432532  0.002247667955  0.010630542091  0.017399198088  0.010649375000  0.000000000000  0.015653812969  0.002288824174  0.002513159738  0.021917036089  
rollulus_rouloul 0.002794034749  0.013384995840  0.020700123318  0.010367066703  0.015898217780  0.002207965687  0.004426645304  0.009156706469  0.013690426724  0.011329091025  0.008896565797  0.004500234959  0.008880858714  0.015653812969  0.000000000000  0.011538249225  0.015778765263  0.006807177901  
syrmaticus_ellioti 0.011513991362  0.000000000000  0.002977029693  0.002576316048  0.018601214695  0.009207966117  0.006889499039  0.004646611553  0.000000000000  0.000000000000  0.002287537868  0.009198822727  0.004589163409  0.002288824174  0.011538249225  0.000000000000  0.000000000000  0.009250556719  
syrmaticus_reevesii 0.016381958559  0.000000000000  0.002801863277  0.002679879539  0.023078524469  0.012679436098  0.015257119438  0.005399264318  0.000000000000  0.000000000000  0.007567259500  0.015233221111  0.007581302999  0.002513159738  0.015778765263  0.000000000000  0.000000000000  0.015257119438  
tragopan_blythii 0.010614669556  0.017455123050  0.025119461171  0.010367066703  0.026462665016  0.010848700664  0.006572525018  0.007014381573  0.017455123050  0.009250556719  0.010848700664  0.008659834564  0.013036331039  0.021917036089  0.006807177901  0.009250556719  0.015257119438  0.000000000000  

