18
alectoris_rufa 0.000000000000  0.011058927062  0.003665086522  0.007852807144  0.054167637820  0.007361427637  0.007344488937  0.014850038220  0.026243409054  0.007361427637  0.014850038220  0.007361427637  0.018643425447  0.003665086522  0.015675878605  0.007791619399  0.007361427637  0.029721573898  
catreus_wallichi 0.011058927062  0.000000000000  0.006185944159  0.006936899737  0.061205097058  0.015525789443  0.012360141327  0.009251382885  0.018660601111  0.003183658747  0.021892355598  0.018697383676  0.022382460299  0.006322840110  0.023666480873  0.007212064810  0.003193826839  0.040958787320  
chrysolophus_pictus 0.003665086522  0.006185944159  0.000000000000  0.007000674671  0.053708479652  0.009330475375  0.006185944159  0.009330475375  0.018814662127  0.003206720690  0.015664275011  0.012485806355  0.015913577223  0.000000000000  0.015675878605  0.007228396208  0.003196470456  0.031615877435  
crossoptilon_crossoptilon 0.007852807144  0.006936899737  0.007000674671  0.000000000000  0.047839819712  0.014017329810  0.010442967509  0.010470271930  0.021134607371  0.003462065090  0.017593653634  0.014017329810  0.018038012539  0.007176520283  0.024401495161  0.004152054224  0.003510682193  0.038105801946  
cyrtonyx_montezumae 0.054167637820  0.061205097058  0.053708479652  0.047839819712  0.000000000000  0.046152291359  0.053543979327  0.065295633815  0.069004061223  0.051192966603  0.057536550828  0.049913920381  0.057536550828  0.053708479652  0.048651063613  0.058307823455  0.054489897596  0.083090408747  
galgal4    0.007361427637  0.015525789443  0.009330475375  0.014017329810  0.046152291359  0.000000000000  0.009251382885  0.018748301473  0.028353829074  0.009629995429  0.018748301473  0.003068942700  0.019167622051  0.009538139448  0.011706247393  0.007228396208  0.009661008531  0.031615877435  
lophophorus_impejanus 0.007344488937  0.012360141327  0.006185944159  0.010442967509  0.053543979327  0.009251382885  0.000000000000  0.015525789443  0.025053993113  0.006383382397  0.015525789443  0.012377233272  0.015870792093  0.006322840110  0.019638890807  0.007212064810  0.006403821632  0.022418382943  
lophura_inornata 0.014850038220  0.009251382885  0.009330475375  0.010470271930  0.065295633815  0.018748301473  0.015525789443  0.000000000000  0.015525789443  0.006396166660  0.025182375952  0.021953400669  0.019167622051  0.009538139448  0.027807673095  0.010888305990  0.006416688136  0.045877881107  
lophura_nycthemera 0.026243409054  0.018660601111  0.018814662127  0.021134607371  0.069004061223  0.028353829074  0.025053993113  0.015525789443  0.000000000000  0.016126762359  0.034913082340  0.031621048626  0.028993445067  0.019236984629  0.040161846099  0.021986681770  0.016178950535  0.040958787320  
lophura_swinhoii 0.007361427637  0.003183658747  0.003206720690  0.003462065090  0.051192966603  0.009629995429  0.006383382397  0.006396166660  0.016126762359  0.000000000000  0.016170944165  0.009629995429  0.016545569082  0.003280355317  0.019682200350  0.000000000000  0.000000000000  0.028588263741  
melgal2    0.014850038220  0.021892355598  0.015664275011  0.017593653634  0.057536550828  0.018748301473  0.015525789443  0.025182375952  0.034913082340  0.016170944165  0.000000000000  0.021953400669  0.025749927978  0.016015534526  0.027807673095  0.018302158870  0.016223419874  0.041071550547  
pavo_cristatus 0.007361427637  0.018697383676  0.012485806355  0.014017329810  0.049913920381  0.003068942700  0.012377233272  0.021953400669  0.031621048626  0.009629995429  0.021953400669  0.000000000000  0.022446280571  0.012764737646  0.011706247393  0.010888305990  0.012929795171  0.036317930527  
perdix_dauuricae 0.018643425447  0.022382460299  0.015913577223  0.018038012539  0.057536550828  0.019167622051  0.015870792093  0.019167622051  0.028993445067  0.016545569082  0.025749927978  0.022446280571  0.000000000000  0.016015534526  0.031928252009  0.018302158870  0.016382910779  0.036317930527  
phasianus_colchicus 0.003665086522  0.006322840110  0.000000000000  0.007176520283  0.053708479652  0.009538139448  0.006322840110  0.009538139448  0.019236984629  0.003280355317  0.016015534526  0.012764737646  0.016015534526  0.000000000000  0.015675878605  0.007228396208  0.003248387569  0.031615877435  
rollulus_rouloul 0.015675878605  0.023666480873  0.015675878605  0.024401495161  0.048651063613  0.011706247393  0.019638890807  0.027807673095  0.040161846099  0.019682200350  0.027807673095  0.011706247393  0.031928252009  0.015675878605  0.000000000000  0.020488860106  0.019682200350  0.047592062562  
syrmaticus_ellioti 0.007791619399  0.007212064810  0.007228396208  0.004152054224  0.058307823455  0.007228396208  0.007212064810  0.010888305990  0.021986681770  0.000000000000  0.018302158870  0.010888305990  0.018302158870  0.007228396208  0.020488860106  0.000000000000  0.000000000000  0.031615877435  
syrmaticus_reevesii 0.007361427637  0.003193826839  0.003196470456  0.003510682193  0.054489897596  0.009661008531  0.006403821632  0.006416688136  0.016178950535  0.000000000000  0.016223419874  0.012929795171  0.016382910779  0.003248387569  0.019682200350  0.000000000000  0.000000000000  0.028185247720  
tragopan_blythii 0.029721573898  0.040958787320  0.031615877435  0.038105801946  0.083090408747  0.031615877435  0.022418382943  0.045877881107  0.040958787320  0.028588263741  0.041071550547  0.036317930527  0.036317930527  0.031615877435  0.047592062562  0.031615877435  0.028185247720  0.000000000000  

