18
alectoris_rufa 0.000000000000  0.000000000000  0.000000000000  0.000000000000  0.013992065880  0.004446459946  0.000000000000  0.000000000000  0.000000000000  0.000000000000  0.004441748734  0.000000000000  0.000000000000  0.000000000000  0.004446459946  0.000000000000  0.000000000000  0.010482666401  
catreus_wallichi 0.000000000000  0.000000000000  0.000000000000  0.000000000000  0.013488743264  0.004100072079  0.000000000000  0.000000000000  0.000000000000  0.000000000000  0.004096066287  0.000000000000  0.000000000000  0.000000000000  0.004185884820  0.000000000000  0.000000000000  0.010482666401  
chrysolophus_pictus 0.000000000000  0.000000000000  0.000000000000  0.000000000000  0.011086826166  0.005157358095  0.000000000000  0.000000000000  0.000000000000  0.000000000000  0.005151020053  0.000000000000  0.000000000000  0.000000000000  0.005157358095  0.000000000000  0.000000000000  0.011710276412  
crossoptilon_crossoptilon 0.000000000000  0.000000000000  0.000000000000  0.000000000000  0.013488743264  0.004221224189  0.000000000000  0.000000000000  0.000000000000  0.000000000000  0.004216978172  0.000000000000  0.000000000000  0.000000000000  0.004221224189  0.000000000000  0.000000000000  0.010482666401  
cyrtonyx_montezumae 0.013992065880  0.013488743264  0.011086826166  0.013488743264  0.000000000000  0.018070475717  0.013488743264  0.013927105787  0.013488743264  0.013862746114  0.018035717586  0.013488743264  0.014605172775  0.013488743264  0.008952741321  0.014190633894  0.013549669246  0.021236912543  
galgal4    0.004446459946  0.004100072079  0.005157358095  0.004221224189  0.018070475717  0.000000000000  0.004050252760  0.004239118588  0.004185884820  0.004221224189  0.008117026470  0.004221224189  0.004810054211  0.004387927257  0.008410682735  0.004312239506  0.004446459946  0.015816088603  
lophophorus_impejanus 0.000000000000  0.000000000000  0.000000000000  0.000000000000  0.013488743264  0.004050252760  0.000000000000  0.000000000000  0.000000000000  0.000000000000  0.004046343722  0.000000000000  0.000000000000  0.000000000000  0.004185884820  0.000000000000  0.000000000000  0.010482666401  
lophura_inornata 0.000000000000  0.000000000000  0.000000000000  0.000000000000  0.013927105787  0.004239118588  0.000000000000  0.000000000000  0.000000000000  0.000000000000  0.004234836497  0.000000000000  0.000000000000  0.000000000000  0.004387927257  0.000000000000  0.000000000000  0.010482666401  
lophura_nycthemera 0.000000000000  0.000000000000  0.000000000000  0.000000000000  0.013488743264  0.004185884820  0.000000000000  0.000000000000  0.000000000000  0.000000000000  0.004181709598  0.000000000000  0.000000000000  0.000000000000  0.004185884820  0.000000000000  0.000000000000  0.010482666401  
lophura_swinhoii 0.000000000000  0.000000000000  0.000000000000  0.000000000000  0.013862746114  0.004221224189  0.000000000000  0.000000000000  0.000000000000  0.000000000000  0.004216978172  0.000000000000  0.000000000000  0.000000000000  0.004368757319  0.000000000000  0.000000000000  0.010482666401  
melgal2    0.004441748734  0.004096066287  0.005151020053  0.004216978172  0.018035717586  0.008117026470  0.004046343722  0.004234836497  0.004181709598  0.004216978172  0.000000000000  0.004216978172  0.004804541032  0.004383339261  0.008389419303  0.004307808419  0.004441748734  0.015755835032  
pavo_cristatus 0.000000000000  0.000000000000  0.000000000000  0.000000000000  0.013488743264  0.004221224189  0.000000000000  0.000000000000  0.000000000000  0.000000000000  0.004216978172  0.000000000000  0.000000000000  0.000000000000  0.004221224189  0.000000000000  0.000000000000  0.010482666401  
perdix_dauuricae 0.000000000000  0.000000000000  0.000000000000  0.000000000000  0.014605172775  0.004810054211  0.000000000000  0.000000000000  0.000000000000  0.000000000000  0.004804541032  0.000000000000  0.000000000000  0.000000000000  0.004810054211  0.000000000000  0.000000000000  0.010482666401  
phasianus_colchicus 0.000000000000  0.000000000000  0.000000000000  0.000000000000  0.013488743264  0.004387927257  0.000000000000  0.000000000000  0.000000000000  0.000000000000  0.004383339261  0.000000000000  0.000000000000  0.000000000000  0.004387927257  0.000000000000  0.000000000000  0.010537901516  
rollulus_rouloul 0.004446459946  0.004185884820  0.005157358095  0.004221224189  0.008952741321  0.008410682735  0.004185884820  0.004387927257  0.004185884820  0.004368757319  0.008389419303  0.004221224189  0.004810054211  0.004387927257  0.000000000000  0.004466319415  0.004446459946  0.015816088603  
syrmaticus_ellioti 0.000000000000  0.000000000000  0.000000000000  0.000000000000  0.014190633894  0.004312239506  0.000000000000  0.000000000000  0.000000000000  0.000000000000  0.004307808419  0.000000000000  0.000000000000  0.000000000000  0.004466319415  0.000000000000  0.000000000000  0.010482666401  
syrmaticus_reevesii 0.000000000000  0.000000000000  0.000000000000  0.000000000000  0.013549669246  0.004446459946  0.000000000000  0.000000000000  0.000000000000  0.000000000000  0.004441748734  0.000000000000  0.000000000000  0.000000000000  0.004446459946  0.000000000000  0.000000000000  0.010593721829  
tragopan_blythii 0.010482666401  0.010482666401  0.011710276412  0.010482666401  0.021236912543  0.015816088603  0.010482666401  0.010482666401  0.010482666401  0.010482666401  0.015755835032  0.010482666401  0.010482666401  0.010537901516  0.015816088603  0.010482666401  0.010593721829  0.000000000000  

