18
alectoris_rufa 0.000000000000  0.013306082229  0.016365972698  0.016365972698  0.023079606762  0.013045683878  0.013045683878  0.013045683878  0.016365972698  0.013045683878  0.013045683878  0.016806097755  0.013395207398  0.013174596385  0.017093403923  0.005183849778  0.009749279768  0.020242567140  
catreus_wallichi 0.013306082229  0.000000000000  0.002732928917  0.002794015876  0.016647538065  0.005482254578  0.002746166829  0.002784399050  0.002809716711  0.000000000000  0.000000000000  0.008293781869  0.000000000000  0.000000000000  0.008410036771  0.000000000000  0.002770790904  0.006648660175  
chrysolophus_pictus 0.016365972698  0.002732928917  0.000000000000  0.005467267922  0.018903098421  0.008006039459  0.005370569213  0.005443658567  0.005497323622  0.002681627879  0.002653168556  0.011030891494  0.002801844298  0.003226768224  0.011185126440  0.005183849778  0.005422795584  0.010009518092  
crossoptilon_crossoptilon 0.016365972698  0.002794015876  0.005467267922  0.000000000000  0.019427811799  0.008225559029  0.005458515816  0.005458515816  0.005497323622  0.002725480351  0.002725480351  0.011343735826  0.002809716711  0.003226768224  0.011506908440  0.000000000000  0.005467267922  0.010009518092  
cyrtonyx_montezumae 0.023079606762  0.016647538065  0.018903098421  0.019427811799  0.000000000000  0.010706107034  0.019065965177  0.019329237383  0.019536270127  0.016330334012  0.016154443955  0.013830609533  0.017073944881  0.016365972698  0.014024593136  0.010427012880  0.013679244339  0.023705002101  
galgal4    0.013045683878  0.005482254578  0.008006039459  0.008225559029  0.010706107034  0.000000000000  0.008077099329  0.008187317774  0.008270915523  0.005379040919  0.005321788037  0.002732928917  0.005620925320  0.006476419191  0.002770790904  0.005183849778  0.002703376289  0.013395207398  
lophophorus_impejanus 0.013045683878  0.002746166829  0.005370569213  0.005458515816  0.019065965177  0.008077099329  0.000000000000  0.005445347188  0.005488474950  0.002679930829  0.002679930829  0.011130283720  0.002799991679  0.000000000000  0.011287329222  0.000000000000  0.005414185390  0.006648660175  
lophura_inornata 0.013045683878  0.002784399050  0.005443658567  0.005458515816  0.019329237383  0.008187317774  0.005445347188  0.000000000000  0.005488474950  0.002716328785  0.002716328785  0.011287329222  0.002799991679  0.000000000000  0.011448870089  0.000000000000  0.005443658567  0.006648660175  
lophura_nycthemera 0.016365972698  0.002809716711  0.005497323622  0.005497323622  0.019536270127  0.008270915523  0.005488474950  0.005488474950  0.000000000000  0.002740418308  0.002740418308  0.011408446350  0.002825595004  0.003226768224  0.011573499559  0.000000000000  0.005497323622  0.010009518092  
lophura_swinhoii 0.013045683878  0.000000000000  0.002681627879  0.002725480351  0.016330334012  0.005379040919  0.002679930829  0.002716328785  0.002740418308  0.000000000000  0.000000000000  0.008339895987  0.000000000000  0.000000000000  0.008457456456  0.000000000000  0.002703376289  0.006648660175  
melgal2    0.013045683878  0.000000000000  0.002653168556  0.002725480351  0.016154443955  0.005321788037  0.002679930829  0.002716328785  0.002740418308  0.000000000000  0.000000000000  0.008248174922  0.000000000000  0.000000000000  0.008363145886  0.000000000000  0.002703376289  0.006648660175  
pavo_cristatus 0.016806097755  0.008293781869  0.011030891494  0.011343735826  0.013830609533  0.002732928917  0.011130283720  0.011287329222  0.011408446350  0.008339895987  0.008248174922  0.000000000000  0.008457456456  0.010110725648  0.005558437421  0.010427012880  0.005589506728  0.016806097755  
perdix_dauuricae 0.013395207398  0.000000000000  0.002801844298  0.002809716711  0.017073944881  0.005620925320  0.002799991679  0.002799991679  0.002825595004  0.000000000000  0.000000000000  0.008457456456  0.000000000000  0.000000000000  0.008578378711  0.000000000000  0.002801844298  0.006648660175  
phasianus_colchicus 0.013174596385  0.000000000000  0.003226768224  0.003226768224  0.016365972698  0.006476419191  0.000000000000  0.000000000000  0.003226768224  0.000000000000  0.000000000000  0.010110725648  0.000000000000  0.000000000000  0.010284031162  0.000000000000  0.003226768224  0.006715636338  
rollulus_rouloul 0.017093403923  0.008410036771  0.011185126440  0.011506908440  0.014024593136  0.002770790904  0.011287329222  0.011448870089  0.011573499559  0.008457456456  0.008363145886  0.005558437421  0.008578378711  0.010284031162  0.000000000000  0.010427012880  0.005668721111  0.017093403923  
syrmaticus_ellioti 0.005183849778  0.000000000000  0.005183849778  0.000000000000  0.010427012880  0.005183849778  0.000000000000  0.000000000000  0.000000000000  0.000000000000  0.000000000000  0.010427012880  0.000000000000  0.000000000000  0.010427012880  0.000000000000  0.000000000000  0.000000000000  
syrmaticus_reevesii 0.009749279768  0.002770790904  0.005422795584  0.005467267922  0.013679244339  0.002703376289  0.005414185390  0.005443658567  0.005497323622  0.002703376289  0.002703376289  0.005589506728  0.002801844298  0.003226768224  0.005668721111  0.000000000000  0.000000000000  0.010009518092  
tragopan_blythii 0.020242567140  0.006648660175  0.010009518092  0.010009518092  0.023705002101  0.013395207398  0.006648660175  0.006648660175  0.010009518092  0.006648660175  0.006648660175  0.016806097755  0.006648660175  0.006715636338  0.017093403923  0.000000000000  0.010009518092  0.000000000000  

