18
alectoris_rufa 0.000000000000  0.013998850930  0.016735605862  0.013344972011  0.016735605862  0.016735605862  0.013344972011  0.013344972011  0.016722305598  0.016791814429  0.016735605862  0.020151844048  0.014954293678  0.017078617956  0.016735605862  0.016735605862  0.013389645013  0.013344972011  
catreus_wallichi 0.013998850930  0.000000000000  0.003473508430  0.000000000000  0.003473508430  0.006973893110  0.000000000000  0.000000000000  0.003470701624  0.003485615805  0.003473508430  0.006973893110  0.000000000000  0.003473508430  0.003473508430  0.003473508430  0.000000000000  0.000000000000  
chrysolophus_pictus 0.016735605862  0.003473508430  0.000000000000  0.002591387110  0.007804756855  0.010455820084  0.005197703643  0.005197703643  0.005189776590  0.005211247051  0.007819122620  0.007819122620  0.009625486619  0.006627253410  0.007819122620  0.005379450856  0.003155634448  0.002763242771  
crossoptilon_crossoptilon 0.013344972011  0.000000000000  0.002591387110  0.000000000000  0.005189776590  0.007819122620  0.002591387110  0.002591387110  0.002589824881  0.002598119862  0.005197703643  0.005197703643  0.004787143920  0.003301491261  0.005197703643  0.002681729557  0.000000000000  0.000000000000  
cyrtonyx_montezumae 0.016735605862  0.003473508430  0.007804756855  0.005189776590  0.000000000000  0.013080505128  0.007804756855  0.007804756855  0.007799991973  0.007825114938  0.010434940429  0.010434940429  0.009625486619  0.006627253410  0.005189776590  0.008077963751  0.003155634448  0.005534449619  
galgal4    0.016735605862  0.006973893110  0.010455820084  0.007819122620  0.013080505128  0.000000000000  0.010455820084  0.010455820084  0.010434940429  0.010483223983  0.013107975177  0.013107975177  0.004787143920  0.009977645948  0.013107975177  0.010823639626  0.009533716529  0.008340883609  
lophophorus_impejanus 0.013344972011  0.000000000000  0.005197703643  0.002591387110  0.007804756855  0.010455820084  0.000000000000  0.005197703643  0.005189776590  0.005211247051  0.007819122620  0.007819122620  0.004787143920  0.003301491261  0.007819122620  0.005379450856  0.000000000000  0.002763242771  
lophura_inornata 0.013344972011  0.000000000000  0.005197703643  0.002591387110  0.007804756855  0.010455820084  0.005197703643  0.000000000000  0.005189776590  0.005211247051  0.007819122620  0.007819122620  0.004787143920  0.003301491261  0.007819122620  0.002681729557  0.003155634448  0.000000000000  
lophura_nycthemera 0.016722305598  0.003470701624  0.005189776590  0.002589824881  0.007799991973  0.010434940429  0.005189776590  0.005189776590  0.000000000000  0.005203278603  0.007804756855  0.007804756855  0.004787143920  0.006614360987  0.007804756855  0.005370959298  0.003153317851  0.002761466468  
lophura_swinhoii 0.016791814429  0.003485615805  0.005211247051  0.002598119862  0.007825114938  0.010483223983  0.005211247051  0.005211247051  0.005203278603  0.000000000000  0.007839555946  0.007839555946  0.009672037417  0.006649287061  0.007839555946  0.005393959297  0.003165624041  0.002770899463  
melgal2    0.016735605862  0.003473508430  0.007819122620  0.005197703643  0.010434940429  0.013107975177  0.007819122620  0.007819122620  0.007804756855  0.007839555946  0.000000000000  0.005197703643  0.009625486619  0.006627253410  0.010455820084  0.008093355764  0.003155634448  0.005543467302  
pavo_cristatus 0.020151844048  0.006973893110  0.007819122620  0.005197703643  0.010434940429  0.013107975177  0.007819122620  0.007819122620  0.007804756855  0.007839555946  0.005197703643  0.000000000000  0.014516135096  0.009977645948  0.010455820084  0.008093355764  0.006333435418  0.005543467302  
perdix_dauuricae 0.014954293678  0.000000000000  0.009625486619  0.004787143920  0.009625486619  0.004787143920  0.004787143920  0.004787143920  0.004787143920  0.009672037417  0.009625486619  0.014516135096  0.000000000000  0.004787143920  0.009625486619  0.004880601373  0.004787143920  0.000000000000  
phasianus_colchicus 0.017078617956  0.003473508430  0.006627253410  0.003301491261  0.006627253410  0.009977645948  0.003301491261  0.003301491261  0.006614360987  0.006649287061  0.006627253410  0.009977645948  0.004787143920  0.000000000000  0.006627253410  0.006716275949  0.003301491261  0.003356905481  
rollulus_rouloul 0.016735605862  0.003473508430  0.007819122620  0.005197703643  0.005189776590  0.013107975177  0.007819122620  0.007819122620  0.007804756855  0.007839555946  0.010455820084  0.010455820084  0.009625486619  0.006627253410  0.000000000000  0.008093355764  0.003155634448  0.002763242771  
syrmaticus_ellioti 0.016735605862  0.003473508430  0.005379450856  0.002681729557  0.008077963751  0.010823639626  0.005379450856  0.002681729557  0.005370959298  0.005393959297  0.008093355764  0.008093355764  0.004880601373  0.006716275949  0.008093355764  0.000000000000  0.003290627235  0.002763242771  
syrmaticus_reevesii 0.013389645013  0.000000000000  0.003155634448  0.000000000000  0.003155634448  0.009533716529  0.000000000000  0.003155634448  0.003153317851  0.003165624041  0.003155634448  0.006333435418  0.004787143920  0.003301491261  0.003155634448  0.003290627235  0.000000000000  0.000000000000  
tragopan_blythii 0.013344972011  0.000000000000  0.002763242771  0.000000000000  0.005534449619  0.008340883609  0.002763242771  0.000000000000  0.002761466468  0.002770899463  0.005543467302  0.005543467302  0.000000000000  0.003356905481  0.002763242771  0.002763242771  0.000000000000  0.000000000000  

