18
alectoris_rufa 0.000000000000  0.004568181691  0.004312099766  0.004486205810  0.004312099766  0.004312099766  0.004312099766  0.008665222316  0.004312099766  0.004387782560  0.004312099766  0.013016120797  0.008640948210  0.004312099766  0.004589145919  0.004764050836  0.004547408133  0.004696921125  
catreus_wallichi 0.004568181691  0.000000000000  0.000000000000  0.000000000000  0.000000000000  0.000000000000  0.000000000000  0.004017585811  0.000000000000  0.000000000000  0.000000000000  0.008017434707  0.003997301231  0.000000000000  0.000000000000  0.000000000000  0.000000000000  0.000000000000  
chrysolophus_pictus 0.004312099766  0.000000000000  0.000000000000  0.000000000000  0.000000000000  0.000000000000  0.000000000000  0.003985560941  0.000000000000  0.000000000000  0.000000000000  0.007985422959  0.003981386348  0.000000000000  0.000000000000  0.000000000000  0.000000000000  0.000000000000  
crossoptilon_crossoptilon 0.004486205810  0.000000000000  0.000000000000  0.000000000000  0.000000000000  0.000000000000  0.000000000000  0.003954042588  0.000000000000  0.000000000000  0.000000000000  0.007591385051  0.003785457588  0.000000000000  0.000000000000  0.000000000000  0.000000000000  0.000000000000  
cyrtonyx_montezumae 0.004312099766  0.000000000000  0.000000000000  0.000000000000  0.000000000000  0.000000000000  0.000000000000  0.003818167016  0.000000000000  0.000000000000  0.000000000000  0.007340617481  0.003660738880  0.000000000000  0.000000000000  0.000000000000  0.000000000000  0.000000000000  
galgal4    0.004312099766  0.000000000000  0.000000000000  0.000000000000  0.000000000000  0.000000000000  0.000000000000  0.003818167016  0.000000000000  0.000000000000  0.000000000000  0.007340617481  0.003660738880  0.000000000000  0.000000000000  0.000000000000  0.000000000000  0.000000000000  
lophophorus_impejanus 0.004312099766  0.000000000000  0.000000000000  0.000000000000  0.000000000000  0.000000000000  0.000000000000  0.003818167016  0.000000000000  0.000000000000  0.000000000000  0.007340617481  0.003660738880  0.000000000000  0.000000000000  0.000000000000  0.000000000000  0.000000000000  
lophura_inornata 0.008665222316  0.004017585811  0.003985560941  0.003954042588  0.003818167016  0.003818167016  0.003818167016  0.000000000000  0.003818167016  0.003877385385  0.003818167016  0.011516990900  0.007649455745  0.003818167016  0.004033792021  0.004168305542  0.004486205810  0.004203347460  
lophura_nycthemera 0.004312099766  0.000000000000  0.000000000000  0.000000000000  0.000000000000  0.000000000000  0.000000000000  0.003818167016  0.000000000000  0.000000000000  0.000000000000  0.007340617481  0.003660738880  0.000000000000  0.000000000000  0.000000000000  0.000000000000  0.000000000000  
lophura_swinhoii 0.004387782560  0.000000000000  0.000000000000  0.000000000000  0.000000000000  0.000000000000  0.000000000000  0.003877385385  0.000000000000  0.000000000000  0.000000000000  0.007449993888  0.003715139747  0.000000000000  0.000000000000  0.000000000000  0.000000000000  0.000000000000  
melgal2    0.004312099766  0.000000000000  0.000000000000  0.000000000000  0.000000000000  0.000000000000  0.000000000000  0.003818167016  0.000000000000  0.000000000000  0.000000000000  0.007340617481  0.003660738880  0.000000000000  0.000000000000  0.000000000000  0.000000000000  0.000000000000  
pavo_cristatus 0.013016120797  0.008017434707  0.007985422959  0.007591385051  0.007340617481  0.007340617481  0.007340617481  0.011516990900  0.007340617481  0.007449993888  0.007340617481  0.000000000000  0.011039508940  0.007340617481  0.007738246950  0.004050129508  0.008990544841  0.004203347460  
perdix_dauuricae 0.008640948210  0.003997301231  0.003981386348  0.003785457588  0.003660738880  0.003660738880  0.003660738880  0.007649455745  0.003660738880  0.003715139747  0.003660738880  0.011039508940  0.000000000000  0.003660738880  0.003858488661  0.004045818552  0.004480916523  0.004198704154  
phasianus_colchicus 0.004312099766  0.000000000000  0.000000000000  0.000000000000  0.000000000000  0.000000000000  0.000000000000  0.003818167016  0.000000000000  0.000000000000  0.000000000000  0.007340617481  0.003660738880  0.000000000000  0.000000000000  0.000000000000  0.000000000000  0.000000000000  
rollulus_rouloul 0.004589145919  0.000000000000  0.000000000000  0.000000000000  0.000000000000  0.000000000000  0.000000000000  0.004033792021  0.000000000000  0.000000000000  0.000000000000  0.007738246950  0.003858488661  0.000000000000  0.000000000000  0.000000000000  0.000000000000  0.000000000000  
syrmaticus_ellioti 0.004764050836  0.000000000000  0.000000000000  0.000000000000  0.000000000000  0.000000000000  0.000000000000  0.004168305542  0.000000000000  0.000000000000  0.000000000000  0.004050129508  0.004045818552  0.000000000000  0.000000000000  0.000000000000  0.000000000000  0.000000000000  
syrmaticus_reevesii 0.004547408133  0.000000000000  0.000000000000  0.000000000000  0.000000000000  0.000000000000  0.000000000000  0.004486205810  0.000000000000  0.000000000000  0.000000000000  0.008990544841  0.004480916523  0.000000000000  0.000000000000  0.000000000000  0.000000000000  0.000000000000  
tragopan_blythii 0.004696921125  0.000000000000  0.000000000000  0.000000000000  0.000000000000  0.000000000000  0.000000000000  0.004203347460  0.000000000000  0.000000000000  0.000000000000  0.004203347460  0.004198704154  0.000000000000  0.000000000000  0.000000000000  0.000000000000  0.000000000000  

