18
alectoris_rufa 0.000000000000  0.003426296823  0.000000000000  0.000000000000  0.003411381485  0.006855944980  0.000000000000  0.003423058892  0.003674629443  0.003423058892  0.000000000000  0.006840376906  0.000000000000  0.000000000000  0.000000000000  0.000000000000  0.000000000000  0.000000000000  
catreus_wallichi 0.003426296823  0.000000000000  0.005365973997  0.012037895788  0.027374840063  0.024615354613  0.008073743143  0.008056556848  0.008762530768  0.010773372256  0.008056556848  0.019026113330  0.005835693003  0.005365973997  0.008586958481  0.007415175657  0.007945440694  0.005735283491  
chrysolophus_pictus 0.000000000000  0.005365973997  0.000000000000  0.005981183910  0.021766324744  0.019026113330  0.002674793623  0.002672820362  0.002905823296  0.005356440896  0.002672820362  0.013507094969  0.005835693003  0.000000000000  0.002847894777  0.000000000000  0.000000000000  0.000000000000  
crossoptilon_crossoptilon 0.000000000000  0.012037895788  0.005981183910  0.000000000000  0.030584520813  0.027488015553  0.008999101332  0.008991583521  0.008991583521  0.005983169826  0.008991583521  0.021235602674  0.012037895788  0.005981183910  0.006422984025  0.000000000000  0.003954756536  0.003216878214  
cyrtonyx_montezumae 0.003411381485  0.027374840063  0.021766324744  0.030584520813  0.000000000000  0.035749682306  0.018937316101  0.024519425178  0.026702292031  0.027324373711  0.024452793867  0.030064924082  0.029736243878  0.021766324744  0.005693606969  0.003688182209  0.003950442670  0.002847894777  
galgal4    0.006855944980  0.024615354613  0.019026113330  0.027488015553  0.035749682306  0.000000000000  0.016213997820  0.021766324744  0.023701266495  0.024561631615  0.021707253892  0.027300085259  0.026736574396  0.019026113330  0.014336282213  0.007415175657  0.011934890206  0.011484854630  
lophophorus_impejanus 0.000000000000  0.008073743143  0.002674793623  0.008999101332  0.018937316101  0.016213997820  0.000000000000  0.005356440896  0.005824416527  0.008056556848  0.005342133388  0.010744432620  0.008757232596  0.002674793623  0.002839807283  0.000000000000  0.000000000000  0.000000000000  
lophura_inornata 0.003423058892  0.008056556848  0.002672820362  0.008991583521  0.024519425178  0.021766324744  0.005356440896  0.000000000000  0.000000000000  0.002674793623  0.005358031644  0.016228514440  0.008762530768  0.002672820362  0.005709862007  0.003688182209  0.003950442670  0.002856028469  
lophura_nycthemera 0.003674629443  0.008762530768  0.002905823296  0.008991583521  0.026702292031  0.023701266495  0.005824416527  0.000000000000  0.000000000000  0.002908155914  0.005826299119  0.017661764717  0.008762530768  0.002905823296  0.006244715558  0.003688182209  0.003950442670  0.003123667819  
lophura_swinhoii 0.003423058892  0.010773372256  0.005356440896  0.005983169826  0.027324373711  0.024561631615  0.008056556848  0.002674793623  0.002908155914  0.000000000000  0.008050537541  0.018988693059  0.011720428909  0.005356440896  0.008580116577  0.003688182209  0.007924525815  0.005724392000  
melgal2    0.000000000000  0.008056556848  0.002672820362  0.008991583521  0.024452793867  0.021707253892  0.005342133388  0.005358031644  0.005826299119  0.008050537541  0.000000000000  0.016184735121  0.008737010712  0.002672820362  0.005693606969  0.000000000000  0.003950442670  0.002847894777  
pavo_cristatus 0.006840376906  0.019026113330  0.013507094969  0.021235602674  0.030064924082  0.027300085259  0.010744432620  0.016228514440  0.017661764717  0.018988693059  0.016184735121  0.000000000000  0.014655293853  0.013507094969  0.011436455873  0.007396961701  0.011934890206  0.008586958481  
perdix_dauuricae 0.000000000000  0.005835693003  0.005835693003  0.012037895788  0.029736243878  0.026736574396  0.008757232596  0.008762530768  0.008762530768  0.011720428909  0.008737010712  0.014655293853  0.000000000000  0.005835693003  0.009364281508  0.003691941726  0.007945440694  0.006255509823  
phasianus_colchicus 0.000000000000  0.005365973997  0.000000000000  0.005981183910  0.021766324744  0.019026113330  0.002674793623  0.002672820362  0.002905823296  0.005356440896  0.002672820362  0.013507094969  0.005835693003  0.000000000000  0.002847894777  0.000000000000  0.000000000000  0.000000000000  
rollulus_rouloul 0.000000000000  0.008586958481  0.002847894777  0.006422984025  0.005693606969  0.014336282213  0.002839807283  0.005709862007  0.006244715558  0.008580116577  0.005693606969  0.011436455873  0.009364281508  0.002847894777  0.000000000000  0.003688182209  0.003966110647  0.002847894777  
syrmaticus_ellioti 0.000000000000  0.007415175657  0.000000000000  0.000000000000  0.003688182209  0.007415175657  0.000000000000  0.003688182209  0.003688182209  0.003688182209  0.000000000000  0.007396961701  0.003691941726  0.000000000000  0.003688182209  0.000000000000  0.000000000000  0.000000000000  
syrmaticus_reevesii 0.000000000000  0.007945440694  0.000000000000  0.003954756536  0.003950442670  0.011934890206  0.000000000000  0.003950442670  0.003950442670  0.007924525815  0.003950442670  0.011934890206  0.007945440694  0.000000000000  0.003966110647  0.000000000000  0.000000000000  0.000000000000  
tragopan_blythii 0.000000000000  0.005735283491  0.000000000000  0.003216878214  0.002847894777  0.011484854630  0.000000000000  0.002856028469  0.003123667819  0.005724392000  0.002847894777  0.008586958481  0.006255509823  0.000000000000  0.002847894777  0.000000000000  0.000000000000  0.000000000000  

