18
alectoris_rufa 0.000000000000  0.000000000000  0.000000000000  0.000000000000  0.000000000000  0.000000000000  0.000000000000  0.000000000000  0.000000000000  0.000000000000  0.000000000000  0.000000000000  0.000000000000  0.000000000000  0.011943464814  0.000000000000  0.005926592839  0.000000000000  
catreus_wallichi 0.000000000000  0.000000000000  0.010711832506  0.006844624987  0.018296494129  0.017284400822  0.006844624987  0.007037298431  0.006963787975  0.010142084699  0.006844624987  0.010475242781  0.007037298431  0.006988120222  0.014558894512  0.005492914374  0.013449241480  0.010598300239  
chrysolophus_pictus 0.000000000000  0.010711832506  0.000000000000  0.003549469016  0.011360909646  0.014344389673  0.003549469016  0.003653205245  0.003613601284  0.000000000000  0.003549469016  0.007241133602  0.003653205245  0.003626706849  0.010232407541  0.000000000000  0.004678763639  0.007340513278  
crossoptilon_crossoptilon 0.000000000000  0.006844624987  0.003549469016  0.000000000000  0.010906556767  0.010306990235  0.000000000000  0.000000000000  0.000000000000  0.000000000000  0.000000000000  0.003471576920  0.000000000000  0.000000000000  0.009687200091  0.000000000000  0.004449748554  0.003512070807  
cyrtonyx_montezumae 0.000000000000  0.018296494129  0.011360909646  0.010906556767  0.000000000000  0.014657094073  0.010906556767  0.010986443363  0.010906556767  0.005057363781  0.010906556767  0.007260566574  0.010986443363  0.010906556767  0.019617960399  0.011083002552  0.013502511175  0.014713779548  
galgal4    0.000000000000  0.017284400822  0.014344389673  0.010306990235  0.014657094073  0.000000000000  0.010306990235  0.010598300239  0.010487149441  0.000000000000  0.010306990235  0.006981755762  0.010598300239  0.010523939742  0.014621372180  0.005502631333  0.008950196071  0.014191697471  
lophophorus_impejanus 0.000000000000  0.006844624987  0.003549469016  0.000000000000  0.010906556767  0.010306990235  0.000000000000  0.000000000000  0.000000000000  0.000000000000  0.000000000000  0.003471576920  0.000000000000  0.000000000000  0.009687200091  0.000000000000  0.004449748554  0.003512070807  
lophura_inornata 0.000000000000  0.007037298431  0.003653205245  0.000000000000  0.010986443363  0.010598300239  0.000000000000  0.000000000000  0.000000000000  0.000000000000  0.000000000000  0.003508113153  0.000000000000  0.000000000000  0.009687200091  0.000000000000  0.004449748554  0.003512070807  
lophura_nycthemera 0.000000000000  0.006963787975  0.003613601284  0.000000000000  0.010906556767  0.010487149441  0.000000000000  0.000000000000  0.000000000000  0.000000000000  0.000000000000  0.003471576920  0.000000000000  0.000000000000  0.009687200091  0.000000000000  0.004449748554  0.003512070807  
lophura_swinhoii 0.000000000000  0.010142084699  0.000000000000  0.000000000000  0.005057363781  0.000000000000  0.000000000000  0.000000000000  0.000000000000  0.000000000000  0.000000000000  0.000000000000  0.000000000000  0.000000000000  0.011207220445  0.000000000000  0.005057363781  0.000000000000  
melgal2    0.000000000000  0.006844624987  0.003549469016  0.000000000000  0.010906556767  0.010306990235  0.000000000000  0.000000000000  0.000000000000  0.000000000000  0.000000000000  0.003471576920  0.000000000000  0.000000000000  0.009687200091  0.000000000000  0.004449748554  0.003512070807  
pavo_cristatus 0.000000000000  0.010475242781  0.007241133602  0.003471576920  0.007260566574  0.006981755762  0.003471576920  0.003508113153  0.003471576920  0.000000000000  0.003471576920  0.000000000000  0.003508113153  0.003483670810  0.009687200091  0.000000000000  0.004449748554  0.007037298431  
perdix_dauuricae 0.000000000000  0.007037298431  0.003653205245  0.000000000000  0.010986443363  0.010598300239  0.000000000000  0.000000000000  0.000000000000  0.000000000000  0.000000000000  0.003508113153  0.000000000000  0.000000000000  0.009687200091  0.000000000000  0.004449748554  0.003512070807  
phasianus_colchicus 0.000000000000  0.006988120222  0.003626706849  0.000000000000  0.010906556767  0.010523939742  0.000000000000  0.000000000000  0.000000000000  0.000000000000  0.000000000000  0.003483670810  0.000000000000  0.000000000000  0.009687200091  0.000000000000  0.004449748554  0.003512070807  
rollulus_rouloul 0.011943464814  0.014558894512  0.010232407541  0.009687200091  0.019617960399  0.014621372180  0.009687200091  0.009687200091  0.009687200091  0.011207220445  0.009687200091  0.009687200091  0.009687200091  0.009687200091  0.000000000000  0.011083002552  0.015692232609  0.009687200091  
syrmaticus_ellioti 0.000000000000  0.005492914374  0.000000000000  0.000000000000  0.011083002552  0.005502631333  0.000000000000  0.000000000000  0.000000000000  0.000000000000  0.000000000000  0.000000000000  0.000000000000  0.000000000000  0.011083002552  0.000000000000  0.005502631333  0.000000000000  
syrmaticus_reevesii 0.005926592839  0.013449241480  0.004678763639  0.004449748554  0.013502511175  0.008950196071  0.004449748554  0.004449748554  0.004449748554  0.005057363781  0.004449748554  0.004449748554  0.004449748554  0.004449748554  0.015692232609  0.005502631333  0.000000000000  0.004449748554  
tragopan_blythii 0.000000000000  0.010598300239  0.007340513278  0.003512070807  0.014713779548  0.014191697471  0.003512070807  0.003512070807  0.003512070807  0.000000000000  0.003512070807  0.007037298431  0.003512070807  0.003512070807  0.009687200091  0.000000000000  0.004449748554  0.000000000000  

