18
alectoris_rufa 0.000000000000  0.001852309667  0.018753953622  0.002012613186  0.003323739860  0.001852309667  0.001852309667  0.001852309667  0.001852309667  0.002024838859  0.001852309667  0.005572126730  0.003733213657  0.003712424622  0.001972906149  0.002203291619  0.001873127370  0.004753635852  
catreus_wallichi 0.001852309667  0.000000000000  0.016824452381  0.001992561870  0.000000000000  0.000000000000  0.000000000000  0.000000000000  0.000000000000  0.000000000000  0.000000000000  0.003673765212  0.001845472883  0.001835311814  0.001972906149  0.000000000000  0.000000000000  0.002370419184  
chrysolophus_pictus 0.018753953622  0.016824452381  0.000000000000  0.002008570703  0.030517834263  0.016824452381  0.016824452381  0.016824452381  0.016824452381  0.012236366820  0.016824452381  0.020621558043  0.015015955798  0.018718845919  0.001972906149  0.000000000000  0.017047544760  0.024084184946  
crossoptilon_crossoptilon 0.002012613186  0.001992561870  0.002008570703  0.000000000000  0.003877988136  0.001992561870  0.002008570703  0.001992561870  0.001992561870  0.002193625207  0.001992561870  0.005995279564  0.003994158654  0.003994158654  0.004075551212  0.002331728869  0.002037213971  0.005294785549  
cyrtonyx_montezumae 0.003323739860  0.000000000000  0.030517834263  0.003877988136  0.000000000000  0.000000000000  0.000000000000  0.000000000000  0.000000000000  0.000000000000  0.000000000000  0.006657807214  0.003357215553  0.003323739860  0.003664805742  0.000000000000  0.000000000000  0.003323739860  
galgal4    0.001852309667  0.000000000000  0.016824452381  0.001992561870  0.000000000000  0.000000000000  0.000000000000  0.000000000000  0.000000000000  0.000000000000  0.000000000000  0.003673765212  0.001845472883  0.001835311814  0.001972906149  0.000000000000  0.000000000000  0.002370419184  
lophophorus_impejanus 0.001852309667  0.000000000000  0.016824452381  0.002008570703  0.000000000000  0.000000000000  0.000000000000  0.000000000000  0.000000000000  0.000000000000  0.000000000000  0.003700958202  0.001859197296  0.001848884955  0.001972906149  0.000000000000  0.000000000000  0.002370419184  
lophura_inornata 0.001852309667  0.000000000000  0.016824452381  0.001992561870  0.000000000000  0.000000000000  0.000000000000  0.000000000000  0.000000000000  0.000000000000  0.000000000000  0.003673765212  0.001845472883  0.001835311814  0.001972906149  0.000000000000  0.000000000000  0.002370419184  
lophura_nycthemera 0.001852309667  0.000000000000  0.016824452381  0.001992561870  0.000000000000  0.000000000000  0.000000000000  0.000000000000  0.000000000000  0.000000000000  0.000000000000  0.003673765212  0.001845472883  0.001835311814  0.001972906149  0.000000000000  0.000000000000  0.002370419184  
lophura_swinhoii 0.002024838859  0.000000000000  0.012236366820  0.002193625207  0.000000000000  0.000000000000  0.000000000000  0.000000000000  0.000000000000  0.000000000000  0.000000000000  0.004053502783  0.002024838859  0.002024838859  0.002123744574  0.000000000000  0.000000000000  0.002398850661  
melgal2    0.001852309667  0.000000000000  0.016824452381  0.001992561870  0.000000000000  0.000000000000  0.000000000000  0.000000000000  0.000000000000  0.000000000000  0.000000000000  0.003673765212  0.001845472883  0.001835311814  0.001972906149  0.000000000000  0.000000000000  0.002370419184  
pavo_cristatus 0.005572126730  0.003673765212  0.020621558043  0.005995279564  0.006657807214  0.003673765212  0.003700958202  0.003673765212  0.003673765212  0.004053502783  0.003673765212  0.000000000000  0.005551504077  0.005520854739  0.005935965952  0.004411113497  0.003749527313  0.007136186156  
perdix_dauuricae 0.003733213657  0.001845472883  0.015015955798  0.003994158654  0.003357215553  0.001845472883  0.001859197296  0.001845472883  0.001845472883  0.002024838859  0.001845472883  0.005551504077  0.000000000000  0.003698693421  0.003954669445  0.002203291619  0.001883712687  0.004787775194  
phasianus_colchicus 0.003712424622  0.001835311814  0.018718845919  0.003994158654  0.003323739860  0.001835311814  0.001848884955  0.001835311814  0.001835311814  0.002024838859  0.001835311814  0.005520854739  0.003698693421  0.000000000000  0.000000000000  0.002203291619  0.001873127370  0.004753635852  
rollulus_rouloul 0.001972906149  0.001972906149  0.001972906149  0.004075551212  0.003664805742  0.001972906149  0.001972906149  0.001972906149  0.001972906149  0.002123744574  0.001972906149  0.005935965952  0.003954669445  0.000000000000  0.000000000000  0.002252930350  0.001976806209  0.005092553381  
syrmaticus_ellioti 0.002203291619  0.000000000000  0.000000000000  0.002331728869  0.000000000000  0.000000000000  0.000000000000  0.000000000000  0.000000000000  0.000000000000  0.000000000000  0.004411113497  0.002203291619  0.002203291619  0.002252930350  0.000000000000  0.000000000000  0.002476067157  
syrmaticus_reevesii 0.001873127370  0.000000000000  0.017047544760  0.002037213971  0.000000000000  0.000000000000  0.000000000000  0.000000000000  0.000000000000  0.000000000000  0.000000000000  0.003749527313  0.001883712687  0.001873127370  0.001976806209  0.000000000000  0.000000000000  0.002370419184  
tragopan_blythii 0.004753635852  0.002370419184  0.024084184946  0.005294785549  0.003323739860  0.002370419184  0.002370419184  0.002370419184  0.002370419184  0.002398850661  0.002370419184  0.007136186156  0.004787775194  0.004753635852  0.005092553381  0.002476067157  0.002370419184  0.000000000000  

