18
alectoris_rufa 0.000000000000  0.020567985021  0.023658586139  0.006294246969  0.014061241502  0.023565414972  0.018825307910  0.029822230110  0.018825307910  0.035788172821  0.023565414972  0.014043894254  0.023771090771  0.019853264652  0.009627062842  0.012924495760  0.022287336824  0.024833948141  
catreus_wallichi 0.020567985021  0.000000000000  0.004610930878  0.000000000000  0.009691767206  0.023454847632  0.000000000000  0.004610930878  0.000000000000  0.010403981834  0.004605765866  0.013978451563  0.004833816920  0.000000000000  0.020255469732  0.000000000000  0.000000000000  0.004833816920  
chrysolophus_pictus 0.023658586139  0.004610930878  0.000000000000  0.000000000000  0.013431652290  0.026080010770  0.004257563969  0.013415810508  0.004257563969  0.019165137777  0.008533833208  0.017279922580  0.008938616960  0.004466758237  0.023327373818  0.000000000000  0.005184686141  0.008938616960  
crossoptilon_crossoptilon 0.006294246969  0.000000000000  0.000000000000  0.000000000000  0.006334116128  0.025434131510  0.000000000000  0.006254876581  0.000000000000  0.013963409816  0.006245372150  0.012598807045  0.006334116128  0.000000000000  0.013267471193  0.000000000000  0.000000000000  0.006672223219  
cyrtonyx_montezumae 0.014061241502  0.009691767206  0.013431652290  0.006334116128  0.000000000000  0.017960297322  0.008914201726  0.018754836326  0.008914201726  0.024041675896  0.013416821841  0.008914201726  0.013431652290  0.009373790180  0.013802453098  0.006374493595  0.010397151735  0.014061241502  
galgal4    0.023565414972  0.023454847632  0.026080010770  0.025434131510  0.017960297322  0.000000000000  0.021628267746  0.031828425237  0.021628267746  0.039017530927  0.026009764087  0.017220561425  0.027265474824  0.022709009213  0.023236797282  0.025928854030  0.026431249524  0.017995371260  
lophophorus_impejanus 0.018825307910  0.000000000000  0.004257563969  0.000000000000  0.008914201726  0.021628267746  0.000000000000  0.008898843953  0.000000000000  0.014313022932  0.004253160271  0.012896713230  0.004446894867  0.000000000000  0.018563176333  0.000000000000  0.000000000000  0.004446894867  
lophura_inornata 0.029822230110  0.004610930878  0.013415810508  0.006254876581  0.018754836326  0.031828425237  0.008898843953  0.000000000000  0.008898843953  0.020028894889  0.013371780588  0.022589476220  0.014043894254  0.008978747102  0.029383921898  0.006374493595  0.005184686141  0.014043894254  
lophura_nycthemera 0.018825307910  0.000000000000  0.004257563969  0.000000000000  0.008914201726  0.021628267746  0.000000000000  0.008898843953  0.000000000000  0.014313022932  0.004253160271  0.012896713230  0.004446894867  0.000000000000  0.018563176333  0.000000000000  0.000000000000  0.004446894867  
lophura_swinhoii 0.035788172821  0.010403981834  0.019165137777  0.013963409816  0.024041675896  0.039017530927  0.014313022932  0.020028894889  0.014313022932  0.000000000000  0.019159524460  0.024070670926  0.019165137777  0.010038429184  0.034046789502  0.000000000000  0.000000000000  0.020129698590  
melgal2    0.023565414972  0.004605765866  0.008533833208  0.006245372150  0.013416821841  0.026009764087  0.004253160271  0.013371780588  0.004253160271  0.019159524460  0.000000000000  0.017220561425  0.008914201726  0.004461911165  0.023236797282  0.006364622176  0.005178155779  0.008914201726  
pavo_cristatus 0.014043894254  0.013978451563  0.017279922580  0.012598807045  0.008914201726  0.017220561425  0.012896713230  0.022589476220  0.012896713230  0.024070670926  0.017220561425  0.000000000000  0.018060222914  0.013536891988  0.013849379159  0.006374493595  0.010430410432  0.018060222914  
perdix_dauuricae 0.023771090771  0.004833816920  0.008938616960  0.006334116128  0.013431652290  0.027265474824  0.004446894867  0.014043894254  0.004446894867  0.019165137777  0.008914201726  0.018060222914  0.000000000000  0.004675608181  0.023327373818  0.006374493595  0.005184686141  0.009356816639  
phasianus_colchicus 0.019853264652  0.000000000000  0.004466758237  0.000000000000  0.009373790180  0.022709009213  0.000000000000  0.008978747102  0.000000000000  0.010038429184  0.004461911165  0.013536891988  0.004675608181  0.000000000000  0.019561940878  0.000000000000  0.000000000000  0.004675608181  
rollulus_rouloul 0.009627062842  0.020255469732  0.023327373818  0.013267471193  0.013802453098  0.023236797282  0.018563176333  0.029383921898  0.018563176333  0.034046789502  0.023236797282  0.013849379159  0.023327373818  0.019561940878  0.000000000000  0.012841504990  0.021110843330  0.024469254226  
syrmaticus_ellioti 0.012924495760  0.000000000000  0.000000000000  0.000000000000  0.006374493595  0.025928854030  0.000000000000  0.006374493595  0.000000000000  0.000000000000  0.006364622176  0.006374493595  0.006374493595  0.000000000000  0.012841504990  0.000000000000  0.000000000000  0.006808509503  
syrmaticus_reevesii 0.022287336824  0.000000000000  0.005184686141  0.000000000000  0.010397151735  0.026431249524  0.000000000000  0.005184686141  0.000000000000  0.000000000000  0.005178155779  0.010430410432  0.005184686141  0.000000000000  0.021110843330  0.000000000000  0.000000000000  0.005468198441  
tragopan_blythii 0.024833948141  0.004833816920  0.008938616960  0.006672223219  0.014061241502  0.017995371260  0.004446894867  0.014043894254  0.004446894867  0.020129698590  0.008914201726  0.018060222914  0.009356816639  0.004675608181  0.024469254226  0.006808509503  0.005468198441  0.000000000000  

