18
alectoris_rufa 0.000000000000  0.010465679079  0.016371618346  0.009751273163  0.043317760001  0.016292912801  0.009751273163  0.010011619741  0.009751273163  0.009751273163  0.009751273163  0.013013135801  0.016371618346  0.003664526478  0.026339417923  0.003833084740  0.010011619741  0.013340022891  
catreus_wallichi 0.010465679079  0.000000000000  0.011187753095  0.005669392966  0.043048520437  0.022515736152  0.011187753095  0.005559083336  0.005559083336  0.005559083336  0.011187753095  0.022515736152  0.016887773497  0.000000000000  0.032516712351  0.006925917176  0.005559083336  0.014624838387  
chrysolophus_pictus 0.016371618346  0.011187753095  0.000000000000  0.005350859660  0.048990365909  0.023982281703  0.010567059195  0.005365214083  0.005252489844  0.005252489844  0.010567059195  0.026722079581  0.018658575438  0.007359162342  0.033594830433  0.003449624286  0.005365214083  0.014089077723  
crossoptilon_crossoptilon 0.009751273163  0.005669392966  0.005350859660  0.000000000000  0.041316559559  0.016178378646  0.005350859660  0.000000000000  0.000000000000  0.000000000000  0.005350859660  0.016207318852  0.013498464468  0.000000000000  0.027302256925  0.000000000000  0.000000000000  0.008410143008  
cyrtonyx_montezumae 0.043317760001  0.043048520437  0.048990365909  0.041316559559  0.000000000000  0.051787025240  0.037679303057  0.038616725335  0.043299270093  0.043299270093  0.043299270093  0.046076683417  0.046135814553  0.018567182886  0.049241209485  0.017464544469  0.038616725335  0.025621124039  
galgal4    0.016292912801  0.022515736152  0.023982281703  0.016178378646  0.051787025240  0.000000000000  0.018552263502  0.018954176968  0.018552263502  0.018552263502  0.018552263502  0.026685448564  0.026722079581  0.011041159121  0.033464887046  0.010391014593  0.018954176968  0.019797118273  
lophophorus_impejanus 0.009751273163  0.011187753095  0.010567059195  0.005350859660  0.037679303057  0.018552263502  0.000000000000  0.005365214083  0.005252489844  0.005252489844  0.005252489844  0.021259076263  0.013248085676  0.003664526478  0.024188686617  0.003449624286  0.005365214083  0.005597346368  
lophura_inornata 0.010011619741  0.005559083336  0.005365214083  0.000000000000  0.038616725335  0.018954176968  0.005365214083  0.000000000000  0.000000000000  0.000000000000  0.005365214083  0.021720901967  0.010795217323  0.000000000000  0.027981513987  0.000000000000  0.000000000000  0.008410143008  
lophura_nycthemera 0.009751273163  0.005559083336  0.005252489844  0.000000000000  0.043299270093  0.018552263502  0.005252489844  0.000000000000  0.000000000000  0.000000000000  0.005252489844  0.021259076263  0.013248085676  0.000000000000  0.027302256925  0.000000000000  0.000000000000  0.008410143008  
lophura_swinhoii 0.009751273163  0.005559083336  0.005252489844  0.000000000000  0.043299270093  0.018552263502  0.005252489844  0.000000000000  0.000000000000  0.000000000000  0.005252489844  0.021259076263  0.013248085676  0.000000000000  0.027302256925  0.000000000000  0.000000000000  0.008410143008  
melgal2    0.009751273163  0.011187753095  0.010567059195  0.005350859660  0.043299270093  0.018552263502  0.005252489844  0.005365214083  0.005252489844  0.005252489844  0.000000000000  0.021259076263  0.013248085676  0.003664526478  0.027302256925  0.003449624286  0.005365214083  0.008410143008  
pavo_cristatus 0.013013135801  0.022515736152  0.026722079581  0.016207318852  0.046076683417  0.026685448564  0.021259076263  0.021720901967  0.021259076263  0.021259076263  0.021259076263  0.000000000000  0.029478673333  0.011052277937  0.033522636026  0.013918829429  0.021720901967  0.019812617354  
perdix_dauuricae 0.016371618346  0.016887773497  0.018658575438  0.013498464468  0.046135814553  0.026722079581  0.013248085676  0.010795217323  0.013248085676  0.013248085676  0.013248085676  0.029478673333  0.000000000000  0.007359162342  0.027302256925  0.006925917176  0.010795217323  0.011240645354  
phasianus_colchicus 0.003664526478  0.000000000000  0.007359162342  0.000000000000  0.018567182886  0.011041159121  0.003664526478  0.000000000000  0.000000000000  0.000000000000  0.003664526478  0.011052277937  0.007359162342  0.000000000000  0.018526826743  0.000000000000  0.000000000000  0.003660901921  
rollulus_rouloul 0.026339417923  0.032516712351  0.033594830433  0.027302256925  0.049241209485  0.033464887046  0.024188686617  0.027981513987  0.027302256925  0.027302256925  0.027302256925  0.033522636026  0.027302256925  0.018526826743  0.000000000000  0.017551236042  0.027981513987  0.024788407665  
syrmaticus_ellioti 0.003833084740  0.006925917176  0.003449624286  0.000000000000  0.017464544469  0.010391014593  0.003449624286  0.000000000000  0.000000000000  0.000000000000  0.003449624286  0.013918829429  0.006925917176  0.000000000000  0.017551236042  0.000000000000  0.000000000000  0.003446412400  
syrmaticus_reevesii 0.010011619741  0.005559083336  0.005365214083  0.000000000000  0.038616725335  0.018954176968  0.005365214083  0.000000000000  0.000000000000  0.000000000000  0.005365214083  0.021720901967  0.010795217323  0.000000000000  0.027981513987  0.000000000000  0.000000000000  0.008410143008  
tragopan_blythii 0.013340022891  0.014624838387  0.014089077723  0.008410143008  0.025621124039  0.019797118273  0.005597346368  0.008410143008  0.008410143008  0.008410143008  0.008410143008  0.019812617354  0.011240645354  0.003660901921  0.024788407665  0.003446412400  0.008410143008  0.000000000000  

