18
alectoris_rufa 0.000000000000  0.020770321961  0.015690152649  0.017772996495  0.021117790052  0.008841620176  0.017749570541  0.017772996495  0.020803931047  0.007026396230  0.023812694295  0.008807747590  0.023999802816  0.020770321961  0.007508900330  0.007263464148  0.003719933733  0.020894332077  
catreus_wallichi 0.020770321961  0.000000000000  0.005565580416  0.007930104289  0.027416206607  0.016017328226  0.013274049347  0.007930104289  0.010604781145  0.003107305106  0.013274049347  0.018765583419  0.013367495674  0.011438466299  0.009956747395  0.003203852571  0.000000000000  0.016278082294  
chrysolophus_pictus 0.015690152649  0.005565580416  0.000000000000  0.002704000173  0.022450419530  0.010923354529  0.008145422416  0.002779148617  0.005515075968  0.003206955454  0.008145422416  0.013710870032  0.008231361922  0.003010920977  0.010298559590  0.003309897193  0.000000000000  0.011422464641  
crossoptilon_crossoptilon 0.017772996495  0.007930104289  0.002704000173  0.000000000000  0.026735884516  0.012985582481  0.010330878029  0.005282026613  0.007864515487  0.003013661057  0.010330878029  0.015641494392  0.010436354924  0.008563975315  0.009636896687  0.003104392077  0.000000000000  0.013548620063  
cyrtonyx_montezumae 0.021117790052  0.027416206607  0.022450419530  0.026735884516  0.000000000000  0.018582105982  0.026684431721  0.027470552803  0.029984664935  0.015288754733  0.026798945254  0.021257124877  0.029741361066  0.029696527434  0.012895534746  0.009420391814  0.007417281306  0.022224739733  
galgal4    0.008841620176  0.016017328226  0.010923354529  0.012985582481  0.018582105982  0.000000000000  0.012964274341  0.013331850414  0.015878081811  0.006048841288  0.012964274341  0.007786031890  0.018435270287  0.017311434990  0.006403050113  0.006223719770  0.003678877927  0.016322369031  
lophophorus_impejanus 0.017749570541  0.013274049347  0.008145422416  0.010330878029  0.026684431721  0.012964274341  0.000000000000  0.010604781145  0.013156438302  0.003013661057  0.015560358717  0.015623390893  0.013053389476  0.014340074508  0.009636896687  0.003104392077  0.000000000000  0.010805318923  
lophura_inornata 0.017772996495  0.007930104289  0.002779148617  0.005282026613  0.027470552803  0.013331850414  0.010604781145  0.000000000000  0.007947859306  0.003107305106  0.010604781145  0.016060205503  0.010687325458  0.008563975315  0.009956747395  0.003203852571  0.000000000000  0.013548620063  
lophura_nycthemera 0.020803931047  0.010604781145  0.005515075968  0.007864515487  0.029984664935  0.015878081811  0.013156438302  0.007947859306  0.000000000000  0.003069157700  0.013156438302  0.018593263217  0.013259505595  0.011455177854  0.009826292593  0.003163313269  0.000000000000  0.016309741105  
lophura_swinhoii 0.007026396230  0.003107305106  0.003206955454  0.003013661057  0.015288754733  0.006048841288  0.003013661057  0.003107305106  0.003069157700  0.000000000000  0.006035889576  0.012151184451  0.003041156216  0.006834309704  0.012895534746  0.006223719770  0.003678877927  0.003156343946  
melgal2    0.023812694295  0.013274049347  0.008145422416  0.010330878029  0.026798945254  0.012964274341  0.015560358717  0.010604781145  0.013156438302  0.006035889576  0.000000000000  0.020944469386  0.015711749420  0.014340074508  0.009636896687  0.000000000000  0.000000000000  0.019048692183  
pavo_cristatus 0.008807747590  0.018765583419  0.013710870032  0.015641494392  0.021257124877  0.007786031890  0.015623390893  0.016060205503  0.018593263217  0.012151184451  0.020944469386  0.000000000000  0.021144736623  0.020288662086  0.009636896687  0.009366107906  0.003678877927  0.019124502364  
perdix_dauuricae 0.023999802816  0.013367495674  0.008231361922  0.010436354924  0.029741361066  0.018435270287  0.013053389476  0.010687325458  0.013259505595  0.003041156216  0.015711749420  0.021144736623  0.000000000000  0.014449219518  0.009730673107  0.003133575720  0.000000000000  0.016398905088  
phasianus_colchicus 0.020770321961  0.011438466299  0.003010920977  0.008563975315  0.029696527434  0.017311434990  0.014340074508  0.008563975315  0.011455177854  0.006834309704  0.014340074508  0.020288662086  0.014449219518  0.000000000000  0.014696040420  0.007058388118  0.003678877927  0.011551561767  
rollulus_rouloul 0.007508900330  0.009956747395  0.010298559590  0.009636896687  0.012895534746  0.006403050113  0.009636896687  0.009956747395  0.009826292593  0.012895534746  0.009636896687  0.009636896687  0.009730673107  0.014696040420  0.000000000000  0.009636896687  0.011181430253  0.010124769320  
syrmaticus_ellioti 0.007263464148  0.003203852571  0.003309897193  0.003104392077  0.009420391814  0.006223719770  0.003104392077  0.003203852571  0.003163313269  0.006223719770  0.000000000000  0.009366107906  0.003133575720  0.007058388118  0.009636896687  0.000000000000  0.000000000000  0.003256011669  
syrmaticus_reevesii 0.003719933733  0.000000000000  0.000000000000  0.000000000000  0.007417281306  0.003678877927  0.000000000000  0.000000000000  0.000000000000  0.003678877927  0.000000000000  0.003678877927  0.000000000000  0.003678877927  0.011181430253  0.000000000000  0.000000000000  0.000000000000  
tragopan_blythii 0.020894332077  0.016278082294  0.011422464641  0.013548620063  0.022224739733  0.016322369031  0.010805318923  0.013548620063  0.016309741105  0.003156343946  0.019048692183  0.019124502364  0.016398905088  0.011551561767  0.010124769320  0.003256011669  0.000000000000  0.000000000000  

