18
alectoris_rufa 0.000000000000  0.003650949082  0.003650949082  0.003650949082  0.003650949082  0.000000000000  0.000000000000  0.003650949082  0.003650949082  0.003650949082  0.000000000000  0.007331383382  0.000000000000  0.003650949082  0.003650949082  0.003650949082  0.003650949082  0.000000000000  
catreus_wallichi 0.003650949082  0.000000000000  0.003721306227  0.003954112359  0.005600130518  0.009356885562  0.006039847642  0.001859074352  0.001859074352  0.001859074352  0.009372151458  0.017043386165  0.003884984441  0.001859074352  0.008375245393  0.001859074352  0.002004401494  0.003789295085  
chrysolophus_pictus 0.003650949082  0.003721306227  0.000000000000  0.001972767696  0.009201898861  0.009192249028  0.007914033388  0.001827597147  0.001827597147  0.001827597147  0.012934285522  0.017013168871  0.003813550546  0.001827597147  0.006266959992  0.001827597147  0.000000000000  0.003777535872  
crossoptilon_crossoptilon 0.003650949082  0.003954112359  0.001972767696  0.000000000000  0.009950362161  0.007929722735  0.006319768480  0.001972767696  0.001972767696  0.001972767696  0.009950362161  0.016058735475  0.004058421485  0.001972767696  0.006319768480  0.001972767696  0.002004401494  0.003954112359  
cyrtonyx_montezumae 0.003650949082  0.005600130518  0.009201898861  0.009950362161  0.000000000000  0.011064271172  0.009930598767  0.007358357436  0.007358357436  0.007358357436  0.014837479071  0.015117893595  0.005739411957  0.007358357436  0.010493329540  0.007358357436  0.008071050513  0.005685030029  
galgal4    0.000000000000  0.009356885562  0.009192249028  0.007929722735  0.011064271172  0.000000000000  0.005923342351  0.007347106381  0.007347106381  0.007347106381  0.014812004884  0.015091446846  0.003813550546  0.007347106381  0.006256901886  0.007347106381  0.006030505712  0.005676753991  
lophophorus_impejanus 0.000000000000  0.006039847642  0.007914033388  0.006319768480  0.009930598767  0.005923342351  0.000000000000  0.005932354543  0.005932354543  0.005932354543  0.011942952563  0.016287623300  0.003946310233  0.005932354543  0.002237627295  0.005932354543  0.004275310653  0.002000391899  
lophura_inornata 0.003650949082  0.001859074352  0.001827597147  0.001972767696  0.007358357436  0.007347106381  0.005932354543  0.000000000000  0.000000000000  0.000000000000  0.011082575494  0.015117893595  0.001905117227  0.000000000000  0.006266959992  0.000000000000  0.000000000000  0.001887141076  
lophura_nycthemera 0.003650949082  0.001859074352  0.001827597147  0.001972767696  0.007358357436  0.007347106381  0.005932354543  0.000000000000  0.000000000000  0.000000000000  0.011082575494  0.015117893595  0.001905117227  0.000000000000  0.006266959992  0.000000000000  0.000000000000  0.001887141076  
lophura_swinhoii 0.003650949082  0.001859074352  0.001827597147  0.001972767696  0.007358357436  0.007347106381  0.005932354543  0.000000000000  0.000000000000  0.000000000000  0.011082575494  0.015117893595  0.001905117227  0.000000000000  0.006266959992  0.000000000000  0.000000000000  0.001887141076  
melgal2    0.000000000000  0.009372151458  0.012934285522  0.009950362161  0.014837479071  0.014812004884  0.011942952563  0.011082575494  0.011082575494  0.011082575494  0.000000000000  0.015117893595  0.009606240890  0.011082575494  0.008375245393  0.011082575494  0.008071050513  0.005685030029  
pavo_cristatus 0.007331383382  0.017043386165  0.017013168871  0.016058735475  0.015117893595  0.015091446846  0.016287623300  0.015117893595  0.015117893595  0.015117893595  0.015117893595  0.000000000000  0.013744858999  0.015117893595  0.014790449291  0.015117893595  0.014248496334  0.013428426711  
perdix_dauuricae 0.000000000000  0.003884984441  0.003813550546  0.004058421485  0.005739411957  0.003813550546  0.003946310233  0.001905117227  0.001905117227  0.001905117227  0.009606240890  0.013744858999  0.000000000000  0.001905117227  0.004321500387  0.001905117227  0.002058028072  0.000000000000  
phasianus_colchicus 0.003650949082  0.001859074352  0.001827597147  0.001972767696  0.007358357436  0.007347106381  0.005932354543  0.000000000000  0.000000000000  0.000000000000  0.011082575494  0.015117893595  0.001905117227  0.000000000000  0.006266959992  0.000000000000  0.000000000000  0.001887141076  
rollulus_rouloul 0.003650949082  0.008375245393  0.006266959992  0.006319768480  0.010493329540  0.006256901886  0.002237627295  0.006266959992  0.006266959992  0.006266959992  0.008375245393  0.014790449291  0.004321500387  0.006266959992  0.000000000000  0.006266959992  0.006319768480  0.004203426321  
syrmaticus_ellioti 0.003650949082  0.001859074352  0.001827597147  0.001972767696  0.007358357436  0.007347106381  0.005932354543  0.000000000000  0.000000000000  0.000000000000  0.011082575494  0.015117893595  0.001905117227  0.000000000000  0.006266959992  0.000000000000  0.000000000000  0.001887141076  
syrmaticus_reevesii 0.003650949082  0.002004401494  0.000000000000  0.002004401494  0.008071050513  0.006030505712  0.004275310653  0.000000000000  0.000000000000  0.000000000000  0.008071050513  0.014248496334  0.002058028072  0.000000000000  0.006319768480  0.000000000000  0.000000000000  0.002004401494  
tragopan_blythii 0.000000000000  0.003789295085  0.003777535872  0.003954112359  0.005685030029  0.005676753991  0.002000391899  0.001887141076  0.001887141076  0.001887141076  0.005685030029  0.013428426711  0.000000000000  0.001887141076  0.004203426321  0.001887141076  0.002004401494  0.000000000000  

