18
alectoris_rufa 0.000000000000  0.043186921407  0.033819957783  0.053833785382  0.060101814216  0.038452739278  0.034132252335  0.038395457027  0.040751394082  0.040294649101  0.043119211560  0.039949671447  0.036162680047  0.041695899275  0.051034840297  0.038692576629  0.043794767645  0.031896232631  
catreus_wallichi 0.043186921407  0.000000000000  0.009709315812  0.011199467403  0.052461949734  0.031629783689  0.022398706829  0.011665329165  0.009838543058  0.017911518365  0.023545175225  0.024320865430  0.021893205481  0.017947239601  0.043216492681  0.012892130185  0.014768531798  0.020142570626  
chrysolophus_pictus 0.033819957783  0.009709315812  0.000000000000  0.013442595416  0.046158613618  0.025553314895  0.015575678741  0.009704866141  0.007859180984  0.014882597754  0.023545175225  0.018128004692  0.019862480775  0.015921695248  0.040964571709  0.010719248669  0.012631876671  0.018091560926  
crossoptilon_crossoptilon 0.053833785382  0.011199467403  0.013442595416  0.000000000000  0.060779851880  0.038879622476  0.024890982969  0.015707172111  0.013653085877  0.018108488145  0.029480423608  0.029551137774  0.027654401034  0.020294771092  0.053269470316  0.017633362530  0.018371633222  0.030522757878  
cyrtonyx_montezumae 0.060101814216  0.052461949734  0.046158613618  0.060779851880  0.000000000000  0.050407806091  0.045836408222  0.046147574873  0.048923836877  0.030360916310  0.056654212900  0.047665143809  0.053244270240  0.055680220744  0.054756971523  0.044214392088  0.050080149887  0.047566513566  
galgal4    0.038452739278  0.031629783689  0.025553314895  0.038879622476  0.050407806091  0.000000000000  0.024695261174  0.023559030423  0.029989851218  0.020932412920  0.037720949864  0.026403436832  0.034180446404  0.034324973928  0.045479265761  0.017224439410  0.032063358958  0.024271663973  
lophophorus_impejanus 0.034132252335  0.022398706829  0.015575678741  0.024890982969  0.045836408222  0.024695261174  0.000000000000  0.017826016508  0.020414618115  0.014882597754  0.029254420230  0.013375523962  0.025125430642  0.024667672748  0.039821478452  0.012423972770  0.020526228611  0.011476996414  
lophura_inornata 0.038395457027  0.011665329165  0.009704866141  0.015707172111  0.046147574873  0.023559030423  0.017826016508  0.000000000000  0.005885411512  0.005919509667  0.021540969112  0.018113556895  0.017826511584  0.013898297754  0.034272892832  0.008548850852  0.006282726414  0.020124265896  
lophura_nycthemera 0.040751394082  0.009838543058  0.007859180984  0.013653085877  0.048923836877  0.029989851218  0.020414618115  0.005885411512  0.000000000000  0.005919509667  0.021840381473  0.020453590775  0.019844686011  0.016136020762  0.038723399248  0.010707369685  0.008394757837  0.022497918684  
lophura_swinhoii 0.040294649101  0.017911518365  0.014882597754  0.018108488145  0.030360916310  0.020932412920  0.014882597754  0.005919509667  0.005919509667  0.000000000000  0.023992165986  0.020960104563  0.014882597754  0.014872080298  0.021450964094  0.011887657326  0.008907486530  0.024028613383  
melgal2    0.043119211560  0.023545175225  0.023545175225  0.029480423608  0.056654212900  0.037720949864  0.029254420230  0.021540969112  0.021840381473  0.023992165986  0.000000000000  0.030525210279  0.023887354061  0.024007776838  0.049875700709  0.019402293057  0.023327751465  0.026295178287  
pavo_cristatus 0.039949671447  0.024320865430  0.018128004692  0.029551137774  0.047665143809  0.026403436832  0.013375523962  0.018113556895  0.020453590775  0.020960104563  0.030525210279  0.000000000000  0.026821549589  0.026373053241  0.040115316485  0.017846181998  0.021210804796  0.016617128844  
perdix_dauuricae 0.036162680047  0.021893205481  0.019862480775  0.027654401034  0.053244270240  0.034180446404  0.025125430642  0.017826511584  0.019844686011  0.014882597754  0.023887354061  0.026821549589  0.000000000000  0.024393305580  0.045479265761  0.015054405543  0.021210804796  0.026766311543  
phasianus_colchicus 0.041695899275  0.017947239601  0.015921695248  0.020294771092  0.055680220744  0.034324973928  0.024667672748  0.013898297754  0.016136020762  0.014872080298  0.024007776838  0.026373053241  0.024393305580  0.000000000000  0.044123052109  0.010941690013  0.016896993117  0.026863637637  
rollulus_rouloul 0.051034840297  0.043216492681  0.040964571709  0.053269470316  0.054756971523  0.045479265761  0.039821478452  0.034272892832  0.038723399248  0.021450964094  0.049875700709  0.040115316485  0.045479265761  0.044123052109  0.000000000000  0.030980746806  0.041446141736  0.042068395339  
syrmaticus_ellioti 0.038692576629  0.012892130185  0.010719248669  0.017633362530  0.044214392088  0.017224439410  0.012423972770  0.008548850852  0.010707369685  0.011887657326  0.019402293057  0.017846181998  0.015054405543  0.010941690013  0.030980746806  0.000000000000  0.011456082430  0.015440931168  
syrmaticus_reevesii 0.043794767645  0.014768531798  0.012631876671  0.018371633222  0.050080149887  0.032063358958  0.020526228611  0.006282726414  0.008394757837  0.008907486530  0.023327751465  0.021210804796  0.021210804796  0.016896993117  0.041446141736  0.011456082430  0.000000000000  0.024099997375  
tragopan_blythii 0.031896232631  0.020142570626  0.018091560926  0.030522757878  0.047566513566  0.024271663973  0.011476996414  0.020124265896  0.022497918684  0.024028613383  0.026295178287  0.016617128844  0.026766311543  0.026863637637  0.042068395339  0.015440931168  0.024099997375  0.000000000000  

