18
alectoris_rufa 0.000000000000  0.041917433044  0.034556038110  0.047683330184  0.030458531592  0.021865377090  0.030311336732  0.039873266534  0.041917433044  0.045903003182  0.039077633793  0.021920202833  0.038984347001  0.040101871822  0.031017055450  0.021091657980  0.018968622301  0.018265874518  
catreus_wallichi 0.041917433044  0.000000000000  0.000000000000  0.005689790892  0.021821484590  0.027412645288  0.016259576967  0.000000000000  0.000000000000  0.005486863439  0.013527928333  0.024631561917  0.008058381333  0.000000000000  0.010075452823  0.000000000000  0.000000000000  0.000000000000  
chrysolophus_pictus 0.034556038110  0.000000000000  0.000000000000  0.006677668167  0.016906856656  0.016906856656  0.010058561181  0.000000000000  0.000000000000  0.006677668167  0.010058561181  0.020375252827  0.006663510626  0.000000000000  0.010075452823  0.000000000000  0.000000000000  0.000000000000  
crossoptilon_crossoptilon 0.047683330184  0.005689790892  0.006677668167  0.000000000000  0.026134014964  0.029142668228  0.023147710180  0.005689790892  0.005689790892  0.011461264484  0.017272720485  0.032174006994  0.014319627027  0.005805403217  0.020409915023  0.013937451000  0.007889406345  0.009029209900  
cyrtonyx_montezumae 0.030458531592  0.021821484590  0.016906856656  0.026134014964  0.000000000000  0.016287910814  0.021821484590  0.019454097079  0.021821484590  0.025183092929  0.019066971866  0.013559445944  0.019030912578  0.019562850812  0.010075452823  0.000000000000  0.003731081689  0.000000000000  
galgal4    0.021865377090  0.027412645288  0.016906856656  0.029142668228  0.016287910814  0.000000000000  0.016242183823  0.022308390237  0.027412645288  0.028078499131  0.024631561917  0.008064163698  0.024590798082  0.028185530363  0.010075452823  0.000000000000  0.003731081689  0.000000000000  
lophophorus_impejanus 0.030311336732  0.016259576967  0.010058561181  0.023147710180  0.021821484590  0.016242183823  0.000000000000  0.016619925693  0.016259576967  0.022308390237  0.013527928333  0.013507214363  0.013507214363  0.016712522721  0.010075452823  0.000000000000  0.003731081689  0.000000000000  
lophura_inornata 0.039873266534  0.000000000000  0.000000000000  0.005689790892  0.019454097079  0.022308390237  0.016619925693  0.000000000000  0.000000000000  0.005486863439  0.013827240388  0.025183092929  0.008235354195  0.000000000000  0.010075452823  0.000000000000  0.000000000000  0.000000000000  
lophura_nycthemera 0.041917433044  0.000000000000  0.000000000000  0.005689790892  0.021821484590  0.027412645288  0.016259576967  0.000000000000  0.000000000000  0.005486863439  0.013527928333  0.024631561917  0.008058381333  0.000000000000  0.010075452823  0.000000000000  0.000000000000  0.000000000000  
lophura_swinhoii 0.045903003182  0.005486863439  0.006677668167  0.011461264484  0.025183092929  0.028078499131  0.022308390237  0.005486863439  0.005486863439  0.000000000000  0.019491790715  0.030994909222  0.013805594360  0.005594298164  0.015209478155  0.000000000000  0.003734766011  0.004489257160  
melgal2    0.039077633793  0.013527928333  0.010058561181  0.017272720485  0.019066971866  0.024631561917  0.013527928333  0.013827240388  0.013527928333  0.019491790715  0.000000000000  0.021865377090  0.010786764255  0.013904149606  0.010075452823  0.000000000000  0.003734766011  0.000000000000  
pavo_cristatus 0.021920202833  0.024631561917  0.020375252827  0.032174006994  0.013559445944  0.008064163698  0.013507214363  0.025183092929  0.024631561917  0.030994909222  0.021865377090  0.000000000000  0.021821484590  0.025324857737  0.015209478155  0.000000000000  0.007486666832  0.004489257160  
perdix_dauuricae 0.038984347001  0.008058381333  0.006663510626  0.014319627027  0.019030912578  0.024590798082  0.013507214363  0.008235354195  0.008058381333  0.013805594360  0.010786764255  0.021821484590  0.000000000000  0.008280818689  0.015150907066  0.006895723308  0.003731081689  0.004483933664  
phasianus_colchicus 0.040101871822  0.000000000000  0.000000000000  0.005805403217  0.019562850812  0.028185530363  0.016712522721  0.000000000000  0.000000000000  0.005594298164  0.013904149606  0.025324857737  0.008280818689  0.000000000000  0.010075452823  0.000000000000  0.000000000000  0.000000000000  
rollulus_rouloul 0.031017055450  0.010075452823  0.010075452823  0.020409915023  0.010075452823  0.010075452823  0.010075452823  0.010075452823  0.010075452823  0.015209478155  0.010075452823  0.015209478155  0.015150907066  0.010075452823  0.000000000000  0.006908331376  0.010335811761  0.010075452823  
syrmaticus_ellioti 0.021091657980  0.000000000000  0.000000000000  0.013937451000  0.000000000000  0.000000000000  0.000000000000  0.000000000000  0.000000000000  0.000000000000  0.000000000000  0.000000000000  0.006895723308  0.000000000000  0.006908331376  0.000000000000  0.000000000000  0.000000000000  
syrmaticus_reevesii 0.018968622301  0.000000000000  0.000000000000  0.007889406345  0.003731081689  0.003731081689  0.003731081689  0.000000000000  0.000000000000  0.003734766011  0.003734766011  0.007486666832  0.003731081689  0.000000000000  0.010335811761  0.000000000000  0.000000000000  0.000000000000  
tragopan_blythii 0.018265874518  0.000000000000  0.000000000000  0.009029209900  0.000000000000  0.000000000000  0.000000000000  0.000000000000  0.000000000000  0.004489257160  0.000000000000  0.004489257160  0.004483933664  0.000000000000  0.010075452823  0.000000000000  0.000000000000  0.000000000000  

