18
alectoris_rufa 0.000000000000  0.011185936709  0.011185936709  0.011185936709  0.000000000000  0.007443632201  0.015032845354  0.011185936709  0.011185936709  0.011185936709  0.011213945904  0.007443632201  0.011185936709  0.014976555510  0.015017347444  0.014976555510  0.011185936709  0.003705835598  
catreus_wallichi 0.011185936709  0.000000000000  0.007033509615  0.004676300762  0.000000000000  0.019140886048  0.017296838922  0.000000000000  0.002331843295  0.002331843295  0.018914587364  0.016718436555  0.011752043634  0.007116939910  0.009282297588  0.009499103344  0.005034662430  0.014467495038  
chrysolophus_pictus 0.011185936709  0.007033509615  0.000000000000  0.005519458206  0.002748422344  0.016855697364  0.016679034446  0.000000000000  0.003671817512  0.005519458206  0.018591005160  0.015104367465  0.011082624405  0.009324689093  0.011416480179  0.013488565550  0.007571979454  0.013239853962  
crossoptilon_crossoptilon 0.011185936709  0.004676300762  0.005519458206  0.000000000000  0.002748422344  0.011176393011  0.014561976851  0.000000000000  0.001832020214  0.003671817512  0.016699307507  0.009386317611  0.005510379925  0.007443632201  0.011416480179  0.011211673197  0.002512113738  0.011326568495  
cyrtonyx_montezumae 0.000000000000  0.000000000000  0.002748422344  0.002748422344  0.000000000000  0.002748422344  0.003097462165  0.002748422344  0.002748422344  0.005514385401  0.005514385401  0.002786717862  0.002748422344  0.005514385401  0.008298114504  0.003665088704  0.000000000000  0.002763613549  
galgal4    0.007443632201  0.019140886048  0.016855697364  0.011176393011  0.002748422344  0.000000000000  0.016679034446  0.002293203320  0.013061237337  0.014954314708  0.020683672281  0.013189956181  0.013061237337  0.018765458499  0.011436250748  0.024934189262  0.012668293130  0.013239853962  
lophophorus_impejanus 0.015032845354  0.017296838922  0.016679034446  0.014561976851  0.003097462165  0.016679034446  0.000000000000  0.007644763040  0.012455210452  0.012455210452  0.018806484273  0.014593252814  0.016679034446  0.012455210452  0.010073244823  0.023371059147  0.018102050022  0.014574740111  
lophura_inornata 0.011185936709  0.000000000000  0.000000000000  0.000000000000  0.002748422344  0.002293203320  0.007644763040  0.000000000000  0.000000000000  0.002294392067  0.009227484158  0.006989777971  0.002294392067  0.004600995310  0.011575064308  0.005819240313  0.000000000000  0.006937602812  
lophura_nycthemera 0.011185936709  0.002331843295  0.003671817512  0.001832020214  0.002748422344  0.013061237337  0.012455210452  0.000000000000  0.000000000000  0.001832020214  0.014815830928  0.011283964140  0.007359845781  0.005570704355  0.011416480179  0.008946680277  0.005034662430  0.009421692392  
lophura_swinhoii 0.011185936709  0.002331843295  0.005519458206  0.003671817512  0.005514385401  0.014954314708  0.012455210452  0.002294392067  0.001832020214  0.000000000000  0.016699307507  0.013189956181  0.009217237864  0.007443632201  0.013735616012  0.008946680277  0.005034662430  0.011326568495  
melgal2    0.011213945904  0.018914587364  0.018591005160  0.016699307507  0.005514385401  0.020683672281  0.018806484273  0.009227484158  0.014815830928  0.016699307507  0.000000000000  0.018958747595  0.018591005160  0.020683672281  0.016067228541  0.024934189262  0.020410730303  0.017091952298  
pavo_cristatus 0.007443632201  0.016718436555  0.015104367465  0.009386317611  0.002786717862  0.013189956181  0.014593252814  0.006989777971  0.011283964140  0.013189956181  0.018958747595  0.000000000000  0.011283964140  0.017027272699  0.013919794139  0.022630479364  0.010114121853  0.013326069519  
perdix_dauuricae 0.011185936709  0.011752043634  0.011082624405  0.005510379925  0.002748422344  0.013061237337  0.016679034446  0.002294392067  0.007359845781  0.009217237864  0.018591005160  0.011283964140  0.000000000000  0.013077101870  0.013735616012  0.018032615429  0.007567625016  0.013239853962  
phasianus_colchicus 0.014976555510  0.007116939910  0.009324689093  0.007443632201  0.005514385401  0.018765458499  0.012455210452  0.004600995310  0.005570704355  0.007443632201  0.020683672281  0.017027272699  0.013077101870  0.000000000000  0.016067228541  0.013488565550  0.010124238753  0.015161623372  
rollulus_rouloul 0.015017347444  0.009282297588  0.011416480179  0.011416480179  0.008298114504  0.011436250748  0.010073244823  0.011575064308  0.011416480179  0.013735616012  0.016067228541  0.013919794139  0.013735616012  0.016067228541  0.000000000000  0.014410991095  0.009282297588  0.013798799263  
syrmaticus_ellioti 0.014976555510  0.009499103344  0.013488565550  0.011211673197  0.003665088704  0.024934189262  0.023371059147  0.005819240313  0.008946680277  0.008946680277  0.024934189262  0.022630479364  0.018032615429  0.013488565550  0.014410991095  0.000000000000  0.007584781547  0.020551026889  
syrmaticus_reevesii 0.011185936709  0.005034662430  0.007571979454  0.002512113738  0.000000000000  0.012668293130  0.018102050022  0.000000000000  0.005034662430  0.005034662430  0.020410730303  0.010114121853  0.007567625016  0.010124238753  0.009282297588  0.007584781547  0.000000000000  0.012830844635  
tragopan_blythii 0.003705835598  0.014467495038  0.013239853962  0.011326568495  0.002763613549  0.013239853962  0.014574740111  0.006937602812  0.009421692392  0.011326568495  0.017091952298  0.013326069519  0.013239853962  0.015161623372  0.013798799263  0.020551026889  0.012830844635  0.000000000000  

