18
alectoris_rufa 0.000000000000  0.019513563501  0.016179947107  0.019450298097  0.039751404840  0.012879687183  0.019450298097  0.019450298097  0.019450298097  0.016152604594  0.019551347603  0.016179947107  0.016179947107  0.004365151677  0.022821034473  0.015900565641  0.003665009093  0.006832970791  
catreus_wallichi 0.019513563501  0.000000000000  0.005725949855  0.000000000000  0.026339104997  0.008608589566  0.005727816656  0.000000000000  0.000000000000  0.002858359920  0.005742390317  0.008639308162  0.002931797645  0.000000000000  0.017396879107  0.007931110285  0.003595991668  0.006037064006  
chrysolophus_pictus 0.016179947107  0.005725949855  0.000000000000  0.007687360720  0.042441897779  0.018095555739  0.005124429579  0.008468590907  0.007687360720  0.012885570333  0.010305194047  0.010325491038  0.010543229490  0.004365151677  0.015541125486  0.013691654408  0.000000000000  0.003013401453  
crossoptilon_crossoptilon 0.019450298097  0.000000000000  0.007687360720  0.000000000000  0.036775363676  0.017945132735  0.007643510428  0.000000000000  0.000000000000  0.005080010218  0.007643510428  0.007707110220  0.007807399700  0.000000000000  0.018146558567  0.010118450277  0.003595991668  0.006037064006  
cyrtonyx_montezumae 0.039751404840  0.026339104997  0.042441897779  0.036775363676  0.000000000000  0.044839671092  0.045048632455  0.037657785939  0.036872266846  0.034048690886  0.045048632455  0.037018286816  0.046087961218  0.017687934300  0.036920619684  0.052998131688  0.014515640384  0.030903246467  
galgal4    0.012879687183  0.008608589566  0.018095555739  0.017945132735  0.044839671092  0.000000000000  0.020612348697  0.019769833290  0.018037622163  0.017945132735  0.017991258573  0.012893473019  0.018380676218  0.004365151677  0.023394484469  0.023885257413  0.003599055849  0.006047793068  
lophophorus_impejanus 0.019450298097  0.005727816656  0.005124429579  0.007643510428  0.045048632455  0.020612348697  0.000000000000  0.008415400373  0.007682659287  0.012802371327  0.010241459894  0.010331812928  0.010466997151  0.004365151677  0.018193729794  0.013579308261  0.000000000000  0.006037064006  
lophura_inornata 0.019450298097  0.000000000000  0.008468590907  0.000000000000  0.037657785939  0.019769833290  0.008415400373  0.000000000000  0.000000000000  0.005591284696  0.008415400373  0.008468590907  0.008397474457  0.000000000000  0.020014715174  0.010118450277  0.003635208401  0.006773083602  
lophura_nycthemera 0.019450298097  0.000000000000  0.007687360720  0.000000000000  0.036872266846  0.018037622163  0.007682659287  0.000000000000  0.000000000000  0.005105948786  0.007682659287  0.007707110220  0.007848250145  0.000000000000  0.018146558567  0.010187170844  0.003595991668  0.006037064006  
lophura_swinhoii 0.016152604594  0.002858359920  0.012885570333  0.005080010218  0.034048690886  0.017945132735  0.012802371327  0.005591284696  0.005105948786  0.000000000000  0.012802371327  0.007707110220  0.013087958663  0.000000000000  0.018146558567  0.013533362620  0.007212763058  0.009084038631  
melgal2    0.019551347603  0.005742390317  0.010305194047  0.007643510428  0.045048632455  0.017991258573  0.010241459894  0.008415400373  0.007682659287  0.012802371327  0.000000000000  0.010331812928  0.010466997151  0.008799508757  0.020855308577  0.013579308261  0.003599055849  0.000000000000  
pavo_cristatus 0.016179947107  0.008639308162  0.010325491038  0.007707110220  0.037018286816  0.012893473019  0.010331812928  0.008468590907  0.007707110220  0.007707110220  0.010331812928  0.000000000000  0.010543229490  0.008760961897  0.015581488757  0.010230233168  0.007228094213  0.009131178797  
perdix_dauuricae 0.016179947107  0.002931797645  0.010543229490  0.007807399700  0.046087961218  0.018380676218  0.010466997151  0.008397474457  0.007848250145  0.013087958663  0.010466997151  0.010543229490  0.000000000000  0.004365151677  0.021347973185  0.013552477975  0.000000000000  0.003097405329  
phasianus_colchicus 0.004365151677  0.000000000000  0.004365151677  0.000000000000  0.017687934300  0.004365151677  0.004365151677  0.000000000000  0.000000000000  0.000000000000  0.008799508757  0.008760961897  0.004365151677  0.000000000000  0.008760961897  0.004462550960  0.004564396001  0.008760961897  
rollulus_rouloul 0.022821034473  0.017396879107  0.015541125486  0.018146558567  0.036920619684  0.023394484469  0.018193729794  0.020014715174  0.018146558567  0.018146558567  0.020855308577  0.015581488757  0.021347973185  0.008760961897  0.000000000000  0.024244065951  0.003599055849  0.012180730909  
syrmaticus_ellioti 0.015900565641  0.007931110285  0.013691654408  0.010118450277  0.052998131688  0.023885257413  0.013579308261  0.010118450277  0.010187170844  0.013533362620  0.013579308261  0.010230233168  0.013552477975  0.004462550960  0.024244065951  0.000000000000  0.000000000000  0.004258030542  
syrmaticus_reevesii 0.003665009093  0.003595991668  0.000000000000  0.003595991668  0.014515640384  0.003599055849  0.000000000000  0.003635208401  0.003595991668  0.007212763058  0.003599055849  0.007228094213  0.000000000000  0.004564396001  0.003599055849  0.000000000000  0.000000000000  0.003599055849  
tragopan_blythii 0.006832970791  0.006037064006  0.003013401453  0.006037064006  0.030903246467  0.006047793068  0.006037064006  0.006773083602  0.006037064006  0.009084038631  0.000000000000  0.009131178797  0.003097405329  0.008760961897  0.012180730909  0.004258030542  0.003599055849  0.000000000000  

