18
alectoris_rufa 0.000000000000  0.029287186572  0.024987382441  0.029210693802  0.038011140905  0.020770706895  0.016508249035  0.033628173882  0.024987382441  0.024987382441  0.017071959364  0.020684769251  0.029287186572  0.024987382441  0.033628173882  0.038625482777  0.020989065011  0.024987382441  
catreus_wallichi 0.029287186572  0.000000000000  0.009820476915  0.005534714364  0.049946882109  0.045638398151  0.012516939394  0.014875615064  0.009838373122  0.002825691570  0.025464042351  0.053536813378  0.017558611538  0.013219354964  0.074753485829  0.015937255804  0.005991813447  0.022679936252  
chrysolophus_pictus 0.024987382441  0.009820476915  0.000000000000  0.008319864906  0.055756780827  0.040331635880  0.009967307363  0.014846198190  0.009820476915  0.000000000000  0.020222646067  0.048131699207  0.014998006957  0.007882641952  0.074639339765  0.009506245275  0.002984067702  0.017514673814  
crossoptilon_crossoptilon 0.029210693802  0.005534714364  0.008319864906  0.000000000000  0.046002929522  0.048890102277  0.013957437283  0.013957437283  0.008324933053  0.003153450255  0.023015721146  0.051817446020  0.016773310962  0.008324933053  0.073564370327  0.014719579941  0.005981659392  0.019660820770  
cyrtonyx_montezumae 0.038011140905  0.049946882109  0.055756780827  0.046002929522  0.000000000000  0.044437023649  0.049946882109  0.055977713732  0.055821330056  0.053196780002  0.066180431803  0.061772919054  0.052772488082  0.044689380617  0.054706151853  0.056663648067  0.039690612601  0.053470282750  
galgal4    0.020770706895  0.045638398151  0.040331635880  0.048890102277  0.044437023649  0.000000000000  0.030439226935  0.051109830770  0.045638398151  0.028924992753  0.041162034101  0.027431808229  0.040931955929  0.046229573225  0.038974548263  0.035717357948  0.040085840590  0.043507016065  
lophophorus_impejanus 0.016508249035  0.012516939394  0.009967307363  0.013957437283  0.049946882109  0.030439226935  0.000000000000  0.020247588042  0.015062350139  0.008530480916  0.012747488324  0.035588270482  0.015010719845  0.010736242447  0.061319811296  0.016248016543  0.009017689217  0.010111968799  
lophura_inornata 0.033628173882  0.014875615064  0.014846198190  0.013957437283  0.055977713732  0.051109830770  0.020247588042  0.000000000000  0.009862632141  0.008530480916  0.030811163227  0.059110933318  0.020171648476  0.018615000267  0.083744297426  0.022460832391  0.012063902243  0.027947696415  
lophura_nycthemera 0.024987382441  0.009838373122  0.009820476915  0.008324933053  0.055821330056  0.045638398151  0.015062350139  0.009862632141  0.000000000000  0.002825691570  0.025464042351  0.053536813378  0.020120907485  0.013219354964  0.074753485829  0.015937255804  0.005991813447  0.022679936252  
lophura_swinhoii 0.024987382441  0.002825691570  0.000000000000  0.003153450255  0.053196780002  0.028924992753  0.008530480916  0.008530480916  0.002825691570  0.000000000000  0.017588203492  0.037818874817  0.011373148942  0.003059080904  0.057870970384  0.010183936396  0.000000000000  0.011575130218  
melgal2    0.017071959364  0.025464042351  0.020222646067  0.023015721146  0.066180431803  0.041162034101  0.012747488324  0.030811163227  0.025464042351  0.017588203492  0.000000000000  0.049127959125  0.025773411541  0.021763264562  0.073324380841  0.019669137462  0.015506154531  0.025745233724  
pavo_cristatus 0.020684769251  0.053536813378  0.048131699207  0.051817446020  0.061772919054  0.027431808229  0.035588270482  0.059110933318  0.053536813378  0.037818874817  0.049127959125  0.000000000000  0.046150943325  0.051863475639  0.057886470023  0.035627995668  0.043199119283  0.046106279429  
perdix_dauuricae 0.029287186572  0.017558611538  0.014998006957  0.016773310962  0.052772488082  0.040931955929  0.015010719845  0.020171648476  0.020120907485  0.011373148942  0.025773411541  0.046150943325  0.000000000000  0.016141516739  0.072631578807  0.019534362381  0.009017689217  0.020377198058  
phasianus_colchicus 0.024987382441  0.013219354964  0.007882641952  0.008324933053  0.044689380617  0.046229573225  0.010736242447  0.018615000267  0.013219354964  0.003059080904  0.021763264562  0.051863475639  0.016141516739  0.000000000000  0.072673943557  0.013710471978  0.002986005182  0.021299641692  
rollulus_rouloul 0.033628173882  0.074753485829  0.074639339765  0.073564370327  0.054706151853  0.038974548263  0.061319811296  0.083744297426  0.074753485829  0.057870970384  0.073324380841  0.057886470023  0.072631578807  0.072673943557  0.000000000000  0.075467999858  0.059590784991  0.077742699774  
syrmaticus_ellioti 0.038625482777  0.015937255804  0.009506245275  0.014719579941  0.056663648067  0.035717357948  0.016248016543  0.022460832391  0.015937255804  0.010183936396  0.019669137462  0.035627995668  0.019534362381  0.013710471978  0.075467999858  0.000000000000  0.012215965622  0.019227869157  
syrmaticus_reevesii 0.020989065011  0.005991813447  0.002984067702  0.005981659392  0.039690612601  0.040085840590  0.009017689217  0.012063902243  0.005991813447  0.000000000000  0.015506154531  0.043199119283  0.009017689217  0.002986005182  0.059590784991  0.012215965622  0.000000000000  0.015130727756  
tragopan_blythii 0.024987382441  0.022679936252  0.017514673814  0.019660820770  0.053470282750  0.043507016065  0.010111968799  0.027947696415  0.022679936252  0.011575130218  0.025745233724  0.046106279429  0.020377198058  0.021299641692  0.077742699774  0.019227869157  0.015130727756  0.000000000000  

