18
alectoris_rufa 0.000000000000  0.000000000000  0.000000000000  0.003040792495  0.003038257472  0.000000000000  0.000000000000  0.000000000000  0.000000000000  0.000000000000  0.000000000000  0.006102758806  0.000000000000  0.000000000000  0.000000000000  0.000000000000  0.000000000000  0.007387719711  
catreus_wallichi 0.000000000000  0.000000000000  0.000000000000  0.002959791183  0.002957389426  0.000000000000  0.000000000000  0.000000000000  0.000000000000  0.000000000000  0.000000000000  0.005768327948  0.000000000000  0.000000000000  0.000000000000  0.000000000000  0.000000000000  0.007387719711  
chrysolophus_pictus 0.000000000000  0.000000000000  0.000000000000  0.003186117955  0.003183334821  0.000000000000  0.000000000000  0.000000000000  0.000000000000  0.000000000000  0.000000000000  0.006395489713  0.000000000000  0.000000000000  0.000000000000  0.000000000000  0.000000000000  0.008106391213  
crossoptilon_crossoptilon 0.003040792495  0.002959791183  0.003186117955  0.000000000000  0.005927951822  0.002959791183  0.002959791183  0.002959791183  0.002959791183  0.002959791183  0.002959791183  0.008939818392  0.003357265022  0.002959791183  0.003426283004  0.003651482438  0.000000000000  0.011128650817  
cyrtonyx_montezumae 0.003038257472  0.002957389426  0.003183334821  0.005927951822  0.000000000000  0.002957389426  0.002957389426  0.002957389426  0.002957389426  0.002957389426  0.002957389426  0.008918718017  0.003354174838  0.002957389426  0.003423064452  0.003647826861  0.003785931759  0.011095939700  
galgal4    0.000000000000  0.000000000000  0.000000000000  0.002959791183  0.002957389426  0.000000000000  0.000000000000  0.000000000000  0.000000000000  0.000000000000  0.000000000000  0.005768327948  0.000000000000  0.000000000000  0.000000000000  0.000000000000  0.000000000000  0.007387719711  
lophophorus_impejanus 0.000000000000  0.000000000000  0.000000000000  0.002959791183  0.002957389426  0.000000000000  0.000000000000  0.000000000000  0.000000000000  0.000000000000  0.000000000000  0.005768327948  0.000000000000  0.000000000000  0.000000000000  0.000000000000  0.000000000000  0.007387719711  
lophura_inornata 0.000000000000  0.000000000000  0.000000000000  0.002959791183  0.002957389426  0.000000000000  0.000000000000  0.000000000000  0.000000000000  0.000000000000  0.000000000000  0.005939639417  0.000000000000  0.000000000000  0.000000000000  0.000000000000  0.000000000000  0.007387719711  
lophura_nycthemera 0.000000000000  0.000000000000  0.000000000000  0.002959791183  0.002957389426  0.000000000000  0.000000000000  0.000000000000  0.000000000000  0.000000000000  0.000000000000  0.005939639417  0.000000000000  0.000000000000  0.000000000000  0.000000000000  0.000000000000  0.007387719711  
lophura_swinhoii 0.000000000000  0.000000000000  0.000000000000  0.002959791183  0.002957389426  0.000000000000  0.000000000000  0.000000000000  0.000000000000  0.000000000000  0.000000000000  0.005922051725  0.000000000000  0.000000000000  0.000000000000  0.000000000000  0.000000000000  0.007387719711  
melgal2    0.000000000000  0.000000000000  0.000000000000  0.002959791183  0.002957389426  0.000000000000  0.000000000000  0.000000000000  0.000000000000  0.000000000000  0.000000000000  0.005768327948  0.000000000000  0.000000000000  0.000000000000  0.000000000000  0.000000000000  0.007387719711  
pavo_cristatus 0.006102758806  0.005768327948  0.006395489713  0.008939818392  0.008918718017  0.005768327948  0.005768327948  0.005939639417  0.005939639417  0.005922051725  0.005768327948  0.000000000000  0.000000000000  0.005939639417  0.000000000000  0.000000000000  0.000000000000  0.007387719711  
perdix_dauuricae 0.000000000000  0.000000000000  0.000000000000  0.003357265022  0.003354174838  0.000000000000  0.000000000000  0.000000000000  0.000000000000  0.000000000000  0.000000000000  0.000000000000  0.000000000000  0.000000000000  0.000000000000  0.000000000000  0.000000000000  0.007387719711  
phasianus_colchicus 0.000000000000  0.000000000000  0.000000000000  0.002959791183  0.002957389426  0.000000000000  0.000000000000  0.000000000000  0.000000000000  0.000000000000  0.000000000000  0.005939639417  0.000000000000  0.000000000000  0.000000000000  0.000000000000  0.000000000000  0.007387719711  
rollulus_rouloul 0.000000000000  0.000000000000  0.000000000000  0.003426283004  0.003423064452  0.000000000000  0.000000000000  0.000000000000  0.000000000000  0.000000000000  0.000000000000  0.000000000000  0.000000000000  0.000000000000  0.000000000000  0.000000000000  0.000000000000  0.007387719711  
syrmaticus_ellioti 0.000000000000  0.000000000000  0.000000000000  0.003651482438  0.003647826861  0.000000000000  0.000000000000  0.000000000000  0.000000000000  0.000000000000  0.000000000000  0.000000000000  0.000000000000  0.000000000000  0.000000000000  0.000000000000  0.000000000000  0.007387719711  
syrmaticus_reevesii 0.000000000000  0.000000000000  0.000000000000  0.000000000000  0.003785931759  0.000000000000  0.000000000000  0.000000000000  0.000000000000  0.000000000000  0.000000000000  0.000000000000  0.000000000000  0.000000000000  0.000000000000  0.000000000000  0.000000000000  0.007612686747  
tragopan_blythii 0.007387719711  0.007387719711  0.008106391213  0.011128650817  0.011095939700  0.007387719711  0.007387719711  0.007387719711  0.007387719711  0.007387719711  0.007387719711  0.007387719711  0.007387719711  0.007387719711  0.007387719711  0.007387719711  0.007612686747  0.000000000000  

