18
alectoris_rufa 0.000000000000  0.000000000000  0.000000000000  0.000000000000  0.006499624171  0.000000000000  0.000000000000  0.000000000000  0.000000000000  0.000000000000  0.000000000000  0.000000000000  0.000000000000  0.000000000000  0.000000000000  0.000000000000  0.000000000000  0.000000000000  
catreus_wallichi 0.000000000000  0.000000000000  0.000000000000  0.001992599448  0.014142497369  0.003988984650  0.001992599448  0.004070164075  0.001992599448  0.000000000000  0.004002303156  0.004213079993  0.002024877666  0.002000572140  0.006766446201  0.004873528314  0.000000000000  0.006375310563  
chrysolophus_pictus 0.000000000000  0.000000000000  0.000000000000  0.000000000000  0.012655177801  0.002082752876  0.000000000000  0.002127054227  0.000000000000  0.000000000000  0.002083954310  0.002203337573  0.000000000000  0.000000000000  0.006766446201  0.000000000000  0.000000000000  0.004447291855  
crossoptilon_crossoptilon 0.000000000000  0.001992599448  0.000000000000  0.000000000000  0.012093952994  0.001991501044  0.000000000000  0.002031967760  0.000000000000  0.000000000000  0.001996577835  0.002101471828  0.000000000000  0.000000000000  0.006766446201  0.002432299066  0.000000000000  0.004239874597  
cyrtonyx_montezumae 0.006499624171  0.014142497369  0.012655177801  0.012093952994  0.000000000000  0.014115443886  0.012093952994  0.014405962930  0.012093952994  0.012628539881  0.014171130603  0.014926655762  0.012292180545  0.012142908039  0.020613169306  0.017288146009  0.014608878582  0.012844837187  
galgal4    0.000000000000  0.003988984650  0.002082752876  0.001991501044  0.014115443886  0.000000000000  0.001991501044  0.004071112877  0.001991501044  0.002078424026  0.003996956579  0.004207155130  0.002023743386  0.001999464928  0.009034308941  0.004874890788  0.002880736114  0.006364500291  
lophophorus_impejanus 0.000000000000  0.001992599448  0.000000000000  0.000000000000  0.012093952994  0.001991501044  0.000000000000  0.002031967760  0.000000000000  0.000000000000  0.001996577835  0.002101471828  0.000000000000  0.000000000000  0.006766446201  0.002432299066  0.000000000000  0.004239874597  
lophura_inornata 0.000000000000  0.004070164075  0.002127054227  0.002031967760  0.014405962930  0.004071112877  0.002031967760  0.000000000000  0.002031967760  0.002122539464  0.004078464117  0.004207155130  0.002065544773  0.002031967760  0.009034308941  0.004996683250  0.002880736114  0.006364500291  
lophura_nycthemera 0.000000000000  0.001992599448  0.000000000000  0.000000000000  0.012093952994  0.001991501044  0.000000000000  0.002031967760  0.000000000000  0.000000000000  0.001996577835  0.002101471828  0.000000000000  0.000000000000  0.006766446201  0.002432299066  0.000000000000  0.004239874597  
lophura_swinhoii 0.000000000000  0.000000000000  0.000000000000  0.000000000000  0.012628539881  0.002078424026  0.000000000000  0.002122539464  0.000000000000  0.000000000000  0.002079620467  0.002198493540  0.000000000000  0.000000000000  0.006766446201  0.000000000000  0.000000000000  0.004437424510  
melgal2    0.000000000000  0.004002303156  0.002083954310  0.001996577835  0.014171130603  0.003996956579  0.001996577835  0.004078464117  0.001996577835  0.002079620467  0.000000000000  0.004221973819  0.002028986122  0.002004582459  0.009044032638  0.004885433030  0.002883035629  0.006388887851  
pavo_cristatus 0.000000000000  0.004213079993  0.002203337573  0.002101471828  0.014926655762  0.004207155130  0.002101471828  0.004207155130  0.002101471828  0.002198493540  0.004221973819  0.000000000000  0.002137405477  0.002101471828  0.009044032638  0.005203182456  0.002883035629  0.006375310563  
perdix_dauuricae 0.000000000000  0.002024877666  0.000000000000  0.000000000000  0.012292180545  0.002023743386  0.000000000000  0.002065544773  0.000000000000  0.000000000000  0.002028986122  0.002137405477  0.000000000000  0.000000000000  0.006766446201  0.002450177799  0.000000000000  0.004313021867  
phasianus_colchicus 0.000000000000  0.002000572140  0.000000000000  0.000000000000  0.012142908039  0.001999464928  0.000000000000  0.002031967760  0.000000000000  0.000000000000  0.002004582459  0.002101471828  0.000000000000  0.000000000000  0.006766446201  0.002444189089  0.000000000000  0.004239874597  
rollulus_rouloul 0.000000000000  0.006766446201  0.006766446201  0.006766446201  0.020613169306  0.009034308941  0.006766446201  0.009034308941  0.006766446201  0.006766446201  0.009044032638  0.009044032638  0.006766446201  0.006766446201  0.000000000000  0.008394833436  0.000000000000  0.011333530381  
syrmaticus_ellioti 0.000000000000  0.004873528314  0.000000000000  0.002432299066  0.017288146009  0.004874890788  0.002432299066  0.004996683250  0.002432299066  0.000000000000  0.004885433030  0.005203182456  0.002450177799  0.002444189089  0.008394833436  0.000000000000  0.000000000000  0.007887199601  
syrmaticus_reevesii 0.000000000000  0.000000000000  0.000000000000  0.000000000000  0.014608878582  0.002880736114  0.000000000000  0.002880736114  0.000000000000  0.000000000000  0.002883035629  0.002883035629  0.000000000000  0.000000000000  0.000000000000  0.000000000000  0.000000000000  0.000000000000  
tragopan_blythii 0.000000000000  0.006375310563  0.004447291855  0.004239874597  0.012844837187  0.006364500291  0.004239874597  0.006364500291  0.004239874597  0.004437424510  0.006388887851  0.006375310563  0.004313021867  0.004239874597  0.011333530381  0.007887199601  0.000000000000  0.000000000000  

