18
alectoris_rufa 0.000000000000  0.057040716125  0.041777361085  0.051222555942  0.112390022915  0.032573361599  0.054321685447  0.044188758217  0.042621443878  0.033458149946  0.056396461681  0.037967703662  0.056101764968  0.044224609471  0.045953477727  0.038568606382  0.040020123669  0.012565693113  
catreus_wallichi 0.057040716125  0.000000000000  0.024223160806  0.013079739092  0.125284246460  0.054532613657  0.033370848978  0.019721260499  0.013079739092  0.022198672914  0.047940303218  0.059578990166  0.041639392418  0.026639959765  0.062342525840  0.008053661341  0.015677330433  0.012986572852  
chrysolophus_pictus 0.041777361085  0.024223160806  0.000000000000  0.019402248155  0.096380012569  0.039423221279  0.026351458295  0.017204011907  0.015245921059  0.019241273516  0.037681423226  0.040241995061  0.036641447081  0.019423291158  0.046126810059  0.016141309450  0.020887924839  0.009419165911  
crossoptilon_crossoptilon 0.051222555942  0.013079739092  0.019402248155  0.000000000000  0.108800338262  0.048794210987  0.028747668542  0.019360504426  0.013072202906  0.022015367253  0.044782928761  0.054783533718  0.041639392418  0.021680525464  0.056101764968  0.008053661341  0.015677330433  0.012617858315  
cyrtonyx_montezumae 0.112390022915  0.125284246460  0.096380012569  0.108800338262  0.000000000000  0.113628715846  0.112658134196  0.112658134196  0.104697875647  0.070422944686  0.127327538584  0.104442063881  0.113916009872  0.112390022915  0.104901313102  0.087977351208  0.082084909205  0.026263544725  
galgal4    0.032573361599  0.054532613657  0.039423221279  0.048794210987  0.113628715846  0.000000000000  0.051839414210  0.041812186823  0.040216455107  0.036295713469  0.053994824133  0.035581545450  0.053613399331  0.041852971891  0.052620278743  0.035766379284  0.042749076819  0.009371163318  
lophophorus_impejanus 0.054321685447  0.033370848978  0.026351458295  0.028747668542  0.112658134196  0.051839414210  0.000000000000  0.026467736204  0.024199826519  0.024985648133  0.047683653818  0.047328750723  0.041447487161  0.028772684187  0.051863518277  0.018890656382  0.018222928959  0.000000000000  
lophura_inornata 0.044188758217  0.019721260499  0.017204011907  0.019360504426  0.112658134196  0.041812186823  0.026467736204  0.000000000000  0.006474633298  0.013628747287  0.035451150575  0.047543264148  0.032034517480  0.015068804980  0.046307841205  0.005344793283  0.010379201224  0.009448833811  
lophura_nycthemera 0.042621443878  0.013079739092  0.015245921059  0.013072202906  0.104697875647  0.040216455107  0.024199826519  0.006474633298  0.000000000000  0.010928554952  0.033670617570  0.045156676186  0.029666444676  0.013112620233  0.047105485964  0.000000000000  0.005165341909  0.009673341139  
lophura_swinhoii 0.033458149946  0.022198672914  0.019241273516  0.022015367253  0.070422944686  0.036295713469  0.024985648133  0.013628747287  0.010928554952  0.000000000000  0.027835859419  0.045600661369  0.039629706367  0.010947343175  0.034796630546  0.009244998724  0.014498224806  0.012889651563  
melgal2    0.056396461681  0.047940303218  0.037681423226  0.044782928761  0.127327538584  0.053994824133  0.047683653818  0.035451150575  0.033670617570  0.027835859419  0.000000000000  0.062474085553  0.046233537125  0.040126744156  0.046665435004  0.035697387065  0.037172300122  0.009419165911  
pavo_cristatus 0.037967703662  0.059578990166  0.040241995061  0.054783533718  0.104442063881  0.035581545450  0.047328750723  0.047543264148  0.045156676186  0.045600661369  0.062474085553  0.000000000000  0.061227421203  0.047575521605  0.044520494900  0.050353644105  0.045646518229  0.003196563228  
perdix_dauuricae 0.056101764968  0.041639392418  0.036641447081  0.041639392418  0.113916009872  0.053613399331  0.041447487161  0.032034517480  0.029666444676  0.039629706367  0.046233537125  0.061227421203  0.000000000000  0.039248316660  0.045996796560  0.035766379284  0.037234289976  0.026197891550  
phasianus_colchicus 0.044224609471  0.026639959765  0.019423291158  0.021680525464  0.112390022915  0.041852971891  0.028772684187  0.015068804980  0.013112620233  0.010947343175  0.040126744156  0.047575521605  0.039248316660  0.000000000000  0.048719597106  0.013501144733  0.018347245139  0.009459815555  
rollulus_rouloul 0.045953477727  0.062342525840  0.046126810059  0.056101764968  0.104901313102  0.052620278743  0.051863518277  0.046307841205  0.047105485964  0.034796630546  0.046665435004  0.044520494900  0.045996796560  0.048719597106  0.000000000000  0.047077990605  0.042363973834  0.009389683740  
syrmaticus_ellioti 0.038568606382  0.008053661341  0.016141309450  0.008053661341  0.087977351208  0.035766379284  0.018890656382  0.005344793283  0.000000000000  0.009244998724  0.035697387065  0.050353644105  0.035766379284  0.013501144733  0.047077990605  0.000000000000  0.005446684036  0.007389121017  
syrmaticus_reevesii 0.040020123669  0.015677330433  0.020887924839  0.015677330433  0.082084909205  0.042749076819  0.018222928959  0.010379201224  0.005165341909  0.014498224806  0.037172300122  0.045646518229  0.037234289976  0.018347245139  0.042363973834  0.005446684036  0.000000000000  0.010291653107  
tragopan_blythii 0.012565693113  0.012986572852  0.009419165911  0.012617858315  0.026263544725  0.009371163318  0.000000000000  0.009448833811  0.009673341139  0.012889651563  0.009419165911  0.003196563228  0.026197891550  0.009459815555  0.009389683740  0.007389121017  0.010291653107  0.000000000000  

