18
alectoris_rufa 0.000000000000  0.037475538773  0.041557328530  0.037475538773  0.060493273229  0.033487738068  0.023685210360  0.039966451126  0.037226788242  0.039492685922  0.037592949995  0.027408376140  0.036320597491  0.034259639002  0.034624556680  0.047523893058  0.041517072795  0.026268538870  
catreus_wallichi 0.037475538773  0.000000000000  0.003778519505  0.000000000000  0.056267003754  0.027058795272  0.020986890624  0.001904397926  0.007944296491  0.001882883343  0.027132156911  0.031024491592  0.017862586651  0.004446856952  0.026489799047  0.009181310148  0.003772166397  0.026268538870  
chrysolophus_pictus 0.041557328530  0.003778519505  0.000000000000  0.003778519505  0.060493273229  0.031082507307  0.025798502651  0.005741445155  0.011975557865  0.005676264746  0.031160449587  0.033095613832  0.021905211964  0.006677159741  0.031782501323  0.013824183483  0.007580507197  0.030090680013  
crossoptilon_crossoptilon 0.037475538773  0.000000000000  0.003778519505  0.000000000000  0.056267003754  0.027058795272  0.020986890624  0.001904397926  0.007944296491  0.001882883343  0.027132156911  0.031024491592  0.017862586651  0.004446856952  0.026489799047  0.009181310148  0.003772166397  0.026268538870  
cyrtonyx_montezumae 0.060493273229  0.056267003754  0.060493273229  0.056267003754  0.000000000000  0.054304195642  0.038543983739  0.057018399032  0.050380375699  0.058346516223  0.060751733387  0.056557182462  0.055253658827  0.050963877984  0.051537958423  0.060191164907  0.056158489459  0.037919477875  
galgal4    0.033487738068  0.027058795272  0.031082507307  0.027058795272  0.054304195642  0.000000000000  0.013913242188  0.029362332922  0.034741883670  0.029021377558  0.035211756953  0.031111390624  0.028115377644  0.024961301632  0.029304762947  0.037803088144  0.030990831399  0.030145206569  
lophophorus_impejanus 0.023685210360  0.020986890624  0.025798502651  0.020986890624  0.038543983739  0.013913242188  0.000000000000  0.020986890624  0.018692645899  0.020986890624  0.025787752711  0.018630002485  0.019475474416  0.019937329738  0.026489799047  0.027918258445  0.025695586904  0.022425251634  
lophura_inornata 0.039966451126  0.001904397926  0.005741445155  0.001904397926  0.057018399032  0.029362332922  0.020986890624  0.000000000000  0.007944296491  0.003815342952  0.029434591448  0.033395447232  0.020112496670  0.006767536891  0.026489799047  0.009181310148  0.005732884448  0.026268538870  
lophura_nycthemera 0.037226788242  0.007944296491  0.011975557865  0.007944296491  0.050380375699  0.034741883670  0.018692645899  0.007944296491  0.000000000000  0.009937830260  0.032606535773  0.028400631755  0.023027510696  0.014243559728  0.026630929047  0.018609377885  0.011938502282  0.018754432935  
lophura_swinhoii 0.039492685922  0.001882883343  0.005676264746  0.001882883343  0.058346516223  0.029021377558  0.020986890624  0.003815342952  0.009937830260  0.000000000000  0.029091951020  0.029049666315  0.019872655507  0.006677159741  0.026489799047  0.011499646511  0.005667896872  0.026268538870  
melgal2    0.037592949995  0.027132156911  0.031160449587  0.027132156911  0.060751733387  0.035211756953  0.025787752711  0.029434591448  0.032606535773  0.029091951020  0.000000000000  0.031111390624  0.026111727689  0.029740996491  0.029226873316  0.035308448878  0.031058573011  0.030145206569  
pavo_cristatus 0.027408376140  0.031024491592  0.033095613832  0.031024491592  0.056557182462  0.031111390624  0.018630002485  0.033395447232  0.028400631755  0.029049666315  0.031111390624  0.000000000000  0.030195615934  0.027329109482  0.026582061902  0.032988116874  0.034995118235  0.018754432935  
perdix_dauuricae 0.036320597491  0.017862586651  0.021905211964  0.017862586651  0.055253658827  0.028115377644  0.019475474416  0.020112496670  0.023027510696  0.019872655507  0.026111727689  0.030195615934  0.000000000000  0.022613771457  0.026441451194  0.025632002161  0.017862586651  0.022425251634  
phasianus_colchicus 0.034259639002  0.004446856952  0.006677159741  0.004446856952  0.050963877984  0.024961301632  0.019937329738  0.006767536891  0.014243559728  0.006677159741  0.029740996491  0.027329109482  0.022613771457  0.000000000000  0.025889574362  0.012899492173  0.006677159741  0.030145206569  
rollulus_rouloul 0.034624556680  0.026489799047  0.031782501323  0.026489799047  0.051537958423  0.029304762947  0.026489799047  0.026489799047  0.026630929047  0.026489799047  0.029226873316  0.026582061902  0.026441451194  0.025889574362  0.000000000000  0.035445215809  0.031866932624  0.030145206569  
syrmaticus_ellioti 0.047523893058  0.009181310148  0.013824183483  0.009181310148  0.060191164907  0.037803088144  0.027918258445  0.009181310148  0.018609377885  0.011499646511  0.035308448878  0.032988116874  0.025632002161  0.012899492173  0.035445215809  0.000000000000  0.009181310148  0.030638856344  
syrmaticus_reevesii 0.041517072795  0.003772166397  0.007580507197  0.003772166397  0.056158489459  0.030990831399  0.025695586904  0.005732884448  0.011938502282  0.005667896872  0.031058573011  0.034995118235  0.017862586651  0.006677159741  0.031866932624  0.009181310148  0.000000000000  0.030090680013  
tragopan_blythii 0.026268538870  0.026268538870  0.030090680013  0.026268538870  0.037919477875  0.030145206569  0.022425251634  0.026268538870  0.018754432935  0.026268538870  0.030145206569  0.018754432935  0.022425251634  0.030145206569  0.030145206569  0.030638856344  0.030090680013  0.000000000000  

