18
alectoris_rufa 0.000000000000  0.006928786814  0.006857513887  0.006787692358  0.006764733412  0.010187734163  0.006764733412  0.006787692358  0.006881108043  0.006881108043  0.003368965323  0.006857513887  0.006764733412  0.004811708727  0.006764733412  0.004811708727  0.006764733412  0.004590810085  
catreus_wallichi 0.006928786814  0.000000000000  0.000000000000  0.002802476174  0.002800560922  0.002802476174  0.000000000000  0.002808426114  0.000000000000  0.000000000000  0.002802476174  0.005623474399  0.000000000000  0.000000000000  0.005614030481  0.000000000000  0.000000000000  0.000000000000  
chrysolophus_pictus 0.006857513887  0.000000000000  0.000000000000  0.005499761575  0.005490728961  0.005499761575  0.002741022750  0.002784961963  0.002748556632  0.000000000000  0.005499761575  0.005576435312  0.002741022750  0.000000000000  0.008260120055  0.000000000000  0.000000000000  0.000000000000  
crossoptilon_crossoptilon 0.006787692358  0.002802476174  0.005499761575  0.000000000000  0.005445875851  0.005454761129  0.002718666891  0.005536327047  0.002748556632  0.002818272514  0.005454761129  0.008392213502  0.002718666891  0.000000000000  0.008192447869  0.000000000000  0.000000000000  0.000000000000  
cyrtonyx_montezumae 0.006764733412  0.002800560922  0.005490728961  0.005445875851  0.000000000000  0.005344015089  0.002709503109  0.005538010780  0.002746714373  0.002816335609  0.005344015089  0.008375426188  0.002666159186  0.000000000000  0.008142497416  0.000000000000  0.000000000000  0.000000000000  
galgal4    0.010187734163  0.002802476174  0.005499761575  0.005454761129  0.005344015089  0.000000000000  0.002711295756  0.005536327047  0.002748556632  0.002818272514  0.005352570291  0.008392213502  0.002667894899  0.000000000000  0.008147945762  0.000000000000  0.003248576946  0.000000000000  
lophophorus_impejanus 0.006764733412  0.000000000000  0.002741022750  0.002718666891  0.002709503109  0.002711295756  0.000000000000  0.002761886645  0.000000000000  0.000000000000  0.002711295756  0.005576435312  0.000000000000  0.000000000000  0.005431087218  0.000000000000  0.000000000000  0.000000000000  
lophura_inornata 0.006787692358  0.002808426114  0.002784961963  0.005536327047  0.005538010780  0.005536327047  0.002761886645  0.000000000000  0.002792739660  0.002816335609  0.005536327047  0.008398874810  0.002761886645  0.000000000000  0.008323225290  0.000000000000  0.000000000000  0.000000000000  
lophura_nycthemera 0.006881108043  0.000000000000  0.002748556632  0.002748556632  0.002746714373  0.002748556632  0.000000000000  0.002792739660  0.000000000000  0.000000000000  0.002748556632  0.005592027324  0.000000000000  0.000000000000  0.005505844636  0.000000000000  0.000000000000  0.000000000000  
lophura_swinhoii 0.006881108043  0.000000000000  0.000000000000  0.002818272514  0.002816335609  0.002818272514  0.000000000000  0.002816335609  0.000000000000  0.000000000000  0.002818272514  0.005655277168  0.000000000000  0.000000000000  0.005645726034  0.000000000000  0.000000000000  0.000000000000  
melgal2    0.003368965323  0.002802476174  0.005499761575  0.005454761129  0.005344015089  0.005352570291  0.002711295756  0.005536327047  0.002748556632  0.002818272514  0.000000000000  0.008392213502  0.002667894899  0.004676690113  0.008147945762  0.004811708727  0.003248576946  0.004569830659  
pavo_cristatus 0.006857513887  0.005623474399  0.005576435312  0.008392213502  0.008375426188  0.008392213502  0.005576435312  0.008398874810  0.005592027324  0.005655277168  0.008392213502  0.000000000000  0.005576435312  0.000000000000  0.011202302579  0.000000000000  0.000000000000  0.000000000000  
perdix_dauuricae 0.006764733412  0.000000000000  0.002741022750  0.002718666891  0.002666159186  0.002667894899  0.000000000000  0.002761886645  0.000000000000  0.000000000000  0.002667894899  0.005576435312  0.000000000000  0.000000000000  0.005416378687  0.000000000000  0.000000000000  0.000000000000  
phasianus_colchicus 0.004811708727  0.000000000000  0.000000000000  0.000000000000  0.000000000000  0.000000000000  0.000000000000  0.000000000000  0.000000000000  0.000000000000  0.004676690113  0.000000000000  0.000000000000  0.000000000000  0.000000000000  0.000000000000  0.000000000000  0.000000000000  
rollulus_rouloul 0.006764733412  0.005614030481  0.008260120055  0.008192447869  0.008142497416  0.008147945762  0.005431087218  0.008323225290  0.005505844636  0.005645726034  0.008147945762  0.011202302579  0.005416378687  0.000000000000  0.000000000000  0.000000000000  0.000000000000  0.000000000000  
syrmaticus_ellioti 0.004811708727  0.000000000000  0.000000000000  0.000000000000  0.000000000000  0.000000000000  0.000000000000  0.000000000000  0.000000000000  0.000000000000  0.004811708727  0.000000000000  0.000000000000  0.000000000000  0.000000000000  0.000000000000  0.000000000000  0.000000000000  
syrmaticus_reevesii 0.006764733412  0.000000000000  0.000000000000  0.000000000000  0.000000000000  0.003248576946  0.000000000000  0.000000000000  0.000000000000  0.000000000000  0.003248576946  0.000000000000  0.000000000000  0.000000000000  0.000000000000  0.000000000000  0.000000000000  0.000000000000  
tragopan_blythii 0.004590810085  0.000000000000  0.000000000000  0.000000000000  0.000000000000  0.000000000000  0.000000000000  0.000000000000  0.000000000000  0.000000000000  0.004569830659  0.000000000000  0.000000000000  0.000000000000  0.000000000000  0.000000000000  0.000000000000  0.000000000000  

