18
alectoris_rufa 0.000000000000  0.016934250408  0.030868806283  0.017108096241  0.034788085545  0.016934250408  0.020396882512  0.021369536239  0.030946762714  0.016934250408  0.000000000000  0.020396882512  0.024244963140  0.010905872616  0.024693309951  0.030946762714  0.030946762714  0.017345520717  
catreus_wallichi 0.016934250408  0.000000000000  0.012294703486  0.000000000000  0.028340701348  0.015419614096  0.006108928096  0.006381833726  0.012324485083  0.000000000000  0.004441700347  0.012294703486  0.015710336273  0.005437971542  0.032479487396  0.012324485083  0.012324485083  0.003113911937  
chrysolophus_pictus 0.030868806283  0.012294703486  0.000000000000  0.011928055487  0.039775339620  0.026980941834  0.017815786802  0.012667318621  0.005875616949  0.011822287751  0.004199226615  0.023905204441  0.025027208653  0.010905872616  0.047729319599  0.005892929387  0.005910344149  0.015114784694  
crossoptilon_crossoptilon 0.017108096241  0.000000000000  0.011928055487  0.000000000000  0.027391633165  0.014651425807  0.005807372611  0.006301403945  0.011711035931  0.000000000000  0.004079316102  0.011684147921  0.015515318440  0.005437971542  0.034599422834  0.011991927800  0.012027989616  0.002939970043  
cyrtonyx_montezumae 0.034788085545  0.028340701348  0.039775339620  0.027391633165  0.000000000000  0.036645835882  0.030329342388  0.035946927588  0.042943504568  0.030259831851  0.012676014504  0.033476560543  0.045056449567  0.022430378047  0.044890813150  0.043208769355  0.043342635362  0.024619136766  
galgal4    0.016934250408  0.015419614096  0.026980941834  0.014651425807  0.036645835882  0.000000000000  0.017527304324  0.019121824073  0.026483226903  0.014781376900  0.004083421846  0.014558502746  0.031499374242  0.005437971542  0.031391308917  0.027121872828  0.027203876515  0.011885028291  
lophophorus_impejanus 0.020396882512  0.006108928096  0.017815786802  0.005807372611  0.030329342388  0.017527304324  0.000000000000  0.012667318621  0.017484090309  0.005858405936  0.004083421846  0.008678739087  0.021825534615  0.005437971542  0.034642013016  0.011857334622  0.017955036735  0.002942101364  
lophura_inornata 0.021369536239  0.006381833726  0.012667318621  0.006301403945  0.035946927588  0.019121824073  0.012667318621  0.000000000000  0.012684607841  0.006301403945  0.004364162621  0.019121824073  0.022455775167  0.005437971542  0.042445106696  0.012684607841  0.012684607841  0.009474288012  
lophura_nycthemera 0.030946762714  0.012324485083  0.005875616949  0.011711035931  0.042943504568  0.026483226903  0.017484090309  0.012684607841  0.000000000000  0.011814814571  0.004079316102  0.023463572412  0.025082377434  0.005437971542  0.044462854375  0.005903469684  0.005920946998  0.014869299353  
lophura_swinhoii 0.016934250408  0.000000000000  0.011822287751  0.000000000000  0.030259831851  0.014781376900  0.005858405936  0.006301403945  0.011814814571  0.000000000000  0.004181666743  0.011787447455  0.015515318440  0.005437971542  0.034599422834  0.011885028291  0.011920449054  0.002983832059  
melgal2    0.000000000000  0.004441700347  0.004199226615  0.004079316102  0.012676014504  0.004083421846  0.004083421846  0.004364162621  0.004079316102  0.004181666743  0.000000000000  0.000000000000  0.017751273786  0.000000000000  0.017349892513  0.004216934586  0.004234792539  0.004100164662  
pavo_cristatus 0.020396882512  0.012294703486  0.023905204441  0.011684147921  0.033476560543  0.014558502746  0.008678739087  0.019121824073  0.023463572412  0.011787447455  0.000000000000  0.000000000000  0.028251712555  0.010942133470  0.037916254135  0.017901460076  0.024099864302  0.011885028291  
perdix_dauuricae 0.024244963140  0.015710336273  0.025027208653  0.015515318440  0.045056449567  0.031499374242  0.021825534615  0.022455775167  0.025082377434  0.015515318440  0.017751273786  0.028251712555  0.000000000000  0.010905872616  0.038804040973  0.025082377434  0.025082377434  0.018763002379  
phasianus_colchicus 0.010905872616  0.005437971542  0.010905872616  0.005437971542  0.022430378047  0.005437971542  0.005437971542  0.005437971542  0.005437971542  0.005437971542  0.000000000000  0.010942133470  0.010905872616  0.000000000000  0.016448160262  0.005437971542  0.010942133470  0.005437971542  
rollulus_rouloul 0.024693309951  0.032479487396  0.047729319599  0.034599422834  0.044890813150  0.031391308917  0.034642013016  0.042445106696  0.044462854375  0.034599422834  0.017349892513  0.037916254135  0.038804040973  0.016448160262  0.000000000000  0.047799059743  0.047799059743  0.031391308917  
syrmaticus_ellioti 0.030946762714  0.012324485083  0.005892929387  0.011991927800  0.043208769355  0.027121872828  0.011857334622  0.012684607841  0.005903469684  0.011885028291  0.004216934586  0.017901460076  0.025082377434  0.005437971542  0.047799059743  0.000000000000  0.005920946998  0.015185440694  
syrmaticus_reevesii 0.030946762714  0.012324485083  0.005910344149  0.012027989616  0.043342635362  0.027203876515  0.017955036735  0.012684607841  0.005920946998  0.011920449054  0.004234792539  0.024099864302  0.025082377434  0.010942133470  0.047799059743  0.005920946998  0.000000000000  0.015231704581  
tragopan_blythii 0.017345520717  0.003113911937  0.015114784694  0.002939970043  0.024619136766  0.011885028291  0.002942101364  0.009474288012  0.014869299353  0.002983832059  0.004100164662  0.011885028291  0.018763002379  0.005437971542  0.031391308917  0.015185440694  0.015231704581  0.000000000000  

