18
alectoris_rufa 0.000000000000  0.017450860646  0.014917361326  0.022464627001  0.019168179041  0.028028454158  0.009984749924  0.020014978470  0.019915314092  0.014880362368  0.088600241304  0.009984749924  0.025217618128  0.015455364238  0.027772319814  0.003334384961  0.017516689176  0.015690263189  
catreus_wallichi 0.017450860646  0.000000000000  0.007412691919  0.004921422175  0.013622641349  0.028153509095  0.004965126599  0.007418297933  0.012375094161  0.007395836771  0.085581086017  0.009984749924  0.009931262456  0.007664690911  0.027772319814  0.000000000000  0.008741012006  0.007777847283  
chrysolophus_pictus 0.014917361326  0.007412691919  0.000000000000  0.012397819521  0.016387004777  0.025521685219  0.007468051505  0.009916607057  0.014882949779  0.009882190025  0.088600241304  0.012515374286  0.017510575374  0.010246864121  0.030379014833  0.000000000000  0.008741012006  0.010400138227  
crossoptilon_crossoptilon 0.022464627001  0.004921422175  0.012397819521  0.000000000000  0.013622641349  0.028028454158  0.009966023249  0.007431053692  0.012351545559  0.012344540208  0.088600241304  0.015029470531  0.014957155822  0.005104523332  0.032953562396  0.003334384961  0.013117365712  0.010400138227  
cyrtonyx_montezumae 0.019168179041  0.013622641349  0.016387004777  0.013622641349  0.000000000000  0.019190980276  0.013622641349  0.010874886752  0.010874886752  0.010874886752  0.096350840407  0.013622641349  0.016387004777  0.010874886752  0.027580549499  0.003494894638  0.004781687190  0.016387004777  
galgal4    0.028028454158  0.028153509095  0.025521685219  0.028028454158  0.019190980276  0.000000000000  0.017851436731  0.028172062198  0.027949317804  0.025372100179  0.104159869762  0.017851436731  0.030959553643  0.021014032540  0.036135198058  0.006693259205  0.026622103285  0.023688824872  
lophophorus_impejanus 0.009984749924  0.004965126599  0.007468051505  0.009966023249  0.013622641349  0.017851436731  0.000000000000  0.007455168310  0.007455168310  0.002475825266  0.088600241304  0.004965126599  0.015007602324  0.007664690911  0.022660001412  0.000000000000  0.008857146220  0.007777847283  
lophura_inornata 0.020014978470  0.007418297933  0.009916607057  0.007431053692  0.010874886752  0.028172062198  0.007455168310  0.000000000000  0.004935075384  0.009905384783  0.085581086017  0.012490739359  0.017491621699  0.005104523332  0.030338265030  0.000000000000  0.008779383527  0.005170506453  
lophura_nycthemera 0.019915314092  0.012375094161  0.014882949779  0.012351545559  0.010874886752  0.027949317804  0.007455168310  0.004935075384  0.000000000000  0.004909341636  0.085581086017  0.012490739359  0.020024115161  0.005104523332  0.032915562318  0.000000000000  0.017485459545  0.005170506453  
lophura_swinhoii 0.014880362368  0.007395836771  0.009882190025  0.012344540208  0.010874886752  0.025372100179  0.002475825266  0.009905384783  0.004909341636  0.000000000000  0.085581086017  0.007468051505  0.014957155822  0.005097015142  0.027737838367  0.000000000000  0.017485459545  0.005170506453  
melgal2    0.088600241304  0.085581086017  0.088600241304  0.088600241304  0.096350840407  0.104159869762  0.088600241304  0.085581086017  0.085581086017  0.085581086017  0.000000000000  0.088600241304  0.094699011802  0.091390043411  0.091342056709  0.000000000000  0.008857146220  0.085581086017  
pavo_cristatus 0.009984749924  0.009984749924  0.012515374286  0.015029470531  0.013622641349  0.017851436731  0.004965126599  0.012490739359  0.012490739359  0.007468051505  0.088600241304  0.000000000000  0.020115645523  0.012843699410  0.022660001412  0.000000000000  0.008857146220  0.007777847283  
perdix_dauuricae 0.025217618128  0.009931262456  0.017510575374  0.014957155822  0.016387004777  0.030959553643  0.015007602324  0.017491621699  0.020024115161  0.014957155822  0.094699011802  0.020115645523  0.000000000000  0.015418411747  0.038178617496  0.010053515095  0.017749902967  0.018288380352  
phasianus_colchicus 0.015455364238  0.007664690911  0.010246864121  0.005104523332  0.010874886752  0.021014032540  0.007664690911  0.005104523332  0.005104523332  0.005097015142  0.091390043411  0.012843699410  0.015418411747  0.000000000000  0.031287749323  0.003414072138  0.009310726696  0.008006179363  
rollulus_rouloul 0.027772319814  0.027772319814  0.030379014833  0.032953562396  0.027580549499  0.036135198058  0.022660001412  0.030338265030  0.032915562318  0.027737838367  0.091342056709  0.022660001412  0.038178617496  0.031287749323  0.000000000000  0.003331870460  0.008795662914  0.020931701679  
syrmaticus_ellioti 0.003334384961  0.000000000000  0.000000000000  0.003334384961  0.003494894638  0.006693259205  0.000000000000  0.000000000000  0.000000000000  0.000000000000  0.000000000000  0.000000000000  0.010053515095  0.003414072138  0.003331870460  0.000000000000  0.004486217622  0.000000000000  
syrmaticus_reevesii 0.017516689176  0.008741012006  0.008741012006  0.013117365712  0.004781687190  0.026622103285  0.008857146220  0.008779383527  0.017485459545  0.017485459545  0.008857146220  0.008857146220  0.017749902967  0.009310726696  0.008795662914  0.004486217622  0.000000000000  0.008857146220  
tragopan_blythii 0.015690263189  0.007777847283  0.010400138227  0.010400138227  0.016387004777  0.023688824872  0.007777847283  0.005170506453  0.005170506453  0.005170506453  0.085581086017  0.007777847283  0.018288380352  0.008006179363  0.020931701679  0.000000000000  0.008857146220  0.000000000000  

