18
alectoris_rufa 0.000000000000  0.022715131723  0.027144673315  0.025571912113  0.007056320053  0.013210242355  0.017907410573  0.027268068418  0.031277222107  0.031280272866  0.026684422297  0.018004718386  0.029106225635  0.024821611656  0.023334681113  0.028772218333  0.029145113277  0.022161306509  
catreus_wallichi 0.022715131723  0.000000000000  0.008971305513  0.006950333302  0.003664623027  0.029749812818  0.011392188356  0.004476696060  0.002232741104  0.006731978077  0.015807834889  0.030290750320  0.020487502240  0.002232741104  0.033608941247  0.004768320597  0.005184604875  0.008971305513  
chrysolophus_pictus 0.027144673315  0.008971305513  0.000000000000  0.006886513937  0.007252795754  0.029479876906  0.011289296984  0.008931242339  0.006655915369  0.011138398293  0.015666308998  0.030010971001  0.020302612543  0.006655915369  0.033289163764  0.004723276179  0.002582900859  0.008891535401  
crossoptilon_crossoptilon 0.025571912113  0.006950333302  0.006886513937  0.000000000000  0.007208927293  0.027967314620  0.013797115032  0.006918276440  0.004568734608  0.011486463621  0.018486815426  0.028490956936  0.018504517894  0.004579195264  0.033164565561  0.007080036285  0.007860958801  0.011470596209  
cyrtonyx_montezumae 0.007056320053  0.003664623027  0.007252795754  0.007208927293  0.000000000000  0.003522622349  0.010611032023  0.003637959379  0.017848099976  0.010611032023  0.014191377684  0.007073239250  0.014237534056  0.003611680938  0.003547616304  0.007174738687  0.009018992584  0.014187034947  
galgal4    0.013210242355  0.029749812818  0.029479876906  0.027967314620  0.003522622349  0.000000000000  0.022409659333  0.029614229563  0.035872691279  0.035872003341  0.033574789376  0.015701452344  0.029006298488  0.027144673315  0.020947327572  0.031252204064  0.031889370798  0.026625203119  
lophophorus_impejanus 0.017907410573  0.011392188356  0.011289296984  0.013797115032  0.010611032023  0.022409659333  0.000000000000  0.011340509286  0.013379535232  0.013366771173  0.013337057352  0.022824079680  0.015631322631  0.009011729738  0.025656580258  0.011787384467  0.010406328997  0.004410775082  
lophura_inornata 0.027268068418  0.004476696060  0.008931242339  0.006918276440  0.003637959379  0.029614229563  0.011340509286  0.000000000000  0.002222815142  0.006701899483  0.015736753727  0.030150211457  0.020394638313  0.002222815142  0.030979510932  0.004745691503  0.005184604875  0.008931242339  
lophura_nycthemera 0.031277222107  0.002232741104  0.006655915369  0.004568734608  0.017848099976  0.035872691279  0.013379535232  0.002222815142  0.000000000000  0.008774505112  0.017671110777  0.036562402326  0.020010694250  0.000000000000  0.037645765665  0.007050854147  0.002584782049  0.008772856457  
lophura_swinhoii 0.031280272866  0.006731978077  0.011138398293  0.011486463621  0.010611032023  0.035872003341  0.013366771173  0.006701899483  0.008774505112  0.000000000000  0.022135365963  0.036528087677  0.024512889457  0.004436969800  0.037733981539  0.009414742215  0.007799644547  0.013178318197  
melgal2    0.026684422297  0.015807834889  0.015666308998  0.018486815426  0.014191377684  0.033574789376  0.013337057352  0.015736753727  0.017671110777  0.022135365963  0.000000000000  0.034161411544  0.019971055177  0.013396617697  0.037733981539  0.016574666985  0.015699106142  0.008745391879  
pavo_cristatus 0.018004718386  0.030290750320  0.030010971001  0.028490956936  0.007073239250  0.015701452344  0.022824079680  0.030150211457  0.036562402326  0.036528087677  0.034161411544  0.000000000000  0.034246456158  0.027637737571  0.026144512909  0.031617157133  0.032548606652  0.027115647494  
perdix_dauuricae 0.029106225635  0.020487502240  0.020302612543  0.018504517894  0.014237534056  0.029006298488  0.015631322631  0.020394638313  0.020010694250  0.024512889457  0.019971055177  0.034246456158  0.000000000000  0.018004718386  0.025690348373  0.019032860798  0.021067391295  0.011006043483  
phasianus_colchicus 0.024821611656  0.002232741104  0.006655915369  0.004579195264  0.003611680938  0.027144673315  0.009011729738  0.002222815142  0.000000000000  0.004436969800  0.013396617697  0.027637737571  0.018004718386  0.000000000000  0.030832516608  0.002357591664  0.002584782049  0.006655915369  
rollulus_rouloul 0.023334681113  0.033608941247  0.033289163764  0.033164565561  0.003547616304  0.020947327572  0.025656580258  0.030979510932  0.037645765665  0.037733981539  0.037733981539  0.026144512909  0.025690348373  0.030832516608  0.000000000000  0.028867479286  0.038195544072  0.030432605840  
syrmaticus_ellioti 0.028772218333  0.004768320597  0.004723276179  0.007080036285  0.007174738687  0.031252204064  0.011787384467  0.004745691503  0.007050854147  0.009414742215  0.016574666985  0.031617157133  0.019032860798  0.002357591664  0.028867479286  0.000000000000  0.005413678171  0.009412842627  
syrmaticus_reevesii 0.029145113277  0.005184604875  0.002582900859  0.007860958801  0.009018992584  0.031889370798  0.010406328997  0.005184604875  0.002584782049  0.007799644547  0.015699106142  0.032548606652  0.021067391295  0.002584782049  0.038195544072  0.005413678171  0.000000000000  0.007783268787  
tragopan_blythii 0.022161306509  0.008971305513  0.008891535401  0.011470596209  0.014187034947  0.026625203119  0.004410775082  0.008931242339  0.008772856457  0.013178318197  0.008745391879  0.027115647494  0.011006043483  0.006655915369  0.030432605840  0.009412842627  0.007783268787  0.000000000000  

