18
alectoris_rufa 0.000000000000  0.003323244991  0.003323244991  0.000000000000  0.006670696379  0.006670696379  0.003323244991  0.003425705582  0.003323244991  0.003323244991  0.003323244991  0.003323244991  0.003485405733  0.003368016161  0.016783673738  0.003534685221  0.003637546394  0.003425705582  
catreus_wallichi 0.003323244991  0.000000000000  0.000000000000  0.002481937458  0.002427708542  0.002427708542  0.000000000000  0.000000000000  0.000000000000  0.000000000000  0.000000000000  0.000000000000  0.000000000000  0.000000000000  0.010756636853  0.000000000000  0.000000000000  0.000000000000  
chrysolophus_pictus 0.003323244991  0.000000000000  0.000000000000  0.002481937458  0.002427708542  0.002427708542  0.000000000000  0.000000000000  0.000000000000  0.000000000000  0.000000000000  0.000000000000  0.000000000000  0.000000000000  0.010756636853  0.000000000000  0.000000000000  0.000000000000  
crossoptilon_crossoptilon 0.000000000000  0.002481937458  0.002481937458  0.000000000000  0.004977351697  0.004977351697  0.002481937458  0.002481937458  0.002481937458  0.002866061324  0.002481937458  0.002481937458  0.002513124626  0.002481937458  0.011036681567  0.002604770441  0.003637546394  0.002703353322  
cyrtonyx_montezumae 0.006670696379  0.002427708542  0.002427708542  0.004977351697  0.000000000000  0.004868309848  0.002427708542  0.002481937458  0.002427708542  0.002793991342  0.002427708542  0.002427708542  0.000000000000  0.002451514853  0.008049064458  0.002604770441  0.000000000000  0.002703353322  
galgal4    0.006670696379  0.002427708542  0.002427708542  0.004977351697  0.004868309848  0.000000000000  0.002427708542  0.002481937458  0.002427708542  0.002793991342  0.002427708542  0.002427708542  0.002513124626  0.002451514853  0.013480255709  0.002604770441  0.003637546394  0.002703353322  
lophophorus_impejanus 0.003323244991  0.000000000000  0.000000000000  0.002481937458  0.002427708542  0.002427708542  0.000000000000  0.000000000000  0.000000000000  0.000000000000  0.000000000000  0.000000000000  0.000000000000  0.000000000000  0.010756636853  0.000000000000  0.000000000000  0.000000000000  
lophura_inornata 0.003425705582  0.000000000000  0.000000000000  0.002481937458  0.002481937458  0.002481937458  0.000000000000  0.000000000000  0.000000000000  0.000000000000  0.000000000000  0.000000000000  0.000000000000  0.000000000000  0.008253947192  0.000000000000  0.000000000000  0.000000000000  
lophura_nycthemera 0.003323244991  0.000000000000  0.000000000000  0.002481937458  0.002427708542  0.002427708542  0.000000000000  0.000000000000  0.000000000000  0.000000000000  0.000000000000  0.000000000000  0.000000000000  0.000000000000  0.010756636853  0.000000000000  0.000000000000  0.000000000000  
lophura_swinhoii 0.003323244991  0.000000000000  0.000000000000  0.002866061324  0.002793991342  0.002793991342  0.000000000000  0.000000000000  0.000000000000  0.000000000000  0.000000000000  0.000000000000  0.000000000000  0.000000000000  0.011240280286  0.000000000000  0.000000000000  0.000000000000  
melgal2    0.003323244991  0.000000000000  0.000000000000  0.002481937458  0.002427708542  0.002427708542  0.000000000000  0.000000000000  0.000000000000  0.000000000000  0.000000000000  0.000000000000  0.000000000000  0.000000000000  0.010756636853  0.000000000000  0.000000000000  0.000000000000  
pavo_cristatus 0.003323244991  0.000000000000  0.000000000000  0.002481937458  0.002427708542  0.002427708542  0.000000000000  0.000000000000  0.000000000000  0.000000000000  0.000000000000  0.000000000000  0.000000000000  0.000000000000  0.010756636853  0.000000000000  0.000000000000  0.000000000000  
perdix_dauuricae 0.003485405733  0.000000000000  0.000000000000  0.002513124626  0.000000000000  0.002513124626  0.000000000000  0.000000000000  0.000000000000  0.000000000000  0.000000000000  0.000000000000  0.000000000000  0.000000000000  0.005564303490  0.000000000000  0.000000000000  0.000000000000  
phasianus_colchicus 0.003368016161  0.000000000000  0.000000000000  0.002481937458  0.002451514853  0.002451514853  0.000000000000  0.000000000000  0.000000000000  0.000000000000  0.000000000000  0.000000000000  0.000000000000  0.000000000000  0.008141939785  0.000000000000  0.000000000000  0.000000000000  
rollulus_rouloul 0.016783673738  0.010756636853  0.010756636853  0.011036681567  0.008049064458  0.013480255709  0.010756636853  0.008253947192  0.010756636853  0.011240280286  0.010756636853  0.010756636853  0.005564303490  0.008141939785  0.000000000000  0.008463523854  0.007287746379  0.008253947192  
syrmaticus_ellioti 0.003534685221  0.000000000000  0.000000000000  0.002604770441  0.002604770441  0.002604770441  0.000000000000  0.000000000000  0.000000000000  0.000000000000  0.000000000000  0.000000000000  0.000000000000  0.000000000000  0.008463523854  0.000000000000  0.000000000000  0.000000000000  
syrmaticus_reevesii 0.003637546394  0.000000000000  0.000000000000  0.003637546394  0.000000000000  0.003637546394  0.000000000000  0.000000000000  0.000000000000  0.000000000000  0.000000000000  0.000000000000  0.000000000000  0.000000000000  0.007287746379  0.000000000000  0.000000000000  0.000000000000  
tragopan_blythii 0.003425705582  0.000000000000  0.000000000000  0.002703353322  0.002703353322  0.002703353322  0.000000000000  0.000000000000  0.000000000000  0.000000000000  0.000000000000  0.000000000000  0.000000000000  0.000000000000  0.008253947192  0.000000000000  0.000000000000  0.000000000000  

