18
alectoris_rufa 0.000000000000  0.014915787607  0.008682127680  0.014568083186  0.014535377140  0.023550919136  0.008665034714  0.009537850215  0.011615142075  0.011821110364  0.011615142075  0.002874815842  0.014535377140  0.000000000000  0.011657857774  0.000000000000  0.000000000000  0.005768772868  
catreus_wallichi 0.014915787607  0.000000000000  0.005093013971  0.005093013971  0.023475052315  0.037205038656  0.007662076478  0.000000000000  0.002539047269  0.002977534593  0.007701416731  0.018148724168  0.010227083436  0.000000000000  0.024168660314  0.000000000000  0.000000000000  0.007662076478  
chrysolophus_pictus 0.008682127680  0.005093013971  0.000000000000  0.004966539290  0.017425759864  0.032984416769  0.004886832291  0.003136288157  0.002439925614  0.002842133285  0.002451890507  0.014893780154  0.007348971899  0.000000000000  0.020536656937  0.000000000000  0.000000000000  0.002439925614  
crossoptilon_crossoptilon 0.014568083186  0.005093013971  0.004966539290  0.000000000000  0.022878175621  0.038878174368  0.009972109727  0.000000000000  0.002476175820  0.002891440622  0.007508654230  0.017690018300  0.012500239415  0.000000000000  0.026231544195  0.000000000000  0.000000000000  0.007471253930  
cyrtonyx_montezumae 0.014535377140  0.023475052315  0.017425759864  0.022878175621  0.000000000000  0.038223421491  0.017398831601  0.019240506461  0.019972575823  0.023355084036  0.019972575823  0.019939799262  0.025066737590  0.004905628642  0.020501993003  0.003523011293  0.004857965393  0.014893780154  
galgal4    0.023550919136  0.037205038656  0.032984416769  0.038878174368  0.038223421491  0.000000000000  0.032938009500  0.032689899215  0.035625376923  0.035582847978  0.035625376923  0.032938009500  0.040890426581  0.004905628642  0.033706935015  0.010655875975  0.004857965393  0.030359406562  
lophophorus_impejanus 0.008665034714  0.007662076478  0.004886832291  0.009972109727  0.017398831601  0.032938009500  0.000000000000  0.006295371548  0.007348971899  0.008566065243  0.007385154755  0.014872632328  0.012300210612  0.000000000000  0.020501993003  0.000000000000  0.000000000000  0.002438561467  
lophura_inornata 0.009537850215  0.000000000000  0.003136288157  0.000000000000  0.019240506461  0.032689899215  0.006295371548  0.000000000000  0.000000000000  0.000000000000  0.006335255034  0.012764218344  0.006295371548  0.000000000000  0.022676554701  0.000000000000  0.000000000000  0.006295371548  
lophura_nycthemera 0.011615142075  0.002539047269  0.002439925614  0.002476175820  0.019972575823  0.035625376923  0.007348971899  0.000000000000  0.000000000000  0.000000000000  0.004917690953  0.017425759864  0.009825138313  0.000000000000  0.023172770189  0.000000000000  0.000000000000  0.004893625361  
lophura_swinhoii 0.011821110364  0.002977534593  0.002842133285  0.002891440622  0.023355084036  0.035582847978  0.008566065243  0.000000000000  0.000000000000  0.000000000000  0.005735684524  0.017439241324  0.011457493039  0.000000000000  0.026519409098  0.000000000000  0.000000000000  0.005702973594  
melgal2    0.011615142075  0.007701416731  0.002451890507  0.007508654230  0.019972575823  0.035625376923  0.007385154755  0.006335255034  0.004917690953  0.005735684524  0.000000000000  0.017425759864  0.009873645035  0.000000000000  0.023172770189  0.000000000000  0.000000000000  0.004917690953  
pavo_cristatus 0.002874815842  0.018148724168  0.014893780154  0.017690018300  0.019939799262  0.032938009500  0.014872632328  0.012764218344  0.017425759864  0.017439241324  0.017425759864  0.000000000000  0.022495709001  0.000000000000  0.017916435317  0.003520167210  0.000000000000  0.012376464839  
perdix_dauuricae 0.014535377140  0.010227083436  0.007348971899  0.012500239415  0.025066737590  0.040890426581  0.012300210612  0.006295371548  0.009825138313  0.011457493039  0.009873645035  0.022495709001  0.000000000000  0.000000000000  0.023131841160  0.000000000000  0.000000000000  0.009825138313  
phasianus_colchicus 0.000000000000  0.000000000000  0.000000000000  0.000000000000  0.004905628642  0.004905628642  0.000000000000  0.000000000000  0.000000000000  0.000000000000  0.000000000000  0.000000000000  0.000000000000  0.000000000000  0.000000000000  0.000000000000  0.000000000000  0.000000000000  
rollulus_rouloul 0.011657857774  0.024168660314  0.020536656937  0.026231544195  0.020501993003  0.033706935015  0.020501993003  0.022676554701  0.023172770189  0.026519409098  0.023172770189  0.017916435317  0.023131841160  0.000000000000  0.000000000000  0.000000000000  0.000000000000  0.017916435317  
syrmaticus_ellioti 0.000000000000  0.000000000000  0.000000000000  0.000000000000  0.003523011293  0.010655875975  0.000000000000  0.000000000000  0.000000000000  0.000000000000  0.000000000000  0.003520167210  0.000000000000  0.000000000000  0.000000000000  0.000000000000  0.000000000000  0.000000000000  
syrmaticus_reevesii 0.000000000000  0.000000000000  0.000000000000  0.000000000000  0.004857965393  0.004857965393  0.000000000000  0.000000000000  0.000000000000  0.000000000000  0.000000000000  0.000000000000  0.000000000000  0.000000000000  0.000000000000  0.000000000000  0.000000000000  0.000000000000  
tragopan_blythii 0.005768772868  0.007662076478  0.002439925614  0.007471253930  0.014893780154  0.030359406562  0.002438561467  0.006295371548  0.004893625361  0.005702973594  0.004917690953  0.012376464839  0.009825138313  0.000000000000  0.017916435317  0.000000000000  0.000000000000  0.000000000000  

