18
alectoris_rufa 0.000000000000  0.023177262797  0.019370590969  0.019409114942  0.029714064311  0.019599345224  0.012848414766  0.016327340865  0.007097955934  0.027719637640  0.016088711969  0.016245545184  0.022824493732  0.010054209828  0.017642506284  0.017911877565  0.016088711969  0.006808012336  
catreus_wallichi 0.023177262797  0.000000000000  0.019793341897  0.013134883605  0.023177262797  0.016488888535  0.013134883605  0.009815034485  0.003534979173  0.024220001997  0.019793341897  0.016459475442  0.033484484759  0.006694076804  0.007072854012  0.013737577910  0.016434685244  0.006808012336  
chrysolophus_pictus 0.019370590969  0.019793341897  0.000000000000  0.012848414766  0.029555280768  0.009719632213  0.006382020405  0.009728169912  0.003531889853  0.020680368408  0.016088711969  0.012952386900  0.029555280768  0.003334587354  0.010475515463  0.000000000000  0.003185857425  0.006808012336  
crossoptilon_crossoptilon 0.019409114942  0.013134883605  0.012848414766  0.000000000000  0.022874250809  0.009696725212  0.006394437531  0.003226980397  0.000000000000  0.013683573170  0.016116805023  0.012955274733  0.029626977032  0.003334587354  0.003473583634  0.008873933159  0.009603599110  0.006808012336  
cyrtonyx_montezumae 0.029714064311  0.023177262797  0.029555280768  0.022874250809  0.000000000000  0.022949258441  0.022874250809  0.019663586806  0.010689377316  0.038557792366  0.032958819188  0.022899172513  0.046836471711  0.020329953692  0.014058219170  0.018073763065  0.026177299267  0.013720638801  
galgal4    0.019599345224  0.016488888535  0.009719632213  0.009696725212  0.022949258441  0.000000000000  0.009696725212  0.006485497867  0.003531889853  0.013730546932  0.012955274733  0.016232239329  0.033067850323  0.003345744082  0.006959423874  0.004466544620  0.006456365826  0.006808012336  
lophophorus_impejanus 0.012848414766  0.013134883605  0.006382020405  0.006394437531  0.022874250809  0.009696725212  0.000000000000  0.003226980397  0.000000000000  0.017168368172  0.009603599110  0.006446059839  0.022874250809  0.000000000000  0.006974197053  0.004422152294  0.003183348205  0.006808012336  
lophura_inornata 0.016327340865  0.009815034485  0.009728169912  0.003226980397  0.019663586806  0.006485497867  0.003226980397  0.000000000000  0.000000000000  0.017168368172  0.013015654887  0.009751885649  0.026411234877  0.000000000000  0.003497884142  0.009034275309  0.006464534796  0.006808012336  
lophura_nycthemera 0.007097955934  0.003534979173  0.003531889853  0.000000000000  0.010689377316  0.003531889853  0.000000000000  0.000000000000  0.000000000000  0.003677998051  0.000000000000  0.003531889853  0.017906261959  0.000000000000  0.003547519646  0.004584334433  0.003531889853  0.006808012336  
lophura_swinhoii 0.027719637640  0.024220001997  0.020680368408  0.013683573170  0.038557792366  0.013730546932  0.017168368172  0.017168368172  0.003677998051  0.000000000000  0.017136465329  0.024209047351  0.035009138813  0.017168368172  0.007413695270  0.004833566685  0.017168368172  0.014008979850  
melgal2    0.016088711969  0.019793341897  0.016088711969  0.016116805023  0.032958819188  0.012955274733  0.009603599110  0.013015654887  0.000000000000  0.017136465329  0.000000000000  0.016232239329  0.026177299267  0.006680467575  0.010502264225  0.008873933159  0.012830601851  0.006808012336  
pavo_cristatus 0.016245545184  0.016459475442  0.012952386900  0.012955274733  0.022899172513  0.016232239329  0.006446059839  0.009751885649  0.003531889853  0.024209047351  0.016232239329  0.000000000000  0.029596137066  0.006705404356  0.010475515463  0.008957952335  0.009696274112  0.006808012336  
perdix_dauuricae 0.022824493732  0.033484484759  0.029555280768  0.029626977032  0.046836471711  0.033067850323  0.022874250809  0.026411234877  0.017906261959  0.035009138813  0.026177299267  0.029596137066  0.000000000000  0.020329953692  0.028480401300  0.032012146578  0.026177299267  0.013720638801  
phasianus_colchicus 0.010054209828  0.006694076804  0.003334587354  0.003334587354  0.020329953692  0.003345744082  0.000000000000  0.000000000000  0.000000000000  0.017168368172  0.006680467575  0.006705404356  0.020329953692  0.000000000000  0.003624671617  0.000000000000  0.000000000000  0.006808012336  
rollulus_rouloul 0.017642506284  0.007072854012  0.010475515463  0.003473583634  0.014058219170  0.006959423874  0.006974197053  0.003497884142  0.003547519646  0.007413695270  0.010502264225  0.010475515463  0.028480401300  0.003624671617  0.000000000000  0.013490462250  0.010475515463  0.013720638801  
syrmaticus_ellioti 0.017911877565  0.013737577910  0.000000000000  0.008873933159  0.018073763065  0.004466544620  0.004422152294  0.009034275309  0.004584334433  0.004833566685  0.008873933159  0.008957952335  0.032012146578  0.000000000000  0.013490462250  0.000000000000  0.000000000000  0.006808012336  
syrmaticus_reevesii 0.016088711969  0.016434685244  0.003185857425  0.009603599110  0.026177299267  0.006456365826  0.003183348205  0.006464534796  0.003531889853  0.017168368172  0.012830601851  0.009696274112  0.026177299267  0.000000000000  0.010475515463  0.000000000000  0.000000000000  0.006808012336  
tragopan_blythii 0.006808012336  0.006808012336  0.006808012336  0.006808012336  0.013720638801  0.006808012336  0.006808012336  0.006808012336  0.006808012336  0.014008979850  0.006808012336  0.006808012336  0.013720638801  0.006808012336  0.013720638801  0.006808012336  0.006808012336  0.000000000000  

