18
alectoris_rufa 0.000000000000  0.008167304245  0.009867249088  0.012492555197  0.010049042613  0.004947358078  0.003366207730  0.009818805025  0.008330600608  0.009137503297  0.006526484532  0.003259499553  0.017558850470  0.008275447732  0.007431134666  0.099371105839  0.011495742415  0.002675257134  
catreus_wallichi 0.008167304245  0.000000000000  0.001631863511  0.003538944274  0.018573566743  0.006597646171  0.005058667648  0.001623913486  0.000000000000  0.000000000000  0.004885661478  0.004891821555  0.009690630384  0.000000000000  0.009304233955  0.094379998027  0.003259499553  0.005367843672  
chrysolophus_pictus 0.009867249088  0.001631863511  0.000000000000  0.005347200840  0.018636510371  0.008302932579  0.006792475324  0.003270158688  0.000000000000  0.001825496235  0.006558588496  0.006565159788  0.009747307498  0.000000000000  0.009356468162  0.090053678465  0.004923001938  0.005411415733  
crossoptilon_crossoptilon 0.012492555197  0.003538944274  0.005347200840  0.000000000000  0.023620563231  0.010822365180  0.008893697861  0.005318760058  0.001805718213  0.003689082641  0.008893697861  0.008905925332  0.013610328019  0.001792769248  0.011183043541  0.106367529623  0.007118876720  0.006068174425  
cyrtonyx_montezumae 0.010049042613  0.018573566743  0.018636510371  0.023620563231  0.000000000000  0.013625902061  0.013693360675  0.020301226697  0.017083406818  0.020475328672  0.013440285352  0.013450988802  0.029610812301  0.018668142458  0.013086150745  0.101674587626  0.022073520836  0.002696901928  
galgal4    0.004947358078  0.006597646171  0.008302932579  0.010822365180  0.013625902061  0.000000000000  0.005119091731  0.008261773434  0.005039743722  0.007389947203  0.004942000182  0.001645287956  0.013781841268  0.005006104178  0.003724105435  0.096868060788  0.009949060322  0.002675257134  
lophophorus_impejanus 0.003366207730  0.005058667648  0.006792475324  0.008893697861  0.013693360675  0.005119091731  0.000000000000  0.006758046770  0.005163143174  0.005464072087  0.003369323209  0.003371882979  0.013610328019  0.005127841781  0.007430243241  0.104335421921  0.008478755873  0.002779354332  
lophura_inornata 0.009818805025  0.001623913486  0.003270158688  0.005318760058  0.020301226697  0.008261773434  0.006758046770  0.000000000000  0.001656187592  0.001815553361  0.006526484532  0.006532991763  0.011656164599  0.001645287956  0.011183043541  0.096868060788  0.004898884440  0.005367843672  
lophura_nycthemera 0.008330600608  0.000000000000  0.000000000000  0.001805718213  0.017083406818  0.005039743722  0.005163143174  0.001656187592  0.000000000000  0.000000000000  0.004983044237  0.004981167762  0.009804651513  0.000000000000  0.009304233955  0.094379998027  0.003324517472  0.005367843672  
lophura_swinhoii 0.009137503297  0.000000000000  0.001825496235  0.003689082641  0.020475328672  0.007389947203  0.005464072087  0.001815553361  0.000000000000  0.000000000000  0.005464072087  0.005471776508  0.010142785762  0.000000000000  0.009720267442  0.110583419204  0.003645704905  0.005924371454  
melgal2    0.006526484532  0.004885661478  0.006558588496  0.008893697861  0.013440285352  0.004942000182  0.003369323209  0.006526484532  0.004983044237  0.005464072087  0.000000000000  0.003256583980  0.013610328019  0.004950154812  0.007430243241  0.096868060788  0.008187194717  0.002675257134  
pavo_cristatus 0.003259499553  0.004891821555  0.006565159788  0.008905925332  0.013450988802  0.001645287956  0.003371882979  0.006532991763  0.004981167762  0.005471776508  0.003256583980  0.000000000000  0.013594470450  0.004948303102  0.003703417439  0.096868060788  0.008194074264  0.002675257134  
perdix_dauuricae 0.017558850470  0.009690630384  0.009747307498  0.013610328019  0.029610812301  0.013781841268  0.013610328019  0.011656164599  0.009804651513  0.010142785762  0.013610328019  0.013594470450  0.000000000000  0.009728341603  0.015983038891  0.118074194072  0.013657634884  0.000000000000  
phasianus_colchicus 0.008275447732  0.000000000000  0.000000000000  0.001792769248  0.018668142458  0.005006104178  0.005127841781  0.001645287956  0.000000000000  0.000000000000  0.004950154812  0.004948303102  0.009728341603  0.000000000000  0.009304233955  0.094379998027  0.003302558529  0.005367843672  
rollulus_rouloul 0.007431134666  0.009304233955  0.009356468162  0.011183043541  0.013086150745  0.003724105435  0.007430243241  0.011183043541  0.009304233955  0.009720267442  0.007430243241  0.003703417439  0.015983038891  0.009304233955  0.000000000000  0.110619039056  0.013094835596  0.000000000000  
syrmaticus_ellioti 0.099371105839  0.094379998027  0.090053678465  0.106367529623  0.101674587626  0.096868060788  0.104335421921  0.096868060788  0.094379998027  0.110583419204  0.096868060788  0.096868060788  0.118074194072  0.094379998027  0.110619039056  0.000000000000  0.094593137245  0.132397503112  
syrmaticus_reevesii 0.011495742415  0.003259499553  0.004923001938  0.007118876720  0.022073520836  0.009949060322  0.008478755873  0.004898884440  0.003324517472  0.003645704905  0.008187194717  0.008194074264  0.013657634884  0.003302558529  0.013094835596  0.094593137245  0.000000000000  0.010835185971  
tragopan_blythii 0.002675257134  0.005367843672  0.005411415733  0.006068174425  0.002696901928  0.002675257134  0.002779354332  0.005367843672  0.005367843672  0.005924371454  0.002675257134  0.002675257134  0.000000000000  0.005367843672  0.000000000000  0.132397503112  0.010835185971  0.000000000000  

