18
alectoris_rufa 0.000000000000  0.005423469779  0.004753211290  0.004547849024  0.006982435947  0.002268164596  0.004547849024  0.004741941460  0.004653670914  0.004642867628  0.004547849024  0.002304757663  0.004753211290  0.004547849024  0.000000000000  0.005266376730  0.006902111757  0.004653670914  
catreus_wallichi 0.005423469779  0.000000000000  0.000000000000  0.000000000000  0.008364753007  0.002703543497  0.000000000000  0.000000000000  0.000000000000  0.000000000000  0.000000000000  0.002755694640  0.000000000000  0.000000000000  0.002874514283  0.000000000000  0.000000000000  0.000000000000  
chrysolophus_pictus 0.004753211290  0.000000000000  0.000000000000  0.000000000000  0.007305507610  0.002370313798  0.000000000000  0.000000000000  0.000000000000  0.000000000000  0.000000000000  0.002410306166  0.000000000000  0.000000000000  0.002500718863  0.000000000000  0.000000000000  0.000000000000  
crossoptilon_crossoptilon 0.004547849024  0.000000000000  0.000000000000  0.000000000000  0.006982435947  0.002268164596  0.000000000000  0.000000000000  0.000000000000  0.000000000000  0.000000000000  0.002304757663  0.000000000000  0.000000000000  0.002387289715  0.000000000000  0.000000000000  0.000000000000  
cyrtonyx_montezumae 0.006982435947  0.008364753007  0.007305507610  0.006982435947  0.000000000000  0.004642867628  0.006982435947  0.004741941460  0.007148826800  0.006982435947  0.006982435947  0.004642867628  0.007148826800  0.006982435947  0.002387289715  0.008115827414  0.006902111757  0.007148826800  
galgal4    0.002268164596  0.002703543497  0.002370313798  0.002268164596  0.004642867628  0.000000000000  0.002268164596  0.002364708683  0.002320804373  0.002315430700  0.002268164596  0.000000000000  0.002370313798  0.002268164596  0.000000000000  0.002625464631  0.003437789095  0.002320804373  
lophophorus_impejanus 0.004547849024  0.000000000000  0.000000000000  0.000000000000  0.006982435947  0.002268164596  0.000000000000  0.000000000000  0.000000000000  0.000000000000  0.000000000000  0.002304757663  0.000000000000  0.000000000000  0.002387289715  0.000000000000  0.000000000000  0.000000000000  
lophura_inornata 0.004741941460  0.000000000000  0.000000000000  0.000000000000  0.004741941460  0.002364708683  0.000000000000  0.000000000000  0.000000000000  0.000000000000  0.000000000000  0.002364708683  0.000000000000  0.000000000000  0.002387289715  0.000000000000  0.000000000000  0.000000000000  
lophura_nycthemera 0.004653670914  0.000000000000  0.000000000000  0.000000000000  0.007148826800  0.002320804373  0.000000000000  0.000000000000  0.000000000000  0.000000000000  0.000000000000  0.002359130015  0.000000000000  0.000000000000  0.002445675208  0.000000000000  0.000000000000  0.000000000000  
lophura_swinhoii 0.004642867628  0.000000000000  0.000000000000  0.000000000000  0.006982435947  0.002315430700  0.000000000000  0.000000000000  0.000000000000  0.000000000000  0.000000000000  0.002315430700  0.000000000000  0.000000000000  0.002387289715  0.000000000000  0.000000000000  0.000000000000  
melgal2    0.004547849024  0.000000000000  0.000000000000  0.000000000000  0.006982435947  0.002268164596  0.000000000000  0.000000000000  0.000000000000  0.000000000000  0.000000000000  0.002304757663  0.000000000000  0.000000000000  0.002387289715  0.000000000000  0.000000000000  0.000000000000  
pavo_cristatus 0.002304757663  0.002755694640  0.002410306166  0.002304757663  0.004642867628  0.000000000000  0.002304757663  0.002364708683  0.002359130015  0.002315430700  0.002304757663  0.000000000000  0.002370313798  0.002304757663  0.000000000000  0.002674619608  0.003437789095  0.002359130015  
perdix_dauuricae 0.004753211290  0.000000000000  0.000000000000  0.000000000000  0.007148826800  0.002370313798  0.000000000000  0.000000000000  0.000000000000  0.000000000000  0.000000000000  0.002370313798  0.000000000000  0.000000000000  0.002445675208  0.000000000000  0.000000000000  0.000000000000  
phasianus_colchicus 0.004547849024  0.000000000000  0.000000000000  0.000000000000  0.006982435947  0.002268164596  0.000000000000  0.000000000000  0.000000000000  0.000000000000  0.000000000000  0.002304757663  0.000000000000  0.000000000000  0.002387289715  0.000000000000  0.000000000000  0.000000000000  
rollulus_rouloul 0.000000000000  0.002874514283  0.002500718863  0.002387289715  0.002387289715  0.000000000000  0.002387289715  0.002387289715  0.002445675208  0.002387289715  0.002387289715  0.000000000000  0.002445675208  0.002387289715  0.000000000000  0.002786408703  0.003522558205  0.002445675208  
syrmaticus_ellioti 0.005266376730  0.000000000000  0.000000000000  0.000000000000  0.008115827414  0.002625464631  0.000000000000  0.000000000000  0.000000000000  0.000000000000  0.000000000000  0.002674619608  0.000000000000  0.000000000000  0.002786408703  0.000000000000  0.000000000000  0.000000000000  
syrmaticus_reevesii 0.006902111757  0.000000000000  0.000000000000  0.000000000000  0.006902111757  0.003437789095  0.000000000000  0.000000000000  0.000000000000  0.000000000000  0.000000000000  0.003437789095  0.000000000000  0.000000000000  0.003522558205  0.000000000000  0.000000000000  0.000000000000  
tragopan_blythii 0.004653670914  0.000000000000  0.000000000000  0.000000000000  0.007148826800  0.002320804373  0.000000000000  0.000000000000  0.000000000000  0.000000000000  0.000000000000  0.002359130015  0.000000000000  0.000000000000  0.002445675208  0.000000000000  0.000000000000  0.000000000000  

