18
alectoris_rufa 0.000000000000  0.003954568614  0.003954568614  0.003954568614  0.007944679905  0.007944679905  0.004466840872  0.003954568614  0.003954568614  0.003954568614  0.007944679905  0.003954568614  0.003954568614  0.000000000000  0.003954568614  0.003954568614  0.003954568614  0.004648831559  
catreus_wallichi 0.003954568614  0.000000000000  0.000000000000  0.000000000000  0.010276645005  0.002551849268  0.000000000000  0.002916535850  0.000000000000  0.000000000000  0.007699978130  0.002611834509  0.000000000000  0.003312658439  0.002551849268  0.000000000000  0.000000000000  0.007188716511  
chrysolophus_pictus 0.003954568614  0.000000000000  0.000000000000  0.002247833518  0.023121509180  0.011354739216  0.000000000000  0.007621726683  0.002283768313  0.002247833518  0.009060439366  0.011570509781  0.006767286325  0.003312658439  0.013660957374  0.000000000000  0.002337143373  0.015202919812  
crossoptilon_crossoptilon 0.003954568614  0.000000000000  0.002247833518  0.000000000000  0.020754779577  0.009060439366  0.000000000000  0.005066584749  0.000000000000  0.000000000000  0.006777935274  0.009232894800  0.004501210278  0.003312658439  0.011354739216  0.000000000000  0.000000000000  0.012131981948  
cyrtonyx_montezumae 0.007944679905  0.010276645005  0.023121509180  0.020754779577  0.000000000000  0.020754779577  0.003343270762  0.020783553616  0.021095374570  0.020754779577  0.023121509180  0.018759964786  0.018400600222  0.006650220999  0.020754779577  0.014117029677  0.021447336823  0.028010098053  
galgal4    0.007944679905  0.002551849268  0.011354739216  0.009060439366  0.020754779577  0.000000000000  0.003345910167  0.015376591225  0.009206419373  0.009060439366  0.015979218315  0.011570509781  0.009044988511  0.006650220999  0.015979218315  0.002326269696  0.009423314798  0.018295248204  
lophophorus_impejanus 0.004466840872  0.000000000000  0.000000000000  0.000000000000  0.003343270762  0.003345910167  0.000000000000  0.000000000000  0.000000000000  0.000000000000  0.000000000000  0.000000000000  0.000000000000  0.000000000000  0.000000000000  0.000000000000  0.000000000000  0.005373237094  
lophura_inornata 0.003954568614  0.002916535850  0.007621726683  0.005066584749  0.020783553616  0.015376591225  0.000000000000  0.000000000000  0.005066584749  0.005066584749  0.012776556166  0.010172105998  0.010172105998  0.000000000000  0.012776556166  0.002625549551  0.005105385476  0.018295248204  
lophura_nycthemera 0.003954568614  0.000000000000  0.002283768313  0.000000000000  0.021095374570  0.009206419373  0.000000000000  0.005066584749  0.000000000000  0.000000000000  0.006886854280  0.009232894800  0.004573258850  0.003312658439  0.011538167411  0.000000000000  0.000000000000  0.012131981948  
lophura_swinhoii 0.003954568614  0.000000000000  0.002247833518  0.000000000000  0.020754779577  0.009060439366  0.000000000000  0.005066584749  0.000000000000  0.000000000000  0.006777935274  0.009232894800  0.004501210278  0.003312658439  0.011354739216  0.000000000000  0.000000000000  0.012131981948  
melgal2    0.007944679905  0.007699978130  0.009060439366  0.006777935274  0.023121509180  0.015979218315  0.000000000000  0.012776556166  0.006886854280  0.006777935274  0.000000000000  0.016282992822  0.011334436747  0.013401576284  0.018309648469  0.007015699852  0.007048668101  0.021409267207  
pavo_cristatus 0.003954568614  0.002611834509  0.011570509781  0.009232894800  0.018759964786  0.011570509781  0.000000000000  0.010172105998  0.009232894800  0.009232894800  0.016282992822  0.000000000000  0.009224132042  0.000000000000  0.011570509781  0.002376015080  0.009406600467  0.018288314684  
perdix_dauuricae 0.003954568614  0.000000000000  0.006767286325  0.004501210278  0.018400600222  0.009044988511  0.000000000000  0.010172105998  0.004573258850  0.004501210278  0.011334436747  0.009224132042  0.000000000000  0.003312658439  0.011334436747  0.000000000000  0.002337143373  0.006038380812  
phasianus_colchicus 0.000000000000  0.003312658439  0.003312658439  0.003312658439  0.006650220999  0.006650220999  0.000000000000  0.000000000000  0.003312658439  0.003312658439  0.013401576284  0.000000000000  0.003312658439  0.000000000000  0.000000000000  0.003312658439  0.003312658439  0.007481573502  
rollulus_rouloul 0.003954568614  0.002551849268  0.013660957374  0.011354739216  0.020754779577  0.015979218315  0.000000000000  0.012776556166  0.011538167411  0.011354739216  0.018309648469  0.011570509781  0.011334436747  0.000000000000  0.000000000000  0.007015699852  0.009423314798  0.021409267207  
syrmaticus_ellioti 0.003954568614  0.000000000000  0.000000000000  0.000000000000  0.014117029677  0.002326269696  0.000000000000  0.002625549551  0.000000000000  0.000000000000  0.007015699852  0.002376015080  0.000000000000  0.003312658439  0.007015699852  0.000000000000  0.000000000000  0.006324822444  
syrmaticus_reevesii 0.003954568614  0.000000000000  0.002337143373  0.000000000000  0.021447336823  0.009423314798  0.000000000000  0.005105385476  0.000000000000  0.000000000000  0.007048668101  0.009406600467  0.002337143373  0.003312658439  0.009423314798  0.000000000000  0.000000000000  0.009159039735  
tragopan_blythii 0.004648831559  0.007188716511  0.015202919812  0.012131981948  0.028010098053  0.018295248204  0.005373237094  0.018295248204  0.012131981948  0.012131981948  0.021409267207  0.018288314684  0.006038380812  0.007481573502  0.021409267207  0.006324822444  0.009159039735  0.000000000000  

