18
alectoris_rufa 0.000000000000  0.007611386705  0.007611386705  0.007611386705  0.003847875579  0.003789548384  0.011466069967  0.003862739010  0.007611386705  0.007611386705  0.007611386705  0.000000000000  0.011466069967  0.004331189372  0.003789548384  0.004369035912  0.007611386705  0.003789548384  
catreus_wallichi 0.007611386705  0.000000000000  0.013990032554  0.008654386652  0.031652487085  0.022598412195  0.016841174622  0.000000000000  0.008341549648  0.020425084932  0.008341549648  0.019710556212  0.011219490197  0.000000000000  0.022540770996  0.000000000000  0.009783344152  0.008729941304  
chrysolophus_pictus 0.007611386705  0.013990032554  0.000000000000  0.002866281631  0.028681447005  0.019710556212  0.013990032554  0.003196073351  0.005543760881  0.014500998262  0.005543760881  0.011156899589  0.008388198047  0.000000000000  0.019661175225  0.000000000000  0.003237462195  0.008729941304  
crossoptilon_crossoptilon 0.007611386705  0.008654386652  0.002866281631  0.000000000000  0.026723417853  0.014518161831  0.008654386652  0.000000000000  0.000000000000  0.011737774369  0.000000000000  0.008654386652  0.005784263373  0.000000000000  0.014482433311  0.000000000000  0.000000000000  0.005801040981  
cyrtonyx_montezumae 0.003847875579  0.031652487085  0.028681447005  0.026723417853  0.000000000000  0.019884611829  0.031652487085  0.016426172999  0.028681447005  0.035938649983  0.028681447005  0.016990259547  0.025877960697  0.014841395348  0.025674354559  0.015008470748  0.023409691853  0.020831569925  
galgal4    0.003789548384  0.022598412195  0.019710556212  0.014518161831  0.019884611829  0.000000000000  0.016841174622  0.009657364133  0.013990032554  0.023416730259  0.013990032554  0.008341549648  0.022726837121  0.010923303252  0.011131675982  0.011043945648  0.013092461071  0.014645750695  
lophophorus_impejanus 0.011466069967  0.016841174622  0.013990032554  0.008654386652  0.031652487085  0.016841174622  0.000000000000  0.006415084190  0.008341549648  0.020425084932  0.008341549648  0.013990032554  0.016936261367  0.007252565001  0.022540770996  0.007332334103  0.009783344152  0.008729941304  
lophura_inornata 0.003862739010  0.000000000000  0.003196073351  0.000000000000  0.016426172999  0.009657364133  0.006415084190  0.000000000000  0.000000000000  0.000000000000  0.000000000000  0.006415084190  0.006415084190  0.000000000000  0.009634072741  0.000000000000  0.000000000000  0.000000000000  
lophura_nycthemera 0.007611386705  0.008341549648  0.005543760881  0.000000000000  0.028681447005  0.013990032554  0.008341549648  0.000000000000  0.000000000000  0.011568040167  0.000000000000  0.011156899589  0.008388198047  0.000000000000  0.013956858390  0.000000000000  0.000000000000  0.005801040981  
lophura_swinhoii 0.007611386705  0.020425084932  0.014500998262  0.011737774369  0.035938649983  0.023416730259  0.020425084932  0.000000000000  0.011568040167  0.000000000000  0.011568040167  0.017453261245  0.017453261245  0.000000000000  0.023379501058  0.000000000000  0.009759440538  0.017869133625  
melgal2    0.007611386705  0.008341549648  0.005543760881  0.000000000000  0.028681447005  0.013990032554  0.008341549648  0.000000000000  0.000000000000  0.011568040167  0.000000000000  0.011156899589  0.008388198047  0.000000000000  0.013956858390  0.000000000000  0.000000000000  0.005801040981  
pavo_cristatus 0.000000000000  0.019710556212  0.011156899589  0.008654386652  0.016990259547  0.008341549648  0.013990032554  0.006415084190  0.011156899589  0.017453261245  0.011156899589  0.000000000000  0.014068767981  0.003611623871  0.013956858390  0.003651184199  0.006498461991  0.008729941304  
perdix_dauuricae 0.011466069967  0.011219490197  0.008388198047  0.005784263373  0.025877960697  0.022726837121  0.016936261367  0.006415084190  0.008388198047  0.017453261245  0.008388198047  0.014068767981  0.000000000000  0.003611623871  0.022668538252  0.003651184199  0.006498461991  0.005834889891  
phasianus_colchicus 0.004331189372  0.000000000000  0.000000000000  0.000000000000  0.014841395348  0.010923303252  0.007252565001  0.000000000000  0.000000000000  0.000000000000  0.000000000000  0.003611623871  0.003611623871  0.000000000000  0.010893497945  0.000000000000  0.000000000000  0.000000000000  
rollulus_rouloul 0.003789548384  0.022540770996  0.019661175225  0.014482433311  0.025674354559  0.011131675982  0.022540770996  0.009634072741  0.013956858390  0.023379501058  0.013956858390  0.013956858390  0.022668538252  0.010893497945  0.000000000000  0.011013477618  0.006498461991  0.020586472888  
syrmaticus_ellioti 0.004369035912  0.000000000000  0.000000000000  0.000000000000  0.015008470748  0.011043945648  0.007332334103  0.000000000000  0.000000000000  0.000000000000  0.000000000000  0.003651184199  0.003651184199  0.000000000000  0.011013477618  0.000000000000  0.000000000000  0.000000000000  
syrmaticus_reevesii 0.007611386705  0.009783344152  0.003237462195  0.000000000000  0.023409691853  0.013092461071  0.009783344152  0.000000000000  0.000000000000  0.009759440538  0.000000000000  0.006498461991  0.006498461991  0.000000000000  0.006498461991  0.000000000000  0.000000000000  0.006498461991  
tragopan_blythii 0.003789548384  0.008729941304  0.008729941304  0.005801040981  0.020831569925  0.014645750695  0.008729941304  0.000000000000  0.005801040981  0.017869133625  0.005801040981  0.008729941304  0.005834889891  0.000000000000  0.020586472888  0.000000000000  0.006498461991  0.000000000000  

