18
alectoris_rufa 0.000000000000  0.039506017681  0.039506017681  0.030972995683  0.041788319469  0.042044809764  0.029929749012  0.039466951875  0.041887285732  0.035317746728  0.034692666961  0.039506017681  0.039466951875  0.039506017681  0.036944816931  0.029572610941  0.018097706268  0.040159603738  
catreus_wallichi 0.039506017681  0.000000000000  0.012865338211  0.006540331452  0.041534522966  0.028167718202  0.012880846473  0.008522182618  0.010677113876  0.009230150563  0.017178315556  0.032651954130  0.021732071542  0.012865338211  0.027666768872  0.002519532225  0.000000000000  0.019709722645  
chrysolophus_pictus 0.039506017681  0.012865338211  0.000000000000  0.000000000000  0.046105242320  0.028167718202  0.017252414794  0.012842309203  0.015017866843  0.009230150563  0.021572934352  0.037180866038  0.026199804354  0.017235989575  0.035493521121  0.007600881437  0.003572721813  0.024205093263  
crossoptilon_crossoptilon 0.030972995683  0.006540331452  0.000000000000  0.000000000000  0.040232049001  0.026530596583  0.013124143941  0.006540331452  0.009846126374  0.003368151838  0.016457438840  0.040333813695  0.023198262917  0.016530723198  0.036843517504  0.009846126374  0.003598434356  0.019855048309  
cyrtonyx_montezumae 0.041788319469  0.041534522966  0.046105242320  0.040232049001  0.000000000000  0.046004185061  0.034839191495  0.046072193907  0.043786075935  0.045056746815  0.039180780688  0.041443887715  0.039550670403  0.041534522966  0.040534582343  0.033540506615  0.025413249685  0.039875411303  
galgal4    0.042044809764  0.028167718202  0.028167718202  0.026530596583  0.046004185061  0.000000000000  0.028228898237  0.032613576264  0.030370728170  0.030517473176  0.030338400296  0.034834732129  0.035097085088  0.030404306825  0.035403727486  0.028307698203  0.014421929108  0.033157372678  
lophophorus_impejanus 0.029929749012  0.012880846473  0.017252414794  0.013124143941  0.034839191495  0.028228898237  0.000000000000  0.017233247899  0.015046769518  0.013883373534  0.012853251649  0.028228898237  0.017345351072  0.017252414794  0.025092136517  0.007582412332  0.003569637761  0.017478598744  
lophura_inornata 0.039466951875  0.008522182618  0.012842309203  0.006540331452  0.046072193907  0.032613576264  0.017233247899  0.000000000000  0.010695670573  0.004599853408  0.021544759088  0.037132745748  0.021760743075  0.017203886457  0.032869602183  0.007600881437  0.003572721813  0.019740949576  
lophura_nycthemera 0.041887285732  0.010677113876  0.015017866843  0.009846126374  0.043786075935  0.030370728170  0.015046769518  0.010695670573  0.000000000000  0.006917353186  0.017159314090  0.032613576264  0.019538544460  0.010677113876  0.025087513703  0.000000000000  0.000000000000  0.017505076562  
lophura_swinhoii 0.035317746728  0.009230150563  0.009230150563  0.003368151838  0.045056746815  0.030517473176  0.013883373534  0.004599853408  0.006917353186  0.000000000000  0.018595315463  0.032944295841  0.018617660504  0.013914549669  0.028827110764  0.005279887967  0.003572721813  0.013914549669  
melgal2    0.034692666961  0.017178315556  0.021572934352  0.016457438840  0.039180780688  0.030338400296  0.012853251649  0.021544759088  0.017159314090  0.018595315463  0.000000000000  0.023734944069  0.017270454257  0.014996835849  0.027597341954  0.012696186239  0.003569637761  0.021903760052  
pavo_cristatus 0.039506017681  0.032651954130  0.037180866038  0.040333813695  0.041443887715  0.034834732129  0.028228898237  0.037132745748  0.032613576264  0.032944295841  0.023734944069  0.000000000000  0.026087019929  0.025942079973  0.025024722245  0.025667146967  0.021755527410  0.028601634646  
perdix_dauuricae 0.039466951875  0.021732071542  0.026199804354  0.023198262917  0.039550670403  0.035097085088  0.017345351072  0.021760743075  0.019538544460  0.018617660504  0.017270454257  0.026087019929  0.000000000000  0.021732071542  0.030184603829  0.015274808841  0.007161310924  0.019871731723  
phasianus_colchicus 0.039506017681  0.012865338211  0.017235989575  0.016530723198  0.041534522966  0.030404306825  0.017252414794  0.017203886457  0.010677113876  0.013914549669  0.014996835849  0.025942079973  0.021732071542  0.000000000000  0.025087513703  0.005053106901  0.003572721813  0.024205093263  
rollulus_rouloul 0.036944816931  0.027666768872  0.035493521121  0.036843517504  0.040534582343  0.035403727486  0.025092136517  0.032869602183  0.025087513703  0.028827110764  0.027597341954  0.025024722245  0.030184603829  0.025087513703  0.000000000000  0.023100996724  0.010775636279  0.025053930262  
syrmaticus_ellioti 0.029572610941  0.002519532225  0.007600881437  0.009846126374  0.033540506615  0.028307698203  0.007582412332  0.007600881437  0.000000000000  0.005279887967  0.012696186239  0.025667146967  0.015274808841  0.005053106901  0.023100996724  0.000000000000  0.000000000000  0.012713338973  
syrmaticus_reevesii 0.018097706268  0.000000000000  0.003572721813  0.003598434356  0.025413249685  0.014421929108  0.003569637761  0.003572721813  0.000000000000  0.003572721813  0.003569637761  0.021755527410  0.007161310924  0.003572721813  0.010775636279  0.000000000000  0.000000000000  0.014421929108  
tragopan_blythii 0.040159603738  0.019709722645  0.024205093263  0.019855048309  0.039875411303  0.033157372678  0.017478598744  0.019740949576  0.017505076562  0.013914549669  0.021903760052  0.028601634646  0.019871731723  0.024205093263  0.025053930262  0.012713338973  0.014421929108  0.000000000000  

