18
alectoris_rufa 0.000000000000  0.015553906570  0.009273221507  0.009273221507  0.025080778636  0.012432812071  0.012403081166  0.012403081166  0.012403081166  0.015528489403  0.015553906570  0.018691080496  0.009273221507  0.012387020401  0.006175329332  0.009630451551  0.012598414631  0.018691080496  
catreus_wallichi 0.015553906570  0.000000000000  0.008551848144  0.006524524032  0.023707524343  0.017167782388  0.011534841799  0.004293035893  0.004247449448  0.004582293555  0.017167782388  0.019375197610  0.006440480561  0.006779442968  0.010834929287  0.002358845946  0.002386998818  0.014203879808  
chrysolophus_pictus 0.009273221507  0.008551848144  0.000000000000  0.002123429840  0.023305633826  0.012604543654  0.009205888642  0.004211671483  0.004176491232  0.006748939881  0.019006897703  0.019047126930  0.008443533474  0.002251379106  0.006349010325  0.004631017541  0.004786172787  0.011807243479  
crossoptilon_crossoptilon 0.009273221507  0.006524524032  0.002123429840  0.000000000000  0.023784634687  0.012863871739  0.006963737234  0.002123429840  0.002123429840  0.004489713810  0.015006712673  0.021621403168  0.006399265576  0.002277011226  0.008537789776  0.002309809483  0.002386998818  0.011807243479  
cyrtonyx_montezumae 0.025080778636  0.023707524343  0.023305633826  0.023784634687  0.000000000000  0.023256353681  0.018525944010  0.021344467568  0.023256353681  0.022781139535  0.031898084464  0.025509197055  0.023454735557  0.022885424277  0.014924950409  0.021101642008  0.021817900969  0.026254216600  
galgal4    0.012432812071  0.017167782388  0.012604543654  0.012863871739  0.023256353681  0.000000000000  0.011520901942  0.010582662414  0.012578118923  0.013574131989  0.023237979462  0.019047126930  0.010560310346  0.011338022074  0.004229484803  0.011642280073  0.012034607055  0.014183853843  
lophophorus_impejanus 0.012403081166  0.011534841799  0.009205888642  0.006963737234  0.018525944010  0.011520901942  0.000000000000  0.006888410065  0.006888410065  0.007379824438  0.009205888642  0.011515848553  0.004582293555  0.009197064631  0.006900487627  0.005077815060  0.004989145363  0.009422756623  
lophura_inornata 0.012403081166  0.004293035893  0.004211671483  0.002123429840  0.021344467568  0.010582662414  0.006888410065  0.000000000000  0.000000000000  0.002241287116  0.012701703470  0.019209761504  0.004211671483  0.002251379106  0.006349010325  0.000000000000  0.000000000000  0.009422756623  
lophura_nycthemera 0.012403081166  0.004247449448  0.004176491232  0.002123429840  0.023256353681  0.012578118923  0.006888410065  0.000000000000  0.000000000000  0.002241287116  0.014691732463  0.019047126930  0.004202820974  0.002251379106  0.006349010325  0.000000000000  0.000000000000  0.009422756623  
lophura_swinhoii 0.015528489403  0.004582293555  0.006748939881  0.004489713810  0.022781139535  0.013574131989  0.007379824438  0.002241287116  0.002241287116  0.000000000000  0.015847967169  0.022833162818  0.006748939881  0.004838599758  0.009010601403  0.000000000000  0.000000000000  0.012345899271  
melgal2    0.015553906570  0.017167782388  0.019006897703  0.015006712673  0.031898084464  0.023237979462  0.009205888642  0.012701703470  0.014691732463  0.015847967169  0.000000000000  0.029859251545  0.014816124339  0.009059926666  0.014903182886  0.013973767953  0.009603749311  0.011807243479  
pavo_cristatus 0.018691080496  0.019375197610  0.019047126930  0.021621403168  0.025509197055  0.019047126930  0.011515848553  0.019209761504  0.019047126930  0.022833162818  0.029859251545  0.000000000000  0.017003235145  0.015920056596  0.012792672124  0.021151239898  0.016889658744  0.018965161312  
perdix_dauuricae 0.009273221507  0.006440480561  0.008443533474  0.006399265576  0.023454735557  0.010560310346  0.004582293555  0.004211671483  0.004202820974  0.006748939881  0.014816124339  0.017003235145  0.000000000000  0.004509962337  0.006349010325  0.004631017541  0.002386998818  0.007050296682  
phasianus_colchicus 0.012387020401  0.006779442968  0.002251379106  0.002277011226  0.022885424277  0.011338022074  0.009197064631  0.002251379106  0.002251379106  0.004838599758  0.009059926666  0.015920056596  0.004509962337  0.000000000000  0.006806549779  0.002492695669  0.002449946783  0.011792634685  
rollulus_rouloul 0.006175329332  0.010834929287  0.006349010325  0.008537789776  0.014924950409  0.004229484803  0.006900487627  0.006349010325  0.006349010325  0.009010601403  0.014903182886  0.012792672124  0.006349010325  0.006806549779  0.000000000000  0.006952264305  0.007185389578  0.009413510278  
syrmaticus_ellioti 0.009630451551  0.002358845946  0.004631017541  0.002309809483  0.021101642008  0.011642280073  0.005077815060  0.000000000000  0.000000000000  0.000000000000  0.013973767953  0.021151239898  0.004631017541  0.002492695669  0.006952264305  0.000000000000  0.000000000000  0.010190997958  
syrmaticus_reevesii 0.012598414631  0.002386998818  0.004786172787  0.002386998818  0.021817900969  0.012034607055  0.004989145363  0.000000000000  0.000000000000  0.000000000000  0.009603749311  0.016889658744  0.002386998818  0.002449946783  0.007185389578  0.000000000000  0.000000000000  0.010012428169  
tragopan_blythii 0.018691080496  0.014203879808  0.011807243479  0.011807243479  0.026254216600  0.014183853843  0.009422756623  0.009422756623  0.009422756623  0.012345899271  0.011807243479  0.018965161312  0.007050296682  0.011792634685  0.009413510278  0.010190997958  0.010012428169  0.000000000000  

