18
alectoris_rufa 0.000000000000  0.002545203284  0.004083377644  0.004134020289  0.003049750077  0.014353736484  0.016594008044  0.006113921501  0.006151532059  0.010851991729  0.010257167941  0.006189608221  0.009072219355  0.006138943896  0.006502398709  0.006761589673  0.010299426932  0.006598005687  
catreus_wallichi 0.002545203284  0.000000000000  0.000000000000  0.000000000000  0.000000000000  0.010248151507  0.012987961924  0.000000000000  0.000000000000  0.007800407817  0.002551697891  0.002584674522  0.004083377644  0.000000000000  0.008301819585  0.000000000000  0.005130971201  0.005482614422  
chrysolophus_pictus 0.004083377644  0.000000000000  0.000000000000  0.000000000000  0.000000000000  0.016508067335  0.010352508277  0.000000000000  0.000000000000  0.006485138728  0.004091731744  0.004134020289  0.003003943522  0.000000000000  0.008727595933  0.000000000000  0.004100120097  0.006598005687  
crossoptilon_crossoptilon 0.004134020289  0.000000000000  0.000000000000  0.000000000000  0.000000000000  0.012496059841  0.008372175268  0.000000000000  0.000000000000  0.006499188234  0.004134020289  0.002088135563  0.003012994420  0.000000000000  0.008843371024  0.000000000000  0.004151181477  0.006612549157  
cyrtonyx_montezumae 0.003049750077  0.000000000000  0.000000000000  0.000000000000  0.000000000000  0.006120157957  0.006109482687  0.000000000000  0.000000000000  0.000000000000  0.003059079541  0.003049750077  0.005130971201  0.000000000000  0.003195953549  0.000000000000  0.006120157957  0.006353466965  
galgal4    0.014353736484  0.010248151507  0.016508067335  0.012496059841  0.006120157957  0.000000000000  0.022926080285  0.016440212034  0.014442587512  0.019690702831  0.018574596681  0.012429421738  0.024545451236  0.016508067335  0.013069906395  0.017051534216  0.020770844508  0.017779876883  
lophophorus_impejanus 0.016594008044  0.012987961924  0.010352508277  0.008372175268  0.006109482687  0.022926080285  0.000000000000  0.010309814310  0.008251281362  0.004316290714  0.012420539907  0.010331117184  0.006027926915  0.010309814310  0.010887556725  0.003368187430  0.014519638323  0.008818856887  
lophura_inornata 0.006113921501  0.000000000000  0.000000000000  0.000000000000  0.000000000000  0.016440212034  0.010309814310  0.000000000000  0.000000000000  0.006485138728  0.004075057589  0.004117000409  0.003003943522  0.000000000000  0.008689674969  0.000000000000  0.004091731744  0.006598005687  
lophura_nycthemera 0.006151532059  0.000000000000  0.000000000000  0.000000000000  0.000000000000  0.014442587512  0.008251281362  0.000000000000  0.000000000000  0.006499188234  0.004091731744  0.002058053054  0.003012994420  0.000000000000  0.008708594169  0.000000000000  0.004100120097  0.006612549157  
lophura_swinhoii 0.010851991729  0.007800407817  0.006485138728  0.006499188234  0.000000000000  0.019690702831  0.004316290714  0.006485138728  0.006499188234  0.000000000000  0.010875596875  0.010851991729  0.003096975261  0.006485138728  0.009125839934  0.000000000000  0.010851991729  0.006792207658  
melgal2    0.010257167941  0.002551697891  0.004091731744  0.004134020289  0.003059079541  0.018574596681  0.012420539907  0.004075057589  0.004091731744  0.010875596875  0.000000000000  0.006202405239  0.009099738551  0.004091731744  0.013124796537  0.006784527194  0.008237665424  0.011075121143  
pavo_cristatus 0.006189608221  0.002584674522  0.004134020289  0.002088135563  0.003049750077  0.012429421738  0.010331117184  0.004117000409  0.002058053054  0.010851991729  0.006202405239  0.000000000000  0.009072219355  0.004117000409  0.008689674969  0.006761589673  0.008288877592  0.011050642487  
perdix_dauuricae 0.009072219355  0.004083377644  0.003003943522  0.003012994420  0.005130971201  0.024545451236  0.006027926915  0.003003943522  0.003012994420  0.003096975261  0.009099738551  0.009072219355  0.000000000000  0.003003943522  0.015186854104  0.003368187430  0.009072219355  0.012137095477  
phasianus_colchicus 0.006138943896  0.000000000000  0.000000000000  0.000000000000  0.000000000000  0.016508067335  0.010309814310  0.000000000000  0.000000000000  0.006485138728  0.004091731744  0.004117000409  0.003003943522  0.000000000000  0.008689674969  0.000000000000  0.004091731744  0.006598005687  
rollulus_rouloul 0.006502398709  0.008301819585  0.008727595933  0.008843371024  0.003195953549  0.013069906395  0.010887556725  0.008689674969  0.008708594169  0.009125839934  0.013124796537  0.008689674969  0.015186854104  0.008689674969  0.000000000000  0.013591123267  0.013124796537  0.011105201529  
syrmaticus_ellioti 0.006761589673  0.000000000000  0.000000000000  0.000000000000  0.000000000000  0.017051534216  0.003368187430  0.000000000000  0.000000000000  0.000000000000  0.006784527194  0.006761589673  0.003368187430  0.000000000000  0.013591123267  0.000000000000  0.006761589673  0.010180587104  
syrmaticus_reevesii 0.010299426932  0.005130971201  0.004100120097  0.004151181477  0.006120157957  0.020770844508  0.014519638323  0.004091731744  0.004100120097  0.010851991729  0.008237665424  0.008288877592  0.009072219355  0.004091731744  0.013124796537  0.006761589673  0.000000000000  0.011050642487  
tragopan_blythii 0.006598005687  0.005482614422  0.006598005687  0.006612549157  0.006353466965  0.017779876883  0.008818856887  0.006598005687  0.006612549157  0.006792207658  0.011075121143  0.011050642487  0.012137095477  0.006598005687  0.011105201529  0.010180587104  0.011050642487  0.000000000000  

