18
alectoris_rufa 0.000000000000  0.013773918606  0.011450138874  0.018418710231  0.025567789564  0.025567789564  0.016109208631  0.016109208631  0.011450138874  0.016730404995  0.018456123543  0.022625496420  0.011450138874  0.021479331814  0.011450138874  0.023063755907  0.013386934841  0.021313178662  
catreus_wallichi 0.013773918606  0.000000000000  0.002183698580  0.009121308234  0.020436600826  0.015502651473  0.008796143893  0.002183698580  0.002183698580  0.002287373228  0.013256532395  0.009568242155  0.002202940850  0.006852675014  0.011021063374  0.008771427765  0.005312329460  0.016493854565  
chrysolophus_pictus 0.011450138874  0.002183698580  0.000000000000  0.006825325817  0.022762998039  0.017759522571  0.011021063374  0.004377558526  0.000000000000  0.004582080174  0.015502651473  0.012798810518  0.004416223359  0.009154111007  0.008796143893  0.010982065097  0.002651235880  0.014102541175  
crossoptilon_crossoptilon 0.018418710231  0.009121308234  0.006825325817  0.000000000000  0.032503523094  0.025350698733  0.020641734709  0.015979338710  0.006825325817  0.007099932436  0.027722936282  0.022480149254  0.015979338710  0.011819223818  0.016077114562  0.018352456330  0.002651235880  0.016493854565  
cyrtonyx_montezumae 0.025567789564  0.020436600826  0.022762998039  0.032503523094  0.000000000000  0.027325464842  0.024986869519  0.022659817014  0.022762998039  0.018808489834  0.029675718065  0.025779838382  0.018039888576  0.023476176843  0.027450516355  0.029646957774  0.024372802874  0.031102182672  
galgal4    0.025567789564  0.015502651473  0.017759522571  0.025350698733  0.027325464842  0.000000000000  0.019938499550  0.017681011748  0.017759522571  0.016226196979  0.024486164380  0.019203393532  0.013315374855  0.020832884139  0.022305936063  0.024468087986  0.018847871166  0.026182275098  
lophophorus_impejanus 0.016109208631  0.008796143893  0.011021063374  0.020641734709  0.024986869519  0.019938499550  0.000000000000  0.010972688901  0.011021063374  0.011533984282  0.017681011748  0.012717422485  0.006610681558  0.016126602682  0.011021063374  0.017676858152  0.013386934841  0.018897358750  
lophura_inornata 0.016109208631  0.002183698580  0.004377558526  0.015979338710  0.022659817014  0.017681011748  0.010972688901  0.000000000000  0.004377558526  0.004582080174  0.015434281828  0.012717422485  0.004396805940  0.009154111007  0.013256532395  0.010982065097  0.007988528341  0.018897358750  
lophura_nycthemera 0.011450138874  0.002183698580  0.000000000000  0.006825325817  0.022762998039  0.017759522571  0.011021063374  0.004377558526  0.000000000000  0.004582080174  0.015502651473  0.012798810518  0.004416223359  0.009154111007  0.008796143893  0.010982065097  0.002651235880  0.014102541175  
lophura_swinhoii 0.016730404995  0.002287373228  0.004582080174  0.007099932436  0.018808489834  0.016226196979  0.011533984282  0.004582080174  0.004582080174  0.000000000000  0.011533984282  0.010116789334  0.004582080174  0.009194857347  0.011533984282  0.004582080174  0.007983296189  0.019368497865  
melgal2    0.018456123543  0.013256532395  0.015502651473  0.027722936282  0.029675718065  0.024486164380  0.017681011748  0.015434281828  0.015502651473  0.011533984282  0.000000000000  0.025779838382  0.011069866286  0.016126602682  0.015502651473  0.022193458012  0.016109496372  0.026182275098  
pavo_cristatus 0.022625496420  0.009568242155  0.012798810518  0.022480149254  0.025779838382  0.019203393532  0.012717422485  0.012717422485  0.012798810518  0.010116789334  0.025779838382  0.000000000000  0.009507593348  0.016833118463  0.022625496420  0.022525193175  0.014517637766  0.019708074724  
perdix_dauuricae 0.011450138874  0.002202940850  0.004416223359  0.015979338710  0.018039888576  0.013315374855  0.006610681558  0.004396805940  0.004416223359  0.004582080174  0.011069866286  0.009507593348  0.000000000000  0.009154111007  0.008874204961  0.011079407116  0.007988528341  0.014102541175  
phasianus_colchicus 0.021479331814  0.006852675014  0.009154111007  0.011819223818  0.023476176843  0.020832884139  0.016126602682  0.009154111007  0.009154111007  0.009194857347  0.016126602682  0.016833118463  0.009154111007  0.000000000000  0.016126602682  0.016098999347  0.010665964945  0.024179264339  
rollulus_rouloul 0.011450138874  0.011021063374  0.008796143893  0.016077114562  0.027450516355  0.022305936063  0.011021063374  0.013256532395  0.008796143893  0.011533984282  0.015502651473  0.022625496420  0.008874204961  0.016126602682  0.000000000000  0.019929749526  0.010680004990  0.018897358750  
syrmaticus_ellioti 0.023063755907  0.008771427765  0.010982065097  0.018352456330  0.029646957774  0.024468087986  0.017676858152  0.010982065097  0.010982065097  0.004582080174  0.022193458012  0.022525193175  0.011079407116  0.016098999347  0.019929749526  0.000000000000  0.010667779376  0.026061505469  
syrmaticus_reevesii 0.013386934841  0.005312329460  0.002651235880  0.002651235880  0.024372802874  0.018847871166  0.013386934841  0.007988528341  0.002651235880  0.007983296189  0.016109496372  0.014517637766  0.007988528341  0.010665964945  0.010680004990  0.010667779376  0.000000000000  0.013367635334  
tragopan_blythii 0.021313178662  0.016493854565  0.014102541175  0.016493854565  0.031102182672  0.026182275098  0.018897358750  0.018897358750  0.014102541175  0.019368497865  0.026182275098  0.019708074724  0.014102541175  0.024179264339  0.018897358750  0.026061505469  0.013367635334  0.000000000000  

