18
alectoris_rufa 0.000000000000  0.004930048851  0.010169278152  0.013087415740  0.008689319870  0.000000000000  0.004332042105  0.013128976034  0.004332042105  0.008708066695  0.017535103777  0.004327403172  0.008708066695  0.004811444312  0.004384321767  0.004332042105  0.004332042105  0.000000000000  
catreus_wallichi 0.004930048851  0.000000000000  0.005132478090  0.004930048851  0.014889979377  0.004930048851  0.000000000000  0.009917141324  0.000000000000  0.004930048851  0.014908610713  0.009887414723  0.004930048851  0.000000000000  0.009887414723  0.000000000000  0.000000000000  0.000000000000  
chrysolophus_pictus 0.010169278152  0.005132478090  0.000000000000  0.013143357049  0.023153397872  0.016448289791  0.010050037455  0.020340016751  0.009819753190  0.016492788636  0.023204324438  0.019773127701  0.009819753190  0.003248456567  0.015525911668  0.006856975986  0.006542917279  0.005819456674  
crossoptilon_crossoptilon 0.013087415740  0.004930048851  0.013143357049  0.000000000000  0.023273726989  0.017368800249  0.017760123387  0.014749855878  0.005726072325  0.011830033571  0.029332874559  0.023250343159  0.017399556076  0.009508502979  0.017275122922  0.015106395046  0.014881568015  0.009377449150  
cyrtonyx_montezumae 0.008689319870  0.014889979377  0.023153397872  0.023273726989  0.000000000000  0.011506701890  0.011745611846  0.026860395389  0.017368800249  0.017833467763  0.035371035552  0.023239282579  0.023309326907  0.019142211372  0.012917306623  0.021254873677  0.020936956646  0.009382311697  
galgal4    0.000000000000  0.004930048851  0.016448289791  0.017368800249  0.011506701890  0.000000000000  0.011760466566  0.020791562776  0.011523295617  0.017865904133  0.029332874559  0.017343440413  0.017399556076  0.012693530591  0.004271943516  0.015106395046  0.014881568015  0.000000000000  
lophophorus_impejanus 0.004332042105  0.000000000000  0.010050037455  0.017760123387  0.011745611846  0.011760466566  0.000000000000  0.020844856479  0.011787633430  0.012108805864  0.023844473969  0.017708540927  0.011787633430  0.006458402095  0.008573460112  0.009022346553  0.009076945457  0.000000000000  
lophura_inornata 0.013128976034  0.009917141324  0.020340016751  0.014749855878  0.026860395389  0.020791562776  0.020844856479  0.000000000000  0.008810365213  0.015189916966  0.026919163307  0.023757624580  0.020844856479  0.016331161275  0.017307461603  0.018237599501  0.018349164484  0.009404175888  
lophura_nycthemera 0.004332042105  0.000000000000  0.009819753190  0.005726072325  0.017368800249  0.011523295617  0.011787633430  0.008810365213  0.000000000000  0.005887987503  0.023357038651  0.017350060002  0.011549374248  0.006315638224  0.008573460112  0.009022346553  0.008888680486  0.000000000000  
lophura_swinhoii 0.008708066695  0.004930048851  0.016492788636  0.011830033571  0.017833467763  0.017865904133  0.012108805864  0.015189916966  0.005887987503  0.000000000000  0.030197295262  0.023899599675  0.017910899818  0.012725196186  0.013260977831  0.015568327672  0.014917966125  0.000000000000  
melgal2    0.017535103777  0.014908610713  0.023204324438  0.029332874559  0.035371035552  0.029332874559  0.023844473969  0.026919163307  0.023357038651  0.030197295262  0.000000000000  0.032265311323  0.017399556076  0.019179625174  0.021690639948  0.015106395046  0.020978529911  0.014135822354  
pavo_cristatus 0.004327403172  0.009887414723  0.019773127701  0.023250343159  0.023239282579  0.017343440413  0.017708540927  0.023757624580  0.017350060002  0.023899599675  0.032265311323  0.000000000000  0.023273726989  0.019119404520  0.008577517494  0.021225208855  0.020908181400  0.004671034458  
perdix_dauuricae 0.008708066695  0.004930048851  0.009819753190  0.017399556076  0.023309326907  0.017399556076  0.011787633430  0.020844856479  0.011549374248  0.017910899818  0.017399556076  0.023273726989  0.000000000000  0.006315638224  0.012918338431  0.009022346553  0.008888680486  0.004676440355  
phasianus_colchicus 0.004811444312  0.000000000000  0.003248456567  0.009508502979  0.019142211372  0.012693530591  0.006458402095  0.016331161275  0.006315638224  0.012725196186  0.019179625174  0.019119404520  0.006315638224  0.000000000000  0.009790608426  0.003302090309  0.003156181671  0.000000000000  
rollulus_rouloul 0.004384321767  0.009887414723  0.015525911668  0.017275122922  0.012917306623  0.004271943516  0.008573460112  0.017307461603  0.008573460112  0.013260977831  0.021690639948  0.008577517494  0.012918338431  0.009790608426  0.000000000000  0.008573460112  0.008799798822  0.000000000000  
syrmaticus_ellioti 0.004332042105  0.000000000000  0.006856975986  0.015106395046  0.021254873677  0.015106395046  0.009022346553  0.018237599501  0.009022346553  0.015568327672  0.015106395046  0.021225208855  0.009022346553  0.003302090309  0.008573460112  0.000000000000  0.006179049587  0.000000000000  
syrmaticus_reevesii 0.004332042105  0.000000000000  0.006542917279  0.014881568015  0.020936956646  0.014881568015  0.009076945457  0.018349164484  0.008888680486  0.014917966125  0.020978529911  0.020908181400  0.008888680486  0.003156181671  0.008799798822  0.006179049587  0.000000000000  0.000000000000  
tragopan_blythii 0.000000000000  0.000000000000  0.005819456674  0.009377449150  0.009382311697  0.000000000000  0.000000000000  0.009404175888  0.000000000000  0.000000000000  0.014135822354  0.004671034458  0.004676440355  0.000000000000  0.000000000000  0.000000000000  0.000000000000  0.000000000000  

