18
alectoris_rufa 0.000000000000  0.012625931183  0.009060412372  0.008377276264  0.034110817063  0.016915627153  0.012625931183  0.012625931183  0.017356064873  0.012625931183  0.016855361717  0.008377276264  0.021247164809  0.013723392020  0.021115405297  0.009401137360  0.009673987296  0.018929506677  
catreus_wallichi 0.012625931183  0.000000000000  0.003510341143  0.003258680186  0.023142955185  0.019920716833  0.009848666770  0.006541449509  0.010182976753  0.006541449509  0.013144128446  0.013180698849  0.013180698849  0.007073581922  0.030050900036  0.003611770047  0.004002042805  0.010893672878  
chrysolophus_pictus 0.009060412372  0.003510341143  0.000000000000  0.000000000000  0.022350562297  0.009505396424  0.003437930912  0.003145912932  0.006314270881  0.006520123595  0.003143239287  0.006415546358  0.006314270881  0.003155840975  0.019122700618  0.000000000000  0.000000000000  0.006680131099  
crossoptilon_crossoptilon 0.008377276264  0.003258680186  0.000000000000  0.000000000000  0.023912796356  0.014910289150  0.006415546358  0.002942276903  0.006083779354  0.006083779354  0.008865481780  0.009019550537  0.008885966966  0.003155840975  0.023980347249  0.000000000000  0.000000000000  0.006680131099  
cyrtonyx_montezumae 0.034110817063  0.023142955185  0.022350562297  0.023912796356  0.000000000000  0.026980469917  0.032727254479  0.026980469917  0.021525695281  0.024649702665  0.033137800936  0.027391117504  0.033180132041  0.025709462235  0.036222194849  0.023713644105  0.024414716759  0.030657489804  
galgal4    0.016915627153  0.019920716833  0.009505396424  0.014910289150  0.026980469917  0.000000000000  0.016216068405  0.011887912544  0.009157211901  0.015368635117  0.017904737520  0.012067241301  0.024102834390  0.012760198143  0.020914469273  0.010080324590  0.008040480064  0.016879491239  
lophophorus_impejanus 0.012625931183  0.009848666770  0.003437930912  0.006415546358  0.032727254479  0.016216068405  0.000000000000  0.009658414119  0.003301717345  0.009658414119  0.009634209129  0.009658414119  0.016216068405  0.006926591442  0.022750004358  0.003535160512  0.004002042805  0.010661381373  
lophura_inornata 0.012625931183  0.006541449509  0.003145912932  0.002942276903  0.026980469917  0.011887912544  0.009658414119  0.000000000000  0.009157211901  0.009157211901  0.011858169773  0.012067241301  0.011887912544  0.006334269365  0.027067538851  0.003334748692  0.000000000000  0.010053956629  
lophura_nycthemera 0.017356064873  0.010182976753  0.006314270881  0.006083779354  0.021525695281  0.009157211901  0.003301717345  0.009157211901  0.000000000000  0.006274650375  0.009135455899  0.012442635841  0.015368635117  0.009535610835  0.015299785200  0.006694728648  0.008040480064  0.013453610506  
lophura_swinhoii 0.012625931183  0.006541449509  0.006520123595  0.006083779354  0.024649702665  0.015368635117  0.009658414119  0.009157211901  0.006274650375  0.000000000000  0.015327063690  0.015368635117  0.015368635117  0.009848666770  0.024721539728  0.006694728648  0.004002042805  0.013453610506  
melgal2    0.016855361717  0.013144128446  0.003143239287  0.008865481780  0.033137800936  0.017904737520  0.009634209129  0.011858169773  0.009135455899  0.015327063690  0.000000000000  0.012036593616  0.017904737520  0.006321202616  0.020883432873  0.003331744417  0.000000000000  0.010044755643  
pavo_cristatus 0.008377276264  0.013180698849  0.006415546358  0.009019550537  0.027391117504  0.012067241301  0.009658414119  0.012067241301  0.012442635841  0.015368635117  0.012036593616  0.000000000000  0.018226097837  0.009689610777  0.018139765127  0.006694728648  0.004002042805  0.013453610506  
perdix_dauuricae 0.021247164809  0.013180698849  0.006314270881  0.008885966966  0.033180132041  0.024102834390  0.016216068405  0.011887912544  0.015368635117  0.015368635117  0.017904737520  0.018226097837  0.000000000000  0.009535610835  0.033307062909  0.010080324590  0.008040480064  0.010053956629  
phasianus_colchicus 0.013723392020  0.007073581922  0.003155840975  0.003155840975  0.025709462235  0.012760198143  0.006926591442  0.006334269365  0.009535610835  0.009848666770  0.006321202616  0.009689610777  0.009535610835  0.000000000000  0.022458000735  0.003473758720  0.004002042805  0.010053956629  
rollulus_rouloul 0.021115405297  0.030050900036  0.019122700618  0.023980347249  0.036222194849  0.020914469273  0.022750004358  0.027067538851  0.015299785200  0.024721539728  0.020883432873  0.018139765127  0.033307062909  0.022458000735  0.000000000000  0.020286646291  0.020307777934  0.027195524587  
syrmaticus_ellioti 0.009401137360  0.003611770047  0.000000000000  0.000000000000  0.023713644105  0.010080324590  0.003535160512  0.003334748692  0.006694728648  0.006694728648  0.003331744417  0.006694728648  0.010080324590  0.003473758720  0.020286646291  0.000000000000  0.000000000000  0.007132792022  
syrmaticus_reevesii 0.009673987296  0.004002042805  0.000000000000  0.000000000000  0.024414716759  0.008040480064  0.004002042805  0.000000000000  0.008040480064  0.004002042805  0.000000000000  0.004002042805  0.008040480064  0.004002042805  0.020307777934  0.000000000000  0.000000000000  0.008084248763  
tragopan_blythii 0.018929506677  0.010893672878  0.006680131099  0.006680131099  0.030657489804  0.016879491239  0.010661381373  0.010053956629  0.013453610506  0.013453610506  0.010044755643  0.013453610506  0.010053956629  0.010053956629  0.027195524587  0.007132792022  0.008084248763  0.000000000000  

