18
alectoris_rufa 0.000000000000  0.008706923539  0.011643677768  0.009042685536  0.024667656230  0.008681725974  0.005799750745  0.005833584523  0.008835137698  0.005885081890  0.014637476094  0.009409452578  0.005908326860  0.009181059024  0.006352393056  0.006100496403  0.008706923539  0.008835137698  
catreus_wallichi 0.008706923539  0.000000000000  0.002890822369  0.002994708770  0.024595121805  0.008699972031  0.008706923539  0.000000000000  0.000000000000  0.000000000000  0.011643677768  0.009416795280  0.005908326860  0.003040231977  0.006339041128  0.000000000000  0.000000000000  0.011799208800  
chrysolophus_pictus 0.011643677768  0.002890822369  0.000000000000  0.006008852645  0.027762221197  0.011627706796  0.011643677768  0.002907633327  0.002933219592  0.002933219592  0.014599119804  0.009416795280  0.008887486943  0.006100496403  0.006339041128  0.003040231977  0.002890822369  0.014789569151  
crossoptilon_crossoptilon 0.009042685536  0.002994708770  0.006008852645  0.000000000000  0.015843511011  0.009021114958  0.006008852645  0.002994708770  0.003040231977  0.002994708770  0.009042685536  0.009777460677  0.006100496403  0.006100496403  0.006604108493  0.003040231977  0.002994708770  0.009181059024  
cyrtonyx_montezumae 0.024667656230  0.024595121805  0.027762221197  0.015843511011  0.000000000000  0.021511593005  0.018376831696  0.021644648614  0.024595121805  0.015499681274  0.031044860416  0.022217130404  0.021581757145  0.015843511011  0.019323928501  0.012631276256  0.024595121805  0.027762221197  
galgal4    0.008681725974  0.008699972031  0.011627706796  0.009021114958  0.021511593005  0.000000000000  0.005788622267  0.005822325745  0.008827979026  0.005873623327  0.014599119804  0.006261967965  0.005910364133  0.009158822741  0.003165336069  0.006088183064  0.008699972031  0.008827979026  
lophophorus_impejanus 0.005799750745  0.008706923539  0.011643677768  0.006008852645  0.018376831696  0.005788622267  0.000000000000  0.005833584523  0.008835137698  0.002933219592  0.014637476094  0.009409452578  0.005908326860  0.006100496403  0.006352393056  0.003040231977  0.008706923539  0.008835137698  
lophura_inornata 0.005833584523  0.000000000000  0.002907633327  0.002994708770  0.021644648614  0.005822325745  0.005833584523  0.000000000000  0.000000000000  0.000000000000  0.008778085856  0.006301427780  0.005908326860  0.003040231977  0.003185502520  0.000000000000  0.000000000000  0.005919921582  
lophura_nycthemera 0.008835137698  0.000000000000  0.002933219592  0.003040231977  0.024595121805  0.008827979026  0.008835137698  0.000000000000  0.000000000000  0.000000000000  0.011815657344  0.009416795280  0.005908326860  0.003040231977  0.006339041128  0.000000000000  0.000000000000  0.011799208800  
lophura_swinhoii 0.005885081890  0.000000000000  0.002933219592  0.002994708770  0.015499681274  0.005873623327  0.002933219592  0.000000000000  0.000000000000  0.000000000000  0.008855825386  0.006361558873  0.002976878937  0.003040231977  0.003216238650  0.000000000000  0.000000000000  0.005972961502  
melgal2    0.014637476094  0.011643677768  0.014599119804  0.009042685536  0.031044860416  0.014599119804  0.014637476094  0.008778085856  0.011815657344  0.008855825386  0.000000000000  0.012578412969  0.014903756551  0.009181059024  0.006352393056  0.006100496403  0.011643677768  0.011815657344  
pavo_cristatus 0.009409452578  0.009416795280  0.009416795280  0.009777460677  0.022217130404  0.006261967965  0.009409452578  0.006301427780  0.009416795280  0.006361558873  0.012578412969  0.000000000000  0.009476287748  0.009777460677  0.009529004733  0.006506429323  0.009416795280  0.012575256042  
perdix_dauuricae 0.005908326860  0.005908326860  0.008887486943  0.006100496403  0.021581757145  0.005910364133  0.005908326860  0.005908326860  0.005908326860  0.002976878937  0.014903756551  0.009476287748  0.000000000000  0.006100496403  0.006379481257  0.003040231977  0.005908326860  0.005908326860  
phasianus_colchicus 0.009181059024  0.003040231977  0.006100496403  0.006100496403  0.015843511011  0.009158822741  0.006100496403  0.003040231977  0.003040231977  0.003040231977  0.009181059024  0.009777460677  0.006100496403  0.000000000000  0.006604108493  0.003040231977  0.003040231977  0.009181059024  
rollulus_rouloul 0.006352393056  0.006339041128  0.006339041128  0.006604108493  0.019323928501  0.003165336069  0.006352393056  0.003185502520  0.006339041128  0.003216238650  0.006352393056  0.009529004733  0.006379481257  0.006604108493  0.000000000000  0.003290316044  0.006339041128  0.006339041128  
syrmaticus_ellioti 0.006100496403  0.000000000000  0.003040231977  0.003040231977  0.012631276256  0.006088183064  0.003040231977  0.000000000000  0.000000000000  0.000000000000  0.006100496403  0.006506429323  0.003040231977  0.003040231977  0.003290316044  0.000000000000  0.000000000000  0.006100496403  
syrmaticus_reevesii 0.008706923539  0.000000000000  0.002890822369  0.002994708770  0.024595121805  0.008699972031  0.008706923539  0.000000000000  0.000000000000  0.000000000000  0.011643677768  0.009416795280  0.005908326860  0.003040231977  0.006339041128  0.000000000000  0.000000000000  0.011799208800  
tragopan_blythii 0.008835137698  0.011799208800  0.014789569151  0.009181059024  0.027762221197  0.008827979026  0.008835137698  0.005919921582  0.011799208800  0.005972961502  0.011815657344  0.012575256042  0.005908326860  0.009181059024  0.006339041128  0.006100496403  0.011799208800  0.000000000000  

