18
alectoris_rufa 0.000000000000  0.021651107176  0.017269908413  0.019439791353  0.030604435717  0.008553761488  0.021690826275  0.019439791353  0.018602145054  0.019439791353  0.028403056391  0.017269908413  0.021617719836  0.021651107176  0.009182113894  0.017618782377  0.016050161565  0.019688093465  
catreus_wallichi 0.021651107176  0.000000000000  0.003562584005  0.003534697810  0.032736504544  0.023441007840  0.014283905224  0.005312303789  0.002000359175  0.001845323903  0.017924860297  0.023441007840  0.012473035680  0.003572581992  0.016796049558  0.003869827014  0.006352897001  0.015684222923  
chrysolophus_pictus 0.017269908413  0.003562584005  0.000000000000  0.003562584005  0.029289983629  0.019966081972  0.010782823941  0.005353205170  0.002019634662  0.001844545008  0.014434116061  0.019966081972  0.008947435079  0.003594599255  0.016796049558  0.003865554990  0.006352897001  0.011731621449  
crossoptilon_crossoptilon 0.019439791353  0.003534697810  0.003562584005  0.000000000000  0.032558789036  0.023273112272  0.014283905224  0.005274940593  0.000000000000  0.001845323903  0.017797239506  0.023273112272  0.012473035680  0.003572581992  0.019655209322  0.001930836472  0.006352897001  0.013694472023  
cyrtonyx_montezumae 0.030604435717  0.032736504544  0.029289983629  0.032558789036  0.000000000000  0.027008873916  0.032784461927  0.034436621501  0.030666476640  0.032323016200  0.040177112311  0.030732848867  0.032752511301  0.033097822392  0.016796049558  0.029753723197  0.025886951608  0.033990998189  
galgal4    0.008553761488  0.023441007840  0.019966081972  0.023273112272  0.027008873916  0.000000000000  0.023477462633  0.021440555437  0.014051873064  0.022612430709  0.027002452476  0.014203456241  0.021604775598  0.023697443966  0.019655209322  0.015653530905  0.012794930261  0.015709733557  
lophophorus_impejanus 0.021690826275  0.014283905224  0.010782823941  0.014283905224  0.032784461927  0.023477462633  0.000000000000  0.016100773717  0.010074308020  0.013055881804  0.017952058917  0.027198355285  0.012482574775  0.014438596885  0.025427503135  0.011690483260  0.009562615542  0.009755416398  
lophura_inornata 0.019439791353  0.005312303789  0.005353205170  0.005274940593  0.034436621501  0.021440555437  0.016100773717  0.000000000000  0.001984480455  0.003698094224  0.019615283746  0.021440555437  0.014280054498  0.005369351687  0.022532285198  0.005817040789  0.009562615542  0.017682634201  
lophura_nycthemera 0.018602145054  0.002000359175  0.002019634662  0.000000000000  0.030666476640  0.014051873064  0.010074308020  0.001984480455  0.000000000000  0.000000000000  0.016094459135  0.016094459135  0.012117322509  0.002004368638  0.003390868771  0.000000000000  0.006352897001  0.010323932676  
lophura_swinhoii 0.019439791353  0.001845323903  0.001844545008  0.001845323903  0.032323016200  0.022612430709  0.013055881804  0.003698094224  0.000000000000  0.000000000000  0.016854665766  0.022612430709  0.011149095609  0.001862508585  0.016796049558  0.002004368638  0.006352897001  0.014051873064  
melgal2    0.028403056391  0.017924860297  0.014434116061  0.017797239506  0.040177112311  0.027002452476  0.017952058917  0.019615283746  0.016094459135  0.016854665766  0.000000000000  0.027002452476  0.014292573406  0.018119761030  0.028341093382  0.017647956494  0.012794930261  0.019722614378  
pavo_cristatus 0.017269908413  0.023441007840  0.019966081972  0.023273112272  0.030732848867  0.014203456241  0.027198355285  0.021440555437  0.016094459135  0.022612430709  0.027002452476  0.000000000000  0.025305015183  0.023697443966  0.016796049558  0.017647956494  0.009562615542  0.021742284024  
perdix_dauuricae 0.021617719836  0.012473035680  0.008947435079  0.012473035680  0.032752511301  0.021604775598  0.012482574775  0.014280054498  0.012117322509  0.011149095609  0.014292573406  0.025305015183  0.000000000000  0.012585165353  0.019620707099  0.013639680125  0.009541735489  0.013677776323  
phasianus_colchicus 0.021651107176  0.003572581992  0.003594599255  0.003572581992  0.033097822392  0.023697443966  0.014438596885  0.005369351687  0.002004368638  0.001862508585  0.018119761030  0.023697443966  0.012585165353  0.000000000000  0.017034501273  0.003869827014  0.003165460902  0.015684222923  
rollulus_rouloul 0.009182113894  0.016796049558  0.016796049558  0.019655209322  0.016796049558  0.019655209322  0.025427503135  0.022532285198  0.003390868771  0.016796049558  0.028341093382  0.016796049558  0.019620707099  0.017034501273  0.000000000000  0.003135683138  0.003414021878  0.006195458122  
syrmaticus_ellioti 0.017618782377  0.003869827014  0.003865554990  0.001930836472  0.029753723197  0.015653530905  0.011690483260  0.005817040789  0.000000000000  0.002004368638  0.017647956494  0.017647956494  0.013639680125  0.003869827014  0.003135683138  0.000000000000  0.006352897001  0.009836470238  
syrmaticus_reevesii 0.016050161565  0.006352897001  0.006352897001  0.006352897001  0.025886951608  0.012794930261  0.009562615542  0.009562615542  0.006352897001  0.006352897001  0.012794930261  0.009562615542  0.009541735489  0.003165460902  0.003414021878  0.006352897001  0.000000000000  0.006352897001  
tragopan_blythii 0.019688093465  0.015684222923  0.011731621449  0.013694472023  0.033990998189  0.015709733557  0.009755416398  0.017682634201  0.010323932676  0.014051873064  0.019722614378  0.021742284024  0.013677776323  0.015684222923  0.006195458122  0.009836470238  0.006352897001  0.000000000000  

