18
alectoris_rufa 0.000000000000  0.004920410276  0.000000000000  0.002897092488  0.002457525026  0.000000000000  0.000000000000  0.002457525026  0.000000000000  0.000000000000  0.000000000000  0.005044516383  0.002455953719  0.000000000000  0.007697554053  0.000000000000  0.000000000000  0.005078399679  
catreus_wallichi 0.004920410276  0.000000000000  0.004550932968  0.005808121308  0.009143254314  0.006841370107  0.004550932968  0.006841370107  0.004592735618  0.007180973535  0.006837282049  0.009435375489  0.006900187296  0.004667768352  0.012123425793  0.006202134562  0.004667768352  0.009490354903  
chrysolophus_pictus 0.000000000000  0.004550932968  0.000000000000  0.002897092488  0.004557622769  0.002273174015  0.000000000000  0.002273174015  0.000000000000  0.002385645177  0.002271829611  0.004700681041  0.002292663812  0.000000000000  0.007251023123  0.000000000000  0.000000000000  0.004730087879  
crossoptilon_crossoptilon 0.002897092488  0.005808121308  0.002897092488  0.000000000000  0.002897092488  0.002897092488  0.002897092488  0.005806024338  0.002897092488  0.003001438106  0.002897092488  0.002983528304  0.002897092488  0.002983528304  0.006070361313  0.003203346292  0.002913976654  0.003001438106  
cyrtonyx_montezumae 0.002457525026  0.009143254314  0.004557622769  0.002897092488  0.000000000000  0.006853458664  0.004557622769  0.006853458664  0.004599549134  0.007185484803  0.006841370107  0.009445532882  0.006904351242  0.004674806782  0.007251023123  0.000000000000  0.004674806782  0.009509257167  
galgal4    0.000000000000  0.006841370107  0.002273174015  0.002897092488  0.006853458664  0.000000000000  0.002273174015  0.004557622769  0.002294033002  0.002385645177  0.004550932968  0.007066996909  0.004592735618  0.002331472403  0.007251023123  0.000000000000  0.000000000000  0.007113473769  
lophophorus_impejanus 0.000000000000  0.004550932968  0.000000000000  0.002897092488  0.004557622769  0.002273174015  0.000000000000  0.002273174015  0.000000000000  0.002385645177  0.002271829611  0.004700681041  0.002292663812  0.000000000000  0.007251023123  0.000000000000  0.000000000000  0.004730087879  
lophura_inornata 0.002457525026  0.006841370107  0.002273174015  0.005806024338  0.006853458664  0.004557622769  0.002273174015  0.000000000000  0.002294033002  0.004779312499  0.004550932968  0.007066996909  0.004592735618  0.002331472403  0.009693622134  0.003096807399  0.002331472403  0.007113473769  
lophura_nycthemera 0.000000000000  0.004592735618  0.000000000000  0.002897092488  0.004599549134  0.002294033002  0.000000000000  0.002294033002  0.000000000000  0.002385645177  0.002292663812  0.004700681041  0.002292663812  0.000000000000  0.007251023123  0.000000000000  0.000000000000  0.004730087879  
lophura_swinhoii 0.000000000000  0.007180973535  0.002385645177  0.003001438106  0.007185484803  0.002385645177  0.002385645177  0.004779312499  0.002385645177  0.000000000000  0.002385645177  0.007180973535  0.004780730710  0.002385645177  0.009673979313  0.000000000000  0.002385645177  0.007185484803  
melgal2    0.000000000000  0.006837282049  0.002271829611  0.002897092488  0.006841370107  0.004550932968  0.002271829611  0.004550932968  0.002292663812  0.002385645177  0.000000000000  0.007062633733  0.004594044809  0.002330058157  0.007251023123  0.000000000000  0.000000000000  0.007100449954  
pavo_cristatus 0.005044516383  0.009435375489  0.004700681041  0.002983528304  0.009445532882  0.007066996909  0.004700681041  0.007066996909  0.004700681041  0.007180973535  0.007062633733  0.000000000000  0.007062633733  0.004700681041  0.012123425793  0.000000000000  0.004756579211  0.009490354903  
perdix_dauuricae 0.002455953719  0.006900187296  0.002292663812  0.002897092488  0.006904351242  0.004592735618  0.002292663812  0.004592735618  0.002292663812  0.004780730710  0.004594044809  0.007062633733  0.000000000000  0.002346460353  0.009673979313  0.000000000000  0.002330058157  0.007100449954  
phasianus_colchicus 0.000000000000  0.004667768352  0.000000000000  0.002983528304  0.004674806782  0.002331472403  0.000000000000  0.002331472403  0.000000000000  0.002385645177  0.002330058157  0.004700681041  0.002346460353  0.000000000000  0.007251023123  0.000000000000  0.000000000000  0.004730087879  
rollulus_rouloul 0.007697554053  0.012123425793  0.007251023123  0.006070361313  0.007251023123  0.007251023123  0.007251023123  0.009693622134  0.007251023123  0.009673979313  0.007251023123  0.012123425793  0.009673979313  0.007251023123  0.000000000000  0.006214577704  0.007251023123  0.012149244001  
syrmaticus_ellioti 0.000000000000  0.006202134562  0.000000000000  0.003203346292  0.000000000000  0.000000000000  0.000000000000  0.003096807399  0.000000000000  0.000000000000  0.000000000000  0.000000000000  0.000000000000  0.000000000000  0.006214577704  0.000000000000  0.000000000000  0.003096807399  
syrmaticus_reevesii 0.000000000000  0.004667768352  0.000000000000  0.002913976654  0.004674806782  0.000000000000  0.000000000000  0.002331472403  0.000000000000  0.002385645177  0.000000000000  0.004756579211  0.002330058157  0.000000000000  0.007251023123  0.000000000000  0.000000000000  0.004786692068  
tragopan_blythii 0.005078399679  0.009490354903  0.004730087879  0.003001438106  0.009509257167  0.007113473769  0.004730087879  0.007113473769  0.004730087879  0.007185484803  0.007100449954  0.009490354903  0.007100449954  0.004730087879  0.012149244001  0.003096807399  0.004786692068  0.000000000000  

