18
alectoris_rufa 0.000000000000  0.007304195758  0.007304195758  0.014683081291  0.007304195758  0.007304195758  0.007304195758  0.007304195758  0.007304195758  0.007304195758  0.007304195758  0.003637566508  0.007304195758  0.000000000000  0.007304195758  0.007304195758  0.007304195758  0.008070548933  
catreus_wallichi 0.007304195758  0.000000000000  0.002632206100  0.005443132437  0.005279596524  0.002632206100  0.002632206100  0.002794003201  0.002632206100  0.002632206100  0.002632206100  0.008386411118  0.002817620597  0.000000000000  0.006027432630  0.002817620597  0.002632206100  0.002825582041  
chrysolophus_pictus 0.007304195758  0.002632206100  0.000000000000  0.008186363333  0.002632206100  0.000000000000  0.000000000000  0.000000000000  0.000000000000  0.000000000000  0.000000000000  0.005573878231  0.000000000000  0.000000000000  0.003003821038  0.000000000000  0.000000000000  0.000000000000  
crossoptilon_crossoptilon 0.014683081291  0.005443132437  0.008186363333  0.000000000000  0.010946090513  0.008186363333  0.008186363333  0.008416023320  0.008186363333  0.008186363333  0.008186363333  0.014109783081  0.008785736016  0.007829798181  0.012105593857  0.008785736016  0.008186363333  0.008811541887  
cyrtonyx_montezumae 0.007304195758  0.005279596524  0.002632206100  0.010946090513  0.000000000000  0.002632206100  0.002632206100  0.002794003201  0.002632206100  0.002632206100  0.002632206100  0.002778477006  0.002817620597  0.000000000000  0.000000000000  0.002817620597  0.002632206100  0.002825582041  
galgal4    0.007304195758  0.002632206100  0.000000000000  0.008186363333  0.002632206100  0.000000000000  0.000000000000  0.000000000000  0.000000000000  0.000000000000  0.000000000000  0.005573878231  0.000000000000  0.000000000000  0.003003821038  0.000000000000  0.000000000000  0.000000000000  
lophophorus_impejanus 0.007304195758  0.002632206100  0.000000000000  0.008186363333  0.002632206100  0.000000000000  0.000000000000  0.000000000000  0.000000000000  0.000000000000  0.000000000000  0.005573878231  0.000000000000  0.000000000000  0.003003821038  0.000000000000  0.000000000000  0.000000000000  
lophura_inornata 0.007304195758  0.002794003201  0.000000000000  0.008416023320  0.002794003201  0.000000000000  0.000000000000  0.000000000000  0.000000000000  0.000000000000  0.000000000000  0.005766739300  0.000000000000  0.000000000000  0.003003821038  0.000000000000  0.000000000000  0.000000000000  
lophura_nycthemera 0.007304195758  0.002632206100  0.000000000000  0.008186363333  0.002632206100  0.000000000000  0.000000000000  0.000000000000  0.000000000000  0.000000000000  0.000000000000  0.005573878231  0.000000000000  0.000000000000  0.003003821038  0.000000000000  0.000000000000  0.000000000000  
lophura_swinhoii 0.007304195758  0.002632206100  0.000000000000  0.008186363333  0.002632206100  0.000000000000  0.000000000000  0.000000000000  0.000000000000  0.000000000000  0.000000000000  0.005573878231  0.000000000000  0.000000000000  0.003003821038  0.000000000000  0.000000000000  0.000000000000  
melgal2    0.007304195758  0.002632206100  0.000000000000  0.008186363333  0.002632206100  0.000000000000  0.000000000000  0.000000000000  0.000000000000  0.000000000000  0.000000000000  0.005573878231  0.000000000000  0.000000000000  0.003003821038  0.000000000000  0.000000000000  0.000000000000  
pavo_cristatus 0.003637566508  0.008386411118  0.005573878231  0.014109783081  0.002778477006  0.005573878231  0.005573878231  0.005766739300  0.005573878231  0.005573878231  0.005573878231  0.000000000000  0.005817058155  0.000000000000  0.003003821038  0.005817058155  0.005573878231  0.006009321979  
perdix_dauuricae 0.007304195758  0.002817620597  0.000000000000  0.008785736016  0.002817620597  0.000000000000  0.000000000000  0.000000000000  0.000000000000  0.000000000000  0.000000000000  0.005817058155  0.000000000000  0.000000000000  0.003077782163  0.000000000000  0.000000000000  0.000000000000  
phasianus_colchicus 0.000000000000  0.000000000000  0.000000000000  0.007829798181  0.000000000000  0.000000000000  0.000000000000  0.000000000000  0.000000000000  0.000000000000  0.000000000000  0.000000000000  0.000000000000  0.000000000000  0.000000000000  0.000000000000  0.000000000000  0.000000000000  
rollulus_rouloul 0.007304195758  0.006027432630  0.003003821038  0.012105593857  0.000000000000  0.003003821038  0.003003821038  0.003003821038  0.003003821038  0.003003821038  0.003003821038  0.003003821038  0.003077782163  0.000000000000  0.000000000000  0.003077782163  0.003003821038  0.003258292543  
syrmaticus_ellioti 0.007304195758  0.002817620597  0.000000000000  0.008785736016  0.002817620597  0.000000000000  0.000000000000  0.000000000000  0.000000000000  0.000000000000  0.000000000000  0.005817058155  0.000000000000  0.000000000000  0.003077782163  0.000000000000  0.000000000000  0.000000000000  
syrmaticus_reevesii 0.007304195758  0.002632206100  0.000000000000  0.008186363333  0.002632206100  0.000000000000  0.000000000000  0.000000000000  0.000000000000  0.000000000000  0.000000000000  0.005573878231  0.000000000000  0.000000000000  0.003003821038  0.000000000000  0.000000000000  0.000000000000  
tragopan_blythii 0.008070548933  0.002825582041  0.000000000000  0.008811541887  0.002825582041  0.000000000000  0.000000000000  0.000000000000  0.000000000000  0.000000000000  0.000000000000  0.006009321979  0.000000000000  0.000000000000  0.003258292543  0.000000000000  0.000000000000  0.000000000000  

