18
alectoris_rufa 0.000000000000  0.012864361151  0.005569581705  0.011003791393  0.012829921004  0.010975743578  0.009299008804  0.011003791393  0.007305706152  0.009649870692  0.009150927583  0.008072393977  0.007305706152  0.002623927843  0.008100824201  0.007644233314  0.005468064315  0.000000000000  
catreus_wallichi 0.012864361151  0.000000000000  0.007441625043  0.005468064315  0.014691815331  0.012829921004  0.011180271047  0.009150927583  0.005468064315  0.007217818784  0.011003791393  0.010113458994  0.009150927583  0.010574564213  0.016345814355  0.009575231740  0.007305706152  0.007200494454  
chrysolophus_pictus 0.005569581705  0.007441625043  0.000000000000  0.005569581705  0.007425624505  0.005560052444  0.003764952259  0.005569581705  0.001848833529  0.002393023743  0.003705339450  0.002008510003  0.001848833529  0.002623927843  0.005385919747  0.000000000000  0.000000000000  0.000000000000  
crossoptilon_crossoptilon 0.011003791393  0.005468064315  0.005569581705  0.000000000000  0.012829921004  0.010975743578  0.009299008804  0.007305706152  0.003637940057  0.004798916948  0.005468064315  0.008072393977  0.007305706152  0.007908621313  0.013580565952  0.007644233314  0.005468064315  0.003585760645  
cyrtonyx_montezumae 0.012829921004  0.014691815331  0.007425624505  0.012829921004  0.000000000000  0.012814356487  0.011170706200  0.009129219349  0.009129219349  0.012057262822  0.010975743578  0.010086937246  0.009129219349  0.007908926503  0.016304359354  0.009561676983  0.007290285398  0.003582846525  
galgal4    0.010975743578  0.012829921004  0.005560052444  0.010975743578  0.012814356487  0.000000000000  0.009295979017  0.010975743578  0.007290285398  0.009622947188  0.009129219349  0.008053562408  0.007290285398  0.010561764786  0.013553207458  0.007637563095  0.005458879582  0.007185515137  
lophophorus_impejanus 0.009299008804  0.011180271047  0.003764952259  0.009299008804  0.011170706200  0.009295979017  0.000000000000  0.009299008804  0.005560052444  0.007201806052  0.007425624505  0.006153052683  0.005560052444  0.007908926503  0.010818870834  0.005721689342  0.003702227737  0.003582846525  
lophura_inornata 0.011003791393  0.009150927583  0.005569581705  0.007305706152  0.009129219349  0.010975743578  0.009299008804  0.000000000000  0.003637940057  0.004798916948  0.009150927583  0.008072393977  0.007305706152  0.007908621313  0.013580565952  0.007644233314  0.005468064315  0.000000000000  
lophura_nycthemera 0.007305706152  0.005468064315  0.001848833529  0.003637940057  0.009129219349  0.007290285398  0.005560052444  0.003637940057  0.000000000000  0.000000000000  0.005468064315  0.004017989720  0.003637940057  0.005258471193  0.008100824201  0.003807062670  0.001815272123  0.000000000000  
lophura_swinhoii 0.009649870692  0.007217818784  0.002393023743  0.004798916948  0.012057262822  0.009622947188  0.007201806052  0.004798916948  0.000000000000  0.000000000000  0.007217818784  0.004798916948  0.004798916948  0.005825156707  0.008211695670  0.002482120565  0.002393023743  0.000000000000  
melgal2    0.009150927583  0.011003791393  0.003705339450  0.005468064315  0.010975743578  0.009129219349  0.007425624505  0.009150927583  0.005468064315  0.007217818784  0.000000000000  0.006040598826  0.001815272123  0.002623927843  0.010832305047  0.005721533967  0.003637940057  0.000000000000  
pavo_cristatus 0.008072393977  0.010113458994  0.002008510003  0.008072393977  0.010086937246  0.008053562408  0.006153052683  0.008072393977  0.004017989720  0.004798916948  0.006040598826  0.000000000000  0.004017989720  0.005258471193  0.008100824201  0.002110232329  0.002004483971  0.003585760645  
perdix_dauuricae 0.007305706152  0.009150927583  0.001848833529  0.007305706152  0.009129219349  0.007290285398  0.005560052444  0.007305706152  0.003637940057  0.004798916948  0.001815272123  0.004017989720  0.000000000000  0.002623927843  0.008100824201  0.003807062670  0.001815272123  0.000000000000  
phasianus_colchicus 0.002623927843  0.010574564213  0.002623927843  0.007908621313  0.007908926503  0.010561764786  0.007908926503  0.007908621313  0.005258471193  0.005825156707  0.002623927843  0.005258471193  0.002623927843  0.000000000000  0.002906064913  0.002731434432  0.002623927843  0.003582846525  
rollulus_rouloul 0.008100824201  0.016345814355  0.005385919747  0.013580565952  0.016304359354  0.013553207458  0.010818870834  0.013580565952  0.008100824201  0.008211695670  0.010832305047  0.008100824201  0.008100824201  0.002906064913  0.000000000000  0.005612640674  0.005385919747  0.000000000000  
syrmaticus_ellioti 0.007644233314  0.009575231740  0.000000000000  0.007644233314  0.009561676983  0.007637563095  0.005721689342  0.007644233314  0.003807062670  0.002482120565  0.005721533967  0.002110232329  0.003807062670  0.002731434432  0.005612640674  0.000000000000  0.001900749300  0.000000000000  
syrmaticus_reevesii 0.005468064315  0.007305706152  0.000000000000  0.005468064315  0.007290285398  0.005458879582  0.003702227737  0.005468064315  0.001815272123  0.002393023743  0.003637940057  0.002004483971  0.001815272123  0.002623927843  0.005385919747  0.001900749300  0.000000000000  0.000000000000  
tragopan_blythii 0.000000000000  0.007200494454  0.000000000000  0.003585760645  0.003582846525  0.007185515137  0.003582846525  0.000000000000  0.000000000000  0.000000000000  0.000000000000  0.003585760645  0.000000000000  0.003582846525  0.000000000000  0.000000000000  0.000000000000  0.000000000000  

