18
alectoris_rufa 0.000000000000  0.000000000000  0.000000000000  0.000000000000  0.000000000000  0.000000000000  0.000000000000  0.000000000000  0.000000000000  0.000000000000  0.000000000000  0.000000000000  0.000000000000  0.000000000000  0.000000000000  0.000000000000  0.000000000000  0.000000000000  
catreus_wallichi 0.000000000000  0.000000000000  0.000000000000  0.000000000000  0.003258928443  0.003258928443  0.000000000000  0.000000000000  0.000000000000  0.000000000000  0.000000000000  0.003258928443  0.000000000000  0.000000000000  0.003258928443  0.000000000000  0.003462013636  0.000000000000  
chrysolophus_pictus 0.000000000000  0.000000000000  0.000000000000  0.000000000000  0.006940778956  0.006951796868  0.002303718705  0.000000000000  0.000000000000  0.002342744832  0.002304945448  0.004622167248  0.002303718705  0.000000000000  0.004622167248  0.002500939973  0.002433980172  0.004622167248  
crossoptilon_crossoptilon 0.000000000000  0.000000000000  0.000000000000  0.000000000000  0.006783826353  0.006794350447  0.002251842485  0.000000000000  0.000000000000  0.002289116545  0.002253014573  0.004517757142  0.002256924734  0.000000000000  0.004517757142  0.002500939973  0.002433980172  0.004569365824  
cyrtonyx_montezumae 0.000000000000  0.003258928443  0.006940778956  0.006783826353  0.000000000000  0.004511933431  0.009059344676  0.002725913028  0.006783826353  0.006892935846  0.009067645157  0.002251842485  0.009079909637  0.000000000000  0.002251842485  0.007533381387  0.004874853287  0.011494136221  
galgal4    0.000000000000  0.003258928443  0.006951796868  0.006794350447  0.004511933431  0.000000000000  0.009067645157  0.002725913028  0.006794350447  0.006903802025  0.009082919162  0.002253014573  0.009088248041  0.000000000000  0.002253014573  0.007546366405  0.004881653756  0.011514675854  
lophophorus_impejanus 0.000000000000  0.000000000000  0.002303718705  0.002251842485  0.009059344676  0.009067645157  0.000000000000  0.000000000000  0.002251842485  0.004584328478  0.004511933431  0.006783826353  0.000000000000  0.000000000000  0.006783826353  0.005009158175  0.004874853287  0.006861405197  
lophura_inornata 0.000000000000  0.000000000000  0.000000000000  0.000000000000  0.002725913028  0.002725913028  0.000000000000  0.000000000000  0.000000000000  0.000000000000  0.000000000000  0.002725913028  0.000000000000  0.000000000000  0.002725913028  0.000000000000  0.002995362192  0.000000000000  
lophura_nycthemera 0.000000000000  0.000000000000  0.000000000000  0.000000000000  0.006783826353  0.006794350447  0.002251842485  0.000000000000  0.000000000000  0.002289116545  0.002253014573  0.004517757142  0.002256924734  0.000000000000  0.004517757142  0.002500939973  0.002433980172  0.004569365824  
lophura_swinhoii 0.000000000000  0.000000000000  0.002342744832  0.002289116545  0.006892935846  0.006903802025  0.004584328478  0.000000000000  0.002289116545  0.000000000000  0.004590340965  0.004590340965  0.004594860713  0.000000000000  0.004590340965  0.005016339384  0.004966511424  0.006984165895  
melgal2    0.000000000000  0.000000000000  0.002304945448  0.002253014573  0.009067645157  0.009082919162  0.004511933431  0.000000000000  0.002253014573  0.004590340965  0.000000000000  0.006794350447  0.004522135273  0.000000000000  0.006794350447  0.005016339384  0.004881653756  0.006872171954  
pavo_cristatus 0.000000000000  0.003258928443  0.004622167248  0.004517757142  0.002251842485  0.002253014573  0.006783826353  0.002725913028  0.004517757142  0.004590340965  0.006794350447  0.000000000000  0.006799201458  0.000000000000  0.000000000000  0.005016339384  0.002433980172  0.009187231597  
perdix_dauuricae 0.000000000000  0.000000000000  0.002303718705  0.002256924734  0.009079909637  0.009088248041  0.000000000000  0.000000000000  0.002256924734  0.004594860713  0.004522135273  0.006799201458  0.000000000000  0.000000000000  0.006799201458  0.005009158175  0.004874853287  0.006861405197  
phasianus_colchicus 0.000000000000  0.000000000000  0.000000000000  0.000000000000  0.000000000000  0.000000000000  0.000000000000  0.000000000000  0.000000000000  0.000000000000  0.000000000000  0.000000000000  0.000000000000  0.000000000000  0.000000000000  0.000000000000  0.000000000000  0.000000000000  
rollulus_rouloul 0.000000000000  0.003258928443  0.004622167248  0.004517757142  0.002251842485  0.002253014573  0.006783826353  0.002725913028  0.004517757142  0.004590340965  0.006794350447  0.000000000000  0.006799201458  0.000000000000  0.000000000000  0.005016339384  0.002433980172  0.009187231597  
syrmaticus_ellioti 0.000000000000  0.000000000000  0.002500939973  0.002500939973  0.007533381387  0.007546366405  0.005009158175  0.000000000000  0.002500939973  0.005016339384  0.005016339384  0.005016339384  0.005009158175  0.000000000000  0.005016339384  0.000000000000  0.005041630194  0.007546366405  
syrmaticus_reevesii 0.000000000000  0.003462013636  0.002433980172  0.002433980172  0.004874853287  0.004881653756  0.004874853287  0.002995362192  0.002433980172  0.004966511424  0.004881653756  0.002433980172  0.004874853287  0.000000000000  0.002433980172  0.005041630194  0.000000000000  0.007343175702  
tragopan_blythii 0.000000000000  0.000000000000  0.004622167248  0.004569365824  0.011494136221  0.011514675854  0.006861405197  0.000000000000  0.004569365824  0.006984165895  0.006872171954  0.009187231597  0.006861405197  0.000000000000  0.009187231597  0.007546366405  0.007343175702  0.000000000000  

