18
alectoris_rufa 0.000000000000  0.000000000000  0.000000000000  0.000000000000  0.005718193041  0.000000000000  0.000000000000  0.000000000000  0.000000000000  0.005718193041  0.000000000000  0.000000000000  0.000000000000  0.000000000000  0.000000000000  0.000000000000  0.000000000000  0.000000000000  
catreus_wallichi 0.000000000000  0.000000000000  0.000000000000  0.000000000000  0.003258587387  0.000000000000  0.000000000000  0.000000000000  0.000000000000  0.003155753947  0.000000000000  0.003624747430  0.003155753947  0.000000000000  0.000000000000  0.000000000000  0.000000000000  0.000000000000  
chrysolophus_pictus 0.000000000000  0.000000000000  0.000000000000  0.000000000000  0.003031391229  0.000000000000  0.000000000000  0.000000000000  0.000000000000  0.002942201267  0.000000000000  0.003345808662  0.002942201267  0.000000000000  0.000000000000  0.000000000000  0.000000000000  0.000000000000  
crossoptilon_crossoptilon 0.000000000000  0.000000000000  0.000000000000  0.000000000000  0.003031391229  0.000000000000  0.000000000000  0.000000000000  0.000000000000  0.002942201267  0.000000000000  0.003345808662  0.002942201267  0.000000000000  0.000000000000  0.000000000000  0.000000000000  0.000000000000  
cyrtonyx_montezumae 0.005718193041  0.003258587387  0.003031391229  0.003031391229  0.000000000000  0.003031391229  0.003206346361  0.003031391229  0.003126157672  0.000000000000  0.003031391229  0.006716818715  0.006083455226  0.003437827609  0.003678076114  0.003031391229  0.004186183749  0.003155753947  
galgal4    0.000000000000  0.000000000000  0.000000000000  0.000000000000  0.003031391229  0.000000000000  0.000000000000  0.000000000000  0.000000000000  0.002942201267  0.000000000000  0.003345808662  0.002942201267  0.000000000000  0.000000000000  0.000000000000  0.000000000000  0.000000000000  
lophophorus_impejanus 0.000000000000  0.000000000000  0.000000000000  0.000000000000  0.003206346361  0.000000000000  0.000000000000  0.000000000000  0.000000000000  0.003155753947  0.000000000000  0.003560222546  0.003155753947  0.000000000000  0.000000000000  0.000000000000  0.000000000000  0.000000000000  
lophura_inornata 0.000000000000  0.000000000000  0.000000000000  0.000000000000  0.003031391229  0.000000000000  0.000000000000  0.000000000000  0.000000000000  0.002942201267  0.000000000000  0.003345808662  0.002942201267  0.000000000000  0.000000000000  0.000000000000  0.000000000000  0.000000000000  
lophura_nycthemera 0.000000000000  0.000000000000  0.000000000000  0.000000000000  0.003126157672  0.000000000000  0.000000000000  0.000000000000  0.000000000000  0.003031391229  0.000000000000  0.003461628692  0.003031391229  0.000000000000  0.000000000000  0.000000000000  0.000000000000  0.000000000000  
lophura_swinhoii 0.005718193041  0.003155753947  0.002942201267  0.002942201267  0.000000000000  0.002942201267  0.003155753947  0.002942201267  0.003031391229  0.000000000000  0.002942201267  0.006716818715  0.005903872813  0.003437827609  0.003678076114  0.002942201267  0.004186183749  0.003059212345  
melgal2    0.000000000000  0.000000000000  0.000000000000  0.000000000000  0.003031391229  0.000000000000  0.000000000000  0.000000000000  0.000000000000  0.002942201267  0.000000000000  0.003345808662  0.002942201267  0.000000000000  0.000000000000  0.000000000000  0.000000000000  0.000000000000  
pavo_cristatus 0.000000000000  0.003624747430  0.003345808662  0.003345808662  0.006716818715  0.003345808662  0.003560222546  0.003345808662  0.003461628692  0.006716818715  0.003345808662  0.000000000000  0.006716818715  0.003437827609  0.000000000000  0.003345808662  0.000000000000  0.003497954737  
perdix_dauuricae 0.000000000000  0.003155753947  0.002942201267  0.002942201267  0.006083455226  0.002942201267  0.003155753947  0.002942201267  0.003031391229  0.005903872813  0.002942201267  0.006716818715  0.000000000000  0.003437827609  0.000000000000  0.002942201267  0.000000000000  0.003059212345  
phasianus_colchicus 0.000000000000  0.000000000000  0.000000000000  0.000000000000  0.003437827609  0.000000000000  0.000000000000  0.000000000000  0.000000000000  0.003437827609  0.000000000000  0.003437827609  0.003437827609  0.000000000000  0.000000000000  0.000000000000  0.000000000000  0.000000000000  
rollulus_rouloul 0.000000000000  0.000000000000  0.000000000000  0.000000000000  0.003678076114  0.000000000000  0.000000000000  0.000000000000  0.000000000000  0.003678076114  0.000000000000  0.000000000000  0.000000000000  0.000000000000  0.000000000000  0.000000000000  0.000000000000  0.000000000000  
syrmaticus_ellioti 0.000000000000  0.000000000000  0.000000000000  0.000000000000  0.003031391229  0.000000000000  0.000000000000  0.000000000000  0.000000000000  0.002942201267  0.000000000000  0.003345808662  0.002942201267  0.000000000000  0.000000000000  0.000000000000  0.000000000000  0.000000000000  
syrmaticus_reevesii 0.000000000000  0.000000000000  0.000000000000  0.000000000000  0.004186183749  0.000000000000  0.000000000000  0.000000000000  0.000000000000  0.004186183749  0.000000000000  0.000000000000  0.000000000000  0.000000000000  0.000000000000  0.000000000000  0.000000000000  0.000000000000  
tragopan_blythii 0.000000000000  0.000000000000  0.000000000000  0.000000000000  0.003155753947  0.000000000000  0.000000000000  0.000000000000  0.000000000000  0.003059212345  0.000000000000  0.003497954737  0.003059212345  0.000000000000  0.000000000000  0.000000000000  0.000000000000  0.000000000000  

