18
alectoris_rufa 0.000000000000  0.003705319245  0.009327203005  0.009327203005  0.006541030873  0.009327203005  0.009327203005  0.003705319245  0.009327203005  0.009327203005  0.015714723436  0.000000000000  0.003705319245  0.012479933130  0.009327203005  0.006196506956  0.003087539129  0.014732379165  
catreus_wallichi 0.003705319245  0.000000000000  0.003585741725  0.000000000000  0.003247992669  0.000000000000  0.000000000000  0.000000000000  0.000000000000  0.000000000000  0.009880149105  0.003247992669  0.000000000000  0.000000000000  0.009815494137  0.003705319245  0.006703732720  0.000000000000  
chrysolophus_pictus 0.009327203005  0.003585741725  0.000000000000  0.006028406564  0.009565120680  0.006028406564  0.006028406564  0.003585741725  0.006028406564  0.006028406564  0.018401153282  0.000000000000  0.003585741725  0.009073308317  0.006028406564  0.003087539129  0.006028406564  0.009767555537  
crossoptilon_crossoptilon 0.009327203005  0.000000000000  0.006028406564  0.000000000000  0.008832870249  0.000000000000  0.000000000000  0.000000000000  0.000000000000  0.000000000000  0.017042083147  0.003279952596  0.000000000000  0.002786426070  0.008411820960  0.003087539129  0.008538863512  0.000000000000  
cyrtonyx_montezumae 0.006541030873  0.003247992669  0.009565120680  0.008832870249  0.000000000000  0.008755531293  0.008755531293  0.003279952596  0.008755531293  0.009504510531  0.014741663237  0.000000000000  0.003279952596  0.011712488416  0.011712488416  0.006541030873  0.005964067432  0.015256892204  
galgal4    0.009327203005  0.000000000000  0.006028406564  0.000000000000  0.008755531293  0.000000000000  0.000000000000  0.000000000000  0.000000000000  0.000000000000  0.016898078074  0.003247992669  0.000000000000  0.002763326581  0.008295516918  0.003087539129  0.008490529438  0.000000000000  
lophophorus_impejanus 0.009327203005  0.000000000000  0.006028406564  0.000000000000  0.008755531293  0.000000000000  0.000000000000  0.000000000000  0.000000000000  0.000000000000  0.016898078074  0.003247992669  0.000000000000  0.002763326581  0.008341650445  0.003087539129  0.008538863512  0.000000000000  
lophura_inornata 0.003705319245  0.000000000000  0.003585741725  0.000000000000  0.003279952596  0.000000000000  0.000000000000  0.000000000000  0.000000000000  0.000000000000  0.009978744627  0.003279952596  0.000000000000  0.000000000000  0.009880149105  0.003705319245  0.006681337522  0.000000000000  
lophura_nycthemera 0.009327203005  0.000000000000  0.006028406564  0.000000000000  0.008755531293  0.000000000000  0.000000000000  0.000000000000  0.000000000000  0.000000000000  0.016898078074  0.003247992669  0.000000000000  0.002763326581  0.008341650445  0.003087539129  0.008538863512  0.000000000000  
lophura_swinhoii 0.009327203005  0.000000000000  0.006028406564  0.000000000000  0.009504510531  0.000000000000  0.000000000000  0.000000000000  0.000000000000  0.000000000000  0.018288959536  0.003560209605  0.000000000000  0.002986121311  0.005992282109  0.003087539129  0.005992282109  0.000000000000  
melgal2    0.015714723436  0.009880149105  0.018401153282  0.017042083147  0.014741663237  0.016898078074  0.016898078074  0.009978744627  0.016898078074  0.018288959536  0.000000000000  0.006562493993  0.009978744627  0.019776532839  0.019776532839  0.015714723436  0.014380631430  0.030144759167  
pavo_cristatus 0.000000000000  0.003247992669  0.000000000000  0.003279952596  0.000000000000  0.003247992669  0.003247992669  0.003279952596  0.003247992669  0.003560209605  0.006562493993  0.000000000000  0.003279952596  0.003247992669  0.006519707690  0.000000000000  0.003343181712  0.006177367601  
perdix_dauuricae 0.003705319245  0.000000000000  0.003585741725  0.000000000000  0.003279952596  0.000000000000  0.000000000000  0.000000000000  0.000000000000  0.000000000000  0.009978744627  0.003279952596  0.000000000000  0.000000000000  0.009880149105  0.003705319245  0.006681337522  0.000000000000  
phasianus_colchicus 0.012479933130  0.000000000000  0.009073308317  0.002786426070  0.011712488416  0.002763326581  0.002763326581  0.000000000000  0.002763326581  0.002986121311  0.019776532839  0.003247992669  0.000000000000  0.000000000000  0.011157080288  0.006196506956  0.011419830179  0.004857155901  
rollulus_rouloul 0.009327203005  0.009815494137  0.006028406564  0.008411820960  0.011712488416  0.008295516918  0.008341650445  0.009880149105  0.008341650445  0.005992282109  0.019776532839  0.006519707690  0.009880149105  0.011157080288  0.000000000000  0.003087539129  0.011354991211  0.009767555537  
syrmaticus_ellioti 0.006196506956  0.003705319245  0.003087539129  0.003087539129  0.006541030873  0.003087539129  0.003087539129  0.003705319245  0.003087539129  0.003087539129  0.015714723436  0.000000000000  0.003705319245  0.006196506956  0.003087539129  0.000000000000  0.003087539129  0.004857155901  
syrmaticus_reevesii 0.003087539129  0.006703732720  0.006028406564  0.008538863512  0.005964067432  0.008490529438  0.008538863512  0.006681337522  0.008538863512  0.005992282109  0.014380631430  0.003343181712  0.006681337522  0.011419830179  0.011354991211  0.003087539129  0.000000000000  0.009767555537  
tragopan_blythii 0.014732379165  0.000000000000  0.009767555537  0.000000000000  0.015256892204  0.000000000000  0.000000000000  0.000000000000  0.000000000000  0.000000000000  0.030144759167  0.006177367601  0.000000000000  0.004857155901  0.009767555537  0.004857155901  0.009767555537  0.000000000000  

