18
alectoris_rufa 0.000000000000  0.034853656367  0.036171095612  0.043970651622  0.046841956330  0.031626677232  0.031662153860  0.039844036585  0.046017962170  0.040380583354  0.045341763929  0.026597737147  0.038360338564  0.048598138875  0.050497644536  0.026230904993  0.042561435207  0.026118864626  
catreus_wallichi 0.034853656367  0.000000000000  0.005407282893  0.010652144630  0.049873712686  0.029373353060  0.013169531394  0.010484613400  0.015813287651  0.010484613400  0.029255619451  0.029423442200  0.016110534224  0.018549448101  0.050856319005  0.003226466467  0.013123271894  0.014774924202  
chrysolophus_pictus 0.036171095612  0.005407282893  0.000000000000  0.016374357748  0.056520950214  0.033353418559  0.019203649997  0.010854493243  0.016374357748  0.010854493243  0.036012695998  0.030548656975  0.021959719263  0.024845867856  0.057616867712  0.010176324661  0.019124638134  0.015520247540  
crossoptilon_crossoptilon 0.043970651622  0.010652144630  0.016374357748  0.000000000000  0.061569912549  0.038319228941  0.018798551996  0.021505635717  0.027033795914  0.021505635717  0.040931784646  0.035546681096  0.027107094475  0.029903510992  0.060867146594  0.013266646685  0.024224841329  0.026681941219  
cyrtonyx_montezumae 0.046841956330  0.049873712686  0.056520950214  0.061569912549  0.000000000000  0.041219724637  0.046971336317  0.055653809701  0.061569912549  0.055653809701  0.064313985287  0.041180899745  0.049811139547  0.064738008945  0.050407034966  0.037611759382  0.047114365785  0.038768448903  
galgal4    0.031626677232  0.029373353060  0.033353418559  0.038319228941  0.041219724637  0.000000000000  0.026142846314  0.034392458210  0.040439160205  0.034853656367  0.042293159173  0.026630278504  0.032746506833  0.043024191967  0.044078684638  0.026186804895  0.037088947104  0.022303494145  
lophophorus_impejanus 0.031662153860  0.013169531394  0.019203649997  0.018798551996  0.046971336317  0.026142846314  0.000000000000  0.018259102489  0.023921138650  0.018500417546  0.031413431478  0.026673171235  0.024374733929  0.026513707971  0.047512110373  0.006433541734  0.020887889380  0.011037489274  
lophura_inornata 0.039844036585  0.010484613400  0.010854493243  0.021505635717  0.055653809701  0.034392458210  0.018259102489  0.000000000000  0.005223682407  0.000000000000  0.034259338675  0.034907927930  0.021563611470  0.023749330432  0.057461210898  0.006421257429  0.018207013371  0.011008472342  
lophura_nycthemera 0.046017962170  0.015813287651  0.016374357748  0.027033795914  0.061569912549  0.040439160205  0.023921138650  0.005223682407  0.000000000000  0.005223682407  0.040272120550  0.040508351459  0.027107094475  0.029423442200  0.060867146594  0.013007778421  0.023839770394  0.018486487064  
lophura_swinhoii 0.040380583354  0.010484613400  0.010854493243  0.021505635717  0.055653809701  0.034853656367  0.018500417546  0.000000000000  0.005223682407  0.000000000000  0.034716930347  0.034907927930  0.021563611470  0.023938875932  0.057461210898  0.006462756818  0.018446934922  0.011008472342  
melgal2    0.045341763929  0.029255619451  0.036012695998  0.040931784646  0.064313985287  0.042293159173  0.031413431478  0.034259338675  0.040272120550  0.034716930347  0.000000000000  0.043135428019  0.035378492726  0.042843690117  0.070877666715  0.022800382472  0.036951743676  0.018434371697  
pavo_cristatus 0.026597737147  0.029423442200  0.030548656975  0.035546681096  0.041180899745  0.026630278504  0.026673171235  0.034907927930  0.040508351459  0.034907927930  0.043135428019  0.000000000000  0.029985050107  0.043451506744  0.031138427881  0.019670809919  0.037638123737  0.018518800217  
perdix_dauuricae 0.038360338564  0.016110534224  0.021959719263  0.027107094475  0.049811139547  0.032746506833  0.024374733929  0.021563611470  0.027107094475  0.021563611470  0.035378492726  0.029985050107  0.000000000000  0.029985050107  0.064297905923  0.013345294283  0.024290232694  0.019036509096  
phasianus_colchicus 0.048598138875  0.018549448101  0.024845867856  0.029903510992  0.064738008945  0.043024191967  0.026513707971  0.023749330432  0.029423442200  0.023938875932  0.042843690117  0.043451506744  0.029985050107  0.000000000000  0.064684783915  0.006421257429  0.026419170520  0.022353505611  
rollulus_rouloul 0.050497644536  0.050856319005  0.057616867712  0.060867146594  0.050407034966  0.044078684638  0.047512110373  0.057461210898  0.060867146594  0.057461210898  0.070877666715  0.031138427881  0.064297905923  0.064684783915  0.000000000000  0.019804674666  0.057320028289  0.027854772915  
syrmaticus_ellioti 0.026230904993  0.003226466467  0.010176324661  0.013266646685  0.037611759382  0.026186804895  0.006433541734  0.006421257429  0.013007778421  0.006462756818  0.022800382472  0.019670809919  0.013345294283  0.006421257429  0.019804674666  0.000000000000  0.009661260601  0.011329278849  
syrmaticus_reevesii 0.042561435207  0.013123271894  0.019124638134  0.024224841329  0.047114365785  0.037088947104  0.020887889380  0.018207013371  0.023839770394  0.018446934922  0.036951743676  0.037638123737  0.024290232694  0.026419170520  0.057320028289  0.009661260601  0.000000000000  0.018486487064  
tragopan_blythii 0.026118864626  0.014774924202  0.015520247540  0.026681941219  0.038768448903  0.022303494145  0.011037489274  0.011008472342  0.018486487064  0.011008472342  0.018434371697  0.018518800217  0.019036509096  0.022353505611  0.027854772915  0.011329278849  0.018486487064  0.000000000000  

