18
alectoris_rufa 0.000000000000  0.010708060678  0.015908665912  0.007819294599  0.021111700517  0.015776474434  0.007819294599  0.002748076798  0.008071763095  0.016567654236  0.013108460398  0.013149274937  0.010434847425  0.012628135872  0.014581228991  0.011218637652  0.006234825120  0.014068358235  
catreus_wallichi 0.010708060678  0.000000000000  0.010685741134  0.002653287812  0.027196331781  0.021676408592  0.013425255179  0.002817768004  0.002674577143  0.011131828612  0.013425255179  0.018967782042  0.016122425033  0.012628135872  0.025827549134  0.005717891777  0.006234825120  0.024908293496  
chrysolophus_pictus 0.015908665912  0.010685741134  0.000000000000  0.007886716405  0.029542594366  0.026831368933  0.018614655521  0.008370862629  0.008056150530  0.016539991154  0.018614655521  0.021411445000  0.021297425085  0.012645104982  0.029562875674  0.011320869702  0.012526301272  0.028509059740  
crossoptilon_crossoptilon 0.007819294599  0.002653287812  0.007886716405  0.000000000000  0.023820857869  0.018460356859  0.010456128210  0.002748076798  0.000000000000  0.008210491858  0.010456128210  0.015824741150  0.013080471168  0.012628135872  0.022047547207  0.002778620342  0.006234825120  0.021265972161  
cyrtonyx_montezumae 0.021111700517  0.027196331781  0.029542594366  0.023820857869  0.000000000000  0.021111700517  0.023820857869  0.013910860092  0.024602439495  0.033686500007  0.029288460665  0.021223737340  0.021072990476  0.022314558868  0.018298946296  0.028515096978  0.012557003269  0.024908293496  
galgal4    0.015776474434  0.021676408592  0.026831368933  0.018460356859  0.021111700517  0.000000000000  0.013108460398  0.013910860092  0.019063741118  0.027956885471  0.018460356859  0.013149274937  0.015741697298  0.012628135872  0.018298946296  0.022723309024  0.003106644559  0.021265972161  
lophophorus_impejanus 0.007819294599  0.013425255179  0.018614655521  0.010456128210  0.023820857869  0.013108460398  0.000000000000  0.008294952173  0.010794757971  0.019388126741  0.015776474434  0.010489578040  0.013080471168  0.012628135872  0.022047547207  0.014067424611  0.006234825120  0.017652814849  
lophura_inornata 0.002748076798  0.002817768004  0.008370862629  0.002748076798  0.013910860092  0.013910860092  0.008294952173  0.000000000000  0.002841790603  0.008736532286  0.008294952173  0.013879336001  0.008278463515  0.015833896149  0.011465179374  0.005938611022  0.009384842352  0.014742463234  
lophura_nycthemera 0.008071763095  0.002674577143  0.008056150530  0.000000000000  0.024602439495  0.019063741118  0.010794757971  0.002841790603  0.000000000000  0.005590037193  0.010794757971  0.016342007385  0.013504445096  0.012628135872  0.022047547207  0.002874465225  0.006234825120  0.021265972161  
lophura_swinhoii 0.016567654236  0.011131828612  0.016539991154  0.008210491858  0.033686500007  0.027956885471  0.019388126741  0.008736532286  0.005590037193  0.000000000000  0.019388126741  0.025171862623  0.016539991154  0.013255900608  0.031384264354  0.011822809416  0.006540680204  0.030199106234  
melgal2    0.013108460398  0.013425255179  0.018614655521  0.010456128210  0.029288460665  0.018460356859  0.015776474434  0.008294952173  0.010794757971  0.019388126741  0.000000000000  0.021223737340  0.018418710936  0.012628135872  0.025827549134  0.014067424611  0.006234825120  0.024908293496  
pavo_cristatus 0.013149274937  0.018967782042  0.021411445000  0.015824741150  0.021223737340  0.013149274937  0.010489578040  0.013879336001  0.016342007385  0.025171862623  0.021223737340  0.000000000000  0.018484031148  0.015821577902  0.021998392449  0.019883856659  0.006223171795  0.024849944952  
perdix_dauuricae 0.010434847425  0.016122425033  0.021297425085  0.013080471168  0.021072990476  0.015741697298  0.013080471168  0.008278463515  0.013504445096  0.016539991154  0.018418710936  0.018484031148  0.000000000000  0.012628135872  0.018263177573  0.016894236021  0.009363731309  0.017619543128  
phasianus_colchicus 0.012628135872  0.012628135872  0.012645104982  0.012628135872  0.022314558868  0.012628135872  0.012628135872  0.015833896149  0.012628135872  0.013255900608  0.012628135872  0.015821577902  0.012628135872  0.000000000000  0.020940544434  0.017254689050  0.009444989182  0.024182517061  
rollulus_rouloul 0.014581228991  0.025827549134  0.029562875674  0.022047547207  0.018298946296  0.018298946296  0.022047547207  0.011465179374  0.022047547207  0.031384264354  0.025827549134  0.021998392449  0.018263177573  0.020940544434  0.000000000000  0.025827549134  0.008204211589  0.021998392449  
syrmaticus_ellioti 0.011218637652  0.005717891777  0.011320869702  0.002778620342  0.028515096978  0.022723309024  0.014067424611  0.005938611022  0.002874465225  0.011822809416  0.014067424611  0.019883856659  0.016894236021  0.017254689050  0.025827549134  0.000000000000  0.010215778355  0.024908293496  
syrmaticus_reevesii 0.006234825120  0.006234825120  0.012526301272  0.006234825120  0.012557003269  0.003106644559  0.006234825120  0.009384842352  0.006234825120  0.006540680204  0.006234825120  0.006223171795  0.009363731309  0.009444989182  0.008204211589  0.010215778355  0.000000000000  0.015852661285  
tragopan_blythii 0.014068358235  0.024908293496  0.028509059740  0.021265972161  0.024908293496  0.021265972161  0.017652814849  0.014742463234  0.021265972161  0.030199106234  0.024908293496  0.024849944952  0.017619543128  0.024182517061  0.021998392449  0.024908293496  0.015852661285  0.000000000000  

