18
alectoris_rufa 0.000000000000  0.029167140529  0.029167140529  0.029167140529  0.026469963386  0.018394640653  0.023734484158  0.026443139494  0.026443139494  0.031974573492  0.026443139494  0.010448630053  0.023780676027  0.021080116615  0.013068271629  0.023780676027  0.026443139494  0.014014426767  
catreus_wallichi 0.029167140529  0.000000000000  0.015636464873  0.008896414221  0.045989994419  0.045954151144  0.018049845477  0.006668980819  0.008887997071  0.011271189589  0.017928481504  0.032785073223  0.015781698157  0.008887997071  0.031763996340  0.006918768482  0.012273340391  0.016732744445  
chrysolophus_pictus 0.029167140529  0.015636464873  0.000000000000  0.017894044752  0.048336251651  0.048292731569  0.024954572258  0.013405952138  0.015636464873  0.020445057771  0.024785855003  0.040034736953  0.022666390295  0.011126241248  0.034062809260  0.013914802948  0.019749517438  0.016732744445  
crossoptilon_crossoptilon 0.029167140529  0.008896414221  0.017894044752  0.000000000000  0.048336251651  0.048292731569  0.020326203119  0.008906684766  0.011126241248  0.013538026584  0.020189397263  0.035152384356  0.018049845477  0.011126241248  0.034062809260  0.009236917933  0.012273340391  0.013904154552  
cyrtonyx_montezumae 0.026469963386  0.045989994419  0.048336251651  0.048336251651  0.000000000000  0.048292731569  0.041482771444  0.043688207386  0.045989994419  0.051508424868  0.048404122932  0.040129290197  0.048818224226  0.041197799467  0.038784113702  0.045427748861  0.042939613494  0.033985783588  
galgal4    0.018394640653  0.045954151144  0.048292731569  0.048292731569  0.048292731569  0.000000000000  0.041446755593  0.043652359286  0.045954151144  0.051479056660  0.050794274772  0.037654269997  0.048789281993  0.041162265710  0.036390008816  0.042980162832  0.042896510365  0.031130818295  
lophophorus_impejanus 0.023734484158  0.018049845477  0.024954572258  0.020326203119  0.041482771444  0.041446755593  0.000000000000  0.015758089620  0.018049845477  0.022809110391  0.020352577156  0.027964692970  0.025035786850  0.018049845477  0.027285572273  0.016296102893  0.022289717475  0.013904154552  
lophura_inornata 0.026443139494  0.006668980819  0.013405952138  0.008906684766  0.043688207386  0.043652359286  0.015758089620  0.000000000000  0.006668980819  0.011271189589  0.015687454922  0.030368842284  0.013495740526  0.006668980819  0.029493457054  0.004602734924  0.009801513497  0.011116535262  
lophura_nycthemera 0.026443139494  0.008887997071  0.015636464873  0.011126241248  0.045989994419  0.045954151144  0.018049845477  0.006668980819  0.000000000000  0.013556730218  0.017928481504  0.032785073223  0.015781698157  0.008887997071  0.031763996340  0.006918768482  0.012273340391  0.013904154552  
lophura_swinhoii 0.031974573492  0.011271189589  0.020445057771  0.013538026584  0.051508424868  0.051479056660  0.022809110391  0.011271189589  0.013556730218  0.000000000000  0.020479270096  0.037729241393  0.020521039980  0.013556730218  0.036958123708  0.011606864936  0.014771261972  0.019625922613  
melgal2    0.026443139494  0.017928481504  0.024785855003  0.020189397263  0.048404122932  0.050794274772  0.020352577156  0.015687454922  0.017928481504  0.020479270096  0.000000000000  0.032785073223  0.022705513230  0.017928481504  0.036472997468  0.013934567952  0.017255446506  0.013904154552  
pavo_cristatus 0.010448630053  0.032785073223  0.040034736953  0.035152384356  0.040129290197  0.037654269997  0.027964692970  0.030368842284  0.032785073223  0.037729241393  0.032785073223  0.000000000000  0.032848482154  0.032785073223  0.028016770386  0.026230042492  0.027377257248  0.013936297578  
perdix_dauuricae 0.023780676027  0.015781698157  0.022666390295  0.018049845477  0.048818224226  0.048789281993  0.025035786850  0.013495740526  0.015781698157  0.020521039980  0.022705513230  0.032848482154  0.000000000000  0.015781698157  0.039182566241  0.013962243662  0.012280640472  0.013936297578  
phasianus_colchicus 0.021080116615  0.008887997071  0.011126241248  0.011126241248  0.041197799467  0.041162265710  0.018049845477  0.006668980819  0.008887997071  0.013556730218  0.017928481504  0.032785073223  0.015781698157  0.000000000000  0.027100667503  0.006918768482  0.012273340391  0.013936297578  
rollulus_rouloul 0.013068271629  0.031763996340  0.034062809260  0.034062809260  0.038784113702  0.036390008816  0.027285572273  0.029493457054  0.031763996340  0.036958123708  0.036472997468  0.028016770386  0.039182566241  0.027100667503  0.000000000000  0.030655382806  0.032471153947  0.013904154552  
syrmaticus_ellioti 0.023780676027  0.006918768482  0.013914802948  0.009236917933  0.045427748861  0.042980162832  0.016296102893  0.004602734924  0.006918768482  0.011606864936  0.013934567952  0.026230042492  0.013962243662  0.006918768482  0.030655382806  0.000000000000  0.007337770972  0.011116535262  
syrmaticus_reevesii 0.026443139494  0.012273340391  0.019749517438  0.012273340391  0.042939613494  0.042896510365  0.022289717475  0.009801513497  0.012273340391  0.014771261972  0.017255446506  0.027377257248  0.012280640472  0.012273340391  0.032471153947  0.007337770972  0.000000000000  0.013936297578  
tragopan_blythii 0.014014426767  0.016732744445  0.016732744445  0.013904154552  0.033985783588  0.031130818295  0.013904154552  0.011116535262  0.013904154552  0.019625922613  0.013904154552  0.013936297578  0.013936297578  0.013936297578  0.013904154552  0.011116535262  0.013936297578  0.000000000000  

