18
alectoris_rufa 0.000000000000  0.004152349925  0.004152349925  0.004152349925  0.004152349925  0.004152349925  0.000000000000  0.004152349925  0.008345464001  0.008345464001  0.004152349925  0.008322828772  0.004152349925  0.004152349925  0.008345464001  0.005923234454  0.004204728859  0.004152349925  
catreus_wallichi 0.004152349925  0.000000000000  0.002524614945  0.000000000000  0.002583311897  0.005059389432  0.010174517525  0.002571829861  0.002532746979  0.002526348359  0.007609296370  0.005461528630  0.000000000000  0.000000000000  0.007761392213  0.000000000000  0.000000000000  0.005357557191  
chrysolophus_pictus 0.004152349925  0.002524614945  0.000000000000  0.002468526114  0.005060752573  0.007434413371  0.012450951293  0.005033920697  0.005072220688  0.004996194777  0.009935317548  0.008212569726  0.000000000000  0.002493143732  0.010134581752  0.000000000000  0.002914603313  0.008053077420  
crossoptilon_crossoptilon 0.004152349925  0.000000000000  0.002468526114  0.000000000000  0.002524614945  0.004946764461  0.009946800009  0.002513647623  0.002532746979  0.002494834167  0.007439465825  0.005461528630  0.000000000000  0.000000000000  0.007584784410  0.000000000000  0.000000000000  0.005357557191  
cyrtonyx_montezumae 0.004152349925  0.002583311897  0.005060752573  0.002524614945  0.000000000000  0.002526348359  0.007624320162  0.005059389432  0.005190699174  0.005111107952  0.005067728430  0.002792516766  0.000000000000  0.002524614945  0.005059389432  0.000000000000  0.002914603313  0.002741016691  
galgal4    0.004152349925  0.005059389432  0.007434413371  0.004946764461  0.002526348359  0.000000000000  0.009967622040  0.007570889529  0.007628646293  0.007514000767  0.007453824698  0.005459939761  0.000000000000  0.004996194777  0.007590044363  0.000000000000  0.005842756104  0.005366910649  
lophophorus_impejanus 0.000000000000  0.010174517525  0.012450951293  0.009946800009  0.007624320162  0.009967622040  0.000000000000  0.007570889529  0.012787862552  0.012594580654  0.012496301669  0.010984852361  0.003022718721  0.010046736686  0.012722779412  0.005923234454  0.011759980322  0.005366910649  
lophura_inornata 0.004152349925  0.002571829861  0.005033920697  0.002513647623  0.005059389432  0.007570889529  0.007570889529  0.000000000000  0.005172582662  0.005093541419  0.010123017101  0.008367543067  0.000000000000  0.002513647623  0.010136746435  0.000000000000  0.002916914163  0.002724053879  
lophura_nycthemera 0.008345464001  0.002532746979  0.005072220688  0.002532746979  0.005190699174  0.007628646293  0.012787862552  0.005172582662  0.000000000000  0.000000000000  0.010200464750  0.008207299086  0.003116935314  0.002558668899  0.010400317135  0.000000000000  0.002916914163  0.008059010613  
lophura_swinhoii 0.008345464001  0.002526348359  0.004996194777  0.002494834167  0.005111107952  0.007514000767  0.012594580654  0.005093541419  0.000000000000  0.000000000000  0.010046736686  0.008207299086  0.003059713491  0.002519981988  0.010240555160  0.000000000000  0.002916914163  0.008059010613  
melgal2    0.004152349925  0.007609296370  0.009935317548  0.007439465825  0.005067728430  0.007453824698  0.012496301669  0.010123017101  0.010200464750  0.010046736686  0.000000000000  0.008213462962  0.003022718721  0.007514000767  0.010148701975  0.000000000000  0.008791121445  0.008075868232  
pavo_cristatus 0.008322828772  0.005461528630  0.008212569726  0.005461528630  0.002792516766  0.005459939761  0.010984852361  0.008367543067  0.008207299086  0.008207299086  0.008213462962  0.000000000000  0.003411808570  0.005521844730  0.008390947308  0.000000000000  0.005844577060  0.005459939761  
perdix_dauuricae 0.004152349925  0.000000000000  0.000000000000  0.000000000000  0.000000000000  0.000000000000  0.003022718721  0.000000000000  0.003116935314  0.003059713491  0.003022718721  0.003411808570  0.000000000000  0.000000000000  0.003022718721  0.000000000000  0.000000000000  0.000000000000  
phasianus_colchicus 0.004152349925  0.000000000000  0.002493143732  0.000000000000  0.002524614945  0.004996194777  0.010046736686  0.002513647623  0.002558668899  0.002519981988  0.007514000767  0.005521844730  0.000000000000  0.000000000000  0.007584784410  0.000000000000  0.000000000000  0.005415586257  
rollulus_rouloul 0.008345464001  0.007761392213  0.010134581752  0.007584784410  0.005059389432  0.007590044363  0.012722779412  0.010136746435  0.010400317135  0.010240555160  0.010148701975  0.008390947308  0.003022718721  0.007584784410  0.000000000000  0.005923234454  0.008784055419  0.008236012204  
syrmaticus_ellioti 0.005923234454  0.000000000000  0.000000000000  0.000000000000  0.000000000000  0.000000000000  0.005923234454  0.000000000000  0.000000000000  0.000000000000  0.000000000000  0.000000000000  0.000000000000  0.000000000000  0.005923234454  0.000000000000  0.000000000000  0.000000000000  
syrmaticus_reevesii 0.004204728859  0.000000000000  0.002914603313  0.000000000000  0.002914603313  0.005842756104  0.011759980322  0.002916914163  0.002916914163  0.002916914163  0.008791121445  0.005844577060  0.000000000000  0.000000000000  0.008784055419  0.000000000000  0.000000000000  0.005842756104  
tragopan_blythii 0.004152349925  0.005357557191  0.008053077420  0.005357557191  0.002741016691  0.005366910649  0.005366910649  0.002724053879  0.008059010613  0.008059010613  0.008075868232  0.005459939761  0.000000000000  0.005415586257  0.008236012204  0.000000000000  0.005842756104  0.000000000000  

