18
alectoris_rufa 0.000000000000  0.004169910547  0.008381433865  0.008381433865  0.000000000000  0.004169910547  0.012635408867  0.004169910547  0.004169910547  0.004169910547  0.004169910547  0.008381433865  0.004169910547  0.004295288376  0.004169910547  0.004187371655  0.010742372139  0.004169910547  
catreus_wallichi 0.004169910547  0.000000000000  0.004882503423  0.004295288376  0.015228751067  0.008621335552  0.015202590437  0.000000000000  0.004290166181  0.000000000000  0.010792188523  0.008634742782  0.002142179694  0.000000000000  0.006724920295  0.004666071089  0.005234496394  0.002660890732  
chrysolophus_pictus 0.008381433865  0.004882503423  0.000000000000  0.004882503423  0.022430309458  0.012313832163  0.022384987819  0.002598657830  0.009804802451  0.004882503423  0.017281833855  0.014820307863  0.007345102138  0.003462440481  0.012569113348  0.010519635598  0.005234496394  0.005837285058  
crossoptilon_crossoptilon 0.008381433865  0.004295288376  0.004882503423  0.000000000000  0.019682699108  0.012997415789  0.019647810920  0.004549318978  0.006450194696  0.004295288376  0.015182561974  0.013019280932  0.006459438131  0.003462440481  0.011266252973  0.007018596319  0.005234496394  0.005338664851  
cyrtonyx_montezumae 0.000000000000  0.015228751067  0.022430309458  0.019682699108  0.000000000000  0.015202590437  0.021888103351  0.011466590191  0.019647810920  0.015228751067  0.017394995735  0.015228751067  0.013019280932  0.003462440481  0.013555377221  0.014155892799  0.010516422002  0.005338664851  
galgal4    0.004169910547  0.008621335552  0.012313832163  0.012997415789  0.015202590437  0.000000000000  0.015182561974  0.006832128287  0.012981666142  0.008621335552  0.010786818157  0.004290166181  0.006450194696  0.000000000000  0.006721466377  0.009368470412  0.005234496394  0.005330749032  
lophophorus_impejanus 0.012635408867  0.015202590437  0.022384987819  0.019647810920  0.021888103351  0.015182561974  0.000000000000  0.013773212818  0.015182561974  0.015202590437  0.017376837942  0.015202590437  0.012997415789  0.006953522873  0.015835187370  0.014130039023  0.015865292469  0.010745729881  
lophura_inornata 0.004169910547  0.000000000000  0.002598657830  0.004549318978  0.011466590191  0.006832128287  0.013773212818  0.000000000000  0.004543572484  0.000000000000  0.004543572484  0.006842501589  0.000000000000  0.000000000000  0.006991350382  0.002476387091  0.005234496394  0.002660890732  
lophura_nycthemera 0.004169910547  0.004290166181  0.009804802451  0.006450194696  0.019647810920  0.012981666142  0.015182561974  0.004543572484  0.000000000000  0.004290166181  0.015168711187  0.012997415789  0.006450194696  0.000000000000  0.011253726021  0.007018596319  0.005234496394  0.002660890732  
lophura_swinhoii 0.004169910547  0.000000000000  0.004882503423  0.004295288376  0.015228751067  0.008621335552  0.015202590437  0.000000000000  0.004290166181  0.000000000000  0.010792188523  0.008634742782  0.002142179694  0.000000000000  0.006724920295  0.004666071089  0.005234496394  0.002660890732  
melgal2    0.004169910547  0.010792188523  0.017281833855  0.015182561974  0.017394995735  0.010786818157  0.017376837942  0.004543572484  0.015168711187  0.010792188523  0.000000000000  0.010792188523  0.008614011251  0.000000000000  0.006721466377  0.011728925692  0.005234496394  0.005330749032  
pavo_cristatus 0.008381433865  0.008634742782  0.014820307863  0.013019280932  0.015228751067  0.004290166181  0.015202590437  0.006842501589  0.012997415789  0.008634742782  0.010792188523  0.000000000000  0.006459438131  0.003462440481  0.006724920295  0.009384308807  0.010516422002  0.005338664851  
perdix_dauuricae 0.004169910547  0.002142179694  0.007345102138  0.006459438131  0.013019280932  0.006450194696  0.012997415789  0.000000000000  0.006450194696  0.002142179694  0.008614011251  0.006459438131  0.000000000000  0.000000000000  0.006724920295  0.002326586912  0.005234496394  0.002660890732  
phasianus_colchicus 0.004295288376  0.000000000000  0.003462440481  0.003462440481  0.003462440481  0.000000000000  0.006953522873  0.000000000000  0.000000000000  0.000000000000  0.000000000000  0.003462440481  0.000000000000  0.000000000000  0.000000000000  0.000000000000  0.005234496394  0.003462440481  
rollulus_rouloul 0.004169910547  0.006724920295  0.012569113348  0.011266252973  0.013555377221  0.006721466377  0.015835187370  0.006991350382  0.011253726021  0.006724920295  0.006721466377  0.006724920295  0.006724920295  0.000000000000  0.000000000000  0.009570208634  0.005234496394  0.005338664851  
syrmaticus_ellioti 0.004187371655  0.004666071089  0.010519635598  0.007018596319  0.014155892799  0.009368470412  0.014130039023  0.002476387091  0.007018596319  0.004666071089  0.011728925692  0.009384308807  0.002326586912  0.000000000000  0.009570208634  0.000000000000  0.005262040839  0.002810457671  
syrmaticus_reevesii 0.010742372139  0.005234496394  0.005234496394  0.005234496394  0.010516422002  0.005234496394  0.015865292469  0.005234496394  0.005234496394  0.005234496394  0.005234496394  0.010516422002  0.005234496394  0.005234496394  0.005234496394  0.005262040839  0.000000000000  0.005234496394  
tragopan_blythii 0.004169910547  0.002660890732  0.005837285058  0.005338664851  0.005338664851  0.005330749032  0.010745729881  0.002660890732  0.002660890732  0.002660890732  0.005330749032  0.005338664851  0.002660890732  0.003462440481  0.005338664851  0.002810457671  0.005234496394  0.000000000000  

