18
alectoris_rufa 0.000000000000  0.000000000000  0.000000000000  0.000000000000  0.007229872804  0.003599495517  0.003599495517  0.000000000000  0.000000000000  0.000000000000  0.000000000000  0.010931355438  0.003599495517  0.000000000000  0.007229872804  0.004118336819  0.000000000000  0.000000000000  
catreus_wallichi 0.000000000000  0.000000000000  0.000000000000  0.003324282006  0.012851421547  0.006376924034  0.006543845703  0.000000000000  0.000000000000  0.000000000000  0.000000000000  0.012976506168  0.013192050337  0.000000000000  0.013278060304  0.004118336819  0.000000000000  0.000000000000  
chrysolophus_pictus 0.000000000000  0.000000000000  0.000000000000  0.003324282006  0.012851421547  0.006376924034  0.006543845703  0.000000000000  0.000000000000  0.000000000000  0.000000000000  0.012976506168  0.013192050337  0.000000000000  0.013278060304  0.004118336819  0.000000000000  0.000000000000  
crossoptilon_crossoptilon 0.000000000000  0.003324282006  0.003324282006  0.000000000000  0.013456754765  0.006674886652  0.006674886652  0.003415104654  0.003324282006  0.000000000000  0.003324282006  0.013593964430  0.006863884926  0.000000000000  0.010052234127  0.004118336819  0.003462402786  0.003346531752  
cyrtonyx_montezumae 0.007229872804  0.012851421547  0.012851421547  0.013456754765  0.000000000000  0.012851421547  0.016553364191  0.010188800920  0.012851421547  0.010659455339  0.012851421547  0.019617104835  0.016552990245  0.008209199023  0.009919280057  0.004118336819  0.010473378159  0.009985314522  
galgal4    0.003599495517  0.006376924034  0.006376924034  0.006674886652  0.012851421547  0.000000000000  0.009854113286  0.003369081346  0.006376924034  0.007076385058  0.006376924034  0.006438512064  0.013192050337  0.004084692278  0.016663714571  0.008277149943  0.003462402786  0.003302326167  
lophophorus_impejanus 0.003599495517  0.006543845703  0.006543845703  0.006674886652  0.016553364191  0.009854113286  0.000000000000  0.003369081346  0.006543845703  0.007282525829  0.006543845703  0.016719443403  0.013549567713  0.000000000000  0.016663714571  0.008277149943  0.003462402786  0.003302326167  
lophura_inornata 0.000000000000  0.000000000000  0.000000000000  0.003415104654  0.010188800920  0.003369081346  0.003369081346  0.000000000000  0.000000000000  0.000000000000  0.000000000000  0.010223524422  0.006770934047  0.000000000000  0.010188800920  0.004118336819  0.000000000000  0.000000000000  
lophura_nycthemera 0.000000000000  0.000000000000  0.000000000000  0.003324282006  0.012851421547  0.006376924034  0.006543845703  0.000000000000  0.000000000000  0.000000000000  0.000000000000  0.012976506168  0.013192050337  0.000000000000  0.013278060304  0.004118336819  0.000000000000  0.000000000000  
lophura_swinhoii 0.000000000000  0.000000000000  0.000000000000  0.000000000000  0.010659455339  0.007076385058  0.007282525829  0.000000000000  0.000000000000  0.000000000000  0.000000000000  0.014273124993  0.010659455339  0.000000000000  0.007335951413  0.004118336819  0.000000000000  0.000000000000  
melgal2    0.000000000000  0.000000000000  0.000000000000  0.003324282006  0.012851421547  0.006376924034  0.006543845703  0.000000000000  0.000000000000  0.000000000000  0.000000000000  0.012976506168  0.013192050337  0.000000000000  0.013278060304  0.004118336819  0.000000000000  0.000000000000  
pavo_cristatus 0.010931355438  0.012976506168  0.012976506168  0.013593964430  0.019617104835  0.006438512064  0.016719443403  0.010223524422  0.012976506168  0.014273124993  0.012976506168  0.000000000000  0.020007343959  0.012374304044  0.023756894995  0.016719443403  0.010510072026  0.010086031439  
perdix_dauuricae 0.003599495517  0.013192050337  0.013192050337  0.006863884926  0.016552990245  0.013192050337  0.013549567713  0.006770934047  0.013192050337  0.010659455339  0.013192050337  0.020007343959  0.000000000000  0.004084692278  0.013641995760  0.008277149943  0.006959423403  0.006817092652  
phasianus_colchicus 0.000000000000  0.000000000000  0.000000000000  0.000000000000  0.008209199023  0.004084692278  0.000000000000  0.000000000000  0.000000000000  0.000000000000  0.000000000000  0.012374304044  0.004084692278  0.000000000000  0.008209199023  0.004488002083  0.000000000000  0.000000000000  
rollulus_rouloul 0.007229872804  0.013278060304  0.013278060304  0.010052234127  0.009919280057  0.016663714571  0.016663714571  0.010188800920  0.013278060304  0.007335951413  0.013278060304  0.023756894995  0.013641995760  0.008209199023  0.000000000000  0.004118336819  0.010473378159  0.013366810291  
syrmaticus_ellioti 0.004118336819  0.004118336819  0.004118336819  0.004118336819  0.004118336819  0.008277149943  0.008277149943  0.004118336819  0.004118336819  0.004118336819  0.004118336819  0.016719443403  0.008277149943  0.004488002083  0.004118336819  0.000000000000  0.004118336819  0.004152540209  
syrmaticus_reevesii 0.000000000000  0.000000000000  0.000000000000  0.003462402786  0.010473378159  0.003462402786  0.003462402786  0.000000000000  0.000000000000  0.000000000000  0.000000000000  0.010510072026  0.006959423403  0.000000000000  0.010473378159  0.004118336819  0.000000000000  0.000000000000  
tragopan_blythii 0.000000000000  0.000000000000  0.000000000000  0.003346531752  0.009985314522  0.003302326167  0.003302326167  0.000000000000  0.000000000000  0.000000000000  0.000000000000  0.010086031439  0.006817092652  0.000000000000  0.013366810291  0.004152540209  0.000000000000  0.000000000000  

