18
alectoris_rufa 0.000000000000  0.038553909350  0.038553909350  0.062161318293  0.071045749186  0.049353489633  0.035667966956  0.038394484413  0.044327959883  0.044327959883  0.049621711294  0.064060835284  0.041065828048  0.042027229014  0.076060347274  0.030026648189  0.035693868678  0.040838548956  
catreus_wallichi 0.038553909350  0.000000000000  0.010292542963  0.017277802254  0.065722903322  0.059009792422  0.029035344410  0.018494151234  0.010292542963  0.010564390745  0.028745822951  0.064774852401  0.026112868997  0.010213696013  0.056270118860  0.007697711275  0.010453946356  0.036765879521  
chrysolophus_pictus 0.038553909350  0.010292542963  0.000000000000  0.024371378090  0.064833722499  0.058227972394  0.028657011831  0.021650199630  0.015328239320  0.015939093841  0.028374960486  0.069631186378  0.025776236913  0.013669346581  0.049946662727  0.007600202088  0.010453946356  0.036289181147  
crossoptilon_crossoptilon 0.062161318293  0.017277802254  0.024371378090  0.000000000000  0.089947631548  0.088194862503  0.042929929387  0.008517276696  0.003410978030  0.003410978030  0.042366501323  0.104639277525  0.035122793884  0.012159486398  0.072496921304  0.020810900849  0.017277802254  0.049595604551  
cyrtonyx_montezumae 0.071045749186  0.065722903322  0.064833722499  0.089947631548  0.000000000000  0.069444352008  0.056200924113  0.058257944353  0.064833722499  0.064554309383  0.064139542682  0.086993024912  0.058583889289  0.057721759655  0.078160594477  0.061942475689  0.057921651942  0.058185875395  
galgal4    0.049353489633  0.059009792422  0.058227972394  0.088194862503  0.069444352008  0.000000000000  0.055378805651  0.044011071665  0.063893938435  0.063587424041  0.063219770885  0.060292617770  0.049426497189  0.049168703434  0.074221452169  0.049857914735  0.057079749491  0.057428458059  
lophophorus_impejanus 0.035667966956  0.029035344410  0.028657011831  0.042929929387  0.056200924113  0.055378805651  0.000000000000  0.034719521266  0.028657011831  0.029822801523  0.028361373470  0.058280324389  0.028430666381  0.027959661618  0.066711472411  0.025977166254  0.023996756427  0.020414118303  
lophura_inornata 0.038394484413  0.018494151234  0.021650199630  0.008517276696  0.058257944353  0.044011071665  0.034719521266  0.000000000000  0.006082377981  0.006176295788  0.021589656496  0.056931227621  0.027947077886  0.017951807862  0.040728564784  0.018494151234  0.012283966002  0.034233076572  
lophura_nycthemera 0.044327959883  0.010292542963  0.015328239320  0.003410978030  0.064833722499  0.063893938435  0.028657011831  0.006082377981  0.000000000000  0.000000000000  0.028374960486  0.075423127698  0.025776236913  0.010213696013  0.055525389640  0.012737757553  0.010453946356  0.036289181147  
lophura_swinhoii 0.044327959883  0.010564390745  0.015939093841  0.003410978030  0.064554309383  0.063587424041  0.029822801523  0.006176295788  0.000000000000  0.000000000000  0.029517420936  0.075567620791  0.024060924226  0.010213696013  0.054900841660  0.013243883382  0.010564390745  0.034961887268  
melgal2    0.049621711294  0.028745822951  0.028374960486  0.042366501323  0.064139542682  0.063219770885  0.028361373470  0.021589656496  0.028374960486  0.029517420936  0.000000000000  0.066055838107  0.030789264985  0.020551114162  0.057617292543  0.025723603138  0.023757984780  0.030723691840  
pavo_cristatus 0.064060835284  0.064774852401  0.069631186378  0.104639277525  0.086993024912  0.060292617770  0.058280324389  0.056931227621  0.075423127698  0.075567620791  0.066055838107  0.000000000000  0.063332331380  0.064254461963  0.091761648185  0.061077912713  0.068785728411  0.068701585197  
perdix_dauuricae 0.041065828048  0.026112868997  0.025776236913  0.035122793884  0.058583889289  0.049426497189  0.028430666381  0.027947077886  0.025776236913  0.024060924226  0.030789264985  0.063332331380  0.000000000000  0.020596551400  0.052176800438  0.023133057747  0.018409545131  0.030667914154  
phasianus_colchicus 0.042027229014  0.010213696013  0.013669346581  0.012159486398  0.057721759655  0.049168703434  0.027959661618  0.017951807862  0.010213696013  0.010213696013  0.020551114162  0.064254461963  0.020596551400  0.000000000000  0.045487557196  0.010213696013  0.003379400782  0.031050994452  
rollulus_rouloul 0.076060347274  0.056270118860  0.049946662727  0.072496921304  0.078160594477  0.074221452169  0.066711472411  0.040728564784  0.055525389640  0.054900841660  0.057617292543  0.091761648185  0.052176800438  0.045487557196  0.000000000000  0.052727559304  0.048584457358  0.068638777940  
syrmaticus_ellioti 0.030026648189  0.007697711275  0.007600202088  0.020810900849  0.061942475689  0.049857914735  0.025977166254  0.018494151234  0.012737757553  0.013243883382  0.025723603138  0.061077912713  0.023133057747  0.010213696013  0.052727559304  0.000000000000  0.007818076729  0.033605733342  
syrmaticus_reevesii 0.035693868678  0.010453946356  0.010453946356  0.017277802254  0.057921651942  0.057079749491  0.023996756427  0.012283966002  0.010453946356  0.010564390745  0.023757984780  0.068785728411  0.018409545131  0.003379400782  0.048584457358  0.007818076729  0.000000000000  0.029108945187  
tragopan_blythii 0.040838548956  0.036765879521  0.036289181147  0.049595604551  0.058185875395  0.057428458059  0.020414118303  0.034233076572  0.036289181147  0.034961887268  0.030723691840  0.068701585197  0.030667914154  0.031050994452  0.068638777940  0.033605733342  0.029108945187  0.000000000000  

