18
alectoris_rufa 0.000000000000  0.013934831019  0.013934831019  0.013934831019  0.006907691359  0.006907691359  0.010478771763  0.013934831019  0.017494499016  0.013934831019  0.010406072524  0.006907691359  0.003511631994  0.005960660426  0.005721911708  0.018178354327  0.007647259820  0.006931632727  
catreus_wallichi 0.013934831019  0.000000000000  0.000000000000  0.000000000000  0.005771448109  0.008688202848  0.008841848347  0.000000000000  0.002875478539  0.000000000000  0.008688202848  0.011659935324  0.003392499191  0.000000000000  0.000000000000  0.000000000000  0.000000000000  0.005873139406  
chrysolophus_pictus 0.013934831019  0.000000000000  0.000000000000  0.000000000000  0.005771448109  0.008688202848  0.008841848347  0.000000000000  0.002875478539  0.000000000000  0.008688202848  0.011659935324  0.003392499191  0.000000000000  0.000000000000  0.000000000000  0.000000000000  0.005873139406  
crossoptilon_crossoptilon 0.013934831019  0.000000000000  0.000000000000  0.000000000000  0.005771448109  0.008688202848  0.008841848347  0.000000000000  0.002875478539  0.000000000000  0.008688202848  0.011659935324  0.003392499191  0.000000000000  0.000000000000  0.000000000000  0.000000000000  0.005873139406  
cyrtonyx_montezumae 0.006907691359  0.005771448109  0.005771448109  0.005771448109  0.000000000000  0.002875478539  0.002925959964  0.005942948161  0.008688202848  0.005771448109  0.002875478539  0.005788151398  0.000000000000  0.000000000000  0.000000000000  0.007706192831  0.003805642314  0.000000000000  
galgal4    0.006907691359  0.008688202848  0.008688202848  0.008688202848  0.002875478539  0.000000000000  0.005873139406  0.008947333850  0.011626043278  0.008688202848  0.005771448109  0.008713438519  0.000000000000  0.000000000000  0.000000000000  0.011614789673  0.003805642314  0.002925959964  
lophophorus_impejanus 0.010478771763  0.008841848347  0.008841848347  0.008841848347  0.002925959964  0.005873139406  0.000000000000  0.009001026156  0.011832403656  0.008841848347  0.005873139406  0.005890437388  0.003462988728  0.000000000000  0.000000000000  0.011614789673  0.007647259820  0.002978245558  
lophura_inornata 0.013934831019  0.000000000000  0.000000000000  0.000000000000  0.005942948161  0.008947333850  0.009001026156  0.000000000000  0.002960610628  0.000000000000  0.008947333850  0.005942948161  0.003511631994  0.000000000000  0.000000000000  0.000000000000  0.000000000000  0.005960660426  
lophura_nycthemera 0.017494499016  0.002875478539  0.002875478539  0.002875478539  0.008688202848  0.011626043278  0.011832403656  0.002960610628  0.000000000000  0.002875478539  0.011626043278  0.014627951620  0.006813557223  0.000000000000  0.000000000000  0.003834830515  0.003805642314  0.008841848347  
lophura_swinhoii 0.013934831019  0.000000000000  0.000000000000  0.000000000000  0.005771448109  0.008688202848  0.008841848347  0.000000000000  0.002875478539  0.000000000000  0.008688202848  0.011659935324  0.003392499191  0.000000000000  0.000000000000  0.000000000000  0.000000000000  0.005873139406  
melgal2    0.010406072524  0.008688202848  0.008688202848  0.008688202848  0.002875478539  0.005771448109  0.005873139406  0.008947333850  0.011626043278  0.008688202848  0.000000000000  0.008713438519  0.000000000000  0.000000000000  0.000000000000  0.011614789673  0.003805642314  0.002925959964  
pavo_cristatus 0.006907691359  0.011659935324  0.011659935324  0.011659935324  0.005788151398  0.008713438519  0.005890437388  0.005942948161  0.014627951620  0.011659935324  0.008713438519  0.000000000000  0.006836849403  0.000000000000  0.000000000000  0.007706192831  0.003805642314  0.005873139406  
perdix_dauuricae 0.003511631994  0.003392499191  0.003392499191  0.003392499191  0.000000000000  0.000000000000  0.003462988728  0.003511631994  0.006813557223  0.003392499191  0.000000000000  0.006836849403  0.000000000000  0.000000000000  0.000000000000  0.004592056925  0.003805642314  0.000000000000  
phasianus_colchicus 0.005960660426  0.000000000000  0.000000000000  0.000000000000  0.000000000000  0.000000000000  0.000000000000  0.000000000000  0.000000000000  0.000000000000  0.000000000000  0.000000000000  0.000000000000  0.000000000000  0.000000000000  0.000000000000  0.000000000000  0.000000000000  
rollulus_rouloul 0.005721911708  0.000000000000  0.000000000000  0.000000000000  0.000000000000  0.000000000000  0.000000000000  0.000000000000  0.000000000000  0.000000000000  0.000000000000  0.000000000000  0.000000000000  0.000000000000  0.000000000000  0.000000000000  0.000000000000  0.000000000000  
syrmaticus_ellioti 0.018178354327  0.000000000000  0.000000000000  0.000000000000  0.007706192831  0.011614789673  0.011614789673  0.000000000000  0.003834830515  0.000000000000  0.011614789673  0.007706192831  0.004592056925  0.000000000000  0.000000000000  0.000000000000  0.000000000000  0.007736001286  
syrmaticus_reevesii 0.007647259820  0.000000000000  0.000000000000  0.000000000000  0.003805642314  0.003805642314  0.007647259820  0.000000000000  0.003805642314  0.000000000000  0.003805642314  0.003805642314  0.003805642314  0.000000000000  0.000000000000  0.000000000000  0.000000000000  0.003820180662  
tragopan_blythii 0.006931632727  0.005873139406  0.005873139406  0.005873139406  0.000000000000  0.002925959964  0.002978245558  0.005960660426  0.008841848347  0.005873139406  0.002925959964  0.005873139406  0.000000000000  0.000000000000  0.000000000000  0.007736001286  0.003820180662  0.000000000000  

