18
alectoris_rufa 0.000000000000  0.002261758459  0.002261758459  0.002784478486  0.009095733758  0.000000000000  0.002261758459  0.002330275345  0.002701726379  0.002856052229  0.004531186847  0.000000000000  0.004531186847  0.002308755163  0.002817910543  0.002831788949  0.002261758459  0.002815841169  
catreus_wallichi 0.002261758459  0.000000000000  0.000000000000  0.000000000000  0.011362359642  0.002256654442  0.000000000000  0.000000000000  0.000000000000  0.000000000000  0.002257983125  0.002282407514  0.002257983125  0.000000000000  0.005643580734  0.000000000000  0.000000000000  0.000000000000  
chrysolophus_pictus 0.002261758459  0.000000000000  0.000000000000  0.000000000000  0.011362359642  0.002256654442  0.000000000000  0.000000000000  0.000000000000  0.000000000000  0.002257983125  0.002282407514  0.002257983125  0.000000000000  0.005643580734  0.000000000000  0.000000000000  0.000000000000  
crossoptilon_crossoptilon 0.002784478486  0.000000000000  0.000000000000  0.000000000000  0.014043104997  0.002784478486  0.000000000000  0.000000000000  0.000000000000  0.000000000000  0.002786501985  0.002784478486  0.002786501985  0.000000000000  0.006887423543  0.000000000000  0.000000000000  0.000000000000  
cyrtonyx_montezumae 0.009095733758  0.011362359642  0.011362359642  0.014043104997  0.000000000000  0.009075097188  0.011362359642  0.011708256228  0.013622231487  0.008604784081  0.013662961836  0.009179227212  0.013662961836  0.011626577714  0.008489442035  0.008531372360  0.011362359642  0.008483123190  
galgal4    0.000000000000  0.002256654442  0.002256654442  0.002784478486  0.009075097188  0.000000000000  0.002256654442  0.002324857776  0.002701726379  0.002856052229  0.004520944177  0.000000000000  0.004520944177  0.002308755163  0.002817910543  0.002831788949  0.002256654442  0.002815841169  
lophophorus_impejanus 0.002261758459  0.000000000000  0.000000000000  0.000000000000  0.011362359642  0.002256654442  0.000000000000  0.000000000000  0.000000000000  0.000000000000  0.002257983125  0.002282407514  0.002257983125  0.000000000000  0.005643580734  0.000000000000  0.000000000000  0.000000000000  
lophura_inornata 0.002330275345  0.000000000000  0.000000000000  0.000000000000  0.011708256228  0.002324857776  0.000000000000  0.000000000000  0.000000000000  0.000000000000  0.002326268038  0.002352200486  0.002326268038  0.000000000000  0.005691763995  0.000000000000  0.000000000000  0.000000000000  
lophura_nycthemera 0.002701726379  0.000000000000  0.000000000000  0.000000000000  0.013622231487  0.002701726379  0.000000000000  0.000000000000  0.000000000000  0.000000000000  0.002703631307  0.002701726379  0.002703631307  0.000000000000  0.006747993151  0.000000000000  0.000000000000  0.000000000000  
lophura_swinhoii 0.002856052229  0.000000000000  0.000000000000  0.000000000000  0.008604784081  0.002856052229  0.000000000000  0.000000000000  0.000000000000  0.000000000000  0.000000000000  0.002856052229  0.002858181174  0.000000000000  0.005724345871  0.000000000000  0.000000000000  0.000000000000  
melgal2    0.004531186847  0.002257983125  0.002257983125  0.002786501985  0.013662961836  0.004520944177  0.002257983125  0.002326268038  0.002703631307  0.000000000000  0.000000000000  0.004572625895  0.004527506133  0.002310145946  0.005643580734  0.000000000000  0.002257983125  0.000000000000  
pavo_cristatus 0.000000000000  0.002282407514  0.002282407514  0.002784478486  0.009179227212  0.000000000000  0.002282407514  0.002352200486  0.002701726379  0.002856052229  0.004572625895  0.000000000000  0.004572625895  0.002308755163  0.002817910543  0.002831788949  0.002282407514  0.002815841169  
perdix_dauuricae 0.004531186847  0.002257983125  0.002257983125  0.002786501985  0.013662961836  0.004520944177  0.002257983125  0.002326268038  0.002703631307  0.002858181174  0.004527506133  0.004572625895  0.000000000000  0.002310145946  0.008489442035  0.002833881848  0.002257983125  0.002817910543  
phasianus_colchicus 0.002308755163  0.000000000000  0.000000000000  0.000000000000  0.011626577714  0.002308755163  0.000000000000  0.000000000000  0.000000000000  0.000000000000  0.002310145946  0.002308755163  0.002310145946  0.000000000000  0.005643580734  0.000000000000  0.000000000000  0.000000000000  
rollulus_rouloul 0.002817910543  0.005643580734  0.005643580734  0.006887423543  0.008489442035  0.002817910543  0.005643580734  0.005691763995  0.006747993151  0.005724345871  0.005643580734  0.002817910543  0.008489442035  0.005643580734  0.000000000000  0.005790641662  0.005643580734  0.005807456244  
syrmaticus_ellioti 0.002831788949  0.000000000000  0.000000000000  0.000000000000  0.008531372360  0.002831788949  0.000000000000  0.000000000000  0.000000000000  0.000000000000  0.000000000000  0.002831788949  0.002833881848  0.000000000000  0.005790641662  0.000000000000  0.000000000000  0.000000000000  
syrmaticus_reevesii 0.002261758459  0.000000000000  0.000000000000  0.000000000000  0.011362359642  0.002256654442  0.000000000000  0.000000000000  0.000000000000  0.000000000000  0.002257983125  0.002282407514  0.002257983125  0.000000000000  0.005643580734  0.000000000000  0.000000000000  0.000000000000  
tragopan_blythii 0.002815841169  0.000000000000  0.000000000000  0.000000000000  0.008483123190  0.002815841169  0.000000000000  0.000000000000  0.000000000000  0.000000000000  0.000000000000  0.002815841169  0.002817910543  0.000000000000  0.005807456244  0.000000000000  0.000000000000  0.000000000000  

