18
alectoris_rufa 0.000000000000  0.006181611161  0.000000000000  0.000000000000  0.000000000000  0.000000000000  0.000000000000  0.000000000000  0.000000000000  0.000000000000  0.005855819645  0.000000000000  0.000000000000  0.000000000000  0.000000000000  0.000000000000  0.000000000000  0.000000000000  
catreus_wallichi 0.006181611161  0.000000000000  0.004019757787  0.004019757787  0.004019757787  0.008079556404  0.004019757787  0.004019757787  0.004019757787  0.004035981588  0.012180201575  0.008079556404  0.004019757787  0.004390374120  0.008957786881  0.006419721224  0.004468854668  0.004314602523  
chrysolophus_pictus 0.000000000000  0.004019757787  0.000000000000  0.000000000000  0.000000000000  0.007004286802  0.000000000000  0.000000000000  0.000000000000  0.000000000000  0.007004286802  0.007004286802  0.000000000000  0.000000000000  0.011530804057  0.000000000000  0.000000000000  0.000000000000  
crossoptilon_crossoptilon 0.000000000000  0.004019757787  0.000000000000  0.000000000000  0.000000000000  0.003600082420  0.000000000000  0.000000000000  0.000000000000  0.000000000000  0.007232247919  0.003600082420  0.000000000000  0.000000000000  0.003951216071  0.000000000000  0.000000000000  0.000000000000  
cyrtonyx_montezumae 0.000000000000  0.004019757787  0.000000000000  0.000000000000  0.000000000000  0.003805590420  0.000000000000  0.000000000000  0.000000000000  0.000000000000  0.007647049617  0.003805590420  0.000000000000  0.000000000000  0.004200153336  0.000000000000  0.000000000000  0.000000000000  
galgal4    0.000000000000  0.008079556404  0.007004286802  0.003600082420  0.003805590420  0.000000000000  0.007004286802  0.007004286802  0.007004286802  0.004035981588  0.014131052828  0.007004286802  0.007004286802  0.004390374120  0.007654911912  0.005160740675  0.003820128370  0.007447708436  
lophophorus_impejanus 0.000000000000  0.004019757787  0.000000000000  0.000000000000  0.000000000000  0.007004286802  0.000000000000  0.000000000000  0.000000000000  0.000000000000  0.007004286802  0.007004286802  0.000000000000  0.000000000000  0.011530804057  0.000000000000  0.000000000000  0.000000000000  
lophura_inornata 0.000000000000  0.004019757787  0.000000000000  0.000000000000  0.000000000000  0.007004286802  0.000000000000  0.000000000000  0.000000000000  0.000000000000  0.007004286802  0.007004286802  0.000000000000  0.000000000000  0.011530804057  0.000000000000  0.000000000000  0.000000000000  
lophura_nycthemera 0.000000000000  0.004019757787  0.000000000000  0.000000000000  0.000000000000  0.007004286802  0.000000000000  0.000000000000  0.000000000000  0.000000000000  0.007004286802  0.007004286802  0.000000000000  0.000000000000  0.011530804057  0.000000000000  0.000000000000  0.000000000000  
lophura_swinhoii 0.000000000000  0.004035981588  0.000000000000  0.000000000000  0.000000000000  0.004035981588  0.000000000000  0.000000000000  0.000000000000  0.000000000000  0.008112329493  0.004035981588  0.000000000000  0.000000000000  0.004482567405  0.000000000000  0.000000000000  0.000000000000  
melgal2    0.005855819645  0.012180201575  0.007004286802  0.007232247919  0.007647049617  0.014131052828  0.007004286802  0.007004286802  0.007004286802  0.008112329493  0.000000000000  0.014131052828  0.007004286802  0.008828556847  0.019394948053  0.005160740675  0.007676401393  0.007447708436  
pavo_cristatus 0.000000000000  0.008079556404  0.007004286802  0.003600082420  0.003805590420  0.007004286802  0.007004286802  0.007004286802  0.007004286802  0.004035981588  0.014131052828  0.000000000000  0.007004286802  0.004390374120  0.011530804057  0.005160740675  0.007676401393  0.007447708436  
perdix_dauuricae 0.000000000000  0.004019757787  0.000000000000  0.000000000000  0.000000000000  0.007004286802  0.000000000000  0.000000000000  0.000000000000  0.000000000000  0.007004286802  0.007004286802  0.000000000000  0.000000000000  0.011530804057  0.000000000000  0.000000000000  0.000000000000  
phasianus_colchicus 0.000000000000  0.004390374120  0.000000000000  0.000000000000  0.000000000000  0.004390374120  0.000000000000  0.000000000000  0.000000000000  0.000000000000  0.008828556847  0.004390374120  0.000000000000  0.000000000000  0.004692932964  0.000000000000  0.000000000000  0.000000000000  
rollulus_rouloul 0.000000000000  0.008957786881  0.011530804057  0.003951216071  0.004200153336  0.007654911912  0.011530804057  0.011530804057  0.011530804057  0.004482567405  0.019394948053  0.011530804057  0.011530804057  0.004692932964  0.000000000000  0.010387666318  0.011530804057  0.011530804057  
syrmaticus_ellioti 0.000000000000  0.006419721224  0.000000000000  0.000000000000  0.000000000000  0.005160740675  0.000000000000  0.000000000000  0.000000000000  0.000000000000  0.005160740675  0.005160740675  0.000000000000  0.000000000000  0.010387666318  0.000000000000  0.000000000000  0.000000000000  
syrmaticus_reevesii 0.000000000000  0.004468854668  0.000000000000  0.000000000000  0.000000000000  0.003820128370  0.000000000000  0.000000000000  0.000000000000  0.000000000000  0.007676401393  0.007676401393  0.000000000000  0.000000000000  0.011530804057  0.000000000000  0.000000000000  0.000000000000  
tragopan_blythii 0.000000000000  0.004314602523  0.000000000000  0.000000000000  0.000000000000  0.007447708436  0.000000000000  0.000000000000  0.000000000000  0.000000000000  0.007447708436  0.007447708436  0.000000000000  0.000000000000  0.011530804057  0.000000000000  0.000000000000  0.000000000000  

