18
alectoris_rufa 0.000000000000  0.003040541677  0.006101746300  0.006090631413  0.024682451547  0.015326588283  0.009183896633  0.003040541677  0.006101746300  0.003040541677  0.024919149110  0.006072139668  0.009163786025  0.004312422159  0.015326588283  0.009183896633  0.009183896633  0.009183896633  
catreus_wallichi 0.003040541677  0.000000000000  0.002198337955  0.002197166592  0.017924618335  0.015618543307  0.006627463329  0.000000000000  0.002198337955  0.000000000000  0.017894636689  0.006642137101  0.006747302455  0.000000000000  0.007450438481  0.004506774868  0.005921098418  0.008835019899  
chrysolophus_pictus 0.006101746300  0.002198337955  0.000000000000  0.004401660472  0.020978348300  0.017894636689  0.008858464858  0.002375923124  0.004407456976  0.002198337955  0.020182289286  0.008878127138  0.009014215027  0.003497866220  0.009961556007  0.002247751224  0.002950820422  0.006613432716  
crossoptilon_crossoptilon 0.006090631413  0.002197166592  0.004401660472  0.000000000000  0.017904961123  0.017860106372  0.008843280434  0.002374554863  0.004401660472  0.002197166592  0.017860106372  0.008862875183  0.009012867814  0.003494900577  0.007437207926  0.006766238649  0.008892159776  0.011061600212  
cyrtonyx_montezumae 0.024682451547  0.017924618335  0.020978348300  0.017904961123  0.000000000000  0.033303417865  0.024052921465  0.017924618335  0.020978348300  0.017924618335  0.027148624316  0.023980806119  0.024015481819  0.013063132624  0.020915657016  0.024052921465  0.024052921465  0.024052921465  
galgal4    0.015326588283  0.015618543307  0.017894636689  0.017860106372  0.033303417865  0.000000000000  0.022481619105  0.016900802464  0.017894636689  0.015618543307  0.034157686051  0.017894636689  0.022860618268  0.014157447723  0.020097771243  0.020645335327  0.021073577010  0.024700694686  
lophophorus_impejanus 0.009183896633  0.006627463329  0.008858464858  0.008843280434  0.024052921465  0.022481619105  0.000000000000  0.007165698398  0.008858464858  0.006627463329  0.024792745970  0.013383682475  0.013582554500  0.003497866220  0.012486750537  0.011352625311  0.011921065544  0.015566287137  
lophura_inornata 0.003040541677  0.000000000000  0.002375923124  0.002374554863  0.017924618335  0.016900802464  0.007165698398  0.000000000000  0.002375923124  0.000000000000  0.016900802464  0.007182855486  0.007166371900  0.000000000000  0.007964737857  0.004764444484  0.005921098418  0.009552397067  
lophura_nycthemera 0.006101746300  0.002198337955  0.004407456976  0.004401660472  0.020978348300  0.017894636689  0.008858464858  0.002375923124  0.000000000000  0.002198337955  0.020182289286  0.008878127138  0.009014215027  0.003497866220  0.009961556007  0.006777184565  0.008911092296  0.011067617961  
lophura_swinhoii 0.003040541677  0.000000000000  0.002198337955  0.002197166592  0.017924618335  0.015618543307  0.006627463329  0.000000000000  0.002198337955  0.000000000000  0.017894636689  0.006642137101  0.006747302455  0.000000000000  0.007450438481  0.004506774868  0.005921098418  0.008835019899  
melgal2    0.024919149110  0.017894636689  0.020182289286  0.017860106372  0.027148624316  0.034157686051  0.024792745970  0.016900802464  0.020182289286  0.017894636689  0.000000000000  0.024848766428  0.022860618268  0.014157447723  0.020148396896  0.022998778691  0.027280224811  0.027013534864  
pavo_cristatus 0.006072139668  0.006642137101  0.008878127138  0.008862875183  0.023980806119  0.017894636689  0.013383682475  0.007182855486  0.008878127138  0.006642137101  0.024848766428  0.000000000000  0.013613373638  0.007047856062  0.012455642450  0.011378461765  0.011921065544  0.015600982661  
perdix_dauuricae 0.009163786025  0.006747302455  0.009014215027  0.009012867814  0.024015481819  0.022860618268  0.013582554500  0.007166371900  0.009014215027  0.006747302455  0.022860618268  0.013613373638  0.000000000000  0.010540378620  0.014972279823  0.011553541808  0.011893553104  0.015859068024  
phasianus_colchicus 0.004312422159  0.000000000000  0.003497866220  0.003494900577  0.013063132624  0.014157447723  0.003497866220  0.000000000000  0.003497866220  0.000000000000  0.014157447723  0.007047856062  0.010540378620  0.000000000000  0.003677978233  0.007023106636  0.008666528462  0.014097476105  
rollulus_rouloul 0.015326588283  0.007450438481  0.009961556007  0.007437207926  0.020915657016  0.020097771243  0.012486750537  0.007964737857  0.009961556007  0.007450438481  0.020148396896  0.012455642450  0.014972279823  0.003677978233  0.000000000000  0.012806597109  0.014951286967  0.017513778759  
syrmaticus_ellioti 0.009183896633  0.004506774868  0.002247751224  0.006766238649  0.024052921465  0.020645335327  0.011352625311  0.004764444484  0.006777184565  0.004506774868  0.022998778691  0.011378461765  0.011553541808  0.007023106636  0.012806597109  0.000000000000  0.000000000000  0.009034575323  
syrmaticus_reevesii 0.009183896633  0.005921098418  0.002950820422  0.008892159776  0.024052921465  0.021073577010  0.011921065544  0.005921098418  0.008911092296  0.005921098418  0.027280224811  0.011921065544  0.011893553104  0.008666528462  0.014951286967  0.000000000000  0.000000000000  0.005921098418  
tragopan_blythii 0.009183896633  0.008835019899  0.006613432716  0.011061600212  0.024052921465  0.024700694686  0.015566287137  0.009552397067  0.011067617961  0.008835019899  0.027013534864  0.015600982661  0.015859068024  0.014097476105  0.017513778759  0.009034575323  0.005921098418  0.000000000000  

