18
alectoris_rufa 0.000000000000  0.000000000000  0.000000000000  0.000000000000  0.000000000000  0.004221319997  0.000000000000  0.006938680930  0.000000000000  0.000000000000  0.000000000000  0.008461742418  0.000000000000  0.004221319997  0.008461742418  0.000000000000  0.000000000000  0.004221319997  
catreus_wallichi 0.000000000000  0.000000000000  0.000000000000  0.000000000000  0.012324465053  0.005400159800  0.000000000000  0.004383647552  0.000000000000  0.000000000000  0.000000000000  0.005400159800  0.000000000000  0.002696192876  0.005928399927  0.000000000000  0.003402598219  0.002801957865  
chrysolophus_pictus 0.000000000000  0.000000000000  0.000000000000  0.000000000000  0.012635947400  0.005519382851  0.000000000000  0.004383647552  0.000000000000  0.000000000000  0.000000000000  0.002755630752  0.000000000000  0.002755630752  0.006072399627  0.000000000000  0.003497811869  0.002866205983  
crossoptilon_crossoptilon 0.000000000000  0.000000000000  0.000000000000  0.000000000000  0.000000000000  0.005534656908  0.000000000000  0.004383647552  0.000000000000  0.000000000000  0.000000000000  0.005534656908  0.000000000000  0.002763245259  0.005928399927  0.000000000000  0.003402598219  0.002874444761  
cyrtonyx_montezumae 0.000000000000  0.012324465053  0.012635947400  0.000000000000  0.000000000000  0.018568469071  0.012324465053  0.004383647552  0.012324465053  0.000000000000  0.012324465053  0.015421402138  0.000000000000  0.012324465053  0.000000000000  0.013177126929  0.003907885613  0.016158257206  
galgal4    0.004221319997  0.005400159800  0.005519382851  0.005534656908  0.018568469071  0.000000000000  0.005400159800  0.013239726813  0.005400159800  0.006090892959  0.005400159800  0.010848528990  0.005550015738  0.008122065246  0.011914954938  0.006147055046  0.006830990121  0.008442050738  
lophophorus_impejanus 0.000000000000  0.000000000000  0.000000000000  0.000000000000  0.012324465053  0.005400159800  0.000000000000  0.004383647552  0.000000000000  0.000000000000  0.000000000000  0.005400159800  0.000000000000  0.002696192876  0.005928399927  0.000000000000  0.003402598219  0.002801957865  
lophura_inornata 0.006938680930  0.004383647552  0.004383647552  0.004383647552  0.004383647552  0.013239726813  0.004383647552  0.000000000000  0.004383647552  0.004402948660  0.004383647552  0.004383647552  0.004383647552  0.004383647552  0.004383647552  0.004828110344  0.010732098252  0.009373938078  
lophura_nycthemera 0.000000000000  0.000000000000  0.000000000000  0.000000000000  0.012324465053  0.005400159800  0.000000000000  0.004383647552  0.000000000000  0.000000000000  0.000000000000  0.005400159800  0.000000000000  0.002696192876  0.005928399927  0.000000000000  0.003402598219  0.002801957865  
lophura_swinhoii 0.000000000000  0.000000000000  0.000000000000  0.000000000000  0.000000000000  0.006090892959  0.000000000000  0.004402948660  0.000000000000  0.000000000000  0.000000000000  0.006090892959  0.000000000000  0.003040500623  0.006090892959  0.000000000000  0.003461488780  0.003175680369  
melgal2    0.000000000000  0.000000000000  0.000000000000  0.000000000000  0.012324465053  0.005400159800  0.000000000000  0.004383647552  0.000000000000  0.000000000000  0.000000000000  0.005400159800  0.000000000000  0.002696192876  0.005928399927  0.000000000000  0.003402598219  0.002801957865  
pavo_cristatus 0.008461742418  0.005400159800  0.002755630752  0.005534656908  0.015421402138  0.010848528990  0.005400159800  0.004383647552  0.005400159800  0.006090892959  0.005400159800  0.000000000000  0.005550015738  0.008122065246  0.008912826787  0.006147055046  0.010261243477  0.008442050738  
perdix_dauuricae 0.000000000000  0.000000000000  0.000000000000  0.000000000000  0.000000000000  0.005550015738  0.000000000000  0.004383647552  0.000000000000  0.000000000000  0.000000000000  0.005550015738  0.000000000000  0.002770901965  0.005928399927  0.000000000000  0.003402598219  0.002882731040  
phasianus_colchicus 0.004221319997  0.002696192876  0.002755630752  0.002763245259  0.012324465053  0.008122065246  0.002696192876  0.004383647552  0.002696192876  0.003040500623  0.002696192876  0.008122065246  0.002770901965  0.000000000000  0.008918923724  0.000000000000  0.006830990121  0.005621383352  
rollulus_rouloul 0.008461742418  0.005928399927  0.006072399627  0.005928399927  0.000000000000  0.011914954938  0.005928399927  0.004383647552  0.005928399927  0.006090892959  0.005928399927  0.008912826787  0.005928399927  0.008918923724  0.000000000000  0.006614657228  0.010439791377  0.009306276032  
syrmaticus_ellioti 0.000000000000  0.000000000000  0.000000000000  0.000000000000  0.013177126929  0.006147055046  0.000000000000  0.004828110344  0.000000000000  0.000000000000  0.000000000000  0.006147055046  0.000000000000  0.000000000000  0.006614657228  0.000000000000  0.003938669546  0.003126043592  
syrmaticus_reevesii 0.000000000000  0.003402598219  0.003497811869  0.003402598219  0.003907885613  0.006830990121  0.003402598219  0.010732098252  0.003402598219  0.003461488780  0.003402598219  0.010261243477  0.003402598219  0.006830990121  0.010439791377  0.003938669546  0.000000000000  0.007174037422  
tragopan_blythii 0.004221319997  0.002801957865  0.002866205983  0.002874444761  0.016158257206  0.008442050738  0.002801957865  0.009373938078  0.002801957865  0.003175680369  0.002801957865  0.008442050738  0.002882731040  0.005621383352  0.009306276032  0.003126043592  0.007174037422  0.000000000000  

