18
alectoris_rufa 0.000000000000  0.035728783809  0.020154731857  0.020154731857  0.015192217382  0.004973540471  0.041121982688  0.020154731857  0.020154731857  0.031765056769  0.025586512130  0.004979389430  0.025327244582  0.020154731857  0.052287006303  0.016093270442  0.006904791911  0.035965176055  
catreus_wallichi 0.035728783809  0.000000000000  0.011021924065  0.010941522426  0.053131337775  0.041148885842  0.041148885842  0.010941522426  0.010941522426  0.017662592766  0.014731114540  0.041148885842  0.014623399167  0.011021924065  0.071375498409  0.008767123531  0.009428426867  0.024211640421  
chrysolophus_pictus 0.020154731857  0.011021924065  0.000000000000  0.000000000000  0.041715636965  0.029676535046  0.029676535046  0.000000000000  0.000000000000  0.008708818862  0.003651921608  0.029676535046  0.003625441790  0.000000000000  0.058434327639  0.000000000000  0.000000000000  0.012088159211  
crossoptilon_crossoptilon 0.020154731857  0.010941522426  0.000000000000  0.000000000000  0.040636281524  0.028820987755  0.028820987755  0.000000000000  0.000000000000  0.008487074209  0.003548257334  0.028820987755  0.003523254365  0.000000000000  0.057758700183  0.000000000000  0.000000000000  0.011991517442  
cyrtonyx_montezumae 0.015192217382  0.053131337775  0.041715636965  0.040636281524  0.000000000000  0.044605512794  0.072232683628  0.040636281524  0.040636281524  0.039744975461  0.044848033072  0.036854981615  0.044515065557  0.040938923647  0.062901676600  0.031299930282  0.028205541017  0.049796273531  
galgal4    0.004973540471  0.041148885842  0.029676535046  0.028820987755  0.044605512794  0.000000000000  0.059261326269  0.028820987755  0.028820987755  0.039225026966  0.032791004069  0.028874044063  0.032553700662  0.029030215091  0.057815623454  0.022156842849  0.018408846543  0.036755727567  
lophophorus_impejanus 0.041121982688  0.041148885842  0.029676535046  0.028820987755  0.072232683628  0.059261326269  0.000000000000  0.028820987755  0.028820987755  0.034698118381  0.032791004069  0.059261326269  0.025120593371  0.029030215091  0.091242735117  0.026747150378  0.022971301431  0.036816907982  
lophura_inornata 0.020154731857  0.010941522426  0.000000000000  0.000000000000  0.040636281524  0.028820987755  0.028820987755  0.000000000000  0.000000000000  0.008487074209  0.003548257334  0.028820987755  0.003523254365  0.000000000000  0.057758700183  0.000000000000  0.000000000000  0.011991517442  
lophura_nycthemera 0.020154731857  0.010941522426  0.000000000000  0.000000000000  0.040636281524  0.028820987755  0.028820987755  0.000000000000  0.000000000000  0.008487074209  0.003548257334  0.028820987755  0.003523254365  0.000000000000  0.057758700183  0.000000000000  0.000000000000  0.011991517442  
lophura_swinhoii 0.031765056769  0.017662592766  0.008708818862  0.008487074209  0.039744975461  0.039225026966  0.034698118381  0.008487074209  0.008487074209  0.000000000000  0.008487074209  0.025825903407  0.012794660524  0.008487074209  0.044229254002  0.009967549688  0.004528410412  0.014744178082  
melgal2    0.025586512130  0.014731114540  0.003651921608  0.003548257334  0.044848033072  0.032791004069  0.032791004069  0.003548257334  0.003548257334  0.008487074209  0.000000000000  0.032791004069  0.007126219669  0.003573617712  0.057982165110  0.004370092407  0.000000000000  0.016190901845  
pavo_cristatus 0.004979389430  0.041148885842  0.029676535046  0.028820987755  0.036854981615  0.028874044063  0.059261326269  0.028820987755  0.028820987755  0.025825903407  0.032791004069  0.000000000000  0.032553700662  0.029030215091  0.049758330210  0.013191715339  0.009105315942  0.041020262612  
perdix_dauuricae 0.025327244582  0.014623399167  0.003625441790  0.003523254365  0.044515065557  0.032553700662  0.025120593371  0.003523254365  0.003523254365  0.012794660524  0.007126219669  0.032553700662  0.000000000000  0.003548257334  0.061854113844  0.004370092407  0.000000000000  0.016060868820  
phasianus_colchicus 0.020154731857  0.011021924065  0.000000000000  0.000000000000  0.040938923647  0.029030215091  0.029030215091  0.000000000000  0.000000000000  0.008487074209  0.003573617712  0.029030215091  0.003548257334  0.000000000000  0.057758700183  0.000000000000  0.000000000000  0.012088159211  
rollulus_rouloul 0.052287006303  0.071375498409  0.058434327639  0.057758700183  0.062901676600  0.057815623454  0.091242735117  0.057758700183  0.057758700183  0.044229254002  0.057982165110  0.049758330210  0.061854113844  0.057758700183  0.000000000000  0.059463023977  0.028078887079  0.069767856643  
syrmaticus_ellioti 0.016093270442  0.008767123531  0.000000000000  0.000000000000  0.031299930282  0.022156842849  0.026747150378  0.000000000000  0.000000000000  0.009967549688  0.004370092407  0.013191715339  0.004370092407  0.000000000000  0.059463023977  0.000000000000  0.000000000000  0.008824094059  
syrmaticus_reevesii 0.006904791911  0.009428426867  0.000000000000  0.000000000000  0.028205541017  0.018408846543  0.022971301431  0.000000000000  0.000000000000  0.004528410412  0.000000000000  0.009105315942  0.000000000000  0.000000000000  0.028078887079  0.000000000000  0.000000000000  0.005267934981  
tragopan_blythii 0.035965176055  0.024211640421  0.012088159211  0.011991517442  0.049796273531  0.036755727567  0.036816907982  0.011991517442  0.011991517442  0.014744178082  0.016190901845  0.041020262612  0.016060868820  0.012088159211  0.069767856643  0.008824094059  0.005267934981  0.000000000000  

