18
alectoris_rufa 0.000000000000  0.004526990358  0.004526990358  0.004526990358  0.013718625758  0.004526990358  0.009099556604  0.009099556604  0.004526990358  0.004526990358  0.004526990358  0.018385153413  0.013718625758  0.004526990358  0.013675563311  0.010617748756  0.009099556604  0.010506193659  
catreus_wallichi 0.004526990358  0.000000000000  0.000000000000  0.000000000000  0.012205311275  0.003031240732  0.003031240732  0.003031240732  0.000000000000  0.000000000000  0.000000000000  0.018498535124  0.009155096687  0.003031240732  0.012220409444  0.005287461695  0.003510031570  0.003743534804  
chrysolophus_pictus 0.004526990358  0.000000000000  0.000000000000  0.000000000000  0.011503282040  0.005734049375  0.002857975868  0.002857975868  0.000000000000  0.000000000000  0.002857975868  0.017577151379  0.008628451183  0.002907839242  0.011583387086  0.005287461695  0.006738707120  0.003743534804  
crossoptilon_crossoptilon 0.004526990358  0.000000000000  0.000000000000  0.000000000000  0.011503282040  0.005734049375  0.002857975868  0.002857975868  0.000000000000  0.000000000000  0.002857975868  0.017577151379  0.008628451183  0.002907839242  0.011583387086  0.005287461695  0.006738707120  0.003743534804  
cyrtonyx_montezumae 0.013718625758  0.012205311275  0.011503282040  0.011503282040  0.000000000000  0.017354478151  0.014419457767  0.014419457767  0.008865935647  0.009025987167  0.014419457767  0.026507300118  0.008605710525  0.014673371004  0.023384453982  0.010617748756  0.010122392520  0.007508484633  
galgal4    0.004526990358  0.003031240732  0.005734049375  0.005734049375  0.017354478151  0.000000000000  0.008628451183  0.008628451183  0.005903300780  0.006009734110  0.008628451183  0.023590685914  0.008628451183  0.008779970920  0.017383530995  0.005287461695  0.006738707120  0.003743534804  
lophophorus_impejanus 0.009099556604  0.003031240732  0.002857975868  0.002857975868  0.014419457767  0.008628451183  0.000000000000  0.005734049375  0.002942059505  0.002994927217  0.005734049375  0.020573966234  0.011541416390  0.005834415206  0.014524537915  0.010617748756  0.010145928020  0.007508484633  
lophura_inornata 0.009099556604  0.003031240732  0.002857975868  0.002857975868  0.014419457767  0.008628451183  0.005734049375  0.000000000000  0.002942059505  0.002994927217  0.005734049375  0.020573966234  0.011541416390  0.005834415206  0.008661159466  0.010617748756  0.010145928020  0.007508484633  
lophura_nycthemera 0.004526990358  0.000000000000  0.000000000000  0.000000000000  0.008865935647  0.005903300780  0.002942059505  0.002942059505  0.000000000000  0.000000000000  0.002942059505  0.015039162303  0.008883975594  0.002994927217  0.011928844316  0.005287461695  0.006738707120  0.003743534804  
lophura_swinhoii 0.004526990358  0.000000000000  0.000000000000  0.000000000000  0.009025987167  0.006009734110  0.002994927217  0.002994927217  0.000000000000  0.000000000000  0.002994927217  0.015222324043  0.009044686356  0.003031240732  0.012072866693  0.005287461695  0.006738707120  0.003743534804  
melgal2    0.004526990358  0.000000000000  0.002857975868  0.002857975868  0.014419457767  0.008628451183  0.005734049375  0.005734049375  0.002942059505  0.002994927217  0.000000000000  0.020573966234  0.011541416390  0.005834415206  0.014524537915  0.005287461695  0.010145928020  0.003743534804  
pavo_cristatus 0.018385153413  0.018498535124  0.017577151379  0.017577151379  0.026507300118  0.023590685914  0.020573966234  0.020573966234  0.015039162303  0.015222324043  0.020573966234  0.000000000000  0.026627576605  0.014729017631  0.023533058014  0.016011334572  0.024036314010  0.015133325073  
perdix_dauuricae 0.013718625758  0.009155096687  0.008628451183  0.008628451183  0.008605710525  0.008628451183  0.011541416390  0.011541416390  0.008883975594  0.009044686356  0.011541416390  0.026627576605  0.000000000000  0.011744754172  0.020464600761  0.010617748756  0.010145928020  0.007508484633  
phasianus_colchicus 0.004526990358  0.003031240732  0.002907839242  0.002907839242  0.014673371004  0.008779970920  0.005834415206  0.005834415206  0.002994927217  0.003031240732  0.005834415206  0.014729017631  0.011744754172  0.000000000000  0.008762351287  0.005287461695  0.010145928020  0.003743534804  
rollulus_rouloul 0.013675563311  0.012220409444  0.011583387086  0.011583387086  0.023384453982  0.017383530995  0.014524537915  0.008661159466  0.011928844316  0.012072866693  0.014524537915  0.023533058014  0.020464600761  0.008762351287  0.000000000000  0.015991381947  0.020467519214  0.011295009558  
syrmaticus_ellioti 0.010617748756  0.005287461695  0.005287461695  0.005287461695  0.010617748756  0.005287461695  0.010617748756  0.010617748756  0.005287461695  0.005287461695  0.005287461695  0.016011334572  0.010617748756  0.005287461695  0.015991381947  0.000000000000  0.010617748756  0.011220249798  
syrmaticus_reevesii 0.009099556604  0.003510031570  0.006738707120  0.006738707120  0.010122392520  0.006738707120  0.010145928020  0.010145928020  0.006738707120  0.006738707120  0.010145928020  0.024036314010  0.010145928020  0.010145928020  0.020467519214  0.010617748756  0.000000000000  0.008497445220  
tragopan_blythii 0.010506193659  0.003743534804  0.003743534804  0.003743534804  0.007508484633  0.003743534804  0.007508484633  0.007508484633  0.003743534804  0.003743534804  0.003743534804  0.015133325073  0.007508484633  0.003743534804  0.011295009558  0.011220249798  0.008497445220  0.000000000000  

