18
alectoris_rufa 0.000000000000  0.014931189218  0.008897131571  0.012901511651  0.024093005463  0.011938775837  0.017944978113  0.011903246274  0.017981279726  0.008897131571  0.014904624888  0.012810485544  0.011903246274  0.005592894970  0.005924236560  0.018768869206  0.014904624888  0.011886278553  
catreus_wallichi 0.014931189218  0.000000000000  0.012092751204  0.000000000000  0.043913204939  0.024218772391  0.014262277649  0.004766474316  0.007085620622  0.007085620622  0.016657807478  0.033713903705  0.009474504234  0.005592894970  0.024190937298  0.008441412863  0.005164423269  0.014262277649  
chrysolophus_pictus 0.008897131571  0.012092751204  0.000000000000  0.008542440341  0.042284222208  0.022223148526  0.017001328283  0.012240782954  0.014550300535  0.009649600378  0.019463378230  0.022241442502  0.012092751204  0.005592894970  0.022139151201  0.011266215605  0.010623496452  0.014535610216  
crossoptilon_crossoptilon 0.012901511651  0.000000000000  0.008542440341  0.000000000000  0.019272257665  0.013681077125  0.008170199444  0.000000000000  0.002711499241  0.002763960772  0.005440745170  0.019275773074  0.005440745170  0.005592894970  0.014010646788  0.006720532206  0.002761808775  0.008170199444  
cyrtonyx_montezumae 0.024093005463  0.043913204939  0.042284222208  0.019272257665  0.000000000000  0.033706053993  0.043121774943  0.041823649241  0.040664917916  0.041357833371  0.045589611655  0.049537258984  0.043175383146  0.016932051128  0.024190937298  0.052749764482  0.031775312233  0.040617910042  
galgal4    0.011938775837  0.024218772391  0.022223148526  0.013681077125  0.033706053993  0.000000000000  0.023794027855  0.019481712880  0.026265825092  0.021739948667  0.026220346283  0.018835225837  0.023814959331  0.005592894970  0.014574095819  0.026048666776  0.015674902825  0.021363700458  
lophophorus_impejanus 0.017944978113  0.014262277649  0.017001328283  0.008170199444  0.043121774943  0.023794027855  0.000000000000  0.014399200261  0.014028826937  0.011851822617  0.016365315068  0.033676708989  0.014028826937  0.011261823952  0.024160248251  0.019915533757  0.010411680929  0.014006786659  
lophura_inornata 0.011903246274  0.004766474316  0.012240782954  0.000000000000  0.041823649241  0.019481712880  0.014399200261  0.000000000000  0.007153202099  0.007170299386  0.016817909995  0.030463171197  0.009565133063  0.005592894970  0.021850711038  0.008441412863  0.002576777534  0.014399200261  
lophura_nycthemera 0.017981279726  0.007085620622  0.014550300535  0.002711499241  0.040664917916  0.026265825092  0.014028826937  0.007153202099  0.000000000000  0.009474504234  0.018776539738  0.037613809227  0.011682876079  0.005592894970  0.026684895445  0.011293622588  0.005164423269  0.016412836738  
lophura_swinhoii 0.008897131571  0.007085620622  0.009649600378  0.002763960772  0.041357833371  0.021739948667  0.011851822617  0.007170299386  0.009474504234  0.000000000000  0.014239494289  0.029850133523  0.007085620622  0.005592894970  0.021711806161  0.011293622588  0.005164423269  0.011851822617  
melgal2    0.014904624888  0.016657807478  0.019463378230  0.005440745170  0.045589611655  0.026220346283  0.016365315068  0.016817909995  0.018776539738  0.014239494289  0.000000000000  0.037530216950  0.016384843533  0.005592894970  0.026619660572  0.022788727605  0.010375485117  0.016365315068  
pavo_cristatus 0.012810485544  0.033713903705  0.022241442502  0.019275773074  0.049537258984  0.018835225837  0.033676708989  0.030463171197  0.037613809227  0.029850133523  0.037530216950  0.000000000000  0.033713903705  0.006180546181  0.018736315480  0.030463171197  0.021482685159  0.026015580252  
perdix_dauuricae 0.011903246274  0.009474504234  0.012092751204  0.005440745170  0.043175383146  0.023814959331  0.014028826937  0.009565133063  0.011682876079  0.007085620622  0.016384843533  0.033713903705  0.000000000000  0.005592894970  0.024190937298  0.014165475364  0.007768226648  0.014028826937  
phasianus_colchicus 0.005592894970  0.005592894970  0.005592894970  0.005592894970  0.016932051128  0.005592894970  0.011261823952  0.005592894970  0.005592894970  0.005592894970  0.005592894970  0.006180546181  0.005592894970  0.000000000000  0.005592894970  0.005592894970  0.005592894970  0.005592894970  
rollulus_rouloul 0.005924236560  0.024190937298  0.022139151201  0.014010646788  0.024190937298  0.014574095819  0.024160248251  0.021850711038  0.026684895445  0.021711806161  0.026619660572  0.018736315480  0.024190937298  0.005592894970  0.000000000000  0.028679541080  0.015692010447  0.021687553919  
syrmaticus_ellioti 0.018768869206  0.008441412863  0.011266215605  0.006720532206  0.052749764482  0.026048666776  0.019915533757  0.008441412863  0.011293622588  0.011293622588  0.022788727605  0.030463171197  0.014165475364  0.005592894970  0.028679541080  0.000000000000  0.009282554011  0.017012448447  
syrmaticus_reevesii 0.014904624888  0.005164423269  0.010623496452  0.002761808775  0.031775312233  0.015674902825  0.010411680929  0.002576777534  0.005164423269  0.005164423269  0.010375485117  0.021482685159  0.007768226648  0.005592894970  0.015692010447  0.009282554011  0.000000000000  0.010375485117  
tragopan_blythii 0.011886278553  0.014262277649  0.014535610216  0.008170199444  0.040617910042  0.021363700458  0.014006786659  0.014399200261  0.016412836738  0.011851822617  0.016365315068  0.026015580252  0.014028826937  0.005592894970  0.021687553919  0.017012448447  0.010375485117  0.000000000000  

