18
alectoris_rufa 0.000000000000  0.003939803727  0.006376793667  0.006376793667  0.003176417220  0.006362917131  0.012814562915  0.000000000000  0.006376793667  0.006376793667  0.012850889366  0.003176417220  0.006417718911  0.005720204438  0.003176417220  0.003269896675  0.003909002105  0.003269896675  
catreus_wallichi 0.003939803727  0.000000000000  0.000000000000  0.000000000000  0.003498706031  0.000000000000  0.003498706031  0.000000000000  0.000000000000  0.000000000000  0.000000000000  0.000000000000  0.000000000000  0.000000000000  0.000000000000  0.000000000000  0.000000000000  0.000000000000  
chrysolophus_pictus 0.006376793667  0.000000000000  0.000000000000  0.000000000000  0.011290970246  0.005597198181  0.005597198181  0.000000000000  0.000000000000  0.000000000000  0.005607928039  0.002794699053  0.000000000000  0.000000000000  0.002875048300  0.000000000000  0.000000000000  0.000000000000  
crossoptilon_crossoptilon 0.006376793667  0.000000000000  0.000000000000  0.000000000000  0.011290970246  0.005597198181  0.005597198181  0.000000000000  0.000000000000  0.000000000000  0.005607928039  0.002794699053  0.000000000000  0.000000000000  0.002875048300  0.000000000000  0.000000000000  0.000000000000  
cyrtonyx_montezumae 0.003176417220  0.003498706031  0.011290970246  0.011290970246  0.000000000000  0.011262934240  0.017005351653  0.000000000000  0.011290970246  0.011290970246  0.011290970246  0.008439934321  0.011387407142  0.011518581887  0.005769711085  0.006067270278  0.003474394126  0.008684257829  
galgal4    0.006362917131  0.000000000000  0.005597198181  0.005597198181  0.011262934240  0.000000000000  0.011247409595  0.000000000000  0.005597198181  0.005597198181  0.011262934240  0.002792450976  0.005644589395  0.000000000000  0.002872669087  0.000000000000  0.000000000000  0.000000000000  
lophophorus_impejanus 0.012814562915  0.003498706031  0.005597198181  0.005597198181  0.017005351653  0.011247409595  0.000000000000  0.003939803727  0.005597198181  0.005597198181  0.011262934240  0.008420609249  0.005644589395  0.005710784793  0.008663796733  0.006054709171  0.003474394126  0.005758352726  
lophura_inornata 0.000000000000  0.000000000000  0.000000000000  0.000000000000  0.000000000000  0.000000000000  0.003939803727  0.000000000000  0.000000000000  0.000000000000  0.000000000000  0.000000000000  0.000000000000  0.000000000000  0.000000000000  0.000000000000  0.000000000000  0.000000000000  
lophura_nycthemera 0.006376793667  0.000000000000  0.000000000000  0.000000000000  0.011290970246  0.005597198181  0.005597198181  0.000000000000  0.000000000000  0.000000000000  0.005607928039  0.002794699053  0.000000000000  0.000000000000  0.002875048300  0.000000000000  0.000000000000  0.000000000000  
lophura_swinhoii 0.006376793667  0.000000000000  0.000000000000  0.000000000000  0.011290970246  0.005597198181  0.005597198181  0.000000000000  0.000000000000  0.000000000000  0.005607928039  0.002794699053  0.000000000000  0.000000000000  0.002875048300  0.000000000000  0.000000000000  0.000000000000  
melgal2    0.012850889366  0.000000000000  0.005607928039  0.005607928039  0.011290970246  0.011262934240  0.011262934240  0.000000000000  0.005607928039  0.005607928039  0.000000000000  0.008439934321  0.005655502212  0.005720204438  0.008684257829  0.006067270278  0.000000000000  0.005769711085  
pavo_cristatus 0.003176417220  0.000000000000  0.002794699053  0.002794699053  0.008439934321  0.002792450976  0.008420609249  0.000000000000  0.002794699053  0.002794699053  0.008439934321  0.000000000000  0.002818328277  0.000000000000  0.000000000000  0.000000000000  0.000000000000  0.000000000000  
perdix_dauuricae 0.006417718911  0.000000000000  0.000000000000  0.000000000000  0.011387407142  0.005644589395  0.005644589395  0.000000000000  0.000000000000  0.000000000000  0.005655502212  0.002818328277  0.000000000000  0.000000000000  0.002900061850  0.000000000000  0.000000000000  0.000000000000  
phasianus_colchicus 0.005720204438  0.000000000000  0.000000000000  0.000000000000  0.011518581887  0.000000000000  0.005710784793  0.000000000000  0.000000000000  0.000000000000  0.005720204438  0.000000000000  0.000000000000  0.000000000000  0.000000000000  0.000000000000  0.000000000000  0.000000000000  
rollulus_rouloul 0.003176417220  0.000000000000  0.002875048300  0.002875048300  0.005769711085  0.002872669087  0.008663796733  0.000000000000  0.002875048300  0.002875048300  0.008684257829  0.000000000000  0.002900061850  0.000000000000  0.000000000000  0.000000000000  0.000000000000  0.000000000000  
syrmaticus_ellioti 0.003269896675  0.000000000000  0.000000000000  0.000000000000  0.006067270278  0.000000000000  0.006054709171  0.000000000000  0.000000000000  0.000000000000  0.006067270278  0.000000000000  0.000000000000  0.000000000000  0.000000000000  0.000000000000  0.000000000000  0.000000000000  
syrmaticus_reevesii 0.003909002105  0.000000000000  0.000000000000  0.000000000000  0.003474394126  0.000000000000  0.003474394126  0.000000000000  0.000000000000  0.000000000000  0.000000000000  0.000000000000  0.000000000000  0.000000000000  0.000000000000  0.000000000000  0.000000000000  0.000000000000  
tragopan_blythii 0.003269896675  0.000000000000  0.000000000000  0.000000000000  0.008684257829  0.000000000000  0.005758352726  0.000000000000  0.000000000000  0.000000000000  0.005769711085  0.000000000000  0.000000000000  0.000000000000  0.000000000000  0.000000000000  0.000000000000  0.000000000000  

