18
alectoris_rufa 0.000000000000  0.000000000000  0.000000000000  0.000000000000  0.000000000000  0.000000000000  0.003905191701  0.000000000000  0.000000000000  0.000000000000  0.000000000000  0.000000000000  0.000000000000  0.000000000000  0.003909554175  0.003905191701  0.000000000000  0.000000000000  
catreus_wallichi 0.000000000000  0.000000000000  0.000000000000  0.000000000000  0.000000000000  0.003166721499  0.000000000000  0.000000000000  0.000000000000  0.000000000000  0.003166721499  0.000000000000  0.000000000000  0.000000000000  0.009574185932  0.004365493131  0.000000000000  0.000000000000  
chrysolophus_pictus 0.000000000000  0.000000000000  0.000000000000  0.000000000000  0.002416717647  0.004824317861  0.002403441948  0.000000000000  0.000000000000  0.000000000000  0.007238767768  0.004824317861  0.000000000000  0.000000000000  0.008325368520  0.003622276458  0.002416717647  0.000000000000  
crossoptilon_crossoptilon 0.000000000000  0.000000000000  0.000000000000  0.000000000000  0.002410891187  0.004835983155  0.002409232412  0.000000000000  0.000000000000  0.000000000000  0.007256276826  0.004883213984  0.000000000000  0.000000000000  0.008442517686  0.003689091350  0.002428455464  0.000000000000  
cyrtonyx_montezumae 0.000000000000  0.000000000000  0.002416717647  0.002410891187  0.000000000000  0.007222893074  0.004793420660  0.002393579162  0.002393579162  0.002428455464  0.009627611601  0.007293131572  0.002393579162  0.000000000000  0.008371835858  0.003648709866  0.004835983155  0.002393579162  
galgal4    0.000000000000  0.003166721499  0.004824317861  0.004835983155  0.007222893074  0.000000000000  0.007056376156  0.004699617991  0.004778214091  0.004766825507  0.011809090494  0.009543726759  0.004699617991  0.000000000000  0.010925356795  0.003557838756  0.007275444187  0.004755491083  
lophophorus_impejanus 0.003905191701  0.000000000000  0.002403441948  0.002409232412  0.004793420660  0.007056376156  0.000000000000  0.002341536592  0.002380555787  0.002374902187  0.009421382619  0.007123397884  0.002341536592  0.000000000000  0.010899570217  0.007139383828  0.004828135816  0.002369275377  
lophura_inornata 0.000000000000  0.000000000000  0.000000000000  0.000000000000  0.002393579162  0.004699617991  0.002341536592  0.000000000000  0.000000000000  0.000000000000  0.007051600811  0.004744210433  0.000000000000  0.000000000000  0.008166717703  0.003557838756  0.002410891187  0.000000000000  
lophura_nycthemera 0.000000000000  0.000000000000  0.000000000000  0.000000000000  0.002393579162  0.004778214091  0.002380555787  0.000000000000  0.000000000000  0.000000000000  0.007169568441  0.004824317861  0.000000000000  0.000000000000  0.008325368520  0.003622276458  0.002410891187  0.000000000000  
lophura_swinhoii 0.000000000000  0.000000000000  0.000000000000  0.000000000000  0.002428455464  0.004766825507  0.002374902187  0.000000000000  0.000000000000  0.000000000000  0.007152474842  0.004766825507  0.000000000000  0.000000000000  0.008166717703  0.003557838756  0.002428455464  0.000000000000  
melgal2    0.000000000000  0.003166721499  0.007238767768  0.007256276826  0.009627611601  0.011809090494  0.009421382619  0.007051600811  0.007169568441  0.007152474842  0.000000000000  0.011921723486  0.007051600811  0.000000000000  0.005426439610  0.003557838756  0.009697637263  0.007135462559  
pavo_cristatus 0.000000000000  0.000000000000  0.004824317861  0.004883213984  0.007293131572  0.009543726759  0.007123397884  0.004744210433  0.004824317861  0.004766825507  0.011921723486  0.000000000000  0.004744210433  0.000000000000  0.008166717703  0.003557838756  0.002416717647  0.004801155298  
perdix_dauuricae 0.000000000000  0.000000000000  0.000000000000  0.000000000000  0.002393579162  0.004699617991  0.002341536592  0.000000000000  0.000000000000  0.000000000000  0.007051600811  0.004744210433  0.000000000000  0.000000000000  0.008166717703  0.003557838756  0.002410891187  0.000000000000  
phasianus_colchicus 0.000000000000  0.000000000000  0.000000000000  0.000000000000  0.000000000000  0.000000000000  0.000000000000  0.000000000000  0.000000000000  0.000000000000  0.000000000000  0.000000000000  0.000000000000  0.000000000000  0.005353808279  0.005345626498  0.000000000000  0.000000000000  
rollulus_rouloul 0.003909554175  0.009574185932  0.008325368520  0.008442517686  0.008371835858  0.010925356795  0.010899570217  0.008166717703  0.008325368520  0.008166717703  0.005426439610  0.008166717703  0.008166717703  0.005353808279  0.000000000000  0.007136809977  0.008371835858  0.008279414180  
syrmaticus_ellioti 0.003905191701  0.004365493131  0.003622276458  0.003689091350  0.003648709866  0.003557838756  0.007139383828  0.003557838756  0.003622276458  0.003557838756  0.003557838756  0.003557838756  0.003557838756  0.005345626498  0.007136809977  0.000000000000  0.003648709866  0.003596223295  
syrmaticus_reevesii 0.000000000000  0.000000000000  0.002416717647  0.002428455464  0.004835983155  0.007275444187  0.004828135816  0.002410891187  0.002410891187  0.002428455464  0.009697637263  0.002416717647  0.002410891187  0.000000000000  0.008371835858  0.003648709866  0.000000000000  0.002410891187  
tragopan_blythii 0.000000000000  0.000000000000  0.000000000000  0.000000000000  0.002393579162  0.004755491083  0.002369275377  0.000000000000  0.000000000000  0.000000000000  0.007135462559  0.004801155298  0.000000000000  0.000000000000  0.008279414180  0.003596223295  0.002410891187  0.000000000000  

