18
alectoris_rufa 0.000000000000  0.023628116203  0.021213532346  0.021213532346  0.026056112848  0.023628116203  0.018812213901  0.007433866519  0.023628116203  0.015168001317  0.021200621099  0.014048795765  0.038757370702  0.023609554623  0.004670592678  0.021621285078  0.002908204223  0.007570171605  
catreus_wallichi 0.023628116203  0.000000000000  0.004369594858  0.002174597917  0.022755121971  0.019972204362  0.006688076343  0.002299616734  0.006703020072  0.004676086653  0.008748850480  0.011007000317  0.012682220818  0.006546027690  0.004670592678  0.004527876097  0.000000000000  0.009429471500  
chrysolophus_pictus 0.021213532346  0.004369594858  0.000000000000  0.002179337109  0.018108338987  0.015488602327  0.002218007478  0.000000000000  0.002222937982  0.000000000000  0.004363751364  0.006570883247  0.008413796931  0.002178143842  0.004670592678  0.000000000000  0.000000000000  0.007070590785  
crossoptilon_crossoptilon 0.021213532346  0.002174597917  0.002179337109  0.000000000000  0.020425555431  0.017707466907  0.004447327597  0.002299616734  0.004457239083  0.002331790151  0.006546027690  0.008783313942  0.008413796931  0.004354250884  0.004670592678  0.002258074984  0.000000000000  0.009429471500  
cyrtonyx_montezumae 0.026056112848  0.022755121971  0.018108338987  0.020425555431  0.000000000000  0.015803342382  0.015803342382  0.014316427036  0.020425555431  0.016992739474  0.018072151658  0.011229497868  0.025743440584  0.020384163787  0.014131891702  0.018442347925  0.014738470348  0.017039412051  
galgal4    0.023628116203  0.019972204362  0.015488602327  0.017707466907  0.015803342382  0.000000000000  0.013480081365  0.004611396180  0.018108338987  0.016589962925  0.015424722348  0.008783313942  0.030185377083  0.017672865357  0.004670592678  0.016057126742  0.002908204223  0.007053965282  
lophophorus_impejanus 0.018812213901  0.006688076343  0.002218007478  0.004447327597  0.015803342382  0.013480081365  0.000000000000  0.002348216837  0.004457239083  0.002381774456  0.002216771487  0.004447327597  0.004186653598  0.004441274211  0.004670592678  0.002258074984  0.002908204223  0.004792473475  
lophura_inornata 0.007433866519  0.002299616734  0.000000000000  0.002299616734  0.014316427036  0.004611396180  0.002348216837  0.000000000000  0.002353743951  0.000000000000  0.004604887610  0.004622053339  0.009402740413  0.000000000000  0.004670592678  0.000000000000  0.000000000000  0.007053965282  
lophura_nycthemera 0.023628116203  0.006703020072  0.002222937982  0.004457239083  0.020425555431  0.018108338987  0.004457239083  0.002353743951  0.000000000000  0.002387460863  0.006692050937  0.008960399526  0.012682220818  0.004451158669  0.004670592678  0.002263185437  0.000000000000  0.007223823426  
lophura_swinhoii 0.015168001317  0.004676086653  0.000000000000  0.002331790151  0.016992739474  0.016589962925  0.002381774456  0.000000000000  0.002387460863  0.000000000000  0.004669394066  0.007049551296  0.008594585374  0.002330424091  0.005316169810  0.000000000000  0.000000000000  0.007513293632  
melgal2    0.021200621099  0.008748850480  0.004363751364  0.006546027690  0.018072151658  0.015424722348  0.002216771487  0.004604887610  0.006692050937  0.004669394066  0.000000000000  0.006560342618  0.004186653598  0.006542412606  0.009380523278  0.004521601306  0.005825460259  0.007049764991  
pavo_cristatus 0.014048795765  0.011007000317  0.006570883247  0.008783313942  0.011229497868  0.008783313942  0.004447327597  0.004622053339  0.008960399526  0.007049551296  0.006560342618  0.000000000000  0.012682220818  0.008768028559  0.004670592678  0.006809525764  0.002908204223  0.007070590785  
perdix_dauuricae 0.038757370702  0.012682220818  0.008413796931  0.008413796931  0.025743440584  0.030185377083  0.004186653598  0.009402740413  0.012682220818  0.008594585374  0.004186653598  0.012682220818  0.000000000000  0.012642903907  0.000000000000  0.008706836512  0.005751967147  0.009740962349  
phasianus_colchicus 0.023609554623  0.006546027690  0.002178143842  0.004354250884  0.020384163787  0.017672865357  0.004441274211  0.000000000000  0.004451158669  0.002330424091  0.006542412606  0.008768028559  0.012642903907  0.000000000000  0.004670592678  0.002256793932  0.000000000000  0.007053965282  
rollulus_rouloul 0.004670592678  0.004670592678  0.004670592678  0.004670592678  0.014131891702  0.004670592678  0.004670592678  0.004670592678  0.004670592678  0.005316169810  0.009380523278  0.004670592678  0.000000000000  0.004670592678  0.000000000000  0.004851883558  0.004670592678  0.004670592678  
syrmaticus_ellioti 0.021621285078  0.004527876097  0.000000000000  0.002258074984  0.018442347925  0.016057126742  0.002258074984  0.000000000000  0.002263185437  0.000000000000  0.004521601306  0.006809525764  0.008706836512  0.002256793932  0.004851883558  0.000000000000  0.000000000000  0.007347674943  
syrmaticus_reevesii 0.002908204223  0.000000000000  0.000000000000  0.000000000000  0.014738470348  0.002908204223  0.002908204223  0.000000000000  0.000000000000  0.000000000000  0.005825460259  0.002908204223  0.005751967147  0.000000000000  0.004670592678  0.000000000000  0.000000000000  0.002908204223  
tragopan_blythii 0.007570171605  0.009429471500  0.007070590785  0.009429471500  0.017039412051  0.007053965282  0.004792473475  0.007053965282  0.007223823426  0.007513293632  0.007049764991  0.007070590785  0.009740962349  0.007053965282  0.004670592678  0.007347674943  0.002908204223  0.000000000000  

