18
alectoris_rufa 0.000000000000  0.042108637195  0.044984924388  0.043979258150  0.060941146063  0.053911760388  0.042953204330  0.044984924388  0.042108637195  0.047940792707  0.035386354629  0.042261940274  0.050842691647  0.039292951797  0.020512944067  0.010343173358  0.038005228344  0.032151835410  
catreus_wallichi 0.042108637195  0.000000000000  0.013688973298  0.014306596679  0.048559713209  0.047880152731  0.019624694282  0.008165985044  0.005437697109  0.016475755550  0.020387404408  0.032741359433  0.016429361409  0.002718111683  0.024672130930  0.010373508369  0.013526058370  0.019063627248  
chrysolophus_pictus 0.044984924388  0.013688973298  0.000000000000  0.025265201596  0.054531207805  0.056750369961  0.028245666284  0.016450064125  0.013688973298  0.019246933121  0.029344796768  0.042006002014  0.024813536693  0.010949007504  0.020497332515  0.005157257894  0.013526058370  0.028839069656  
crossoptilon_crossoptilon 0.043979258150  0.014306596679  0.025265201596  0.000000000000  0.048549505578  0.032673291507  0.025265201596  0.010661914930  0.007097196087  0.021570304666  0.029474562348  0.032783599135  0.025169977147  0.010725862697  0.015657586956  0.010373508369  0.012377575747  0.025208796329  
cyrtonyx_montezumae 0.060941146063  0.048559713209  0.054531207805  0.048549505578  0.000000000000  0.057448302168  0.049551203100  0.051507518383  0.048559713209  0.054531207805  0.051546722357  0.033136015842  0.054470325987  0.045697795522  0.012326715124  0.026491423671  0.038221530360  0.042792856851  
galgal4    0.053911760388  0.047880152731  0.056750369961  0.032673291507  0.057448302168  0.000000000000  0.048843643328  0.050803618786  0.047880152731  0.059753081448  0.041577680048  0.038788900972  0.050832511393  0.045073461730  0.029001082981  0.015676371958  0.041626915732  0.035506377034  
lophophorus_impejanus 0.042953204330  0.019624694282  0.028245666284  0.025265201596  0.049551203100  0.048843643328  0.000000000000  0.022464579457  0.019624694282  0.031163927112  0.020826074115  0.026620707091  0.025318492860  0.016818992941  0.024683929287  0.010373508369  0.016950092301  0.019533494800  
lophura_inornata 0.044984924388  0.008165985044  0.016450064125  0.010661914930  0.051507518383  0.050803618786  0.022464579457  0.000000000000  0.002709087527  0.013670244388  0.023352342473  0.035777074925  0.019210452382  0.005444153226  0.020497332515  0.005157257894  0.010114498760  0.022284872436  
lophura_nycthemera 0.042108637195  0.005437697109  0.013688973298  0.007097196087  0.048559713209  0.047880152731  0.019624694282  0.002709087527  0.000000000000  0.010919117925  0.020387404408  0.032741359433  0.016429361409  0.002718111683  0.020497332515  0.005157257894  0.010114498760  0.019063627248  
lophura_swinhoii 0.047940792707  0.016475755550  0.019246933121  0.021570304666  0.054531207805  0.059753081448  0.031163927112  0.013670244388  0.010919117925  0.000000000000  0.026386514788  0.045152664918  0.027641108840  0.013726556309  0.020497332515  0.010373508369  0.020426712857  0.032151835410  
melgal2    0.035386354629  0.020387404408  0.029344796768  0.029474562348  0.051546722357  0.041577680048  0.020826074115  0.023352342473  0.020387404408  0.026386514788  0.000000000000  0.034831577672  0.029330630101  0.017482594203  0.022428370421  0.015594875591  0.014556961830  0.022701794466  
pavo_cristatus 0.042261940274  0.032741359433  0.042006002014  0.032783599135  0.033136015842  0.038788900972  0.026620707091  0.035777074925  0.032741359433  0.045152664918  0.034831577672  0.000000000000  0.038828741736  0.029759086706  0.016412093306  0.015676371958  0.027451377812  0.024164327735  
perdix_dauuricae 0.050842691647  0.016429361409  0.024813536693  0.025169977147  0.054470325987  0.050832511393  0.025318492860  0.019210452382  0.016429361409  0.027641108840  0.029330630101  0.038828741736  0.000000000000  0.013700804293  0.020497332515  0.005157257894  0.010114498760  0.028803381011  
phasianus_colchicus 0.039292951797  0.002718111683  0.010949007504  0.010725862697  0.045697795522  0.045073461730  0.016818992941  0.005444153226  0.002718111683  0.013726556309  0.017482594203  0.029759086706  0.013700804293  0.000000000000  0.020497332515  0.005157257894  0.010114498760  0.015885377484  
rollulus_rouloul 0.020512944067  0.024672130930  0.020497332515  0.015657586956  0.012326715124  0.029001082981  0.024683929287  0.020497332515  0.020497332515  0.020497332515  0.022428370421  0.016412093306  0.020497332515  0.020497332515  0.000000000000  0.012966069843  0.033121819429  0.010191046369  
syrmaticus_ellioti 0.010343173358  0.010373508369  0.005157257894  0.010373508369  0.026491423671  0.015676371958  0.010373508369  0.005157257894  0.005157257894  0.010373508369  0.015594875591  0.015676371958  0.005157257894  0.005157257894  0.012966069843  0.000000000000  0.010343173358  0.010373508369  
syrmaticus_reevesii 0.038005228344  0.013526058370  0.013526058370  0.012377575747  0.038221530360  0.041626915732  0.016950092301  0.010114498760  0.010114498760  0.020426712857  0.014556961830  0.027451377812  0.010114498760  0.010114498760  0.033121819429  0.010343173358  0.000000000000  0.012165320839  
tragopan_blythii 0.032151835410  0.019063627248  0.028839069656  0.025208796329  0.042792856851  0.035506377034  0.019533494800  0.022284872436  0.019063627248  0.032151835410  0.022701794466  0.024164327735  0.028803381011  0.015885377484  0.010191046369  0.010373508369  0.012165320839  0.000000000000  

