18
alectoris_rufa 0.000000000000  0.032175246573  0.021751896853  0.028296310395  0.021328003370  0.025557235584  0.032553862539  0.027752485730  0.025557235584  0.017579557011  0.032066548638  0.019034766782  0.025250842227  0.023880103412  0.010140533738  0.027752485730  0.021334174979  0.027804542620  
catreus_wallichi 0.032175246573  0.000000000000  0.004284644696  0.004257283074  0.027926677146  0.032175246573  0.017134489970  0.008393493437  0.006280456301  0.004965457715  0.016881368729  0.032175246573  0.009058821746  0.002128146506  0.012740780194  0.008393493437  0.006320150372  0.009938954399  
chrysolophus_pictus 0.021751896853  0.004284644696  0.000000000000  0.002179159889  0.019608701890  0.021751896853  0.008724891352  0.004284644696  0.002137243256  0.000000000000  0.010752589900  0.021751896853  0.002268127076  0.002137243256  0.012740780194  0.002137243256  0.000000000000  0.007434888960  
crossoptilon_crossoptilon 0.028296310395  0.004257283074  0.002179159889  0.000000000000  0.023978342546  0.028296310395  0.012848059149  0.004257283074  0.002123627108  0.002475907443  0.015047404638  0.028296310395  0.004506707301  0.000000000000  0.012740780194  0.008555063632  0.002137243256  0.007434888960  
cyrtonyx_montezumae 0.021328003370  0.027926677146  0.019608701890  0.023978342546  0.000000000000  0.023516870477  0.028247079609  0.023516870477  0.021328003370  0.015139170617  0.027823767268  0.021328003370  0.022995875795  0.021745488565  0.012773330797  0.023516870477  0.019231540889  0.020096351577  
galgal4    0.025557235584  0.032175246573  0.021751896853  0.028296310395  0.023516870477  0.000000000000  0.032553862539  0.027752485730  0.025557235584  0.017579557011  0.032066548638  0.025557235584  0.022897655029  0.023880103412  0.010140533738  0.027752485730  0.023522571237  0.022623986883  
lophophorus_impejanus 0.032553862539  0.017134489970  0.008724891352  0.012848059149  0.028247079609  0.032553862539  0.000000000000  0.017134489970  0.014958664366  0.015000267550  0.017097762281  0.032553862539  0.013605587523  0.013072003197  0.017894166040  0.017134489970  0.010706539330  0.014989109058  
lophura_inornata 0.027752485730  0.008393493437  0.004284644696  0.004257283074  0.023516870477  0.027752485730  0.017134489970  0.000000000000  0.002083800106  0.002475907443  0.016881368729  0.027752485730  0.006777031516  0.002128146506  0.015332624969  0.008393493437  0.004203595000  0.007434888960  
lophura_nycthemera 0.025557235584  0.006280456301  0.002137243256  0.002123627108  0.021328003370  0.025557235584  0.014958664366  0.002083800106  0.000000000000  0.000000000000  0.014738185538  0.025557235584  0.004506707301  0.000000000000  0.012740780194  0.006280456301  0.002096908746  0.007434888960  
lophura_swinhoii 0.017579557011  0.004965457715  0.000000000000  0.002475907443  0.015139170617  0.017579557011  0.015000267550  0.002475907443  0.000000000000  0.000000000000  0.009986094007  0.015026651538  0.002525939510  0.000000000000  0.007698810978  0.002475907443  0.000000000000  0.008032075137  
melgal2    0.032066548638  0.016881368729  0.010752589900  0.015047404638  0.027823767268  0.032066548638  0.017097762281  0.016881368729  0.014738185538  0.009986094007  0.000000000000  0.032066548638  0.011352194397  0.012875631615  0.015332624969  0.012605120754  0.012685072892  0.014989109058  
pavo_cristatus 0.019034766782  0.032175246573  0.021751896853  0.028296310395  0.021328003370  0.025557235584  0.032553862539  0.027752485730  0.025557235584  0.015026651538  0.032066548638  0.000000000000  0.025250842227  0.023880103412  0.010140533738  0.027752485730  0.021334174979  0.025206839548  
perdix_dauuricae 0.025250842227  0.009058821746  0.002268127076  0.004506707301  0.022995875795  0.022897655029  0.013605587523  0.006777031516  0.004506707301  0.002525939510  0.011352194397  0.025250842227  0.000000000000  0.004527109830  0.015332624969  0.004506707301  0.002247734444  0.007434888960  
phasianus_colchicus 0.023880103412  0.002128146506  0.002137243256  0.000000000000  0.021745488565  0.023880103412  0.013072003197  0.002128146506  0.000000000000  0.000000000000  0.012875631615  0.023880103412  0.004527109830  0.000000000000  0.012740780194  0.004266364702  0.002128146506  0.007434888960  
rollulus_rouloul 0.010140533738  0.012740780194  0.012740780194  0.012740780194  0.012773330797  0.010140533738  0.017894166040  0.015332624969  0.012740780194  0.007698810978  0.015332624969  0.010140533738  0.015332624969  0.012740780194  0.000000000000  0.012740780194  0.012740780194  0.018707234380  
syrmaticus_ellioti 0.027752485730  0.008393493437  0.002137243256  0.008555063632  0.023516870477  0.027752485730  0.017134489970  0.008393493437  0.006280456301  0.002475907443  0.012605120754  0.027752485730  0.004506707301  0.004266364702  0.012740780194  0.000000000000  0.004203595000  0.007434888960  
syrmaticus_reevesii 0.021334174979  0.006320150372  0.000000000000  0.002137243256  0.019231540889  0.023522571237  0.010706539330  0.004203595000  0.002096908746  0.000000000000  0.012685072892  0.021334174979  0.002247734444  0.002128146506  0.012740780194  0.004203595000  0.000000000000  0.007434888960  
tragopan_blythii 0.027804542620  0.009938954399  0.007434888960  0.007434888960  0.020096351577  0.022623986883  0.014989109058  0.007434888960  0.007434888960  0.008032075137  0.014989109058  0.025206839548  0.007434888960  0.007434888960  0.018707234380  0.007434888960  0.007434888960  0.000000000000  

