18
alectoris_rufa 0.000000000000  0.006857142791  0.005381146590  0.005240154596  0.005323849026  0.005240154596  0.005240154596  0.005240154596  0.005240154596  0.005240154596  0.005240154596  0.005240154596  0.005240154596  0.006586163680  0.005240154596  0.005240154596  0.005240154596  0.005240154596  
catreus_wallichi 0.006857142791  0.000000000000  0.000000000000  0.005439690912  0.000000000000  0.005439690912  0.000000000000  0.000000000000  0.000000000000  0.000000000000  0.000000000000  0.000000000000  0.000000000000  0.000000000000  0.000000000000  0.000000000000  0.000000000000  0.000000000000  
chrysolophus_pictus 0.005381146590  0.000000000000  0.000000000000  0.003665221925  0.000000000000  0.003523175669  0.000000000000  0.000000000000  0.000000000000  0.000000000000  0.010629745868  0.003523175669  0.000000000000  0.000000000000  0.004080190397  0.000000000000  0.000000000000  0.000000000000  
crossoptilon_crossoptilon 0.005240154596  0.005439690912  0.003665221925  0.000000000000  0.000000000000  0.007228924357  0.003599261079  0.003599261079  0.003599261079  0.003599261079  0.014539551087  0.007228924357  0.003599261079  0.000000000000  0.004165164261  0.003678705278  0.000000000000  0.004332108552  
cyrtonyx_montezumae 0.005323849026  0.000000000000  0.000000000000  0.000000000000  0.000000000000  0.000000000000  0.000000000000  0.000000000000  0.000000000000  0.000000000000  0.012436519752  0.004118029803  0.000000000000  0.000000000000  0.004113760463  0.000000000000  0.000000000000  0.000000000000  
galgal4    0.005240154596  0.005439690912  0.003523175669  0.007228924357  0.000000000000  0.000000000000  0.003586352784  0.003462185888  0.003462185888  0.003462185888  0.013980514385  0.006952493322  0.003462185888  0.000000000000  0.003998614353  0.003665221925  0.000000000000  0.004169541085  
lophophorus_impejanus 0.005240154596  0.000000000000  0.000000000000  0.003599261079  0.000000000000  0.003586352784  0.000000000000  0.000000000000  0.000000000000  0.000000000000  0.010821469118  0.003586352784  0.000000000000  0.000000000000  0.004165164261  0.000000000000  0.000000000000  0.000000000000  
lophura_inornata 0.005240154596  0.000000000000  0.000000000000  0.003599261079  0.000000000000  0.003462185888  0.000000000000  0.000000000000  0.000000000000  0.000000000000  0.010444698097  0.003462185888  0.000000000000  0.000000000000  0.003998614353  0.000000000000  0.000000000000  0.000000000000  
lophura_nycthemera 0.005240154596  0.000000000000  0.000000000000  0.003599261079  0.000000000000  0.003462185888  0.000000000000  0.000000000000  0.000000000000  0.000000000000  0.010444698097  0.003462185888  0.000000000000  0.000000000000  0.003998614353  0.000000000000  0.000000000000  0.000000000000  
lophura_swinhoii 0.005240154596  0.000000000000  0.000000000000  0.003599261079  0.000000000000  0.003462185888  0.000000000000  0.000000000000  0.000000000000  0.000000000000  0.010444698097  0.003462185888  0.000000000000  0.000000000000  0.003998614353  0.000000000000  0.000000000000  0.000000000000  
melgal2    0.005240154596  0.000000000000  0.010629745868  0.014539551087  0.012436519752  0.013980514385  0.010821469118  0.010444698097  0.010444698097  0.010444698097  0.000000000000  0.013980514385  0.010444698097  0.011450653296  0.016158552306  0.011060868522  0.011708423612  0.000000000000  
pavo_cristatus 0.005240154596  0.000000000000  0.003523175669  0.007228924357  0.004118029803  0.006952493322  0.003586352784  0.003462185888  0.003462185888  0.003462185888  0.013980514385  0.000000000000  0.003462185888  0.005687186669  0.008023177294  0.003665221925  0.003878454225  0.000000000000  
perdix_dauuricae 0.005240154596  0.000000000000  0.000000000000  0.003599261079  0.000000000000  0.003462185888  0.000000000000  0.000000000000  0.000000000000  0.000000000000  0.010444698097  0.003462185888  0.000000000000  0.000000000000  0.003998614353  0.000000000000  0.000000000000  0.000000000000  
phasianus_colchicus 0.006586163680  0.000000000000  0.000000000000  0.000000000000  0.000000000000  0.000000000000  0.000000000000  0.000000000000  0.000000000000  0.000000000000  0.011450653296  0.005687186669  0.000000000000  0.000000000000  0.005679043340  0.000000000000  0.000000000000  0.000000000000  
rollulus_rouloul 0.005240154596  0.000000000000  0.004080190397  0.004165164261  0.004113760463  0.003998614353  0.004165164261  0.003998614353  0.003998614353  0.003998614353  0.016158552306  0.008023177294  0.003998614353  0.005679043340  0.000000000000  0.004271924587  0.003998614353  0.000000000000  
syrmaticus_ellioti 0.005240154596  0.000000000000  0.000000000000  0.003678705278  0.000000000000  0.003665221925  0.000000000000  0.000000000000  0.000000000000  0.000000000000  0.011060868522  0.003665221925  0.000000000000  0.000000000000  0.004271924587  0.000000000000  0.000000000000  0.000000000000  
syrmaticus_reevesii 0.005240154596  0.000000000000  0.000000000000  0.000000000000  0.000000000000  0.000000000000  0.000000000000  0.000000000000  0.000000000000  0.000000000000  0.011708423612  0.003878454225  0.000000000000  0.000000000000  0.003998614353  0.000000000000  0.000000000000  0.000000000000  
tragopan_blythii 0.005240154596  0.000000000000  0.000000000000  0.004332108552  0.000000000000  0.004169541085  0.000000000000  0.000000000000  0.000000000000  0.000000000000  0.000000000000  0.000000000000  0.000000000000  0.000000000000  0.000000000000  0.000000000000  0.000000000000  0.000000000000  

