18
alectoris_rufa 0.000000000000  0.002653096738  0.002653096738  0.002653096738  0.002660154405  0.000000000000  0.002653096738  0.002653096738  0.002653096738  0.002653096738  0.000000000000  0.000000000000  0.002653096738  0.000000000000  0.002653096738  0.000000000000  0.002653096738  0.002653096738  
catreus_wallichi 0.002653096738  0.000000000000  0.000000000000  0.002415936733  0.007286287437  0.002415936733  0.000000000000  0.000000000000  0.000000000000  0.000000000000  0.002421787632  0.004844558044  0.000000000000  0.000000000000  0.000000000000  0.000000000000  0.000000000000  0.000000000000  
chrysolophus_pictus 0.002653096738  0.000000000000  0.000000000000  0.002370127997  0.007147411153  0.011973982741  0.000000000000  0.000000000000  0.000000000000  0.000000000000  0.014475950282  0.004821201242  0.000000000000  0.000000000000  0.000000000000  0.000000000000  0.000000000000  0.000000000000  
crossoptilon_crossoptilon 0.002653096738  0.002415936733  0.002370127997  0.000000000000  0.009549070741  0.014406429052  0.002370127997  0.002370127997  0.002370127997  0.000000000000  0.016933273426  0.002404319340  0.002392813141  0.000000000000  0.002370127997  0.000000000000  0.000000000000  0.000000000000  
cyrtonyx_montezumae 0.002660154405  0.007286287437  0.007147411153  0.009549070741  0.000000000000  0.016829785963  0.007147411153  0.007147411153  0.007147411153  0.005122342048  0.019375796059  0.009687838326  0.007216181178  0.000000000000  0.007147411153  0.007797635257  0.007797635257  0.007677895047  
galgal4    0.000000000000  0.002415936733  0.011973982741  0.014406429052  0.016829785963  0.000000000000  0.011973982741  0.011973982741  0.011973982741  0.012900888611  0.012031612503  0.002398552441  0.002392813141  0.000000000000  0.011973982741  0.000000000000  0.002584526565  0.012834652969  
lophophorus_impejanus 0.002653096738  0.000000000000  0.000000000000  0.002370127997  0.007147411153  0.011973982741  0.000000000000  0.000000000000  0.000000000000  0.000000000000  0.014475950282  0.004821201242  0.000000000000  0.000000000000  0.000000000000  0.000000000000  0.000000000000  0.000000000000  
lophura_inornata 0.002653096738  0.000000000000  0.000000000000  0.002370127997  0.007147411153  0.011973982741  0.000000000000  0.000000000000  0.000000000000  0.000000000000  0.014475950282  0.004821201242  0.000000000000  0.000000000000  0.000000000000  0.000000000000  0.000000000000  0.000000000000  
lophura_nycthemera 0.002653096738  0.000000000000  0.000000000000  0.002370127997  0.007147411153  0.011973982741  0.000000000000  0.000000000000  0.000000000000  0.000000000000  0.014475950282  0.004821201242  0.000000000000  0.000000000000  0.000000000000  0.000000000000  0.000000000000  0.000000000000  
lophura_swinhoii 0.002653096738  0.000000000000  0.000000000000  0.000000000000  0.005122342048  0.012900888611  0.000000000000  0.000000000000  0.000000000000  0.000000000000  0.015605577485  0.002591223669  0.000000000000  0.000000000000  0.000000000000  0.000000000000  0.000000000000  0.000000000000  
melgal2    0.000000000000  0.002421787632  0.014475950282  0.016933273426  0.019375796059  0.012031612503  0.014475950282  0.014475950282  0.014475950282  0.015605577485  0.000000000000  0.004844558044  0.009693182696  0.000000000000  0.014475950282  0.000000000000  0.005210584864  0.015565089952  
pavo_cristatus 0.000000000000  0.004844558044  0.004821201242  0.002404319340  0.009687838326  0.002398552441  0.004821201242  0.004821201242  0.004821201242  0.002591223669  0.004844558044  0.000000000000  0.004821201242  0.000000000000  0.004821201242  0.000000000000  0.002584526565  0.002577863990  
perdix_dauuricae 0.002653096738  0.000000000000  0.000000000000  0.002392813141  0.007216181178  0.002392813141  0.000000000000  0.000000000000  0.000000000000  0.000000000000  0.009693182696  0.004821201242  0.000000000000  0.000000000000  0.000000000000  0.000000000000  0.000000000000  0.000000000000  
phasianus_colchicus 0.000000000000  0.000000000000  0.000000000000  0.000000000000  0.000000000000  0.000000000000  0.000000000000  0.000000000000  0.000000000000  0.000000000000  0.000000000000  0.000000000000  0.000000000000  0.000000000000  0.000000000000  0.000000000000  0.000000000000  0.000000000000  
rollulus_rouloul 0.002653096738  0.000000000000  0.000000000000  0.002370127997  0.007147411153  0.011973982741  0.000000000000  0.000000000000  0.000000000000  0.000000000000  0.014475950282  0.004821201242  0.000000000000  0.000000000000  0.000000000000  0.000000000000  0.000000000000  0.000000000000  
syrmaticus_ellioti 0.000000000000  0.000000000000  0.000000000000  0.000000000000  0.007797635257  0.000000000000  0.000000000000  0.000000000000  0.000000000000  0.000000000000  0.000000000000  0.000000000000  0.000000000000  0.000000000000  0.000000000000  0.000000000000  0.000000000000  0.000000000000  
syrmaticus_reevesii 0.002653096738  0.000000000000  0.000000000000  0.000000000000  0.007797635257  0.002584526565  0.000000000000  0.000000000000  0.000000000000  0.000000000000  0.005210584864  0.002584526565  0.000000000000  0.000000000000  0.000000000000  0.000000000000  0.000000000000  0.000000000000  
tragopan_blythii 0.002653096738  0.000000000000  0.000000000000  0.000000000000  0.007677895047  0.012834652969  0.000000000000  0.000000000000  0.000000000000  0.000000000000  0.015565089952  0.002577863990  0.000000000000  0.000000000000  0.000000000000  0.000000000000  0.000000000000  0.000000000000  

