18
alectoris_rufa 0.000000000000  0.000000000000  0.000000000000  0.000000000000  0.013913511008  0.004605576579  0.009286710305  0.000000000000  0.004611648713  0.000000000000  0.009243787214  0.004611648713  0.000000000000  0.000000000000  0.011582239965  0.000000000000  0.004611648713  0.000000000000  
catreus_wallichi 0.000000000000  0.000000000000  0.000000000000  0.000000000000  0.012786717612  0.008501470131  0.008533810881  0.004240120500  0.004240120500  0.004240120500  0.008497551985  0.008522210561  0.004240120500  0.000000000000  0.011193287488  0.000000000000  0.004427869053  0.000000000000  
chrysolophus_pictus 0.000000000000  0.000000000000  0.000000000000  0.000000000000  0.012066660501  0.008023951038  0.012129579469  0.004002522232  0.004002522232  0.004002522232  0.008020463847  0.008042421455  0.004002522232  0.000000000000  0.010771283577  0.000000000000  0.004169404828  0.000000000000  
crossoptilon_crossoptilon 0.000000000000  0.000000000000  0.000000000000  0.000000000000  0.012416257900  0.008255811215  0.012482891987  0.004117896896  0.004117896896  0.004117896896  0.008252117957  0.008275367329  0.004117896896  0.000000000000  0.010771283577  0.000000000000  0.004294751737  0.000000000000  
cyrtonyx_montezumae 0.013913511008  0.012786717612  0.012066660501  0.012416257900  0.000000000000  0.020245584620  0.024483586589  0.016147504869  0.016147504869  0.016147504869  0.012078443613  0.020267210453  0.016147504869  0.016162369713  0.027219207798  0.011950272017  0.016826828467  0.014953859670  
galgal4    0.004605576579  0.008501470131  0.008023951038  0.008255811215  0.020245584620  0.000000000000  0.020325478418  0.012066660501  0.012066660501  0.008023951038  0.008020463847  0.016147504869  0.012066660501  0.010738147943  0.021655465802  0.005947863054  0.012572364712  0.009937768692  
lophophorus_impejanus 0.009286710305  0.008533810881  0.012129579469  0.012482891987  0.024483586589  0.020325478418  0.000000000000  0.016245185427  0.016245185427  0.016245185427  0.020349706684  0.020400320690  0.016245185427  0.016275579014  0.027460404328  0.012022108284  0.016932952295  0.015050688471  
lophura_inornata 0.000000000000  0.004240120500  0.004002522232  0.004117896896  0.016147504869  0.012066660501  0.016245185427  0.000000000000  0.008042421455  0.008042421455  0.012080732418  0.012120402334  0.008042421455  0.000000000000  0.010771283577  0.000000000000  0.004169404828  0.000000000000  
lophura_nycthemera 0.004611648713  0.004240120500  0.004002522232  0.004117896896  0.016147504869  0.012066660501  0.016245185427  0.008042421455  0.000000000000  0.008042421455  0.012080732418  0.012120402334  0.008042421455  0.005352119733  0.016259192536  0.005957998880  0.008379384265  0.004954369367  
lophura_swinhoii 0.000000000000  0.004240120500  0.004002522232  0.004117896896  0.016147504869  0.008023951038  0.016245185427  0.008042421455  0.008042421455  0.000000000000  0.012080732418  0.012120402334  0.008042421455  0.005352119733  0.016259192536  0.000000000000  0.008379384265  0.004954369367  
melgal2    0.009243787214  0.008497551985  0.008020463847  0.008252117957  0.012078443613  0.008020463847  0.020349706684  0.012080732418  0.012080732418  0.012080732418  0.000000000000  0.016179469463  0.012080732418  0.010731870338  0.021713315152  0.011950272017  0.012587650839  0.009932400186  
pavo_cristatus 0.004611648713  0.008522210561  0.008042421455  0.008275367329  0.020267210453  0.016147504869  0.020400320690  0.012120402334  0.012120402334  0.012120402334  0.016179469463  0.000000000000  0.012120402334  0.010771283577  0.010771283577  0.005957998880  0.012630735784  0.009966134627  
perdix_dauuricae 0.000000000000  0.004240120500  0.004002522232  0.004117896896  0.016147504869  0.012066660501  0.016245185427  0.008042421455  0.008042421455  0.008042421455  0.012080732418  0.012120402334  0.000000000000  0.000000000000  0.010771283577  0.000000000000  0.004169404828  0.000000000000  
phasianus_colchicus 0.000000000000  0.000000000000  0.000000000000  0.000000000000  0.016162369713  0.010738147943  0.016275579014  0.000000000000  0.005352119733  0.005352119733  0.010731870338  0.010771283577  0.000000000000  0.000000000000  0.010771283577  0.000000000000  0.005352119733  0.000000000000  
rollulus_rouloul 0.011582239965  0.011193287488  0.010771283577  0.010771283577  0.027219207798  0.021655465802  0.027460404328  0.010771283577  0.016259192536  0.016259192536  0.021713315152  0.010771283577  0.010771283577  0.010771283577  0.000000000000  0.011999198557  0.016259192536  0.010771283577  
syrmaticus_ellioti 0.000000000000  0.000000000000  0.000000000000  0.000000000000  0.011950272017  0.005947863054  0.012022108284  0.000000000000  0.005957998880  0.000000000000  0.011950272017  0.005957998880  0.000000000000  0.000000000000  0.011999198557  0.000000000000  0.005957998880  0.000000000000  
syrmaticus_reevesii 0.004611648713  0.004427869053  0.004169404828  0.004294751737  0.016826828467  0.012572364712  0.016932952295  0.004169404828  0.008379384265  0.008379384265  0.012587650839  0.012630735784  0.004169404828  0.005352119733  0.016259192536  0.005957998880  0.000000000000  0.004954369367  
tragopan_blythii 0.000000000000  0.000000000000  0.000000000000  0.000000000000  0.014953859670  0.009937768692  0.015050688471  0.000000000000  0.004954369367  0.004954369367  0.009932400186  0.009966134627  0.000000000000  0.000000000000  0.010771283577  0.000000000000  0.004954369367  0.000000000000  

