18
alectoris_rufa 0.000000000000  0.016427613936  0.008283021504  0.016772049492  0.013115392348  0.016399582138  0.008148038805  0.016427613936  0.016427613936  0.012631218227  0.016563676328  0.016427613936  0.013303402084  0.012269583273  0.012684628022  0.009878635871  0.004461038355  0.016673028765  
catreus_wallichi 0.016427613936  0.000000000000  0.007505870176  0.000000000000  0.020163109350  0.018715945330  0.007522606224  0.000000000000  0.000000000000  0.000000000000  0.014986332985  0.018711613868  0.012255272669  0.003892049735  0.031015327815  0.000000000000  0.008974074443  0.011299099477  
chrysolophus_pictus 0.008283021504  0.007505870176  0.000000000000  0.004220586419  0.020144042047  0.019026541357  0.007620265007  0.007505870176  0.007505870176  0.007591340637  0.015211497058  0.019000455995  0.012219604721  0.007940762251  0.031020622923  0.000000000000  0.004465605314  0.011289234368  
crossoptilon_crossoptilon 0.016772049492  0.000000000000  0.004220586419  0.000000000000  0.017978294381  0.008317468896  0.008338034274  0.000000000000  0.000000000000  0.000000000000  0.008408143519  0.008338034274  0.009055340234  0.004150515518  0.008625728571  0.000000000000  0.008974074443  0.012738491431  
cyrtonyx_montezumae 0.013115392348  0.020163109350  0.020144042047  0.017978294381  0.000000000000  0.016097041677  0.012109497178  0.020163109350  0.020163109350  0.020163109350  0.024454593003  0.016097041677  0.020578069983  0.012525736748  0.028457637392  0.009878635871  0.008950247889  0.020163109350  
galgal4    0.016399582138  0.018715945330  0.019026541357  0.008317468896  0.016097041677  0.000000000000  0.015153866182  0.018715945330  0.018715945330  0.019219581463  0.026565651527  0.007422302922  0.012208055529  0.011741337455  0.023213854906  0.000000000000  0.004465605314  0.018995989752  
lophophorus_impejanus 0.008148038805  0.007522606224  0.007620265007  0.008338034274  0.012109497178  0.015153866182  0.000000000000  0.007522606224  0.007522606224  0.007726030282  0.011384861642  0.015156698725  0.012255272669  0.003892049735  0.027487029273  0.004927719404  0.000000000000  0.011471935712  
lophura_inornata 0.016427613936  0.000000000000  0.007505870176  0.000000000000  0.020163109350  0.018715945330  0.007522606224  0.000000000000  0.000000000000  0.000000000000  0.014986332985  0.018711613868  0.012255272669  0.003892049735  0.031015327815  0.000000000000  0.008974074443  0.011299099477  
lophura_nycthemera 0.016427613936  0.000000000000  0.007505870176  0.000000000000  0.020163109350  0.018715945330  0.007522606224  0.000000000000  0.000000000000  0.000000000000  0.014986332985  0.018711613868  0.012255272669  0.003892049735  0.031015327815  0.000000000000  0.008974074443  0.011299099477  
lophura_swinhoii 0.012631218227  0.000000000000  0.007591340637  0.000000000000  0.020163109350  0.019219581463  0.007726030282  0.000000000000  0.000000000000  0.000000000000  0.015389971472  0.019215009962  0.012255272669  0.004001056554  0.031015327815  0.000000000000  0.008974074443  0.011428232814  
melgal2    0.016563676328  0.014986332985  0.015211497058  0.008408143519  0.024454593003  0.026565651527  0.011384861642  0.014986332985  0.014986332985  0.015389971472  0.000000000000  0.026546294229  0.016495364534  0.015842011860  0.027270320673  0.004976768092  0.009055340234  0.019068439561  
pavo_cristatus 0.016427613936  0.018711613868  0.019000455995  0.008338034274  0.016097041677  0.007422302922  0.015156698725  0.018711613868  0.018711613868  0.019215009962  0.026546294229  0.000000000000  0.012208055529  0.011774257339  0.019289143448  0.000000000000  0.004465605314  0.022860039812  
perdix_dauuricae 0.013303402084  0.012255272669  0.012219604721  0.009055340234  0.020578069983  0.012208055529  0.012255272669  0.012255272669  0.012255272669  0.012255272669  0.016495364534  0.012208055529  0.000000000000  0.012723074460  0.020474011626  0.004927719404  0.009096527592  0.012255272669  
phasianus_colchicus 0.012269583273  0.003892049735  0.007940762251  0.004150515518  0.012525736748  0.011741337455  0.003892049735  0.003892049735  0.003892049735  0.004001056554  0.015842011860  0.011774257339  0.012723074460  0.000000000000  0.020370687190  0.004927719404  0.004465605314  0.015968508495  
rollulus_rouloul 0.012684628022  0.031015327815  0.031020622923  0.008625728571  0.028457637392  0.023213854906  0.027487029273  0.031015327815  0.031015327815  0.031015327815  0.027270320673  0.019289143448  0.020474011626  0.020370687190  0.000000000000  0.000000000000  0.008974074443  0.034995006082  
syrmaticus_ellioti 0.009878635871  0.000000000000  0.000000000000  0.000000000000  0.009878635871  0.000000000000  0.004927719404  0.000000000000  0.000000000000  0.000000000000  0.004976768092  0.000000000000  0.004927719404  0.004927719404  0.000000000000  0.000000000000  0.004927719404  0.004927719404  
syrmaticus_reevesii 0.004461038355  0.008974074443  0.004465605314  0.008974074443  0.008950247889  0.004465605314  0.000000000000  0.008974074443  0.008974074443  0.008974074443  0.009055340234  0.004465605314  0.009096527592  0.004465605314  0.008974074443  0.004927719404  0.000000000000  0.008974074443  
tragopan_blythii 0.016673028765  0.011299099477  0.011289234368  0.012738491431  0.020163109350  0.018995989752  0.011471935712  0.011299099477  0.011299099477  0.011428232814  0.019068439561  0.022860039812  0.012255272669  0.015968508495  0.034995006082  0.004927719404  0.008974074443  0.000000000000  

