18
alectoris_rufa 0.000000000000  0.008104511392  0.010163921283  0.008104511392  0.012162529549  0.016218334165  0.000000000000  0.008104511392  0.008104511392  0.012839256815  0.011509244939  0.008071801511  0.008446807218  0.004034051669  0.016243512171  0.006177077390  0.016357325959  0.000000000000  
catreus_wallichi 0.008104511392  0.000000000000  0.000000000000  0.000000000000  0.019847863360  0.017259646139  0.007329212936  0.000000000000  0.002433739076  0.002558262249  0.011931105116  0.009814759465  0.000000000000  0.002551734227  0.014117373603  0.003077963647  0.005117987757  0.006456247118  
chrysolophus_pictus 0.010163921283  0.000000000000  0.000000000000  0.000000000000  0.019763792198  0.016850394298  0.008349105137  0.000000000000  0.002770925489  0.000000000000  0.011931105116  0.011187333554  0.000000000000  0.002924915749  0.013103733712  0.003077963647  0.002916385537  0.006456247118  
crossoptilon_crossoptilon 0.008104511392  0.000000000000  0.000000000000  0.000000000000  0.014227673660  0.014178156910  0.008466926489  0.000000000000  0.000000000000  0.002907904936  0.010664096362  0.011346006250  0.000000000000  0.002809855109  0.014197552340  0.003705215021  0.005637325641  0.007850022376  
cyrtonyx_montezumae 0.012162529549  0.019847863360  0.019763792198  0.014227673660  0.000000000000  0.027349425873  0.017285079155  0.019847863360  0.022391405291  0.020884311761  0.027295289250  0.014766976014  0.017757988436  0.012905540333  0.014077622901  0.018790979636  0.015531561855  0.016317285508  
galgal4    0.016218334165  0.017259646139  0.016850394298  0.014178156910  0.027349425873  0.000000000000  0.019754933476  0.017259646139  0.019777770262  0.018155022720  0.030368593832  0.017217190158  0.017696014508  0.012864813691  0.016903757956  0.021946258205  0.020752709370  0.019603453953  
lophophorus_impejanus 0.000000000000  0.007329212936  0.008349105137  0.008466926489  0.017285079155  0.019754933476  0.000000000000  0.007329212936  0.009797651989  0.010302364514  0.014940801632  0.007329212936  0.007512758087  0.005110870674  0.014098197794  0.006166706466  0.012880762156  0.003214404552  
lophura_inornata 0.008104511392  0.000000000000  0.000000000000  0.000000000000  0.019847863360  0.017259646139  0.007329212936  0.000000000000  0.002433739076  0.002558262249  0.011931105116  0.009814759465  0.000000000000  0.002551734227  0.014117373603  0.003077963647  0.005117987757  0.006456247118  
lophura_nycthemera 0.008104511392  0.002433739076  0.002770925489  0.000000000000  0.022391405291  0.019777770262  0.009797651989  0.002433739076  0.000000000000  0.002558262249  0.014962355534  0.012302188795  0.002494447572  0.002551734227  0.014117373603  0.006177077390  0.005117987757  0.009719362532  
lophura_swinhoii 0.012839256815  0.002558262249  0.000000000000  0.002907904936  0.020884311761  0.018155022720  0.010302364514  0.002558262249  0.002558262249  0.000000000000  0.012222782432  0.012938939419  0.002558262249  0.005280131441  0.017591538178  0.003155668213  0.005280131441  0.006627402717  
melgal2    0.011509244939  0.011931105116  0.011931105116  0.010664096362  0.027295289250  0.030368593832  0.014940801632  0.011931105116  0.014962355534  0.012222782432  0.000000000000  0.014962355534  0.011931105116  0.015864437398  0.021381564403  0.009307547846  0.012647935827  0.013018433635  
pavo_cristatus 0.008071801511  0.009814759465  0.011187333554  0.011346006250  0.014766976014  0.017217190158  0.007329212936  0.009814759465  0.012302188795  0.012938939419  0.014962355534  0.000000000000  0.010061651168  0.007698926766  0.011227783255  0.006177077390  0.015531561855  0.003216571052  
perdix_dauuricae 0.008446807218  0.000000000000  0.000000000000  0.000000000000  0.017757988436  0.017696014508  0.007512758087  0.000000000000  0.002494447572  0.002558262249  0.011931105116  0.010061651168  0.000000000000  0.002618552921  0.014527587122  0.003077963647  0.002611713990  0.006456247118  
phasianus_colchicus 0.004034051669  0.002551734227  0.002924915749  0.002809855109  0.012905540333  0.012864813691  0.005110870674  0.002551734227  0.002551734227  0.005280131441  0.015864437398  0.007698926766  0.002618552921  0.000000000000  0.011259389132  0.006562166376  0.007698926766  0.003425948315  
rollulus_rouloul 0.016243512171  0.014117373603  0.013103733712  0.014197552340  0.014077622901  0.016903757956  0.014098197794  0.014117373603  0.014117373603  0.017591538178  0.021381564403  0.011227783255  0.014527587122  0.011259389132  0.000000000000  0.014855856398  0.019888254531  0.011704265128  
syrmaticus_ellioti 0.006177077390  0.003077963647  0.003077963647  0.003705215021  0.018790979636  0.021946258205  0.006166706466  0.003077963647  0.006177077390  0.003155668213  0.009307547846  0.006177077390  0.003077963647  0.006562166376  0.014855856398  0.000000000000  0.003269148521  0.003216571052  
syrmaticus_reevesii 0.016357325959  0.005117987757  0.002916385537  0.005637325641  0.015531561855  0.020752709370  0.012880762156  0.005117987757  0.005117987757  0.005280131441  0.012647935827  0.015531561855  0.002611713990  0.007698926766  0.019888254531  0.003269148521  0.000000000000  0.006878119782  
tragopan_blythii 0.000000000000  0.006456247118  0.006456247118  0.007850022376  0.016317285508  0.019603453953  0.003214404552  0.006456247118  0.009719362532  0.006627402717  0.013018433635  0.003216571052  0.006456247118  0.003425948315  0.011704265128  0.003216571052  0.006878119782  0.000000000000  

