18
alectoris_rufa 0.000000000000  0.008408179168  0.012631413217  0.006291974787  0.008408179168  0.004185266506  0.004194043158  0.006291974787  0.006291974787  0.008408179168  0.004185266506  0.008394592467  0.008394592467  0.007163377601  0.004180089966  0.008874560413  0.010674528010  0.016753208690  
catreus_wallichi 0.008408179168  0.000000000000  0.008369713382  0.002083618941  0.010511818491  0.010511818491  0.004185266506  0.002083618941  0.002083618941  0.006278805894  0.004176526510  0.014756966379  0.008377011680  0.002375668811  0.010494044538  0.002202962650  0.005306926452  0.009983184360  
chrysolophus_pictus 0.012631413217  0.008369713382  0.000000000000  0.006039304648  0.014198777163  0.014198777163  0.008082214490  0.006100711835  0.006088330698  0.010309601354  0.010096448029  0.020387887030  0.012136767105  0.004646209691  0.014214800617  0.008851257174  0.010640797528  0.013337362853  
crossoptilon_crossoptilon 0.006291974787  0.002083618941  0.006039304648  0.000000000000  0.008085255070  0.008085255070  0.002012338727  0.000000000000  0.000000000000  0.004107899067  0.004020434502  0.014217425085  0.006042191480  0.002320540343  0.008089017935  0.002202962650  0.002645964692  0.009983184360  
cyrtonyx_montezumae 0.008408179168  0.010511818491  0.014198777163  0.008085255070  0.000000000000  0.008085255070  0.006063079043  0.008167805621  0.008151160928  0.008252059288  0.008072692563  0.014217425085  0.010112013717  0.006996316902  0.008089017935  0.008874560413  0.007983056253  0.013355993451  
galgal4    0.004185266506  0.010511818491  0.014198777163  0.008085255070  0.008085255070  0.000000000000  0.006063079043  0.008167805621  0.008151160928  0.008252059288  0.008072692563  0.010112013717  0.010112013717  0.006996316902  0.004028532756  0.008874560413  0.010674528010  0.013355993451  
lophophorus_impejanus 0.004194043158  0.004185266506  0.008082214490  0.002012338727  0.006063079043  0.006063079043  0.000000000000  0.002032792090  0.002028668223  0.006188144855  0.002011384192  0.012184928423  0.004028532756  0.002325937786  0.006066628884  0.004426084663  0.005321045802  0.010016517531  
lophura_inornata 0.006291974787  0.002083618941  0.006100711835  0.000000000000  0.008167805621  0.008167805621  0.002032792090  0.000000000000  0.000000000000  0.004107899067  0.004061254666  0.014363299272  0.006103657891  0.002347781001  0.008154985117  0.002202962650  0.002645964692  0.009983184360  
lophura_nycthemera 0.006291974787  0.002083618941  0.006088330698  0.000000000000  0.008151160928  0.008151160928  0.002028668223  0.000000000000  0.000000000000  0.004107899067  0.004053024455  0.014333885435  0.006091264764  0.002342281825  0.008138392655  0.002202962650  0.002645964692  0.009983184360  
lophura_swinhoii 0.008408179168  0.006278805894  0.010309601354  0.004107899067  0.008252059288  0.008252059288  0.006188144855  0.004107899067  0.004107899067  0.000000000000  0.008238972758  0.010320748064  0.010320748064  0.002375668811  0.008238972758  0.004416311107  0.005306926452  0.009983184360  
melgal2    0.004185266506  0.004176526510  0.010096448029  0.004020434502  0.008072692563  0.008072692563  0.002011384192  0.004061254666  0.004053024455  0.008238972758  0.000000000000  0.014198777163  0.006039304648  0.002320540343  0.008082214490  0.004416311107  0.005306926452  0.009983184360  
pavo_cristatus 0.008394592467  0.014756966379  0.020387887030  0.014217425085  0.014217425085  0.010112013717  0.012184928423  0.014363299272  0.014333885435  0.010320748064  0.014198777163  0.000000000000  0.016260997262  0.011719130581  0.010121764032  0.013350862245  0.016068406675  0.020175185865  
perdix_dauuricae 0.008394592467  0.008377011680  0.012136767105  0.006042191480  0.010112013717  0.010112013717  0.004028532756  0.006103657891  0.006091264764  0.010320748064  0.006039304648  0.016260997262  0.000000000000  0.006984739090  0.010121764032  0.008859423597  0.010652622327  0.016723705605  
phasianus_colchicus 0.007163377601  0.002375668811  0.004646209691  0.002320540343  0.006996316902  0.006996316902  0.002325937786  0.002347781001  0.002342281825  0.002375668811  0.002320540343  0.011719130581  0.006984739090  0.000000000000  0.007001039456  0.004855944594  0.006194533726  0.010281249854  
rollulus_rouloul 0.004180089966  0.010494044538  0.014214800617  0.008089017935  0.008089017935  0.004028532756  0.006066628884  0.008154985117  0.008138392655  0.008238972758  0.008082214490  0.010121764032  0.010121764032  0.007001039456  0.000000000000  0.008859423597  0.010652622327  0.016723705605  
syrmaticus_ellioti 0.008874560413  0.002202962650  0.008851257174  0.002202962650  0.008874560413  0.008874560413  0.004426084663  0.002202962650  0.002202962650  0.004416311107  0.004416311107  0.013350862245  0.008859423597  0.004855944594  0.008859423597  0.000000000000  0.005496531519  0.013355993451  
syrmaticus_reevesii 0.010674528010  0.005306926452  0.010640797528  0.002645964692  0.007983056253  0.010674528010  0.005321045802  0.002645964692  0.002645964692  0.005306926452  0.005306926452  0.016068406675  0.010652622327  0.006194533726  0.010652622327  0.005496531519  0.000000000000  0.013355993451  
tragopan_blythii 0.016753208690  0.009983184360  0.013337362853  0.009983184360  0.013355993451  0.013355993451  0.010016517531  0.009983184360  0.009983184360  0.009983184360  0.009983184360  0.020175185865  0.016723705605  0.010281249854  0.016723705605  0.013355993451  0.013355993451  0.000000000000  

