18
alectoris_rufa 0.000000000000  0.045901400873  0.040588606329  0.031232521381  0.104926445777  0.040055353810  0.022912080341  0.029987311828  0.040261609291  0.039433110078  0.040261609291  0.048193827475  0.033066131384  0.034732690252  0.043022132736  0.031839333788  0.029115213918  0.029696164849  
catreus_wallichi 0.045901400873  0.000000000000  0.020820932211  0.014892652309  0.112657860740  0.042180017839  0.025275778384  0.012774383852  0.015405167871  0.020386842575  0.025979554739  0.047431400237  0.028834148260  0.015431071406  0.047905068142  0.013507785078  0.013931220331  0.026345200836  
chrysolophus_pictus 0.040588606329  0.020820932211  0.000000000000  0.011267857218  0.104037932888  0.034231234664  0.019698308195  0.003196660095  0.010293528800  0.017604579432  0.020820932211  0.047809572568  0.019238391416  0.005124269410  0.042677683235  0.006704688686  0.006928816382  0.018451952662  
crossoptilon_crossoptilon 0.031232521381  0.014892652309  0.011267857218  0.000000000000  0.110520271512  0.030280117931  0.014918505330  0.007399231321  0.003692403904  0.000000000000  0.018687799619  0.034075885323  0.014918505330  0.007399231321  0.034075885323  0.004569843498  0.000000000000  0.014918505330  
cyrtonyx_montezumae 0.104926445777  0.112657860740  0.104037932888  0.110520271512  0.000000000000  0.102662926645  0.092854746446  0.100778110002  0.109469842005  0.114866986341  0.109469842005  0.105246730799  0.110682149393  0.103340168649  0.109286126946  0.067768032167  0.086213327939  0.095779392040  
galgal4    0.040055353810  0.042180017839  0.034231234664  0.030280117931  0.102662926645  0.000000000000  0.019533381696  0.029289771201  0.036684346988  0.035474016101  0.036684346988  0.047151600408  0.038852101029  0.031307484772  0.039362134518  0.020375620401  0.024679475061  0.021026138631  
lophophorus_impejanus 0.022912080341  0.025275778384  0.019698308195  0.014918505330  0.092854746446  0.019533381696  0.000000000000  0.007026184842  0.019533381696  0.023376713899  0.016690911569  0.033830769438  0.010444049910  0.013889523177  0.028083602819  0.016950453713  0.017537725456  0.002792537041  
lophura_inornata 0.029987311828  0.012774383852  0.003196660095  0.007399231321  0.100778110002  0.029289771201  0.007026184842  0.000000000000  0.006343187333  0.010629074513  0.012774383852  0.025793577999  0.015982894553  0.000000000000  0.032779873002  0.004528454449  0.000000000000  0.006356266584  
lophura_nycthemera 0.040261609291  0.015405167871  0.010293528800  0.003692403904  0.109469842005  0.036684346988  0.019533381696  0.006343187333  0.000000000000  0.008658708175  0.020659598649  0.047431400237  0.022283865050  0.005085182376  0.042338708342  0.003346424157  0.006928816382  0.020953858035  
lophura_swinhoii 0.039433110078  0.020386842575  0.017604579432  0.000000000000  0.114866986341  0.035474016101  0.023376713899  0.010629074513  0.008658708175  0.000000000000  0.023376713899  0.047697735350  0.021241359503  0.014493495696  0.047697735350  0.010583154250  0.013972028369  0.023376713899  
melgal2    0.040261609291  0.025979554739  0.020820932211  0.018687799619  0.109469842005  0.036684346988  0.016690911569  0.012774383852  0.020659598649  0.023376713899  0.000000000000  0.047431400237  0.022283865050  0.015431071406  0.042338708342  0.020421130314  0.024679475061  0.020953858035  
pavo_cristatus 0.048193827475  0.047431400237  0.047809572568  0.034075885323  0.105246730799  0.047151600408  0.033830769438  0.025793577999  0.047431400237  0.047697735350  0.047431400237  0.000000000000  0.035389699844  0.041968177071  0.052945971224  0.041543683511  0.035518559525  0.034393940234  
perdix_dauuricae 0.033066131384  0.028834148260  0.019238391416  0.014918505330  0.110682149393  0.038852101029  0.010444049910  0.015982894553  0.022283865050  0.021241359503  0.022283865050  0.035389699844  0.000000000000  0.015831069760  0.042490990891  0.013546140576  0.007916130662  0.015831069760  
phasianus_colchicus 0.034732690252  0.015431071406  0.005124269410  0.007399231321  0.103340168649  0.031307484772  0.013889523177  0.000000000000  0.005085182376  0.014493495696  0.015431071406  0.041968177071  0.015831069760  0.000000000000  0.036877004999  0.003346424157  0.006928816382  0.015646220241  
rollulus_rouloul 0.043022132736  0.047905068142  0.042677683235  0.034075885323  0.109286126946  0.039362134518  0.028083602819  0.032779873002  0.042338708342  0.047697735350  0.042338708342  0.052945971224  0.042490990891  0.036877004999  0.000000000000  0.027289637121  0.035453823508  0.031939301426  
syrmaticus_ellioti 0.031839333788  0.013507785078  0.006704688686  0.004569843498  0.067768032167  0.020375620401  0.016950453713  0.004528454449  0.003346424157  0.010583154250  0.020421130314  0.041543683511  0.013546140576  0.003346424157  0.027289637121  0.000000000000  0.011651938174  0.020799483836  
syrmaticus_reevesii 0.029115213918  0.013931220331  0.006928816382  0.000000000000  0.086213327939  0.024679475061  0.017537725456  0.000000000000  0.006928816382  0.013972028369  0.024679475061  0.035518559525  0.007916130662  0.006928816382  0.035453823508  0.011651938174  0.000000000000  0.017537725456  
tragopan_blythii 0.029696164849  0.026345200836  0.018451952662  0.014918505330  0.095779392040  0.021026138631  0.002792537041  0.006356266584  0.020953858035  0.023376713899  0.020953858035  0.034393940234  0.015831069760  0.015646220241  0.031939301426  0.020799483836  0.017537725456  0.000000000000  

