18
alectoris_rufa 0.000000000000  0.004697944874  0.004697944874  0.004697944874  0.004697944874  0.004697944874  0.004697944874  0.004697944874  0.004697944874  0.004742505361  0.004697944874  0.004697944874  0.004697944874  0.004697944874  0.004697944874  0.004697944874  0.004697944874  0.004697944874  
catreus_wallichi 0.004697944874  0.000000000000  0.002637670790  0.002644646514  0.015872416476  0.007867066141  0.007867066141  0.005757789590  0.005230730413  0.005258235008  0.002610132046  0.005371208087  0.002848010550  0.002610132046  0.000000000000  0.003047644833  0.003434985005  0.005774413655  
chrysolophus_pictus 0.004697944874  0.002637670790  0.000000000000  0.000000000000  0.013217836146  0.005239475515  0.005239475515  0.002908161937  0.002611921255  0.002625637211  0.000000000000  0.002681972476  0.000000000000  0.000000000000  0.000000000000  0.000000000000  0.000000000000  0.002916644041  
crossoptilon_crossoptilon 0.004697944874  0.002644646514  0.000000000000  0.000000000000  0.013394901312  0.005309017520  0.005309017520  0.002916644041  0.002646483389  0.002660565718  0.000000000000  0.002718426314  0.000000000000  0.000000000000  0.000000000000  0.000000000000  0.000000000000  0.002883009074  
cyrtonyx_montezumae 0.004697944874  0.015872416476  0.013217836146  0.013394901312  0.000000000000  0.013079519451  0.013079519451  0.011613586866  0.010432254964  0.010486958866  0.013079519451  0.010711634724  0.005718906889  0.013079519451  0.000000000000  0.015419155071  0.003438085175  0.011647405884  
galgal4    0.004697944874  0.007867066141  0.005239475515  0.005309017520  0.013079519451  0.000000000000  0.000000000000  0.008681260656  0.007800858193  0.007841640288  0.005185140048  0.002653505870  0.002850141027  0.005185140048  0.000000000000  0.006102829322  0.000000000000  0.008706455817  
lophophorus_impejanus 0.004697944874  0.007867066141  0.005239475515  0.005309017520  0.013079519451  0.000000000000  0.000000000000  0.008681260656  0.007800858193  0.007841640288  0.005185140048  0.002653505870  0.002850141027  0.005185140048  0.000000000000  0.006102829322  0.000000000000  0.008706455817  
lophura_inornata 0.004697944874  0.005757789590  0.002908161937  0.002916644041  0.011613586866  0.008681260656  0.008681260656  0.000000000000  0.000000000000  0.000000000000  0.002874721197  0.005768390930  0.003165962662  0.002874721197  0.000000000000  0.003050084726  0.003438085175  0.006178240040  
lophura_nycthemera 0.004697944874  0.005230730413  0.002611921255  0.002646483389  0.010432254964  0.007800858193  0.007800858193  0.000000000000  0.000000000000  0.000000000000  0.002584914800  0.005323148036  0.002850141027  0.002584914800  0.000000000000  0.003040809961  0.003438085175  0.005785076462  
lophura_swinhoii 0.004742505361  0.005258235008  0.002625637211  0.002660565718  0.010486958866  0.007841640288  0.007841640288  0.000000000000  0.000000000000  0.000000000000  0.002598347855  0.005351635937  0.002866480834  0.002598347855  0.000000000000  0.003059416242  0.003461889842  0.005818738801  
melgal2    0.004697944874  0.002610132046  0.000000000000  0.000000000000  0.013079519451  0.005185140048  0.005185140048  0.002874721197  0.002584914800  0.002598347855  0.000000000000  0.002653505870  0.000000000000  0.000000000000  0.000000000000  0.000000000000  0.000000000000  0.002883009074  
pavo_cristatus 0.004697944874  0.005371208087  0.002681972476  0.002718426314  0.010711634724  0.002653505870  0.002653505870  0.005768390930  0.005323148036  0.005351635937  0.002653505870  0.000000000000  0.002933757557  0.002653505870  0.000000000000  0.003040809961  0.000000000000  0.005785076462  
perdix_dauuricae 0.004697944874  0.002848010550  0.000000000000  0.000000000000  0.005718906889  0.002850141027  0.002850141027  0.003165962662  0.002850141027  0.002866480834  0.000000000000  0.002933757557  0.000000000000  0.000000000000  0.000000000000  0.000000000000  0.000000000000  0.002959807730  
phasianus_colchicus 0.004697944874  0.002610132046  0.000000000000  0.000000000000  0.013079519451  0.005185140048  0.005185140048  0.002874721197  0.002584914800  0.002598347855  0.000000000000  0.002653505870  0.000000000000  0.000000000000  0.000000000000  0.000000000000  0.000000000000  0.002883009074  
rollulus_rouloul 0.004697944874  0.000000000000  0.000000000000  0.000000000000  0.000000000000  0.000000000000  0.000000000000  0.000000000000  0.000000000000  0.000000000000  0.000000000000  0.000000000000  0.000000000000  0.000000000000  0.000000000000  0.000000000000  0.000000000000  0.000000000000  
syrmaticus_ellioti 0.004697944874  0.003047644833  0.000000000000  0.000000000000  0.015419155071  0.006102829322  0.006102829322  0.003050084726  0.003040809961  0.003059416242  0.000000000000  0.003040809961  0.000000000000  0.000000000000  0.000000000000  0.000000000000  0.000000000000  0.003280198003  
syrmaticus_reevesii 0.004697944874  0.003434985005  0.000000000000  0.000000000000  0.003438085175  0.000000000000  0.000000000000  0.003438085175  0.003438085175  0.003461889842  0.000000000000  0.000000000000  0.000000000000  0.000000000000  0.000000000000  0.000000000000  0.000000000000  0.000000000000  
tragopan_blythii 0.004697944874  0.005774413655  0.002916644041  0.002883009074  0.011647405884  0.008706455817  0.008706455817  0.006178240040  0.005785076462  0.005818738801  0.002883009074  0.005785076462  0.002959807730  0.002883009074  0.000000000000  0.003280198003  0.000000000000  0.000000000000  

