18
alectoris_rufa 0.000000000000  0.023537147303  0.031612493142  0.028845091720  0.011065136889  0.018262667167  0.026232254014  0.013369816912  0.023537147303  0.026184678125  0.028890120592  0.020858634281  0.028944161296  0.000000000000  0.034534611177  0.007011391490  0.026184678125  0.028845091720  
catreus_wallichi 0.023537147303  0.000000000000  0.007022356897  0.007018645027  0.010523441222  0.016598744959  0.007033292801  0.000000000000  0.000000000000  0.002330601830  0.007022356897  0.014137620350  0.009403221065  0.000000000000  0.029039653876  0.000000000000  0.002330601830  0.007018645027  
chrysolophus_pictus 0.031612493142  0.007022356897  0.000000000000  0.014823829841  0.026603709895  0.024459632387  0.016726504582  0.007826137057  0.007365010459  0.009122051186  0.020530431403  0.030149333564  0.022487009485  0.000000000000  0.038661705037  0.003498348847  0.012945552497  0.012945552497  
crossoptilon_crossoptilon 0.028845091720  0.007018645027  0.014823829841  0.000000000000  0.024501944734  0.026314754345  0.016710251810  0.007820147786  0.007359708513  0.009120794370  0.020507814319  0.030114947401  0.022461070563  0.000000000000  0.034610469628  0.003495607956  0.012940097933  0.016698563413  
cyrtonyx_montezumae 0.011065136889  0.010523441222  0.026603709895  0.024501944734  0.000000000000  0.020370048353  0.022410284844  0.022431896039  0.020346419498  0.010201367793  0.026603709895  0.024427538179  0.026722807737  0.000000000000  0.014235640935  0.006976049533  0.020369679886  0.022394198482  
galgal4    0.018262667167  0.016598744959  0.024459632387  0.026314754345  0.020370048353  0.000000000000  0.024405644567  0.015824313160  0.018674384846  0.018476801761  0.024405644567  0.032153954901  0.026387696969  0.000000000000  0.028822608026  0.007025057741  0.024385641948  0.020552892076  
lophophorus_impejanus 0.026232254014  0.007033292801  0.016726504582  0.016710251810  0.022410284844  0.024405644567  0.000000000000  0.009804234137  0.009225349546  0.009130212858  0.018624310372  0.032103546732  0.020568827644  0.000000000000  0.036647935722  0.003498348847  0.014823829841  0.014823829841  
lophura_inornata 0.013369816912  0.000000000000  0.007826137057  0.007820147786  0.022431896039  0.015824313160  0.009804234137  0.000000000000  0.001946093897  0.002444547414  0.015793070562  0.017836425060  0.015824313160  0.000000000000  0.024114133545  0.000000000000  0.007820147786  0.011778462322  
lophura_nycthemera 0.023537147303  0.000000000000  0.007365010459  0.007359708513  0.020346419498  0.018674384846  0.009225349546  0.001946093897  0.000000000000  0.002267194566  0.012970065045  0.022444940860  0.014882216396  0.000000000000  0.030692843971  0.000000000000  0.005510309497  0.009217003105  
lophura_swinhoii 0.026184678125  0.002330601830  0.009122051186  0.009120794370  0.010201367793  0.018476801761  0.009130212858  0.002444547414  0.002267194566  0.000000000000  0.009122051186  0.016065372550  0.011442158002  0.000000000000  0.030614500637  0.000000000000  0.006826978246  0.009120794370  
melgal2    0.028890120592  0.007022356897  0.020530431403  0.020507814319  0.026603709895  0.024405644567  0.018624310372  0.015793070562  0.012970065045  0.009122051186  0.000000000000  0.028203859561  0.020568827644  0.000000000000  0.036647935722  0.007025057741  0.018604889345  0.014823829841  
pavo_cristatus 0.020858634281  0.014137620350  0.030149333564  0.030114947401  0.024427538179  0.032153954901  0.032103546732  0.017836425060  0.022444940860  0.016065372550  0.028203859561  0.000000000000  0.034131204907  0.000000000000  0.034477827682  0.006976049533  0.028172802671  0.028172802671  
perdix_dauuricae 0.028944161296  0.009403221065  0.022487009485  0.022461070563  0.026722807737  0.026387696969  0.020568827644  0.015824313160  0.014882216396  0.011442158002  0.020568827644  0.034131204907  0.000000000000  0.000000000000  0.034710278998  0.003498348847  0.018683124929  0.016741338305  
phasianus_colchicus 0.000000000000  0.000000000000  0.000000000000  0.000000000000  0.000000000000  0.000000000000  0.000000000000  0.000000000000  0.000000000000  0.000000000000  0.000000000000  0.000000000000  0.000000000000  0.000000000000  0.000000000000  0.000000000000  0.000000000000  0.010248983891  
rollulus_rouloul 0.034534611177  0.029039653876  0.038661705037  0.034610469628  0.014235640935  0.028822608026  0.036647935722  0.024114133545  0.030692843971  0.030614500637  0.036647935722  0.034477827682  0.034710278998  0.000000000000  0.000000000000  0.010506476808  0.036611426117  0.032618674393  
syrmaticus_ellioti 0.007011391490  0.000000000000  0.003498348847  0.003495607956  0.006976049533  0.007025057741  0.003498348847  0.000000000000  0.000000000000  0.000000000000  0.007025057741  0.006976049533  0.003498348847  0.000000000000  0.010506476808  0.000000000000  0.000000000000  0.010547397437  
syrmaticus_reevesii 0.026184678125  0.002330601830  0.012945552497  0.012940097933  0.020369679886  0.024385641948  0.014823829841  0.007820147786  0.005510309497  0.006826978246  0.018604889345  0.028172802671  0.018683124929  0.000000000000  0.036611426117  0.000000000000  0.000000000000  0.014815271836  
tragopan_blythii 0.028845091720  0.007018645027  0.012945552497  0.016698563413  0.022394198482  0.020552892076  0.014823829841  0.011778462322  0.009217003105  0.009120794370  0.014823829841  0.028172802671  0.016741338305  0.010248983891  0.032618674393  0.010547397437  0.014815271836  0.000000000000  

