18
alectoris_rufa 0.000000000000  0.021147242038  0.021405959903  0.018707140788  0.027313954733  0.030175164749  0.018065517972  0.018626415770  0.017903777678  0.013544975082  0.017903777678  0.014891443553  0.024053203898  0.019625065992  0.021463802758  0.008320437563  0.024250253212  0.008629363352  
catreus_wallichi 0.021147242038  0.000000000000  0.006083300258  0.006165741356  0.024250253212  0.027374847622  0.008964595312  0.003059173243  0.002968365461  0.003356993634  0.008964595312  0.011964776744  0.008945196939  0.006464691292  0.030913588862  0.004151354168  0.008964595312  0.008629363352  
chrysolophus_pictus 0.021405959903  0.006083300258  0.000000000000  0.006165741356  0.024776100567  0.027127240032  0.009156124012  0.003126116839  0.002950847013  0.003356993634  0.005903726878  0.012146447730  0.009080579581  0.006464691292  0.031597528741  0.004151354168  0.009156124012  0.004293961250  
crossoptilon_crossoptilon 0.018707140788  0.006165741356  0.006165741356  0.000000000000  0.018792562553  0.028346582851  0.009277149042  0.003173339620  0.003075735739  0.003354293628  0.006165741356  0.009277149042  0.009270204347  0.006467291051  0.032071491940  0.004147225211  0.009277149042  0.004293961250  
cyrtonyx_montezumae 0.027313954733  0.024250253212  0.024776100567  0.018792562553  0.000000000000  0.033609936820  0.021147242038  0.021806130260  0.021147242038  0.016993897154  0.021147242038  0.018032401857  0.027313954733  0.026351355585  0.037286153191  0.016785000011  0.027374847622  0.008629363352  
galgal4    0.030175164749  0.027374847622  0.027127240032  0.028346582851  0.033609936820  0.000000000000  0.018065517972  0.025008512108  0.023606097930  0.023972209985  0.023536631781  0.020978475743  0.030266525018  0.029752648980  0.040522454085  0.021151382525  0.030521327621  0.026303591181  
lophophorus_impejanus 0.018065517972  0.008964595312  0.009156124012  0.009277149042  0.021147242038  0.018065517972  0.000000000000  0.006139322132  0.005956475753  0.003356993634  0.005956475753  0.008945196939  0.011964776744  0.009728421548  0.027736046138  0.004151354168  0.011992993922  0.008629363352  
lophura_inornata 0.018626415770  0.003059173243  0.003126116839  0.003173339620  0.021806130260  0.025008512108  0.006139322132  0.000000000000  0.000000000000  0.000000000000  0.006139322132  0.009220123249  0.006127957615  0.003224502008  0.028618176885  0.000000000000  0.006139322132  0.004486616350  
lophura_nycthemera 0.017903777678  0.002968365461  0.002950847013  0.003075735739  0.021147242038  0.023606097930  0.005956475753  0.000000000000  0.000000000000  0.000000000000  0.005800983165  0.008892167526  0.005910635022  0.003224502008  0.027736046138  0.000000000000  0.005956475753  0.004293961250  
lophura_swinhoii 0.013544975082  0.003356993634  0.003356993634  0.003354293628  0.016993897154  0.023972209985  0.003356993634  0.000000000000  0.000000000000  0.000000000000  0.000000000000  0.003356993634  0.003356993634  0.003411509892  0.017347701309  0.000000000000  0.006739262699  0.004388175255  
melgal2    0.017903777678  0.008964595312  0.005903726878  0.006165741356  0.021147242038  0.023536631781  0.005956475753  0.006139322132  0.005800983165  0.000000000000  0.000000000000  0.008892167526  0.011893621007  0.006464691292  0.027736046138  0.000000000000  0.011992993922  0.004293961250  
pavo_cristatus 0.014891443553  0.011964776744  0.012146447730  0.009277149042  0.018032401857  0.020978475743  0.008945196939  0.009220123249  0.008892167526  0.003356993634  0.008892167526  0.000000000000  0.014891443553  0.009728421548  0.024569179682  0.000000000000  0.015004790936  0.004293961250  
perdix_dauuricae 0.024053203898  0.008945196939  0.009080579581  0.009270204347  0.027313954733  0.030266525018  0.011964776744  0.006127957615  0.005910635022  0.003356993634  0.011893621007  0.014891443553  0.000000000000  0.006464691292  0.034073000642  0.004151354168  0.011964776744  0.004293961250  
phasianus_colchicus 0.019625065992  0.006464691292  0.006464691292  0.006467291051  0.026351355585  0.029752648980  0.009728421548  0.003224502008  0.003224502008  0.003411509892  0.006464691292  0.009728421548  0.006464691292  0.000000000000  0.033692775634  0.004147225211  0.006464691292  0.004486616350  
rollulus_rouloul 0.021463802758  0.030913588862  0.031597528741  0.032071491940  0.037286153191  0.040522454085  0.027736046138  0.028618176885  0.027736046138  0.017347701309  0.027736046138  0.024569179682  0.034073000642  0.033692775634  0.000000000000  0.017218563468  0.034113767881  0.004407516364  
syrmaticus_ellioti 0.008320437563  0.004151354168  0.004151354168  0.004147225211  0.016785000011  0.021151382525  0.004151354168  0.000000000000  0.000000000000  0.000000000000  0.000000000000  0.000000000000  0.004151354168  0.004147225211  0.017218563468  0.000000000000  0.008341429877  0.004977974656  
syrmaticus_reevesii 0.024250253212  0.008964595312  0.009156124012  0.009277149042  0.027374847622  0.030521327621  0.011992993922  0.006139322132  0.005956475753  0.006739262699  0.011992993922  0.015004790936  0.011964776744  0.006464691292  0.034113767881  0.008341429877  0.000000000000  0.008629363352  
tragopan_blythii 0.008629363352  0.008629363352  0.004293961250  0.004293961250  0.008629363352  0.026303591181  0.008629363352  0.004486616350  0.004293961250  0.004388175255  0.004293961250  0.004293961250  0.004293961250  0.004486616350  0.004407516364  0.004977974656  0.008629363352  0.000000000000  

