18
alectoris_rufa 0.000000000000  0.000000000000  0.000000000000  0.000000000000  0.004427306294  0.000000000000  0.000000000000  0.000000000000  0.000000000000  0.000000000000  0.000000000000  0.000000000000  0.000000000000  0.000000000000  0.000000000000  0.000000000000  0.000000000000  0.000000000000  
catreus_wallichi 0.000000000000  0.000000000000  0.007048713154  0.005921702845  0.024022586912  0.018546141811  0.004697683780  0.008365682292  0.004589873914  0.004589873914  0.006902743764  0.014182916605  0.009227735900  0.004589873914  0.009721126580  0.002605036714  0.003196200369  0.006950723805  
chrysolophus_pictus 0.000000000000  0.007048713154  0.000000000000  0.003031482842  0.021811300848  0.016537109409  0.002393078229  0.005702215345  0.002337148309  0.002337148309  0.004686675417  0.011788046622  0.007048713154  0.002337148309  0.007270800382  0.000000000000  0.000000000000  0.004719856381  
crossoptilon_crossoptilon 0.000000000000  0.005921702845  0.003031482842  0.000000000000  0.021026792152  0.011878101712  0.000000000000  0.002950970197  0.000000000000  0.000000000000  0.002950970197  0.012222890524  0.002950970197  0.000000000000  0.006334318896  0.000000000000  0.000000000000  0.002977328316  
cyrtonyx_montezumae 0.004427306294  0.024022586912  0.021811300848  0.021026792152  0.000000000000  0.026618698077  0.018571805397  0.022612938785  0.018571805397  0.018571805397  0.015871327142  0.024564946838  0.015871327142  0.018571805397  0.016852136974  0.015330283298  0.019478508059  0.021460178813  
galgal4    0.000000000000  0.018546141811  0.016537109409  0.011878101712  0.026618698077  0.000000000000  0.014179233736  0.013968714252  0.013851871650  0.013851871650  0.016192797254  0.018934136306  0.018546141811  0.013851871650  0.017061120259  0.013125299596  0.012871948655  0.016305963681  
lophophorus_impejanus 0.000000000000  0.004697683780  0.002393078229  0.000000000000  0.018571805397  0.014179233736  0.000000000000  0.002771068107  0.000000000000  0.000000000000  0.002342623380  0.009632554186  0.004697683780  0.000000000000  0.007451396582  0.000000000000  0.000000000000  0.002359203595  
lophura_inornata 0.000000000000  0.008365682292  0.005702215345  0.002950970197  0.022612938785  0.013968714252  0.002771068107  0.000000000000  0.002771068107  0.002771068107  0.005559555410  0.014361475052  0.005559555410  0.002771068107  0.008912464426  0.003248108627  0.003196200369  0.005606308905  
lophura_nycthemera 0.000000000000  0.004589873914  0.002337148309  0.000000000000  0.018571805397  0.013851871650  0.000000000000  0.002771068107  0.000000000000  0.000000000000  0.002289000595  0.009406036534  0.004589873914  0.000000000000  0.007270800382  0.000000000000  0.000000000000  0.002304827887  
lophura_swinhoii 0.000000000000  0.004589873914  0.002337148309  0.000000000000  0.018571805397  0.013851871650  0.000000000000  0.002771068107  0.000000000000  0.000000000000  0.002289000595  0.009406036534  0.004589873914  0.000000000000  0.007270800382  0.000000000000  0.000000000000  0.002304827887  
melgal2    0.000000000000  0.006902743764  0.004686675417  0.002950970197  0.015871327142  0.016192797254  0.002342623380  0.005559555410  0.002289000595  0.002289000595  0.000000000000  0.011788046622  0.002289000595  0.002289000595  0.009721126580  0.000000000000  0.003196200369  0.004621693687  
pavo_cristatus 0.000000000000  0.014182916605  0.011788046622  0.012222890524  0.024564946838  0.018934136306  0.009632554186  0.014361475052  0.009406036534  0.009406036534  0.011788046622  0.000000000000  0.014182916605  0.009406036534  0.012160781521  0.007861458679  0.009658529566  0.011872019789  
perdix_dauuricae 0.000000000000  0.009227735900  0.007048713154  0.002950970197  0.015871327142  0.018546141811  0.004697683780  0.005559555410  0.004589873914  0.004589873914  0.002289000595  0.014182916605  0.000000000000  0.004589873914  0.012185063004  0.002605036714  0.003196200369  0.006950723805  
phasianus_colchicus 0.000000000000  0.004589873914  0.002337148309  0.000000000000  0.018571805397  0.013851871650  0.000000000000  0.002771068107  0.000000000000  0.000000000000  0.002289000595  0.009406036534  0.004589873914  0.000000000000  0.007270800382  0.000000000000  0.000000000000  0.002304827887  
rollulus_rouloul 0.000000000000  0.009721126580  0.007270800382  0.006334318896  0.016852136974  0.017061120259  0.007451396582  0.008912464426  0.007270800382  0.007270800382  0.009721126580  0.012160781521  0.012185063004  0.007270800382  0.000000000000  0.007861458679  0.006415597171  0.009792525242  
syrmaticus_ellioti 0.000000000000  0.002605036714  0.000000000000  0.000000000000  0.015330283298  0.013125299596  0.000000000000  0.003248108627  0.000000000000  0.000000000000  0.000000000000  0.007861458679  0.002605036714  0.000000000000  0.007861458679  0.000000000000  0.000000000000  0.002625555781  
syrmaticus_reevesii 0.000000000000  0.003196200369  0.000000000000  0.000000000000  0.019478508059  0.012871948655  0.000000000000  0.003196200369  0.000000000000  0.000000000000  0.003196200369  0.009658529566  0.003196200369  0.000000000000  0.006415597171  0.000000000000  0.000000000000  0.003227144304  
tragopan_blythii 0.000000000000  0.006950723805  0.004719856381  0.002977328316  0.021460178813  0.016305963681  0.002359203595  0.005606308905  0.002304827887  0.002304827887  0.004621693687  0.011872019789  0.006950723805  0.002304827887  0.009792525242  0.002625555781  0.003227144304  0.000000000000  

