18
alectoris_rufa 0.000000000000  0.011036827824  0.014665395757  0.010956209662  0.010956209662  0.007275876919  0.007275876919  0.014624028258  0.010956209662  0.014731754194  0.007275876919  0.007275876919  0.007275876919  0.010956209662  0.010927810272  0.010956209662  0.014624028258  0.007275876919  
catreus_wallichi 0.011036827824  0.000000000000  0.003077471901  0.000000000000  0.012130229570  0.006015520313  0.003003525524  0.003047152384  0.000000000000  0.003172838361  0.003003525524  0.003077471901  0.003003525524  0.000000000000  0.017094527302  0.000000000000  0.003543898911  0.003003525524  
chrysolophus_pictus 0.014665395757  0.003077471901  0.000000000000  0.003333978511  0.015494886999  0.009215731390  0.006137194465  0.006126075766  0.003058646041  0.006319650628  0.006137194465  0.006137194465  0.006137194465  0.003077471901  0.020446793777  0.003068030092  0.007055348578  0.006137194465  
crossoptilon_crossoptilon 0.010956209662  0.000000000000  0.003333978511  0.000000000000  0.013039793327  0.006462596585  0.003279312501  0.003255471309  0.000000000000  0.003410930473  0.006474973943  0.003236853714  0.006474973943  0.000000000000  0.016474883350  0.000000000000  0.003518957154  0.003268593718  
cyrtonyx_montezumae 0.010956209662  0.012130229570  0.015494886999  0.013039793327  0.000000000000  0.011677943151  0.008880478319  0.014992741387  0.011704280238  0.015949311982  0.011704280238  0.008986892014  0.011704280238  0.012093553173  0.016474883350  0.012393328657  0.017825942922  0.008854267508  
galgal4    0.007275876919  0.006015520313  0.009215731390  0.006462596585  0.011677943151  0.000000000000  0.002939660936  0.008934795429  0.005805963434  0.009500717378  0.005805963434  0.002974638752  0.005805963434  0.005997481191  0.013117305155  0.006144897969  0.007055348578  0.002931044635  
lophophorus_impejanus 0.007275876919  0.003003525524  0.006137194465  0.003279312501  0.008880478319  0.002939660936  0.000000000000  0.005979549937  0.002941677496  0.006319650628  0.002941677496  0.000000000000  0.002941677496  0.003030835189  0.013310082202  0.003068030092  0.007055348578  0.000000000000  
lophura_inornata 0.014624028258  0.003047152384  0.006126075766  0.003255471309  0.014992741387  0.008934795429  0.005979549937  0.000000000000  0.002965816494  0.006322143696  0.008941063763  0.005997481191  0.008941063763  0.003010458967  0.019930698287  0.003065836583  0.007058460190  0.005961725586  
lophura_nycthemera 0.010956209662  0.000000000000  0.003058646041  0.000000000000  0.011704280238  0.005805963434  0.002941677496  0.002965816494  0.000000000000  0.003152831447  0.005815947774  0.002976703618  0.005815947774  0.000000000000  0.016474883350  0.000000000000  0.003518957154  0.002933049383  
lophura_swinhoii 0.014731754194  0.003172838361  0.006319650628  0.003410930473  0.015949311982  0.009500717378  0.006319650628  0.006322143696  0.003152831447  0.000000000000  0.006319650628  0.006319650628  0.006319650628  0.003152831447  0.020902897150  0.003152831447  0.007185254345  0.006319650628  
melgal2    0.007275876919  0.003003525524  0.006137194465  0.006474973943  0.011704280238  0.005805963434  0.002941677496  0.008941063763  0.005815947774  0.006319650628  0.000000000000  0.002976703618  0.005815947774  0.006008136829  0.016474883350  0.003068030092  0.007055348578  0.002933049383  
pavo_cristatus 0.007275876919  0.003077471901  0.006137194465  0.003236853714  0.008986892014  0.002974638752  0.000000000000  0.005997481191  0.002976703618  0.006319650628  0.002976703618  0.000000000000  0.002976703618  0.002994531342  0.013135241653  0.003068030092  0.007055348578  0.000000000000  
perdix_dauuricae 0.007275876919  0.003003525524  0.006137194465  0.006474973943  0.011704280238  0.005805963434  0.002941677496  0.008941063763  0.005815947774  0.006319650628  0.005815947774  0.002976703618  0.000000000000  0.006008136829  0.016474883350  0.003068030092  0.007055348578  0.002933049383  
phasianus_colchicus 0.010956209662  0.000000000000  0.003077471901  0.000000000000  0.012093553173  0.005997481191  0.003030835189  0.003010458967  0.000000000000  0.003152831447  0.006008136829  0.002994531342  0.006008136829  0.000000000000  0.016474883350  0.000000000000  0.003518957154  0.003021676953  
rollulus_rouloul 0.010927810272  0.017094527302  0.020446793777  0.016474883350  0.016474883350  0.013117305155  0.013310082202  0.019930698287  0.016474883350  0.020902897150  0.016474883350  0.013135241653  0.016474883350  0.016474883350  0.000000000000  0.017036276323  0.017792600750  0.013265937126  
syrmaticus_ellioti 0.010956209662  0.000000000000  0.003068030092  0.000000000000  0.012393328657  0.006144897969  0.003068030092  0.003065836583  0.000000000000  0.003152831447  0.003068030092  0.003068030092  0.003068030092  0.000000000000  0.017036276323  0.000000000000  0.003518957154  0.003068030092  
syrmaticus_reevesii 0.014624028258  0.003543898911  0.007055348578  0.003518957154  0.017825942922  0.007055348578  0.007055348578  0.007058460190  0.003518957154  0.007185254345  0.007055348578  0.007055348578  0.007055348578  0.003518957154  0.017792600750  0.003518957154  0.000000000000  0.007055348578  
tragopan_blythii 0.007275876919  0.003003525524  0.006137194465  0.003268593718  0.008854267508  0.002931044635  0.000000000000  0.005961725586  0.002933049383  0.006319650628  0.002933049383  0.000000000000  0.002933049383  0.003021676953  0.013265937126  0.003068030092  0.007055348578  0.000000000000  

