18
alectoris_rufa 0.000000000000  0.000000000000  0.000000000000  0.000000000000  0.017056859902  0.000000000000  0.000000000000  0.000000000000  0.000000000000  0.000000000000  0.000000000000  0.000000000000  0.000000000000  0.000000000000  0.000000000000  0.000000000000  0.000000000000  0.000000000000  
catreus_wallichi 0.000000000000  0.000000000000  0.000000000000  0.005813478278  0.051008274371  0.029429298021  0.020493289902  0.002865580727  0.005748180830  0.002932814724  0.023434964475  0.029307866586  0.017386181263  0.005847472828  0.019370953398  0.004019718778  0.000000000000  0.030402371994  
chrysolophus_pictus 0.000000000000  0.000000000000  0.000000000000  0.000000000000  0.018374414460  0.004529531855  0.004550142081  0.000000000000  0.000000000000  0.000000000000  0.004529531855  0.004529531855  0.000000000000  0.004550142081  0.004529531855  0.000000000000  0.000000000000  0.013896213843  
crossoptilon_crossoptilon 0.000000000000  0.005813478278  0.000000000000  0.000000000000  0.054837901886  0.029756673471  0.026816725687  0.008744065228  0.011692438699  0.008952827957  0.029813627157  0.035906426096  0.026755877585  0.011903063126  0.019370953398  0.004019718778  0.000000000000  0.033929273217  
cyrtonyx_montezumae 0.017056859902  0.051008274371  0.018374414460  0.054837901886  0.000000000000  0.047337486398  0.063226341444  0.047866463109  0.057011729384  0.064568171235  0.066057184528  0.041032418707  0.106166035264  0.054836245862  0.027391392661  0.037358335427  0.019495792101  0.075053891813  
galgal4    0.000000000000  0.029429298021  0.004529531855  0.029756673471  0.047337486398  0.000000000000  0.032198730236  0.026422958803  0.032293296358  0.039024070732  0.035145116179  0.017253072041  0.057743344609  0.029756673471  0.015441443698  0.020451265905  0.000000000000  0.042550701573  
lophophorus_impejanus 0.000000000000  0.020493289902  0.004550142081  0.026816725687  0.063226341444  0.032198730236  0.000000000000  0.023474917338  0.029342915750  0.029845510683  0.020256040760  0.032150114621  0.034884222934  0.020713649648  0.011579113401  0.012200667063  0.000000000000  0.027014811399  
lophura_inornata 0.000000000000  0.002865580727  0.000000000000  0.008744065228  0.047866463109  0.026422958803  0.023474917338  0.000000000000  0.002865580727  0.005883459691  0.026422958803  0.026381457761  0.021788335837  0.008795337797  0.019370953398  0.004019718778  0.000000000000  0.033515558566  
lophura_nycthemera 0.000000000000  0.005748180830  0.000000000000  0.011692438699  0.057011729384  0.032293296358  0.029342915750  0.002865580727  0.000000000000  0.011761200276  0.032293296358  0.032244388598  0.030495042691  0.014657344842  0.019370953398  0.004019718778  0.000000000000  0.039606077658  
lophura_swinhoii 0.000000000000  0.002932814724  0.000000000000  0.008952827957  0.064568171235  0.039024070732  0.029845510683  0.005883459691  0.011761200276  0.000000000000  0.032841956371  0.039008229097  0.030183189595  0.008821200235  0.019990608980  0.004019718778  0.000000000000  0.039319906796  
melgal2    0.000000000000  0.023434964475  0.004529531855  0.029813627157  0.066057184528  0.035145116179  0.020256040760  0.026422958803  0.032293296358  0.032841956371  0.000000000000  0.034980374060  0.043694694052  0.023683449827  0.015441443698  0.016280169684  0.000000000000  0.036314588993  
pavo_cristatus 0.000000000000  0.029307866586  0.004529531855  0.035906426096  0.041032418707  0.017253072041  0.032150114621  0.026381457761  0.032244388598  0.039008229097  0.034980374060  0.000000000000  0.057310019618  0.029741644019  0.011543390108  0.016257385305  0.000000000000  0.042453648467  
perdix_dauuricae 0.000000000000  0.017386181263  0.000000000000  0.026755877585  0.106166035264  0.057743344609  0.034884222934  0.021788335837  0.030495042691  0.030183189595  0.043694694052  0.057310019618  0.000000000000  0.021693781095  0.027762182654  0.006676802304  0.000000000000  0.030301291553  
phasianus_colchicus 0.000000000000  0.005847472828  0.004550142081  0.011903063126  0.054836245862  0.029756673471  0.020713649648  0.008795337797  0.014657344842  0.008821200235  0.023683449827  0.029741644019  0.021693781095  0.000000000000  0.015804268812  0.008112170083  0.000000000000  0.030264951688  
rollulus_rouloul 0.000000000000  0.019370953398  0.004529531855  0.019370953398  0.027391392661  0.015441443698  0.011579113401  0.019370953398  0.019370953398  0.019990608980  0.015441443698  0.011543390108  0.027762182654  0.015804268812  0.000000000000  0.024891577286  0.000000000000  0.020151768025  
syrmaticus_ellioti 0.000000000000  0.004019718778  0.000000000000  0.004019718778  0.037358335427  0.020451265905  0.012200667063  0.004019718778  0.004019718778  0.004019718778  0.016280169684  0.016257385305  0.006676802304  0.008112170083  0.024891577286  0.000000000000  0.000000000000  0.016280169684  
syrmaticus_reevesii 0.000000000000  0.000000000000  0.000000000000  0.000000000000  0.019495792101  0.000000000000  0.000000000000  0.000000000000  0.000000000000  0.000000000000  0.000000000000  0.000000000000  0.000000000000  0.000000000000  0.000000000000  0.000000000000  0.000000000000  0.000000000000  
tragopan_blythii 0.000000000000  0.030402371994  0.013896213843  0.033929273217  0.075053891813  0.042550701573  0.027014811399  0.033515558566  0.039606077658  0.039319906796  0.036314588993  0.042453648467  0.030301291553  0.030264951688  0.020151768025  0.016280169684  0.000000000000  0.000000000000  

