18
alectoris_rufa 0.000000000000  0.014087110820  0.016478916917  0.012186808886  0.065573551731  0.032847623529  0.021301976158  0.013539980470  0.016478916917  0.011708263671  0.014087110820  0.028076300654  0.016254653603  0.017001295513  0.036743345602  0.019605264901  0.015466823371  0.011889749172  
catreus_wallichi 0.014087110820  0.000000000000  0.002268292643  0.000000000000  0.065265940954  0.016061217183  0.006840339247  0.000000000000  0.002268292643  0.002268292643  0.004548364732  0.011440356383  0.002667662237  0.002794388904  0.028650664282  0.003863098983  0.006065804965  0.000000000000  
chrysolophus_pictus 0.016478916917  0.002268292643  0.000000000000  0.002353715489  0.067872405653  0.018399766709  0.009144341109  0.002605115925  0.004548364732  0.004548364732  0.006840339247  0.013763929155  0.005351631922  0.005606676622  0.031619054312  0.003863098983  0.006065804965  0.002942388636  
crossoptilon_crossoptilon 0.012186808886  0.000000000000  0.002353715489  0.000000000000  0.065290079523  0.014257283259  0.007099341508  0.000000000000  0.002353715489  0.002353715489  0.004720116829  0.009475016863  0.002703725482  0.002925174572  0.029237220697  0.004117608394  0.006065804965  0.000000000000  
cyrtonyx_montezumae 0.065573551731  0.065265940954  0.067872405653  0.065290079523  0.000000000000  0.074205741316  0.065265940954  0.057866261999  0.067872405653  0.062674858175  0.060098976832  0.071800273272  0.062470825998  0.072114855996  0.083239271013  0.031713251758  0.057196876905  0.052750330804  
galgal4    0.032847623529  0.016061217183  0.018399766709  0.014257283259  0.074205741316  0.000000000000  0.018399766709  0.013138914574  0.018399766709  0.018399766709  0.016061217183  0.022776200329  0.021693155061  0.019864039428  0.048590176201  0.015615615466  0.021512544143  0.014856794158  
lophophorus_impejanus 0.021301976158  0.006840339247  0.009144341109  0.007099341508  0.065265940954  0.018399766709  0.000000000000  0.005225781339  0.009144341109  0.009144341109  0.006840339247  0.018448293414  0.010769299767  0.011285876084  0.037616727316  0.003863098983  0.009130425319  0.008886990764  
lophura_inornata 0.013539980470  0.000000000000  0.002605115925  0.000000000000  0.057866261999  0.013138914574  0.005225781339  0.000000000000  0.000000000000  0.002605115925  0.005225781339  0.005218063804  0.000000000000  0.003323807672  0.026378600044  0.004331642115  0.006065804965  0.000000000000  
lophura_nycthemera 0.016478916917  0.002268292643  0.004548364732  0.002353715489  0.067872405653  0.018399766709  0.009144341109  0.000000000000  0.000000000000  0.004548364732  0.006840339247  0.013763929155  0.005351631922  0.005606676622  0.031619054312  0.003863098983  0.006065804965  0.000000000000  
lophura_swinhoii 0.011708263671  0.002268292643  0.004548364732  0.002353715489  0.062674858175  0.018399766709  0.009144341109  0.002605115925  0.004548364732  0.000000000000  0.006840339247  0.013763929155  0.005351631922  0.005606676622  0.025702208206  0.007760489649  0.009130425319  0.002942388636  
melgal2    0.014087110820  0.004548364732  0.006840339247  0.004720116829  0.060098976832  0.016061217183  0.006840339247  0.005225781339  0.006840339247  0.006840339247  0.000000000000  0.016099864084  0.008052109657  0.008437093927  0.028650664282  0.007760489649  0.006065804965  0.005904628994  
pavo_cristatus 0.028076300654  0.011440356383  0.013763929155  0.009475016863  0.071800273272  0.022776200329  0.018448293414  0.005218063804  0.013763929155  0.013763929155  0.016099864084  0.000000000000  0.013475440345  0.014153262966  0.042739167607  0.011661892958  0.012189218158  0.008869156727  
perdix_dauuricae 0.016254653603  0.002667662237  0.005351631922  0.002703725482  0.062470825998  0.021693155061  0.010769299767  0.000000000000  0.005351631922  0.005351631922  0.008052109657  0.013475440345  0.000000000000  0.005785071770  0.031801953703  0.004034544427  0.007099341508  0.000000000000  
phasianus_colchicus 0.017001295513  0.002794388904  0.005606676622  0.002925174572  0.072114855996  0.019864039428  0.011285876084  0.003323807672  0.005606676622  0.005606676622  0.008437093927  0.014153262966  0.005785071770  0.000000000000  0.029671117036  0.000000000000  0.003923730416  0.003196319665  
rollulus_rouloul 0.036743345602  0.028650664282  0.031619054312  0.029237220697  0.083239271013  0.048590176201  0.037616727316  0.026378600044  0.031619054312  0.025702208206  0.028650664282  0.042739167607  0.031801953703  0.029671117036  0.000000000000  0.021809406131  0.019228235260  0.028648330745  
syrmaticus_ellioti 0.019605264901  0.003863098983  0.003863098983  0.004117608394  0.031713251758  0.015615615466  0.003863098983  0.004331642115  0.003863098983  0.007760489649  0.007760489649  0.011661892958  0.004034544427  0.000000000000  0.021809406131  0.000000000000  0.004331642115  0.004331642115  
syrmaticus_reevesii 0.015466823371  0.006065804965  0.006065804965  0.006065804965  0.057196876905  0.021512544143  0.009130425319  0.006065804965  0.006065804965  0.009130425319  0.006065804965  0.012189218158  0.007099341508  0.003923730416  0.019228235260  0.004331642115  0.000000000000  0.007124632159  
tragopan_blythii 0.011889749172  0.000000000000  0.002942388636  0.000000000000  0.052750330804  0.014856794158  0.008886990764  0.000000000000  0.000000000000  0.002942388636  0.005904628994  0.008869156727  0.000000000000  0.003196319665  0.028648330745  0.004331642115  0.007124632159  0.000000000000  

