18
alectoris_rufa 0.000000000000  0.007266191215  0.007111175533  0.010707078729  0.007113857204  0.007111175533  0.007111175533  0.010707078729  0.010707078729  0.010707078729  0.010707078729  0.010707078729  0.003545192810  0.009467627786  0.007111175533  0.010941388815  0.010931680973  0.010707078729  
catreus_wallichi 0.007266191215  0.000000000000  0.000000000000  0.003625399331  0.007266191215  0.007281728845  0.007281728845  0.003625399331  0.003625399331  0.003625399331  0.010969520850  0.010969520850  0.003625399331  0.004858351745  0.007281728845  0.003625399331  0.003622242483  0.010969520850  
chrysolophus_pictus 0.007111175533  0.000000000000  0.000000000000  0.008059337900  0.029036332727  0.024653797427  0.019385003502  0.012146562769  0.006030250430  0.006030250430  0.014204886049  0.016278247892  0.014162539460  0.006867009704  0.024973815717  0.008097407209  0.003134086253  0.022498393944  
crossoptilon_crossoptilon 0.010707078729  0.003625399331  0.008059337900  0.000000000000  0.033348030417  0.028903764185  0.019385003502  0.008059337900  0.002000670543  0.006030250430  0.022538483572  0.020445562528  0.018293166555  0.013837523777  0.029279325145  0.013581943374  0.006284408988  0.026718468406  
cyrtonyx_montezumae 0.007113857204  0.007266191215  0.029036332727  0.033348030417  0.000000000000  0.037644364198  0.026192283562  0.033348030417  0.031186759273  0.029036332727  0.031186759273  0.028994565803  0.026827488528  0.024417174886  0.031360756103  0.030480628603  0.015850424062  0.033297643063  
galgal4    0.007111175533  0.007281728845  0.024653797427  0.028903764185  0.037644364198  0.000000000000  0.030557981730  0.033196298786  0.026773512657  0.026773512657  0.031044657277  0.028856719794  0.026693620808  0.024455418099  0.035764095466  0.024834536406  0.009458060663  0.035298871949  
lophophorus_impejanus 0.007111175533  0.007281728845  0.019385003502  0.019385003502  0.026192283562  0.030557981730  0.000000000000  0.023813782031  0.017187659231  0.021593671994  0.021593671994  0.026058756011  0.023743072360  0.024510591526  0.030984560618  0.020137863432  0.009458060663  0.023775222024  
lophura_inornata 0.010707078729  0.003625399331  0.012146562769  0.008059337900  0.033348030417  0.033196298786  0.023813782031  0.000000000000  0.006030250430  0.010098077921  0.026766848788  0.024653797427  0.016222876564  0.017365761766  0.033628528051  0.010830901939  0.006284408988  0.030980511050  
lophura_nycthemera 0.010707078729  0.003625399331  0.006030250430  0.002000670543  0.031186759273  0.026773512657  0.017187659231  0.006030250430  0.000000000000  0.004010724541  0.020439843014  0.018356839975  0.016222876564  0.010338095315  0.027121163685  0.013581943374  0.006284408988  0.024603236873  
lophura_swinhoii 0.010707078729  0.003625399331  0.006030250430  0.006030250430  0.029036332727  0.026773512657  0.021593671994  0.010098077921  0.004010724541  0.000000000000  0.020439843014  0.018356839975  0.016222876564  0.010338095315  0.027121163685  0.013581943374  0.006284408988  0.020403838073  
melgal2    0.010707078729  0.010969520850  0.014204886049  0.022538483572  0.031186759273  0.031044657277  0.021593671994  0.026766848788  0.020439843014  0.020439843014  0.000000000000  0.022544514780  0.020373506057  0.024510591526  0.024973815717  0.013581943374  0.012655389368  0.020403838073  
pavo_cristatus 0.010707078729  0.010969520850  0.016278247892  0.020445562528  0.028994565803  0.028856719794  0.026058756011  0.024653797427  0.018356839975  0.018356839975  0.022544514780  0.000000000000  0.018309734817  0.010338095315  0.031401572065  0.024834536406  0.015876751048  0.026730676809  
perdix_dauuricae 0.003545192810  0.003625399331  0.014162539460  0.018293166555  0.026827488528  0.026693620808  0.023743072360  0.016222876564  0.016222876564  0.016222876564  0.020373506057  0.018309734817  0.000000000000  0.013817520487  0.029200380615  0.019094014684  0.012638676531  0.024531957503  
phasianus_colchicus 0.009467627786  0.004858351745  0.006867009704  0.013837523777  0.024417174886  0.024455418099  0.024510591526  0.017365761766  0.010338095315  0.010338095315  0.024510591526  0.010338095315  0.013817520487  0.000000000000  0.020880032648  0.009772410871  0.009744403965  0.028060882684  
rollulus_rouloul 0.007111175533  0.007281728845  0.024973815717  0.029279325145  0.031360756103  0.035764095466  0.030984560618  0.033628528051  0.027121163685  0.027121163685  0.024973815717  0.031401572065  0.029200380615  0.020880032648  0.000000000000  0.022124730600  0.012655389368  0.029236850874  
syrmaticus_ellioti 0.010941388815  0.003625399331  0.008097407209  0.013581943374  0.030480628603  0.024834536406  0.020137863432  0.010830901939  0.013581943374  0.013581943374  0.013581943374  0.024834536406  0.019094014684  0.009772410871  0.022124730600  0.000000000000  0.009458060663  0.021942637393  
syrmaticus_reevesii 0.010931680973  0.003622242483  0.003134086253  0.006284408988  0.015850424062  0.009458060663  0.009458060663  0.006284408988  0.006284408988  0.006284408988  0.012655389368  0.015876751048  0.012638676531  0.009744403965  0.012655389368  0.009458060663  0.000000000000  0.012655389368  
tragopan_blythii 0.010707078729  0.010969520850  0.022498393944  0.026718468406  0.033297643063  0.035298871949  0.023775222024  0.030980511050  0.024603236873  0.020403838073  0.020403838073  0.026730676809  0.024531957503  0.028060882684  0.029236850874  0.021942637393  0.012655389368  0.000000000000  

