18
alectoris_rufa 0.000000000000  0.010666472543  0.005297887775  0.005297887775  0.000000000000  0.000000000000  0.000000000000  0.005297887775  0.005297887775  0.005297887775  0.000000000000  0.000000000000  0.000000000000  0.005297887775  0.005297887775  0.005297887775  0.005297887775  0.000000000000  
catreus_wallichi 0.010666472543  0.000000000000  0.007119204654  0.007119204654  0.025428554728  0.014360047413  0.010723336284  0.007119204654  0.007119204654  0.007119204654  0.010723336284  0.014360047413  0.010800552075  0.007119204654  0.018029932421  0.007196051354  0.010716836557  0.010723336284  
chrysolophus_pictus 0.005297887775  0.007119204654  0.000000000000  0.000000000000  0.023082876412  0.008516474455  0.005657571470  0.000000000000  0.000000000000  0.000000000000  0.005657571470  0.008516474455  0.003511786031  0.000000000000  0.018210130216  0.000000000000  0.003534536633  0.002883874620  
crossoptilon_crossoptilon 0.005297887775  0.007119204654  0.000000000000  0.000000000000  0.022689961626  0.011204302360  0.005563148214  0.002771958431  0.002771958431  0.000000000000  0.005563148214  0.011204302360  0.006908289095  0.000000000000  0.020943980723  0.000000000000  0.003534536633  0.002883874620  
cyrtonyx_montezumae 0.000000000000  0.025428554728  0.023082876412  0.022689961626  0.000000000000  0.028567150942  0.022689961626  0.025617824362  0.025617824362  0.022689961626  0.022689961626  0.022689961626  0.017463101939  0.017539630241  0.020906084364  0.020598424344  0.021621670090  0.020598424344  
galgal4    0.000000000000  0.014360047413  0.008516474455  0.011204302360  0.028567150942  0.000000000000  0.011204302360  0.008373838062  0.008373838062  0.011204302360  0.011204302360  0.005563148214  0.010407433008  0.005771864977  0.017884398381  0.008714391055  0.010685140960  0.002883874620  
lophophorus_impejanus 0.000000000000  0.010723336284  0.005657571470  0.005563148214  0.022689961626  0.011204302360  0.000000000000  0.008373838062  0.008373838062  0.005563148214  0.005563148214  0.011204302360  0.006908289095  0.005771864977  0.020943980723  0.002883874620  0.007093952531  0.000000000000  
lophura_inornata 0.005297887775  0.007119204654  0.000000000000  0.002771958431  0.025617824362  0.008373838062  0.008373838062  0.000000000000  0.000000000000  0.002771958431  0.008373838062  0.008373838062  0.010407433008  0.000000000000  0.017884398381  0.000000000000  0.003534536633  0.002883874620  
lophura_nycthemera 0.005297887775  0.007119204654  0.000000000000  0.002771958431  0.025617824362  0.008373838062  0.008373838062  0.000000000000  0.000000000000  0.002771958431  0.008373838062  0.008373838062  0.010407433008  0.000000000000  0.017884398381  0.000000000000  0.003534536633  0.002883874620  
lophura_swinhoii 0.005297887775  0.007119204654  0.000000000000  0.000000000000  0.022689961626  0.011204302360  0.005563148214  0.002771958431  0.002771958431  0.000000000000  0.005563148214  0.011204302360  0.006908289095  0.000000000000  0.020943980723  0.000000000000  0.003534536633  0.002883874620  
melgal2    0.000000000000  0.010723336284  0.005657571470  0.005563148214  0.022689961626  0.011204302360  0.005563148214  0.008373838062  0.008373838062  0.005563148214  0.000000000000  0.011204302360  0.003439316714  0.005771864977  0.017884398381  0.005788570689  0.007093952531  0.002883874620  
pavo_cristatus 0.000000000000  0.014360047413  0.008516474455  0.011204302360  0.022689961626  0.005563148214  0.011204302360  0.008373838062  0.008373838062  0.011204302360  0.011204302360  0.000000000000  0.010407433008  0.005771864977  0.017884398381  0.008714391055  0.010685140960  0.002883874620  
perdix_dauuricae 0.000000000000  0.010800552075  0.003511786031  0.006908289095  0.017463101939  0.010407433008  0.006908289095  0.010407433008  0.010407433008  0.006908289095  0.003439316714  0.010407433008  0.000000000000  0.003487292626  0.017498367271  0.003613299780  0.007170252110  0.000000000000  
phasianus_colchicus 0.005297887775  0.007119204654  0.000000000000  0.000000000000  0.017539630241  0.005771864977  0.005771864977  0.000000000000  0.000000000000  0.000000000000  0.005771864977  0.005771864977  0.003487292626  0.000000000000  0.018100242313  0.000000000000  0.003534536633  0.002934653884  
rollulus_rouloul 0.005297887775  0.018029932421  0.018210130216  0.020943980723  0.020906084364  0.017884398381  0.020943980723  0.017884398381  0.017884398381  0.020943980723  0.017884398381  0.017884398381  0.017498367271  0.018100242313  0.000000000000  0.015492053522  0.014308674256  0.012232281224  
syrmaticus_ellioti 0.005297887775  0.007196051354  0.000000000000  0.000000000000  0.020598424344  0.008714391055  0.002883874620  0.000000000000  0.000000000000  0.000000000000  0.005788570689  0.008714391055  0.003613299780  0.000000000000  0.015492053522  0.000000000000  0.003572417388  0.002909042671  
syrmaticus_reevesii 0.005297887775  0.010716836557  0.003534536633  0.003534536633  0.021621670090  0.010685140960  0.007093952531  0.003534536633  0.003534536633  0.003534536633  0.007093952531  0.010685140960  0.007170252110  0.003534536633  0.014308674256  0.003572417388  0.000000000000  0.007093952531  
tragopan_blythii 0.000000000000  0.010723336284  0.002883874620  0.002883874620  0.020598424344  0.002883874620  0.000000000000  0.002883874620  0.002883874620  0.002883874620  0.002883874620  0.002883874620  0.000000000000  0.002934653884  0.012232281224  0.002909042671  0.007093952531  0.000000000000  

