18
alectoris_rufa 0.000000000000  0.047481384282  0.034534942277  0.037094474200  0.066381229145  0.032060783681  0.042315303045  0.037094474200  0.039668712889  0.037094474200  0.037094474200  0.032168548062  0.044919047333  0.041012080443  0.063697291989  0.043565732360  0.038885970014  0.034572276268  
catreus_wallichi 0.047481384282  0.000000000000  0.012238071543  0.010175036718  0.080451524768  0.041695284458  0.024771113559  0.010364878464  0.012238071543  0.010175036718  0.012238071543  0.030996716338  0.028998750122  0.011033948620  0.062971208137  0.011411717274  0.012040693094  0.020589151440  
chrysolophus_pictus 0.034534942277  0.012238071543  0.000000000000  0.002016604191  0.066404517958  0.037363092103  0.020546840062  0.002053881042  0.004042326559  0.002016604191  0.008121458280  0.030996716338  0.024743529189  0.002733115383  0.059779523818  0.002825794344  0.002385811162  0.016395561458  
crossoptilon_crossoptilon 0.037094474200  0.010175036718  0.002016604191  0.000000000000  0.068715313210  0.035212604500  0.018449546293  0.000000000000  0.002016604191  0.000000000000  0.006077249933  0.028867635309  0.022630979293  0.002733115383  0.059779523818  0.002825794344  0.002385811162  0.014313395266  
cyrtonyx_montezumae 0.066381229145  0.080451524768  0.066404517958  0.068715313210  0.000000000000  0.073253563244  0.078217145744  0.070071975957  0.071038089000  0.068715313210  0.066404517958  0.066514493818  0.078118515556  0.082530972185  0.092977546585  0.082217358168  0.079402424913  0.066657759950  
galgal4    0.032060783681  0.041695284458  0.037363092103  0.035212604500  0.073253563244  0.000000000000  0.037400924966  0.035881737601  0.037363092103  0.035212604500  0.033072390001  0.022559277350  0.039606378653  0.036479637395  0.062875828726  0.046820508399  0.039303841950  0.031030344939  
lophophorus_impejanus 0.042315303045  0.024771113559  0.020546840062  0.018449546293  0.078217145744  0.037400924966  0.000000000000  0.018796378813  0.020546840062  0.018449546293  0.016362024843  0.031033661287  0.029044151843  0.019442367559  0.056699202859  0.023060341373  0.021867287448  0.016426525032  
lophura_inornata 0.037094474200  0.010364878464  0.002053881042  0.000000000000  0.070071975957  0.035881737601  0.018796378813  0.000000000000  0.002053881042  0.000000000000  0.006190108200  0.029413622342  0.023058001385  0.002733115383  0.059779523818  0.002825794344  0.002385811162  0.014581764268  
lophura_nycthemera 0.039668712889  0.012238071543  0.004042326559  0.002016604191  0.071038089000  0.037363092103  0.020546840062  0.002053881042  0.000000000000  0.002016604191  0.008121458280  0.030996716338  0.024743529189  0.005483006497  0.062971208137  0.005669525164  0.004780095635  0.016395561458  
lophura_swinhoii 0.037094474200  0.010175036718  0.002016604191  0.000000000000  0.068715313210  0.035212604500  0.018449546293  0.000000000000  0.002016604191  0.000000000000  0.006077249933  0.028867635309  0.022630979293  0.002733115383  0.059779523818  0.002825794344  0.002385811162  0.014313395266  
melgal2    0.037094474200  0.012238071543  0.008121458280  0.006077249933  0.066404517958  0.033072390001  0.016362024843  0.006190108200  0.008121458280  0.006077249933  0.000000000000  0.026748624358  0.020528344068  0.011033948620  0.056610416453  0.011411717274  0.009607396484  0.012240861252  
pavo_cristatus 0.032168548062  0.030996716338  0.030996716338  0.028867635309  0.066514493818  0.022559277350  0.031033661287  0.029413622342  0.030996716338  0.028867635309  0.026748624358  0.000000000000  0.035319007604  0.027885670717  0.047367094976  0.031831034256  0.029267838730  0.024713695030  
perdix_dauuricae 0.044919047333  0.028998750122  0.024743529189  0.022630979293  0.078118515556  0.039606378653  0.029044151843  0.023058001385  0.024743529189  0.022630979293  0.020528344068  0.035319007604  0.000000000000  0.025127773353  0.059873285180  0.031974409779  0.026856086785  0.022709490742  
phasianus_colchicus 0.041012080443  0.011033948620  0.002733115383  0.002733115383  0.082530972185  0.036479637395  0.019442367559  0.002733115383  0.005483006497  0.002733115383  0.011033948620  0.027885670717  0.025127773353  0.000000000000  0.060872388855  0.005801084539  0.005473433541  0.019442367559  
rollulus_rouloul 0.063697291989  0.062971208137  0.059779523818  0.059779523818  0.092977546585  0.062875828726  0.056699202859  0.059779523818  0.062971208137  0.059779523818  0.056610416453  0.047367094976  0.059873285180  0.060872388855  0.000000000000  0.062971208137  0.062875828726  0.056699202859  
syrmaticus_ellioti 0.043565732360  0.011411717274  0.002825794344  0.002825794344  0.082217358168  0.046820508399  0.023060341373  0.002825794344  0.005669525164  0.002825794344  0.011411717274  0.031831034256  0.031974409779  0.005801084539  0.062971208137  0.000000000000  0.005659289341  0.023060341373  
syrmaticus_reevesii 0.038885970014  0.012040693094  0.002385811162  0.002385811162  0.079402424913  0.039303841950  0.021867287448  0.002385811162  0.004780095635  0.002385811162  0.009607396484  0.029267838730  0.026856086785  0.005473433541  0.062875828726  0.005659289341  0.000000000000  0.019386188675  
tragopan_blythii 0.034572276268  0.020589151440  0.016395561458  0.014313395266  0.066657759950  0.031030344939  0.016426525032  0.014581764268  0.016395561458  0.014313395266  0.012240861252  0.024713695030  0.022709490742  0.019442367559  0.056699202859  0.023060341373  0.019386188675  0.000000000000  

