18
alectoris_rufa 0.000000000000  0.000000000000  0.000000000000  0.000000000000  0.027536888456  0.012345586652  0.009868475102  0.009868475102  0.009868475102  0.009848840429  0.007380042948  0.017382995138  0.012345586652  0.012371391597  0.012371391597  0.010221539686  0.005819549625  0.007380042948  
catreus_wallichi 0.000000000000  0.000000000000  0.000000000000  0.000000000000  0.004633165899  0.000000000000  0.000000000000  0.000000000000  0.000000000000  0.000000000000  0.000000000000  0.000000000000  0.000000000000  0.000000000000  0.009316796780  0.000000000000  0.004633165899  0.000000000000  
chrysolophus_pictus 0.000000000000  0.000000000000  0.000000000000  0.000000000000  0.006795931148  0.006795931148  0.000000000000  0.000000000000  0.000000000000  0.000000000000  0.000000000000  0.003447155249  0.003391719555  0.000000000000  0.010517258196  0.000000000000  0.000000000000  0.000000000000  
crossoptilon_crossoptilon 0.000000000000  0.000000000000  0.000000000000  0.000000000000  0.007454525668  0.007454525668  0.000000000000  0.000000000000  0.000000000000  0.000000000000  0.000000000000  0.003786528442  0.003719746150  0.000000000000  0.011572092644  0.000000000000  0.000000000000  0.000000000000  
cyrtonyx_montezumae 0.027536888456  0.004633165899  0.006795931148  0.007454525668  0.000000000000  0.029990465432  0.027528428140  0.025171075298  0.022826575361  0.028478984244  0.025171075298  0.032658942577  0.034633613440  0.027528428140  0.028081019016  0.015272310549  0.013753010891  0.029898775586  
galgal4    0.012345586652  0.000000000000  0.006795931148  0.007454525668  0.029990465432  0.000000000000  0.013590505275  0.015895408747  0.013590505275  0.014055808745  0.011297890624  0.018422462185  0.025201982800  0.018212733491  0.023354397738  0.012722572632  0.010984862416  0.015895408747  
lophophorus_impejanus 0.009868475102  0.000000000000  0.000000000000  0.000000000000  0.027528428140  0.013590505275  0.000000000000  0.006764335679  0.004497713387  0.004647975486  0.002242976157  0.013746196525  0.015920063881  0.004497713387  0.018581733331  0.000000000000  0.002726013825  0.006764335679  
lophura_inornata 0.009868475102  0.000000000000  0.000000000000  0.000000000000  0.025171075298  0.015895408747  0.006764335679  0.000000000000  0.006764335679  0.006988950426  0.004497713387  0.016077972657  0.018242702999  0.011333741304  0.016215119791  0.005054718649  0.002726013825  0.009042968994  
lophura_nycthemera 0.009868475102  0.000000000000  0.000000000000  0.000000000000  0.022826575361  0.013590505275  0.004497713387  0.006764335679  0.000000000000  0.004647975486  0.002242976157  0.013746196525  0.011312086754  0.004497713387  0.018581733331  0.002519932095  0.002726013825  0.006764335679  
lophura_swinhoii 0.009848840429  0.000000000000  0.000000000000  0.000000000000  0.028478984244  0.014055808745  0.004647975486  0.006988950426  0.004647975486  0.000000000000  0.002319675957  0.011687097770  0.016455978351  0.009342739544  0.016455978351  0.002519932095  0.002779043992  0.006988950426  
melgal2    0.007380042948  0.000000000000  0.000000000000  0.000000000000  0.025171075298  0.011297890624  0.002242976157  0.004497713387  0.002242976157  0.002319675957  0.000000000000  0.011426996652  0.013609902920  0.006764335679  0.016215119791  0.002519932095  0.002726013825  0.004497713387  
pavo_cristatus 0.017382995138  0.000000000000  0.003447155249  0.003786528442  0.032658942577  0.018422462185  0.013746196525  0.016077972657  0.013746196525  0.011687097770  0.011426996652  0.000000000000  0.025494098007  0.018422462185  0.018581733331  0.010148710829  0.008213602546  0.016077972657  
perdix_dauuricae 0.012345586652  0.000000000000  0.003391719555  0.003719746150  0.034633613440  0.025201982800  0.015920063881  0.018242702999  0.011312086754  0.016455978351  0.013609902920  0.025494098007  0.000000000000  0.015920063881  0.025712720705  0.010148710829  0.005469419465  0.009026484152  
phasianus_colchicus 0.012371391597  0.000000000000  0.000000000000  0.000000000000  0.027528428140  0.018212733491  0.004497713387  0.011333741304  0.004497713387  0.009342739544  0.006764335679  0.018422462185  0.015920063881  0.000000000000  0.023354397738  0.000000000000  0.002726013825  0.011333741304  
rollulus_rouloul 0.012371391597  0.009316796780  0.010517258196  0.011572092644  0.028081019016  0.023354397738  0.018581733331  0.016215119791  0.018581733331  0.016455978351  0.016215119791  0.018581733331  0.025712720705  0.023354397738  0.000000000000  0.010169562956  0.010984862416  0.016215119791  
syrmaticus_ellioti 0.010221539686  0.000000000000  0.000000000000  0.000000000000  0.015272310549  0.012722572632  0.000000000000  0.005054718649  0.002519932095  0.002519932095  0.002519932095  0.010148710829  0.010148710829  0.000000000000  0.010169562956  0.000000000000  0.002883207660  0.007604535830  
syrmaticus_reevesii 0.005819549625  0.004633165899  0.000000000000  0.000000000000  0.013753010891  0.010984862416  0.002726013825  0.002726013825  0.002726013825  0.002779043992  0.002726013825  0.008213602546  0.005469419465  0.002726013825  0.010984862416  0.002883207660  0.000000000000  0.002726013825  
tragopan_blythii 0.007380042948  0.000000000000  0.000000000000  0.000000000000  0.029898775586  0.015895408747  0.006764335679  0.009042968994  0.006764335679  0.006988950426  0.004497713387  0.016077972657  0.009026484152  0.011333741304  0.016215119791  0.007604535830  0.002726013825  0.000000000000  

