18
alectoris_rufa 0.000000000000  0.008652963217  0.008615686507  0.008615686507  0.008611523778  0.008611523778  0.008615686507  0.008615686507  0.008615686507  0.008690563902  0.012962730876  0.004290573578  0.012962730876  0.010861717512  0.008611523778  0.008805352601  0.006132398080  0.008615686507  
catreus_wallichi 0.008652963217  0.000000000000  0.009614001521  0.011977486831  0.021764826209  0.019294902733  0.014410737074  0.014397768364  0.011977486831  0.012035149801  0.016377686823  0.019407275460  0.016858019582  0.000000000000  0.024249209376  0.002802529680  0.003848818399  0.014410737074  
chrysolophus_pictus 0.008615686507  0.009614001521  0.000000000000  0.002336067392  0.011779946199  0.011772929894  0.004681109959  0.004682329314  0.002336067392  0.000000000000  0.002704014291  0.005490754718  0.007039183137  0.000000000000  0.014172445487  0.005475721672  0.003834061691  0.007039183137  
crossoptilon_crossoptilon 0.008615686507  0.011977486831  0.002336067392  0.000000000000  0.009301020541  0.009291669963  0.002310425473  0.002309096312  0.000000000000  0.000000000000  0.002667943385  0.005416403749  0.004665928330  0.000000000000  0.011657498220  0.002733580960  0.003834061691  0.004633498647  
cyrtonyx_montezumae 0.008611523778  0.021764826209  0.011779946199  0.009301020541  0.000000000000  0.009301020541  0.006957555895  0.011642788820  0.009301020541  0.009522449416  0.008038913260  0.005425368667  0.009366360288  0.010855070154  0.011680008335  0.011017533628  0.015500831135  0.009301020541  
galgal4    0.008611523778  0.019294902733  0.011772929894  0.009291669963  0.009301020541  0.000000000000  0.006953505183  0.011635936166  0.009291669963  0.007122748481  0.008038913260  0.005425368667  0.009356877284  0.010855070154  0.011657498220  0.011004391869  0.011574919185  0.009291669963  
lophophorus_impejanus 0.008615686507  0.014410737074  0.004681109959  0.002310425473  0.006957555895  0.006953505183  0.000000000000  0.004626961349  0.002310425473  0.002365068762  0.002667943385  0.005416403749  0.002326551484  0.000000000000  0.009301020541  0.005484884528  0.007703079117  0.002310425473  
lophura_inornata 0.008615686507  0.014397768364  0.004682329314  0.002309096312  0.011642788820  0.011635936166  0.004626961349  0.000000000000  0.002309096312  0.002363675984  0.002667943385  0.005416403749  0.007006303471  0.000000000000  0.014007006093  0.005475721672  0.007684993815  0.006957555895  
lophura_nycthemera 0.008615686507  0.011977486831  0.002336067392  0.000000000000  0.009301020541  0.009291669963  0.002310425473  0.002309096312  0.000000000000  0.000000000000  0.002667943385  0.005416403749  0.004665928330  0.000000000000  0.011657498220  0.002733580960  0.003834061691  0.004633498647  
lophura_swinhoii 0.008690563902  0.012035149801  0.000000000000  0.000000000000  0.009522449416  0.007122748481  0.002365068762  0.002363675984  0.000000000000  0.000000000000  0.002682255645  0.005445901188  0.004777384140  0.000000000000  0.011935797247  0.002810405955  0.003834061691  0.002365068762  
melgal2    0.012962730876  0.016377686823  0.002704014291  0.002667943385  0.008038913260  0.008038913260  0.002667943385  0.002667943385  0.002667943385  0.002682255645  0.000000000000  0.008148085336  0.005396092480  0.005410690971  0.013480550403  0.006522358876  0.009540403712  0.002667943385  
pavo_cristatus 0.004290573578  0.019407275460  0.005490754718  0.005416403749  0.005425368667  0.005425368667  0.005416403749  0.005416403749  0.005416403749  0.005445901188  0.008148085336  0.000000000000  0.008215023609  0.010855070154  0.010920997361  0.006617081966  0.004852747041  0.005416403749  
perdix_dauuricae 0.012962730876  0.016858019582  0.007039183137  0.004665928330  0.009366360288  0.009356877284  0.002326551484  0.007006303471  0.004665928330  0.004777384140  0.005396092480  0.008215023609  0.000000000000  0.005410690971  0.011739615580  0.008254142007  0.007703079117  0.004665928330  
phasianus_colchicus 0.010861717512  0.000000000000  0.000000000000  0.000000000000  0.010855070154  0.010855070154  0.000000000000  0.000000000000  0.000000000000  0.000000000000  0.005410690971  0.010855070154  0.005410690971  0.000000000000  0.010855070154  0.005561141147  0.008345996995  0.000000000000  
rollulus_rouloul 0.008611523778  0.024249209376  0.014172445487  0.011657498220  0.011680008335  0.011657498220  0.009301020541  0.014007006093  0.011657498220  0.011935797247  0.013480550403  0.010920997361  0.011739615580  0.010855070154  0.000000000000  0.005475721672  0.011574919185  0.011657498220  
syrmaticus_ellioti 0.008805352601  0.002802529680  0.005475721672  0.002733580960  0.011017533628  0.011004391869  0.005484884528  0.005475721672  0.002733580960  0.002810405955  0.006522358876  0.006617081966  0.008254142007  0.005561141147  0.005475721672  0.000000000000  0.000000000000  0.008254142007  
syrmaticus_reevesii 0.006132398080  0.003848818399  0.003834061691  0.003834061691  0.015500831135  0.011574919185  0.007703079117  0.007684993815  0.003834061691  0.003834061691  0.009540403712  0.004852747041  0.007703079117  0.008345996995  0.011574919185  0.000000000000  0.000000000000  0.007703079117  
tragopan_blythii 0.008615686507  0.014410737074  0.007039183137  0.004633498647  0.009301020541  0.009291669963  0.002310425473  0.006957555895  0.004633498647  0.002365068762  0.002667943385  0.005416403749  0.004665928330  0.000000000000  0.011657498220  0.008254142007  0.007703079117  0.000000000000  

