18
alectoris_rufa 0.000000000000  0.005032220578  0.008388839979  0.009581099225  0.009526674670  0.007149333341  0.007166412066  0.009558203817  0.007288286767  0.005028307501  0.014382253666  0.010430595840  0.008277145828  0.007288286767  0.007432748739  0.002748196237  0.011287353729  0.007149333341  
catreus_wallichi 0.005032220578  0.000000000000  0.005962345858  0.005032220578  0.015216729391  0.012681102636  0.005032220578  0.005032220578  0.005032220578  0.005162105604  0.007567265097  0.015699500080  0.005892084019  0.005032220578  0.012681102636  0.002746028727  0.009043416247  0.007567265097  
chrysolophus_pictus 0.008388839979  0.005962345858  0.000000000000  0.002786485404  0.016859991343  0.008388839979  0.005590532482  0.002778742454  0.000000000000  0.000000000000  0.008369515348  0.012030635783  0.005564232364  0.000000000000  0.008781751961  0.000000000000  0.002799848107  0.005574948812  
crossoptilon_crossoptilon 0.009581099225  0.005032220578  0.002786485404  0.000000000000  0.016834333312  0.012008963146  0.002376001298  0.004764759412  0.000000000000  0.000000000000  0.002376001298  0.010430595840  0.005528714759  0.000000000000  0.007432748739  0.000000000000  0.005626851017  0.007166412066  
cyrtonyx_montezumae 0.009526674670  0.015216729391  0.016859991343  0.016834333312  0.000000000000  0.009526674670  0.014392750977  0.016793941763  0.014638570747  0.012629379387  0.021671339018  0.013024165864  0.016652746341  0.014638570747  0.009904095023  0.008277145828  0.019867375289  0.014358306248  
galgal4    0.007149333341  0.012681102636  0.008388839979  0.012008963146  0.009526674670  0.000000000000  0.009581099225  0.011980187477  0.009744490779  0.007563933755  0.016824375627  0.007799932302  0.008277145828  0.009744490779  0.004941343510  0.008296045002  0.011287353729  0.009558203817  
lophophorus_impejanus 0.007166412066  0.005032220578  0.005590532482  0.002376001298  0.014392750977  0.009581099225  0.000000000000  0.007166412066  0.002416187447  0.000000000000  0.004764759412  0.010430595840  0.002755769657  0.002416187447  0.007432748739  0.000000000000  0.008463969792  0.004764759412  
lophura_inornata 0.009558203817  0.005032220578  0.002778742454  0.004764759412  0.016793941763  0.011980187477  0.007166412066  0.000000000000  0.002416187447  0.000000000000  0.009537859651  0.010430595840  0.008277145828  0.002416187447  0.007432748739  0.000000000000  0.005611064593  0.007149333341  
lophura_nycthemera 0.007288286767  0.005032220578  0.000000000000  0.000000000000  0.014638570747  0.009744490779  0.002416187447  0.002416187447  0.000000000000  0.000000000000  0.002416187447  0.010430595840  0.002809975347  0.000000000000  0.007432748739  0.000000000000  0.002863998359  0.004845568079  
lophura_swinhoii 0.005028307501  0.005162105604  0.000000000000  0.000000000000  0.012629379387  0.007563933755  0.000000000000  0.000000000000  0.000000000000  0.000000000000  0.002507050228  0.010430595840  0.000000000000  0.000000000000  0.007621584313  0.000000000000  0.002905606737  0.002507050228  
melgal2    0.014382253666  0.007567265097  0.008369515348  0.002376001298  0.021671339018  0.016824375627  0.004764759412  0.009537859651  0.002416187447  0.002507050228  0.000000000000  0.013076906332  0.011096128872  0.002416187447  0.009938183756  0.002748196237  0.011271666004  0.011953463262  
pavo_cristatus 0.010430595840  0.015699500080  0.012030635783  0.010430595840  0.013024165864  0.007799932302  0.010430595840  0.010430595840  0.010430595840  0.010430595840  0.013076906332  0.000000000000  0.011887611646  0.010430595840  0.007799932302  0.011096128872  0.015184512468  0.013076906332  
perdix_dauuricae 0.008277145828  0.005892084019  0.005564232364  0.005528714759  0.016652746341  0.008277145828  0.002755769657  0.008277145828  0.002809975347  0.000000000000  0.011096128872  0.011887611646  0.000000000000  0.002809975347  0.008680113231  0.000000000000  0.008433281991  0.005502992090  
phasianus_colchicus 0.007288286767  0.005032220578  0.000000000000  0.000000000000  0.014638570747  0.009744490779  0.002416187447  0.002416187447  0.000000000000  0.000000000000  0.002416187447  0.010430595840  0.002809975347  0.000000000000  0.007432748739  0.000000000000  0.002863998359  0.004845568079  
rollulus_rouloul 0.007432748739  0.012681102636  0.008781751961  0.007432748739  0.009904095023  0.004941343510  0.007432748739  0.007432748739  0.007432748739  0.007621584313  0.009938183756  0.007799932302  0.008680113231  0.007432748739  0.000000000000  0.008296045002  0.011821093641  0.009938183756  
syrmaticus_ellioti 0.002748196237  0.002746028727  0.000000000000  0.000000000000  0.008277145828  0.008296045002  0.000000000000  0.000000000000  0.000000000000  0.000000000000  0.002748196237  0.011096128872  0.000000000000  0.000000000000  0.008296045002  0.000000000000  0.000000000000  0.002748196237  
syrmaticus_reevesii 0.011287353729  0.009043416247  0.002799848107  0.005626851017  0.019867375289  0.011287353729  0.008463969792  0.005611064593  0.002863998359  0.002905606737  0.011271666004  0.015184512468  0.008433281991  0.002863998359  0.011821093641  0.000000000000  0.000000000000  0.008440156870  
tragopan_blythii 0.007149333341  0.007567265097  0.005574948812  0.007166412066  0.014358306248  0.009558203817  0.004764759412  0.007149333341  0.004845568079  0.002507050228  0.011953463262  0.013076906332  0.005502992090  0.004845568079  0.009938183756  0.002748196237  0.008440156870  0.000000000000  

