18
alectoris_rufa 0.000000000000  0.004083640343  0.004083640343  0.004083640343  0.012330239030  0.012364593343  0.008204937799  0.004083640343  0.008204937799  0.004083640343  0.004083640343  0.004083640343  0.004083640343  0.004083640343  0.004221555862  0.004083640343  0.004083640343  0.008204937799  
catreus_wallichi 0.004083640343  0.000000000000  0.009148288805  0.002283729145  0.048806508823  0.022754217862  0.018561999139  0.006102074071  0.006470598119  0.006102074071  0.012344585644  0.024924694204  0.004781022947  0.010200981250  0.003923420875  0.006102074071  0.000000000000  0.020607548037  
chrysolophus_pictus 0.004083640343  0.009148288805  0.000000000000  0.009340557348  0.047470130948  0.025573379571  0.016131840994  0.004552483645  0.004781022947  0.006844478859  0.009203090806  0.032864114130  0.007185005953  0.011450955502  0.003923420875  0.009148288805  0.000000000000  0.023157815543  
crossoptilon_crossoptilon 0.004083640343  0.002283729145  0.009340557348  0.000000000000  0.052841229130  0.020945974214  0.018605174012  0.009205779585  0.007359533318  0.009205779585  0.013952212030  0.030639413586  0.004838860036  0.013855547078  0.003954451027  0.006886496886  0.000000000000  0.020912902998  
cyrtonyx_montezumae 0.012330239030  0.048806508823  0.047470130948  0.052841229130  0.000000000000  0.044282462205  0.042133507412  0.046571086344  0.047136202049  0.046571086344  0.046799347532  0.057861715481  0.047330743970  0.050975438615  0.011843441672  0.051053168559  0.019778793174  0.050903695873  
galgal4    0.012364593343  0.022754217862  0.025573379571  0.020945974214  0.044282462205  0.000000000000  0.027018225977  0.027018225977  0.024153496905  0.022754217862  0.027145302163  0.031323307931  0.019396215057  0.031273063273  0.011875126334  0.027018225977  0.011219998653  0.031228581893  
lophophorus_impejanus 0.008204937799  0.018561999139  0.016131840994  0.018605174012  0.042133507412  0.027018225977  0.000000000000  0.016461072278  0.017467564981  0.016461072278  0.018645694613  0.035734716421  0.014491420273  0.020637373023  0.007881589325  0.016461072278  0.014069569198  0.018504651050  
lophura_inornata 0.004083640343  0.006102074071  0.004552483645  0.009205779585  0.046571086344  0.027018225977  0.016461072278  0.000000000000  0.002146473848  0.004058778285  0.006131080540  0.027065882488  0.004781022947  0.008142631938  0.003923420875  0.008154754458  0.000000000000  0.022720386425  
lophura_nycthemera 0.008204937799  0.006470598119  0.004781022947  0.007359533318  0.047136202049  0.024153496905  0.017467564981  0.002146473848  0.000000000000  0.004303306399  0.006512740184  0.024198016107  0.007258490210  0.008634814955  0.007881589325  0.008648450941  0.002778703302  0.019635199491  
lophura_swinhoii 0.004083640343  0.006102074071  0.006844478859  0.009205779585  0.046571086344  0.022754217862  0.016461072278  0.004058778285  0.004303306399  0.000000000000  0.008192665508  0.031379281662  0.007188914840  0.008142631938  0.003923420875  0.008154754458  0.000000000000  0.022720386425  
melgal2    0.004083640343  0.012344585644  0.009203090806  0.013952212030  0.046799347532  0.027145302163  0.018645694613  0.006131080540  0.006512740184  0.008192665508  0.000000000000  0.033703243640  0.007240970415  0.014416845872  0.000000000000  0.014435099980  0.002794232035  0.024965992754  
pavo_cristatus 0.004083640343  0.024924694204  0.032864114130  0.030639413586  0.057861715481  0.031323307931  0.035734716421  0.027065882488  0.024198016107  0.031379281662  0.033703243640  0.000000000000  0.021915228550  0.035670262729  0.003923420875  0.031379281662  0.005574790890  0.037796721220  
perdix_dauuricae 0.004083640343  0.004781022947  0.007185005953  0.004838860036  0.047330743970  0.019396215057  0.014491420273  0.004781022947  0.007258490210  0.007188914840  0.007240970415  0.021915228550  0.000000000000  0.012029526652  0.003923420875  0.004781022947  0.000000000000  0.021850719733  
phasianus_colchicus 0.004083640343  0.010200981250  0.011450955502  0.013855547078  0.050975438615  0.031273063273  0.020637373023  0.008142631938  0.008634814955  0.008142631938  0.014416845872  0.035670262729  0.012029526652  0.000000000000  0.003923420875  0.012268854272  0.000000000000  0.020583408435  
rollulus_rouloul 0.004221555862  0.003923420875  0.003923420875  0.003954451027  0.011843441672  0.011875126334  0.007881589325  0.003923420875  0.007881589325  0.003923420875  0.000000000000  0.003923420875  0.003923420875  0.003923420875  0.000000000000  0.003923420875  0.003923420875  0.007881589325  
syrmaticus_ellioti 0.004083640343  0.006102074071  0.009148288805  0.006886496886  0.051053168559  0.027018225977  0.016461072278  0.008154754458  0.008648450941  0.008154754458  0.014435099980  0.031379281662  0.004781022947  0.012268854272  0.003923420875  0.000000000000  0.002778703302  0.022720386425  
syrmaticus_reevesii 0.004083640343  0.000000000000  0.000000000000  0.000000000000  0.019778793174  0.011219998653  0.014069569198  0.000000000000  0.002778703302  0.000000000000  0.002794232035  0.005574790890  0.000000000000  0.000000000000  0.003923420875  0.002778703302  0.000000000000  0.011219998653  
tragopan_blythii 0.008204937799  0.020607548037  0.023157815543  0.020912902998  0.050903695873  0.031228581893  0.018504651050  0.022720386425  0.019635199491  0.022720386425  0.024965992754  0.037796721220  0.021850719733  0.020583408435  0.007881589325  0.022720386425  0.011219998653  0.000000000000  

