18
alectoris_rufa 0.000000000000  0.003775221515  0.004632100835  0.003775221515  0.000000000000  0.000000000000  0.000000000000  0.003775221515  0.003775221515  0.003775221515  0.003771498632  0.003775221515  0.000000000000  0.003775221515  0.003775221515  0.003775221515  0.003775221515  0.000000000000  
catreus_wallichi 0.003775221515  0.000000000000  0.005734460875  0.000000000000  0.010393975840  0.007363160919  0.007363160919  0.002545270000  0.002488269980  0.000000000000  0.009831903722  0.015157122823  0.007567472883  0.002445671437  0.015259576607  0.005019808426  0.005019808426  0.009965659392  
chrysolophus_pictus 0.004632100835  0.005734460875  0.000000000000  0.003004036485  0.012090554636  0.005723750163  0.005723750163  0.002933536620  0.002858077874  0.003789527906  0.005723750163  0.011805085364  0.005823752020  0.002858077874  0.011649035177  0.005723750163  0.005740177957  0.008609986545  
crossoptilon_crossoptilon 0.003775221515  0.000000000000  0.003004036485  0.000000000000  0.010393975840  0.005175695335  0.005175695335  0.000000000000  0.000000000000  0.000000000000  0.007778127807  0.013025149340  0.005175695335  0.000000000000  0.013113249209  0.002616794145  0.002609964390  0.007783447095  
cyrtonyx_montezumae 0.000000000000  0.010393975840  0.012090554636  0.010393975840  0.000000000000  0.005175695335  0.005175695335  0.010448276741  0.010448276741  0.006313766271  0.007778127807  0.013025149340  0.005175695335  0.010393975840  0.013113249209  0.007885746111  0.007865071743  0.007783447095  
galgal4    0.000000000000  0.007363160919  0.005723750163  0.005175695335  0.005175695335  0.000000000000  0.000000000000  0.005096560136  0.004982292980  0.003097074078  0.002444109048  0.007529486118  0.000000000000  0.004896900239  0.007582447018  0.002506984189  0.002506984189  0.002475948293  
lophophorus_impejanus 0.000000000000  0.007363160919  0.005723750163  0.005175695335  0.005175695335  0.000000000000  0.000000000000  0.005096560136  0.004982292980  0.003097074078  0.002444109048  0.007529486118  0.000000000000  0.004896900239  0.007582447018  0.002506984189  0.002506984189  0.002475948293  
lophura_inornata 0.003775221515  0.002545270000  0.002933536620  0.000000000000  0.010448276741  0.005096560136  0.005096560136  0.000000000000  0.000000000000  0.000000000000  0.007658981346  0.012824688243  0.005096560136  0.000000000000  0.012843755402  0.002563136418  0.002556583531  0.007664138149  
lophura_nycthemera 0.003775221515  0.002488269980  0.002858077874  0.000000000000  0.010448276741  0.004982292980  0.004982292980  0.000000000000  0.000000000000  0.000000000000  0.007486952136  0.012824688243  0.005057893127  0.000000000000  0.012680875738  0.002505342480  0.002505342480  0.007491878821  
lophura_swinhoii 0.003775221515  0.000000000000  0.003789527906  0.000000000000  0.006313766271  0.003097074078  0.003097074078  0.000000000000  0.000000000000  0.000000000000  0.006203069043  0.006215654211  0.003145787966  0.000000000000  0.006353883874  0.000000000000  0.000000000000  0.003145787966  
melgal2    0.003771498632  0.009831903722  0.005723750163  0.007778127807  0.007778127807  0.002444109048  0.002444109048  0.007658981346  0.007486952136  0.006203069043  0.000000000000  0.010054328366  0.002511634999  0.007358402729  0.010116896878  0.005019808426  0.005019808426  0.004957592663  
pavo_cristatus 0.003775221515  0.015157122823  0.011805085364  0.013025149340  0.013025149340  0.007529486118  0.007529486118  0.012824688243  0.012824688243  0.006215654211  0.010054328366  0.000000000000  0.007625177196  0.012598478326  0.015456139146  0.010325835088  0.010299247049  0.010194250214  
perdix_dauuricae 0.000000000000  0.007567472883  0.005823752020  0.005175695335  0.005175695335  0.000000000000  0.000000000000  0.005096560136  0.005057893127  0.003145787966  0.002511634999  0.007625177196  0.000000000000  0.005032439439  0.007620971681  0.002545270000  0.002538808030  0.002513284971  
phasianus_colchicus 0.003775221515  0.002445671437  0.002858077874  0.000000000000  0.010393975840  0.004896900239  0.004896900239  0.000000000000  0.000000000000  0.000000000000  0.007358402729  0.012598478326  0.005032439439  0.000000000000  0.012680875738  0.002505342480  0.002505342480  0.007454645336  
rollulus_rouloul 0.003775221515  0.015259576607  0.011649035177  0.013113249209  0.013113249209  0.007582447018  0.007582447018  0.012843755402  0.012680875738  0.006353883874  0.010116896878  0.015456139146  0.007620971681  0.012680875738  0.000000000000  0.010216335211  0.010190307193  0.005040713944  
syrmaticus_ellioti 0.003775221515  0.005019808426  0.005723750163  0.002616794145  0.007885746111  0.002506984189  0.002506984189  0.002563136418  0.002505342480  0.000000000000  0.005019808426  0.010325835088  0.002545270000  0.002505342480  0.010216335211  0.000000000000  0.000000000000  0.005028041353  
syrmaticus_reevesii 0.003775221515  0.005019808426  0.005740177957  0.002609964390  0.007865071743  0.002506984189  0.002506984189  0.002556583531  0.002505342480  0.000000000000  0.005019808426  0.010299247049  0.002538808030  0.002505342480  0.010190307193  0.000000000000  0.000000000000  0.005028041353  
tragopan_blythii 0.000000000000  0.009965659392  0.008609986545  0.007783447095  0.007783447095  0.002475948293  0.002475948293  0.007664138149  0.007491878821  0.003145787966  0.004957592663  0.010194250214  0.002513284971  0.007454645336  0.005040713944  0.005028041353  0.005028041353  0.000000000000  

