18
alectoris_rufa 0.000000000000  0.026386854213  0.026386854213  0.000000000000  0.050565812015  0.019590023760  0.026386854213  0.026386854213  0.023006557112  0.033221928314  0.019582533802  0.016954051465  0.023006557112  0.023006557112  0.016318662963  0.009180775598  0.028052811381  0.017277362447  
catreus_wallichi 0.026386854213  0.000000000000  0.005196835640  0.003572380197  0.049434960350  0.034802658968  0.029259806044  0.002591171744  0.005196835640  0.007817154706  0.021031829447  0.037228031860  0.013075205985  0.002591171744  0.033440702984  0.004082878908  0.000000000000  0.019367220911  
chrysolophus_pictus 0.026386854213  0.005196835640  0.000000000000  0.003572380197  0.049434960350  0.034802658968  0.023802229325  0.007817154706  0.005196835640  0.013102424316  0.021031829447  0.034260347236  0.013075205985  0.002591171744  0.033440702984  0.004082878908  0.002717939764  0.019367220911  
crossoptilon_crossoptilon 0.000000000000  0.003572380197  0.003572380197  0.000000000000  0.040003069023  0.014509320858  0.010773185540  0.007172364750  0.007172364750  0.007172364750  0.010800383589  0.022448826129  0.010773185540  0.003572380197  0.026590484758  0.004256674951  0.003572380197  0.010839408600  
cyrtonyx_montezumae 0.050565812015  0.049434960350  0.049434960350  0.040003069023  0.000000000000  0.074295435545  0.064875547613  0.052509699631  0.049434960350  0.055604866216  0.061501277932  0.054141437771  0.052509699631  0.046380380512  0.068045821569  0.016498761206  0.039332713177  0.065326284474  
galgal4    0.019590023760  0.034802658968  0.034802658968  0.014509320858  0.074295435545  0.000000000000  0.037519059007  0.037589065759  0.034802658968  0.043212378374  0.034644473764  0.025440487726  0.037519059007  0.032032818182  0.036191168494  0.004082878908  0.030817854682  0.022168623769  
lophophorus_impejanus 0.026386854213  0.029259806044  0.023802229325  0.010773185540  0.064875547613  0.037519059007  0.000000000000  0.032012757575  0.029259806044  0.037567948336  0.031846726409  0.031267020802  0.031947506723  0.026523026257  0.033369468894  0.008182263272  0.024992231857  0.030731725509  
lophura_inornata 0.026386854213  0.002591171744  0.007817154706  0.007172364750  0.052509699631  0.037589065759  0.032012757575  0.000000000000  0.002591171744  0.010452294726  0.023723265482  0.040214741692  0.015733895690  0.005196835640  0.036338413714  0.004082878908  0.002717939764  0.022200879449  
lophura_nycthemera 0.023006557112  0.005196835640  0.005196835640  0.007172364750  0.049434960350  0.034802658968  0.029259806044  0.002591171744  0.000000000000  0.013102424316  0.021031829447  0.037228031860  0.013075205985  0.002591171744  0.033440702984  0.004082878908  0.005451828734  0.019367220911  
lophura_swinhoii 0.033221928314  0.007817154706  0.013102424316  0.007172364750  0.055604866216  0.043212378374  0.037567948336  0.010452294726  0.013102424316  0.000000000000  0.029153236677  0.040214741692  0.021097229652  0.010452294726  0.039254260308  0.004082878908  0.005451828734  0.027920431740  
melgal2    0.019582533802  0.021031829447  0.021031829447  0.010800383589  0.061501277932  0.034644473764  0.031846726409  0.023723265482  0.021031829447  0.029153236677  0.000000000000  0.034166912704  0.023698519672  0.018355852532  0.027563219425  0.004082878908  0.019288575474  0.024905125830  
pavo_cristatus 0.016954051465  0.037228031860  0.034260347236  0.022448826129  0.054141437771  0.025440487726  0.031267020802  0.040214741692  0.037228031860  0.040214741692  0.034166912704  0.000000000000  0.037167345838  0.034260347236  0.034457174151  0.016470734769  0.037879179900  0.029909435143  
perdix_dauuricae 0.023006557112  0.013075205985  0.013075205985  0.010773185540  0.052509699631  0.037519059007  0.031947506723  0.015733895690  0.013075205985  0.021097229652  0.023698519672  0.037167345838  0.000000000000  0.010431602565  0.030497374526  0.004082878908  0.010945423676  0.022148784332  
phasianus_colchicus 0.023006557112  0.002591171744  0.002591171744  0.003572380197  0.046380380512  0.032032818182  0.026523026257  0.005196835640  0.002591171744  0.010452294726  0.018355852532  0.034260347236  0.010431602565  0.000000000000  0.030560903911  0.004082878908  0.002717939764  0.016550693268  
rollulus_rouloul 0.016318662963  0.033440702984  0.033440702984  0.026590484758  0.068045821569  0.036191168494  0.033369468894  0.036338413714  0.033440702984  0.039254260308  0.027563219425  0.034457174151  0.030497374526  0.030560903911  0.000000000000  0.012321955470  0.035207529924  0.029152724015  
syrmaticus_ellioti 0.009180775598  0.004082878908  0.004082878908  0.004256674951  0.016498761206  0.004082878908  0.008182263272  0.004082878908  0.004082878908  0.004082878908  0.004082878908  0.016470734769  0.004082878908  0.004082878908  0.012321955470  0.000000000000  0.004082878908  0.008552600606  
syrmaticus_reevesii 0.028052811381  0.000000000000  0.002717939764  0.003572380197  0.039332713177  0.030817854682  0.024992231857  0.002717939764  0.005451828734  0.005451828734  0.019288575474  0.037879179900  0.010945423676  0.002717939764  0.035207529924  0.004082878908  0.000000000000  0.020382449812  
tragopan_blythii 0.017277362447  0.019367220911  0.019367220911  0.010839408600  0.065326284474  0.022168623769  0.030731725509  0.022200879449  0.019367220911  0.027920431740  0.024905125830  0.029909435143  0.022148784332  0.016550693268  0.029152724015  0.008552600606  0.020382449812  0.000000000000  

