18
alectoris_rufa 0.000000000000  0.009910513648  0.003279703785  0.003279703785  0.000000000000  0.003279703785  0.003279703785  0.003312293955  0.003279703785  0.007397155026  0.006570850379  0.000000000000  0.003279703785  0.004568190191  0.003279703785  0.003390916287  0.003312293955  0.003390916287  
catreus_wallichi 0.009910513648  0.000000000000  0.006455597894  0.006455597894  0.009717887741  0.006455597894  0.006455597894  0.006648748610  0.006497544127  0.003688265332  0.009696529805  0.009717887741  0.006583093465  0.000000000000  0.013131689983  0.006670925656  0.006648748610  0.000000000000  
chrysolophus_pictus 0.003279703785  0.006455597894  0.000000000000  0.000000000000  0.002625320699  0.000000000000  0.000000000000  0.000000000000  0.000000000000  0.002992843408  0.005203248631  0.002598037894  0.000000000000  0.000000000000  0.008121487806  0.000000000000  0.000000000000  0.000000000000  
crossoptilon_crossoptilon 0.003279703785  0.006455597894  0.000000000000  0.000000000000  0.002625320699  0.000000000000  0.000000000000  0.000000000000  0.000000000000  0.002992843408  0.005203248631  0.002598037894  0.000000000000  0.000000000000  0.008121487806  0.000000000000  0.000000000000  0.000000000000  
cyrtonyx_montezumae 0.000000000000  0.009717887741  0.002625320699  0.002625320699  0.000000000000  0.002625320699  0.002625320699  0.002696102229  0.002646161827  0.005999252323  0.007907417065  0.000000000000  0.002674470231  0.004568190191  0.005399930189  0.003312293955  0.002959405431  0.002794031450  
galgal4    0.003279703785  0.006455597894  0.000000000000  0.000000000000  0.002625320699  0.000000000000  0.000000000000  0.000000000000  0.000000000000  0.002992843408  0.005203248631  0.002598037894  0.000000000000  0.000000000000  0.008121487806  0.000000000000  0.000000000000  0.000000000000  
lophophorus_impejanus 0.003279703785  0.006455597894  0.000000000000  0.000000000000  0.002625320699  0.000000000000  0.000000000000  0.000000000000  0.000000000000  0.002992843408  0.005203248631  0.002598037894  0.000000000000  0.000000000000  0.008121487806  0.000000000000  0.000000000000  0.000000000000  
lophura_inornata 0.003312293955  0.006648748610  0.000000000000  0.000000000000  0.002696102229  0.000000000000  0.000000000000  0.000000000000  0.000000000000  0.002992843408  0.005342234411  0.002667336499  0.000000000000  0.000000000000  0.008255585768  0.000000000000  0.000000000000  0.000000000000  
lophura_nycthemera 0.003279703785  0.006497544127  0.000000000000  0.000000000000  0.002646161827  0.000000000000  0.000000000000  0.000000000000  0.000000000000  0.002992843408  0.005244179045  0.002618446419  0.000000000000  0.000000000000  0.008121487806  0.000000000000  0.000000000000  0.000000000000  
lophura_swinhoii 0.007397155026  0.003688265332  0.002992843408  0.002992843408  0.005999252323  0.002992843408  0.002992843408  0.002992843408  0.002992843408  0.000000000000  0.009019393164  0.005999252323  0.002992843408  0.004563503998  0.009019393164  0.003829508463  0.003255946861  0.002992843408  
melgal2    0.006570850379  0.009696529805  0.005203248631  0.005203248631  0.007907417065  0.005203248631  0.005203248631  0.005342234411  0.005244179045  0.009019393164  0.000000000000  0.007824915712  0.005299765245  0.004563503998  0.013595097661  0.003309830221  0.005928123114  0.005596361331  
pavo_cristatus 0.000000000000  0.009717887741  0.002598037894  0.002598037894  0.000000000000  0.002598037894  0.002598037894  0.002667336499  0.002618446419  0.005999252323  0.007824915712  0.000000000000  0.002646161827  0.004568190191  0.005399930189  0.003312293955  0.002959405431  0.002794031450  
perdix_dauuricae 0.003279703785  0.006583093465  0.000000000000  0.000000000000  0.002674470231  0.000000000000  0.000000000000  0.000000000000  0.000000000000  0.002992843408  0.005299765245  0.002646161827  0.000000000000  0.000000000000  0.008187987768  0.000000000000  0.000000000000  0.000000000000  
phasianus_colchicus 0.004568190191  0.000000000000  0.000000000000  0.000000000000  0.004568190191  0.000000000000  0.000000000000  0.000000000000  0.000000000000  0.004563503998  0.004563503998  0.004568190191  0.000000000000  0.000000000000  0.004568190191  0.000000000000  0.000000000000  0.000000000000  
rollulus_rouloul 0.003279703785  0.013131689983  0.008121487806  0.008121487806  0.005399930189  0.008121487806  0.008121487806  0.008255585768  0.008121487806  0.009019393164  0.013595097661  0.005399930189  0.008187987768  0.004568190191  0.000000000000  0.006738353445  0.008918227024  0.005596361331  
syrmaticus_ellioti 0.003390916287  0.006670925656  0.000000000000  0.000000000000  0.003312293955  0.000000000000  0.000000000000  0.000000000000  0.000000000000  0.003829508463  0.003309830221  0.003312293955  0.000000000000  0.000000000000  0.006738353445  0.000000000000  0.000000000000  0.000000000000  
syrmaticus_reevesii 0.003312293955  0.006648748610  0.000000000000  0.000000000000  0.002959405431  0.000000000000  0.000000000000  0.000000000000  0.000000000000  0.003255946861  0.005928123114  0.002959405431  0.000000000000  0.000000000000  0.008918227024  0.000000000000  0.000000000000  0.000000000000  
tragopan_blythii 0.003390916287  0.000000000000  0.000000000000  0.000000000000  0.002794031450  0.000000000000  0.000000000000  0.000000000000  0.000000000000  0.002992843408  0.005596361331  0.002794031450  0.000000000000  0.000000000000  0.005596361331  0.000000000000  0.000000000000  0.000000000000  

