18
alectoris_rufa 0.000000000000  0.002315630471  0.002097104630  0.002097104630  0.006311726940  0.004204383521  0.006321935876  0.000000000000  0.002097104630  0.002119326926  0.004204383521  0.002097104630  0.002097104630  0.000000000000  0.006311726940  0.002786698119  0.000000000000  0.004249045415  
catreus_wallichi 0.002315630471  0.000000000000  0.000000000000  0.000000000000  0.004552322715  0.002227926351  0.004467339418  0.000000000000  0.002226600983  0.002226600983  0.000000000000  0.000000000000  0.000000000000  0.000000000000  0.002226600983  0.003136295859  0.000000000000  0.000000000000  
chrysolophus_pictus 0.002097104630  0.000000000000  0.000000000000  0.000000000000  0.004095537472  0.002008645338  0.004026622793  0.000000000000  0.002007568036  0.002044508500  0.002008645338  0.000000000000  0.000000000000  0.000000000000  0.004021422673  0.002786698119  0.000000000000  0.002045625836  
crossoptilon_crossoptilon 0.002097104630  0.000000000000  0.000000000000  0.000000000000  0.004095537472  0.002008645338  0.004026622793  0.000000000000  0.002007568036  0.002044508500  0.002008645338  0.000000000000  0.000000000000  0.000000000000  0.004021422673  0.002786698119  0.000000000000  0.002045625836  
cyrtonyx_montezumae 0.006311726940  0.004552322715  0.004095537472  0.004095537472  0.000000000000  0.006156297500  0.008226881359  0.005474417079  0.006152901208  0.006268612640  0.006156297500  0.004095537472  0.004095537472  0.005964176982  0.008219144723  0.008396218744  0.007083786163  0.006272138405  
galgal4    0.004204383521  0.002227926351  0.002008645338  0.002008645338  0.006156297500  0.000000000000  0.006054019486  0.002733378239  0.004021422673  0.004095537472  0.004026622793  0.002008645338  0.002008645338  0.002977541534  0.006044658009  0.005591390604  0.003535476641  0.004100931403  
lophophorus_impejanus 0.006321935876  0.004467339418  0.004026622793  0.004026622793  0.008226881359  0.006054019486  0.000000000000  0.005484066694  0.006044658009  0.006156297500  0.006054019486  0.004026622793  0.004026622793  0.005975635570  0.008077361844  0.008414311355  0.003535476641  0.006166008744  
lophura_inornata 0.000000000000  0.000000000000  0.000000000000  0.000000000000  0.005474417079  0.002733378239  0.005484066694  0.000000000000  0.000000000000  0.000000000000  0.002733378239  0.000000000000  0.000000000000  0.000000000000  0.005474417079  0.002786698119  0.000000000000  0.002771252776  
lophura_nycthemera 0.002097104630  0.002226600983  0.002007568036  0.002007568036  0.006152901208  0.004021422673  0.006044658009  0.000000000000  0.000000000000  0.000000000000  0.004021422673  0.002007568036  0.002007568036  0.000000000000  0.006041384188  0.002786698119  0.000000000000  0.004095537472  
lophura_swinhoii 0.002119326926  0.002226600983  0.002044508500  0.002044508500  0.006268612640  0.004095537472  0.006156297500  0.000000000000  0.000000000000  0.000000000000  0.002044508500  0.002044508500  0.002044508500  0.000000000000  0.004096440481  0.002786698119  0.000000000000  0.004095537472  
melgal2    0.004204383521  0.000000000000  0.002008645338  0.002008645338  0.006156297500  0.004026622793  0.006054019486  0.002733378239  0.004021422673  0.002044508500  0.000000000000  0.002008645338  0.002008645338  0.000000000000  0.002007568036  0.002786698119  0.000000000000  0.002045625836  
pavo_cristatus 0.002097104630  0.000000000000  0.000000000000  0.000000000000  0.004095537472  0.002008645338  0.004026622793  0.000000000000  0.002007568036  0.002044508500  0.002008645338  0.000000000000  0.000000000000  0.000000000000  0.004021422673  0.002786698119  0.000000000000  0.002045625836  
perdix_dauuricae 0.002097104630  0.000000000000  0.000000000000  0.000000000000  0.004095537472  0.002008645338  0.004026622793  0.000000000000  0.002007568036  0.002044508500  0.002008645338  0.000000000000  0.000000000000  0.000000000000  0.004021422673  0.002786698119  0.000000000000  0.002045625836  
phasianus_colchicus 0.000000000000  0.000000000000  0.000000000000  0.000000000000  0.005964176982  0.002977541534  0.005975635570  0.000000000000  0.000000000000  0.000000000000  0.000000000000  0.000000000000  0.000000000000  0.000000000000  0.002975174171  0.003068920279  0.000000000000  0.000000000000  
rollulus_rouloul 0.006311726940  0.002226600983  0.004021422673  0.004021422673  0.008219144723  0.006044658009  0.008077361844  0.005474417079  0.006041384188  0.004096440481  0.002007568036  0.004021422673  0.004021422673  0.002975174171  0.000000000000  0.005581359310  0.003532138876  0.004095537472  
syrmaticus_ellioti 0.002786698119  0.003136295859  0.002786698119  0.002786698119  0.008396218744  0.005591390604  0.008414311355  0.002786698119  0.002786698119  0.002786698119  0.002786698119  0.002786698119  0.002786698119  0.003068920279  0.005581359310  0.000000000000  0.003535476641  0.005591390604  
syrmaticus_reevesii 0.000000000000  0.000000000000  0.000000000000  0.000000000000  0.007083786163  0.003535476641  0.003535476641  0.000000000000  0.000000000000  0.000000000000  0.000000000000  0.000000000000  0.000000000000  0.000000000000  0.003532138876  0.003535476641  0.000000000000  0.000000000000  
tragopan_blythii 0.004249045415  0.000000000000  0.002045625836  0.002045625836  0.006272138405  0.004100931403  0.006166008744  0.002771252776  0.004095537472  0.004095537472  0.002045625836  0.002045625836  0.002045625836  0.000000000000  0.004095537472  0.005591390604  0.000000000000  0.000000000000  

