18
alectoris_rufa 0.000000000000  0.042238161109  0.032391205821  0.037754820232  0.029350991698  0.036827524211  0.036368462469  0.036464769486  0.032391205821  0.032391205821  0.040856754329  0.024133936814  0.050922785594  0.016003483619  0.046564245445  0.015192927366  0.032636379798  0.036528469372  
catreus_wallichi 0.042238161109  0.000000000000  0.008011318815  0.012032813137  0.033901624516  0.037208547204  0.027163949839  0.013433825934  0.008011318815  0.008011318815  0.016176086600  0.024401363023  0.024329698592  0.011071500965  0.045321772350  0.010490729427  0.013795499570  0.024401363023  
chrysolophus_pictus 0.032391205821  0.008011318815  0.000000000000  0.003982092331  0.028334910637  0.031570696228  0.017921219284  0.004441994466  0.000000000000  0.000000000000  0.007702763608  0.015491701796  0.016082658842  0.000000000000  0.036780381020  0.000000000000  0.004549073517  0.015491701796  
crossoptilon_crossoptilon 0.037754820232  0.012032813137  0.003982092331  0.000000000000  0.029491945961  0.032868116360  0.022452716184  0.008918816515  0.003982092331  0.003982092331  0.012032813137  0.020186235165  0.020161297541  0.005490772841  0.040991218231  0.005204976491  0.009117391593  0.020186235165  
cyrtonyx_montezumae 0.029350991698  0.033901624516  0.028334910637  0.029491945961  0.000000000000  0.036931355505  0.037845260522  0.033120845591  0.028334910637  0.028334910637  0.036752504694  0.020105056404  0.042603576973  0.022322365164  0.029491945961  0.021031110828  0.033974973071  0.036677386980  
galgal4    0.036827524211  0.037208547204  0.031570696228  0.032868116360  0.036931355505  0.000000000000  0.036702301523  0.032104542519  0.031570696228  0.031570696228  0.039788434200  0.023523728552  0.045698552625  0.021482998931  0.049990736037  0.025421250452  0.032943687285  0.039725225880  
lophophorus_impejanus 0.036368462469  0.027163949839  0.017921219284  0.022452716184  0.037845260522  0.036702301523  0.000000000000  0.023731737333  0.017921219284  0.017921219284  0.022517534708  0.027074989308  0.036368462469  0.016905413894  0.045673666910  0.016003483619  0.023143014016  0.004428206966  
lophura_inornata 0.036464769486  0.013433825934  0.004441994466  0.008918816515  0.033120845591  0.032104542519  0.023731737333  0.000000000000  0.004441994466  0.004441994466  0.008914201847  0.022554011030  0.022522790957  0.005948006291  0.045883328161  0.005614076677  0.009507475115  0.017960315371  
lophura_nycthemera 0.032391205821  0.008011318815  0.000000000000  0.003982092331  0.028334910637  0.031570696228  0.017921219284  0.004441994466  0.000000000000  0.000000000000  0.007702763608  0.015491701796  0.016082658842  0.000000000000  0.036780381020  0.000000000000  0.004549073517  0.015491701796  
lophura_swinhoii 0.032391205821  0.008011318815  0.000000000000  0.003982092331  0.028334910637  0.031570696228  0.017921219284  0.004441994466  0.000000000000  0.000000000000  0.007702763608  0.015491701796  0.016082658842  0.000000000000  0.036780381020  0.000000000000  0.004549073517  0.015491701796  
melgal2    0.040856754329  0.016176086600  0.007702763608  0.012032813137  0.036752504694  0.039788434200  0.022517534708  0.008914201847  0.007702763608  0.007702763608  0.000000000000  0.023447548394  0.024329698592  0.005240412736  0.045321772350  0.004954792595  0.009147216655  0.023447548394  
pavo_cristatus 0.024133936814  0.024401363023  0.015491701796  0.020186235165  0.020105056404  0.023523728552  0.027074989308  0.022554011030  0.015491701796  0.015491701796  0.023447548394  0.000000000000  0.032655731687  0.015918556247  0.036827524211  0.015040571198  0.023143014016  0.023381415732  
perdix_dauuricae 0.050922785594  0.024329698592  0.016082658842  0.020161297541  0.042603576973  0.045698552625  0.036368462469  0.022522790957  0.016082658842  0.016082658842  0.024329698592  0.032655731687  0.000000000000  0.016609608068  0.053864646549  0.015738208980  0.018372826192  0.032655731687  
phasianus_colchicus 0.016003483619  0.011071500965  0.000000000000  0.005490772841  0.022322365164  0.021482998931  0.016905413894  0.005948006291  0.000000000000  0.000000000000  0.005240412736  0.015918556247  0.016609608068  0.000000000000  0.011027787452  0.000000000000  0.000000000000  0.010546050112  
rollulus_rouloul 0.046564245445  0.045321772350  0.036780381020  0.040991218231  0.029491945961  0.049990736037  0.045673666910  0.045883328161  0.036780381020  0.036780381020  0.045321772350  0.036827524211  0.053864646549  0.011027787452  0.000000000000  0.015738208980  0.042118128382  0.045262697983  
syrmaticus_ellioti 0.015192927366  0.010490729427  0.000000000000  0.005204976491  0.021031110828  0.025421250452  0.016003483619  0.005614076677  0.000000000000  0.000000000000  0.004954792595  0.015040571198  0.015738208980  0.000000000000  0.015738208980  0.000000000000  0.005352613801  0.009967854054  
syrmaticus_reevesii 0.032636379798  0.013795499570  0.004549073517  0.009117391593  0.033974973071  0.032943687285  0.023143014016  0.009507475115  0.004549073517  0.004549073517  0.009147216655  0.023143014016  0.018372826192  0.000000000000  0.042118128382  0.005352613801  0.000000000000  0.018416345743  
tragopan_blythii 0.036528469372  0.024401363023  0.015491701796  0.020186235165  0.036677386980  0.039725225880  0.004428206966  0.017960315371  0.015491701796  0.015491701796  0.023447548394  0.023381415732  0.032655731687  0.010546050112  0.045262697983  0.009967854054  0.018416345743  0.000000000000  

