18
alectoris_rufa 0.000000000000  0.036487501466  0.044349341730  0.036204302351  0.032129088792  0.026033673984  0.035259665838  0.019526611162  0.027420967747  0.048018052194  0.009249077369  0.028526801385  0.042277469701  0.038902309935  0.043305316849  0.027271370422  0.041617251754  0.031388292402  
catreus_wallichi 0.036487501466  0.000000000000  0.005067349745  0.000000000000  0.035465220953  0.020918516080  0.015188956414  0.003206745510  0.002689307951  0.003583591983  0.006178891740  0.028953257189  0.021015152406  0.002526254430  0.032531911775  0.010805356927  0.010194767760  0.013968850609  
chrysolophus_pictus 0.044349341730  0.005067349745  0.000000000000  0.007565782414  0.043716871105  0.026239977931  0.025231603728  0.006437441992  0.008096698333  0.007112266613  0.012408711264  0.036902415636  0.028936475903  0.010117405755  0.040697631470  0.016185479464  0.017863850174  0.020905298903  
crossoptilon_crossoptilon 0.036204302351  0.000000000000  0.007565782414  0.000000000000  0.035177163736  0.020863950556  0.014961681090  0.003206745510  0.002682094948  0.007112266613  0.006159860861  0.028726342009  0.020850801793  0.002507252503  0.032269379042  0.010747290024  0.010117405755  0.013824009015  
cyrtonyx_montezumae 0.032129088792  0.035465220953  0.043716871105  0.035177163736  0.000000000000  0.027266726901  0.036930848158  0.016712171259  0.022944276516  0.049774811311  0.012724523345  0.024357303878  0.044446137382  0.038005041298  0.041540629386  0.022676904788  0.040851528239  0.032463465349  
galgal4    0.026033673984  0.020918516080  0.026239977931  0.020863950556  0.027266726901  0.000000000000  0.031460505462  0.009692449918  0.010809742166  0.026104770991  0.003067015817  0.013042393230  0.029418018995  0.023543612240  0.030060456356  0.016204527804  0.026239977931  0.025037684463  
lophophorus_impejanus 0.035259665838  0.015188956414  0.025231603728  0.014961681090  0.036930848158  0.031460505462  0.000000000000  0.000000000000  0.005654779526  0.020066163834  0.000000000000  0.035434450905  0.020689002352  0.020066163834  0.035221083793  0.006754550666  0.025231603728  0.014887426747  
lophura_inornata 0.019526611162  0.003206745510  0.006437441992  0.003206745510  0.016712171259  0.009692449918  0.000000000000  0.000000000000  0.000000000000  0.005126916847  0.009692449918  0.013185966975  0.013273485669  0.003206745510  0.013697121440  0.006449596387  0.003206745510  0.000000000000  
lophura_nycthemera 0.027420967747  0.002689307951  0.008096698333  0.002682094948  0.022944276516  0.010809742166  0.005654779526  0.000000000000  0.000000000000  0.003905494916  0.009273001961  0.013766910009  0.019506883039  0.005380924348  0.014208584104  0.010747290024  0.005380924348  0.007527812257  
lophura_swinhoii 0.048018052194  0.003583591983  0.007112266613  0.007112266613  0.049774811311  0.026104770991  0.020066163834  0.005126916847  0.003905494916  0.000000000000  0.004783564318  0.036669059841  0.026063430731  0.010708714175  0.032733920793  0.010747290024  0.014335315153  0.021681030021  
melgal2    0.009249077369  0.006178891740  0.012408711264  0.006159860861  0.012724523345  0.003067015817  0.000000000000  0.009692449918  0.009273001961  0.004783564318  0.000000000000  0.003116792273  0.009478087410  0.006159860861  0.013070480682  0.011898211897  0.006159860861  0.000000000000  
pavo_cristatus 0.028526801385  0.028953257189  0.036902415636  0.028726342009  0.024357303878  0.013042393230  0.035434450905  0.013185966975  0.013766910009  0.036669059841  0.003116792273  0.000000000000  0.034707333445  0.031434564644  0.032653849897  0.010747290024  0.028726342009  0.027931755914  
perdix_dauuricae 0.042277469701  0.021015152406  0.028936475903  0.020850801793  0.044446137382  0.029418018995  0.020689002352  0.013273485669  0.019506883039  0.026063430731  0.009478087410  0.034707333445  0.000000000000  0.023529267682  0.044267281274  0.022549050519  0.031665640753  0.017719129487  
phasianus_colchicus 0.038902309935  0.002526254430  0.010117405755  0.002507252503  0.038005041298  0.023543612240  0.020066163834  0.003206745510  0.005380924348  0.010708714175  0.006159860861  0.031434564644  0.023529267682  0.000000000000  0.035060589147  0.010747290024  0.012684170439  0.017350163224  
rollulus_rouloul 0.043305316849  0.032531911775  0.040697631470  0.032269379042  0.041540629386  0.030060456356  0.035221083793  0.013697121440  0.014208584104  0.032733920793  0.013070480682  0.032653849897  0.044267281274  0.035060589147  0.000000000000  0.010747290024  0.032269379042  0.027799963009  
syrmaticus_ellioti 0.027271370422  0.010805356927  0.016185479464  0.010747290024  0.022676904788  0.016204527804  0.006754550666  0.006449596387  0.010747290024  0.010747290024  0.011898211897  0.010747290024  0.022549050519  0.010747290024  0.010747290024  0.000000000000  0.010747290024  0.021692910923  
syrmaticus_reevesii 0.041617251754  0.010194767760  0.017863850174  0.010117405755  0.040851528239  0.026239977931  0.025231603728  0.003206745510  0.005380924348  0.014335315153  0.006159860861  0.028726342009  0.031665640753  0.012684170439  0.032269379042  0.010747290024  0.000000000000  0.020905298903  
tragopan_blythii 0.031388292402  0.013968850609  0.020905298903  0.013824009015  0.032463465349  0.025037684463  0.014887426747  0.000000000000  0.007527812257  0.021681030021  0.000000000000  0.027931755914  0.017719129487  0.017350163224  0.027799963009  0.021692910923  0.020905298903  0.000000000000  

