18
alectoris_rufa 0.000000000000  0.010710119074  0.011065681166  0.010710119074  0.016185679243  0.010710119074  0.010710119074  0.010710119074  0.010710119074  0.010710119074  0.010710119074  0.000000000000  0.010710119074  0.010710119074  0.000000000000  0.010767784008  0.011065681166  0.016251186344  
catreus_wallichi 0.010710119074  0.000000000000  0.003634707161  0.000000000000  0.030442538740  0.007149437287  0.000000000000  0.000000000000  0.000000000000  0.000000000000  0.007136531868  0.014374047607  0.003560332233  0.000000000000  0.023886827942  0.003705452088  0.004034332753  0.007442080655  
chrysolophus_pictus 0.011065681166  0.003634707161  0.000000000000  0.003729599635  0.035101555771  0.007289581537  0.003634707161  0.003634707161  0.003771801777  0.000000000000  0.010974211559  0.018400586100  0.007289581537  0.000000000000  0.028702315379  0.007594051625  0.004134410996  0.011434954166  
crossoptilon_crossoptilon 0.010710119074  0.000000000000  0.003729599635  0.000000000000  0.034136464025  0.007279551897  0.000000000000  0.000000000000  0.000000000000  0.000000000000  0.007266172435  0.007332933572  0.007279551897  0.000000000000  0.023886827942  0.003678193193  0.004034332753  0.007387103954  
cyrtonyx_montezumae 0.016185679243  0.030442538740  0.035101555771  0.034136464025  0.000000000000  0.037105337934  0.033253166221  0.033376541302  0.037105337934  0.020818457344  0.036911414083  0.030442538740  0.040991215152  0.021351963922  0.028702315379  0.029434120327  0.028935121036  0.034007415135  
galgal4    0.010710119074  0.007149437287  0.007289581537  0.007279551897  0.037105337934  0.000000000000  0.010430817644  0.010467213186  0.007175086759  0.007882031938  0.017437896647  0.014374047607  0.017523334262  0.008412508057  0.019005575491  0.014520524928  0.012214634399  0.014843865449  
lophophorus_impejanus 0.010710119074  0.000000000000  0.003634707161  0.000000000000  0.033253166221  0.010430817644  0.000000000000  0.000000000000  0.003573053559  0.000000000000  0.006914473841  0.014374047607  0.006926587220  0.000000000000  0.023886827942  0.003585866120  0.004034332753  0.007359919086  
lophura_inornata 0.010710119074  0.000000000000  0.003634707161  0.000000000000  0.033376541302  0.010467213186  0.000000000000  0.000000000000  0.003585866120  0.000000000000  0.006938462158  0.014374047607  0.006950659886  0.000000000000  0.023886827942  0.003598770901  0.004034332753  0.007359919086  
lophura_nycthemera 0.010710119074  0.000000000000  0.003771801777  0.000000000000  0.037105337934  0.007175086759  0.003573053559  0.003585866120  0.000000000000  0.000000000000  0.010767747372  0.007414490394  0.010806573531  0.000000000000  0.023886827942  0.007200920939  0.004034332753  0.007359919086  
lophura_swinhoii 0.010710119074  0.000000000000  0.000000000000  0.000000000000  0.020818457344  0.007882031938  0.000000000000  0.000000000000  0.000000000000  0.000000000000  0.007866346009  0.015855573210  0.003923530226  0.000000000000  0.020464326296  0.000000000000  0.004186335470  0.004100504412  
melgal2    0.010710119074  0.007136531868  0.010974211559  0.007266172435  0.036911414083  0.017437896647  0.006914473841  0.006938462158  0.010767747372  0.007866346009  0.000000000000  0.021655044649  0.013902310467  0.008394639530  0.028615747852  0.010806535671  0.012165009922  0.014775352831  
pavo_cristatus 0.000000000000  0.014374047607  0.018400586100  0.007332933572  0.030442538740  0.014374047607  0.014374047607  0.014374047607  0.007414490394  0.015855573210  0.021655044649  0.000000000000  0.018039035170  0.008412508057  0.014177389846  0.011210414773  0.012214634399  0.015010997098  
perdix_dauuricae 0.010710119074  0.003560332233  0.007289581537  0.007279551897  0.040991215152  0.017523334262  0.006926587220  0.006950659886  0.010806573531  0.003923530226  0.013902310467  0.018039035170  0.000000000000  0.004186335470  0.028822326695  0.010845643547  0.008105649431  0.014843865449  
phasianus_colchicus 0.010710119074  0.000000000000  0.000000000000  0.000000000000  0.021351963922  0.008412508057  0.000000000000  0.000000000000  0.000000000000  0.000000000000  0.008394639530  0.008412508057  0.004186335470  0.000000000000  0.021112525008  0.000000000000  0.004294198010  0.004203934682  
rollulus_rouloul 0.000000000000  0.023886827942  0.028702315379  0.023886827942  0.028702315379  0.019005575491  0.023886827942  0.023886827942  0.023886827942  0.020464326296  0.028615747852  0.014177389846  0.028822326695  0.021112525008  0.000000000000  0.028822326695  0.029678025628  0.028822326695  
syrmaticus_ellioti 0.010767784008  0.003705452088  0.007594051625  0.003678193193  0.029434120327  0.014520524928  0.003585866120  0.003598770901  0.007200920939  0.000000000000  0.010806535671  0.011210414773  0.010845643547  0.000000000000  0.028822326695  0.000000000000  0.004034332753  0.003664713592  
syrmaticus_reevesii 0.011065681166  0.004034332753  0.004134410996  0.004034332753  0.028935121036  0.012214634399  0.004034332753  0.004034332753  0.004034332753  0.004186335470  0.012165009922  0.012214634399  0.008105649431  0.004294198010  0.029678025628  0.004034332753  0.000000000000  0.008105649431  
tragopan_blythii 0.016251186344  0.007442080655  0.011434954166  0.007387103954  0.034007415135  0.014843865449  0.007359919086  0.007359919086  0.007359919086  0.004100504412  0.014775352831  0.015010997098  0.014843865449  0.004203934682  0.028822326695  0.003664713592  0.008105649431  0.000000000000  

