18
alectoris_rufa 0.000000000000  0.029419226135  0.023919463471  0.021197050014  0.040026989447  0.018275441818  0.018552362249  0.013773872594  0.026623371398  0.023890444162  0.021271940724  0.015805954121  0.018517195855  0.000000000000  0.039962963359  0.015046625319  0.023919463471  0.019046167318  
catreus_wallichi 0.029419226135  0.000000000000  0.010253965576  0.007666289530  0.053336941024  0.020680293350  0.015416470722  0.010158476350  0.012828966323  0.010231793258  0.018039919752  0.029374670172  0.010231793258  0.006105926512  0.039385605275  0.015067997507  0.010253965576  0.029853143836  
chrysolophus_pictus 0.023919463471  0.010253965576  0.000000000000  0.004333202645  0.044934193157  0.015299325881  0.013078634498  0.005942639621  0.006506081676  0.004327056678  0.013083053124  0.025292282530  0.006502137708  0.006105926512  0.047358286334  0.015067997507  0.004333202645  0.022779772067  
crossoptilon_crossoptilon 0.021197050014  0.007666289530  0.004333202645  0.000000000000  0.044934193157  0.015299325881  0.013078634498  0.002960534241  0.006506081676  0.004327056678  0.013083053124  0.025292282530  0.006502137708  0.000000000000  0.047358286334  0.015067997507  0.004333202645  0.022779772067  
cyrtonyx_montezumae 0.040026989447  0.053336941024  0.044934193157  0.044934193157  0.000000000000  0.032975552525  0.040321259429  0.027214159936  0.047255617099  0.044892572252  0.033378982179  0.034413525904  0.037981652144  0.000000000000  0.046829802941  0.020161550514  0.044934193157  0.034611844768  
galgal4    0.018275441818  0.020680293350  0.015299325881  0.015299325881  0.032975552525  0.000000000000  0.010899247139  0.011922582479  0.017513094136  0.015289858565  0.010920259695  0.015782280096  0.008696769987  0.000000000000  0.042258027744  0.004973795512  0.015299325881  0.013568574065  
lophophorus_impejanus 0.018552362249  0.015416470722  0.013078634498  0.013078634498  0.040321259429  0.010899247139  0.000000000000  0.014943966616  0.015287728134  0.013081529807  0.008696769987  0.020629252353  0.006502137708  0.000000000000  0.042733603074  0.015067997507  0.013078634498  0.015853774083  
lophura_inornata 0.013773872594  0.010158476350  0.005942639621  0.002960534241  0.027214159936  0.011922582479  0.014943966616  0.000000000000  0.002958102805  0.005931074682  0.011922582479  0.017977200835  0.008918355319  0.000000000000  0.036732983922  0.006258792322  0.005942639621  0.017977200835  
lophura_nycthemera 0.026623371398  0.012828966323  0.006506081676  0.006506081676  0.047255617099  0.017513094136  0.015287728134  0.002958102805  0.000000000000  0.002160866710  0.015289858565  0.027639190831  0.008686189483  0.006095581753  0.049685606099  0.025341208478  0.006506081676  0.025102512349  
lophura_swinhoii 0.023890444162  0.010231793258  0.004327056678  0.004327056678  0.044892572252  0.015289858565  0.013081529807  0.005931074682  0.002160866710  0.000000000000  0.013078634498  0.025275582786  0.006505344864  0.006095581753  0.047303004677  0.020161550514  0.004327056678  0.022768927922  
melgal2    0.021271940724  0.018039919752  0.013083053124  0.013083053124  0.033378982179  0.010920259695  0.008696769987  0.011922582479  0.015289858565  0.013078634498  0.000000000000  0.020658752471  0.006506081676  0.000000000000  0.040436057311  0.020210018409  0.013083053124  0.015871778185  
pavo_cristatus 0.015805954121  0.029374670172  0.025292282530  0.025292282530  0.034413525904  0.015782280096  0.020629252353  0.017977200835  0.027639190831  0.025275582786  0.020658752471  0.000000000000  0.018289092988  0.012254651733  0.048971042220  0.009989777836  0.025292282530  0.023276320828  
perdix_dauuricae 0.018517195855  0.010231793258  0.006502137708  0.006502137708  0.037981652144  0.008696769987  0.006502137708  0.008918355319  0.008686189483  0.006505344864  0.006506081676  0.018289092988  0.000000000000  0.000000000000  0.040374826803  0.015067997507  0.006502137708  0.015853774083  
phasianus_colchicus 0.000000000000  0.006105926512  0.006105926512  0.000000000000  0.000000000000  0.000000000000  0.000000000000  0.000000000000  0.006095581753  0.006095581753  0.000000000000  0.012254651733  0.000000000000  0.000000000000  0.006105926512  0.000000000000  0.000000000000  0.006095581753  
rollulus_rouloul 0.039962963359  0.039385605275  0.047358286334  0.047358286334  0.046829802941  0.042258027744  0.042733603074  0.036732983922  0.049685606099  0.047303004677  0.040436057311  0.048971042220  0.040374826803  0.006105926512  0.000000000000  0.020152220342  0.047358286334  0.042018951872  
syrmaticus_ellioti 0.015046625319  0.015067997507  0.015067997507  0.015067997507  0.020161550514  0.004973795512  0.015067997507  0.006258792322  0.025341208478  0.020161550514  0.020210018409  0.009989777836  0.015067997507  0.000000000000  0.020152220342  0.000000000000  0.020210018409  0.020161550514  
syrmaticus_reevesii 0.023919463471  0.010253965576  0.004333202645  0.004333202645  0.044934193157  0.015299325881  0.013078634498  0.005942639621  0.006506081676  0.004327056678  0.013083053124  0.025292282530  0.006502137708  0.000000000000  0.047358286334  0.020210018409  0.000000000000  0.022779772067  
tragopan_blythii 0.019046167318  0.029853143836  0.022779772067  0.022779772067  0.034611844768  0.013568574065  0.015853774083  0.017977200835  0.025102512349  0.022768927922  0.015871778185  0.023276320828  0.015853774083  0.006095581753  0.042018951872  0.020161550514  0.022779772067  0.000000000000  

