18
alectoris_rufa 0.000000000000  0.000000000000  0.000000000000  0.000000000000  0.000000000000  0.005564880242  0.000000000000  0.000000000000  0.000000000000  0.000000000000  0.000000000000  0.002778486207  0.000000000000  0.000000000000  0.000000000000  0.000000000000  0.000000000000  0.000000000000  
catreus_wallichi 0.000000000000  0.000000000000  0.001961136030  0.000000000000  0.004063023883  0.009860794358  0.005898064805  0.001961136030  0.000000000000  0.000000000000  0.005898064805  0.007877249743  0.008034988923  0.000000000000  0.008354375796  0.000000000000  0.000000000000  0.000000000000  
chrysolophus_pictus 0.000000000000  0.001961136030  0.000000000000  0.000000000000  0.006102009932  0.011853450291  0.007877249743  0.003930697802  0.001961136030  0.001961136030  0.007877249743  0.009865016567  0.010059181484  0.002012442875  0.010463737478  0.000000000000  0.000000000000  0.002320678867  
crossoptilon_crossoptilon 0.000000000000  0.000000000000  0.000000000000  0.000000000000  0.000000000000  0.004746116633  0.000000000000  0.000000000000  0.000000000000  0.000000000000  0.000000000000  0.002370182874  0.000000000000  0.000000000000  0.000000000000  0.000000000000  0.000000000000  0.000000000000  
cyrtonyx_montezumae 0.000000000000  0.004063023883  0.006102009932  0.000000000000  0.000000000000  0.006102009932  0.002027892164  0.006102009932  0.004063023883  0.004063023883  0.004061759405  0.004061759405  0.008319078825  0.004155894717  0.004315950532  0.000000000000  0.000000000000  0.000000000000  
galgal4    0.005564880242  0.009860794358  0.011853450291  0.004746116633  0.006102009932  0.000000000000  0.003926206800  0.011853450291  0.009860794358  0.009860794358  0.007883470077  0.005900568430  0.016175740714  0.010120263717  0.006257492291  0.000000000000  0.004668564806  0.004646870483  
lophophorus_impejanus 0.000000000000  0.005898064805  0.007877249743  0.000000000000  0.002027892164  0.003926206800  0.000000000000  0.007877249743  0.005898064805  0.005898064805  0.003930697802  0.001961136030  0.012092351567  0.006052764188  0.002079397691  0.000000000000  0.000000000000  0.000000000000  
lophura_inornata 0.000000000000  0.001961136030  0.003930697802  0.000000000000  0.006102009932  0.011853450291  0.007877249743  0.000000000000  0.001961136030  0.001961136030  0.007877249743  0.009865016567  0.010059181484  0.002012442875  0.010463737478  0.000000000000  0.002331500216  0.002320678867  
lophura_nycthemera 0.000000000000  0.000000000000  0.001961136030  0.000000000000  0.004063023883  0.009860794358  0.005898064805  0.001961136030  0.000000000000  0.000000000000  0.005898064805  0.007877249743  0.008034988923  0.000000000000  0.008354375796  0.000000000000  0.000000000000  0.000000000000  
lophura_swinhoii 0.000000000000  0.000000000000  0.001961136030  0.000000000000  0.004063023883  0.009860794358  0.005898064805  0.001961136030  0.000000000000  0.000000000000  0.005898064805  0.007877249743  0.008034988923  0.000000000000  0.008354375796  0.000000000000  0.000000000000  0.000000000000  
melgal2    0.000000000000  0.005898064805  0.007877249743  0.000000000000  0.004061759405  0.007883470077  0.003930697802  0.007877249743  0.005898064805  0.005898064805  0.000000000000  0.005908758031  0.012092351567  0.006052764188  0.006266704901  0.000000000000  0.002331500216  0.002320678867  
pavo_cristatus 0.002778486207  0.007877249743  0.009865016567  0.002370182874  0.004061759405  0.005900568430  0.001961136030  0.009865016567  0.007877249743  0.007877249743  0.005908758031  0.000000000000  0.014134579159  0.008084217287  0.004168270410  0.000000000000  0.002331500216  0.002320678867  
perdix_dauuricae 0.000000000000  0.008034988923  0.010059181484  0.000000000000  0.008319078825  0.016175740714  0.012092351567  0.010059181484  0.008034988923  0.008034988923  0.012092351567  0.014134579159  0.000000000000  0.008083703969  0.014698521645  0.000000000000  0.000000000000  0.000000000000  
phasianus_colchicus 0.000000000000  0.000000000000  0.002012442875  0.000000000000  0.004155894717  0.010120263717  0.006052764188  0.002012442875  0.000000000000  0.000000000000  0.006052764188  0.008084217287  0.008083703969  0.000000000000  0.008389420541  0.000000000000  0.000000000000  0.000000000000  
rollulus_rouloul 0.000000000000  0.008354375796  0.010463737478  0.000000000000  0.004315950532  0.006257492291  0.002079397691  0.010463737478  0.008354375796  0.008354375796  0.006266704901  0.004168270410  0.014698521645  0.008389420541  0.000000000000  0.000000000000  0.000000000000  0.002359000325  
syrmaticus_ellioti 0.000000000000  0.000000000000  0.000000000000  0.000000000000  0.000000000000  0.000000000000  0.000000000000  0.000000000000  0.000000000000  0.000000000000  0.000000000000  0.000000000000  0.000000000000  0.000000000000  0.000000000000  0.000000000000  0.000000000000  0.000000000000  
syrmaticus_reevesii 0.000000000000  0.000000000000  0.000000000000  0.000000000000  0.000000000000  0.004668564806  0.000000000000  0.002331500216  0.000000000000  0.000000000000  0.002331500216  0.002331500216  0.000000000000  0.000000000000  0.000000000000  0.000000000000  0.000000000000  0.000000000000  
tragopan_blythii 0.000000000000  0.000000000000  0.002320678867  0.000000000000  0.000000000000  0.004646870483  0.000000000000  0.002320678867  0.000000000000  0.000000000000  0.002320678867  0.002320678867  0.000000000000  0.000000000000  0.002359000325  0.000000000000  0.000000000000  0.000000000000  

