18
alectoris_rufa 0.000000000000  0.033218303312  0.031029538551  0.033218303312  0.082328617872  0.030144600422  0.036429907386  0.036363991844  0.034905589218  0.017389180931  0.033275812600  0.023993909404  0.024038626526  0.036474578392  0.054816686143  0.034253136933  0.036940322664  0.039269198735  
catreus_wallichi 0.033218303312  0.000000000000  0.000000000000  0.000000000000  0.066474417082  0.031217621818  0.009561898284  0.003804598503  0.000000000000  0.007237376166  0.007632960790  0.017326791002  0.011523265872  0.001908977393  0.036182766036  0.003878377333  0.006833473167  0.016082570538  
chrysolophus_pictus 0.031029538551  0.000000000000  0.000000000000  0.000000000000  0.061252237801  0.029782806947  0.009748330375  0.003878377333  0.000000000000  0.007237376166  0.005823498302  0.013682908005  0.011523265872  0.001942348543  0.036182766036  0.003878377333  0.006833473167  0.016082570538  
crossoptilon_crossoptilon 0.033218303312  0.000000000000  0.000000000000  0.000000000000  0.066474417082  0.031217621818  0.009561898284  0.003804598503  0.000000000000  0.007237376166  0.007632960790  0.017326791002  0.011523265872  0.001908977393  0.036182766036  0.003878377333  0.006833473167  0.016082570538  
cyrtonyx_montezumae 0.082328617872  0.066474417082  0.061252237801  0.066474417082  0.000000000000  0.066532618267  0.068707945401  0.066474417082  0.096910337299  0.039803518229  0.062214581987  0.060180284814  0.052624366227  0.069064747164  0.061249489129  0.065634957550  0.076775542439  0.074716537314  
galgal4    0.030144600422  0.031217621818  0.029782806947  0.031217621818  0.066532618267  0.000000000000  0.029230077314  0.035275697082  0.034685359552  0.027015854321  0.027221207502  0.017343557620  0.032884759045  0.031401488793  0.040676687920  0.033905146674  0.038794480584  0.036050083664  
lophophorus_impejanus 0.036429907386  0.009561898284  0.009748330375  0.009561898284  0.068707945401  0.029230077314  0.000000000000  0.013445830228  0.015484824608  0.007237376166  0.005719548773  0.015382771597  0.009194543070  0.011566000654  0.036182766036  0.013709181224  0.020833822615  0.006365180940  
lophura_inornata 0.036363991844  0.003804598503  0.003878377333  0.003804598503  0.066474417082  0.035275697082  0.013445830228  0.000000000000  0.003059599558  0.012130607948  0.011499495396  0.021268697313  0.016218747948  0.005752450680  0.040633397559  0.007791922017  0.010291215109  0.022684545557  
lophura_nycthemera 0.034905589218  0.000000000000  0.000000000000  0.000000000000  0.096910337299  0.034685359552  0.015484824608  0.003059599558  0.000000000000  0.009273222551  0.012344314160  0.024997437137  0.012703946120  0.003068989476  0.053663221596  0.003156166016  0.007556400287  0.018389727782  
lophura_swinhoii 0.017389180931  0.007237376166  0.007237376166  0.007237376166  0.039803518229  0.027015854321  0.007237376166  0.012130607948  0.009273222551  0.000000000000  0.007237376166  0.012095548096  0.017048353868  0.009724109916  0.027557451295  0.009677057550  0.008207629783  0.011833913592  
melgal2    0.033275812600  0.007632960790  0.005823498302  0.007632960790  0.062214581987  0.027221207502  0.005719548773  0.011499495396  0.012344314160  0.007237376166  0.000000000000  0.013430853233  0.009194543070  0.009617074824  0.031777560873  0.009748330375  0.013776882310  0.009580062623  
pavo_cristatus 0.023993909404  0.017326791002  0.013682908005  0.017326791002  0.060180284814  0.017343557620  0.015382771597  0.021268697313  0.024997437137  0.012095548096  0.013430853233  0.000000000000  0.016181911972  0.019405578110  0.027459770026  0.017666951200  0.024341457586  0.019337350851  
perdix_dauuricae 0.024038626526  0.011523265872  0.011523265872  0.011523265872  0.052624366227  0.032884759045  0.009194543070  0.016218747948  0.012703946120  0.017048353868  0.009194543070  0.016181911972  0.000000000000  0.013929000163  0.038655183771  0.016218747948  0.019092021441  0.010903184366  
phasianus_colchicus 0.036474578392  0.001908977393  0.001942348543  0.001908977393  0.069064747164  0.031401488793  0.011566000654  0.005752450680  0.003068989476  0.009724109916  0.009617074824  0.019405578110  0.013929000163  0.000000000000  0.034046866322  0.005853467552  0.010291215109  0.019370934835  
rollulus_rouloul 0.054816686143  0.036182766036  0.036182766036  0.036182766036  0.061249489129  0.040676687920  0.036182766036  0.040633397559  0.053663221596  0.027557451295  0.031777560873  0.027459770026  0.038655183771  0.034046866322  0.000000000000  0.040633397559  0.057682788828  0.050009445524  
syrmaticus_ellioti 0.034253136933  0.003878377333  0.003878377333  0.003878377333  0.065634957550  0.033905146674  0.013709181224  0.007791922017  0.003156166016  0.009677057550  0.009748330375  0.017666951200  0.016218747948  0.005853467552  0.040633397559  0.000000000000  0.003403212594  0.019370934835  
syrmaticus_reevesii 0.036940322664  0.006833473167  0.006833473167  0.006833473167  0.076775542439  0.038794480584  0.020833822615  0.010291215109  0.007556400287  0.008207629783  0.013776882310  0.024341457586  0.019092021441  0.010291215109  0.057682788828  0.003403212594  0.000000000000  0.024341457586  
tragopan_blythii 0.039269198735  0.016082570538  0.016082570538  0.016082570538  0.074716537314  0.036050083664  0.006365180940  0.022684545557  0.018389727782  0.011833913592  0.009580062623  0.019337350851  0.010903184366  0.019370934835  0.050009445524  0.019370934835  0.024341457586  0.000000000000  

