18
alectoris_rufa 0.000000000000  0.017135226566  0.017433991334  0.017135226566  0.039236691578  0.025822772190  0.021463519958  0.017135226566  0.021611081149  0.017135226566  0.012794157240  0.021463519958  0.017135226566  0.017135226566  0.017135226566  0.018228566114  0.017135226566  0.021463519958  
catreus_wallichi 0.017135226566  0.000000000000  0.000000000000  0.000000000000  0.032021105061  0.034904326730  0.011429302237  0.000000000000  0.003938544864  0.003785392680  0.003789300663  0.023503841209  0.015272350642  0.003828874259  0.015350066813  0.000000000000  0.003918904649  0.019744564260  
chrysolophus_pictus 0.017433991334  0.000000000000  0.000000000000  0.000000000000  0.029057872240  0.023351232917  0.011561446546  0.000000000000  0.003985638004  0.000000000000  0.003832872638  0.019427538142  0.000000000000  0.000000000000  0.007849336203  0.000000000000  0.000000000000  0.012270817613  
crossoptilon_crossoptilon 0.017135226566  0.000000000000  0.000000000000  0.000000000000  0.028466871569  0.023081697799  0.011429302237  0.000000000000  0.003938544864  0.000000000000  0.003789300663  0.019203660856  0.000000000000  0.000000000000  0.007698266827  0.000000000000  0.000000000000  0.012024881913  
cyrtonyx_montezumae 0.039236691578  0.032021105061  0.029057872240  0.028466871569  0.000000000000  0.043726631206  0.035659594479  0.028466871569  0.032944480507  0.031569074797  0.027569710192  0.036677233007  0.043851968666  0.031569074797  0.023534448203  0.027530704745  0.032075510501  0.043726631206  
galgal4    0.025822772190  0.034904326730  0.023351232917  0.023081697799  0.043726631206  0.000000000000  0.037420975739  0.023814726925  0.028123674282  0.029804441211  0.029762214117  0.018922547051  0.029762214117  0.030958089519  0.022598412423  0.027530704745  0.032075510501  0.043726631206  
lophophorus_impejanus 0.021463519958  0.011429302237  0.011561446546  0.011429302237  0.035659594479  0.037420975739  0.000000000000  0.011788611147  0.015908440240  0.014710657409  0.007313708802  0.026727383180  0.025982730200  0.015272350642  0.018841783587  0.013606594325  0.015815856114  0.027478724984  
lophura_inornata 0.017135226566  0.000000000000  0.000000000000  0.000000000000  0.028466871569  0.023814726925  0.011788611147  0.000000000000  0.003938544864  0.000000000000  0.003907762875  0.019812498321  0.000000000000  0.000000000000  0.007849336203  0.000000000000  0.000000000000  0.012024881913  
lophura_nycthemera 0.021611081149  0.003938544864  0.003985638004  0.003938544864  0.032944480507  0.028123674282  0.015908440240  0.003938544864  0.000000000000  0.003938544864  0.007911437283  0.024069688316  0.003938544864  0.003938544864  0.011919281611  0.004506521271  0.004017664119  0.016231234701  
lophura_swinhoii 0.017135226566  0.003785392680  0.000000000000  0.000000000000  0.031569074797  0.029804441211  0.014710657409  0.000000000000  0.003938544864  0.000000000000  0.007313708802  0.022876420237  0.011009837787  0.000000000000  0.015012758941  0.000000000000  0.000000000000  0.019513377319  
melgal2    0.012794157240  0.003789300663  0.003832872638  0.003789300663  0.027569710192  0.029762214117  0.007313708802  0.003907762875  0.007911437283  0.007313708802  0.000000000000  0.018984885228  0.018453093061  0.007591315504  0.011248854213  0.004506521271  0.007859817580  0.019516211687  
pavo_cristatus 0.021463519958  0.023503841209  0.019427538142  0.019203660856  0.036677233007  0.018922547051  0.026727383180  0.019812498321  0.024069688316  0.022876420237  0.018984885228  0.000000000000  0.018984885228  0.023783398928  0.011517060214  0.022897911629  0.024264408793  0.028351545324  
perdix_dauuricae 0.017135226566  0.015272350642  0.000000000000  0.000000000000  0.043851968666  0.029762214117  0.025982730200  0.000000000000  0.003938544864  0.011009837787  0.018453093061  0.018984885228  0.000000000000  0.011429302237  0.018800043044  0.000000000000  0.007880264394  0.023534448203  
phasianus_colchicus 0.017135226566  0.003828874259  0.000000000000  0.000000000000  0.031569074797  0.030958089519  0.015272350642  0.000000000000  0.003938544864  0.000000000000  0.007591315504  0.023783398928  0.011429302237  0.000000000000  0.015299897734  0.000000000000  0.000000000000  0.019513377319  
rollulus_rouloul 0.017135226566  0.015350066813  0.007849336203  0.007698266827  0.023534448203  0.022598412423  0.018841783587  0.007849336203  0.011919281611  0.015012758941  0.011248854213  0.011517060214  0.018800043044  0.015299897734  0.000000000000  0.009058067618  0.015845416049  0.027484555863  
syrmaticus_ellioti 0.018228566114  0.000000000000  0.000000000000  0.000000000000  0.027530704745  0.027530704745  0.013606594325  0.000000000000  0.004506521271  0.000000000000  0.004506521271  0.022897911629  0.000000000000  0.000000000000  0.009058067618  0.000000000000  0.000000000000  0.013606594325  
syrmaticus_reevesii 0.017135226566  0.003918904649  0.000000000000  0.000000000000  0.032075510501  0.032075510501  0.015815856114  0.000000000000  0.004017664119  0.000000000000  0.007859817580  0.024264408793  0.007880264394  0.000000000000  0.015845416049  0.000000000000  0.000000000000  0.011835119562  
tragopan_blythii 0.021463519958  0.019744564260  0.012270817613  0.012024881913  0.043726631206  0.043726631206  0.027478724984  0.012024881913  0.016231234701  0.019513377319  0.019516211687  0.028351545324  0.023534448203  0.019513377319  0.027484555863  0.013606594325  0.011835119562  0.000000000000  

