30
piranga_rubra_ku26592 0.000000000000  0.002614634712  0.003487931866  0.006997865934  0.006120538405  0.006120538405  0.002820362020  0.006394506852  0.000870438877  0.003487931866  0.001083247130  0.001846210225  0.001766150219  0.000000000000  0.001742629763  0.001047289667  0.000914787175  0.001741543580  0.003810209325  0.003489488556  0.006120538405  0.003489488556  0.005241224579  0.002613938629  0.003489488556  0.000000000000  0.000000000000  0.003487931866  0.001742629763  0.003510928505  
piranga_flava_ku90809 0.002614634712  0.000000000000  0.002614634712  0.004363691465  0.003489488556  0.003489488556  0.002821172596  0.004561281402  0.001741543580  0.002614634712  0.001083604826  0.001846029220  0.001767267338  0.001146992053  0.000870208073  0.000000000000  0.000915042240  0.000870438877  0.002856088600  0.002616579725  0.003489488556  0.000870438877  0.002614634712  0.001741543580  0.002616579725  0.001287257148  0.000000000000  0.002614634712  0.000870208073  0.002632653050  
piranga_ludoviciana_sdsu2385 0.003487931866  0.002614634712  0.000000000000  0.006997865934  0.006120538405  0.006120538405  0.001878981467  0.006399047990  0.002613938629  0.001741704642  0.001083604826  0.001846029220  0.002651610758  0.000000000000  0.003487931866  0.001047289667  0.000915042240  0.001741543580  0.000000000000  0.001741543580  0.006120538405  0.003489488556  0.005241224579  0.002613938629  0.003489488556  0.000000000000  0.000000000000  0.001741704642  0.003487931866  0.001752224099  
piranga_rubriceps_lsu265 0.006997865934  0.004363691465  0.006997865934  0.000000000000  0.002614634712  0.006117637090  0.006602330243  0.006391339204  0.006117637090  0.006997865934  0.005435861760  0.005554454088  0.005315518098  0.004598703636  0.005239192663  0.004198105565  0.004587919707  0.005241224579  0.007646691206  0.007001640187  0.002614634712  0.005241224579  0.001741543580  0.006117637090  0.005241224579  0.005162557218  0.001455285785  0.006997865934  0.005239192663  0.007044800471  
piranga_leucoptera_lsu7783 0.006120538405  0.003489488556  0.006120538405  0.002614634712  0.000000000000  0.003487931866  0.004708903233  0.003643613614  0.005241224579  0.006120538405  0.004346415623  0.004626123646  0.004427978472  0.002295140736  0.004363691465  0.002095543472  0.003668716610  0.004366112246  0.006687756196  0.006124697905  0.001742629763  0.004366112246  0.000870438877  0.005241224579  0.004366112246  0.002575971433  0.000000000000  0.006120538405  0.004363691465  0.006162441586  
cardinalis_cardinalis_ku25393 0.006120538405  0.003489488556  0.006120538405  0.006117637090  0.003487931866  0.000000000000  0.004708903233  0.000909218425  0.005241224579  0.006120538405  0.004346415623  0.004626123646  0.005318900572  0.001146992053  0.004363691465  0.002095543472  0.004590596242  0.004366112246  0.006687756196  0.006124697905  0.005241224579  0.004366112246  0.004363691465  0.005241224579  0.004366112246  0.002575971433  0.000000000000  0.006120538405  0.004363691465  0.006162441586  
piranga_olivacea_ku2699 0.002820362020  0.002821172596  0.001878981467  0.006602330243  0.004708903233  0.004708903233  0.000000000000  0.005781630082  0.002820362020  0.001878981467  0.002226164288  0.002828338972  0.001878981467  0.001146591284  0.003763603784  0.003146674996  0.001909478426  0.001878981467  0.002067383544  0.002821172596  0.005656269365  0.003765416824  0.004708903233  0.002820362020  0.003765416824  0.001286752362  0.000000000000  0.001878981467  0.003763603784  0.002839866736  
cardinalis_cardinalis_ku21828 0.006394506852  0.004561281402  0.006399047990  0.006391339204  0.003643613614  0.000909218425  0.005781630082  0.000000000000  0.006394506852  0.006399047990  0.004346415623  0.005661606682  0.006399047990  0.001146992053  0.005475600672  0.002095543472  0.005545019373  0.005479190432  0.005876296174  0.007320862367  0.005475600672  0.005479190432  0.004558638997  0.006394506852  0.005479190432  0.002575971433  0.000000000000  0.006399047990  0.005475600672  0.007320862367  
piranga_rubra_ku7046 0.000870438877  0.001741543580  0.002613938629  0.006117637090  0.005241224579  0.005241224579  0.002820362020  0.006394506852  0.000000000000  0.002613938629  0.001083247130  0.001846210225  0.001766150219  0.000000000000  0.000870438877  0.001047289667  0.000914787175  0.000870208073  0.002855257805  0.002614634712  0.005241224579  0.002614634712  0.004363691465  0.001741704642  0.002614634712  0.000000000000  0.000000000000  0.002613938629  0.000870438877  0.002630684062  
piranga_bidentata_hgoslp104 0.003487931866  0.002614634712  0.001741704642  0.006997865934  0.006120538405  0.006120538405  0.001878981467  0.006399047990  0.002613938629  0.000000000000  0.001083604826  0.001846029220  0.001767267338  0.000000000000  0.003487931866  0.001047289667  0.000915042240  0.001741543580  0.001902406158  0.001741543580  0.006120538405  0.003489488556  0.005241224579  0.002613938629  0.003489488556  0.000000000000  0.000000000000  0.000000000000  0.003487931866  0.001752224099  
piranga_ludoviciana_sdsu2648 0.001083247130  0.001083604826  0.001083604826  0.005435861760  0.004346415623  0.004346415623  0.002226164288  0.004346415623  0.001083247130  0.001083604826  0.000000000000  0.001085599075  0.000000000000  0.000000000000  0.002168241871  0.001122528935  0.000000000000  0.000000000000  0.001083604826  0.002169926190  0.004346415623  0.002169926190  0.003255960133  0.001083247130  0.002169926190  0.000000000000  0.000000000000  0.001083604826  0.002168241871  0.002169926190  
piranga_roseogularis_ku2049 0.001846210225  0.001846029220  0.001846029220  0.005554454088  0.004626123646  0.004626123646  0.002828338972  0.005661606682  0.001846210225  0.001846029220  0.001085599075  0.000000000000  0.000922381220  0.001146591284  0.002770867890  0.002095543472  0.000934448066  0.000922381220  0.002021414079  0.002771650217  0.004626123646  0.002771650217  0.003697502872  0.000000000000  0.002771650217  0.001286752362  0.001455285785  0.001846029220  0.002770867890  0.002781930961  
piranga_hepatica_ku4970 0.001766150219  0.001767267338  0.002651610758  0.005315518098  0.004427978472  0.005318900572  0.001878981467  0.006399047990  0.001766150219  0.001767267338  0.000000000000  0.000922381220  0.000000000000  0.000000000000  0.002651610758  0.001047289667  0.000000000000  0.000882732719  0.002900266952  0.002653611228  0.004427978472  0.002653611228  0.003538884363  0.001766150219  0.002653611228  0.000000000000  0.000000000000  0.001767267338  0.002651610758  0.002670144170  
piranga_hepatica_ku9084 0.000000000000  0.001146992053  0.000000000000  0.004598703636  0.002295140736  0.001146992053  0.001146591284  0.001146992053  0.000000000000  0.000000000000  0.000000000000  0.001146591284  0.000000000000  0.000000000000  0.001146992053  0.001146992053  0.000000000000  0.000000000000  0.000000000000  0.001146992053  0.002295140736  0.002297028203  0.002295140736  0.001146591284  0.000000000000  0.000000000000  0.000000000000  0.000000000000  0.001146992053  0.001146992053  
piranga_rubra_sdsu2654 0.001742629763  0.000870208073  0.003487931866  0.005239192663  0.004363691465  0.004363691465  0.003763603784  0.005475600672  0.000870438877  0.003487931866  0.002168241871  0.002770867890  0.002651610758  0.001146992053  0.000000000000  0.000000000000  0.001830820343  0.001741543580  0.003810209325  0.003489488556  0.004363691465  0.001741543580  0.003487931866  0.002613938629  0.003489488556  0.001287257148  0.000000000000  0.003487931866  0.000000000000  0.003510928505  
piranga_flava_lsu15408 0.001047289667  0.000000000000  0.001047289667  0.004198105565  0.002095543472  0.002095543472  0.003146674996  0.002095543472  0.001047289667  0.001047289667  0.001122528935  0.002095543472  0.001047289667  0.001146992053  0.000000000000  0.000000000000  0.001047289667  0.001047289667  0.001047289667  0.002097116630  0.002095543472  0.001047289667  0.002095543472  0.002095543472  0.003149493213  0.001287257148  0.000000000000  0.001047289667  0.000000000000  0.002097116630  
piranga_lutea_lsu5400 0.000914787175  0.000915042240  0.000915042240  0.004587919707  0.003668716610  0.004590596242  0.001909478426  0.005545019373  0.000914787175  0.000915042240  0.000000000000  0.000934448066  0.000000000000  0.000000000000  0.001830820343  0.001047289667  0.000000000000  0.000000000000  0.000987317226  0.001832020843  0.003668716610  0.001832020843  0.002748794075  0.000914787175  0.001832020843  0.000000000000  0.000000000000  0.000915042240  0.001830820343  0.001832020843  
piranga_olivacea_ku4672 0.001741543580  0.000870438877  0.001741543580  0.005241224579  0.004366112246  0.004366112246  0.001878981467  0.005479190432  0.000870208073  0.001741543580  0.000000000000  0.000922381220  0.000882732719  0.000000000000  0.001741543580  0.001047289667  0.000000000000  0.000000000000  0.001902213947  0.001742629763  0.004366112246  0.001742629763  0.003489488556  0.000870208073  0.001742629763  0.000000000000  0.000000000000  0.001741543580  0.001741543580  0.001753323656  
piranga_ludoviciana_sdsu2208 0.003810209325  0.002856088600  0.000000000000  0.007646691206  0.006687756196  0.006687756196  0.002067383544  0.005876296174  0.002855257805  0.001902406158  0.001083604826  0.002021414079  0.002900266952  0.000000000000  0.003810209325  0.001047289667  0.000987317226  0.001902213947  0.000000000000  0.001902213947  0.006687756196  0.003812067643  0.005726449153  0.002855257805  0.003812067643  0.000000000000  0.000000000000  0.001902406158  0.003810209325  0.001902213947  
piranga_bidentata_itm160 0.003489488556  0.002616579725  0.001741543580  0.007001640187  0.006124697905  0.006124697905  0.002821172596  0.007320862367  0.002614634712  0.001741543580  0.002169926190  0.002771650217  0.002653611228  0.001146992053  0.003489488556  0.002097116630  0.001832020843  0.001742629763  0.001902213947  0.000000000000  0.006124697905  0.003492295874  0.005244512956  0.002614634712  0.003492295874  0.001287257148  0.000000000000  0.001741543580  0.003489488556  0.000000000000  
piranga_leucoptera_fmnh481795 0.006120538405  0.003489488556  0.006120538405  0.002614634712  0.001742629763  0.005241224579  0.005656269365  0.005475600672  0.005241224579  0.006120538405  0.004346415623  0.004626123646  0.004427978472  0.002295140736  0.004363691465  0.002095543472  0.003668716610  0.004366112246  0.006687756196  0.006124697905  0.000000000000  0.004366112246  0.000870438877  0.005241224579  0.004366112246  0.002575971433  0.000000000000  0.006120538405  0.004363691465  0.006162441586  
piranga_lutea_ku89864 0.003489488556  0.000870438877  0.003489488556  0.005241224579  0.004366112246  0.004366112246  0.003765416824  0.005479190432  0.002614634712  0.003489488556  0.002169926190  0.002771650217  0.002653611228  0.002297028203  0.001741543580  0.001047289667  0.001832020843  0.001742629763  0.003812067643  0.003492295874  0.004366112246  0.000000000000  0.003489488556  0.002614634712  0.003492295874  0.002578349685  0.000000000000  0.003489488556  0.001741543580  0.003513770461  
piranga_rubriceps_lsu34818 0.005241224579  0.002614634712  0.005241224579  0.001741543580  0.000870438877  0.004363691465  0.004708903233  0.004558638997  0.004363691465  0.005241224579  0.003255960133  0.003697502872  0.003538884363  0.002295140736  0.003487931866  0.002095543472  0.002748794075  0.003489488556  0.005726449153  0.005244512956  0.000870438877  0.003489488556  0.000000000000  0.004363691465  0.003489488556  0.002575971433  0.000000000000  0.005241224579  0.003487931866  0.005276799935  
piranga_roseogularis_ku2141 0.002613938629  0.001741543580  0.002613938629  0.006117637090  0.005241224579  0.005241224579  0.002820362020  0.006394506852  0.001741704642  0.002613938629  0.001083247130  0.000000000000  0.001766150219  0.001146591284  0.002613938629  0.002095543472  0.000914787175  0.000870208073  0.002855257805  0.002614634712  0.005241224579  0.002614634712  0.004363691465  0.000000000000  0.002614634712  0.001286752362  0.001455285785  0.002613938629  0.002613938629  0.002630684062  
piranga_erythrocephala_fmnh343371 0.003489488556  0.002616579725  0.003489488556  0.005241224579  0.004366112246  0.004366112246  0.003765416824  0.005479190432  0.002614634712  0.003489488556  0.002169926190  0.002771650217  0.002653611228  0.000000000000  0.003489488556  0.003149493213  0.001832020843  0.001742629763  0.003812067643  0.003492295874  0.004366112246  0.003492295874  0.003489488556  0.002614634712  0.000000000000  0.000000000000  0.000000000000  0.003489488556  0.003489488556  0.003513770461  
piranga_erythrocephala_fmnh343370 0.000000000000  0.001287257148  0.000000000000  0.005162557218  0.002575971433  0.002575971433  0.001286752362  0.002575971433  0.000000000000  0.000000000000  0.000000000000  0.001286752362  0.000000000000  0.000000000000  0.001287257148  0.001287257148  0.000000000000  0.000000000000  0.000000000000  0.001287257148  0.002575971433  0.002578349685  0.002575971433  0.001286752362  0.000000000000  0.000000000000  0.000000000000  0.000000000000  0.001287257148  0.001287257148  
piranga_ludoviciana_sdsu2650 0.000000000000  0.000000000000  0.000000000000  0.001455285785  0.000000000000  0.000000000000  0.000000000000  0.000000000000  0.000000000000  0.000000000000  0.000000000000  0.001455285785  0.000000000000  0.000000000000  0.000000000000  0.000000000000  0.000000000000  0.000000000000  0.000000000000  0.000000000000  0.000000000000  0.000000000000  0.000000000000  0.001455285785  0.000000000000  0.000000000000  0.000000000000  0.000000000000  0.000000000000  0.000000000000  
piranga_bidentata_tepe59 0.003487931866  0.002614634712  0.001741704642  0.006997865934  0.006120538405  0.006120538405  0.001878981467  0.006399047990  0.002613938629  0.000000000000  0.001083604826  0.001846029220  0.001767267338  0.000000000000  0.003487931866  0.001047289667  0.000915042240  0.001741543580  0.001902406158  0.001741543580  0.006120538405  0.003489488556  0.005241224579  0.002613938629  0.003489488556  0.000000000000  0.000000000000  0.000000000000  0.003487931866  0.001752224099  
piranga_rubra_sdsu2635 0.001742629763  0.000870208073  0.003487931866  0.005239192663  0.004363691465  0.004363691465  0.003763603784  0.005475600672  0.000870438877  0.003487931866  0.002168241871  0.002770867890  0.002651610758  0.001146992053  0.000000000000  0.000000000000  0.001830820343  0.001741543580  0.003810209325  0.003489488556  0.004363691465  0.001741543580  0.003487931866  0.002613938629  0.003489488556  0.001287257148  0.000000000000  0.003487931866  0.000000000000  0.003510928505  
piranga_bidentata_itm141 0.003510928505  0.002632653050  0.001752224099  0.007044800471  0.006162441586  0.006162441586  0.002839866736  0.007320862367  0.002630684062  0.001752224099  0.002169926190  0.002781930961  0.002670144170  0.001146992053  0.003510928505  0.002097116630  0.001832020843  0.001753323656  0.001902213947  0.000000000000  0.006162441586  0.003513770461  0.005276799935  0.002630684062  0.003513770461  0.001287257148  0.000000000000  0.001752224099  0.003510928505  0.000000000000  

