30
cardinalis_cardinalis_ku21828 0.000000000000  0.000000000000  0.018775278871  0.018775278871  0.023966658726  0.021367878155  0.028100817221  0.023428884601  0.020835109141  0.020835109141  0.017766237427  0.024995836469  0.022409080896  0.017243055389  0.016727109413  0.018787585846  0.016727109413  0.019312727486  0.017759588842  0.016727109413  0.020322623269  0.020322623269  0.020329059730  0.025528144978  0.020329059730  0.021375422315  0.016727109413  0.019824139655  0.018787585846  0.016217436471  
cardinalis_cardinalis_ku25393 0.000000000000  0.000000000000  0.018775278871  0.018775278871  0.023966658726  0.021367878155  0.028100817221  0.023428884601  0.020835109141  0.020835109141  0.017766237427  0.024995836469  0.022409080896  0.017243055389  0.016727109413  0.018787585846  0.016727109413  0.019312727486  0.017759588842  0.016727109413  0.020322623269  0.020322623269  0.020329059730  0.025528144978  0.020329059730  0.021375422315  0.016727109413  0.019824139655  0.018787585846  0.016217436471  
piranga_erythrocephala_fmnh343371 0.018775278871  0.018775278871  0.000000000000  0.000000000000  0.011099030748  0.008557379362  0.015167117901  0.010583315650  0.013636854565  0.013636854565  0.010082980669  0.017742373732  0.015182783025  0.010589094564  0.010079730955  0.012116571823  0.010079730955  0.012632287660  0.011099030748  0.010079730955  0.013640049323  0.013640049323  0.013643696154  0.018781204171  0.013643696154  0.014673905386  0.010079730955  0.013139842440  0.012116571823  0.009573876617  
piranga_erythrocephala_fmnh343370 0.018775278871  0.018775278871  0.000000000000  0.000000000000  0.011099030748  0.008557379362  0.015167117901  0.010583315650  0.013636854565  0.013636854565  0.010082980669  0.017742373732  0.015182783025  0.010589094564  0.010079730955  0.012116571823  0.010079730955  0.012632287660  0.011099030748  0.010079730955  0.013640049323  0.013640049323  0.013643696154  0.018781204171  0.013643696154  0.014673905386  0.010079730955  0.013139842440  0.012116571823  0.009573876617  
piranga_leucoptera_fmnh481795 0.023966658726  0.023966658726  0.011099030748  0.011099030748  0.000000000000  0.003509188748  0.020316645092  0.015696974559  0.018775278871  0.018775278871  0.016230169903  0.023444286633  0.020863067384  0.015708163058  0.015193334357  0.017249382679  0.015193334357  0.016739576596  0.016223576695  0.015193334357  0.017747656644  0.017747656644  0.017753395132  0.022930579810  0.017753395132  0.019831624290  0.015193334357  0.018283681726  0.017249382679  0.014684724941  
piranga_leucoptera_lsu7783 0.021367878155  0.021367878155  0.008557379362  0.008557379362  0.003509188748  0.000000000000  0.017737546746  0.013135608432  0.016201737190  0.016201737190  0.013662797150  0.020848171585  0.018276711113  0.013144527075  0.012632287660  0.014679089264  0.012632287660  0.014170744402  0.013657345552  0.012632287660  0.016206516369  0.016206516369  0.016211749580  0.021375422315  0.016211749580  0.017249382679  0.012632287660  0.015708163058  0.014679089264  0.012125129678  
piranga_rubriceps_lsu265 0.028100817221  0.028100817221  0.015167117901  0.015167117901  0.020316645092  0.017737546746  0.000000000000  0.004514317752  0.022883807763  0.022883807763  0.020322623269  0.027575919595  0.024980312686  0.019798772919  0.019281491270  0.020311125554  0.019281491270  0.021873818285  0.020316645092  0.019281491270  0.022889104990  0.022889104990  0.022894864309  0.028108935682  0.022894864309  0.023943264322  0.019281491270  0.022387248925  0.021347999546  0.018769810296  
piranga_rubriceps_lsu34818 0.023428884601  0.023428884601  0.010583315650  0.010583315650  0.015696974559  0.013135608432  0.004514317752  0.000000000000  0.018248694171  0.018248694171  0.015702342341  0.022907767791  0.020329059730  0.015182783025  0.014669173657  0.016721556763  0.014669173657  0.017243055389  0.015696974559  0.014669173657  0.018253384905  0.018253384905  0.018258532320  0.023436355076  0.018258532320  0.019298862319  0.014669173657  0.017753395132  0.016721556763  0.014160559919  
piranga_roseogularis_ku2049 0.020835109141  0.020835109141  0.013636854565  0.013636854565  0.018775278871  0.016201737190  0.022883807763  0.018248694171  0.000000000000  0.000000000000  0.010082980669  0.017226801769  0.014669173657  0.008555062756  0.009062716329  0.011095604191  0.009062716329  0.011609540796  0.010079730955  0.009062716329  0.012617514289  0.012617514289  0.012620531571  0.017747656644  0.012620531571  0.013647794704  0.009062716329  0.012116571823  0.011095604191  0.008557379362  
piranga_roseogularis_ku2141 0.020835109141  0.020835109141  0.013636854565  0.013636854565  0.018775278871  0.016201737190  0.022883807763  0.018248694171  0.000000000000  0.000000000000  0.010082980669  0.017226801769  0.014669173657  0.008555062756  0.009062716329  0.011095604191  0.009062716329  0.011609540796  0.010079730955  0.009062716329  0.012617514289  0.012617514289  0.012620531571  0.017747656644  0.012620531571  0.013647794704  0.009062716329  0.012116571823  0.011095604191  0.008557379362  
piranga_bidentata_itm160 0.017766237427  0.017766237427  0.010082980669  0.010082980669  0.016230169903  0.013662797150  0.020322623269  0.015702342341  0.010082980669  0.010082980669  0.000000000000  0.007541456733  0.005019127799  0.005530484324  0.005024937761  0.007046900281  0.005024937761  0.007558323405  0.006036594908  0.005024937761  0.008560142434  0.008560142434  0.008563351621  0.013662797150  0.008563351621  0.009585372520  0.005024937761  0.008062468816  0.007046900281  0.004522468167  
piranga_bidentata_tepe59 0.024995836469  0.024995836469  0.017742373732  0.017742373732  0.023444286633  0.020848171585  0.027575919595  0.022907767791  0.017226801769  0.017226801769  0.007541456733  0.000000000000  0.006532719732  0.012627918609  0.012116571823  0.014160559919  0.012116571823  0.014679089264  0.013139842440  0.012116571823  0.015687599205  0.015687599205  0.015692060063  0.020848171585  0.015692060063  0.016727109413  0.012116571823  0.015187832420  0.014160559919  0.011609540796  
piranga_bidentata_itm141 0.022409080896  0.022409080896  0.015182783025  0.015182783025  0.020863067384  0.018276711113  0.024980312686  0.020329059730  0.014669173657  0.014669173657  0.005019127799  0.006532719732  0.000000000000  0.010086677991  0.009577261824  0.011613729923  0.009577261824  0.012130082506  0.010596666852  0.009577261824  0.013135608432  0.013135608432  0.013139842440  0.018276711113  0.013139842440  0.014170744402  0.009577261824  0.012637106597  0.011613729923  0.009071937351  
piranga_olivacea_ku2699 0.017243055389  0.017243055389  0.010589094564  0.010589094564  0.015708163058  0.013144527075  0.019798772919  0.015182783025  0.008555062756  0.008555062756  0.005530484324  0.012627918609  0.010086677991  0.000000000000  0.004517881471  0.006537107444  0.004517881471  0.007046900281  0.005527797729  0.004517881471  0.008049983607  0.008049983607  0.008052436655  0.013144527075  0.008052436655  0.009071937351  0.004517881471  0.007550921613  0.006537107444  0.004015531680  
piranga_hepatica_ku9084 0.016727109413  0.016727109413  0.010079730955  0.010079730955  0.015193334357  0.012632287660  0.019281491270  0.014669173657  0.009062716329  0.009062716329  0.005024937761  0.012116571823  0.009577261824  0.004517881471  0.000000000000  0.002003432796  0.000000000000  0.002506914136  0.001001103818  0.000000000000  0.003508610621  0.003508610621  0.003509188748  0.008560142434  0.003509188748  0.008563351621  0.004013765215  0.007043731314  0.006031048738  0.003511669662  
piranga_lutea_lsu5400 0.018787585846  0.018787585846  0.012116571823  0.012116571823  0.017249382679  0.014679089264  0.020311125554  0.016721556763  0.011095604191  0.011095604191  0.007046900281  0.014160559919  0.011613729923  0.006537107444  0.002003432796  0.000000000000  0.002003432796  0.004519953964  0.003008366668  0.002003432796  0.005522396172  0.005522396172  0.005523753302  0.010592656712  0.005523753302  0.010596666852  0.006031048738  0.008563351621  0.008055335439  0.005527797729  
piranga_flava_lsu15408 0.016727109413  0.016727109413  0.010079730955  0.010079730955  0.015193334357  0.012632287660  0.019281491270  0.014669173657  0.009062716329  0.009062716329  0.005024937761  0.012116571823  0.009577261824  0.004517881471  0.000000000000  0.002003432796  0.000000000000  0.002506914136  0.001001103818  0.000000000000  0.003508610621  0.003508610621  0.003509188748  0.008560142434  0.003509188748  0.008563351621  0.004013765215  0.007043731314  0.006031048738  0.003511669662  
piranga_hepatica_ku4970 0.019312727486  0.019312727486  0.012632287660  0.012632287660  0.016739576596  0.014170744402  0.021873818285  0.017243055389  0.011609540796  0.011609540796  0.007558323405  0.014679089264  0.012130082506  0.007046900281  0.002506914136  0.004519953964  0.002506914136  0.000000000000  0.001502485420  0.002506914136  0.006028940772  0.006028940772  0.006031048738  0.011107229695  0.006031048738  0.011112001386  0.006539967330  0.009585372520  0.008567006573  0.006036594908  
piranga_flava_ku90809 0.017759588842  0.017759588842  0.011099030748  0.011099030748  0.016223576695  0.013657345552  0.020316645092  0.015696974559  0.010079730955  0.010079730955  0.006036594908  0.013139842440  0.010596666852  0.005527797729  0.001001103818  0.003008366668  0.001001103818  0.001502485420  0.000000000000  0.001001103818  0.004515063013  0.004515063013  0.004516251037  0.009577261824  0.004516251037  0.009581093907  0.005022558559  0.008058679608  0.007043731314  0.004519953964  
piranga_lutea_ku89864 0.016727109413  0.016727109413  0.010079730955  0.010079730955  0.015193334357  0.012632287660  0.019281491270  0.014669173657  0.009062716329  0.009062716329  0.005024937761  0.012116571823  0.009577261824  0.004517881471  0.000000000000  0.002003432796  0.000000000000  0.002506914136  0.001001103818  0.000000000000  0.003508610621  0.003508610621  0.003509188748  0.008560142434  0.003509188748  0.008563351621  0.004013765215  0.007043731314  0.006031048738  0.003511669662  
piranga_ludoviciana_sdsu2385 0.020322623269  0.020322623269  0.013640049323  0.013640049323  0.017747656644  0.016206516369  0.022889104990  0.018253384905  0.012617514289  0.012617514289  0.008560142434  0.015687599205  0.013135608432  0.008049983607  0.003508610621  0.005522396172  0.003508610621  0.006028940772  0.004515063013  0.003508610621  0.000000000000  0.004011119759  0.004011117356  0.009062716329  0.004011117356  0.012116571823  0.007543154739  0.010589094564  0.009570938637  0.007038726570  
piranga_ludoviciana_sdsu2650 0.020322623269  0.020322623269  0.013640049323  0.013640049323  0.017747656644  0.016206516369  0.022889104990  0.018253384905  0.012617514289  0.012617514289  0.008560142434  0.015687599205  0.013135608432  0.008049983607  0.003508610621  0.005522396172  0.003508610621  0.006028940772  0.004515063013  0.003508610621  0.004011119759  0.000000000000  0.001000720202  0.006031048738  0.001000720202  0.012116571823  0.007543154739  0.010589094564  0.009570938637  0.007038726570  
piranga_ludoviciana_sdsu2208 0.020329059730  0.020329059730  0.013643696154  0.013643696154  0.017753395132  0.016211749580  0.022894864309  0.018258532320  0.012620531571  0.012620531571  0.008563351621  0.015692060063  0.013139842440  0.008052436655  0.003509188748  0.005523753302  0.003509188748  0.006031048738  0.004516251037  0.003509188748  0.004011117356  0.001000720202  0.000000000000  0.005022558559  0.000000000000  0.012120626001  0.007545298456  0.010592656712  0.009573876617  0.007041006627  
piranga_bidentata_hgoslp104 0.025528144978  0.025528144978  0.018781204171  0.018781204171  0.022930579810  0.021375422315  0.028108935682  0.023436355076  0.017747656644  0.017747656644  0.013662797150  0.020848171585  0.018276711113  0.013144527075  0.008560142434  0.010592656712  0.008560142434  0.011107229695  0.009577261824  0.008560142434  0.009062716329  0.006031048738  0.005022558559  0.000000000000  0.005022558559  0.017249382679  0.012632287660  0.015708163058  0.014679089264  0.012125129678  
piranga_ludoviciana_sdsu2648 0.020329059730  0.020329059730  0.013643696154  0.013643696154  0.017753395132  0.016211749580  0.022894864309  0.018258532320  0.012620531571  0.012620531571  0.008563351621  0.015692060063  0.013139842440  0.008052436655  0.003509188748  0.005523753302  0.003509188748  0.006031048738  0.004516251037  0.003509188748  0.004011117356  0.001000720202  0.000000000000  0.005022558559  0.000000000000  0.012120626001  0.007545298456  0.010592656712  0.009573876617  0.007041006627  
piranga_olivacea_ku4672 0.021375422315  0.021375422315  0.014673905386  0.014673905386  0.019831624290  0.017249382679  0.023943264322  0.019298862319  0.013647794704  0.013647794704  0.009585372520  0.016727109413  0.014170744402  0.009071937351  0.008563351621  0.010596666852  0.008563351621  0.011112001386  0.009581093907  0.008563351621  0.012116571823  0.012116571823  0.012120626001  0.017249382679  0.012120626001  0.000000000000  0.008563351621  0.011618367814  0.010596666852  0.008058679608  
piranga_rubra_ku7046 0.016727109413  0.016727109413  0.010079730955  0.010079730955  0.015193334357  0.012632287660  0.019281491270  0.014669173657  0.009062716329  0.009062716329  0.005024937761  0.012116571823  0.009577261824  0.004517881471  0.004013765215  0.006031048738  0.004013765215  0.006539967330  0.005022558559  0.004013765215  0.007543154739  0.007543154739  0.007545298456  0.012632287660  0.007545298456  0.008563351621  0.000000000000  0.005020621788  0.004012440438  0.002505621458  
piranga_rubra_sdsu2654 0.019824139655  0.019824139655  0.013139842440  0.013139842440  0.018283681726  0.015708163058  0.022387248925  0.017753395132  0.012116571823  0.012116571823  0.008062468816  0.015187832420  0.012637106597  0.007550921613  0.007043731314  0.008563351621  0.007043731314  0.009585372520  0.008058679608  0.007043731314  0.010589094564  0.010589094564  0.010592656712  0.015708163058  0.010592656712  0.011618367814  0.005020621788  0.000000000000  0.007041006627  0.005527797729  
piranga_rubra_sdsu2635 0.018787585846  0.018787585846  0.012116571823  0.012116571823  0.017249382679  0.014679089264  0.021347999546  0.016721556763  0.011095604191  0.011095604191  0.007046900281  0.014160559919  0.011613729923  0.006537107444  0.006031048738  0.008055335439  0.006031048738  0.008567006573  0.007043731314  0.006031048738  0.009570938637  0.009570938637  0.009573876617  0.014679089264  0.009573876617  0.010596666852  0.004012440438  0.007041006627  0.000000000000  0.004517881471  
piranga_rubra_ku26592 0.016217436471  0.016217436471  0.009573876617  0.009573876617  0.014684724941  0.012125129678  0.018769810296  0.014160559919  0.008557379362  0.008557379362  0.004522468167  0.011609540796  0.009071937351  0.004015531680  0.003511669662  0.005527797729  0.003511669662  0.006036594908  0.004519953964  0.003511669662  0.007038726570  0.007038726570  0.007041006627  0.012125129678  0.007041006627  0.008058679608  0.002505621458  0.005527797729  0.004517881471  0.000000000000  

