30
piranga_rubra_ku26592 0.000000000000  0.006663939648  0.005822966180  0.009181273386  0.009181273386  0.010274479441  0.004394635764  0.010144191021  0.000000000000  0.005822966180  0.000986060961  0.003063262409  0.007554350491  0.008171682659  0.000828406978  0.002156618023  0.006731225483  0.006686218292  0.000000000000  0.006660568030  0.010019021717  0.007503960464  0.009181273386  0.007503960464  0.009492277360  0.002279796522  0.001194549018  0.006666118121  0.000000000000  0.006660568030  
piranga_flava_ku90809 0.006663939648  0.000000000000  0.002488906558  0.006674065535  0.006674065535  0.007695601390  0.004400735645  0.007598144994  0.006725566475  0.004155845949  0.000986352554  0.001019538164  0.000834142212  0.000901846366  0.005829275298  0.000000000000  0.001675502247  0.003335165272  0.000000000000  0.003321568157  0.007509245336  0.000828612763  0.006674065535  0.004159130938  0.008640354761  0.001140074020  0.000000000000  0.003324328664  0.006663939648  0.004991746222  
piranga_ludoviciana_sdsu2385 0.005822966180  0.002488906558  0.000000000000  0.005829275298  0.005829275298  0.006827800339  0.003514165923  0.006741493202  0.005876741072  0.001658826026  0.000986352554  0.001019538164  0.003343781444  0.003615819106  0.004988807135  0.000000000000  0.002513934400  0.002497193617  0.000000000000  0.000828612763  0.006663939648  0.003321568157  0.005829275298  0.003321568157  0.007762865060  0.001140074020  0.000000000000  0.000829299932  0.005822966180  0.002490645982  
piranga_rubriceps_lsu265 0.009181273386  0.006674065535  0.005829275298  0.000000000000  0.001650611782  0.007689026583  0.007954056002  0.007591735593  0.009274166015  0.007509245336  0.000986352554  0.001019538164  0.007566205761  0.008185559325  0.008351699131  0.000000000000  0.006741557298  0.006696412133  0.000000000000  0.004991746222  0.002476578588  0.007515657786  0.000000000000  0.007515657786  0.004276705433  0.002266602562  0.000000000000  0.004995902644  0.009188943301  0.006668439537  
piranga_leucoptera_lsu7783 0.009181273386  0.006674065535  0.005829275298  0.001650611782  0.000000000000  0.007689026583  0.007954056002  0.007591735593  0.009274166015  0.007509245336  0.001974973805  0.001019538164  0.007566205761  0.008185559325  0.008351699131  0.000000000000  0.006741557298  0.006696412133  0.000000000000  0.004991746222  0.002476578588  0.007515657786  0.001650611782  0.007515657786  0.004276705433  0.003403877958  0.000000000000  0.004995902644  0.009188943301  0.006668439537  
cardinalis_cardinalis_ku25393 0.010274479441  0.007695601390  0.006827800339  0.007689026583  0.007689026583  0.000000000000  0.008846995035  0.001699709143  0.010372171652  0.006827800339  0.003050311739  0.003156214002  0.008559235842  0.009104763760  0.009416226148  0.002158262138  0.007695601390  0.007722013448  0.001298977737  0.007688878122  0.008544377294  0.008559235842  0.007689026583  0.008559235842  0.009741455770  0.001138775731  0.001194977012  0.007695452667  0.010274479441  0.009416226148  
piranga_olivacea_ku2699 0.004394635764  0.004400735645  0.003514165923  0.007954056002  0.007954056002  0.008846995035  0.000000000000  0.008862677202  0.004437539015  0.003514165923  0.001051705805  0.003276877371  0.005286315593  0.005489451047  0.003514165923  0.002193772739  0.004400735645  0.004404612386  0.001298977737  0.004397057821  0.008838927167  0.005286315593  0.007954056002  0.005286315593  0.008237837427  0.002282120563  0.001194977012  0.004400928077  0.004394635764  0.004397057821  
cardinalis_cardinalis_ku21828 0.010144191021  0.007598144994  0.006741493202  0.007591735593  0.007591735593  0.001699709143  0.008862677202  0.000000000000  0.009360984377  0.006741493202  0.002998482456  0.003100756075  0.008450734557  0.008185559325  0.009296847192  0.002158262138  0.007604565227  0.007623891192  0.001298977737  0.007591590977  0.008436250148  0.008450734557  0.007591735593  0.008450734557  0.008715663653  0.001138775731  0.001194977012  0.007598000126  0.010144191021  0.009296847192  
piranga_rubra_ku7046 0.000000000000  0.006725566475  0.005876741072  0.009274166015  0.009274166015  0.010372171652  0.004437539015  0.009360984377  0.000000000000  0.005876741072  0.000986060961  0.003063262409  0.007624752107  0.008171682659  0.000836025241  0.002156618023  0.006794108979  0.006748259790  0.000000000000  0.006722132036  0.010120422246  0.007573421670  0.009274166015  0.007573421670  0.009500475910  0.002282398229  0.001194549018  0.006727785246  0.000000000000  0.006722132036  
piranga_bidentata_hgoslp104 0.005822966180  0.004155845949  0.001658826026  0.007509245336  0.007509245336  0.006827800339  0.003514165923  0.006741493202  0.005876741072  0.000000000000  0.000986352554  0.003065898381  0.005025192547  0.005434865841  0.004988807135  0.002158262138  0.004197714368  0.004169708979  0.001298977737  0.002490645982  0.008345626197  0.004991746222  0.007509245336  0.004991746222  0.009506611637  0.001140074020  0.001194977012  0.002492715479  0.005822966180  0.002490645982  
piranga_ludoviciana_sdsu2648 0.000986060961  0.000986352554  0.000986352554  0.000986352554  0.001974973805  0.003050311739  0.001051705805  0.002998482456  0.000986060961  0.000986352554  0.000000000000  0.002041500439  0.000994197592  0.002090581652  0.000000000000  0.001077776404  0.001998657626  0.002968809262  0.000000000000  0.000986352554  0.002963407474  0.001974973805  0.000986352554  0.001974973805  0.000986352554  0.001140074020  0.000000000000  0.000987326407  0.000986060961  0.000986352554  
piranga_roseogularis_ku2049 0.003063262409  0.001019538164  0.001019538164  0.001019538164  0.001019538164  0.003156214002  0.003276877371  0.003100756075  0.003063262409  0.003065898381  0.002041500439  0.000000000000  0.001027922215  0.001081272516  0.002041500439  0.001077776404  0.001032166163  0.002043586434  0.001298977737  0.001019538164  0.002041500439  0.002041500439  0.001019538164  0.000000000000  0.001019538164  0.002371416337  0.001194977012  0.001020578683  0.003063262409  0.003065898381  
piranga_hepatica_ku4970 0.007554350491  0.000834142212  0.003343781444  0.007566205761  0.007566205761  0.008559235842  0.005286315593  0.008450734557  0.007624752107  0.005025192547  0.000994197592  0.001027922215  0.000000000000  0.001805588964  0.006713207006  0.000000000000  0.002515709015  0.004201065949  0.000000000000  0.004183664806  0.008407876892  0.001669906376  0.007566205761  0.005029309511  0.009580250448  0.001140074020  0.000000000000  0.004187168372  0.007554350491  0.005868371117  
piranga_hepatica_ku9084 0.008171682659  0.000901846366  0.003615819106  0.008185559325  0.008185559325  0.009104763760  0.005489451047  0.008185559325  0.008171682659  0.005434865841  0.002090581652  0.001081272516  0.001805588964  0.000000000000  0.007261643730  0.000000000000  0.000901846366  0.004544738326  0.000000000000  0.004524380171  0.009096218771  0.001805588964  0.008185559325  0.005439682261  0.010016451079  0.002282120563  0.000000000000  0.004528477915  0.008171682659  0.006347284286  
piranga_rubra_sdsu2654 0.000828406978  0.005829275298  0.004988807135  0.008351699131  0.008351699131  0.009416226148  0.003514165923  0.009296847192  0.000836025241  0.004988807135  0.000000000000  0.002041500439  0.006713207006  0.007261643730  0.000000000000  0.001077776404  0.005888116347  0.005848757874  0.000000000000  0.005825557331  0.009188943301  0.006668439537  0.008351699131  0.006668439537  0.008633854067  0.001140074020  0.000000000000  0.005830409587  0.000828406978  0.005825557331  
piranga_flava_lsu15408 0.002156618023  0.000000000000  0.000000000000  0.000000000000  0.000000000000  0.002158262138  0.002193772739  0.002158262138  0.002156618023  0.002158262138  0.001077776404  0.001077776404  0.000000000000  0.000000000000  0.001077776404  0.000000000000  0.000000000000  0.001078939260  0.000000000000  0.000000000000  0.001077776404  0.001077776404  0.000000000000  0.001077776404  0.000000000000  0.001191701924  0.000000000000  0.000000000000  0.002156618023  0.002158262138  
piranga_lutea_lsu5400 0.006731225483  0.001675502247  0.002513934400  0.006741557298  0.006741557298  0.007695601390  0.004400735645  0.007604565227  0.006794108979  0.004197714368  0.001998657626  0.001032166163  0.002515709015  0.000901846366  0.005888116347  0.000000000000  0.000000000000  0.003368872684  0.000000000000  0.003354999876  0.007585192631  0.002515709015  0.006741557298  0.004201065949  0.008730883244  0.002282120563  0.000000000000  0.003357816256  0.006731225483  0.005042084352  
piranga_olivacea_ku4672 0.006686218292  0.003335165272  0.002497193617  0.006696412133  0.006696412133  0.007722013448  0.004404612386  0.007623891192  0.006748259790  0.004169708979  0.002968809262  0.002043586434  0.004201065949  0.004544738326  0.005848757874  0.001078939260  0.003368872684  0.000000000000  0.001298977737  0.003332637785  0.007534391547  0.004173015943  0.006696412133  0.004173015943  0.008670321599  0.003431129401  0.001194977012  0.003335416731  0.006686218292  0.005008413546  
piranga_ludoviciana_sdsu2208 0.000000000000  0.000000000000  0.000000000000  0.000000000000  0.000000000000  0.001298977737  0.001298977737  0.001298977737  0.000000000000  0.001298977737  0.000000000000  0.001298977737  0.000000000000  0.000000000000  0.000000000000  0.000000000000  0.000000000000  0.001298977737  0.000000000000  0.000000000000  0.001298977737  0.000000000000  0.000000000000  0.001298977737  0.000000000000  0.001298472000  0.000000000000  0.000000000000  0.000000000000  0.001298977737  
piranga_bidentata_itm160 0.006660568030  0.003321568157  0.000828612763  0.004991746222  0.004991746222  0.007688878122  0.004397057821  0.007591590977  0.006722132036  0.002490645982  0.000986352554  0.001019538164  0.004183664806  0.004524380171  0.005825557331  0.000000000000  0.003354999876  0.003332637785  0.000000000000  0.000000000000  0.005825557331  0.004155845949  0.004991746222  0.004155845949  0.006893637463  0.001140074020  0.000000000000  0.000000000000  0.006660568030  0.001658826026  
piranga_leucoptera_fmnh481795 0.010019021717  0.007509245336  0.006663939648  0.002476578588  0.002476578588  0.008544377294  0.008838927167  0.008436250148  0.010120422246  0.008345626197  0.002963407474  0.002041500439  0.008407876892  0.009096218771  0.009188943301  0.001077776404  0.007585192631  0.007534391547  0.001298977737  0.005825557331  0.000000000000  0.008351699131  0.002476578588  0.008351699131  0.005133944473  0.004541565413  0.001194977012  0.005830409587  0.010027394084  0.007503960464  
piranga_lutea_ku89864 0.007503960464  0.000828612763  0.003321568157  0.007515657786  0.007515657786  0.008559235842  0.005286315593  0.008450734557  0.007573421670  0.004991746222  0.001974973805  0.002041500439  0.001669906376  0.001805588964  0.006668439537  0.001077776404  0.002515709015  0.004173015943  0.000000000000  0.004155845949  0.008351699131  0.000000000000  0.007515657786  0.004995808508  0.009513959720  0.001140074020  0.000000000000  0.004159303057  0.007503960464  0.005829275298  
piranga_rubriceps_lsu34818 0.009181273386  0.006674065535  0.005829275298  0.000000000000  0.001650611782  0.007689026583  0.007954056002  0.007591735593  0.009274166015  0.007509245336  0.000986352554  0.001019538164  0.007566205761  0.008185559325  0.008351699131  0.000000000000  0.006741557298  0.006696412133  0.000000000000  0.004991746222  0.002476578588  0.007515657786  0.000000000000  0.007515657786  0.004276705433  0.002266602562  0.000000000000  0.004995902644  0.009188943301  0.006668439537  
piranga_roseogularis_ku2141 0.007503960464  0.004159130938  0.003321568157  0.007515657786  0.007515657786  0.008559235842  0.005286315593  0.008450734557  0.007573421670  0.004991746222  0.001974973805  0.000000000000  0.005029309511  0.005439682261  0.006668439537  0.001077776404  0.004201065949  0.004173015943  0.001298977737  0.004155845949  0.008351699131  0.004995808508  0.007515657786  0.000000000000  0.009513959720  0.002282120563  0.001194977012  0.004159303057  0.007503960464  0.005829275298  
piranga_erythrocephala_fmnh343371 0.009492277360  0.008640354761  0.007762865060  0.004276705433  0.004276705433  0.009741455770  0.008237837427  0.008715663653  0.009500475910  0.009506611637  0.000986352554  0.001019538164  0.009580250448  0.010016451079  0.008633854067  0.000000000000  0.008730883244  0.008670321599  0.000000000000  0.006893637463  0.005133944473  0.009513959720  0.004276705433  0.009513959720  0.000000000000  0.001132328388  0.000000000000  0.006899582971  0.009500475910  0.008633854067  
piranga_erythrocephala_fmnh343370 0.002279796522  0.001140074020  0.001140074020  0.002266602562  0.003403877958  0.001138775731  0.002282120563  0.001138775731  0.002282398229  0.001140074020  0.001140074020  0.002371416337  0.001140074020  0.002282120563  0.001140074020  0.001191701924  0.002282120563  0.003431129401  0.001298472000  0.001140074020  0.004541565413  0.001140074020  0.002266602562  0.002282120563  0.001132328388  0.000000000000  0.001217825057  0.001141375273  0.002282398229  0.002282120563  
piranga_ludoviciana_sdsu2650 0.001194549018  0.000000000000  0.000000000000  0.000000000000  0.000000000000  0.001194977012  0.001194977012  0.001194977012  0.001194549018  0.001194977012  0.000000000000  0.001194977012  0.000000000000  0.000000000000  0.000000000000  0.000000000000  0.000000000000  0.001194977012  0.000000000000  0.000000000000  0.001194977012  0.000000000000  0.000000000000  0.001194977012  0.000000000000  0.001217825057  0.000000000000  0.000000000000  0.001194549018  0.001194977012  
piranga_bidentata_tepe59 0.006666118121  0.003324328664  0.000829299932  0.004995902644  0.004995902644  0.007695452667  0.004400928077  0.007598000126  0.006727785246  0.002492715479  0.000987326407  0.001020578683  0.004187168372  0.004528477915  0.005830409587  0.000000000000  0.003357816256  0.003335416731  0.000000000000  0.000000000000  0.005830409587  0.004159303057  0.004995902644  0.004159303057  0.006899582971  0.001141375273  0.000000000000  0.000000000000  0.006666118121  0.001660203021  
piranga_rubra_sdsu2635 0.000000000000  0.006663939648  0.005822966180  0.009188943301  0.009188943301  0.010274479441  0.004394635764  0.010144191021  0.000000000000  0.005822966180  0.000986060961  0.003063262409  0.007554350491  0.008171682659  0.000828406978  0.002156618023  0.006731225483  0.006686218292  0.000000000000  0.006660568030  0.010027394084  0.007503960464  0.009188943301  0.007503960464  0.009500475910  0.002282398229  0.001194549018  0.006666118121  0.000000000000  0.006660568030  
piranga_bidentata_itm141 0.006660568030  0.004991746222  0.002490645982  0.006668439537  0.006668439537  0.009416226148  0.004397057821  0.009296847192  0.006722132036  0.002490645982  0.000986352554  0.003065898381  0.005868371117  0.006347284286  0.005825557331  0.002158262138  0.005042084352  0.005008413546  0.001298977737  0.001658826026  0.007503960464  0.005829275298  0.006668439537  0.005829275298  0.008633854067  0.002282120563  0.001194977012  0.001660203021  0.006660568030  0.000000000000  

