30
piranga_rubra_ku26592 0.000000000000  0.005754435698  0.014065009698  0.025954033624  0.025960838938  0.026785238771  0.008235489432  0.027098864481  0.002456071608  0.012790383413  0.013181198655  0.014065009698  0.008242604043  0.006596820210  0.002455606242  0.003334191588  0.007411733470  0.009058436287  0.014031157837  0.014898122779  0.025109383070  0.003279518640  0.024574431547  0.015799535852  0.019428258659  0.015595864407  0.005857342779  0.015745442383  0.003276411817  0.014052869931  
piranga_flava_ku90809 0.005754435698  0.000000000000  0.013215291031  0.025073199959  0.025079937651  0.026762831864  0.010075830560  0.027075930308  0.004920686378  0.011917039134  0.015224422760  0.013215291031  0.007411733470  0.006589575048  0.006568810870  0.005564151661  0.006576934236  0.009882221335  0.014017108685  0.014046846920  0.024230168176  0.002455455283  0.023685144097  0.014942443294  0.019411114399  0.019909873482  0.010289113394  0.014891878143  0.007396244639  0.013204466884  
piranga_ludoviciana_sdsu2385 0.014065009698  0.013215291031  0.000000000000  0.019819755708  0.019826075824  0.021487423822  0.008168218649  0.021738745871  0.011549172579  0.002517265765  0.003988643868  0.008164561556  0.014065009698  0.012117005839  0.013215291031  0.012299758496  0.013215291031  0.006523317134  0.000982391917  0.002438107081  0.018987665531  0.010710049455  0.018384351598  0.008191313411  0.015712048298  0.012573024202  0.001459525024  0.003255081790  0.014053381830  0.003252435048  
piranga_rubriceps_lsu265 0.025954033624  0.025073199959  0.019819755708  0.000000000000  0.014815262049  0.021497838450  0.017440323343  0.020058081476  0.023373538555  0.016999496982  0.020253509989  0.018136429130  0.025954033624  0.016621739283  0.025073199959  0.019159825321  0.023359715646  0.018987665531  0.014933666749  0.020653007290  0.013985999084  0.022505336915  0.003295731326  0.019885451943  0.014843268860  0.012585278202  0.013277937310  0.021505199145  0.025932317190  0.021487423822  
piranga_leucoptera_lsu7783 0.025960838938  0.025079937651  0.019826075824  0.014815262049  0.000000000000  0.023199592781  0.018364580962  0.022622312732  0.023379224088  0.017005009783  0.020250001691  0.018142640984  0.025960838938  0.017737023328  0.025079937651  0.017996404150  0.025079937651  0.018993003274  0.014923298874  0.020660313446  0.004071966176  0.022511906651  0.014163072267  0.019891813606  0.012186764270  0.009750676939  0.014763555331  0.021513508627  0.025939111281  0.021495719703  
cardinalis_cardinalis_ku25393 0.026785238771  0.026762831864  0.021487423822  0.021497838450  0.023199592781  0.000000000000  0.022074592261  0.002465697557  0.025058983888  0.018713705816  0.024351843632  0.019800609585  0.025066665096  0.019962594454  0.026762831864  0.023712558486  0.023334956766  0.020653007290  0.018949206695  0.020634445370  0.022356233941  0.024189557967  0.021792134547  0.021558702034  0.021043077479  0.016811390077  0.017745970552  0.023178941096  0.027623766076  0.023159765989  
piranga_olivacea_ku2699 0.008235489432  0.010075830560  0.008168218649  0.017440323343  0.018364580962  0.022074592261  0.000000000000  0.022048492006  0.006391077784  0.008220444785  0.007221437906  0.009084469612  0.011012626149  0.008792457848  0.007306773222  0.010046596088  0.009150976917  0.002708895234  0.006910816176  0.009079677593  0.017440323343  0.007306773222  0.018376619515  0.010922409008  0.015549313485  0.012585278202  0.004387933712  0.009087929344  0.008227960231  0.009992538172  
cardinalis_cardinalis_ku21828 0.027098864481  0.027075930308  0.021738745871  0.020058081476  0.022622312732  0.002465697557  0.022048492006  0.000000000000  0.025350824255  0.018939573265  0.023313227161  0.020033009573  0.027098864481  0.022208936944  0.027075930308  0.022544779286  0.025339220576  0.020893149106  0.018933308582  0.022585544518  0.021767858159  0.024473293560  0.021767858159  0.021811703151  0.021023593716  0.015388808282  0.016244177798  0.023453179872  0.027946725152  0.023433548788  
piranga_rubra_ku7046 0.002456071608  0.004920686378  0.011549172579  0.023373538555  0.023379224088  0.025058983888  0.006391077784  0.025350824255  0.000000000000  0.010201473542  0.011124392823  0.011549172579  0.007406563014  0.006583722278  0.001634755413  0.003327927260  0.006572406074  0.006568810870  0.011996476281  0.012378708979  0.022532591754  0.002454062487  0.021967802647  0.013265978590  0.017624036663  0.014149025846  0.005857342779  0.013220319444  0.002454062487  0.011539033038  
piranga_bidentata_hgoslp104 0.012790383413  0.011917039134  0.002517265765  0.016999496982  0.017005009783  0.018713705816  0.008220444785  0.018939573265  0.010201473542  0.000000000000  0.005187224574  0.005885625409  0.012790383413  0.009903628300  0.011917039134  0.010051724616  0.011917039134  0.006731913008  0.001968801180  0.003357275336  0.016144237118  0.009339261060  0.015487559058  0.007579744595  0.014276622628  0.012573024202  0.002922165064  0.003360095538  0.012779485885  0.004198477568  
piranga_ludoviciana_sdsu2648 0.013181198655  0.015224422760  0.003988643868  0.020253509989  0.020250001691  0.024351843632  0.007221437906  0.023313227161  0.011124392823  0.005187224574  0.000000000000  0.010018992635  0.015239891692  0.012208529755  0.011124392823  0.014751809157  0.014194997040  0.005991705642  0.003341897068  0.004989327341  0.019220166521  0.012142961575  0.021289156345  0.011075543705  0.018382607184  0.015388808282  0.000000000000  0.003992625172  0.012147989352  0.005991705642  
piranga_roseogularis_ku2049 0.014065009698  0.013215291031  0.008164561556  0.018136429130  0.018142640984  0.019800609585  0.009084469612  0.020033009573  0.011549172579  0.005885625409  0.010018992635  0.000000000000  0.014065009698  0.007684679560  0.013215291031  0.010046596088  0.013215291031  0.007344686175  0.005917629068  0.008985572179  0.017306077380  0.010710049455  0.016683063911  0.001630195300  0.013057616531  0.008352651005  0.004387933712  0.009815744178  0.014053381830  0.009807721499  
piranga_hepatica_ku4970 0.008242604043  0.007411733470  0.014065009698  0.025954033624  0.025960838938  0.025066665096  0.011012626149  0.027098864481  0.007406563014  0.012790383413  0.015239891692  0.014065009698  0.000000000000  0.003286704543  0.009063006319  0.007817321882  0.004103027340  0.010723788694  0.015048978021  0.013220319444  0.025109383070  0.004927997960  0.024574431547  0.015799535852  0.020330560260  0.019938232103  0.008807155552  0.015745442383  0.009895576240  0.015732403873  
piranga_hepatica_ku9084 0.006596820210  0.006589575048  0.012117005839  0.016621739283  0.017737023328  0.019962594454  0.008792457848  0.022208936944  0.006583722278  0.009903628300  0.012208529755  0.007684679560  0.003286704543  0.000000000000  0.007684679560  0.005998017690  0.000000000000  0.008787683358  0.011003543181  0.009892742038  0.018883119897  0.003283107659  0.016621739283  0.009902883167  0.017724692561  0.017038816547  0.007340670037  0.012125534766  0.008792457848  0.013227170349  
piranga_rubra_sdsu2654 0.002455606242  0.006568810870  0.013215291031  0.025073199959  0.025079937651  0.026762831864  0.007306773222  0.027075930308  0.001634755413  0.011917039134  0.011124392823  0.013215291031  0.009063006319  0.007684679560  0.000000000000  0.004440267074  0.008225154309  0.008221228192  0.013002543269  0.014046846920  0.024230168176  0.004095312641  0.023685144097  0.014942443294  0.018511371613  0.014149025846  0.005857342779  0.014891878143  0.000817044364  0.013204466884  
piranga_flava_lsu15408 0.003334191588  0.005564151661  0.012299758496  0.019159825321  0.017996404150  0.023712558486  0.010046596088  0.022544779286  0.003327927260  0.010051724616  0.014751809157  0.010046596088  0.007817321882  0.005998017690  0.004440267074  0.000000000000  0.005564151661  0.010040510465  0.011168761532  0.013425621006  0.019159825321  0.002217672505  0.019159825321  0.011176024069  0.019130249916  0.018460009622  0.008807155552  0.013440659216  0.005556135101  0.012288085558  
piranga_lutea_lsu5400 0.007411733470  0.006576934236  0.013215291031  0.023359715646  0.025079937651  0.023334956766  0.009150976917  0.025339220576  0.006572406074  0.011917039134  0.014194997040  0.013215291031  0.004103027340  0.000000000000  0.008225154309  0.005564151661  0.000000000000  0.009882221335  0.011990188043  0.012373468190  0.024230168176  0.004099663112  0.023685144097  0.014942443294  0.018511371613  0.017014655160  0.007329908632  0.014891878143  0.009055545155  0.014879567101  
piranga_olivacea_ku4672 0.009058436287  0.009882221335  0.006523317134  0.018987665531  0.018993003274  0.020653007290  0.002708895234  0.020893149106  0.006568810870  0.006731913008  0.005991705642  0.007344686175  0.010723788694  0.008787683358  0.008221228192  0.010040510465  0.009882221335  0.000000000000  0.006907872609  0.007342363021  0.018156733234  0.007392952628  0.017544112919  0.009021290438  0.014833884017  0.011159707942  0.004389428419  0.008169210725  0.009050982664  0.008162542473  
piranga_ludoviciana_sdsu2208 0.014031157837  0.014017108685  0.000982391917  0.014933666749  0.014923298874  0.018949206695  0.006910816176  0.018933308582  0.011996476281  0.001968801180  0.003341897068  0.005917629068  0.015048978021  0.011003543181  0.013002543269  0.011168761532  0.011990188043  0.006907872609  0.000000000000  0.001965747904  0.015946332399  0.010980033400  0.014933666749  0.007906130484  0.014914301509  0.012573024202  0.001459525024  0.001967681889  0.014017108685  0.002950740493  
piranga_bidentata_itm160 0.014898122779  0.014046846920  0.002438107081  0.020653007290  0.020660313446  0.020634445370  0.009079677593  0.022585544518  0.012378708979  0.003357275336  0.004989327341  0.008985572179  0.013220319444  0.009892742038  0.014046846920  0.013425621006  0.012373468190  0.007342363021  0.001965747904  0.000000000000  0.019819755708  0.011539033038  0.019225773822  0.010670940423  0.016591508921  0.013990651863  0.002922165064  0.004071197024  0.014885801349  0.002438107081  
piranga_leucoptera_fmnh481795 0.025109383070  0.024230168176  0.018987665531  0.013985999084  0.004071966176  0.022356233941  0.017440323343  0.021767858159  0.022532591754  0.016144237118  0.019220166521  0.017306077380  0.025109383070  0.018883119897  0.024230168176  0.019159825321  0.024230168176  0.018156733234  0.015946332399  0.019819755708  0.000000000000  0.021665002034  0.013325529625  0.019050582410  0.011308337298  0.009759247628  0.014776280566  0.020670085646  0.025088379789  0.020653007290  
piranga_lutea_ku89864 0.003279518640  0.002455455283  0.010710049455  0.022505336915  0.022511906651  0.024189557967  0.007306773222  0.024473293560  0.002454062487  0.009339261060  0.012142961575  0.010710049455  0.004927997960  0.003283107659  0.004095312641  0.002217672505  0.004099663112  0.007392952628  0.010980033400  0.011539033038  0.021665002034  0.000000000000  0.021089411616  0.012419708283  0.016717095301  0.015573782133  0.005857342779  0.012379384214  0.004918350075  0.010703083817  
piranga_rubriceps_lsu34818 0.024574431547  0.023685144097  0.018384351598  0.003295731326  0.014163072267  0.021792134547  0.018376619515  0.021767858159  0.021967802647  0.015487559058  0.021289156345  0.016683063911  0.024574431547  0.016621739283  0.023685144097  0.019159825321  0.023685144097  0.017544112919  0.014933666749  0.019225773822  0.013325529625  0.021089411616  0.000000000000  0.018446017028  0.015731219233  0.012585278202  0.013277937310  0.020085180404  0.024553620275  0.020068383232  
piranga_roseogularis_ku2141 0.015799535852  0.014942443294  0.008191313411  0.019885451943  0.019891813606  0.021558702034  0.010922409008  0.021811703151  0.013265978590  0.007579744595  0.011075543705  0.001630195300  0.015799535852  0.009902883167  0.014942443294  0.011176024069  0.014942443294  0.009021290438  0.007906130484  0.010670940423  0.019050582410  0.012419708283  0.018446017028  0.000000000000  0.014825551962  0.008352651005  0.004387933712  0.011506938494  0.015786407488  0.011497488121  
piranga_erythrocephala_fmnh343371 0.019428258659  0.019411114399  0.015712048298  0.014843268860  0.012186764270  0.021043077479  0.015549313485  0.021023593716  0.017624036663  0.014276622628  0.018382607184  0.013057616531  0.020330560260  0.017724692561  0.018511371613  0.019130249916  0.018511371613  0.014833884017  0.014914301509  0.016591508921  0.011308337298  0.016717095301  0.015731219233  0.014825551962  0.000000000000  0.002768456913  0.014763555331  0.017487548837  0.019411114399  0.017472270074  
piranga_erythrocephala_fmnh343370 0.015595864407  0.019909873482  0.012573024202  0.012585278202  0.009750676939  0.016811390077  0.012585278202  0.015388808282  0.014149025846  0.012573024202  0.015388808282  0.008352651005  0.019938232103  0.017038816547  0.014149025846  0.018460009622  0.017014655160  0.011159707942  0.012573024202  0.013990651863  0.009759247628  0.015573782133  0.012585278202  0.008352651005  0.002768456913  0.000000000000  0.011801794983  0.013979249665  0.015587353323  0.015399350072  
piranga_ludoviciana_sdsu2650 0.005857342779  0.010289113394  0.001459525024  0.013277937310  0.014763555331  0.017745970552  0.004387933712  0.016244177798  0.005857342779  0.002922165064  0.000000000000  0.004387933712  0.008807155552  0.007340670037  0.005857342779  0.008807155552  0.007329908632  0.004389428419  0.001459525024  0.002922165064  0.014776280566  0.005857342779  0.013277937310  0.004387933712  0.014763555331  0.011801794983  0.000000000000  0.000000000000  0.007329908632  0.004387933712  
piranga_bidentata_tepe59 0.015745442383  0.014891878143  0.003255081790  0.021505199145  0.021513508627  0.023178941096  0.009087929344  0.023453179872  0.013220319444  0.003360095538  0.003992625172  0.009815744178  0.015745442383  0.012125534766  0.014891878143  0.013440659216  0.014891878143  0.008169210725  0.001967681889  0.004071197024  0.020670085646  0.012379384214  0.020085180404  0.011506938494  0.017487548837  0.013979249665  0.000000000000  0.000000000000  0.015732403873  0.004888439263  
piranga_rubra_sdsu2635 0.003276411817  0.007396244639  0.014053381830  0.025932317190  0.025939111281  0.027623766076  0.008227960231  0.027946725152  0.002454062487  0.012779485885  0.012147989352  0.014053381830  0.009895576240  0.008792457848  0.000817044364  0.005556135101  0.009055545155  0.009050982664  0.014017108685  0.014885801349  0.025088379789  0.004918350075  0.024553620275  0.015786407488  0.019411114399  0.015587353323  0.007329908632  0.015732403873  0.000000000000  0.014041262234  
piranga_bidentata_itm141 0.014052869931  0.013204466884  0.003252435048  0.021487423822  0.021495719703  0.023159765989  0.009992538172  0.023433548788  0.011539033038  0.004198477568  0.005991705642  0.009807721499  0.015732403873  0.013227170349  0.013204466884  0.012288085558  0.014879567101  0.008162542473  0.002950740493  0.002438107081  0.020653007290  0.010703083817  0.020068383232  0.011497488121  0.017472270074  0.015399350072  0.004387933712  0.004888439263  0.014041262234  0.000000000000  

