30
piranga_rubra_ku26592 0.000000000000  0.006420302517  0.005128032519  0.010300041083  0.009006776649  0.014206906436  0.005495590443  0.012904639262  0.000000000000  0.006420302517  0.005269911956  0.009251739584  0.005128032519  0.002969494342  0.002553756501  0.004613464823  0.008728271188  0.008114434129  0.007551616055  0.006428557348  0.007716730043  0.010322165295  0.009006776649  0.008005010886  0.003875767963  0.000000000000  0.000000000000  0.005128032519  0.001275903162  0.006428557348  
piranga_flava_ku90809 0.006420302517  0.000000000000  0.006420302517  0.011605634500  0.010309874543  0.015521796274  0.008271040325  0.014216997947  0.006486940938  0.007716730043  0.007930940002  0.012383465352  0.003839893470  0.008974948179  0.009006776649  0.006940156630  0.007260629432  0.009482640995  0.010100600790  0.007726667782  0.009017341937  0.009017341937  0.010309874543  0.009354777452  0.005175602832  0.006567893226  0.007348145556  0.006420302517  0.005128032519  0.007726667782  
piranga_ludoviciana_sdsu2385 0.005128032519  0.006420302517  0.000000000000  0.007701476391  0.006413154925  0.011589928804  0.001367932514  0.010292674829  0.005181171677  0.001275903162  0.000000000000  0.006144165134  0.002555859042  0.002969494342  0.007707879107  0.004613464823  0.005798313602  0.002687594278  0.002501513969  0.001277533172  0.005128032519  0.007716730043  0.006413154925  0.002650707042  0.002580112470  0.000000000000  0.000000000000  0.000000000000  0.003839893470  0.001277533172  
piranga_rubriceps_lsu265 0.010300041083  0.011605634500  0.007701476391  0.000000000000  0.003835887797  0.016821299217  0.009650109064  0.015512453782  0.010407241066  0.008998664096  0.007930940002  0.013938295956  0.007701476391  0.002969494342  0.012904639262  0.004613464823  0.011657596467  0.010836434485  0.015187798001  0.009010247368  0.002554084556  0.012915471757  0.001275460985  0.010685264760  0.007777355229  0.000000000000  0.000000000000  0.007701476391  0.008998664096  0.009010247368  
piranga_leucoptera_lsu7783 0.009006776649  0.010309874543  0.006413154925  0.003835887797  0.000000000000  0.015512453782  0.008263664974  0.014206906436  0.009100455519  0.007707879107  0.007930940002  0.013938295956  0.006413154925  0.002969494342  0.011605634500  0.004613464823  0.008728271188  0.009473646010  0.010100600790  0.007717794023  0.001275460985  0.011617200044  0.002554084556  0.008005010886  0.006474841988  0.000000000000  0.000000000000  0.006413154925  0.007707879107  0.007717794023  
cardinalis_cardinalis_ku25393 0.014206906436  0.015521796274  0.011589928804  0.016821299217  0.015512453782  0.000000000000  0.011045915747  0.001267378520  0.014355240269  0.012896293189  0.010586282339  0.013938295956  0.011589928804  0.005961033812  0.016829884556  0.009280360672  0.014603587628  0.009467380906  0.012637967974  0.012912947082  0.014206906436  0.016840990704  0.015512453782  0.014739990737  0.011706371543  0.003270565545  0.002434523811  0.011589928804  0.012896293189  0.012912947082  
piranga_olivacea_ku2699 0.005495590443  0.008271040325  0.001367932514  0.009650109064  0.008263664974  0.011045915747  0.000000000000  0.009656619728  0.005556665565  0.001367932514  0.002624467427  0.007684687327  0.004115001293  0.005949584184  0.008263664974  0.006927820886  0.006280865358  0.001368441160  0.005010540667  0.001369806318  0.006880925871  0.009665966891  0.008263664974  0.004279358355  0.004141856241  0.003267659743  0.002432913820  0.001367932514  0.005495590443  0.001369806318  
cardinalis_cardinalis_ku21828 0.012904639262  0.014216997947  0.010292674829  0.015512453782  0.014206906436  0.001267378520  0.009656619728  0.000000000000  0.013039262042  0.011596540746  0.007930940002  0.012383465352  0.010292674829  0.005961033812  0.015521796274  0.009280360672  0.013128495995  0.008107336191  0.010100600790  0.011611503002  0.012904639262  0.015533644639  0.014206906436  0.013388437495  0.010394728059  0.003270565545  0.002434523811  0.010292674829  0.011596540746  0.011611503002  
piranga_rubra_ku7046 0.000000000000  0.006486940938  0.005181171677  0.010407241066  0.009100455519  0.014355240269  0.005556665565  0.013039262042  0.000000000000  0.006486940938  0.005269911956  0.009251739584  0.005181171677  0.002969494342  0.002580112470  0.004613464823  0.008728271188  0.008203189240  0.007551616055  0.006495368134  0.007796955185  0.010429829669  0.009100455519  0.008005010886  0.003916244076  0.000000000000  0.000000000000  0.005181171677  0.001289060908  0.006495368134  
piranga_bidentata_hgoslp104 0.006420302517  0.007716730043  0.001275903162  0.008998664096  0.007707879107  0.012896293189  0.001367932514  0.011596540746  0.006486940938  0.000000000000  0.000000000000  0.006144165134  0.003839893470  0.002969494342  0.009006776649  0.004613464823  0.007260629432  0.004037467927  0.002501513969  0.000000000000  0.006420302517  0.009017341937  0.007707879107  0.003982628018  0.003875767963  0.000000000000  0.000000000000  0.001275903162  0.005128032519  0.000000000000  
piranga_ludoviciana_sdsu2648 0.005269911956  0.007930940002  0.000000000000  0.007930940002  0.007930940002  0.010586282339  0.002624467427  0.007930940002  0.005269911956  0.000000000000  0.000000000000  0.005269911956  0.005269911956  0.003499471936  0.005269911956  0.002867320009  0.005269911956  0.002624467427  0.000000000000  0.000000000000  0.007930940002  0.005269911956  0.007930940002  0.002626341142  0.002661288525  0.000000000000  0.000000000000  0.000000000000  0.005269911956  0.000000000000  
piranga_roseogularis_ku2049 0.009251739584  0.012383465352  0.006144165134  0.013938295956  0.013938295956  0.013938295956  0.007684687327  0.012383465352  0.009251739584  0.006144165134  0.005269911956  0.000000000000  0.009251739584  0.005961033812  0.012365771867  0.009280360672  0.010389193341  0.009239014618  0.008281234329  0.006153617528  0.012383465352  0.012383465352  0.013938295956  0.003098300345  0.007754630119  0.003270565545  0.004883845333  0.006144165134  0.009251739584  0.006153617528  
piranga_hepatica_ku4970 0.005128032519  0.003839893470  0.002555859042  0.007701476391  0.006413154925  0.011589928804  0.004115001293  0.010292674829  0.005181171677  0.003839893470  0.005269911956  0.009251739584  0.000000000000  0.005961033812  0.007707879107  0.006940156630  0.002889506078  0.005391878665  0.007551616055  0.003844814733  0.005128032519  0.007716730043  0.006413154925  0.005318966006  0.002580112470  0.003270565545  0.002434523811  0.002555859042  0.003839893470  0.003844814733  
piranga_hepatica_ku9084 0.002969494342  0.008974948179  0.002969494342  0.002969494342  0.002969494342  0.005961033812  0.005949584184  0.005961033812  0.002969494342  0.002969494342  0.003499471936  0.005961033812  0.005961033812  0.000000000000  0.002969494342  0.005961033812  0.005961033812  0.005949584184  0.004223739457  0.002969494342  0.002969494342  0.005961033812  0.002969494342  0.005961033812  0.002969494342  0.003270565545  0.002969494342  0.002969494342  0.002969494342  0.002969494342  
piranga_rubra_sdsu2654 0.002553756501  0.009006776649  0.007707879107  0.012904639262  0.011605634500  0.016829884556  0.008263664974  0.015521796274  0.002580112470  0.009006776649  0.005269911956  0.012365771867  0.007707879107  0.002969494342  0.000000000000  0.004613464823  0.010190863347  0.010844604269  0.010079417051  0.009018380895  0.010309874543  0.012928780671  0.011605634500  0.010695850430  0.006474841988  0.000000000000  0.000000000000  0.007707879107  0.003836119972  0.009018380895  
piranga_flava_lsu15408 0.004613464823  0.006940156630  0.004613464823  0.004613464823  0.004613464823  0.009280360672  0.006927820886  0.009280360672  0.004613464823  0.004613464823  0.002867320009  0.009280360672  0.006940156630  0.005961033812  0.004613464823  0.000000000000  0.006940156630  0.006927820886  0.003336030143  0.004613464823  0.004613464823  0.004613464823  0.004613464823  0.006940156630  0.004667296438  0.003270565545  0.004883845333  0.004613464823  0.004613464823  0.004613464823  
piranga_lutea_lsu5400 0.008728271188  0.007260629432  0.005798313602  0.011657596467  0.008728271188  0.014603587628  0.006280865358  0.013128495995  0.008728271188  0.007260629432  0.005269911956  0.010389193341  0.002889506078  0.005961033812  0.010190863347  0.006940156630  0.000000000000  0.006145760670  0.007551616055  0.007260629432  0.008728271188  0.008728271188  0.010190863347  0.008728271188  0.005862386351  0.003270565545  0.002434523811  0.005798313602  0.007260629432  0.007260629432  
piranga_olivacea_ku4672 0.008114434129  0.009482640995  0.002687594278  0.010836434485  0.009473646010  0.009467380906  0.001368441160  0.008107336191  0.008203189240  0.004037467927  0.002624467427  0.009239014618  0.005391878665  0.005949584184  0.010844604269  0.006927820886  0.006145760670  0.000000000000  0.005010540667  0.004042909000  0.008114434129  0.010855509240  0.009473646010  0.005603370276  0.005425078396  0.003267659743  0.002432913820  0.002687594278  0.006750857095  0.004042909000  
piranga_ludoviciana_sdsu2208 0.007551616055  0.010100600790  0.002501513969  0.015187798001  0.010100600790  0.012637967974  0.005010540667  0.010100600790  0.007551616055  0.002501513969  0.000000000000  0.008281234329  0.007551616055  0.004223739457  0.010079417051  0.003336030143  0.007551616055  0.005010540667  0.000000000000  0.002501513969  0.010100600790  0.007551616055  0.012637967974  0.005018653839  0.005082421965  0.000000000000  0.000000000000  0.002501513969  0.007551616055  0.002501513969  
piranga_bidentata_itm160 0.006428557348  0.007726667782  0.001277533172  0.009010247368  0.007717794023  0.012912947082  0.001369806318  0.011611503002  0.006495368134  0.000000000000  0.000000000000  0.006153617528  0.003844814733  0.002969494342  0.009018380895  0.004613464823  0.007260629432  0.004042909000  0.002501513969  0.000000000000  0.006428557348  0.009028973471  0.007717794023  0.003987922198  0.003880781662  0.000000000000  0.000000000000  0.001277533172  0.005134615226  0.000000000000  
piranga_leucoptera_fmnh481795 0.007716730043  0.009017341937  0.005128032519  0.002554084556  0.001275460985  0.014206906436  0.006880925871  0.012904639262  0.007796955185  0.006420302517  0.007930940002  0.012383465352  0.005128032519  0.002969494342  0.010309874543  0.004613464823  0.008728271188  0.008114434129  0.010100600790  0.006428557348  0.000000000000  0.010322165295  0.001275460985  0.008005010886  0.005175602832  0.000000000000  0.000000000000  0.005128032519  0.006420302517  0.006428557348  
piranga_lutea_ku89864 0.010322165295  0.009017341937  0.007716730043  0.012915471757  0.011617200044  0.016840990704  0.009665966891  0.015533644639  0.010429829669  0.009017341937  0.005269911956  0.012383465352  0.007716730043  0.005961033812  0.012928780671  0.004613464823  0.008728271188  0.010855509240  0.007551616055  0.009028973471  0.010322165295  0.000000000000  0.011617200044  0.009354777452  0.007787919164  0.003270565545  0.004883845333  0.007716730043  0.009017341937  0.009028973471  
piranga_rubriceps_lsu34818 0.009006776649  0.010309874543  0.006413154925  0.001275460985  0.002554084556  0.015512453782  0.008263664974  0.014206906436  0.009100455519  0.007707879107  0.007930940002  0.013938295956  0.006413154925  0.002969494342  0.011605634500  0.004613464823  0.010190863347  0.009473646010  0.012637967974  0.007717794023  0.001275460985  0.011617200044  0.000000000000  0.009343406209  0.006474841988  0.000000000000  0.000000000000  0.006413154925  0.007707879107  0.007717794023  
piranga_roseogularis_ku2141 0.008005010886  0.009354777452  0.002650707042  0.010685264760  0.008005010886  0.014739990737  0.004279358355  0.013388437495  0.008005010886  0.003982628018  0.002626341142  0.003098300345  0.005318966006  0.005961033812  0.010695850430  0.006940156630  0.008728271188  0.005603370276  0.005018653839  0.003987922198  0.008005010886  0.009354777452  0.009343406209  0.000000000000  0.005370161947  0.003270565545  0.002434523811  0.002650707042  0.006659750399  0.003987922198  
piranga_erythrocephala_fmnh343371 0.003875767963  0.005175602832  0.002580112470  0.007777355229  0.006474841988  0.011706371543  0.004141856241  0.010394728059  0.003916244076  0.003875767963  0.002661288525  0.007754630119  0.002580112470  0.002969494342  0.006474841988  0.004667296438  0.005862386351  0.005425078396  0.005082421965  0.003880781662  0.005175602832  0.007787919164  0.006474841988  0.005370161947  0.000000000000  0.000000000000  0.000000000000  0.002580112470  0.002580112470  0.003880781662  
piranga_erythrocephala_fmnh343370 0.000000000000  0.006567893226  0.000000000000  0.000000000000  0.000000000000  0.003270565545  0.003267659743  0.003270565545  0.000000000000  0.000000000000  0.000000000000  0.003270565545  0.003270565545  0.003270565545  0.000000000000  0.003270565545  0.003270565545  0.003267659743  0.000000000000  0.000000000000  0.000000000000  0.003270565545  0.000000000000  0.003270565545  0.000000000000  0.000000000000  0.000000000000  0.000000000000  0.000000000000  0.000000000000  
piranga_ludoviciana_sdsu2650 0.000000000000  0.007348145556  0.000000000000  0.000000000000  0.000000000000  0.002434523811  0.002432913820  0.002434523811  0.000000000000  0.000000000000  0.000000000000  0.004883845333  0.002434523811  0.002969494342  0.000000000000  0.004883845333  0.002434523811  0.002432913820  0.000000000000  0.000000000000  0.000000000000  0.004883845333  0.000000000000  0.002434523811  0.000000000000  0.000000000000  0.000000000000  0.000000000000  0.000000000000  0.000000000000  
piranga_bidentata_tepe59 0.005128032519  0.006420302517  0.000000000000  0.007701476391  0.006413154925  0.011589928804  0.001367932514  0.010292674829  0.005181171677  0.001275903162  0.000000000000  0.006144165134  0.002555859042  0.002969494342  0.007707879107  0.004613464823  0.005798313602  0.002687594278  0.002501513969  0.001277533172  0.005128032519  0.007716730043  0.006413154925  0.002650707042  0.002580112470  0.000000000000  0.000000000000  0.000000000000  0.003839893470  0.001277533172  
piranga_rubra_sdsu2635 0.001275903162  0.005128032519  0.003839893470  0.008998664096  0.007707879107  0.012896293189  0.005495590443  0.011596540746  0.001289060908  0.005128032519  0.005269911956  0.009251739584  0.003839893470  0.002969494342  0.003836119972  0.004613464823  0.007260629432  0.006750857095  0.007551616055  0.005134615226  0.006420302517  0.009017341937  0.007707879107  0.006659750399  0.002580112470  0.000000000000  0.000000000000  0.003839893470  0.000000000000  0.005134615226  
piranga_bidentata_itm141 0.006428557348  0.007726667782  0.001277533172  0.009010247368  0.007717794023  0.012912947082  0.001369806318  0.011611503002  0.006495368134  0.000000000000  0.000000000000  0.006153617528  0.003844814733  0.002969494342  0.009018380895  0.004613464823  0.007260629432  0.004042909000  0.002501513969  0.000000000000  0.006428557348  0.009028973471  0.007717794023  0.003987922198  0.003880781662  0.000000000000  0.000000000000  0.001277533172  0.005134615226  0.000000000000  

