30
piranga_rubra_ku26592 0.000000000000  0.001375901728  0.004141448266  0.002756374326  0.002756374326  0.002756374326  0.001437202727  0.002760178382  0.000000000000  0.002756374326  0.005531154324  0.004625707716  0.001375901728  0.002088573263  0.001375901728  0.000000000000  0.001387354922  0.002756374326  0.000000000000  0.001375901728  0.002756374326  0.001375901728  0.002756374326  0.006517630530  0.004193550824  0.003612781847  0.000000000000  0.002779357258  0.001375901728  0.001375901728  
piranga_flava_ku90809 0.001375901728  0.000000000000  0.002428389318  0.003647926504  0.003644136903  0.002426272660  0.001264548397  0.002429219639  0.001473196560  0.001212420758  0.003647926504  0.004288473412  0.000000000000  0.002088573263  0.000000000000  0.000000000000  0.000000000000  0.002437267294  0.000000000000  0.000000000000  0.002568742653  0.000000000000  0.003647926504  0.005824785246  0.003688290605  0.003612781847  0.000000000000  0.003697382011  0.000000000000  0.000000000000  
piranga_ludoviciana_sdsu2385 0.004141448266  0.002428389318  0.000000000000  0.006097790972  0.006090625829  0.004865580923  0.000000000000  0.004871506657  0.002951634524  0.003647926504  0.003647926504  0.005725607333  0.002428389318  0.002088573263  0.002517017921  0.001634531857  0.002446210423  0.002437267294  0.000000000000  0.002428389318  0.005153463177  0.002428389318  0.006097790972  0.007289880963  0.006165464485  0.003612781847  0.000000000000  0.006180707538  0.002428389318  0.002428389318  
piranga_rubriceps_lsu265 0.002756374326  0.003647926504  0.006097790972  0.000000000000  0.004865580923  0.006090625829  0.003805248586  0.006098054139  0.002951634524  0.004871053324  0.007328160831  0.008614872412  0.003647926504  0.004187697001  0.003781267316  0.003275518507  0.003674737018  0.004888914150  0.001894671991  0.003647926504  0.003859093268  0.003647926504  0.000000000000  0.010235660661  0.007409611199  0.005431020170  0.001621281657  0.007427957780  0.003647926504  0.003647926504  
piranga_leucoptera_lsu7783 0.002756374326  0.003644136903  0.006090625829  0.004865580923  0.000000000000  0.006085888467  0.002530653783  0.006093305188  0.002951634524  0.004865580923  0.007319292913  0.005725607333  0.003644136903  0.002088573263  0.003777195512  0.003271666684  0.003670891490  0.004883401530  0.000000000000  0.003644136903  0.000000000000  0.003644136903  0.004865580923  0.008757931163  0.007400544982  0.003612781847  0.000000000000  0.007418846593  0.003644136903  0.003644136903  
cardinalis_cardinalis_ku25393 0.002756374326  0.002426272660  0.004865580923  0.006090625829  0.006085888467  0.000000000000  0.003801124953  0.000000000000  0.002951634524  0.003644136903  0.006090625829  0.007164530861  0.002426272660  0.002088573263  0.002514743891  0.001633707614  0.002444062575  0.004883401530  0.000000000000  0.002426272660  0.005147337583  0.002426272660  0.006090625829  0.007290082538  0.006158139362  0.005431020170  0.001621281657  0.004931567641  0.002426272660  0.002426272660  
piranga_olivacea_ku2699 0.001437202727  0.001264548397  0.000000000000  0.003805248586  0.002530653783  0.003801124953  0.000000000000  0.003805947271  0.000000000000  0.002532956714  0.002532956714  0.005750300520  0.001264548397  0.002088573263  0.001312687173  0.001642586447  0.001264548397  0.001264548397  0.000000000000  0.001264548397  0.001340849043  0.001264548397  0.003805248586  0.007321906857  0.003805248586  0.003612781847  0.000000000000  0.003859093268  0.001264548397  0.001264548397  
cardinalis_cardinalis_ku21828 0.002760178382  0.002429219639  0.004871506657  0.006098054139  0.006093305188  0.000000000000  0.003805947271  0.000000000000  0.002955997053  0.003648568885  0.006098054139  0.007174811815  0.002429219639  0.002088573263  0.002517909845  0.001633707614  0.002447052955  0.004889370777  0.000000000000  0.002429219639  0.005153969959  0.002429219639  0.006098054139  0.007290082538  0.006165733373  0.005440870136  0.001623914484  0.004931567641  0.002429219639  0.002429219639  
piranga_rubra_ku7046 0.000000000000  0.001473196560  0.002951634524  0.002951634524  0.002951634524  0.002951634524  0.000000000000  0.002955997053  0.000000000000  0.002951634524  0.004435351320  0.003326075899  0.001473196560  0.002088573263  0.001473196560  0.000000000000  0.001486334552  0.001473196560  0.000000000000  0.001473196560  0.002951634524  0.001473196560  0.002951634524  0.003525415084  0.002991367094  0.003612781847  0.000000000000  0.002978004579  0.001473196560  0.001473196560  
piranga_bidentata_hgoslp104 0.002756374326  0.001212420758  0.003647926504  0.004871053324  0.004865580923  0.003644136903  0.002532956714  0.003648568885  0.002951634524  0.000000000000  0.004871053324  0.004288473412  0.001212420758  0.002088573263  0.001256603213  0.000000000000  0.001221305179  0.003661282680  0.000000000000  0.001212420758  0.003859093268  0.001212420758  0.004871053324  0.005824785246  0.004925031655  0.003612781847  0.001621281657  0.004937189706  0.001212420758  0.001212420758  
piranga_ludoviciana_sdsu2648 0.005531154324  0.003647926504  0.003647926504  0.007328160831  0.007319292913  0.006090625829  0.002532956714  0.006098054139  0.004435351320  0.004871053324  0.000000000000  0.008614872412  0.003647926504  0.006297478347  0.003781267316  0.004923011133  0.003674737018  0.003661282680  0.003798022326  0.003647926504  0.006451877498  0.003647926504  0.007328160831  0.010235660661  0.007409611199  0.007257249291  0.003248913678  0.007427957780  0.003647926504  0.003647926504  
piranga_roseogularis_ku2049 0.004625707716  0.004288473412  0.005725607333  0.008614872412  0.005725607333  0.007164530861  0.005750300520  0.007174811815  0.003326075899  0.004288473412  0.008614872412  0.000000000000  0.004288473412  0.004187697001  0.004288473412  0.005323406316  0.004288473412  0.007198688200  0.003792842942  0.004288473412  0.005725607333  0.004288473412  0.008614872412  0.001499015111  0.007167728754  0.007245097900  0.003440510225  0.008689735334  0.004288473412  0.004288473412  
piranga_hepatica_ku4970 0.001375901728  0.000000000000  0.002428389318  0.003647926504  0.003644136903  0.002426272660  0.001264548397  0.002429219639  0.001473196560  0.001212420758  0.003647926504  0.004288473412  0.000000000000  0.002088573263  0.000000000000  0.000000000000  0.000000000000  0.002437267294  0.000000000000  0.000000000000  0.002568742653  0.000000000000  0.003647926504  0.005824785246  0.003688290605  0.003612781847  0.000000000000  0.003697382011  0.000000000000  0.000000000000  
piranga_hepatica_ku9084 0.002088573263  0.002088573263  0.002088573263  0.004187697001  0.002088573263  0.002088573263  0.002088573263  0.002088573263  0.002088573263  0.002088573263  0.006297478347  0.004187697001  0.002088573263  0.000000000000  0.002088573263  0.002612360933  0.002088573263  0.002088573263  0.002284170684  0.002088573263  0.002088573263  0.002088573263  0.004187697001  0.004187697001  0.004187697001  0.006297478347  0.002088573263  0.002088573263  0.002088573263  0.002088573263  
piranga_rubra_sdsu2654 0.001375901728  0.000000000000  0.002517017921  0.003781267316  0.003777195512  0.002514743891  0.001312687173  0.002517909845  0.001473196560  0.001256603213  0.003781267316  0.004288473412  0.000000000000  0.002088573263  0.000000000000  0.000000000000  0.000000000000  0.002526557034  0.000000000000  0.000000000000  0.002568742653  0.000000000000  0.003781267316  0.005858912417  0.003824653733  0.003612781847  0.000000000000  0.003814926483  0.000000000000  0.000000000000  
piranga_flava_lsu15408 0.000000000000  0.000000000000  0.001634531857  0.003275518507  0.003271666684  0.001633707614  0.001642586447  0.001633707614  0.000000000000  0.000000000000  0.004923011133  0.005323406316  0.000000000000  0.002612360933  0.000000000000  0.000000000000  0.000000000000  0.003291691586  0.000000000000  0.000000000000  0.001764303500  0.000000000000  0.003275518507  0.006840884913  0.003275518507  0.004478388725  0.000000000000  0.004963739185  0.000000000000  0.000000000000  
piranga_lutea_lsu5400 0.001387354922  0.000000000000  0.002446210423  0.003674737018  0.003670891490  0.002444062575  0.001264548397  0.002447052955  0.001486334552  0.001221305179  0.003674737018  0.004288473412  0.000000000000  0.002088573263  0.000000000000  0.000000000000  0.000000000000  0.002455219424  0.000000000000  0.000000000000  0.002588691766  0.000000000000  0.003674737018  0.005824785246  0.003688290605  0.003612781847  0.000000000000  0.003724927152  0.000000000000  0.000000000000  
piranga_olivacea_ku4672 0.002756374326  0.002437267294  0.002437267294  0.004888914150  0.004883401530  0.004883401530  0.001264548397  0.004889370777  0.001473196560  0.003661282680  0.003661282680  0.007198688200  0.002437267294  0.002088573263  0.002526557034  0.003291691586  0.002455219424  0.000000000000  0.000000000000  0.002437267294  0.003874043671  0.002437267294  0.004888914150  0.008798700295  0.006188357365  0.003612781847  0.000000000000  0.002470382798  0.002437267294  0.002437267294  
piranga_ludoviciana_sdsu2208 0.000000000000  0.000000000000  0.000000000000  0.001894671991  0.000000000000  0.000000000000  0.000000000000  0.000000000000  0.000000000000  0.000000000000  0.003798022326  0.003792842942  0.000000000000  0.002284170684  0.000000000000  0.000000000000  0.000000000000  0.000000000000  0.000000000000  0.000000000000  0.000000000000  0.000000000000  0.001894671991  0.003792842942  0.003798022326  0.003987322981  0.000000000000  0.001894671991  0.000000000000  0.000000000000  
piranga_bidentata_itm160 0.001375901728  0.000000000000  0.002428389318  0.003647926504  0.003644136903  0.002426272660  0.001264548397  0.002429219639  0.001473196560  0.001212420758  0.003647926504  0.004288473412  0.000000000000  0.002088573263  0.000000000000  0.000000000000  0.000000000000  0.002437267294  0.000000000000  0.000000000000  0.002568742653  0.000000000000  0.003647926504  0.005824785246  0.003688290605  0.003612781847  0.000000000000  0.003697382011  0.000000000000  0.000000000000  
piranga_leucoptera_fmnh481795 0.002756374326  0.002568742653  0.005153463177  0.003859093268  0.000000000000  0.005147337583  0.001340849043  0.005153969959  0.002951634524  0.003859093268  0.006451877498  0.005725607333  0.002568742653  0.002088573263  0.002568742653  0.001764303500  0.002588691766  0.003874043671  0.000000000000  0.002568742653  0.000000000000  0.002568742653  0.003859093268  0.007508837877  0.006527687552  0.003612781847  0.000000000000  0.006502220352  0.002568742653  0.002568742653  
piranga_lutea_ku89864 0.001375901728  0.000000000000  0.002428389318  0.003647926504  0.003644136903  0.002426272660  0.001264548397  0.002429219639  0.001473196560  0.001212420758  0.003647926504  0.004288473412  0.000000000000  0.002088573263  0.000000000000  0.000000000000  0.000000000000  0.002437267294  0.000000000000  0.000000000000  0.002568742653  0.000000000000  0.003647926504  0.005824785246  0.003688290605  0.003612781847  0.000000000000  0.003697382011  0.000000000000  0.000000000000  
piranga_rubriceps_lsu34818 0.002756374326  0.003647926504  0.006097790972  0.000000000000  0.004865580923  0.006090625829  0.003805248586  0.006098054139  0.002951634524  0.004871053324  0.007328160831  0.008614872412  0.003647926504  0.004187697001  0.003781267316  0.003275518507  0.003674737018  0.004888914150  0.001894671991  0.003647926504  0.003859093268  0.003647926504  0.000000000000  0.010235660661  0.007409611199  0.005431020170  0.001621281657  0.007427957780  0.003647926504  0.003647926504  
piranga_roseogularis_ku2141 0.006517630530  0.005824785246  0.007289880963  0.010235660661  0.008757931163  0.007290082538  0.007321906857  0.007290082538  0.003525415084  0.005824785246  0.010235660661  0.001499015111  0.005824785246  0.004187697001  0.005858912417  0.006840884913  0.005824785246  0.008798700295  0.003792842942  0.005824785246  0.007508837877  0.005824785246  0.010235660661  0.000000000000  0.008760160497  0.007311313268  0.003654242747  0.010372164056  0.005824785246  0.005824785246  
piranga_erythrocephala_fmnh343371 0.004193550824  0.003688290605  0.006165464485  0.007409611199  0.007400544982  0.006158139362  0.003805248586  0.006165733373  0.002991367094  0.004925031655  0.007409611199  0.007167728754  0.003688290605  0.004187697001  0.003824653733  0.003275518507  0.003688290605  0.006188357365  0.003798022326  0.003688290605  0.006527687552  0.003688290605  0.007409611199  0.008760160497  0.000000000000  0.001802464696  0.001621281657  0.007511654411  0.003688290605  0.003688290605  
piranga_erythrocephala_fmnh343370 0.003612781847  0.003612781847  0.003612781847  0.005431020170  0.003612781847  0.005431020170  0.003612781847  0.005440870136  0.003612781847  0.003612781847  0.007257249291  0.007245097900  0.003612781847  0.006297478347  0.003612781847  0.004478388725  0.003612781847  0.003612781847  0.003987322981  0.003612781847  0.003612781847  0.003612781847  0.005431020170  0.007311313268  0.001802464696  0.000000000000  0.003625881448  0.005490660808  0.003612781847  0.003612781847  
piranga_ludoviciana_sdsu2650 0.000000000000  0.000000000000  0.000000000000  0.001621281657  0.000000000000  0.001621281657  0.000000000000  0.001623914484  0.000000000000  0.001621281657  0.003248913678  0.003440510225  0.000000000000  0.002088573263  0.000000000000  0.000000000000  0.000000000000  0.000000000000  0.000000000000  0.000000000000  0.000000000000  0.000000000000  0.001621281657  0.003654242747  0.001621281657  0.003625881448  0.000000000000  0.001637207929  0.000000000000  0.000000000000  
piranga_bidentata_tepe59 0.002779357258  0.003697382011  0.006180707538  0.007427957780  0.007418846593  0.004931567641  0.003859093268  0.004931567641  0.002978004579  0.004937189706  0.007427957780  0.008689735334  0.003697382011  0.002088573263  0.003814926483  0.004963739185  0.003724927152  0.002470382798  0.001894671991  0.003697382011  0.006502220352  0.003697382011  0.007427957780  0.010372164056  0.007511654411  0.005490660808  0.001637207929  0.000000000000  0.003697382011  0.003697382011  
piranga_rubra_sdsu2635 0.001375901728  0.000000000000  0.002428389318  0.003647926504  0.003644136903  0.002426272660  0.001264548397  0.002429219639  0.001473196560  0.001212420758  0.003647926504  0.004288473412  0.000000000000  0.002088573263  0.000000000000  0.000000000000  0.000000000000  0.002437267294  0.000000000000  0.000000000000  0.002568742653  0.000000000000  0.003647926504  0.005824785246  0.003688290605  0.003612781847  0.000000000000  0.003697382011  0.000000000000  0.000000000000  
piranga_bidentata_itm141 0.001375901728  0.000000000000  0.002428389318  0.003647926504  0.003644136903  0.002426272660  0.001264548397  0.002429219639  0.001473196560  0.001212420758  0.003647926504  0.004288473412  0.000000000000  0.002088573263  0.000000000000  0.000000000000  0.000000000000  0.002437267294  0.000000000000  0.000000000000  0.002568742653  0.000000000000  0.003647926504  0.005824785246  0.003688290605  0.003612781847  0.000000000000  0.003697382011  0.000000000000  0.000000000000  

