30
cardinalis_cardinalis_ku21828 0.000000000000  0.002002853003  0.019268830397  0.019268830397  0.025475964500  0.024954501280  0.032735072467  0.035887658185  0.025460404574  0.025460404574  0.031224998320  0.031224998320  0.030179134100  0.030179134100  0.023398446380  0.026503212101  0.019781152230  0.019268830397  0.020810743535  0.022360136646  0.020297751233  0.024960270204  0.020810743535  0.022360136646  0.020297751233  0.020297751233  0.020297751233  0.020297751233  0.021846203017  0.019268830397  
cardinalis_cardinalis_ku25393 0.002002853003  0.000000000000  0.017215509550  0.017215509550  0.023403727529  0.022883972932  0.030644000683  0.033786831768  0.023389220125  0.023389220125  0.029134831860  0.029134831860  0.028092086783  0.028092086783  0.021332673856  0.024428611181  0.017726495967  0.017215509550  0.018753071230  0.020297751233  0.018241418023  0.022889388578  0.018753071230  0.020297751233  0.018241418023  0.018241418023  0.018241418023  0.018241418023  0.019785162141  0.017215509550  
piranga_roseogularis_ku2141 0.019268830397  0.017215509550  0.000000000000  0.000000000000  0.008054331840  0.007547043579  0.015667745731  0.018742124769  0.008047377815  0.008047377815  0.013654513183  0.013654513183  0.012634562570  0.012634562570  0.006030487228  0.009061841790  0.002505512073  0.002004312571  0.003510035492  0.005020280367  0.003008195803  0.007549923629  0.003510035492  0.005020280367  0.003008195803  0.003008195803  0.003008195803  0.003008195803  0.004517544102  0.002004312571  
piranga_roseogularis_ku2049 0.019268830397  0.017215509550  0.000000000000  0.000000000000  0.008054331840  0.007547043579  0.015667745731  0.018742124769  0.008047377815  0.008047377815  0.013654513183  0.013654513183  0.012634562570  0.012634562570  0.006030487228  0.009061841790  0.002505512073  0.002004312571  0.003510035492  0.005020280367  0.003008195803  0.007549923629  0.003510035492  0.005020280367  0.003008195803  0.003008195803  0.003008195803  0.003008195803  0.004517544102  0.002004312571  
piranga_leucoptera_fmnh481795 0.025475964500  0.023403727529  0.008054331840  0.008054331840  0.000000000000  0.001502424078  0.017718125381  0.020803710644  0.010078523352  0.010078523352  0.018782707655  0.018782707655  0.017755099246  0.017755099246  0.011097432219  0.014150063984  0.007544591782  0.007040308026  0.008556517263  0.010078523352  0.008051584750  0.012629993126  0.008556517263  0.010078523352  0.008051584750  0.008051584750  0.008051584750  0.008051584750  0.009572681256  0.007040308026  
piranga_leucoptera_lsu7783 0.024954501280  0.022883972932  0.007547043579  0.007547043579  0.001502424078  0.000000000000  0.017204682426  0.020287456834  0.009569904767  0.009569904767  0.018265684852  0.018265684852  0.017238917658  0.017238917658  0.010587698763  0.013638162686  0.007038150880  0.006534123978  0.008049266619  0.009569904767  0.007544591782  0.012118578170  0.008049266619  0.009569904767  0.007544591782  0.007544591782  0.007544591782  0.007544591782  0.009064321738  0.006534123978  
piranga_erythrocephala_fmnh343371 0.032735072467  0.030644000683  0.015667745731  0.015667745731  0.017718125381  0.017204682426  0.000000000000  0.003007098448  0.007539451096  0.007539451096  0.026493832249  0.026493832249  0.025456113872  0.025456113872  0.018740493007  0.021825069863  0.015156156917  0.014645935655  0.016177926974  0.017713722386  0.015667042722  0.020284911669  0.016177926974  0.017713722386  0.015667042722  0.015667042722  0.015667042722  0.015667042722  0.017201910258  0.014645935655  
piranga_erythrocephala_fmnh343370 0.035887658185  0.033786831768  0.018742124769  0.018742124769  0.020803710644  0.020287456834  0.003007098448  0.000000000000  0.010576198570  0.010576198570  0.029621235628  0.029621235628  0.028578708285  0.028578708285  0.021828881590  0.024926648065  0.018226824351  0.017714748570  0.019253237118  0.020796490523  0.018740493007  0.023381777786  0.019253237118  0.020796490523  0.018740493007  0.018740493007  0.018740493007  0.018740493007  0.020282810291  0.017714748570  
piranga_rubriceps_lsu265 0.025460404574  0.023389220125  0.008047377815  0.008047377815  0.010078523352  0.009569904767  0.007539451096  0.010576198570  0.000000000000  0.000000000000  0.018765910850  0.018765910850  0.017738823935  0.017738823935  0.011089014258  0.014141466301  0.007539809556  0.007035121774  0.008551255578  0.010071890223  0.008045918703  0.012618883204  0.008551255578  0.010071890223  0.008045918703  0.008045918703  0.008045918703  0.008045918703  0.009565644335  0.007035121774  
piranga_rubriceps_lsu34818 0.025460404574  0.023389220125  0.008047377815  0.008047377815  0.010078523352  0.009569904767  0.007539451096  0.010576198570  0.000000000000  0.000000000000  0.018765910850  0.018765910850  0.017738823935  0.017738823935  0.011089014258  0.014141466301  0.007539809556  0.007035121774  0.008551255578  0.010071890223  0.008045918703  0.012618883204  0.008551255578  0.010071890223  0.008045918703  0.008045918703  0.008045918703  0.008045918703  0.009565644335  0.007035121774  
piranga_flava_lsu15408 0.031224998320  0.029134831860  0.013654513183  0.013654513183  0.018782707655  0.018265684852  0.026493832249  0.029621235628  0.018765910850  0.018765910850  0.000000000000  0.002002853003  0.001000712552  0.001000712552  0.007547043579  0.013635161634  0.012114741667  0.011607724945  0.013133529803  0.013641598735  0.012625856508  0.017238917658  0.013133529803  0.014666568115  0.012625856508  0.012625856508  0.012625856508  0.012625856508  0.014157973144  0.011607724945  
piranga_lutea_ku89864 0.031224998320  0.029134831860  0.013654513183  0.013654513183  0.018782707655  0.018265684852  0.026493832249  0.029621235628  0.018765910850  0.018765910850  0.002002853003  0.000000000000  0.001000712552  0.001000712552  0.007547043579  0.013635161634  0.012114741667  0.011607724945  0.013133529803  0.013641598735  0.012625856508  0.017238917658  0.013133529803  0.014666568115  0.012625856508  0.012625856508  0.012625856508  0.012625856508  0.014157973144  0.011607724945  
piranga_flava_ku90809 0.030179134100  0.028092086783  0.012634562570  0.012634562570  0.017755099246  0.017238917658  0.025456113872  0.028578708285  0.017738823935  0.017738823935  0.001000712552  0.001000712552  0.000000000000  0.000000000000  0.006536414683  0.012616047252  0.011097432219  0.010591070284  0.012114741667  0.012622153078  0.011607724945  0.016213654273  0.012114741667  0.013645469411  0.011607724945  0.011607724945  0.011607724945  0.011607724945  0.013137533655  0.010591070284  
piranga_hepatica_ku9084 0.030179134100  0.028092086783  0.012634562570  0.012634562570  0.017755099246  0.017238917658  0.025456113872  0.028578708285  0.017738823935  0.017738823935  0.001000712552  0.001000712552  0.000000000000  0.000000000000  0.006536414683  0.012616047252  0.011097432219  0.010591070284  0.012114741667  0.012622153078  0.011607724945  0.016213654273  0.012114741667  0.013645469411  0.011607724945  0.011607724945  0.011607724945  0.011607724945  0.013137533655  0.010591070284  
piranga_hepatica_ku4970 0.023398446380  0.021332673856  0.006030487228  0.006030487228  0.011097432219  0.010587698763  0.018740493007  0.021828881590  0.011089014258  0.011089014258  0.007547043579  0.007547043579  0.006536414683  0.006536414683  0.000000000000  0.006024778194  0.004514878902  0.004012262970  0.005522128568  0.006025778293  0.005018868886  0.009572681256  0.005522128568  0.007036422007  0.005018868886  0.005018868886  0.005018868886  0.005018868886  0.006532260840  0.004012262970  
piranga_lutea_lsu5400 0.026503212101  0.024428611181  0.009061841790  0.009061841790  0.014150063984  0.013638162686  0.021825069863  0.024926648065  0.014141466301  0.014141466301  0.013635161634  0.013635161634  0.012616047252  0.012616047252  0.006024778194  0.000000000000  0.007539809556  0.007035121774  0.008551255578  0.009056985704  0.008045918703  0.012618883204  0.008551255578  0.010071890223  0.008045918703  0.008045918703  0.008045918703  0.008045918703  0.009565644335  0.007035121774  
piranga_rubra_sdsu2635 0.019781152230  0.017726495967  0.002505512073  0.002505512073  0.007544591782  0.007038150880  0.015156156917  0.018226824351  0.007539809556  0.007539809556  0.012114741667  0.012114741667  0.011097432219  0.011097432219  0.004514878902  0.007539809556  0.000000000000  0.000500192711  0.002002758744  0.003508534396  0.001501542261  0.006028490234  0.002002758744  0.003508534396  0.001501542261  0.001501542261  0.001501542261  0.001501542261  0.003006425565  0.000500192711  
piranga_rubra_ku7046 0.019268830397  0.017215509550  0.002004312571  0.002004312571  0.007040308026  0.006534123978  0.014645935655  0.017714748570  0.007035121774  0.007035121774  0.011607724945  0.011607724945  0.010591070284  0.010591070284  0.004012262970  0.007035121774  0.000500192711  0.000000000000  0.001501542261  0.003006425565  0.001000712552  0.005525109520  0.001501542261  0.003006425565  0.001000712552  0.001000712552  0.001000712552  0.001000712552  0.002504704676  0.000000000000  
piranga_rubra_sdsu2654 0.020810743535  0.018753071230  0.003510035492  0.003510035492  0.008556517263  0.008049266619  0.016177926974  0.019253237118  0.008551255578  0.008551255578  0.013133529803  0.013133529803  0.012114741667  0.012114741667  0.005522128568  0.008551255578  0.002002758744  0.001501542261  0.000000000000  0.004514185435  0.002504321417  0.007038150880  0.003006177519  0.004514185435  0.002504321417  0.002504321417  0.002504321417  0.002504321417  0.004011434465  0.001501542261  
piranga_bidentata_hgoslp104 0.022360136646  0.020297751233  0.005020280367  0.005020280367  0.010078523352  0.009569904767  0.017713722386  0.020796490523  0.010071890223  0.010071890223  0.013641598735  0.013641598735  0.012622153078  0.012622153078  0.006025778293  0.009056985704  0.003508534396  0.003006425565  0.004514185435  0.000000000000  0.004011434465  0.008556517263  0.004514185435  0.006025778293  0.004011434465  0.004011434465  0.004011434465  0.004011434465  0.005522128568  0.003006425565  
piranga_ludoviciana_sdsu2650 0.020297751233  0.018241418023  0.003008195803  0.003008195803  0.008051584750  0.007544591782  0.015667042722  0.018740493007  0.008045918703  0.008045918703  0.012625856508  0.012625856508  0.011607724945  0.011607724945  0.005018868886  0.008045918703  0.001501542261  0.001000712552  0.002504321417  0.004011434465  0.000000000000  0.004517544102  0.000500192711  0.002504362662  0.000000000000  0.000000000000  0.000000000000  0.000000000000  0.001501771616  0.001000712552  
piranga_ludoviciana_sdsu2648 0.024960270204  0.022889388578  0.007549923629  0.007549923629  0.012629993126  0.012118578170  0.020284911669  0.023381777786  0.012618883204  0.012618883204  0.017238917658  0.017238917658  0.016213654273  0.016213654273  0.009572681256  0.012618883204  0.006028490234  0.005525109520  0.007038150880  0.008556517263  0.004517544102  0.000000000000  0.005020280367  0.007036422007  0.004517544102  0.004517544102  0.004517544102  0.004517544102  0.006030487228  0.005525109520  
piranga_bidentata_tepe59 0.020810743535  0.018753071230  0.003510035492  0.003510035492  0.008556517263  0.008049266619  0.016177926974  0.019253237118  0.008551255578  0.008551255578  0.013133529803  0.013133529803  0.012114741667  0.012114741667  0.005522128568  0.008551255578  0.002002758744  0.001501542261  0.003006177519  0.004514185435  0.000500192711  0.005020280367  0.000000000000  0.003006354679  0.000500192711  0.000500192711  0.000500192711  0.000500192711  0.002002853003  0.001501542261  
piranga_olivacea_ku4672 0.022360136646  0.020297751233  0.005020280367  0.005020280367  0.010078523352  0.009569904767  0.017713722386  0.020796490523  0.010071890223  0.010071890223  0.014666568115  0.014666568115  0.013645469411  0.013645469411  0.007036422007  0.010071890223  0.003508534396  0.003006425565  0.004514185435  0.006025778293  0.002504362662  0.007036422007  0.003006354679  0.000000000000  0.002504362662  0.002504362662  0.002504362662  0.002504362662  0.004011031835  0.003006425565  
piranga_ludoviciana_sdsu2208 0.020297751233  0.018241418023  0.003008195803  0.003008195803  0.008051584750  0.007544591782  0.015667042722  0.018740493007  0.008045918703  0.008045918703  0.012625856508  0.012625856508  0.011607724945  0.011607724945  0.005018868886  0.008045918703  0.001501542261  0.001000712552  0.002504321417  0.004011434465  0.000000000000  0.004517544102  0.000500192711  0.002504362662  0.000000000000  0.000000000000  0.000000000000  0.000000000000  0.001501771616  0.001000712552  
piranga_olivacea_ku2699 0.020297751233  0.018241418023  0.003008195803  0.003008195803  0.008051584750  0.007544591782  0.015667042722  0.018740493007  0.008045918703  0.008045918703  0.012625856508  0.012625856508  0.011607724945  0.011607724945  0.005018868886  0.008045918703  0.001501542261  0.001000712552  0.002504321417  0.004011434465  0.000000000000  0.004517544102  0.000500192711  0.002504362662  0.000000000000  0.000000000000  0.000000000000  0.000000000000  0.001501771616  0.001000712552  
piranga_bidentata_itm160 0.020297751233  0.018241418023  0.003008195803  0.003008195803  0.008051584750  0.007544591782  0.015667042722  0.018740493007  0.008045918703  0.008045918703  0.012625856508  0.012625856508  0.011607724945  0.011607724945  0.005018868886  0.008045918703  0.001501542261  0.001000712552  0.002504321417  0.004011434465  0.000000000000  0.004517544102  0.000500192711  0.002504362662  0.000000000000  0.000000000000  0.000000000000  0.000000000000  0.001501771616  0.001000712552  
piranga_bidentata_itm141 0.020297751233  0.018241418023  0.003008195803  0.003008195803  0.008051584750  0.007544591782  0.015667042722  0.018740493007  0.008045918703  0.008045918703  0.012625856508  0.012625856508  0.011607724945  0.011607724945  0.005018868886  0.008045918703  0.001501542261  0.001000712552  0.002504321417  0.004011434465  0.000000000000  0.004517544102  0.000500192711  0.002504362662  0.000000000000  0.000000000000  0.000000000000  0.000000000000  0.001501771616  0.001000712552  
piranga_ludoviciana_sdsu2385 0.021846203017  0.019785162141  0.004517544102  0.004517544102  0.009572681256  0.009064321738  0.017201910258  0.020282810291  0.009565644335  0.009565644335  0.014157973144  0.014157973144  0.013137533655  0.013137533655  0.006532260840  0.009565644335  0.003006425565  0.002504704676  0.004011434465  0.005522128568  0.001501771616  0.006030487228  0.002002853003  0.004011031835  0.001501771616  0.001501771616  0.001501771616  0.001501771616  0.000000000000  0.002504704676  
piranga_rubra_ku26592 0.019268830397  0.017215509550  0.002004312571  0.002004312571  0.007040308026  0.006534123978  0.014645935655  0.017714748570  0.007035121774  0.007035121774  0.011607724945  0.011607724945  0.010591070284  0.010591070284  0.004012262970  0.007035121774  0.000500192711  0.000000000000  0.001501542261  0.003006425565  0.001000712552  0.005525109520  0.001501542261  0.003006425565  0.001000712552  0.001000712552  0.001000712552  0.001000712552  0.002504704676  0.000000000000  

