30
cardinalis_cardinalis_ku21828 0.000000000000  0.007040599416  0.021839563512  0.021839563512  0.025983944938  0.026500750662  0.034890461492  0.039103137970  0.026530594667  0.026530594667  0.031726872876  0.031726872876  0.030674381584  0.030674381584  0.022357677234  0.024951562048  0.021843587753  0.020295332764  0.021329904057  0.022872173207  0.021322032292  0.025467548972  0.021839563512  0.023391140482  0.021322032292  0.021322032292  0.021322032292  0.021322032292  0.023387076380  0.020295332764  
cardinalis_cardinalis_ku25393 0.007040599416  0.000000000000  0.014648003312  0.014648003312  0.018745220941  0.019257706320  0.027545616524  0.031714454703  0.019274508395  0.019274508395  0.024421895063  0.024421895063  0.023383465505  0.023383465505  0.015159300375  0.017721461856  0.014649480443  0.013119079528  0.014140060756  0.015669521247  0.014137273533  0.018747822509  0.014648003312  0.016181649533  0.014137273533  0.014137273533  0.014137273533  0.014137273533  0.016180143757  0.013119079528  
piranga_roseogularis_ku2141 0.021839563512  0.014648003312  0.000000000000  0.000000000000  0.011087474221  0.011594779432  0.019791280632  0.023915526555  0.011608483260  0.011608483260  0.016702465139  0.016702465139  0.015675791116  0.015675791116  0.007539977065  0.009058440424  0.007035282577  0.005521365332  0.006530980592  0.009058440424  0.006529339354  0.011089471924  0.007034380854  0.008551473718  0.006529339354  0.006529339354  0.006529339354  0.006529339354  0.008550546252  0.005521365332  
piranga_roseogularis_ku2049 0.021839563512  0.014648003312  0.000000000000  0.000000000000  0.011087474221  0.011594779432  0.019791280632  0.023915526555  0.011608483260  0.011608483260  0.016702465139  0.016702465139  0.015675791116  0.015675791116  0.007539977065  0.009058440424  0.007035282577  0.005521365332  0.006530980592  0.009058440424  0.006529339354  0.011089471924  0.007034380854  0.008551473718  0.006529339354  0.006529339354  0.006529339354  0.006529339354  0.008550546252  0.005521365332  
piranga_leucoptera_fmnh481795 0.025983944938  0.018745220941  0.011087474221  0.011087474221  0.000000000000  0.002504336575  0.016710103760  0.020816625440  0.008562663513  0.008562663513  0.020816625440  0.020816625440  0.019782590138  0.019782590138  0.011596640518  0.014147566922  0.011089471924  0.009565966080  0.010582699180  0.013124752487  0.010578870492  0.015169099582  0.011087474221  0.012614196245  0.010578870492  0.010578870492  0.010578870492  0.010578870492  0.012612167989  0.009565966080  
piranga_leucoptera_lsu7783 0.026500750662  0.019257706320  0.011594779432  0.011594779432  0.002504336575  0.000000000000  0.017220568549  0.021329904057  0.009067725830  0.009067725830  0.021329904057  0.021329904057  0.020295332764  0.020295332764  0.012104205644  0.014656575779  0.011596640518  0.010072220625  0.011089471924  0.013633236926  0.011085916362  0.015678770772  0.011594779432  0.013122419347  0.011085916362  0.011085916362  0.011085916362  0.011085916362  0.013120528238  0.010072220625  
piranga_erythrocephala_fmnh343371 0.034890461492  0.027545616524  0.019791280632  0.019791280632  0.016710103760  0.017220568549  0.000000000000  0.004011068092  0.008045064731  0.008045064731  0.029656916951  0.029656916951  0.028605995136  0.028605995136  0.020308633663  0.022897698265  0.019796298007  0.018251310141  0.019284364907  0.021858364746  0.019274508395  0.023411921688  0.019791280632  0.021339576651  0.019274508395  0.019274508395  0.019274508395  0.019274508395  0.021334515435  0.018251310141  
piranga_erythrocephala_fmnh343370 0.039103137970  0.031714454703  0.023915526555  0.023915526555  0.020816625440  0.021329904057  0.004011068092  0.000000000000  0.012101198851  0.012101198851  0.033839102359  0.033839102359  0.032781776108  0.032781776108  0.024435983453  0.027040386574  0.023920812476  0.022366805764  0.023406048409  0.025994789501  0.023395657436  0.027557467110  0.023915526555  0.025472880243  0.023395657436  0.023395657436  0.023395657436  0.023395657436  0.025467548972  0.022366805764  
piranga_rubriceps_lsu265 0.026530594667  0.019274508395  0.011608483260  0.011608483260  0.008562663513  0.009067725830  0.008045064731  0.012101198851  0.000000000000  0.000000000000  0.021357455655  0.021357455655  0.020319743253  0.020319743253  0.012119432594  0.014677259091  0.011612541734  0.010085757376  0.011106045338  0.013650847066  0.011098100438  0.015700325270  0.011608483260  0.013138498022  0.011098100438  0.011098100438  0.011098100438  0.011098100438  0.013134400419  0.010085757376  
piranga_rubriceps_lsu34818 0.026530594667  0.019274508395  0.011608483260  0.011608483260  0.008562663513  0.009067725830  0.008045064731  0.012101198851  0.000000000000  0.000000000000  0.021357455655  0.021357455655  0.020319743253  0.020319743253  0.012119432594  0.014677259091  0.011612541734  0.010085757376  0.011106045338  0.013650847066  0.011098100438  0.015700325270  0.011608483260  0.013138498022  0.011098100438  0.011098100438  0.011098100438  0.011098100438  0.013134400419  0.010085757376  
piranga_flava_lsu15408 0.031726872876  0.024421895063  0.016702465139  0.016702465139  0.020816625440  0.021329904057  0.029656916951  0.033839102359  0.021357455655  0.021357455655  0.000000000000  0.002004357378  0.001001087764  0.001001087764  0.009570338516  0.013138498022  0.013130743387  0.011601682937  0.012622927338  0.015172659049  0.012616665799  0.017224920339  0.013127527289  0.014659827640  0.012616665799  0.012616665799  0.012616665799  0.012616665799  0.014656575779  0.011601682937  
piranga_lutea_ku89864 0.031726872876  0.024421895063  0.016702465139  0.016702465139  0.020816625440  0.021329904057  0.029656916951  0.033839102359  0.021357455655  0.021357455655  0.002004357378  0.000000000000  0.001001087764  0.001001087764  0.009570338516  0.013138498022  0.013130743387  0.011601682937  0.012622927338  0.015172659049  0.012616665799  0.017224920339  0.013127527289  0.014659827640  0.012616665799  0.012616665799  0.012616665799  0.012616665799  0.014656575779  0.011601682937  
piranga_flava_ku90809 0.030674381584  0.023383465505  0.015675791116  0.015675791116  0.019782590138  0.020295332764  0.028605995136  0.032781776108  0.020319743253  0.020319743253  0.001001087764  0.001001087764  0.000000000000  0.000000000000  0.008554640232  0.012115507522  0.012108976177  0.010582699180  0.011601682937  0.014147566922  0.011596640518  0.016195862295  0.012106370627  0.013635875626  0.011596640518  0.011596640518  0.011596640518  0.011596640518  0.013633236926  0.010582699180  
piranga_hepatica_ku9084 0.030674381584  0.023383465505  0.015675791116  0.015675791116  0.019782590138  0.020295332764  0.028605995136  0.032781776108  0.020319743253  0.020319743253  0.001001087764  0.001001087764  0.000000000000  0.000000000000  0.008554640232  0.012115507522  0.012108976177  0.010582699180  0.011601682937  0.014147566922  0.011596640518  0.016195862295  0.012106370627  0.013635875626  0.011596640518  0.011596640518  0.011596640518  0.011596640518  0.013633236926  0.010582699180  
piranga_hepatica_ku4970 0.022357677234  0.015159300375  0.007539977065  0.007539977065  0.011596640518  0.012104205644  0.020308633663  0.024435983453  0.012119432594  0.012119432594  0.009570338516  0.009570338516  0.008554640232  0.008554640232  0.000000000000  0.003511525210  0.003509121400  0.002002865983  0.003007145230  0.005522241516  0.003006195705  0.007542815073  0.003508566734  0.005017965626  0.003006195705  0.003006195705  0.003006195705  0.003006195705  0.005017386872  0.002002865983  
piranga_lutea_lsu5400 0.024951562048  0.017721461856  0.009058440424  0.009058440424  0.014147566922  0.014656575779  0.022897698265  0.027040386574  0.014677259091  0.014677259091  0.013138498022  0.013138498022  0.012115507522  0.012115507522  0.003511525210  0.000000000000  0.006028678790  0.004516104239  0.005525294729  0.008049567574  0.005522241516  0.009062209234  0.006027070435  0.007542815073  0.005522241516  0.005522241516  0.005522241516  0.005522241516  0.007541178131  0.004516104239  
piranga_rubra_sdsu2635 0.021843587753  0.014649480443  0.007035282577  0.007035282577  0.011089471924  0.011596640518  0.019796298007  0.023920812476  0.011612541734  0.011612541734  0.013130743387  0.013130743387  0.012108976177  0.012108976177  0.003509121400  0.006028678790  0.000000000000  0.001501783267  0.002505557444  0.005018977763  0.002504336575  0.007038392220  0.003006454836  0.004514956560  0.002504336575  0.002504336575  0.002504336575  0.002504336575  0.004514241553  0.001501783267  
piranga_rubra_ku7046 0.020295332764  0.013119079528  0.005521365332  0.005521365332  0.009565966080  0.010072220625  0.018251310141  0.022366805764  0.010085757376  0.010085757376  0.011601682937  0.011601682937  0.010582699180  0.010582699180  0.002002865983  0.004516104239  0.001501783267  0.000000000000  0.001001087764  0.003509121400  0.001000772976  0.005523551436  0.001501546795  0.003006454836  0.001000772976  0.001000772976  0.001000772976  0.001000772976  0.003006195705  0.000000000000  
piranga_rubra_sdsu2654 0.021329904057  0.014140060756  0.006530980592  0.006530980592  0.010582699180  0.011089471924  0.019284364907  0.023406048409  0.011106045338  0.011106045338  0.012622927338  0.012622927338  0.011601682937  0.011601682937  0.003007145230  0.005525294729  0.002505557444  0.001001087764  0.000000000000  0.004516104239  0.002002865983  0.006534361044  0.002504731731  0.004012337467  0.002002865983  0.002002865983  0.002002865983  0.002002865983  0.004011486619  0.001001087764  
piranga_bidentata_hgoslp104 0.022872173207  0.015669521247  0.009058440424  0.009058440424  0.013124752487  0.013633236926  0.021858364746  0.025994789501  0.013650847066  0.013650847066  0.015172659049  0.015172659049  0.014147566922  0.014147566922  0.005522241516  0.008049567574  0.005018977763  0.003509121400  0.004516104239  0.000000000000  0.004514241553  0.009062209234  0.005017965626  0.006530980592  0.004514241553  0.004514241553  0.004514241553  0.004514241553  0.006529942389  0.003509121400  
piranga_ludoviciana_sdsu2650 0.021322032292  0.014137273533  0.006529339354  0.006529339354  0.010578870492  0.011085916362  0.019274508395  0.023395657436  0.011098100438  0.011098100438  0.012616665799  0.012616665799  0.011596640518  0.011596640518  0.003006195705  0.005522241516  0.002504336575  0.001000772976  0.002002865983  0.004514241553  0.000000000000  0.004517684230  0.000500271744  0.002003396755  0.000000000000  0.000000000000  0.000000000000  0.000000000000  0.002002865983  0.001000772976  
piranga_ludoviciana_sdsu2648 0.025467548972  0.018747822509  0.011089471924  0.011089471924  0.015169099582  0.015678770772  0.023411921688  0.027557467110  0.015700325270  0.015700325270  0.017224920339  0.017224920339  0.016195862295  0.016195862295  0.007542815073  0.009062209234  0.007038392220  0.005523551436  0.006534361044  0.009062209234  0.004517684230  0.000000000000  0.005022300746  0.006536702572  0.004517684230  0.004517684230  0.004517684230  0.004517684230  0.006534361044  0.005523551436  
piranga_bidentata_tepe59 0.021839563512  0.014648003312  0.007034380854  0.007034380854  0.011087474221  0.011594779432  0.019791280632  0.023915526555  0.011608483260  0.011608483260  0.013127527289  0.013127527289  0.012106370627  0.012106370627  0.003508566734  0.006027070435  0.003006454836  0.001501546795  0.002504731731  0.005017965626  0.000500271744  0.005022300746  0.000000000000  0.002505557444  0.000500271744  0.000500271744  0.000500271744  0.000500271744  0.002504731731  0.001501546795  
piranga_olivacea_ku4672 0.023391140482  0.016181649533  0.008551473718  0.008551473718  0.012614196245  0.013122419347  0.021339576651  0.025472880243  0.013138498022  0.013138498022  0.014659827640  0.014659827640  0.013635875626  0.013635875626  0.005017965626  0.007542815073  0.004514956560  0.003006454836  0.004012337467  0.006530980592  0.002003396755  0.006536702572  0.002505557444  0.000000000000  0.002003396755  0.002003396755  0.002003396755  0.002003396755  0.004012337467  0.003006454836  
piranga_ludoviciana_sdsu2208 0.021322032292  0.014137273533  0.006529339354  0.006529339354  0.010578870492  0.011085916362  0.019274508395  0.023395657436  0.011098100438  0.011098100438  0.012616665799  0.012616665799  0.011596640518  0.011596640518  0.003006195705  0.005522241516  0.002504336575  0.001000772976  0.002002865983  0.004514241553  0.000000000000  0.004517684230  0.000500271744  0.002003396755  0.000000000000  0.000000000000  0.000000000000  0.000000000000  0.002002865983  0.001000772976  
piranga_olivacea_ku2699 0.021322032292  0.014137273533  0.006529339354  0.006529339354  0.010578870492  0.011085916362  0.019274508395  0.023395657436  0.011098100438  0.011098100438  0.012616665799  0.012616665799  0.011596640518  0.011596640518  0.003006195705  0.005522241516  0.002504336575  0.001000772976  0.002002865983  0.004514241553  0.000000000000  0.004517684230  0.000500271744  0.002003396755  0.000000000000  0.000000000000  0.000000000000  0.000000000000  0.002002865983  0.001000772976  
piranga_bidentata_itm160 0.021322032292  0.014137273533  0.006529339354  0.006529339354  0.010578870492  0.011085916362  0.019274508395  0.023395657436  0.011098100438  0.011098100438  0.012616665799  0.012616665799  0.011596640518  0.011596640518  0.003006195705  0.005522241516  0.002504336575  0.001000772976  0.002002865983  0.004514241553  0.000000000000  0.004517684230  0.000500271744  0.002003396755  0.000000000000  0.000000000000  0.000000000000  0.000000000000  0.002002865983  0.001000772976  
piranga_bidentata_itm141 0.021322032292  0.014137273533  0.006529339354  0.006529339354  0.010578870492  0.011085916362  0.019274508395  0.023395657436  0.011098100438  0.011098100438  0.012616665799  0.012616665799  0.011596640518  0.011596640518  0.003006195705  0.005522241516  0.002504336575  0.001000772976  0.002002865983  0.004514241553  0.000000000000  0.004517684230  0.000500271744  0.002003396755  0.000000000000  0.000000000000  0.000000000000  0.000000000000  0.002002865983  0.001000772976  
piranga_ludoviciana_sdsu2385 0.023387076380  0.016180143757  0.008550546252  0.008550546252  0.012612167989  0.013120528238  0.021334515435  0.025467548972  0.013134400419  0.013134400419  0.014656575779  0.014656575779  0.013633236926  0.013633236926  0.005017386872  0.007541178131  0.004514241553  0.003006195705  0.004011486619  0.006529942389  0.002002865983  0.006534361044  0.002504731731  0.004012337467  0.002002865983  0.002002865983  0.002002865983  0.002002865983  0.000000000000  0.003006195705  
piranga_rubra_ku26592 0.020295332764  0.013119079528  0.005521365332  0.005521365332  0.009565966080  0.010072220625  0.018251310141  0.022366805764  0.010085757376  0.010085757376  0.011601682937  0.011601682937  0.010582699180  0.010582699180  0.002002865983  0.004516104239  0.001501783267  0.000000000000  0.001001087764  0.003509121400  0.001000772976  0.005523551436  0.001501546795  0.003006454836  0.001000772976  0.001000772976  0.001000772976  0.001000772976  0.003006195705  0.000000000000  

