30
cardinalis_cardinalis_ku21828 0.000000000000  0.001501744684  0.014668332398  0.014668332398  0.011092260827  0.011596992205  0.013633721690  0.013128011612  0.012617103191  0.012617103191  0.012106763811  0.012106763811  0.012106763811  0.015676430973  0.019258598312  0.014142629844  0.012106763811  0.009568190775  0.009568190775  0.013122858201  0.013633721690  0.011595112943  0.016706847128  0.014145155390  0.012102836779  0.012612563652  0.015679437578  0.012102836779  0.012102836779  0.013636383962  
cardinalis_cardinalis_ku25393 0.001501744684  0.000000000000  0.016196617847  0.016196617847  0.012614611736  0.013120947474  0.015161647426  0.014654326588  0.014142629844  0.014142629844  0.013631503897  0.013631503897  0.013631503897  0.017208349055  0.020798599091  0.015671758246  0.013631503897  0.011087787112  0.011087787112  0.014649995752  0.015161647426  0.013119481225  0.018239947094  0.015673871072  0.013628403222  0.014138914774  0.017210943578  0.013628403222  0.013628403222  0.015163898251  
piranga_erythrocephala_fmnh343371 0.014668332398  0.016196617847  0.000000000000  0.000000000000  0.011617542717  0.012119926612  0.014159702408  0.013656349714  0.015197941998  0.015197941998  0.014683501403  0.014683501403  0.014683501403  0.018268674670  0.021859767193  0.016725824702  0.014683501403  0.012134432479  0.012134432479  0.015701158333  0.016216131499  0.014164448555  0.019310750658  0.016731684092  0.014672945082  0.015186763292  0.018275029698  0.014672945082  0.014672945082  0.016222123064  
piranga_erythrocephala_fmnh343370 0.014668332398  0.016196617847  0.000000000000  0.000000000000  0.011617542717  0.012119926612  0.014159702408  0.013656349714  0.015197941998  0.015197941998  0.014683501403  0.014683501403  0.014683501403  0.018268674670  0.021859767193  0.016725824702  0.014683501403  0.012134432479  0.012134432479  0.015701158333  0.016216131499  0.014164448555  0.019310750658  0.016731684092  0.014672945082  0.015186763292  0.018275029698  0.014672945082  0.014672945082  0.016222123064  
piranga_leucoptera_fmnh481795 0.011092260827  0.012614611736  0.011617542717  0.011617542717  0.000000000000  0.005523643797  0.009568190775  0.009065009315  0.012636198293  0.012636198293  0.012124321187  0.012124321187  0.012124321187  0.015695923695  0.019275559914  0.014159702408  0.012124321187  0.009584700996  0.009584700996  0.013139066137  0.013139066137  0.011608928304  0.016731684092  0.014164448555  0.012115973228  0.012627234133  0.015701158333  0.012115973228  0.012115973228  0.013656349714  
piranga_leucoptera_lsu7783 0.011596992205  0.013120947474  0.012119926612  0.012119926612  0.005523643797  0.000000000000  0.010072478671  0.009568190775  0.013139066137  0.013139066137  0.012627234133  0.012627234133  0.012627234133  0.016200827650  0.019783641196  0.014664163844  0.012627234133  0.010086119682  0.010086119682  0.013643040472  0.013643040472  0.012112461392  0.017235917791  0.014668332398  0.012620037651  0.013131253563  0.016205483433  0.012620037651  0.012620037651  0.014159702408  
piranga_rubriceps_lsu265 0.013633721690  0.015161647426  0.014159702408  0.014159702408  0.009568190775  0.010072478671  0.000000000000  0.004515011939  0.015181839981  0.015181839981  0.014668332398  0.014668332398  0.014668332398  0.018252293869  0.021844865163  0.016710921801  0.014668332398  0.012119926612  0.012119926612  0.015686789427  0.016200827650  0.014151540662  0.019291136461  0.016715443196  0.014660439782  0.015173327234  0.018257306396  0.014660439782  0.014660439782  0.016205483433  
piranga_rubriceps_lsu34818 0.013128011612  0.014654326588  0.013656349714  0.013656349714  0.009065009315  0.009568190775  0.004515011939  0.000000000000  0.014678001536  0.014678001536  0.014164448555  0.014164448555  0.014164448555  0.017746411458  0.021335792849  0.016205483433  0.014164448555  0.011617542717  0.011617542717  0.015181839981  0.015695923695  0.013647033984  0.018785927332  0.016210584836  0.014155399657  0.014668332398  0.017752005261  0.014155399657  0.014155399657  0.015701158333  
piranga_roseogularis_ku2049 0.012617103191  0.014142629844  0.015197941998  0.015197941998  0.012636198293  0.013139066137  0.015181839981  0.014678001536  0.000000000000  0.000000000000  0.006531094121  0.006531094121  0.006531094121  0.010072478671  0.013628403222  0.008551653178  0.006531094121  0.003006477723  0.003006477723  0.006529434714  0.007034496628  0.005017294274  0.010074326713  0.007540115867  0.005520977960  0.006024928899  0.009058649003  0.005520977960  0.005520977960  0.007035408228  
piranga_roseogularis_ku2141 0.012617103191  0.014142629844  0.015197941998  0.015197941998  0.012636198293  0.013139066137  0.015181839981  0.014678001536  0.000000000000  0.000000000000  0.006531094121  0.006531094121  0.006531094121  0.010072478671  0.013628403222  0.008551653178  0.006531094121  0.003006477723  0.003006477723  0.006529434714  0.007034496628  0.005017294274  0.010074326713  0.007540115867  0.005520977960  0.006024928899  0.009058649003  0.005520977960  0.005520977960  0.007035408228  
piranga_ludoviciana_sdsu2650 0.012106763811  0.013631503897  0.014683501403  0.014683501403  0.012124321187  0.012627234133  0.014668332398  0.014164448555  0.006531094121  0.006531094121  0.000000000000  0.000000000000  0.000000000000  0.003508595479  0.007033987527  0.002002773507  0.000000000000  0.003509155524  0.003509155524  0.007034496628  0.007540115867  0.005520990070  0.010583011093  0.008046293664  0.006024928899  0.006529434714  0.009566206433  0.006024928899  0.006024928899  0.007541328623  
piranga_ludoviciana_sdsu2648 0.012106763811  0.013631503897  0.014683501403  0.014683501403  0.012124321187  0.012627234133  0.014668332398  0.014164448555  0.006531094121  0.006531094121  0.000000000000  0.000000000000  0.000000000000  0.003508595479  0.007033987527  0.002002773507  0.000000000000  0.003509155524  0.003509155524  0.007034496628  0.007540115867  0.005520990070  0.010583011093  0.008046293664  0.006024928899  0.006529434714  0.009566206433  0.006024928899  0.006024928899  0.007541328623  
piranga_bidentata_tepe59 0.012106763811  0.013631503897  0.014683501403  0.014683501403  0.012124321187  0.012627234133  0.014668332398  0.014164448555  0.006531094121  0.006531094121  0.000000000000  0.000000000000  0.000000000000  0.003508595479  0.007033987527  0.002002773507  0.000000000000  0.003509155524  0.003509155524  0.007034496628  0.007540115867  0.005520990070  0.010583011093  0.008046293664  0.006024928899  0.006529434714  0.009566206433  0.006024928899  0.006024928899  0.007541328623  
piranga_ludoviciana_sdsu2385 0.015676430973  0.017208349055  0.018268674670  0.018268674670  0.015695923695  0.016200827650  0.018252293869  0.017746411458  0.010072478671  0.010072478671  0.003508595479  0.003508595479  0.003508595479  0.000000000000  0.003508777659  0.003508469402  0.003508595479  0.007035408228  0.007035408228  0.010577877488  0.011086212927  0.009056606772  0.014145155390  0.011595112943  0.009562895345  0.010070105377  0.013122858201  0.009562895345  0.009562895345  0.011087787112  
piranga_ludoviciana_sdsu2208 0.019258598312  0.020798599091  0.021859767193  0.021859767193  0.019275559914  0.019783641196  0.021844865163  0.021335792849  0.013628403222  0.013628403222  0.007033987527  0.007033987527  0.007033987527  0.003508777659  0.000000000000  0.007034390763  0.007033987527  0.010577049611  0.010577049611  0.014136983549  0.014647450240  0.012608812434  0.017719794541  0.015158486255  0.013117753078  0.013627084916  0.016693187438  0.013117753078  0.013117753078  0.014648499643  
piranga_bidentata_hgoslp104 0.014142629844  0.015671758246  0.016725824702  0.016725824702  0.014159702408  0.014664163844  0.016710921801  0.016205483433  0.008551653178  0.008551653178  0.002002773507  0.002002773507  0.002002773507  0.003508469402  0.007034390763  0.000000000000  0.002002773507  0.005521438655  0.005521438655  0.009056606772  0.009563558351  0.007539005531  0.012614611736  0.010071071436  0.008044383174  0.008550215459  0.011595112943  0.008044383174  0.008044383174  0.009564662170  
piranga_lutea_lsu5400 0.012106763811  0.013631503897  0.014683501403  0.014683501403  0.012124321187  0.012627234133  0.014668332398  0.014164448555  0.006531094121  0.006531094121  0.000000000000  0.000000000000  0.000000000000  0.003508595479  0.007033987527  0.002002773507  0.000000000000  0.003509155524  0.003509155524  0.007034496628  0.007540115867  0.005520990070  0.010583011093  0.008046293664  0.006024928899  0.006529434714  0.009566206433  0.006024928899  0.006024928899  0.007541328623  
piranga_bidentata_itm160 0.009568190775  0.011087787112  0.012134432479  0.012134432479  0.009584700996  0.010086119682  0.012119926612  0.011617542717  0.003006477723  0.003006477723  0.003509155524  0.003509155524  0.003509155524  0.007035408228  0.010577049611  0.005521438655  0.003509155524  0.000000000000  0.000000000000  0.003508469402  0.004011103707  0.002003103434  0.007036757375  0.004514289991  0.002504851892  0.003006385866  0.006025988291  0.002504851892  0.002504851892  0.004011527392  
piranga_bidentata_itm141 0.009568190775  0.011087787112  0.012134432479  0.012134432479  0.009584700996  0.010086119682  0.012119926612  0.011617542717  0.003006477723  0.003006477723  0.003509155524  0.003509155524  0.003509155524  0.007035408228  0.010577049611  0.005521438655  0.003509155524  0.000000000000  0.000000000000  0.003508469402  0.004011103707  0.002003103434  0.007036757375  0.004514289991  0.002504851892  0.003006385866  0.006025988291  0.002504851892  0.002504851892  0.004011527392  
piranga_olivacea_ku2699 0.013122858201  0.014649995752  0.015701158333  0.015701158333  0.013139066137  0.013643040472  0.015686789427  0.015181839981  0.006529434714  0.006529434714  0.007034496628  0.007034496628  0.007034496628  0.010577877488  0.014136983549  0.009056606772  0.007034496628  0.003508469402  0.003508469402  0.000000000000  0.003510149178  0.001501790364  0.006536858515  0.004013677367  0.002002876135  0.002504749772  0.005525399628  0.002002876135  0.002002876135  0.003511576080  
piranga_olivacea_ku4672 0.013633721690  0.015161647426  0.016216131499  0.016216131499  0.013139066137  0.013643040472  0.016200827650  0.015695923695  0.007034496628  0.007034496628  0.007540115867  0.007540115867  0.007540115867  0.011086212927  0.014647450240  0.009563558351  0.007540115867  0.004011103707  0.004011103707  0.003510149178  0.000000000000  0.002003410956  0.007043426468  0.004517759501  0.002504749772  0.003007173717  0.006030849979  0.002504749772  0.002504749772  0.004015402937  
piranga_rubra_ku7046 0.011595112943  0.013119481225  0.014164448555  0.014164448555  0.011608928304  0.012112461392  0.014151540662  0.013647033984  0.005017294274  0.005017294274  0.005520990070  0.005520990070  0.005520990070  0.009056606772  0.012608812434  0.007539005531  0.005520990070  0.002003103434  0.002003103434  0.001501790364  0.002003410956  0.000000000000  0.005022396800  0.002505581301  0.000500193632  0.001000718322  0.004013677367  0.000500193632  0.000500193632  0.002004377611  
piranga_rubra_sdsu2635 0.016706847128  0.018239947094  0.019310750658  0.019310750658  0.016731684092  0.017235917791  0.019291136461  0.018785927332  0.010074326713  0.010074326713  0.010583011093  0.010583011093  0.010583011093  0.014145155390  0.017719794541  0.012614611736  0.010583011093  0.007036757375  0.007036757375  0.006536858515  0.007043426468  0.005022396800  0.000000000000  0.002505581301  0.005525399628  0.006030849979  0.009071443269  0.005525399628  0.005525399628  0.007046522186  
piranga_rubra_sdsu2654 0.014145155390  0.015673871072  0.016731684092  0.016731684092  0.014164448555  0.014668332398  0.016715443196  0.016210584836  0.007540115867  0.007540115867  0.008046293664  0.008046293664  0.008046293664  0.011595112943  0.015158486255  0.010071071436  0.008046293664  0.004514289991  0.004514289991  0.004013677367  0.004517759501  0.002505581301  0.002505581301  0.000000000000  0.003007173717  0.003510149178  0.006536858515  0.003007173717  0.003007173717  0.004519784398  
piranga_flava_lsu15408 0.012102836779  0.013628403222  0.014672945082  0.014672945082  0.012115973228  0.012620037651  0.014660439782  0.014155399657  0.005520977960  0.005520977960  0.006024928899  0.006024928899  0.006024928899  0.009562895345  0.013117753078  0.008044383174  0.006024928899  0.002504851892  0.002504851892  0.002002876135  0.002504749772  0.000500193632  0.005525399628  0.003007173717  0.000000000000  0.000500273003  0.003511576080  0.000000000000  0.000000000000  0.002505581301  
piranga_flava_ku90809 0.012612563652  0.014138914774  0.015186763292  0.015186763292  0.012627234133  0.013131253563  0.015173327234  0.014668332398  0.006024928899  0.006024928899  0.006529434714  0.006529434714  0.006529434714  0.010070105377  0.013627084916  0.008550215459  0.006529434714  0.003006385866  0.003006385866  0.002504749772  0.003007173717  0.001000718322  0.006030849979  0.003510149178  0.000500273003  0.000000000000  0.003008302605  0.000500273003  0.000500273003  0.003008302605  
piranga_lutea_ku89864 0.015679437578  0.017210943578  0.018275029698  0.018275029698  0.015701158333  0.016205483433  0.018257306396  0.017752005261  0.009058649003  0.009058649003  0.009566206433  0.009566206433  0.009566206433  0.013122858201  0.016693187438  0.011595112943  0.009566206433  0.006025988291  0.006025988291  0.005525399628  0.006030849979  0.004013677367  0.009071443269  0.006536858515  0.003511576080  0.003008302605  0.000000000000  0.003511576080  0.003511576080  0.006033341792  
piranga_hepatica_ku9084 0.012102836779  0.013628403222  0.014672945082  0.014672945082  0.012115973228  0.012620037651  0.014660439782  0.014155399657  0.005520977960  0.005520977960  0.006024928899  0.006024928899  0.006024928899  0.009562895345  0.013117753078  0.008044383174  0.006024928899  0.002504851892  0.002504851892  0.002002876135  0.002504749772  0.000500193632  0.005525399628  0.003007173717  0.000000000000  0.000500273003  0.003511576080  0.000000000000  0.000000000000  0.002505581301  
piranga_hepatica_ku4970 0.012102836779  0.013628403222  0.014672945082  0.014672945082  0.012115973228  0.012620037651  0.014660439782  0.014155399657  0.005520977960  0.005520977960  0.006024928899  0.006024928899  0.006024928899  0.009562895345  0.013117753078  0.008044383174  0.006024928899  0.002504851892  0.002504851892  0.002002876135  0.002504749772  0.000500193632  0.005525399628  0.003007173717  0.000000000000  0.000500273003  0.003511576080  0.000000000000  0.000000000000  0.002505581301  
piranga_rubra_ku26592 0.013636383962  0.015163898251  0.016222123064  0.016222123064  0.013656349714  0.014159702408  0.016205483433  0.015701158333  0.007035408228  0.007035408228  0.007541328623  0.007541328623  0.007541328623  0.011087787112  0.014648499643  0.009564662170  0.007541328623  0.004011527392  0.004011527392  0.003511576080  0.004015402937  0.002004377611  0.007046522186  0.004519784398  0.002505581301  0.003008302605  0.006033341792  0.002505581301  0.002505581301  0.000000000000  

