30
cardinalis_cardinalis_ku21828 0.000000000000  0.005525680457  0.005525680457  0.011623370052  0.018815757695  0.016740655196  0.009069980997  0.012124869241  0.010601907348  0.011107701333  0.011107701333  0.011107701333  0.013660988033  0.013660988033  0.012636384350  0.011613877191  0.011613877191  0.016219025228  0.013143465748  0.013650930833  0.011613877191  0.014676585408  0.014676585408  0.011613877191  0.014174078761  0.014687696854  0.012636384350  0.016231726197  0.022419238228  0.018269758298  
cardinalis_cardinalis_ku25393 0.005525680457  0.000000000000  0.009066725522  0.015201843398  0.022436839513  0.020347714667  0.012631688857  0.015704349446  0.014174078761  0.014681948733  0.014681948733  0.014681948733  0.017249969781  0.017249969781  0.016219025228  0.015190203201  0.015190203201  0.019821778265  0.016728194348  0.017237749799  0.015190203201  0.018269758298  0.018269758298  0.015190203201  0.017766240746  0.018283045636  0.016219025228  0.019836674942  0.026058647593  0.020844724414  
piranga_roseogularis_ku2049 0.005525680457  0.009066725522  0.000000000000  0.010084028718  0.017249969781  0.015184961077  0.007542542066  0.010586537739  0.009066725522  0.009571985628  0.009571985628  0.009571985628  0.012116385326  0.012116385326  0.011095966720  0.010077627562  0.010077627562  0.014667014637  0.011602509893  0.012109436705  0.010077627562  0.013130897632  0.013130897632  0.010077627562  0.011605915561  0.012116385326  0.010077627562  0.013650930833  0.019808436251  0.015684640927  
piranga_leucoptera_fmnh481795 0.011623370052  0.015201843398  0.010084028718  0.000000000000  0.010091957915  0.009069980997  0.013655767306  0.016734231642  0.015201843398  0.015710241793  0.015710241793  0.015710241793  0.018283045636  0.018283045636  0.017249969781  0.016219025228  0.016219025228  0.020859142659  0.017759670600  0.017237749799  0.016219025228  0.019303902505  0.019303902505  0.016219025228  0.018800385559  0.019318261624  0.017249969781  0.020875117805  0.027107992275  0.022923770137  
piranga_rubriceps_lsu265 0.018815757695  0.022436839513  0.017249969781  0.010091957915  0.000000000000  0.014168594607  0.020866935805  0.023984219623  0.022436839513  0.022949232118  0.022949232118  0.022949232118  0.025554117544  0.025554117544  0.024506971125  0.023462014399  0.023462014399  0.028159545098  0.025020689990  0.024488750605  0.023462014399  0.026583044496  0.026583044496  0.023462014399  0.026078514759  0.026603462851  0.024506971125  0.028181623989  0.034488521498  0.030246583747  
piranga_rubriceps_lsu34818 0.016740655196  0.020347714667  0.015184961077  0.009069980997  0.014168594607  0.000000000000  0.018786562886  0.021890720451  0.020347714667  0.020859142659  0.020859142659  0.020859142659  0.023453254652  0.023453254652  0.022411022506  0.021370959570  0.021370959570  0.026049303045  0.022923770137  0.022395762763  0.021370959570  0.024480228088  0.024480228088  0.021370959570  0.023975187010  0.024497665075  0.022411022506  0.026068384954  0.032351160310  0.028129382510  
piranga_hepatica_ku9084 0.009069980997  0.012631688857  0.007542542066  0.013655767306  0.020866935805  0.018786562886  0.000000000000  0.005022843235  0.004518299859  0.005020882388  0.005020882388  0.005020882388  0.007547125285  0.007547125285  0.006534460283  0.005523843279  0.005523843279  0.010080636948  0.007038311101  0.007542542066  0.005523843279  0.008556233601  0.008556233601  0.005523843279  0.008054228384  0.008561846605  0.006534460283  0.010087802498  0.016213253537  0.012112718916  
piranga_leucoptera_lsu7783 0.012124869241  0.015704349446  0.010586537739  0.016734231642  0.023984219623  0.021890720451  0.005022843235  0.000000000000  0.007549987565  0.008054228384  0.008054228384  0.008054228384  0.010593457993  0.010593457993  0.009575118246  0.008558849493  0.008558849493  0.013138891892  0.010080636948  0.010586537739  0.008558849493  0.011605915561  0.011605915561  0.008558849493  0.011103407130  0.011613877191  0.009575118246  0.013148423589  0.019303902505  0.015180104767  
piranga_roseogularis_ku2141 0.010601907348  0.014174078761  0.009066725522  0.015201843398  0.022436839513  0.020347714667  0.004518299859  0.007549987565  0.000000000000  0.005527896544  0.005527896544  0.005527896544  0.008057348241  0.008057348241  0.007043141491  0.006030988975  0.006030988975  0.010593457993  0.007547125285  0.008051489110  0.006030988975  0.009066725522  0.009066725522  0.006030988975  0.008565224563  0.009073617580  0.007043141491  0.010601907348  0.016734231642  0.012627377080  
piranga_ludoviciana_sdsu2650 0.011107701333  0.014681948733  0.009571985628  0.015710241793  0.022949232118  0.020859142659  0.005020882388  0.008054228384  0.005527896544  0.000000000000  0.000000000000  0.000000000000  0.004518299859  0.004518299859  0.003510738793  0.002505205156  0.002505205156  0.007040536265  0.004012813476  0.004515266009  0.002505205156  0.005523843279  0.005523843279  0.002505205156  0.005022843235  0.005527896544  0.003510738793  0.007046126403  0.013143465748  0.009063851530  
piranga_bidentata_tepe59 0.011107701333  0.014681948733  0.009571985628  0.015710241793  0.022949232118  0.020859142659  0.005020882388  0.008054228384  0.005527896544  0.000000000000  0.000000000000  0.000000000000  0.004518299859  0.004518299859  0.003510738793  0.002505205156  0.002505205156  0.007040536265  0.004012813476  0.004515266009  0.002505205156  0.005523843279  0.005523843279  0.002505205156  0.005022843235  0.005527896544  0.003510738793  0.007046126403  0.013143465748  0.009063851530  
piranga_bidentata_hgoslp104 0.011107701333  0.014681948733  0.009571985628  0.015710241793  0.022949232118  0.020859142659  0.005020882388  0.008054228384  0.005527896544  0.000000000000  0.000000000000  0.000000000000  0.004518299859  0.004518299859  0.003510738793  0.002505205156  0.002505205156  0.007040536265  0.004012813476  0.004515266009  0.002505205156  0.005523843279  0.005523843279  0.002505205156  0.005022843235  0.005527896544  0.003510738793  0.007046126403  0.013143465748  0.009063851530  
piranga_erythrocephala_fmnh343371 0.013660988033  0.017249969781  0.012116385326  0.018283045636  0.025554117544  0.023453254652  0.007547125285  0.010593457993  0.008057348241  0.004518299859  0.004518299859  0.004518299859  0.000000000000  0.000000000000  0.002004012989  0.002004012989  0.002004012989  0.006536808974  0.003510738793  0.004012813476  0.002004012989  0.005020882388  0.005020882388  0.002004012989  0.004520384001  0.005025182360  0.003009041331  0.005530491167  0.011613877191  0.008558849493  
piranga_erythrocephala_fmnh343370 0.013660988033  0.017249969781  0.012116385326  0.018283045636  0.025554117544  0.023453254652  0.007547125285  0.010593457993  0.008057348241  0.004518299859  0.004518299859  0.004518299859  0.000000000000  0.000000000000  0.002004012989  0.002004012989  0.002004012989  0.006536808974  0.003510738793  0.004012813476  0.002004012989  0.005020882388  0.005020882388  0.002004012989  0.004520384001  0.005025182360  0.003009041331  0.005530491167  0.011613877191  0.008558849493  
piranga_rubra_sdsu2654 0.012636384350  0.016219025228  0.011095966720  0.017249969781  0.024506971125  0.022411022506  0.006534460283  0.009575118246  0.007043141491  0.003510738793  0.003510738793  0.003510738793  0.002004012989  0.002004012989  0.000000000000  0.001001001906  0.001001001906  0.005525680457  0.002505205156  0.003006774034  0.001001001906  0.004012813476  0.004012813476  0.001001001906  0.003512314512  0.004016095061  0.002004012989  0.004520384001  0.010593457993  0.007544643327  
piranga_flava_ku90809 0.011613877191  0.015190203201  0.010077627562  0.016219025228  0.023462014399  0.021370959570  0.005523843279  0.008558849493  0.006030988975  0.002505205156  0.002505205156  0.002505205156  0.002004012989  0.002004012989  0.001001001906  0.000000000000  0.000000000000  0.004516593737  0.001501690804  0.002002755908  0.000000000000  0.003006774034  0.003006774034  0.000000000000  0.002506274496  0.003009041331  0.001001001906  0.004520384001  0.010593457993  0.006532491393  
piranga_lutea_lsu5400 0.011613877191  0.015190203201  0.010077627562  0.016219025228  0.023462014399  0.021370959570  0.005523843279  0.008558849493  0.006030988975  0.002505205156  0.002505205156  0.002505205156  0.002004012989  0.002004012989  0.001001001906  0.000000000000  0.000000000000  0.004516593737  0.001501690804  0.002002755908  0.000000000000  0.003006774034  0.003006774034  0.000000000000  0.002506274496  0.003009041331  0.001001001906  0.004520384001  0.010593457993  0.006532491393  
piranga_bidentata_itm160 0.016219025228  0.019821778265  0.014667014637  0.020859142659  0.028159545098  0.026049303045  0.010080636948  0.013138891892  0.010593457993  0.007040536265  0.007040536265  0.007040536265  0.006536808974  0.006536808974  0.005525680457  0.004516593737  0.004516593737  0.000000000000  0.003007719056  0.006532491393  0.004516593737  0.007544643327  0.007544643327  0.004516593737  0.007043141491  0.007549987565  0.005525680457  0.009073617580  0.015190203201  0.011095966720  
piranga_bidentata_itm141 0.013143465748  0.016728194348  0.011602509893  0.017759670600  0.025020689990  0.022923770137  0.007038311101  0.010080636948  0.007547125285  0.004012813476  0.004012813476  0.004012813476  0.003510738793  0.003510738793  0.002505205156  0.001501690804  0.001501690804  0.003007719056  0.000000000000  0.003508720253  0.001501690804  0.004515266009  0.004515266009  0.001501690804  0.004014265387  0.004518299859  0.002505205156  0.006033460818  0.012120435560  0.008049130795  
piranga_hepatica_ku4970 0.013650930833  0.017237749799  0.012109436705  0.017237749799  0.024488750605  0.022395762763  0.007542542066  0.010586537739  0.008051489110  0.004515266009  0.004515266009  0.004515266009  0.004012813476  0.004012813476  0.003006774034  0.002002755908  0.002002755908  0.006532491393  0.003508720253  0.000000000000  0.002002755908  0.005018097023  0.005018097023  0.002002755908  0.004516593737  0.005020882388  0.003006774034  0.006536808974  0.012627377080  0.008553999304  
piranga_lutea_ku89864 0.011613877191  0.015190203201  0.010077627562  0.016219025228  0.023462014399  0.021370959570  0.005523843279  0.008558849493  0.006030988975  0.002505205156  0.002505205156  0.002505205156  0.002004012989  0.002004012989  0.001001001906  0.000000000000  0.000000000000  0.004516593737  0.001501690804  0.002002755908  0.000000000000  0.003006774034  0.003006774034  0.000000000000  0.002506274496  0.003009041331  0.001001001906  0.004520384001  0.010593457993  0.006532491393  
piranga_ludoviciana_sdsu2385 0.014676585408  0.018269758298  0.013130897632  0.019303902505  0.026583044496  0.024480228088  0.008556233601  0.011605915561  0.009066725522  0.005523843279  0.005523843279  0.005523843279  0.005020882388  0.005020882388  0.004012813476  0.003006774034  0.003006774034  0.007544643327  0.004515266009  0.005018097023  0.003006774034  0.000000000000  0.000000000000  0.003006774034  0.005525680457  0.006030988975  0.004012813476  0.007549987565  0.013650930833  0.009569235131  
piranga_ludoviciana_sdsu2648 0.014676585408  0.018269758298  0.013130897632  0.019303902505  0.026583044496  0.024480228088  0.008556233601  0.011605915561  0.009066725522  0.005523843279  0.005523843279  0.005523843279  0.005020882388  0.005020882388  0.004012813476  0.003006774034  0.003006774034  0.007544643327  0.004515266009  0.005018097023  0.003006774034  0.000000000000  0.000000000000  0.003006774034  0.005525680457  0.006030988975  0.004012813476  0.007549987565  0.013650930833  0.009569235131  
piranga_ludoviciana_sdsu2208 0.011613877191  0.015190203201  0.010077627562  0.016219025228  0.023462014399  0.021370959570  0.005523843279  0.008558849493  0.006030988975  0.002505205156  0.002505205156  0.002505205156  0.002004012989  0.002004012989  0.001001001906  0.000000000000  0.000000000000  0.004516593737  0.001501690804  0.002002755908  0.000000000000  0.003006774034  0.003006774034  0.000000000000  0.002506274496  0.003009041331  0.001001001906  0.004520384001  0.010593457993  0.006532491393  
piranga_flava_lsu15408 0.014174078761  0.017766240746  0.011605915561  0.018800385559  0.026078514759  0.023975187010  0.008054228384  0.011103407130  0.008565224563  0.005022843235  0.005022843235  0.005022843235  0.004520384001  0.004520384001  0.003512314512  0.002506274496  0.002506274496  0.007043141491  0.004014265387  0.004516593737  0.002506274496  0.005525680457  0.005525680457  0.002506274496  0.000000000000  0.003512314512  0.001502255797  0.005025182360  0.011103407130  0.007038311101  
piranga_olivacea_ku2699 0.014687696854  0.018283045636  0.012116385326  0.019318261624  0.026603462851  0.024497665075  0.008561846605  0.011613877191  0.009073617580  0.005527896544  0.005527896544  0.005527896544  0.005025182360  0.005025182360  0.004016095061  0.003009041331  0.003009041331  0.007549987565  0.004518299859  0.005020882388  0.003009041331  0.006030988975  0.006030988975  0.003009041331  0.003512314512  0.000000000000  0.002004012989  0.005530491167  0.011613877191  0.007544643327  
piranga_olivacea_ku4672 0.012636384350  0.016219025228  0.010077627562  0.017249969781  0.024506971125  0.022411022506  0.006534460283  0.009575118246  0.007043141491  0.003510738793  0.003510738793  0.003510738793  0.003009041331  0.003009041331  0.002004012989  0.001001001906  0.001001001906  0.005525680457  0.002505205156  0.003006774034  0.001001001906  0.004012813476  0.004012813476  0.001001001906  0.001502255797  0.002004012989  0.000000000000  0.003512314512  0.009575118246  0.005522385385  
piranga_rubra_sdsu2635 0.016231726197  0.019836674942  0.013650930833  0.020875117805  0.028181623989  0.026068384954  0.010087802498  0.013148423589  0.010601907348  0.007046126403  0.007046126403  0.007046126403  0.005530491167  0.005530491167  0.004520384001  0.004520384001  0.004520384001  0.009073617580  0.006033460818  0.006536808974  0.004520384001  0.007549987565  0.007549987565  0.004520384001  0.005025182360  0.005530491167  0.003512314512  0.000000000000  0.006027183165  0.007038311101  
piranga_rubra_ku7046 0.022419238228  0.026058647593  0.019808436251  0.027107992275  0.034488521498  0.032351160310  0.016213253537  0.019303902505  0.016734231642  0.013143465748  0.013143465748  0.013143465748  0.011613877191  0.011613877191  0.010593457993  0.010593457993  0.010593457993  0.015190203201  0.012120435560  0.012627377080  0.010593457993  0.013650930833  0.013650930833  0.010593457993  0.011103407130  0.011613877191  0.009575118246  0.006027183165  0.000000000000  0.013130897632  
piranga_rubra_ku26592 0.018269758298  0.020844724414  0.015684640927  0.022923770137  0.030246583747  0.028129382510  0.012112718916  0.015180104767  0.012627377080  0.009063851530  0.009063851530  0.009063851530  0.008558849493  0.008558849493  0.007544643327  0.006532491393  0.006532491393  0.011095966720  0.008049130795  0.008553999304  0.006532491393  0.009569235131  0.009569235131  0.006532491393  0.007038311101  0.007544643327  0.005522385385  0.007038311101  0.013130897632  0.000000000000  

