30
piranga_rubra_ku26592 0.000000000000  0.006605204102  0.009306093200  0.010841035724  0.013984733967  0.019755048158  0.006433713698  0.015575086643  0.000000000000  0.012526763773  0.009423018291  0.011157902005  0.005589834077  0.006746315823  0.001536339437  0.010851484103  0.006427514016  0.007724965889  0.011692139294  0.010942722875  0.013984733967  0.007778350122  0.010841035724  0.009856459280  0.011314160960  0.010554051970  0.009552879555  0.009364190757  0.000000000000  0.010942722875  
piranga_flava_ku90809 0.006605204102  0.000000000000  0.009954579104  0.009921656147  0.011607255955  0.017621644621  0.006592775423  0.014972728946  0.006605204102  0.013408640099  0.009954579104  0.009564745627  0.003718896867  0.000000000000  0.008271633710  0.004939300894  0.001715566742  0.008261034331  0.011711702284  0.011711702284  0.011595296594  0.000000000000  0.009921656147  0.008639244241  0.010385350063  0.012692161818  0.009552879555  0.010021084904  0.006605204102  0.011711702284  
piranga_ludoviciana_sdsu2385 0.009306093200  0.009954579104  0.000000000000  0.010874720792  0.014028333080  0.019820314469  0.006454477033  0.015623758690  0.009497600367  0.009393512419  0.003126004394  0.009315264725  0.009367623116  0.009035006860  0.010874720792  0.014016607847  0.009691758942  0.004634108682  0.004994991756  0.007815486229  0.014028333080  0.007804963342  0.010874720792  0.009888950253  0.011350855460  0.010598797451  0.000000000000  0.006242927136  0.009306093200  0.007815486229  
piranga_rubriceps_lsu265 0.010841035724  0.009921656147  0.010874720792  0.000000000000  0.009277313931  0.013090720525  0.008054705854  0.010850669860  0.011063795674  0.014116352036  0.011011580807  0.007416702393  0.009341444165  0.009002498544  0.012410163234  0.015550864171  0.009665910469  0.009285533051  0.011692139294  0.012526763773  0.009277313931  0.007778350122  0.000000000000  0.006553891509  0.004820256548  0.006310844987  0.004759102644  0.010942722875  0.010841035724  0.012526763773  
piranga_leucoptera_lsu7783 0.013984733967  0.011607255955  0.014028333080  0.009277313931  0.000000000000  0.018078054377  0.009690461544  0.013994811018  0.014273072675  0.017312327028  0.014205482571  0.011169809364  0.013131557656  0.013552243022  0.015564785817  0.018722977899  0.011307249827  0.012422856324  0.013400979891  0.015711526653  0.012410163234  0.013012614160  0.009277313931  0.011518969935  0.009681507676  0.010565308552  0.004759102644  0.014116352036  0.013984733967  0.015711526653  
cardinalis_cardinalis_ku25393 0.019755048158  0.017621644621  0.019820314469  0.013090720525  0.018078054377  0.000000000000  0.017167818973  0.003244835973  0.020187131429  0.021616525504  0.020085750514  0.016851165227  0.019783256135  0.022829595664  0.021438260732  0.023109372595  0.019741852250  0.018092424666  0.019556674086  0.019919026657  0.016407233607  0.023713655933  0.013090720525  0.016708816390  0.014742540568  0.015017793168  0.009552879555  0.018227852416  0.019755048158  0.019919026657  
piranga_olivacea_ku2699 0.006433713698  0.006592775423  0.006454477033  0.008054705854  0.009690461544  0.017167818973  0.000000000000  0.012963438789  0.006433713698  0.008139990867  0.006454477033  0.007424952980  0.007452621027  0.007166742745  0.008054705854  0.011306359019  0.005028481567  0.004820256548  0.006651984829  0.006500635168  0.009681507676  0.005549961310  0.008054705854  0.005036924306  0.008420986983  0.008425966444  0.004759102644  0.004867178984  0.006433713698  0.006500635168  
cardinalis_cardinalis_ku21828 0.015575086643  0.014972728946  0.015623758690  0.010850669860  0.013994811018  0.003244835973  0.012963438789  0.000000000000  0.015896988056  0.017295810730  0.015821527627  0.013067266041  0.015034330771  0.018197649385  0.017160883245  0.020331655938  0.016220921628  0.014006499593  0.015073040060  0.015697339866  0.013994811018  0.018370144481  0.010850669860  0.013198713777  0.011324651148  0.012709755083  0.009552879555  0.014104478428  0.015575086643  0.015697339866  
piranga_rubra_ku7046 0.000000000000  0.006605204102  0.009497600367  0.011063795674  0.014273072675  0.020187131429  0.006433713698  0.015896988056  0.000000000000  0.012787071437  0.009497600367  0.011157902005  0.005589834077  0.006949481050  0.001567649205  0.011074679602  0.006564647663  0.007883304832  0.011692139294  0.011169725251  0.012665597832  0.008049681023  0.011063795674  0.009888950253  0.011557007238  0.010554051970  0.009552879555  0.009558121512  0.000000000000  0.011169725251  
piranga_bidentata_hgoslp104 0.012526763773  0.013408640099  0.009393512419  0.014116352036  0.017312327028  0.021616525504  0.008139990867  0.017295810730  0.012787071437  0.000000000000  0.006321861726  0.015105009431  0.013265382641  0.013738440224  0.014116352036  0.017295810730  0.013048016457  0.010953368965  0.008340626240  0.004667882651  0.014116352036  0.013219044112  0.014116352036  0.013319337583  0.011436572355  0.010700985117  0.009552879555  0.003106581940  0.012526763773  0.004667882651  
piranga_ludoviciana_sdsu2648 0.009423018291  0.009954579104  0.003126004394  0.011011580807  0.014205482571  0.020085750514  0.006454477033  0.015821527627  0.009497600367  0.006321861726  0.000000000000  0.011199558108  0.009367623116  0.009201277378  0.011011580807  0.014193457754  0.009818641711  0.007846191655  0.008350664783  0.007914456433  0.011011580807  0.007970865982  0.011011580807  0.009888950253  0.011500045026  0.010598797451  0.000000000000  0.006321861726  0.009423018291  0.007914456433  
piranga_roseogularis_ku2049 0.011157902005  0.009564745627  0.009315264725  0.007416702393  0.011169809364  0.016851165227  0.007424952980  0.013067266041  0.011157902005  0.015105009431  0.011199558108  0.000000000000  0.010851841700  0.011968888164  0.011157902005  0.013032531860  0.009280683095  0.005551722318  0.011611374867  0.011283810465  0.009280683095  0.011132194123  0.007416702393  0.001845366751  0.009280683095  0.007132663731  0.009558224708  0.011283810465  0.011157902005  0.011283810465  
piranga_hepatica_ku4970 0.005589834077  0.003718896867  0.009367623116  0.009341444165  0.013131557656  0.019783256135  0.007452621027  0.015034330771  0.005589834077  0.013265382641  0.009367623116  0.010851841700  0.000000000000  0.000000000000  0.007468514979  0.007468514979  0.001919762855  0.009341444165  0.011347836369  0.013265382641  0.013116238297  0.000000000000  0.009341444165  0.009675804384  0.011633890033  0.012692161818  0.009552879555  0.009438356812  0.005589834077  0.011347836369  
piranga_hepatica_ku9084 0.006746315823  0.000000000000  0.009035006860  0.009002498544  0.013552243022  0.022829595664  0.007166742745  0.018197649385  0.006949481050  0.013738440224  0.009201277378  0.011968888164  0.000000000000  0.000000000000  0.006746315823  0.002236513339  0.002236513339  0.004480654262  0.012602430201  0.009117384113  0.011280426295  0.000000000000  0.009002498544  0.011554006533  0.013552243022  0.016793000247  0.009552879555  0.011422031512  0.006746315823  0.011422031512  
piranga_rubra_sdsu2654 0.001536339437  0.008271633710  0.010874720792  0.012410163234  0.015564785817  0.021438260732  0.008054705854  0.017160883245  0.001567649205  0.014116352036  0.011011580807  0.011157902005  0.007468514979  0.006746315823  0.000000000000  0.012422856324  0.008048270718  0.009285533051  0.013386202386  0.012526763773  0.015564785817  0.007778350122  0.012410163234  0.011518969935  0.012952707950  0.012692161818  0.009552879555  0.010942722875  0.001536339437  0.012526763773  
piranga_flava_lsu15408 0.010851484103  0.004939300894  0.014016607847  0.015550864171  0.018722977899  0.023109372595  0.011306359019  0.020331655938  0.011074679602  0.017295810730  0.014193457754  0.013032531860  0.007468514979  0.002236513339  0.012422856324  0.000000000000  0.008041750835  0.012410163234  0.016777195440  0.015697339866  0.018722977899  0.002576493380  0.015550864171  0.014849202230  0.016232477348  0.016998835385  0.009552879555  0.014104478428  0.010851484103  0.015697339866  
piranga_lutea_lsu5400 0.006427514016  0.001715566742  0.009691758942  0.009665910469  0.011307249827  0.019741852250  0.005028481567  0.016220921628  0.006564647663  0.013048016457  0.009818641711  0.009280683095  0.001919762855  0.002236513339  0.008048270718  0.008041750835  0.000000000000  0.008041750835  0.010457757429  0.011398415421  0.012921559823  0.002576493380  0.009665910469  0.009850883222  0.011306359019  0.010554051970  0.009552879555  0.009754787736  0.006427514016  0.011398415421  
piranga_olivacea_ku4672 0.007724965889  0.008261034331  0.004634108682  0.009285533051  0.012422856324  0.018092424666  0.004820256548  0.014006499593  0.007883304832  0.010953368965  0.007846191655  0.005551722318  0.009341444165  0.004480654262  0.009285533051  0.012410163234  0.008041750835  0.000000000000  0.006651984829  0.006227378488  0.012422856324  0.002578001264  0.009285533051  0.008206795713  0.009690461544  0.010565308552  0.004759102644  0.007797247619  0.007724965889  0.009372565128  
piranga_ludoviciana_sdsu2208 0.011692139294  0.011711702284  0.004994991756  0.011692139294  0.013400979891  0.019556674086  0.006651984829  0.015073040060  0.011692139294  0.008340626240  0.008350664783  0.011611374867  0.011347836369  0.012602430201  0.013386202386  0.016777195440  0.010457757429  0.006651984829  0.000000000000  0.006660195015  0.013386202386  0.011823221571  0.011692139294  0.010476017310  0.008722194077  0.008541137069  0.004759102644  0.004985962086  0.011692139294  0.006660195015  
piranga_bidentata_itm160 0.010942722875  0.011711702284  0.007815486229  0.012526763773  0.015711526653  0.019919026657  0.006500635168  0.015697339866  0.011169725251  0.004667882651  0.007914456433  0.011283810465  0.013265382641  0.009117384113  0.012526763773  0.015697339866  0.011398415421  0.006227378488  0.006660195015  0.000000000000  0.012526763773  0.007887042308  0.012526763773  0.011633840517  0.009785288851  0.010700985117  0.004759102644  0.004667882651  0.010942722875  0.006234572325  
piranga_leucoptera_fmnh481795 0.013984733967  0.011595296594  0.014028333080  0.009277313931  0.012410163234  0.016407233607  0.009681507676  0.013994811018  0.012665597832  0.014116352036  0.011011580807  0.009280683095  0.013116238297  0.011280426295  0.015564785817  0.018722977899  0.012921559823  0.012422856324  0.013386202386  0.012526763773  0.000000000000  0.010401039040  0.009277313931  0.008200015665  0.008054705854  0.008425966444  0.004759102644  0.014116352036  0.013984733967  0.015711526653  
piranga_lutea_ku89864 0.007778350122  0.000000000000  0.007804963342  0.007778350122  0.013012614160  0.023713655933  0.005549961310  0.018370144481  0.008049681023  0.013219044112  0.007970865982  0.011132194123  0.000000000000  0.000000000000  0.007778350122  0.002576493380  0.002576493380  0.002578001264  0.011823221571  0.007887042308  0.010401039040  0.000000000000  0.007778350122  0.010686078012  0.013012614160  0.016714677905  0.010907486056  0.010545213904  0.007778350122  0.010545213904  
piranga_rubriceps_lsu34818 0.010841035724  0.009921656147  0.010874720792  0.000000000000  0.009277313931  0.013090720525  0.008054705854  0.010850669860  0.011063795674  0.014116352036  0.011011580807  0.007416702393  0.009341444165  0.009002498544  0.012410163234  0.015550864171  0.009665910469  0.009285533051  0.011692139294  0.012526763773  0.009277313931  0.007778350122  0.000000000000  0.006553891509  0.004820256548  0.006310844987  0.004759102644  0.010942722875  0.010841035724  0.012526763773  
piranga_roseogularis_ku2141 0.009856459280  0.008639244241  0.009888950253  0.006553891509  0.011518969935  0.016708816390  0.005036924306  0.013198713777  0.009888950253  0.013319337583  0.009888950253  0.001845366751  0.009675804384  0.011554006533  0.011518969935  0.014849202230  0.009850883222  0.008206795713  0.010476017310  0.011633840517  0.008200015665  0.010686078012  0.006553891509  0.000000000000  0.008200015665  0.006307811685  0.009558224708  0.009954579104  0.009856459280  0.011633840517  
piranga_erythrocephala_fmnh343371 0.011314160960  0.010385350063  0.011350855460  0.004820256548  0.009681507676  0.014742540568  0.008420986983  0.011324651148  0.011557007238  0.011436572355  0.011500045026  0.009280683095  0.011633890033  0.013552243022  0.012952707950  0.016232477348  0.011306359019  0.009690461544  0.008722194077  0.009785288851  0.008054705854  0.013012614160  0.004820256548  0.008200015665  0.000000000000  0.000000000000  0.004759102644  0.008139990867  0.011314160960  0.009785288851  
piranga_erythrocephala_fmnh343370 0.010554051970  0.012692161818  0.010598797451  0.006310844987  0.010565308552  0.015017793168  0.008425966444  0.012709755083  0.010554051970  0.010700985117  0.010598797451  0.007132663731  0.012692161818  0.016793000247  0.012692161818  0.016998835385  0.010554051970  0.010565308552  0.008541137069  0.010700985117  0.008425966444  0.016714677905  0.006310844987  0.006307811685  0.000000000000  0.000000000000  0.004759102644  0.006391517728  0.010554051970  0.008541137069  
piranga_ludoviciana_sdsu2650 0.009552879555  0.009552879555  0.000000000000  0.004759102644  0.004759102644  0.009552879555  0.004759102644  0.009552879555  0.009552879555  0.009552879555  0.000000000000  0.009558224708  0.009552879555  0.009552879555  0.009552879555  0.009552879555  0.009552879555  0.004759102644  0.004759102644  0.004759102644  0.004759102644  0.010907486056  0.004759102644  0.009558224708  0.004759102644  0.004759102644  0.000000000000  0.004759102644  0.009552879555  0.004759102644  
piranga_bidentata_tepe59 0.009364190757  0.010021084904  0.006242927136  0.010942722875  0.014116352036  0.018227852416  0.004867178984  0.014104478428  0.009558121512  0.003106581940  0.006321861726  0.011283810465  0.009438356812  0.011422031512  0.010942722875  0.014104478428  0.009754787736  0.007797247619  0.004985962086  0.004667882651  0.014116352036  0.010545213904  0.010942722875  0.009954579104  0.008139990867  0.006391517728  0.004759102644  0.000000000000  0.009364190757  0.001550633245  
piranga_rubra_sdsu2635 0.000000000000  0.006605204102  0.009306093200  0.010841035724  0.013984733967  0.019755048158  0.006433713698  0.015575086643  0.000000000000  0.012526763773  0.009423018291  0.011157902005  0.005589834077  0.006746315823  0.001536339437  0.010851484103  0.006427514016  0.007724965889  0.011692139294  0.010942722875  0.013984733967  0.007778350122  0.010841035724  0.009856459280  0.011314160960  0.010554051970  0.009552879555  0.009364190757  0.000000000000  0.010942722875  
piranga_bidentata_itm141 0.010942722875  0.011711702284  0.007815486229  0.012526763773  0.015711526653  0.019919026657  0.006500635168  0.015697339866  0.011169725251  0.004667882651  0.007914456433  0.011283810465  0.011347836369  0.011422031512  0.012526763773  0.015697339866  0.011398415421  0.009372565128  0.006660195015  0.006234572325  0.015711526653  0.010545213904  0.012526763773  0.011633840517  0.009785288851  0.008541137069  0.004759102644  0.001550633245  0.010942722875  0.000000000000  

