30
cardinalis_cardinalis_ku21828 0.000000000000  0.000000000000  0.011110890156  0.011110890156  0.010094426489  0.008570341638  0.009584498800  0.008570341638  0.016744133110  0.016744133110  0.013159613077  0.017802936850  0.017802936850  0.018831855567  0.018321772136  0.018841194331  0.018841194331  0.018841194331  0.022470984229  0.018841194331  0.018841194331  0.013667027222  0.013667027222  0.016221566062  0.012134109008  0.015733438372  0.014702176356  0.014187412591  0.015210384998  0.014187412591  
cardinalis_cardinalis_ku25393 0.000000000000  0.000000000000  0.011110890156  0.011110890156  0.010094426489  0.008570341638  0.009584498800  0.008570341638  0.016744133110  0.016744133110  0.013159613077  0.017802936850  0.017802936850  0.018831855567  0.018321772136  0.018841194331  0.018841194331  0.018841194331  0.022470984229  0.018841194331  0.018841194331  0.013667027222  0.013667027222  0.016221566062  0.012134109008  0.015733438372  0.014702176356  0.014187412591  0.015210384998  0.014187412591  
piranga_erythrocephala_fmnh343371 0.011110890156  0.011110890156  0.000000000000  0.000000000000  0.004012354103  0.002504737803  0.003509132517  0.002504737803  0.010588413016  0.010588413016  0.007040664671  0.011622214567  0.011622214567  0.012640996443  0.012134109008  0.012646574753  0.012646574753  0.012646574753  0.016234864040  0.012646574753  0.012646574753  0.008559647503  0.008559647503  0.011094917240  0.006028720810  0.009580324445  0.008562774320  0.008054843608  0.009067836639  0.008054843608  
piranga_erythrocephala_fmnh343370 0.011110890156  0.011110890156  0.000000000000  0.000000000000  0.004012354103  0.002504737803  0.003509132517  0.002504737803  0.010588413016  0.010588413016  0.007040664671  0.011622214567  0.011622214567  0.012640996443  0.012134109008  0.012646574753  0.012646574753  0.012646574753  0.016234864040  0.012646574753  0.012646574753  0.008559647503  0.008559647503  0.011094917240  0.006028720810  0.009580324445  0.008562774320  0.008054843608  0.009067836639  0.008054843608  
piranga_rubriceps_lsu265 0.010094426489  0.010094426489  0.004012354103  0.004012354103  0.000000000000  0.001501785864  0.002504737803  0.001501785864  0.009573292319  0.009573292319  0.006030773572  0.010604921098  0.010604921098  0.011622214567  0.011115983887  0.011627616123  0.011627616123  0.011627616123  0.015210384998  0.011627616123  0.011627616123  0.007547474138  0.007547474138  0.010079142036  0.005020454782  0.008566339150  0.007550432137  0.007043320259  0.008054843608  0.007043320259  
piranga_leucoptera_fmnh481795 0.008570341638  0.008570341638  0.002504737803  0.002504737803  0.001501785864  0.000000000000  0.001000716562  0.000000000000  0.008052020180  0.008052020180  0.004517716057  0.009079444048  0.009079444048  0.010094426489  0.009589111543  0.010099345377  0.010099345377  0.010099345377  0.013673225261  0.010099345377  0.010099345377  0.006030773572  0.006030773572  0.008556959057  0.003510123845  0.007046412417  0.006033262187  0.005527524142  0.006536767815  0.005527524142  
piranga_leucoptera_lsu7783 0.009584498800  0.009584498800  0.003509132517  0.003509132517  0.002504737803  0.001000716562  0.000000000000  0.001000716562  0.009064844496  0.009064844496  0.005525336303  0.010094426489  0.010094426489  0.011110890156  0.010604921098  0.011115983887  0.011115983887  0.011115983887  0.014695355807  0.011115983887  0.011115983887  0.007040664671  0.007040664671  0.009570435262  0.004516127787  0.008058104687  0.007043320259  0.006536767815  0.007547474138  0.006536767815  
piranga_rubriceps_lsu34818 0.008570341638  0.008570341638  0.002504737803  0.002504737803  0.001501785864  0.000000000000  0.001000716562  0.000000000000  0.008052020180  0.008052020180  0.004517716057  0.009079444048  0.009079444048  0.010094426489  0.009589111543  0.010099345377  0.010099345377  0.010099345377  0.013673225261  0.010099345377  0.010099345377  0.006030773572  0.006030773572  0.008556959057  0.003510123845  0.007046412417  0.006033262187  0.005527524142  0.006536767815  0.005527524142  
piranga_roseogularis_ku2049 0.016744133110  0.016744133110  0.010588413016  0.010588413016  0.009573292319  0.008052020180  0.009064844496  0.008052020180  0.000000000000  0.000000000000  0.011617253226  0.016242179656  0.016242179656  0.017268353648  0.016758947728  0.017276298040  0.017276298040  0.017276298040  0.020894276384  0.017276298040  0.017276298040  0.013148279106  0.013148279106  0.015700648300  0.010595787393  0.014180903645  0.013153725249  0.012640996443  0.013661271242  0.012640996443  
piranga_roseogularis_ku2141 0.016744133110  0.016744133110  0.010588413016  0.010588413016  0.009573292319  0.008052020180  0.009064844496  0.008052020180  0.000000000000  0.000000000000  0.011617253226  0.016242179656  0.016242179656  0.017268353648  0.016758947728  0.017276298040  0.017276298040  0.017276298040  0.020894276384  0.017276298040  0.017276298040  0.013148279106  0.013148279106  0.015700648300  0.010595787393  0.014180903645  0.013153725249  0.012640996443  0.013661271242  0.012640996443  
piranga_flava_lsu15408 0.013159613077  0.013159613077  0.007040664671  0.007040664671  0.006030773572  0.004517716057  0.005525336303  0.004517716057  0.011617253226  0.011617253226  0.000000000000  0.007561926308  0.007561926308  0.008574781430  0.008070510275  0.008579658175  0.008579658175  0.008579658175  0.012145969381  0.008579658175  0.008579658175  0.004519738752  0.004519738752  0.007040664671  0.002004368320  0.005533204878  0.004522195514  0.004017524371  0.005024665012  0.004017524371  
piranga_bidentata_itm160 0.017802936850  0.017802936850  0.011622214567  0.011622214567  0.010604921098  0.009079444048  0.010094426489  0.009079444048  0.016242179656  0.016242179656  0.007561926308  0.000000000000  0.000000000000  0.004015367117  0.004522195514  0.004017524371  0.004017524371  0.004017524371  0.007553827068  0.004017524371  0.004017524371  0.009084188995  0.009084188995  0.011622214567  0.006546445186  0.010110498017  0.008070510275  0.007561926308  0.008574781430  0.007561926308  
piranga_bidentata_itm141 0.017802936850  0.017802936850  0.011622214567  0.011622214567  0.010604921098  0.009079444048  0.010094426489  0.009079444048  0.016242179656  0.016242179656  0.007561926308  0.000000000000  0.000000000000  0.004015367117  0.004522195514  0.004017524371  0.004017524371  0.004017524371  0.007553827068  0.004017524371  0.004017524371  0.009084188995  0.009084188995  0.011622214567  0.006546445186  0.010110498017  0.008070510275  0.007561926308  0.008574781430  0.007561926308  
piranga_olivacea_ku4672 0.018831855567  0.018831855567  0.012640996443  0.012640996443  0.011622214567  0.010094426489  0.011110890156  0.010094426489  0.017268353648  0.017268353648  0.008574781430  0.004015367117  0.004015367117  0.000000000000  0.004519738752  0.005024665012  0.005024665012  0.005024665012  0.008566339150  0.005024665012  0.005024665012  0.010099345377  0.010099345377  0.012640996443  0.007557658575  0.011127489480  0.009084188995  0.008574781430  0.009589111543  0.008574781430  
piranga_olivacea_ku2699 0.018321772136  0.018321772136  0.012134109008  0.012134109008  0.011115983887  0.009589111543  0.010604921098  0.009589111543  0.016758947728  0.016758947728  0.008070510275  0.004522195514  0.004522195514  0.004519738752  0.000000000000  0.005533204878  0.005533204878  0.005533204878  0.009079444048  0.005533204878  0.005533204878  0.009594162322  0.009594162322  0.012134109008  0.007053905026  0.010621914212  0.009599650788  0.009089371261  0.010104702670  0.009089371261  
piranga_bidentata_tepe59 0.018841194331  0.018841194331  0.012646574753  0.012646574753  0.011627616123  0.010099345377  0.011115983887  0.010099345377  0.017276298040  0.017276298040  0.008579658175  0.004017524371  0.004017524371  0.005024665012  0.005533204878  0.000000000000  0.000000000000  0.000000000000  0.003510123845  0.000000000000  0.000000000000  0.010104702670  0.010104702670  0.012646574753  0.007561926308  0.010110498017  0.009089371261  0.008579658175  0.009594162322  0.008579658175  
piranga_bidentata_hgoslp104 0.018841194331  0.018841194331  0.012646574753  0.012646574753  0.011627616123  0.010099345377  0.011115983887  0.010099345377  0.017276298040  0.017276298040  0.008579658175  0.004017524371  0.004017524371  0.005024665012  0.005533204878  0.000000000000  0.000000000000  0.000000000000  0.003510123845  0.000000000000  0.000000000000  0.010104702670  0.010104702670  0.012646574753  0.007561926308  0.010110498017  0.009089371261  0.008579658175  0.009594162322  0.008579658175  
piranga_ludoviciana_sdsu2650 0.018841194331  0.018841194331  0.012646574753  0.012646574753  0.011627616123  0.010099345377  0.011115983887  0.010099345377  0.017276298040  0.017276298040  0.008579658175  0.004017524371  0.004017524371  0.005024665012  0.005533204878  0.000000000000  0.000000000000  0.000000000000  0.003510123845  0.000000000000  0.000000000000  0.010104702670  0.010104702670  0.012646574753  0.007561926308  0.010110498017  0.009089371261  0.008579658175  0.009594162322  0.008579658175  
piranga_ludoviciana_sdsu2648 0.022470984229  0.022470984229  0.016234864040  0.016234864040  0.015210384998  0.013673225261  0.014695355807  0.013673225261  0.020894276384  0.020894276384  0.012145969381  0.007553827068  0.007553827068  0.008566339150  0.009079444048  0.003510123845  0.003510123845  0.003510123845  0.000000000000  0.003510123845  0.003510123845  0.013679865010  0.013679865010  0.016234864040  0.011121517111  0.013686946119  0.012659053901  0.012145969381  0.013165942239  0.012145969381  
piranga_ludoviciana_sdsu2208 0.018841194331  0.018841194331  0.012646574753  0.012646574753  0.011627616123  0.010099345377  0.011115983887  0.010099345377  0.017276298040  0.017276298040  0.008579658175  0.004017524371  0.004017524371  0.005024665012  0.005533204878  0.000000000000  0.000000000000  0.000000000000  0.003510123845  0.000000000000  0.000000000000  0.010104702670  0.010104702670  0.012646574753  0.007561926308  0.010110498017  0.009089371261  0.008579658175  0.009594162322  0.008579658175  
piranga_ludoviciana_sdsu2385 0.018841194331  0.018841194331  0.012646574753  0.012646574753  0.011627616123  0.010099345377  0.011115983887  0.010099345377  0.017276298040  0.017276298040  0.008579658175  0.004017524371  0.004017524371  0.005024665012  0.005533204878  0.000000000000  0.000000000000  0.000000000000  0.003510123845  0.000000000000  0.000000000000  0.010104702670  0.010104702670  0.012646574753  0.007561926308  0.010110498017  0.009089371261  0.008579658175  0.009594162322  0.008579658175  
piranga_hepatica_ku4970 0.013667027222  0.013667027222  0.008559647503  0.008559647503  0.007547474138  0.006030773572  0.007040664671  0.006030773572  0.013148279106  0.013148279106  0.004519738752  0.009084188995  0.009084188995  0.010099345377  0.009594162322  0.010104702670  0.010104702670  0.010104702670  0.013679865010  0.010104702670  0.010104702670  0.000000000000  0.000000000000  0.002504340806  0.002505567813  0.007049940790  0.006036186298  0.005530147119  0.006539557868  0.005530147119  
piranga_lutea_lsu5400 0.013667027222  0.013667027222  0.008559647503  0.008559647503  0.007547474138  0.006030773572  0.007040664671  0.006030773572  0.013148279106  0.013148279106  0.004519738752  0.009084188995  0.009084188995  0.010099345377  0.009594162322  0.010104702670  0.010104702670  0.010104702670  0.013679865010  0.010104702670  0.010104702670  0.000000000000  0.000000000000  0.002504340806  0.002505567813  0.007049940790  0.006036186298  0.005530147119  0.006539557868  0.005530147119  
piranga_hepatica_ku9084 0.016221566062  0.016221566062  0.011094917240  0.011094917240  0.010079142036  0.008556959057  0.009570435262  0.008556959057  0.015700648300  0.015700648300  0.007040664671  0.011622214567  0.011622214567  0.012640996443  0.012134109008  0.012646574753  0.012646574753  0.012646574753  0.016234864040  0.012646574753  0.012646574753  0.002504340806  0.002504340806  0.000000000000  0.005019002195  0.009580324445  0.008562774320  0.008054843608  0.009067836639  0.008054843608  
piranga_flava_ku90809 0.012134109008  0.012134109008  0.006028720810  0.006028720810  0.005020454782  0.003510123845  0.004516127787  0.003510123845  0.010595787393  0.010595787393  0.002004368320  0.006546445186  0.006546445186  0.007557658575  0.007053905026  0.007561926308  0.007561926308  0.007561926308  0.011121517111  0.007561926308  0.007561926308  0.002505567813  0.002505567813  0.005019002195  0.000000000000  0.004522195514  0.003513407294  0.003009843066  0.004015367117  0.003009843066  
piranga_lutea_ku89864 0.015733438372  0.015733438372  0.009580324445  0.009580324445  0.008566339150  0.007046412417  0.008058104687  0.007046412417  0.014180903645  0.014180903645  0.005533204878  0.010110498017  0.010110498017  0.011127489480  0.010621914212  0.010110498017  0.010110498017  0.010110498017  0.013686946119  0.010110498017  0.010110498017  0.007049940790  0.007049940790  0.009580324445  0.004522195514  0.000000000000  0.007053905026  0.006546445186  0.007557658575  0.006546445186  
piranga_rubra_sdsu2635 0.014702176356  0.014702176356  0.008562774320  0.008562774320  0.007550432137  0.006033262187  0.007043320259  0.006033262187  0.013153725249  0.013153725249  0.004522195514  0.008070510275  0.008070510275  0.009084188995  0.009599650788  0.009089371261  0.009089371261  0.009089371261  0.012659053901  0.009089371261  0.009089371261  0.006036186298  0.006036186298  0.008562774320  0.003513407294  0.007053905026  0.000000000000  0.000500272425  0.001501785864  0.000500272425  
piranga_rubra_ku7046 0.014187412591  0.014187412591  0.008054843608  0.008054843608  0.007043320259  0.005527524142  0.006536767815  0.005527524142  0.012640996443  0.012640996443  0.004017524371  0.007561926308  0.007561926308  0.008574781430  0.009089371261  0.008579658175  0.008579658175  0.008579658175  0.012145969381  0.008579658175  0.008579658175  0.005530147119  0.005530147119  0.008054843608  0.003009843066  0.006546445186  0.000500272425  0.000000000000  0.001000716562  0.000000000000  
piranga_rubra_sdsu2654 0.015210384998  0.015210384998  0.009067836639  0.009067836639  0.008054843608  0.006536767815  0.007547474138  0.006536767815  0.013661271242  0.013661271242  0.005024665012  0.008574781430  0.008574781430  0.009589111543  0.010104702670  0.009594162322  0.009594162322  0.009594162322  0.013165942239  0.009594162322  0.009594162322  0.006539557868  0.006539557868  0.009067836639  0.004015367117  0.007557658575  0.001501785864  0.001000716562  0.000000000000  0.001000716562  
piranga_rubra_ku26592 0.014187412591  0.014187412591  0.008054843608  0.008054843608  0.007043320259  0.005527524142  0.006536767815  0.005527524142  0.012640996443  0.012640996443  0.004017524371  0.007561926308  0.007561926308  0.008574781430  0.009089371261  0.008579658175  0.008579658175  0.008579658175  0.012145969381  0.008579658175  0.008579658175  0.005530147119  0.005530147119  0.008054843608  0.003009843066  0.006546445186  0.000500272425  0.000000000000  0.001000716562  0.000000000000  

