30
piranga_rubra_ku26592 0.000000000000  0.009388411188  0.010266475164  0.027206576370  0.026561184741  0.038380237769  0.014140550365  0.036405622809  0.005584778435  0.012150131589  0.010476331472  0.011488927269  0.009327112747  0.005698284278  0.005584778435  0.011802923402  0.011219467536  0.011219450858  0.014353916012  0.012167046492  0.027963918315  0.013134859367  0.027501127529  0.014061012475  0.019100156951  0.012119184790  0.005661185886  0.013097991342  0.004644857671  0.013106688743  
piranga_flava_ku90809 0.009388411188  0.000000000000  0.005438912263  0.022608813578  0.022088526476  0.033526388532  0.007545692631  0.031615740529  0.003623702209  0.006349483216  0.006310517703  0.007081488898  0.000000000000  0.003437820940  0.005443847065  0.002082732701  0.001809317883  0.005440720099  0.010828003342  0.006353514662  0.024322804190  0.005455561323  0.023009725812  0.010915957048  0.017161566862  0.010653111730  0.002853941710  0.007262522851  0.004528752745  0.007264748291  
piranga_ludoviciana_sdsu2385 0.010266475164  0.005438912263  0.000000000000  0.022451907514  0.021938731518  0.032335426529  0.006546925345  0.030441924269  0.004501219856  0.004496173314  0.004165147690  0.008035806453  0.005503770860  0.004548816642  0.006313401851  0.007287928646  0.007223178493  0.003595987652  0.007127650250  0.004499327930  0.024154618362  0.010879426531  0.022851625707  0.010859734633  0.017036947376  0.012103195653  0.002821729399  0.005399753612  0.005401535429  0.005401535429  
piranga_rubriceps_lsu265 0.027206576370  0.022608813578  0.022451907514  0.000000000000  0.008250109863  0.028993409189  0.026333458502  0.027082144652  0.020583571142  0.023397980811  0.021164288907  0.019151541260  0.022889171131  0.016107860975  0.022501213033  0.019996835326  0.024391270516  0.022465394630  0.026620118138  0.023425466001  0.010096844866  0.026359404183  0.001819192383  0.023463093701  0.014153547569  0.010556711737  0.012822732945  0.024358323301  0.021521215223  0.024372323503  
piranga_leucoptera_lsu7783 0.026561184741  0.022088526476  0.021938731518  0.008250109863  0.000000000000  0.029286079154  0.025706517983  0.028357346698  0.020113046744  0.022862940565  0.020097804891  0.018136271349  0.022356050588  0.014952061542  0.021985797747  0.018932135594  0.023832227624  0.021951604486  0.025397064725  0.022889172543  0.009100924967  0.025753158735  0.008060042487  0.022001084911  0.011957341730  0.012100852135  0.011394180981  0.023800767179  0.021029204240  0.023814128170  
cardinalis_cardinalis_ku25393 0.038380237769  0.033526388532  0.032335426529  0.028993409189  0.029286079154  0.000000000000  0.037582518358  0.003571927658  0.031436038487  0.034234740511  0.032078415081  0.030511933952  0.033937384739  0.029122165893  0.033349783533  0.034079505480  0.035212973261  0.033304151454  0.034120743067  0.034262269324  0.032588148562  0.037219671688  0.029260275263  0.032407045624  0.031435050593  0.027492603695  0.027333665706  0.035193128399  0.032361938308  0.035207149471  
piranga_olivacea_ku2699 0.014140550365  0.007545692631  0.006546925345  0.026333458502  0.025706517983  0.037582518358  0.000000000000  0.035599354567  0.008441314532  0.007486815017  0.006257863267  0.011554947370  0.007496198332  0.006835327032  0.010337496616  0.008624936769  0.009393140431  0.004669363470  0.011931253710  0.007492803385  0.027099420407  0.013207795349  0.026657441284  0.013177906899  0.020094870275  0.013638934778  0.004239227847  0.008430184381  0.009379604983  0.008433404471  
cardinalis_cardinalis_ku21828 0.036405622809  0.031615740529  0.030441924269  0.027082144652  0.028357346698  0.003571927658  0.035599354567  0.000000000000  0.029542889355  0.032335426529  0.029888222865  0.028431136054  0.032002706317  0.026742261864  0.031450308773  0.031893776030  0.033309180626  0.031406991473  0.031620532940  0.032361938308  0.030680471579  0.035305316123  0.027391036161  0.030510226838  0.029360026574  0.025941996248  0.024399353440  0.033290641597  0.030467429699  0.033304151454  
piranga_rubra_ku7046 0.005584778435  0.003623702209  0.004501219856  0.020583571142  0.020113046744  0.031436038487  0.008441314532  0.029542889355  0.000000000000  0.006310828392  0.006264396967  0.005016004598  0.003666887381  0.001135211292  0.001798907309  0.006248858084  0.005413749565  0.005409349789  0.010737570706  0.006317138816  0.022298384012  0.007238455122  0.021023144755  0.009048594340  0.015026637866  0.009072485596  0.002825716115  0.007218859810  0.000897751993  0.007222224861  
piranga_bidentata_hgoslp104 0.012150131589  0.006349483216  0.004496173314  0.023397980811  0.022862940565  0.034234740511  0.007486815017  0.032335426529  0.006310828392  0.000000000000  0.004165147690  0.009046688697  0.006425249769  0.006832469479  0.008128719163  0.008336121303  0.008131249611  0.004497171283  0.011924639428  0.005401535429  0.025095343624  0.011792888028  0.023777657797  0.011771530318  0.019055491372  0.016690327119  0.004233429559  0.006303739407  0.007212351595  0.006305143950  
piranga_ludoviciana_sdsu2648 0.010476331472  0.006310517703  0.004165147690  0.021164288907  0.020097804891  0.032078415081  0.006257863267  0.029888222865  0.006264396967  0.004165147690  0.000000000000  0.009214427103  0.006264396967  0.006835327032  0.008370925905  0.008309108634  0.008375159994  0.005212265366  0.009521508078  0.005212265366  0.022265531203  0.011529394148  0.021149807056  0.010480647870  0.017992749880  0.015162641381  0.004234903373  0.006257863267  0.007308794875  0.006257863267  
piranga_roseogularis_ku2049 0.011488927269  0.007081488898  0.008035806453  0.019151541260  0.018136271349  0.030511933952  0.011554947370  0.028431136054  0.005016004598  0.009046688697  0.009214427103  0.000000000000  0.007175862067  0.004606440143  0.007036937949  0.009396009718  0.009054990630  0.008038533557  0.014933619819  0.009052659390  0.020181733593  0.010091577532  0.019139398037  0.000999107460  0.013325027389  0.013659636609  0.005662930477  0.010061117044  0.006019296954  0.010064363142  
piranga_hepatica_ku4970 0.009327112747  0.000000000000  0.005503770860  0.022889171131  0.022356050588  0.033937384739  0.007496198332  0.032002706317  0.003666887381  0.006425249769  0.006264396967  0.007175862067  0.000000000000  0.003410463561  0.005508824113  0.002100229595  0.001830849729  0.005505622209  0.010737570706  0.006429378371  0.024622302327  0.005520820123  0.023288416463  0.010136140472  0.017041132193  0.010588650624  0.002825716115  0.007349256924  0.004582713317  0.007351536073  
piranga_hepatica_ku9084 0.005698284278  0.003437820940  0.004548816642  0.016107860975  0.014952061542  0.029122165893  0.006835327032  0.026742261864  0.001135211292  0.006832469479  0.006835327032  0.004606440143  0.003410463561  0.000000000000  0.003414223669  0.005945199346  0.005700893447  0.005692978178  0.012252891818  0.005692978178  0.017296776457  0.005692978178  0.016094705229  0.004553995501  0.011495699064  0.009058787517  0.002821729399  0.006835327032  0.002270700062  0.006835327032  
piranga_rubra_sdsu2654 0.005584778435  0.005443847065  0.006313401851  0.022501213033  0.021985797747  0.033349783533  0.010337496616  0.031450308773  0.001798907309  0.008128719163  0.008370925905  0.007036937949  0.005508824113  0.003414223669  0.000000000000  0.007295524338  0.007229706255  0.007226754801  0.011931253710  0.008138205112  0.024205903992  0.009064999868  0.022896411557  0.010879193329  0.017068376332  0.009058787517  0.004245226719  0.009040413824  0.000897751993  0.009045371656  
piranga_flava_lsu15408 0.011802923402  0.002082732701  0.007287928646  0.019996835326  0.018932135594  0.034079505480  0.008624936769  0.031893776030  0.006248858084  0.008336121303  0.008309108634  0.009396009718  0.002100229595  0.005945199346  0.007295524338  0.000000000000  0.004158682816  0.007288246435  0.011544601172  0.008337297272  0.021071492375  0.007311083115  0.019989930040  0.009396009718  0.013705506898  0.013695078641  0.005683640546  0.009385495852  0.006242356757  0.009386356809  
piranga_lutea_lsu5400 0.011219467536  0.001809317883  0.007223178493  0.024391270516  0.023832227624  0.035212973261  0.009393140431  0.033309180626  0.005413749565  0.008131249611  0.008375159994  0.009054990630  0.001830849729  0.005700893447  0.007229706255  0.004158682816  0.000000000000  0.007225379782  0.013164380830  0.008136067733  0.026086106485  0.007245010555  0.024750458741  0.012707784785  0.019093795468  0.012108761546  0.004240889992  0.009042181504  0.006315113456  0.009044800153  
piranga_olivacea_ku4672 0.011219450858  0.005440720099  0.003595987652  0.022465394630  0.021951604486  0.033304151454  0.004669363470  0.031406991473  0.005409349789  0.004497171283  0.005212265366  0.008038533557  0.005505622209  0.005692978178  0.007226754801  0.007288246435  0.007225379782  0.000000000000  0.008325919979  0.004502640415  0.024168383264  0.010883655890  0.022862940565  0.010863948607  0.018059234149  0.013638934778  0.004239227847  0.005401535429  0.006311442978  0.005404477285  
piranga_ludoviciana_sdsu2208 0.014353916012  0.010828003342  0.007127650250  0.026620118138  0.025397064725  0.034120743067  0.011931253710  0.031620532940  0.010737570706  0.011924639428  0.009521508078  0.014933619819  0.010737570706  0.012252891818  0.011931253710  0.011544601172  0.013164380830  0.008325919979  0.000000000000  0.010732032260  0.027890334029  0.015559291092  0.025376687565  0.015577937254  0.020517415013  0.018367633768  0.008680765507  0.009535269830  0.011931253710  0.009535269830  
piranga_bidentata_itm160 0.012167046492  0.006353514662  0.004499327930  0.023425466001  0.022889172543  0.034262269324  0.007492803385  0.032361938308  0.006317138816  0.005401535429  0.005212265366  0.009052659390  0.006429378371  0.005692978178  0.008138205112  0.008337297272  0.008136067733  0.004502640415  0.010732032260  0.000000000000  0.025123380510  0.011801777654  0.023800767179  0.011780387566  0.019083838395  0.015179909893  0.002821729399  0.004497171283  0.007220232313  0.000896749329  
piranga_leucoptera_fmnh481795 0.027963918315  0.024322804190  0.024154618362  0.010096844866  0.009100924967  0.032588148562  0.027099420407  0.030680471579  0.022298384012  0.025095343624  0.022265531203  0.020181733593  0.024622302327  0.017296776457  0.024205903992  0.021071492375  0.026086106485  0.024168383264  0.027890334029  0.025123380510  0.000000000000  0.028045674993  0.010008292299  0.024222169123  0.014037312303  0.013636495103  0.014288180821  0.026050609132  0.023229528951  0.026064883211  
piranga_lutea_ku89864 0.013134859367  0.005455561323  0.010879426531  0.026359404183  0.025753158735  0.037219671688  0.013207795349  0.035305316123  0.007238455122  0.011792888028  0.011529394148  0.010091577532  0.005520820123  0.005692978178  0.009064999868  0.007311083115  0.007245010555  0.010883655890  0.015559291092  0.011801777654  0.028045674993  0.000000000000  0.026671176980  0.014566865116  0.020110770643  0.010586395853  0.005661185886  0.012711257733  0.008143429601  0.012715919861  
piranga_rubriceps_lsu34818 0.027501127529  0.023009725812  0.022851625707  0.001819192383  0.008060042487  0.029260275263  0.026657441284  0.027391036161  0.021023144755  0.023777657797  0.021149807056  0.019139398037  0.023288416463  0.016094705229  0.022896411557  0.019989930040  0.024750458741  0.022862940565  0.025376687565  0.023800767179  0.010008292299  0.026671176980  0.000000000000  0.022910152296  0.013960047780  0.010556711737  0.011380048553  0.024715743110  0.021938731518  0.024727539617  
piranga_roseogularis_ku2141 0.014061012475  0.010915957048  0.010859734633  0.023463093701  0.022001084911  0.032407045624  0.013177906899  0.030510226838  0.009048594340  0.011771530318  0.010480647870  0.000999107460  0.010136140472  0.004553995501  0.010879193329  0.009396009718  0.012707784785  0.010863948607  0.015577937254  0.011780387566  0.024222169123  0.014566865116  0.022910152296  0.000000000000  0.018092714746  0.013659636609  0.005662930477  0.012688216309  0.009953951214  0.012692861433  
piranga_erythrocephala_fmnh343371 0.019100156951  0.017161566862  0.017036947376  0.014153547569  0.011957341730  0.031435050593  0.020094870275  0.029360026574  0.015026637866  0.019055491372  0.017992749880  0.013325027389  0.017041132193  0.011495699064  0.017068376332  0.013705506898  0.019093795468  0.018059234149  0.020517415013  0.019083838395  0.014037312303  0.020110770643  0.013960047780  0.018092714746  0.000000000000  0.002994975723  0.009982492035  0.020080404415  0.016030275808  0.020094870275  
piranga_erythrocephala_fmnh343370 0.012119184790  0.010653111730  0.012103195653  0.010556711737  0.012100852135  0.027492603695  0.013638934778  0.025941996248  0.009072485596  0.016690327119  0.015162641381  0.013659636609  0.010588650624  0.009058787517  0.009058787517  0.013695078641  0.012108761546  0.013638934778  0.018367633768  0.015179909893  0.013636495103  0.010586395853  0.010556711737  0.013659636609  0.002994975723  0.000000000000  0.009879172981  0.016706598310  0.009058787517  0.016706598310  
piranga_ludoviciana_sdsu2650 0.005661185886  0.002853941710  0.002821729399  0.012822732945  0.011394180981  0.027333665706  0.004239227847  0.024399353440  0.002825716115  0.004233429559  0.004234903373  0.005662930477  0.002825716115  0.002821729399  0.004245226719  0.005683640546  0.004240889992  0.004239227847  0.008680765507  0.002821729399  0.014288180821  0.005661185886  0.011380048553  0.005662930477  0.009982492035  0.009879172981  0.000000000000  0.004234903373  0.002821729399  0.004234903373  
piranga_bidentata_tepe59 0.013097991342  0.007262522851  0.005399753612  0.024358323301  0.023800767179  0.035193128399  0.008430184381  0.033290641597  0.007218859810  0.006303739407  0.006257863267  0.010061117044  0.007349256924  0.006835327032  0.009040413824  0.009385495852  0.009042181504  0.005401535429  0.009535269830  0.004497171283  0.026050609132  0.012711257733  0.024715743110  0.012688216309  0.020080404415  0.016706598310  0.004234903373  0.000000000000  0.008121383856  0.003595987652  
piranga_rubra_sdsu2635 0.004644857671  0.004528752745  0.005401535429  0.021521215223  0.021029204240  0.032361938308  0.009379604983  0.030467429699  0.000897751993  0.007212351595  0.007308794875  0.006019296954  0.004582713317  0.002270700062  0.000897751993  0.006242356757  0.006315113456  0.006311442978  0.011931253710  0.007220232313  0.023229528951  0.008143429601  0.021938731518  0.009953951214  0.016030275808  0.009058787517  0.002821729399  0.008121383856  0.000000000000  0.008125536161  
piranga_bidentata_itm141 0.013106688743  0.007264748291  0.005401535429  0.024372323503  0.023814128170  0.035207149471  0.008433404471  0.033304151454  0.007222224861  0.006305143950  0.006257863267  0.010064363142  0.007351536073  0.006835327032  0.009045371656  0.009386356809  0.009044800153  0.005404477285  0.009535269830  0.000896749329  0.026064883211  0.012715919861  0.024727539617  0.012692861433  0.020094870275  0.016706598310  0.004234903373  0.003595987652  0.008125536161  0.000000000000  

