30
piranga_rubra_ku26592 0.000000000000  0.002589327359  0.000000000000  0.003886315221  0.002731838300  0.001305992117  0.001605113919  0.001307699965  0.000000000000  0.000000000000  0.000000000000  0.001548703785  0.000000000000  0.000000000000  0.000000000000  0.000000000000  0.001292488269  0.000000000000  0.000000000000  0.000000000000  0.002589327359  0.001292488269  0.002586961192  0.001292488269  0.002586961192  0.005448018102  0.000000000000  0.000000000000  0.000000000000  0.001291974848  
piranga_flava_ku90809 0.002589327359  0.000000000000  0.003592382573  0.007210142436  0.006309633912  0.004843801469  0.004831398286  0.004849674261  0.003592382573  0.003592382573  0.003265836066  0.003103658504  0.002391195830  0.004679467880  0.003588775104  0.000000000000  0.003592382573  0.004797326270  0.001902221729  0.003592382573  0.006006050496  0.003592382573  0.005999233708  0.004927337240  0.005999233708  0.008198199521  0.000000000000  0.003592382573  0.002391195830  0.004792119165  
piranga_ludoviciana_sdsu2385 0.000000000000  0.003592382573  0.000000000000  0.003588775104  0.002512222285  0.001205252787  0.001605113919  0.001206707176  0.000000000000  0.000000000000  0.000000000000  0.001548703785  0.001193742685  0.000000000000  0.002389178044  0.000000000000  0.002391195830  0.001193742685  0.000000000000  0.000000000000  0.002391195830  0.002391195830  0.002389178044  0.002455791094  0.002389178044  0.005448018102  0.000000000000  0.000000000000  0.001193742685  0.001193304722  
piranga_rubriceps_lsu265 0.003886315221  0.007210142436  0.003588775104  0.000000000000  0.006304626153  0.004838492941  0.006449421767  0.004844352847  0.003588775104  0.003588775104  0.003262071180  0.006223733040  0.004792119165  0.000000000000  0.005994707697  0.003076846403  0.005999233708  0.004792119165  0.005725877906  0.003588775104  0.005999233708  0.005999233708  0.001193742685  0.006161889824  0.003592382573  0.002719603851  0.003460112646  0.003588775104  0.004792119165  0.004789198555  
piranga_leucoptera_lsu7783 0.002731838300  0.006309633912  0.002512222285  0.006304626153  0.000000000000  0.003773871707  0.003214878782  0.003773871707  0.002512222285  0.002512222285  0.003262071180  0.001653709275  0.003773871707  0.000000000000  0.005036435527  0.000000000000  0.005039666472  0.003773871707  0.000000000000  0.002512222285  0.005039666472  0.005039666472  0.005036435527  0.005183340941  0.005036435527  0.005448018102  0.000000000000  0.002512222285  0.003773871707  0.003772405926  
cardinalis_cardinalis_ku25393 0.001305992117  0.004843801469  0.001205252787  0.004838492941  0.003773871707  0.000000000000  0.003214878782  0.000000000000  0.001205252787  0.001205252787  0.001629457399  0.003142673864  0.002414288046  0.000000000000  0.003623451971  0.003079762052  0.003627129593  0.002414288046  0.001902221729  0.001205252787  0.003627129593  0.003627129593  0.003623451971  0.003726244539  0.003623451971  0.008198199521  0.003463800928  0.001205252787  0.002414288046  0.002412231085  
piranga_olivacea_ku2699 0.001605113919  0.004831398286  0.001605113919  0.006449421767  0.003214878782  0.003214878782  0.000000000000  0.003214878782  0.001605113919  0.001605113919  0.001805025959  0.003596428971  0.001605113919  0.004672735551  0.001605113919  0.003076846403  0.003214878782  0.001605113919  0.001901109562  0.001605113919  0.004831398286  0.003214878782  0.004828992729  0.003214878782  0.004828992729  0.008191243883  0.003460112646  0.001605113919  0.001605113919  0.001605113919  
cardinalis_cardinalis_ku21828 0.001307699965  0.004849674261  0.001206707176  0.004844352847  0.003773871707  0.000000000000  0.003214878782  0.000000000000  0.001206707176  0.001206707176  0.001629457399  0.003147619863  0.002417205972  0.000000000000  0.003627833756  0.003079762052  0.003631520290  0.002417205972  0.001902221729  0.001206707176  0.003631520290  0.003631520290  0.003627833756  0.003730878630  0.003627833756  0.008198199521  0.003463800928  0.001206707176  0.002417205972  0.002415144034  
piranga_rubra_ku7046 0.000000000000  0.003592382573  0.000000000000  0.003588775104  0.002512222285  0.001205252787  0.001605113919  0.001206707176  0.000000000000  0.000000000000  0.000000000000  0.001548703785  0.001193742685  0.000000000000  0.002389178044  0.000000000000  0.002391195830  0.001193742685  0.000000000000  0.000000000000  0.002391195830  0.002391195830  0.002389178044  0.002455791094  0.002389178044  0.005448018102  0.000000000000  0.000000000000  0.001193742685  0.001193304722  
piranga_bidentata_hgoslp104 0.000000000000  0.003592382573  0.000000000000  0.003588775104  0.002512222285  0.001205252787  0.001605113919  0.001206707176  0.000000000000  0.000000000000  0.000000000000  0.001548703785  0.001193742685  0.000000000000  0.002389178044  0.000000000000  0.002391195830  0.001193742685  0.000000000000  0.000000000000  0.002391195830  0.002391195830  0.002389178044  0.002455791094  0.002389178044  0.005448018102  0.000000000000  0.000000000000  0.001193742685  0.001193304722  
piranga_ludoviciana_sdsu2648 0.000000000000  0.003265836066  0.000000000000  0.003262071180  0.003262071180  0.001629457399  0.001805025959  0.001629457399  0.000000000000  0.000000000000  0.000000000000  0.002050436693  0.000000000000  0.000000000000  0.000000000000  0.000000000000  0.001629457399  0.000000000000  0.000000000000  0.000000000000  0.003265836066  0.001629457399  0.003262071180  0.001629457399  0.003262071180  0.005448018102  0.000000000000  0.000000000000  0.000000000000  0.000000000000  
piranga_roseogularis_ku2049 0.001548703785  0.003103658504  0.001548703785  0.006223733040  0.001653709275  0.003142673864  0.003596428971  0.003147619863  0.001548703785  0.001548703785  0.002050436693  0.000000000000  0.001548703785  0.000000000000  0.001548703785  0.000000000000  0.003103658504  0.001548703785  0.001924183112  0.001548703785  0.004664914823  0.003103658504  0.004658830228  0.000000000000  0.004658830228  0.008198199521  0.000000000000  0.001548703785  0.001548703785  0.003100258426  
piranga_hepatica_ku4970 0.000000000000  0.002391195830  0.001193742685  0.004792119165  0.003773871707  0.002414288046  0.001605113919  0.002417205972  0.001193742685  0.001193742685  0.000000000000  0.001548703785  0.000000000000  0.000000000000  0.001193304722  0.000000000000  0.001193742685  0.002391195830  0.000000000000  0.001193742685  0.003592382573  0.001193742685  0.003588775104  0.002455791094  0.003588775104  0.005448018102  0.000000000000  0.001193742685  0.000000000000  0.002389178044  
piranga_hepatica_ku9084 0.000000000000  0.004679467880  0.000000000000  0.000000000000  0.000000000000  0.000000000000  0.004672735551  0.000000000000  0.000000000000  0.000000000000  0.000000000000  0.000000000000  0.000000000000  0.000000000000  0.000000000000  0.000000000000  0.004679467880  0.000000000000  0.000000000000  0.000000000000  0.004679467880  0.000000000000  0.000000000000  0.000000000000  0.000000000000  0.000000000000  0.000000000000  0.000000000000  0.000000000000  0.000000000000  
piranga_rubra_sdsu2654 0.000000000000  0.003588775104  0.002389178044  0.005994707697  0.005036435527  0.003623451971  0.001605113919  0.003627833756  0.002389178044  0.002389178044  0.000000000000  0.001548703785  0.001193304722  0.000000000000  0.000000000000  0.000000000000  0.002389178044  0.003588775104  0.000000000000  0.002389178044  0.004792119165  0.002389178044  0.004789198555  0.003685776751  0.004789198555  0.005448018102  0.000000000000  0.002389178044  0.001193304722  0.003587449889  
piranga_flava_lsu15408 0.000000000000  0.000000000000  0.000000000000  0.003076846403  0.000000000000  0.003079762052  0.003076846403  0.003079762052  0.000000000000  0.000000000000  0.000000000000  0.000000000000  0.000000000000  0.000000000000  0.000000000000  0.000000000000  0.003079762052  0.000000000000  0.000000000000  0.000000000000  0.003079762052  0.000000000000  0.003076846403  0.000000000000  0.006170830134  0.006576670704  0.000000000000  0.000000000000  0.000000000000  0.000000000000  
piranga_lutea_lsu5400 0.001292488269  0.003592382573  0.002391195830  0.005999233708  0.005039666472  0.003627129593  0.003214878782  0.003631520290  0.002391195830  0.002391195830  0.001629457399  0.003103658504  0.001193742685  0.004679467880  0.002389178044  0.003079762052  0.000000000000  0.003592382573  0.001902221729  0.002391195830  0.004797326270  0.002391195830  0.004792119165  0.003689582161  0.004792119165  0.008198199521  0.003463800928  0.002391195830  0.001193742685  0.003588775104  
piranga_olivacea_ku4672 0.000000000000  0.004797326270  0.001193742685  0.004792119165  0.003773871707  0.002414288046  0.001605113919  0.002417205972  0.001193742685  0.001193742685  0.000000000000  0.001548703785  0.002391195830  0.000000000000  0.003588775104  0.000000000000  0.003592382573  0.000000000000  0.000000000000  0.001193742685  0.003592382573  0.003592382573  0.003588775104  0.003689582161  0.003588775104  0.005448018102  0.000000000000  0.001193742685  0.002391195830  0.002389178044  
piranga_ludoviciana_sdsu2208 0.000000000000  0.001902221729  0.000000000000  0.005725877906  0.000000000000  0.001902221729  0.001901109562  0.001902221729  0.000000000000  0.000000000000  0.000000000000  0.001924183112  0.000000000000  0.000000000000  0.000000000000  0.000000000000  0.001902221729  0.000000000000  0.000000000000  0.000000000000  0.003813882569  0.001902221729  0.003808747199  0.001902221729  0.003808747199  0.005448018102  0.000000000000  0.000000000000  0.000000000000  0.000000000000  
piranga_bidentata_itm160 0.000000000000  0.003592382573  0.000000000000  0.003588775104  0.002512222285  0.001205252787  0.001605113919  0.001206707176  0.000000000000  0.000000000000  0.000000000000  0.001548703785  0.001193742685  0.000000000000  0.002389178044  0.000000000000  0.002391195830  0.001193742685  0.000000000000  0.000000000000  0.002391195830  0.002391195830  0.002389178044  0.002455791094  0.002389178044  0.005448018102  0.000000000000  0.000000000000  0.001193742685  0.001193304722  
piranga_leucoptera_fmnh481795 0.002589327359  0.006006050496  0.002391195830  0.005999233708  0.005039666472  0.003627129593  0.004831398286  0.003631520290  0.002391195830  0.002391195830  0.003265836066  0.004664914823  0.003592382573  0.004679467880  0.004792119165  0.003079762052  0.004797326270  0.003592382573  0.003813882569  0.002391195830  0.000000000000  0.004797326270  0.004792119165  0.004927337240  0.004792119165  0.008198199521  0.003463800928  0.002391195830  0.003592382573  0.003588775104  
piranga_lutea_ku89864 0.001292488269  0.003592382573  0.002391195830  0.005999233708  0.005039666472  0.003627129593  0.003214878782  0.003631520290  0.002391195830  0.002391195830  0.001629457399  0.003103658504  0.001193742685  0.000000000000  0.002389178044  0.000000000000  0.002391195830  0.003592382573  0.001902221729  0.002391195830  0.004797326270  0.000000000000  0.004792119165  0.003689582161  0.004792119165  0.005448018102  0.000000000000  0.002391195830  0.001193742685  0.003588775104  
piranga_rubriceps_lsu34818 0.002586961192  0.005999233708  0.002389178044  0.001193742685  0.005036435527  0.003623451971  0.004828992729  0.003627833756  0.002389178044  0.002389178044  0.003262071180  0.004658830228  0.003588775104  0.000000000000  0.004789198555  0.003076846403  0.004792119165  0.003588775104  0.003808747199  0.002389178044  0.004792119165  0.004792119165  0.000000000000  0.004921843950  0.002391195830  0.002719603851  0.003460112646  0.002389178044  0.003588775104  0.003587449889  
piranga_roseogularis_ku2141 0.001292488269  0.004927337240  0.002455791094  0.006161889824  0.005183340941  0.003726244539  0.003214878782  0.003730878630  0.002455791094  0.002455791094  0.001629457399  0.000000000000  0.002455791094  0.000000000000  0.003685776751  0.000000000000  0.003689582161  0.003689582161  0.001902221729  0.002455791094  0.004927337240  0.003689582161  0.004921843950  0.000000000000  0.004921843950  0.008198199521  0.000000000000  0.002455791094  0.002455791094  0.003685776751  
piranga_erythrocephala_fmnh343371 0.002586961192  0.005999233708  0.002389178044  0.003592382573  0.005036435527  0.003623451971  0.004828992729  0.003627833756  0.002389178044  0.002389178044  0.003262071180  0.004658830228  0.003588775104  0.000000000000  0.004789198555  0.006170830134  0.004792119165  0.003588775104  0.003808747199  0.002389178044  0.004792119165  0.004792119165  0.002391195830  0.004921843950  0.000000000000  0.000000000000  0.006941913602  0.002389178044  0.003588775104  0.003587449889  
piranga_erythrocephala_fmnh343370 0.005448018102  0.008198199521  0.005448018102  0.002719603851  0.005448018102  0.008198199521  0.008191243883  0.008198199521  0.005448018102  0.005448018102  0.005448018102  0.008198199521  0.005448018102  0.000000000000  0.005448018102  0.006576670704  0.008198199521  0.005448018102  0.005448018102  0.005448018102  0.008198199521  0.005448018102  0.002719603851  0.008198199521  0.000000000000  0.000000000000  0.007778939673  0.005448018102  0.005448018102  0.005448018102  
piranga_ludoviciana_sdsu2650 0.000000000000  0.000000000000  0.000000000000  0.003460112646  0.000000000000  0.003463800928  0.003460112646  0.003463800928  0.000000000000  0.000000000000  0.000000000000  0.000000000000  0.000000000000  0.000000000000  0.000000000000  0.000000000000  0.003463800928  0.000000000000  0.000000000000  0.000000000000  0.003463800928  0.000000000000  0.003460112646  0.000000000000  0.006941913602  0.007778939673  0.000000000000  0.000000000000  0.000000000000  0.000000000000  
piranga_bidentata_tepe59 0.000000000000  0.003592382573  0.000000000000  0.003588775104  0.002512222285  0.001205252787  0.001605113919  0.001206707176  0.000000000000  0.000000000000  0.000000000000  0.001548703785  0.001193742685  0.000000000000  0.002389178044  0.000000000000  0.002391195830  0.001193742685  0.000000000000  0.000000000000  0.002391195830  0.002391195830  0.002389178044  0.002455791094  0.002389178044  0.005448018102  0.000000000000  0.000000000000  0.001193742685  0.001193304722  
piranga_rubra_sdsu2635 0.000000000000  0.002391195830  0.001193742685  0.004792119165  0.003773871707  0.002414288046  0.001605113919  0.002417205972  0.001193742685  0.001193742685  0.000000000000  0.001548703785  0.000000000000  0.000000000000  0.001193304722  0.000000000000  0.001193742685  0.002391195830  0.000000000000  0.001193742685  0.003592382573  0.001193742685  0.003588775104  0.002455791094  0.003588775104  0.005448018102  0.000000000000  0.001193742685  0.000000000000  0.002389178044  
piranga_bidentata_itm141 0.001291974848  0.004792119165  0.001193304722  0.004789198555  0.003772405926  0.002412231085  0.001605113919  0.002415144034  0.001193304722  0.001193304722  0.000000000000  0.003100258426  0.002389178044  0.000000000000  0.003587449889  0.000000000000  0.003588775104  0.002389178044  0.000000000000  0.001193304722  0.003588775104  0.003588775104  0.003587449889  0.003685776751  0.003587449889  0.005448018102  0.000000000000  0.001193304722  0.002389178044  0.000000000000  

