30
piranga_rubra_ku26592 0.000000000000  0.008134922329  0.017457703399  0.028201997242  0.029496150206  0.027177592420  0.008117590104  0.023601442832  0.005376773322  0.015088214995  0.015670481297  0.010870590816  0.008107685118  0.004302035711  0.003492051572  0.006516376430  0.012741622775  0.023458921402  0.002696930531  0.012800937863  0.030683551424  0.004606334095  0.030637092094  0.016056318322  0.031936928299  0.021450307447  0.002393535260  0.013935440041  0.004592728890  0.012800937863  
piranga_flava_ku90809 0.008134922329  0.000000000000  0.016412265912  0.024794737078  0.024870781981  0.026061062382  0.011381666768  0.022474517202  0.006799972213  0.014029696156  0.017169181603  0.009745665229  0.006967184771  0.005743469369  0.005887210501  0.005208734286  0.011667093771  0.020033285753  0.002695112405  0.011667093771  0.026061062382  0.003483940801  0.027229260179  0.012298850664  0.028511303859  0.024514043193  0.004795216104  0.012866240248  0.008139221646  0.011667093771  
piranga_ludoviciana_sdsu2385 0.017457703399  0.016412265912  0.000000000000  0.031838314565  0.033150917015  0.028376415283  0.008106878898  0.024794126101  0.016324288292  0.008023034088  0.000000000000  0.021993067956  0.016360799469  0.010100606522  0.015331821961  0.014455736111  0.021037539473  0.027071417496  0.000000000000  0.004613919556  0.034343335901  0.015140939237  0.034292197992  0.022375893650  0.035608622607  0.018318087406  0.000000000000  0.010401515567  0.015100282805  0.004613919556  
piranga_rubriceps_lsu265 0.028201997242  0.024794737078  0.031838314565  0.000000000000  0.010384581779  0.027117116186  0.023050131575  0.025968748684  0.023253951829  0.027007821155  0.030457802981  0.029520713034  0.027135314139  0.026377089341  0.026197225800  0.026612444921  0.031860027546  0.030689104703  0.022030775116  0.027117116186  0.013883598610  0.025872109793  0.002286800970  0.030038143493  0.016231312671  0.006013580174  0.021970126694  0.028235186310  0.028221423355  0.027117116186  
piranga_leucoptera_lsu7783 0.029496150206  0.024870781981  0.033150917015  0.010384581779  0.000000000000  0.027209755020  0.023077143504  0.026067714216  0.026132112534  0.028299454244  0.031898718338  0.030850531134  0.027233878363  0.024910066454  0.026268879553  0.028049646034  0.030719820016  0.031997108931  0.022030775116  0.027209755020  0.005754057183  0.027155475298  0.012724664739  0.031414651928  0.016271265327  0.009053421137  0.019505641139  0.029531005472  0.029520939667  0.027209755020  
cardinalis_cardinalis_ku25393 0.027177592420  0.026061062382  0.028376415283  0.027117116186  0.027209755020  0.000000000000  0.019701755696  0.003361928341  0.026265973947  0.023551842175  0.027913002306  0.032272986414  0.025981477060  0.024910066454  0.025150562858  0.028012217259  0.030855547796  0.032137329571  0.016386321894  0.023531999310  0.030855547796  0.024831434349  0.029556923646  0.032678790881  0.033325782720  0.030919442851  0.016989933450  0.024772833272  0.027201658347  0.023531999310  
piranga_olivacea_ku2699 0.008117590104  0.011381666768  0.008106878898  0.023050131575  0.023077143504  0.019701755696  0.000000000000  0.014752297975  0.010855255808  0.006473132911  0.008449379572  0.017990251481  0.009760369334  0.008106878898  0.008117590104  0.009747092541  0.013047129059  0.011418801525  0.005411531149  0.004845803775  0.024775205661  0.008106878898  0.026447739253  0.019662347872  0.024775205661  0.021450307447  0.004800978321  0.008120044918  0.008117590104  0.004845803775  
cardinalis_cardinalis_ku21828 0.023601442832  0.022474517202  0.024794126101  0.025968748684  0.026067714216  0.003361928341  0.014752297975  0.000000000000  0.022086323595  0.019994537032  0.023885656125  0.028501981898  0.022411439709  0.020477490268  0.021530980698  0.023973653750  0.027259948008  0.028526842854  0.008144034927  0.019974960029  0.027259948008  0.021255312190  0.028410017588  0.028859742564  0.029717022801  0.027786692716  0.009658240995  0.021205221225  0.023625198712  0.019974960029  
piranga_rubra_ku7046 0.005376773322  0.006799972213  0.016324288292  0.023253951829  0.026132112534  0.026265973947  0.010855255808  0.022086323595  0.000000000000  0.013559383671  0.016481249966  0.006846529152  0.006775530396  0.004909242265  0.004030233398  0.007176049547  0.009465595337  0.020524509035  0.002696930531  0.010881840703  0.027515166624  0.004042618736  0.026073579089  0.010174012132  0.027542362061  0.018318087406  0.002393535260  0.012212304596  0.004030233398  0.010881840703  
piranga_bidentata_hgoslp104 0.015088214995  0.014029696156  0.008023034088  0.027007821155  0.028299454244  0.023551842175  0.006473132911  0.019994537032  0.013559383671  0.000000000000  0.009026602160  0.019495190081  0.013984163166  0.010093972335  0.012936437497  0.013121536858  0.018647548668  0.022271548462  0.000000000000  0.002301003185  0.029486107663  0.012776569031  0.029438590792  0.021102778129  0.030737800673  0.018318087406  0.002393535260  0.008069277982  0.012741622775  0.002301003185  
piranga_ludoviciana_sdsu2648 0.015670481297  0.017169181603  0.000000000000  0.030457802981  0.031898718338  0.027913002306  0.008449379572  0.023885656125  0.016481249966  0.009026602160  0.000000000000  0.021157694360  0.017107532291  0.010869133660  0.014354607508  0.015111120600  0.019698504597  0.027816919327  0.000000000000  0.005195203917  0.033236470515  0.014342635791  0.033209832035  0.022339540441  0.031883670432  0.018318087406  0.000000000000  0.011714873308  0.014354607508  0.005195203917  
piranga_roseogularis_ku2049 0.010870590816  0.009745665229  0.021993067956  0.029520713034  0.030850531134  0.032272986414  0.017990251481  0.028501981898  0.006846529152  0.019495190081  0.021157694360  0.000000000000  0.012156929017  0.011545883564  0.009653359184  0.013107901529  0.015783377426  0.022034649191  0.002695112405  0.017103916523  0.032091151521  0.009651442514  0.032070993613  0.002520212182  0.033397657834  0.021406958770  0.002392103212  0.018284052379  0.010873924338  0.017103916523  
piranga_hepatica_ku4970 0.008107685118  0.006967184771  0.016360799469  0.027135314139  0.027233878363  0.025981477060  0.009760369334  0.022411439709  0.006775530396  0.013984163166  0.017107532291  0.012156929017  0.000000000000  0.004303586825  0.005868876560  0.007837263765  0.006939820081  0.022376488677  0.002696930531  0.011631162500  0.028425443687  0.005795319596  0.029577958823  0.014808870992  0.030883912138  0.024606387120  0.004800978321  0.012827287162  0.008115707758  0.011631162500  
piranga_hepatica_ku9084 0.004302035711  0.005743469369  0.010100606522  0.026377089341  0.024910066454  0.024910066454  0.008106878898  0.020477490268  0.004909242265  0.010093972335  0.010869133660  0.011545883564  0.004303586825  0.000000000000  0.002864567102  0.005879171363  0.007191177103  0.018973625337  0.002695112405  0.007191177103  0.026421621719  0.002864984989  0.029408072127  0.013007349165  0.029461377153  0.021406958770  0.002392103212  0.010115202779  0.002864567102  0.007191177103  
piranga_rubra_sdsu2654 0.003492051572  0.005887210501  0.015331821961  0.026197225800  0.026268879553  0.025150562858  0.008117590104  0.021530980698  0.004030233398  0.012936437497  0.014354607508  0.009653359184  0.005868876560  0.002864567102  0.000000000000  0.005208734286  0.009376736319  0.021395491993  0.002696930531  0.010613603462  0.027469823408  0.003504288784  0.028659678869  0.013776541505  0.028731827886  0.021450307447  0.002393535260  0.011768047394  0.001161719961  0.010613603462  
piranga_flava_lsu15408 0.006516376430  0.005208734286  0.014455736111  0.026612444921  0.028049646034  0.028012217259  0.009747092541  0.023973653750  0.007176049547  0.013121536858  0.015111120600  0.013107901529  0.007837263765  0.005879171363  0.005208734286  0.000000000000  0.011800399293  0.021229788548  0.002696930531  0.010473062415  0.029393592993  0.002598806971  0.029366989109  0.015920327388  0.026635431812  0.021406958770  0.004794040409  0.013149271062  0.005208734286  0.010473062415  
piranga_lutea_lsu5400 0.012741622775  0.011667093771  0.021037539473  0.031860027546  0.030719820016  0.030855547796  0.013047129059  0.027259948008  0.009465595337  0.018647548668  0.019698504597  0.015783377426  0.006939820081  0.007191177103  0.009376736319  0.011800399293  0.000000000000  0.027091482799  0.005411531149  0.016360799469  0.031909341550  0.010432468920  0.034316781049  0.019845353160  0.033167796598  0.024606387120  0.004800978321  0.017492826190  0.012752924394  0.016360799469  
piranga_olivacea_ku4672 0.023458921402  0.020033285753  0.027071417496  0.030689104703  0.031997108931  0.032137329571  0.011418801525  0.028526842854  0.020524509035  0.022271548462  0.027816919327  0.022034649191  0.022376488677  0.018973625337  0.021395491993  0.021229788548  0.027091482799  0.000000000000  0.005411531149  0.022359894396  0.033190231551  0.021128944953  0.033141743567  0.019873209550  0.034453569928  0.018318087406  0.007209983505  0.023486476033  0.023476740557  0.022359894396  
piranga_ludoviciana_sdsu2208 0.002696930531  0.002695112405  0.000000000000  0.022030775116  0.022030775116  0.016386321894  0.005411531149  0.008144034927  0.002696930531  0.000000000000  0.000000000000  0.002695112405  0.002696930531  0.002695112405  0.002696930531  0.002696930531  0.005411531149  0.005411531149  0.000000000000  0.000000000000  0.022030775116  0.000000000000  0.027725140027  0.002695112405  0.027667472146  0.020030680264  0.000000000000  0.002702395687  0.002696930531  0.000000000000  
piranga_bidentata_itm160 0.012800937863  0.011667093771  0.004613919556  0.027117116186  0.027209755020  0.023531999310  0.004845803775  0.019974960029  0.010881840703  0.002301003185  0.005195203917  0.017103916523  0.011631162500  0.007191177103  0.010613603462  0.010473062415  0.016360799469  0.022359894396  0.000000000000  0.000000000000  0.028399953428  0.010481068251  0.029556923646  0.018578487508  0.030855547796  0.018318087406  0.000000000000  0.005778350482  0.010453337531  0.000000000000  
piranga_leucoptera_fmnh481795 0.030683551424  0.026061062382  0.034343335901  0.013883598610  0.005754057183  0.030855547796  0.024775205661  0.027259948008  0.027515166624  0.029486107663  0.033236470515  0.032091151521  0.028425443687  0.026421621719  0.027469823408  0.029393592993  0.031909341550  0.033190231551  0.022030775116  0.028399953428  0.000000000000  0.028342892400  0.016240894400  0.032678790881  0.017437406241  0.012115730040  0.022009174124  0.030719820016  0.030709705833  0.028399953428  
piranga_lutea_ku89864 0.004606334095  0.003483940801  0.015140939237  0.025872109793  0.027155475298  0.024831434349  0.008106878898  0.021255312190  0.004042618736  0.012776569031  0.014342635791  0.009651442514  0.005795319596  0.002864984989  0.003504288784  0.002598806971  0.010432468920  0.021128944953  0.000000000000  0.010481068251  0.028342892400  0.000000000000  0.028301799419  0.013549409871  0.029590851240  0.021406958770  0.002392103212  0.011621082002  0.004608603578  0.010481068251  
piranga_rubriceps_lsu34818 0.030637092094  0.027229260179  0.034292197992  0.002286800970  0.012724664739  0.029556923646  0.026447739253  0.028410017588  0.026073579089  0.029438590792  0.033209832035  0.032070993613  0.029577958823  0.029408072127  0.028659678869  0.029366989109  0.034316781049  0.033141743567  0.027725140027  0.029556923646  0.016240894400  0.028301799419  0.000000000000  0.032634779269  0.018599424285  0.012115730040  0.027010911349  0.030673249628  0.030659344475  0.029556923646  
piranga_roseogularis_ku2141 0.016056318322  0.012298850664  0.022375893650  0.030038143493  0.031414651928  0.032678790881  0.019662347872  0.028859742564  0.010174012132  0.021102778129  0.022339540441  0.002520212182  0.014808870992  0.013007349165  0.013776541505  0.015920327388  0.019845353160  0.019873209550  0.002695112405  0.018578487508  0.032678790881  0.013549409871  0.032634779269  0.000000000000  0.035298320315  0.021406958770  0.002392103212  0.021142370388  0.016065723557  0.018578487508  
piranga_erythrocephala_fmnh343371 0.031936928299  0.028511303859  0.035608622607  0.016231312671  0.016271265327  0.033325782720  0.024775205661  0.029717022801  0.027542362061  0.030737800673  0.031883670432  0.033397657834  0.030883912138  0.029461377153  0.028731827886  0.026635431812  0.033167796598  0.034453569928  0.027667472146  0.030855547796  0.017437406241  0.029590851240  0.018599424285  0.035298320315  0.000000000000  0.002993636287  0.024482853088  0.031974767258  0.031966458832  0.030855547796  
piranga_erythrocephala_fmnh343370 0.021450307447  0.024514043193  0.018318087406  0.006013580174  0.009053421137  0.030919442851  0.021450307447  0.027786692716  0.018318087406  0.018318087406  0.018318087406  0.021406958770  0.024606387120  0.021406958770  0.021450307447  0.021406958770  0.024606387120  0.018318087406  0.020030680264  0.018318087406  0.012115730040  0.021406958770  0.012115730040  0.021406958770  0.002993636287  0.000000000000  0.018318087406  0.018374192558  0.021450307447  0.018318087406  
piranga_ludoviciana_sdsu2650 0.002393535260  0.004795216104  0.000000000000  0.021970126694  0.019505641139  0.016989933450  0.004800978321  0.009658240995  0.002393535260  0.002393535260  0.000000000000  0.002392103212  0.004800978321  0.002392103212  0.002393535260  0.004794040409  0.004800978321  0.007209983505  0.000000000000  0.000000000000  0.022009174124  0.002392103212  0.027010911349  0.002392103212  0.024482853088  0.018318087406  0.000000000000  0.002397839104  0.002393535260  0.000000000000  
piranga_bidentata_tepe59 0.013935440041  0.012866240248  0.010401515567  0.028235186310  0.029531005472  0.024772833272  0.008120044918  0.021205221225  0.012212304596  0.008069277982  0.011714873308  0.018284052379  0.012827287162  0.010115202779  0.011768047394  0.013149271062  0.017492826190  0.023486476033  0.002702395687  0.005778350482  0.030719820016  0.011621082002  0.030673249628  0.021142370388  0.031974767258  0.018374192558  0.002397839104  0.000000000000  0.011590715883  0.005778350482  
piranga_rubra_sdsu2635 0.004592728890  0.008139221646  0.015100282805  0.028221423355  0.029520939667  0.027201658347  0.008117590104  0.023625198712  0.004030233398  0.012741622775  0.014354607508  0.010873924338  0.008115707758  0.002864567102  0.001161719961  0.005208734286  0.012752924394  0.023476740557  0.002696930531  0.010453337531  0.030709705833  0.004608603578  0.030659344475  0.016065723557  0.031966458832  0.021450307447  0.002393535260  0.011590715883  0.000000000000  0.010453337531  
piranga_bidentata_itm141 0.012800937863  0.011667093771  0.004613919556  0.027117116186  0.027209755020  0.023531999310  0.004845803775  0.019974960029  0.010881840703  0.002301003185  0.005195203917  0.017103916523  0.011631162500  0.007191177103  0.010613603462  0.010473062415  0.016360799469  0.022359894396  0.000000000000  0.000000000000  0.028399953428  0.010481068251  0.029556923646  0.018578487508  0.030855547796  0.018318087406  0.000000000000  0.005778350482  0.010453337531  0.000000000000  

