30
cardinalis_cardinalis_ku21828 0.000000000000  0.000500272259  0.020795937177  0.020795937177  0.023887475759  0.023887475759  0.023887475759  0.025956911876  0.025956911876  0.028551984308  0.022339121533  0.026476596366  0.021824815041  0.021824815041  0.029073077738  0.025956911876  0.026476596366  0.022856383733  0.022856383733  0.022342720075  0.021310172331  0.021310172331  0.022856383733  0.024922700155  0.022856383733  0.021310172331  0.021310172331  0.021310172331  0.021310172331  0.021310172331  
cardinalis_cardinalis_ku25393 0.000500272259  0.000000000000  0.021311654454  0.021311654454  0.024404796391  0.024404796391  0.024404796391  0.026475622879  0.026475622879  0.029072364272  0.022855325990  0.026996210660  0.022341065665  0.022341065665  0.029594366819  0.026475622879  0.026996210660  0.023373482765  0.023373482765  0.022859865433  0.021826156143  0.021826156143  0.023373482765  0.025441188365  0.023373482765  0.021826156143  0.021826156143  0.021826156143  0.021826156143  0.021826156143  
piranga_hepatica_ku4970 0.020795937177  0.021311654454  0.000000000000  0.000000000000  0.003508744712  0.003508744712  0.003508744712  0.005521322980  0.005521322980  0.008552424402  0.002003091511  0.005520901955  0.001000771998  0.001000771998  0.008044462033  0.005018234115  0.005520901955  0.002002763416  0.002002763416  0.001501784877  0.000500192890  0.000500192890  0.002002763416  0.004011074193  0.002002763416  0.000500192890  0.000500192890  0.000500192890  0.000500192890  0.000500192890  
piranga_flava_ku90809 0.020795937177  0.021311654454  0.000000000000  0.000000000000  0.003508744712  0.003508744712  0.003508744712  0.005521322980  0.005521322980  0.008552424402  0.002003091511  0.005520901955  0.001000771998  0.001000771998  0.008044462033  0.005018234115  0.005520901955  0.002002763416  0.002002763416  0.001501784877  0.000500192890  0.000500192890  0.002002763416  0.004011074193  0.002002763416  0.000500192890  0.000500192890  0.000500192890  0.000500192890  0.000500192890  
piranga_rubra_sdsu2654 0.023887475759  0.024404796391  0.003508744712  0.003508744712  0.000000000000  0.000000000000  0.000000000000  0.002002763416  0.002002763416  0.005018234115  0.001501546121  0.009056637722  0.004514680076  0.004514680076  0.011592800290  0.008552424402  0.009056637722  0.005521322980  0.005521322980  0.005017232234  0.004011517165  0.004011517165  0.005521322980  0.007539503982  0.005521322980  0.004011517165  0.004011517165  0.004011517165  0.004011517165  0.004011517165  
piranga_bidentata_itm160 0.023887475759  0.024404796391  0.003508744712  0.003508744712  0.000000000000  0.000000000000  0.000000000000  0.002002763416  0.002002763416  0.005018234115  0.001501546121  0.009056637722  0.004514680076  0.004514680076  0.011592800290  0.008552424402  0.009056637722  0.005521322980  0.005521322980  0.005017232234  0.004011517165  0.004011517165  0.005521322980  0.007539503982  0.005521322980  0.004011517165  0.004011517165  0.004011517165  0.004011517165  0.004011517165  
piranga_ludoviciana_sdsu2208 0.023887475759  0.024404796391  0.003508744712  0.003508744712  0.000000000000  0.000000000000  0.000000000000  0.002002763416  0.002002763416  0.005018234115  0.001501546121  0.009056637722  0.004514680076  0.004514680076  0.011592800290  0.008552424402  0.009056637722  0.005521322980  0.005521322980  0.005017232234  0.004011517165  0.004011517165  0.005521322980  0.007539503982  0.005521322980  0.004011517165  0.004011517165  0.004011517165  0.004011517165  0.004011517165  
piranga_hepatica_ku9084 0.025956911876  0.026475622879  0.005521322980  0.005521322980  0.002002763416  0.002002763416  0.002002763416  0.000000000000  0.000000000000  0.003006963837  0.003508438910  0.011084669417  0.006530114670  0.006530114670  0.013627979318  0.010579251115  0.011084669417  0.007539503982  0.007539503982  0.007033864761  0.006025522459  0.006025522459  0.007539503982  0.009563319177  0.007539503982  0.006025522459  0.006025522459  0.006025522459  0.006025522459  0.006025522459  
piranga_roseogularis_ku2141 0.025956911876  0.026475622879  0.005521322980  0.005521322980  0.002002763416  0.002002763416  0.002002763416  0.000000000000  0.000000000000  0.003006963837  0.003508438910  0.011084669417  0.006530114670  0.006530114670  0.013627979318  0.010579251115  0.011084669417  0.007539503982  0.007539503982  0.007033864761  0.006025522459  0.006025522459  0.007539503982  0.009563319177  0.007539503982  0.006025522459  0.006025522459  0.006025522459  0.006025522459  0.006025522459  
piranga_roseogularis_ku2049 0.028551984308  0.029072364272  0.008552424402  0.008552424402  0.005018234115  0.005018234115  0.005018234115  0.003006963837  0.003006963837  0.000000000000  0.006530114670  0.014139453300  0.009565953352  0.009565953352  0.016693963789  0.013633343039  0.014139453300  0.010579251115  0.010579251115  0.010070397287  0.009058990466  0.009058990466  0.010579251115  0.012611761765  0.010579251115  0.009058990466  0.009058990466  0.009058990466  0.009058990466  0.009058990466  
piranga_lutea_lsu5400 0.022339121533  0.022855325990  0.002003091511  0.002003091511  0.001501546121  0.001501546121  0.001501546121  0.003508438910  0.003508438910  0.006530114670  0.000000000000  0.007539503982  0.003006963837  0.003006963837  0.010070397287  0.007036375042  0.007539503982  0.004011517165  0.004011517165  0.003508438910  0.002504833240  0.002504833240  0.004011517165  0.006025522459  0.004011517165  0.002504833240  0.002504833240  0.002504833240  0.002504833240  0.002504833240  
piranga_lutea_ku89864 0.026476596366  0.026996210660  0.005520901955  0.005520901955  0.009056637722  0.009056637722  0.009056637722  0.011084669417  0.011084669417  0.014139453300  0.007539503982  0.000000000000  0.006529416990  0.006529416990  0.013627084235  0.010577872737  0.011084035450  0.007538966435  0.007538966435  0.007033903247  0.006024963316  0.006024963316  0.007538966435  0.009562663791  0.007538966435  0.006024963316  0.006024963316  0.006024963316  0.006024963316  0.006024963316  
piranga_rubriceps_lsu34818 0.021824815041  0.022341065665  0.001000771998  0.001000771998  0.004514680076  0.004514680076  0.004514680076  0.006530114670  0.006530114670  0.009565953352  0.003006963837  0.006529416990  0.000000000000  0.000000000000  0.007033864761  0.004011517165  0.004513953481  0.001000715955  0.001000715955  0.001501784877  0.000500192890  0.000500192890  0.002002763416  0.004011074193  0.002002763416  0.000500192890  0.000500192890  0.000500192890  0.000500192890  0.000500192890  
piranga_rubriceps_lsu265 0.021824815041  0.022341065665  0.001000771998  0.001000771998  0.004514680076  0.004514680076  0.004514680076  0.006530114670  0.006530114670  0.009565953352  0.003006963837  0.006529416990  0.000000000000  0.000000000000  0.007033864761  0.004011517165  0.004513953481  0.001000715955  0.001000715955  0.001501784877  0.000500192890  0.000500192890  0.002002763416  0.004011074193  0.002002763416  0.000500192890  0.000500192890  0.000500192890  0.000500192890  0.000500192890  
piranga_leucoptera_fmnh481795 0.029073077738  0.029594366819  0.008044462033  0.008044462033  0.011592800290  0.011592800290  0.011592800290  0.013627979318  0.013627979318  0.016693963789  0.010070397287  0.013627084235  0.007033864761  0.007033864761  0.000000000000  0.008045138657  0.008549975663  0.008044224234  0.008044224234  0.008550038271  0.007538966435  0.007538966435  0.009056121954  0.011084035450  0.009056121954  0.007538966435  0.007538966435  0.007538966435  0.007538966435  0.007538966435  
piranga_leucoptera_lsu7783 0.025956911876  0.026475622879  0.005018234115  0.005018234115  0.008552424402  0.008552424402  0.008552424402  0.010579251115  0.010579251115  0.013633343039  0.007036375042  0.010577872737  0.004011517165  0.004011517165  0.008045138657  0.000000000000  0.005521322980  0.005017515558  0.005017515558  0.005520901955  0.004514680076  0.004514680076  0.006025522459  0.008045138657  0.006025522459  0.004514680076  0.004514680076  0.004514680076  0.004514680076  0.004514680076  
piranga_olivacea_ku4672 0.026476596366  0.026996210660  0.005520901955  0.005520901955  0.009056637722  0.009056637722  0.009056637722  0.011084669417  0.011084669417  0.014139453300  0.007539503982  0.011084035450  0.004513953481  0.004513953481  0.008549975663  0.005521322980  0.000000000000  0.005520916516  0.005520916516  0.006025153576  0.005017232234  0.005017232234  0.006529156334  0.008549975663  0.006529156334  0.005017232234  0.005017232234  0.005017232234  0.005017232234  0.005017232234  
piranga_erythrocephala_fmnh343371 0.022856383733  0.023373482765  0.002002763416  0.002002763416  0.005521322980  0.005521322980  0.005521322980  0.007539503982  0.007539503982  0.010579251115  0.004011517165  0.007538966435  0.001000715955  0.001000715955  0.008044224234  0.005017515558  0.005520916516  0.000000000000  0.000000000000  0.002504734774  0.001501546121  0.001501546121  0.003006193001  0.005017232234  0.003006193001  0.001501546121  0.001501546121  0.001501546121  0.001501546121  0.001501546121  
piranga_erythrocephala_fmnh343370 0.022856383733  0.023373482765  0.002002763416  0.002002763416  0.005521322980  0.005521322980  0.005521322980  0.007539503982  0.007539503982  0.010579251115  0.004011517165  0.007538966435  0.001000715955  0.001000715955  0.008044224234  0.005017515558  0.005520916516  0.000000000000  0.000000000000  0.002504734774  0.001501546121  0.001501546121  0.003006193001  0.005017232234  0.003006193001  0.001501546121  0.001501546121  0.001501546121  0.001501546121  0.001501546121  
piranga_ludoviciana_sdsu2385 0.022342720075  0.022859865433  0.001501784877  0.001501784877  0.005017232234  0.005017232234  0.005017232234  0.007033864761  0.007033864761  0.010070397287  0.003508438910  0.007033903247  0.001501784877  0.001501784877  0.008550038271  0.005520901955  0.006025153576  0.002504734774  0.002504734774  0.000000000000  0.001001089828  0.001001089828  0.002504734774  0.004514241597  0.002504734774  0.001001089828  0.001001089828  0.001001089828  0.001001089828  0.001001089828  
piranga_flava_lsu15408 0.021310172331  0.021826156143  0.000500192890  0.000500192890  0.004011517165  0.004011517165  0.004011517165  0.006025522459  0.006025522459  0.009058990466  0.002504833240  0.006024963316  0.000500192890  0.000500192890  0.007538966435  0.004514680076  0.005017232234  0.001501546121  0.001501546121  0.001001089828  0.000000000000  0.000000000000  0.001501546121  0.003508438910  0.001501546121  0.000000000000  0.000000000000  0.000000000000  0.000000000000  0.000000000000  
piranga_ludoviciana_sdsu2650 0.021310172331  0.021826156143  0.000500192890  0.000500192890  0.004011517165  0.004011517165  0.004011517165  0.006025522459  0.006025522459  0.009058990466  0.002504833240  0.006024963316  0.000500192890  0.000500192890  0.007538966435  0.004514680076  0.005017232234  0.001501546121  0.001501546121  0.001001089828  0.000000000000  0.000000000000  0.001501546121  0.003508438910  0.001501546121  0.000000000000  0.000000000000  0.000000000000  0.000000000000  0.000000000000  
piranga_olivacea_ku2699 0.022856383733  0.023373482765  0.002002763416  0.002002763416  0.005521322980  0.005521322980  0.005521322980  0.007539503982  0.007539503982  0.010579251115  0.004011517165  0.007538966435  0.002002763416  0.002002763416  0.009056121954  0.006025522459  0.006529156334  0.003006193001  0.003006193001  0.002504734774  0.001501546121  0.001501546121  0.000000000000  0.002002763416  0.000000000000  0.001501546121  0.001501546121  0.001501546121  0.001501546121  0.001501546121  
piranga_bidentata_tepe59 0.024922700155  0.025441188365  0.004011074193  0.004011074193  0.007539503982  0.007539503982  0.007539503982  0.009563319177  0.009563319177  0.012611761765  0.006025522459  0.009562663791  0.004011074193  0.004011074193  0.011084035450  0.008045138657  0.008549975663  0.005017232234  0.005017232234  0.004514241597  0.003508438910  0.003508438910  0.002002763416  0.000000000000  0.002002763416  0.003508438910  0.003508438910  0.003508438910  0.003508438910  0.003508438910  
piranga_bidentata_hgoslp104 0.022856383733  0.023373482765  0.002002763416  0.002002763416  0.005521322980  0.005521322980  0.005521322980  0.007539503982  0.007539503982  0.010579251115  0.004011517165  0.007538966435  0.002002763416  0.002002763416  0.009056121954  0.006025522459  0.006529156334  0.003006193001  0.003006193001  0.002504734774  0.001501546121  0.001501546121  0.000000000000  0.002002763416  0.000000000000  0.001501546121  0.001501546121  0.001501546121  0.001501546121  0.001501546121  
piranga_ludoviciana_sdsu2648 0.021310172331  0.021826156143  0.000500192890  0.000500192890  0.004011517165  0.004011517165  0.004011517165  0.006025522459  0.006025522459  0.009058990466  0.002504833240  0.006024963316  0.000500192890  0.000500192890  0.007538966435  0.004514680076  0.005017232234  0.001501546121  0.001501546121  0.001001089828  0.000000000000  0.000000000000  0.001501546121  0.003508438910  0.001501546121  0.000000000000  0.000000000000  0.000000000000  0.000000000000  0.000000000000  
piranga_bidentata_itm141 0.021310172331  0.021826156143  0.000500192890  0.000500192890  0.004011517165  0.004011517165  0.004011517165  0.006025522459  0.006025522459  0.009058990466  0.002504833240  0.006024963316  0.000500192890  0.000500192890  0.007538966435  0.004514680076  0.005017232234  0.001501546121  0.001501546121  0.001001089828  0.000000000000  0.000000000000  0.001501546121  0.003508438910  0.001501546121  0.000000000000  0.000000000000  0.000000000000  0.000000000000  0.000000000000  
piranga_rubra_sdsu2635 0.021310172331  0.021826156143  0.000500192890  0.000500192890  0.004011517165  0.004011517165  0.004011517165  0.006025522459  0.006025522459  0.009058990466  0.002504833240  0.006024963316  0.000500192890  0.000500192890  0.007538966435  0.004514680076  0.005017232234  0.001501546121  0.001501546121  0.001001089828  0.000000000000  0.000000000000  0.001501546121  0.003508438910  0.001501546121  0.000000000000  0.000000000000  0.000000000000  0.000000000000  0.000000000000  
piranga_rubra_ku7046 0.021310172331  0.021826156143  0.000500192890  0.000500192890  0.004011517165  0.004011517165  0.004011517165  0.006025522459  0.006025522459  0.009058990466  0.002504833240  0.006024963316  0.000500192890  0.000500192890  0.007538966435  0.004514680076  0.005017232234  0.001501546121  0.001501546121  0.001001089828  0.000000000000  0.000000000000  0.001501546121  0.003508438910  0.001501546121  0.000000000000  0.000000000000  0.000000000000  0.000000000000  0.000000000000  
piranga_rubra_ku26592 0.021310172331  0.021826156143  0.000500192890  0.000500192890  0.004011517165  0.004011517165  0.004011517165  0.006025522459  0.006025522459  0.009058990466  0.002504833240  0.006024963316  0.000500192890  0.000500192890  0.007538966435  0.004514680076  0.005017232234  0.001501546121  0.001501546121  0.001001089828  0.000000000000  0.000000000000  0.001501546121  0.003508438910  0.001501546121  0.000000000000  0.000000000000  0.000000000000  0.000000000000  0.000000000000  

