30
piranga_rubra_ku26592 0.000000000000  0.001383105915  0.001808284771  0.001381717535  0.005803526169  0.015417853140  0.000000000000  0.014001492194  0.000000000000  0.001381717535  0.000000000000  0.005502037434  0.001406449153  0.002610898625  0.001383105915  0.000000000000  0.002766176556  0.005484689561  0.001763636511  0.001381195574  0.006957297885  0.004154965532  0.001381717535  0.004219245700  0.002768271928  0.006981584995  0.000000000000  0.004155246783  0.000000000000  0.000000000000  
piranga_flava_ku90809 0.001383105915  0.000000000000  0.003629639609  0.002769622752  0.005811958723  0.015411812936  0.000000000000  0.013994543401  0.001383105915  0.002769622752  0.001383105915  0.005512146866  0.000000000000  0.002610898625  0.002773849539  0.000000000000  0.001383105915  0.005494735322  0.003539704151  0.002770007734  0.008364741084  0.002770007734  0.002769622752  0.005641476307  0.004161010164  0.006981584995  0.000000000000  0.005553731595  0.001383105915  0.001383105915  
piranga_ludoviciana_sdsu2385 0.001808284771  0.003629639609  0.000000000000  0.003622404450  0.009663891493  0.018397566294  0.002590607127  0.018397566294  0.001808284771  0.003622404450  0.001808284771  0.007978915183  0.003710445567  0.005235362424  0.003629639609  0.002066072460  0.005444389620  0.007615655645  0.003676343185  0.003623064363  0.009115155530  0.007272312036  0.003622404450  0.007272312036  0.005444871179  0.010490569544  0.003322153390  0.005442151096  0.001808284771  0.001808284771  
piranga_rubriceps_lsu265 0.001381717535  0.002769622752  0.003622404450  0.000000000000  0.004333672324  0.016799123904  0.002592444753  0.015383716798  0.001381717535  0.002768271928  0.001381717535  0.007349777373  0.002816425485  0.002610898625  0.002769622752  0.001946522695  0.004153665182  0.007329088102  0.003532822891  0.002765792641  0.005540635365  0.005545357820  0.000000000000  0.005631233396  0.001377909767  0.003475410273  0.002476863965  0.005549592196  0.001381717535  0.001381717535  
piranga_leucoptera_lsu7783 0.005803526169  0.005811958723  0.009663891493  0.004333672324  0.000000000000  0.019066103190  0.010437589941  0.017578210985  0.005803526169  0.007266204702  0.005803526169  0.012926825458  0.005803526169  0.007873545369  0.007273855628  0.007824212384  0.007263289044  0.009286940236  0.009269722338  0.007263289044  0.007245146409  0.008727276223  0.004333672324  0.008869186324  0.005786734257  0.006965793373  0.007463154675  0.010200546033  0.005803526169  0.005803526169  
cardinalis_cardinalis_ku25393 0.015417853140  0.015411812936  0.018397566294  0.016799123904  0.019066103190  0.000000000000  0.010464897972  0.001371722481  0.015417853140  0.016846295857  0.015417853140  0.020494807931  0.015697752108  0.013179229136  0.016861840737  0.015796329312  0.016833057667  0.020429393319  0.019768445120  0.016838178367  0.022548398782  0.018258301808  0.016799123904  0.020000285641  0.018126954720  0.010519073691  0.009992031630  0.019706411871  0.015417853140  0.015417853140  
piranga_olivacea_ku2699 0.000000000000  0.000000000000  0.002590607127  0.002592444753  0.010437589941  0.010464897972  0.000000000000  0.010464897972  0.000000000000  0.000000000000  0.000000000000  0.007807404206  0.000000000000  0.003002915345  0.002590607127  0.000000000000  0.002590607127  0.002592444753  0.002590607127  0.002590607127  0.007828799772  0.002590607127  0.002592444753  0.005194568763  0.005201969162  0.006981584995  0.000000000000  0.000000000000  0.000000000000  0.000000000000  
cardinalis_cardinalis_ku21828 0.014001492194  0.013994543401  0.018397566294  0.015383716798  0.017578210985  0.001371722481  0.010464897972  0.000000000000  0.014001492194  0.015426870322  0.014001492194  0.020494807931  0.014253879417  0.013179229136  0.015439495242  0.015796329312  0.015411812936  0.020429393319  0.019768445120  0.015417853140  0.021120580469  0.016833057667  0.015383716798  0.018549159453  0.016716482177  0.010519073691  0.007476618582  0.018279908710  0.014001492194  0.014001492194  
piranga_rubra_ku7046 0.000000000000  0.001383105915  0.001808284771  0.001381717535  0.005803526169  0.015417853140  0.000000000000  0.014001492194  0.000000000000  0.001381717535  0.000000000000  0.005502037434  0.001406449153  0.002610898625  0.001383105915  0.000000000000  0.002766176556  0.005484689561  0.001763636511  0.001381195574  0.006957297885  0.004154965532  0.001381717535  0.004219245700  0.002768271928  0.006981584995  0.000000000000  0.004155246783  0.000000000000  0.000000000000  
piranga_bidentata_hgoslp104 0.001381717535  0.002769622752  0.003622404450  0.002768271928  0.007266204702  0.016846295857  0.000000000000  0.015426870322  0.001381717535  0.000000000000  0.001381717535  0.005502037434  0.002816425485  0.002610898625  0.002769622752  0.000000000000  0.004153665182  0.007329088102  0.003532822891  0.002765792641  0.008363543158  0.005545357820  0.002768271928  0.005631233396  0.004159697161  0.006981584995  0.000000000000  0.002765792641  0.001381717535  0.001381717535  
piranga_ludoviciana_sdsu2648 0.000000000000  0.001383105915  0.001808284771  0.001381717535  0.005803526169  0.015417853140  0.000000000000  0.014001492194  0.000000000000  0.001381717535  0.000000000000  0.005502037434  0.001406449153  0.002610898625  0.001383105915  0.000000000000  0.002766176556  0.005484689561  0.001763636511  0.001381195574  0.006957297885  0.004154965532  0.001381717535  0.004219245700  0.002768271928  0.006981584995  0.000000000000  0.004155246783  0.000000000000  0.000000000000  
piranga_roseogularis_ku2049 0.005502037434  0.005512146866  0.007978915183  0.007349777373  0.012926825458  0.020494807931  0.007807404206  0.020494807931  0.005502037434  0.005502037434  0.005502037434  0.000000000000  0.005502037434  0.002612765174  0.003668920749  0.005856489488  0.003662202555  0.009594850264  0.003808658016  0.003662202555  0.012945284822  0.009201918009  0.007349777373  0.001829034018  0.009206177352  0.017599548840  0.008765526625  0.009201484499  0.005502037434  0.005502037434  
piranga_hepatica_ku4970 0.001406449153  0.000000000000  0.003710445567  0.002816425485  0.005803526169  0.015697752108  0.000000000000  0.014253879417  0.001406449153  0.002816425485  0.001406449153  0.005502037434  0.000000000000  0.002610898625  0.002820796490  0.000000000000  0.001406449153  0.005484689561  0.003564941970  0.002816823633  0.008507064834  0.002816823633  0.002816425485  0.005738600216  0.004231438904  0.006981584995  0.000000000000  0.005647832168  0.001406449153  0.001406449153  
piranga_hepatica_ku9084 0.002610898625  0.002610898625  0.005235362424  0.002610898625  0.007873545369  0.013179229136  0.003002915345  0.013179229136  0.002610898625  0.002610898625  0.002610898625  0.002612765174  0.002610898625  0.000000000000  0.000000000000  0.002610898625  0.000000000000  0.002610898625  0.000000000000  0.000000000000  0.002610898625  0.007873545369  0.002610898625  0.000000000000  0.005233979350  0.007543840217  0.004405109610  0.005235362424  0.002610898625  0.002610898625  
piranga_rubra_sdsu2654 0.001383105915  0.002773849539  0.003629639609  0.002769622752  0.007273855628  0.016861840737  0.002590607127  0.015439495242  0.001383105915  0.002769622752  0.001383105915  0.003668920749  0.002820796490  0.000000000000  0.000000000000  0.001949279054  0.001383105915  0.007336297104  0.000000000000  0.000000000000  0.008364741084  0.005555290022  0.002769622752  0.002812861951  0.004161010164  0.010490569544  0.002475186557  0.005553731595  0.001383105915  0.001383105915  
piranga_flava_lsu15408 0.000000000000  0.000000000000  0.002066072460  0.001946522695  0.007824212384  0.015796329312  0.000000000000  0.015796329312  0.000000000000  0.000000000000  0.000000000000  0.005856489488  0.000000000000  0.002610898625  0.001949279054  0.000000000000  0.001945486751  0.003972422665  0.001976244868  0.001945486751  0.005868502982  0.003898493689  0.001946522695  0.003898493689  0.003902658548  0.006981584995  0.000000000000  0.003897729142  0.000000000000  0.000000000000  
piranga_lutea_lsu5400 0.002766176556  0.001383105915  0.005444389620  0.004153665182  0.007263289044  0.016833057667  0.002590607127  0.015411812936  0.002766176556  0.004153665182  0.002766176556  0.003662202555  0.001406449153  0.000000000000  0.001383105915  0.001945486751  0.000000000000  0.007322866193  0.001763636511  0.001381195574  0.009752739824  0.004154965532  0.004153665182  0.004219245700  0.005546031227  0.010490569544  0.002475186557  0.006940647999  0.002766176556  0.002766176556  
piranga_olivacea_ku4672 0.005484689561  0.005494735322  0.007615655645  0.007329088102  0.009286940236  0.020429393319  0.002592444753  0.020429393319  0.005484689561  0.007329088102  0.005484689561  0.009594850264  0.005484689561  0.002610898625  0.007336297104  0.003972422665  0.007322866193  0.000000000000  0.007322866193  0.007322866193  0.009182115316  0.009167740950  0.007329088102  0.009167740950  0.009182115316  0.006981584995  0.003108138272  0.009172399213  0.005484689561  0.005484689561  
piranga_ludoviciana_sdsu2208 0.001763636511  0.003539704151  0.003676343185  0.003532822891  0.009269722338  0.019768445120  0.002590607127  0.019768445120  0.001763636511  0.003532822891  0.001763636511  0.003808658016  0.003564941970  0.000000000000  0.000000000000  0.001976244868  0.001763636511  0.007322866193  0.000000000000  0.000000000000  0.008888295853  0.007091799721  0.003532822891  0.003533450433  0.005309947047  0.010490569544  0.003095882452  0.007089250961  0.001763636511  0.001763636511  
piranga_bidentata_itm160 0.001381195574  0.002770007734  0.003623064363  0.002765792641  0.007263289044  0.016838178367  0.002590607127  0.015417853140  0.001381195574  0.002765792641  0.001381195574  0.003662202555  0.002816823633  0.000000000000  0.000000000000  0.001945486751  0.001381195574  0.007322866193  0.000000000000  0.000000000000  0.008353095439  0.005547585307  0.002765792641  0.002808911398  0.004155246783  0.010490569544  0.002475186557  0.005546031227  0.001381195574  0.001381195574  
piranga_leucoptera_fmnh481795 0.006957297885  0.008364741084  0.009115155530  0.005540635365  0.007245146409  0.022548398782  0.007828799772  0.021120580469  0.006957297885  0.008363543158  0.006957297885  0.012945284822  0.008507064834  0.002610898625  0.008364741084  0.005868502982  0.009752739824  0.009182115316  0.008888295853  0.008353095439  0.000000000000  0.011156254016  0.005540635365  0.011330063836  0.006937989526  0.003475410273  0.010001765674  0.011176583284  0.006957297885  0.006957297885  
piranga_lutea_ku89864 0.004154965532  0.002770007734  0.007272312036  0.005545357820  0.008727276223  0.018258301808  0.002590607127  0.016833057667  0.004154965532  0.005545357820  0.004154965532  0.009201918009  0.002816823633  0.007873545369  0.005555290022  0.003898493689  0.004154965532  0.009167740950  0.007091799721  0.005547585307  0.011156254016  0.000000000000  0.005545357820  0.008474050337  0.006940647999  0.010490569544  0.002475186557  0.008339120055  0.004154965532  0.004154965532  
piranga_rubriceps_lsu34818 0.001381717535  0.002769622752  0.003622404450  0.000000000000  0.004333672324  0.016799123904  0.002592444753  0.015383716798  0.001381717535  0.002768271928  0.001381717535  0.007349777373  0.002816425485  0.002610898625  0.002769622752  0.001946522695  0.004153665182  0.007329088102  0.003532822891  0.002765792641  0.005540635365  0.005545357820  0.000000000000  0.005631233396  0.001377909767  0.003475410273  0.002476863965  0.005549592196  0.001381717535  0.001381717535  
piranga_roseogularis_ku2141 0.004219245700  0.005641476307  0.007272312036  0.005631233396  0.008869186324  0.020000285641  0.005194568763  0.018549159453  0.004219245700  0.005631233396  0.004219245700  0.001829034018  0.005738600216  0.000000000000  0.002812861951  0.003898493689  0.004219245700  0.009167740950  0.003533450433  0.002808911398  0.011330063836  0.008474050337  0.005631233396  0.000000000000  0.007048272586  0.014023984135  0.004962560871  0.008468593742  0.004219245700  0.004219245700  
piranga_erythrocephala_fmnh343371 0.002768271928  0.004161010164  0.005444871179  0.001377909767  0.005786734257  0.018126954720  0.005201969162  0.016716482177  0.002768271928  0.004159697161  0.002768271928  0.009206177352  0.004231438904  0.005233979350  0.004161010164  0.003902658548  0.005546031227  0.009182115316  0.005309947047  0.004155246783  0.006937989526  0.006940647999  0.001377909767  0.007048272586  0.000000000000  0.000000000000  0.004969314004  0.006948863439  0.002768271928  0.002768271928  
piranga_erythrocephala_fmnh343370 0.006981584995  0.006981584995  0.010490569544  0.003475410273  0.006965793373  0.010519073691  0.006981584995  0.010519073691  0.006981584995  0.006981584995  0.006981584995  0.017599548840  0.006981584995  0.007543840217  0.010490569544  0.006981584995  0.010490569544  0.006981584995  0.010490569544  0.010490569544  0.003475410273  0.010490569544  0.003475410273  0.014023984135  0.000000000000  0.000000000000  0.008081894410  0.006981584995  0.006981584995  0.006981584995  
piranga_ludoviciana_sdsu2650 0.000000000000  0.000000000000  0.003322153390  0.002476863965  0.007463154675  0.009992031630  0.000000000000  0.007476618582  0.000000000000  0.000000000000  0.000000000000  0.008765526625  0.000000000000  0.004405109610  0.002475186557  0.000000000000  0.002475186557  0.003108138272  0.003095882452  0.002475186557  0.010001765674  0.002475186557  0.002476863965  0.004962560871  0.004969314004  0.008081894410  0.000000000000  0.002476863965  0.000000000000  0.000000000000  
piranga_bidentata_tepe59 0.004155246783  0.005553731595  0.005442151096  0.005549592196  0.010200546033  0.019706411871  0.000000000000  0.018279908710  0.004155246783  0.002765792641  0.004155246783  0.009201484499  0.005647832168  0.005235362424  0.005553731595  0.003897729142  0.006940647999  0.009172399213  0.007089250961  0.005546031227  0.011176583284  0.008339120055  0.005549592196  0.008468593742  0.006948863439  0.006981584995  0.002476863965  0.000000000000  0.004155246783  0.004155246783  
piranga_rubra_sdsu2635 0.000000000000  0.001383105915  0.001808284771  0.001381717535  0.005803526169  0.015417853140  0.000000000000  0.014001492194  0.000000000000  0.001381717535  0.000000000000  0.005502037434  0.001406449153  0.002610898625  0.001383105915  0.000000000000  0.002766176556  0.005484689561  0.001763636511  0.001381195574  0.006957297885  0.004154965532  0.001381717535  0.004219245700  0.002768271928  0.006981584995  0.000000000000  0.004155246783  0.000000000000  0.000000000000  
piranga_bidentata_itm141 0.000000000000  0.001383105915  0.001808284771  0.001381717535  0.005803526169  0.015417853140  0.000000000000  0.014001492194  0.000000000000  0.001381717535  0.000000000000  0.005502037434  0.001406449153  0.002610898625  0.001383105915  0.000000000000  0.002766176556  0.005484689561  0.001763636511  0.001381195574  0.006957297885  0.004154965532  0.001381717535  0.004219245700  0.002768271928  0.006981584995  0.000000000000  0.004155246783  0.000000000000  0.000000000000  

