30
piranga_rubra_ku26592 0.000000000000  0.003586406365  0.003586406365  0.009396023214  0.009022976417  0.007571235839  0.003586406365  0.008745880338  0.003586406365  0.003612316991  0.005592250840  0.010850614783  0.003586406365  0.003692345000  0.001812147527  0.003658573008  0.001866258584  0.007203105921  0.005381582741  0.005390937543  0.007203105921  0.005390937543  0.010850614783  0.005390937543  0.007203105921  0.004213535934  0.003886053017  0.003586406365  0.001789448283  0.005390937543  
piranga_flava_ku90809 0.003586406365  0.000000000000  0.000000000000  0.005612835878  0.005390937543  0.003768883585  0.000000000000  0.006543707013  0.000000000000  0.000000000000  0.001858104471  0.007203105921  0.000000000000  0.000000000000  0.001812147527  0.000000000000  0.000000000000  0.003586406365  0.001788323662  0.001789448283  0.003586406365  0.001789448283  0.007203105921  0.001789448283  0.003586406365  0.002101585075  0.000000000000  0.000000000000  0.001789448283  0.001789448283  
piranga_ludoviciana_sdsu2385 0.003586406365  0.000000000000  0.000000000000  0.005612835878  0.005390937543  0.003768883585  0.000000000000  0.006543707013  0.000000000000  0.000000000000  0.001858104471  0.007203105921  0.000000000000  0.000000000000  0.001812147527  0.000000000000  0.000000000000  0.003586406365  0.001788323662  0.001789448283  0.003586406365  0.001789448283  0.007203105921  0.001789448283  0.003586406365  0.002101585075  0.000000000000  0.000000000000  0.001789448283  0.001789448283  
piranga_rubriceps_lsu265 0.009396023214  0.005612835878  0.005612835878  0.000000000000  0.005612835878  0.005774906271  0.005612835878  0.008745880338  0.005612835878  0.005612835878  0.007499625082  0.007500251292  0.005612835878  0.005612835878  0.007500251292  0.005612835878  0.005752758177  0.009396023214  0.007485590017  0.007500251292  0.003733703624  0.007500251292  0.001862782145  0.005612835878  0.005612835878  0.004213535934  0.005853785969  0.005612835878  0.007500251292  0.007500251292  
piranga_leucoptera_lsu7783 0.009022976417  0.005390937543  0.005390937543  0.005612835878  0.000000000000  0.003768883585  0.005390937543  0.004352801682  0.005390937543  0.003612316991  0.005592250840  0.012686087616  0.005390937543  0.003692345000  0.007295065595  0.003658573008  0.005623357022  0.009022976417  0.007189583729  0.007203105921  0.001789448283  0.007203105921  0.005390937543  0.007203105921  0.005390937543  0.000000000000  0.003886053017  0.005390937543  0.007203105921  0.007203105921  
cardinalis_cardinalis_ku25393 0.007571235839  0.003768883585  0.003768883585  0.005774906271  0.003768883585  0.000000000000  0.003768883585  0.002177782055  0.003768883585  0.003768883585  0.005775267569  0.009485149509  0.003768883585  0.003811984646  0.005741747717  0.003797508506  0.003939637125  0.007571235839  0.005655505473  0.005665839018  0.001880295074  0.005665839018  0.005665839018  0.003768883585  0.003768883585  0.002101585075  0.003886053017  0.003768883585  0.005665839018  0.005665839018  
piranga_olivacea_ku2699 0.003586406365  0.000000000000  0.000000000000  0.005612835878  0.005390937543  0.003768883585  0.000000000000  0.006543707013  0.000000000000  0.000000000000  0.001858104471  0.007203105921  0.000000000000  0.000000000000  0.001812147527  0.000000000000  0.000000000000  0.003586406365  0.001788323662  0.001789448283  0.003586406365  0.001789448283  0.007203105921  0.001789448283  0.003586406365  0.002101585075  0.000000000000  0.000000000000  0.001789448283  0.001789448283  
cardinalis_cardinalis_ku21828 0.008745880338  0.006543707013  0.006543707013  0.008745880338  0.004352801682  0.002177782055  0.006543707013  0.000000000000  0.006543707013  0.006543707013  0.008734683135  0.008745880338  0.006543707013  0.006543707013  0.008745880338  0.006543707013  0.006543707013  0.006543707013  0.008734683135  0.008745880338  0.004352801682  0.008745880338  0.006543707013  0.006543707013  0.006543707013  0.004667727313  0.006659923493  0.006543707013  0.008745880338  0.008745880338  
piranga_rubra_ku7046 0.003586406365  0.000000000000  0.000000000000  0.005612835878  0.005390937543  0.003768883585  0.000000000000  0.006543707013  0.000000000000  0.000000000000  0.001858104471  0.007203105921  0.000000000000  0.000000000000  0.001812147527  0.000000000000  0.000000000000  0.003586406365  0.001788323662  0.001789448283  0.003586406365  0.001789448283  0.007203105921  0.001789448283  0.003586406365  0.002101585075  0.000000000000  0.000000000000  0.001789448283  0.001789448283  
piranga_bidentata_hgoslp104 0.003612316991  0.000000000000  0.000000000000  0.005612835878  0.003612316991  0.003768883585  0.000000000000  0.006543707013  0.000000000000  0.000000000000  0.001858104471  0.007255368349  0.000000000000  0.000000000000  0.001825378971  0.000000000000  0.000000000000  0.003612316991  0.001801208249  0.001802349145  0.001802349145  0.001802349145  0.005429968222  0.001802349145  0.003612316991  0.002101585075  0.000000000000  0.000000000000  0.001802349145  0.001802349145  
piranga_ludoviciana_sdsu2648 0.005592250840  0.001858104471  0.001858104471  0.007499625082  0.005592250840  0.005775267569  0.001858104471  0.008734683135  0.001858104471  0.001858104471  0.000000000000  0.003721107023  0.001858104471  0.001858104471  0.003721107023  0.001858104471  0.001900480003  0.005592250840  0.000000000000  0.003721107023  0.003721107023  0.003721107023  0.005592250840  0.001858104471  0.005592250840  0.004206326643  0.001944833459  0.001858104471  0.003721107023  0.003721107023  
piranga_roseogularis_ku2049 0.010850614783  0.007203105921  0.007203105921  0.007500251292  0.012686087616  0.009485149509  0.007203105921  0.008745880338  0.007203105921  0.007255368349  0.003721107023  0.000000000000  0.007203105921  0.003692345000  0.007295065595  0.003658573008  0.003740686977  0.010850614783  0.009005251377  0.009022976417  0.010850614783  0.009022976417  0.014529462371  0.005390937543  0.010850614783  0.004213535934  0.001938617951  0.007203105921  0.009022976417  0.009022976417  
piranga_hepatica_ku4970 0.003586406365  0.000000000000  0.000000000000  0.005612835878  0.005390937543  0.003768883585  0.000000000000  0.006543707013  0.000000000000  0.000000000000  0.001858104471  0.007203105921  0.000000000000  0.000000000000  0.001812147527  0.000000000000  0.000000000000  0.003586406365  0.001788323662  0.001789448283  0.003586406365  0.001789448283  0.007203105921  0.001789448283  0.003586406365  0.002101585075  0.000000000000  0.000000000000  0.001789448283  0.001789448283  
piranga_hepatica_ku9084 0.003692345000  0.000000000000  0.000000000000  0.005612835878  0.003692345000  0.003811984646  0.000000000000  0.006543707013  0.000000000000  0.000000000000  0.001858104471  0.003692345000  0.000000000000  0.000000000000  0.001845592435  0.000000000000  0.000000000000  0.003692345000  0.001841000596  0.001842192494  0.001842192494  0.001842192494  0.003692345000  0.000000000000  0.003692345000  0.002101585075  0.000000000000  0.000000000000  0.001842192494  0.001842192494  
piranga_rubra_sdsu2654 0.001812147527  0.001812147527  0.001812147527  0.007500251292  0.007295065595  0.005741747717  0.001812147527  0.008745880338  0.001812147527  0.001825378971  0.003721107023  0.007295065595  0.001812147527  0.001845592435  0.000000000000  0.001835430052  0.001866258584  0.005459614153  0.003626640909  0.003631996995  0.005459614153  0.003631996995  0.007295065595  0.003631996995  0.005459614153  0.004213535934  0.001938617951  0.001812147527  0.000000000000  0.003631996995  
piranga_flava_lsu15408 0.003658573008  0.000000000000  0.000000000000  0.005612835878  0.003658573008  0.003797508506  0.000000000000  0.006543707013  0.000000000000  0.000000000000  0.001858104471  0.003658573008  0.000000000000  0.000000000000  0.001835430052  0.000000000000  0.000000000000  0.003658573008  0.001824208731  0.001825378971  0.001825378971  0.001825378971  0.005499649317  0.000000000000  0.003658573008  0.002101585075  0.000000000000  0.000000000000  0.001825378971  0.001825378971  
piranga_lutea_lsu5400 0.001866258584  0.000000000000  0.000000000000  0.005752758177  0.005623357022  0.003939637125  0.000000000000  0.006543707013  0.000000000000  0.000000000000  0.001900480003  0.003740686977  0.000000000000  0.000000000000  0.001866258584  0.000000000000  0.000000000000  0.003740686977  0.001865035340  0.001866258584  0.003740686977  0.001866258584  0.005623357022  0.001866258584  0.003740686977  0.002101585075  0.000000000000  0.000000000000  0.001866258584  0.001866258584  
piranga_olivacea_ku4672 0.007203105921  0.003586406365  0.003586406365  0.009396023214  0.009022976417  0.007571235839  0.003586406365  0.006543707013  0.003586406365  0.003612316991  0.005592250840  0.010850614783  0.003586406365  0.003692345000  0.005459614153  0.003658573008  0.003740686977  0.000000000000  0.005381582741  0.005390937543  0.007203105921  0.005390937543  0.010850614783  0.005390937543  0.007203105921  0.006335955342  0.003886053017  0.003586406365  0.005390937543  0.005390937543  
piranga_ludoviciana_sdsu2208 0.005381582741  0.001788323662  0.001788323662  0.007485590017  0.007189583729  0.005655505473  0.001788323662  0.008734683135  0.001788323662  0.001801208249  0.000000000000  0.009005251377  0.001788323662  0.001841000596  0.003626640909  0.001824208731  0.001865035340  0.005381582741  0.000000000000  0.003581183940  0.005381582741  0.003581183940  0.009005251377  0.003581183940  0.005381582741  0.004206326643  0.001937298006  0.001788323662  0.003581183940  0.003581183940  
piranga_bidentata_itm160 0.005390937543  0.001789448283  0.001789448283  0.007500251292  0.007203105921  0.005665839018  0.001789448283  0.008745880338  0.001789448283  0.001802349145  0.003721107023  0.009022976417  0.001789448283  0.001842192494  0.003631996995  0.001825378971  0.001866258584  0.005390937543  0.003581183940  0.000000000000  0.005390937543  0.003586406365  0.009022976417  0.003586406365  0.005390937543  0.004213535934  0.001938617951  0.001789448283  0.003586406365  0.000000000000  
piranga_leucoptera_fmnh481795 0.007203105921  0.003586406365  0.003586406365  0.003733703624  0.001789448283  0.001880295074  0.003586406365  0.004352801682  0.003586406365  0.001802349145  0.003721107023  0.010850614783  0.003586406365  0.001842192494  0.005459614153  0.001825378971  0.003740686977  0.007203105921  0.005381582741  0.005390937543  0.000000000000  0.005390937543  0.003586406365  0.005390937543  0.003586406365  0.000000000000  0.001938617951  0.003586406365  0.005390937543  0.005390937543  
piranga_lutea_ku89864 0.005390937543  0.001789448283  0.001789448283  0.007500251292  0.007203105921  0.005665839018  0.001789448283  0.008745880338  0.001789448283  0.001802349145  0.003721107023  0.009022976417  0.001789448283  0.001842192494  0.003631996995  0.001825378971  0.001866258584  0.005390937543  0.003581183940  0.003586406365  0.005390937543  0.000000000000  0.009022976417  0.003586406365  0.005390937543  0.004213535934  0.001938617951  0.001789448283  0.003586406365  0.003586406365  
piranga_rubriceps_lsu34818 0.010850614783  0.007203105921  0.007203105921  0.001862782145  0.005390937543  0.005665839018  0.007203105921  0.006543707013  0.007203105921  0.005429968222  0.005592250840  0.014529462371  0.007203105921  0.003692345000  0.007295065595  0.005499649317  0.005623357022  0.010850614783  0.009005251377  0.009022976417  0.003586406365  0.009022976417  0.000000000000  0.009022976417  0.007203105921  0.002101585075  0.003886053017  0.007203105921  0.009022976417  0.009022976417  
piranga_roseogularis_ku2141 0.005390937543  0.001789448283  0.001789448283  0.005612835878  0.007203105921  0.003768883585  0.001789448283  0.006543707013  0.001789448283  0.001802349145  0.001858104471  0.005390937543  0.001789448283  0.000000000000  0.003631996995  0.000000000000  0.001866258584  0.005390937543  0.003581183940  0.003586406365  0.005390937543  0.003586406365  0.009022976417  0.000000000000  0.005390937543  0.002101585075  0.000000000000  0.001789448283  0.003586406365  0.003586406365  
piranga_erythrocephala_fmnh343371 0.007203105921  0.003586406365  0.003586406365  0.005612835878  0.005390937543  0.003768883585  0.003586406365  0.006543707013  0.003586406365  0.003612316991  0.005592250840  0.010850614783  0.003586406365  0.003692345000  0.005459614153  0.003658573008  0.003740686977  0.007203105921  0.005381582741  0.005390937543  0.003586406365  0.005390937543  0.007203105921  0.005390937543  0.000000000000  0.002101585075  0.003886053017  0.003586406365  0.005390937543  0.005390937543  
piranga_erythrocephala_fmnh343370 0.004213535934  0.002101585075  0.002101585075  0.004213535934  0.000000000000  0.002101585075  0.002101585075  0.004667727313  0.002101585075  0.002101585075  0.004206326643  0.004213535934  0.002101585075  0.002101585075  0.004213535934  0.002101585075  0.002101585075  0.006335955342  0.004206326643  0.004213535934  0.000000000000  0.004213535934  0.002101585075  0.002101585075  0.002101585075  0.000000000000  0.002101585075  0.002101585075  0.004213535934  0.004213535934  
piranga_ludoviciana_sdsu2650 0.003886053017  0.000000000000  0.000000000000  0.005853785969  0.003886053017  0.003886053017  0.000000000000  0.006659923493  0.000000000000  0.000000000000  0.001944833459  0.001938617951  0.000000000000  0.000000000000  0.001938617951  0.000000000000  0.000000000000  0.003886053017  0.001937298006  0.001938617951  0.001938617951  0.001938617951  0.003886053017  0.000000000000  0.003886053017  0.002101585075  0.000000000000  0.000000000000  0.001938617951  0.001938617951  
piranga_bidentata_tepe59 0.003586406365  0.000000000000  0.000000000000  0.005612835878  0.005390937543  0.003768883585  0.000000000000  0.006543707013  0.000000000000  0.000000000000  0.001858104471  0.007203105921  0.000000000000  0.000000000000  0.001812147527  0.000000000000  0.000000000000  0.003586406365  0.001788323662  0.001789448283  0.003586406365  0.001789448283  0.007203105921  0.001789448283  0.003586406365  0.002101585075  0.000000000000  0.000000000000  0.001789448283  0.001789448283  
piranga_rubra_sdsu2635 0.001789448283  0.001789448283  0.001789448283  0.007500251292  0.007203105921  0.005665839018  0.001789448283  0.008745880338  0.001789448283  0.001802349145  0.003721107023  0.009022976417  0.001789448283  0.001842192494  0.000000000000  0.001825378971  0.001866258584  0.005390937543  0.003581183940  0.003586406365  0.005390937543  0.003586406365  0.009022976417  0.003586406365  0.005390937543  0.004213535934  0.001938617951  0.001789448283  0.000000000000  0.003586406365  
piranga_bidentata_itm141 0.005390937543  0.001789448283  0.001789448283  0.007500251292  0.007203105921  0.005665839018  0.001789448283  0.008745880338  0.001789448283  0.001802349145  0.003721107023  0.009022976417  0.001789448283  0.001842192494  0.003631996995  0.001825378971  0.001866258584  0.005390937543  0.003581183940  0.000000000000  0.005390937543  0.003586406365  0.009022976417  0.003586406365  0.005390937543  0.004213535934  0.001938617951  0.001789448283  0.003586406365  0.000000000000  

