30
cardinalis_cardinalis_ku21828 0.000000000000  0.000000000000  0.022919209127  0.018263289744  0.018269324365  0.018269324365  0.020320888444  0.017236738139  0.017758911926  0.017758911926  0.018786468267  0.021358496002  0.021358496002  0.021358496002  0.019822463896  0.023971078189  0.023971078189  0.023971078189  0.022414015130  0.022414015130  0.019291338340  0.025017369845  0.019809017504  0.017752748070  0.017752748070  0.017752748070  0.018780132943  0.020846087195  0.020846087195  0.018780132943  
cardinalis_cardinalis_ku25393 0.000000000000  0.000000000000  0.022919209127  0.018263289744  0.018269324365  0.018269324365  0.020320888444  0.017236738139  0.017758911926  0.017758911926  0.018786468267  0.021358496002  0.021358496002  0.021358496002  0.019822463896  0.023971078189  0.023971078189  0.023971078189  0.022414015130  0.022414015130  0.019291338340  0.025017369845  0.019809017504  0.017752748070  0.017752748070  0.017752748070  0.018780132943  0.020846087195  0.020846087195  0.018780132943  
piranga_leucoptera_fmnh481795 0.022919209127  0.022919209127  0.000000000000  0.004517373713  0.005524878389  0.005524878389  0.010584066379  0.007544207873  0.013136304982  0.013136304982  0.014156582426  0.016711449358  0.016711449358  0.016711449358  0.015183009028  0.019297544338  0.019297544338  0.019297544338  0.017752748070  0.017752748070  0.015687553185  0.021372896943  0.016201574026  0.014156582426  0.014156582426  0.014156582426  0.014152502998  0.016201574026  0.016201574026  0.014152502998  
piranga_leucoptera_lsu7783 0.018263289744  0.018263289744  0.004517373713  0.000000000000  0.001000707543  0.001000707543  0.006025596096  0.003006380298  0.008556041188  0.008556041188  0.009569325923  0.012107517899  0.012107517899  0.012107517899  0.010586940829  0.014669515914  0.014669515914  0.014669515914  0.013136304982  0.013136304982  0.011090665699  0.016726858376  0.011600266877  0.009569325923  0.009569325923  0.009569325923  0.009567033651  0.011600266877  0.011600266877  0.009567033651  
piranga_rubriceps_lsu265 0.018269324365  0.018269324365  0.005524878389  0.001000707543  0.000000000000  0.000000000000  0.006026710905  0.003007037682  0.008558597580  0.008558597580  0.009572040936  0.012110420430  0.012110420430  0.012110420430  0.010590238687  0.014674318012  0.014674318012  0.014674318012  0.013140645961  0.013140645961  0.011093408077  0.016732851641  0.011603301588  0.009572040936  0.009572040936  0.009572040936  0.009569325923  0.011603301588  0.011603301588  0.009569325923  
piranga_rubriceps_lsu34818 0.018269324365  0.018269324365  0.005524878389  0.001000707543  0.000000000000  0.000000000000  0.006026710905  0.003007037682  0.008558597580  0.008558597580  0.009572040936  0.012110420430  0.012110420430  0.012110420430  0.010590238687  0.014674318012  0.014674318012  0.014674318012  0.013140645961  0.013140645961  0.011093408077  0.016732851641  0.011603301588  0.009572040936  0.009572040936  0.009572040936  0.009569325923  0.011603301588  0.011603301588  0.009569325923  
piranga_erythrocephala_fmnh343371 0.020320888444  0.020320888444  0.010584066379  0.006025596096  0.006026710905  0.006026710905  0.000000000000  0.003006380298  0.010584066379  0.010584066379  0.011600266877  0.014145625113  0.014145625113  0.014145625113  0.012621127557  0.016716156870  0.016716156870  0.016716156870  0.015178337299  0.015178337299  0.013125836247  0.018780132943  0.013637065387  0.011600266877  0.011600266877  0.011600266877  0.011597656977  0.013637065387  0.013637065387  0.011597656977  
piranga_erythrocephala_fmnh343370 0.017236738139  0.017236738139  0.007544207873  0.003006380298  0.003007037682  0.003007037682  0.003006380298  0.000000000000  0.007544207873  0.007544207873  0.008556041188  0.011090665699  0.011090665699  0.011090665699  0.009572040936  0.013648417751  0.013648417751  0.013648417751  0.012117500565  0.012117500565  0.010075275300  0.015702459372  0.010584066379  0.008556041188  0.008556041188  0.008556041188  0.008553906508  0.010584066379  0.010584066379  0.008553906508  
piranga_rubra_sdsu2635 0.017758911926  0.017758911926  0.013136304982  0.008556041188  0.008558597580  0.008558597580  0.010584066379  0.007544207873  0.000000000000  0.000000000000  0.001000707543  0.003508478516  0.003508478516  0.003508478516  0.002003339396  0.006030199267  0.006030199267  0.006030199267  0.004517373713  0.004517373713  0.002504293863  0.008056925787  0.003006380298  0.001000707543  0.001000707543  0.001000707543  0.002002832926  0.004012162900  0.004012162900  0.002002832926  
piranga_rubra_sdsu2654 0.017758911926  0.017758911926  0.013136304982  0.008556041188  0.008558597580  0.008558597580  0.010584066379  0.007544207873  0.000000000000  0.000000000000  0.001000707543  0.003508478516  0.003508478516  0.003508478516  0.002003339396  0.006030199267  0.006030199267  0.006030199267  0.004517373713  0.004517373713  0.002504293863  0.008056925787  0.003006380298  0.001000707543  0.001000707543  0.001000707543  0.002002832926  0.004012162900  0.004012162900  0.002002832926  
piranga_ludoviciana_sdsu2208 0.018786468267  0.018786468267  0.014156582426  0.009569325923  0.009572040936  0.009572040936  0.011600266877  0.008556041188  0.001000707543  0.001000707543  0.000000000000  0.002504293863  0.002504293863  0.002504293863  0.001001063869  0.005021898034  0.005021898034  0.005021898034  0.003511303442  0.003511303442  0.003508478516  0.009069881735  0.004011353824  0.002002832926  0.002002832926  0.002002832926  0.003006380298  0.005018719238  0.005018719238  0.003006380298  
piranga_ludoviciana_sdsu2385 0.021358496002  0.021358496002  0.016711449358  0.012107517899  0.012110420430  0.012110420430  0.014145625113  0.011090665699  0.003508478516  0.003508478516  0.002504293863  0.000000000000  0.000000000000  0.000000000000  0.003509002928  0.007544207873  0.007544207873  0.007544207873  0.006028245417  0.006028245417  0.006024901358  0.011096574563  0.006529616400  0.004514091026  0.004514091026  0.004514091026  0.005521135583  0.007540673131  0.007540673131  0.005521135583  
piranga_ludoviciana_sdsu2650 0.021358496002  0.021358496002  0.016711449358  0.012107517899  0.012110420430  0.012110420430  0.014145625113  0.011090665699  0.003508478516  0.003508478516  0.002504293863  0.000000000000  0.000000000000  0.000000000000  0.003509002928  0.007544207873  0.007544207873  0.007544207873  0.006028245417  0.006028245417  0.006024901358  0.011096574563  0.006529616400  0.004514091026  0.004514091026  0.004514091026  0.005521135583  0.007540673131  0.007540673131  0.005521135583  
piranga_ludoviciana_sdsu2648 0.021358496002  0.021358496002  0.016711449358  0.012107517899  0.012110420430  0.012110420430  0.014145625113  0.011090665699  0.003508478516  0.003508478516  0.002504293863  0.000000000000  0.000000000000  0.000000000000  0.003509002928  0.007544207873  0.007544207873  0.007544207873  0.006028245417  0.006028245417  0.006024901358  0.011096574563  0.006529616400  0.004514091026  0.004514091026  0.004514091026  0.005521135583  0.007540673131  0.007540673131  0.005521135583  
piranga_bidentata_tepe59 0.019822463896  0.019822463896  0.015183009028  0.010586940829  0.010590238687  0.010590238687  0.012621127557  0.009572040936  0.002003339396  0.002003339396  0.001001063869  0.003509002928  0.003509002928  0.003509002928  0.000000000000  0.004013389651  0.004013389651  0.004013389651  0.004519303696  0.004519303696  0.004514767014  0.010088144469  0.005018719238  0.003007037682  0.003007037682  0.003007037682  0.004012162900  0.006028245417  0.006028245417  0.004012162900  
piranga_bidentata_itm141 0.023971078189  0.023971078189  0.019297544338  0.014669515914  0.014674318012  0.014674318012  0.016716156870  0.013648417751  0.006030199267  0.006030199267  0.005021898034  0.007544207873  0.007544207873  0.007544207873  0.004013389651  0.000000000000  0.000000000000  0.000000000000  0.008564974041  0.008564974041  0.008556041188  0.014171378265  0.009063766905  0.007039941650  0.007039941650  0.007039941650  0.008051129437  0.009069881735  0.009069881735  0.008051129437  
piranga_bidentata_itm160 0.023971078189  0.023971078189  0.019297544338  0.014669515914  0.014674318012  0.014674318012  0.016716156870  0.013648417751  0.006030199267  0.006030199267  0.005021898034  0.007544207873  0.007544207873  0.007544207873  0.004013389651  0.000000000000  0.000000000000  0.000000000000  0.008564974041  0.008564974041  0.008556041188  0.014171378265  0.009063766905  0.007039941650  0.007039941650  0.007039941650  0.008051129437  0.009069881735  0.009069881735  0.008051129437  
piranga_bidentata_hgoslp104 0.023971078189  0.023971078189  0.019297544338  0.014669515914  0.014674318012  0.014674318012  0.016716156870  0.013648417751  0.006030199267  0.006030199267  0.005021898034  0.007544207873  0.007544207873  0.007544207873  0.004013389651  0.000000000000  0.000000000000  0.000000000000  0.008564974041  0.008564974041  0.008556041188  0.014171378265  0.009063766905  0.007039941650  0.007039941650  0.007039941650  0.008051129437  0.009069881735  0.009069881735  0.008051129437  
piranga_roseogularis_ku2049 0.022414015130  0.022414015130  0.017752748070  0.013136304982  0.013140645961  0.013140645961  0.015178337299  0.012117500565  0.004517373713  0.004517373713  0.003511303442  0.006028245417  0.006028245417  0.006028245417  0.004519303696  0.008564974041  0.008564974041  0.008564974041  0.000000000000  0.000000000000  0.007037831710  0.012638161933  0.007544207873  0.005524878389  0.005524878389  0.005524878389  0.006533821694  0.008558597580  0.008558597580  0.006533821694  
piranga_roseogularis_ku2141 0.022414015130  0.022414015130  0.017752748070  0.013136304982  0.013140645961  0.013140645961  0.015178337299  0.012117500565  0.004517373713  0.004517373713  0.003511303442  0.006028245417  0.006028245417  0.006028245417  0.004519303696  0.008564974041  0.008564974041  0.008564974041  0.000000000000  0.000000000000  0.007037831710  0.012638161933  0.007544207873  0.005524878389  0.005524878389  0.005524878389  0.006533821694  0.008558597580  0.008558597580  0.006533821694  
piranga_flava_ku90809 0.019291338340  0.019291338340  0.015687553185  0.011090665699  0.011093408077  0.011093408077  0.013125836247  0.010075275300  0.002504293863  0.002504293863  0.003508478516  0.006024901358  0.006024901358  0.006024901358  0.004514767014  0.008556041188  0.008556041188  0.008556041188  0.007037831710  0.007037831710  0.000000000000  0.005532389036  0.000500265779  0.002504336961  0.002504336961  0.002504336961  0.004514091026  0.006530597890  0.006530597890  0.004514091026  
piranga_flava_lsu15408 0.025017369845  0.025017369845  0.021372896943  0.016726858376  0.016732851641  0.016732851641  0.018780132943  0.015702459372  0.008056925787  0.008056925787  0.009069881735  0.011096574563  0.011096574563  0.011096574563  0.010088144469  0.014171378265  0.014171378265  0.014171378265  0.012638161933  0.012638161933  0.005532389036  0.000000000000  0.006038573220  0.008053817286  0.008053817286  0.008053817286  0.010084293295  0.012121677438  0.012121677438  0.010084293295  
piranga_lutea_ku89864 0.019809017504  0.019809017504  0.016201574026  0.011600266877  0.011603301588  0.011603301588  0.013637065387  0.010584066379  0.003006380298  0.003006380298  0.004011353824  0.006529616400  0.006529616400  0.006529616400  0.005018719238  0.009063766905  0.009063766905  0.009063766905  0.007544207873  0.007544207873  0.000500265779  0.006038573220  0.000000000000  0.003006139943  0.003006139943  0.003006139943  0.005017757689  0.007036142128  0.007036142128  0.005017757689  
piranga_hepatica_ku4970 0.017752748070  0.017752748070  0.014156582426  0.009569325923  0.009572040936  0.009572040936  0.011600266877  0.008556041188  0.001000707543  0.001000707543  0.002002832926  0.004514091026  0.004514091026  0.004514091026  0.003007037682  0.007039941650  0.007039941650  0.007039941650  0.005524878389  0.005524878389  0.002504336961  0.008053817286  0.003006139943  0.000000000000  0.000000000000  0.000000000000  0.003006380298  0.005018719238  0.005018719238  0.003006380298  
piranga_hepatica_ku9084 0.017752748070  0.017752748070  0.014156582426  0.009569325923  0.009572040936  0.009572040936  0.011600266877  0.008556041188  0.001000707543  0.001000707543  0.002002832926  0.004514091026  0.004514091026  0.004514091026  0.003007037682  0.007039941650  0.007039941650  0.007039941650  0.005524878389  0.005524878389  0.002504336961  0.008053817286  0.003006139943  0.000000000000  0.000000000000  0.000000000000  0.003006380298  0.005018719238  0.005018719238  0.003006380298  
piranga_lutea_lsu5400 0.017752748070  0.017752748070  0.014156582426  0.009569325923  0.009572040936  0.009572040936  0.011600266877  0.008556041188  0.001000707543  0.001000707543  0.002002832926  0.004514091026  0.004514091026  0.004514091026  0.003007037682  0.007039941650  0.007039941650  0.007039941650  0.005524878389  0.005524878389  0.002504336961  0.008053817286  0.003006139943  0.000000000000  0.000000000000  0.000000000000  0.003006380298  0.005018719238  0.005018719238  0.003006380298  
piranga_rubra_ku7046 0.018780132943  0.018780132943  0.014152502998  0.009567033651  0.009569325923  0.009569325923  0.011597656977  0.008553906508  0.002002832926  0.002002832926  0.003006380298  0.005521135583  0.005521135583  0.005521135583  0.004012162900  0.008051129437  0.008051129437  0.008051129437  0.006533821694  0.006533821694  0.004514091026  0.010084293295  0.005017757689  0.003006380298  0.003006380298  0.003006380298  0.000000000000  0.002003339396  0.002003339396  0.000000000000  
piranga_olivacea_ku2699 0.020846087195  0.020846087195  0.016201574026  0.011600266877  0.011603301588  0.011603301588  0.013637065387  0.010584066379  0.004012162900  0.004012162900  0.005018719238  0.007540673131  0.007540673131  0.007540673131  0.006028245417  0.009069881735  0.009069881735  0.009069881735  0.008558597580  0.008558597580  0.006530597890  0.012121677438  0.007036142128  0.005018719238  0.005018719238  0.005018719238  0.002003339396  0.000000000000  0.000000000000  0.002003339396  
piranga_olivacea_ku4672 0.020846087195  0.020846087195  0.016201574026  0.011600266877  0.011603301588  0.011603301588  0.013637065387  0.010584066379  0.004012162900  0.004012162900  0.005018719238  0.007540673131  0.007540673131  0.007540673131  0.006028245417  0.009069881735  0.009069881735  0.009069881735  0.008558597580  0.008558597580  0.006530597890  0.012121677438  0.007036142128  0.005018719238  0.005018719238  0.005018719238  0.002003339396  0.000000000000  0.000000000000  0.002003339396  
piranga_rubra_ku26592 0.018780132943  0.018780132943  0.014152502998  0.009567033651  0.009569325923  0.009569325923  0.011597656977  0.008553906508  0.002002832926  0.002002832926  0.003006380298  0.005521135583  0.005521135583  0.005521135583  0.004012162900  0.008051129437  0.008051129437  0.008051129437  0.006533821694  0.006533821694  0.004514091026  0.010084293295  0.005017757689  0.003006380298  0.003006380298  0.003006380298  0.000000000000  0.002003339396  0.002003339396  0.000000000000  

