30
cardinalis_cardinalis_ku21828 0.000000000000  0.000000000000  0.026029486254  0.027061165639  0.025531810331  0.025531810331  0.025522812674  0.024476601781  0.020839313022  0.020320799875  0.022919095287  0.020853105098  0.019297463806  0.019297463806  0.019297463806  0.019297463806  0.032874608553  0.021878055689  0.022391129075  0.023432710669  0.023432710669  0.023432710669  0.022391129075  0.021871201158  0.021871201158  0.021871201158  0.019291258464  0.019808933123  0.019808933123  0.020327177637  
cardinalis_cardinalis_ku25393 0.000000000000  0.000000000000  0.026029486254  0.027061165639  0.025531810331  0.025531810331  0.025522812674  0.024476601781  0.020839313022  0.020320799875  0.022919095287  0.020853105098  0.019297463806  0.019297463806  0.019297463806  0.019297463806  0.032874608553  0.021878055689  0.022391129075  0.023432710669  0.023432710669  0.023432710669  0.022391129075  0.021871201158  0.021871201158  0.021871201158  0.019291258464  0.019808933123  0.019808933123  0.020327177637  
piranga_leucoptera_fmnh481795 0.026029486254  0.026029486254  0.000000000000  0.007034012145  0.010077836634  0.010077836634  0.009572021359  0.008556025539  0.016201517817  0.015687500409  0.018263218034  0.016211622083  0.014669469781  0.014669469781  0.014669469781  0.014669469781  0.027612434855  0.017231239343  0.017226233399  0.018257613706  0.018257613706  0.018257613706  0.017226233399  0.016711389318  0.016711389318  0.016711389318  0.014665094629  0.015178288014  0.015178288014  0.015692041425  
piranga_leucoptera_lsu7783 0.027061165639  0.027061165639  0.007034012145  0.000000000000  0.010073092636  0.010073092636  0.009567013398  0.008552176910  0.016193125926  0.015679701995  0.018252439220  0.016201517817  0.014661146177  0.014661146177  0.014661146177  0.014661146177  0.028119535567  0.017221656603  0.017732320351  0.018247694943  0.018247694943  0.018247694943  0.017732320351  0.017217509323  0.017217509323  0.017217509323  0.014657624792  0.015170226600  0.015170226600  0.015683387144  
piranga_rubriceps_lsu265 0.025531810331  0.025531810331  0.010077836634  0.010073092636  0.000000000000  0.000000000000  0.008558581854  0.007544195737  0.015178288014  0.014665094629  0.017236674072  0.015188057597  0.013648377685  0.013648377685  0.013648377685  0.013648377685  0.026046791264  0.016206356086  0.016716097052  0.017746945925  0.017746945925  0.017746945925  0.016716097052  0.016201517817  0.016201517817  0.016201517817  0.013644167546  0.014156539547  0.014156539547  0.014669469781  
piranga_rubriceps_lsu34818 0.025531810331  0.025531810331  0.010077836634  0.010073092636  0.000000000000  0.000000000000  0.008558581854  0.007544195737  0.015178288014  0.014665094629  0.017236674072  0.015188057597  0.013648377685  0.013648377685  0.013648377685  0.013648377685  0.026046791264  0.016206356086  0.016716097052  0.017746945925  0.017746945925  0.017746945925  0.016716097052  0.016201517817  0.016201517817  0.016201517817  0.013644167546  0.014156539547  0.014156539547  0.014669469781  
piranga_erythrocephala_fmnh343371 0.025522812674  0.025522812674  0.009572021359  0.009567013398  0.008558581854  0.008558581854  0.000000000000  0.006028237674  0.014669469781  0.014156539547  0.016726797470  0.014679498730  0.013140608374  0.013140608374  0.013140608374  0.013140608374  0.026580969806  0.015697009825  0.016206356086  0.017236674072  0.017236674072  0.017236674072  0.016206356086  0.015692041425  0.015692041425  0.015692041425  0.013136267995  0.013648377685  0.013648377685  0.014161045038  
piranga_erythrocephala_fmnh343370 0.024476601781  0.024476601781  0.008556025539  0.008552176910  0.007544195737  0.007544195737  0.006028237674  0.000000000000  0.013644167546  0.013132352567  0.015697009825  0.013653013115  0.012117468957  0.012117468957  0.012117468957  0.012117468957  0.025531810331  0.014669469781  0.015178288014  0.016206356086  0.016206356086  0.016206356086  0.015178288014  0.014665094629  0.014665094629  0.014665094629  0.012113716757  0.012624714754  0.012624714754  0.013136267995  
piranga_roseogularis_ku2049 0.020839313022  0.020839313022  0.016201517817  0.016193125926  0.015178288014  0.015178288014  0.014669469781  0.013644167546  0.000000000000  0.000500265699  0.011100138053  0.009069863220  0.007546594080  0.007546594080  0.007546594080  0.007546594080  0.020860648168  0.010080842673  0.010586916899  0.011606731864  0.011606731864  0.011606731864  0.010586916899  0.010077836634  0.010077836634  0.010077836634  0.007544195737  0.008051115590  0.008051115590  0.008558581854  
piranga_roseogularis_ku2141 0.020320799875  0.020320799875  0.015687500409  0.015679701995  0.014665094629  0.014665094629  0.014156539547  0.013132352567  0.000500265699  0.000000000000  0.010590214507  0.008561559018  0.007039930985  0.007039930985  0.007039930985  0.007039930985  0.020341226529  0.009572021359  0.010077836634  0.011096548244  0.011096548244  0.011096548244  0.010077836634  0.009569306259  0.009569306259  0.009569306259  0.007037821119  0.007544195737  0.007544195737  0.008051115590  
piranga_flava_lsu15408 0.022919095287  0.022919095287  0.018263218034  0.018252439220  0.017236674072  0.017236674072  0.016726797470  0.015697009825  0.011100138053  0.010590214507  0.000000000000  0.005021892241  0.003509942045  0.003509942045  0.003509942045  0.003509942045  0.016732789429  0.006028237674  0.006531990563  0.007544195737  0.007544195737  0.007544195737  0.006531990563  0.006026702904  0.006026702904  0.006026702904  0.005524871785  0.006030191286  0.006030191286  0.006536053751  
piranga_lutea_ku89864 0.020853105098  0.020853105098  0.016211622083  0.016201517817  0.015188057597  0.015188057597  0.014679498730  0.013653013115  0.009069863220  0.008561559018  0.005021892241  0.000000000000  0.001502394687  0.001502394687  0.001502394687  0.001502394687  0.014685151805  0.004013386120  0.004515857022  0.005524871785  0.005524871785  0.005524871785  0.004515857022  0.004012159442  0.004012159442  0.004012159442  0.003511300395  0.004015029617  0.004015029617  0.004519298388  
piranga_hepatica_ku4970 0.019297463806  0.019297463806  0.014669469781  0.014661146177  0.013648377685  0.013648377685  0.013140608374  0.012117468957  0.007546594080  0.007039930985  0.003509942045  0.001502394687  0.000000000000  0.000000000000  0.000000000000  0.000000000000  0.013145373344  0.002504666111  0.003006378120  0.004012159442  0.004012159442  0.004012159442  0.003006378120  0.002504292083  0.002504292083  0.002504292083  0.002003338517  0.002505455993  0.002505455993  0.003008109571  
piranga_olivacea_ku2699 0.019297463806  0.019297463806  0.014669469781  0.014661146177  0.013648377685  0.013648377685  0.013140608374  0.012117468957  0.007546594080  0.007039930985  0.003509942045  0.001502394687  0.000000000000  0.000000000000  0.000000000000  0.000000000000  0.013145373344  0.002504666111  0.003006378120  0.004012159442  0.004012159442  0.004012159442  0.003006378120  0.002504292083  0.002504292083  0.002504292083  0.002003338517  0.002505455993  0.002505455993  0.003008109571  
piranga_flava_ku90809 0.019297463806  0.019297463806  0.014669469781  0.014661146177  0.013648377685  0.013648377685  0.013140608374  0.012117468957  0.007546594080  0.007039930985  0.003509942045  0.001502394687  0.000000000000  0.000000000000  0.000000000000  0.000000000000  0.013145373344  0.002504666111  0.003006378120  0.004012159442  0.004012159442  0.004012159442  0.003006378120  0.002504292083  0.002504292083  0.002504292083  0.002003338517  0.002505455993  0.002505455993  0.003008109571  
piranga_hepatica_ku9084 0.019297463806  0.019297463806  0.014669469781  0.014661146177  0.013648377685  0.013648377685  0.013140608374  0.012117468957  0.007546594080  0.007039930985  0.003509942045  0.001502394687  0.000000000000  0.000000000000  0.000000000000  0.000000000000  0.013145373344  0.002504666111  0.003006378120  0.004012159442  0.004012159442  0.004012159442  0.003006378120  0.002504292083  0.002504292083  0.002504292083  0.002003338517  0.002505455993  0.002505455993  0.003008109571  
piranga_lutea_lsu5400 0.032874608553  0.032874608553  0.027612434855  0.028119535567  0.026046791264  0.026046791264  0.026580969806  0.025531810331  0.020860648168  0.020341226529  0.016732789429  0.014685151805  0.013145373344  0.013145373344  0.013145373344  0.013145373344  0.000000000000  0.014685151805  0.016211622083  0.017242537220  0.017242537220  0.017242537220  0.016211622083  0.015697009825  0.015697009825  0.015697009825  0.015193582045  0.015708227330  0.015708227330  0.016223435817  
piranga_olivacea_ku4672 0.021878055689  0.021878055689  0.017231239343  0.017221656603  0.016206356086  0.016206356086  0.015697009825  0.014669469781  0.010080842673  0.009572021359  0.006028237674  0.004013386120  0.002504666111  0.002504666111  0.002504666111  0.002504666111  0.014685151805  0.000000000000  0.005521956976  0.006531990563  0.006531990563  0.006531990563  0.005521956976  0.005017751619  0.005017751619  0.005017751619  0.004515857022  0.005020094084  0.005020094084  0.005524871785  
piranga_ludoviciana_sdsu2208 0.022391129075  0.022391129075  0.017226233399  0.017732320351  0.016716097052  0.016716097052  0.016206356086  0.015178288014  0.010586916899  0.010077836634  0.006531990563  0.004515857022  0.003006378120  0.003006378120  0.003006378120  0.003006378120  0.016211622083  0.005521956976  0.000000000000  0.001001063550  0.001001063550  0.001001063550  0.000000000000  0.000500265699  0.000500265699  0.000500265699  0.005018713755  0.005523205122  0.005523205122  0.006028237674  
piranga_bidentata_itm160 0.023432710669  0.023432710669  0.018257613706  0.018247694943  0.017746945925  0.017746945925  0.017236674072  0.016206356086  0.011606731864  0.011096548244  0.007544195737  0.005524871785  0.004012159442  0.004012159442  0.004012159442  0.004012159442  0.017242537220  0.006531990563  0.001001063550  0.000000000000  0.000000000000  0.000000000000  0.001001063550  0.001502394687  0.001502394687  0.001502394687  0.006028237674  0.006533812572  0.006533812572  0.007039930985  
piranga_ludoviciana_sdsu2385 0.023432710669  0.023432710669  0.018257613706  0.018247694943  0.017746945925  0.017746945925  0.017236674072  0.016206356086  0.011606731864  0.011096548244  0.007544195737  0.005524871785  0.004012159442  0.004012159442  0.004012159442  0.004012159442  0.017242537220  0.006531990563  0.001001063550  0.000000000000  0.000000000000  0.000000000000  0.001001063550  0.001502394687  0.001502394687  0.001502394687  0.006028237674  0.006533812572  0.006533812572  0.007039930985  
piranga_bidentata_itm141 0.023432710669  0.023432710669  0.018257613706  0.018247694943  0.017746945925  0.017746945925  0.017236674072  0.016206356086  0.011606731864  0.011096548244  0.007544195737  0.005524871785  0.004012159442  0.004012159442  0.004012159442  0.004012159442  0.017242537220  0.006531990563  0.001001063550  0.000000000000  0.000000000000  0.000000000000  0.001001063550  0.001502394687  0.001502394687  0.001502394687  0.006028237674  0.006533812572  0.006533812572  0.007039930985  
piranga_ludoviciana_sdsu2650 0.022391129075  0.022391129075  0.017226233399  0.017732320351  0.016716097052  0.016716097052  0.016206356086  0.015178288014  0.010586916899  0.010077836634  0.006531990563  0.004515857022  0.003006378120  0.003006378120  0.003006378120  0.003006378120  0.016211622083  0.005521956976  0.000000000000  0.001001063550  0.001001063550  0.001001063550  0.000000000000  0.000500265699  0.000500265699  0.000500265699  0.005018713755  0.005523205122  0.005523205122  0.006028237674  
piranga_bidentata_tepe59 0.021871201158  0.021871201158  0.016711389318  0.017217509323  0.016201517817  0.016201517817  0.015692041425  0.014665094629  0.010077836634  0.009569306259  0.006026702904  0.004012159442  0.002504292083  0.002504292083  0.002504292083  0.002504292083  0.015697009825  0.005017751619  0.000500265699  0.001502394687  0.001502394687  0.001502394687  0.000500265699  0.000000000000  0.000000000000  0.000000000000  0.004514762415  0.005018713755  0.005018713755  0.005523205122  
piranga_bidentata_hgoslp104 0.021871201158  0.021871201158  0.016711389318  0.017217509323  0.016201517817  0.016201517817  0.015692041425  0.014665094629  0.010077836634  0.009569306259  0.006026702904  0.004012159442  0.002504292083  0.002504292083  0.002504292083  0.002504292083  0.015697009825  0.005017751619  0.000500265699  0.001502394687  0.001502394687  0.001502394687  0.000500265699  0.000000000000  0.000000000000  0.000000000000  0.004514762415  0.005018713755  0.005018713755  0.005523205122  
piranga_ludoviciana_sdsu2648 0.021871201158  0.021871201158  0.016711389318  0.017217509323  0.016201517817  0.016201517817  0.015692041425  0.014665094629  0.010077836634  0.009569306259  0.006026702904  0.004012159442  0.002504292083  0.002504292083  0.002504292083  0.002504292083  0.015697009825  0.005017751619  0.000500265699  0.001502394687  0.001502394687  0.001502394687  0.000500265699  0.000000000000  0.000000000000  0.000000000000  0.004514762415  0.005018713755  0.005018713755  0.005523205122  
piranga_rubra_ku7046 0.019291258464  0.019291258464  0.014665094629  0.014657624792  0.013644167546  0.013644167546  0.013136267995  0.012113716757  0.007544195737  0.007037821119  0.005524871785  0.003511300395  0.002003338517  0.002003338517  0.002003338517  0.002003338517  0.015193582045  0.004515857022  0.005018713755  0.006028237674  0.006028237674  0.006028237674  0.005018713755  0.004514762415  0.004514762415  0.004514762415  0.000000000000  0.000500265699  0.000500265699  0.001001063550  
piranga_rubra_sdsu2635 0.019808933123  0.019808933123  0.015178288014  0.015170226600  0.014156539547  0.014156539547  0.013648377685  0.012624714754  0.008051115590  0.007544195737  0.006030191286  0.004015029617  0.002505455993  0.002505455993  0.002505455993  0.002505455993  0.015708227330  0.005020094084  0.005523205122  0.006533812572  0.006533812572  0.006533812572  0.005523205122  0.005018713755  0.005018713755  0.005018713755  0.000500265699  0.000000000000  0.000000000000  0.001502394687  
piranga_rubra_sdsu2654 0.019808933123  0.019808933123  0.015178288014  0.015170226600  0.014156539547  0.014156539547  0.013648377685  0.012624714754  0.008051115590  0.007544195737  0.006030191286  0.004015029617  0.002505455993  0.002505455993  0.002505455993  0.002505455993  0.015708227330  0.005020094084  0.005523205122  0.006533812572  0.006533812572  0.006533812572  0.005523205122  0.005018713755  0.005018713755  0.005018713755  0.000500265699  0.000000000000  0.000000000000  0.001502394687  
piranga_rubra_ku26592 0.020327177637  0.020327177637  0.015692041425  0.015683387144  0.014669469781  0.014669469781  0.014161045038  0.013136267995  0.008558581854  0.008051115590  0.006536053751  0.004519298388  0.003008109571  0.003008109571  0.003008109571  0.003008109571  0.016223435817  0.005524871785  0.006028237674  0.007039930985  0.007039930985  0.007039930985  0.006028237674  0.005523205122  0.005523205122  0.005523205122  0.001001063550  0.001502394687  0.001502394687  0.000000000000  

