30
cardinalis_cardinalis_ku21828 0.000000000000  0.004516675622  0.035440899447  0.033859809011  0.035962146655  0.037528315494  0.035952546272  0.035952546272  0.033339929667  0.033869489384  0.032273672065  0.033312958716  0.035952546272  0.036996498758  0.035926197121  0.038583853721  0.041224522457  0.035934571116  0.039672093191  0.035421862413  0.038593660900  0.036465251037  0.032249615599  0.031730204233  0.035943354296  0.042340474476  0.033841666723  0.037519083432  0.034370938316  0.034900774698  
cardinalis_cardinalis_ku25393 0.004516675622  0.000000000000  0.034910211651  0.033330533502  0.035431177073  0.036996498758  0.035421862413  0.035421862413  0.032810934148  0.033339929667  0.031746083744  0.032784813094  0.035421862413  0.036465251037  0.035396368589  0.038051183155  0.040689850253  0.035404457781  0.039137698730  0.034891745150  0.038060702467  0.035934571116  0.032776917937  0.031203738615  0.035412955853  0.041803481212  0.033312958716  0.037519083432  0.033841666723  0.034370938316  
piranga_erythrocephala_fmnh343371 0.035440899447  0.034910211651  0.000000000000  0.001501697774  0.012617214036  0.014141492552  0.012614398779  0.012614398779  0.024474391800  0.024996724778  0.023424075513  0.024452043424  0.027057022713  0.028089547254  0.027558459011  0.029656568999  0.032265247615  0.025996956199  0.029673430681  0.025488395345  0.029139159336  0.026519277735  0.023404571409  0.021852706453  0.026003638446  0.032301374556  0.023931086260  0.028606405771  0.024452043424  0.025495600424  
piranga_erythrocephala_fmnh343370 0.033859809011  0.033330533502  0.001501697774  0.000000000000  0.011090416179  0.012611973488  0.011088002158  0.011088002158  0.022918099239  0.023439063991  0.021870937609  0.022897036173  0.025495600424  0.026526236768  0.025996956199  0.028089547254  0.030692585938  0.024439135688  0.028105534239  0.023931086260  0.027573086459  0.024960089058  0.021852706453  0.020304475996  0.024445390184  0.030726944003  0.022377440046  0.027042149316  0.022897036173  0.023937862520  
piranga_leucoptera_fmnh481795 0.035962146655  0.035431177073  0.012617214036  0.011090416179  0.000000000000  0.004515329182  0.010075304719  0.010075304719  0.024988601083  0.025511207042  0.023937862520  0.024966618892  0.027573086459  0.028606405771  0.028075166531  0.030174377639  0.032784813094  0.026512719382  0.030190994943  0.026003638446  0.029656568999  0.027035313887  0.023918728336  0.022365929873  0.026519277735  0.032820451742  0.024445390184  0.029123662688  0.024966618892  0.026010720695  
piranga_leucoptera_lsu7783 0.037528315494  0.036996498758  0.014141492552  0.012611973488  0.004515329182  0.000000000000  0.011594928273  0.011594928273  0.026533596097  0.027057022713  0.025481589594  0.026512719382  0.029123662688  0.030159374434  0.029627682816  0.031730204233  0.034345926043  0.028062395151  0.031746083744  0.027551747576  0.031211194575  0.028585810276  0.025463572142  0.023907965767  0.028068579479  0.034380090459  0.025990674340  0.030677830626  0.026512719382  0.027558459011  
piranga_rubriceps_lsu265 0.035952546272  0.035421862413  0.012614398779  0.011088002158  0.010075304719  0.011594928273  0.000000000000  0.000000000000  0.024980875286  0.025503204449  0.023931086260  0.024960089058  0.027565572101  0.028599137846  0.028068579479  0.030166674081  0.032776917937  0.026506562095  0.030182484721  0.025996956199  0.029648742227  0.027028879817  0.023913147440  0.022360770978  0.026512719382  0.032810934148  0.024439135688  0.029116518563  0.024960089058  0.026003638446  
piranga_rubriceps_lsu34818 0.035952546272  0.035421862413  0.012614398779  0.011088002158  0.010075304719  0.011594928273  0.000000000000  0.000000000000  0.024980875286  0.025503204449  0.023931086260  0.024960089058  0.027565572101  0.028599137846  0.028068579479  0.030166674081  0.032776917937  0.026506562095  0.030182484721  0.025996956199  0.029648742227  0.027028879817  0.023913147440  0.022360770978  0.026512719382  0.032810934148  0.024439135688  0.029116518563  0.024960089058  0.026003638446  
piranga_flava_ku90809 0.033339929667  0.032810934148  0.024474391800  0.022918099239  0.024988601083  0.026533596097  0.024980875286  0.024980875286  0.000000000000  0.000500251922  0.003007760159  0.004011784888  0.007544850088  0.008554216500  0.012106953256  0.014151150247  0.016704627826  0.010581461189  0.014159541396  0.010077969535  0.013643046222  0.012109893949  0.008047336212  0.006531019990  0.010584000799  0.016723626523  0.008556483221  0.013127999740  0.009064142690  0.010081021440  
piranga_flava_lsu15408 0.033869489384  0.033339929667  0.024996724778  0.023439063991  0.025511207042  0.027057022713  0.025503204449  0.025503204449  0.000500251922  0.000000000000  0.003510797837  0.004515329182  0.008051733969  0.009061614777  0.012617214036  0.014663517222  0.017218846491  0.011090416179  0.014672441317  0.010586928147  0.014155150806  0.012620418879  0.008554216500  0.007036611711  0.011093218588  0.017238919924  0.009064142690  0.013639311449  0.009572321741  0.010590242853  
piranga_lutea_ku89864 0.032273672065  0.031746083744  0.023424075513  0.021870937609  0.023937862520  0.025481589594  0.023931086260  0.023931086260  0.003007760159  0.003510797837  0.000000000000  0.003006031680  0.006531019990  0.007539612666  0.011085976904  0.013124920064  0.015674551427  0.009563485600  0.013131469275  0.009059473411  0.012617214036  0.011088002158  0.007034024518  0.005520667722  0.009565113651  0.015689840072  0.007540972854  0.012104401874  0.008047336212  0.009061614777  
piranga_lutea_lsu5400 0.033312958716  0.032784813094  0.024452043424  0.022897036173  0.024966618892  0.026512719382  0.024960089058  0.024960089058  0.004011784888  0.004515329182  0.003006031680  0.000000000000  0.007034024518  0.008549735534  0.012100468574  0.014141492552  0.016694503356  0.010576172581  0.014147540098  0.010071137863  0.013633012685  0.012102240185  0.008043635619  0.006528494213  0.010577546697  0.016708789041  0.008550842277  0.013119931815  0.009057718973  0.010073027368  
piranga_hepatica_ku4970 0.035952546272  0.035421862413  0.027057022713  0.025495600424  0.027573086459  0.029123662688  0.027565572101  0.027565572101  0.007544850088  0.008051733969  0.006531019990  0.007034024518  0.000000000000  0.007043379812  0.014139055919  0.016187440315  0.018747699531  0.013119931815  0.016708789041  0.012614398779  0.016190941160  0.014653062181  0.010577546697  0.009056351843  0.013122230628  0.019281063262  0.011088002158  0.015162191792  0.011597216321  0.012617214036  
piranga_hepatica_ku9084 0.036996498758  0.036465251037  0.028089547254  0.026526236768  0.028606405771  0.030159374434  0.028599137846  0.028599137846  0.008554216500  0.009061614777  0.007539612666  0.008549735534  0.007043379812  0.000000000000  0.015157434369  0.017207918907  0.019771584089  0.014137011227  0.017729293461  0.013630449457  0.017211167576  0.015671710227  0.011591520826  0.010068523920  0.014139055919  0.020304475996  0.012102240185  0.016181618145  0.012611973488  0.012611973488  
piranga_olivacea_ku4672 0.035926197121  0.035396368589  0.027558459011  0.025996956199  0.028075166531  0.029627682816  0.028068579479  0.028068579479  0.012106953256  0.012617214036  0.011085976904  0.012100468574  0.014139055919  0.015157434369  0.000000000000  0.004012874090  0.006531019990  0.007542718788  0.013139576409  0.009064142690  0.012624012927  0.011093218588  0.007036611711  0.005522473437  0.009569532101  0.015699833368  0.007544850088  0.012109893949  0.008051733969  0.009067056775  
piranga_roseogularis_ku2049 0.038583853721  0.038051183155  0.029656568999  0.028089547254  0.030174377639  0.031730204233  0.030166674081  0.030166674081  0.014151150247  0.014663517222  0.013124920064  0.014141492552  0.016187440315  0.017207918907  0.004012874090  0.000000000000  0.004010755145  0.009572321741  0.015191186184  0.011099987053  0.014672441317  0.013135328291  0.009064142690  0.007544850088  0.011606413182  0.017761017172  0.009575497823  0.014155150806  0.010084460056  0.011103952357  
piranga_roseogularis_ku2141 0.041224522457  0.040689850253  0.032265247615  0.030692585938  0.032784813094  0.034345926043  0.032776917937  0.032776917937  0.016704627826  0.017218846491  0.015674551427  0.016694503356  0.018747699531  0.019771584089  0.006531019990  0.004010755145  0.000000000000  0.012109893949  0.017748872136  0.013643046222  0.017228098287  0.015685430099  0.011599893408  0.010075304719  0.014151150247  0.020327888646  0.012113223575  0.016708789041  0.012624012927  0.013647170751  
piranga_olivacea_ku2699 0.035934571116  0.035404457781  0.025996956199  0.024439135688  0.026512719382  0.028062395151  0.026506562095  0.026506562095  0.010581461189  0.011090416179  0.009563485600  0.010576172581  0.013119931815  0.014137011227  0.007542718788  0.009572321741  0.012109893949  0.000000000000  0.011610255113  0.007544850088  0.011096409005  0.009569532101  0.005522473437  0.004011784888  0.008049342273  0.014164321642  0.006029033353  0.010584000799  0.006534628648  0.007547366379  
piranga_bidentata_itm160 0.039672093191  0.039137698730  0.029673430681  0.028105534239  0.030190994943  0.031746083744  0.030182484721  0.030182484721  0.014159541396  0.014672441317  0.013131469275  0.014147540098  0.016708789041  0.017729293461  0.013139576409  0.015191186184  0.017748872136  0.011610255113  0.000000000000  0.007046404293  0.013144213254  0.012121048112  0.009070356656  0.007550267284  0.011614484573  0.017774728673  0.009583007813  0.014164321642  0.010092495929  0.011113043239  
piranga_ludoviciana_sdsu2648 0.035421862413  0.034891745150  0.025488395345  0.023931086260  0.026003638446  0.027551747576  0.025996956199  0.025996956199  0.010077969535  0.010586928147  0.009059473411  0.010071137863  0.012614398779  0.013630449457  0.009064142690  0.011099987053  0.013643046222  0.007544850088  0.007046404293  0.000000000000  0.009575497823  0.008051733969  0.005020988866  0.003510797837  0.007547366379  0.013661879110  0.005528060524  0.010081021440  0.006033659392  0.007046404293  
piranga_ludoviciana_sdsu2385 0.038593660900  0.038060702467  0.029139159336  0.027573086459  0.029656568999  0.031211194575  0.029648742227  0.029648742227  0.013643046222  0.014155150806  0.012617214036  0.013633012685  0.016190941160  0.017211167576  0.012624012927  0.014672441317  0.017228098287  0.011096409005  0.013144213254  0.009575497823  0.000000000000  0.009575497823  0.008559135844  0.007040739306  0.011099987053  0.017251308389  0.009070356656  0.013647170751  0.009579059972  0.010598032842  
piranga_ludoviciana_sdsu2208 0.036465251037  0.035934571116  0.026519277735  0.024960089058  0.027035313887  0.028585810276  0.027028879817  0.027028879817  0.012109893949  0.012620418879  0.011088002158  0.012102240185  0.014653062181  0.015671710227  0.011093218588  0.013135328291  0.015685430099  0.009569532101  0.012121048112  0.008051733969  0.009575497823  0.000000000000  0.007038483147  0.005523952374  0.009572321741  0.015191186184  0.007547366379  0.012113223575  0.008054510922  0.009070356656  
piranga_bidentata_itm141 0.032249615599  0.032776917937  0.023404571409  0.021852706453  0.023918728336  0.025463572142  0.023913147440  0.023913147440  0.008047336212  0.008554216500  0.007034024518  0.008043635619  0.010577546697  0.011591520826  0.007036611711  0.009064142690  0.011599893408  0.005522473437  0.009070356656  0.005020988866  0.008559135844  0.007038483147  0.000000000000  0.001501697774  0.005523952374  0.011614484573  0.003510797837  0.007542718788  0.004014345676  0.005022975978  
piranga_bidentata_tepe59 0.031730204233  0.031203738615  0.021852706453  0.020304475996  0.022365929873  0.023907965767  0.022360770978  0.022360770978  0.006531019990  0.007036611711  0.005520667722  0.006528494213  0.009056351843  0.010068523920  0.005522473437  0.007544850088  0.010075304719  0.004011784888  0.007550267284  0.003510797837  0.007040739306  0.005523952374  0.001501697774  0.000000000000  0.004012874090  0.010088285010  0.002004038902  0.006532632090  0.002506315039  0.003512394191  
piranga_ludoviciana_sdsu2650 0.035943354296  0.035412955853  0.026003638446  0.024445390184  0.026519277735  0.028068579479  0.026512719382  0.026512719382  0.010584000799  0.011093218588  0.009565113651  0.010577546697  0.013122230628  0.014139055919  0.009569532101  0.011606413182  0.014151150247  0.008049342273  0.011614484573  0.007547366379  0.011099987053  0.009572321741  0.005523952374  0.004012874090  0.000000000000  0.013144213254  0.006031154652  0.010586928147  0.006537009286  0.007550267284  
piranga_bidentata_hgoslp104 0.042340474476  0.041803481212  0.032301374556  0.030726944003  0.032820451742  0.034380090459  0.032810934148  0.032810934148  0.016723626523  0.017238919924  0.015689840072  0.016708789041  0.019281063262  0.020304475996  0.015699833368  0.017761017172  0.020327888646  0.014164321642  0.017774728673  0.013661879110  0.017251308389  0.015191186184  0.011614484573  0.010088285010  0.013144213254  0.000000000000  0.012130423863  0.016729355703  0.012642273649  0.013667558910  
piranga_rubra_sdsu2635 0.033841666723  0.033312958716  0.023931086260  0.022377440046  0.024445390184  0.025990674340  0.024439135688  0.024439135688  0.008556483221  0.009064142690  0.007540972854  0.008550842277  0.011088002158  0.012102240185  0.007544850088  0.009575497823  0.012113223575  0.006029033353  0.009583007813  0.005528060524  0.009070356656  0.007547366379  0.003510797837  0.002004038902  0.006031154652  0.012130423863  0.000000000000  0.006532632090  0.002506315039  0.003512394191  
piranga_rubra_sdsu2654 0.037519083432  0.037519083432  0.028606405771  0.027042149316  0.029123662688  0.030677830626  0.029116518563  0.029116518563  0.013127999740  0.013639311449  0.012104401874  0.013119931815  0.015162191792  0.016181618145  0.012109893949  0.014155150806  0.016708789041  0.010584000799  0.014164321642  0.010081021440  0.013647170751  0.012113223575  0.007542718788  0.006532632090  0.010586928147  0.016729355703  0.006532632090  0.000000000000  0.007038483147  0.008051733969  
piranga_rubra_ku7046 0.034370938316  0.033841666723  0.024452043424  0.022897036173  0.024966618892  0.026512719382  0.024960089058  0.024960089058  0.009064142690  0.009572321741  0.008047336212  0.009057718973  0.011597216321  0.012611973488  0.008051733969  0.010084460056  0.012624012927  0.006534628648  0.010092495929  0.006033659392  0.009579059972  0.008054510922  0.004014345676  0.002506315039  0.006537009286  0.012642273649  0.002506315039  0.007038483147  0.000000000000  0.001001008367  
piranga_rubra_ku26592 0.034900774698  0.034370938316  0.025495600424  0.023937862520  0.026010720695  0.027558459011  0.026003638446  0.026003638446  0.010081021440  0.010590242853  0.009061614777  0.010073027368  0.012617214036  0.012611973488  0.009067056775  0.011103952357  0.013647170751  0.007547366379  0.011113043239  0.007046404293  0.010598032842  0.009070356656  0.005022975978  0.003512394191  0.007550267284  0.013667558910  0.003512394191  0.008051733969  0.001001008367  0.000000000000  

