30
piranga_rubra_ku26592 0.000000000000  0.008182358059  0.009578960923  0.024112093433  0.024695107144  0.031156152476  0.008372662683  0.031135520612  0.002602402002  0.009586337504  0.007276588998  0.010509986184  0.011353959476  0.012334342904  0.007844330749  0.008635597779  0.007284161097  0.008985685208  0.008611279109  0.009608420105  0.025589496521  0.007895233622  0.024717307502  0.012382328655  0.024717307502  0.023307432223  0.007396963569  0.005208335555  0.005211062200  0.006956726644  
piranga_flava_ku90809 0.008182358059  0.000000000000  0.009088728647  0.020323380050  0.022051820712  0.026850025895  0.009757253360  0.025898309717  0.007272956523  0.010934597590  0.009375743266  0.010056430156  0.009108457189  0.008945867834  0.010941223944  0.001070746766  0.004151588553  0.010056430156  0.010542987083  0.009116761385  0.022982616083  0.003624151405  0.022071731667  0.012006947495  0.019267970034  0.017718891923  0.008471000817  0.006352138161  0.008178161980  0.006352138161  
piranga_ludoviciana_sdsu2385 0.009578960923  0.009088728647  0.000000000000  0.025027504388  0.025572519889  0.030180811057  0.008365117892  0.030164381567  0.008708793237  0.010462245077  0.008317629920  0.009619872761  0.012225366122  0.011199792079  0.010458361295  0.010788158601  0.009379995392  0.008075427835  0.004771089330  0.006965727404  0.025580440047  0.010541045074  0.025589496521  0.011480077529  0.023783652684  0.020484427394  0.007391849691  0.004335674951  0.006078047246  0.004335674951  
piranga_rubriceps_lsu265 0.024112093433  0.020323380050  0.025027504388  0.000000000000  0.010984929456  0.026957597516  0.024508645798  0.026943802208  0.023183946487  0.025050363846  0.023186186706  0.020325117390  0.022235346581  0.018386123482  0.023162463080  0.024037825188  0.019100190287  0.022958656553  0.023544502625  0.024156907170  0.010979989770  0.020505957544  0.000908324859  0.022194215829  0.010981852936  0.009441141750  0.019421909592  0.020325117390  0.022204056325  0.022214762164  
piranga_leucoptera_lsu7783 0.024695107144  0.022051820712  0.025572519889  0.010984929456  0.000000000000  0.030164381567  0.024497071303  0.030149087879  0.023813265661  0.027402358950  0.022095988081  0.021168660803  0.023813265661  0.021446854143  0.025599686805  0.022904045146  0.019970648326  0.023619120494  0.023231501233  0.025644971105  0.004331918580  0.022167368542  0.012207220954  0.023135659337  0.013966414748  0.012163997436  0.022462982452  0.021094229865  0.022883345796  0.022891193703  
cardinalis_cardinalis_ku25393 0.031156152476  0.026850025895  0.030180811057  0.026957597516  0.030164381567  0.000000000000  0.029401155423  0.003467744618  0.030263813174  0.033901780304  0.026453471903  0.025758775236  0.032064015380  0.027291287335  0.023852286780  0.025199085712  0.024326072553  0.028370707463  0.029265487441  0.029371643461  0.029235650946  0.028632581855  0.028337694863  0.027810611568  0.029250143999  0.021845326929  0.026922996830  0.027489923594  0.029300419832  0.027489923594  
piranga_olivacea_ku2699 0.008372662683  0.009757253360  0.008365117892  0.024508645798  0.024497071303  0.029401155423  0.000000000000  0.029382478406  0.005571036335  0.009312026682  0.008317629920  0.007439977974  0.010256753418  0.008144511419  0.009312026682  0.010800593276  0.006421272755  0.005755972153  0.006164201230  0.009324143338  0.025463427723  0.009390731067  0.025475898355  0.008378297338  0.025475898355  0.020504792397  0.003254571224  0.003705463184  0.004636292488  0.005568983075  
cardinalis_cardinalis_ku21828 0.031135520612  0.025898309717  0.030164381567  0.026943802208  0.030149087879  0.003467744618  0.029382478406  0.000000000000  0.030243955206  0.033879835129  0.028634376644  0.025742839359  0.032044801599  0.027291287335  0.025651736630  0.025199085712  0.024326072553  0.027428559459  0.029265487441  0.029352559078  0.029222294741  0.028614072185  0.028323999318  0.027792787036  0.029235650946  0.021845326929  0.026922996830  0.027472510553  0.029282530864  0.027472510553  
piranga_rubra_ku7046 0.002602402002  0.007272956523  0.008708793237  0.023183946487  0.023813265661  0.030263813174  0.005571036335  0.030243955206  0.000000000000  0.007836358462  0.006237020629  0.009633665721  0.010480520602  0.011212350210  0.008731740399  0.006468630022  0.006243510851  0.008086778656  0.007655736209  0.008734524365  0.024707486991  0.007017753326  0.023833937211  0.011497212687  0.023833937211  0.021934040283  0.006339851762  0.004340355982  0.004342356918  0.006087000439  
piranga_bidentata_hgoslp104 0.009586337504  0.010934597590  0.010462245077  0.025050363846  0.027402358950  0.033901780304  0.009312026682  0.033879835129  0.007836358462  0.000000000000  0.011470664808  0.011404382054  0.012232831471  0.012334342904  0.014007496845  0.011894199280  0.009385520908  0.008991719270  0.010546797029  0.008722301762  0.027414126028  0.010550048423  0.026518133993  0.013288958661  0.027427027175  0.027513370553  0.007396963569  0.006085170462  0.007833385955  0.007838316626  
piranga_ludoviciana_sdsu2648 0.007276588998  0.009375743266  0.008317629920  0.023186186706  0.022095988081  0.026453471903  0.008317629920  0.028634376644  0.006237020629  0.011470664808  0.000000000000  0.012520501720  0.010433171578  0.009486922836  0.009375743266  0.010954407747  0.008719569190  0.009409416213  0.005213883164  0.005189699126  0.024228154924  0.008324985260  0.024266667114  0.012533579596  0.024266667114  0.021881767831  0.005524997698  0.005180154546  0.006228188101  0.007265635925  
piranga_roseogularis_ku2049 0.010509986184  0.010056430156  0.009619872761  0.020325117390  0.021168660803  0.025758775236  0.007439977974  0.025742839359  0.009633665721  0.011404382054  0.012520501720  0.000000000000  0.011393765394  0.010076149587  0.009625235788  0.011904073030  0.009392605372  0.003591609897  0.010582387072  0.011416435281  0.021176139816  0.009701640533  0.021184748933  0.003509674520  0.021184748933  0.019109762248  0.009540775314  0.006105645204  0.006985232129  0.007864896184  
piranga_hepatica_ku4970 0.011353959476  0.009108457189  0.012225366122  0.022235346581  0.023813265661  0.032064015380  0.010256753418  0.032044801599  0.010480520602  0.012232831471  0.010433171578  0.011393765394  0.000000000000  0.008923829729  0.014011777783  0.010809319204  0.010433171578  0.011711989590  0.012487479973  0.012259651980  0.026499892147  0.008788258637  0.024716910277  0.013275157905  0.025622308943  0.024689070035  0.008465946160  0.007833597026  0.009587309869  0.009590457103  
piranga_hepatica_ku9084 0.012334342904  0.008945867834  0.011199792079  0.018386123482  0.021446854143  0.027291287335  0.008144511419  0.027291287335  0.011212350210  0.012334342904  0.009486922836  0.010076149587  0.008923829729  0.000000000000  0.013471660100  0.008766735187  0.009019563291  0.011259663889  0.011192203925  0.011209176906  0.020294899597  0.007818318371  0.020321002962  0.012344963161  0.020336800309  0.020504792397  0.009016447353  0.007818318371  0.008938935934  0.010076149587  
piranga_rubra_sdsu2654 0.007844330749  0.010941223944  0.010458361295  0.023162463080  0.025599686805  0.023852286780  0.009312026682  0.025651736630  0.008731740399  0.014007496845  0.009375743266  0.009625235788  0.014011777783  0.013471660100  0.000000000000  0.010819711510  0.010439761575  0.008079518803  0.010542987083  0.010491607700  0.024685700677  0.012338674406  0.023812913088  0.011487053051  0.022009367996  0.019109762248  0.008463199105  0.007833385955  0.007838316626  0.007833385955  
piranga_flava_lsu15408 0.008635597779  0.001070746766  0.010788158601  0.024037825188  0.022904045146  0.025199085712  0.010800593276  0.025199085712  0.006468630022  0.011894199280  0.010954407747  0.011904073030  0.010809319204  0.008766735187  0.010819711510  0.000000000000  0.005717905313  0.011955829613  0.012128348489  0.009717128796  0.025112911119  0.003219642563  0.025159460366  0.013001402335  0.021817965488  0.017718891923  0.009363342885  0.007540390412  0.008627489830  0.007540390412  
piranga_lutea_lsu5400 0.007284161097  0.004151588553  0.009379995392  0.019100190287  0.019970648326  0.024326072553  0.006421272755  0.024326072553  0.006243510851  0.009385520908  0.008719569190  0.009392605372  0.010433171578  0.009019563291  0.010439761575  0.005717905313  0.000000000000  0.009431980372  0.009376032938  0.009385520908  0.018900040188  0.003110415017  0.019992297904  0.011505612997  0.019992297904  0.020484427394  0.008481143975  0.005195091367  0.007284161097  0.007289126681  
piranga_olivacea_ku4672 0.008985685208  0.010056430156  0.008075427835  0.022958656553  0.023619120494  0.028370707463  0.005755972153  0.027428559459  0.008086778656  0.008991719270  0.009409416213  0.003591609897  0.011711989590  0.011259663889  0.008079518803  0.011955829613  0.009431980372  0.000000000000  0.007681386101  0.009001863231  0.023628682467  0.009893615476  0.023639442396  0.005441901468  0.023639442396  0.020617545197  0.007435130477  0.003578756337  0.005374435141  0.005378484198  
piranga_ludoviciana_sdsu2208 0.008611279109  0.010542987083  0.004771089330  0.023544502625  0.023231501233  0.029265487441  0.006164201230  0.029265487441  0.007655736209  0.010546797029  0.005213883164  0.010582387072  0.012487479973  0.011192203925  0.010542987083  0.012128348489  0.009376032938  0.007681386101  0.000000000000  0.008616639918  0.023239167430  0.009576133103  0.024240163260  0.011668256456  0.024240163260  0.023261863101  0.007388336859  0.003809618797  0.005727996237  0.005723210137  
piranga_bidentata_itm160 0.009608420105  0.009116761385  0.006965727404  0.024156907170  0.025644971105  0.029371643461  0.009324143338  0.029352559078  0.008734524365  0.008722301762  0.005189699126  0.011416435281  0.012259651980  0.011209176906  0.010491607700  0.009717128796  0.009385520908  0.009001863231  0.008616639918  0.000000000000  0.026541937798  0.010574821084  0.025668828317  0.013302881214  0.023854998498  0.020504792397  0.007396963569  0.006092298187  0.007843187694  0.004344127012  
piranga_leucoptera_fmnh481795 0.025589496521  0.022982616083  0.025580440047  0.010979989770  0.004331918580  0.029235650946  0.025463427723  0.029222294741  0.024707486991  0.027414126028  0.024228154924  0.021176139816  0.026499892147  0.020294899597  0.024685700677  0.025112911119  0.018900040188  0.023628682467  0.023239167430  0.026541937798  0.000000000000  0.023066079338  0.011323589900  0.023144829461  0.013081658277  0.012159952410  0.021369849768  0.021101655792  0.022891193703  0.022900168876  
piranga_lutea_ku89864 0.007895233622  0.003624151405  0.010541045074  0.020505957544  0.022167368542  0.028632581855  0.009390731067  0.028614072185  0.007017753326  0.010550048423  0.008324985260  0.009701640533  0.008788258637  0.007818318371  0.012338674406  0.003219642563  0.003110415017  0.009893615476  0.009576133103  0.010574821084  0.023066079338  0.000000000000  0.022185174029  0.011579141380  0.022185174029  0.017718891923  0.007403674223  0.006129642215  0.007891327656  0.007895233622  
piranga_rubriceps_lsu34818 0.024717307502  0.022071731667  0.025589496521  0.000908324859  0.012207220954  0.028337694863  0.025475898355  0.028323999318  0.023833937211  0.026518133993  0.024266667114  0.021184748933  0.024716910277  0.020321002962  0.023812913088  0.025159460366  0.019992297904  0.023639442396  0.024240163260  0.025668828317  0.011323589900  0.022185174029  0.000000000000  0.023155148686  0.011326015712  0.010803917533  0.020304867604  0.021110203835  0.022900168876  0.022910268839  
piranga_roseogularis_ku2141 0.012382328655  0.012006947495  0.011480077529  0.022194215829  0.023135659337  0.027810611568  0.008378297338  0.027792787036  0.011497212687  0.013288958661  0.012533579596  0.003509674520  0.013275157905  0.012344963161  0.011487053051  0.013001402335  0.011505612997  0.005441901468  0.011668256456  0.013302881214  0.023144829461  0.011579141380  0.023155148686  0.000000000000  0.023155148686  0.020476796657  0.011687713111  0.007045957538  0.008817292397  0.008824203917  
piranga_erythrocephala_fmnh343371 0.024717307502  0.019267970034  0.023783652684  0.010981852936  0.013966414748  0.029250143999  0.025475898355  0.029235650946  0.023833937211  0.027427027175  0.024266667114  0.021184748933  0.025622308943  0.020336800309  0.022009367996  0.021817965488  0.019992297904  0.023639442396  0.024240163260  0.023854998498  0.013081658277  0.022185174029  0.011326015712  0.023155148686  0.000000000000  0.002685089807  0.020304867604  0.021110203835  0.022900168876  0.021110203835  
piranga_erythrocephala_fmnh343370 0.023307432223  0.017718891923  0.020484427394  0.009441141750  0.012163997436  0.021845326929  0.020504792397  0.021845326929  0.021934040283  0.027513370553  0.021881767831  0.019109762248  0.024689070035  0.020504792397  0.019109762248  0.017718891923  0.020484427394  0.020617545197  0.023261863101  0.020504792397  0.012159952410  0.017718891923  0.010803917533  0.020476796657  0.002685089807  0.000000000000  0.019109762248  0.019109762248  0.019109762248  0.019109762248  
piranga_ludoviciana_sdsu2650 0.007396963569  0.008471000817  0.007391849691  0.019421909592  0.022462982452  0.026922996830  0.003254571224  0.026922996830  0.006339851762  0.007396963569  0.005524997698  0.009540775314  0.008465946160  0.009016447353  0.008463199105  0.009363342885  0.008481143975  0.007435130477  0.007388336859  0.007396963569  0.021369849768  0.007403674223  0.020304867604  0.011687713111  0.020304867604  0.019109762248  0.000000000000  0.003158624475  0.005271776687  0.005276320112  
piranga_bidentata_tepe59 0.005208335555  0.006352138161  0.004335674951  0.020325117390  0.021094229865  0.027489923594  0.003705463184  0.027472510553  0.004340355982  0.006085170462  0.005180154546  0.006105645204  0.007833597026  0.007818318371  0.007833385955  0.007540390412  0.005195091367  0.003578756337  0.003809618797  0.006092298187  0.021101655792  0.006129642215  0.021110203835  0.007045957538  0.021110203835  0.019109762248  0.003158624475  0.000000000000  0.001730918426  0.001730321182  
piranga_rubra_sdsu2635 0.005211062200  0.008178161980  0.006078047246  0.022204056325  0.022883345796  0.029300419832  0.004636292488  0.029282530864  0.004342356918  0.007833385955  0.006228188101  0.006985232129  0.009587309869  0.008938935934  0.007838316626  0.008627489830  0.007284161097  0.005374435141  0.005727996237  0.007843187694  0.022891193703  0.007891327656  0.022900168876  0.008817292397  0.022900168876  0.019109762248  0.005271776687  0.001730918426  0.000000000000  0.003467744618  
piranga_bidentata_itm141 0.006956726644  0.006352138161  0.004335674951  0.022214762164  0.022891193703  0.027489923594  0.005568983075  0.027472510553  0.006087000439  0.007838316626  0.007265635925  0.007864896184  0.009590457103  0.010076149587  0.007833385955  0.007540390412  0.007289126681  0.005378484198  0.005723210137  0.004344127012  0.022900168876  0.007895233622  0.022910268839  0.008824203917  0.021110203835  0.019109762248  0.005276320112  0.001730321182  0.003467744618  0.000000000000  

