30
cardinalis_cardinalis_ku21828 0.000000000000  0.002504695713  0.016198436070  0.015684596369  0.016712843788  0.028090948237  0.024450472967  0.024948272675  0.023912493331  0.018760682238  0.019272437208  0.015171323434  0.014662221960  0.015684596369  0.015688809011  0.016198436070  0.016202953065  0.016708461551  0.014662221960  0.018760682238  0.019272437208  0.019272437208  0.016194358498  0.017729710532  0.016198436070  0.017738374717  0.016708461551  0.015171323434  0.015684596369  0.019282057315  
cardinalis_cardinalis_ku25393 0.002504695713  0.000000000000  0.015693460347  0.015179579688  0.016207909115  0.026533504461  0.023942701226  0.024438211458  0.023402932655  0.018254187353  0.018765406320  0.014666265883  0.014157696154  0.015179579688  0.015184364949  0.015693460347  0.015698550010  0.016202953065  0.014157696154  0.018254187353  0.018765406320  0.018765406320  0.015688809011  0.017223133204  0.015693460347  0.017232948506  0.016202953065  0.014666265883  0.015179579688  0.018776180046  
piranga_bidentata_tepe59 0.016198436070  0.015693460347  0.000000000000  0.003510019110  0.004517519103  0.014662221960  0.011094019599  0.012103518226  0.011086897872  0.005522084704  0.006025726565  0.002002847303  0.001501768495  0.002504695713  0.002505504675  0.003007085925  0.003008185825  0.003509054668  0.001501768495  0.005522084704  0.006025726565  0.006025726565  0.003006412712  0.004514157292  0.003007085925  0.004515970310  0.003509054668  0.002002847303  0.002504695713  0.006028439813  
piranga_erythrocephala_fmnh343371 0.015684596369  0.015179579688  0.003510019110  0.000000000000  0.001001076018  0.015175232393  0.011603998702  0.012613416657  0.011595979698  0.006026868278  0.006530764288  0.002504695713  0.002003365955  0.003007085925  0.003008185825  0.003510019110  0.003511410576  0.004012240142  0.002003365955  0.006026868278  0.006530764288  0.006530764288  0.003509054668  0.004515970310  0.003510019110  0.005020246353  0.004012240142  0.002504695713  0.003007085925  0.006534065904  
piranga_erythrocephala_fmnh343370 0.016712843788  0.016207909115  0.004517519103  0.001001076018  0.000000000000  0.016202953065  0.012625636667  0.013634892746  0.012615817198  0.007038081103  0.007542487070  0.003510019110  0.003008185825  0.004013496443  0.004015180107  0.004517519103  0.004519495599  0.005020246353  0.003008185825  0.007038081103  0.007542487070  0.007542487070  0.004515970310  0.005525069455  0.004517519103  0.006030440804  0.005020246353  0.003510019110  0.004013496443  0.007546969265  
piranga_leucoptera_fmnh481795 0.028090948237  0.026533504461  0.014662221960  0.015175232393  0.016202953065  0.000000000000  0.003509054668  0.010587542821  0.009572555534  0.017218886141  0.017729710532  0.013637894665  0.013129713128  0.014149776465  0.014153517684  0.014662221960  0.014666265883  0.014658616014  0.013129713128  0.017218886141  0.017729710532  0.017729710532  0.014658616014  0.016190720718  0.014662221960  0.016198436070  0.015171323434  0.013637894665  0.014149776465  0.017738374717  
piranga_leucoptera_lsu7783 0.024450472967  0.023942701226  0.011094019599  0.011603998702  0.012625636667  0.003509054668  0.000000000000  0.007040241989  0.006030440804  0.013637894665  0.014146472865  0.010075735025  0.009569774839  0.010584598780  0.010587542821  0.011094019599  0.011097262779  0.011091210808  0.009569774839  0.013637894665  0.014146472865  0.014146472865  0.011091210808  0.012615817198  0.011094019599  0.012621927572  0.011600890468  0.010075735025  0.010584598780  0.014153517684  
piranga_rubriceps_lsu265 0.024948272675  0.024438211458  0.012103518226  0.012613416657  0.013634892746  0.010587542821  0.007040241989  0.000000000000  0.001000711129  0.014650429738  0.015160078353  0.011085394469  0.010578372370  0.011594177904  0.011595979698  0.012103518226  0.012105619066  0.012101853961  0.010578372370  0.014650429738  0.015160078353  0.015160078353  0.012101853961  0.013628514287  0.012103518226  0.013632328461  0.012611453043  0.011085394469  0.011594177904  0.015164821996  
piranga_rubriceps_lsu34818 0.023912493331  0.023402932655  0.011086897872  0.011595979698  0.012615817198  0.009572555534  0.006030440804  0.001000711129  0.000000000000  0.013630202183  0.014139191491  0.010070401975  0.009564032066  0.010578372370  0.010580013185  0.011086897872  0.011088836776  0.011085394469  0.009564032066  0.013630202183  0.014139191491  0.014139191491  0.011085394469  0.012609926730  0.011086897872  0.012613416657  0.011594177904  0.010070401975  0.010578372370  0.014143607253  
piranga_roseogularis_ku2049 0.018760682238  0.018254187353  0.005522084704  0.006026868278  0.007038081103  0.017218886141  0.013637894665  0.014650429738  0.013630202183  0.000000000000  0.005522084704  0.004514157292  0.004011411569  0.005017848103  0.005018832841  0.005522084704  0.005523362522  0.006025726565  0.004011411569  0.008045826365  0.008551152640  0.008551152640  0.005521236366  0.007034182965  0.005522084704  0.007036350725  0.006025726565  0.004514157292  0.005017848103  0.008554227996  
piranga_roseogularis_ku2141 0.019272437208  0.018765406320  0.006025726565  0.006530764288  0.007542487070  0.017729710532  0.014146472865  0.015160078353  0.014139191491  0.005522084704  0.000000000000  0.005017292506  0.004514157292  0.005521236366  0.005522084704  0.006025726565  0.006026868278  0.006529759095  0.004514157292  0.008551152640  0.009056872118  0.009056872118  0.006025015042  0.007538998848  0.006025726565  0.007540892618  0.006529759095  0.005017292506  0.005521236366  0.009059673844  
piranga_hepatica_ku4970 0.015171323434  0.014666265883  0.002002847303  0.002504695713  0.003510019110  0.013637894665  0.010075735025  0.011085394469  0.010070401975  0.004514157292  0.005017292506  0.000000000000  0.000500192696  0.001501539527  0.001501768495  0.002002847303  0.002003365955  0.002504313101  0.000500192696  0.004514157292  0.005017292506  0.005017292506  0.002002754665  0.003508408321  0.002002847303  0.003509054668  0.002504313101  0.001000771222  0.001501539527  0.005018832841  
piranga_ludoviciana_sdsu2385 0.014662221960  0.014157696154  0.001501768495  0.002003365955  0.003008185825  0.013129713128  0.009569774839  0.010578372370  0.009564032066  0.004011411569  0.004514157292  0.000500192696  0.000000000000  0.001000711129  0.001001076018  0.001501768495  0.001502422779  0.002002847303  0.000000000000  0.004011411569  0.004514157292  0.004514157292  0.001501539527  0.003006166552  0.001501768495  0.003007085925  0.002002847303  0.000500192696  0.001000711129  0.004515970310  
piranga_rubra_sdsu2654 0.015684596369  0.015179579688  0.002504695713  0.003007085925  0.004013496443  0.014149776465  0.010584598780  0.011594177904  0.010578372370  0.005017848103  0.005521236366  0.001501539527  0.001000711129  0.000000000000  0.002003365955  0.002504695713  0.002505504675  0.003006412712  0.001000711129  0.005017848103  0.005521236366  0.005521236366  0.002504313101  0.004011011090  0.002504695713  0.004012240142  0.003006412712  0.001501539527  0.002002847303  0.005523362522  
piranga_hepatica_ku9084 0.015688809011  0.015184364949  0.002505504675  0.003008185825  0.004015180107  0.014153517684  0.010587542821  0.011595979698  0.010580013185  0.005018832841  0.005522084704  0.001501768495  0.001001076018  0.002003365955  0.000000000000  0.002505504675  0.002506739625  0.003007085925  0.001001076018  0.005018832841  0.005522084704  0.005522084704  0.002504695713  0.004011411569  0.002505504675  0.004013496443  0.003007085925  0.001501768495  0.002003365955  0.005525069455  
piranga_ludoviciana_sdsu2208 0.016198436070  0.015693460347  0.003007085925  0.003510019110  0.004517519103  0.014662221960  0.011094019599  0.012103518226  0.011086897872  0.005522084704  0.006025726565  0.002002847303  0.001501768495  0.002504695713  0.002505504675  0.000000000000  0.003008185825  0.003509054668  0.001501768495  0.005522084704  0.006025726565  0.006025726565  0.003006412712  0.004514157292  0.003007085925  0.004515970310  0.003509054668  0.002002847303  0.002504695713  0.006028439813  
piranga_lutea_lsu5400 0.016202953065  0.015698550010  0.003008185825  0.003511410576  0.004519495599  0.014666265883  0.011097262779  0.012105619066  0.011088836776  0.005523362522  0.006026868278  0.002003365955  0.001502422779  0.002505504675  0.002506739625  0.003008185825  0.000000000000  0.003510019110  0.001502422779  0.005523362522  0.006026868278  0.006026868278  0.003007085925  0.004514849584  0.003008185825  0.004517519103  0.003510019110  0.002003365955  0.002505504675  0.006030440804  
piranga_ludoviciana_sdsu2648 0.016708461551  0.016202953065  0.003509054668  0.004012240142  0.005020246353  0.014658616014  0.011091210808  0.012101853961  0.011085394469  0.006025726565  0.006529759095  0.002504313101  0.002002847303  0.003006412712  0.003007085925  0.003509054668  0.003510019110  0.000000000000  0.002002847303  0.006025726565  0.006529759095  0.006529759095  0.003508517616  0.005017292506  0.003509054668  0.005018832841  0.004011411569  0.002504313101  0.003006412712  0.006532200014  
piranga_ludoviciana_sdsu2650 0.014662221960  0.014157696154  0.001501768495  0.002003365955  0.003008185825  0.013129713128  0.009569774839  0.010578372370  0.009564032066  0.004011411569  0.004514157292  0.000500192696  0.000000000000  0.001000711129  0.001001076018  0.001501768495  0.001502422779  0.002002847303  0.000000000000  0.004011411569  0.004514157292  0.004514157292  0.001501539527  0.003006166552  0.001501768495  0.003007085925  0.002002847303  0.000500192696  0.001000711129  0.004515970310  
piranga_flava_ku90809 0.018760682238  0.018254187353  0.005522084704  0.006026868278  0.007038081103  0.017218886141  0.013637894665  0.014650429738  0.013630202183  0.008045826365  0.008551152640  0.004514157292  0.004011411569  0.005017848103  0.005018832841  0.005522084704  0.005523362522  0.006025726565  0.004011411569  0.000000000000  0.000500192696  0.006529759095  0.005521236366  0.007034182965  0.004514157292  0.006025726565  0.005017292506  0.004514157292  0.005017848103  0.008554227996  
piranga_flava_lsu15408 0.019272437208  0.018765406320  0.006025726565  0.006530764288  0.007542487070  0.017729710532  0.014146472865  0.015160078353  0.014139191491  0.008551152640  0.009056872118  0.005017292506  0.004514157292  0.005521236366  0.005522084704  0.006025726565  0.006026868278  0.006529759095  0.004514157292  0.000500192696  0.000000000000  0.007034182965  0.006025015042  0.007538998848  0.005017292506  0.006529759095  0.005520817878  0.005017292506  0.005521236366  0.009059673844  
piranga_lutea_ku89864 0.019272437208  0.018765406320  0.006025726565  0.006530764288  0.007542487070  0.017729710532  0.014146472865  0.015160078353  0.014139191491  0.008551152640  0.009056872118  0.005017292506  0.004514157292  0.005521236366  0.005522084704  0.006025726565  0.006026868278  0.006529759095  0.004514157292  0.006529759095  0.007034182965  0.000000000000  0.006025015042  0.007538998848  0.005017292506  0.006529759095  0.005520817878  0.005017292506  0.005521236366  0.009059673844  
piranga_rubra_ku7046 0.016194358498  0.015688809011  0.003006412712  0.003509054668  0.004515970310  0.014658616014  0.011091210808  0.012101853961  0.011085394469  0.005521236366  0.006025015042  0.002002754665  0.001501539527  0.002504313101  0.002504695713  0.003006412712  0.003007085925  0.003508517616  0.001501539527  0.005521236366  0.006025015042  0.006025015042  0.000000000000  0.004513893801  0.003006412712  0.004514849584  0.003508517616  0.002002754665  0.002504313101  0.006026868278  
piranga_olivacea_ku4672 0.017729710532  0.017223133204  0.004514157292  0.004515970310  0.005525069455  0.016190720718  0.012615817198  0.013628514287  0.012609926730  0.007034182965  0.007538998848  0.003508408321  0.003006166552  0.004011011090  0.004011411569  0.004514157292  0.004514849584  0.005017292506  0.003006166552  0.007034182965  0.007538998848  0.007538998848  0.004513893801  0.000000000000  0.003509054668  0.005018832841  0.004011411569  0.002504313101  0.004011011090  0.007540892618  
piranga_bidentata_hgoslp104 0.016198436070  0.015693460347  0.003007085925  0.003510019110  0.004517519103  0.014662221960  0.011094019599  0.012103518226  0.011086897872  0.005522084704  0.006025726565  0.002002847303  0.001501768495  0.002504695713  0.002505504675  0.003007085925  0.003008185825  0.003509054668  0.001501768495  0.004514157292  0.005017292506  0.005017292506  0.003006412712  0.003509054668  0.000000000000  0.001501768495  0.000500192696  0.001001076018  0.002504695713  0.006028439813  
piranga_bidentata_itm141 0.017738374717  0.017232948506  0.004515970310  0.005020246353  0.006030440804  0.016198436070  0.012621927572  0.013632328461  0.012613416657  0.007036350725  0.007540892618  0.003509054668  0.003007085925  0.004012240142  0.004013496443  0.004515970310  0.004517519103  0.005018832841  0.003007085925  0.006025726565  0.006529759095  0.006529759095  0.004514849584  0.005018832841  0.001501768495  0.000000000000  0.002002847303  0.002505504675  0.004012240142  0.007544512741  
piranga_bidentata_itm160 0.016708461551  0.016202953065  0.003509054668  0.004012240142  0.005020246353  0.015171323434  0.011600890468  0.012611453043  0.011594177904  0.006025726565  0.006529759095  0.002504313101  0.002002847303  0.003006412712  0.003007085925  0.003509054668  0.003510019110  0.004011411569  0.002002847303  0.005017292506  0.005520817878  0.005520817878  0.003508517616  0.004011411569  0.000500192696  0.002002847303  0.000000000000  0.001501768495  0.003006412712  0.006532200014  
piranga_olivacea_ku2699 0.015171323434  0.014666265883  0.002002847303  0.002504695713  0.003510019110  0.013637894665  0.010075735025  0.011085394469  0.010070401975  0.004514157292  0.005017292506  0.001000771222  0.000500192696  0.001501539527  0.001501768495  0.002002847303  0.002003365955  0.002504313101  0.000500192696  0.004514157292  0.005017292506  0.005017292506  0.002002754665  0.002504313101  0.001001076018  0.002505504675  0.001501768495  0.000000000000  0.001501539527  0.005018832841  
piranga_rubra_sdsu2635 0.015684596369  0.015179579688  0.002504695713  0.003007085925  0.004013496443  0.014149776465  0.010584598780  0.011594177904  0.010578372370  0.005017848103  0.005521236366  0.001501539527  0.001000711129  0.002002847303  0.002003365955  0.002504695713  0.002505504675  0.003006412712  0.001000711129  0.005017848103  0.005521236366  0.005521236366  0.002504313101  0.004011011090  0.002504695713  0.004012240142  0.003006412712  0.001501539527  0.000000000000  0.003510019110  
piranga_rubra_ku26592 0.019282057315  0.018776180046  0.006028439813  0.006534065904  0.007546969265  0.017738374717  0.014153517684  0.015164821996  0.014143607253  0.008554227996  0.009059673844  0.005018832841  0.004515970310  0.005523362522  0.005525069455  0.006028439813  0.006030440804  0.006532200014  0.004515970310  0.008554227996  0.009059673844  0.009059673844  0.006026868278  0.007540892618  0.006028439813  0.007544512741  0.006532200014  0.005018832841  0.003510019110  0.000000000000  

