30
piranga_rubra_ku26592 0.000000000000  0.004808202368  0.002880639286  0.013636860817  0.010688081190  0.011855365798  0.004055261386  0.012850846194  0.003844774139  0.004808202368  0.004517873553  0.005510963855  0.003908642828  0.003415164430  0.003844774139  0.006058852364  0.003998508578  0.006744968501  0.003506987974  0.005775529786  0.013643012920  0.008678488110  0.012655849789  0.006780797655  0.005775529786  0.006810358612  0.001567708635  0.004811006360  0.001919852005  0.006741614178  
piranga_flava_ku90809 0.004808202368  0.000000000000  0.001903980847  0.013531412401  0.010605639672  0.011762397385  0.003038173582  0.012750012378  0.002858679697  0.003813665316  0.003384342757  0.005510963855  0.002905750607  0.003415164430  0.002875117820  0.001005873974  0.002971958348  0.005731393565  0.003506987974  0.004771494444  0.013537469036  0.005729088597  0.012558040752  0.005762100429  0.004771494444  0.006810358612  0.003137598561  0.003815435019  0.002857897273  0.005729088597  
piranga_ludoviciana_sdsu2385 0.002880639286  0.001903980847  0.000000000000  0.011580767451  0.008664196937  0.009786977344  0.001011251317  0.010771814481  0.000951588966  0.001903980847  0.001126286168  0.003301715022  0.000967235960  0.001136526607  0.000957053296  0.003021991848  0.000989243094  0.003815435019  0.001167032998  0.002858679697  0.011586250880  0.005728238911  0.010610095400  0.003835606971  0.002858679697  0.004077626465  0.000000000000  0.001905221013  0.000951329647  0.003813665316  
piranga_rubriceps_lsu265 0.013636860817  0.013531412401  0.011580767451  0.000000000000  0.008668092477  0.019802307966  0.011284987485  0.020803245709  0.012558040752  0.013531412401  0.012583239723  0.013352562087  0.012730212338  0.012618410920  0.011648217484  0.013280262154  0.013062812434  0.015494689127  0.011851706358  0.013531412401  0.011593222515  0.017445019906  0.000956790990  0.015533164229  0.012564556412  0.013740883205  0.009476106953  0.013537469036  0.012553018717  0.015488053022  
piranga_leucoptera_lsu7783 0.010688081190  0.010605639672  0.008664196937  0.008668092477  0.000000000000  0.016788839465  0.008185630185  0.017785729785  0.009636080542  0.010605639672  0.010276859358  0.009992859096  0.009767857291  0.006850380289  0.008714534178  0.011219077531  0.010022397109  0.012558040752  0.007084968249  0.010605639672  0.002877368747  0.014502281505  0.007701669905  0.012589489983  0.009640996952  0.008209491839  0.003140970196  0.010610095400  0.009632648014  0.012553018717  
cardinalis_cardinalis_ku25393 0.011855365798  0.011762397385  0.009786977344  0.019802307966  0.016788839465  0.000000000000  0.011473323685  0.002919891437  0.010776411790  0.011762397385  0.011644684574  0.013548556441  0.010893811959  0.009316305626  0.010840132695  0.012453872983  0.011215945803  0.013750215557  0.010859694117  0.012755194437  0.019813572789  0.015726428247  0.018803037930  0.013743965711  0.011762397385  0.011253583533  0.008075268360  0.010776411790  0.010771814481  0.013743965711  
piranga_olivacea_ku2699 0.004055261386  0.003038173582  0.001011251317  0.011284987485  0.008185630185  0.011473323685  0.000000000000  0.011468108752  0.002024810250  0.001010958460  0.002310144698  0.004407763396  0.002037185011  0.001152241250  0.002024810250  0.004193490186  0.001038557642  0.003038173582  0.002337140423  0.001010958460  0.010253937034  0.006089599273  0.010253937034  0.003056747493  0.004055261386  0.004077626465  0.000000000000  0.003040687354  0.002023409471  0.003037289649  
cardinalis_cardinalis_ku21828 0.012850846194  0.012750012378  0.010771814481  0.020803245709  0.017785729785  0.002919891437  0.011468108752  0.000000000000  0.011762397385  0.012750012378  0.011639660606  0.013541044041  0.011890608980  0.008143192265  0.011831986185  0.013500942707  0.012242416040  0.014740148302  0.009641935948  0.013743965711  0.020814040818  0.016720131464  0.019802307966  0.014734374994  0.012750012378  0.009838339158  0.006452173483  0.011762397385  0.011758278347  0.014734374994  
piranga_rubra_ku7046 0.003844774139  0.002858679697  0.000951588966  0.012558040752  0.009636080542  0.010776411790  0.002024810250  0.011762397385  0.000000000000  0.002858679697  0.002255435562  0.004407763396  0.001936582817  0.002275968810  0.001916173230  0.004032829092  0.001980694343  0.004774255690  0.002337140423  0.003815435019  0.012564556412  0.006688222900  0.011586250880  0.004798972538  0.003815435019  0.005443226575  0.001567708635  0.002860904933  0.001903980847  0.004771494444  
piranga_bidentata_hgoslp104 0.004808202368  0.003813665316  0.001903980847  0.013531412401  0.010605639672  0.011762397385  0.001010958460  0.012750012378  0.002858679697  0.000000000000  0.003384342757  0.005510963855  0.002905750607  0.002274198869  0.002875117820  0.005044505207  0.002971958348  0.003813665316  0.003506987974  0.000951588966  0.013537469036  0.007648902802  0.012558040752  0.005762100429  0.004771494444  0.005442569835  0.001567004787  0.003815435019  0.002857897273  0.001903980847  
piranga_ludoviciana_sdsu2648 0.004517873553  0.003384342757  0.001126286168  0.012583239723  0.010276859358  0.011644684574  0.002310144698  0.011639660606  0.002255435562  0.003384342757  0.000000000000  0.003620484880  0.001133949079  0.001340709511  0.002255435562  0.004515390765  0.001126286168  0.004517873553  0.001234760323  0.004517873553  0.012589525997  0.007922010630  0.011431687490  0.003407406500  0.004517873553  0.004077626465  0.000000000000  0.002255435562  0.002253697421  0.003383245516  
piranga_roseogularis_ku2049 0.005510963855  0.005510963855  0.003301715022  0.013352562087  0.009992859096  0.013548556441  0.004407763396  0.013541044041  0.004407763396  0.005510963855  0.003620484880  0.000000000000  0.003301715022  0.004863287179  0.004407763396  0.006616205536  0.003301715022  0.006621215856  0.004719824161  0.005510963855  0.012243480953  0.008836645032  0.012233609751  0.003298751003  0.006621215856  0.008243329305  0.003140970196  0.005516572897  0.004403480161  0.006616205536  
piranga_hepatica_ku4970 0.003908642828  0.002905750607  0.000967235960  0.012730212338  0.009767857291  0.010893811959  0.002037185011  0.011890608980  0.001936582817  0.002905750607  0.001133949079  0.003301715022  0.000000000000  0.002299520225  0.001947899642  0.004057373222  0.001992534166  0.004853033074  0.001175262422  0.003878324697  0.012736909026  0.006798653280  0.011745018278  0.004850179795  0.003878324697  0.004105527903  0.000000000000  0.002908049805  0.001935301477  0.004850179795  
piranga_hepatica_ku9084 0.003415164430  0.003415164430  0.001136526607  0.012618410920  0.006850380289  0.009316305626  0.001152241250  0.008143192265  0.002275968810  0.002274198869  0.001340709511  0.004863287179  0.002299520225  0.000000000000  0.002275968810  0.003599561533  0.001187826500  0.002275968810  0.002526061206  0.002274198869  0.009156128292  0.006847083700  0.011464848948  0.003415164430  0.003415164430  0.005480516443  0.001567708635  0.003418341606  0.002274198869  0.002274198869  
piranga_rubra_sdsu2654 0.003844774139  0.002875117820  0.000957053296  0.011648217484  0.008714534178  0.010840132695  0.002024810250  0.011831986185  0.001916173230  0.002875117820  0.002255435562  0.004407763396  0.001947899642  0.002275968810  0.000000000000  0.004032829092  0.001992534166  0.004801765751  0.002337140423  0.003837397139  0.011653765368  0.006726786324  0.010671858926  0.004826768950  0.003837397139  0.005443226575  0.001567708635  0.002877368747  0.001914918762  0.004798972538  
piranga_flava_lsu15408 0.006058852364  0.001005873974  0.003021991848  0.013280262154  0.011219077531  0.012453872983  0.004193490186  0.013500942707  0.004032829092  0.005044505207  0.004515390765  0.006616205536  0.004057373222  0.003599561533  0.004032829092  0.000000000000  0.004032829092  0.007075521302  0.004679134484  0.006058852364  0.014320393319  0.007073455842  0.012250445280  0.006095786141  0.006058852364  0.006810358612  0.003137598561  0.005045972059  0.004032469253  0.007073455842  
piranga_lutea_lsu5400 0.003998508578  0.002971958348  0.000989243094  0.013062812434  0.010022397109  0.011215945803  0.001038557642  0.012242416040  0.001980694343  0.002971958348  0.001126286168  0.003301715022  0.001992534166  0.001187826500  0.001992534166  0.004032829092  0.000000000000  0.004963846735  0.001167032998  0.003966785949  0.013069865947  0.006953996159  0.012051718009  0.004990570667  0.003966785949  0.004077626465  0.000000000000  0.002974363628  0.001979353952  0.004960861434  
piranga_olivacea_ku4672 0.006744968501  0.005731393565  0.003815435019  0.015494689127  0.012558040752  0.013750215557  0.003038173582  0.014740148302  0.004774255690  0.003813665316  0.004517873553  0.006621215856  0.004853033074  0.002275968810  0.004801765751  0.007075521302  0.004963846735  0.000000000000  0.004681801086  0.004771494444  0.015502828719  0.009577294033  0.014519061829  0.007697314405  0.006693371646  0.004077626465  0.000000000000  0.003815435019  0.004771494444  0.005729088597  
piranga_ludoviciana_sdsu2208 0.003506987974  0.003506987974  0.001167032998  0.011851706358  0.007084968249  0.010859694117  0.002337140423  0.009641935948  0.002337140423  0.003506987974  0.001234760323  0.004719824161  0.001175262422  0.002526061206  0.002337140423  0.004679134484  0.001167032998  0.004681801086  0.000000000000  0.003506987974  0.009470471803  0.007031646424  0.010659903809  0.003531759744  0.004681801086  0.005443226575  0.000000000000  0.003510338517  0.002335274034  0.003506987974  
piranga_bidentata_itm160 0.005775529786  0.004771494444  0.002858679697  0.013531412401  0.010605639672  0.012755194437  0.001010958460  0.013743965711  0.003815435019  0.000951588966  0.004517873553  0.005510963855  0.003878324697  0.002274198869  0.003837397139  0.006058852364  0.003966785949  0.004771494444  0.003506987974  0.000000000000  0.013537469036  0.008612051879  0.012558040752  0.006728653460  0.005731393565  0.005442569835  0.001567004787  0.004774255690  0.003813665316  0.002858679697  
piranga_leucoptera_fmnh481795 0.013643012920  0.013537469036  0.011586250880  0.011593222515  0.002877368747  0.019813572789  0.010253937034  0.020814040818  0.012564556412  0.013537469036  0.012589525997  0.012243480953  0.012736909026  0.009156128292  0.011653765368  0.014320393319  0.013069865947  0.015502828719  0.009470471803  0.013537469036  0.000000000000  0.017450727309  0.010623461748  0.015539839381  0.012572562459  0.010978052288  0.004719824161  0.013545021486  0.012558040752  0.015494689127  
piranga_lutea_ku89864 0.008678488110  0.005729088597  0.005728238911  0.017445019906  0.014502281505  0.015726428247  0.006089599273  0.016720131464  0.006688222900  0.007648902802  0.007922010630  0.008836645032  0.006798653280  0.006847083700  0.006726786324  0.007073455842  0.006953996159  0.009577294033  0.007031646424  0.008612051879  0.017450727309  0.000000000000  0.016465735742  0.009630702626  0.008612051879  0.010930507047  0.004713443608  0.007650286216  0.006687837743  0.009575371079  
piranga_rubriceps_lsu34818 0.012655849789  0.012558040752  0.010610095400  0.000956790990  0.007701669905  0.018803037930  0.010253937034  0.019802307966  0.011586250880  0.012558040752  0.011431687490  0.012233609751  0.011745018278  0.011464848948  0.010671858926  0.012250445280  0.012051718009  0.014519061829  0.010659903809  0.012558040752  0.010623461748  0.016465735742  0.000000000000  0.014554210470  0.011593222515  0.012357873124  0.007894469329  0.012564556412  0.011580767451  0.014511966019  
piranga_roseogularis_ku2141 0.006780797655  0.005762100429  0.003835606971  0.015533164229  0.012589489983  0.013743965711  0.003056747493  0.014734374994  0.004798972538  0.005762100429  0.003407406500  0.003298751003  0.004850179795  0.003415164430  0.004826768950  0.006095786141  0.004990570667  0.007697314405  0.003531759744  0.006728653460  0.015539839381  0.009630702626  0.014554210470  0.000000000000  0.006728653460  0.006857058071  0.003137598561  0.005764432125  0.004797646157  0.007694435280  
piranga_erythrocephala_fmnh343371 0.005775529786  0.004771494444  0.002858679697  0.012564556412  0.009640996952  0.011762397385  0.004055261386  0.012750012378  0.003815435019  0.004771494444  0.004517873553  0.006621215856  0.003878324697  0.003415164430  0.003837397139  0.006058852364  0.003966785949  0.006693371646  0.004681801086  0.005731393565  0.012572562459  0.008612051879  0.011593222515  0.006728653460  0.000000000000  0.001356557208  0.001567708635  0.004774255690  0.003813665316  0.006690068598  
piranga_erythrocephala_fmnh343370 0.006810358612  0.006810358612  0.004077626465  0.013740883205  0.008209491839  0.011253583533  0.004077626465  0.009838339158  0.005443226575  0.005442569835  0.004077626465  0.008243329305  0.004105527903  0.005480516443  0.005443226575  0.006810358612  0.004077626465  0.004077626465  0.005443226575  0.005442569835  0.010978052288  0.010930507047  0.012357873124  0.006857058071  0.001356557208  0.000000000000  0.001585103517  0.005443226575  0.005442569835  0.005442569835  
piranga_ludoviciana_sdsu2650 0.001567708635  0.003137598561  0.000000000000  0.009476106953  0.003140970196  0.008075268360  0.000000000000  0.006452173483  0.001567708635  0.001567004787  0.000000000000  0.003140970196  0.000000000000  0.001567708635  0.001567708635  0.003137598561  0.000000000000  0.000000000000  0.000000000000  0.001567004787  0.004719824161  0.004713443608  0.007894469329  0.003137598561  0.001567708635  0.001585103517  0.000000000000  0.001567708635  0.000000000000  0.001567004787  
piranga_bidentata_tepe59 0.004811006360  0.003815435019  0.001905221013  0.013537469036  0.010610095400  0.010776411790  0.003040687354  0.011762397385  0.002860904933  0.003815435019  0.002255435562  0.005516572897  0.002908049805  0.003418341606  0.002877368747  0.005045972059  0.002974363628  0.003815435019  0.003510338517  0.004774255690  0.013545021486  0.007650286216  0.012564556412  0.005764432125  0.004774255690  0.005443226575  0.001567708635  0.000000000000  0.002858679697  0.005731393565  
piranga_rubra_sdsu2635 0.001919852005  0.002857897273  0.000951329647  0.012553018717  0.009632648014  0.010771814481  0.002023409471  0.011758278347  0.001903980847  0.002857897273  0.002253697421  0.004403480161  0.001935301477  0.002274198869  0.001914918762  0.004032469253  0.001979353952  0.004771494444  0.002335274034  0.003813665316  0.012558040752  0.006687837743  0.011580767451  0.004797646157  0.003813665316  0.005442569835  0.000000000000  0.002858679697  0.000000000000  0.004770183250  
piranga_bidentata_itm141 0.006741614178  0.005729088597  0.003813665316  0.015488053022  0.012553018717  0.013743965711  0.003037289649  0.014734374994  0.004771494444  0.001903980847  0.003383245516  0.006616205536  0.004850179795  0.002274198869  0.004798972538  0.007073455842  0.004960861434  0.005729088597  0.003506987974  0.002858679697  0.015494689127  0.009575371079  0.014511966019  0.007694435280  0.006690068598  0.005442569835  0.001567004787  0.005731393565  0.004770183250  0.000000000000  

