30
piranga_rubra_ku26592 0.000000000000  0.002897695848  0.002896956834  0.009715286085  0.009705856307  0.010687332108  0.002171020259  0.008355822020  0.001092760843  0.006403461702  0.005139144805  0.005769283971  0.002080444025  0.002065633578  0.001929881019  0.002061147545  0.004835941351  0.003861960918  0.001340279146  0.004831268580  0.008730244576  0.002894899661  0.011682390104  0.006430915400  0.008735297862  0.006595478754  0.002505220164  0.005808358501  0.002894899661  0.004835941351  
piranga_flava_ku90809 0.002897695848  0.000000000000  0.001931745040  0.010713747228  0.010703322013  0.011688959696  0.002173126004  0.008370941444  0.001094271431  0.006403461702  0.005145835080  0.005779700906  0.001040745096  0.000000000000  0.000965390644  0.000000000000  0.003869726879  0.004837180309  0.001342552302  0.003865986787  0.009725942649  0.001931062313  0.012689210349  0.007522683645  0.009733372355  0.006611674368  0.002510358842  0.004841864535  0.001931062313  0.003869726879  
piranga_ludoviciana_sdsu2385 0.002896956834  0.001931745040  0.000000000000  0.010697726128  0.010697726128  0.011682390104  0.001084465410  0.008364558840  0.000000000000  0.003193191189  0.003082280982  0.004617798577  0.001040460019  0.000000000000  0.000964214748  0.002061147545  0.003865693220  0.004835941351  0.000000000000  0.001929881019  0.009719912660  0.001929881019  0.012669288105  0.007518819297  0.009725942649  0.005281275336  0.001253368462  0.002897695848  0.001929881019  0.001929881019  
piranga_rubriceps_lsu265 0.009715286085  0.010713747228  0.010697726128  0.000000000000  0.009715286085  0.014649826896  0.006538771328  0.012597026572  0.004388879338  0.012883484656  0.010343254389  0.006944715158  0.010495236903  0.006242933239  0.009719912660  0.009337095525  0.012663153292  0.009719912660  0.006737683611  0.010703322013  0.008738721584  0.008738721584  0.001931062313  0.010778043143  0.010710323227  0.003954932934  0.007566540001  0.011688959696  0.010703322013  0.010703322013  
piranga_leucoptera_lsu7783 0.009705856307  0.010703322013  0.010697726128  0.009715286085  0.000000000000  0.014635531928  0.007637596392  0.012593066625  0.006593644476  0.011262894734  0.010339384250  0.009265547730  0.010484233037  0.008312410277  0.009719912660  0.009342878857  0.012663153292  0.009710473860  0.008097564516  0.010692917068  0.000963285933  0.008730244576  0.011682390104  0.010766438568  0.008735297862  0.005268616029  0.008829177860  0.011688959696  0.008730244576  0.010703322013  
cardinalis_cardinalis_ku25393 0.010687332108  0.011688959696  0.011682390104  0.014649826896  0.014635531928  0.000000000000  0.008739204266  0.000000000000  0.007702218574  0.016160472925  0.011386650264  0.008103466038  0.010484233037  0.002062495164  0.010703322013  0.010393115707  0.013651314840  0.010692917068  0.008097564516  0.011677584225  0.013653630819  0.011677584225  0.016639424617  0.010766438568  0.013663552817  0.006602942898  0.008829177860  0.012676835829  0.011677584225  0.011688959696  
piranga_olivacea_ku2699 0.002171020259  0.002173126004  0.001084465410  0.006538771328  0.007637596392  0.008739204266  0.000000000000  0.008739204266  0.001092760843  0.000000000000  0.002218935307  0.005775948653  0.001181874836  0.002069909259  0.001084465410  0.002228826563  0.003258853276  0.001084465410  0.001347503273  0.002170767326  0.006543308641  0.002170767326  0.008739204266  0.004886011452  0.006543308641  0.006604190461  0.002579536823  0.002170767326  0.002170767326  0.002170767326  
cardinalis_cardinalis_ku21828 0.008355822020  0.008370941444  0.008364558840  0.012597026572  0.012593066625  0.000000000000  0.008739204266  0.000000000000  0.007702218574  0.010937030256  0.009612307925  0.008103466038  0.006795273394  0.002062495164  0.007315822858  0.008586581232  0.009421121826  0.008362191261  0.008097564516  0.009411269859  0.011539621663  0.008362191261  0.014731220995  0.008163099410  0.010477897190  0.006602942898  0.008829177860  0.009421121826  0.008362191261  0.009421121826  
piranga_rubra_ku7046 0.001092760843  0.001094271431  0.000000000000  0.004388879338  0.006593644476  0.007702218574  0.001092760843  0.007702218574  0.000000000000  0.000000000000  0.001117505680  0.004617798577  0.000000000000  0.000000000000  0.000000000000  0.001122523388  0.002187386420  0.000000000000  0.000000000000  0.001093075309  0.005493053433  0.001093075309  0.006600037531  0.003693196018  0.005493053433  0.005281275336  0.001300643891  0.001093075309  0.001093075309  0.001093075309  
piranga_bidentata_hgoslp104 0.006403461702  0.006403461702  0.003193191189  0.012883484656  0.011262894734  0.016160472925  0.000000000000  0.010937030256  0.000000000000  0.000000000000  0.001709840782  0.004222105185  0.004795640135  0.000000000000  0.004795640135  0.006865047543  0.008014259833  0.008017248291  0.000000000000  0.003196428977  0.011262894734  0.004795640135  0.014518892858  0.008024493329  0.012910059396  0.004487352434  0.001873186387  0.001595278416  0.006403461702  0.003196428977  
piranga_ludoviciana_sdsu2648 0.005139144805  0.005145835080  0.003082280982  0.010343254389  0.010339384250  0.011386650264  0.002218935307  0.009612307925  0.001117505680  0.001709840782  0.000000000000  0.005799813883  0.004358892995  0.000000000000  0.004112415187  0.005167106509  0.007214535001  0.004110091434  0.001340752271  0.003081513683  0.009301936665  0.005140544560  0.012440306690  0.007869429133  0.010347783569  0.005274311477  0.002507211833  0.002054022326  0.005140544560  0.003084682193  
piranga_roseogularis_ku2049 0.005769283971  0.005779700906  0.004617798577  0.006944715158  0.009265547730  0.008103466038  0.005775948653  0.008103466038  0.004617798577  0.004222105185  0.005799813883  0.000000000000  0.004955320840  0.004137940692  0.004617798577  0.005833648403  0.006939602783  0.004612473667  0.005696285165  0.005773027545  0.008103466038  0.005773027545  0.009284146419  0.001272507525  0.008103466038  0.007926401298  0.006792604291  0.005779700906  0.005773027545  0.005779700906  
piranga_hepatica_ku4970 0.002080444025  0.001040745096  0.001040460019  0.010495236903  0.010484233037  0.010484233037  0.001181874836  0.006795273394  0.000000000000  0.004795640135  0.004358892995  0.004955320840  0.000000000000  0.000000000000  0.000000000000  0.001088316858  0.003126402643  0.004168123859  0.000000000000  0.003123147897  0.009430994442  0.001039663071  0.012623531278  0.006433600285  0.009438514002  0.005274311477  0.001251799495  0.004172471723  0.001039663071  0.003126402643  
piranga_hepatica_ku9084 0.002065633578  0.000000000000  0.000000000000  0.006242933239  0.008312410277  0.002062495164  0.002069909259  0.002062495164  0.000000000000  0.000000000000  0.000000000000  0.004137940692  0.000000000000  0.000000000000  0.000000000000  0.000000000000  0.002071038193  0.000000000000  0.000000000000  0.000000000000  0.006229968591  0.002066757850  0.008343981979  0.004137940692  0.006229968591  0.004143382493  0.002132880181  0.002071038193  0.000000000000  0.000000000000  
piranga_rubra_sdsu2654 0.001929881019  0.000965390644  0.000964214748  0.009719912660  0.009719912660  0.010703322013  0.001084465410  0.007315822858  0.000000000000  0.004795640135  0.004112415187  0.004617798577  0.000000000000  0.000000000000  0.000000000000  0.001030025155  0.002896956834  0.003865986787  0.000000000000  0.002896956834  0.008743784726  0.000964459564  0.011688959696  0.006440506319  0.008750245678  0.005281275336  0.001253368462  0.003865986787  0.000964459564  0.002896956834  
piranga_flava_lsu15408 0.002061147545  0.000000000000  0.002061147545  0.009337095525  0.009342878857  0.010393115707  0.002228826563  0.008586581232  0.001122523388  0.006865047543  0.005167106509  0.005833648403  0.001088316858  0.000000000000  0.001030025155  0.000000000000  0.004129397055  0.003095000570  0.001340752271  0.004129397055  0.008301448485  0.002062495164  0.011437894831  0.006744580197  0.009350258168  0.006611674368  0.002510358842  0.005167106509  0.002062495164  0.004129397055  
piranga_lutea_lsu5400 0.004835941351  0.003869726879  0.003865693220  0.012663153292  0.012663153292  0.013651314840  0.003258853276  0.009421121826  0.002187386420  0.008014259833  0.007214535001  0.006939602783  0.003126402643  0.002071038193  0.002896956834  0.004129397055  0.000000000000  0.006781209668  0.002683364570  0.005807565803  0.011682390104  0.003865986787  0.014641726330  0.009684413899  0.011688959696  0.007936886722  0.003767403064  0.006781209668  0.003865986787  0.005807565803  
piranga_olivacea_ku4672 0.003861960918  0.004837180309  0.004835941351  0.009719912660  0.009710473860  0.010692917068  0.001084465410  0.008362191261  0.000000000000  0.008017248291  0.004110091434  0.004612473667  0.004168123859  0.000000000000  0.003865986787  0.003095000570  0.006781209668  0.000000000000  0.000000000000  0.004832505137  0.008735297862  0.004832505137  0.011688959696  0.006433600285  0.008741746245  0.005274311477  0.001251799495  0.005810547083  0.004832505137  0.004837180309  
piranga_ludoviciana_sdsu2208 0.001340279146  0.001342552302  0.000000000000  0.006737683611  0.008097564516  0.008097564516  0.001347503273  0.008097564516  0.000000000000  0.000000000000  0.001340752271  0.005696285165  0.000000000000  0.000000000000  0.000000000000  0.001340752271  0.002683364570  0.000000000000  0.000000000000  0.001340752271  0.006745473621  0.001340752271  0.009461710132  0.004030609850  0.006745473621  0.005940079546  0.001340752271  0.001340752271  0.001340752271  0.001340752271  
piranga_bidentata_itm160 0.004831268580  0.003865986787  0.001929881019  0.010703322013  0.010692917068  0.011677584225  0.002170767326  0.009411269859  0.001093075309  0.003196428977  0.003081513683  0.005773027545  0.003123147897  0.000000000000  0.002896956834  0.004129397055  0.005807565803  0.004832505137  0.001340752271  0.000000000000  0.009716492096  0.003862253917  0.012676835829  0.007514607769  0.009723907332  0.006602942898  0.002507211833  0.002899817794  0.003862253917  0.000000000000  
piranga_leucoptera_fmnh481795 0.008730244576  0.009725942649  0.009719912660  0.008738721584  0.000963285933  0.013653630819  0.006543308641  0.011539621663  0.005493053433  0.011262894734  0.009301936665  0.008103466038  0.009430994442  0.006229968591  0.008743784726  0.008301448485  0.011682390104  0.008735297862  0.006745473621  0.009716492096  0.000000000000  0.007756311933  0.010703322013  0.009684715738  0.007761797813  0.003949725932  0.007565410649  0.010710323227  0.007756311933  0.009725942649  
piranga_lutea_ku89864 0.002894899661  0.001931062313  0.001929881019  0.008738721584  0.008730244576  0.011677584225  0.002170767326  0.008362191261  0.001093075309  0.004795640135  0.005140544560  0.005773027545  0.001039663071  0.002066757850  0.000964459564  0.002062495164  0.003865986787  0.004832505137  0.001340752271  0.003862253917  0.007756311933  0.000000000000  0.010703322013  0.007514607769  0.009723907332  0.006602942898  0.002507211833  0.004837180309  0.001929199608  0.003865986787  
piranga_rubriceps_lsu34818 0.011682390104  0.012689210349  0.012669288105  0.001931062313  0.011682390104  0.016639424617  0.008739204266  0.014731220995  0.006600037531  0.014518892858  0.012440306690  0.009284146419  0.012623531278  0.008343981979  0.011688959696  0.011437894831  0.014641726330  0.011688959696  0.009461710132  0.012676835829  0.010703322013  0.010703322013  0.000000000000  0.012964505583  0.012685792749  0.005281275336  0.010117858320  0.013666960604  0.012676835829  0.012676835829  
piranga_roseogularis_ku2141 0.006430915400  0.007522683645  0.007518819297  0.010778043143  0.010766438568  0.010766438568  0.004886011452  0.008163099410  0.003693196018  0.008024493329  0.007869429133  0.001272507525  0.006433600285  0.004137940692  0.006440506319  0.006744580197  0.009684413899  0.006433600285  0.004030609850  0.007514607769  0.009684715738  0.007514607769  0.012964505583  0.000000000000  0.009692646550  0.006639268655  0.005023781195  0.008607559993  0.007514607769  0.007522683645  
piranga_erythrocephala_fmnh343371 0.008735297862  0.009733372355  0.009725942649  0.010710323227  0.008735297862  0.013663552817  0.006543308641  0.010477897190  0.005493053433  0.012910059396  0.010347783569  0.008103466038  0.009438514002  0.006229968591  0.008750245678  0.009350258168  0.011688959696  0.008741746245  0.006745473621  0.009723907332  0.007761797813  0.009723907332  0.012685792749  0.009692646550  0.000000000000  0.001312594425  0.007565410649  0.010718726078  0.009723907332  0.009733372355  
piranga_erythrocephala_fmnh343370 0.006595478754  0.006611674368  0.005281275336  0.003954932934  0.005268616029  0.006602942898  0.006604190461  0.006602942898  0.005281275336  0.004487352434  0.005274311477  0.007926401298  0.005274311477  0.004143382493  0.005281275336  0.006611674368  0.007936886722  0.005274311477  0.005940079546  0.006602942898  0.003949725932  0.006602942898  0.005281275336  0.006639268655  0.001312594425  0.000000000000  0.007069765045  0.006611674368  0.006602942898  0.006611674368  
piranga_ludoviciana_sdsu2650 0.002505220164  0.002510358842  0.001253368462  0.007566540001  0.008829177860  0.008829177860  0.002579536823  0.008829177860  0.001300643891  0.001873186387  0.002507211833  0.006792604291  0.001251799495  0.002132880181  0.001253368462  0.002510358842  0.003767403064  0.001251799495  0.001340752271  0.002507211833  0.007565410649  0.002507211833  0.010117858320  0.005023781195  0.007565410649  0.007069765045  0.000000000000  0.002510358842  0.002507211833  0.002510358842  
piranga_bidentata_tepe59 0.005808358501  0.004841864535  0.002897695848  0.011688959696  0.011688959696  0.012676835829  0.002170767326  0.009421121826  0.001093075309  0.001595278416  0.002054022326  0.005779700906  0.004172471723  0.002071038193  0.003865986787  0.005167106509  0.006781209668  0.005810547083  0.001340752271  0.002899817794  0.010710323227  0.004837180309  0.013666960604  0.008607559993  0.010718726078  0.006611674368  0.002510358842  0.000000000000  0.004837180309  0.002899817794  
piranga_rubra_sdsu2635 0.002894899661  0.001931062313  0.001929881019  0.010703322013  0.008730244576  0.011677584225  0.002170767326  0.008362191261  0.001093075309  0.006403461702  0.005140544560  0.005773027545  0.001039663071  0.000000000000  0.000964459564  0.002062495164  0.003865986787  0.004832505137  0.001340752271  0.003862253917  0.007756311933  0.001929199608  0.012676835829  0.007514607769  0.009723907332  0.006602942898  0.002507211833  0.004837180309  0.000000000000  0.003865986787  
piranga_bidentata_itm141 0.004835941351  0.003869726879  0.001929881019  0.010703322013  0.010703322013  0.011688959696  0.002170767326  0.009421121826  0.001093075309  0.003196428977  0.003084682193  0.005779700906  0.003126402643  0.000000000000  0.002896956834  0.004129397055  0.005807565803  0.004837180309  0.001340752271  0.000000000000  0.009725942649  0.003865986787  0.012676835829  0.007522683645  0.009733372355  0.006611674368  0.002510358842  0.002899817794  0.003865986787  0.000000000000  

