30
cardinalis_cardinalis_ku21828 0.000000000000  0.003508982777  0.014155914169  0.020811833090  0.018762847829  0.019270161341  0.023416975600  0.023416975600  0.025992696484  0.025992696484  0.025471000179  0.024955315959  0.024955315959  0.024955315959  0.024955315959  0.026509060681  0.031216815151  0.031216815151  0.028602695441  0.029645696466  0.028085234650  0.028609813784  0.027568182627  0.027568182627  0.026528087884  0.035936312017  0.029134973310  0.028085234650  0.024961190236  0.028596015292  
cardinalis_cardinalis_ku25393 0.003508982777  0.000000000000  0.012113288101  0.018750741287  0.016706556521  0.017213417723  0.021344553597  0.021344553597  0.023914183321  0.023914183321  0.023394472126  0.022880007177  0.022880007177  0.022880007177  0.022880007177  0.024429324617  0.029120565714  0.029120565714  0.026514966817  0.027554723727  0.025998737281  0.026521309348  0.025482914940  0.025482914940  0.024446046767  0.033825657352  0.027044457373  0.025998737281  0.022885118197  0.026509060681  
piranga_leucoptera_lsu7783 0.014155914169  0.012113288101  0.000000000000  0.009562739710  0.007540611218  0.008044607971  0.012110056935  0.012110056935  0.014651728009  0.014651728009  0.014140332670  0.013631465811  0.013631465811  0.013631465811  0.013631465811  0.015161255134  0.021333957266  0.021333957266  0.017213417723  0.018239093840  0.016702837007  0.017217002153  0.016192655929  0.016192655929  0.015169792699  0.024424620063  0.017731724864  0.016702837007  0.013633868735  0.017210261208  
piranga_erythrocephala_fmnh343371 0.020811833090  0.018750741287  0.009562739710  0.000000000000  0.004011344086  0.011593670837  0.015169792699  0.015169792699  0.017721378487  0.017721378487  0.017207532999  0.016696679944  0.016696679944  0.016696679944  0.016696679944  0.018232897219  0.024434464182  0.024434464182  0.020294923735  0.021325086475  0.019782341263  0.020298983234  0.019270161341  0.019270161341  0.018242835805  0.027537817545  0.020816188159  0.019782341263  0.016699544685  0.020291295337  
piranga_erythrocephala_fmnh343370 0.018762847829  0.016706556521  0.007540611218  0.004011344086  0.000000000000  0.009566871933  0.013647720929  0.013647720929  0.016192655929  0.016192655929  0.015679311123  0.015169792699  0.015169792699  0.015169792699  0.015169792699  0.016702837007  0.022896638245  0.022896638245  0.018762847829  0.019791161126  0.018251605088  0.018767740916  0.017740762386  0.017740762386  0.016715275569  0.025992696484  0.019284438594  0.018251605088  0.015173489916  0.018758383269  
piranga_leucoptera_fmnh481795 0.019270161341  0.017213417723  0.008044607971  0.011593670837  0.009566871933  0.000000000000  0.014151949114  0.014151949114  0.016699544685  0.016699544685  0.016186227373  0.015676174591  0.015676174591  0.015676174591  0.015676174591  0.017210261208  0.023404857576  0.023404857576  0.019270161341  0.020298983234  0.018758383269  0.019274491303  0.018247006351  0.018247006351  0.017221014106  0.026503591337  0.019791161126  0.018758383269  0.015679311123  0.019266261021  
piranga_rubriceps_lsu265 0.023416975600  0.021344553597  0.012110056935  0.015169792699  0.013647720929  0.014151949114  0.000000000000  0.000000000000  0.008553767233  0.008553767233  0.008046918903  0.007542111748  0.007542111748  0.007542111748  0.007542111748  0.009059223910  0.015177612168  0.015177612168  0.011093081743  0.012110056935  0.010586590182  0.011096159152  0.010080492117  0.010080492117  0.009066282676  0.018242835805  0.011606275759  0.010586590182  0.007544030533  0.011090425599  
piranga_rubriceps_lsu34818 0.023416975600  0.021344553597  0.012110056935  0.015169792699  0.013647720929  0.014151949114  0.000000000000  0.000000000000  0.008553767233  0.008553767233  0.008046918903  0.007542111748  0.007542111748  0.007542111748  0.007542111748  0.009059223910  0.015177612168  0.015177612168  0.011093081743  0.012110056935  0.010586590182  0.011096159152  0.010080492117  0.010080492117  0.009066282676  0.018242835805  0.011606275759  0.010586590182  0.007544030533  0.011090425599  
piranga_ludoviciana_sdsu2385 0.025992696484  0.023914183321  0.014651728009  0.017721378487  0.016192655929  0.016699544685  0.008553767233  0.008553767233  0.000000000000  0.002002830514  0.001501536472  0.001000706942  0.001000706942  0.001000706942  0.001000706942  0.002504298556  0.008558322663  0.008558322663  0.004515798077  0.005523131400  0.004013317774  0.007539529329  0.006529613180  0.006529613180  0.005521136231  0.014647893891  0.008045553765  0.007034043784  0.004011031551  0.007538623023  
piranga_olivacea_ku4672 0.025992696484  0.023914183321  0.014651728009  0.017721378487  0.016192655929  0.016699544685  0.008553767233  0.008553767233  0.002002830514  0.000000000000  0.001501536472  0.001000706942  0.001000706942  0.001000706942  0.001000706942  0.002504298556  0.008558322663  0.008558322663  0.004515798077  0.005523131400  0.004013317774  0.007539529329  0.006529613180  0.006529613180  0.005521136231  0.014647893891  0.008045553765  0.007034043784  0.004011031551  0.007538623023  
piranga_olivacea_ku2699 0.025471000179  0.023394472126  0.014140332670  0.017207532999  0.015679311123  0.016186227373  0.008046918903  0.008046918903  0.001501536472  0.001501536472  0.000000000000  0.000500192714  0.000500192714  0.000500192714  0.000500192714  0.002002752785  0.008050905669  0.008050905669  0.004012123477  0.005018667100  0.003509897045  0.007034043784  0.006024920534  0.006024920534  0.005017234000  0.014137076164  0.007539529329  0.006529095983  0.003006154298  0.006529095983  
piranga_roseogularis_ku2049 0.024955315959  0.022880007177  0.013631465811  0.016696679944  0.015169792699  0.015676174591  0.007542111748  0.007542111748  0.001000706942  0.001000706942  0.000500192714  0.000000000000  0.000000000000  0.000000000000  0.000000000000  0.001501536472  0.007546367191  0.007546367191  0.003509897045  0.004515798077  0.003008058410  0.006529613180  0.005521136231  0.005521136231  0.004514094270  0.013627934840  0.007034843027  0.006024920534  0.003006348418  0.006528997183  
piranga_roseogularis_ku2141 0.024955315959  0.022880007177  0.013631465811  0.016696679944  0.015169792699  0.015676174591  0.007542111748  0.007542111748  0.001000706942  0.001000706942  0.000500192714  0.000000000000  0.000000000000  0.000000000000  0.000000000000  0.001501536472  0.007546367191  0.007546367191  0.003509897045  0.004515798077  0.003008058410  0.006529613180  0.005521136231  0.005521136231  0.004514094270  0.013627934840  0.007034843027  0.006024920534  0.003006348418  0.006528997183  
piranga_ludoviciana_sdsu2650 0.024955315959  0.022880007177  0.013631465811  0.016696679944  0.015169792699  0.015676174591  0.007542111748  0.007542111748  0.001000706942  0.001000706942  0.000500192714  0.000000000000  0.000000000000  0.000000000000  0.000000000000  0.001501536472  0.007546367191  0.007546367191  0.003509897045  0.004515798077  0.003008058410  0.006529613180  0.005521136231  0.005521136231  0.004514094270  0.013627934840  0.007034843027  0.006024920534  0.003006348418  0.006528997183  
piranga_hepatica_ku9084 0.024955315959  0.022880007177  0.013631465811  0.016696679944  0.015169792699  0.015676174591  0.007542111748  0.007542111748  0.001000706942  0.001000706942  0.000500192714  0.000000000000  0.000000000000  0.000000000000  0.000000000000  0.001501536472  0.007546367191  0.007546367191  0.003509897045  0.004515798077  0.003008058410  0.006529613180  0.005521136231  0.005521136231  0.004514094270  0.013627934840  0.007034843027  0.006024920534  0.003006348418  0.006528997183  
piranga_bidentata_tepe59 0.026509060681  0.024429324617  0.015161255134  0.018232897219  0.016702837007  0.017210261208  0.009059223910  0.009059223910  0.002504298556  0.002504298556  0.002002752785  0.001501536472  0.001501536472  0.001501536472  0.001501536472  0.000000000000  0.009063510414  0.009063510414  0.005018667100  0.006026644736  0.004515798077  0.008044607971  0.007034043784  0.007034043784  0.006024920534  0.015157695741  0.008550888910  0.007538866468  0.004514054402  0.008043975970  
piranga_bidentata_itm160 0.031216815151  0.029120565714  0.021333957266  0.024434464182  0.022896638245  0.023404857576  0.015177612168  0.015177612168  0.008558322663  0.008558322663  0.008050905669  0.007546367191  0.007546367191  0.007546367191  0.007546367191  0.009063510414  0.000000000000  0.000000000000  0.007039749161  0.008050905669  0.006535858212  0.013125535207  0.013128497586  0.013128497586  0.012110056935  0.021325086475  0.014660672259  0.013636696095  0.010581430125  0.014142599439  
piranga_bidentata_itm141 0.031216815151  0.029120565714  0.021333957266  0.024434464182  0.022896638245  0.023404857576  0.015177612168  0.015177612168  0.008558322663  0.008558322663  0.008050905669  0.007546367191  0.007546367191  0.007546367191  0.007546367191  0.009063510414  0.000000000000  0.000000000000  0.007039749161  0.008050905669  0.006535858212  0.013125535207  0.013128497586  0.013128497586  0.012110056935  0.021325086475  0.014660672259  0.013636696095  0.010581430125  0.014142599439  
piranga_ludoviciana_sdsu2648 0.028602695441  0.026514966817  0.017213417723  0.020294923735  0.018762847829  0.019270161341  0.011093081743  0.011093081743  0.004515798077  0.004515798077  0.004012123477  0.003509897045  0.003509897045  0.003509897045  0.003509897045  0.005018667100  0.007039749161  0.007039749161  0.000000000000  0.002003321527  0.002505424120  0.010072979883  0.009059223910  0.009059223910  0.008046918903  0.017207532999  0.010581430125  0.009565073708  0.006529613180  0.010070076124  
piranga_ludoviciana_sdsu2208 0.029645696466  0.027554723727  0.018239093840  0.021325086475  0.019791161126  0.020298983234  0.012110056935  0.012110056935  0.005523131400  0.005523131400  0.005018667100  0.004515798077  0.004515798077  0.004515798077  0.004515798077  0.006026644736  0.008050905669  0.008050905669  0.002003321527  0.000000000000  0.003509897045  0.011088191107  0.010072979883  0.010072979883  0.009059223910  0.018232897219  0.011597446107  0.010579481896  0.007539529329  0.011084988626  
piranga_bidentata_hgoslp104 0.028085234650  0.025998737281  0.016702837007  0.019782341263  0.018251605088  0.018758383269  0.010586590182  0.010586590182  0.004013317774  0.004013317774  0.003509897045  0.003008058410  0.003008058410  0.003008058410  0.003008058410  0.004515798077  0.006535858212  0.006535858212  0.002505424120  0.003509897045  0.000000000000  0.009566871933  0.008553767233  0.008553767233  0.007542111748  0.016696679944  0.010075063468  0.009059223910  0.006025573981  0.009563696171  
piranga_lutea_ku89864 0.028609813784  0.026521309348  0.017217002153  0.020298983234  0.018767740916  0.019274491303  0.011096159152  0.011096159152  0.007539529329  0.007539529329  0.007034043784  0.006529613180  0.006529613180  0.006529613180  0.006529613180  0.008044607971  0.013125535207  0.013125535207  0.010072979883  0.011088191107  0.009566871933  0.000000000000  0.001000706942  0.001000706942  0.002002830514  0.011084988626  0.010583799682  0.009566871933  0.006530548387  0.010071317306  
piranga_flava_ku90809 0.027568182627  0.025482914940  0.016192655929  0.019270161341  0.017740762386  0.018247006351  0.010080492117  0.010080492117  0.006529613180  0.006529613180  0.006024920534  0.005521136231  0.005521136231  0.005521136231  0.005521136231  0.007034043784  0.013128497586  0.013128497586  0.009059223910  0.010072979883  0.008553767233  0.001000706942  0.000000000000  0.000000000000  0.001000706942  0.010070076124  0.009569090457  0.008553767233  0.005521925511  0.009057710437  
piranga_flava_lsu15408 0.027568182627  0.025482914940  0.016192655929  0.019270161341  0.017740762386  0.018247006351  0.010080492117  0.010080492117  0.006529613180  0.006529613180  0.006024920534  0.005521136231  0.005521136231  0.005521136231  0.005521136231  0.007034043784  0.013128497586  0.013128497586  0.009059223910  0.010072979883  0.008553767233  0.001000706942  0.000000000000  0.000000000000  0.001000706942  0.010070076124  0.009569090457  0.008553767233  0.005521925511  0.009057710437  
piranga_hepatica_ku4970 0.026528087884  0.024446046767  0.015169792699  0.018242835805  0.016715275569  0.017221014106  0.009066282676  0.009066282676  0.005521136231  0.005521136231  0.005017234000  0.004514094270  0.004514094270  0.004514094270  0.004514094270  0.006024920534  0.012110056935  0.012110056935  0.008046918903  0.009059223910  0.007542111748  0.002002830514  0.001000706942  0.001000706942  0.000000000000  0.009056617331  0.008555835502  0.007542111748  0.004514738374  0.008045553765  
piranga_lutea_lsu5400 0.035936312017  0.033825657352  0.024424620063  0.027537817545  0.025992696484  0.026503591337  0.018242835805  0.018242835805  0.014647893891  0.014647893891  0.014137076164  0.013627934840  0.013627934840  0.013627934840  0.013627934840  0.015157695741  0.021325086475  0.021325086475  0.017207532999  0.018232897219  0.016696679944  0.011084988626  0.010070076124  0.010070076124  0.009056617331  0.000000000000  0.017724398771  0.016696679944  0.013629487716  0.017205233491  
piranga_rubra_sdsu2635 0.029134973310  0.027044457373  0.017731724864  0.020816188159  0.019284438594  0.019791161126  0.011606275759  0.011606275759  0.008045553765  0.008045553765  0.007539529329  0.007034843027  0.007034843027  0.007034843027  0.007034843027  0.008550888910  0.014660672259  0.014660672259  0.010581430125  0.011597446107  0.010075063468  0.010583799682  0.009569090457  0.009569090457  0.008555835502  0.017724398771  0.000000000000  0.004013317774  0.007036060594  0.010579481896  
piranga_rubra_sdsu2654 0.028085234650  0.025998737281  0.016702837007  0.019782341263  0.018251605088  0.018758383269  0.010586590182  0.010586590182  0.007034043784  0.007034043784  0.006529095983  0.006024920534  0.006024920534  0.006024920534  0.006024920534  0.007538866468  0.013636696095  0.013636696095  0.009565073708  0.010579481896  0.009059223910  0.009566871933  0.008553767233  0.008553767233  0.007542111748  0.016696679944  0.004013317774  0.000000000000  0.006025573981  0.009563696171  
piranga_rubra_ku7046 0.024961190236  0.022885118197  0.013633868735  0.016699544685  0.015173489916  0.015679311123  0.007544030533  0.007544030533  0.004011031551  0.004011031551  0.003006154298  0.003006348418  0.003006348418  0.003006348418  0.003006348418  0.004514054402  0.010581430125  0.010581430125  0.006529613180  0.007539529329  0.006025573981  0.006530548387  0.005521925511  0.005521925511  0.004514738374  0.013629487716  0.007036060594  0.006025573981  0.000000000000  0.003508483103  
piranga_rubra_ku26592 0.028596015292  0.026509060681  0.017210261208  0.020291295337  0.018758383269  0.019266261021  0.011090425599  0.011090425599  0.007538623023  0.007538623023  0.006529095983  0.006528997183  0.006528997183  0.006528997183  0.006528997183  0.008043975970  0.014142599439  0.014142599439  0.010070076124  0.011084988626  0.009563696171  0.010071317306  0.009057710437  0.009057710437  0.008045553765  0.017205233491  0.010579481896  0.009563696171  0.003508483103  0.000000000000  

