30
cardinalis_cardinalis_ku21828 0.000000000000  0.004514340941  0.004514340941  0.006025330874  0.006530152841  0.006530152841  0.009566442055  0.012623863700  0.010583307969  0.009566442055  0.009566442055  0.006530152841  0.010074591739  0.007540258785  0.007540258785  0.007034147842  0.007034147842  0.012109784035  0.006025330874  0.012101905018  0.010071325882  0.018237579336  0.006529541584  0.008045379689  0.007034147842  0.011085388788  0.013634199421  0.016182929165  0.011086521636  0.011086521636  
piranga_roseogularis_ku2049 0.004514340941  0.000000000000  0.000000000000  0.003508626201  0.004011568204  0.004011568204  0.007036888349  0.010082817380  0.008049940454  0.007036888349  0.007036888349  0.004011568204  0.007543133250  0.005018093360  0.005018093360  0.004514054923  0.004514054923  0.009570870238  0.003508626201  0.009563787210  0.007540258785  0.015677062532  0.004011144071  0.005521515027  0.004514054923  0.008550897353  0.011090123617  0.013630197408  0.008551837284  0.008551837284  
cardinalis_cardinalis_ku25393 0.004514340941  0.000000000000  0.000000000000  0.003508626201  0.004011568204  0.004011568204  0.007036888349  0.010082817380  0.008049940454  0.007036888349  0.007036888349  0.004011568204  0.007543133250  0.005018093360  0.005018093360  0.004514054923  0.004514054923  0.009570870238  0.003508626201  0.009563787210  0.007540258785  0.015677062532  0.004011144071  0.005521515027  0.004514054923  0.008550897353  0.011090123617  0.013630197408  0.008551837284  0.008551837284  
piranga_flava_ku90809 0.006025330874  0.003508626201  0.003508626201  0.000000000000  0.000500274154  0.000500274154  0.003510186643  0.006539807938  0.004517826936  0.003510186643  0.003510186643  0.000500274154  0.004013728633  0.001501796846  0.001501796846  0.001000778582  0.001000778582  0.006030965907  0.000000000000  0.006025330874  0.004011568204  0.012107145025  0.000500194534  0.002002886298  0.001000778582  0.005017506918  0.007543133250  0.010071325882  0.005018093360  0.005018093360  
piranga_leucoptera_fmnh481795 0.006530152841  0.004011568204  0.004011568204  0.000500274154  0.000000000000  0.000000000000  0.003007199738  0.006033472041  0.004013728633  0.003007199738  0.003007199738  0.000000000000  0.004517826936  0.002003423709  0.002003423709  0.001501557330  0.001501557330  0.006536998292  0.000500274154  0.006530152841  0.004515065193  0.012617522256  0.001000720858  0.002504766695  0.001501557330  0.005521515027  0.008049940454  0.010579429738  0.005522402556  0.005522402556  
piranga_ludoviciana_sdsu2208 0.006530152841  0.004011568204  0.004011568204  0.000500274154  0.000000000000  0.000000000000  0.003007199738  0.006033472041  0.004013728633  0.003007199738  0.003007199738  0.000000000000  0.004517826936  0.002003423709  0.002003423709  0.001501557330  0.001501557330  0.006536998292  0.000500274154  0.006530152841  0.004515065193  0.012617522256  0.001000720858  0.002504766695  0.001501557330  0.005521515027  0.008049940454  0.010579429738  0.005522402556  0.005522402556  
piranga_ludoviciana_sdsu2648 0.009566442055  0.007036888349  0.007036888349  0.003510186643  0.003007199738  0.003007199738  0.000000000000  0.003009905782  0.001001097419  0.000000000000  0.000000000000  0.003007199738  0.007547770790  0.005020581656  0.005020581656  0.004515065193  0.004515065193  0.009577068827  0.003510186643  0.009566442055  0.007543133250  0.015683549021  0.004012429846  0.005523729039  0.004515065193  0.008553219817  0.011095504843  0.013634199421  0.008555044582  0.008555044582  
piranga_erythrocephala_fmnh343371 0.012623863700  0.010082817380  0.010082817380  0.006539807938  0.006033472041  0.006033472041  0.003009905782  0.000000000000  0.003009905782  0.003009905782  0.003009905782  0.006033472041  0.010600768427  0.008058471434  0.008058471434  0.007547770790  0.007547770790  0.012641890437  0.006539807938  0.012623863700  0.010592454943  0.018774935870  0.007043592508  0.008055187245  0.007040917991  0.011095504843  0.014165063533  0.016711685871  0.011609331473  0.011609331473  
piranga_olivacea_ku2699 0.010583307969  0.008049940454  0.008049940454  0.004517826936  0.004013728633  0.004013728633  0.001001097419  0.003009905782  0.000000000000  0.001001097419  0.001001097419  0.004013728633  0.008563168611  0.006030965907  0.006030965907  0.005523729039  0.005523729039  0.010596390376  0.004517826936  0.010583307969  0.008557311212  0.016711685871  0.005020581656  0.006534627596  0.005523729039  0.009568434663  0.012116398351  0.014657723661  0.009570870238  0.009570870238  
piranga_erythrocephala_fmnh343370 0.009566442055  0.007036888349  0.007036888349  0.003510186643  0.003007199738  0.003007199738  0.000000000000  0.003009905782  0.001001097419  0.000000000000  0.000000000000  0.003007199738  0.007547770790  0.005020581656  0.005020581656  0.004515065193  0.004515065193  0.009577068827  0.003510186643  0.009566442055  0.007543133250  0.015683549021  0.004012429846  0.005523729039  0.004515065193  0.008553219817  0.011095504843  0.013634199421  0.008555044582  0.008555044582  
piranga_ludoviciana_sdsu2650 0.009566442055  0.007036888349  0.007036888349  0.003510186643  0.003007199738  0.003007199738  0.000000000000  0.003009905782  0.001001097419  0.000000000000  0.000000000000  0.003007199738  0.007547770790  0.005020581656  0.005020581656  0.004515065193  0.004515065193  0.009577068827  0.003510186643  0.009566442055  0.007543133250  0.015683549021  0.004012429846  0.005523729039  0.004515065193  0.008553219817  0.011095504843  0.013634199421  0.008555044582  0.008555044582  
piranga_leucoptera_lsu7783 0.006530152841  0.004011568204  0.004011568204  0.000500274154  0.000000000000  0.000000000000  0.003007199738  0.006033472041  0.004013728633  0.003007199738  0.003007199738  0.000000000000  0.004517826936  0.002003423709  0.002003423709  0.001501557330  0.001501557330  0.006536998292  0.000500274154  0.006530152841  0.004515065193  0.012617522256  0.001000720858  0.002504766695  0.001501557330  0.005521515027  0.008049940454  0.010579429738  0.005522402556  0.005522402556  
piranga_ludoviciana_sdsu2385 0.010074591739  0.007543133250  0.007543133250  0.004013728633  0.004517826936  0.004517826936  0.007547770790  0.010600768427  0.008563168611  0.007547770790  0.007547770790  0.004517826936  0.000000000000  0.002505602657  0.002505602657  0.005019118394  0.005019118394  0.010086444959  0.004013728633  0.010074591739  0.008049940454  0.016197327859  0.004516227313  0.006028898360  0.005019118394  0.009060544887  0.011605666076  0.014145674547  0.009062674717  0.009062674717  
piranga_bidentata_hgoslp104 0.007540258785  0.005018093360  0.005018093360  0.001501796846  0.002003423709  0.002003423709  0.005020581656  0.008058471434  0.006030965907  0.005020581656  0.005020581656  0.002003423709  0.002505602657  0.000000000000  0.000000000000  0.002504366445  0.002504366445  0.007547770790  0.001501796846  0.007540258785  0.005522402556  0.013636872292  0.002002886298  0.003509188028  0.002504366445  0.006530152841  0.009062674717  0.011595452642  0.006531204506  0.006531204506  
piranga_olivacea_ku4672 0.007540258785  0.005018093360  0.005018093360  0.001501796846  0.002003423709  0.002003423709  0.005020581656  0.008058471434  0.006030965907  0.005020581656  0.005020581656  0.002003423709  0.002505602657  0.000000000000  0.000000000000  0.002504366445  0.002504366445  0.007547770790  0.001501796846  0.007540258785  0.005522402556  0.013636872292  0.002002886298  0.003509188028  0.002504366445  0.006530152841  0.009062674717  0.011595452642  0.006531204506  0.006531204506  
piranga_bidentata_itm160 0.007034147842  0.004514054923  0.004514054923  0.001000778582  0.001501557330  0.001501557330  0.004515065193  0.007547770790  0.005523729039  0.004515065193  0.004515065193  0.001501557330  0.005019118394  0.002504366445  0.002504366445  0.000000000000  0.000000000000  0.007038683150  0.001000778582  0.007034147842  0.005017506918  0.013123296999  0.001501752816  0.003006237963  0.002003117909  0.006025021317  0.008553219817  0.011085388788  0.006025330874  0.006025330874  
piranga_bidentata_itm141 0.007034147842  0.004514054923  0.004514054923  0.001000778582  0.001501557330  0.001501557330  0.004515065193  0.007547770790  0.005523729039  0.004515065193  0.004515065193  0.001501557330  0.005019118394  0.002504366445  0.002504366445  0.000000000000  0.000000000000  0.007038683150  0.001000778582  0.007034147842  0.005017506918  0.013123296999  0.001501752816  0.003006237963  0.002003117909  0.006025021317  0.008553219817  0.011085388788  0.006025330874  0.006025330874  
piranga_roseogularis_ku2141 0.012109784035  0.009570870238  0.009570870238  0.006030965907  0.006536998292  0.006536998292  0.009577068827  0.012641890437  0.010596390376  0.009577068827  0.009577068827  0.006536998292  0.010086444959  0.007547770790  0.007547770790  0.007038683150  0.007038683150  0.000000000000  0.006030965907  0.011599668994  0.009570870238  0.018253210408  0.006534627596  0.008052343464  0.007038683150  0.011092592009  0.013647573922  0.016193547284  0.011095504843  0.011095504843  
piranga_bidentata_tepe59 0.006025330874  0.003508626201  0.003508626201  0.000000000000  0.000500274154  0.000500274154  0.003510186643  0.006539807938  0.004517826936  0.003510186643  0.003510186643  0.000500274154  0.004013728633  0.001501796846  0.001501796846  0.001000778582  0.001000778582  0.006030965907  0.000000000000  0.006025330874  0.004011568204  0.012107145025  0.000500194534  0.002002886298  0.001000778582  0.005017506918  0.007543133250  0.010071325882  0.005018093360  0.005018093360  
piranga_rubriceps_lsu265 0.012101905018  0.009563787210  0.009563787210  0.006025330874  0.006530152841  0.006530152841  0.009566442055  0.012623863700  0.010583307969  0.009566442055  0.009566442055  0.006530152841  0.010074591739  0.007540258785  0.007540258785  0.007034147842  0.007034147842  0.011599668994  0.006025330874  0.000000000000  0.002002784243  0.018237579336  0.006529541584  0.008045379689  0.007034147842  0.011085388788  0.013634199421  0.016182929165  0.011086521636  0.011086521636  
piranga_rubriceps_lsu34818 0.010071325882  0.007540258785  0.007540258785  0.004011568204  0.004515065193  0.004515065193  0.007543133250  0.010592454943  0.008557311212  0.007543133250  0.007543133250  0.004515065193  0.008049940454  0.005522402556  0.005522402556  0.005017506918  0.005017506918  0.009570870238  0.004011568204  0.002002784243  0.000000000000  0.016190216754  0.004514340941  0.006026080478  0.005017506918  0.009057613391  0.011599668994  0.014141053503  0.009058857655  0.009058857655  
piranga_lutea_ku89864 0.018237579336  0.015677062532  0.015677062532  0.012107145025  0.012617522256  0.012617522256  0.015683549021  0.018774935870  0.016711685871  0.015683549021  0.015683549021  0.012617522256  0.016197327859  0.013636872292  0.013636872292  0.013123296999  0.013123296999  0.018253210408  0.012107145025  0.018237579336  0.016190216754  0.000000000000  0.011599668994  0.013128471014  0.012107145025  0.016190216754  0.018764680469  0.020810719488  0.016193547284  0.016193547284  
piranga_hepatica_ku4970 0.006529541584  0.004011144071  0.004011144071  0.000500194534  0.001000720858  0.001000720858  0.004012429846  0.007043592508  0.005020581656  0.004012429846  0.004012429846  0.001000720858  0.004516227313  0.002002886298  0.002002886298  0.001501752816  0.001501752816  0.006534627596  0.000500194534  0.006529541584  0.004514340941  0.011599668994  0.000000000000  0.001501796846  0.000500194534  0.004514340941  0.007038683150  0.009564892780  0.004515065193  0.004515065193  
piranga_flava_lsu15408 0.008045379689  0.005521515027  0.005521515027  0.002002886298  0.002504766695  0.002504766695  0.005523729039  0.008055187245  0.006534627596  0.005523729039  0.005523729039  0.002504766695  0.006028898360  0.003509188028  0.003509188028  0.003006237963  0.003006237963  0.008052343464  0.002002886298  0.008045379689  0.006026080478  0.013128471014  0.001501796846  0.000000000000  0.001001097419  0.005019118394  0.008557311212  0.011088100037  0.006027269762  0.006027269762  
piranga_lutea_lsu5400 0.007034147842  0.004514054923  0.004514054923  0.001000778582  0.001501557330  0.001501557330  0.004515065193  0.007040917991  0.005523729039  0.004515065193  0.004515065193  0.001501557330  0.005019118394  0.002504366445  0.002504366445  0.002003117909  0.002003117909  0.007038683150  0.001000778582  0.007034147842  0.005017506918  0.012107145025  0.000500194534  0.001001097419  0.000000000000  0.004011568204  0.007543133250  0.010071325882  0.005018093360  0.005018093360  
piranga_hepatica_ku9084 0.011085388788  0.008550897353  0.008550897353  0.005017506918  0.005521515027  0.005521515027  0.008553219817  0.011095504843  0.009568434663  0.008553219817  0.008553219817  0.005521515027  0.009060544887  0.006530152841  0.006530152841  0.006025021317  0.006025021317  0.011092592009  0.005017506918  0.011085388788  0.009057613391  0.016190216754  0.004514340941  0.005019118394  0.004011568204  0.000000000000  0.011599668994  0.014141053503  0.009058857655  0.009058857655  
piranga_rubra_sdsu2635 0.013634199421  0.011090123617  0.011090123617  0.007543133250  0.008049940454  0.008049940454  0.011095504843  0.014165063533  0.012116398351  0.011095504843  0.011095504843  0.008049940454  0.011605666076  0.009062674717  0.009062674717  0.008553219817  0.008553219817  0.013647573922  0.007543133250  0.013634199421  0.011599668994  0.018764680469  0.007038683150  0.008557311212  0.007543133250  0.011599668994  0.000000000000  0.007541475450  0.002505602657  0.002505602657  
piranga_rubra_sdsu2654 0.016182929165  0.013630197408  0.013630197408  0.010071325882  0.010579429738  0.010579429738  0.013634199421  0.016711685871  0.014657723661  0.013634199421  0.013634199421  0.010579429738  0.014145674547  0.011595452642  0.011595452642  0.011085388788  0.011085388788  0.016193547284  0.010071325882  0.016182929165  0.014141053503  0.020810719488  0.009564892780  0.011088100037  0.010071325882  0.014141053503  0.007541475450  0.000000000000  0.005017506918  0.005017506918  
piranga_rubra_ku7046 0.011086521636  0.008551837284  0.008551837284  0.005018093360  0.005522402556  0.005522402556  0.008555044582  0.011609331473  0.009570870238  0.008555044582  0.008555044582  0.005522402556  0.009062674717  0.006531204506  0.006531204506  0.006025330874  0.006025330874  0.011095504843  0.005018093360  0.011086521636  0.009058857655  0.016193547284  0.004515065193  0.006027269762  0.005018093360  0.009058857655  0.002505602657  0.005017506918  0.000000000000  0.000000000000  
piranga_rubra_ku26592 0.011086521636  0.008551837284  0.008551837284  0.005018093360  0.005522402556  0.005522402556  0.008555044582  0.011609331473  0.009570870238  0.008555044582  0.008555044582  0.005522402556  0.009062674717  0.006531204506  0.006531204506  0.006025330874  0.006025330874  0.011095504843  0.005018093360  0.011086521636  0.009058857655  0.016193547284  0.004515065193  0.006027269762  0.005018093360  0.009058857655  0.002505602657  0.005017506918  0.000000000000  0.000000000000  

