30
piranga_rubra_ku26592 0.000000000000  0.002670763293  0.002621210430  0.005254425935  0.006134035139  0.012374936268  0.003020314500  0.010353381962  0.002621210430  0.002626315356  0.004425605030  0.008197203653  0.001747793447  0.001242088770  0.002621725027  0.004872902343  0.003498978444  0.001746267388  0.002843739058  0.005259031499  0.007015603135  0.005263324444  0.006140893761  0.010498612616  0.008785991429  0.006795075459  0.005200286869  0.006145011654  0.003498404461  0.005259031499  
piranga_flava_ku90809 0.002670763293  0.000000000000  0.003548645201  0.006225177533  0.007116242446  0.013471023363  0.004034536601  0.012980022712  0.005329096727  0.002663649300  0.005333834181  0.006827861854  0.000885848421  0.001242450334  0.003547363225  0.001984675032  0.003551008385  0.002660561328  0.001420734921  0.006230718655  0.008011148305  0.002662922958  0.006230718655  0.010507140115  0.009815810575  0.005430384133  0.005205366428  0.007130976711  0.004437227460  0.006230718655  
piranga_ludoviciana_sdsu2385 0.002621210430  0.003548645201  0.000000000000  0.006108739315  0.006984831765  0.013213537078  0.004031485762  0.012967916272  0.005230968052  0.003488389263  0.001758720305  0.008206263568  0.002612615840  0.001242450334  0.003482315410  0.005853872600  0.004358880488  0.002610342561  0.001420734921  0.004359844620  0.007863576368  0.006119752395  0.006993824410  0.010507140115  0.009631127889  0.006797258409  0.002594972343  0.005240105050  0.004356200926  0.004359844620  
piranga_rubriceps_lsu265 0.005254425935  0.006225177533  0.006108739315  0.000000000000  0.004356940397  0.014100624500  0.007074538360  0.012967916272  0.007864144126  0.006118157021  0.007954503244  0.008197203653  0.005237687324  0.004983823730  0.006107480775  0.008804006436  0.006990737073  0.005233119043  0.005704607426  0.008755221406  0.005231518583  0.008763089071  0.000869670102  0.011672404564  0.008750962196  0.005430384133  0.007823116008  0.009644951824  0.006984831765  0.008755221406  
piranga_leucoptera_lsu7783 0.006134035139  0.007116242446  0.006984831765  0.004356940397  0.000000000000  0.016777198935  0.007064303688  0.016905822776  0.008736080710  0.006997194344  0.008844252379  0.012324547246  0.006112814236  0.006227986656  0.006978881910  0.008799329722  0.007865770979  0.006107480775  0.007136839911  0.009634499544  0.000868737593  0.009639568126  0.005237687324  0.015205153008  0.011399102719  0.009538182409  0.009132910478  0.010526756563  0.007864070595  0.009634499544  
cardinalis_cardinalis_ku25393 0.012374936268  0.013471023363  0.013213537078  0.014100624500  0.016777198935  0.000000000000  0.014291141842  0.000000000000  0.014989128689  0.013218124440  0.015149430713  0.015187776761  0.012327861525  0.011327061964  0.013206486050  0.014811805425  0.014117265560  0.012327861525  0.012976692486  0.015894380392  0.017669646487  0.015913989132  0.014996586796  0.017678769915  0.014093904966  0.015097023300  0.015828554111  0.016799911415  0.014093904966  0.015894380392  
piranga_olivacea_ku2699 0.003020314500  0.004034536601  0.004031485762  0.007074538360  0.007064303688  0.014291141842  0.000000000000  0.012387252690  0.004027426610  0.003026408321  0.006061259742  0.008195054779  0.003025471055  0.001240908566  0.003017276782  0.006478409087  0.004034536601  0.003022422958  0.002846080116  0.007081695588  0.007071440190  0.007092124312  0.007081695588  0.011676512065  0.010134517912  0.006797258409  0.005205366428  0.005059205415  0.003020314500  0.007081695588  
cardinalis_cardinalis_ku21828 0.010353381962  0.012980022712  0.012967916272  0.012967916272  0.016905822776  0.000000000000  0.012387252690  0.000000000000  0.012958116193  0.011669335128  0.014274152928  0.010827548909  0.011664738958  0.010014284646  0.012958116193  0.013580757589  0.011664738958  0.011664738958  0.011317748767  0.012980022712  0.016905822776  0.012980022712  0.012967916272  0.012463963680  0.012958116193  0.013832417573  0.014665190357  0.014317870679  0.014265075423  0.012980022712  
piranga_rubra_ku7046 0.002621210430  0.005329096727  0.005230968052  0.007864144126  0.008736080710  0.014989128689  0.004027426610  0.012958116193  0.000000000000  0.005240609066  0.007065170147  0.008186019609  0.004359844620  0.001240547898  0.003479286408  0.005853872600  0.006108739315  0.004356046266  0.002843739058  0.007871021880  0.009625265817  0.007875339395  0.008752875024  0.010486379617  0.011395660678  0.006795075459  0.005200286869  0.008759256644  0.002609808981  0.007871021880  
piranga_bidentata_hgoslp104 0.002626315356  0.002663649300  0.003488389263  0.006118157021  0.006997194344  0.013218124440  0.003026408321  0.011669335128  0.005240609066  0.000000000000  0.005296119252  0.006846561181  0.002614357638  0.000000000000  0.003489249316  0.004882419050  0.004364546869  0.002614357638  0.001424783403  0.006118157021  0.007877837886  0.006121737709  0.006997967738  0.009349096271  0.009644951824  0.005437766480  0.003908387483  0.006997050208  0.004365015347  0.006118157021  
piranga_ludoviciana_sdsu2648 0.004425605030  0.005333834181  0.001758720305  0.007954503244  0.008844252379  0.015149430713  0.006061259742  0.014274152928  0.007065170147  0.005296119252  0.000000000000  0.008217503061  0.004405947014  0.001243995939  0.005291448527  0.006920659963  0.005291497913  0.004405947014  0.001422756282  0.004405947014  0.009736018507  0.007958913294  0.007954503244  0.010519421683  0.011527023425  0.006797258409  0.002598343668  0.007071415315  0.006178212649  0.004405947014  
piranga_roseogularis_ku2049 0.008197203653  0.006827861854  0.008206263568  0.008197203653  0.012324547246  0.015187776761  0.008195054779  0.010827548909  0.008186019609  0.006846561181  0.008217503061  0.000000000000  0.006837198731  0.006818550442  0.008186019609  0.009589004488  0.009589004488  0.006827861854  0.008594168447  0.009602158603  0.012341448520  0.008217503061  0.008208418299  0.000000000000  0.006827861854  0.008456213189  0.008533054422  0.009615348858  0.008197203653  0.009602158603  
piranga_hepatica_ku4970 0.001747793447  0.000885848421  0.002612615840  0.005237687324  0.006112814236  0.012327861525  0.003025471055  0.011664738958  0.004359844620  0.002614357638  0.004405947014  0.006837198731  0.000000000000  0.000000000000  0.002612081329  0.002922321021  0.003489059653  0.001741065498  0.001422756282  0.005237687324  0.006990935647  0.003489059653  0.006116388649  0.009338182932  0.008758627038  0.005430384133  0.003903302243  0.006119419984  0.003485349690  0.005237687324  
piranga_hepatica_ku9084 0.001242088770  0.001242450334  0.001242450334  0.004983823730  0.006227986656  0.011327061964  0.001240908566  0.010014284646  0.001240547898  0.000000000000  0.001243995939  0.006818550442  0.000000000000  0.000000000000  0.001240547898  0.003737944175  0.002488425042  0.000000000000  0.001420734921  0.003739373905  0.006235753966  0.002491525037  0.004990041141  0.006239899649  0.004986358281  0.005430384133  0.002657026726  0.002494632765  0.001242088770  0.003739373905  
piranga_rubra_sdsu2654 0.002621725027  0.003547363225  0.003482315410  0.006107480775  0.006978881910  0.013206486050  0.003017276782  0.012958116193  0.003479286408  0.003489249316  0.005291448527  0.008186019609  0.002612081329  0.001240547898  0.000000000000  0.004872902343  0.004356940397  0.002609808981  0.002843739058  0.006112814236  0.007864070595  0.006116388649  0.006991851566  0.010486379617  0.009628067348  0.006795075459  0.005200286869  0.006997050208  0.000868737593  0.006112814236  
piranga_flava_lsu15408 0.004872902343  0.001984675032  0.005853872600  0.008804006436  0.008799329722  0.014811805425  0.006478409087  0.013580757589  0.005853872600  0.004882419050  0.006920659963  0.009589004488  0.002922321021  0.003737944175  0.004872902343  0.000000000000  0.006842545565  0.003896964273  0.004276065605  0.008812627401  0.009783084372  0.004881392552  0.009802517485  0.012876380494  0.012764780303  0.006797258409  0.007831366652  0.009806537821  0.004872902343  0.008812627401  
piranga_lutea_lsu5400 0.003498978444  0.003551008385  0.004358880488  0.006990737073  0.007865770979  0.014117265560  0.004034536601  0.011664738958  0.006108739315  0.004364546869  0.005291497913  0.009589004488  0.003489059653  0.002488425042  0.004356940397  0.006842545565  0.000000000000  0.003486018905  0.004276065605  0.006996851325  0.008745220290  0.007006056062  0.006116388649  0.011690162877  0.010521315615  0.008168399506  0.006516404118  0.007882236789  0.005231518583  0.006996851325  
piranga_olivacea_ku4672 0.001746267388  0.002660561328  0.002610342561  0.005233119043  0.006107480775  0.012327861525  0.003022422958  0.011664738958  0.004356046266  0.002614357638  0.004405947014  0.006827861854  0.001741065498  0.000000000000  0.002609808981  0.003896964273  0.003486018905  0.000000000000  0.001420734921  0.005237687324  0.006984831765  0.005244037830  0.006116388649  0.009327295044  0.008750962196  0.005430384133  0.003898230220  0.006119419984  0.003482315410  0.005237687324  
piranga_ludoviciana_sdsu2208 0.002843739058  0.001420734921  0.001420734921  0.005704607426  0.007136839911  0.012976692486  0.002846080116  0.011317748767  0.002843739058  0.001424783403  0.001422756282  0.008594168447  0.001422756282  0.001420734921  0.002843739058  0.004276065605  0.004276065605  0.001420734921  0.000000000000  0.000000000000  0.007136839911  0.002850135988  0.005712754779  0.008594168447  0.004276065605  0.007282366796  0.000000000000  0.000000000000  0.002843739058  0.000000000000  
piranga_bidentata_itm160 0.005259031499  0.006230718655  0.004359844620  0.008755221406  0.009634499544  0.015894380392  0.007081695588  0.012980022712  0.007871021880  0.006118157021  0.004405947014  0.009602158603  0.005237687324  0.003739373905  0.006112814236  0.008812627401  0.006996851325  0.005237687324  0.000000000000  0.000000000000  0.010517530030  0.006996851325  0.009639568126  0.012880336839  0.012298099551  0.008168399506  0.001297250531  0.006117951686  0.006990935647  0.000000000000  
piranga_leucoptera_fmnh481795 0.007015603135  0.008011148305  0.007863576368  0.005231518583  0.000868737593  0.017669646487  0.007071440190  0.016905822776  0.009625265817  0.007877837886  0.009736018507  0.012341448520  0.006990935647  0.006235753966  0.007864070595  0.009783084372  0.008745220290  0.006984831765  0.007136839911  0.010517530030  0.000000000000  0.010521910529  0.006114074985  0.015222959590  0.012283137547  0.009538182409  0.009132910478  0.011411980847  0.008744566621  0.010517530030  
piranga_lutea_ku89864 0.005263324444  0.002662922958  0.006119752395  0.008763089071  0.009639568126  0.015913989132  0.007092124312  0.012980022712  0.007875339395  0.006121737709  0.007958913294  0.008217503061  0.003489059653  0.002491525037  0.006116388649  0.004881392552  0.007006056062  0.005244037830  0.002850135988  0.006996851325  0.010521910529  0.000000000000  0.009648878421  0.011703845647  0.012309647736  0.006797258409  0.006524908062  0.009652156805  0.006993824410  0.006996851325  
piranga_rubriceps_lsu34818 0.006140893761  0.006230718655  0.006993824410  0.000869670102  0.005237687324  0.014996586796  0.007081695588  0.012967916272  0.008752875024  0.006997967738  0.007954503244  0.008208418299  0.006116388649  0.004990041141  0.006991851566  0.009802517485  0.006116388649  0.006116388649  0.005712754779  0.009639568126  0.006114074985  0.009648878421  0.000000000000  0.011686045625  0.009643694486  0.005430384133  0.007833329765  0.010531144806  0.007871021880  0.009639568126  
piranga_roseogularis_ku2141 0.010498612616  0.010507140115  0.010507140115  0.011672404564  0.015205153008  0.017678769915  0.011676512065  0.012463963680  0.010486379617  0.009349096271  0.010519421683  0.000000000000  0.009338182932  0.006239899649  0.010486379617  0.012876380494  0.011690162877  0.009327295044  0.008594168447  0.012880336839  0.015222959590  0.011703845647  0.011686045625  0.000000000000  0.015222959590  0.008168399506  0.010473160739  0.012906599021  0.010498612616  0.012880336839  
piranga_erythrocephala_fmnh343371 0.008785991429  0.009815810575  0.009631127889  0.008750962196  0.011399102719  0.014093904966  0.010134517912  0.012958116193  0.011395660678  0.009644951824  0.011527023425  0.006827861854  0.008758627038  0.004986358281  0.009628067348  0.012764780303  0.010521315615  0.008750962196  0.004276065605  0.012298099551  0.012283137547  0.012309647736  0.009643694486  0.015222959590  0.000000000000  0.002709330397  0.007823116008  0.013195588051  0.010509973306  0.012298099551  
piranga_erythrocephala_fmnh343370 0.006795075459  0.005430384133  0.006797258409  0.005430384133  0.009538182409  0.015097023300  0.006797258409  0.013832417573  0.006795075459  0.005437766480  0.006797258409  0.008456213189  0.005430384133  0.005430384133  0.006795075459  0.006797258409  0.008168399506  0.005430384133  0.007282366796  0.008168399506  0.009538182409  0.006797258409  0.005430384133  0.008168399506  0.002709330397  0.000000000000  0.008235673251  0.008179535367  0.006795075459  0.008168399506  
piranga_ludoviciana_sdsu2650 0.005200286869  0.005205366428  0.002594972343  0.007823116008  0.009132910478  0.015828554111  0.005205366428  0.014665190357  0.005200286869  0.003908387483  0.002598343668  0.008533054422  0.003903302243  0.002657026726  0.005200286869  0.007831366652  0.006516404118  0.003898230220  0.000000000000  0.001297250531  0.009132910478  0.006524908062  0.007833329765  0.010473160739  0.007823116008  0.008235673251  0.000000000000  0.000000000000  0.005200286869  0.001297250531  
piranga_bidentata_tepe59 0.006145011654  0.007130976711  0.005240105050  0.009644951824  0.010526756563  0.016799911415  0.005059205415  0.014317870679  0.008759256644  0.006997050208  0.007071415315  0.009615348858  0.006119419984  0.002494632765  0.006997050208  0.009806537821  0.007882236789  0.006119419984  0.000000000000  0.006117951686  0.011411980847  0.009652156805  0.010531144806  0.012906599021  0.013195588051  0.008179535367  0.000000000000  0.000000000000  0.007877341914  0.006117951686  
piranga_rubra_sdsu2635 0.003498404461  0.004437227460  0.004356200926  0.006984831765  0.007864070595  0.014093904966  0.003020314500  0.014265075423  0.002609808981  0.004365015347  0.006178212649  0.008197203653  0.003485349690  0.001242088770  0.000868737593  0.004872902343  0.005231518583  0.003482315410  0.002843739058  0.006990935647  0.008744566621  0.006993824410  0.007871021880  0.010498612616  0.010509973306  0.006795075459  0.005200286869  0.007877341914  0.000000000000  0.006990935647  
piranga_bidentata_itm141 0.005259031499  0.006230718655  0.004359844620  0.008755221406  0.009634499544  0.015894380392  0.007081695588  0.012980022712  0.007871021880  0.006118157021  0.004405947014  0.009602158603  0.005237687324  0.003739373905  0.006112814236  0.008812627401  0.006996851325  0.005237687324  0.000000000000  0.000000000000  0.010517530030  0.006996851325  0.009639568126  0.012880336839  0.012298099551  0.008168399506  0.001297250531  0.006117951686  0.006990935647  0.000000000000  

