30
cardinalis_cardinalis_ku21828 0.000000000000  0.000000000000  0.012609512108  0.012609512108  0.008045641824  0.009567118666  0.014142993085  0.014142993085  0.008047074589  0.008047074589  0.009059411734  0.009565238068  0.012618088738  0.010579678638  0.011595579213  0.011595579213  0.010073202815  0.011086546805  0.009565238068  0.009061425522  0.009061425522  0.010579678638  0.009061425522  0.009061425522  0.008047074589  0.010584182417  0.007034910224  0.007034910224  0.007034910224  0.008045641824  
cardinalis_cardinalis_ku25393 0.000000000000  0.000000000000  0.012609512108  0.012609512108  0.008045641824  0.009567118666  0.014142993085  0.014142993085  0.008047074589  0.008047074589  0.009059411734  0.009565238068  0.012618088738  0.010579678638  0.011595579213  0.011595579213  0.010073202815  0.011086546805  0.009565238068  0.009061425522  0.009061425522  0.010579678638  0.009061425522  0.009061425522  0.008047074589  0.010584182417  0.007034910224  0.007034910224  0.007034910224  0.008045641824  
piranga_erythrocephala_fmnh343371 0.012609512108  0.012609512108  0.000000000000  0.000000000000  0.012607795645  0.014137127280  0.018740729454  0.018740729454  0.012608439243  0.012608439243  0.013626796410  0.014136032831  0.017205503047  0.015156518454  0.016178480862  0.016178480862  0.014646624189  0.015666810762  0.014136032831  0.013628027044  0.013628027044  0.015156518454  0.013628027044  0.013628027044  0.012608439243  0.015667926964  0.011591060622  0.011591060622  0.011591060622  0.012607795645  
piranga_erythrocephala_fmnh343370 0.012609512108  0.012609512108  0.000000000000  0.000000000000  0.012607795645  0.014137127280  0.018740729454  0.018740729454  0.012608439243  0.012608439243  0.013626796410  0.014136032831  0.017205503047  0.015156518454  0.016178480862  0.016178480862  0.014646624189  0.015666810762  0.014136032831  0.013628027044  0.013628027044  0.015156518454  0.013628027044  0.013628027044  0.012608439243  0.015667926964  0.011591060622  0.011591060622  0.011591060622  0.012607795645  
piranga_leucoptera_fmnh481795 0.008045641824  0.008045641824  0.012607795645  0.012607795645  0.000000000000  0.001502401056  0.010073202815  0.010073202815  0.008044632703  0.008044632703  0.009056657458  0.009562752280  0.012612944135  0.010576879069  0.011592464234  0.011592464234  0.010070134530  0.011084016773  0.009562752280  0.009057822257  0.009057822257  0.010576879069  0.009057822257  0.009057822257  0.008044632703  0.011085068224  0.007033624720  0.007033624720  0.007033624720  0.008044047598  
piranga_leucoptera_lsu7783 0.009567118666  0.009567118666  0.014137127280  0.014137127280  0.001502401056  0.000000000000  0.011600402576  0.011600402576  0.009565238068  0.009565238068  0.010579678638  0.011086546805  0.014145807923  0.012103099561  0.013121118430  0.013121118430  0.011595579213  0.012611013864  0.011086546805  0.010581717686  0.010581717686  0.012103099561  0.010581717686  0.010581717686  0.009565238068  0.012612944135  0.008550954195  0.008550954195  0.008550954195  0.009563782483  
piranga_rubriceps_lsu265 0.014142993085  0.014142993085  0.018740729454  0.018740729454  0.010073202815  0.011600402576  0.000000000000  0.000000000000  0.014140607783  0.014140607783  0.015161572008  0.015671456316  0.018751467243  0.016694560066  0.017719149329  0.017719149329  0.016184015515  0.017205503047  0.015671456316  0.015164118962  0.015164118962  0.016694560066  0.015164118962  0.015164118962  0.014140607783  0.017207942735  0.013119322799  0.013119322799  0.013119322799  0.014138652389  
piranga_rubriceps_lsu34818 0.014142993085  0.014142993085  0.018740729454  0.018740729454  0.010073202815  0.011600402576  0.000000000000  0.000000000000  0.014140607783  0.014140607783  0.015161572008  0.015671456316  0.018751467243  0.016694560066  0.017719149329  0.017719149329  0.016184015515  0.017205503047  0.015671456316  0.015164118962  0.015164118962  0.016694560066  0.015164118962  0.015164118962  0.014140607783  0.017207942735  0.013119322799  0.013119322799  0.013119322799  0.014138652389  
piranga_roseogularis_ku2049 0.008047074589  0.008047074589  0.012608439243  0.012608439243  0.008044632703  0.009565238068  0.014140607783  0.014140607783  0.000000000000  0.000000000000  0.003008127601  0.003509960928  0.006536127917  0.004515885182  0.005523244591  0.005523244591  0.004013412857  0.005018743907  0.003509960928  0.003009624782  0.003009624782  0.004515885182  0.003009624782  0.003009624782  0.002004271585  0.005020131555  0.001001066377  0.001001066377  0.001001066377  0.002003345167  
piranga_roseogularis_ku2141 0.008047074589  0.008047074589  0.012608439243  0.012608439243  0.008044632703  0.009565238068  0.014140607783  0.014140607783  0.000000000000  0.000000000000  0.003008127601  0.003509960928  0.006536127917  0.004515885182  0.005523244591  0.005523244591  0.004013412857  0.005018743907  0.003509960928  0.003009624782  0.003009624782  0.004515885182  0.003009624782  0.003009624782  0.002004271585  0.005020131555  0.001001066377  0.001001066377  0.001001066377  0.002003345167  
piranga_olivacea_ku2699 0.009059411734  0.009059411734  0.013626796410  0.013626796410  0.009056657458  0.010579678638  0.015161572008  0.015161572008  0.003008127601  0.003008127601  0.000000000000  0.002505467616  0.005527015620  0.003509960928  0.004515885182  0.004515885182  0.003008127601  0.004012179742  0.002505467616  0.004015064792  0.004015064792  0.005523244591  0.004015064792  0.004015064792  0.003008127601  0.006028287918  0.002003345167  0.002003345167  0.002003345167  0.003007048229  
piranga_bidentata_tepe59 0.009565238068  0.009565238068  0.014136032831  0.014136032831  0.009562752280  0.011086546805  0.015671456316  0.015671456316  0.003509960928  0.003509960928  0.002505467616  0.000000000000  0.003008127601  0.001000708287  0.002002835910  0.002002835910  0.000500266405  0.001501533993  0.000000000000  0.004517405174  0.004517405174  0.006026744942  0.004517405174  0.004517405174  0.003509960928  0.006532043385  0.002504673606  0.002504673606  0.002504673606  0.003509014075  
piranga_bidentata_hgoslp104 0.012618088738  0.012618088738  0.017205503047  0.017205503047  0.012612944135  0.014145807923  0.018751467243  0.018751467243  0.006536127917  0.006536127917  0.005527015620  0.003008127601  0.000000000000  0.004013412857  0.005020131555  0.005020131555  0.003511326275  0.004515885182  0.003008127601  0.007549518244  0.007549518244  0.009063863252  0.007549518244  0.007549518244  0.006536127917  0.009572153427  0.005524920023  0.005524920023  0.005524920023  0.006533875057  
piranga_ludoviciana_sdsu2648 0.010579678638  0.010579678638  0.015156518454  0.015156518454  0.010576879069  0.012103099561  0.016694560066  0.016694560066  0.004515885182  0.004515885182  0.003509960928  0.001000708287  0.004013412857  0.000000000000  0.003006387026  0.003006387026  0.001501759106  0.002504297442  0.001000708287  0.005524920023  0.005524920023  0.007036187083  0.005524920023  0.005524920023  0.004515885182  0.007542285813  0.003509014075  0.003509014075  0.003509014075  0.004514784701  
piranga_bidentata_itm160 0.011595579213  0.011595579213  0.016178480862  0.016178480862  0.011592464234  0.013121118430  0.017719149329  0.017719149329  0.005523244591  0.005523244591  0.004515885182  0.002002835910  0.005020131555  0.003006387026  0.000000000000  0.000000000000  0.002504673606  0.003508486081  0.002002835910  0.006533875057  0.006533875057  0.008047074589  0.006533875057  0.006533875057  0.005523244591  0.008553976144  0.004514784701  0.004514784701  0.004514784701  0.005521989689  
piranga_bidentata_itm141 0.011595579213  0.011595579213  0.016178480862  0.016178480862  0.011592464234  0.013121118430  0.017719149329  0.017719149329  0.005523244591  0.005523244591  0.004515885182  0.002002835910  0.005020131555  0.003006387026  0.000000000000  0.000000000000  0.002504673606  0.003508486081  0.002002835910  0.006533875057  0.006533875057  0.008047074589  0.006533875057  0.006533875057  0.005523244591  0.008553976144  0.004514784701  0.004514784701  0.004514784701  0.005521989689  
piranga_ludoviciana_sdsu2650 0.010073202815  0.010073202815  0.014646624189  0.014646624189  0.010070134530  0.011595579213  0.016184015515  0.016184015515  0.004013412857  0.004013412857  0.003008127601  0.000500266405  0.003511326275  0.001501759106  0.002504673606  0.002504673606  0.000000000000  0.001000766714  0.000500266405  0.005021939040  0.005021939040  0.006532043385  0.005021939040  0.005021939040  0.004013412857  0.007037886190  0.003007048229  0.003007048229  0.003007048229  0.004012179742  
piranga_ludoviciana_sdsu2385 0.011086546805  0.011086546805  0.015666810762  0.015666810762  0.011084016773  0.012611013864  0.017205503047  0.017205503047  0.005018743907  0.005018743907  0.004012179742  0.001501533993  0.004515885182  0.002504297442  0.003508486081  0.003508486081  0.001000766714  0.000000000000  0.001501533993  0.006028287918  0.006028287918  0.007540719675  0.006028287918  0.006028287918  0.005018743907  0.008047074589  0.004011365811  0.004011365811  0.004011365811  0.005017776460  
piranga_ludoviciana_sdsu2208 0.009565238068  0.009565238068  0.014136032831  0.014136032831  0.009562752280  0.011086546805  0.015671456316  0.015671456316  0.003509960928  0.003509960928  0.002505467616  0.000000000000  0.003008127601  0.001000708287  0.002002835910  0.002002835910  0.000500266405  0.001501533993  0.000000000000  0.004517405174  0.004517405174  0.006026744942  0.004517405174  0.004517405174  0.003509960928  0.006532043385  0.002504673606  0.002504673606  0.002504673606  0.003509014075  
piranga_lutea_ku89864 0.009061425522  0.009061425522  0.013628027044  0.013628027044  0.009057822257  0.010581717686  0.015164118962  0.015164118962  0.003009624782  0.003009624782  0.004015064792  0.004517405174  0.007549518244  0.005524920023  0.006533875057  0.006533875057  0.005021939040  0.006028287918  0.004517405174  0.000000000000  0.000000000000  0.001501726083  0.000000000000  0.000000000000  0.001001066377  0.004012179742  0.002004271585  0.002004271585  0.002004271585  0.003008127601  
piranga_hepatica_ku9084 0.009061425522  0.009061425522  0.013628027044  0.013628027044  0.009057822257  0.010581717686  0.015164118962  0.015164118962  0.003009624782  0.003009624782  0.004015064792  0.004517405174  0.007549518244  0.005524920023  0.006533875057  0.006533875057  0.005021939040  0.006028287918  0.004517405174  0.000000000000  0.000000000000  0.001501726083  0.000000000000  0.000000000000  0.001001066377  0.004012179742  0.002004271585  0.002004271585  0.002004271585  0.003008127601  
piranga_flava_ku90809 0.010579678638  0.010579678638  0.015156518454  0.015156518454  0.010576879069  0.012103099561  0.016694560066  0.016694560066  0.004515885182  0.004515885182  0.005523244591  0.006026744942  0.009063863252  0.007036187083  0.008047074589  0.008047074589  0.006532043385  0.007540719675  0.006026744942  0.001501726083  0.001501726083  0.000000000000  0.001501726083  0.001501726083  0.002504297442  0.005521155680  0.003509014075  0.003509014075  0.003509014075  0.004514784701  
piranga_flava_lsu15408 0.009061425522  0.009061425522  0.013628027044  0.013628027044  0.009057822257  0.010581717686  0.015164118962  0.015164118962  0.003009624782  0.003009624782  0.004015064792  0.004517405174  0.007549518244  0.005524920023  0.006533875057  0.006533875057  0.005021939040  0.006028287918  0.004517405174  0.000000000000  0.000000000000  0.001501726083  0.000000000000  0.000000000000  0.001001066377  0.004012179742  0.002004271585  0.002004271585  0.002004271585  0.003008127601  
piranga_rubra_sdsu2635 0.009061425522  0.009061425522  0.013628027044  0.013628027044  0.009057822257  0.010581717686  0.015164118962  0.015164118962  0.003009624782  0.003009624782  0.004015064792  0.004517405174  0.007549518244  0.005524920023  0.006533875057  0.006533875057  0.005021939040  0.006028287918  0.004517405174  0.000000000000  0.000000000000  0.001501726083  0.000000000000  0.000000000000  0.001001066377  0.004012179742  0.002004271585  0.002004271585  0.002004271585  0.003008127601  
piranga_hepatica_ku4970 0.008047074589  0.008047074589  0.012608439243  0.012608439243  0.008044632703  0.009565238068  0.014140607783  0.014140607783  0.002004271585  0.002004271585  0.003008127601  0.003509960928  0.006536127917  0.004515885182  0.005523244591  0.005523244591  0.004013412857  0.005018743907  0.003509960928  0.001001066377  0.001001066377  0.002504297442  0.001001066377  0.001001066377  0.000000000000  0.003006387026  0.001001066377  0.001001066377  0.001001066377  0.002003345167  
piranga_lutea_lsu5400 0.010584182417  0.010584182417  0.015667926964  0.015667926964  0.011085068224  0.012612944135  0.017207942735  0.017207942735  0.005020131555  0.005020131555  0.006028287918  0.006532043385  0.009572153427  0.007542285813  0.008553976144  0.008553976144  0.007037886190  0.008047074589  0.006532043385  0.004012179742  0.004012179742  0.005521155680  0.004012179742  0.004012179742  0.003006387026  0.000000000000  0.004012179742  0.004012179742  0.004012179742  0.005018743907  
piranga_rubra_ku7046 0.007034910224  0.007034910224  0.011591060622  0.011591060622  0.007033624720  0.008550954195  0.013119322799  0.013119322799  0.001001066377  0.001001066377  0.002003345167  0.002504673606  0.005524920023  0.003509014075  0.004514784701  0.004514784701  0.003007048229  0.004011365811  0.002504673606  0.002004271585  0.002004271585  0.003509014075  0.002004271585  0.002004271585  0.001001066377  0.004012179742  0.000000000000  0.000000000000  0.000000000000  0.001000708287  
piranga_rubra_sdsu2654 0.007034910224  0.007034910224  0.011591060622  0.011591060622  0.007033624720  0.008550954195  0.013119322799  0.013119322799  0.001001066377  0.001001066377  0.002003345167  0.002504673606  0.005524920023  0.003509014075  0.004514784701  0.004514784701  0.003007048229  0.004011365811  0.002504673606  0.002004271585  0.002004271585  0.003509014075  0.002004271585  0.002004271585  0.001001066377  0.004012179742  0.000000000000  0.000000000000  0.000000000000  0.001000708287  
piranga_olivacea_ku4672 0.007034910224  0.007034910224  0.011591060622  0.011591060622  0.007033624720  0.008550954195  0.013119322799  0.013119322799  0.001001066377  0.001001066377  0.002003345167  0.002504673606  0.005524920023  0.003509014075  0.004514784701  0.004514784701  0.003007048229  0.004011365811  0.002504673606  0.002004271585  0.002004271585  0.003509014075  0.002004271585  0.002004271585  0.001001066377  0.004012179742  0.000000000000  0.000000000000  0.000000000000  0.001000708287  
piranga_rubra_ku26592 0.008045641824  0.008045641824  0.012607795645  0.012607795645  0.008044047598  0.009563782483  0.014138652389  0.014138652389  0.002003345167  0.002003345167  0.003007048229  0.003509014075  0.006533875057  0.004514784701  0.005521989689  0.005521989689  0.004012179742  0.005017776460  0.003509014075  0.003008127601  0.003008127601  0.004514784701  0.003008127601  0.003008127601  0.002003345167  0.005018743907  0.001000708287  0.001000708287  0.001000708287  0.000000000000  

