30
piranga_rubra_ku26592 0.000000000000  0.013293378107  0.012388485504  0.023237703409  0.009849537762  0.017967046209  0.008355418133  0.020507986074  0.003515586768  0.012388485504  0.013055910320  0.012208487876  0.005280840713  0.004957927097  0.001756351100  0.012290730073  0.008912952806  0.008829242244  0.011327718989  0.010603916549  0.017823688956  0.010606793839  0.024154006472  0.011952158440  0.020527338918  0.016215781171  0.010140283209  0.012389759703  0.003518679333  0.010603916549  
piranga_flava_ku90809 0.013293378107  0.000000000000  0.015078362632  0.025072222801  0.012717368701  0.020720380143  0.011174171282  0.023248146288  0.013306292750  0.016880798537  0.018025074431  0.013165424898  0.009725907728  0.008704258983  0.013293378107  0.001014050907  0.013430207541  0.015093596246  0.014199468609  0.015082196622  0.020557255151  0.002634848030  0.025992360401  0.012892078607  0.023272817161  0.017383914153  0.012190837010  0.016886356587  0.013305170066  0.015082196622  
piranga_ludoviciana_sdsu2385 0.012388485504  0.015078362632  0.000000000000  0.026879981629  0.009859678240  0.021615465612  0.012099959890  0.024135142013  0.012392273790  0.005282762820  0.003239416148  0.015058390585  0.008824812963  0.007451753151  0.012388485504  0.015395554566  0.012511561442  0.014179907526  0.007531602878  0.003517063067  0.021438613045  0.012388485504  0.027801278040  0.014739844919  0.024154006472  0.018554373002  0.005054538706  0.005285896353  0.012399458024  0.003517063067  
piranga_rubriceps_lsu265 0.023237703409  0.025072222801  0.026879981629  0.000000000000  0.014123031471  0.029023286614  0.018742454284  0.031505887295  0.023259851750  0.026879981629  0.036639901899  0.022742148288  0.019615975368  0.011240178207  0.023237703409  0.023809609479  0.023479119799  0.025072222801  0.021915090652  0.025051573820  0.019624042487  0.022323305654  0.000875762094  0.024166614682  0.022332861095  0.015029487352  0.018390971945  0.026890186854  0.023258494099  0.025051573820  
piranga_leucoptera_lsu7783 0.009849537762  0.012717368701  0.009859678240  0.014123031471  0.000000000000  0.014345914938  0.007029384314  0.015559187057  0.009872904533  0.007020438344  0.010218826421  0.011467847241  0.007029384314  0.006695227895  0.011273907186  0.013708107467  0.008570347389  0.009859678240  0.007069138519  0.005614489622  0.002799997475  0.009859678240  0.015559187057  0.011467847241  0.012691550849  0.010680732384  0.004507325510  0.005614489622  0.008449649902  0.005614489622  
cardinalis_cardinalis_ku25393 0.017967046209  0.020720380143  0.021615465612  0.029023286614  0.014345914938  0.000000000000  0.017018875294  0.002661020297  0.017983976299  0.021615465612  0.024738866779  0.021033915170  0.014339253583  0.013740447926  0.017967046209  0.021691981320  0.017974875251  0.017967046209  0.018161620123  0.019785296031  0.023491061612  0.017967046209  0.029958899034  0.020588923124  0.026264623664  0.022130925185  0.018390971945  0.021623024937  0.017983202920  0.019785296031  
piranga_olivacea_ku2699 0.008355418133  0.011174171282  0.012099959890  0.018742454284  0.007029384314  0.017018875294  0.000000000000  0.019699626016  0.008366569420  0.010220388563  0.016112122820  0.011363664208  0.004632610745  0.003719388557  0.008355418133  0.012651407341  0.007505799739  0.010232577940  0.010476220402  0.010223093887  0.014034790498  0.009292996416  0.019699626016  0.011304585713  0.015912619424  0.016414821030  0.009210525212  0.010223093887  0.006492253070  0.010223093887  
cardinalis_cardinalis_ku21828 0.020507986074  0.023248146288  0.024135142013  0.031505887295  0.015559187057  0.002661020297  0.019699626016  0.000000000000  0.020527338918  0.024135142013  0.028112341066  0.023712127145  0.016901214242  0.016271118569  0.020507986074  0.024858837409  0.020720380143  0.020507986074  0.019970536438  0.022315013734  0.026028834173  0.020507986074  0.032436936591  0.023214792103  0.028764381658  0.024504769081  0.020467999997  0.024143939420  0.020526290561  0.022315013734  
piranga_rubra_ku7046 0.003515586768  0.013306292750  0.012392273790  0.023259851750  0.009872904533  0.017983976299  0.008366569420  0.020527338918  0.000000000000  0.012392273790  0.013055910320  0.012213644583  0.005285896353  0.006209577418  0.005282762820  0.013333707824  0.008919966756  0.008838563205  0.011336625960  0.010606793839  0.017845302998  0.010614596572  0.024177938833  0.011959766591  0.020551700457  0.017410283347  0.010146141435  0.012396025099  0.005287418224  0.010606793839  
piranga_bidentata_hgoslp104 0.012388485504  0.016880798537  0.005282762820  0.026879981629  0.007020438344  0.021615465612  0.010220388563  0.024135142013  0.012392273790  0.000000000000  0.006500805803  0.016011550104  0.008824812963  0.004957393116  0.012388485504  0.017478415775  0.012511561442  0.014179907526  0.007531602878  0.003517063067  0.021438613045  0.014179907526  0.027801278040  0.015673480256  0.024154006472  0.018554373002  0.003026064170  0.001755316119  0.010613711090  0.003517063067  
piranga_ludoviciana_sdsu2648 0.013055910320  0.018025074431  0.003239416148  0.036639901899  0.010218826421  0.024738866779  0.016112122820  0.028112341066  0.013055910320  0.006500805803  0.000000000000  0.017850821563  0.009766742829  0.007431882178  0.011409131231  0.015358770649  0.014708879421  0.016362520703  0.010925484563  0.004867087508  0.028161191421  0.016362520703  0.038371871633  0.017148213043  0.029872038018  0.018054828395  0.007702578286  0.008140616129  0.014706228844  0.004867087508  
piranga_roseogularis_ku2049 0.012208487876  0.013165424898  0.015058390585  0.022742148288  0.011467847241  0.021033915170  0.011363664208  0.023712127145  0.012213644583  0.016011550104  0.017850821563  0.000000000000  0.007485321136  0.005042162556  0.012208487876  0.012779650661  0.011379070378  0.013158350960  0.014367064576  0.014106877912  0.017963346282  0.011263919806  0.023712127145  0.001863245503  0.016985165207  0.015279945881  0.013390607048  0.016013059911  0.012219964174  0.014106877912  
piranga_hepatica_ku4970 0.005280840713  0.009725907728  0.008824812963  0.019615975368  0.007029384314  0.014339253583  0.004632610745  0.016901214242  0.005285896353  0.008824812963  0.009766742829  0.007485321136  0.000000000000  0.000000000000  0.005280840713  0.009196795631  0.003549906885  0.007053479435  0.007531602878  0.007049954271  0.014229008871  0.007053479435  0.020527338918  0.007328872432  0.016014566113  0.011542074334  0.006065620216  0.008826414837  0.005285492718  0.007049954271  
piranga_hepatica_ku9084 0.004957927097  0.008704258983  0.007451753151  0.011240178207  0.006695227895  0.013740447926  0.003719388557  0.016271118569  0.006209577418  0.004957393116  0.007431882178  0.005042162556  0.000000000000  0.000000000000  0.006204985381  0.010093772730  0.002474036327  0.006204985381  0.004957927097  0.003714395240  0.009977122602  0.007451753151  0.012506872002  0.006311477102  0.011228886517  0.010422019344  0.003714395240  0.003714395240  0.006202804578  0.003714395240  
piranga_rubra_sdsu2654 0.001756351100  0.013293378107  0.012388485504  0.023237703409  0.011273907186  0.017967046209  0.008355418133  0.020507986074  0.005282762820  0.012388485504  0.011409131231  0.012208487876  0.005280840713  0.006204985381  0.000000000000  0.012290730073  0.008912952806  0.008829242244  0.011327718989  0.010603916549  0.017823688956  0.010606793839  0.024154006472  0.011952158440  0.020527338918  0.016215781171  0.010140283209  0.012389759703  0.003518679333  0.010603916549  
piranga_flava_lsu15408 0.012290730073  0.001014050907  0.015395554566  0.023809609479  0.013708107467  0.021691981320  0.012651407341  0.024858837409  0.013333707824  0.017478415775  0.015358770649  0.012779650661  0.009196795631  0.010093772730  0.012290730073  0.000000000000  0.013328142715  0.014368008483  0.016046865408  0.015396740294  0.017512630572  0.002029641335  0.024872259908  0.012480347122  0.021716743785  0.018554373002  0.013236808008  0.017481904100  0.013324236448  0.015396740294  
piranga_lutea_lsu5400 0.008912952806  0.013430207541  0.012511561442  0.023479119799  0.008570347389  0.017974875251  0.007505799739  0.020720380143  0.008919966756  0.012511561442  0.014708879421  0.011379070378  0.003549906885  0.002474036327  0.008912952806  0.013328142715  0.000000000000  0.010714290252  0.011406873688  0.010708841448  0.017994346658  0.010714290252  0.024405662019  0.011138453440  0.019821187566  0.016215781171  0.010142402079  0.012514125627  0.008920904115  0.010708841448  
piranga_olivacea_ku4672 0.008829242244  0.015093596246  0.014179907526  0.025072222801  0.009859678240  0.017967046209  0.010232577940  0.020507986074  0.008838563205  0.014179907526  0.016362520703  0.013158350960  0.007053479435  0.006204985381  0.008829242244  0.014368008483  0.010714290252  0.000000000000  0.011327718989  0.012389759703  0.019644177093  0.012396025099  0.025992360401  0.012882630780  0.022355751913  0.018579486094  0.012190837010  0.014182884768  0.008837044855  0.012389759703  
piranga_ludoviciana_sdsu2208 0.011327718989  0.014199468609  0.007531602878  0.021915090652  0.007069138519  0.018161620123  0.010476220402  0.019970536438  0.011336625960  0.007531602878  0.010925484563  0.014367064576  0.007531602878  0.004957927097  0.011327718989  0.016046865408  0.011406873688  0.011327718989  0.000000000000  0.005640324073  0.017099721659  0.012282886647  0.022890601792  0.014371005919  0.018057875226  0.017383914153  0.004042670275  0.007535697493  0.011338422520  0.005640324073  
piranga_bidentata_itm160 0.010603916549  0.015082196622  0.003517063067  0.025051573820  0.005614489622  0.019785296031  0.010223093887  0.022315013734  0.010606793839  0.003517063067  0.004867087508  0.014106877912  0.007049954271  0.003714395240  0.010603916549  0.015396740294  0.010708841448  0.012389759703  0.005640324073  0.000000000000  0.017807061751  0.012389759703  0.025969919430  0.013809139144  0.022332861095  0.016205125062  0.003028513205  0.001756351100  0.010613295302  0.000000000000  
piranga_leucoptera_fmnh481795 0.017823688956  0.020557255151  0.021438613045  0.019624042487  0.002799997475  0.023491061612  0.014034790498  0.026028834173  0.017845302998  0.021438613045  0.028161191421  0.017963346282  0.014229008871  0.009977122602  0.017823688956  0.017512630572  0.017994346658  0.019644177093  0.017099721659  0.017807061751  0.000000000000  0.017823688956  0.020535355920  0.017589736269  0.018744053510  0.013874538144  0.014265833969  0.019624042487  0.017839588988  0.017807061751  
piranga_lutea_ku89864 0.010606793839  0.002634848030  0.012388485504  0.022323305654  0.009859678240  0.017967046209  0.009292996416  0.020507986074  0.010614596572  0.014179907526  0.016362520703  0.011263919806  0.007053479435  0.007451753151  0.010606793839  0.002029641335  0.010714290252  0.012396025099  0.012282886647  0.012389759703  0.017823688956  0.000000000000  0.023237703409  0.011029426969  0.020527338918  0.017383914153  0.010140283209  0.014182884768  0.010616177723  0.012389759703  
piranga_rubriceps_lsu34818 0.024154006472  0.025992360401  0.027801278040  0.000875762094  0.015559187057  0.029958899034  0.019699626016  0.032436936591  0.024177938833  0.027801278040  0.038371871633  0.023712127145  0.020527338918  0.012506872002  0.024154006472  0.024872259908  0.024405662019  0.025992360401  0.022890601792  0.025969919430  0.020535355920  0.023237703409  0.000000000000  0.025120501900  0.023248146288  0.016205125062  0.019433341218  0.027812384152  0.024175637544  0.025969919430  
piranga_roseogularis_ku2141 0.011952158440  0.012892078607  0.014739844919  0.024166614682  0.011467847241  0.020588923124  0.011304585713  0.023214792103  0.011959766591  0.015673480256  0.017148213043  0.001863245503  0.007328872432  0.006311477102  0.011952158440  0.012480347122  0.011138453440  0.012882630780  0.014371005919  0.013809139144  0.017589736269  0.011029426969  0.025120501900  0.000000000000  0.019462253026  0.016476860497  0.013392873731  0.015676278291  0.011963157680  0.013809139144  
piranga_erythrocephala_fmnh343371 0.020527338918  0.023272817161  0.024154006472  0.022332861095  0.012691550849  0.026264623664  0.015912619424  0.028764381658  0.020551700457  0.024154006472  0.029872038018  0.016985165207  0.016014566113  0.011228886517  0.020527338918  0.021716743785  0.019821187566  0.022355751913  0.018057875226  0.022332861095  0.018744053510  0.020527338918  0.023248146288  0.019462253026  0.000000000000  0.000000000000  0.017359447996  0.024165340494  0.019644177093  0.022332861095  
piranga_erythrocephala_fmnh343370 0.016215781171  0.017383914153  0.018554373002  0.015029487352  0.010680732384  0.022130925185  0.016414821030  0.024504769081  0.017410283347  0.018554373002  0.018054828395  0.015279945881  0.011542074334  0.010422019344  0.016215781171  0.018554373002  0.016215781171  0.018579486094  0.017383914153  0.016205125062  0.013874538144  0.017383914153  0.016205125062  0.016476860497  0.000000000000  0.000000000000  0.016205125062  0.018565871563  0.017383914153  0.016205125062  
piranga_ludoviciana_sdsu2650 0.010140283209  0.012190837010  0.005054538706  0.018390971945  0.004507325510  0.018390971945  0.009210525212  0.020467999997  0.010146141435  0.003026064170  0.007702578286  0.013390607048  0.006065620216  0.003714395240  0.010140283209  0.013236808008  0.010142402079  0.012190837010  0.004042670275  0.003028513205  0.014265833969  0.010140283209  0.019433341218  0.013392873731  0.017359447996  0.016205125062  0.000000000000  0.003028513205  0.010150576401  0.003028513205  
piranga_bidentata_tepe59 0.012389759703  0.016886356587  0.005285896353  0.026890186854  0.005614489622  0.021623024937  0.010223093887  0.024143939420  0.012396025099  0.001755316119  0.008140616129  0.016013059911  0.008826414837  0.003714395240  0.012389759703  0.017481904100  0.012514125627  0.014182884768  0.007535697493  0.001756351100  0.019624042487  0.014182884768  0.027812384152  0.015676278291  0.024165340494  0.018565871563  0.003028513205  0.000000000000  0.010613295302  0.001756351100  
piranga_rubra_sdsu2635 0.003518679333  0.013305170066  0.012399458024  0.023258494099  0.008449649902  0.017983202920  0.006492253070  0.020526290561  0.005287418224  0.010613711090  0.014706228844  0.012219964174  0.005285492718  0.006202804578  0.003518679333  0.013324236448  0.008920904115  0.008837044855  0.011338422520  0.010613295302  0.017839588988  0.010616177723  0.024175637544  0.011963157680  0.019644177093  0.017383914153  0.010150576401  0.010613295302  0.000000000000  0.010613295302  
piranga_bidentata_itm141 0.010603916549  0.015082196622  0.003517063067  0.025051573820  0.005614489622  0.019785296031  0.010223093887  0.022315013734  0.010606793839  0.003517063067  0.004867087508  0.014106877912  0.007049954271  0.003714395240  0.010603916549  0.015396740294  0.010708841448  0.012389759703  0.005640324073  0.000000000000  0.017807061751  0.012389759703  0.025969919430  0.013809139144  0.022332861095  0.016205125062  0.003028513205  0.001756351100  0.010613295302  0.000000000000  

