30
cardinalis_cardinalis_ku21828 0.000000000000  0.001001127962  0.011600760969  0.008555697312  0.008555697312  0.010581898282  0.014150331013  0.017213482000  0.010075360566  0.010073342467  0.010077842316  0.010077842316  0.008555697312  0.010077842316  0.008555697312  0.008555697312  0.008555697312  0.008555697312  0.012625614229  0.011093704703  0.009571841669  0.009571841669  0.008555697312  0.010587047068  0.009061181648  0.009061181648  0.009569220955  0.009567063136  0.009567063136  0.009061181648  
cardinalis_cardinalis_ku25393 0.001001127962  0.000000000000  0.010581898282  0.007541873501  0.007541873501  0.009565368556  0.013126902853  0.016186242666  0.009059347020  0.009057975220  0.009061181648  0.009061181648  0.007541873501  0.009061181648  0.007541873501  0.007541873501  0.007541873501  0.007541873501  0.011603754089  0.010075360566  0.008555697312  0.008555697312  0.007541873501  0.009569220955  0.008046843879  0.008046843879  0.008553723064  0.008552210890  0.008552210890  0.008046843879  
piranga_leucoptera_lsu7783 0.011600760969  0.010581898282  0.000000000000  0.005020921447  0.005020921447  0.007037299070  0.010587047068  0.013635420133  0.006533119903  0.006531509901  0.006535189325  0.006535189325  0.005020921447  0.006535189325  0.005020921447  0.005020921447  0.005020921447  0.005020921447  0.009578470427  0.007545917363  0.006031542999  0.006031542999  0.005020921447  0.007041620383  0.005524057059  0.005524057059  0.006029335321  0.006027586317  0.006027586317  0.005524057059  
piranga_olivacea_ku2699 0.008555697312  0.007541873501  0.005020921447  0.000000000000  0.000000000000  0.002002787749  0.005522627744  0.008551161134  0.001501561878  0.001501754324  0.001501823826  0.001501823826  0.000000000000  0.001501823826  0.000000000000  0.000000000000  0.000000000000  0.000000000000  0.004518178805  0.002504825017  0.001001127962  0.001001127962  0.000000000000  0.002003487120  0.000500194702  0.000500194702  0.001000726778  0.001000779253  0.001000779253  0.000500194702  
piranga_hepatica_ku9084 0.008555697312  0.007541873501  0.005020921447  0.000000000000  0.000000000000  0.002002787749  0.005522627744  0.008551161134  0.001501561878  0.001501754324  0.001501823826  0.001501823826  0.000000000000  0.001501823826  0.000000000000  0.000000000000  0.000000000000  0.000000000000  0.004518178805  0.002504825017  0.001001127962  0.001001127962  0.000000000000  0.002003487120  0.000500194702  0.000500194702  0.001000726778  0.001000779253  0.001000779253  0.000500194702  
piranga_rubra_ku7046 0.010581898282  0.009565368556  0.007037299070  0.002002787749  0.002002787749  0.000000000000  0.003510360554  0.006530359659  0.003508517515  0.003508816724  0.003508675312  0.003508675312  0.002002787749  0.003508675312  0.002002787749  0.002002787749  0.002002787749  0.002002787749  0.006533119903  0.004514430415  0.003006554190  0.003006554190  0.002002787749  0.004011663654  0.002504405064  0.002504405064  0.003006256211  0.003006414496  0.003006414496  0.002504405064  
piranga_roseogularis_ku2049 0.014150331013  0.013126902853  0.010587047068  0.005522627744  0.005522627744  0.003510360554  0.000000000000  0.003006414496  0.007035828492  0.007034818421  0.007037299070  0.007037299070  0.005522627744  0.007037299070  0.005522627744  0.005522627744  0.005522627744  0.005522627744  0.010080787375  0.008048496001  0.006533119903  0.006533119903  0.005522627744  0.007543665145  0.006026296327  0.006026296327  0.006531509901  0.006530359659  0.006530359659  0.006026296327  
piranga_roseogularis_ku2141 0.017213482000  0.016186242666  0.013635420133  0.008551161134  0.008551161134  0.006530359659  0.003006414496  0.000000000000  0.010070698595  0.010070073516  0.010071788361  0.010071788361  0.008551161134  0.010071788361  0.008551161134  0.008551161134  0.008551161134  0.008551161134  0.013126902853  0.011087097411  0.009565368556  0.009565368556  0.008551161134  0.010580020327  0.009057066593  0.009057066593  0.009564137558  0.009563370489  0.009563370489  0.009057066593  
piranga_erythrocephala_fmnh343371 0.010075360566  0.009059347020  0.006533119903  0.001501561878  0.001501561878  0.003508517515  0.007035828492  0.010070698595  0.000000000000  0.003006414496  0.003006554190  0.003006554190  0.001501561878  0.003006554190  0.001501561878  0.001501561878  0.001501561878  0.001501561878  0.006029335321  0.004011663654  0.002504825017  0.002504825017  0.001501561878  0.003509289772  0.002002787749  0.002002787749  0.002504387278  0.002504405064  0.002504405064  0.002002787749  
piranga_ludoviciana_sdsu2648 0.010073342467  0.009057975220  0.006531509901  0.001501754324  0.001501754324  0.003508816724  0.007034818421  0.010070073516  0.003006414496  0.000000000000  0.003006256211  0.003006256211  0.001501754324  0.003006256211  0.001501754324  0.001501754324  0.001501754324  0.001501754324  0.006027586317  0.004011189058  0.002504387278  0.002504387278  0.001501754324  0.003508675312  0.002003120587  0.002003120587  0.002504405064  0.002504878717  0.002504878717  0.002003120587  
piranga_rubriceps_lsu265 0.010077842316  0.009061181648  0.006535189325  0.001501823826  0.001501823826  0.003508675312  0.007037299070  0.010071788361  0.003006554190  0.003006256211  0.000000000000  0.000000000000  0.001501823826  0.003007308093  0.001501823826  0.001501823826  0.001501823826  0.001501823826  0.006031542999  0.004012595312  0.002505717942  0.002505717942  0.001501823826  0.003510360554  0.002002910040  0.002002910040  0.002504825017  0.002504387278  0.002504387278  0.002002910040  
piranga_rubriceps_lsu34818 0.010077842316  0.009061181648  0.006535189325  0.001501823826  0.001501823826  0.003508675312  0.007037299070  0.010071788361  0.003006554190  0.003006256211  0.000000000000  0.000000000000  0.001501823826  0.003007308093  0.001501823826  0.001501823826  0.001501823826  0.001501823826  0.006031542999  0.004012595312  0.002505717942  0.002505717942  0.001501823826  0.003510360554  0.002002910040  0.002002910040  0.002504825017  0.002504387278  0.002504387278  0.002002910040  
piranga_lutea_lsu5400 0.008555697312  0.007541873501  0.005020921447  0.000000000000  0.000000000000  0.002002787749  0.005522627744  0.008551161134  0.001501561878  0.001501754324  0.001501823826  0.001501823826  0.000000000000  0.001501823826  0.000000000000  0.000000000000  0.000000000000  0.000000000000  0.004518178805  0.002504825017  0.001001127962  0.001001127962  0.000000000000  0.002003487120  0.000500194702  0.000500194702  0.001000726778  0.001000779253  0.001000779253  0.000500194702  
piranga_bidentata_tepe59 0.010077842316  0.009061181648  0.006535189325  0.001501823826  0.001501823826  0.003508675312  0.007037299070  0.010071788361  0.003006554190  0.003006256211  0.003007308093  0.003007308093  0.001501823826  0.000000000000  0.001501823826  0.001501823826  0.001501823826  0.001501823826  0.006031542999  0.004012595312  0.002505717942  0.002505717942  0.001501823826  0.003510360554  0.002002910040  0.002002910040  0.002504825017  0.002504387278  0.002504387278  0.002002910040  
piranga_rubra_sdsu2654 0.008555697312  0.007541873501  0.005020921447  0.000000000000  0.000000000000  0.002002787749  0.005522627744  0.008551161134  0.001501561878  0.001501754324  0.001501823826  0.001501823826  0.000000000000  0.001501823826  0.000000000000  0.000000000000  0.000000000000  0.000000000000  0.004518178805  0.002504825017  0.001001127962  0.001001127962  0.000000000000  0.002003487120  0.000500194702  0.000500194702  0.001000726778  0.001000779253  0.001000779253  0.000500194702  
piranga_leucoptera_fmnh481795 0.008555697312  0.007541873501  0.005020921447  0.000000000000  0.000000000000  0.002002787749  0.005522627744  0.008551161134  0.001501561878  0.001501754324  0.001501823826  0.001501823826  0.000000000000  0.001501823826  0.000000000000  0.000000000000  0.000000000000  0.000000000000  0.004518178805  0.002504825017  0.001001127962  0.001001127962  0.000000000000  0.002003487120  0.000500194702  0.000500194702  0.001000726778  0.001000779253  0.001000779253  0.000500194702  
piranga_ludoviciana_sdsu2385 0.008555697312  0.007541873501  0.005020921447  0.000000000000  0.000000000000  0.002002787749  0.005522627744  0.008551161134  0.001501561878  0.001501754324  0.001501823826  0.001501823826  0.000000000000  0.001501823826  0.000000000000  0.000000000000  0.000000000000  0.000000000000  0.004518178805  0.002504825017  0.001001127962  0.001001127962  0.000000000000  0.002003487120  0.000500194702  0.000500194702  0.001000726778  0.001000779253  0.001000779253  0.000500194702  
piranga_rubra_sdsu2635 0.008555697312  0.007541873501  0.005020921447  0.000000000000  0.000000000000  0.002002787749  0.005522627744  0.008551161134  0.001501561878  0.001501754324  0.001501823826  0.001501823826  0.000000000000  0.001501823826  0.000000000000  0.000000000000  0.000000000000  0.000000000000  0.004518178805  0.002504825017  0.001001127962  0.001001127962  0.000000000000  0.002003487120  0.000500194702  0.000500194702  0.001000726778  0.001000779253  0.001000779253  0.000500194702  
piranga_ludoviciana_sdsu2208 0.012625614229  0.011603754089  0.009578470427  0.004518178805  0.004518178805  0.006533119903  0.010080787375  0.013126902853  0.006029335321  0.006027586317  0.006031542999  0.006031542999  0.004518178805  0.006031542999  0.004518178805  0.004518178805  0.004518178805  0.004518178805  0.000000000000  0.005019353229  0.003510360554  0.003510360554  0.004518178805  0.006537717826  0.005020921447  0.005020921447  0.005525944643  0.005524057059  0.005524057059  0.005020921447  
piranga_bidentata_hgoslp104 0.011093704703  0.010075360566  0.007545917363  0.002504825017  0.002504825017  0.004514430415  0.008048496001  0.011087097411  0.004011663654  0.004011189058  0.004012595312  0.004012595312  0.002504825017  0.004012595312  0.002504825017  0.002504825017  0.002504825017  0.002504825017  0.005019353229  0.000000000000  0.001501561878  0.001501561878  0.002504825017  0.004516472104  0.003006554190  0.003006554190  0.003509289772  0.003508675312  0.003508675312  0.003006554190  
piranga_bidentata_itm141 0.009571841669  0.008555697312  0.006031542999  0.001001127962  0.001001127962  0.003006554190  0.006533119903  0.009565368556  0.002504825017  0.002504387278  0.002505717942  0.002505717942  0.001001127962  0.002505717942  0.001001127962  0.001001127962  0.001001127962  0.001001127962  0.003510360554  0.001501561878  0.000000000000  0.000000000000  0.001001127962  0.003008517579  0.001501823826  0.001501823826  0.002003487120  0.002002910040  0.002002910040  0.001501823826  
piranga_bidentata_itm160 0.009571841669  0.008555697312  0.006031542999  0.001001127962  0.001001127962  0.003006554190  0.006533119903  0.009565368556  0.002504825017  0.002504387278  0.002505717942  0.002505717942  0.001001127962  0.002505717942  0.001001127962  0.001001127962  0.001001127962  0.001001127962  0.003510360554  0.001501561878  0.000000000000  0.000000000000  0.001001127962  0.003008517579  0.001501823826  0.001501823826  0.002003487120  0.002002910040  0.002002910040  0.001501823826  
piranga_flava_ku90809 0.008555697312  0.007541873501  0.005020921447  0.000000000000  0.000000000000  0.002002787749  0.005522627744  0.008551161134  0.001501561878  0.001501754324  0.001501823826  0.001501823826  0.000000000000  0.001501823826  0.000000000000  0.000000000000  0.000000000000  0.000000000000  0.004518178805  0.002504825017  0.001001127962  0.001001127962  0.000000000000  0.002003487120  0.000500194702  0.000500194702  0.001000726778  0.001000779253  0.001000779253  0.000500194702  
piranga_lutea_ku89864 0.010587047068  0.009569220955  0.007041620383  0.002003487120  0.002003487120  0.004011663654  0.007543665145  0.010580020327  0.003509289772  0.003508675312  0.003510360554  0.003510360554  0.002003487120  0.003510360554  0.002003487120  0.002003487120  0.002003487120  0.002003487120  0.006537717826  0.004516472104  0.003008517579  0.003008517579  0.002003487120  0.000000000000  0.002504825017  0.002504825017  0.003007308093  0.003006554190  0.003006554190  0.002504825017  
piranga_ludoviciana_sdsu2650 0.009061181648  0.008046843879  0.005524057059  0.000500194702  0.000500194702  0.002504405064  0.006026296327  0.009057066593  0.002002787749  0.002003120587  0.002002910040  0.002002910040  0.000500194702  0.002002910040  0.000500194702  0.000500194702  0.000500194702  0.000500194702  0.005020921447  0.003006554190  0.001501823826  0.001501823826  0.000500194702  0.002504825017  0.000000000000  0.000000000000  0.000500281779  0.000500194702  0.000500194702  0.000000000000  
piranga_erythrocephala_fmnh343370 0.009061181648  0.008046843879  0.005524057059  0.000500194702  0.000500194702  0.002504405064  0.006026296327  0.009057066593  0.002002787749  0.002003120587  0.002002910040  0.002002910040  0.000500194702  0.002002910040  0.000500194702  0.000500194702  0.000500194702  0.000500194702  0.005020921447  0.003006554190  0.001501823826  0.001501823826  0.000500194702  0.002504825017  0.000000000000  0.000000000000  0.000500281779  0.000500194702  0.000500194702  0.000000000000  
piranga_olivacea_ku4672 0.009569220955  0.008553723064  0.006029335321  0.001000726778  0.001000726778  0.003006256211  0.006531509901  0.009564137558  0.002504387278  0.002504405064  0.002504825017  0.002504825017  0.001000726778  0.002504825017  0.001000726778  0.001000726778  0.001000726778  0.001000726778  0.005525944643  0.003509289772  0.002003487120  0.002003487120  0.001000726778  0.003007308093  0.000500281779  0.000500281779  0.000000000000  0.001000726778  0.001000726778  0.000500281779  
piranga_flava_lsu15408 0.009567063136  0.008552210890  0.006027586317  0.001000779253  0.001000779253  0.003006414496  0.006530359659  0.009563370489  0.002504405064  0.002504878717  0.002504387278  0.002504387278  0.001000779253  0.002504387278  0.001000779253  0.001000779253  0.001000779253  0.001000779253  0.005524057059  0.003508675312  0.002002910040  0.002002910040  0.001000779253  0.003006554190  0.000500194702  0.000500194702  0.001000726778  0.000000000000  0.000000000000  0.000500194702  
piranga_hepatica_ku4970 0.009567063136  0.008552210890  0.006027586317  0.001000779253  0.001000779253  0.003006414496  0.006530359659  0.009563370489  0.002504405064  0.002504878717  0.002504387278  0.002504387278  0.001000779253  0.002504387278  0.001000779253  0.001000779253  0.001000779253  0.001000779253  0.005524057059  0.003508675312  0.002002910040  0.002002910040  0.001000779253  0.003006554190  0.000500194702  0.000500194702  0.001000726778  0.000000000000  0.000000000000  0.000500194702  
piranga_rubra_ku26592 0.009061181648  0.008046843879  0.005524057059  0.000500194702  0.000500194702  0.002504405064  0.006026296327  0.009057066593  0.002002787749  0.002003120587  0.002002910040  0.002002910040  0.000500194702  0.002002910040  0.000500194702  0.000500194702  0.000500194702  0.000500194702  0.005020921447  0.003006554190  0.001501823826  0.001501823826  0.000500194702  0.002504825017  0.000000000000  0.000000000000  0.000500281779  0.000500194702  0.000500194702  0.000000000000  

