30
cardinalis_cardinalis_ku21828 0.000000000000  0.007038721265  0.020871725311  0.022408043795  0.022928907812  0.018783502085  0.018790050098  0.027611317998  0.022928907812  0.023972292963  0.020330084253  0.023434219220  0.030186560977  0.030186560977  0.032296659233  0.030741402663  0.027593117020  0.027593117020  0.023442070049  0.022920934755  0.028684008442  0.025008795974  0.025027398360  0.027126430334  0.026561840249  0.023981230888  0.022928907812  0.022928907812  0.022928907812  0.022928907812  
cardinalis_cardinalis_ku25393 0.007038721265  0.000000000000  0.028157294336  0.029706564827  0.030234112032  0.026037939631  0.026046796602  0.034970073290  0.030234112032  0.031290906397  0.027602014259  0.030741402663  0.037564937015  0.037564937015  0.039702460626  0.038133885502  0.034947071845  0.034947071845  0.030751609702  0.030223784210  0.036061243408  0.032338492115  0.032361868200  0.034488036772  0.033907028253  0.031302219443  0.030234112032  0.030234112032  0.030234112032  0.030234112032  
piranga_olivacea_ku2699 0.020871725311  0.028157294336  0.000000000000  0.014684298307  0.015198382089  0.011615338534  0.011620045996  0.019825766194  0.015198382089  0.016228163871  0.012633317757  0.015701217084  0.022379687484  0.022379687484  0.024461971338  0.022920934755  0.019811962707  0.019811962707  0.015706912015  0.015192563974  0.020880183469  0.017253190158  0.017267417909  0.019338924556  0.018790050098  0.016234925978  0.015198382089  0.015198382089  0.015198382089  0.015198382089  
piranga_olivacea_ku4672 0.022408043795  0.029706564827  0.014684298307  0.000000000000  0.012117716283  0.009064546212  0.009067519637  0.017234830701  0.012628858305  0.013652738130  0.010078441762  0.013132257688  0.019784468683  0.019784468683  0.021854687503  0.020317328574  0.017224583520  0.017224583520  0.013136197010  0.012624793745  0.018279679307  0.014673603853  0.014684298307  0.016743864127  0.016205084583  0.013657739349  0.012628858305  0.012628858305  0.012628858305  0.012628858305  
piranga_ludoviciana_sdsu2385 0.022928907812  0.030234112032  0.015198382089  0.012117716283  0.000000000000  0.007542961354  0.007545137128  0.015691018577  0.011097022503  0.012117716283  0.008554513511  0.011600448192  0.020301207341  0.020301207341  0.021854687503  0.020835441091  0.017739717047  0.017739717047  0.013648132377  0.013136197010  0.018796997234  0.015187142191  0.015198382089  0.017260105469  0.015701217084  0.014170751100  0.013140531885  0.013140531885  0.013140531885  0.013140531885  
piranga_bidentata_itm160 0.018783502085  0.026037939631  0.011615338534  0.009064546212  0.007542961354  0.000000000000  0.001000693231  0.012110521654  0.007542961354  0.008556828243  0.005017396843  0.008045927754  0.016698433576  0.016698433576  0.018756761992  0.017224583520  0.014148347627  0.014148347627  0.010078441762  0.009569941049  0.015192563974  0.011607104715  0.011615338534  0.013663135661  0.013132257688  0.010594627235  0.009572788638  0.009572788638  0.009572788638  0.009572788638  
piranga_bidentata_tepe59 0.018790050098  0.026046796602  0.011620045996  0.009067519637  0.007545137128  0.001000693231  0.000000000000  0.012113921477  0.007545137128  0.008559535236  0.005018254091  0.008047584522  0.016701885590  0.016701885590  0.018761308757  0.017229507615  0.014152035316  0.014152035316  0.010081556605  0.009572788638  0.015198382089  0.011611024650  0.011620045996  0.013668926696  0.013136197010  0.010598796280  0.009576029046  0.009576029046  0.009576029046  0.009576029046  
piranga_bidentata_itm141 0.027611317998  0.034970073290  0.019825766194  0.017234830701  0.015691018577  0.012110521654  0.012113921477  0.000000000000  0.004515415883  0.005524103672  0.008049633650  0.011093765529  0.024956428415  0.024956428415  0.027045269275  0.025498663565  0.022379687484  0.022379687484  0.018260863689  0.017744915416  0.023450323811  0.019811962707  0.019825766194  0.021903762043  0.021354099770  0.018790050098  0.017750513068  0.017750513068  0.017750513068  0.017750513068  
piranga_ludoviciana_sdsu2650 0.022928907812  0.030234112032  0.015198382089  0.012628858305  0.011097022503  0.007542961354  0.007545137128  0.004515415883  0.000000000000  0.001001017595  0.003509642253  0.006532826098  0.020301207341  0.020301207341  0.022373606111  0.020835441091  0.017739717047  0.017739717047  0.013648132377  0.013136197010  0.018796997234  0.015187142191  0.015198382089  0.017260105469  0.016719688249  0.014170751100  0.013140531885  0.013140531885  0.013140531885  0.013140531885  
piranga_ludoviciana_sdsu2208 0.023972292963  0.031290906397  0.016228163871  0.013652738130  0.012117716283  0.008556828243  0.008559535236  0.005524103672  0.001001017595  0.000000000000  0.004516790026  0.007545137128  0.021336315606  0.021336315606  0.023413088076  0.021873305764  0.018771604925  0.018771604925  0.014673603853  0.014160600954  0.019833267698  0.016215829657  0.016228163871  0.018294215961  0.017750513068  0.015198382089  0.014165478150  0.014165478150  0.014165478150  0.014165478150  
piranga_ludoviciana_sdsu2648 0.020330084253  0.027602014259  0.012633317757  0.010078441762  0.008554513511  0.005017396843  0.005018254091  0.008049633650  0.003509642253  0.004516790026  0.000000000000  0.004011123375  0.017722923990  0.017722923990  0.019784468683  0.018250317207  0.015169425847  0.015169425847  0.011093765529  0.010584479656  0.016215829657  0.012624793745  0.012633317757  0.014684298307  0.014152035316  0.011611024650  0.010587468550  0.010587468550  0.010587468550  0.010587468550  
piranga_bidentata_hgoslp104 0.023434219220  0.030741402663  0.015701217084  0.013132257688  0.011600448192  0.008045927754  0.008047584522  0.011093765529  0.006532826098  0.007545137128  0.004011123375  0.000000000000  0.020809202160  0.020809202160  0.022881564818  0.021341840924  0.018245644277  0.018245644277  0.014152035316  0.013640108764  0.019300811012  0.015691018577  0.015701217084  0.017762904725  0.017224583520  0.014673603853  0.013643922463  0.013643922463  0.013643922463  0.013643922463  
piranga_erythrocephala_fmnh343371 0.030186560977  0.037564937015  0.022379687484  0.019784468683  0.020301207341  0.016698433576  0.016701885590  0.024956428415  0.020301207341  0.021336315606  0.017722923990  0.020809202160  0.000000000000  0.000000000000  0.010073392882  0.008556828243  0.004514431043  0.004514431043  0.020813644048  0.020296638393  0.024969363837  0.021331193532  0.021341840924  0.022899432864  0.021849287993  0.020306178942  0.019268272154  0.019268272154  0.019268272154  0.019268272154  
piranga_erythrocephala_fmnh343370 0.030186560977  0.037564937015  0.022379687484  0.019784468683  0.020301207341  0.016698433576  0.016701885590  0.024956428415  0.020301207341  0.021336315606  0.017722923990  0.020809202160  0.000000000000  0.000000000000  0.010073392882  0.008556828243  0.004514431043  0.004514431043  0.020813644048  0.020296638393  0.024969363837  0.021331193532  0.021341840924  0.022899432864  0.021849287993  0.020306178942  0.019268272154  0.019268272154  0.019268272154  0.019268272154  
piranga_leucoptera_fmnh481795 0.032296659233  0.039702460626  0.024461971338  0.021854687503  0.021854687503  0.018756761992  0.018761308757  0.027045269275  0.022373606111  0.023413088076  0.019784468683  0.022881564818  0.010073392882  0.010073392882  0.000000000000  0.005521473704  0.005522593575  0.005522593575  0.022887116440  0.022367928578  0.027060460828  0.023406852735  0.023419727857  0.024983922164  0.023927138623  0.022379687484  0.021336315606  0.021336315606  0.021336315606  0.021336315606  
piranga_leucoptera_lsu7783 0.030741402663  0.038133885502  0.022920934755  0.020317328574  0.020835441091  0.017224583520  0.017229507615  0.025498663565  0.020835441091  0.021873305764  0.018250317207  0.021341840924  0.008556828243  0.008556828243  0.005521473704  0.000000000000  0.004014459142  0.004014459142  0.021347769105  0.020829388170  0.025514596265  0.021866696769  0.021880317164  0.023442070049  0.022386172316  0.020841895819  0.019799761071  0.019799761071  0.019799761071  0.019799761071  
piranga_rubriceps_lsu265 0.027593117020  0.034947071845  0.019811962707  0.017224583520  0.017739717047  0.014148347627  0.014152035316  0.022379687484  0.017739717047  0.018771604925  0.015169425847  0.018245644277  0.004514431043  0.004514431043  0.005522593575  0.004014459142  0.000000000000  0.000000000000  0.018250317207  0.017734918340  0.022393060230  0.018766256528  0.018777353569  0.020330084253  0.019282737436  0.017744915416  0.016709988761  0.016709988761  0.016709988761  0.016709988761  
piranga_rubriceps_lsu34818 0.027593117020  0.034947071845  0.019811962707  0.017224583520  0.017739717047  0.014148347627  0.014152035316  0.022379687484  0.017739717047  0.018771604925  0.015169425847  0.018245644277  0.004514431043  0.004514431043  0.005522593575  0.004014459142  0.000000000000  0.000000000000  0.018250317207  0.017734918340  0.022393060230  0.018766256528  0.018777353569  0.020330084253  0.019282737436  0.017744915416  0.016709988761  0.016709988761  0.016709988761  0.016709988761  
piranga_roseogularis_ku2049 0.023442070049  0.030751609702  0.015706912015  0.013136197010  0.013648132377  0.010078441762  0.010081556605  0.018260863689  0.013648132377  0.014673603853  0.011093765529  0.014152035316  0.020813644048  0.020813644048  0.022887116440  0.021347769105  0.018250317207  0.018250317207  0.000000000000  0.000500254226  0.014165478150  0.010587468550  0.010594627235  0.012638171729  0.012110521654  0.009576029046  0.008556828243  0.008556828243  0.008556828243  0.008556828243  
piranga_roseogularis_ku2141 0.022920934755  0.030223784210  0.015192563974  0.012624793745  0.013136197010  0.009569941049  0.009572788638  0.017744915416  0.013136197010  0.014160600954  0.010584479656  0.013640108764  0.020296638393  0.020296638393  0.022367928578  0.020829388170  0.017734918340  0.017734918340  0.000500254226  0.000000000000  0.013652738130  0.010078441762  0.010085064549  0.012126489344  0.011600448192  0.009067519637  0.008049633650  0.008049633650  0.008049633650  0.008049633650  
piranga_lutea_ku89864 0.028684008442  0.036061243408  0.020880183469  0.018279679307  0.018796997234  0.015192563974  0.015198382089  0.023450323811  0.018796997234  0.019833267698  0.016215829657  0.019300811012  0.024969363837  0.024969363837  0.027060460828  0.025514596265  0.022393060230  0.022393060230  0.014165478150  0.013652738130  0.000000000000  0.005522593575  0.005526003619  0.007550662288  0.007035290725  0.004516790026  0.008562634115  0.008562634115  0.008562634115  0.008562634115  
piranga_hepatica_ku4970 0.025008795974  0.032338492115  0.017253190158  0.014673603853  0.015187142191  0.011607104715  0.011611024650  0.019811962707  0.015187142191  0.016215829657  0.012624793745  0.015691018577  0.021331193532  0.021331193532  0.023406852735  0.021866696769  0.018766256528  0.018766256528  0.010587468550  0.010078441762  0.005522593575  0.000000000000  0.002002775559  0.004012958441  0.003508574358  0.001000755526  0.005019501290  0.005019501290  0.005019501290  0.005019501290  
piranga_lutea_lsu5400 0.025027398360  0.032361868200  0.017267417909  0.014684298307  0.015198382089  0.011615338534  0.011620045996  0.019825766194  0.015198382089  0.016228163871  0.012633317757  0.015701217084  0.021341840924  0.021341840924  0.023419727857  0.021880317164  0.018777353569  0.018777353569  0.010594627235  0.010085064549  0.005526003619  0.002002775559  0.000000000000  0.004016348125  0.003508330035  0.001001017595  0.005023164042  0.005023164042  0.005023164042  0.005023164042  
piranga_flava_ku90809 0.027126430334  0.034488036772  0.019338924556  0.016743864127  0.017260105469  0.013663135661  0.013668926696  0.021903762043  0.017260105469  0.018294215961  0.014684298307  0.017762904725  0.022899432864  0.022899432864  0.024983922164  0.023442070049  0.020330084253  0.020330084253  0.012638171729  0.012126489344  0.007550662288  0.004012958441  0.004016348125  0.000000000000  0.005522593575  0.003009183295  0.007046799032  0.007046799032  0.007046799032  0.007046799032  
piranga_hepatica_ku9084 0.026561840249  0.033907028253  0.018790050098  0.016205084583  0.015701217084  0.013132257688  0.013136197010  0.021354099770  0.016719688249  0.017750513068  0.014152035316  0.017224583520  0.021849287993  0.021849287993  0.023927138623  0.022386172316  0.019282737436  0.019282737436  0.012110521654  0.011600448192  0.007035290725  0.003508574358  0.003508330035  0.005522593575  0.000000000000  0.002504282137  0.006531179360  0.006531179360  0.006531179360  0.006531179360  
piranga_flava_lsu15408 0.023981230888  0.031302219443  0.016234925978  0.013657739349  0.014170751100  0.010594627235  0.010598796280  0.018790050098  0.014170751100  0.015198382089  0.011611024650  0.014673603853  0.020306178942  0.020306178942  0.022379687484  0.020841895819  0.017744915416  0.017744915416  0.009576029046  0.009067519637  0.004516790026  0.001000755526  0.001001017595  0.003009183295  0.002504282137  0.000000000000  0.004014459142  0.004014459142  0.004014459142  0.004014459142  
piranga_rubra_ku7046 0.022928907812  0.030234112032  0.015198382089  0.012628858305  0.013140531885  0.009572788638  0.009576029046  0.017750513068  0.013140531885  0.014165478150  0.010587468550  0.013643922463  0.019268272154  0.019268272154  0.021336315606  0.019799761071  0.016709988761  0.016709988761  0.008556828243  0.008049633650  0.008562634115  0.005019501290  0.005023164042  0.007046799032  0.006531179360  0.004014459142  0.000000000000  0.003006840410  0.003006840410  0.003006840410  
piranga_rubra_sdsu2635 0.022928907812  0.030234112032  0.015198382089  0.012628858305  0.013140531885  0.009572788638  0.009576029046  0.017750513068  0.013140531885  0.014165478150  0.010587468550  0.013643922463  0.019268272154  0.019268272154  0.021336315606  0.019799761071  0.016709988761  0.016709988761  0.008556828243  0.008049633650  0.008562634115  0.005019501290  0.005023164042  0.007046799032  0.006531179360  0.004014459142  0.003006840410  0.000000000000  0.000000000000  0.000000000000  
piranga_rubra_sdsu2654 0.022928907812  0.030234112032  0.015198382089  0.012628858305  0.013140531885  0.009572788638  0.009576029046  0.017750513068  0.013140531885  0.014165478150  0.010587468550  0.013643922463  0.019268272154  0.019268272154  0.021336315606  0.019799761071  0.016709988761  0.016709988761  0.008556828243  0.008049633650  0.008562634115  0.005019501290  0.005023164042  0.007046799032  0.006531179360  0.004014459142  0.003006840410  0.000000000000  0.000000000000  0.000000000000  
piranga_rubra_ku26592 0.022928907812  0.030234112032  0.015198382089  0.012628858305  0.013140531885  0.009572788638  0.009576029046  0.017750513068  0.013140531885  0.014165478150  0.010587468550  0.013643922463  0.019268272154  0.019268272154  0.021336315606  0.019799761071  0.016709988761  0.016709988761  0.008556828243  0.008049633650  0.008562634115  0.005019501290  0.005023164042  0.007046799032  0.006531179360  0.004014459142  0.003006840410  0.000000000000  0.000000000000  0.000000000000  

