30
cardinalis_cardinalis_ku21828 0.000000000000  0.000500252573  0.011093371007  0.008559248591  0.010594137863  0.010594137863  0.012117160083  0.015690170404  0.006539868779  0.006033739236  0.006539868779  0.006539868779  0.009575648084  0.009070506458  0.007046516111  0.006539868779  0.006539868779  0.010602748460  0.010602748460  0.014159840082  0.015705839542  0.017219181281  0.018760261753  0.015690170404  0.021346263975  0.019804277756  0.024446108347  0.018770408401  0.017228493071  0.015690170404  
cardinalis_cardinalis_ku25393 0.000500252573  0.000000000000  0.010584133742  0.008051830025  0.010084631150  0.010084631150  0.011606607858  0.015176714425  0.006033739236  0.005528126423  0.006033739236  0.006033739236  0.009067187588  0.008562304359  0.006539868779  0.006033739236  0.006033739236  0.010092712013  0.010092712013  0.013647441530  0.015191576166  0.016704933183  0.018244677774  0.015176714425  0.020827982132  0.019287073289  0.023925382004  0.018254281970  0.016713705329  0.015176714425  
piranga_leucoptera_fmnh481795 0.011093371007  0.010584133742  0.000000000000  0.003508761701  0.005523994890  0.005523994890  0.007542786121  0.010581577005  0.007541028269  0.007035169542  0.007541028269  0.007541028269  0.010579409881  0.010073126466  0.008047404229  0.007541028269  0.007541028269  0.011603132441  0.011603132441  0.015165385066  0.016709122213  0.017716252304  0.019256598873  0.016184561641  0.021838492223  0.020295548171  0.024938531495  0.019263320674  0.017722148789  0.016184561641  
piranga_erythrocephala_fmnh343370 0.008559248591  0.008051830025  0.003508761701  0.000000000000  0.002004049356  0.002004049356  0.004012897863  0.007036666443  0.005019417283  0.004515353245  0.005019417283  0.005019417283  0.008047404229  0.007542786121  0.005523994890  0.005019417283  0.005019417283  0.009067187588  0.009067187588  0.012617389441  0.014155422637  0.015671915588  0.017208175176  0.014144521103  0.019783394069  0.018244677774  0.022875030331  0.017215117321  0.015678036180  0.014144521103  
piranga_rubriceps_lsu265 0.010594137863  0.010084631150  0.005523994890  0.002004049356  0.000000000000  0.000000000000  0.006031220714  0.009064256008  0.007040819613  0.006534695002  0.007040819613  0.007040819613  0.010078101637  0.009572453133  0.007547462002  0.007040819613  0.007040819613  0.011104169301  0.011104169301  0.014663790237  0.016209259465  0.017725691497  0.019267277896  0.016195138426  0.021853254364  0.020310242118  0.024954637773  0.019276383055  0.017733963920  0.016195138426  
piranga_rubriceps_lsu34818 0.010594137863  0.010084631150  0.005523994890  0.002004049356  0.000000000000  0.000000000000  0.006031220714  0.009064256008  0.007040819613  0.006534695002  0.007040819613  0.007040819613  0.010078101637  0.009572453133  0.007547462002  0.007040819613  0.007040819613  0.011104169301  0.011104169301  0.014663790237  0.016209259465  0.017725691497  0.019267277896  0.016195138426  0.021853254364  0.020310242118  0.024954637773  0.019276383055  0.017733963920  0.016195138426  
piranga_erythrocephala_fmnh343371 0.012117160083  0.011606607858  0.007542786121  0.004012897863  0.006031220714  0.006031220714  0.000000000000  0.011093371007  0.008556579841  0.008049423567  0.008556579841  0.008556579841  0.011096581429  0.011093371007  0.009064256008  0.008556579841  0.008556579841  0.012628239190  0.012628239190  0.016195138426  0.017743816478  0.019263320674  0.020808095122  0.017729630001  0.023399458289  0.021853254364  0.026507291333  0.020817242841  0.019271632150  0.017729630001  
piranga_leucoptera_lsu7783 0.015690170404  0.015176714425  0.010581577005  0.007036666443  0.009064256008  0.009064256008  0.011093371007  0.000000000000  0.012110068229  0.011600046810  0.012110068229  0.012110068229  0.015168768402  0.014659888807  0.012620615435  0.012110068229  0.012110068229  0.016204159277  0.016204159277  0.019788019967  0.021346263975  0.022870361099  0.024423329267  0.021329931633  0.027029654939  0.025475906985  0.030153411191  0.024433916651  0.022880099766  0.021329931633  
piranga_ludoviciana_sdsu2648 0.006539868779  0.006033739236  0.007541028269  0.005019417283  0.007040819613  0.007040819613  0.008556579841  0.012110068229  0.000000000000  0.000500252573  0.001001010974  0.001001010974  0.004011801732  0.003509599782  0.001502276225  0.001001010974  0.001001010974  0.005023029288  0.005023029288  0.008554298483  0.010081172289  0.011593132406  0.013120070938  0.010073126466  0.015678036180  0.014147762769  0.018751699036  0.013125096726  0.011597351340  0.010073126466  
piranga_ludoviciana_sdsu2385 0.006033739236  0.005528126423  0.007035169542  0.004515353245  0.006534695002  0.006534695002  0.008049423567  0.011600046810  0.000500252573  0.000000000000  0.000500252573  0.000500252573  0.003508761701  0.003006812669  0.001001010974  0.000500252573  0.000500252573  0.004518446778  0.004518446778  0.008047404229  0.009572453133  0.011084428201  0.012610059536  0.009565197405  0.015165385066  0.013636165773  0.018236656372  0.012614554539  0.011088119069  0.009565197405  
piranga_hepatica_ku9084 0.006539868779  0.006033739236  0.007541028269  0.005019417283  0.007040819613  0.007040819613  0.008556579841  0.012110068229  0.001001010974  0.000500252573  0.000000000000  0.000000000000  0.003006232115  0.002504535488  0.000500252573  0.000000000000  0.000000000000  0.004014377848  0.004014377848  0.007541028269  0.009064256008  0.010576245995  0.012100572818  0.009057788755  0.014653264079  0.013125096726  0.017722148789  0.012104538129  0.010579409881  0.009057788755  
piranga_olivacea_ku4672 0.006539868779  0.006033739236  0.007541028269  0.005019417283  0.007040819613  0.007040819613  0.008556579841  0.012110068229  0.001001010974  0.000500252573  0.000000000000  0.000000000000  0.003006232115  0.002504535488  0.000500252573  0.000000000000  0.000000000000  0.004014377848  0.004014377848  0.007541028269  0.009064256008  0.010576245995  0.012100572818  0.009057788755  0.014653264079  0.013125096726  0.017722148789  0.012104538129  0.010579409881  0.009057788755  
piranga_bidentata_tepe59 0.009575648084  0.009067187588  0.010579409881  0.008047404229  0.010078101637  0.010078101637  0.011096581429  0.015168768402  0.004011801732  0.003508761701  0.003006232115  0.003006232115  0.000000000000  0.005521403462  0.003508761701  0.003006232115  0.003006232115  0.007038549925  0.007038549925  0.010579409881  0.012110068229  0.013626621598  0.015157598340  0.012102359684  0.017722148789  0.016187692796  0.020804119063  0.015162395355  0.013630608105  0.012102359684  
piranga_bidentata_hgoslp104 0.009070506458  0.008562304359  0.010073126466  0.007542786121  0.009572453133  0.009572453133  0.011093371007  0.014659888807  0.003509599782  0.003006812669  0.002504535488  0.002504535488  0.005521403462  0.000000000000  0.003006812669  0.002504535488  0.002504535488  0.006534695002  0.006534695002  0.010073126466  0.011603132441  0.013118146622  0.014648212734  0.011595046412  0.017211448491  0.015678036180  0.020291445655  0.014653264079  0.013122387766  0.011595046412  
piranga_olivacea_ku2699 0.007046516111  0.006539868779  0.008047404229  0.005523994890  0.007547462002  0.007547462002  0.009064256008  0.012620615435  0.001502276225  0.001001010974  0.000500252573  0.000500252573  0.003508761701  0.003006812669  0.000000000000  0.000500252573  0.000500252573  0.004518446778  0.004518446778  0.008047404229  0.009572453133  0.011084428201  0.012610059536  0.009565197405  0.015165385066  0.013636165773  0.018236656372  0.012614554539  0.011088119069  0.009565197405  
piranga_ludoviciana_sdsu2650 0.006539868779  0.006033739236  0.007541028269  0.005019417283  0.007040819613  0.007040819613  0.008556579841  0.012110068229  0.001001010974  0.000500252573  0.000000000000  0.000000000000  0.003006232115  0.002504535488  0.000500252573  0.000000000000  0.000000000000  0.004014377848  0.004014377848  0.007541028269  0.009064256008  0.010576245995  0.012100572818  0.009057788755  0.014653264079  0.013125096726  0.017722148789  0.012104538129  0.010579409881  0.009057788755  
piranga_ludoviciana_sdsu2208 0.006539868779  0.006033739236  0.007541028269  0.005019417283  0.007040819613  0.007040819613  0.008556579841  0.012110068229  0.001001010974  0.000500252573  0.000000000000  0.000000000000  0.003006232115  0.002504535488  0.000500252573  0.000000000000  0.000000000000  0.004014377848  0.004014377848  0.007541028269  0.009064256008  0.010576245995  0.012100572818  0.009057788755  0.014653264079  0.013125096726  0.017722148789  0.012104538129  0.010579409881  0.009057788755  
piranga_bidentata_itm160 0.010602748460  0.010092712013  0.011603132441  0.009067187588  0.011104169301  0.011104169301  0.012628239190  0.016204159277  0.005023029288  0.004518446778  0.004014377848  0.004014377848  0.007038549925  0.006534695002  0.004518446778  0.004014377848  0.004014377848  0.000000000000  0.000000000000  0.008556579841  0.012125810682  0.013636165773  0.015168768402  0.012113419126  0.017738692872  0.016204159277  0.020822413731  0.015176714425  0.013643291548  0.012113419126  
piranga_bidentata_itm141 0.010602748460  0.010092712013  0.011603132441  0.009067187588  0.011104169301  0.011104169301  0.012628239190  0.016204159277  0.005023029288  0.004518446778  0.004014377848  0.004014377848  0.007038549925  0.006534695002  0.004518446778  0.004014377848  0.004014377848  0.000000000000  0.000000000000  0.008556579841  0.012125810682  0.013636165773  0.015168768402  0.012113419126  0.017738692872  0.016204159277  0.020822413731  0.015176714425  0.013643291548  0.012113419126  
piranga_rubra_sdsu2654 0.014159840082  0.013647441530  0.015165385066  0.012617389441  0.014663790237  0.014663790237  0.016195138426  0.019788019967  0.008554298483  0.008047404229  0.007541028269  0.007541028269  0.010579409881  0.010073126466  0.008047404229  0.007541028269  0.007541028269  0.008556579841  0.008556579841  0.000000000000  0.005528126423  0.007034059600  0.008550899449  0.005522506475  0.011090550094  0.009569646120  0.014144521103  0.008554298483  0.007036666443  0.005522506475  
piranga_rubra_ku7046 0.015705839542  0.015191576166  0.016709122213  0.014155422637  0.016209259465  0.016209259465  0.017743816478  0.021346263975  0.010081172289  0.009572453133  0.009064256008  0.009064256008  0.012110068229  0.011603132441  0.009572453133  0.009064256008  0.009064256008  0.012125810682  0.012125810682  0.005528126423  0.000000000000  0.006529826994  0.008045772390  0.005019417283  0.010584133742  0.009064256008  0.013636165773  0.008049423567  0.006532686271  0.005019417283  
piranga_roseogularis_ku2049 0.017219181281  0.016704933183  0.017716252304  0.015671915588  0.017725691497  0.017725691497  0.019263320674  0.022870361099  0.011593132406  0.011084428201  0.010576245995  0.010576245995  0.013626621598  0.013118146622  0.011084428201  0.010576245995  0.010576245995  0.013636165773  0.013636165773  0.007034059600  0.006529826994  0.000000000000  0.001501700429  0.001501695694  0.007034059600  0.005521403462  0.009562304965  0.004513797686  0.003006035260  0.001501695694  
piranga_roseogularis_ku2141 0.018760261753  0.018244677774  0.019256598873  0.017208175176  0.019267277896  0.019267277896  0.020808095122  0.024423329267  0.013120070938  0.012610059536  0.012100572818  0.012100572818  0.015157598340  0.014648212734  0.012610059536  0.012100572818  0.012100572818  0.015168768402  0.015168768402  0.008550899449  0.008045772390  0.001501700429  0.000000000000  0.003006035260  0.008550899449  0.007035169542  0.011084428201  0.006024999572  0.004513797686  0.003006035260  
piranga_rubra_sdsu2635 0.015690170404  0.015176714425  0.016184561641  0.014144521103  0.016195138426  0.016195138426  0.017729630001  0.021329931633  0.010073126466  0.009565197405  0.009057788755  0.009057788755  0.012102359684  0.011595046412  0.009565197405  0.009057788755  0.009057788755  0.012113419126  0.012113419126  0.005522506475  0.005019417283  0.001501695694  0.003006035260  0.000000000000  0.005522506475  0.004012897863  0.008552404893  0.003006812669  0.001501700429  0.000000000000  
piranga_flava_ku90809 0.021346263975  0.020827982132  0.021838492223  0.019783394069  0.021853254364  0.021853254364  0.023399458289  0.027029654939  0.015678036180  0.015165385066  0.014653264079  0.014653264079  0.017722148789  0.017211448491  0.015165385066  0.014653264079  0.014653264079  0.017738692872  0.017738692872  0.011090550094  0.010584133742  0.007034059600  0.008550899449  0.005522506475  0.000000000000  0.001501506793  0.008045772390  0.002504535488  0.004515353245  0.005522506475  
piranga_flava_lsu15408 0.019804277756  0.019287073289  0.020295548171  0.018244677774  0.020310242118  0.020310242118  0.021853254364  0.025475906985  0.014147762769  0.013636165773  0.013125096726  0.013125096726  0.016187692796  0.015678036180  0.013636165773  0.013125096726  0.013125096726  0.016204159277  0.016204159277  0.009569646120  0.009064256008  0.005521403462  0.007035169542  0.004012897863  0.001501506793  0.000000000000  0.006531063476  0.001001010974  0.003007776547  0.004012897863  
piranga_lutea_ku89864 0.024446108347  0.023925382004  0.024938531495  0.022875030331  0.024954637773  0.024954637773  0.026507291333  0.030153411191  0.018751699036  0.018236656372  0.017722148789  0.017722148789  0.020804119063  0.020291445655  0.018236656372  0.017722148789  0.017722148789  0.020822413731  0.020822413731  0.014144521103  0.013636165773  0.009562304965  0.011084428201  0.008552404893  0.008045772390  0.006531063476  0.000000000000  0.005521403462  0.007541028269  0.008552404893  
piranga_hepatica_ku4970 0.018770408401  0.018254281970  0.019263320674  0.017215117321  0.019276383055  0.019276383055  0.020817242841  0.024433916651  0.013125096726  0.012614554539  0.012104538129  0.012104538129  0.015162395355  0.014653264079  0.012614554539  0.012104538129  0.012104538129  0.015176714425  0.015176714425  0.008554298483  0.008049423567  0.004513797686  0.006024999572  0.003006812669  0.002504535488  0.001001010974  0.005521403462  0.000000000000  0.002003217069  0.003006812669  
piranga_lutea_lsu5400 0.017228493071  0.016713705329  0.017722148789  0.015678036180  0.017733963920  0.017733963920  0.019271632150  0.022880099766  0.011597351340  0.011088119069  0.010579409881  0.010579409881  0.013630608105  0.013122387766  0.011088119069  0.010579409881  0.010579409881  0.013643291548  0.013643291548  0.007036666443  0.006532686271  0.003006035260  0.004513797686  0.001501700429  0.004515353245  0.003007776547  0.007541028269  0.002003217069  0.000000000000  0.001501700429  
piranga_rubra_ku26592 0.015690170404  0.015176714425  0.016184561641  0.014144521103  0.016195138426  0.016195138426  0.017729630001  0.021329931633  0.010073126466  0.009565197405  0.009057788755  0.009057788755  0.012102359684  0.011595046412  0.009565197405  0.009057788755  0.009057788755  0.012113419126  0.012113419126  0.005522506475  0.005019417283  0.001501695694  0.003006035260  0.000000000000  0.005522506475  0.004012897863  0.008552404893  0.003006812669  0.001501700429  0.000000000000  

