30
cardinalis_cardinalis_ku21828 0.000000000000  0.005522724069  0.009060119565  0.006530091199  0.008552889596  0.007541411540  0.007541411540  0.007541411540  0.009060119565  0.009565796032  0.009060119565  0.011601037528  0.010076163331  0.010076163331  0.009062331214  0.010076163331  0.012108138781  0.012108138781  0.014649517398  0.014649517398  0.014145890488  0.013121141651  0.007541411540  0.009060119565  0.009060119565  0.010076163331  0.012108138781  0.009060119565  0.011598272590  0.009060119565  
cardinalis_cardinalis_ku25393 0.005522724069  0.000000000000  0.013634434474  0.011086848311  0.013123513746  0.012105504387  0.012105504387  0.012105504387  0.013634434474  0.014142970656  0.013634434474  0.016193067683  0.014657882910  0.014657882910  0.013637485098  0.014657882910  0.016703047831  0.016703047831  0.018743963944  0.018743963944  0.018754067034  0.017720970770  0.012105504387  0.013634434474  0.013634434474  0.014657882910  0.016703047831  0.013634434474  0.016189452277  0.013634434474  
piranga_rubra_sdsu2654 0.009060119565  0.013634434474  0.000000000000  0.002505303079  0.004516897745  0.003510956231  0.003510956231  0.003510956231  0.005021276550  0.005524251923  0.005021276550  0.007548017767  0.006031600215  0.006031600215  0.005023331038  0.006031600215  0.008052402201  0.008052402201  0.010580134995  0.010580134995  0.010078916530  0.009060119565  0.003510956231  0.005021276550  0.005021276550  0.006031600215  0.007545416805  0.005021276550  0.007545416805  0.005021276550  
piranga_rubra_sdsu2635 0.006530091199  0.011086848311  0.002505303079  0.000000000000  0.002003252313  0.001001025622  0.001001025622  0.001001025622  0.002505303079  0.003006880530  0.002505303079  0.005021276550  0.003510956231  0.003510956231  0.002506423320  0.003510956231  0.005524251923  0.005524251923  0.008044913964  0.008044913964  0.007543214601  0.006530091199  0.001001025622  0.002505303079  0.002505303079  0.003510956231  0.005524251923  0.002505303079  0.005019618634  0.002505303079  
piranga_ludoviciana_sdsu2648 0.008552889596  0.013123513746  0.004516897745  0.002003252313  0.000000000000  0.002003252313  0.002003252313  0.002003252313  0.003509700807  0.004011914301  0.003509700807  0.006029407397  0.004516897745  0.004516897745  0.003510956231  0.004516897745  0.006533022843  0.006533022843  0.009056898983  0.009056898983  0.008554831312  0.007540008007  0.002003252313  0.003509700807  0.003509700807  0.004516897745  0.006533022843  0.003509700807  0.006027612099  0.003509700807  
piranga_roseogularis_ku2049 0.007541411540  0.012105504387  0.003510956231  0.001001025622  0.002003252313  0.000000000000  0.000000000000  0.000000000000  0.001501717337  0.002002791026  0.001501717337  0.004013039522  0.002505303079  0.002505303079  0.001502309229  0.002505303079  0.004515506452  0.004515506452  0.007033618565  0.007033618565  0.006531357734  0.005520861611  0.000000000000  0.001501717337  0.001501717337  0.002505303079  0.004515506452  0.001501717337  0.004011914301  0.001501717337  
piranga_rubra_ku7046 0.007541411540  0.012105504387  0.003510956231  0.001001025622  0.002003252313  0.000000000000  0.000000000000  0.000000000000  0.001501717337  0.002002791026  0.001501717337  0.004013039522  0.002505303079  0.002505303079  0.001502309229  0.002505303079  0.004515506452  0.004515506452  0.007033618565  0.007033618565  0.006531357734  0.005520861611  0.000000000000  0.001501717337  0.001501717337  0.002505303079  0.004515506452  0.001501717337  0.004011914301  0.001501717337  
piranga_ludoviciana_sdsu2650 0.007541411540  0.012105504387  0.003510956231  0.001001025622  0.002003252313  0.000000000000  0.000000000000  0.000000000000  0.001501717337  0.002002791026  0.001501717337  0.004013039522  0.002505303079  0.002505303079  0.001502309229  0.002505303079  0.004515506452  0.004515506452  0.007033618565  0.007033618565  0.006531357734  0.005520861611  0.000000000000  0.001501717337  0.001501717337  0.002505303079  0.004515506452  0.001501717337  0.004011914301  0.001501717337  
piranga_ludoviciana_sdsu2385 0.009060119565  0.013634434474  0.005021276550  0.002505303079  0.003509700807  0.001501717337  0.001501717337  0.001501717337  0.000000000000  0.002505303079  0.002004108108  0.004014560751  0.003009255928  0.003009255928  0.003007870697  0.004013039522  0.006027612099  0.006027612099  0.008550208016  0.008550208016  0.008047858452  0.007034354208  0.001501717337  0.003006880530  0.003006880530  0.004013039522  0.006027612099  0.003006880530  0.005522724069  0.003006880530  
piranga_ludoviciana_sdsu2208 0.009565796032  0.014142970656  0.005524251923  0.003006880530  0.004011914301  0.002002791026  0.002002791026  0.002002791026  0.002505303079  0.000000000000  0.001501717337  0.005021276550  0.003510956231  0.003510956231  0.003509700807  0.004515506452  0.006531357734  0.006531357734  0.009055890827  0.009055890827  0.008552889596  0.007539004392  0.002002791026  0.003508841111  0.003508841111  0.004515506452  0.006531357734  0.003508841111  0.006026214706  0.003508841111  
piranga_bidentata_hgoslp104 0.009060119565  0.013634434474  0.005021276550  0.002505303079  0.003509700807  0.001501717337  0.001501717337  0.001501717337  0.002004108108  0.001501717337  0.000000000000  0.004518685328  0.003009255928  0.003009255928  0.003007870697  0.004013039522  0.006027612099  0.006027612099  0.008550208016  0.008550208016  0.008047858452  0.007034354208  0.001501717337  0.003006880530  0.003006880530  0.004013039522  0.006027612099  0.003006880530  0.005522724069  0.003006880530  
piranga_bidentata_tepe59 0.011601037528  0.016193067683  0.007548017767  0.005021276550  0.006029407397  0.004013039522  0.004013039522  0.004013039522  0.004014560751  0.005021276550  0.004518685328  0.000000000000  0.001501717337  0.001501717337  0.005526177014  0.006535086139  0.008557173130  0.008557173130  0.011086848311  0.011086848311  0.010584979327  0.009565796032  0.004013039522  0.005524251923  0.005524251923  0.006535086139  0.008557173130  0.005524251923  0.008049930612  0.005524251923  
piranga_bidentata_itm160 0.010076163331  0.014657882910  0.006031600215  0.003510956231  0.004516897745  0.002505303079  0.002505303079  0.002505303079  0.003009255928  0.003510956231  0.003009255928  0.001501717337  0.000000000000  0.000000000000  0.004014560751  0.005021276550  0.007038957382  0.007038957382  0.009564116404  0.009564116404  0.009062331214  0.008046186107  0.002505303079  0.004013039522  0.004013039522  0.005021276550  0.007038957382  0.004013039522  0.006533022843  0.004013039522  
piranga_bidentata_itm141 0.010076163331  0.014657882910  0.006031600215  0.003510956231  0.004516897745  0.002505303079  0.002505303079  0.002505303079  0.003009255928  0.003510956231  0.003009255928  0.001501717337  0.000000000000  0.000000000000  0.004014560751  0.005021276550  0.007038957382  0.007038957382  0.009564116404  0.009564116404  0.009062331214  0.008046186107  0.002505303079  0.004013039522  0.004013039522  0.005021276550  0.007038957382  0.004013039522  0.006533022843  0.004013039522  
piranga_olivacea_ku2699 0.009062331214  0.013637485098  0.005023331038  0.002506423320  0.003510956231  0.001502309229  0.001502309229  0.001502309229  0.003007870697  0.003509700807  0.003007870697  0.005526177014  0.004014560751  0.004014560751  0.000000000000  0.002003252313  0.004011914301  0.004011914301  0.006528755399  0.006528755399  0.006026214706  0.005017028151  0.001502309229  0.003007870697  0.003007870697  0.004014560751  0.006029407397  0.003007870697  0.005524251923  0.003007870697  
piranga_olivacea_ku4672 0.010076163331  0.014657882910  0.006031600215  0.003510956231  0.004516897745  0.002505303079  0.002505303079  0.002505303079  0.004013039522  0.004515506452  0.004013039522  0.006535086139  0.005021276550  0.005021276550  0.002003252313  0.000000000000  0.005018357672  0.005018357672  0.007538401083  0.007538401083  0.007035489484  0.006024615174  0.002505303079  0.004013039522  0.004013039522  0.005021276550  0.007038957382  0.004013039522  0.006533022843  0.004013039522  
piranga_rubriceps_lsu265 0.012108138781  0.016703047831  0.008052402201  0.005524251923  0.006533022843  0.004515506452  0.004515506452  0.004515506452  0.006027612099  0.006531357734  0.006027612099  0.008557173130  0.007038957382  0.007038957382  0.004011914301  0.005018357672  0.000000000000  0.000000000000  0.006531357734  0.006531357734  0.006031600215  0.005019618634  0.004515506452  0.006027612099  0.006027612099  0.007038957382  0.009062331214  0.006027612099  0.008554831312  0.006027612099  
piranga_rubriceps_lsu34818 0.012108138781  0.016703047831  0.008052402201  0.005524251923  0.006533022843  0.004515506452  0.004515506452  0.004515506452  0.006027612099  0.006531357734  0.006027612099  0.008557173130  0.007038957382  0.007038957382  0.004011914301  0.005018357672  0.000000000000  0.000000000000  0.006531357734  0.006531357734  0.006031600215  0.005019618634  0.004515506452  0.006027612099  0.006027612099  0.007038957382  0.009062331214  0.006027612099  0.008554831312  0.006027612099  
piranga_erythrocephala_fmnh343371 0.014649517398  0.018743963944  0.010580134995  0.008044913964  0.009056898983  0.007033618565  0.007033618565  0.007033618565  0.008550208016  0.009055890827  0.008550208016  0.011086848311  0.009564116404  0.009564116404  0.006528755399  0.007538401083  0.006531357734  0.006531357734  0.000000000000  0.000000000000  0.007543214601  0.006530091199  0.007033618565  0.008550208016  0.008550208016  0.009564116404  0.011593952099  0.008550208016  0.011085161355  0.008550208016  
piranga_erythrocephala_fmnh343370 0.014649517398  0.018743963944  0.010580134995  0.008044913964  0.009056898983  0.007033618565  0.007033618565  0.007033618565  0.008550208016  0.009055890827  0.008550208016  0.011086848311  0.009564116404  0.009564116404  0.006528755399  0.007538401083  0.006531357734  0.006531357734  0.000000000000  0.000000000000  0.007543214601  0.006530091199  0.007033618565  0.008550208016  0.008550208016  0.009564116404  0.011593952099  0.008550208016  0.011085161355  0.008550208016  
piranga_leucoptera_fmnh481795 0.014145890488  0.018754067034  0.010078916530  0.007543214601  0.008554831312  0.006531357734  0.006531357734  0.006531357734  0.008047858452  0.008552889596  0.008047858452  0.010584979327  0.009062331214  0.009062331214  0.006026214706  0.007035489484  0.006031600215  0.006031600215  0.007543214601  0.007543214601  0.000000000000  0.006029407397  0.006531357734  0.008047858452  0.008047858452  0.009062331214  0.011091431126  0.008047858452  0.010582356147  0.008047858452  
piranga_leucoptera_lsu7783 0.013121141651  0.017720970770  0.009060119565  0.006530091199  0.007540008007  0.005520861611  0.005520861611  0.005520861611  0.007034354208  0.007539004392  0.007034354208  0.009565796032  0.008046186107  0.008046186107  0.005017028151  0.006024615174  0.005019618634  0.005019618634  0.006530091199  0.006530091199  0.006029407397  0.000000000000  0.005520861611  0.007034354208  0.007034354208  0.008046186107  0.010071861375  0.007034354208  0.009564116404  0.007034354208  
piranga_roseogularis_ku2141 0.007541411540  0.012105504387  0.003510956231  0.001001025622  0.002003252313  0.000000000000  0.000000000000  0.000000000000  0.001501717337  0.002002791026  0.001501717337  0.004013039522  0.002505303079  0.002505303079  0.001502309229  0.002505303079  0.004515506452  0.004515506452  0.007033618565  0.007033618565  0.006531357734  0.005520861611  0.000000000000  0.001501717337  0.001501717337  0.002505303079  0.004515506452  0.001501717337  0.004011914301  0.001501717337  
piranga_lutea_lsu5400 0.009060119565  0.013634434474  0.005021276550  0.002505303079  0.003509700807  0.001501717337  0.001501717337  0.001501717337  0.003006880530  0.003508841111  0.003006880530  0.005524251923  0.004013039522  0.004013039522  0.003007870697  0.004013039522  0.006027612099  0.006027612099  0.008550208016  0.008550208016  0.008047858452  0.007034354208  0.001501717337  0.000000000000  0.000000000000  0.001001025622  0.003006880530  0.000000000000  0.002504577624  0.003006880530  
piranga_hepatica_ku9084 0.009060119565  0.013634434474  0.005021276550  0.002505303079  0.003509700807  0.001501717337  0.001501717337  0.001501717337  0.003006880530  0.003508841111  0.003006880530  0.005524251923  0.004013039522  0.004013039522  0.003007870697  0.004013039522  0.006027612099  0.006027612099  0.008550208016  0.008550208016  0.008047858452  0.007034354208  0.001501717337  0.000000000000  0.000000000000  0.001001025622  0.003006880530  0.000000000000  0.002504577624  0.003006880530  
piranga_flava_ku90809 0.010076163331  0.014657882910  0.006031600215  0.003510956231  0.004516897745  0.002505303079  0.002505303079  0.002505303079  0.004013039522  0.004515506452  0.004013039522  0.006535086139  0.005021276550  0.005021276550  0.004014560751  0.005021276550  0.007038957382  0.007038957382  0.009564116404  0.009564116404  0.009062331214  0.008046186107  0.002505303079  0.001001025622  0.001001025622  0.000000000000  0.002002791026  0.001001025622  0.003509700807  0.004013039522  
piranga_lutea_ku89864 0.012108138781  0.016703047831  0.007545416805  0.005524251923  0.006533022843  0.004515506452  0.004515506452  0.004515506452  0.006027612099  0.006531357734  0.006027612099  0.008557173130  0.007038957382  0.007038957382  0.006029407397  0.007038957382  0.009062331214  0.009062331214  0.011593952099  0.011593952099  0.011091431126  0.010071861375  0.004515506452  0.003006880530  0.003006880530  0.002002791026  0.000000000000  0.003006880530  0.005522724069  0.006027612099  
piranga_hepatica_ku4970 0.009060119565  0.013634434474  0.005021276550  0.002505303079  0.003509700807  0.001501717337  0.001501717337  0.001501717337  0.003006880530  0.003508841111  0.003006880530  0.005524251923  0.004013039522  0.004013039522  0.003007870697  0.004013039522  0.006027612099  0.006027612099  0.008550208016  0.008550208016  0.008047858452  0.007034354208  0.001501717337  0.000000000000  0.000000000000  0.001001025622  0.003006880530  0.000000000000  0.002504577624  0.003006880530  
piranga_flava_lsu15408 0.011598272590  0.016189452277  0.007545416805  0.005019618634  0.006027612099  0.004011914301  0.004011914301  0.004011914301  0.005522724069  0.006026214706  0.005522724069  0.008049930612  0.006533022843  0.006533022843  0.005524251923  0.006533022843  0.008554831312  0.008554831312  0.011085161355  0.011085161355  0.010582356147  0.009564116404  0.004011914301  0.002504577624  0.002504577624  0.003509700807  0.005522724069  0.002504577624  0.000000000000  0.005522724069  
piranga_rubra_ku26592 0.009060119565  0.013634434474  0.005021276550  0.002505303079  0.003509700807  0.001501717337  0.001501717337  0.001501717337  0.003006880530  0.003508841111  0.003006880530  0.005524251923  0.004013039522  0.004013039522  0.003007870697  0.004013039522  0.006027612099  0.006027612099  0.008550208016  0.008550208016  0.008047858452  0.007034354208  0.001501717337  0.003006880530  0.003006880530  0.004013039522  0.006027612099  0.003006880530  0.005522724069  0.000000000000  

