30
cardinalis_cardinalis_ku21828 0.000000000000  0.000000000000  0.019795794581  0.019795794581  0.018261837344  0.020313323783  0.018778567034  0.018778567034  0.025503507030  0.027582693003  0.020831418578  0.020831418578  0.024445347122  0.023416424511  0.024973619013  0.023944417751  0.031259298982  0.023423205759  0.023423205759  0.026011424726  0.028642064769  0.027058358045  0.027058358045  0.024966798366  0.027050756118  0.027050756118  0.029126501457  0.026527305548  0.026004432318  0.026004432318  
cardinalis_cardinalis_ku25393 0.000000000000  0.000000000000  0.019795794581  0.019795794581  0.018261837344  0.020313323783  0.018778567034  0.018778567034  0.025503507030  0.027582693003  0.020831418578  0.020831418578  0.024445347122  0.023416424511  0.024973619013  0.023944417751  0.031259298982  0.023423205759  0.023423205759  0.026011424726  0.028642064769  0.027058358045  0.027058358045  0.024966798366  0.027050756118  0.027050756118  0.029126501457  0.026527305548  0.026004432318  0.026004432318  
piranga_erythrocephala_fmnh343370 0.019795794581  0.019795794581  0.000000000000  0.000000000000  0.011096057413  0.013128285384  0.012628063168  0.012628063168  0.019289754499  0.021350080204  0.014664290824  0.014664290824  0.018246588215  0.017225145107  0.018767378785  0.017745670272  0.024988564026  0.017230064593  0.017230064593  0.019795794581  0.022396151887  0.020831418578  0.020831418578  0.018762428024  0.020825706973  0.020825706973  0.022884426009  0.020307910717  0.019790679401  0.019790679401  
piranga_erythrocephala_fmnh343371 0.019795794581  0.019795794581  0.000000000000  0.000000000000  0.011096057413  0.013128285384  0.012628063168  0.012628063168  0.019289754499  0.021350080204  0.014664290824  0.014664290824  0.018246588215  0.017225145107  0.018767378785  0.017745670272  0.024988564026  0.017230064593  0.017230064593  0.019795794581  0.022396151887  0.020831418578  0.020831418578  0.018762428024  0.020825706973  0.020825706973  0.022884426009  0.020307910717  0.019790679401  0.019790679401  
piranga_leucoptera_fmnh481795 0.018261837344  0.018261837344  0.011096057413  0.011096057413  0.000000000000  0.005019989676  0.010087593119  0.010087593119  0.017241184989  0.019295860569  0.012628063168  0.012628063168  0.016200532543  0.015181995210  0.016720070467  0.015701268658  0.022924599267  0.015187015016  0.015187015016  0.017745670272  0.020339276682  0.018778567034  0.018778567034  0.016715019089  0.018772758580  0.018772758580  0.019790679401  0.018256325858  0.017740455107  0.017740455107  
piranga_leucoptera_lsu7783 0.020313323783  0.020313323783  0.013128285384  0.013128285384  0.005019989676  0.000000000000  0.012116844291  0.012116844291  0.019289754499  0.021350080204  0.014664290824  0.014664290824  0.018246588215  0.017225145107  0.018767378785  0.017745670272  0.024988564026  0.017230064593  0.017230064593  0.019795794581  0.022396151887  0.020831418578  0.020831418578  0.018762428024  0.020825706973  0.020825706973  0.022884426009  0.020307910717  0.019790679401  0.019790679401  
piranga_rubriceps_lsu265 0.018778567034  0.018778567034  0.012628063168  0.012628063168  0.010087593119  0.012116844291  0.000000000000  0.000000000000  0.017241184989  0.019295860569  0.012628063168  0.012628063168  0.016200532543  0.015181995210  0.016720070467  0.015701268658  0.022924599267  0.015187015016  0.015187015016  0.017745670272  0.020339276682  0.018778567034  0.018778567034  0.016715019089  0.018772758580  0.018772758580  0.020825706973  0.018256325858  0.017740455107  0.017740455107  
piranga_rubriceps_lsu34818 0.018778567034  0.018778567034  0.012628063168  0.012628063168  0.010087593119  0.012116844291  0.000000000000  0.000000000000  0.017241184989  0.019295860569  0.012628063168  0.012628063168  0.016200532543  0.015181995210  0.016720070467  0.015701268658  0.022924599267  0.015187015016  0.015187015016  0.017745670272  0.020339276682  0.018778567034  0.018778567034  0.016715019089  0.018772758580  0.018772758580  0.020825706973  0.018256325858  0.017740455107  0.017740455107  
piranga_roseogularis_ku2049 0.025503507030  0.025503507030  0.019289754499  0.019289754499  0.017241184989  0.019289754499  0.017241184989  0.017241184989  0.000000000000  0.002002822902  0.005526792937  0.005526792937  0.009063434774  0.008053500793  0.009574742839  0.008564558428  0.015707007730  0.008056565972  0.008056565972  0.010589731363  0.013149649032  0.011609999291  0.011609999291  0.009571654496  0.011606176100  0.011606176100  0.013639734425  0.011096057413  0.010586487046  0.010586487046  
piranga_roseogularis_ku2141 0.027582693003  0.027582693003  0.021350080204  0.021350080204  0.019295860569  0.021350080204  0.019295860569  0.019295860569  0.002002822902  0.000000000000  0.007546338498  0.007546338498  0.011092945741  0.010080419635  0.011606176100  0.010593396750  0.017757383041  0.010083796190  0.010083796190  0.012624081365  0.015192459622  0.013647592720  0.013647592720  0.011602775009  0.013643451489  0.013643451489  0.015682567446  0.013131711185  0.012620522693  0.012620522693  
piranga_flava_ku90809 0.020831418578  0.020831418578  0.014664290824  0.014664290824  0.012628063168  0.014664290824  0.012628063168  0.012628063168  0.005526792937  0.007546338498  0.000000000000  0.000000000000  0.003508454951  0.002504646233  0.004012104556  0.003008059741  0.010083796190  0.002505423650  0.002505423650  0.005018633749  0.007549117279  0.006028098914  0.006028098914  0.004011313541  0.006026593082  0.006026593082  0.008045430814  0.005521875452  0.005017694600  0.005017694600  
piranga_hepatica_ku9084 0.020831418578  0.020831418578  0.014664290824  0.014664290824  0.012628063168  0.014664290824  0.012628063168  0.012628063168  0.005526792937  0.007546338498  0.000000000000  0.000000000000  0.003508454951  0.002504646233  0.004012104556  0.003008059741  0.010083796190  0.002505423650  0.002505423650  0.005018633749  0.007549117279  0.006028098914  0.006028098914  0.004011313541  0.006026593082  0.006026593082  0.008045430814  0.005521875452  0.005017694600  0.005017694600  
piranga_hepatica_ku4970 0.024445347122  0.024445347122  0.018246588215  0.018246588215  0.016200532543  0.018246588215  0.016200532543  0.016200532543  0.009063434774  0.011092945741  0.003508454951  0.003508454951  0.000000000000  0.006025505038  0.007540513918  0.006531848633  0.013643451489  0.006026593082  0.006026593082  0.008551991441  0.011096057413  0.009566739436  0.009566739436  0.007539410889  0.009564913468  0.009564913468  0.011593399123  0.009057554581  0.008550738102  0.008550738102  
piranga_flava_lsu15408 0.023416424511  0.023416424511  0.017225145107  0.017225145107  0.015181995210  0.017225145107  0.015181995210  0.015181995210  0.008053500793  0.010080419635  0.002504646233  0.002504646233  0.006025505038  0.000000000000  0.001501747425  0.005524736926  0.012628063168  0.005019989676  0.005019989676  0.007542036445  0.010083796190  0.008555759300  0.008555759300  0.006530476660  0.008553665299  0.008553665299  0.010579284252  0.008046818952  0.007540513918  0.007540513918  
piranga_lutea_ku89864 0.024973619013  0.024973619013  0.018767378785  0.018767378785  0.016720070467  0.018767378785  0.016720070467  0.016720070467  0.009574742839  0.011606176100  0.004012104556  0.004012104556  0.007540513918  0.001501747425  0.000000000000  0.007039718191  0.014160178252  0.006533638714  0.006533638714  0.009061054118  0.011609999291  0.010077463824  0.010077463824  0.008046818952  0.010074929128  0.010074929128  0.012104618060  0.009566739436  0.009059093929  0.009059093929  
piranga_lutea_lsu5400 0.023944417751  0.023944417751  0.017745670272  0.017745670272  0.015701268658  0.017745670272  0.015701268658  0.015701268658  0.008564558428  0.010593396750  0.003008059741  0.003008059741  0.006531848633  0.005524736926  0.007039718191  0.000000000000  0.013144530116  0.005526792937  0.005526792937  0.008050854315  0.010597482839  0.009066235522  0.009066235522  0.007037643254  0.009063434774  0.009063434774  0.011090256214  0.008555759300  0.008048626911  0.008048626911  
piranga_olivacea_ku2699 0.031259298982  0.031259298982  0.024988564026  0.024988564026  0.022924599267  0.024988564026  0.022924599267  0.022924599267  0.015707007730  0.017757383041  0.010083796190  0.010083796190  0.013643451489  0.012628063168  0.014160178252  0.013144530116  0.000000000000  0.010597482839  0.010597482839  0.013139833923  0.015713171571  0.014165035837  0.014165035837  0.012116844291  0.014160178252  0.014160178252  0.015173231481  0.013647592720  0.013135560822  0.013135560822  
piranga_ludoviciana_sdsu2650 0.023423205759  0.023423205759  0.017230064593  0.017230064593  0.015187015016  0.017230064593  0.015187015016  0.015187015016  0.008056565972  0.010083796190  0.002505423650  0.002505423650  0.006026593082  0.005019989676  0.006533638714  0.005526792937  0.010597482839  0.000000000000  0.000000000000  0.002504283273  0.008060049485  0.006535846531  0.006535846531  0.004515779266  0.006533638714  0.006533638714  0.008553665299  0.006028098914  0.005523097641  0.005523097641  
piranga_bidentata_tepe59 0.023423205759  0.023423205759  0.017230064593  0.017230064593  0.015187015016  0.017230064593  0.015187015016  0.015187015016  0.008056565972  0.010083796190  0.002505423650  0.002505423650  0.006026593082  0.005019989676  0.006533638714  0.005526792937  0.010597482839  0.000000000000  0.000000000000  0.002504283273  0.008060049485  0.006535846531  0.006535846531  0.004515779266  0.006533638714  0.006533638714  0.008553665299  0.006028098914  0.005523097641  0.005523097641  
piranga_ludoviciana_sdsu2648 0.026011424726  0.026011424726  0.019795794581  0.019795794581  0.017745670272  0.019795794581  0.017745670272  0.017745670272  0.010589731363  0.012624081365  0.005018633749  0.005018633749  0.008551991441  0.007542036445  0.009061054118  0.008050854315  0.013139833923  0.002504283273  0.002504283273  0.000000000000  0.010593396750  0.009063434774  0.009063434774  0.007035986746  0.009061054118  0.009061054118  0.011087989206  0.008553665299  0.008046818952  0.008046818952  
piranga_olivacea_ku4672 0.028642064769  0.028642064769  0.022396151887  0.022396151887  0.020339276682  0.022396151887  0.020339276682  0.020339276682  0.013149649032  0.015192459622  0.007549117279  0.007549117279  0.011096057413  0.010083796190  0.011609999291  0.010597482839  0.015713171571  0.008060049485  0.008060049485  0.010593396750  0.000000000000  0.011614244211  0.011614244211  0.009574742839  0.011609999291  0.011609999291  0.013643451489  0.011099590855  0.010589731363  0.010589731363  
piranga_bidentata_itm160 0.027058358045  0.027058358045  0.020831418578  0.020831418578  0.018778567034  0.020831418578  0.018778567034  0.018778567034  0.011609999291  0.013647592720  0.006028098914  0.006028098914  0.009566739436  0.008555759300  0.010077463824  0.009066235522  0.014165035837  0.006535846531  0.006535846531  0.009063434774  0.011614244211  0.000000000000  0.000000000000  0.004013311344  0.006030022162  0.006030022162  0.011092945741  0.008558273070  0.008050854315  0.008050854315  
piranga_bidentata_itm141 0.027058358045  0.027058358045  0.020831418578  0.020831418578  0.018778567034  0.020831418578  0.018778567034  0.018778567034  0.011609999291  0.013647592720  0.006028098914  0.006028098914  0.009566739436  0.008555759300  0.010077463824  0.009066235522  0.014165035837  0.006535846531  0.006535846531  0.009063434774  0.011614244211  0.000000000000  0.000000000000  0.004013311344  0.006030022162  0.006030022162  0.011092945741  0.008558273070  0.008050854315  0.008050854315  
piranga_ludoviciana_sdsu2208 0.024966798366  0.024966798366  0.018762428024  0.018762428024  0.016715019089  0.018762428024  0.016715019089  0.016715019089  0.009571654496  0.011602775009  0.004011313541  0.004011313541  0.007539410889  0.006530476660  0.008046818952  0.007037643254  0.012116844291  0.004515779266  0.004515779266  0.007035986746  0.009574742839  0.004013311344  0.004013311344  0.000000000000  0.002003319920  0.004012104556  0.009059093929  0.006531848633  0.006026593082  0.006026593082  
piranga_bidentata_hgoslp104 0.027050756118  0.027050756118  0.020825706973  0.020825706973  0.018772758580  0.020825706973  0.018772758580  0.018772758580  0.011606176100  0.013643451489  0.006026593082  0.006026593082  0.009564913468  0.008553665299  0.010074929128  0.009063434774  0.014160178252  0.006533638714  0.006533638714  0.009061054118  0.011609999291  0.006030022162  0.006030022162  0.002003319920  0.000000000000  0.006028098914  0.011090256214  0.008555759300  0.008048626911  0.008048626911  
piranga_ludoviciana_sdsu2385 0.027050756118  0.027050756118  0.020825706973  0.020825706973  0.018772758580  0.020825706973  0.018772758580  0.018772758580  0.011606176100  0.013643451489  0.006026593082  0.006026593082  0.009564913468  0.008553665299  0.010074929128  0.009063434774  0.014160178252  0.006533638714  0.006533638714  0.009061054118  0.011609999291  0.006030022162  0.006030022162  0.004012104556  0.006028098914  0.000000000000  0.011090256214  0.008555759300  0.008048626911  0.008048626911  
piranga_rubra_ku7046 0.029126501457  0.029126501457  0.022884426009  0.022884426009  0.019790679401  0.022884426009  0.020825706973  0.020825706973  0.013639734425  0.015682567446  0.008045430814  0.008045430814  0.011593399123  0.010579284252  0.012104618060  0.011090256214  0.015173231481  0.008553665299  0.008553665299  0.011087989206  0.013643451489  0.011092945741  0.011092945741  0.009059093929  0.011090256214  0.011090256214  0.000000000000  0.004515779266  0.004012104556  0.004012104556  
piranga_rubra_sdsu2635 0.026527305548  0.026527305548  0.020307910717  0.020307910717  0.018256325858  0.020307910717  0.018256325858  0.018256325858  0.011096057413  0.013131711185  0.005521875452  0.005521875452  0.009057554581  0.008046818952  0.009566739436  0.008555759300  0.013647592720  0.006028098914  0.006028098914  0.008553665299  0.011099590855  0.008558273070  0.008558273070  0.006531848633  0.008555759300  0.008555759300  0.004515779266  0.000000000000  0.000500263861  0.000500263861  
piranga_rubra_sdsu2654 0.026004432318  0.026004432318  0.019790679401  0.019790679401  0.017740455107  0.019790679401  0.017740455107  0.017740455107  0.010586487046  0.012620522693  0.005017694600  0.005017694600  0.008550738102  0.007540513918  0.009059093929  0.008048626911  0.013135560822  0.005523097641  0.005523097641  0.008046818952  0.010589731363  0.008050854315  0.008050854315  0.006026593082  0.008048626911  0.008048626911  0.004012104556  0.000500263861  0.000000000000  0.000000000000  
piranga_rubra_ku26592 0.026004432318  0.026004432318  0.019790679401  0.019790679401  0.017740455107  0.019790679401  0.017740455107  0.017740455107  0.010586487046  0.012620522693  0.005017694600  0.005017694600  0.008550738102  0.007540513918  0.009059093929  0.008048626911  0.013135560822  0.005523097641  0.005523097641  0.008046818952  0.010589731363  0.008050854315  0.008050854315  0.006026593082  0.008048626911  0.008048626911  0.004012104556  0.000500263861  0.000000000000  0.000000000000  

