30
cardinalis_cardinalis_ku21828 0.000000000000  0.000000000000  0.023392638127  0.023392638127  0.023415240762  0.022908247254  0.024953272314  0.025996543243  0.023408947356  0.026519036897  0.022883410963  0.020824808071  0.023929484427  0.021850740784  0.022883410963  0.022894974044  0.025494517695  0.020830470364  0.020830470364  0.023943096587  0.022878271660  0.025996543243  0.025996543243  0.022369576772  0.023917586628  0.022883410963  0.028097674713  0.027573153061  0.025487455719  0.025487455719  
cardinalis_cardinalis_ku25393 0.000000000000  0.000000000000  0.023392638127  0.023392638127  0.023415240762  0.022908247254  0.024953272314  0.025996543243  0.023408947356  0.026519036897  0.022883410963  0.020824808071  0.023929484427  0.021850740784  0.022883410963  0.022894974044  0.025494517695  0.020830470364  0.020830470364  0.023943096587  0.022878271660  0.025996543243  0.025996543243  0.022369576772  0.023917586628  0.022883410963  0.028097674713  0.027573153061  0.025487455719  0.025487455719  
piranga_erythrocephala_fmnh343370 0.023392638127  0.023392638127  0.000000000000  0.000000000000  0.009056304670  0.008551865908  0.012608833881  0.013628810693  0.013124965548  0.016188349965  0.012612118682  0.010581058511  0.013636088626  0.011594879076  0.012612118682  0.012617081105  0.016199963980  0.010583440763  0.010583440763  0.013643039588  0.012610266390  0.015675340564  0.015675340564  0.012104361945  0.013630816369  0.012612118682  0.017735024977  0.017220060671  0.015169044623  0.015169044623  
piranga_erythrocephala_fmnh343371 0.023392638127  0.023392638127  0.000000000000  0.000000000000  0.009056304670  0.008551865908  0.012608833881  0.013628810693  0.013124965548  0.016188349965  0.012612118682  0.010581058511  0.013636088626  0.011594879076  0.012612118682  0.012617081105  0.016199963980  0.010583440763  0.010583440763  0.013643039588  0.012610266390  0.015675340564  0.015675340564  0.012104361945  0.013630816369  0.012612118682  0.017735024977  0.017220060671  0.015169044623  0.015169044623  
piranga_leucoptera_fmnh481795 0.023415240762  0.023415240762  0.009056304670  0.009056304670  0.000000000000  0.003509859117  0.013639354456  0.014663826630  0.013139389809  0.016204678436  0.012623718148  0.010593085785  0.013651666278  0.011605857979  0.012623718148  0.012632026843  0.016221345978  0.010597132320  0.010597132320  0.013661965749  0.012620190485  0.014663826630  0.014663826630  0.011095775969  0.012620190485  0.011602486982  0.016724832758  0.016209813834  0.014159682230  0.014159682230  
piranga_leucoptera_lsu7783 0.022908247254  0.022908247254  0.008551865908  0.008551865908  0.003509859117  0.000000000000  0.013135156018  0.014159682230  0.012636807140  0.015700615532  0.012120562038  0.010091458412  0.013149110631  0.011103194587  0.012120562038  0.012129962628  0.015718926326  0.010096048143  0.010096048143  0.013160500012  0.012116486839  0.014159682230  0.014159682230  0.010593085785  0.012116486839  0.011099277175  0.015191809851  0.015706299741  0.013656607099  0.013656607099  
piranga_rubriceps_lsu265 0.024953272314  0.024953272314  0.012608833881  0.012608833881  0.013639354456  0.013135156018  0.000000000000  0.001001051239  0.014659983220  0.017730701839  0.014144626481  0.012109588472  0.015172757102  0.013124965548  0.014144626481  0.014151315099  0.017744940024  0.012112828861  0.012112828861  0.015181443650  0.014141912548  0.017216029407  0.017216029407  0.013636088626  0.015165753171  0.014144626481  0.019283266976  0.018766626920  0.016709814943  0.016709814943  
piranga_rubriceps_lsu34818 0.025996543243  0.025996543243  0.013628810693  0.013628810693  0.014663826630  0.014159682230  0.001001051239  0.000000000000  0.015686083625  0.018761718137  0.015169044623  0.013131340465  0.016199963980  0.014147760790  0.015169044623  0.015176890235  0.018777715255  0.013135156018  0.013135156018  0.016209813834  0.015165753171  0.018245931014  0.018245931014  0.014659983220  0.016191799371  0.015169044623  0.020318231338  0.019800468043  0.017739771163  0.017739771163  
piranga_roseogularis_ku2049 0.023408947356  0.023408947356  0.013124965548  0.013124965548  0.013139389809  0.012636807140  0.014659983220  0.015686083625  0.000000000000  0.003006342714  0.007540415888  0.005523034832  0.008555604771  0.006530402675  0.007540415888  0.007543852759  0.011099277175  0.005524659576  0.005524659576  0.008561002076  0.007539318792  0.010581058511  0.010581058511  0.007035896479  0.008551865908  0.007540415888  0.012623718148  0.012112828861  0.010077247822  0.010077247822  
piranga_roseogularis_ku2141 0.026519036897  0.026519036897  0.016188349965  0.016188349965  0.016204678436  0.015700615532  0.017730701839  0.018761718137  0.003006342714  0.000000000000  0.010579093257  0.008553527849  0.011599533251  0.009564756953  0.010579093257  0.010583440763  0.014155289036  0.008555604771  0.008555604771  0.011605857979  0.010577545375  0.013633242472  0.013633242472  0.010072636664  0.011594879076  0.010579093257  0.015686083625  0.015172757102  0.013127943517  0.013127943517  
piranga_flava_ku90809 0.022883410963  0.022883410963  0.012612118682  0.012612118682  0.012623718148  0.012120562038  0.014144626481  0.015169044623  0.007540415888  0.010579093257  0.000000000000  0.002002732400  0.005017652838  0.003006295741  0.004010949696  0.004011286864  0.010586239639  0.005018585518  0.005018585518  0.008050704560  0.007033450137  0.010070955917  0.010070955917  0.006529454306  0.008044359102  0.007033851298  0.012109588472  0.011599533251  0.009566570161  0.009566570161  
piranga_hepatica_ku9084 0.020824808071  0.020824808071  0.010581058511  0.010581058511  0.010593085785  0.010091458412  0.012109588472  0.013131340465  0.005523034832  0.008553527849  0.002002732400  0.000000000000  0.003006981487  0.001000763636  0.002002732400  0.002003309200  0.008561002076  0.003008029959  0.003008029959  0.006032242369  0.005017132203  0.008046702499  0.008046702499  0.004514669904  0.006025444784  0.005017652838  0.010080177488  0.009571444168  0.007543852759  0.007543852759  
piranga_hepatica_ku4970 0.023929484427  0.023929484427  0.013636088626  0.013636088626  0.013651666278  0.013149110631  0.015172757102  0.016199963980  0.008555604771  0.011599533251  0.005017652838  0.003006981487  0.000000000000  0.004011286864  0.005017652838  0.005019929871  0.011609645874  0.006029924710  0.006029924710  0.009069219190  0.008045323281  0.011090023653  0.011090023653  0.007541927334  0.009058947818  0.008046702499  0.013135156018  0.012623718148  0.010586239639  0.010586239639  
piranga_flava_lsu15408 0.021850740784  0.021850740784  0.011594879076  0.011594879076  0.011605857979  0.011103194587  0.013124965548  0.014147760790  0.006530402675  0.009564756953  0.003006295741  0.001000763636  0.004011286864  0.000000000000  0.001000703385  0.003006342714  0.009571444168  0.004012072215  0.004012072215  0.007039596319  0.006024522745  0.009057418222  0.009057418222  0.005521021670  0.007033851298  0.006024777059  0.011092691338  0.010583440763  0.008553527849  0.008553527849  
piranga_lutea_ku89864 0.022883410963  0.022883410963  0.012612118682  0.012612118682  0.012623718148  0.012120562038  0.014144626481  0.015169044623  0.007540415888  0.010579093257  0.004010949696  0.002002732400  0.005017652838  0.001000703385  0.000000000000  0.004011286864  0.010586239639  0.005018585518  0.005018585518  0.008050704560  0.007033450137  0.010070955917  0.010070955917  0.006529454306  0.008044359102  0.007033851298  0.012109588472  0.011599533251  0.009566570161  0.009566570161  
piranga_lutea_lsu5400 0.022894974044  0.022894974044  0.012617081105  0.012617081105  0.012632026843  0.012129962628  0.014151315099  0.015176890235  0.007543852759  0.010583440763  0.004011286864  0.002003309200  0.005019929871  0.003006342714  0.004011286864  0.000000000000  0.010593085785  0.005021685531  0.005021685531  0.008056362320  0.007034666870  0.010074734091  0.010074734091  0.006531764396  0.008046702499  0.007035896479  0.012116486839  0.011605857979  0.009571444168  0.009571444168  
piranga_olivacea_ku2699 0.025494517695  0.025494517695  0.016199963980  0.016199963980  0.016221345978  0.015718926326  0.017744940024  0.018777715255  0.011099277175  0.014155289036  0.010586239639  0.008561002076  0.011609645874  0.009571444168  0.010586239639  0.010593085785  0.000000000000  0.008564321724  0.008564321724  0.011618470885  0.010583440763  0.013643039588  0.013643039588  0.010080177488  0.011602486982  0.010586239639  0.015700615532  0.015186416978  0.013139389809  0.013139389809  
piranga_ludoviciana_sdsu2650 0.020830470364  0.020830470364  0.010583440763  0.010583440763  0.010597132320  0.010096048143  0.012112828861  0.013135156018  0.005524659576  0.008555604771  0.005018585518  0.003008029959  0.006029924710  0.004012072215  0.005018585518  0.005021685531  0.008564321724  0.000000000000  0.000000000000  0.003008029959  0.005017652838  0.008048496382  0.008048496382  0.004515734461  0.006026525548  0.005018585518  0.010083522720  0.009574504226  0.007546191792  0.007546191792  
piranga_bidentata_tepe59 0.020830470364  0.020830470364  0.010583440763  0.010583440763  0.010597132320  0.010096048143  0.012112828861  0.013135156018  0.005524659576  0.008555604771  0.005018585518  0.003008029959  0.006029924710  0.004012072215  0.005018585518  0.005021685531  0.008564321724  0.000000000000  0.000000000000  0.003008029959  0.005017652838  0.008048496382  0.008048496382  0.004515734461  0.006026525548  0.005018585518  0.010083522720  0.009574504226  0.007546191792  0.007546191792  
piranga_ludoviciana_sdsu2648 0.023943096587  0.023943096587  0.013643039588  0.013643039588  0.013661965749  0.013160500012  0.015181443650  0.016209813834  0.008561002076  0.011605857979  0.008050704560  0.006032242369  0.009069219190  0.007039596319  0.008050704560  0.008056362320  0.011618470885  0.003008029959  0.003008029959  0.000000000000  0.008048496382  0.011095775969  0.011095775969  0.007546191792  0.009063253648  0.008050704560  0.013144041469  0.012632026843  0.010593085785  0.010593085785  
piranga_olivacea_ku4672 0.022878271660  0.022878271660  0.012610266390  0.012610266390  0.012620190485  0.012116486839  0.014141912548  0.015165753171  0.007539318792  0.010577545375  0.007033450137  0.005017132203  0.008045323281  0.006024522745  0.007033450137  0.007034666870  0.010583440763  0.005017652838  0.005017652838  0.008048496382  0.000000000000  0.009057418222  0.009057418222  0.005521021670  0.007033851298  0.006024777059  0.011602486982  0.010583440763  0.008553527849  0.008553527849  
piranga_bidentata_itm160 0.025996543243  0.025996543243  0.015675340564  0.015675340564  0.014663826630  0.014159682230  0.017216029407  0.018245931014  0.010581058511  0.013633242472  0.010070955917  0.008046702499  0.011090023653  0.009057418222  0.010070955917  0.010074734091  0.013643039588  0.008048496382  0.008048496382  0.011095775969  0.009057418222  0.000000000000  0.000000000000  0.003508942007  0.005017652838  0.004011286864  0.011605857979  0.010586239639  0.008555604771  0.008555604771  
piranga_bidentata_itm141 0.025996543243  0.025996543243  0.015675340564  0.015675340564  0.014663826630  0.014159682230  0.017216029407  0.018245931014  0.010581058511  0.013633242472  0.010070955917  0.008046702499  0.011090023653  0.009057418222  0.010070955917  0.010074734091  0.013643039588  0.008048496382  0.008048496382  0.011095775969  0.009057418222  0.000000000000  0.000000000000  0.003508942007  0.005017652838  0.004011286864  0.011605857979  0.010586239639  0.008555604771  0.008555604771  
piranga_ludoviciana_sdsu2208 0.022369576772  0.022369576772  0.012104361945  0.012104361945  0.011095775969  0.010593085785  0.013636088626  0.014659983220  0.007035896479  0.010072636664  0.006529454306  0.004514669904  0.007541927334  0.005521021670  0.006529454306  0.006531764396  0.010080177488  0.004515734461  0.004515734461  0.007546191792  0.005521021670  0.003508942007  0.003508942007  0.000000000000  0.001501526427  0.000500190801  0.008053326661  0.007039596319  0.005019929871  0.005019929871  
piranga_bidentata_hgoslp104 0.023917586628  0.023917586628  0.013630816369  0.013630816369  0.012620190485  0.012116486839  0.015165753171  0.016191799371  0.008551865908  0.011594879076  0.008044359102  0.006025444784  0.009058947818  0.007033851298  0.008044359102  0.008046702499  0.011602486982  0.006026525548  0.006026525548  0.009063253648  0.007033851298  0.005017652838  0.005017652838  0.001501526427  0.000000000000  0.002002732400  0.009571444168  0.008555604771  0.006531764396  0.006531764396  
piranga_ludoviciana_sdsu2385 0.022883410963  0.022883410963  0.012612118682  0.012612118682  0.011602486982  0.011099277175  0.014144626481  0.015169044623  0.007540415888  0.010579093257  0.007033851298  0.005017652838  0.008046702499  0.006024777059  0.007033851298  0.007035896479  0.010586239639  0.005018585518  0.005018585518  0.008050704560  0.006024777059  0.004011286864  0.004011286864  0.000500190801  0.002002732400  0.000000000000  0.008558096303  0.007543852759  0.005523034832  0.005523034832  
piranga_rubra_ku7046 0.028097674713  0.028097674713  0.017735024977  0.017735024977  0.016724832758  0.015191809851  0.019283266976  0.020318231338  0.012623718148  0.015686083625  0.012109588472  0.010080177488  0.013135156018  0.011092691338  0.012109588472  0.012116486839  0.015700615532  0.010083522720  0.010083522720  0.013144041469  0.011602486982  0.011605857979  0.011605857979  0.008053326661  0.009571444168  0.008558096303  0.000000000000  0.006032242369  0.004014874602  0.004014874602  
piranga_rubra_sdsu2635 0.027573153061  0.027573153061  0.017220060671  0.017220060671  0.016209813834  0.015706299741  0.018766626920  0.019800468043  0.012112828861  0.015172757102  0.011599533251  0.009571444168  0.012623718148  0.010583440763  0.011599533251  0.011605857979  0.015186416978  0.009574504226  0.009574504226  0.012632026843  0.010583440763  0.010586239639  0.010586239639  0.007039596319  0.008555604771  0.007543852759  0.006032242369  0.000000000000  0.002003309200  0.002003309200  
piranga_rubra_sdsu2654 0.025487455719  0.025487455719  0.015169044623  0.015169044623  0.014159682230  0.013656607099  0.016709814943  0.017739771163  0.010077247822  0.013127943517  0.009566570161  0.007543852759  0.010586239639  0.008553527849  0.009566570161  0.009571444168  0.013139389809  0.007546191792  0.007546191792  0.010593085785  0.008553527849  0.008555604771  0.008555604771  0.005019929871  0.006531764396  0.005523034832  0.004014874602  0.002003309200  0.000000000000  0.000000000000  
piranga_rubra_ku26592 0.025487455719  0.025487455719  0.015169044623  0.015169044623  0.014159682230  0.013656607099  0.016709814943  0.017739771163  0.010077247822  0.013127943517  0.009566570161  0.007543852759  0.010586239639  0.008553527849  0.009566570161  0.009571444168  0.013139389809  0.007546191792  0.007546191792  0.010593085785  0.008553527849  0.008555604771  0.008555604771  0.005019929871  0.006531764396  0.005523034832  0.004014874602  0.002003309200  0.000000000000  0.000000000000  

