30
cardinalis_cardinalis_ku21828 0.000000000000  0.000000000000  0.004514040867  0.005521850147  0.004514040867  0.004514040867  0.008045391301  0.004517210022  0.002504638904  0.002504638904  0.002504638904  0.002504638904  0.010593094106  0.003006985961  0.002504638904  0.002504638904  0.007541969620  0.006531793794  0.006531793794  0.007541969620  0.006531793794  0.009060950903  0.012112901187  0.014155377997  0.019283462803  0.008053335200  0.010083536013  0.007540470314  0.007541969620  0.004515744545  
cardinalis_cardinalis_ku25393 0.000000000000  0.000000000000  0.004514040867  0.005521850147  0.004514040867  0.004514040867  0.008045391301  0.004517210022  0.002504638904  0.002504638904  0.002504638904  0.002504638904  0.010593094106  0.003006985961  0.002504638904  0.002504638904  0.007541969620  0.006531793794  0.006531793794  0.007541969620  0.006531793794  0.009060950903  0.012112901187  0.014155377997  0.019283462803  0.008053335200  0.010083536013  0.007540470314  0.007541969620  0.004515744545  
piranga_lutea_lsu5400 0.004514040867  0.004514040867  0.000000000000  0.001001049956  0.000000000000  0.000000000000  0.003508952339  0.004012082747  0.002002738267  0.002002738267  0.002002738267  0.002002738267  0.009571482809  0.002504281214  0.002002738267  0.002002738267  0.007034718861  0.006025482918  0.006025482918  0.007034718861  0.006025482918  0.008551936767  0.011599629151  0.013639472834  0.018761952421  0.007543880866  0.009571482809  0.007033911695  0.007034718861  0.004011303756  
piranga_roseogularis_ku2141 0.005521850147  0.005521850147  0.001001049956  0.000000000000  0.001001049956  0.001001049956  0.004515744545  0.005019938856  0.003006352200  0.003006352200  0.003006352200  0.003006352200  0.010589487600  0.003508952339  0.003006352200  0.003006352200  0.008046758711  0.007035938032  0.007035938032  0.008046758711  0.007035938032  0.009566644741  0.012620285623  0.014663942364  0.019795203229  0.008558120482  0.010589487600  0.008045391301  0.008046758711  0.005018604242  
piranga_flava_ku90809 0.004514040867  0.004514040867  0.000000000000  0.001001049956  0.000000000000  0.000000000000  0.003508952339  0.004012082747  0.002002738267  0.002002738267  0.002002738267  0.002002738267  0.009571482809  0.002504281214  0.002002738267  0.002002738267  0.007034718861  0.006025482918  0.006025482918  0.007034718861  0.006025482918  0.008551936767  0.011599629151  0.013639472834  0.018761952421  0.007543880866  0.009571482809  0.007033911695  0.007034718861  0.004011303756  
piranga_lutea_ku89864 0.004514040867  0.004514040867  0.000000000000  0.001001049956  0.000000000000  0.000000000000  0.003508952339  0.004012082747  0.002002738267  0.002002738267  0.002002738267  0.002002738267  0.009571482809  0.002504281214  0.002002738267  0.002002738267  0.007034718861  0.006025482918  0.006025482918  0.007034718861  0.006025482918  0.008551936767  0.011599629151  0.013639472834  0.018761952421  0.007543880866  0.009571482809  0.007033911695  0.007034718861  0.004011303756  
piranga_hepatica_ku4970 0.008045391301  0.008045391301  0.003508952339  0.004515744545  0.003508952339  0.003508952339  0.000000000000  0.007541969620  0.005521057123  0.005521057123  0.005521057123  0.005521057123  0.013131434217  0.006025482918  0.005521057123  0.005521057123  0.010579203549  0.009564846430  0.009564846430  0.010579203549  0.009564846430  0.012104498668  0.015169215666  0.017220262384  0.022369924316  0.010074809545  0.012109684324  0.010577669906  0.010579203549  0.007540470314  
piranga_olivacea_ku4672 0.004517210022  0.004517210022  0.004012082747  0.005019938856  0.004012082747  0.004012082747  0.007541969620  0.000000000000  0.002004205714  0.002004205714  0.002004205714  0.002004205714  0.010091419963  0.002506576041  0.002004205714  0.002004205714  0.007039610890  0.006029929530  0.006029929530  0.007039610890  0.006029929530  0.008558120482  0.011609670208  0.013651698380  0.018777835363  0.007552082519  0.009581837927  0.007037568833  0.007039610890  0.004014866343  
piranga_olivacea_ku2699 0.002504638904  0.002504638904  0.002002738267  0.003006352200  0.002002738267  0.002002738267  0.005521057123  0.002004205714  0.000000000000  0.000000000000  0.000000000000  0.000000000000  0.008056350874  0.000500262305  0.000000000000  0.000000000000  0.005018604242  0.004012082747  0.004012082747  0.005018604242  0.004012082747  0.006531793794  0.009571482809  0.011605908233  0.016714536813  0.005526689698  0.007548937686  0.005017679275  0.005018604242  0.002003309740  
piranga_flava_lsu15408 0.002504638904  0.002504638904  0.002002738267  0.003006352200  0.002002738267  0.002002738267  0.005521057123  0.002004205714  0.000000000000  0.000000000000  0.000000000000  0.000000000000  0.008056350874  0.000500262305  0.000000000000  0.000000000000  0.005018604242  0.004012082747  0.004012082747  0.005018604242  0.004012082747  0.006531793794  0.009571482809  0.011605908233  0.016714536813  0.005526689698  0.007548937686  0.005017679275  0.005018604242  0.002003309740  
piranga_hepatica_ku9084 0.002504638904  0.002504638904  0.002002738267  0.003006352200  0.002002738267  0.002002738267  0.005521057123  0.002004205714  0.000000000000  0.000000000000  0.000000000000  0.000000000000  0.008056350874  0.000500262305  0.000000000000  0.000000000000  0.005018604242  0.004012082747  0.004012082747  0.005018604242  0.004012082747  0.006531793794  0.009571482809  0.011605908233  0.016714536813  0.005526689698  0.007548937686  0.005017679275  0.005018604242  0.002003309740  
piranga_erythrocephala_fmnh343370 0.002504638904  0.002504638904  0.002002738267  0.003006352200  0.002002738267  0.002002738267  0.005521057123  0.002004205714  0.000000000000  0.000000000000  0.000000000000  0.000000000000  0.008056350874  0.000500262305  0.000000000000  0.000000000000  0.005018604242  0.004012082747  0.004012082747  0.005018604242  0.004012082747  0.006531793794  0.009571482809  0.011605908233  0.016714536813  0.005526689698  0.007548937686  0.005017679275  0.005018604242  0.002003309740  
piranga_roseogularis_ku2049 0.010593094106  0.010593094106  0.009571482809  0.010589487600  0.009571482809  0.009571482809  0.013131434217  0.010091419963  0.008056350874  0.008056350874  0.008056350874  0.008056350874  0.000000000000  0.008564304541  0.008056350874  0.008056350874  0.013139427469  0.012120581109  0.012120581109  0.013139427469  0.012120581109  0.014672826224  0.017756594952  0.019819565203  0.024995307646  0.013661929934  0.015712366468  0.013135222762  0.013139427469  0.010087271604  
piranga_rubra_ku7046 0.003006985961  0.003006985961  0.002504281214  0.003508952339  0.002504281214  0.002504281214  0.006025482918  0.002506576041  0.000500262305  0.000500262305  0.000500262305  0.000500262305  0.008564304541  0.000000000000  0.000500262305  0.000500262305  0.005523053500  0.004515744545  0.004515744545  0.005523053500  0.004515744545  0.007037568833  0.010080213559  0.012116533573  0.017229525125  0.006032232013  0.008056350874  0.005521850147  0.005523053500  0.002505403970  
piranga_erythrocephala_fmnh343371 0.002504638904  0.002504638904  0.002002738267  0.003006352200  0.002002738267  0.002002738267  0.005521057123  0.002004205714  0.000000000000  0.000000000000  0.000000000000  0.000000000000  0.008056350874  0.000500262305  0.000000000000  0.000000000000  0.005018604242  0.004012082747  0.004012082747  0.005018604242  0.004012082747  0.006531793794  0.009571482809  0.011605908233  0.016714536813  0.005526689698  0.007548937686  0.005017679275  0.005018604242  0.002003309740  
piranga_rubra_sdsu2635 0.002504638904  0.002504638904  0.002002738267  0.003006352200  0.002002738267  0.002002738267  0.005521057123  0.002004205714  0.000000000000  0.000000000000  0.000000000000  0.000000000000  0.008056350874  0.000500262305  0.000000000000  0.000000000000  0.005018604242  0.004012082747  0.004012082747  0.005018604242  0.004012082747  0.006531793794  0.009571482809  0.011605908233  0.016714536813  0.005526689698  0.007548937686  0.005017679275  0.005018604242  0.002003309740  
piranga_bidentata_tepe59 0.007541969620  0.007541969620  0.007034718861  0.008046758711  0.007034718861  0.007034718861  0.010579203549  0.007039610890  0.005018604242  0.005018604242  0.005018604242  0.005018604242  0.013139427469  0.005523053500  0.005018604242  0.005018604242  0.000000000000  0.001000704435  0.001000704435  0.002002820467  0.001000704435  0.003508952339  0.006533555689  0.008558120482  0.014668175543  0.010589487600  0.012627706260  0.009564846430  0.009566644741  0.007037568833  
piranga_ludoviciana_sdsu2648 0.006531793794  0.006531793794  0.006025482918  0.007035938032  0.006025482918  0.006025482918  0.009564846430  0.006029929530  0.004012082747  0.004012082747  0.004012082747  0.004012082747  0.012120581109  0.004515744545  0.004012082747  0.004012082747  0.001000704435  0.000000000000  0.000000000000  0.001000704435  0.000000000000  0.002504638904  0.005524666807  0.007546203679  0.013647206589  0.009574521817  0.011609670208  0.008551936767  0.008553585192  0.006028036938  
piranga_ludoviciana_sdsu2208 0.006531793794  0.006531793794  0.006025482918  0.007035938032  0.006025482918  0.006025482918  0.009564846430  0.006029929530  0.004012082747  0.004012082747  0.004012082747  0.004012082747  0.012120581109  0.004515744545  0.004012082747  0.004012082747  0.001000704435  0.000000000000  0.000000000000  0.001000704435  0.000000000000  0.002504638904  0.005524666807  0.007546203679  0.013647206589  0.009574521817  0.011609670208  0.008551936767  0.008553585192  0.006028036938  
piranga_bidentata_hgoslp104 0.007541969620  0.007541969620  0.007034718861  0.008046758711  0.007034718861  0.007034718861  0.010579203549  0.007039610890  0.005018604242  0.005018604242  0.005018604242  0.005018604242  0.013139427469  0.005523053500  0.005018604242  0.005018604242  0.002002820467  0.001000704435  0.001000704435  0.000000000000  0.001000704435  0.003508952339  0.006533555689  0.008558120482  0.014668175543  0.010589487600  0.012627706260  0.009564846430  0.009566644741  0.007037568833  
piranga_ludoviciana_sdsu2650 0.006531793794  0.006531793794  0.006025482918  0.007035938032  0.006025482918  0.006025482918  0.009564846430  0.006029929530  0.004012082747  0.004012082747  0.004012082747  0.004012082747  0.012120581109  0.004515744545  0.004012082747  0.004012082747  0.001000704435  0.000000000000  0.000000000000  0.001000704435  0.000000000000  0.002504638904  0.005524666807  0.007546203679  0.013647206589  0.009574521817  0.011609670208  0.008551936767  0.008553585192  0.006028036938  
piranga_ludoviciana_sdsu2385 0.009060950903  0.009060950903  0.008551936767  0.009566644741  0.008551936767  0.008551936767  0.012104498668  0.008558120482  0.006531793794  0.006531793794  0.006531793794  0.006531793794  0.014672826224  0.007037568833  0.006531793794  0.006531793794  0.003508952339  0.002504638904  0.002504638904  0.003508952339  0.002504638904  0.000000000000  0.003008027403  0.005021682745  0.011609670208  0.012116533573  0.014159740682  0.011087886576  0.011090118937  0.008555646555  
piranga_rubra_sdsu2654 0.012112901187  0.012112901187  0.011599629151  0.012620285623  0.011599629151  0.011599629151  0.015169215666  0.011609670208  0.009571482809  0.009571482809  0.009571482809  0.009571482809  0.017756594952  0.010080213559  0.009571482809  0.009571482809  0.006533555689  0.005524666807  0.005524666807  0.006533555689  0.005524666807  0.003008027403  0.000000000000  0.002003309740  0.008558120482  0.015186464405  0.017240467380  0.014147904542  0.014151432492  0.011605908233  
piranga_bidentata_itm160 0.014155377997  0.014155377997  0.013639472834  0.014663942364  0.013639472834  0.013639472834  0.017220262384  0.013651698380  0.011605908233  0.011605908233  0.011605908233  0.011605908233  0.019819565203  0.012116533573  0.011605908233  0.011605908233  0.008558120482  0.007546203679  0.007546203679  0.008558120482  0.007546203679  0.005021682745  0.002003309740  0.000000000000  0.006533555689  0.017240467380  0.019301487442  0.016195842196  0.016200104046  0.013647206589  
piranga_bidentata_itm141 0.019283462803  0.019283462803  0.018761952421  0.019795203229  0.018761952421  0.018761952421  0.022369924316  0.018777835363  0.016714536813  0.016714536813  0.016714536813  0.016714536813  0.024995307646  0.017229525125  0.016714536813  0.016714536813  0.014668175543  0.013647206589  0.013647206589  0.014668175543  0.013647206589  0.011609670208  0.008558120482  0.006533555689  0.000000000000  0.022395097592  0.024472738071  0.021856449069  0.021862235070  0.018772119685  
piranga_rubriceps_lsu265 0.008053335200  0.008053335200  0.007543880866  0.008558120482  0.007543880866  0.007543880866  0.010074809545  0.007552082519  0.005526689698  0.005526689698  0.005526689698  0.005526689698  0.013661929934  0.006032232013  0.005526689698  0.005526689698  0.010589487600  0.009574521817  0.009574521817  0.010589487600  0.009574521817  0.012116533573  0.015186464405  0.017240467380  0.022395097592  0.000000000000  0.002003309740  0.006531793794  0.006533555689  0.003511181153  
piranga_rubriceps_lsu34818 0.010083536013  0.010083536013  0.009571482809  0.010589487600  0.009571482809  0.009571482809  0.012109684324  0.009581837927  0.007548937686  0.007548937686  0.007548937686  0.007548937686  0.015712366468  0.008056350874  0.007548937686  0.007548937686  0.012627706260  0.011609670208  0.011609670208  0.012627706260  0.011609670208  0.014159740682  0.017240467380  0.019301487442  0.024472738071  0.002003309740  0.000000000000  0.008555646555  0.008558120482  0.005526689698  
piranga_leucoptera_fmnh481795 0.007540470314  0.007540470314  0.007033911695  0.008045391301  0.007033911695  0.007033911695  0.010577669906  0.007037568833  0.005017679275  0.005017679275  0.005017679275  0.005017679275  0.013135222762  0.005521850147  0.005017679275  0.005017679275  0.009564846430  0.008551936767  0.008551936767  0.009564846430  0.008551936767  0.011087886576  0.014147904542  0.016195842196  0.021856449069  0.006531793794  0.008555646555  0.000000000000  0.003006352200  0.003006126490  
piranga_leucoptera_lsu7783 0.007541969620  0.007541969620  0.007034718861  0.008046758711  0.007034718861  0.007034718861  0.010579203549  0.007039610890  0.005018604242  0.005018604242  0.005018604242  0.005018604242  0.013139427469  0.005523053500  0.005018604242  0.005018604242  0.009566644741  0.008553585192  0.008553585192  0.009566644741  0.008553585192  0.011090118937  0.014151432492  0.016200104046  0.021862235070  0.006533555689  0.008558120482  0.003006352200  0.000000000000  0.003006352200  
piranga_rubra_ku26592 0.004515744545  0.004515744545  0.004011303756  0.005018604242  0.004011303756  0.004011303756  0.007540470314  0.004014866343  0.002003309740  0.002003309740  0.002003309740  0.002003309740  0.010087271604  0.002505403970  0.002003309740  0.002003309740  0.007037568833  0.006028036938  0.006028036938  0.007037568833  0.006028036938  0.008555646555  0.011605908233  0.013647206589  0.018772119685  0.003511181153  0.005526689698  0.003006126490  0.003006352200  0.000000000000  

