30
piranga_rubra_ku26592 0.000000000000  0.002971052239  0.002971052239  0.004469136831  0.003489415697  0.004469136831  0.001713037832  0.004469136831  0.000000000000  0.001484211581  0.005961035492  0.003369755688  0.002009007920  0.003526330333  0.000000000000  0.004410009426  0.002507787550  0.001484211581  0.000000000000  0.001484211581  0.004469136831  0.001522630012  0.004469136831  0.001758216267  0.002973910284  0.000000000000  0.000000000000  0.001484211581  0.000000000000  0.001484211581  
piranga_flava_ku90809 0.002971052239  0.000000000000  0.002971481494  0.004464008892  0.003490008525  0.004464008892  0.001712232035  0.004464008892  0.002988812121  0.001483606691  0.005951909249  0.003366085696  0.002007899600  0.003526935823  0.002971052239  0.004410009426  0.005023094614  0.001483606691  0.002777526653  0.001483606691  0.004464008892  0.001521993401  0.004464008892  0.001757367403  0.002971052239  0.002202484105  0.003773127387  0.001483606691  0.002971052239  0.001483606691  
piranga_ludoviciana_sdsu2385 0.002971052239  0.002971481494  0.000000000000  0.004464008892  0.001742060184  0.004464008892  0.001712232035  0.004464008892  0.002988812121  0.001483606691  0.005951909249  0.003366085696  0.002007899600  0.001760461184  0.002971052239  0.004410009426  0.002507787550  0.001483606691  0.000000000000  0.001483606691  0.004464008892  0.001521993401  0.004464008892  0.000000000000  0.002971052239  0.000000000000  0.000000000000  0.001483606691  0.002971052239  0.001483606691  
piranga_rubriceps_lsu265 0.004469136831  0.004464008892  0.004464008892  0.000000000000  0.001742060184  0.005969932399  0.003433389323  0.005969932399  0.004495927661  0.002973910284  0.007967806303  0.005065260427  0.004028082487  0.001760461184  0.004469136831  0.004410009426  0.002507787550  0.002973910284  0.000000000000  0.002973910284  0.000000000000  0.003051035441  0.000000000000  0.000000000000  0.001484211581  0.000000000000  0.000000000000  0.002973910284  0.004469136831  0.002973910284  
piranga_leucoptera_lsu7783 0.003489415697  0.003490008525  0.001742060184  0.001742060184  0.000000000000  0.003489415697  0.000000000000  0.003489415697  0.003489415697  0.001742060184  0.002464523897  0.000000000000  0.000000000000  0.003622765803  0.003489415697  0.004410009426  0.002507787550  0.001742060184  0.000000000000  0.001742060184  0.001742060184  0.001742060184  0.001742060184  0.001757367403  0.001742060184  0.000000000000  0.000000000000  0.001742060184  0.003489415697  0.001742060184  
cardinalis_cardinalis_ku25393 0.004469136831  0.004464008892  0.004464008892  0.005969932399  0.003489415697  0.000000000000  0.003433389323  0.000000000000  0.004495927661  0.002973910284  0.005961035492  0.005065260427  0.002009007920  0.003526330333  0.004469136831  0.004410009426  0.002507787550  0.002973910284  0.000000000000  0.002973910284  0.005969932399  0.003051035441  0.005969932399  0.001758216267  0.004469136831  0.000000000000  0.000000000000  0.002973910284  0.004469136831  0.002973910284  
piranga_olivacea_ku2699 0.001713037832  0.001712232035  0.001712232035  0.003433389323  0.000000000000  0.003433389323  0.000000000000  0.003433389323  0.001724856830  0.000000000000  0.003964209315  0.001713037832  0.000000000000  0.002003876012  0.001713037832  0.004410009426  0.002507787550  0.000000000000  0.000000000000  0.000000000000  0.003433389323  0.000000000000  0.003433389323  0.000000000000  0.001713037832  0.000000000000  0.000000000000  0.000000000000  0.001713037832  0.000000000000  
cardinalis_cardinalis_ku21828 0.004469136831  0.004464008892  0.004464008892  0.005969932399  0.003489415697  0.000000000000  0.003433389323  0.000000000000  0.004495927661  0.002973910284  0.005961035492  0.005065260427  0.002009007920  0.003526330333  0.004469136831  0.004410009426  0.002507787550  0.002973910284  0.000000000000  0.002973910284  0.005969932399  0.003051035441  0.005969932399  0.001758216267  0.004469136831  0.000000000000  0.000000000000  0.002973910284  0.004469136831  0.002973910284  
piranga_rubra_ku7046 0.000000000000  0.002988812121  0.002988812121  0.004495927661  0.003489415697  0.004495927661  0.001724856830  0.004495927661  0.000000000000  0.001493075752  0.006008794553  0.003392620426  0.002025283194  0.003526330333  0.000000000000  0.004410009426  0.002507787550  0.001493075752  0.000000000000  0.001493075752  0.004495927661  0.001522630012  0.004495927661  0.001758216267  0.002991704486  0.000000000000  0.000000000000  0.001493075752  0.000000000000  0.001493075752  
piranga_bidentata_hgoslp104 0.001484211581  0.001483606691  0.001483606691  0.002973910284  0.001742060184  0.002973910284  0.000000000000  0.002973910284  0.001493075752  0.000000000000  0.003964209315  0.001681355308  0.000000000000  0.001760461184  0.001484211581  0.004410009426  0.002507787550  0.000000000000  0.000000000000  0.000000000000  0.002973910284  0.000000000000  0.002973910284  0.000000000000  0.001484211581  0.000000000000  0.000000000000  0.000000000000  0.001484211581  0.000000000000  
piranga_ludoviciana_sdsu2648 0.005961035492  0.005951909249  0.005951909249  0.007967806303  0.002464523897  0.005961035492  0.003964209315  0.005961035492  0.006008794553  0.003964209315  0.000000000000  0.005961035492  0.004028082487  0.002376663474  0.005961035492  0.008868818040  0.005242286482  0.003964209315  0.002779648468  0.003964209315  0.007967806303  0.004102445568  0.007967806303  0.002495272285  0.005961035492  0.002514092380  0.003777045395  0.003964209315  0.005961035492  0.003964209315  
piranga_roseogularis_ku2049 0.003369755688  0.003366085696  0.003366085696  0.005065260427  0.000000000000  0.005065260427  0.001713037832  0.005065260427  0.003392620426  0.001681355308  0.005961035492  0.000000000000  0.002009007920  0.001960657873  0.003369755688  0.004410009426  0.002507787550  0.001681355308  0.000000000000  0.001681355308  0.005065260427  0.000000000000  0.005065260427  0.000000000000  0.003369755688  0.000000000000  0.000000000000  0.001681355308  0.003369755688  0.001681355308  
piranga_hepatica_ku4970 0.002009007920  0.002007899600  0.002007899600  0.004028082487  0.000000000000  0.002009007920  0.000000000000  0.002009007920  0.002025283194  0.000000000000  0.004028082487  0.002009007920  0.000000000000  0.000000000000  0.002009007920  0.004410009426  0.002668390242  0.000000000000  0.000000000000  0.000000000000  0.004028082487  0.000000000000  0.004028082487  0.000000000000  0.002009007920  0.000000000000  0.000000000000  0.000000000000  0.002009007920  0.000000000000  
piranga_hepatica_ku9084 0.003526330333  0.003526935823  0.001760461184  0.001760461184  0.003622765803  0.003526330333  0.002003876012  0.003526330333  0.003526330333  0.001760461184  0.002376663474  0.001960657873  0.000000000000  0.000000000000  0.003526330333  0.004410009426  0.002507787550  0.001760461184  0.000000000000  0.001760461184  0.001760461184  0.001760461184  0.001760461184  0.001824707816  0.001760461184  0.002202484105  0.000000000000  0.001760461184  0.003526330333  0.001760461184  
piranga_rubra_sdsu2654 0.000000000000  0.002971052239  0.002971052239  0.004469136831  0.003489415697  0.004469136831  0.001713037832  0.004469136831  0.000000000000  0.001484211581  0.005961035492  0.003369755688  0.002009007920  0.003526330333  0.000000000000  0.004410009426  0.002507787550  0.001484211581  0.000000000000  0.001484211581  0.004469136831  0.001522630012  0.004469136831  0.001758216267  0.002973910284  0.000000000000  0.000000000000  0.001484211581  0.000000000000  0.001484211581  
piranga_flava_lsu15408 0.004410009426  0.004410009426  0.004410009426  0.004410009426  0.004410009426  0.004410009426  0.004410009426  0.004410009426  0.004410009426  0.004410009426  0.008868818040  0.004410009426  0.004410009426  0.004410009426  0.004410009426  0.000000000000  0.008868818040  0.004410009426  0.004410009426  0.004410009426  0.004410009426  0.004410009426  0.004410009426  0.004410009426  0.004410009426  0.004410009426  0.004932021527  0.004410009426  0.004410009426  0.004410009426  
piranga_lutea_lsu5400 0.002507787550  0.005023094614  0.002507787550  0.002507787550  0.002507787550  0.002507787550  0.002507787550  0.002507787550  0.002507787550  0.002507787550  0.005242286482  0.002507787550  0.002668390242  0.002507787550  0.002507787550  0.008868818040  0.000000000000  0.002507787550  0.002875565600  0.002507787550  0.002507787550  0.002507787550  0.002507787550  0.002507787550  0.002507787550  0.002507787550  0.003777045395  0.002507787550  0.002507787550  0.002507787550  
piranga_olivacea_ku4672 0.001484211581  0.001483606691  0.001483606691  0.002973910284  0.001742060184  0.002973910284  0.000000000000  0.002973910284  0.001493075752  0.000000000000  0.003964209315  0.001681355308  0.000000000000  0.001760461184  0.001484211581  0.004410009426  0.002507787550  0.000000000000  0.000000000000  0.000000000000  0.002973910284  0.000000000000  0.002973910284  0.000000000000  0.001484211581  0.000000000000  0.000000000000  0.000000000000  0.001484211581  0.000000000000  
piranga_ludoviciana_sdsu2208 0.000000000000  0.002777526653  0.000000000000  0.000000000000  0.000000000000  0.000000000000  0.000000000000  0.000000000000  0.000000000000  0.000000000000  0.002779648468  0.000000000000  0.000000000000  0.000000000000  0.000000000000  0.004410009426  0.002875565600  0.000000000000  0.000000000000  0.000000000000  0.000000000000  0.000000000000  0.000000000000  0.000000000000  0.000000000000  0.000000000000  0.000000000000  0.000000000000  0.000000000000  0.000000000000  
piranga_bidentata_itm160 0.001484211581  0.001483606691  0.001483606691  0.002973910284  0.001742060184  0.002973910284  0.000000000000  0.002973910284  0.001493075752  0.000000000000  0.003964209315  0.001681355308  0.000000000000  0.001760461184  0.001484211581  0.004410009426  0.002507787550  0.000000000000  0.000000000000  0.000000000000  0.002973910284  0.000000000000  0.002973910284  0.000000000000  0.001484211581  0.000000000000  0.000000000000  0.000000000000  0.001484211581  0.000000000000  
piranga_leucoptera_fmnh481795 0.004469136831  0.004464008892  0.004464008892  0.000000000000  0.001742060184  0.005969932399  0.003433389323  0.005969932399  0.004495927661  0.002973910284  0.007967806303  0.005065260427  0.004028082487  0.001760461184  0.004469136831  0.004410009426  0.002507787550  0.002973910284  0.000000000000  0.002973910284  0.000000000000  0.003051035441  0.000000000000  0.000000000000  0.001484211581  0.000000000000  0.000000000000  0.002973910284  0.004469136831  0.002973910284  
piranga_lutea_ku89864 0.001522630012  0.001521993401  0.001521993401  0.003051035441  0.001742060184  0.003051035441  0.000000000000  0.003051035441  0.001522630012  0.000000000000  0.004102445568  0.000000000000  0.000000000000  0.001760461184  0.001522630012  0.004410009426  0.002507787550  0.000000000000  0.000000000000  0.000000000000  0.003051035441  0.000000000000  0.003051035441  0.000000000000  0.001522630012  0.000000000000  0.000000000000  0.000000000000  0.001522630012  0.000000000000  
piranga_rubriceps_lsu34818 0.004469136831  0.004464008892  0.004464008892  0.000000000000  0.001742060184  0.005969932399  0.003433389323  0.005969932399  0.004495927661  0.002973910284  0.007967806303  0.005065260427  0.004028082487  0.001760461184  0.004469136831  0.004410009426  0.002507787550  0.002973910284  0.000000000000  0.002973910284  0.000000000000  0.003051035441  0.000000000000  0.000000000000  0.001484211581  0.000000000000  0.000000000000  0.002973910284  0.004469136831  0.002973910284  
piranga_roseogularis_ku2141 0.001758216267  0.001757367403  0.000000000000  0.000000000000  0.001757367403  0.001758216267  0.000000000000  0.001758216267  0.001758216267  0.000000000000  0.002495272285  0.000000000000  0.000000000000  0.001824707816  0.001758216267  0.004410009426  0.002507787550  0.000000000000  0.000000000000  0.000000000000  0.000000000000  0.000000000000  0.000000000000  0.000000000000  0.000000000000  0.000000000000  0.000000000000  0.000000000000  0.001758216267  0.000000000000  
piranga_erythrocephala_fmnh343371 0.002973910284  0.002971052239  0.002971052239  0.001484211581  0.001742060184  0.004469136831  0.001713037832  0.004469136831  0.002991704486  0.001484211581  0.005961035492  0.003369755688  0.002009007920  0.001760461184  0.002973910284  0.004410009426  0.002507787550  0.001484211581  0.000000000000  0.001484211581  0.001484211581  0.001522630012  0.001484211581  0.000000000000  0.000000000000  0.000000000000  0.000000000000  0.001484211581  0.002973910284  0.001484211581  
piranga_erythrocephala_fmnh343370 0.000000000000  0.002202484105  0.000000000000  0.000000000000  0.000000000000  0.000000000000  0.000000000000  0.000000000000  0.000000000000  0.000000000000  0.002514092380  0.000000000000  0.000000000000  0.002202484105  0.000000000000  0.004410009426  0.002507787550  0.000000000000  0.000000000000  0.000000000000  0.000000000000  0.000000000000  0.000000000000  0.000000000000  0.000000000000  0.000000000000  0.000000000000  0.000000000000  0.000000000000  0.000000000000  
piranga_ludoviciana_sdsu2650 0.000000000000  0.003773127387  0.000000000000  0.000000000000  0.000000000000  0.000000000000  0.000000000000  0.000000000000  0.000000000000  0.000000000000  0.003777045395  0.000000000000  0.000000000000  0.000000000000  0.000000000000  0.004932021527  0.003777045395  0.000000000000  0.000000000000  0.000000000000  0.000000000000  0.000000000000  0.000000000000  0.000000000000  0.000000000000  0.000000000000  0.000000000000  0.000000000000  0.000000000000  0.000000000000  
piranga_bidentata_tepe59 0.001484211581  0.001483606691  0.001483606691  0.002973910284  0.001742060184  0.002973910284  0.000000000000  0.002973910284  0.001493075752  0.000000000000  0.003964209315  0.001681355308  0.000000000000  0.001760461184  0.001484211581  0.004410009426  0.002507787550  0.000000000000  0.000000000000  0.000000000000  0.002973910284  0.000000000000  0.002973910284  0.000000000000  0.001484211581  0.000000000000  0.000000000000  0.000000000000  0.001484211581  0.000000000000  
piranga_rubra_sdsu2635 0.000000000000  0.002971052239  0.002971052239  0.004469136831  0.003489415697  0.004469136831  0.001713037832  0.004469136831  0.000000000000  0.001484211581  0.005961035492  0.003369755688  0.002009007920  0.003526330333  0.000000000000  0.004410009426  0.002507787550  0.001484211581  0.000000000000  0.001484211581  0.004469136831  0.001522630012  0.004469136831  0.001758216267  0.002973910284  0.000000000000  0.000000000000  0.001484211581  0.000000000000  0.001484211581  
piranga_bidentata_itm141 0.001484211581  0.001483606691  0.001483606691  0.002973910284  0.001742060184  0.002973910284  0.000000000000  0.002973910284  0.001493075752  0.000000000000  0.003964209315  0.001681355308  0.000000000000  0.001760461184  0.001484211581  0.004410009426  0.002507787550  0.000000000000  0.000000000000  0.000000000000  0.002973910284  0.000000000000  0.002973910284  0.000000000000  0.001484211581  0.000000000000  0.000000000000  0.000000000000  0.001484211581  0.000000000000  

