30
cardinalis_cardinalis_ku21828 0.000000000000  0.001501730072  0.036524827820  0.036513810492  0.034465526121  0.035482207597  0.031779433395  0.034407956245  0.030705864595  0.032271374741  0.027060437714  0.027060437714  0.029152166572  0.028109623219  0.030196239806  0.029152166572  0.028101286316  0.032799641444  0.034899597797  0.031251124135  0.030742623196  0.043985674222  0.027060437714  0.031241847557  0.030714416156  0.032279970902  0.032271374741  0.037058073368  0.035971177144  0.032827613809  
cardinalis_cardinalis_ku25393 0.001501730072  0.000000000000  0.037046750380  0.037035858309  0.034985573597  0.036003313793  0.032298445114  0.034928622013  0.031224572733  0.032791173108  0.027576704209  0.027576704209  0.029669662209  0.028626440021  0.030714416156  0.029669662209  0.028618229866  0.033319718833  0.035421052059  0.031769856788  0.031260826320  0.044512122020  0.027576704209  0.031760706506  0.031232996964  0.032799641444  0.032791173108  0.037580280236  0.036493067914  0.033347310845  
piranga_erythrocephala_fmnh343371 0.036524827820  0.037046750380  0.000000000000  0.006026367584  0.021878900762  0.022892211310  0.019271543164  0.021848499146  0.022349225615  0.023896918240  0.019263514536  0.019263514536  0.021325855236  0.020295845225  0.022357354855  0.021325855236  0.020291883852  0.024935802007  0.027532280655  0.023395202258  0.024435289387  0.038061201531  0.019779403480  0.022871435239  0.022353080055  0.023900797222  0.024935802007  0.028596144430  0.027537353289  0.024429854220  
piranga_erythrocephala_fmnh343370 0.036513810492  0.037035858309  0.006026367584  0.000000000000  0.021871984942  0.022886387612  0.019267320399  0.021843673959  0.022345791926  0.023893461756  0.019260125960  0.019260125960  0.021321737552  0.020291883852  0.022353080055  0.021321737552  0.020288340786  0.024931765432  0.027527633587  0.023390348525  0.024429854220  0.038051860608  0.019775728812  0.022867291967  0.022349225615  0.023896918240  0.024931765432  0.028589632233  0.027532280655  0.024424840709  
piranga_leucoptera_fmnh481795 0.034465526121  0.034985573597  0.021878900762  0.021871984942  0.000000000000  0.009566176021  0.010580586548  0.013124225820  0.020822592688  0.021330391866  0.017227688114  0.017227688114  0.019286709067  0.018259036013  0.020315866125  0.019286709067  0.018253723597  0.022886387612  0.025477625930  0.019798274369  0.021871984942  0.035460103442  0.017227688114  0.021346511612  0.020828094963  0.022372697567  0.023406171205  0.027068605130  0.026006375075  0.022905115782  
piranga_leucoptera_lsu7783 0.035482207597  0.036003313793  0.022892211310  0.022886387612  0.009566176021  0.000000000000  0.011591521998  0.013119681221  0.021839268040  0.023385915798  0.018240276355  0.018240276355  0.020300224520  0.019271543164  0.021330391866  0.020300224520  0.019267320399  0.023905098311  0.026498338576  0.021330391866  0.022886387612  0.036483343423  0.018240276355  0.022362049630  0.021843673959  0.023390348525  0.024424840709  0.028085882503  0.027025940624  0.023920530336  
piranga_rubriceps_lsu265 0.031779433395  0.032298445114  0.019271543164  0.019267320399  0.010580586548  0.011591521998  0.000000000000  0.003508401589  0.018230572103  0.019769633830  0.014650204654  0.014650204654  0.016697501845  0.015674369366  0.017722103011  0.016697501845  0.015671722311  0.020285216414  0.022863569766  0.018751697277  0.019267320399  0.032783133302  0.014650204654  0.018748177212  0.018233390328  0.019772472133  0.020801351143  0.023395202258  0.022349225615  0.020295845225  
piranga_rubriceps_lsu34818 0.034407956245  0.034928622013  0.021848499146  0.021843673959  0.013124225820  0.013119681221  0.003508401589  0.000000000000  0.020801351143  0.022345791926  0.017208129517  0.017208129517  0.019263514536  0.018236625207  0.020291883852  0.019263514536  0.018233390328  0.022863569766  0.025451757302  0.021325855236  0.021843673959  0.035412365795  0.017208129517  0.021321737552  0.020804762197  0.022349225615  0.023381904465  0.025987439330  0.024935802007  0.022875999194  
piranga_flava_ku90809 0.030705864595  0.031224572733  0.022349225615  0.022345791926  0.020822592688  0.021839268040  0.018230572103  0.020801351143  0.000000000000  0.005021487595  0.003508401589  0.003508401589  0.005521703624  0.004514588367  0.006530240301  0.005521703624  0.004513958262  0.009056068672  0.011592750788  0.007541667200  0.014138937278  0.027020311874  0.009561604630  0.013626689791  0.013116784641  0.014645196286  0.015666268597  0.019263514536  0.018228170918  0.015159650095  
piranga_flava_lsu15408 0.032271374741  0.032791173108  0.023896918240  0.023893461756  0.021330391866  0.023385915798  0.019769633830  0.022345791926  0.005021487595  0.000000000000  0.006530240301  0.006530240301  0.008553204303  0.007541667200  0.009566176021  0.008553204303  0.007540202532  0.012101877651  0.014650204654  0.010582897906  0.017208129517  0.030150556107  0.012608381280  0.016692320594  0.016179723764  0.017714501514  0.018740120379  0.022357354855  0.021314760568  0.018233390328  
piranga_bidentata_itm160 0.027060437714  0.027576704209  0.019263514536  0.019260125960  0.017227688114  0.018240276355  0.014650204654  0.017208129517  0.003508401589  0.006530240301  0.000000000000  0.000000000000  0.002003281540  0.001001038874  0.003006931665  0.002003281540  0.001000700003  0.005520931520  0.008045103500  0.004013157038  0.010578684143  0.023395202258  0.006024445649  0.010069395405  0.009562134197  0.011083210450  0.012099274178  0.015677430356  0.014648121371  0.011594390281  
piranga_bidentata_itm141 0.027060437714  0.027576704209  0.019263514536  0.019260125960  0.017227688114  0.018240276355  0.014650204654  0.017208129517  0.003508401589  0.006530240301  0.000000000000  0.000000000000  0.002003281540  0.001001038874  0.003006931665  0.002003281540  0.001000700003  0.005520931520  0.008045103500  0.004013157038  0.010578684143  0.023395202258  0.006024445649  0.010069395405  0.009562134197  0.011083210450  0.012099274178  0.015677430356  0.014648121371  0.011594390281  
piranga_ludoviciana_sdsu2385 0.029152166572  0.029669662209  0.021325855236  0.021321737552  0.019286709067  0.020300224520  0.016697501845  0.019263514536  0.005521703624  0.008553204303  0.002003281540  0.002003281540  0.000000000000  0.002003281540  0.005019777394  0.004013157038  0.003006931665  0.007540202532  0.010072235599  0.006029673188  0.012613740892  0.025471606812  0.008044176793  0.012101877651  0.011592750788  0.013118026737  0.014137134986  0.017729251092  0.016694703556  0.013632493187  
piranga_ludoviciana_sdsu2208 0.028109623219  0.028626440021  0.020295845225  0.020291883852  0.018259036013  0.019271543164  0.015674369366  0.018236625207  0.004514588367  0.007541667200  0.001001038874  0.001001038874  0.002003281540  0.000000000000  0.004013157038  0.003007953025  0.002003281540  0.006530240301  0.009058618266  0.005021487595  0.011596440095  0.023914965253  0.007033715597  0.011085522318  0.010577191070  0.012100370219  0.013118026737  0.016704342867  0.015671722311  0.012613740892  
piranga_olivacea_ku2699 0.030196239806  0.030714416156  0.022357354855  0.022353080055  0.020315866125  0.021330391866  0.017722103011  0.020291883852  0.006530240301  0.009566176021  0.003006931665  0.003006931665  0.005019777394  0.004013157038  0.000000000000  0.005019777394  0.004011993318  0.008551594466  0.011087293468  0.007039284102  0.013632493187  0.026509433401  0.009056068672  0.013119681221  0.012609756247  0.014137134986  0.015157699233  0.018755633928  0.017719152710  0.014652701249  
piranga_ludoviciana_sdsu2648 0.029152166572  0.029669662209  0.021325855236  0.021321737552  0.019286709067  0.020300224520  0.016697501845  0.019263514536  0.005521703624  0.008553204303  0.002003281540  0.002003281540  0.004013157038  0.003007953025  0.005019777394  0.000000000000  0.003006931665  0.007540202532  0.010072235599  0.006029673188  0.011594390281  0.024429854220  0.008044176793  0.012101877651  0.011592750788  0.013118026737  0.014137134986  0.017729251092  0.016694703556  0.013632493187  
piranga_ludoviciana_sdsu2650 0.028101286316  0.028618229866  0.020291883852  0.020288340786  0.018253723597  0.019267320399  0.015671722311  0.018233390328  0.004513958262  0.007540202532  0.001000700003  0.001000700003  0.003006931665  0.002003281540  0.004011993318  0.003006931665  0.000000000000  0.006529325473  0.009057139447  0.005019777394  0.011594390281  0.024429854220  0.007033338688  0.011084161185  0.010576107709  0.012099274178  0.013116784641  0.016700715076  0.015669489574  0.012611542912  
piranga_bidentata_tepe59 0.032799641444  0.033319718833  0.024935802007  0.024931765432  0.022886387612  0.023905098311  0.020285216414  0.022863569766  0.009056068672  0.012101877651  0.005520931520  0.005520931520  0.007540202532  0.006530240301  0.008551594466  0.007540202532  0.006529325473  0.000000000000  0.003508401589  0.008551594466  0.016181823962  0.029101538428  0.011590704295  0.015667671540  0.015156162765  0.016688802197  0.017712801395  0.021321737552  0.019772472133  0.017205463188  
piranga_bidentata_hgoslp104 0.034899597797  0.035421052059  0.027532280655  0.027527633587  0.025477625930  0.026498338576  0.022863569766  0.025451757302  0.011592750788  0.014650204654  0.008045103500  0.008045103500  0.010072235599  0.009058618266  0.011087293468  0.010072235599  0.009057139447  0.003508401589  0.000000000000  0.011087293468  0.018745074116  0.031714778953  0.014135746083  0.018228170918  0.017714501514  0.019252467815  0.020280225308  0.023905098311  0.022349225615  0.019772472133  
piranga_olivacea_ku4672 0.031251124135  0.031769856788  0.023395202258  0.023390348525  0.019798274369  0.021330391866  0.018751697277  0.021325855236  0.007541667200  0.010582897906  0.004013157038  0.004013157038  0.006029673188  0.005021487595  0.007039284102  0.006029673188  0.005019777394  0.008551594466  0.011087293468  0.000000000000  0.014655610776  0.027555120681  0.010070610988  0.014141152575  0.013119681221  0.014648121371  0.016181823962  0.019788005244  0.018748177212  0.015677430356  
piranga_roseogularis_ku2049 0.030742623196  0.031260826320  0.024435289387  0.024429854220  0.021871984942  0.022886387612  0.019267320399  0.021843673959  0.014138937278  0.017208129517  0.010578684143  0.010578684143  0.012613740892  0.011596440095  0.013632493187  0.011594390281  0.011594390281  0.016181823962  0.018745074116  0.014655610776  0.000000000000  0.013130415389  0.005526445073  0.009573889567  0.009065499209  0.010585617840  0.010582897906  0.014163096118  0.013130415389  0.010082816764  
piranga_roseogularis_ku2141 0.043985674222  0.044512122020  0.038061201531  0.038051860608  0.035460103442  0.036483343423  0.032783133302  0.035412365795  0.027020311874  0.030150556107  0.023395202258  0.023395202258  0.025471606812  0.023914965253  0.026509433401  0.024429854220  0.024429854220  0.029101538428  0.031714778953  0.027555120681  0.013130415389  0.000000000000  0.018775538769  0.022905115782  0.022385020815  0.023932921810  0.023926515982  0.027593208218  0.026529249826  0.023425772605  
piranga_hepatica_ku4970 0.027060437714  0.027576704209  0.019779403480  0.019775728812  0.017227688114  0.018240276355  0.014650204654  0.017208129517  0.009561604630  0.012608381280  0.006024445649  0.006024445649  0.008044176793  0.007033715597  0.009056068672  0.008044176793  0.007033338688  0.011590704295  0.014135746083  0.010070610988  0.005526445073  0.018775538769  0.000000000000  0.005019777394  0.004515621944  0.006026367584  0.007035688430  0.010592281936  0.009568339736  0.006535415748  
piranga_lutea_ku89864 0.031241847557  0.031760706506  0.022871435239  0.022867291967  0.021346511612  0.022362049630  0.018748177212  0.021321737552  0.013626689791  0.016692320594  0.010069395405  0.010069395405  0.012101877651  0.011085522318  0.013119681221  0.012101877651  0.011084161185  0.015667671540  0.018228170918  0.014141152575  0.009573889567  0.022905115782  0.005019777394  0.000000000000  0.006533285813  0.008048177725  0.009060504750  0.012630887254  0.011601769171  0.008560474231  
piranga_lutea_lsu5400 0.030714416156  0.031232996964  0.022353080055  0.022349225615  0.020828094963  0.021843673959  0.018233390328  0.020804762197  0.013116784641  0.016179723764  0.009562134197  0.009562134197  0.011592750788  0.010577191070  0.012609756247  0.011592750788  0.010576107709  0.015156162765  0.017714501514  0.013119681221  0.009065499209  0.022385020815  0.004515621944  0.006533285813  0.000000000000  0.001501521648  0.008553204303  0.012119540150  0.011092064299  0.008052877191  
piranga_hepatica_ku9084 0.032279970902  0.032799641444  0.023900797222  0.023896918240  0.022372697567  0.023390348525  0.019772472133  0.022349225615  0.014645196286  0.017714501514  0.011083210450  0.011083210450  0.013118026737  0.012100370219  0.014137134986  0.013118026737  0.012099274178  0.016688802197  0.019252467815  0.014648121371  0.010585617840  0.023932921810  0.006026367584  0.008048177725  0.001501521648  0.000000000000  0.010072235599  0.013645996325  0.012616349806  0.009570911043  
piranga_rubra_sdsu2635 0.032271374741  0.032791173108  0.024935802007  0.024931765432  0.023406171205  0.024424840709  0.020801351143  0.023381904465  0.015666268597  0.018740120379  0.012099274178  0.012099274178  0.014137134986  0.013118026737  0.015157699233  0.014137134986  0.013116784641  0.017712801395  0.020280225308  0.016181823962  0.010582897906  0.023926515982  0.007035688430  0.009060504750  0.008553204303  0.010072235599  0.000000000000  0.011598899851  0.010577191070  0.007540202532  
piranga_rubra_ku7046 0.037058073368  0.037580280236  0.028596144430  0.028589632233  0.027068605130  0.028085882503  0.023395202258  0.025987439330  0.019263514536  0.022357354855  0.015677430356  0.015677430356  0.017729251092  0.016704342867  0.018755633928  0.017729251092  0.016700715076  0.021321737552  0.023905098311  0.019788005244  0.014163096118  0.027593208218  0.010592281936  0.012630887254  0.012119540150  0.013645996325  0.011598899851  0.000000000000  0.005018470589  0.005021487595  
piranga_rubra_sdsu2654 0.035971177144  0.036493067914  0.027537353289  0.027532280655  0.026006375075  0.027025940624  0.022349225615  0.024935802007  0.018228170918  0.021314760568  0.014648121371  0.014648121371  0.016694703556  0.015671722311  0.017719152710  0.016694703556  0.015669489574  0.019772472133  0.022349225615  0.018748177212  0.013130415389  0.026529249826  0.009568339736  0.011601769171  0.011092064299  0.012616349806  0.010577191070  0.005018470589  0.000000000000  0.004011232400  
piranga_rubra_ku26592 0.032827613809  0.033347310845  0.024429854220  0.024424840709  0.022905115782  0.023920530336  0.020295845225  0.022875999194  0.015159650095  0.018233390328  0.011594390281  0.011594390281  0.013632493187  0.012613740892  0.014652701249  0.013632493187  0.012611542912  0.017205463188  0.019772472133  0.015677430356  0.010082816764  0.023425772605  0.006535415748  0.008560474231  0.008052877191  0.009570911043  0.007540202532  0.005021487595  0.004011232400  0.000000000000  

