30
cardinalis_cardinalis_ku21828 0.000000000000  0.000000000000  0.004513999655  0.004513999655  0.004513999655  0.008551785782  0.012610117808  0.012610117808  0.007540352806  0.008048397381  0.010077078228  0.008553429504  0.008553429504  0.008048397381  0.008048397381  0.008050581789  0.008050581789  0.004513999655  0.006531701434  0.007033811519  0.007033811519  0.009571272298  0.015176480916  0.006026477669  0.006026477669  0.006026477669  0.006026477669  0.006529416796  0.006531701434  0.006531701434  
cardinalis_cardinalis_ku25393 0.000000000000  0.000000000000  0.004513999655  0.004513999655  0.004513999655  0.008551785782  0.012610117808  0.012610117808  0.007540352806  0.008048397381  0.010077078228  0.008553429504  0.008553429504  0.008048397381  0.008048397381  0.008050581789  0.008050581789  0.004513999655  0.006531701434  0.007033811519  0.007033811519  0.009571272298  0.015176480916  0.006026477669  0.006026477669  0.006026477669  0.006026477669  0.006529416796  0.006531701434  0.006531701434  
piranga_rubriceps_lsu265 0.004513999655  0.004513999655  0.000000000000  0.000000000000  0.000000000000  0.004012047706  0.008045259026  0.008045259026  0.004013230944  0.004519024625  0.006538192983  0.005021617215  0.005021617215  0.004519024625  0.004519024625  0.004521296887  0.004521296887  0.001001046557  0.003009445390  0.003508926472  0.003508926472  0.006034833751  0.011613501684  0.002506554708  0.002506554708  0.002506554708  0.002506554708  0.003006965605  0.003009445390  0.003009445390  
piranga_rubriceps_lsu34818 0.004513999655  0.004513999655  0.000000000000  0.000000000000  0.000000000000  0.004012047706  0.008045259026  0.008045259026  0.004013230944  0.004519024625  0.006538192983  0.005021617215  0.005021617215  0.004519024625  0.004519024625  0.004521296887  0.004521296887  0.001001046557  0.003009445390  0.003508926472  0.003508926472  0.006034833751  0.011613501684  0.002506554708  0.002506554708  0.002506554708  0.002506554708  0.003006965605  0.003009445390  0.003009445390  
piranga_leucoptera_lsu7783 0.004513999655  0.004513999655  0.000000000000  0.000000000000  0.000000000000  0.004012047706  0.008045259026  0.008045259026  0.004013230944  0.004519024625  0.006538192983  0.005021617215  0.005021617215  0.004519024625  0.004519024625  0.004521296887  0.004521296887  0.001001046557  0.003009445390  0.003508926472  0.003508926472  0.006034833751  0.011613501684  0.002506554708  0.002506554708  0.002506554708  0.002506554708  0.003006965605  0.003009445390  0.003009445390  
piranga_leucoptera_fmnh481795 0.008551785782  0.008551785782  0.004012047706  0.004012047706  0.004012047706  0.000000000000  0.012104194046  0.012104194046  0.008050581789  0.008560823447  0.010592814165  0.009065854256  0.009065854256  0.008560823447  0.008560823447  0.008564107789  0.008564107789  0.005019880242  0.007041936966  0.007541847724  0.007541847724  0.010087006181  0.015700052825  0.006535621013  0.006535621013  0.006535621013  0.006535621013  0.007037459288  0.007041936966  0.007041936966  
piranga_erythrocephala_fmnh343371 0.012610117808  0.012610117808  0.008045259026  0.008045259026  0.008045259026  0.012104194046  0.000000000000  0.000000000000  0.012106571771  0.012619932931  0.014663459473  0.013127687635  0.013127687635  0.012619932931  0.012619932931  0.012623422543  0.012623422543  0.009058849388  0.011092495136  0.011594735222  0.011594735222  0.014154918601  0.019799768254  0.010583272707  0.010583272707  0.010583272707  0.010583272707  0.011087630667  0.011092495136  0.011092495136  
piranga_erythrocephala_fmnh343370 0.012610117808  0.012610117808  0.008045259026  0.008045259026  0.008045259026  0.012104194046  0.000000000000  0.000000000000  0.012106571771  0.012619932931  0.014663459473  0.013127687635  0.013127687635  0.012619932931  0.012619932931  0.012623422543  0.012623422543  0.009058849388  0.011092495136  0.011594735222  0.011594735222  0.014154918601  0.019799768254  0.010583272707  0.010583272707  0.010583272707  0.010583272707  0.011087630667  0.011092495136  0.011092495136  
piranga_olivacea_ku4672 0.007540352806  0.007540352806  0.004013230944  0.004013230944  0.004013230944  0.008050581789  0.012106571771  0.012106571771  0.000000000000  0.006535621013  0.008560823447  0.007039493790  0.007039493790  0.006535621013  0.006535621013  0.006538192983  0.006538192983  0.003006965605  0.006032133377  0.006531701434  0.006531701434  0.009072576190  0.014677356977  0.005526608498  0.005526608498  0.005526608498  0.005526608498  0.006027954969  0.006032133377  0.006032133377  
piranga_ludoviciana_sdsu2650 0.008048397381  0.008048397381  0.004519024625  0.004519024625  0.004519024625  0.008560823447  0.012619932931  0.012619932931  0.006535621013  0.000000000000  0.002003299923  0.000500190434  0.000500190434  0.000000000000  0.000000000000  0.003008002932  0.003008002932  0.003511146759  0.006541172585  0.007039493790  0.007039493790  0.009585843533  0.015196990200  0.006034833751  0.006034833751  0.006034833751  0.006034833751  0.006535621013  0.006541172585  0.006541172585  
piranga_ludoviciana_sdsu2208 0.010077078228  0.010077078228  0.006538192983  0.006538192983  0.006538192983  0.010592814165  0.014663459473  0.014663459473  0.008560823447  0.002003299923  0.000000000000  0.002504625500  0.002504625500  0.002003299923  0.002003299923  0.005021617215  0.005021617215  0.005526608498  0.008567801369  0.009065854256  0.009065854256  0.011623055916  0.016736210345  0.008059591499  0.008059591499  0.008059591499  0.008059591499  0.008560823447  0.008567801369  0.008567801369  
piranga_bidentata_hgoslp104 0.008553429504  0.008553429504  0.005021617215  0.005021617215  0.005021617215  0.009065854256  0.013127687635  0.013127687635  0.007039493790  0.000500190434  0.002504625500  0.000000000000  0.001000762164  0.000500190434  0.000500190434  0.003509833716  0.003509833716  0.004013230944  0.007044788447  0.007543752362  0.007543752362  0.010091137068  0.015705676151  0.006538192983  0.006538192983  0.006538192983  0.006538192983  0.007039493790  0.007044788447  0.007044788447  
piranga_ludoviciana_sdsu2385 0.008553429504  0.008553429504  0.005021617215  0.005021617215  0.005021617215  0.009065854256  0.013127687635  0.013127687635  0.007039493790  0.000500190434  0.002504625500  0.001000762164  0.000000000000  0.000500190434  0.000500190434  0.003509833716  0.003509833716  0.004013230944  0.007044788447  0.007543752362  0.007543752362  0.010091137068  0.015705676151  0.006538192983  0.006538192983  0.006538192983  0.006538192983  0.007039493790  0.007044788447  0.007044788447  
piranga_ludoviciana_sdsu2648 0.008048397381  0.008048397381  0.004519024625  0.004519024625  0.004519024625  0.008560823447  0.012619932931  0.012619932931  0.006535621013  0.000000000000  0.002003299923  0.000500190434  0.000500190434  0.000000000000  0.000000000000  0.003008002932  0.003008002932  0.003511146759  0.006541172585  0.007039493790  0.007039493790  0.009585843533  0.015196990200  0.006034833751  0.006034833751  0.006034833751  0.006034833751  0.006535621013  0.006541172585  0.006541172585  
piranga_bidentata_tepe59 0.008048397381  0.008048397381  0.004519024625  0.004519024625  0.004519024625  0.008560823447  0.012619932931  0.012619932931  0.006535621013  0.000000000000  0.002003299923  0.000500190434  0.000500190434  0.000000000000  0.000000000000  0.003008002932  0.003008002932  0.003511146759  0.006541172585  0.007039493790  0.007039493790  0.009585843533  0.015196990200  0.006034833751  0.006034833751  0.006034833751  0.006034833751  0.006535621013  0.006541172585  0.006541172585  
piranga_bidentata_itm160 0.008050581789  0.008050581789  0.004521296887  0.004521296887  0.004521296887  0.008564107789  0.012623422543  0.012623422543  0.006538192983  0.003008002932  0.005021617215  0.003509833716  0.003509833716  0.003008002932  0.003008002932  0.000000000000  0.000000000000  0.003512865236  0.006544559455  0.007041936966  0.007041936966  0.009590510999  0.015203154575  0.006037941084  0.006037941084  0.006037941084  0.006037941084  0.006538192983  0.006544559455  0.006544559455  
piranga_bidentata_itm141 0.008050581789  0.008050581789  0.004521296887  0.004521296887  0.004521296887  0.008564107789  0.012623422543  0.012623422543  0.006538192983  0.003008002932  0.005021617215  0.003509833716  0.003509833716  0.003008002932  0.003008002932  0.000000000000  0.000000000000  0.003512865236  0.006544559455  0.007041936966  0.007041936966  0.009590510999  0.015203154575  0.006037941084  0.006037941084  0.006037941084  0.006037941084  0.006538192983  0.006544559455  0.006544559455  
piranga_olivacea_ku2699 0.004513999655  0.004513999655  0.001001046557  0.001001046557  0.001001046557  0.005019880242  0.009058849388  0.009058849388  0.003006965605  0.003511146759  0.005526608498  0.004013230944  0.004013230944  0.003511146759  0.003511146759  0.003512865236  0.003512865236  0.000000000000  0.003009445390  0.003508926472  0.003508926472  0.006034833751  0.011613501684  0.002506554708  0.002506554708  0.002506554708  0.002506554708  0.003006965605  0.003009445390  0.003009445390  
piranga_lutea_ku89864 0.006531701434  0.006531701434  0.003009445390  0.003009445390  0.003009445390  0.007041936966  0.011092495136  0.011092495136  0.006032133377  0.006541172585  0.008567801369  0.007044788447  0.007044788447  0.006541172585  0.006541172585  0.006544559455  0.006544559455  0.003009445390  0.000000000000  0.002504268507  0.002504268507  0.005023760900  0.010592814165  0.001502356397  0.001502356397  0.001502356397  0.001502356397  0.001501524882  0.002004192080  0.002004192080  
piranga_hepatica_ku4970 0.007033811519  0.007033811519  0.003508926472  0.003508926472  0.003508926472  0.007541847724  0.011594735222  0.011594735222  0.006531701434  0.007039493790  0.009065854256  0.007543752362  0.007543752362  0.007039493790  0.007039493790  0.007041936966  0.007041936966  0.003508926472  0.002504268507  0.000000000000  0.000000000000  0.005522986446  0.011092495136  0.002002729562  0.002002729562  0.002002729562  0.002002729562  0.002504771593  0.002504268507  0.002504268507  
piranga_hepatica_ku9084 0.007033811519  0.007033811519  0.003508926472  0.003508926472  0.003508926472  0.007541847724  0.011594735222  0.011594735222  0.006531701434  0.007039493790  0.009065854256  0.007543752362  0.007543752362  0.007039493790  0.007039493790  0.007041936966  0.007041936966  0.003508926472  0.002504268507  0.000000000000  0.000000000000  0.005522986446  0.011092495136  0.002002729562  0.002002729562  0.002002729562  0.002002729562  0.002504771593  0.002504268507  0.002504268507  
piranga_roseogularis_ku2049 0.009571272298  0.009571272298  0.006034833751  0.006034833751  0.006034833751  0.010087006181  0.014154918601  0.014154918601  0.009072576190  0.009585843533  0.011623055916  0.010091137068  0.010091137068  0.009585843533  0.009585843533  0.009590510999  0.009590510999  0.006034833751  0.005023760900  0.005522986446  0.005522986446  0.000000000000  0.005522986446  0.003511146759  0.003511146759  0.004519024625  0.004519024625  0.005019880242  0.005023760900  0.005023760900  
piranga_roseogularis_ku2141 0.015176480916  0.015176480916  0.011613501684  0.011613501684  0.011613501684  0.015700052825  0.019799768254  0.019799768254  0.014677356977  0.015196990200  0.016736210345  0.015705676151  0.015705676151  0.015196990200  0.015196990200  0.015203154575  0.015203154575  0.011613501684  0.010592814165  0.011092495136  0.011092495136  0.005522986446  0.000000000000  0.009065854256  0.009065854256  0.010083285835  0.010083285835  0.010586041359  0.010592814165  0.010592814165  
piranga_flava_lsu15408 0.006026477669  0.006026477669  0.002506554708  0.002506554708  0.002506554708  0.006535621013  0.010583272707  0.010583272707  0.005526608498  0.006034833751  0.008059591499  0.006538192983  0.006538192983  0.006034833751  0.006034833751  0.006037941084  0.006037941084  0.002506554708  0.001502356397  0.002002729562  0.002002729562  0.003511146759  0.009065854256  0.000000000000  0.000000000000  0.001001046557  0.001001046557  0.001501524882  0.001502356397  0.001502356397  
piranga_flava_ku90809 0.006026477669  0.006026477669  0.002506554708  0.002506554708  0.002506554708  0.006535621013  0.010583272707  0.010583272707  0.005526608498  0.006034833751  0.008059591499  0.006538192983  0.006538192983  0.006034833751  0.006034833751  0.006037941084  0.006037941084  0.002506554708  0.001502356397  0.002002729562  0.002002729562  0.003511146759  0.009065854256  0.000000000000  0.000000000000  0.001001046557  0.001001046557  0.001501524882  0.001502356397  0.001502356397  
piranga_lutea_lsu5400 0.006026477669  0.006026477669  0.002506554708  0.002506554708  0.002506554708  0.006535621013  0.010583272707  0.010583272707  0.005526608498  0.006034833751  0.008059591499  0.006538192983  0.006538192983  0.006034833751  0.006034833751  0.006037941084  0.006037941084  0.002506554708  0.001502356397  0.002002729562  0.002002729562  0.004519024625  0.010083285835  0.001001046557  0.001001046557  0.000000000000  0.001001046557  0.001501524882  0.001502356397  0.001502356397  
piranga_rubra_ku7046 0.006026477669  0.006026477669  0.002506554708  0.002506554708  0.002506554708  0.006535621013  0.010583272707  0.010583272707  0.005526608498  0.006034833751  0.008059591499  0.006538192983  0.006538192983  0.006034833751  0.006034833751  0.006037941084  0.006037941084  0.002506554708  0.001502356397  0.002002729562  0.002002729562  0.004519024625  0.010083285835  0.001001046557  0.001001046557  0.001001046557  0.000000000000  0.001501524882  0.001502356397  0.001502356397  
piranga_rubra_sdsu2654 0.006529416796  0.006529416796  0.003006965605  0.003006965605  0.003006965605  0.007037459288  0.011087630667  0.011087630667  0.006027954969  0.006535621013  0.008560823447  0.007039493790  0.007039493790  0.006535621013  0.006535621013  0.006538192983  0.006538192983  0.003006965605  0.001501524882  0.002504771593  0.002504771593  0.005019880242  0.010586041359  0.001501524882  0.001501524882  0.001501524882  0.001501524882  0.000000000000  0.002002812294  0.002002812294  
piranga_rubra_sdsu2635 0.006531701434  0.006531701434  0.003009445390  0.003009445390  0.003009445390  0.007041936966  0.011092495136  0.011092495136  0.006032133377  0.006541172585  0.008567801369  0.007044788447  0.007044788447  0.006541172585  0.006541172585  0.006544559455  0.006544559455  0.003009445390  0.002004192080  0.002504268507  0.002504268507  0.005023760900  0.010592814165  0.001502356397  0.001502356397  0.001502356397  0.001502356397  0.002002812294  0.000000000000  0.000000000000  
piranga_rubra_ku26592 0.006531701434  0.006531701434  0.003009445390  0.003009445390  0.003009445390  0.007041936966  0.011092495136  0.011092495136  0.006032133377  0.006541172585  0.008567801369  0.007044788447  0.007044788447  0.006541172585  0.006541172585  0.006544559455  0.006544559455  0.003009445390  0.002004192080  0.002504268507  0.002504268507  0.005023760900  0.010592814165  0.001502356397  0.001502356397  0.001502356397  0.001502356397  0.002002812294  0.000000000000  0.000000000000  

