18
melgal2    0.000000000000  0.049693211245  0.009056590565  0.019252978448  0.019252978448  0.019252978448  0.019252978448  0.019252978448  0.019252978448  0.019252978448  0.016183779571  0.016183779571  0.012107497926  0.009056590565  0.009056590565  0.016176648977  0.021315087950  0.013119178354  
cyrtonyx_montezumae 0.049693211245  0.000000000000  0.046504720142  0.057250279157  0.057250279157  0.057250279157  0.057250279157  0.057250279157  0.057250279157  0.057250279157  0.054032122463  0.054032122463  0.049744614689  0.046504720142  0.046504720142  0.053981700610  0.058344867003  0.050790784456  
tragopan_blythii 0.009056590565  0.046504720142  0.000000000000  0.010069160956  0.010069160956  0.010069160956  0.010069160956  0.010069160956  0.010069160956  0.010069160956  0.007036135380  0.007036135380  0.003009597807  0.000000000000  0.000000000000  0.007034827606  0.012102967950  0.004011351429  
crossoptilon_crossoptilon 0.019252978448  0.057250279157  0.010069160956  0.000000000000  0.000000000000  0.000000000000  0.000000000000  0.000000000000  0.000000000000  0.000000000000  0.004010984560  0.004010984560  0.013123175243  0.010069160956  0.010069160956  0.016177721935  0.022343485648  0.014136967368  
lophura_nycthemera 0.019252978448  0.057250279157  0.010069160956  0.000000000000  0.000000000000  0.000000000000  0.000000000000  0.000000000000  0.000000000000  0.000000000000  0.004010984560  0.004010984560  0.013123175243  0.010069160956  0.010069160956  0.016177721935  0.022343485648  0.014136967368  
lophura_swinhoii 0.019252978448  0.057250279157  0.010069160956  0.000000000000  0.000000000000  0.000000000000  0.000000000000  0.000000000000  0.000000000000  0.000000000000  0.004010984560  0.004010984560  0.013123175243  0.010069160956  0.010069160956  0.016177721935  0.022343485648  0.014136967368  
catreus_wallichi 0.019252978448  0.057250279157  0.010069160956  0.000000000000  0.000000000000  0.000000000000  0.000000000000  0.000000000000  0.000000000000  0.000000000000  0.004010984560  0.004010984560  0.013123175243  0.010069160956  0.010069160956  0.016177721935  0.022343485648  0.014136967368  
chrysolophus_pictus 0.019252978448  0.057250279157  0.010069160956  0.000000000000  0.000000000000  0.000000000000  0.000000000000  0.000000000000  0.000000000000  0.000000000000  0.004010984560  0.004010984560  0.013123175243  0.010069160956  0.010069160956  0.016177721935  0.022343485648  0.014136967368  
lophura_inornata 0.019252978448  0.057250279157  0.010069160956  0.000000000000  0.000000000000  0.000000000000  0.000000000000  0.000000000000  0.000000000000  0.000000000000  0.004010984560  0.004010984560  0.013123175243  0.010069160956  0.010069160956  0.016177721935  0.022343485648  0.014136967368  
phasianus_colchicus 0.019252978448  0.057250279157  0.010069160956  0.000000000000  0.000000000000  0.000000000000  0.000000000000  0.000000000000  0.000000000000  0.000000000000  0.004010984560  0.004010984560  0.013123175243  0.010069160956  0.010069160956  0.016177721935  0.022343485648  0.014136967368  
syrmaticus_ellioti 0.016183779571  0.054032122463  0.007036135380  0.004010984560  0.004010984560  0.004010984560  0.004010984560  0.004010984560  0.004010984560  0.004010984560  0.000000000000  0.000000000000  0.010080847815  0.007036135380  0.007036135380  0.014135219241  0.019263114705  0.011088330756  
syrmaticus_reevesii 0.016183779571  0.054032122463  0.007036135380  0.004010984560  0.004010984560  0.004010984560  0.004010984560  0.004010984560  0.004010984560  0.004010984560  0.000000000000  0.000000000000  0.010080847815  0.007036135380  0.007036135380  0.014135219241  0.019263114705  0.011088330756  
pavo_cristatus 0.012107497926  0.049744614689  0.003009597807  0.013123175243  0.013123175243  0.013123175243  0.013123175243  0.013123175243  0.013123175243  0.013123175243  0.010080847815  0.010080847815  0.000000000000  0.003009597807  0.003009597807  0.010069160956  0.015170245315  0.007039933200  
galgal4    0.009056590565  0.046504720142  0.000000000000  0.010069160956  0.010069160956  0.010069160956  0.010069160956  0.010069160956  0.010069160956  0.010069160956  0.007036135380  0.007036135380  0.003009597807  0.000000000000  0.000000000000  0.007034827606  0.012102967950  0.004011351429  
perdix_dauuricae 0.009056590565  0.046504720142  0.000000000000  0.010069160956  0.010069160956  0.010069160956  0.010069160956  0.010069160956  0.010069160956  0.010069160956  0.007036135380  0.007036135380  0.003009597807  0.000000000000  0.000000000000  0.007034827606  0.012102967950  0.004011351429  
lophophorus_impejanus 0.016176648977  0.053981700610  0.007034827606  0.016177721935  0.016177721935  0.016177721935  0.016177721935  0.016177721935  0.016177721935  0.016177721935  0.014135219241  0.014135219241  0.010069160956  0.007034827606  0.007034827606  0.000000000000  0.019250511482  0.011083335716  
rollulus_rouloul 0.021315087950  0.058344867003  0.012102967950  0.022343485648  0.022343485648  0.022343485648  0.022343485648  0.022343485648  0.022343485648  0.022343485648  0.019263114705  0.019263114705  0.015170245315  0.012102967950  0.012102967950  0.019250511482  0.000000000000  0.016183779571  
alectoris_rufa 0.013119178354  0.050790784456  0.004011351429  0.014136967368  0.014136967368  0.014136967368  0.014136967368  0.014136967368  0.014136967368  0.014136967368  0.011088330756  0.011088330756  0.007039933200  0.004011351429  0.004011351429  0.011083335716  0.016183779571  0.000000000000  

