18
catreus_wallichi 0.000000000000  0.000000000000  0.000000000000  0.001001108759  0.004011566375  0.000000000000  0.000000000000  0.000000000000  0.000000000000  0.000000000000  0.012125467620  0.009080617870  0.006033711975  0.008071703825  0.022526708457  0.009080617870  0.000000000000  0.000000000000  
tragopan_blythii 0.000000000000  0.000000000000  0.000000000000  0.001001108759  0.004011566375  0.000000000000  0.000000000000  0.000000000000  0.000000000000  0.000000000000  0.012125467620  0.009080617870  0.006033711975  0.008071703825  0.022526708457  0.009080617870  0.000000000000  0.000000000000  
syrmaticus_reevesii 0.000000000000  0.000000000000  0.000000000000  0.001001108759  0.004011566375  0.000000000000  0.000000000000  0.000000000000  0.000000000000  0.000000000000  0.012125467620  0.009080617870  0.006033711975  0.008071703825  0.022526708457  0.009080617870  0.000000000000  0.000000000000  
galgal4    0.001001108759  0.001001108759  0.001001108759  0.000000000000  0.005019156130  0.001001108759  0.001001108759  0.001001108759  0.001001108759  0.001001108759  0.013150089885  0.010100838405  0.007047064963  0.009090886355  0.023577796536  0.010100838405  0.001001108759  0.001001108759  
pavo_cristatus 0.004011566375  0.004011566375  0.004011566375  0.005019156130  0.000000000000  0.004011566375  0.004011566375  0.004011566375  0.004011566375  0.004011566375  0.016212217937  0.013150089885  0.010083170707  0.012135938981  0.026686141318  0.013150089885  0.004011566375  0.004011566375  
crossoptilon_crossoptilon 0.000000000000  0.000000000000  0.000000000000  0.001001108759  0.004011566375  0.000000000000  0.000000000000  0.000000000000  0.000000000000  0.000000000000  0.012125467620  0.009080617870  0.006033711975  0.008071703825  0.022526708457  0.009080617870  0.000000000000  0.000000000000  
chrysolophus_pictus 0.000000000000  0.000000000000  0.000000000000  0.001001108759  0.004011566375  0.000000000000  0.000000000000  0.000000000000  0.000000000000  0.000000000000  0.012125467620  0.009080617870  0.006033711975  0.008071703825  0.022526708457  0.009080617870  0.000000000000  0.000000000000  
melgal2    0.000000000000  0.000000000000  0.000000000000  0.001001108759  0.004011566375  0.000000000000  0.000000000000  0.000000000000  0.000000000000  0.000000000000  0.012125467620  0.009080617870  0.006033711975  0.008071703825  0.022526708457  0.009080617870  0.000000000000  0.000000000000  
lophophorus_impejanus 0.000000000000  0.000000000000  0.000000000000  0.001001108759  0.004011566375  0.000000000000  0.000000000000  0.000000000000  0.000000000000  0.000000000000  0.012125467620  0.009080617870  0.006033711975  0.008071703825  0.022526708457  0.009080617870  0.000000000000  0.000000000000  
lophura_nycthemera 0.000000000000  0.000000000000  0.000000000000  0.001001108759  0.004011566375  0.000000000000  0.000000000000  0.000000000000  0.000000000000  0.000000000000  0.012125467620  0.009080617870  0.006033711975  0.008071703825  0.022526708457  0.009080617870  0.000000000000  0.000000000000  
cyrtonyx_montezumae 0.012125467620  0.012125467620  0.012125467620  0.013150089885  0.016212217937  0.012125467620  0.012125467620  0.012125467620  0.012125467620  0.012125467620  0.000000000000  0.009072146568  0.006028998894  0.020388283146  0.035184159788  0.021411499775  0.012125467620  0.012125467620  
lophura_inornata 0.009080617870  0.009080617870  0.009080617870  0.010100838405  0.013150089885  0.009080617870  0.009080617870  0.009080617870  0.009080617870  0.009080617870  0.009072146568  0.000000000000  0.003010008443  0.017307651876  0.032038079207  0.018326591932  0.009080617870  0.009080617870  
phasianus_colchicus 0.006033711975  0.006033711975  0.006033711975  0.007047064963  0.010083170707  0.006033711975  0.006033711975  0.006033711975  0.006033711975  0.006033711975  0.006028998894  0.003010008443  0.000000000000  0.014204924881  0.028836739994  0.015220658155  0.006033711975  0.006033711975  
perdix_dauuricae 0.008071703825  0.008071703825  0.008071703825  0.009090886355  0.012135938981  0.008071703825  0.008071703825  0.008071703825  0.008071703825  0.008071703825  0.020388283146  0.017307651876  0.014204924881  0.000000000000  0.028870247080  0.015236800542  0.008071703825  0.008071703825  
syrmaticus_ellioti 0.022526708457  0.022526708457  0.022526708457  0.023577796536  0.026686141318  0.022526708457  0.022526708457  0.022526708457  0.022526708457  0.022526708457  0.035184159788  0.032038079207  0.028836739994  0.028870247080  0.000000000000  0.019366668155  0.022526708457  0.022526708457  
rollulus_rouloul 0.009080617870  0.009080617870  0.009080617870  0.010100838405  0.013150089885  0.009080617870  0.009080617870  0.009080617870  0.009080617870  0.009080617870  0.021411499775  0.018326591932  0.015220658155  0.015236800542  0.019366668155  0.000000000000  0.009080617870  0.009080617870  
lophura_swinhoii 0.000000000000  0.000000000000  0.000000000000  0.001001108759  0.004011566375  0.000000000000  0.000000000000  0.000000000000  0.000000000000  0.000000000000  0.012125467620  0.009080617870  0.006033711975  0.008071703825  0.022526708457  0.009080617870  0.000000000000  0.000000000000  
alectoris_rufa 0.000000000000  0.000000000000  0.000000000000  0.001001108759  0.004011566375  0.000000000000  0.000000000000  0.000000000000  0.000000000000  0.000000000000  0.012125467620  0.009080617870  0.006033711975  0.008071703825  0.022526708457  0.009080617870  0.000000000000  0.000000000000  

