18
galgal4    0.000000000000  0.031859494745  0.014150419942  0.019313137678  0.012112129048  0.010086589584  0.010086589584  0.010086589584  0.007039327984  0.007039327984  0.006027846605  0.009068690453  0.007039327984  0.015196040395  0.006027846605  0.014150419942  0.010079646931  0.005021514420  
cyrtonyx_montezumae 0.031859494745  0.000000000000  0.036094737914  0.041509186653  0.035054609579  0.031914064485  0.031914064485  0.031914064485  0.030851294247  0.030851294247  0.029790865648  0.032979186726  0.030851294247  0.041473304511  0.029790865648  0.038238957006  0.034016094339  0.035084720155  
pavo_cristatus 0.014150419942  0.036094737914  0.000000000000  0.023458343350  0.018265067187  0.014168401173  0.014168401173  0.014168401173  0.013142951496  0.013142951496  0.012119682055  0.015196040395  0.013142951496  0.021359755568  0.012119682055  0.020322271024  0.016213788927  0.017244689096  
rollulus_rouloul 0.019313137678  0.041509186653  0.023458343350  0.000000000000  0.024523489216  0.019345876289  0.019345876289  0.019345876289  0.018308225784  0.018308225784  0.017272807647  0.020385768809  0.018308225784  0.028708269219  0.017272807647  0.025551446674  0.021408385172  0.022451616993  
lophophorus_impejanus 0.012112129048  0.035054609579  0.018265067187  0.024523489216  0.000000000000  0.013153268010  0.013153268010  0.013153268010  0.010086589584  0.010086589584  0.009068690453  0.012128869168  0.010086589584  0.019299249063  0.009068690453  0.017233102796  0.013142951496  0.016225878534  
lophura_nycthemera 0.010086589584  0.031914064485  0.014168401173  0.019345876289  0.013153268010  0.000000000000  0.000000000000  0.000000000000  0.003009389031  0.003009389031  0.004016714889  0.007051404565  0.005026153500  0.015196040395  0.004016714889  0.012119682055  0.008059278066  0.013165218197  
lophura_swinhoii 0.010086589584  0.031914064485  0.014168401173  0.019345876289  0.013153268010  0.000000000000  0.000000000000  0.000000000000  0.003009389031  0.003009389031  0.004016714889  0.007051404565  0.005026153500  0.015196040395  0.004016714889  0.012119682055  0.008059278066  0.013165218197  
lophura_inornata 0.010086589584  0.031914064485  0.014168401173  0.019345876289  0.013153268010  0.000000000000  0.000000000000  0.000000000000  0.003009389031  0.003009389031  0.004016714889  0.007051404565  0.005026153500  0.015196040395  0.004016714889  0.012119682055  0.008059278066  0.013165218197  
catreus_wallichi 0.007039327984  0.030851294247  0.013142951496  0.018308225784  0.010086589584  0.003009389031  0.003009389031  0.003009389031  0.000000000000  0.000000000000  0.001001040330  0.004016714889  0.002004167101  0.012119682055  0.001001040330  0.009062862921  0.005021514420  0.010095158471  
crossoptilon_crossoptilon 0.007039327984  0.030851294247  0.013142951496  0.018308225784  0.010086589584  0.003009389031  0.003009389031  0.003009389031  0.000000000000  0.000000000000  0.001001040330  0.004016714889  0.002004167101  0.012119682055  0.001001040330  0.009062862921  0.005021514420  0.010095158471  
syrmaticus_reevesii 0.006027846605  0.029790865648  0.012119682055  0.017272807647  0.009068690453  0.004016714889  0.004016714889  0.004016714889  0.001001040330  0.001001040330  0.000000000000  0.003009389031  0.001001040330  0.011098583597  0.000000000000  0.008048222493  0.004013172480  0.009076141771  
phasianus_colchicus 0.009068690453  0.032979186726  0.015196040395  0.020385768809  0.012128869168  0.007051404565  0.007051404565  0.007051404565  0.004016714889  0.004016714889  0.003009389031  0.000000000000  0.004016714889  0.014168401173  0.003009389031  0.011098583597  0.007044558277  0.012139687460  
syrmaticus_ellioti 0.007039327984  0.030851294247  0.013142951496  0.018308225784  0.010086589584  0.005026153500  0.005026153500  0.005026153500  0.002004167101  0.002004167101  0.001001040330  0.004016714889  0.000000000000  0.010079646931  0.001001040330  0.009062862921  0.005021514420  0.010095158471  
tragopan_blythii 0.015196040395  0.041473304511  0.021359755568  0.028708269219  0.019299249063  0.015196040395  0.015196040395  0.015196040395  0.012119682055  0.012119682055  0.011098583597  0.014168401173  0.010079646931  0.000000000000  0.011098583597  0.019287018136  0.015185092208  0.020350705196  
chrysolophus_pictus 0.006027846605  0.029790865648  0.012119682055  0.017272807647  0.009068690453  0.004016714889  0.004016714889  0.004016714889  0.001001040330  0.001001040330  0.000000000000  0.003009389031  0.001001040330  0.011098583597  0.000000000000  0.008048222493  0.004013172480  0.009076141771  
perdix_dauuricae 0.014150419942  0.038238957006  0.020322271024  0.025551446674  0.017233102796  0.012119682055  0.012119682055  0.012119682055  0.009062862921  0.009062862921  0.008048222493  0.011098583597  0.009062862921  0.019287018136  0.008048222493  0.000000000000  0.012112129048  0.017244689096  
melgal2    0.010079646931  0.034016094339  0.016213788927  0.021408385172  0.013142951496  0.008059278066  0.008059278066  0.008059278066  0.005021514420  0.005021514420  0.004013172480  0.007044558277  0.005021514420  0.015185092208  0.004013172480  0.012112129048  0.000000000000  0.013153268010  
alectoris_rufa 0.005021514420  0.035084720155  0.017244689096  0.022451616993  0.016225878534  0.013165218197  0.013165218197  0.013165218197  0.010095158471  0.010095158471  0.009076141771  0.012139687460  0.010095158471  0.020350705196  0.009076141771  0.017244689096  0.013153268010  0.000000000000  

