18
pavo_cristatus 0.000000000000  0.064426719857  0.051194564176  0.042646868101  0.034055921763  0.043778441094  0.047063862967  0.033019475065  0.049169830768  0.043735687997  0.053544494341  0.037311528621  0.036165676489  0.033019475065  0.035093995589  0.045920819077  0.036103485349  0.035093995589  
cyrtonyx_montezumae 0.064426719857  0.000000000000  0.080212083798  0.074625849671  0.065556321660  0.075845061477  0.081658487896  0.066745404503  0.083851968828  0.077071914039  0.087462202247  0.071307362912  0.070042496559  0.066745404503  0.066633678736  0.075778608573  0.067660182652  0.072328663255  
rollulus_rouloul 0.051194564176  0.080212083798  0.000000000000  0.054464059845  0.047902699446  0.059072129631  0.064715167030  0.049037852903  0.066745404503  0.060033576692  0.070101694981  0.053447576724  0.052254350845  0.049037852903  0.051153326592  0.058914454113  0.049980465663  0.053357924651  
perdix_dauuricae 0.042646868101  0.074625849671  0.054464059845  0.000000000000  0.020370477156  0.030887857091  0.036234885971  0.021431760003  0.040476662764  0.034055921763  0.043694710942  0.027735412302  0.027682714731  0.021431760003  0.025577112234  0.034055921763  0.035063284276  0.046972229054  
tragopan_blythii 0.034055921763  0.065556321660  0.047902699446  0.020370477156  0.000000000000  0.023523726902  0.028794175098  0.013166722497  0.031922035631  0.025600154837  0.035093995589  0.019368178670  0.019331392993  0.013166722497  0.015197564393  0.022455466826  0.026606214406  0.036165676489  
syrmaticus_ellioti 0.043778441094  0.075845061477  0.059072129631  0.030887857091  0.023523726902  0.000000000000  0.005026413539  0.010095995291  0.028739014874  0.022455466826  0.031893336786  0.016257363632  0.016227664838  0.010095995291  0.026653012279  0.035160670093  0.038316295156  0.045920819077  
syrmaticus_reevesii 0.047063862967  0.081658487896  0.064715167030  0.036234885971  0.028794175098  0.005026413539  0.000000000000  0.015224921318  0.034055921763  0.027708200845  0.037239772707  0.021453393784  0.021411831786  0.015224921318  0.031952474304  0.040556127472  0.043735687997  0.051427885626  
catreus_wallichi 0.033019475065  0.066745404503  0.049037852903  0.021431760003  0.013166722497  0.010095995291  0.015224921318  0.000000000000  0.018294569419  0.012129910224  0.021393612099  0.006038089257  0.006028032983  0.000000000000  0.016241668232  0.024573164011  0.027682714731  0.037274773314  
chrysolophus_pictus 0.049169830768  0.083851968828  0.066745404503  0.040476662764  0.031922035631  0.028739014874  0.034055921763  0.018294569419  0.000000000000  0.014169685657  0.023461868217  0.018294569419  0.018266957831  0.018294569419  0.035093995589  0.043735687997  0.044744209737  0.054656044361  
crossoptilon_crossoptilon 0.043735687997  0.077071914039  0.060033576692  0.034055921763  0.025600154837  0.022455466826  0.027708200845  0.012129910224  0.014169685657  0.000000000000  0.009069205988  0.012129910224  0.012112884545  0.012129910224  0.028739014874  0.037274773314  0.038281777692  0.048069763212  
lophura_swinhoii 0.053544494341  0.087462202247  0.070101694981  0.043694710942  0.035093995589  0.031893336786  0.037239772707  0.021393612099  0.023461868217  0.009069205988  0.000000000000  0.021393612099  0.021362310348  0.021393612099  0.038281777692  0.046972229054  0.047982636739  0.057951496196  
lophura_inornata 0.037311528621  0.071307362912  0.053447576724  0.027735412302  0.019368178670  0.016257363632  0.021453393784  0.006038089257  0.018294569419  0.012129910224  0.021393612099  0.000000000000  0.006028032983  0.006038089257  0.022476595603  0.030918783343  0.031922035631  0.041600675504  
phasianus_colchicus 0.036165676489  0.070042496559  0.052254350845  0.027682714731  0.019331392993  0.016227664838  0.021411831786  0.006028032983  0.018266957831  0.012112884545  0.021362310348  0.006028032983  0.000000000000  0.006028032983  0.022436049335  0.030858664841  0.030805494022  0.040439579062  
lophura_nycthemera 0.033019475065  0.066745404503  0.049037852903  0.021431760003  0.013166722497  0.010095995291  0.015224921318  0.000000000000  0.018294569419  0.012129910224  0.021393612099  0.006038089257  0.006028032983  0.000000000000  0.016241668232  0.024573164011  0.027682714731  0.037274773314  
lophophorus_impejanus 0.035093995589  0.066633678736  0.051153326592  0.025577112234  0.015197564393  0.026653012279  0.031952474304  0.016241668232  0.035093995589  0.028739014874  0.038281777692  0.022476595603  0.022436049335  0.016241668232  0.000000000000  0.026628750620  0.029746963684  0.038281777692  
melgal2    0.045920819077  0.075778608573  0.058914454113  0.034055921763  0.022455466826  0.035160670093  0.040556127472  0.024573164011  0.043735687997  0.037274773314  0.046972229054  0.030918783343  0.030858664841  0.024573164011  0.026628750620  0.000000000000  0.038281777692  0.046972229054  
galgal4    0.036103485349  0.067660182652  0.049980465663  0.035063284276  0.026606214406  0.038316295156  0.043735687997  0.027682714731  0.044744209737  0.038281777692  0.047982636739  0.031922035631  0.030805494022  0.027682714731  0.029746963684  0.038281777692  0.000000000000  0.035007128205  
alectoris_rufa 0.035093995589  0.072328663255  0.053357924651  0.046972229054  0.036165676489  0.045920819077  0.051427885626  0.037274773314  0.054656044361  0.048069763212  0.057951496196  0.041600675504  0.040439579062  0.037274773314  0.038281777692  0.046972229054  0.035007128205  0.000000000000  

