18
lophura_nycthemera 0.000000000000  0.000000000000  0.008051695479  0.013131511720  0.012104723841  0.011086343155  0.000000000000  0.000000000000  0.000000000000  0.000000000000  0.000000000000  0.000000000000  0.000000000000  0.000000000000  0.007043287820  0.003009073667  0.000000000000  0.015180859891  
syrmaticus_reevesii 0.000000000000  0.000000000000  0.008051695479  0.013131511720  0.012104723841  0.011086343155  0.000000000000  0.000000000000  0.000000000000  0.000000000000  0.000000000000  0.000000000000  0.000000000000  0.000000000000  0.007043287820  0.003009073667  0.000000000000  0.015180859891  
rollulus_rouloul 0.008051695479  0.008051695479  0.000000000000  0.015180859891  0.014147754910  0.015172422489  0.008051695479  0.008051695479  0.008051695479  0.008051695479  0.008051695479  0.008051695479  0.008051695479  0.008051695479  0.015190896921  0.011103773157  0.008051695479  0.023431105661  
galgal4    0.013131511720  0.013131511720  0.015180859891  0.000000000000  0.017211786478  0.018240677690  0.013131511720  0.013131511720  0.013131511720  0.013131511720  0.013131511720  0.013131511720  0.013131511720  0.013131511720  0.020327629590  0.016208705571  0.013131511720  0.028630509971  
cyrtonyx_montezumae 0.012104723841  0.012104723841  0.014147754910  0.017211786478  0.000000000000  0.009066977526  0.012104723841  0.012104723841  0.012104723841  0.012104723841  0.012104723841  0.012104723841  0.012104723841  0.012104723841  0.019281196777  0.015172422489  0.012104723841  0.027566048146  
pavo_cristatus 0.011086343155  0.011086343155  0.015172422489  0.018240677690  0.009066977526  0.000000000000  0.011086343155  0.011086343155  0.011086343155  0.011086343155  0.011086343155  0.011086343155  0.011086343155  0.011086343155  0.018249101169  0.014147754910  0.011086343155  0.026519874467  
perdix_dauuricae 0.000000000000  0.000000000000  0.008051695479  0.013131511720  0.012104723841  0.011086343155  0.000000000000  0.000000000000  0.000000000000  0.000000000000  0.000000000000  0.000000000000  0.000000000000  0.000000000000  0.007043287820  0.003009073667  0.000000000000  0.015180859891  
chrysolophus_pictus 0.000000000000  0.000000000000  0.008051695479  0.013131511720  0.012104723841  0.011086343155  0.000000000000  0.000000000000  0.000000000000  0.000000000000  0.000000000000  0.000000000000  0.000000000000  0.000000000000  0.007043287820  0.003009073667  0.000000000000  0.015180859891  
phasianus_colchicus 0.000000000000  0.000000000000  0.008051695479  0.013131511720  0.012104723841  0.011086343155  0.000000000000  0.000000000000  0.000000000000  0.000000000000  0.000000000000  0.000000000000  0.000000000000  0.000000000000  0.007043287820  0.003009073667  0.000000000000  0.015180859891  
melgal2    0.000000000000  0.000000000000  0.008051695479  0.013131511720  0.012104723841  0.011086343155  0.000000000000  0.000000000000  0.000000000000  0.000000000000  0.000000000000  0.000000000000  0.000000000000  0.000000000000  0.007043287820  0.003009073667  0.000000000000  0.015180859891  
catreus_wallichi 0.000000000000  0.000000000000  0.008051695479  0.013131511720  0.012104723841  0.011086343155  0.000000000000  0.000000000000  0.000000000000  0.000000000000  0.000000000000  0.000000000000  0.000000000000  0.000000000000  0.007043287820  0.003009073667  0.000000000000  0.015180859891  
tragopan_blythii 0.000000000000  0.000000000000  0.008051695479  0.013131511720  0.012104723841  0.011086343155  0.000000000000  0.000000000000  0.000000000000  0.000000000000  0.000000000000  0.000000000000  0.000000000000  0.000000000000  0.007043287820  0.003009073667  0.000000000000  0.015180859891  
lophophorus_impejanus 0.000000000000  0.000000000000  0.008051695479  0.013131511720  0.012104723841  0.011086343155  0.000000000000  0.000000000000  0.000000000000  0.000000000000  0.000000000000  0.000000000000  0.000000000000  0.000000000000  0.007043287820  0.003009073667  0.000000000000  0.015180859891  
lophura_inornata 0.000000000000  0.000000000000  0.008051695479  0.013131511720  0.012104723841  0.011086343155  0.000000000000  0.000000000000  0.000000000000  0.000000000000  0.000000000000  0.000000000000  0.000000000000  0.000000000000  0.007043287820  0.003009073667  0.000000000000  0.015180859891  
syrmaticus_ellioti 0.007043287820  0.007043287820  0.015190896921  0.020327629590  0.019281196777  0.018249101169  0.007043287820  0.007043287820  0.007043287820  0.007043287820  0.007043287820  0.007043287820  0.007043287820  0.007043287820  0.000000000000  0.010092266775  0.007043287820  0.022404750018  
crossoptilon_crossoptilon 0.003009073667  0.003009073667  0.011103773157  0.016208705571  0.015172422489  0.014147754910  0.003009073667  0.003009073667  0.003009073667  0.003009073667  0.003009073667  0.003009073667  0.003009073667  0.003009073667  0.010092266775  0.000000000000  0.003009073667  0.018270783918  
lophura_swinhoii 0.000000000000  0.000000000000  0.008051695479  0.013131511720  0.012104723841  0.011086343155  0.000000000000  0.000000000000  0.000000000000  0.000000000000  0.000000000000  0.000000000000  0.000000000000  0.000000000000  0.007043287820  0.003009073667  0.000000000000  0.015180859891  
alectoris_rufa 0.015180859891  0.015180859891  0.023431105661  0.028630509971  0.027566048146  0.026519874467  0.015180859891  0.015180859891  0.015180859891  0.015180859891  0.015180859891  0.015180859891  0.015180859891  0.015180859891  0.022404750018  0.018270783918  0.015180859891  0.000000000000  

