18
melgal2    0.000000000000  0.000000000000  0.002002796216  0.000000000000  0.003009310263  0.016186713185  0.015161581435  0.006027707711  0.004013093972  0.004013093972  0.004013093972  0.004013093972  0.004013093972  0.000000000000  0.003006088809  0.030844926651  0.040320046601  0.000000000000  
lophophorus_impejanus 0.000000000000  0.000000000000  0.002002796216  0.000000000000  0.003009310263  0.016186713185  0.015161581435  0.006027707711  0.004013093972  0.004013093972  0.004013093972  0.004013093972  0.004013093972  0.000000000000  0.003006088809  0.030844926651  0.040320046601  0.000000000000  
rollulus_rouloul 0.002002796216  0.002002796216  0.000000000000  0.002002796216  0.005021374031  0.018235937284  0.017207578974  0.008048006183  0.006027707711  0.006027707711  0.006027707711  0.006027707711  0.006027707711  0.002002796216  0.005017043644  0.032942937953  0.042445921293  0.002002796216  
perdix_dauuricae 0.000000000000  0.000000000000  0.002002796216  0.000000000000  0.003009310263  0.016186713185  0.015161581435  0.006027707711  0.004013093972  0.004013093972  0.004013093972  0.004013093972  0.004013093972  0.000000000000  0.003006088809  0.030844926651  0.040320046601  0.000000000000  
lophura_inornata 0.003009310263  0.003009310263  0.005021374031  0.003009310263  0.000000000000  0.013117791003  0.012099114200  0.003006088809  0.001000761275  0.001000761275  0.001000761275  0.001000761275  0.001000761275  0.003009310263  0.006027707711  0.034038678295  0.043559468349  0.003009310263  
syrmaticus_ellioti 0.016186713185  0.016186713185  0.018235937284  0.016186713185  0.013117791003  0.000000000000  0.001001031626  0.010070445786  0.012101638634  0.012101638634  0.012101638634  0.012101638634  0.012101638634  0.016186713185  0.019259443774  0.047839151372  0.057544769373  0.016186713185  
catreus_wallichi 0.015161581435  0.015161581435  0.017207578974  0.015161581435  0.012099114200  0.001001031626  0.000000000000  0.009055965639  0.011083998732  0.011083998732  0.011083998732  0.011083998732  0.011083998732  0.015161581435  0.018230026593  0.046749722934  0.056439393461  0.015161581435  
chrysolophus_pictus 0.006027707711  0.006027707711  0.008048006183  0.006027707711  0.003006088809  0.010070445786  0.009055965639  0.000000000000  0.002002796216  0.002002796216  0.002002796216  0.002002796216  0.002002796216  0.006027707711  0.009058450035  0.037187924310  0.046749722934  0.006027707711  
crossoptilon_crossoptilon 0.004013093972  0.004013093972  0.006027707711  0.004013093972  0.001000761275  0.012101638634  0.011083998732  0.002002796216  0.000000000000  0.000000000000  0.000000000000  0.000000000000  0.000000000000  0.004013093972  0.007035580712  0.035076713793  0.044610276684  0.004013093972  
phasianus_colchicus 0.004013093972  0.004013093972  0.006027707711  0.004013093972  0.001000761275  0.012101638634  0.011083998732  0.002002796216  0.000000000000  0.000000000000  0.000000000000  0.000000000000  0.000000000000  0.004013093972  0.007035580712  0.035076713793  0.044610276684  0.004013093972  
lophura_nycthemera 0.004013093972  0.004013093972  0.006027707711  0.004013093972  0.001000761275  0.012101638634  0.011083998732  0.002002796216  0.000000000000  0.000000000000  0.000000000000  0.000000000000  0.000000000000  0.004013093972  0.007035580712  0.035076713793  0.044610276684  0.004013093972  
lophura_swinhoii 0.004013093972  0.004013093972  0.006027707711  0.004013093972  0.001000761275  0.012101638634  0.011083998732  0.002002796216  0.000000000000  0.000000000000  0.000000000000  0.000000000000  0.000000000000  0.004013093972  0.007035580712  0.035076713793  0.044610276684  0.004013093972  
syrmaticus_reevesii 0.004013093972  0.004013093972  0.006027707711  0.004013093972  0.001000761275  0.012101638634  0.011083998732  0.002002796216  0.000000000000  0.000000000000  0.000000000000  0.000000000000  0.000000000000  0.004013093972  0.007035580712  0.035076713793  0.044610276684  0.004013093972  
tragopan_blythii 0.000000000000  0.000000000000  0.002002796216  0.000000000000  0.003009310263  0.016186713185  0.015161581435  0.006027707711  0.004013093972  0.004013093972  0.004013093972  0.004013093972  0.004013093972  0.000000000000  0.003006088809  0.030844926651  0.040320046601  0.000000000000  
pavo_cristatus 0.003006088809  0.003006088809  0.005017043644  0.003006088809  0.006027707711  0.019259443774  0.018230026593  0.009058450035  0.007035580712  0.007035580712  0.007035580712  0.007035580712  0.007035580712  0.003006088809  0.000000000000  0.033980305508  0.043496033710  0.003006088809  
galgal4    0.030844926651  0.030844926651  0.032942937953  0.030844926651  0.034038678295  0.047839151372  0.046749722934  0.037187924310  0.035076713793  0.035076713793  0.035076713793  0.035076713793  0.035076713793  0.030844926651  0.033980305508  0.000000000000  0.053244024404  0.030844926651  
cyrtonyx_montezumae 0.040320046601  0.040320046601  0.042445921293  0.040320046601  0.043559468349  0.057544769373  0.056439393461  0.046749722934  0.044610276684  0.044610276684  0.044610276684  0.044610276684  0.044610276684  0.040320046601  0.043496033710  0.053244024404  0.000000000000  0.040320046601  
alectoris_rufa 0.000000000000  0.000000000000  0.002002796216  0.000000000000  0.003009310263  0.016186713185  0.015161581435  0.006027707711  0.004013093972  0.004013093972  0.004013093972  0.004013093972  0.004013093972  0.000000000000  0.003006088809  0.030844926651  0.040320046601  0.000000000000  

