18
catreus_wallichi 0.000000000000  0.006036971573  0.010103265987  0.000000000000  0.010093463836  0.013140802531  0.000000000000  0.000000000000  0.000000000000  0.030742797786  0.000000000000  0.000000000000  0.000000000000  0.007038790071  0.000000000000  0.000000000000  0.000000000000  0.000000000000  
cyrtonyx_montezumae 0.006036971573  0.000000000000  0.014203526922  0.006036971573  0.014189370176  0.019323163048  0.006036971573  0.006036971573  0.006036971573  0.037118615915  0.006036971573  0.006036971573  0.006036971573  0.013150702785  0.006036971573  0.006036971573  0.006036971573  0.006036971573  
perdix_dauuricae 0.010103265987  0.014203526922  0.000000000000  0.010103265987  0.020398034018  0.023488423715  0.010103265987  0.010103265987  0.010103265987  0.041415639599  0.010103265987  0.010103265987  0.010103265987  0.017268003480  0.010103265987  0.010103265987  0.010103265987  0.010103265987  
syrmaticus_reevesii 0.000000000000  0.006036971573  0.010103265987  0.000000000000  0.010093463836  0.013140802531  0.000000000000  0.000000000000  0.000000000000  0.030742797786  0.000000000000  0.000000000000  0.000000000000  0.007038790071  0.000000000000  0.000000000000  0.000000000000  0.000000000000  
phasianus_colchicus 0.010093463836  0.014189370176  0.020398034018  0.010093463836  0.000000000000  0.011104931176  0.010093463836  0.010093463836  0.010093463836  0.041384553537  0.010093463836  0.010093463836  0.010093463836  0.017253712381  0.010093463836  0.010093463836  0.010093463836  0.010093463836  
melgal2    0.013140802531  0.019323163048  0.023488423715  0.013140802531  0.011104931176  0.000000000000  0.013140802531  0.013140802531  0.013140802531  0.044564127028  0.013140802531  0.013140802531  0.013140802531  0.020330710570  0.013140802531  0.013140802531  0.013140802531  0.013140802531  
lophura_inornata 0.000000000000  0.006036971573  0.010103265987  0.000000000000  0.010093463836  0.013140802531  0.000000000000  0.000000000000  0.000000000000  0.030742797786  0.000000000000  0.000000000000  0.000000000000  0.007038790071  0.000000000000  0.000000000000  0.000000000000  0.000000000000  
lophophorus_impejanus 0.000000000000  0.006036971573  0.010103265987  0.000000000000  0.010093463836  0.013140802531  0.000000000000  0.000000000000  0.000000000000  0.030742797786  0.000000000000  0.000000000000  0.000000000000  0.007038790071  0.000000000000  0.000000000000  0.000000000000  0.000000000000  
lophura_nycthemera 0.000000000000  0.006036971573  0.010103265987  0.000000000000  0.010093463836  0.013140802531  0.000000000000  0.000000000000  0.000000000000  0.030742797786  0.000000000000  0.000000000000  0.000000000000  0.007038790071  0.000000000000  0.000000000000  0.000000000000  0.000000000000  
chrysolophus_pictus 0.030742797786  0.037118615915  0.041415639599  0.030742797786  0.041384553537  0.044564127028  0.030742797786  0.030742797786  0.030742797786  0.000000000000  0.030742797786  0.030742797786  0.030742797786  0.038136029540  0.030742797786  0.030742797786  0.030742797786  0.030742797786  
syrmaticus_ellioti 0.000000000000  0.006036971573  0.010103265987  0.000000000000  0.010093463836  0.013140802531  0.000000000000  0.000000000000  0.000000000000  0.030742797786  0.000000000000  0.000000000000  0.000000000000  0.007038790071  0.000000000000  0.000000000000  0.000000000000  0.000000000000  
lophura_swinhoii 0.000000000000  0.006036971573  0.010103265987  0.000000000000  0.010093463836  0.013140802531  0.000000000000  0.000000000000  0.000000000000  0.030742797786  0.000000000000  0.000000000000  0.000000000000  0.007038790071  0.000000000000  0.000000000000  0.000000000000  0.000000000000  
crossoptilon_crossoptilon 0.000000000000  0.006036971573  0.010103265987  0.000000000000  0.010093463836  0.013140802531  0.000000000000  0.000000000000  0.000000000000  0.030742797786  0.000000000000  0.000000000000  0.000000000000  0.007038790071  0.000000000000  0.000000000000  0.000000000000  0.000000000000  
pavo_cristatus 0.007038790071  0.013150702785  0.017268003480  0.007038790071  0.017253712381  0.020330710570  0.007038790071  0.007038790071  0.007038790071  0.038136029540  0.007038790071  0.007038790071  0.007038790071  0.000000000000  0.007038790071  0.007038790071  0.007038790071  0.007038790071  
tragopan_blythii 0.000000000000  0.006036971573  0.010103265987  0.000000000000  0.010093463836  0.013140802531  0.000000000000  0.000000000000  0.000000000000  0.030742797786  0.000000000000  0.000000000000  0.000000000000  0.007038790071  0.000000000000  0.000000000000  0.000000000000  0.000000000000  
rollulus_rouloul 0.000000000000  0.006036971573  0.010103265987  0.000000000000  0.010093463836  0.013140802531  0.000000000000  0.000000000000  0.000000000000  0.030742797786  0.000000000000  0.000000000000  0.000000000000  0.007038790071  0.000000000000  0.000000000000  0.000000000000  0.000000000000  
galgal4    0.000000000000  0.006036971573  0.010103265987  0.000000000000  0.010093463836  0.013140802531  0.000000000000  0.000000000000  0.000000000000  0.030742797786  0.000000000000  0.000000000000  0.000000000000  0.007038790071  0.000000000000  0.000000000000  0.000000000000  0.000000000000  
alectoris_rufa 0.000000000000  0.006036971573  0.010103265987  0.000000000000  0.010093463836  0.013140802531  0.000000000000  0.000000000000  0.000000000000  0.030742797786  0.000000000000  0.000000000000  0.000000000000  0.007038790071  0.000000000000  0.000000000000  0.000000000000  0.000000000000  

