18
cyrtonyx_montezumae 0.000000000000  0.022420694566  0.036065033593  0.037162166236  0.032896724612  0.028688543093  0.031836048779  0.035052715027  0.040353411685  0.039308667172  0.051196498807  0.036092375588  0.028688543093  0.042511529883  0.031860461960  0.027657249855  0.045695555949  0.027657249855  
rollulus_rouloul 0.022420694566  0.000000000000  0.013139403109  0.014174662427  0.010084323330  0.006031093510  0.009066966904  0.012135336478  0.021396484931  0.018298878875  0.027657249855  0.013148923447  0.006031093510  0.020356830921  0.009073861430  0.005025271768  0.022404683161  0.005025271768  
phasianus_colchicus 0.036065033593  0.013139403109  0.000000000000  0.009073861430  0.005020955282  0.007038468434  0.010077958343  0.013148923447  0.022420694566  0.019319343010  0.030800909129  0.014164081635  0.007038468434  0.021379959361  0.010084323330  0.014164081635  0.031792133402  0.018284012191  
chrysolophus_pictus 0.037162166236  0.014174662427  0.009073861430  0.000000000000  0.004016152128  0.008057538194  0.011103762523  0.014186826812  0.023482327559  0.020373867382  0.031886507805  0.015202518673  0.008057538194  0.020356830921  0.011112752026  0.015202518673  0.032872813451  0.019335292323  
lophophorus_impejanus 0.032896724612  0.010084323330  0.005020955282  0.004016152128  0.000000000000  0.004012862028  0.007038468434  0.010092263201  0.019319343010  0.016232500946  0.027657249855  0.011103762523  0.004012862028  0.018284012191  0.007043285026  0.011103762523  0.028648105624  0.015202518673  
lophura_nycthemera 0.028688543093  0.006031093510  0.007038468434  0.008057538194  0.004012862028  0.000000000000  0.003006805486  0.006036440553  0.015202518673  0.012135336478  0.023482327559  0.007043285026  0.000000000000  0.014174662427  0.003009073345  0.007043285026  0.024473912230  0.011112752026  
catreus_wallichi 0.031836048779  0.009066966904  0.010077958343  0.011103762523  0.007038468434  0.003006805486  0.000000000000  0.005020955282  0.018284012191  0.015202518673  0.026605524107  0.010084323330  0.003006805486  0.017250829512  0.006031093510  0.010084323330  0.027597505413  0.014174662427  
crossoptilon_crossoptilon 0.035052715027  0.012135336478  0.013148923447  0.014186826812  0.010092263201  0.006036440553  0.005020955282  0.000000000000  0.021414613085  0.018315338078  0.029792796315  0.013160025181  0.006036440553  0.020373867382  0.009082325422  0.013160025181  0.030777627432  0.017279996868  
perdix_dauuricae 0.040353411685  0.021396484931  0.022420694566  0.023482327559  0.019319343010  0.015202518673  0.018284012191  0.021414613085  0.000000000000  0.023482327559  0.039341137682  0.022438314103  0.015202518673  0.029767388862  0.018298878875  0.022438314103  0.040323084962  0.026627565699  
melgal2    0.039308667172  0.018298878875  0.019319343010  0.020373867382  0.016232500946  0.012135336478  0.015202518673  0.018315338078  0.023482327559  0.000000000000  0.035082191776  0.019335292323  0.012135336478  0.026627565699  0.015215750104  0.019335292323  0.037133670797  0.023502652856  
tragopan_blythii 0.051196498807  0.027657249855  0.030800909129  0.031886507805  0.027657249855  0.023482327559  0.026605524107  0.029792796315  0.039341137682  0.035082191776  0.000000000000  0.022420694566  0.023482327559  0.038265564688  0.026627565699  0.028711201625  0.044610631994  0.031886507805  
lophura_swinhoii 0.036092375588  0.013148923447  0.014164081635  0.015202518673  0.011103762523  0.007043285026  0.010084323330  0.013160025181  0.022438314103  0.019335292323  0.022420694566  0.000000000000  0.007043285026  0.021396484931  0.010092263201  0.014174662427  0.030755979225  0.018298878875  
syrmaticus_reevesii 0.028688543093  0.006031093510  0.007038468434  0.008057538194  0.004012862028  0.000000000000  0.003006805486  0.006036440553  0.015202518673  0.012135336478  0.023482327559  0.007043285026  0.000000000000  0.014174662427  0.003009073345  0.007043285026  0.024473912230  0.011112752026  
syrmaticus_ellioti 0.042511529883  0.020356830921  0.021379959361  0.020356830921  0.018284012191  0.014174662427  0.017250829512  0.020373867382  0.029767388862  0.026627565699  0.038265564688  0.021396484931  0.014174662427  0.000000000000  0.011103762523  0.021396484931  0.039248689097  0.025576944091  
lophura_inornata 0.031860461960  0.009073861430  0.010084323330  0.011112752026  0.007043285026  0.003009073345  0.006031093510  0.009082325422  0.018298878875  0.015215750104  0.026627565699  0.010092263201  0.003009073345  0.011103762523  0.000000000000  0.010092263201  0.027615794978  0.014186826812  
galgal4    0.027657249855  0.005025271768  0.014164081635  0.015202518673  0.011103762523  0.007043285026  0.010084323330  0.013160025181  0.022438314103  0.019335292323  0.028711201625  0.014174662427  0.007043285026  0.021396484931  0.010092263201  0.000000000000  0.023446501813  0.010101774689  
pavo_cristatus 0.045695555949  0.022404683161  0.031792133402  0.032872813451  0.028648105624  0.024473912230  0.027597505413  0.030777627432  0.040323084962  0.037133670797  0.044610631994  0.030755979225  0.024473912230  0.039248689097  0.027615794978  0.023446501813  0.000000000000  0.025536701012  
alectoris_rufa 0.027657249855  0.005025271768  0.018284012191  0.019335292323  0.015202518673  0.011112752026  0.014174662427  0.017279996868  0.026627565699  0.023502652856  0.031886507805  0.018298878875  0.011112752026  0.025576944091  0.014186826812  0.010101774689  0.025536701012  0.000000000000  

