18
galgal4    0.000000000000  0.011083366491  0.013114988479  0.009057943198  0.011090820191  0.016209988963  0.009057943198  0.009057943198  0.009057943198  0.011083366491  0.012110410587  0.009057943198  0.021330904840  0.009057943198  0.009057943198  0.012104828901  0.007035265285  0.007035265285  
pavo_cristatus 0.011083366491  0.000000000000  0.014134521886  0.010073333950  0.012110410587  0.017240232043  0.010073333950  0.010073333950  0.010073333950  0.012100824354  0.013132113860  0.010073333950  0.022367588128  0.010073333950  0.010073333950  0.013125460364  0.008047542982  0.008047542982  
cyrtonyx_montezumae 0.013114988479  0.014134521886  0.000000000000  0.012100824354  0.014142060914  0.019282434614  0.012100824354  0.012100824354  0.012100824354  0.014134521886  0.015165857106  0.012100824354  0.024424523500  0.012100824354  0.012100824354  0.015160217495  0.010069882631  0.010069882631  
phasianus_colchicus 0.009057943198  0.010073333950  0.012100824354  0.000000000000  0.002004067522  0.007050167761  0.000000000000  0.000000000000  0.000000000000  0.002003023742  0.003009164360  0.000000000000  0.012110410587  0.000000000000  0.000000000000  0.003006833624  0.006031339504  0.006031339504  
melgal2    0.011090820191  0.012110410587  0.014142060914  0.002004067522  0.000000000000  0.009083158042  0.002004067522  0.002004067522  0.002004067522  0.004011117329  0.005025525962  0.002004067522  0.013132113860  0.002004067522  0.002004067522  0.005021107944  0.008058033840  0.008058033840  
catreus_wallichi 0.016209988963  0.017240232043  0.019282434614  0.007050167761  0.009083158042  0.000000000000  0.007050167761  0.007050167761  0.007050167761  0.009067427841  0.010102805434  0.007050167761  0.019307199170  0.007050167761  0.007050167761  0.010093093629  0.013161520466  0.013161520466  
lophophorus_impejanus 0.009057943198  0.010073333950  0.012100824354  0.000000000000  0.002004067522  0.007050167761  0.000000000000  0.000000000000  0.000000000000  0.002003023742  0.003009164360  0.000000000000  0.012110410587  0.000000000000  0.000000000000  0.003006833624  0.006031339504  0.006031339504  
crossoptilon_crossoptilon 0.009057943198  0.010073333950  0.012100824354  0.000000000000  0.002004067522  0.007050167761  0.000000000000  0.000000000000  0.000000000000  0.002003023742  0.003009164360  0.000000000000  0.012110410587  0.000000000000  0.000000000000  0.003006833624  0.006031339504  0.006031339504  
syrmaticus_ellioti 0.009057943198  0.010073333950  0.012100824354  0.000000000000  0.002004067522  0.007050167761  0.000000000000  0.000000000000  0.000000000000  0.002003023742  0.003009164360  0.000000000000  0.012110410587  0.000000000000  0.000000000000  0.003006833624  0.006031339504  0.006031339504  
lophura_inornata 0.011083366491  0.012100824354  0.014134521886  0.002003023742  0.004011117329  0.009067427841  0.002003023742  0.002003023742  0.002003023742  0.000000000000  0.005018239537  0.002003023742  0.014142060914  0.002003023742  0.002003023742  0.005016923744  0.008047542982  0.008047542982  
lophura_swinhoii 0.012110410587  0.013132113860  0.015165857106  0.003009164360  0.005025525962  0.010102805434  0.003009164360  0.003009164360  0.003009164360  0.005018239537  0.000000000000  0.003009164360  0.015181894191  0.003009164360  0.003009164360  0.006031339504  0.009074513739  0.009074513739  
syrmaticus_reevesii 0.009057943198  0.010073333950  0.012100824354  0.000000000000  0.002004067522  0.007050167761  0.000000000000  0.000000000000  0.000000000000  0.002003023742  0.003009164360  0.000000000000  0.012110410587  0.000000000000  0.000000000000  0.003006833624  0.006031339504  0.006031339504  
tragopan_blythii 0.021330904840  0.022367588128  0.024424523500  0.012110410587  0.013132113860  0.019307199170  0.012110410587  0.012110410587  0.012110410587  0.014142060914  0.015181894191  0.012110410587  0.000000000000  0.012110410587  0.012110410587  0.015173083688  0.018260552521  0.018260552521  
perdix_dauuricae 0.009057943198  0.010073333950  0.012100824354  0.000000000000  0.002004067522  0.007050167761  0.000000000000  0.000000000000  0.000000000000  0.002003023742  0.003009164360  0.000000000000  0.012110410587  0.000000000000  0.000000000000  0.003006833624  0.006031339504  0.006031339504  
chrysolophus_pictus 0.009057943198  0.010073333950  0.012100824354  0.000000000000  0.002004067522  0.007050167761  0.000000000000  0.000000000000  0.000000000000  0.002003023742  0.003009164360  0.000000000000  0.012110410587  0.000000000000  0.000000000000  0.003006833624  0.006031339504  0.006031339504  
lophura_nycthemera 0.012104828901  0.013125460364  0.015160217495  0.003006833624  0.005021107944  0.010093093629  0.003006833624  0.003006833624  0.003006833624  0.005016923744  0.006031339504  0.003006833624  0.015173083688  0.003006833624  0.003006833624  0.000000000000  0.009067427841  0.009067427841  
rollulus_rouloul 0.007035265285  0.008047542982  0.010069882631  0.006031339504  0.008058033840  0.013161520466  0.006031339504  0.006031339504  0.006031339504  0.008047542982  0.009074513739  0.006031339504  0.018260552521  0.006031339504  0.006031339504  0.009067427841  0.000000000000  0.000000000000  
alectoris_rufa 0.007035265285  0.008047542982  0.010069882631  0.006031339504  0.008058033840  0.013161520466  0.006031339504  0.006031339504  0.006031339504  0.008047542982  0.009074513739  0.006031339504  0.018260552521  0.006031339504  0.006031339504  0.009067427841  0.000000000000  0.000000000000  

