18
galgal4    0.000000000000  0.027672299947  0.008054292503  0.012132537305  0.015214819606  0.020360413208  0.023512082384  0.023490572552  0.018300578005  0.018300578005  0.018300578005  0.021420480273  0.019321682551  0.023470815451  0.023470815451  0.019338225861  0.017265235968  0.017281061347  
cyrtonyx_montezumae 0.027672299947  0.000000000000  0.025566821770  0.029787335979  0.032978002019  0.038274576281  0.041554799508  0.041516573660  0.036157291654  0.036157291654  0.036157291654  0.039388287193  0.037198904254  0.042564516691  0.042564516691  0.037231802536  0.035085253137  0.035117316692  
pavo_cristatus 0.008054292503  0.025566821770  0.000000000000  0.010088952731  0.013157700753  0.018285262523  0.021420480273  0.021401464818  0.016232189525  0.016232189525  0.016232189525  0.019338225861  0.017251142866  0.022426337682  0.022426337682  0.017265235968  0.015201428518  0.015214819606  
tragopan_blythii 0.012132537305  0.029787335979  0.010088952731  0.000000000000  0.003009700027  0.008054292503  0.011119923540  0.011109624584  0.006032875777  0.006032875777  0.006032875777  0.009078434553  0.007040284726  0.012122757549  0.012122757549  0.007045851658  0.005022097485  0.015214819606  
lophophorus_impejanus 0.015214819606  0.032978002019  0.013157700753  0.003009700027  0.000000000000  0.011109624584  0.014199027705  0.014185124856  0.009078434553  0.009078434553  0.009078434553  0.012144032274  0.010088952731  0.015201428518  0.015201428518  0.010098060910  0.008061034703  0.018317628658  
rollulus_rouloul 0.020360413208  0.038274576281  0.018285262523  0.008054292503  0.011109624584  0.000000000000  0.019338225861  0.019321682551  0.014172942857  0.014172942857  0.014172942857  0.017265235968  0.015189763977  0.020344380433  0.020344380433  0.015201428518  0.013146722520  0.023490572552  
phasianus_colchicus 0.023512082384  0.041554799508  0.021420480273  0.011119923540  0.014199027705  0.019338225861  0.000000000000  0.010098060910  0.005027022296  0.005027022296  0.005027022296  0.008069478178  0.006032875777  0.011109624584  0.011109624584  0.008069478178  0.010108875871  0.026667197220  
syrmaticus_reevesii 0.023490572552  0.041516573660  0.021401464818  0.011109624584  0.014185124856  0.019321682551  0.010098060910  0.000000000000  0.005022097485  0.005022097485  0.005022097485  0.008061034703  0.006028479013  0.011101038053  0.011101038053  0.008061034703  0.010098060910  0.026641903476  
catreus_wallichi 0.018300578005  0.036157291654  0.016232189525  0.006032875777  0.009078434553  0.014172942857  0.005027022296  0.005022097485  0.000000000000  0.000000000000  0.000000000000  0.003009700027  0.001000770833  0.006028479013  0.006028479013  0.003009700027  0.005027022296  0.021420480273  
chrysolophus_pictus 0.018300578005  0.036157291654  0.016232189525  0.006032875777  0.009078434553  0.014172942857  0.005027022296  0.005022097485  0.000000000000  0.000000000000  0.000000000000  0.003009700027  0.001000770833  0.006028479013  0.006028479013  0.003009700027  0.005027022296  0.021420480273  
lophura_nycthemera 0.018300578005  0.036157291654  0.016232189525  0.006032875777  0.009078434553  0.014172942857  0.005027022296  0.005022097485  0.000000000000  0.000000000000  0.000000000000  0.003009700027  0.001000770833  0.006028479013  0.006028479013  0.003009700027  0.005027022296  0.021420480273  
syrmaticus_ellioti 0.021420480273  0.039388287193  0.019338225861  0.009078434553  0.012144032274  0.017265235968  0.008069478178  0.008061034703  0.003009700027  0.003009700027  0.003009700027  0.000000000000  0.004013507267  0.009070511948  0.009070511948  0.006038968379  0.008069478178  0.024561415128  
lophura_swinhoii 0.019321682551  0.037198904254  0.017251142866  0.007040284726  0.010088952731  0.015189763977  0.006032875777  0.006028479013  0.001000770833  0.001000770833  0.001000770833  0.004013507267  0.000000000000  0.007036419238  0.007036419238  0.004013507267  0.006032875777  0.022444847778  
crossoptilon_crossoptilon 0.023470815451  0.042564516691  0.022426337682  0.012122757549  0.015201428518  0.020344380433  0.011109624584  0.011101038053  0.006028479013  0.006028479013  0.006028479013  0.009070511948  0.007036419238  0.000000000000  0.000000000000  0.009070511948  0.011109624584  0.027672299947  
lophura_inornata 0.023470815451  0.042564516691  0.022426337682  0.012122757549  0.015201428518  0.020344380433  0.011109624584  0.011101038053  0.006028479013  0.006028479013  0.006028479013  0.009070511948  0.007036419238  0.000000000000  0.000000000000  0.009070511948  0.011109624584  0.027672299947  
perdix_dauuricae 0.019338225861  0.037231802536  0.017265235968  0.007045851658  0.010098060910  0.015201428518  0.008069478178  0.008061034703  0.003009700027  0.003009700027  0.003009700027  0.006038968379  0.004013507267  0.009070511948  0.009070511948  0.000000000000  0.006038968379  0.022465107623  
melgal2    0.017265235968  0.035085253137  0.015201428518  0.005022097485  0.008061034703  0.013146722520  0.010108875871  0.010098060910  0.005027022296  0.005027022296  0.005027022296  0.008069478178  0.006032875777  0.011109624584  0.011109624584  0.006038968379  0.000000000000  0.020378189829  
alectoris_rufa 0.017281061347  0.035117316692  0.015214819606  0.015214819606  0.018317628658  0.023490572552  0.026667197220  0.026641903476  0.021420480273  0.021420480273  0.021420480273  0.024561415128  0.022444847778  0.027672299947  0.027672299947  0.022465107623  0.020378189829  0.000000000000  

