18
catreus_wallichi 0.000000000000  0.005018148162  0.011096292905  0.017227833476  0.010077881090  0.011083057886  0.002002762810  0.005018148162  0.004011072163  0.008047292101  0.004011072163  0.002002762810  0.007043315452  0.002002762810  0.002002762810  0.002002762810  0.018258900937  0.005018148162  
galgal4    0.005018148162  0.000000000000  0.007043315452  0.012116794303  0.011096292905  0.012100410874  0.003006794959  0.006027267438  0.005018148162  0.009061550318  0.005018148162  0.003006794959  0.008057585092  0.003006794959  0.003006794959  0.003006794959  0.019292110293  0.006027267438  
pavo_cristatus 0.011096292905  0.007043315452  0.000000000000  0.019305041008  0.018270751425  0.019270968540  0.010084344242  0.013139393876  0.012116794303  0.016208602481  0.012116794303  0.010084344242  0.015202676194  0.010084344242  0.010084344242  0.010084344242  0.026566273334  0.013139393876  
rollulus_rouloul 0.017227833476  0.012116794303  0.019305041008  0.000000000000  0.023430830261  0.024432866788  0.015180725394  0.018258900937  0.017227833476  0.021351462462  0.017227833476  0.015180725394  0.020341485907  0.015180725394  0.015180725394  0.015180725394  0.029681626644  0.018258900937  
cyrtonyx_montezumae 0.010077881090  0.011096292905  0.018270751425  0.023430830261  0.000000000000  0.017210990212  0.008051669105  0.011096292905  0.010077881090  0.014154968173  0.010077881090  0.008051669105  0.013149018469  0.008051669105  0.008051669105  0.008051669105  0.024473783263  0.011096292905  
tragopan_blythii 0.011083057886  0.012100410874  0.019270968540  0.024432866788  0.017210990212  0.000000000000  0.009055349924  0.012100410874  0.011083057886  0.015159508643  0.011083057886  0.009055349924  0.014147394108  0.009055349924  0.009055349924  0.009055349924  0.025474709346  0.012100410874  
phasianus_colchicus 0.002002762810  0.003006794959  0.010084344242  0.015180725394  0.008051669105  0.009055349924  0.000000000000  0.003006794959  0.002002762810  0.006027267438  0.002002762810  0.000000000000  0.005025302026  0.000000000000  0.000000000000  0.000000000000  0.016208602481  0.003006794959  
syrmaticus_reevesii 0.005018148162  0.006027267438  0.013139393876  0.018258900937  0.011096292905  0.012100410874  0.003006794959  0.000000000000  0.005018148162  0.009061550318  0.005018148162  0.003006794959  0.008057585092  0.003006794959  0.003006794959  0.003006794959  0.019292110293  0.006027267438  
lophura_swinhoii 0.004011072163  0.005018148162  0.012116794303  0.017227833476  0.010077881090  0.011083057886  0.002002762810  0.005018148162  0.000000000000  0.008047292101  0.004011072163  0.002002762810  0.007043315452  0.002002762810  0.002002762810  0.002002762810  0.018258900937  0.005018148162  
melgal2    0.008047292101  0.009061550318  0.016208602481  0.021351462462  0.014154968173  0.015159508643  0.006027267438  0.009061550318  0.008047292101  0.000000000000  0.008047292101  0.006027267438  0.011103805548  0.006027267438  0.006027267438  0.006027267438  0.022390059699  0.009061550318  
crossoptilon_crossoptilon 0.004011072163  0.005018148162  0.012116794303  0.017227833476  0.010077881090  0.011083057886  0.002002762810  0.005018148162  0.004011072163  0.008047292101  0.000000000000  0.002002762810  0.007043315452  0.002002762810  0.002002762810  0.002002762810  0.018258900937  0.005018148162  
syrmaticus_ellioti 0.002002762810  0.003006794959  0.010084344242  0.015180725394  0.008051669105  0.009055349924  0.000000000000  0.003006794959  0.002002762810  0.006027267438  0.002002762810  0.000000000000  0.005025302026  0.000000000000  0.000000000000  0.000000000000  0.016208602481  0.003006794959  
lophura_inornata 0.007043315452  0.008057585092  0.015202676194  0.020341485907  0.013149018469  0.014147394108  0.005025302026  0.008057585092  0.007043315452  0.011103805548  0.007043315452  0.005025302026  0.000000000000  0.005025302026  0.005025302026  0.005025302026  0.021380095123  0.008057585092  
lophophorus_impejanus 0.002002762810  0.003006794959  0.010084344242  0.015180725394  0.008051669105  0.009055349924  0.000000000000  0.003006794959  0.002002762810  0.006027267438  0.002002762810  0.000000000000  0.005025302026  0.000000000000  0.000000000000  0.000000000000  0.016208602481  0.003006794959  
lophura_nycthemera 0.002002762810  0.003006794959  0.010084344242  0.015180725394  0.008051669105  0.009055349924  0.000000000000  0.003006794959  0.002002762810  0.006027267438  0.002002762810  0.000000000000  0.005025302026  0.000000000000  0.000000000000  0.000000000000  0.016208602481  0.003006794959  
chrysolophus_pictus 0.002002762810  0.003006794959  0.010084344242  0.015180725394  0.008051669105  0.009055349924  0.000000000000  0.003006794959  0.002002762810  0.006027267438  0.002002762810  0.000000000000  0.005025302026  0.000000000000  0.000000000000  0.000000000000  0.016208602481  0.003006794959  
perdix_dauuricae 0.018258900937  0.019292110293  0.026566273334  0.029681626644  0.024473783263  0.025474709346  0.016208602481  0.019292110293  0.018258900937  0.022390059699  0.018258900937  0.016208602481  0.021380095123  0.016208602481  0.016208602481  0.016208602481  0.000000000000  0.019292110293  
alectoris_rufa 0.005018148162  0.006027267438  0.013139393876  0.018258900937  0.011096292905  0.012100410874  0.003006794959  0.006027267438  0.005018148162  0.009061550318  0.005018148162  0.003006794959  0.008057585092  0.003006794959  0.003006794959  0.003006794959  0.019292110293  0.000000000000  

