18
lophura_swinhoii 0.000000000000  0.007044514236  0.008059217097  0.012128747656  0.017288992449  0.022471788304  0.015222599862  0.009076061087  0.016239362923  0.014192716913  0.014192716913  0.007044514236  0.007044514236  0.007044514236  0.007044514236  0.007044514236  0.007044514236  0.003009377109  
chrysolophus_pictus 0.007044514236  0.000000000000  0.001001039012  0.005021495963  0.010105215592  0.015222599862  0.008067148980  0.002004161818  0.009076061087  0.007051338929  0.007051338929  0.000000000000  0.000000000000  0.000000000000  0.000000000000  0.000000000000  0.000000000000  0.008059217097  
lophura_inornata 0.008059217097  0.001001039012  0.000000000000  0.006031943505  0.011127490380  0.016254688551  0.009085104839  0.003009377109  0.010095055260  0.008067148980  0.008067148980  0.001001039012  0.001001039012  0.001001039012  0.001001039012  0.001001039012  0.001001039012  0.009076061087  
lophophorus_impejanus 0.012128747656  0.005021495963  0.006031943505  0.000000000000  0.013165030297  0.018307894819  0.011116208729  0.005021495963  0.012128747656  0.012139530665  0.012139530665  0.005021495963  0.005021495963  0.005021495963  0.005021495963  0.005021495963  0.005021495963  0.013153118887  
melgal2    0.017288992449  0.010105215592  0.011127490380  0.013165030297  0.000000000000  0.019364284052  0.014207391265  0.008067148980  0.015222599862  0.015238414797  0.015238414797  0.010105215592  0.010105215592  0.010105215592  0.010105215592  0.010105215592  0.010105215592  0.018325521086  
cyrtonyx_montezumae 0.022471788304  0.015222599862  0.016254688551  0.018307894819  0.019364284052  0.000000000000  0.011116208729  0.013165030297  0.020385344206  0.020405291001  0.020405291001  0.015222599862  0.015222599862  0.015222599862  0.015222599862  0.015222599862  0.015222599862  0.023518407776  
rollulus_rouloul 0.015222599862  0.008067148980  0.009085104839  0.011116208729  0.014207391265  0.011116208729  0.000000000000  0.006037665659  0.013165030297  0.013178568927  0.013178568927  0.008067148980  0.008067148980  0.008067148980  0.008067148980  0.008067148980  0.008067148980  0.016254688551  
pavo_cristatus 0.009076061087  0.002004161818  0.003009377109  0.005021495963  0.008067148980  0.013165030297  0.006037665659  0.000000000000  0.007044514236  0.007051338929  0.007051338929  0.002004161818  0.002004161818  0.002004161818  0.002004161818  0.002004161818  0.002004161818  0.010095055260  
galgal4    0.016239362923  0.009076061087  0.010095055260  0.012128747656  0.015222599862  0.020385344206  0.013165030297  0.007044514236  0.000000000000  0.014192716913  0.014192716913  0.009076061087  0.009076061087  0.009076061087  0.009076061087  0.009076061087  0.009076061087  0.017272518972  
perdix_dauuricae 0.014192716913  0.007051338929  0.008067148980  0.012139530665  0.015238414797  0.020405291001  0.013178568927  0.007051338929  0.014192716913  0.000000000000  0.000000000000  0.007051338929  0.007051338929  0.007051338929  0.007051338929  0.007051338929  0.007051338929  0.015222599862  
tragopan_blythii 0.014192716913  0.007051338929  0.008067148980  0.012139530665  0.015238414797  0.020405291001  0.013178568927  0.007051338929  0.014192716913  0.000000000000  0.000000000000  0.007051338929  0.007051338929  0.007051338929  0.007051338929  0.007051338929  0.007051338929  0.015222599862  
syrmaticus_ellioti 0.007044514236  0.000000000000  0.001001039012  0.005021495963  0.010105215592  0.015222599862  0.008067148980  0.002004161818  0.009076061087  0.007051338929  0.007051338929  0.000000000000  0.000000000000  0.000000000000  0.000000000000  0.000000000000  0.000000000000  0.008059217097  
catreus_wallichi 0.007044514236  0.000000000000  0.001001039012  0.005021495963  0.010105215592  0.015222599862  0.008067148980  0.002004161818  0.009076061087  0.007051338929  0.007051338929  0.000000000000  0.000000000000  0.000000000000  0.000000000000  0.000000000000  0.000000000000  0.008059217097  
syrmaticus_reevesii 0.007044514236  0.000000000000  0.001001039012  0.005021495963  0.010105215592  0.015222599862  0.008067148980  0.002004161818  0.009076061087  0.007051338929  0.007051338929  0.000000000000  0.000000000000  0.000000000000  0.000000000000  0.000000000000  0.000000000000  0.008059217097  
phasianus_colchicus 0.007044514236  0.000000000000  0.001001039012  0.005021495963  0.010105215592  0.015222599862  0.008067148980  0.002004161818  0.009076061087  0.007051338929  0.007051338929  0.000000000000  0.000000000000  0.000000000000  0.000000000000  0.000000000000  0.000000000000  0.008059217097  
crossoptilon_crossoptilon 0.007044514236  0.000000000000  0.001001039012  0.005021495963  0.010105215592  0.015222599862  0.008067148980  0.002004161818  0.009076061087  0.007051338929  0.007051338929  0.000000000000  0.000000000000  0.000000000000  0.000000000000  0.000000000000  0.000000000000  0.008059217097  
lophura_nycthemera 0.007044514236  0.000000000000  0.001001039012  0.005021495963  0.010105215592  0.015222599862  0.008067148980  0.002004161818  0.009076061087  0.007051338929  0.007051338929  0.000000000000  0.000000000000  0.000000000000  0.000000000000  0.000000000000  0.000000000000  0.008059217097  
alectoris_rufa 0.003009377109  0.008059217097  0.009076061087  0.013153118887  0.018325521086  0.023518407776  0.016254688551  0.010095055260  0.017272518972  0.015222599862  0.015222599862  0.008059217097  0.008059217097  0.008059217097  0.008059217097  0.008059217097  0.008059217097  0.000000000000  

