18
syrmaticus_reevesii 0.000000000000  0.000000000000  0.003009310545  0.016202221484  0.015207106622  0.001001031657  0.000000000000  0.002004132315  0.003006902420  0.003006902420  0.006027700384  0.007035561619  0.008047988349  0.030902806684  0.010094438820  0.000000000000  0.001001031657  0.004013092620  
lophophorus_impejanus 0.000000000000  0.000000000000  0.003009310545  0.016202221484  0.015207106622  0.001001031657  0.000000000000  0.002004132315  0.003006902420  0.003006902420  0.006027700384  0.007035561619  0.008047988349  0.030902806684  0.010094438820  0.000000000000  0.001001031657  0.004013092620  
perdix_dauuricae 0.003009310545  0.003009310545  0.000000000000  0.019297436769  0.018305900393  0.004016574970  0.003009310545  0.005025934269  0.006031752930  0.006031752930  0.009068252187  0.010079199946  0.011098002604  0.034103792286  0.013163928546  0.003009310545  0.004016574970  0.007044240503  
tragopan_blythii 0.016202221484  0.016202221484  0.019297436769  0.000000000000  0.020364766655  0.017231768121  0.016202221484  0.018263503441  0.019285433368  0.019285433368  0.022383308227  0.023410547198  0.024452151255  0.046898496861  0.026577246941  0.016202221484  0.017231768121  0.018252631871  
cyrtonyx_montezumae 0.015207106622  0.015207106622  0.018305900393  0.020364766655  0.000000000000  0.016237841019  0.015207106622  0.015207106622  0.018290140648  0.018290140648  0.021387856489  0.022412518953  0.023455338770  0.047028165914  0.025590466062  0.015207106622  0.016237841019  0.019326345096  
catreus_wallichi 0.001001031657  0.001001031657  0.004016574970  0.017231768121  0.016237841019  0.000000000000  0.001001031657  0.003009310545  0.004013092620  0.004013092620  0.007039102567  0.008047988349  0.009062531503  0.031967457795  0.011115446540  0.001001031657  0.002004132315  0.005021373222  
phasianus_colchicus 0.000000000000  0.000000000000  0.003009310545  0.016202221484  0.015207106622  0.001001031657  0.000000000000  0.002004132315  0.003006902420  0.003006902420  0.006027700384  0.007035561619  0.008047988349  0.030902806684  0.010094438820  0.000000000000  0.001001031657  0.004013092620  
melgal2    0.002004132315  0.002004132315  0.005025934269  0.018263503441  0.015207106622  0.003009310545  0.002004132315  0.000000000000  0.005021373222  0.005021373222  0.008052616888  0.009062531503  0.010079199946  0.033034449557  0.012138606751  0.002004132315  0.003009310545  0.006031752930  
lophura_swinhoii 0.003006902420  0.003006902420  0.006031752930  0.019285433368  0.018290140648  0.004013092620  0.003006902420  0.005021373222  0.000000000000  0.000000000000  0.003006902420  0.010073989549  0.011091693242  0.034070415514  0.013152181916  0.003006902420  0.004013092620  0.007039102567  
lophura_nycthemera 0.003006902420  0.003006902420  0.006031752930  0.019285433368  0.018290140648  0.004013092620  0.003006902420  0.005021373222  0.000000000000  0.000000000000  0.003006902420  0.010073989549  0.011091693242  0.034070415514  0.013152181916  0.003006902420  0.004013092620  0.007039102567  
lophura_inornata 0.006027700384  0.006027700384  0.009068252187  0.022383308227  0.021387856489  0.007039102567  0.006027700384  0.008052616888  0.003006902420  0.003006902420  0.000000000000  0.013126621297  0.014149657250  0.037253622625  0.016224345360  0.006027700384  0.007039102567  0.010079199946  
syrmaticus_ellioti 0.007035561619  0.007035561619  0.010079199946  0.023410547198  0.022412518953  0.008047988349  0.007035561619  0.009062531503  0.010073989549  0.010073989549  0.013126621297  0.000000000000  0.001001031657  0.031936496983  0.011105921356  0.007035561619  0.008047988349  0.011091693242  
galgal4    0.008047988349  0.008047988349  0.011098002604  0.024452151255  0.023455338770  0.009062531503  0.008047988349  0.010079199946  0.011091693242  0.011091693242  0.014149657250  0.001001031657  0.000000000000  0.033002283423  0.012127973186  0.008047988349  0.009062531503  0.012111535502  
rollulus_rouloul 0.030902806684  0.030902806684  0.034103792286  0.046898496861  0.047028165914  0.031967457795  0.030902806684  0.033034449557  0.034070415514  0.034070415514  0.037253622625  0.031936496983  0.033002283423  0.000000000000  0.035211754819  0.030902806684  0.031967457795  0.033002283423  
pavo_cristatus 0.010094438820  0.010094438820  0.013163928546  0.026577246941  0.025590466062  0.011115446540  0.010094438820  0.012138606751  0.013152181916  0.013152181916  0.016224345360  0.011105921356  0.012127973186  0.035211754819  0.000000000000  0.010094438820  0.011115446540  0.014178556668  
chrysolophus_pictus 0.000000000000  0.000000000000  0.003009310545  0.016202221484  0.015207106622  0.001001031657  0.000000000000  0.002004132315  0.003006902420  0.003006902420  0.006027700384  0.007035561619  0.008047988349  0.030902806684  0.010094438820  0.000000000000  0.001001031657  0.004013092620  
crossoptilon_crossoptilon 0.001001031657  0.001001031657  0.004016574970  0.017231768121  0.016237841019  0.002004132315  0.001001031657  0.003009310545  0.004013092620  0.004013092620  0.007039102567  0.008047988349  0.009062531503  0.031967457795  0.011115446540  0.001001031657  0.000000000000  0.005021373222  
alectoris_rufa 0.004013092620  0.004013092620  0.007044240503  0.018252631871  0.019326345096  0.005021373222  0.004013092620  0.006031752930  0.007039102567  0.007039102567  0.010079199946  0.011091693242  0.012111535502  0.033002283423  0.014178556668  0.004013092620  0.005021373222  0.000000000000  

