18
pavo_cristatus 0.000000000000  0.022418186156  0.044667996604  0.017246416139  0.010074711818  0.006025438146  0.012106735531  0.006028008595  0.006028008595  0.011092660320  0.018245854642  0.013135100351  0.007039578738  0.009063230113  0.008053299540  0.006028008595  0.006028008595  0.020324309123  
galgal4    0.022418186156  0.000000000000  0.063351302890  0.033967229798  0.026566035650  0.022402144317  0.028649108109  0.022418186156  0.022418186156  0.026566035650  0.033894391094  0.028668965706  0.023461702883  0.025535974163  0.024507508411  0.022418186156  0.022418186156  0.037116878303  
cyrtonyx_montezumae 0.044667996604  0.063351302890  0.000000000000  0.050054060529  0.048958110812  0.044632779848  0.053314916511  0.046847607414  0.046847607414  0.052253546215  0.057659726244  0.054463225048  0.047941160581  0.047902029264  0.049037227570  0.046847607414  0.044667996604  0.062174388784  
rollulus_rouloul 0.017246416139  0.033967229798  0.050054060529  0.000000000000  0.021362094870  0.017234586907  0.023428929301  0.017246416139  0.017246416139  0.022402144317  0.029683483890  0.024489073969  0.018279808162  0.020337979178  0.019315444738  0.017246416139  0.017246416139  0.031817320268  
perdix_dauuricae 0.010074711818  0.026566035650  0.048958110812  0.021362094870  0.000000000000  0.004013261542  0.014151263120  0.008053299540  0.008053299540  0.013135100351  0.020312328396  0.015186326982  0.009069180167  0.011099230604  0.010087229841  0.008053299540  0.008053299540  0.023415091621  
melgal2    0.006025438146  0.022402144317  0.044632779848  0.017234586907  0.004013261542  0.000000000000  0.010074711818  0.004013261542  0.004013261542  0.009063230113  0.016195607450  0.011099230604  0.005021672386  0.007039578738  0.006032220463  0.004013261542  0.004013261542  0.019277972013  
tragopan_blythii 0.012106735531  0.028649108109  0.053314916511  0.023428929301  0.014151263120  0.010074711818  0.000000000000  0.010080143626  0.010080143626  0.015176823906  0.022375147765  0.017234586907  0.011099230604  0.013135100351  0.012120500358  0.010080143626  0.010080143626  0.024443983559  
lophura_nycthemera 0.006028008595  0.022418186156  0.046847607414  0.017246416139  0.008053299540  0.004013261542  0.010080143626  0.000000000000  0.000000000000  0.005018580006  0.012106735531  0.007039578738  0.001001050110  0.003006978910  0.002004206334  0.000000000000  0.004016872702  0.020324309123  
lophura_inornata 0.006028008595  0.022418186156  0.046847607414  0.017246416139  0.008053299540  0.004013261542  0.010080143626  0.000000000000  0.000000000000  0.005018580006  0.012106735531  0.007039578738  0.001001050110  0.003006978910  0.002004206334  0.000000000000  0.004016872702  0.020324309123  
catreus_wallichi 0.011092660320  0.026566035650  0.052253546215  0.022402144317  0.013135100351  0.009063230113  0.015176823906  0.005018580006  0.005018580006  0.000000000000  0.007035886536  0.002004206334  0.006028008595  0.008048480814  0.007039578738  0.005018580006  0.009069180167  0.025501808699  
syrmaticus_ellioti 0.018245854642  0.033894391094  0.057659726244  0.029683483890  0.020312328396  0.016195607450  0.022375147765  0.012106735531  0.012106735531  0.007035886536  0.000000000000  0.009063230113  0.013127903471  0.015168993990  0.014151263120  0.012106735531  0.016204595318  0.032814158979  
crossoptilon_crossoptilon 0.013135100351  0.028668965706  0.054463225048  0.024489073969  0.015186326982  0.011099230604  0.017234586907  0.007039578738  0.007039578738  0.002004206334  0.009063230113  0.000000000000  0.008053299540  0.010080143626  0.009069180167  0.007039578738  0.011107457845  0.027597698323  
syrmaticus_reevesii 0.007039578738  0.023461702883  0.047941160581  0.018279808162  0.009069180167  0.005021672386  0.011099230604  0.001001050110  0.001001050110  0.006028008595  0.013127903471  0.008053299540  0.000000000000  0.004013261542  0.003009477552  0.001001050110  0.005026400777  0.021362094870  
lophura_swinhoii 0.009063230113  0.025535974163  0.047902029264  0.020337979178  0.011099230604  0.007039578738  0.013135100351  0.003006978910  0.003006978910  0.008048480814  0.015168993990  0.010080143626  0.004013261542  0.000000000000  0.005021672386  0.003006978910  0.007044914852  0.023428929301  
chrysolophus_pictus 0.008053299540  0.024507508411  0.049037227570  0.019315444738  0.010087229841  0.006032220463  0.012120500358  0.002004206334  0.002004206334  0.007039578738  0.014151263120  0.009069180167  0.003009477552  0.005021672386  0.000000000000  0.002004206334  0.006038070828  0.022402144317  
phasianus_colchicus 0.006028008595  0.022418186156  0.046847607414  0.017246416139  0.008053299540  0.004013261542  0.010080143626  0.000000000000  0.000000000000  0.005018580006  0.012106735531  0.007039578738  0.001001050110  0.003006978910  0.002004206334  0.000000000000  0.004016872702  0.020324309123  
lophophorus_impejanus 0.006028008595  0.022418186156  0.044667996604  0.017246416139  0.008053299540  0.004013261542  0.010080143626  0.004016872702  0.004016872702  0.009069180167  0.016204595318  0.011107457845  0.005026400777  0.007044914852  0.006038070828  0.004016872702  0.000000000000  0.020324309123  
alectoris_rufa 0.020324309123  0.037116878303  0.062174388784  0.031817320268  0.023415091621  0.019277972013  0.024443983559  0.020324309123  0.020324309123  0.025501808699  0.032814158979  0.027597698323  0.021362094870  0.023428929301  0.022402144317  0.020324309123  0.020324309123  0.000000000000  

