18
lophura_swinhoii 0.000000000000  0.000000000000  0.000000000000  0.000000000000  0.000000000000  0.000000000000  0.017256006269  0.001001031001  0.002004129685  0.000000000000  0.000000000000  0.003009304611  0.004016564392  0.001001031001  0.003006084559  0.010085974153  0.007050939798  0.012150748871  
crossoptilon_crossoptilon 0.000000000000  0.000000000000  0.000000000000  0.000000000000  0.000000000000  0.000000000000  0.017256006269  0.001001031001  0.002004129685  0.000000000000  0.000000000000  0.003009304611  0.004016564392  0.001001031001  0.003006084559  0.010085974153  0.007050939798  0.012150748871  
lophura_nycthemera 0.000000000000  0.000000000000  0.000000000000  0.000000000000  0.000000000000  0.000000000000  0.017256006269  0.001001031001  0.002004129685  0.000000000000  0.000000000000  0.003009304611  0.004016564392  0.001001031001  0.003006084559  0.010085974153  0.007050939798  0.012150748871  
lophophorus_impejanus 0.000000000000  0.000000000000  0.000000000000  0.000000000000  0.000000000000  0.000000000000  0.017256006269  0.001001031001  0.002004129685  0.000000000000  0.000000000000  0.003009304611  0.004016564392  0.001001031001  0.003006084559  0.010085974153  0.007050939798  0.012150748871  
catreus_wallichi 0.000000000000  0.000000000000  0.000000000000  0.000000000000  0.000000000000  0.000000000000  0.017256006269  0.001001031001  0.002004129685  0.000000000000  0.000000000000  0.003009304611  0.004016564392  0.001001031001  0.003006084559  0.010085974153  0.007050939798  0.012150748871  
lophura_inornata 0.000000000000  0.000000000000  0.000000000000  0.000000000000  0.000000000000  0.000000000000  0.017256006269  0.001001031001  0.002004129685  0.000000000000  0.000000000000  0.003009304611  0.004016564392  0.001001031001  0.003006084559  0.010085974153  0.007050939798  0.012150748871  
rollulus_rouloul 0.017256006269  0.017256006269  0.017256006269  0.017256006269  0.017256006269  0.017256006269  0.000000000000  0.018289981348  0.019326162595  0.017256006269  0.017256006269  0.020364559444  0.021405181390  0.018289981348  0.020333431991  0.027648823009  0.023493138863  0.029811420332  
cyrtonyx_montezumae 0.001001031001  0.001001031001  0.001001031001  0.001001031001  0.001001031001  0.001001031001  0.018289981348  0.000000000000  0.003009304611  0.001001031001  0.001001031001  0.004016564392  0.005025917694  0.002004129685  0.004011199939  0.011105865660  0.008066626206  0.013177168929  
phasianus_colchicus 0.002004129685  0.002004129685  0.002004129685  0.002004129685  0.002004129685  0.002004129685  0.019326162595  0.003009304611  0.000000000000  0.002004129685  0.002004129685  0.005025917694  0.006037373237  0.003009304611  0.005018399926  0.012127903581  0.009084441347  0.014205762999  
syrmaticus_reevesii 0.000000000000  0.000000000000  0.000000000000  0.000000000000  0.000000000000  0.000000000000  0.017256006269  0.001001031001  0.002004129685  0.000000000000  0.000000000000  0.003009304611  0.004016564392  0.001001031001  0.003006084559  0.010085974153  0.007050939798  0.012150748871  
syrmaticus_ellioti 0.000000000000  0.000000000000  0.000000000000  0.000000000000  0.000000000000  0.000000000000  0.017256006269  0.001001031001  0.002004129685  0.000000000000  0.000000000000  0.003009304611  0.004016564392  0.001001031001  0.003006084559  0.010085974153  0.007050939798  0.012150748871  
tragopan_blythii 0.003009304611  0.003009304611  0.003009304611  0.003009304611  0.003009304611  0.003009304611  0.020364559444  0.004016564392  0.005025917694  0.003009304611  0.003009304611  0.000000000000  0.007050939798  0.004016564392  0.006027693186  0.013152096971  0.010104394164  0.015236540310  
perdix_dauuricae 0.004016564392  0.004016564392  0.004016564392  0.004016564392  0.004016564392  0.004016564392  0.021405181390  0.005025917694  0.006037373237  0.004016564392  0.004016564392  0.007050939798  0.000000000000  0.005025917694  0.007039088438  0.014178454940  0.011126493653  0.016269510148  
melgal2    0.001001031001  0.001001031001  0.001001031001  0.001001031001  0.001001031001  0.001001031001  0.018289981348  0.002004129685  0.003009304611  0.001001031001  0.001001031001  0.004016564392  0.005025917694  0.000000000000  0.004011199939  0.011105865660  0.008066626206  0.013177168929  
chrysolophus_pictus 0.003006084559  0.003006084559  0.003006084559  0.003006084559  0.003006084559  0.003006084559  0.020333431991  0.004011199939  0.005018399926  0.003006084559  0.003006084559  0.006027693186  0.007039088438  0.004011199939  0.000000000000  0.013133482399  0.010085974153  0.015206986658  
galgal4    0.010085974153  0.010085974153  0.010085974153  0.010085974153  0.010085974153  0.010085974153  0.027648823009  0.011105865660  0.012127903581  0.010085974153  0.010085974153  0.013152096971  0.014178454940  0.011105865660  0.013133482399  0.000000000000  0.013152096971  0.020382576490  
pavo_cristatus 0.007050939798  0.007050939798  0.007050939798  0.007050939798  0.007050939798  0.007050939798  0.023493138863  0.008066626206  0.009084441347  0.007050939798  0.007050939798  0.010104394164  0.011126493653  0.008066626206  0.010085974153  0.013152096971  0.000000000000  0.017304681862  
alectoris_rufa 0.012150748871  0.012150748871  0.012150748871  0.012150748871  0.012150748871  0.012150748871  0.029811420332  0.013177168929  0.014205762999  0.012150748871  0.012150748871  0.015236540310  0.016269510148  0.013177168929  0.015206986658  0.020382576490  0.017304681862  0.000000000000  

