18
cyrtonyx_montezumae 0.000000000000  0.032932903498  0.028693152411  0.050980440700  0.039266993242  0.040313359210  0.039238058918  0.044573656735  0.040313359210  0.045570049528  0.052109014529  0.044573656735  0.043491120645  0.037121132666  0.035010556494  0.037094733515  0.035010556494  0.032858276217  
pavo_cristatus 0.032932903498  0.000000000000  0.006038216144  0.028616852909  0.022457073502  0.023482451492  0.022437565063  0.027639101237  0.021394972045  0.026534874349  0.037121132666  0.027639101237  0.026587383837  0.020371776662  0.020390581107  0.020354662393  0.018312020010  0.016228447093  
galgal4    0.028693152411  0.006038216144  0.000000000000  0.026520816011  0.020371776662  0.021394972045  0.020354662393  0.025537989899  0.021394972045  0.024445642643  0.032858276217  0.025537989899  0.024490909179  0.018295594302  0.018312020010  0.018280853331  0.016242514735  0.014170256737  
rollulus_rouloul 0.050980440700  0.028616852909  0.026520816011  0.000000000000  0.043462378314  0.044515377548  0.043435419125  0.048798431651  0.044515377548  0.047636382325  0.058582819325  0.048798431651  0.047711174391  0.041307242574  0.041333421698  0.041282840509  0.039185479654  0.035961797392  
lophura_nycthemera 0.039266993242  0.022457073502  0.020371776662  0.043462378314  0.000000000000  0.005021752235  0.005021752235  0.009063462346  0.005021752235  0.010069088052  0.018256437270  0.009063462346  0.008048658904  0.002004222299  0.008059988087  0.008048658904  0.012120945949  0.022403646761  
chrysolophus_pictus 0.040313359210  0.023482451492  0.021394972045  0.044515377548  0.005021752235  0.000000000000  0.006028111127  0.010074987315  0.006028111127  0.011083244271  0.019279004884  0.010074987315  0.009059150111  0.003007004374  0.009069435703  0.009059150111  0.013135598922  0.023430530770  
lophura_inornata 0.039238058918  0.022437565063  0.020354662393  0.043435419125  0.005021752235  0.006028111127  0.000000000000  0.010074987315  0.006028111127  0.011083244271  0.019279004884  0.010074987315  0.009059150111  0.003007004374  0.009069435703  0.009059150111  0.013135598922  0.022389242736  
syrmaticus_ellioti 0.044573656735  0.027639101237  0.025537989899  0.048798431651  0.009063462346  0.010074987315  0.010074987315  0.000000000000  0.010074987315  0.015156174335  0.023404462613  0.014145123047  0.013122830585  0.007036018854  0.013135598922  0.013122830585  0.017225267871  0.027582946234  
lophura_swinhoii 0.040313359210  0.021394972045  0.021394972045  0.044515377548  0.005021752235  0.006028111127  0.006028111127  0.010074987315  0.000000000000  0.011083244271  0.019279004884  0.010074987315  0.009059150111  0.003007004374  0.009069435703  0.009059150111  0.013135598922  0.023430530770  
phasianus_colchicus 0.045570049528  0.026534874349  0.024445642643  0.047636382325  0.010069088052  0.011083244271  0.011083244271  0.015156174335  0.011083244271  0.000000000000  0.018256437270  0.009063462346  0.008048658904  0.008044112068  0.014140107154  0.014135136562  0.018232522461  0.028589089384  
perdix_dauuricae 0.052109014529  0.037121132666  0.032858276217  0.058582819325  0.018256437270  0.019279004884  0.019279004884  0.023404462613  0.019279004884  0.018256437270  0.000000000000  0.017260896221  0.016228447093  0.016196332127  0.021350232361  0.022365559771  0.026534874349  0.037047206671  
syrmaticus_reevesii 0.044573656735  0.027639101237  0.025537989899  0.048798431651  0.009063462346  0.010074987315  0.010074987315  0.014145123047  0.010074987315  0.009063462346  0.017260896221  0.000000000000  0.007052090317  0.007036018854  0.013135598922  0.013122830585  0.017225267871  0.027582946234  
catreus_wallichi 0.043491120645  0.026587383837  0.024490909179  0.047711174391  0.008048658904  0.009059150111  0.009059150111  0.013122830585  0.009059150111  0.008048658904  0.016228447093  0.007052090317  0.000000000000  0.006025532990  0.012113202339  0.012102733528  0.016196332127  0.026534874349  
crossoptilon_crossoptilon 0.037121132666  0.020371776662  0.018295594302  0.041307242574  0.002004222299  0.003007004374  0.003007004374  0.007036018854  0.003007004374  0.008044112068  0.016196332127  0.007036018854  0.006025532990  0.000000000000  0.006032339829  0.006025532990  0.010080438442  0.020325515975  
melgal2    0.035010556494  0.020390581107  0.018312020010  0.041333421698  0.008059988087  0.009069435703  0.009069435703  0.013135598922  0.009069435703  0.014140107154  0.021350232361  0.013135598922  0.012113202339  0.006032339829  0.000000000000  0.006028111127  0.010087553247  0.020339241190  
tragopan_blythii 0.037094733515  0.020354662393  0.018280853331  0.041282840509  0.008048658904  0.009059150111  0.009059150111  0.013122830585  0.009059150111  0.014135136562  0.022365559771  0.013122830585  0.012102733528  0.006025532990  0.006028111127  0.000000000000  0.010074987315  0.020313489703  
lophophorus_impejanus 0.035010556494  0.018312020010  0.016242514735  0.039185479654  0.012120945949  0.013135598922  0.013135598922  0.017225267871  0.013135598922  0.018232522461  0.026534874349  0.017225267871  0.016196332127  0.010080438442  0.010087553247  0.010074987315  0.000000000000  0.018267800007  
alectoris_rufa 0.032858276217  0.016228447093  0.014170256737  0.035961797392  0.022403646761  0.023430530770  0.022389242736  0.027582946234  0.023430530770  0.028589089384  0.037047206671  0.027582946234  0.026534874349  0.020325515975  0.020339241190  0.020313489703  0.018267800007  0.000000000000  

