18
perdix_dauuricae 0.000000000000  0.003009043066  0.009073630119  0.021395215224  0.037031847850  0.012124889066  0.024472165079  0.020355685045  0.030798278936  0.009061366818  0.009061366818  0.009061366818  0.009061366818  0.009061366818  0.009061366818  0.015171572011  0.011090069808  0.009061366818  
melgal2    0.003009043066  0.000000000000  0.006030993855  0.018283090943  0.033847002936  0.009066735244  0.021350325255  0.017250009187  0.027633592077  0.006024899217  0.006024899217  0.006024899217  0.006024899217  0.006024899217  0.006024899217  0.012104037206  0.008044349268  0.006024899217  
lophophorus_impejanus 0.009073630119  0.006030993855  0.000000000000  0.012124889066  0.027549615548  0.003006774848  0.015171572011  0.013148447609  0.023462088105  0.006027186441  0.006027186441  0.006027186441  0.006027186441  0.006027186441  0.006027186441  0.012109449996  0.008047159090  0.006027186441  
syrmaticus_reevesii 0.021395215224  0.018283090943  0.012124889066  0.000000000000  0.025486343145  0.009073630119  0.027595254621  0.024507052950  0.035021469404  0.018269798081  0.018269798081  0.018269798081  0.018269798081  0.018269798081  0.018269798081  0.024472165079  0.020326357891  0.018269798081  
cyrtonyx_montezumae 0.037031847850  0.033847002936  0.027549615548  0.025486343145  0.000000000000  0.024431626021  0.043363465913  0.040213235451  0.050970423306  0.033829922222  0.033829922222  0.033829922222  0.033829922222  0.033829922222  0.033829922222  0.040170334938  0.035930928907  0.033829922222  
tragopan_blythii 0.012124889066  0.009066735244  0.003006774848  0.009073630119  0.024431626021  0.000000000000  0.018247870963  0.016219059164  0.026583135442  0.009061366818  0.009061366818  0.009061366818  0.009061366818  0.009061366818  0.009061366818  0.015171572011  0.011090069808  0.009061366818  
galgal4    0.024472165079  0.021350325255  0.015171572011  0.027595254621  0.043363465913  0.018247870963  0.000000000000  0.024457076669  0.034947597467  0.021338487054  0.021338487054  0.021338487054  0.021338487054  0.021338487054  0.021338487054  0.027563242239  0.023402954024  0.021338487054  
pavo_cristatus 0.020355685045  0.017250009187  0.013148447609  0.024507052950  0.040213235451  0.016219059164  0.024457076669  0.000000000000  0.010084041397  0.017237784108  0.017237784108  0.017237784108  0.017237784108  0.017237784108  0.017237784108  0.023429382902  0.019291137208  0.017237784108  
rollulus_rouloul 0.030798278936  0.027633592077  0.023462088105  0.035021469404  0.050970423306  0.026583135442  0.034947597467  0.010084041397  0.000000000000  0.027613634219  0.027613634219  0.027613634219  0.027613634219  0.027613634219  0.027613634219  0.033907878162  0.029698377758  0.027613634219  
lophura_nycthemera 0.009061366818  0.006024899217  0.006027186441  0.018269798081  0.033829922222  0.009061366818  0.021338487054  0.017237784108  0.027613634219  0.000000000000  0.000000000000  0.000000000000  0.000000000000  0.000000000000  0.000000000000  0.006027186441  0.002002756149  0.000000000000  
lophura_inornata 0.009061366818  0.006024899217  0.006027186441  0.018269798081  0.033829922222  0.009061366818  0.021338487054  0.017237784108  0.027613634219  0.000000000000  0.000000000000  0.000000000000  0.000000000000  0.000000000000  0.000000000000  0.006027186441  0.002002756149  0.000000000000  
chrysolophus_pictus 0.009061366818  0.006024899217  0.006027186441  0.018269798081  0.033829922222  0.009061366818  0.021338487054  0.017237784108  0.027613634219  0.000000000000  0.000000000000  0.000000000000  0.000000000000  0.000000000000  0.000000000000  0.006027186441  0.002002756149  0.000000000000  
catreus_wallichi 0.009061366818  0.006024899217  0.006027186441  0.018269798081  0.033829922222  0.009061366818  0.021338487054  0.017237784108  0.027613634219  0.000000000000  0.000000000000  0.000000000000  0.000000000000  0.000000000000  0.000000000000  0.006027186441  0.002002756149  0.000000000000  
lophura_swinhoii 0.009061366818  0.006024899217  0.006027186441  0.018269798081  0.033829922222  0.009061366818  0.021338487054  0.017237784108  0.027613634219  0.000000000000  0.000000000000  0.000000000000  0.000000000000  0.000000000000  0.000000000000  0.006027186441  0.002002756149  0.000000000000  
crossoptilon_crossoptilon 0.009061366818  0.006024899217  0.006027186441  0.018269798081  0.033829922222  0.009061366818  0.021338487054  0.017237784108  0.027613634219  0.000000000000  0.000000000000  0.000000000000  0.000000000000  0.000000000000  0.000000000000  0.006027186441  0.002002756149  0.000000000000  
syrmaticus_ellioti 0.015171572011  0.012104037206  0.012109449996  0.024472165079  0.040170334938  0.015171572011  0.027563242239  0.023429382902  0.033907878162  0.006027186441  0.006027186441  0.006027186441  0.006027186441  0.006027186441  0.006027186441  0.000000000000  0.008047159090  0.006027186441  
phasianus_colchicus 0.011090069808  0.008044349268  0.008047159090  0.020326357891  0.035930928907  0.011090069808  0.023402954024  0.019291137208  0.029698377758  0.002002756149  0.002002756149  0.002002756149  0.002002756149  0.002002756149  0.002002756149  0.008047159090  0.000000000000  0.002002756149  
alectoris_rufa 0.009061366818  0.006024899217  0.006027186441  0.018269798081  0.033829922222  0.009061366818  0.021338487054  0.017237784108  0.027613634219  0.000000000000  0.000000000000  0.000000000000  0.000000000000  0.000000000000  0.000000000000  0.006027186441  0.002002756149  0.000000000000  

