18
catreus_wallichi 0.000000000000  0.006036855103  0.004016335374  0.004016335374  0.006036855103  0.004016335374  0.004016335374  0.018318777063  0.018318777063  0.009083265832  0.004016335374  0.011124727849  0.004016335374  0.004016335374  0.007043691480  0.004016335374  0.004016335374  0.000000000000  
perdix_dauuricae 0.006036855103  0.000000000000  0.010102938875  0.010102938875  0.012148641554  0.010102938875  0.010102938875  0.024579408451  0.024579408451  0.015233219876  0.010102938875  0.017300392903  0.010102938875  0.010102938875  0.013161711130  0.010102938875  0.010102938875  0.006036855103  
tragopan_blythii 0.004016335374  0.010102938875  0.000000000000  0.000000000000  0.002004072744  0.000000000000  0.000000000000  0.014188812463  0.014188812463  0.005025558868  0.000000000000  0.007050232610  0.000000000000  0.000000000000  0.003006838433  0.000000000000  0.000000000000  0.004016335374  
crossoptilon_crossoptilon 0.004016335374  0.010102938875  0.000000000000  0.000000000000  0.002004072744  0.000000000000  0.000000000000  0.014188812463  0.014188812463  0.005025558868  0.000000000000  0.007050232610  0.000000000000  0.000000000000  0.003006838433  0.000000000000  0.000000000000  0.004016335374  
melgal2    0.006036855103  0.012148641554  0.002004072744  0.002004072744  0.000000000000  0.002004072744  0.002004072744  0.016249464837  0.016249464837  0.007050232610  0.002004072744  0.009083265832  0.002004072744  0.002004072744  0.005021128068  0.002004072744  0.002004072744  0.006036855103  
lophophorus_impejanus 0.004016335374  0.010102938875  0.000000000000  0.000000000000  0.002004072744  0.000000000000  0.000000000000  0.014188812463  0.014188812463  0.005025558868  0.000000000000  0.007050232610  0.000000000000  0.000000000000  0.003006838433  0.000000000000  0.000000000000  0.004016335374  
pavo_cristatus 0.004016335374  0.010102938875  0.000000000000  0.000000000000  0.002004072744  0.000000000000  0.000000000000  0.014188812463  0.014188812463  0.005025558868  0.000000000000  0.007050232610  0.000000000000  0.000000000000  0.003006838433  0.000000000000  0.000000000000  0.004016335374  
cyrtonyx_montezumae 0.018318777063  0.024579408451  0.014188812463  0.014188812463  0.016249464837  0.014188812463  0.014188812463  0.000000000000  0.008065699974  0.009074596918  0.014188812463  0.021439142771  0.014188812463  0.014188812463  0.017267255033  0.014188812463  0.014188812463  0.018318777063  
rollulus_rouloul 0.018318777063  0.024579408451  0.014188812463  0.014188812463  0.016249464837  0.014188812463  0.014188812463  0.008065699974  0.000000000000  0.009074596918  0.014188812463  0.021439142771  0.014188812463  0.014188812463  0.017267255033  0.014188812463  0.014188812463  0.018318777063  
phasianus_colchicus 0.009083265832  0.015233219876  0.005025558868  0.005025558868  0.007050232610  0.005025558868  0.005025558868  0.009074596918  0.009074596918  0.000000000000  0.005025558868  0.012148641554  0.005025558868  0.005025558868  0.008058097147  0.005025558868  0.005025558868  0.009083265832  
lophura_swinhoii 0.004016335374  0.010102938875  0.000000000000  0.000000000000  0.002004072744  0.000000000000  0.000000000000  0.014188812463  0.014188812463  0.005025558868  0.000000000000  0.007050232610  0.000000000000  0.000000000000  0.003006838433  0.000000000000  0.000000000000  0.004016335374  
chrysolophus_pictus 0.011124727849  0.017300392903  0.007050232610  0.007050232610  0.009083265832  0.007050232610  0.007050232610  0.021439142771  0.021439142771  0.012148641554  0.007050232610  0.000000000000  0.007050232610  0.007050232610  0.010093199457  0.007050232610  0.007050232610  0.011124727849  
syrmaticus_ellioti 0.004016335374  0.010102938875  0.000000000000  0.000000000000  0.002004072744  0.000000000000  0.000000000000  0.014188812463  0.014188812463  0.005025558868  0.000000000000  0.007050232610  0.000000000000  0.000000000000  0.003006838433  0.000000000000  0.000000000000  0.004016335374  
lophura_nycthemera 0.004016335374  0.010102938875  0.000000000000  0.000000000000  0.002004072744  0.000000000000  0.000000000000  0.014188812463  0.014188812463  0.005025558868  0.000000000000  0.007050232610  0.000000000000  0.000000000000  0.003006838433  0.000000000000  0.000000000000  0.004016335374  
galgal4    0.007043691480  0.013161711130  0.003006838433  0.003006838433  0.005021128068  0.003006838433  0.003006838433  0.017267255033  0.017267255033  0.008058097147  0.003006838433  0.010093199457  0.003006838433  0.003006838433  0.000000000000  0.003006838433  0.003006838433  0.007043691480  
lophura_inornata 0.004016335374  0.010102938875  0.000000000000  0.000000000000  0.002004072744  0.000000000000  0.000000000000  0.014188812463  0.014188812463  0.005025558868  0.000000000000  0.007050232610  0.000000000000  0.000000000000  0.003006838433  0.000000000000  0.000000000000  0.004016335374  
syrmaticus_reevesii 0.004016335374  0.010102938875  0.000000000000  0.000000000000  0.002004072744  0.000000000000  0.000000000000  0.014188812463  0.014188812463  0.005025558868  0.000000000000  0.007050232610  0.000000000000  0.000000000000  0.003006838433  0.000000000000  0.000000000000  0.004016335374  
alectoris_rufa 0.000000000000  0.006036855103  0.004016335374  0.004016335374  0.006036855103  0.004016335374  0.004016335374  0.018318777063  0.018318777063  0.009083265832  0.004016335374  0.011124727849  0.004016335374  0.004016335374  0.007043691480  0.004016335374  0.004016335374  0.000000000000  

