18
crossoptilon_crossoptilon 0.000000000000  0.005026501120  0.008068132428  0.008068132428  0.008068132428  0.016258202310  0.008068132428  0.008068132428  0.008068132428  0.008068132428  0.008068132428  0.008068132428  0.008068132428  0.010106760969  0.021454896636  0.019369391692  0.017293002946  0.008068132428  
lophura_nycthemera 0.005026501120  0.000000000000  0.003009513473  0.003009513473  0.003009513473  0.011117745529  0.003009513473  0.003009513473  0.003009513473  0.003009513473  0.003009513473  0.003009513473  0.003009513473  0.005026501120  0.016258202310  0.014195339402  0.012141396243  0.003009513473  
rollulus_rouloul 0.008068132428  0.003009513473  0.000000000000  0.000000000000  0.000000000000  0.008059962939  0.000000000000  0.000000000000  0.000000000000  0.000000000000  0.000000000000  0.000000000000  0.000000000000  0.002004222254  0.013167257678  0.011117745529  0.009077038293  0.000000000000  
chrysolophus_pictus 0.008068132428  0.003009513473  0.000000000000  0.000000000000  0.000000000000  0.008059962939  0.000000000000  0.000000000000  0.000000000000  0.000000000000  0.000000000000  0.000000000000  0.000000000000  0.002004222254  0.013167257678  0.011117745529  0.009077038293  0.000000000000  
tragopan_blythii 0.008068132428  0.003009513473  0.000000000000  0.000000000000  0.000000000000  0.008059962939  0.000000000000  0.000000000000  0.000000000000  0.000000000000  0.000000000000  0.000000000000  0.000000000000  0.002004222254  0.013167257678  0.011117745529  0.009077038293  0.000000000000  
melgal2    0.016258202310  0.011117745529  0.008059962939  0.008059962939  0.008059962939  0.000000000000  0.008059962939  0.008059962939  0.008059962939  0.008059962939  0.008059962939  0.008059962939  0.008059962939  0.010096296028  0.021433140472  0.019350037696  0.015211038832  0.008059962939  
syrmaticus_ellioti 0.008068132428  0.003009513473  0.000000000000  0.000000000000  0.000000000000  0.008059962939  0.000000000000  0.000000000000  0.000000000000  0.000000000000  0.000000000000  0.000000000000  0.000000000000  0.002004222254  0.013167257678  0.011117745529  0.009077038293  0.000000000000  
lophophorus_impejanus 0.008068132428  0.003009513473  0.000000000000  0.000000000000  0.000000000000  0.008059962939  0.000000000000  0.000000000000  0.000000000000  0.000000000000  0.000000000000  0.000000000000  0.000000000000  0.002004222254  0.013167257678  0.011117745529  0.009077038293  0.000000000000  
lophura_inornata 0.008068132428  0.003009513473  0.000000000000  0.000000000000  0.000000000000  0.008059962939  0.000000000000  0.000000000000  0.000000000000  0.000000000000  0.000000000000  0.000000000000  0.000000000000  0.002004222254  0.013167257678  0.011117745529  0.009077038293  0.000000000000  
phasianus_colchicus 0.008068132428  0.003009513473  0.000000000000  0.000000000000  0.000000000000  0.008059962939  0.000000000000  0.000000000000  0.000000000000  0.000000000000  0.000000000000  0.000000000000  0.000000000000  0.002004222254  0.013167257678  0.011117745529  0.009077038293  0.000000000000  
perdix_dauuricae 0.008068132428  0.003009513473  0.000000000000  0.000000000000  0.000000000000  0.008059962939  0.000000000000  0.000000000000  0.000000000000  0.000000000000  0.000000000000  0.000000000000  0.000000000000  0.002004222254  0.013167257678  0.011117745529  0.009077038293  0.000000000000  
lophura_swinhoii 0.008068132428  0.003009513473  0.000000000000  0.000000000000  0.000000000000  0.008059962939  0.000000000000  0.000000000000  0.000000000000  0.000000000000  0.000000000000  0.000000000000  0.000000000000  0.002004222254  0.013167257678  0.011117745529  0.009077038293  0.000000000000  
catreus_wallichi 0.008068132428  0.003009513473  0.000000000000  0.000000000000  0.000000000000  0.008059962939  0.000000000000  0.000000000000  0.000000000000  0.000000000000  0.000000000000  0.000000000000  0.000000000000  0.002004222254  0.013167257678  0.011117745529  0.009077038293  0.000000000000  
syrmaticus_reevesii 0.010106760969  0.005026501120  0.002004222254  0.002004222254  0.002004222254  0.010096296028  0.002004222254  0.002004222254  0.002004222254  0.002004222254  0.002004222254  0.002004222254  0.002004222254  0.000000000000  0.015225651048  0.013167257678  0.011117745529  0.002004222254  
cyrtonyx_montezumae 0.021454896636  0.016258202310  0.013167257678  0.013167257678  0.013167257678  0.021433140472  0.013167257678  0.013167257678  0.013167257678  0.013167257678  0.013167257678  0.013167257678  0.013167257678  0.015225651048  0.000000000000  0.002004222254  0.014210454964  0.013167257678  
galgal4    0.019369391692  0.014195339402  0.011117745529  0.011117745529  0.011117745529  0.019350037696  0.011117745529  0.011117745529  0.011117745529  0.011117745529  0.011117745529  0.011117745529  0.011117745529  0.013167257678  0.002004222254  0.000000000000  0.012154176456  0.011117745529  
pavo_cristatus 0.017293002946  0.012141396243  0.009077038293  0.009077038293  0.009077038293  0.015211038832  0.009077038293  0.009077038293  0.009077038293  0.009077038293  0.009077038293  0.009077038293  0.009077038293  0.011117745529  0.014210454964  0.012154176456  0.000000000000  0.009077038293  
alectoris_rufa 0.008068132428  0.003009513473  0.000000000000  0.000000000000  0.000000000000  0.008059962939  0.000000000000  0.000000000000  0.000000000000  0.000000000000  0.000000000000  0.000000000000  0.000000000000  0.002004222254  0.013167257678  0.011117745529  0.009077038293  0.000000000000  

