18
pavo_cristatus 0.000000000000  0.053331922899  0.042457244406  0.040274658570  0.045581809913  0.039176980507  0.044528570909  0.038131642617  0.045641105410  0.037087927997  0.037087927997  0.050035078253  0.033873326330  0.033966468588  0.056409452348  0.032855455066  0.038213046667  0.042489128814  
cyrtonyx_montezumae 0.053331922899  0.000000000000  0.043476976301  0.047781858056  0.052049933525  0.045581809913  0.052082658253  0.045610618926  0.055417460377  0.044557854656  0.044557854656  0.055457311707  0.041296588424  0.041409387252  0.064103666601  0.040274658570  0.045707098732  0.052153204332  
rollulus_rouloul 0.042457244406  0.043476976301  0.000000000000  0.037040950608  0.042322789563  0.035956544136  0.041272548371  0.034914125660  0.044528570909  0.033873326330  0.033873326330  0.046726738999  0.030687775646  0.030760588058  0.051989596008  0.029667688959  0.033916623881  0.040248472279  
catreus_wallichi 0.040274658570  0.047781858056  0.037040950608  0.000000000000  0.009061868273  0.003006829795  0.008051970854  0.002004063375  0.013161363571  0.003006829795  0.003006829795  0.017266707499  0.010084873257  0.019306950584  0.040179893136  0.017240048023  0.032834140615  0.037019940660  
lophura_inornata 0.045581809913  0.052049933525  0.042322789563  0.009061868273  0.000000000000  0.006027407761  0.013125403789  0.007035253498  0.018272417293  0.008044633251  0.008044633251  0.022407165272  0.015172984651  0.024461127675  0.045483410135  0.022379049723  0.038085633380  0.042300913379  
crossoptilon_crossoptilon 0.039176980507  0.045581809913  0.035956544136  0.003006829795  0.006027407761  0.000000000000  0.007035253498  0.001000756097  0.012126183956  0.002003027781  0.002003027781  0.016221281722  0.009061868273  0.018260372736  0.039093570216  0.016199969547  0.031757867483  0.035938349873  
lophura_nycthemera 0.044528570909  0.052082658253  0.041272548371  0.008051970854  0.013125403789  0.007035253498  0.000000000000  0.006027407761  0.017252586214  0.007035253498  0.007035253498  0.019306950584  0.014155834273  0.023433357500  0.044428214743  0.021353445006  0.037040950608  0.041250178312  
syrmaticus_ellioti 0.038131642617  0.045610618926  0.034914125660  0.002004063375  0.007035253498  0.001000756097  0.006027407761  0.000000000000  0.011113673580  0.001000756097  0.001000756097  0.015204068579  0.008051970854  0.017240048023  0.038046260806  0.015181765463  0.030720917179  0.034895433936  
syrmaticus_reevesii 0.045641105410  0.055417460377  0.044528570909  0.013161363571  0.018272417293  0.012126183956  0.017252586214  0.011113673580  0.000000000000  0.012126183956  0.012126183956  0.026632606302  0.019321682925  0.028693424343  0.049866781320  0.026589095509  0.040274658570  0.044500961965  
lophura_swinhoii 0.037087927997  0.044557854656  0.033873326330  0.003006829795  0.008044633251  0.002003027781  0.007035253498  0.001000756097  0.012126183956  0.000000000000  0.000000000000  0.014188403371  0.007043606434  0.016221281722  0.037000587321  0.014165115430  0.029685570271  0.033854140316  
phasianus_colchicus 0.037087927997  0.044557854656  0.033873326330  0.003006829795  0.008044633251  0.002003027781  0.007035253498  0.001000756097  0.012126183956  0.000000000000  0.000000000000  0.014188403371  0.007043606434  0.016221281722  0.037000587321  0.014165115430  0.029685570271  0.033854140316  
chrysolophus_pictus 0.050035078253  0.055457311707  0.046726738999  0.017266707499  0.022407165272  0.016221281722  0.019306950584  0.015204068579  0.026632606302  0.014188403371  0.014188403371  0.000000000000  0.019338003023  0.028716650373  0.049897057998  0.024512397563  0.042457244406  0.045610618926  
perdix_dauuricae 0.033873326330  0.041296588424  0.030687775646  0.010084873257  0.015172984651  0.009061868273  0.014155834273  0.008051970854  0.019321682925  0.007043606434  0.007043606434  0.019338003023  0.000000000000  0.013132031303  0.033806470442  0.011090774831  0.026521423357  0.032780033325  
lophophorus_impejanus 0.033966468588  0.041409387252  0.030760588058  0.019306950584  0.024461127675  0.018260372736  0.023433357500  0.017240048023  0.028693424343  0.016221281722  0.016221281722  0.028716650373  0.013132031303  0.000000000000  0.033873326330  0.012126183956  0.026589095509  0.032855455066  
melgal2    0.056409452348  0.064103666601  0.051989596008  0.040179893136  0.045483410135  0.039093570216  0.044428214743  0.038046260806  0.049866781320  0.037000587321  0.037000587321  0.049897057998  0.033806470442  0.033873326330  0.000000000000  0.033836600248  0.048778816008  0.053053517695  
tragopan_blythii 0.032855455066  0.040274658570  0.029667688959  0.017240048023  0.022379049723  0.016199969547  0.021353445006  0.015181765463  0.026589095509  0.014165115430  0.014165115430  0.024512397563  0.011090774831  0.012126183956  0.033836600248  0.000000000000  0.025505469815  0.031757867483  
galgal4    0.038213046667  0.045707098732  0.033916623881  0.032834140615  0.038085633380  0.031757867483  0.037040950608  0.030720917179  0.040274658570  0.029685570271  0.029685570271  0.042457244406  0.026521423357  0.026589095509  0.048778816008  0.025505469815  0.000000000000  0.037087927997  
alectoris_rufa 0.042489128814  0.052153204332  0.040248472279  0.037019940660  0.042300913379  0.035938349873  0.041250178312  0.034895433936  0.044500961965  0.033854140316  0.033854140316  0.045610618926  0.032780033325  0.032855455066  0.053053517695  0.031757867483  0.037087927997  0.000000000000  

