18
galgal4    0.000000000000  0.080016483817  0.029676483752  0.034926123781  0.034926123781  0.046658646382  0.033865271565  0.031767787632  0.029659840148  0.029659840148  0.032845439767  0.038099923068  0.047688952387  0.040265515504  0.076508792602  0.051016037100  0.041289347480  0.030712667296  
cyrtonyx_montezumae 0.080016483817  0.000000000000  0.075708573222  0.090456345102  0.088103686500  0.102145969700  0.088103686500  0.086998599498  0.084660027959  0.084660027959  0.088242522993  0.093932934872  0.099594805086  0.095196220591  0.132531165496  0.105771293681  0.096236451890  0.083494962239  
pavo_cristatus 0.029676483752  0.075708573222  0.000000000000  0.039218688535  0.039218688535  0.051050267645  0.038147231848  0.036035263002  0.033906382049  0.033906382049  0.037130067263  0.042417860563  0.050983623799  0.043528372687  0.080016483817  0.054348109279  0.044549601058  0.033906382049  
catreus_wallichi 0.034926123781  0.090456345102  0.039218688535  0.000000000000  0.008052676415  0.020333952166  0.007039157578  0.005021393244  0.005021393244  0.005021393244  0.010086097940  0.013142192728  0.037054823409  0.028728093807  0.064280205515  0.040321299709  0.046658646382  0.038122691375  
syrmaticus_ellioti 0.034926123781  0.088103686500  0.039218688535  0.008052676415  0.000000000000  0.020333952166  0.007039157578  0.005021393244  0.005021393244  0.005021393244  0.010086097940  0.013142192728  0.035989304315  0.028728093807  0.064280205515  0.040321299709  0.046658646382  0.039192918590  
lophura_swinhoii 0.046658646382  0.102145969700  0.051050267645  0.020333952166  0.020333952166  0.000000000000  0.015194918241  0.015184211922  0.017243397251  0.017243397251  0.022412936134  0.025529391389  0.049923009362  0.041464124553  0.077768635108  0.053284965148  0.058618004808  0.051016037100  
lophura_inornata 0.033865271565  0.088103686500  0.038147231848  0.007039157578  0.007039157578  0.015194918241  0.000000000000  0.002002810214  0.004013107467  0.004013107467  0.009068320226  0.012119082703  0.035989304315  0.027672706136  0.063158110352  0.039246230098  0.044494561635  0.038122691375  
crossoptilon_crossoptilon 0.031767787632  0.086998599498  0.036035263002  0.005021393244  0.005021393244  0.015184211922  0.002002810214  0.000000000000  0.002004140070  0.002004140070  0.007044282783  0.010086097940  0.033884947976  0.025591085896  0.060965881306  0.037130067263  0.043441507196  0.036011402063  
lophura_nycthemera 0.029659840148  0.084660027959  0.033906382049  0.005021393244  0.005021393244  0.017243397251  0.004013107467  0.002004140070  0.000000000000  0.000000000000  0.005021393244  0.008052676415  0.031767787632  0.023493926608  0.058737076234  0.034994054936  0.041289347480  0.034947008205  
syrmaticus_reevesii 0.029659840148  0.084660027959  0.033906382049  0.005021393244  0.005021393244  0.017243397251  0.004013107467  0.002004140070  0.000000000000  0.000000000000  0.005021393244  0.008052676415  0.031767787632  0.023493926608  0.058737076234  0.034994054936  0.041289347480  0.034947008205  
chrysolophus_pictus 0.032845439767  0.088242522993  0.037130067263  0.010086097940  0.010086097940  0.022412936134  0.009068320226  0.007044282783  0.005021393244  0.005021393244  0.000000000000  0.011098128975  0.037054823409  0.028728093807  0.064280205515  0.040321299709  0.044549601058  0.038173541112  
phasianus_colchicus 0.038099923068  0.093932934872  0.042417860563  0.013142192728  0.013142192728  0.025529391389  0.012119082703  0.010086097940  0.008052676415  0.008052676415  0.011098128975  0.000000000000  0.039168923631  0.031880384246  0.065454493590  0.043528372687  0.047715732839  0.043468673670  
melgal2    0.047688952387  0.099594805086  0.050983623799  0.037054823409  0.035989304315  0.049923009362  0.035989304315  0.033884947976  0.031767787632  0.031767787632  0.037054823409  0.039168923631  0.000000000000  0.033906382049  0.069776016287  0.044549601058  0.061875027726  0.053141366854  
lophophorus_impejanus 0.040265515504  0.095196220591  0.043528372687  0.028728093807  0.028728093807  0.041464124553  0.027672706136  0.025591085896  0.023493926608  0.023493926608  0.028728093807  0.031880384246  0.033906382049  0.000000000000  0.047840937805  0.024500880991  0.054309996372  0.045664416110  
perdix_dauuricae 0.076508792602  0.132531165496  0.080016483817  0.064280205515  0.064280205515  0.077768635108  0.063158110352  0.060965881306  0.058737076234  0.058737076234  0.064280205515  0.065454493590  0.069776016287  0.047840937805  0.000000000000  0.023439281628  0.091429998434  0.082271548821  
tragopan_blythii 0.051016037100  0.105771293681  0.054348109279  0.040321299709  0.040321299709  0.053284965148  0.039246230098  0.037130067263  0.034994054936  0.034994054936  0.040321299709  0.043528372687  0.044549601058  0.024500880991  0.023439281628  0.000000000000  0.065311318226  0.056518478948  
rollulus_rouloul 0.041289347480  0.096236451890  0.044549601058  0.046658646382  0.046658646382  0.058618004808  0.044494561635  0.043441507196  0.041289347480  0.041289347480  0.044549601058  0.047715732839  0.061875027726  0.054309996372  0.091429998434  0.065311318226  0.000000000000  0.044521183295  
alectoris_rufa 0.030712667296  0.083494962239  0.033906382049  0.038122691375  0.039192918590  0.051016037100  0.038122691375  0.036011402063  0.034947008205  0.034947008205  0.038173541112  0.043468673670  0.053141366854  0.045664416110  0.082271548821  0.056518478948  0.044521183295  0.000000000000  

