18
pavo_cristatus 0.000000000000  0.023466985515  0.048942311804  0.032903283901  0.039287287270  0.026610000407  0.024512437143  0.029749067925  0.030722603131  0.027620195595  0.030761375408  0.026589336289  0.026589336289  0.026589336289  0.028693577183  0.031893202522  0.022407550935  0.012117639467  
lophura_swinhoii 0.023466985515  0.000000000000  0.027620195595  0.024477247833  0.031819103028  0.019307161263  0.017240309685  0.022407550935  0.023396950215  0.020317511775  0.023420015392  0.019294276859  0.019294276859  0.019294276859  0.021367611655  0.024512437143  0.015173527931  0.025540567050  
cyrtonyx_montezumae 0.048942311804  0.027620195595  0.000000000000  0.048873685653  0.059855144581  0.046761563605  0.044590398586  0.047816775443  0.050961943798  0.047784538920  0.051025048244  0.046728815799  0.046728815799  0.046728815799  0.048907136095  0.052231588753  0.042400777328  0.051095102981  
galgal4    0.032903283901  0.024477247833  0.048873685653  0.000000000000  0.041379910160  0.029726656748  0.027620195595  0.032879099933  0.033856806467  0.030741153731  0.032879099933  0.029705907379  0.029705907379  0.029705907379  0.031819103028  0.035032439107  0.024462126052  0.035005940697  
rollulus_rouloul 0.039287287270  0.031819103028  0.059855144581  0.041379910160  0.000000000000  0.035005940697  0.032879099933  0.038185145032  0.038088775992  0.036022521913  0.039203864833  0.034981119933  0.034981119933  0.034981119933  0.036046821306  0.040363445976  0.030741153731  0.041410083765  
lophophorus_impejanus 0.026610000407  0.019307161263  0.046761563605  0.029726656748  0.035005940697  0.000000000000  0.002004058958  0.007043599136  0.007033724644  0.005018322777  0.008047722441  0.004012950451  0.004012950451  0.004012950451  0.006031315935  0.009082981288  0.006031315935  0.028693577183  
syrmaticus_reevesii 0.024512437143  0.017240309685  0.044590398586  0.027620195595  0.032879099933  0.002004058958  0.000000000000  0.005021102522  0.006025614013  0.003006143078  0.006025267523  0.002002796803  0.002002796803  0.002002796803  0.004012950451  0.007050061420  0.004012950451  0.026589336289  
lophura_inornata 0.029749067925  0.022407550935  0.047816775443  0.032879099933  0.038185145032  0.007043599136  0.005021102522  0.000000000000  0.007033790224  0.004012950451  0.007038730909  0.003009145040  0.003009145040  0.003009145040  0.009067435046  0.012136361268  0.009067435046  0.031842137220  
syrmaticus_ellioti 0.030722603131  0.023396950215  0.050961943798  0.033856806467  0.038088775992  0.007033724644  0.006025614013  0.007033790224  0.000000000000  0.005019556159  0.008044396663  0.004012501250  0.004012501250  0.004012501250  0.010068860739  0.013125970471  0.010068860739  0.032816597396  
catreus_wallichi 0.027620195595  0.020317511775  0.047784538920  0.030741153731  0.036022521913  0.005018322777  0.003006143078  0.004012950451  0.005019556159  0.000000000000  0.005017136172  0.001000778589  0.001000778589  0.001000778589  0.007035460131  0.010084919462  0.007035460131  0.029705907379  
chrysolophus_pictus 0.030761375408  0.023420015392  0.051025048244  0.032879099933  0.039203864833  0.008047722441  0.006025267523  0.007038730909  0.008044396663  0.005017136172  0.000000000000  0.004011208565  0.004011208565  0.004011208565  0.010073668385  0.013140378822  0.010073668385  0.032856588585  
lophura_nycthemera 0.026589336289  0.019294276859  0.046728815799  0.029705907379  0.034981119933  0.004012950451  0.002002796803  0.003009145040  0.004012501250  0.001000778589  0.004011208565  0.000000000000  0.000000000000  0.000000000000  0.006027494085  0.009074408950  0.006027494085  0.028672303566  
crossoptilon_crossoptilon 0.026589336289  0.019294276859  0.046728815799  0.029705907379  0.034981119933  0.004012950451  0.002002796803  0.003009145040  0.004012501250  0.001000778589  0.004011208565  0.000000000000  0.000000000000  0.000000000000  0.006027494085  0.009074408950  0.006027494085  0.028672303566  
phasianus_colchicus 0.026589336289  0.019294276859  0.046728815799  0.029705907379  0.034981119933  0.004012950451  0.002002796803  0.003009145040  0.004012501250  0.001000778589  0.004011208565  0.000000000000  0.000000000000  0.000000000000  0.006027494085  0.009074408950  0.006027494085  0.028672303566  
melgal2    0.028693577183  0.021367611655  0.048907136095  0.031819103028  0.036046821306  0.006031315935  0.004012950451  0.009067435046  0.010068860739  0.007035460131  0.010073668385  0.006027494085  0.006027494085  0.006027494085  0.000000000000  0.005021102522  0.008052041721  0.030783264744  
tragopan_blythii 0.031893202522  0.024512437143  0.052231588753  0.035032439107  0.040363445976  0.009082981288  0.007050061420  0.012136361268  0.013125970471  0.010084919462  0.013140378822  0.009074408950  0.009074408950  0.009074408950  0.005021102522  0.000000000000  0.011113600588  0.033993725041  
perdix_dauuricae 0.022407550935  0.015173527931  0.042400777328  0.024462126052  0.030741153731  0.006031315935  0.004012950451  0.009067435046  0.010068860739  0.007035460131  0.010073668385  0.006027494085  0.006027494085  0.006027494085  0.008052041721  0.011113600588  0.000000000000  0.024477247833  
alectoris_rufa 0.012117639467  0.025540567050  0.051095102981  0.035005940697  0.041410083765  0.028693577183  0.026589336289  0.031842137220  0.032816597396  0.029705907379  0.032856588585  0.028672303566  0.028672303566  0.028672303566  0.030783264744  0.033993725041  0.024477247833  0.000000000000  

