18
chrysolophus_pictus 0.000000000000  0.005025250132  0.002004023746  0.002004023746  0.007043240574  0.008057483129  0.002004023746  0.002004023746  0.011096150949  0.005018124881  0.019304549782  0.009073793945  0.004011058667  0.011096150949  0.002004023746  0.003009065598  0.005018124881  0.000000000000  
lophura_nycthemera 0.005025250132  0.000000000000  0.003009065598  0.003009065598  0.008057483129  0.009073793945  0.003009065598  0.003009065598  0.012116617014  0.006027230161  0.020340927758  0.010092181474  0.005018124881  0.012116617014  0.003009065598  0.004016138318  0.010084208186  0.005025250132  
phasianus_colchicus 0.002004023746  0.003009065598  0.000000000000  0.000000000000  0.005020926692  0.006031057878  0.000000000000  0.000000000000  0.009061465884  0.003006023296  0.017238236895  0.007043240574  0.002003010593  0.009061465884  0.000000000000  0.001001004588  0.007038382782  0.002004023746  
lophura_inornata 0.002004023746  0.003009065598  0.000000000000  0.000000000000  0.005020926692  0.006031057878  0.000000000000  0.000000000000  0.009061465884  0.003006023296  0.017238236895  0.007043240574  0.002003010593  0.009061465884  0.000000000000  0.001001004588  0.007038382782  0.002004023746  
melgal2    0.007043240574  0.008057483129  0.005020926692  0.005020926692  0.000000000000  0.011103633924  0.005020926692  0.005020926692  0.014154742432  0.008047229928  0.022404038814  0.010084208186  0.007035053806  0.014154742432  0.005020926692  0.006031057878  0.012116617014  0.007043240574  
lophura_swinhoii 0.008057483129  0.009073793945  0.006031057878  0.006031057878  0.011103633924  0.000000000000  0.006031057878  0.006031057878  0.015180455649  0.009061465884  0.023445829286  0.013148762409  0.008047229928  0.015180455649  0.006031057878  0.007043240574  0.013139176826  0.008057483129  
crossoptilon_crossoptilon 0.002004023746  0.003009065598  0.000000000000  0.000000000000  0.005020926692  0.006031057878  0.000000000000  0.000000000000  0.009061465884  0.003006023296  0.017238236895  0.007043240574  0.002003010593  0.009061465884  0.000000000000  0.001001004588  0.007038382782  0.002004023746  
syrmaticus_reevesii 0.002004023746  0.003009065598  0.000000000000  0.000000000000  0.005020926692  0.006031057878  0.000000000000  0.000000000000  0.009061465884  0.003006023296  0.017238236895  0.007043240574  0.002003010593  0.009061465884  0.000000000000  0.001001004588  0.007038382782  0.002004023746  
galgal4    0.011096150949  0.012116617014  0.009061465884  0.009061465884  0.014154742432  0.015180455649  0.009061465884  0.009061465884  0.000000000000  0.010077770073  0.024489802017  0.014174482376  0.009061465884  0.017218329905  0.009061465884  0.010077770073  0.016198617550  0.011096150949  
pavo_cristatus 0.005018124881  0.006027230161  0.003006023296  0.003006023296  0.008047229928  0.009061465884  0.003006023296  0.003006023296  0.010077770073  0.000000000000  0.018270322464  0.008057483129  0.003006023296  0.012104183206  0.003006023296  0.004011058667  0.010072870141  0.005018124881  
cyrtonyx_montezumae 0.019304549782  0.020340927758  0.017238236895  0.017238236895  0.022404038814  0.023445829286  0.017238236895  0.017238236895  0.024489802017  0.018270322464  0.000000000000  0.018283685291  0.017238236895  0.026548005075  0.017238236895  0.018270322464  0.024473052978  0.019304549782  
rollulus_rouloul 0.009073793945  0.010092181474  0.007043240574  0.007043240574  0.010084208186  0.013148762409  0.007043240574  0.007043240574  0.014174482376  0.008057483129  0.018283685291  0.000000000000  0.007043240574  0.016208284222  0.007043240574  0.008057483129  0.014163838995  0.009073793945  
tragopan_blythii 0.004011058667  0.005018124881  0.002003010593  0.002003010593  0.007035053806  0.008047229928  0.002003010593  0.002003010593  0.009061465884  0.003006023296  0.017238236895  0.007043240574  0.000000000000  0.011085808985  0.002003010593  0.003006023296  0.009057604429  0.004011058667  
syrmaticus_ellioti 0.011096150949  0.012116617014  0.009061465884  0.009061465884  0.014154742432  0.015180455649  0.009061465884  0.009061465884  0.017218329905  0.012104183206  0.026548005075  0.016208284222  0.011085808985  0.000000000000  0.009061465884  0.010077770073  0.016198617550  0.011096150949  
lophophorus_impejanus 0.002004023746  0.003009065598  0.000000000000  0.000000000000  0.005020926692  0.006031057878  0.000000000000  0.000000000000  0.009061465884  0.003006023296  0.017238236895  0.007043240574  0.002003010593  0.009061465884  0.000000000000  0.001001004588  0.007038382782  0.002004023746  
perdix_dauuricae 0.003009065598  0.004016138318  0.001001004588  0.001001004588  0.006031057878  0.007043240574  0.001001004588  0.001001004588  0.010077770073  0.004011058667  0.018270322464  0.008057483129  0.003006023296  0.010077770073  0.001001004588  0.000000000000  0.008051591068  0.003009065598  
catreus_wallichi 0.005018124881  0.010084208186  0.007038382782  0.007038382782  0.012116617014  0.013139176826  0.007038382782  0.007038382782  0.016198617550  0.010072870141  0.024473052978  0.014163838995  0.009057604429  0.016198617550  0.007038382782  0.008051591068  0.000000000000  0.005018124881  
alectoris_rufa 0.000000000000  0.005025250132  0.002004023746  0.002004023746  0.007043240574  0.008057483129  0.002004023746  0.002004023746  0.011096150949  0.005018124881  0.019304549782  0.009073793945  0.004011058667  0.011096150949  0.002004023746  0.003009065598  0.005018124881  0.000000000000  

