18
pavo_cristatus 0.000000000000  0.030814234941  0.022427420252  0.024517101921  0.027624918685  0.024497961531  0.026574511702  0.024497961531  0.024497961531  0.026574511702  0.029732536383  0.026574511702  0.026574511702  0.030814234941  0.063185849792  0.021385923712  0.025545015800  0.019341345159  
galgal4    0.030814234941  0.000000000000  0.018262355108  0.026594320269  0.027605594998  0.024480452855  0.026556342850  0.024480452855  0.024480452855  0.026556342850  0.029710888049  0.026556342850  0.026556342850  0.032911120014  0.065384622435  0.023453147831  0.027624918685  0.019324651773  
rollulus_rouloul 0.022427420252  0.018262355108  0.000000000000  0.018274697716  0.021356108394  0.018262355108  0.020319087289  0.018262355108  0.018262355108  0.020319087289  0.023436781731  0.020319087289  0.020319087289  0.024497961531  0.056503694299  0.015183171265  0.019296108272  0.013151394798  
lophophorus_impejanus 0.024517101921  0.026594320269  0.018274697716  0.000000000000  0.009067932319  0.006031592938  0.008052380616  0.006031592938  0.006031592938  0.008052380616  0.011105394657  0.008052380616  0.008052380616  0.013141385494  0.043519452392  0.003009254358  0.007044010407  0.011105394657  
syrmaticus_reevesii 0.027624918685  0.027605594998  0.021356108394  0.009067932319  0.000000000000  0.003006875571  0.005018338095  0.003006875571  0.003006875571  0.005018338095  0.008052380616  0.005018338095  0.005018338095  0.016201391764  0.046708729125  0.006027592210  0.009062286338  0.014156997144  
crossoptilon_crossoptilon 0.024497961531  0.024480452855  0.018262355108  0.006031592938  0.003006875571  0.000000000000  0.002002786135  0.000000000000  0.000000000000  0.002002786135  0.005021270401  0.002002786135  0.002002786135  0.013132975214  0.043488948282  0.003006875571  0.007038936824  0.011097576132  
lophura_swinhoii 0.026574511702  0.026556342850  0.020319087289  0.008052380616  0.005018338095  0.002002786135  0.000000000000  0.002002786135  0.002002786135  0.004011165855  0.007038936824  0.004011165855  0.004011165855  0.015174163225  0.044540603987  0.005018338095  0.009062286338  0.013132975214  
catreus_wallichi 0.024497961531  0.024480452855  0.018262355108  0.006031592938  0.003006875571  0.000000000000  0.002002786135  0.000000000000  0.000000000000  0.002002786135  0.005021270401  0.002002786135  0.002002786135  0.013132975214  0.043488948282  0.003006875571  0.007038936824  0.011097576132  
lophura_inornata 0.024497961531  0.024480452855  0.018262355108  0.006031592938  0.003006875571  0.000000000000  0.002002786135  0.000000000000  0.000000000000  0.002002786135  0.005021270401  0.002002786135  0.002002786135  0.013132975214  0.043488948282  0.003006875571  0.007038936824  0.011097576132  
lophura_nycthemera 0.026574511702  0.026556342850  0.020319087289  0.008052380616  0.005018338095  0.002002786135  0.004011165855  0.002002786135  0.002002786135  0.000000000000  0.003009254358  0.000000000000  0.000000000000  0.015174163225  0.045623463105  0.005018338095  0.009062286338  0.013132975214  
phasianus_colchicus 0.029732536383  0.029710888049  0.023436781731  0.011105394657  0.008052380616  0.005021270401  0.007038936824  0.005021270401  0.005021270401  0.003009254358  0.000000000000  0.003009254358  0.003009254358  0.018262355108  0.048886524841  0.008052380616  0.012118411412  0.016211506643  
syrmaticus_ellioti 0.026574511702  0.026556342850  0.020319087289  0.008052380616  0.005018338095  0.002002786135  0.004011165855  0.002002786135  0.002002786135  0.000000000000  0.003009254358  0.000000000000  0.000000000000  0.015174163225  0.045623463105  0.005018338095  0.009062286338  0.013132975214  
chrysolophus_pictus 0.026574511702  0.026556342850  0.020319087289  0.008052380616  0.005018338095  0.002002786135  0.004011165855  0.002002786135  0.002002786135  0.000000000000  0.003009254358  0.000000000000  0.000000000000  0.015174163225  0.045623463105  0.005018338095  0.009062286338  0.013132975214  
perdix_dauuricae 0.030814234941  0.032911120014  0.024497961531  0.013141385494  0.016201391764  0.013132975214  0.015174163225  0.013132975214  0.013132975214  0.015174163225  0.018262355108  0.015174163225  0.015174163225  0.000000000000  0.049944555931  0.010078870731  0.014156997144  0.017254850321  
cyrtonyx_montezumae 0.063185849792  0.065384622435  0.056503694299  0.043519452392  0.046708729125  0.043488948282  0.044540603987  0.043488948282  0.043488948282  0.045623463105  0.048886524841  0.045623463105  0.045623463105  0.049944555931  0.000000000000  0.040285044577  0.043488948282  0.048886524841  
melgal2    0.021385923712  0.023453147831  0.015183171265  0.003009254358  0.006027592210  0.003006875571  0.005018338095  0.003006875571  0.003006875571  0.005018338095  0.008052380616  0.005018338095  0.005018338095  0.010078870731  0.040285044577  0.000000000000  0.004013034145  0.008052380616  
tragopan_blythii 0.025545015800  0.027624918685  0.019296108272  0.007044010407  0.009062286338  0.007038936824  0.009062286338  0.007038936824  0.007038936824  0.009062286338  0.012118411412  0.009062286338  0.009062286338  0.014156997144  0.043488948282  0.004013034145  0.000000000000  0.012118411412  
alectoris_rufa 0.019341345159  0.019324651773  0.013151394798  0.011105394657  0.014156997144  0.011097576132  0.013132975214  0.011097576132  0.011097576132  0.013132975214  0.016211506643  0.013132975214  0.013132975214  0.017254850321  0.048886524841  0.008052380616  0.012118411412  0.000000000000  

