18
catreus_wallichi 0.000000000000  0.000000000000  0.000000000000  0.002002839376  0.004013441480  0.000000000000  0.000000000000  0.001001069596  0.005018773307  0.009070167045  0.013156929334  0.008060738845  0.024535973462  0.011109088567  0.008060738845  0.053228833560  0.023419978581  0.012114129771  
chrysolophus_pictus 0.000000000000  0.000000000000  0.000000000000  0.002002839376  0.004013441480  0.000000000000  0.000000000000  0.001001069596  0.005018773307  0.009070167045  0.013156929334  0.008060738845  0.024535973462  0.011109088567  0.008060738845  0.053228833560  0.023419978581  0.012114129771  
lophura_nycthemera 0.000000000000  0.000000000000  0.000000000000  0.002002839376  0.004013441480  0.000000000000  0.000000000000  0.001001069596  0.005018773307  0.009070167045  0.013156929334  0.008060738845  0.024535973462  0.011109088567  0.008060738845  0.053228833560  0.023419978581  0.012114129771  
lophura_inornata 0.002002839376  0.002002839376  0.002002839376  0.000000000000  0.006028339401  0.002002839376  0.002002839376  0.003007061002  0.007036240275  0.011100541135  0.015200437253  0.010088517759  0.026615286127  0.013146000861  0.010088517759  0.055397199385  0.025492911134  0.014152991855  
syrmaticus_ellioti 0.004013441480  0.004013441480  0.004013441480  0.006028339401  0.000000000000  0.004013441480  0.004013441480  0.005021990110  0.009063979969  0.013146000861  0.017263929448  0.012131889170  0.028724975615  0.015200437253  0.012131889170  0.057612440318  0.025492911134  0.016207137934  
phasianus_colchicus 0.000000000000  0.000000000000  0.000000000000  0.002002839376  0.004013441480  0.000000000000  0.000000000000  0.001001069596  0.005018773307  0.009070167045  0.013156929334  0.008060738845  0.024535973462  0.011109088567  0.008060738845  0.053228833560  0.023419978581  0.012114129771  
lophura_swinhoii 0.000000000000  0.000000000000  0.000000000000  0.002002839376  0.004013441480  0.000000000000  0.000000000000  0.001001069596  0.005018773307  0.009070167045  0.013156929334  0.008060738845  0.024535973462  0.011109088567  0.008060738845  0.053228833560  0.023419978581  0.012114129771  
crossoptilon_crossoptilon 0.001001069596  0.001001069596  0.001001069596  0.003007061002  0.005021990110  0.001001069596  0.001001069596  0.000000000000  0.006028339401  0.010088517759  0.014184218887  0.009078054321  0.025586160304  0.012131889170  0.009078054321  0.054331319440  0.024462845502  0.013136786464  
syrmaticus_reevesii 0.005018773307  0.005018773307  0.005018773307  0.007036240275  0.009063979969  0.005018773307  0.005018773307  0.006028339401  0.000000000000  0.014161682086  0.018283851343  0.013146000861  0.029757932565  0.016218229483  0.013146000861  0.056464787329  0.028621707344  0.017227031871  
perdix_dauuricae 0.009070167045  0.009070167045  0.009070167045  0.011100541135  0.013146000861  0.009070167045  0.009070167045  0.010088517759  0.014161682086  0.000000000000  0.010088517759  0.005021990110  0.021399475001  0.008054026787  0.005021990110  0.049936869421  0.020305245042  0.021366840919  
tragopan_blythii 0.013156929334  0.013156929334  0.013156929334  0.015200437253  0.017263929448  0.013156929334  0.013156929334  0.014184218887  0.018283851343  0.010088517759  0.000000000000  0.005021990110  0.021399475001  0.008054026787  0.005021990110  0.049936869421  0.024462845502  0.025543586137  
rollulus_rouloul 0.008060738845  0.008060738845  0.008060738845  0.010088517759  0.012131889170  0.008060738845  0.008060738845  0.009078054321  0.013146000861  0.005021990110  0.005021990110  0.000000000000  0.016231046388  0.003007061002  0.000000000000  0.044528658632  0.019281103280  0.020342669959  
melgal2    0.024535973462  0.024535973462  0.024535973462  0.026615286127  0.028724975615  0.024535973462  0.024535973462  0.025586160304  0.029757932565  0.021399475001  0.021399475001  0.016231046388  0.000000000000  0.013156929334  0.016231046388  0.062028850082  0.034970015691  0.037161894798  
pavo_cristatus 0.011109088567  0.011109088567  0.011109088567  0.013146000861  0.015200437253  0.011109088567  0.011109088567  0.012131889170  0.016218229483  0.008054026787  0.008054026787  0.003007061002  0.013156929334  0.000000000000  0.003007061002  0.047755017537  0.022379429708  0.023450555359  
lophophorus_impejanus 0.008060738845  0.008060738845  0.008060738845  0.010088517759  0.012131889170  0.008060738845  0.008060738845  0.009078054321  0.013146000861  0.005021990110  0.005021990110  0.000000000000  0.016231046388  0.003007061002  0.000000000000  0.044528658632  0.019281103280  0.020342669959  
cyrtonyx_montezumae 0.053228833560  0.053228833560  0.053228833560  0.055397199385  0.057612440318  0.053228833560  0.053228833560  0.054331319440  0.056464787329  0.049936869421  0.049936869421  0.044528658632  0.062028850082  0.047755017537  0.044528658632  0.000000000000  0.058535320163  0.066430895925  
galgal4    0.023419978581  0.023419978581  0.023419978581  0.025492911134  0.025492911134  0.023419978581  0.023419978581  0.024462845502  0.028621707344  0.020305245042  0.024462845502  0.019281103280  0.034970015691  0.022379429708  0.019281103280  0.058535320163  0.000000000000  0.035989788454  
alectoris_rufa 0.012114129771  0.012114129771  0.012114129771  0.014152991855  0.016207137934  0.012114129771  0.012114129771  0.013136786464  0.017227031871  0.021366840919  0.025543586137  0.020342669959  0.037161894798  0.023450555359  0.020342669959  0.066430895925  0.035989788454  0.000000000000  

