18
lophophorus_impejanus 0.000000000000  0.021339726172  0.092175807532  0.032777177421  0.053274198733  0.087475096170  0.026496150713  0.058720452080  0.033868601380  0.031710358371  0.031710358371  0.027551888281  0.028599129498  0.028599129498  0.043391041047  0.033833287321  0.029648575966  0.036950790814  
tragopan_blythii 0.021339726172  0.000000000000  0.107396939295  0.047684772039  0.068761891722  0.102555538918  0.040175020721  0.069793387433  0.046655292088  0.044422747597  0.044422747597  0.039170198201  0.042339384677  0.042339384677  0.057464097267  0.047684772039  0.043414862572  0.050841788568  
cyrtonyx_montezumae 0.092175807532  0.107396939295  0.000000000000  0.106263496037  0.129499724344  0.163746762264  0.112083344448  0.146729409855  0.124248140234  0.120323774415  0.120323774415  0.116872635674  0.115653927595  0.115653927595  0.128889991388  0.121623836934  0.116872635674  0.125023243847  
pavo_cristatus 0.032777177421  0.047684772039  0.106263496037  0.000000000000  0.069948155546  0.100129486524  0.053018529830  0.086741255626  0.060747378411  0.058443477849  0.058443477849  0.054137650831  0.055233202290  0.055233202290  0.070656464604  0.060680119093  0.056331167388  0.061669338938  
galgal4    0.053274198733  0.068761891722  0.129499724344  0.069948155546  0.000000000000  0.112298189622  0.071962211282  0.107029648641  0.081178886895  0.078706022957  0.078706022957  0.075429304398  0.076573926574  0.076573926574  0.090247551979  0.082216932927  0.075429304398  0.085464383353  
rollulus_rouloul 0.087475096170  0.102555538918  0.163746762264  0.100129486524  0.112298189622  0.000000000000  0.107087312992  0.142771632249  0.111949755047  0.109364662496  0.109364662496  0.105951514392  0.108342154421  0.108342154421  0.120323774415  0.114237686595  0.107145400936  0.117622666544  
perdix_dauuricae 0.026496150713  0.040175020721  0.112083344448  0.053018529830  0.071962211282  0.107087312992  0.000000000000  0.054336694216  0.031771993852  0.029622209967  0.029622209967  0.023393836844  0.024433436205  0.024433436205  0.039126806584  0.029634573757  0.025475208717  0.056200513607  
melgal2    0.058720452080  0.069793387433  0.146729409855  0.086741255626  0.107029648641  0.142771632249  0.054336694216  0.000000000000  0.055479914407  0.056466762890  0.056466762890  0.051078202309  0.051078202309  0.051078202309  0.066455999085  0.056504949227  0.052174990971  0.083151289076  
chrysolophus_pictus 0.033868601380  0.046655292088  0.124248140234  0.060747378411  0.081178886895  0.111949755047  0.031771993852  0.055479914407  0.000000000000  0.016184658661  0.016184658661  0.020341138327  0.021379674818  0.021379674818  0.036038533525  0.026565859739  0.022420380014  0.063942967345  
syrmaticus_ellioti 0.031710358371  0.044422747597  0.120323774415  0.058443477849  0.078706022957  0.109364662496  0.029622209967  0.056466762890  0.016184658661  0.000000000000  0.000000000000  0.018240291269  0.019271295946  0.019271295946  0.033850120393  0.024433436205  0.020304437954  0.061644104600  
syrmaticus_reevesii 0.031710358371  0.044422747597  0.120323774415  0.058443477849  0.078706022957  0.109364662496  0.029622209967  0.056466762890  0.016184658661  0.000000000000  0.000000000000  0.018240291269  0.019271295946  0.019271295946  0.033850120393  0.024433436205  0.020304437954  0.061644104600  
catreus_wallichi 0.027551888281  0.039170198201  0.116872635674  0.054137650831  0.075429304398  0.105951514392  0.023393836844  0.051078202309  0.020341138327  0.018240291269  0.018240291269  0.000000000000  0.013131355985  0.013131355985  0.027580358091  0.018248777152  0.014154960983  0.057318706801  
crossoptilon_crossoptilon 0.028599129498  0.042339384677  0.115653927595  0.055233202290  0.076573926574  0.108342154421  0.024433436205  0.051078202309  0.021379674818  0.019271295946  0.019271295946  0.013131355985  0.000000000000  0.000000000000  0.014154960983  0.005018180870  0.001001004621  0.058416653739  
lophura_swinhoii 0.028599129498  0.042339384677  0.115653927595  0.055233202290  0.076573926574  0.108342154421  0.024433436205  0.051078202309  0.021379674818  0.019271295946  0.019271295946  0.013131355985  0.000000000000  0.000000000000  0.014154960983  0.005018180870  0.001001004621  0.058416653739  
phasianus_colchicus 0.043391041047  0.057464097267  0.128889991388  0.070656464604  0.090247551979  0.120323774415  0.039126806584  0.066455999085  0.036038533525  0.033850120393  0.033850120393  0.027580358091  0.014154960983  0.014154960983  0.000000000000  0.019280853400  0.015180672711  0.073887628756  
lophura_nycthemera 0.033833287321  0.047684772039  0.121623836934  0.060680119093  0.082216932927  0.114237686595  0.029634573757  0.056504949227  0.026565859739  0.024433436205  0.024433436205  0.018248777152  0.005018180870  0.005018180870  0.019280853400  0.000000000000  0.006027285313  0.063882280812  
lophura_inornata 0.029648575966  0.043414862572  0.116872635674  0.056331167388  0.075429304398  0.107145400936  0.025475208717  0.052174990971  0.022420380014  0.020304437954  0.020304437954  0.014154960983  0.001001004621  0.001001004621  0.015180672711  0.006027285313  0.000000000000  0.059517024895  
alectoris_rufa 0.036950790814  0.050841788568  0.125023243847  0.061669338938  0.085464383353  0.117622666544  0.056200513607  0.083151289076  0.063942967345  0.061644104600  0.061644104600  0.057318706801  0.058416653739  0.058416653739  0.073887628756  0.063882280812  0.059517024895  0.000000000000  

