18
galgal4    0.000000000000  0.028686744315  0.015202003002  0.017250182471  0.014163646313  0.011103495644  0.012116504122  0.012116504122  0.012116504122  0.015180298480  0.015171781629  0.012116504122  0.017250182471  0.015190373301  0.024432251710  0.016231907767  0.016231907767  0.024489199492  
cyrtonyx_montezumae 0.028686744315  0.000000000000  0.026625941278  0.027655551591  0.025554578144  0.022437188841  0.023462407570  0.023462407570  0.023462407570  0.026583561223  0.026564748348  0.023462407570  0.028709362602  0.026603959881  0.035989925184  0.027678642802  0.027678642802  0.036089509830  
pavo_cristatus 0.015202003002  0.026625941278  0.000000000000  0.010092027828  0.009073674003  0.006036339185  0.007043175782  0.007043175782  0.007043175782  0.010084103588  0.011096071714  0.007043175782  0.012134987264  0.010092027828  0.019270570362  0.011122969943  0.011122969943  0.019318523742  
rollulus_rouloul 0.017250182471  0.027655551591  0.010092027828  0.000000000000  0.011103495644  0.008057392794  0.009066788371  0.009066788371  0.009066788371  0.012116504122  0.013131058481  0.009066788371  0.014174218089  0.012124973039  0.021328703337  0.013159609973  0.013159609973  0.021378966411  
lophophorus_impejanus 0.014163646313  0.025554578144  0.009073674003  0.011103495644  0.000000000000  0.003006783096  0.004011071101  0.004011071101  0.004011071101  0.007035068403  0.008044452621  0.004011071101  0.009066788371  0.007038354730  0.016179173973  0.008057392794  0.008057392794  0.018270013884  
tragopan_blythii 0.011103495644  0.022437188841  0.006036339185  0.008057392794  0.003006783096  0.000000000000  0.001000756750  0.001000756750  0.001000756750  0.004011071101  0.005016885201  0.001000756750  0.006031014599  0.004012826498  0.013116489976  0.005025201564  0.005025201564  0.015190373301  
crossoptilon_crossoptilon 0.012116504122  0.023462407570  0.007043175782  0.009066788371  0.004011071101  0.001000756750  0.000000000000  0.000000000000  0.000000000000  0.003006783096  0.004011071101  0.000000000000  0.005025201564  0.003009048207  0.012100400198  0.006031014599  0.006031014599  0.016208080852  
lophura_nycthemera 0.012116504122  0.023462407570  0.007043175782  0.009066788371  0.004011071101  0.001000756750  0.000000000000  0.000000000000  0.000000000000  0.003006783096  0.004011071101  0.000000000000  0.005025201564  0.003009048207  0.012100400198  0.006031014599  0.006031014599  0.016208080852  
lophura_inornata 0.012116504122  0.023462407570  0.007043175782  0.009066788371  0.004011071101  0.001000756750  0.000000000000  0.000000000000  0.000000000000  0.003006783096  0.004011071101  0.000000000000  0.005025201564  0.003009048207  0.012100400198  0.006031014599  0.006031014599  0.016208080852  
chrysolophus_pictus 0.015180298480  0.026583561223  0.010084103588  0.012116504122  0.007035068403  0.004011071101  0.003006783096  0.003006783096  0.003006783096  0.000000000000  0.007035068403  0.003006783096  0.008057392794  0.006031014599  0.015159434351  0.009066788371  0.009066788371  0.019291407287  
catreus_wallichi 0.015171781629  0.026564748348  0.011096071714  0.013131058481  0.008044452621  0.005016885201  0.004011071101  0.004011071101  0.004011071101  0.007035068403  0.000000000000  0.004011071101  0.009066788371  0.007038354730  0.016179173973  0.010077720384  0.010077720384  0.020314367992  
phasianus_colchicus 0.012116504122  0.023462407570  0.007043175782  0.009066788371  0.004011071101  0.001000756750  0.000000000000  0.000000000000  0.000000000000  0.003006783096  0.004011071101  0.000000000000  0.005025201564  0.003009048207  0.012100400198  0.006031014599  0.006031014599  0.016208080852  
syrmaticus_reevesii 0.017250182471  0.028709362602  0.012134987264  0.014174218089  0.009066788371  0.006031014599  0.005025201564  0.005025201564  0.005025201564  0.008057392794  0.009066788371  0.005025201564  0.000000000000  0.008064777776  0.017218274407  0.011112462741  0.011112462741  0.020340496657  
lophura_swinhoii 0.015190373301  0.026603959881  0.010092027828  0.012124973039  0.007038354730  0.004012826498  0.003009048207  0.003009048207  0.003009048207  0.006031014599  0.007038354730  0.003009048207  0.008064777776  0.000000000000  0.015164825869  0.009073674003  0.009073674003  0.019304182124  
perdix_dauuricae 0.024432251710  0.035989925184  0.019270570362  0.021328703337  0.016179173973  0.013116489976  0.012100400198  0.012100400198  0.012100400198  0.015159434351  0.016179173973  0.012100400198  0.017218274407  0.015164825869  0.000000000000  0.018239608780  0.018239608780  0.028597571373  
syrmaticus_ellioti 0.016231907767  0.027678642802  0.011122969943  0.013159609973  0.008057392794  0.005025201564  0.006031014599  0.006031014599  0.006031014599  0.009066788371  0.010077720384  0.006031014599  0.011112462741  0.009073674003  0.018239608780  0.000000000000  0.004016107318  0.020355916061  
melgal2    0.016231907767  0.027678642802  0.011122969943  0.013159609973  0.008057392794  0.005025201564  0.006031014599  0.006031014599  0.006031014599  0.009066788371  0.010077720384  0.006031014599  0.011112462741  0.009073674003  0.018239608780  0.004016107318  0.000000000000  0.020355916061  
alectoris_rufa 0.024489199492  0.036089509830  0.019318523742  0.021378966411  0.018270013884  0.015190373301  0.016208080852  0.016208080852  0.016208080852  0.019291407287  0.020314367992  0.016208080852  0.020340496657  0.019304182124  0.028597571373  0.020355916061  0.020355916061  0.000000000000  

