18
catreus_wallichi 0.000000000000  0.011100698786  0.001001072718  0.000000000000  0.000000000000  0.000000000000  0.000000000000  0.000000000000  0.010068957921  0.000000000000  0.000000000000  0.012107962158  0.010075593829  0.017211387702  0.000000000000  0.010075593829  0.000000000000  0.004013463434  
chrysolophus_pictus 0.011100698786  0.000000000000  0.012122355458  0.011100698786  0.011100698786  0.011100698786  0.011100698786  0.011100698786  0.021322987350  0.011100698786  0.011100698786  0.023420563616  0.019281484466  0.028607189802  0.011100698786  0.020316413141  0.011100698786  0.015189127977  
syrmaticus_reevesii 0.001001072718  0.012122355458  0.000000000000  0.001001072718  0.001001072718  0.001001072718  0.001001072718  0.001001072718  0.011083638825  0.001001072718  0.001001072718  0.013129461246  0.011093828939  0.018240531417  0.001001072718  0.011093828939  0.001001072718  0.005022030576  
lophura_inornata 0.000000000000  0.011100698786  0.001001072718  0.000000000000  0.000000000000  0.000000000000  0.000000000000  0.000000000000  0.010068957921  0.000000000000  0.000000000000  0.012107962158  0.010075593829  0.017211387702  0.000000000000  0.010075593829  0.000000000000  0.004013463434  
lophura_swinhoii 0.000000000000  0.011100698786  0.001001072718  0.000000000000  0.000000000000  0.000000000000  0.000000000000  0.000000000000  0.010068957921  0.000000000000  0.000000000000  0.012107962158  0.010075593829  0.017211387702  0.000000000000  0.010075593829  0.000000000000  0.004013463434  
lophophorus_impejanus 0.000000000000  0.011100698786  0.001001072718  0.000000000000  0.000000000000  0.000000000000  0.000000000000  0.000000000000  0.010068957921  0.000000000000  0.000000000000  0.012107962158  0.010075593829  0.017211387702  0.000000000000  0.010075593829  0.000000000000  0.004013463434  
lophura_nycthemera 0.000000000000  0.011100698786  0.001001072718  0.000000000000  0.000000000000  0.000000000000  0.000000000000  0.000000000000  0.010068957921  0.000000000000  0.000000000000  0.012107962158  0.010075593829  0.017211387702  0.000000000000  0.010075593829  0.000000000000  0.004013463434  
crossoptilon_crossoptilon 0.000000000000  0.011100698786  0.001001072718  0.000000000000  0.000000000000  0.000000000000  0.000000000000  0.000000000000  0.010068957921  0.000000000000  0.000000000000  0.012107962158  0.010075593829  0.017211387702  0.000000000000  0.010075593829  0.000000000000  0.004013463434  
rollulus_rouloul 0.010068957921  0.021322987350  0.011083638825  0.010068957921  0.010068957921  0.010068957921  0.010068957921  0.010068957921  0.000000000000  0.010068957921  0.010068957921  0.022344831367  0.020284010380  0.027520227358  0.010068957921  0.020284010380  0.010068957921  0.014137501302  
pavo_cristatus 0.000000000000  0.011100698786  0.001001072718  0.000000000000  0.000000000000  0.000000000000  0.000000000000  0.000000000000  0.010068957921  0.000000000000  0.000000000000  0.012107962158  0.010075593829  0.017211387702  0.000000000000  0.010075593829  0.000000000000  0.004013463434  
perdix_dauuricae 0.000000000000  0.011100698786  0.001001072718  0.000000000000  0.000000000000  0.000000000000  0.000000000000  0.000000000000  0.010068957921  0.000000000000  0.000000000000  0.012107962158  0.010075593829  0.017211387702  0.000000000000  0.010075593829  0.000000000000  0.004013463434  
galgal4    0.012107962158  0.023420563616  0.013129461246  0.012107962158  0.012107962158  0.012107962158  0.012107962158  0.012107962158  0.022344831367  0.012107962158  0.012107962158  0.000000000000  0.022368494305  0.028581851841  0.012107962158  0.022368494305  0.012107962158  0.016198040561  
cyrtonyx_montezumae 0.010075593829  0.019281484466  0.011093828939  0.010075593829  0.010075593829  0.010075593829  0.010075593829  0.010075593829  0.020284010380  0.010075593829  0.010075593829  0.022368494305  0.000000000000  0.015171001672  0.010075593829  0.020305651152  0.010075593829  0.014153200717  
tragopan_blythii 0.017211387702  0.028607189802  0.018240531417  0.017211387702  0.017211387702  0.017211387702  0.017211387702  0.017211387702  0.027520227358  0.017211387702  0.017211387702  0.028581851841  0.015171001672  0.000000000000  0.017211387702  0.027546325949  0.017211387702  0.021331428309  
syrmaticus_ellioti 0.000000000000  0.011100698786  0.001001072718  0.000000000000  0.000000000000  0.000000000000  0.000000000000  0.000000000000  0.010068957921  0.000000000000  0.000000000000  0.012107962158  0.010075593829  0.017211387702  0.000000000000  0.010075593829  0.000000000000  0.004013463434  
melgal2    0.010075593829  0.020316413141  0.011093828939  0.010075593829  0.010075593829  0.010075593829  0.010075593829  0.010075593829  0.020284010380  0.010075593829  0.010075593829  0.022368494305  0.020305651152  0.027546325949  0.010075593829  0.000000000000  0.010075593829  0.014153200717  
phasianus_colchicus 0.000000000000  0.011100698786  0.001001072718  0.000000000000  0.000000000000  0.000000000000  0.000000000000  0.000000000000  0.010068957921  0.000000000000  0.000000000000  0.012107962158  0.010075593829  0.017211387702  0.000000000000  0.010075593829  0.000000000000  0.004013463434  
alectoris_rufa 0.004013463434  0.015189127977  0.005022030576  0.004013463434  0.004013463434  0.004013463434  0.004013463434  0.004013463434  0.014137501302  0.004013463434  0.004013463434  0.016198040561  0.014153200717  0.021331428309  0.004013463434  0.014153200717  0.004013463434  0.000000000000  

