18
syrmaticus_reevesii 0.000000000000  0.000000000000  0.000000000000  0.008048907544  0.014152653435  0.005021931656  0.000000000000  0.008053890234  0.011100292788  0.003007045071  0.006032626268  0.003007045071  0.004013407691  0.004013407691  0.004013407691  0.003007045071  0.000000000000  0.002002834550  
crossoptilon_crossoptilon 0.000000000000  0.000000000000  0.000000000000  0.008048907544  0.014152653435  0.005021931656  0.000000000000  0.008053890234  0.011100292788  0.003007045071  0.006032626268  0.003007045071  0.004013407691  0.004013407691  0.004013407691  0.003007045071  0.000000000000  0.002002834550  
chrysolophus_pictus 0.000000000000  0.000000000000  0.000000000000  0.008048907544  0.014152653435  0.005021931656  0.000000000000  0.008053890234  0.011100292788  0.003007045071  0.006032626268  0.003007045071  0.004013407691  0.004013407691  0.004013407691  0.003007045071  0.000000000000  0.002002834550  
cyrtonyx_montezumae 0.008048907544  0.008048907544  0.008048907544  0.000000000000  0.022378589531  0.013136462468  0.008048907544  0.016206648451  0.019291669610  0.011093497809  0.014161287499  0.011093497809  0.012113869138  0.012113869138  0.012113869138  0.011093497809  0.008048907544  0.010075338847  
rollulus_rouloul 0.014152653435  0.014152653435  0.014152653435  0.022378589531  0.000000000000  0.019291669610  0.014152653435  0.022391680369  0.025506837643  0.017226524481  0.020327657961  0.017226524481  0.018257961789  0.018257961789  0.018257961789  0.017226524481  0.014152653435  0.016197347732  
pavo_cristatus 0.005021931656  0.005021931656  0.005021931656  0.013136462468  0.019291669610  0.000000000000  0.005021931656  0.013145621098  0.016217671773  0.008053890234  0.011108790785  0.008053890234  0.009069983835  0.009069983835  0.009069983835  0.008053890234  0.005021931656  0.007039990507  
tragopan_blythii 0.000000000000  0.000000000000  0.000000000000  0.008048907544  0.014152653435  0.005021931656  0.000000000000  0.008053890234  0.011100292788  0.003007045071  0.006032626268  0.003007045071  0.004013407691  0.004013407691  0.004013407691  0.003007045071  0.000000000000  0.002002834550  
melgal2    0.008053890234  0.008053890234  0.008053890234  0.016206648451  0.022391680369  0.013145621098  0.008053890234  0.000000000000  0.013145621098  0.005021931656  0.008060564952  0.005021931656  0.006032626268  0.006032626268  0.006032626268  0.005021931656  0.008053890234  0.010080959683  
lophophorus_impejanus 0.011100292788  0.011100292788  0.011100292788  0.019291669610  0.025506837643  0.016217671773  0.011100292788  0.013145621098  0.000000000000  0.008053890234  0.011108790785  0.008053890234  0.009069983835  0.009069983835  0.009069983835  0.008053890234  0.011100292788  0.013136462468  
galgal4    0.003007045071  0.003007045071  0.003007045071  0.011093497809  0.017226524481  0.008053890234  0.003007045071  0.005021931656  0.008053890234  0.000000000000  0.003009623879  0.000000000000  0.001001066277  0.001001066277  0.001001066277  0.000000000000  0.003007045071  0.005018734928  
perdix_dauuricae 0.006032626268  0.006032626268  0.006032626268  0.014161287499  0.020327657961  0.011108790785  0.006032626268  0.008060564952  0.011108790785  0.003009623879  0.000000000000  0.003009623879  0.004017133576  0.004017133576  0.004017133576  0.003009623879  0.006032626268  0.008053890234  
catreus_wallichi 0.003007045071  0.003007045071  0.003007045071  0.011093497809  0.017226524481  0.008053890234  0.003007045071  0.005021931656  0.008053890234  0.000000000000  0.003009623879  0.000000000000  0.001001066277  0.001001066277  0.001001066277  0.000000000000  0.003007045071  0.005018734928  
lophura_inornata 0.004013407691  0.004013407691  0.004013407691  0.012113869138  0.018257961789  0.009069983835  0.004013407691  0.006032626268  0.009069983835  0.001001066277  0.004017133576  0.001001066277  0.000000000000  0.000000000000  0.000000000000  0.001001066277  0.004013407691  0.006028275203  
lophura_swinhoii 0.004013407691  0.004013407691  0.004013407691  0.012113869138  0.018257961789  0.009069983835  0.004013407691  0.006032626268  0.009069983835  0.001001066277  0.004017133576  0.001001066277  0.000000000000  0.000000000000  0.000000000000  0.001001066277  0.004013407691  0.006028275203  
lophura_nycthemera 0.004013407691  0.004013407691  0.004013407691  0.012113869138  0.018257961789  0.009069983835  0.004013407691  0.006032626268  0.009069983835  0.001001066277  0.004017133576  0.001001066277  0.000000000000  0.000000000000  0.000000000000  0.001001066277  0.004013407691  0.006028275203  
syrmaticus_ellioti 0.003007045071  0.003007045071  0.003007045071  0.011093497809  0.017226524481  0.008053890234  0.003007045071  0.005021931656  0.008053890234  0.000000000000  0.003009623879  0.000000000000  0.001001066277  0.001001066277  0.001001066277  0.000000000000  0.003007045071  0.005018734928  
phasianus_colchicus 0.000000000000  0.000000000000  0.000000000000  0.008048907544  0.014152653435  0.005021931656  0.000000000000  0.008053890234  0.011100292788  0.003007045071  0.006032626268  0.003007045071  0.004013407691  0.004013407691  0.004013407691  0.003007045071  0.000000000000  0.002002834550  
alectoris_rufa 0.002002834550  0.002002834550  0.002002834550  0.010075338847  0.016197347732  0.007039990507  0.002002834550  0.010080959683  0.013136462468  0.005018734928  0.008053890234  0.005018734928  0.006028275203  0.006028275203  0.006028275203  0.005018734928  0.002002834550  0.000000000000  

