18
galgal4    0.000000000000  0.077336944478  0.101377996567  0.108368278774  0.095578429863  0.101497806838  0.099121181891  0.099121181891  0.117003428017  0.114707842685  0.104894386818  0.122852174472  0.078319098565  0.068403806769  0.068334168282  0.102821733253  0.089880875268  0.081742908937  
pavo_cristatus 0.077336944478  0.000000000000  0.086547160428  0.095874557983  0.080867046555  0.088995992626  0.086659182586  0.085386053036  0.099582547170  0.099582547170  0.087656562607  0.112419987926  0.065080753457  0.055340598332  0.056374865732  0.084447708538  0.078618451564  0.068441481612  
lophura_nycthemera 0.101377996567  0.086547160428  0.000000000000  0.009063505638  0.006028130209  0.013155259646  0.011107983070  0.010075024044  0.024509982108  0.027711731935  0.014151915523  0.078950547517  0.047911518865  0.062092516389  0.057550670065  0.108293673209  0.096296051394  0.090168730185  
phasianus_colchicus 0.108368278774  0.095874557983  0.009063505638  0.000000000000  0.015177599958  0.022420189528  0.020339566170  0.019279168991  0.031870422143  0.037212363076  0.023416912599  0.086906777506  0.057717148995  0.072117595553  0.067482642215  0.110473647742  0.106899064824  0.100635300304  
chrysolophus_pictus 0.095578429863  0.080867046555  0.006028130209  0.015177599958  0.000000000000  0.007052179706  0.005026546753  0.004011328619  0.018295956181  0.021455705456  0.008048686078  0.073316480981  0.041457533412  0.055496206623  0.051014564165  0.101178347357  0.090505993443  0.083286315587  
lophura_swinhoii 0.101497806838  0.088995992626  0.013155259646  0.022420189528  0.007052179706  0.000000000000  0.002004229494  0.011107983070  0.025603120949  0.026710340689  0.015198457442  0.080237088757  0.046896899907  0.061068188619  0.058741873044  0.109706194036  0.098852118274  0.091476440618  
lophura_inornata 0.099121181891  0.086659182586  0.011107983070  0.020339566170  0.005026546753  0.002004229494  0.000000000000  0.009069507208  0.023503844695  0.024601494292  0.013144641962  0.077918979088  0.044713660531  0.058831533085  0.056521191772  0.107253977262  0.096452484368  0.089121935250  
crossoptilon_crossoptilon 0.099121181891  0.085386053036  0.010075024044  0.019279168991  0.004011328619  0.011107983070  0.009069507208  0.000000000000  0.022420189528  0.025603120949  0.012107178305  0.077795869531  0.045728531799  0.059856125663  0.055340598332  0.105854387243  0.095103928487  0.087826148173  
syrmaticus_ellioti 0.117003428017  0.099582547170  0.024509982108  0.031870422143  0.018295956181  0.025603120949  0.023503844695  0.022420189528  0.000000000000  0.040523245389  0.026587988852  0.088218388661  0.058928537996  0.075673614771  0.070978108396  0.119323853031  0.111976291490  0.104392182072  
catreus_wallichi 0.114707842685  0.099582547170  0.027711731935  0.037212363076  0.021455705456  0.026710340689  0.024601494292  0.025603120949  0.040523245389  0.000000000000  0.025579874466  0.090731920929  0.062408558748  0.073497791036  0.068811012121  0.120790360227  0.112171157736  0.102137623220  
syrmaticus_reevesii 0.104894386818  0.087656562607  0.014151915523  0.023416912599  0.008048686078  0.015198457442  0.013144641962  0.012107178305  0.026587988852  0.025579874466  0.000000000000  0.082366920807  0.050064241848  0.060928181285  0.056408684191  0.110652883830  0.099810509699  0.092458342212  
perdix_dauuricae 0.122852174472  0.112419987926  0.078950547517  0.086906777506  0.073316480981  0.080237088757  0.077918979088  0.077795869531  0.088218388661  0.090731920929  0.082366920807  0.000000000000  0.075612146225  0.089255744137  0.085611952891  0.131303019082  0.117413504665  0.116095698820  
melgal2    0.078319098565  0.065080753457  0.047911518865  0.057717148995  0.041457533412  0.046896899907  0.044713660531  0.045728531799  0.058928537996  0.062408558748  0.050064241848  0.075612146225  0.000000000000  0.038140228374  0.035962370177  0.083531452264  0.074241906481  0.065153440145  
lophophorus_impejanus 0.068403806769  0.055340598332  0.062092516389  0.072117595553  0.055496206623  0.061068188619  0.058831533085  0.059856125663  0.075673614771  0.073497791036  0.060928181285  0.089255744137  0.038140228374  0.000000000000  0.023446545281  0.076891941800  0.067676838851  0.054310861428  
tragopan_blythii 0.068334168282  0.056374865732  0.057550670065  0.067482642215  0.051014564165  0.058741873044  0.056521191772  0.055340598332  0.070978108396  0.068811012121  0.056408684191  0.085611952891  0.035962370177  0.023446545281  0.000000000000  0.076764159917  0.065321386216  0.052110785965  
cyrtonyx_montezumae 0.102821733253  0.084447708538  0.108293673209  0.110473647742  0.101178347357  0.109706194036  0.107253977262  0.105854387243  0.119323853031  0.120790360227  0.110652883830  0.131303019082  0.083531452264  0.076891941800  0.076764159917  0.000000000000  0.083467257506  0.085736643181  
rollulus_rouloul 0.089880875268  0.078618451564  0.096296051394  0.106899064824  0.090505993443  0.098852118274  0.096452484368  0.095103928487  0.111976291490  0.112171157736  0.099810509699  0.117413504665  0.074241906481  0.067676838851  0.065321386216  0.083467257506  0.000000000000  0.075283350090  
alectoris_rufa 0.081742908937  0.068441481612  0.090168730185  0.100635300304  0.083286315587  0.091476440618  0.089121935250  0.087826148173  0.104392182072  0.102137623220  0.092458342212  0.116095698820  0.065153440145  0.054310861428  0.052110785965  0.085736643181  0.075283350090  0.000000000000  

