18
melgal2    0.000000000000  0.023496555059  0.016225739638  0.017244661680  0.016239336301  0.019345426221  0.015222516569  0.015222516569  0.015222516569  0.015222516569  0.016239336301  0.015222516569  0.015222516569  0.018307838043  0.025618286959  0.027701069813  0.018325385688  0.014179670691  
cyrtonyx_montezumae 0.023496555059  0.000000000000  0.019287286081  0.021347287462  0.021374270710  0.028707754833  0.024523056505  0.024523056505  0.024523056505  0.024523056505  0.025551165369  0.024523056505  0.024523056505  0.027653260515  0.035083614916  0.037195509700  0.027676319644  0.023458195059  
lophura_nycthemera 0.016225739638  0.019287286081  0.000000000000  0.006025444371  0.006031948207  0.019299314462  0.015185142206  0.015185142206  0.015185142206  0.015185142206  0.016203527426  0.015185142206  0.015185142206  0.019299314462  0.026601067367  0.028685199745  0.020350530036  0.016203527426  
perdix_dauuricae 0.017244661680  0.021347287462  0.006025444371  0.000000000000  0.008052943712  0.021359938351  0.017233249459  0.017233249459  0.017233249459  0.017233249459  0.018254291528  0.017233249459  0.017233249459  0.021359938351  0.028685199745  0.030775490886  0.022415107029  0.018254291528  
galgal4    0.016239336301  0.021374270710  0.006031948207  0.008052943712  0.000000000000  0.019313016031  0.015195944543  0.015195944543  0.015195944543  0.015195944543  0.016213802303  0.015195944543  0.015195944543  0.019313016031  0.026622938943  0.028707754833  0.020367056289  0.016213802303  
crossoptilon_crossoptilon 0.019345426221  0.028707754833  0.019299314462  0.021359938351  0.019313016031  0.000000000000  0.004013173600  0.004013173600  0.004013173600  0.004013173600  0.005018529301  0.004013173600  0.004013173600  0.019313016031  0.026622938943  0.028707754833  0.019328387652  0.019313016031  
lophura_swinhoii 0.015222516569  0.024523056505  0.015185142206  0.017233249459  0.015195944543  0.004013173600  0.000000000000  0.000000000000  0.000000000000  0.000000000000  0.001000772172  0.000000000000  0.000000000000  0.015195944543  0.022451130258  0.024523056505  0.015208403700  0.015195944543  
syrmaticus_reevesii 0.015222516569  0.024523056505  0.015185142206  0.017233249459  0.015195944543  0.004013173600  0.000000000000  0.000000000000  0.000000000000  0.000000000000  0.001000772172  0.000000000000  0.000000000000  0.015195944543  0.022451130258  0.024523056505  0.015208403700  0.015195944543  
chrysolophus_pictus 0.015222516569  0.024523056505  0.015185142206  0.017233249459  0.015195944543  0.004013173600  0.000000000000  0.000000000000  0.000000000000  0.000000000000  0.001000772172  0.000000000000  0.000000000000  0.015195944543  0.022451130258  0.024523056505  0.015208403700  0.015195944543  
syrmaticus_ellioti 0.015222516569  0.024523056505  0.015185142206  0.017233249459  0.015195944543  0.004013173600  0.000000000000  0.000000000000  0.000000000000  0.000000000000  0.001000772172  0.000000000000  0.000000000000  0.015195944543  0.022451130258  0.024523056505  0.015208403700  0.015195944543  
phasianus_colchicus 0.016239336301  0.025551165369  0.016203527426  0.018254291528  0.016213802303  0.005018529301  0.001000772172  0.001000772172  0.001000772172  0.001000772172  0.000000000000  0.001000772172  0.001000772172  0.016213802303  0.023476534854  0.025551165369  0.016225739638  0.016213802303  
catreus_wallichi 0.015222516569  0.024523056505  0.015185142206  0.017233249459  0.015195944543  0.004013173600  0.000000000000  0.000000000000  0.000000000000  0.000000000000  0.001000772172  0.000000000000  0.000000000000  0.015195944543  0.022451130258  0.024523056505  0.015208403700  0.015195944543  
lophura_inornata 0.015222516569  0.024523056505  0.015185142206  0.017233249459  0.015195944543  0.004013173600  0.000000000000  0.000000000000  0.000000000000  0.000000000000  0.001000772172  0.000000000000  0.000000000000  0.015195944543  0.022451130258  0.024523056505  0.015208403700  0.015195944543  
pavo_cristatus 0.018307838043  0.027653260515  0.019299314462  0.021359938351  0.019313016031  0.019313016031  0.015195944543  0.015195944543  0.015195944543  0.015195944543  0.016213802303  0.015195944543  0.015195944543  0.000000000000  0.009068673787  0.015175999827  0.014168344193  0.018277729761  
rollulus_rouloul 0.025618286959  0.035083614916  0.026601067367  0.028685199745  0.026622938943  0.026622938943  0.022451130258  0.022451130258  0.022451130258  0.022451130258  0.023476534854  0.022451130258  0.022451130258  0.009068673787  0.000000000000  0.022415107029  0.021407967256  0.025571854560  
lophophorus_impejanus 0.027701069813  0.037195509700  0.028685199745  0.030775490886  0.028707754833  0.028707754833  0.024523056505  0.024523056505  0.024523056505  0.024523056505  0.025551165369  0.024523056505  0.024523056505  0.015175999827  0.022415107029  0.000000000000  0.023476534854  0.027653260515  
tragopan_blythii 0.018325385688  0.027676319644  0.020350530036  0.022415107029  0.020367056289  0.019328387652  0.015208403700  0.015208403700  0.015208403700  0.015208403700  0.016225739638  0.015208403700  0.015208403700  0.014168344193  0.021407967256  0.023476534854  0.000000000000  0.018291951707  
alectoris_rufa 0.014179670691  0.023458195059  0.016203527426  0.018254291528  0.016213802303  0.019313016031  0.015195944543  0.015195944543  0.015195944543  0.015195944543  0.016213802303  0.015195944543  0.015195944543  0.018277729761  0.025571854560  0.027653260515  0.018291951707  0.000000000000  

