18
perdix_dauuricae 0.000000000000  0.000000000000  0.003009564664  0.005021835644  0.003009564664  0.000000000000  0.004017028006  0.000000000000  0.000000000000  0.001001059735  0.000000000000  0.033859849988  0.007039846296  0.010087891510  0.017261968192  0.002002829094  0.009077421431  0.000000000000  
rollulus_rouloul 0.000000000000  0.000000000000  0.003009564664  0.005021835644  0.003009564664  0.000000000000  0.004017028006  0.000000000000  0.000000000000  0.001001059735  0.000000000000  0.033859849988  0.007039846296  0.010087891510  0.017261968192  0.002002829094  0.009077421431  0.000000000000  
tragopan_blythii 0.003009564664  0.003009564664  0.000000000000  0.002002829094  0.000000000000  0.003009564664  0.007052371651  0.003009564664  0.003009564664  0.004017028006  0.003009564664  0.037050107290  0.010087891510  0.013155727785  0.020373394809  0.005021835644  0.012142120400  0.003009564664  
melgal2    0.005021835644  0.005021835644  0.002002829094  0.000000000000  0.002002829094  0.005021835644  0.009077421431  0.005021835644  0.005021835644  0.006032473196  0.005021835644  0.039164970544  0.012121360964  0.015199008893  0.022439356457  0.007039846296  0.014182782456  0.005021835644  
crossoptilon_crossoptilon 0.003009564664  0.003009564664  0.000000000000  0.002002829094  0.000000000000  0.003009564664  0.007052371651  0.003009564664  0.003009564664  0.004017028006  0.003009564664  0.037050107290  0.010087891510  0.013155727785  0.020373394809  0.005021835644  0.012142120400  0.003009564664  
syrmaticus_ellioti 0.000000000000  0.000000000000  0.003009564664  0.005021835644  0.003009564664  0.000000000000  0.004017028006  0.000000000000  0.000000000000  0.001001059735  0.000000000000  0.033859849988  0.007039846296  0.010087891510  0.017261968192  0.002002829094  0.009077421431  0.000000000000  
chrysolophus_pictus 0.004017028006  0.004017028006  0.007052371651  0.009077421431  0.007052371651  0.004017028006  0.000000000000  0.004017028006  0.004017028006  0.005026644128  0.004017028006  0.038118331298  0.011108291923  0.014182782456  0.021415106973  0.006032473196  0.013168120204  0.004017028006  
lophura_inornata 0.000000000000  0.000000000000  0.003009564664  0.005021835644  0.003009564664  0.000000000000  0.004017028006  0.000000000000  0.000000000000  0.001001059735  0.000000000000  0.033859849988  0.007039846296  0.010087891510  0.017261968192  0.002002829094  0.009077421431  0.000000000000  
lophura_nycthemera 0.000000000000  0.000000000000  0.003009564664  0.005021835644  0.003009564664  0.000000000000  0.004017028006  0.000000000000  0.000000000000  0.001001059735  0.000000000000  0.033859849988  0.007039846296  0.010087891510  0.017261968192  0.002002829094  0.009077421431  0.000000000000  
catreus_wallichi 0.001001059735  0.001001059735  0.004017028006  0.006032473196  0.004017028006  0.001001059735  0.005026644128  0.001001059735  0.001001059735  0.000000000000  0.001001059735  0.034920877446  0.008053678123  0.011108291923  0.018296835446  0.003007022753  0.010096780596  0.001001059735  
syrmaticus_reevesii 0.000000000000  0.000000000000  0.003009564664  0.005021835644  0.003009564664  0.000000000000  0.004017028006  0.000000000000  0.000000000000  0.001001059735  0.000000000000  0.033859849988  0.007039846296  0.010087891510  0.017261968192  0.002002829094  0.009077421431  0.000000000000  
cyrtonyx_montezumae 0.033859849988  0.033859849988  0.037050107290  0.039164970544  0.037050107290  0.033859849988  0.038118331298  0.033859849988  0.033859849988  0.034920877446  0.033859849988  0.000000000000  0.028618397850  0.040262052088  0.047808175205  0.031761864253  0.039214764368  0.033859849988  
pavo_cristatus 0.007039846296  0.007039846296  0.010087891510  0.012121360964  0.010087891510  0.007039846296  0.011108291923  0.007039846296  0.007039846296  0.008053678123  0.007039846296  0.028618397850  0.000000000000  0.013155727785  0.020373394809  0.005021835644  0.012142120400  0.007039846296  
lophura_swinhoii 0.010087891510  0.010087891510  0.013155727785  0.015199008893  0.013155727785  0.010087891510  0.014182782456  0.010087891510  0.010087891510  0.011108291923  0.010087891510  0.040262052088  0.013155727785  0.000000000000  0.011118343735  0.008060256752  0.015226827998  0.010087891510  
phasianus_colchicus 0.017261968192  0.017261968192  0.020373394809  0.022439356457  0.020373394809  0.017261968192  0.021415106973  0.017261968192  0.017261968192  0.018296835446  0.017261968192  0.047808175205  0.020373394809  0.011118343735  0.000000000000  0.015212074541  0.022480595525  0.017261968192  
lophophorus_impejanus 0.002002829094  0.002002829094  0.005021835644  0.007039846296  0.005021835644  0.002002829094  0.006032473196  0.002002829094  0.002002829094  0.003007022753  0.002002829094  0.031761864253  0.005021835644  0.008060256752  0.015212074541  0.000000000000  0.007052371651  0.002002829094  
galgal4    0.009077421431  0.009077421431  0.012142120400  0.014182782456  0.012142120400  0.009077421431  0.013168120204  0.009077421431  0.009077421431  0.010096780596  0.009077421431  0.039214764368  0.012142120400  0.015226827998  0.022480595525  0.007052371651  0.000000000000  0.009077421431  
alectoris_rufa 0.000000000000  0.000000000000  0.003009564664  0.005021835644  0.003009564664  0.000000000000  0.004017028006  0.000000000000  0.000000000000  0.001001059735  0.000000000000  0.033859849988  0.007039846296  0.010087891510  0.017261968192  0.002002829094  0.009077421431  0.000000000000  

