18
rollulus_rouloul 0.000000000000  0.004012907625  0.022406315300  0.006027365142  0.017239558248  0.017239558248  0.016209418886  0.016209418886  0.019306293186  0.016209418886  0.016209418886  0.016209418886  0.019281786804  0.020316208425  0.012117249141  0.009067236086  0.013131806237  0.003006819227  
galgal4    0.004012907625  0.000000000000  0.020342906789  0.004012907625  0.015191711413  0.015191711413  0.014164766680  0.014164766680  0.017252017043  0.014164766680  0.014164766680  0.014164766680  0.017228687688  0.018259888107  0.010084690653  0.007043505131  0.011096658807  0.001001011836  
cyrtonyx_montezumae 0.022406315300  0.020342906789  0.000000000000  0.024492631794  0.036069871668  0.036069871668  0.035003127292  0.035003127292  0.038210284472  0.035003127292  0.035003127292  0.035003127292  0.038154732276  0.039226069328  0.030781129988  0.027638693465  0.031816623475  0.021381696595  
pavo_cristatus 0.006027365142  0.004012907625  0.024492631794  0.000000000000  0.017239558248  0.017239558248  0.016209418886  0.016209418886  0.019306293186  0.016209418886  0.016209418886  0.016209418886  0.019281786804  0.020316208425  0.012117249141  0.009067236086  0.013131806237  0.003006819227  
lophura_inornata 0.017239558248  0.015191711413  0.036069871668  0.017239558248  0.000000000000  0.004016255224  0.003009131180  0.003009131180  0.006036673780  0.003009131180  0.003009131180  0.003009131180  0.006027365142  0.009067236086  0.007043505131  0.014175559980  0.018271846686  0.014164766680  
phasianus_colchicus 0.017239558248  0.015191711413  0.036069871668  0.017239558248  0.004016255224  0.000000000000  0.001001011836  0.001001011836  0.004016255224  0.001001011836  0.001001011836  0.001001011836  0.004011110289  0.007038581855  0.005021045820  0.012125897710  0.016209418886  0.014164766680  
syrmaticus_reevesii 0.016209418886  0.014164766680  0.035003127292  0.016209418886  0.003009131180  0.001001011836  0.000000000000  0.000000000000  0.003009131180  0.000000000000  0.000000000000  0.000000000000  0.003006055411  0.006027365142  0.004012907625  0.011104241642  0.015181419670  0.013139948853  
lophura_nycthemera 0.016209418886  0.014164766680  0.035003127292  0.016209418886  0.003009131180  0.001001011836  0.000000000000  0.000000000000  0.003009131180  0.000000000000  0.000000000000  0.000000000000  0.003006055411  0.006027365142  0.004012907625  0.011104241642  0.015181419670  0.013139948853  
chrysolophus_pictus 0.019306293186  0.017252017043  0.038210284472  0.019306293186  0.006036673780  0.004016255224  0.003009131180  0.003009131180  0.000000000000  0.003009131180  0.003009131180  0.003009131180  0.006027365142  0.009067236086  0.007043505131  0.014175559980  0.018271846686  0.016220791900  
catreus_wallichi 0.016209418886  0.014164766680  0.035003127292  0.016209418886  0.003009131180  0.001001011836  0.000000000000  0.000000000000  0.003009131180  0.000000000000  0.000000000000  0.000000000000  0.003006055411  0.006027365142  0.004012907625  0.011104241642  0.015181419670  0.013139948853  
lophura_swinhoii 0.016209418886  0.014164766680  0.035003127292  0.016209418886  0.003009131180  0.001001011836  0.000000000000  0.000000000000  0.003009131180  0.000000000000  0.000000000000  0.000000000000  0.003006055411  0.006027365142  0.004012907625  0.011104241642  0.015181419670  0.013139948853  
syrmaticus_ellioti 0.016209418886  0.014164766680  0.035003127292  0.016209418886  0.003009131180  0.001001011836  0.000000000000  0.000000000000  0.003009131180  0.000000000000  0.000000000000  0.000000000000  0.003006055411  0.006027365142  0.004012907625  0.011104241642  0.015181419670  0.013139948853  
crossoptilon_crossoptilon 0.019281786804  0.017228687688  0.038154732276  0.019281786804  0.006027365142  0.004011110289  0.003006055411  0.003006055411  0.006027365142  0.003006055411  0.003006055411  0.003006055411  0.000000000000  0.007033417786  0.007035218374  0.014155551727  0.018249523140  0.016199631822  
perdix_dauuricae 0.020316208425  0.018259888107  0.039226069328  0.020316208425  0.009067236086  0.007038581855  0.006027365142  0.006027365142  0.009067236086  0.006027365142  0.006027365142  0.006027365142  0.007033417786  0.000000000000  0.008047457501  0.015181419670  0.018249523140  0.017228687688  
melgal2    0.012117249141  0.010084690653  0.030781129988  0.012117249141  0.007043505131  0.005021045820  0.004012907625  0.004012907625  0.007043505131  0.004012907625  0.004012907625  0.004012907625  0.007035218374  0.008047457501  0.000000000000  0.007043505131  0.011096658807  0.009067236086  
lophophorus_impejanus 0.009067236086  0.007043505131  0.027638693465  0.009067236086  0.014175559980  0.012125897710  0.011104241642  0.011104241642  0.014175559980  0.011104241642  0.011104241642  0.011104241642  0.014155551727  0.015181419670  0.007043505131  0.000000000000  0.008051869337  0.006031242182  
tragopan_blythii 0.013131806237  0.011096658807  0.031816623475  0.013131806237  0.018271846686  0.016209418886  0.015181419670  0.015181419670  0.018271846686  0.015181419670  0.015181419670  0.015181419670  0.018249523140  0.018249523140  0.011096658807  0.008051869337  0.000000000000  0.010078169167  
alectoris_rufa 0.003006819227  0.001001011836  0.021381696595  0.003006819227  0.014164766680  0.014164766680  0.013139948853  0.013139948853  0.016220791900  0.013139948853  0.013139948853  0.013139948853  0.016199631822  0.017228687688  0.009067236086  0.006031242182  0.010078169167  0.000000000000  

