18
galgal4    0.000000000000  0.018270570810  0.025463065961  0.023404012490  0.036014343330  0.033849271632  0.043346198438  0.029663736106  0.030716561487  0.030716561487  0.029663736106  0.030699535001  0.031736936715  0.027580033508  0.024444738679  0.025502326689  0.038124365115  0.006031085854  
pavo_cristatus 0.018270570810  0.000000000000  0.020294822861  0.020314878778  0.032872299555  0.030716561487  0.043389669735  0.026548524358  0.027596924966  0.027596924966  0.026548524358  0.028629534570  0.028613132278  0.024473495307  0.021351281101  0.022404412194  0.032849801841  0.024490253381  
rollulus_rouloul 0.025463065961  0.020294822861  0.000000000000  0.026485596418  0.039125558507  0.036962201221  0.049732392795  0.032761532412  0.033816570576  0.033816570576  0.032761532412  0.034858813792  0.034845412561  0.030670320782  0.027528484771  0.028585142926  0.041243213594  0.031736936715  
chrysolophus_pictus 0.023404012490  0.020314878778  0.026485596418  0.000000000000  0.012135347017  0.010077844536  0.022365457139  0.006031085854  0.007043279716  0.007043279716  0.006031085854  0.008051638551  0.008047279464  0.004016154187  0.003006034657  0.004012850487  0.032809640976  0.029663736106  
phasianus_colchicus 0.036014343330  0.032872299555  0.039125558507  0.012135347017  0.000000000000  0.014174641680  0.026548524358  0.010101787770  0.011123331182  0.011123331182  0.010101787770  0.012135347017  0.020341240112  0.016246832135  0.015190785849  0.016232490975  0.045630074028  0.042417372617  
syrmaticus_reevesii 0.033849271632  0.030716561487  0.036962201221  0.010077844536  0.014174641680  0.000000000000  0.024432746273  0.008051638551  0.009066924242  0.009066924242  0.008051638551  0.010077844536  0.018248523776  0.014163988536  0.013124775729  0.014154889236  0.043413887680  0.040216563745  
melgal2    0.043346198438  0.043389669735  0.049732392795  0.022365457139  0.026548524358  0.024432746273  0.000000000000  0.020304061102  0.021339381500  0.021339381500  0.020304061102  0.022365457139  0.030684120388  0.026532740008  0.025463065961  0.026518551921  0.056328909910  0.049801203988  
lophura_inornata 0.029663736106  0.026548524358  0.032761532412  0.006031085854  0.010101787770  0.008051638551  0.020304061102  0.000000000000  0.001001005572  0.001001005572  0.000000000000  0.002002763074  0.014154889236  0.010092266568  0.009061526846  0.010084284486  0.039169651895  0.035991662887  
lophura_nycthemera 0.030716561487  0.027596924966  0.033816570576  0.007043279716  0.011123331182  0.009066924242  0.021339381500  0.001001005572  0.000000000000  0.002004027692  0.001001005572  0.003006792400  0.015180624574  0.011112758839  0.010077844536  0.011103727777  0.040240584380  0.037056872092  
crossoptilon_crossoptilon 0.030716561487  0.027596924966  0.033816570576  0.007043279716  0.011123331182  0.009066924242  0.021339381500  0.001001005572  0.002004027692  0.000000000000  0.001001005572  0.003006792400  0.015180624574  0.011112758839  0.010077844536  0.011103727777  0.040240584380  0.037056872092  
lophura_swinhoii 0.029663736106  0.026548524358  0.032761532412  0.006031085854  0.010101787770  0.008051638551  0.020304061102  0.000000000000  0.001001005572  0.001001005572  0.000000000000  0.002002763074  0.014154889236  0.010092266568  0.009061526846  0.010084284486  0.039169651895  0.035991662887  
catreus_wallichi 0.030699535001  0.028629534570  0.034858813792  0.008051638551  0.012135347017  0.010077844536  0.022365457139  0.002002763074  0.003006792400  0.003006792400  0.002002763074  0.000000000000  0.016198811080  0.012125262665  0.011090301548  0.012116724766  0.041288644520  0.037034672704  
perdix_dauuricae 0.031736936715  0.028613132278  0.034845412561  0.008047279464  0.020341240112  0.018248523776  0.030684120388  0.014154889236  0.015180624574  0.015180624574  0.014154889236  0.016198811080  0.000000000000  0.012116724766  0.011085912477  0.012109736350  0.041265106240  0.038079302726  
syrmaticus_ellioti 0.027580033508  0.024473495307  0.030670320782  0.004016154187  0.016246832135  0.014163988536  0.026532740008  0.010092266568  0.011112758839  0.011112758839  0.010092266568  0.012125262665  0.012116724766  0.000000000000  0.007038418970  0.008057535502  0.037056872092  0.033888461401  
lophophorus_impejanus 0.024444738679  0.021351281101  0.027528484771  0.003006034657  0.015190785849  0.013124775729  0.025463065961  0.009061526846  0.010077844536  0.010077844536  0.009061526846  0.011090301548  0.011085912477  0.007038418970  0.000000000000  0.005020945550  0.033868056987  0.030716561487  
tragopan_blythii 0.025502326689  0.022404412194  0.028585142926  0.004012850487  0.016232490975  0.014154889236  0.026518551921  0.010084284486  0.011103727777  0.011103727777  0.010084284486  0.012116724766  0.012109736350  0.008057535502  0.005020945550  0.000000000000  0.034950267749  0.031791376679  
cyrtonyx_montezumae 0.038124365115  0.032849801841  0.041243213594  0.032809640976  0.045630074028  0.043413887680  0.056328909910  0.039169651895  0.040240584380  0.040240584380  0.039169651895  0.041288644520  0.041265106240  0.037056872092  0.033868056987  0.034950267749  0.000000000000  0.044547498899  
alectoris_rufa 0.006031085854  0.024490253381  0.031736936715  0.029663736106  0.042417372617  0.040216563745  0.049801203988  0.035991662887  0.037056872092  0.037056872092  0.035991662887  0.037034672704  0.038079302726  0.033888461401  0.030716561487  0.031791376679  0.044547498899  0.000000000000  

