18
pavo_cristatus 0.000000000000  0.038133665667  0.015182082683  0.019257433894  0.008047580704  0.016191937369  0.009057982601  0.012110507848  0.009057982601  0.016200279499  0.013125558294  0.008047580704  0.033874751823  0.018272946362  0.042429753448  0.020330016471  0.008052064295  0.014188879429  
rollulus_rouloul 0.038133665667  0.000000000000  0.043451400356  0.049813928795  0.038109657594  0.045557156232  0.039155463967  0.042373895942  0.039155463967  0.045584489857  0.043424788622  0.038109657594  0.065228104778  0.047785162669  0.069729848832  0.051025570383  0.038133665667  0.044624794014  
galgal4    0.015182082683  0.043451400356  0.000000000000  0.025455692768  0.015173236763  0.023406806643  0.016191937369  0.019282696563  0.016191937369  0.023419661956  0.020306145222  0.015173236763  0.041298745235  0.025523057300  0.049966437861  0.027601893892  0.015182082683  0.021400400282  
phasianus_colchicus 0.019257433894  0.049813928795  0.025455692768  0.000000000000  0.011083414932  0.019257433894  0.012098455843  0.014137582402  0.012098455843  0.019264245835  0.016180046722  0.011083414932  0.039094920983  0.023395570777  0.047695886967  0.025465910961  0.019257433894  0.025491235572  
syrmaticus_reevesii 0.008047580704  0.038109657594  0.015173236763  0.011083414932  0.000000000000  0.008047580704  0.001000756017  0.004012955855  0.001000756017  0.008052064295  0.005018253141  0.000000000000  0.027568794392  0.012117692456  0.036022917677  0.014156093107  0.008047580704  0.014176369483  
catreus_wallichi 0.016191937369  0.045557156232  0.023406806643  0.019257433894  0.008047580704  0.000000000000  0.009057982601  0.012110507848  0.009057982601  0.016200279499  0.013125558294  0.008047580704  0.035957940518  0.020317277748  0.044531268806  0.022379633124  0.016191937369  0.022407951973  
crossoptilon_crossoptilon 0.009057982601  0.039155463967  0.016191937369  0.012098455843  0.001000756017  0.009057982601  0.000000000000  0.003009180061  0.000000000000  0.007043703766  0.004012955855  0.001000756017  0.028602415253  0.013132237782  0.037065477347  0.015173236763  0.009057982601  0.015192517065  
lophura_nycthemera 0.012110507848  0.042373895942  0.019282696563  0.014137582402  0.004012955855  0.012110507848  0.003009180061  0.000000000000  0.003009180061  0.010093229590  0.007043703766  0.004012955855  0.031759035168  0.016210215426  0.040277022300  0.018260816694  0.012110507848  0.018286671483  
lophura_inornata 0.009057982601  0.039155463967  0.016191937369  0.012098455843  0.001000756017  0.009057982601  0.000000000000  0.003009180061  0.000000000000  0.007043703766  0.004012955855  0.001000756017  0.028602415253  0.013132237782  0.037065477347  0.015173236763  0.009057982601  0.015192517065  
syrmaticus_ellioti 0.016200279499  0.045584489857  0.023419661956  0.019264245835  0.008052064295  0.016200279499  0.007043703766  0.010093229590  0.007043703766  0.000000000000  0.011104691457  0.008052064295  0.035977942185  0.020330016471  0.044560765410  0.022392987068  0.016200279499  0.022424524837  
lophura_swinhoii 0.013125558294  0.043424788622  0.020306145222  0.016180046722  0.005018253141  0.013125558294  0.004012955855  0.007043703766  0.004012955855  0.011104691457  0.000000000000  0.005018253141  0.032797580791  0.017229469810  0.041324642370  0.019282696563  0.013125558294  0.019307562668  
chrysolophus_pictus 0.008047580704  0.038109657594  0.015173236763  0.011083414932  0.000000000000  0.008047580704  0.001000756017  0.004012955855  0.001000756017  0.008052064295  0.005018253141  0.000000000000  0.027568794392  0.012117692456  0.036022917677  0.014156093107  0.008047580704  0.014176369483  
melgal2    0.033874751823  0.065228104778  0.041298745235  0.039094920983  0.027568794392  0.035957940518  0.028602415253  0.031759035168  0.028602415253  0.035977942185  0.032797580791  0.027568794392  0.000000000000  0.023434133661  0.063075116071  0.040250645741  0.033874751823  0.040305064637  
tragopan_blythii 0.018272946362  0.047785162669  0.025523057300  0.023395570777  0.012117692456  0.020317277748  0.013132237782  0.016210215426  0.013132237782  0.020330016471  0.017229469810  0.012117692456  0.023434133661  0.000000000000  0.046763669830  0.024494697274  0.018272946362  0.022442702686  
cyrtonyx_montezumae 0.042429753448  0.069729848832  0.049966437861  0.047695886967  0.036022917677  0.044531268806  0.037065477347  0.040277022300  0.037065477347  0.044560765410  0.041324642370  0.036022917677  0.063075116071  0.046763669830  0.000000000000  0.047818306521  0.042429753448  0.046798959397  
lophophorus_impejanus 0.020330016471  0.051025570383  0.027601893892  0.025465910961  0.014156093107  0.022379633124  0.015173236763  0.018260816694  0.015173236763  0.022392987068  0.019282696563  0.014156093107  0.040250645741  0.024494697274  0.047818306521  0.000000000000  0.020330016471  0.026611419327  
perdix_dauuricae 0.008052064295  0.038133665667  0.015182082683  0.019257433894  0.008047580704  0.016191937369  0.009057982601  0.012110507848  0.009057982601  0.016200279499  0.013125558294  0.008047580704  0.033874751823  0.018272946362  0.042429753448  0.020330016471  0.000000000000  0.014188879429  
alectoris_rufa 0.014188879429  0.044624794014  0.021400400282  0.025491235572  0.014176369483  0.022407951973  0.015192517065  0.018286671483  0.015192517065  0.022424524837  0.019307562668  0.014176369483  0.040305064637  0.022442702686  0.046798959397  0.026611419327  0.014188879429  0.000000000000  

