18
rollulus_rouloul 0.000000000000  0.000000000000  0.002004156765  0.016213495443  0.009085000509  0.012139384718  0.008067066778  0.010094959885  0.010094959885  0.016239135270  0.021407600427  0.015238120028  0.015238120028  0.015238120028  0.015238120028  0.005026088358  0.004016673314  0.000000000000  
galgal4    0.000000000000  0.000000000000  0.002004156765  0.016213495443  0.009085000509  0.012139384718  0.008067066778  0.010094959885  0.010094959885  0.016239135270  0.021407600427  0.015238120028  0.015238120028  0.015238120028  0.015238120028  0.005026088358  0.004016673314  0.000000000000  
cyrtonyx_montezumae 0.002004156765  0.002004156765  0.000000000000  0.018277379697  0.011127333648  0.014192509373  0.010105086426  0.012139384718  0.012139384718  0.018307590509  0.023496127527  0.017306722484  0.017306722484  0.017306722484  0.017306722484  0.007051276169  0.006037619679  0.002004156765  
perdix_dauuricae 0.016213495443  0.016213495443  0.018277379697  0.000000000000  0.009058643015  0.012106162542  0.008045127913  0.010070649263  0.010070649263  0.015168036762  0.021346547563  0.015184854644  0.015184854644  0.015184854644  0.015184854644  0.013134128942  0.012112025515  0.016213495443  
chrysolophus_pictus 0.009085000509  0.009085000509  0.011127333648  0.009058643015  0.000000000000  0.005021479995  0.001001037753  0.003006932411  0.003006932411  0.009068587505  0.014168139957  0.008067066778  0.008067066778  0.008067066778  0.008067066778  0.006037619679  0.005026088358  0.009085000509  
lophophorus_impejanus 0.012139384718  0.012139384718  0.014192509373  0.012106162542  0.005021479995  0.000000000000  0.004013154755  0.006027821184  0.006027821184  0.012119518855  0.017244333991  0.011116089434  0.011116089434  0.011116089434  0.011116089434  0.009075986923  0.008059161457  0.012139384718  
syrmaticus_reevesii 0.008067066778  0.008067066778  0.010105086426  0.008045127913  0.001001037753  0.004013154755  0.000000000000  0.002002804212  0.002002804212  0.008052867894  0.013142742089  0.007051276169  0.007051276169  0.007051276169  0.007051276169  0.005026088358  0.004016673314  0.008067066778  
phasianus_colchicus 0.010094959885  0.010094959885  0.012139384718  0.010070649263  0.003006932411  0.006027821184  0.002002804212  0.000000000000  0.000000000000  0.006031916941  0.015184854644  0.009075986923  0.009075986923  0.009075986923  0.009075986923  0.007044474455  0.006031916941  0.010094959885  
melgal2    0.010094959885  0.010094959885  0.012139384718  0.010070649263  0.003006932411  0.006027821184  0.002002804212  0.000000000000  0.000000000000  0.006031916941  0.015184854644  0.009075986923  0.009075986923  0.009075986923  0.009075986923  0.007044474455  0.006031916941  0.010094959885  
syrmaticus_ellioti 0.016239135270  0.016239135270  0.018307590509  0.015168036762  0.009068587505  0.012119518855  0.008052867894  0.006031916941  0.006031916941  0.000000000000  0.021373762138  0.015208223597  0.015208223597  0.015208223597  0.015208223597  0.013152985073  0.012128639576  0.016239135270  
catreus_wallichi 0.021407600427  0.021407600427  0.023496127527  0.021346547563  0.014168139957  0.017244333991  0.013142742089  0.015184854644  0.015184854644  0.021373762138  0.000000000000  0.006025335386  0.006025335386  0.006025335386  0.006025335386  0.018291663925  0.017257474294  0.021407600427  
lophura_swinhoii 0.015238120028  0.015238120028  0.017306722484  0.015184854644  0.008067066778  0.011116089434  0.007051276169  0.009075986923  0.009075986923  0.015208223597  0.006025335386  0.000000000000  0.000000000000  0.000000000000  0.000000000000  0.012151751353  0.011127333648  0.015238120028  
lophura_inornata 0.015238120028  0.015238120028  0.017306722484  0.015184854644  0.008067066778  0.011116089434  0.007051276169  0.009075986923  0.009075986923  0.015208223597  0.006025335386  0.000000000000  0.000000000000  0.000000000000  0.000000000000  0.012151751353  0.011127333648  0.015238120028  
crossoptilon_crossoptilon 0.015238120028  0.015238120028  0.017306722484  0.015184854644  0.008067066778  0.011116089434  0.007051276169  0.009075986923  0.009075986923  0.015208223597  0.006025335386  0.000000000000  0.000000000000  0.000000000000  0.000000000000  0.012151751353  0.011127333648  0.015238120028  
lophura_nycthemera 0.015238120028  0.015238120028  0.017306722484  0.015184854644  0.008067066778  0.011116089434  0.007051276169  0.009075986923  0.009075986923  0.015208223597  0.006025335386  0.000000000000  0.000000000000  0.000000000000  0.000000000000  0.012151751353  0.011127333648  0.015238120028  
tragopan_blythii 0.005026088358  0.005026088358  0.007051276169  0.013134128942  0.006037619679  0.009075986923  0.005026088358  0.007044474455  0.007044474455  0.013152985073  0.018291663925  0.012151751353  0.012151751353  0.012151751353  0.012151751353  0.000000000000  0.001001037753  0.005026088358  
pavo_cristatus 0.004016673314  0.004016673314  0.006037619679  0.012112025515  0.005026088358  0.008059161457  0.004016673314  0.006031916941  0.006031916941  0.012128639576  0.017257474294  0.011127333648  0.011127333648  0.011127333648  0.011127333648  0.001001037753  0.000000000000  0.004016673314  
alectoris_rufa 0.000000000000  0.000000000000  0.002004156765  0.016213495443  0.009085000509  0.012139384718  0.008067066778  0.010094959885  0.010094959885  0.016239135270  0.021407600427  0.015238120028  0.015238120028  0.015238120028  0.015238120028  0.005026088358  0.004016673314  0.000000000000  

