18
galgal4    0.000000000000  0.024501684252  0.086875327518  0.019327219455  0.016224925845  0.026578691559  0.022413549719  0.030731084213  0.022413549719  0.025512792412  0.026560177939  0.022413549719  0.031808624097  0.019298147653  0.021372852028  0.031831385744  0.035950037278  0.029761788967  
pavo_cristatus 0.024501684252  0.000000000000  0.084480749241  0.017243740648  0.015184419694  0.025512792412  0.021358488459  0.028609212410  0.021358488459  0.024453152873  0.025497113475  0.021358488459  0.031787545713  0.018253187252  0.020321172165  0.032868593176  0.036994737207  0.027629524558  
cyrtonyx_montezumae 0.086875327518  0.084480749241  0.000000000000  0.076514471472  0.076514471472  0.085584166723  0.083319589235  0.092421923920  0.083319589235  0.086689376779  0.087856048863  0.083319589235  0.094847275555  0.079852735166  0.081120800157  0.092687840176  0.099261903056  0.090328718179  
rollulus_rouloul 0.019327219455  0.017243740648  0.076514471472  0.000000000000  0.010086235213  0.020334387862  0.016212984621  0.024453152873  0.016212984621  0.019286074920  0.020321172165  0.016212984621  0.026560177939  0.013133826018  0.015184419694  0.027629524558  0.031734440028  0.022430716828  
perdix_dauuricae 0.016224925845  0.015184419694  0.076514471472  0.010086235213  0.000000000000  0.010079379223  0.006027760372  0.014143544967  0.006027760372  0.009058526789  0.010074138273  0.006027760372  0.016202676028  0.003006088548  0.007039192217  0.019311863483  0.023389712253  0.020349249182  
phasianus_colchicus 0.026578691559  0.025512792412  0.085584166723  0.020334387862  0.010079379223  0.000000000000  0.004013123763  0.012105946181  0.004013123763  0.007035630491  0.008048087489  0.004013123763  0.020349249182  0.011098231859  0.017232301151  0.029716006746  0.033830458841  0.030772540238  
crossoptilon_crossoptilon 0.022413549719  0.021358488459  0.083319589235  0.016212984621  0.006027760372  0.004013123763  0.000000000000  0.008045042559  0.000000000000  0.003006088548  0.004011217293  0.000000000000  0.016224925845  0.007039192217  0.013133826018  0.025530135755  0.029630915096  0.026578691559  
lophura_inornata 0.030731084213  0.028609212410  0.092421923920  0.024453152873  0.014143544967  0.012105946181  0.008045042559  0.000000000000  0.008045042559  0.011084058478  0.012101739361  0.008045042559  0.024467669178  0.015167687867  0.021334717727  0.033885630200  0.038024727876  0.034947853591  
chrysolophus_pictus 0.022413549719  0.021358488459  0.083319589235  0.016212984621  0.006027760372  0.004013123763  0.000000000000  0.008045042559  0.000000000000  0.003006088548  0.004011217293  0.000000000000  0.016224925845  0.007039192217  0.013133826018  0.025530135755  0.029630915096  0.026578691559  
catreus_wallichi 0.025512792412  0.024453152873  0.086689376779  0.019286074920  0.009058526789  0.007035630491  0.003006088548  0.011084058478  0.003006088548  0.000000000000  0.007033676689  0.003006088548  0.019298147653  0.010074138273  0.016194003049  0.028642578012  0.032760341965  0.029695626589  
lophura_nycthemera 0.026560177939  0.025497113475  0.087856048863  0.020321172165  0.010074138273  0.008048087489  0.004011217293  0.012101739361  0.004011217293  0.007033676689  0.000000000000  0.004011217293  0.020334387862  0.011091885960  0.017222499746  0.029695626589  0.033815471855  0.029695626589  
syrmaticus_reevesii 0.022413549719  0.021358488459  0.083319589235  0.016212984621  0.006027760372  0.004013123763  0.000000000000  0.008045042559  0.000000000000  0.003006088548  0.004011217293  0.000000000000  0.016224925845  0.007039192217  0.013133826018  0.025530135755  0.029630915096  0.026578691559  
syrmaticus_ellioti 0.031808624097  0.031787545713  0.094847275555  0.026560177939  0.016202676028  0.020349249182  0.016224925845  0.024467669178  0.016224925845  0.019298147653  0.020334387862  0.016224925845  0.000000000000  0.017232301151  0.023424798484  0.036036610429  0.038041079231  0.037104732485  
lophura_swinhoii 0.019298147653  0.018253187252  0.079852735166  0.013133826018  0.003006088548  0.011098231859  0.007039192217  0.015167687867  0.007039192217  0.010074138273  0.011091885960  0.007039192217  0.017232301151  0.000000000000  0.010074138273  0.022398033337  0.026492675267  0.023439816396  
lophophorus_impejanus 0.021372852028  0.020321172165  0.081120800157  0.015184419694  0.007039192217  0.017232301151  0.013133826018  0.021334717727  0.013133826018  0.016194003049  0.017222499746  0.013133826018  0.023424798484  0.010074138273  0.000000000000  0.020349249182  0.028582571986  0.025530135755  
melgal2    0.031831385744  0.032868593176  0.092687840176  0.027629524558  0.019311863483  0.029716006746  0.025530135755  0.033885630200  0.025530135755  0.028642578012  0.029695626589  0.025530135755  0.036036610429  0.022398033337  0.020349249182  0.000000000000  0.041266515730  0.038203550768  
tragopan_blythii 0.035950037278  0.036994737207  0.099261903056  0.031734440028  0.023389712253  0.033830458841  0.029630915096  0.038024727876  0.029630915096  0.032760341965  0.033815471855  0.029630915096  0.038041079231  0.026492675267  0.028582571986  0.041266515730  0.000000000000  0.042340379150  
alectoris_rufa 0.029761788967  0.027629524558  0.090328718179  0.022430716828  0.020349249182  0.030772540238  0.026578691559  0.034947853591  0.026578691559  0.029695626589  0.029695626589  0.026578691559  0.037104732485  0.023439816396  0.025530135755  0.038203550768  0.042340379150  0.000000000000  

