18
pavo_cristatus 0.000000000000  0.052544975867  0.031858062656  0.082809708392  0.055728150158  0.065814568234  0.056899543857  0.053604355010  0.053604355010  0.059144464616  0.061400278156  0.060271003186  0.063603896220  0.059087146263  0.058020649218  0.053604355010  0.060155340329  0.040365956322  
rollulus_rouloul 0.052544975867  0.000000000000  0.060212226486  0.101785185307  0.080776942830  0.091375637544  0.082037012012  0.078593959954  0.078593959954  0.084401413808  0.086777901853  0.085588139332  0.089072909550  0.084314245896  0.083217709817  0.078593959954  0.085412552368  0.066890880131  
galgal4    0.031858062656  0.060212226486  0.000000000000  0.065691775487  0.040472114883  0.050276854504  0.045966813335  0.038384818169  0.038384818169  0.043776856076  0.045966813335  0.044870545225  0.048118485655  0.043733743902  0.042685733780  0.038384818169  0.044783403928  0.044597706948  
cyrtonyx_montezumae 0.082809708392  0.101785185307  0.065691775487  0.000000000000  0.057910798157  0.066890880131  0.063603896220  0.055781135494  0.055781135494  0.061340036021  0.063603896220  0.062470588142  0.065814568234  0.061281688228  0.062470588142  0.055781135494  0.062352855708  0.094263481744  
melgal2    0.055728150158  0.080776942830  0.040472114883  0.057910798157  0.000000000000  0.013129851152  0.009064282673  0.002003077353  0.002003077353  0.007036383968  0.009064282673  0.008049227624  0.011094124235  0.007034189480  0.008049227624  0.002003077353  0.010071789050  0.070130179708  
tragopan_blythii 0.065814568234  0.091375637544  0.050276854504  0.066890880131  0.013129851152  0.000000000000  0.018285456503  0.011101065722  0.011101065722  0.016219414313  0.018285456503  0.017251287726  0.020344541096  0.016208161807  0.017251287726  0.011101065722  0.019293803825  0.080467195500  
lophophorus_impejanus 0.056899543857  0.082037012012  0.045966813335  0.063603896220  0.009064282673  0.018285456503  0.000000000000  0.007045908942  0.007045908942  0.012132681452  0.014185359144  0.013157887415  0.014173069763  0.012122813270  0.013157887415  0.007045908942  0.015189826099  0.072489383175  
syrmaticus_ellioti 0.053604355010  0.078593959954  0.038384818169  0.055781135494  0.002003077353  0.011101065722  0.007045908942  0.000000000000  0.000000000000  0.005022115725  0.007045908942  0.006032911110  0.009070558769  0.005018851774  0.006032911110  0.000000000000  0.008049227624  0.067968915357  
syrmaticus_reevesii 0.053604355010  0.078593959954  0.038384818169  0.055781135494  0.002003077353  0.011101065722  0.007045908942  0.000000000000  0.000000000000  0.005022115725  0.007045908942  0.006032911110  0.009070558769  0.005018851774  0.006032911110  0.000000000000  0.008049227624  0.067968915357  
chrysolophus_pictus 0.059144464616  0.084401413808  0.043776856076  0.061340036021  0.007036383968  0.016219414313  0.012132681452  0.005022115725  0.005022115725  0.000000000000  0.004017307076  0.003009721192  0.006032911110  0.004013513232  0.003009721192  0.005022115725  0.013137464934  0.073641966320  
lophura_swinhoii 0.061400278156  0.086777901853  0.045966813335  0.063603896220  0.009064282673  0.018285456503  0.014185359144  0.007045908942  0.007045908942  0.004017307076  0.000000000000  0.005027081429  0.008061118841  0.006032911110  0.005027081429  0.007045908942  0.015189826099  0.075955740536  
crossoptilon_crossoptilon 0.060271003186  0.085588139332  0.044870545225  0.062470588142  0.008049227624  0.017251287726  0.013157887415  0.006032911110  0.006032911110  0.003009721192  0.005027081429  0.000000000000  0.007045908942  0.005022115725  0.004017307076  0.006032911110  0.014162512984  0.074797414016  
lophura_nycthemera 0.063603896220  0.089072909550  0.048118485655  0.065814568234  0.011094124235  0.020344541096  0.014173069763  0.009070558769  0.009070558769  0.006032911110  0.008061118841  0.007045908942  0.000000000000  0.008054316811  0.007045908942  0.009070558769  0.017238811537  0.078207773904  
catreus_wallichi 0.059087146263  0.084314245896  0.043733743902  0.061281688228  0.007034189480  0.016208161807  0.012122813270  0.005018851774  0.005018851774  0.004013513232  0.006032911110  0.005022115725  0.008054316811  0.000000000000  0.005022115725  0.005018851774  0.013129851152  0.073574835080  
lophura_inornata 0.058020649218  0.083217709817  0.042685733780  0.062470588142  0.008049227624  0.017251287726  0.013157887415  0.006032911110  0.006032911110  0.003009721192  0.005027081429  0.004017307076  0.007045908942  0.005022115725  0.000000000000  0.006032911110  0.014162512984  0.072489383175  
phasianus_colchicus 0.053604355010  0.078593959954  0.038384818169  0.055781135494  0.002003077353  0.011101065722  0.007045908942  0.000000000000  0.000000000000  0.005022115725  0.007045908942  0.006032911110  0.009070558769  0.005018851774  0.006032911110  0.000000000000  0.008049227624  0.067968915357  
perdix_dauuricae 0.060155340329  0.085412552368  0.044783403928  0.062352855708  0.010071789050  0.019293803825  0.015189826099  0.008049227624  0.008049227624  0.013137464934  0.015189826099  0.014162512984  0.017238811537  0.013129851152  0.014162512984  0.008049227624  0.000000000000  0.074662037414  
alectoris_rufa 0.040365956322  0.066890880131  0.044597706948  0.094263481744  0.070130179708  0.080467195500  0.072489383175  0.067968915357  0.067968915357  0.073641966320  0.075955740536  0.074797414016  0.078207773904  0.073574835080  0.072489383175  0.067968915357  0.074662037414  0.000000000000  

