18
galgal4    0.000000000000  0.026551894380  0.013161358006  0.007050116559  0.024493623819  0.021418008376  0.009083072936  0.013161358006  0.012148295778  0.011124438103  0.010102700075  0.010102700075  0.013174281912  0.017266690288  0.022423572526  0.011113668572  0.042488919143  0.022392209623  
rollulus_rouloul 0.026551894380  0.000000000000  0.033916439933  0.029704937953  0.047781453104  0.044621178804  0.031818213974  0.036045640740  0.035005192204  0.033940577838  0.032878255043  0.032878255043  0.036072108047  0.040302262129  0.045640758370  0.033916439933  0.064232342994  0.045581364798  
lophophorus_impejanus 0.013161358006  0.033916439933  0.000000000000  0.008057976748  0.023433259203  0.020359459834  0.010093001051  0.014175957582  0.013161358006  0.012136451295  0.011113668572  0.011113668572  0.014188397546  0.018286018898  0.023449255196  0.012126170125  0.043537901194  0.023418866922  
pavo_cristatus 0.007050116559  0.029704937953  0.008057976748  0.000000000000  0.017229032167  0.014175957582  0.002004063399  0.006031309185  0.005025499981  0.004016297789  0.003009155058  0.003009155058  0.006036770074  0.010084860843  0.015181722698  0.004012930009  0.037113695759  0.017219648740  
melgal2    0.024493623819  0.047781453104  0.023433259203  0.017229032167  0.000000000000  0.029704937953  0.019293741370  0.023433259203  0.022407091904  0.021367124650  0.020329344198  0.020329344198  0.023449255196  0.027600672282  0.032833925344  0.021353351394  0.053214274067  0.034913824501  
tragopan_blythii 0.021418008376  0.044621178804  0.020359459834  0.014175957582  0.029704937953  0.000000000000  0.016234293934  0.020359459834  0.019337984526  0.018301250788  0.017266690288  0.017266690288  0.020376900653  0.023466851915  0.029726098011  0.018286018898  0.052230198924  0.031796385489  
syrmaticus_ellioti 0.009083072936  0.031818213974  0.010093001051  0.002004063399  0.019293741370  0.016234293934  0.000000000000  0.004012930009  0.003009155058  0.002004063399  0.001001014475  0.001001014475  0.004016297789  0.008051959892  0.013131991588  0.002002771703  0.037113695759  0.019282172225  
catreus_wallichi 0.013161358006  0.036045640740  0.014175957582  0.006031309185  0.023433259203  0.020359459834  0.004012930009  0.000000000000  0.007043602666  0.006031309185  0.005021087788  0.005021087788  0.008057976748  0.012117455220  0.017229032167  0.006027398287  0.041378453192  0.022378928676  
syrmaticus_reevesii 0.012148295778  0.035005192204  0.013161358006  0.005025499981  0.022407091904  0.019337984526  0.003009155058  0.007043602666  0.000000000000  0.003009155058  0.002004063399  0.002004063399  0.005025499981  0.011104460098  0.016209789457  0.005021087788  0.040331799523  0.022392209623  
lophura_inornata 0.011124438103  0.033940577838  0.012136451295  0.004016297789  0.021367124650  0.018301250788  0.002004063399  0.006031309185  0.003009155058  0.000000000000  0.001001014475  0.001001014475  0.004016297789  0.010084860843  0.015181722698  0.004012930009  0.039256765048  0.021353351394  
lophura_swinhoii 0.010102700075  0.032878255043  0.011113668572  0.003009155058  0.020329344198  0.017266690288  0.001001014475  0.005021087788  0.002004063399  0.001001014475  0.000000000000  0.000000000000  0.003009155058  0.009067363658  0.014155793030  0.003006827435  0.038184067172  0.020316675311  
lophura_nycthemera 0.010102700075  0.032878255043  0.011113668572  0.003009155058  0.020329344198  0.017266690288  0.001001014475  0.005021087788  0.002004063399  0.001001014475  0.000000000000  0.000000000000  0.003009155058  0.009067363658  0.014155793030  0.003006827435  0.038184067172  0.020316675311  
chrysolophus_pictus 0.013174281912  0.036072108047  0.014188397546  0.006036770074  0.023449255196  0.020376900653  0.004016297789  0.008057976748  0.005025499981  0.004016297789  0.003009155058  0.003009155058  0.000000000000  0.012126170125  0.017240002231  0.006031309185  0.041409180799  0.023433259203  
phasianus_colchicus 0.017266690288  0.040302262129  0.018286018898  0.010084860843  0.027600672282  0.023466851915  0.008051959892  0.012117455220  0.011104460098  0.010084860843  0.009067363658  0.009067363658  0.012126170125  0.000000000000  0.021353351394  0.010078282419  0.045672964432  0.026535753702  
perdix_dauuricae 0.022423572526  0.045640758370  0.023449255196  0.015181722698  0.032833925344  0.029726098011  0.013131991588  0.017229032167  0.016209789457  0.015181722698  0.014155793030  0.014155793030  0.017240002231  0.021353351394  0.000000000000  0.011096815641  0.051056312304  0.031757619209  
crossoptilon_crossoptilon 0.011113668572  0.033916439933  0.012126170125  0.004012930009  0.021353351394  0.018286018898  0.002002771703  0.006027398287  0.005021087788  0.004012930009  0.003006827435  0.003006827435  0.006031309185  0.010078282419  0.011096815641  0.000000000000  0.039228412690  0.021341177111  
cyrtonyx_montezumae 0.042488919143  0.064232342994  0.043537901194  0.037113695759  0.053214274067  0.052230198924  0.037113695759  0.041378453192  0.040331799523  0.039256765048  0.038184067172  0.038184067172  0.041409180799  0.045672964432  0.051056312304  0.039228412690  0.000000000000  0.055378761627  
alectoris_rufa 0.022392209623  0.045581364798  0.023418866922  0.017219648740  0.034913824501  0.031796385489  0.019282172225  0.022378928676  0.022392209623  0.021353351394  0.020316675311  0.020316675311  0.023433259203  0.026535753702  0.031757619209  0.021341177111  0.055378761627  0.000000000000  

