18
phasianus_colchicus 0.000000000000  0.000000000000  0.005026389955  0.004016865796  0.004016865796  0.004016865796  0.017310329782  0.000000000000  0.001001049682  0.000000000000  0.000000000000  0.003009473679  0.004013258013  0.004013258013  0.004013258013  0.006032210221  0.013180434228  0.012153523252  
perdix_dauuricae 0.000000000000  0.000000000000  0.005026389955  0.004016865796  0.004016865796  0.004016865796  0.017310329782  0.000000000000  0.001001049682  0.000000000000  0.000000000000  0.003009473679  0.004013258013  0.004013258013  0.004013258013  0.006032210221  0.013180434228  0.012153523252  
galgal4    0.005026389955  0.005026389955  0.000000000000  0.009085988758  0.009085988758  0.009085988758  0.022523495805  0.005026389955  0.006038055201  0.005026389955  0.005026389955  0.008067845413  0.009076752149  0.009076752149  0.009076752149  0.011117296368  0.018348414956  0.017310329782  
melgal2    0.004016865796  0.004016865796  0.009085988758  0.000000000000  0.000000000000  0.000000000000  0.013180434228  0.004016865796  0.005026389955  0.004016865796  0.004016865796  0.007051870634  0.008059744165  0.008059744165  0.008059744165  0.010095933114  0.017310329782  0.016274498860  
syrmaticus_reevesii 0.004016865796  0.004016865796  0.009085988758  0.000000000000  0.000000000000  0.000000000000  0.013180434228  0.004016865796  0.005026389955  0.004016865796  0.004016865796  0.007051870634  0.008059744165  0.008059744165  0.008059744165  0.010095933114  0.017310329782  0.016274498860  
syrmaticus_ellioti 0.004016865796  0.004016865796  0.009085988758  0.000000000000  0.000000000000  0.000000000000  0.013180434228  0.004016865796  0.005026389955  0.004016865796  0.004016865796  0.007051870634  0.008059744165  0.008059744165  0.008059744165  0.010095933114  0.017310329782  0.016274498860  
cyrtonyx_montezumae 0.017310329782  0.017310329782  0.022523495805  0.013180434228  0.013180434228  0.013180434228  0.000000000000  0.017310329782  0.018348414956  0.017310329782  0.017310329782  0.020431387457  0.019367901464  0.019367901464  0.019367901464  0.023547344501  0.030984913650  0.029918991615  
lophophorus_impejanus 0.000000000000  0.000000000000  0.005026389955  0.004016865796  0.004016865796  0.004016865796  0.017310329782  0.000000000000  0.001001049682  0.000000000000  0.000000000000  0.003009473679  0.004013258013  0.004013258013  0.004013258013  0.006032210221  0.013180434228  0.012153523252  
catreus_wallichi 0.001001049682  0.001001049682  0.006038055201  0.005026389955  0.005026389955  0.005026389955  0.018348414956  0.001001049682  0.000000000000  0.001001049682  0.001001049682  0.004016865796  0.005021665943  0.005021665943  0.005021665943  0.007044899919  0.014209560757  0.013180434228  
crossoptilon_crossoptilon 0.000000000000  0.000000000000  0.005026389955  0.004016865796  0.004016865796  0.004016865796  0.017310329782  0.000000000000  0.001001049682  0.000000000000  0.000000000000  0.003009473679  0.004013258013  0.004013258013  0.004013258013  0.006032210221  0.013180434228  0.012153523252  
chrysolophus_pictus 0.000000000000  0.000000000000  0.005026389955  0.004016865796  0.004016865796  0.004016865796  0.017310329782  0.000000000000  0.001001049682  0.000000000000  0.000000000000  0.003009473679  0.004013258013  0.004013258013  0.004013258013  0.006032210221  0.013180434228  0.012153523252  
rollulus_rouloul 0.003009473679  0.003009473679  0.008067845413  0.007051870634  0.007051870634  0.007051870634  0.020431387457  0.003009473679  0.004016865796  0.003009473679  0.003009473679  0.000000000000  0.007044899919  0.007044899919  0.007044899919  0.009076752149  0.016274498860  0.015240912420  
lophura_nycthemera 0.004013258013  0.004013258013  0.009076752149  0.008059744165  0.008059744165  0.008059744165  0.019367901464  0.004013258013  0.005021665943  0.004013258013  0.004013258013  0.007044899919  0.000000000000  0.000000000000  0.000000000000  0.010087203717  0.017291832674  0.016257176881  
lophura_inornata 0.004013258013  0.004013258013  0.009076752149  0.008059744165  0.008059744165  0.008059744165  0.019367901464  0.004013258013  0.005021665943  0.004013258013  0.004013258013  0.007044899919  0.000000000000  0.000000000000  0.000000000000  0.010087203717  0.017291832674  0.016257176881  
lophura_swinhoii 0.004013258013  0.004013258013  0.009076752149  0.008059744165  0.008059744165  0.008059744165  0.019367901464  0.004013258013  0.005021665943  0.004013258013  0.004013258013  0.007044899919  0.000000000000  0.000000000000  0.000000000000  0.010087203717  0.017291832674  0.016257176881  
pavo_cristatus 0.006032210221  0.006032210221  0.011117296368  0.010095933114  0.010095933114  0.010095933114  0.023547344501  0.006032210221  0.007044899919  0.006032210221  0.006032210221  0.009076752149  0.010087203717  0.010087203717  0.010087203717  0.000000000000  0.019367901464  0.018328737602  
tragopan_blythii 0.013180434228  0.013180434228  0.018348414956  0.017310329782  0.017310329782  0.017310329782  0.030984913650  0.013180434228  0.014209560757  0.013180434228  0.013180434228  0.016274498860  0.017291832674  0.017291832674  0.017291832674  0.019367901464  0.000000000000  0.019388764215  
alectoris_rufa 0.012153523252  0.012153523252  0.017310329782  0.016274498860  0.016274498860  0.016274498860  0.029918991615  0.012153523252  0.013180434228  0.012153523252  0.012153523252  0.015240912420  0.016257176881  0.016257176881  0.016257176881  0.018328737602  0.019388764215  0.000000000000  

