18
galgal4    0.000000000000  0.016221731591  0.030834199395  0.090585980372  0.016221731591  0.016221731591  0.016221731591  0.018272932968  0.017240488483  0.017253112050  0.018272932968  0.018286658236  0.021400382583  0.025582894813  0.025541370581  0.028718266807  0.013140494282  0.058882402518  
pavo_cristatus 0.016221731591  0.000000000000  0.030861515489  0.090660823384  0.015204528146  0.015204528146  0.015204528146  0.017253112050  0.016221731591  0.016234846771  0.017253112050  0.017267326660  0.020377825066  0.024555971838  0.024513496147  0.027687554731  0.013150338629  0.058931492885  
cyrtonyx_montezumae 0.030834199395  0.030861515489  0.000000000000  0.097722202909  0.024533930075  0.024533930075  0.024533930075  0.026611391460  0.025561326086  0.025582894813  0.026611391460  0.026634099835  0.029801252813  0.034056076323  0.033996061026  0.037237127801  0.021400382583  0.066752693558  
rollulus_rouloul 0.090585980372  0.090660823384  0.097722202909  0.000000000000  0.085954471207  0.085954471207  0.085954471207  0.088230047909  0.087056296973  0.087126847122  0.088230047909  0.088302022175  0.089480009764  0.091844476626  0.091693728824  0.097722202909  0.082454005734  0.129420705845  
crossoptilon_crossoptilon 0.016221731591  0.015204528146  0.024533930075  0.085954471207  0.000000000000  0.000000000000  0.000000000000  0.002002775746  0.001000756261  0.001001017216  0.002002775746  0.002004074395  0.005025569270  0.009083299905  0.009067501237  0.012136789474  0.003009179866  0.052276652606  
phasianus_colchicus 0.016221731591  0.015204528146  0.024533930075  0.085954471207  0.000000000000  0.000000000000  0.000000000000  0.002002775746  0.001000756261  0.001001017216  0.002002775746  0.002004074395  0.005025569270  0.009083299905  0.009067501237  0.012136789474  0.003009179866  0.052276652606  
lophura_swinhoii 0.016221731591  0.015204528146  0.024533930075  0.085954471207  0.000000000000  0.000000000000  0.000000000000  0.002002775746  0.001000756261  0.001001017216  0.002002775746  0.002004074395  0.005025569270  0.009083299905  0.009067501237  0.012136789474  0.003009179866  0.052276652606  
lophura_inornata 0.018272932968  0.017253112050  0.026611391460  0.088230047909  0.002002775746  0.002002775746  0.002002775746  0.000000000000  0.003006052203  0.003006839284  0.004011124122  0.004012955231  0.007043701868  0.011113947165  0.011097000160  0.014176361756  0.005021131996  0.054440957487  
syrmaticus_ellioti 0.017240488483  0.016221731591  0.025561326086  0.087056296973  0.001000756261  0.001000756261  0.001000756261  0.003006052203  0.000000000000  0.002002775746  0.003006052203  0.003006839284  0.006031378038  0.010093226002  0.010078425824  0.013150338629  0.004012955231  0.053336830245  
chrysolophus_pictus 0.017253112050  0.016234846771  0.025582894813  0.087126847122  0.001001017216  0.001001017216  0.001001017216  0.003006839284  0.002002775746  0.000000000000  0.003006839284  0.003009179866  0.006036870122  0.010102981058  0.010085039931  0.013161761764  0.004016342013  0.053379563031  
catreus_wallichi 0.018272932968  0.017253112050  0.026611391460  0.088230047909  0.002002775746  0.002002775746  0.002002775746  0.004011124122  0.003006052203  0.003006839284  0.000000000000  0.004012955231  0.007043701868  0.011113947165  0.011097000160  0.014176361756  0.005021131996  0.054440957487  
lophura_nycthemera 0.018286658236  0.017267326660  0.026634099835  0.088302022175  0.002004074395  0.002004074395  0.002004074395  0.004012955231  0.003006839284  0.003009179866  0.004012955231  0.000000000000  0.007050253109  0.011124779031  0.011104686550  0.014188872923  0.005025569270  0.054484950361  
melgal2    0.021400382583  0.020377825066  0.029801252813  0.089480009764  0.005025569270  0.005025569270  0.005025569270  0.007043701868  0.006031378038  0.006036870122  0.007043701868  0.007050253109  0.000000000000  0.006036870122  0.006027446008  0.009074617206  0.008065726822  0.057816085670  
lophophorus_impejanus 0.025582894813  0.024555971838  0.034056076323  0.091844476626  0.009083299905  0.009083299905  0.009083299905  0.011113947165  0.010093226002  0.010102981058  0.011113947165  0.011124779031  0.006036870122  0.000000000000  0.010085039931  0.013161761764  0.012148702633  0.062292961262  
perdix_dauuricae 0.025541370581  0.024513496147  0.033996061026  0.091693728824  0.009067501237  0.009067501237  0.009067501237  0.011097000160  0.010078425824  0.010085039931  0.011097000160  0.011104686550  0.006027446008  0.010085039931  0.000000000000  0.013140494282  0.012126449848  0.062188735331  
tragopan_blythii 0.028718266807  0.027687554731  0.037237127801  0.097722202909  0.012136789474  0.012136789474  0.012136789474  0.014176361756  0.013150338629  0.013161761764  0.014176361756  0.014188872923  0.009074617206  0.013161761764  0.013140494282  0.000000000000  0.015218131897  0.061118245161  
syrmaticus_reevesii 0.013140494282  0.013150338629  0.021400382583  0.082454005734  0.003009179866  0.003009179866  0.003009179866  0.005021131996  0.004012955231  0.004016342013  0.005021131996  0.005025569270  0.008065726822  0.012148702633  0.012126449848  0.015218131897  0.000000000000  0.048982672384  
alectoris_rufa 0.058882402518  0.058931492885  0.066752693558  0.129420705845  0.052276652606  0.052276652606  0.052276652606  0.054440957487  0.053336830245  0.053379563031  0.054440957487  0.054484950361  0.057816085670  0.062292961262  0.062188735331  0.061118245161  0.048982672384  0.000000000000  

