18
cyrtonyx_montezumae 0.000000000000  0.012109302625  0.011086095644  0.025474227382  0.024431995078  0.020300139882  0.026532372907  0.020300139882  0.023392134251  0.020300139882  0.020300139882  0.020300139882  0.037009868613  0.022373201977  0.020300139882  0.024442931711  0.006025956722  0.013148736307  
pavo_cristatus 0.012109302625  0.000000000000  0.011089711641  0.027552867923  0.026507162884  0.022363000041  0.028615261938  0.022363000041  0.025463845134  0.022363000041  0.022363000041  0.022363000041  0.039124481709  0.024442931711  0.022363000041  0.026518842003  0.006028786377  0.015192186489  
rollulus_rouloul 0.011086095644  0.011089711641  0.000000000000  0.026497338514  0.025455314418  0.021319484028  0.027552867923  0.021319484028  0.024415660852  0.021319484028  0.021319484028  0.021319484028  0.038040366860  0.023392134251  0.021319484028  0.025463845134  0.005017418979  0.014155334279  
perdix_dauuricae 0.025474227382  0.027552867923  0.026497338514  0.000000000000  0.001001095678  0.007040771892  0.013148736307  0.007040771892  0.010076560835  0.007040771892  0.007040771892  0.007040771892  0.023426593973  0.009071490612  0.007040771892  0.011102303293  0.021326573304  0.030704416648  
syrmaticus_reevesii 0.024431995078  0.026507162884  0.025455314418  0.001001095678  0.000000000000  0.006028786377  0.012124374330  0.006028786377  0.009060271578  0.006028786377  0.006028786377  0.006028786377  0.022385237003  0.008055003307  0.006028786377  0.010082512971  0.020292491727  0.029651483742  
syrmaticus_ellioti 0.020300139882  0.022363000041  0.021319484028  0.007040771892  0.006028786377  0.000000000000  0.006033380095  0.000000000000  0.003006206312  0.000000000000  0.000000000000  0.000000000000  0.016200718067  0.002004389128  0.000000000000  0.004013683061  0.016186439280  0.025486458187  
lophophorus_impejanus 0.026532372907  0.028615261938  0.027552867923  0.013148736307  0.012124374330  0.006033380095  0.000000000000  0.006033380095  0.009064993207  0.006033380095  0.006033380095  0.006033380095  0.022399102211  0.008062042653  0.006033380095  0.010090243866  0.022373201977  0.031778034578  
catreus_wallichi 0.020300139882  0.022363000041  0.021319484028  0.007040771892  0.006028786377  0.000000000000  0.006033380095  0.000000000000  0.003006206312  0.000000000000  0.000000000000  0.000000000000  0.016200718067  0.002004389128  0.000000000000  0.004013683061  0.016186439280  0.025486458187  
crossoptilon_crossoptilon 0.023392134251  0.025463845134  0.024415660852  0.010076560835  0.009060271578  0.003006206312  0.009064993207  0.003006206312  0.000000000000  0.003006206312  0.003006206312  0.003006206312  0.019275328196  0.005019036837  0.003006206312  0.007036725071  0.019260744722  0.028600971200  
chrysolophus_pictus 0.020300139882  0.022363000041  0.021319484028  0.007040771892  0.006028786377  0.000000000000  0.006033380095  0.000000000000  0.003006206312  0.000000000000  0.000000000000  0.000000000000  0.016200718067  0.002004389128  0.000000000000  0.004013683061  0.016186439280  0.025486458187  
lophura_swinhoii 0.020300139882  0.022363000041  0.021319484028  0.007040771892  0.006028786377  0.000000000000  0.006033380095  0.000000000000  0.003006206312  0.000000000000  0.000000000000  0.000000000000  0.016200718067  0.002004389128  0.000000000000  0.004013683061  0.016186439280  0.025486458187  
tragopan_blythii 0.020300139882  0.022363000041  0.021319484028  0.007040771892  0.006028786377  0.000000000000  0.006033380095  0.000000000000  0.003006206312  0.000000000000  0.000000000000  0.000000000000  0.016200718067  0.002004389128  0.000000000000  0.004013683061  0.016186439280  0.025486458187  
melgal2    0.037009868613  0.039124481709  0.038040366860  0.023426593973  0.022385237003  0.016200718067  0.022399102211  0.016200718067  0.019275328196  0.016200718067  0.016200718067  0.016200718067  0.000000000000  0.018262702831  0.016200718067  0.018252132605  0.032784041539  0.042341285069  
phasianus_colchicus 0.022373201977  0.024442931711  0.023392134251  0.009071490612  0.008055003307  0.002004389128  0.008062042653  0.002004389128  0.005019036837  0.002004389128  0.002004389128  0.002004389128  0.018262702831  0.000000000000  0.002004389128  0.006033380095  0.018243377069  0.027580686828  
lophura_inornata 0.020300139882  0.022363000041  0.021319484028  0.007040771892  0.006028786377  0.000000000000  0.006033380095  0.000000000000  0.003006206312  0.000000000000  0.000000000000  0.000000000000  0.016200718067  0.002004389128  0.000000000000  0.004013683061  0.016186439280  0.025486458187  
lophura_nycthemera 0.024442931711  0.026518842003  0.025463845134  0.011102303293  0.010082512971  0.004013683061  0.010090243866  0.004013683061  0.007036725071  0.004013683061  0.004013683061  0.004013683061  0.018252132605  0.006033380095  0.004013683061  0.000000000000  0.020300139882  0.028615261938  
galgal4    0.006025956722  0.006028786377  0.005017418979  0.021326573304  0.020292491727  0.016186439280  0.022373201977  0.016186439280  0.019260744722  0.016186439280  0.016186439280  0.016186439280  0.032784041539  0.018243377069  0.016186439280  0.020300139882  0.000000000000  0.009071490612  
alectoris_rufa 0.013148736307  0.015192186489  0.014155334279  0.030704416648  0.029651483742  0.025486458187  0.031778034578  0.025486458187  0.028600971200  0.025486458187  0.025486458187  0.025486458187  0.042341285069  0.027580686828  0.025486458187  0.028615261938  0.009071490612  0.000000000000  

