18
cyrtonyx_montezumae 0.000000000000  0.014147589733  0.017228006321  0.023393865168  0.022366078178  0.022366078178  0.024445400104  0.041225163456  0.024433519634  0.024433519634  0.022366078178  0.021339885913  0.023404652949  0.027597570370  0.019292263636  0.018248892914  0.042340197495  0.014147589733  
pavo_cristatus 0.014147589733  0.000000000000  0.004016165124  0.011090454629  0.010077944209  0.010077944209  0.012116845680  0.028599323430  0.012109899138  0.012109899138  0.010077944209  0.009066986312  0.010077944209  0.014174768756  0.006036469952  0.005020963433  0.027580767239  0.000000000000  
tragopan_blythii 0.017228006321  0.004016165124  0.000000000000  0.007033436310  0.006025036349  0.006025036349  0.008047363645  0.024423252404  0.008044593842  0.008044593842  0.006025036349  0.005018180588  0.006025036349  0.010084356639  0.002004030411  0.005020963433  0.031792229254  0.004016165124  
crossoptilon_crossoptilon 0.023393865168  0.011090454629  0.007033436310  0.000000000000  0.001000762080  0.001000762080  0.003006802457  0.019263297957  0.003006065963  0.003006065963  0.001000762080  0.004011106164  0.007035172534  0.017218907218  0.009057810461  0.012104522892  0.037015614892  0.011090454629  
lophura_nycthemera 0.022366078178  0.010077944209  0.006025036349  0.001000762080  0.000000000000  0.000000000000  0.002004030411  0.018240311277  0.002002771288  0.002002771288  0.000000000000  0.003006802457  0.006027297489  0.016199080341  0.008047363645  0.011090454629  0.035971936902  0.010077944209  
syrmaticus_reevesii 0.022366078178  0.010077944209  0.006025036349  0.001000762080  0.000000000000  0.000000000000  0.002004030411  0.018240311277  0.002002771288  0.002002771288  0.000000000000  0.003006802457  0.006027297489  0.016199080341  0.008047363645  0.011090454629  0.035971936902  0.010077944209  
chrysolophus_pictus 0.024445400104  0.012116845680  0.008047363645  0.003006802457  0.002004030411  0.002004030411  0.000000000000  0.016184603650  0.004012863763  0.004012863763  0.002004030411  0.005020963433  0.008051691972  0.018259064468  0.010077944209  0.013131436659  0.038102420205  0.012116845680  
phasianus_colchicus 0.041225163456  0.028599323430  0.024423252404  0.019263297957  0.018240311277  0.018240311277  0.016184603650  0.000000000000  0.020295409648  0.020295409648  0.018240311277  0.021329666742  0.024433519634  0.034891962698  0.026506906666  0.029634680674  0.055234282804  0.028599323430  
syrmaticus_ellioti 0.024433519634  0.012109899138  0.008044593842  0.003006065963  0.002002771288  0.002002771288  0.004012863763  0.020295409648  0.000000000000  0.004011106164  0.002002771288  0.005018180588  0.008047363645  0.018248892914  0.010073094572  0.013125007668  0.038080849693  0.012109899138  
lophura_swinhoii 0.024433519634  0.012109899138  0.008044593842  0.003006065963  0.002002771288  0.002002771288  0.004012863763  0.020295409648  0.004011106164  0.000000000000  0.002002771288  0.005018180588  0.008047363645  0.018248892914  0.010073094572  0.013125007668  0.037015614892  0.012109899138  
lophura_inornata 0.022366078178  0.010077944209  0.006025036349  0.001000762080  0.000000000000  0.000000000000  0.002004030411  0.018240311277  0.002002771288  0.002002771288  0.000000000000  0.003006802457  0.006027297489  0.016199080341  0.008047363645  0.011090454629  0.035971936902  0.010077944209  
catreus_wallichi 0.021339885913  0.009066986312  0.005018180588  0.004011106164  0.003006802457  0.003006802457  0.005020963433  0.021329666742  0.005018180588  0.005018180588  0.003006802457  0.000000000000  0.005020963433  0.015180825239  0.007038465166  0.010077944209  0.034929893559  0.009066986312  
perdix_dauuricae 0.023404652949  0.010077944209  0.006025036349  0.007035172534  0.006027297489  0.006027297489  0.008051691972  0.024433519634  0.008047363645  0.008047363645  0.006027297489  0.005020963433  0.000000000000  0.016199080341  0.008047363645  0.011090454629  0.035971936902  0.010077944209  
lophophorus_impejanus 0.027597570370  0.014174768756  0.010084356639  0.017218907218  0.016199080341  0.016199080341  0.018259064468  0.034891962698  0.018248892914  0.018248892914  0.016199080341  0.015180825239  0.016199080341  0.000000000000  0.012125359338  0.015190949611  0.042418820513  0.014174768756  
melgal2    0.019292263636  0.006036469952  0.002004030411  0.009057810461  0.008047363645  0.008047363645  0.010077944209  0.026506906666  0.010073094572  0.010073094572  0.008047363645  0.007038465166  0.008047363645  0.012125359338  0.000000000000  0.007043311022  0.033911403648  0.006036469952  
galgal4    0.018248892914  0.005020963433  0.005020963433  0.012104522892  0.011090454629  0.011090454629  0.013131436659  0.029634680674  0.013125007668  0.013125007668  0.011090454629  0.010077944209  0.011090454629  0.015190949611  0.007043311022  0.000000000000  0.032829898782  0.005020963433  
rollulus_rouloul 0.042340197495  0.027580767239  0.031792229254  0.037015614892  0.035971936902  0.035971936902  0.038102420205  0.055234282804  0.038080849693  0.037015614892  0.035971936902  0.034929893559  0.035971936902  0.042418820513  0.033911403648  0.032829898782  0.000000000000  0.027580767239  
alectoris_rufa 0.014147589733  0.000000000000  0.004016165124  0.011090454629  0.010077944209  0.010077944209  0.012116845680  0.028599323430  0.012109899138  0.012109899138  0.010077944209  0.009066986312  0.010077944209  0.014174768756  0.006036469952  0.005020963433  0.027580767239  0.000000000000  

