18
lophura_swinhoii 0.000000000000  0.000000000000  0.001000769608  0.002002788796  0.002002788796  0.001000769608  0.001000769608  0.013117629558  0.002002788796  0.018234827544  0.017220373034  0.034881343179  0.030663972153  0.027524442116  0.008047673953  0.007033651785  0.006025195098  0.001000769608  
lophura_inornata 0.000000000000  0.000000000000  0.001000769608  0.002002788796  0.002002788796  0.001000769608  0.001000769608  0.013117629558  0.002002788796  0.018234827544  0.017220373034  0.034881343179  0.030663972153  0.027524442116  0.008047673953  0.007033651785  0.006025195098  0.001000769608  
tragopan_blythii 0.001000769608  0.001000769608  0.000000000000  0.001001015131  0.001001015131  0.000000000000  0.000000000000  0.012101362339  0.001001015131  0.017212771461  0.016200447150  0.033839172901  0.029626248288  0.026490003714  0.007038731617  0.006025195098  0.005018297987  0.000000000000  
catreus_wallichi 0.002002788796  0.002002788796  0.001001015131  0.000000000000  0.000000000000  0.001001015131  0.001001015131  0.013120922931  0.002004066030  0.018241891869  0.017229594546  0.034898050958  0.030676110573  0.027533204282  0.008052060670  0.007035397851  0.006027480224  0.001001015131  
crossoptilon_crossoptilon 0.002002788796  0.002002788796  0.001001015131  0.000000000000  0.000000000000  0.001001015131  0.001001015131  0.013120922931  0.002004066030  0.018241891869  0.017229594546  0.034898050958  0.030676110573  0.027533204282  0.008052060670  0.007035397851  0.006027480224  0.001001015131  
rollulus_rouloul 0.001000769608  0.001000769608  0.000000000000  0.001001015131  0.001001015131  0.000000000000  0.000000000000  0.012101362339  0.001001015131  0.017212771461  0.016200447150  0.033839172901  0.029626248288  0.026490003714  0.007038731617  0.006025195098  0.005018297987  0.000000000000  
syrmaticus_reevesii 0.001000769608  0.001000769608  0.000000000000  0.001001015131  0.001001015131  0.000000000000  0.000000000000  0.012101362339  0.001001015131  0.017212771461  0.016200447150  0.033839172901  0.029626248288  0.026490003714  0.007038731617  0.006025195098  0.005018297987  0.000000000000  
lophophorus_impejanus 0.013117629558  0.013117629558  0.012101362339  0.013120922931  0.013120922931  0.012101362339  0.012101362339  0.000000000000  0.011083905012  0.029615240070  0.028590164803  0.046545891209  0.042250763869  0.039053787890  0.019265009212  0.018229392112  0.017206793144  0.012101362339  
lophura_nycthemera 0.002002788796  0.002002788796  0.001001015131  0.002004066030  0.002004066030  0.001001015131  0.001001015131  0.011083905012  0.000000000000  0.018241891869  0.017229594546  0.034898050958  0.030676110573  0.027533204282  0.008052060670  0.007035397851  0.006027480224  0.001001015131  
syrmaticus_ellioti 0.018234827544  0.018234827544  0.017212771461  0.018241891869  0.018241891869  0.017212771461  0.017212771461  0.029615240070  0.018241891869  0.000000000000  0.025467048061  0.043338573144  0.039066638694  0.035886795849  0.024436409299  0.023387188009  0.022358712108  0.017212771461  
melgal2    0.017220373034  0.017220373034  0.016200447150  0.017229594546  0.017229594546  0.016200447150  0.016200447150  0.028590164803  0.017229594546  0.025467048061  0.000000000000  0.042304962897  0.036970656295  0.033797546976  0.023419952278  0.022368527991  0.021342200085  0.016200447150  
cyrtonyx_montezumae 0.034881343179  0.034881343179  0.033839172901  0.034898050958  0.034898050958  0.033839172901  0.033839172901  0.046545891209  0.034898050958  0.043338573144  0.042304962897  0.000000000000  0.051876870666  0.046478857229  0.040183446197  0.040164312176  0.039115425246  0.033839172901  
galgal4    0.030663972153  0.030663972153  0.029626248288  0.030676110573  0.030676110573  0.029626248288  0.029626248288  0.042250763869  0.030676110573  0.039066638694  0.036970656295  0.051876870666  0.000000000000  0.014135484499  0.036986296579  0.035910683314  0.034866319538  0.029626248288  
pavo_cristatus 0.027524442116  0.027524442116  0.026490003714  0.027533204282  0.027533204282  0.026490003714  0.026490003714  0.039053787890  0.027533204282  0.035886795849  0.033797546976  0.046478857229  0.014135484499  0.000000000000  0.033809738358  0.032744364225  0.031703342190  0.026490003714  
phasianus_colchicus 0.008047673953  0.008047673953  0.007038731617  0.008052060670  0.008052060670  0.007038731617  0.007038731617  0.019265009212  0.008052060670  0.024436409299  0.023419952278  0.040183446197  0.036986296579  0.033809738358  0.000000000000  0.013125827169  0.012110639791  0.007038731617  
chrysolophus_pictus 0.007033651785  0.007033651785  0.006025195098  0.007035397851  0.007035397851  0.006025195098  0.006025195098  0.018229392112  0.007035397851  0.023387188009  0.022368527991  0.040164312176  0.035910683314  0.032744364225  0.013125827169  0.000000000000  0.011086677318  0.006025195098  
perdix_dauuricae 0.006025195098  0.006025195098  0.005018297987  0.006027480224  0.006027480224  0.005018297987  0.005018297987  0.017206793144  0.006027480224  0.022358712108  0.021342200085  0.039115425246  0.034866319538  0.031703342190  0.012110639791  0.011086677318  0.000000000000  0.005018297987  
alectoris_rufa 0.001000769608  0.001000769608  0.000000000000  0.001001015131  0.001001015131  0.000000000000  0.000000000000  0.012101362339  0.001001015131  0.017212771461  0.016200447150  0.033839172901  0.029626248288  0.026490003714  0.007038731617  0.006025195098  0.005018297987  0.000000000000  

