18
galgal4    0.000000000000  0.010078533278  0.019294736031  0.019294736031  0.019294736031  0.019294736031  0.021368407241  0.019294736031  0.019294736031  0.032906247349  0.037145604109  0.019294736031  0.014165675028  0.019322870708  0.020360836088  0.022425147186  0.015192793720  0.012117855301  
pavo_cristatus 0.010078533278  0.000000000000  0.009067599399  0.009067599399  0.009067599399  0.009067599399  0.011104842711  0.009067599399  0.009067599399  0.022443366826  0.026612333941  0.009067599399  0.004016367338  0.009083429886  0.010103141970  0.012137001185  0.005025608948  0.008065829240  
catreus_wallichi 0.019294736031  0.009067599399  0.000000000000  0.000000000000  0.000000000000  0.000000000000  0.002004080691  0.000000000000  0.000000000000  0.015218472106  0.017267739251  0.000000000000  0.009067599399  0.014176630463  0.015204841294  0.017253493625  0.010085165408  0.015204841294  
lophura_nycthemera 0.019294736031  0.009067599399  0.000000000000  0.000000000000  0.000000000000  0.000000000000  0.002004080691  0.000000000000  0.000000000000  0.015218472106  0.017267739251  0.000000000000  0.009067599399  0.014176630463  0.015204841294  0.017253493625  0.010085165408  0.015204841294  
syrmaticus_ellioti 0.019294736031  0.009067599399  0.000000000000  0.000000000000  0.000000000000  0.000000000000  0.002004080691  0.000000000000  0.000000000000  0.015218472106  0.017267739251  0.000000000000  0.009067599399  0.014176630463  0.015204841294  0.017253493625  0.010085165408  0.015204841294  
crossoptilon_crossoptilon 0.019294736031  0.009067599399  0.000000000000  0.000000000000  0.000000000000  0.000000000000  0.002004080691  0.000000000000  0.000000000000  0.015218472106  0.017267739251  0.000000000000  0.009067599399  0.014176630463  0.015204841294  0.017253493625  0.010085165408  0.015204841294  
lophura_inornata 0.021368407241  0.011104842711  0.002004080691  0.002004080691  0.002004080691  0.002004080691  0.000000000000  0.002004080691  0.002004080691  0.017283572809  0.019339332947  0.002004080691  0.011104842711  0.016235207870  0.017267739251  0.019322870708  0.012126640090  0.017267739251  
phasianus_colchicus 0.019294736031  0.009067599399  0.000000000000  0.000000000000  0.000000000000  0.000000000000  0.002004080691  0.000000000000  0.000000000000  0.015218472106  0.017267739251  0.000000000000  0.009067599399  0.014176630463  0.015204841294  0.017253493625  0.010085165408  0.015204841294  
lophura_swinhoii 0.019294736031  0.009067599399  0.000000000000  0.000000000000  0.000000000000  0.000000000000  0.002004080691  0.000000000000  0.000000000000  0.015218472106  0.017267739251  0.000000000000  0.009067599399  0.014176630463  0.015204841294  0.017253493625  0.010085165408  0.015204841294  
chrysolophus_pictus 0.032906247349  0.022443366826  0.015218472106  0.015218472106  0.015218472106  0.015218472106  0.017283572809  0.015218472106  0.015218472106  0.000000000000  0.024534759961  0.015218472106  0.024534759961  0.029802515317  0.030862876168  0.030835502829  0.025583803563  0.028744437409  
tragopan_blythii 0.037145604109  0.026612333941  0.017267739251  0.017267739251  0.017267739251  0.017267739251  0.019339332947  0.017267739251  0.017267739251  0.024534759961  0.000000000000  0.017267739251  0.026612333941  0.031896990003  0.032960774872  0.035064843831  0.027664728745  0.032960774872  
syrmaticus_reevesii 0.019294736031  0.009067599399  0.000000000000  0.000000000000  0.000000000000  0.000000000000  0.002004080691  0.000000000000  0.000000000000  0.015218472106  0.017267739251  0.000000000000  0.009067599399  0.014176630463  0.015204841294  0.017253493625  0.010085165408  0.015204841294  
melgal2    0.014165675028  0.004016367338  0.009067599399  0.009067599399  0.009067599399  0.009067599399  0.011104842711  0.009067599399  0.009067599399  0.024534759961  0.026612333941  0.009067599399  0.000000000000  0.009083429886  0.010103141970  0.012137001185  0.005025608948  0.012148935634  
perdix_dauuricae 0.019322870708  0.009083429886  0.014176630463  0.014176630463  0.014176630463  0.014176630463  0.016235207870  0.014176630463  0.014176630463  0.029802515317  0.031896990003  0.014176630463  0.009083429886  0.000000000000  0.009083429886  0.011114122960  0.010103141970  0.017300991385  
lophophorus_impejanus 0.020360836088  0.010103141970  0.015204841294  0.015204841294  0.015204841294  0.015204841294  0.017267739251  0.015204841294  0.015204841294  0.030862876168  0.032960774872  0.015204841294  0.010103141970  0.009083429886  0.000000000000  0.006031424875  0.011124974275  0.018337915745  
cyrtonyx_montezumae 0.022425147186  0.012137001185  0.017253493625  0.017253493625  0.017253493625  0.017253493625  0.019322870708  0.017253493625  0.017253493625  0.030835502829  0.035064843831  0.017253493625  0.012137001185  0.011114122960  0.006031424875  0.000000000000  0.013162012829  0.020397586330  
rollulus_rouloul 0.015192793720  0.005025608948  0.010085165408  0.010085165408  0.010085165408  0.010085165408  0.012126640090  0.010085165408  0.010085165408  0.025583803563  0.027664728745  0.010085165408  0.005025608948  0.010103141970  0.011124974275  0.013162012829  0.000000000000  0.013175034939  
alectoris_rufa 0.012117855301  0.008065829240  0.015204841294  0.015204841294  0.015204841294  0.015204841294  0.017267739251  0.015204841294  0.015204841294  0.028744437409  0.032960774872  0.015204841294  0.012148935634  0.017300991385  0.018337915745  0.020397586330  0.013175034939  0.000000000000  

