18
pavo_cristatus 0.000000000000  0.009060582866  0.008050046554  0.008050046554  0.019346937596  0.011095733319  0.008050046554  0.008050046554  0.015174233357  0.013131983649  0.008050046554  0.011103115294  0.008050046554  0.010083132087  0.013140090831  0.014176951612  0.008050046554  0.008050046554  
perdix_dauuricae 0.009060582866  0.000000000000  0.003007221431  0.003007221431  0.014204806430  0.006028986001  0.003007221431  0.003007221431  0.010077012396  0.008050046554  0.003007221431  0.006033694169  0.003007221431  0.005022616097  0.008055456799  0.009080573027  0.003007221431  0.003007221431  
phasianus_colchicus 0.008050046554  0.003007221431  0.000000000000  0.000000000000  0.011136095116  0.003007221431  0.000000000000  0.000000000000  0.007036923651  0.005019148282  0.000000000000  0.003010002460  0.000000000000  0.002004438954  0.005022616097  0.006040188800  0.000000000000  0.000000000000  
syrmaticus_ellioti 0.008050046554  0.003007221431  0.000000000000  0.000000000000  0.011136095116  0.003007221431  0.000000000000  0.000000000000  0.007036923651  0.005019148282  0.000000000000  0.003010002460  0.000000000000  0.002004438954  0.005022616097  0.006040188800  0.000000000000  0.000000000000  
cyrtonyx_montezumae 0.019346937596  0.014204806430  0.011136095116  0.011136095116  0.000000000000  0.014204806430  0.011136095116  0.011136095116  0.018308197670  0.016253456949  0.011136095116  0.014221452609  0.011136095116  0.013190657695  0.016270881070  0.017328020799  0.011136095116  0.011136095116  
crossoptilon_crossoptilon 0.011095733319  0.006028986001  0.003007221431  0.003007221431  0.014204806430  0.000000000000  0.003007221431  0.003007221431  0.010077012396  0.008050046554  0.003007221431  0.006033694169  0.003007221431  0.005022616097  0.008055456799  0.009080573027  0.003007221431  0.003007221431  
lophura_nycthemera 0.008050046554  0.003007221431  0.000000000000  0.000000000000  0.011136095116  0.003007221431  0.000000000000  0.000000000000  0.007036923651  0.005019148282  0.000000000000  0.003010002460  0.000000000000  0.002004438954  0.005022616097  0.006040188800  0.000000000000  0.000000000000  
chrysolophus_pictus 0.008050046554  0.003007221431  0.000000000000  0.000000000000  0.011136095116  0.003007221431  0.000000000000  0.000000000000  0.007036923651  0.005019148282  0.000000000000  0.003010002460  0.000000000000  0.002004438954  0.005022616097  0.006040188800  0.000000000000  0.000000000000  
lophura_swinhoii 0.015174233357  0.010077012396  0.007036923651  0.007036923651  0.018308197670  0.010077012396  0.007036923651  0.007036923651  0.000000000000  0.012109919396  0.007036923651  0.010083132087  0.007036923651  0.009065445948  0.012116755989  0.013150014557  0.007036923651  0.007036923651  
melgal2    0.013131983649  0.008050046554  0.005019148282  0.005019148282  0.016253456949  0.008050046554  0.005019148282  0.005019148282  0.012109919396  0.000000000000  0.005019148282  0.008055456799  0.005019148282  0.007041085455  0.010083132087  0.011112304738  0.005019148282  0.005019148282  
catreus_wallichi 0.008050046554  0.003007221431  0.000000000000  0.000000000000  0.011136095116  0.003007221431  0.000000000000  0.000000000000  0.007036923651  0.005019148282  0.000000000000  0.003010002460  0.000000000000  0.002004438954  0.005022616097  0.006040188800  0.000000000000  0.000000000000  
galgal4    0.011103115294  0.006033694169  0.003010002460  0.003010002460  0.014221452609  0.006033694169  0.003010002460  0.003010002460  0.010083132087  0.008055456799  0.003010002460  0.000000000000  0.003010002460  0.005027867324  0.008062662408  0.009090831537  0.003010002460  0.003010002460  
lophura_inornata 0.008050046554  0.003007221431  0.000000000000  0.000000000000  0.011136095116  0.003007221431  0.000000000000  0.000000000000  0.007036923651  0.005019148282  0.000000000000  0.003010002460  0.000000000000  0.002004438954  0.005022616097  0.006040188800  0.000000000000  0.000000000000  
syrmaticus_reevesii 0.010083132087  0.005022616097  0.002004438954  0.002004438954  0.013190657695  0.005022616097  0.002004438954  0.002004438954  0.009065445948  0.007041085455  0.002004438954  0.005027867324  0.002004438954  0.000000000000  0.007047039542  0.008071660642  0.002004438954  0.002004438954  
tragopan_blythii 0.013140090831  0.008055456799  0.005022616097  0.005022616097  0.016270881070  0.008055456799  0.005022616097  0.005022616097  0.012116755989  0.010083132087  0.005022616097  0.008062662408  0.005022616097  0.007047039542  0.000000000000  0.009080573027  0.005022616097  0.005022616097  
lophophorus_impejanus 0.014176951612  0.009080573027  0.006040188800  0.006040188800  0.017328020799  0.009080573027  0.006040188800  0.006040188800  0.013150014557  0.011112304738  0.006040188800  0.009090831537  0.006040188800  0.008071660642  0.009080573027  0.000000000000  0.006040188800  0.006040188800  
rollulus_rouloul 0.008050046554  0.003007221431  0.000000000000  0.000000000000  0.011136095116  0.003007221431  0.000000000000  0.000000000000  0.007036923651  0.005019148282  0.000000000000  0.003010002460  0.000000000000  0.002004438954  0.005022616097  0.006040188800  0.000000000000  0.000000000000  
alectoris_rufa 0.008050046554  0.003007221431  0.000000000000  0.000000000000  0.011136095116  0.003007221431  0.000000000000  0.000000000000  0.007036923651  0.005019148282  0.000000000000  0.003010002460  0.000000000000  0.002004438954  0.005022616097  0.006040188800  0.000000000000  0.000000000000  

