18
galgal4    0.000000000000  0.031807138717  0.025544017770  0.021367335481  0.025494043436  0.021342065504  0.021342065504  0.021342065504  0.021342065504  0.021342065504  0.024450076002  0.024450076002  0.022380318675  0.017218845837  0.020306106378  0.022359611414  0.018259060689  0.020306106378  
cyrtonyx_montezumae 0.031807138717  0.000000000000  0.028725042296  0.028725042296  0.030770165984  0.026574373249  0.026574373249  0.026574373249  0.026574373249  0.026574373249  0.029713188099  0.029713188099  0.027625493955  0.022408023126  0.025525603738  0.027588977793  0.023468721394  0.025525603738  
rollulus_rouloul 0.025544017770  0.028725042296  0.000000000000  0.022484327441  0.024515281925  0.020358749108  0.020358749108  0.020358749108  0.020358749108  0.020358749108  0.023468721394  0.023468721394  0.021399567033  0.016231093174  0.019320236564  0.021367335481  0.017279534949  0.019320236564  
phasianus_colchicus 0.021367335481  0.028725042296  0.022484327441  0.000000000000  0.022424491723  0.018284019210  0.018284019210  0.018284019210  0.018284019210  0.018284019210  0.021382582555  0.021382582555  0.019320236564  0.014172178726  0.017250086922  0.019292864415  0.015213688765  0.017250086922  
crossoptilon_crossoptilon 0.025494043436  0.030770165984  0.024515281925  0.022424491723  0.000000000000  0.004013453884  0.004013453884  0.004013453884  0.004013453884  0.004013453884  0.007040141540  0.007040141540  0.013146102105  0.008054076546  0.011100660930  0.013129626612  0.017237946111  0.019281778920  
chrysolophus_pictus 0.021342065504  0.026574373249  0.020358749108  0.018284019210  0.004013453884  0.000000000000  0.000000000000  0.000000000000  0.000000000000  0.000000000000  0.003007074721  0.003007074721  0.009070208989  0.004013453884  0.007040141540  0.009059698102  0.013137008318  0.015171256310  
catreus_wallichi 0.021342065504  0.026574373249  0.020358749108  0.018284019210  0.004013453884  0.000000000000  0.000000000000  0.000000000000  0.000000000000  0.000000000000  0.003007074721  0.003007074721  0.009070208989  0.004013453884  0.007040141540  0.009059698102  0.013137008318  0.015171256310  
lophura_swinhoii 0.021342065504  0.026574373249  0.020358749108  0.018284019210  0.004013453884  0.000000000000  0.000000000000  0.000000000000  0.000000000000  0.000000000000  0.003007074721  0.003007074721  0.009070208989  0.004013453884  0.007040141540  0.009059698102  0.013137008318  0.015171256310  
lophura_nycthemera 0.021342065504  0.026574373249  0.020358749108  0.018284019210  0.004013453884  0.000000000000  0.000000000000  0.000000000000  0.000000000000  0.000000000000  0.003007074721  0.003007074721  0.009070208989  0.004013453884  0.007040141540  0.009059698102  0.013137008318  0.015171256310  
lophura_inornata 0.021342065504  0.026574373249  0.020358749108  0.018284019210  0.004013453884  0.000000000000  0.000000000000  0.000000000000  0.000000000000  0.000000000000  0.003007074721  0.003007074721  0.009070208989  0.004013453884  0.007040141540  0.009059698102  0.013137008318  0.015171256310  
syrmaticus_ellioti 0.024450076002  0.029713188099  0.023468721394  0.021382582555  0.007040141540  0.003007074721  0.003007074721  0.003007074721  0.003007074721  0.003007074721  0.000000000000  0.000000000000  0.012122266095  0.007040141540  0.010081276910  0.012108146961  0.016207486452  0.018249177797  
syrmaticus_reevesii 0.024450076002  0.029713188099  0.023468721394  0.021382582555  0.007040141540  0.003007074721  0.003007074721  0.003007074721  0.003007074721  0.003007074721  0.000000000000  0.000000000000  0.012122266095  0.007040141540  0.010081276910  0.012108146961  0.016207486452  0.018249177797  
lophophorus_impejanus 0.022380318675  0.027625493955  0.021399567033  0.019320236564  0.013146102105  0.009070208989  0.009070208989  0.009070208989  0.009070208989  0.009070208989  0.012122266095  0.012122266095  0.000000000000  0.005021997821  0.008054076546  0.010075706372  0.014161900236  0.016198266590  
tragopan_blythii 0.017218845837  0.022408023126  0.016231093174  0.014172178726  0.008054076546  0.004013453884  0.004013453884  0.004013453884  0.004013453884  0.004013453884  0.007040141540  0.007040141540  0.005021997821  0.000000000000  0.003007074721  0.005017338857  0.009064104397  0.011088887910  
melgal2    0.020306106378  0.025525603738  0.019320236564  0.017250086922  0.011100660930  0.007040141540  0.007040141540  0.007040141540  0.007040141540  0.007040141540  0.010081276910  0.010081276910  0.008054076546  0.003007074721  0.000000000000  0.008045886732  0.012114351844  0.014146490715  
perdix_dauuricae 0.022359611414  0.027588977793  0.021367335481  0.019292864415  0.013129626612  0.009059698102  0.009059698102  0.009059698102  0.009059698102  0.009059698102  0.012108146961  0.012108146961  0.010075706372  0.005017338857  0.008045886732  0.000000000000  0.014146490715  0.016185009015  
pavo_cristatus 0.018259060689  0.023468721394  0.017279534949  0.015213688765  0.017237946111  0.013137008318  0.013137008318  0.013137008318  0.013137008318  0.013137008318  0.016207486452  0.016207486452  0.014161900236  0.009064104397  0.012114351844  0.014146490715  0.000000000000  0.012114351844  
alectoris_rufa 0.020306106378  0.025525603738  0.019320236564  0.017250086922  0.019281778920  0.015171256310  0.015171256310  0.015171256310  0.015171256310  0.015171256310  0.018249177797  0.018249177797  0.016198266590  0.011088887910  0.014146490715  0.016185009015  0.012114351844  0.000000000000  

