18
lophura_nycthemera 0.000000000000  0.000000000000  0.000000000000  0.018233380879  0.009055625098  0.009055625098  0.010069256558  0.029628509354  0.014140621560  0.007033633925  0.010069256558  0.010071462847  0.007033633925  0.015155370256  0.010069979893  0.010068761230  0.010068761230  0.007033633925  
crossoptilon_crossoptilon 0.000000000000  0.000000000000  0.000000000000  0.018233380879  0.009055625098  0.009055625098  0.010069256558  0.029628509354  0.014140621560  0.007033633925  0.010069256558  0.010071462847  0.007033633925  0.015155370256  0.010069979893  0.010068761230  0.010068761230  0.007033633925  
lophura_swinhoii 0.000000000000  0.000000000000  0.000000000000  0.018233380879  0.009055625098  0.009055625098  0.010069256558  0.029628509354  0.014140621560  0.007033633925  0.010069256558  0.010071462847  0.007033633925  0.015155370256  0.010069979893  0.010068761230  0.010068761230  0.007033633925  
catreus_wallichi 0.018233380879  0.018233380879  0.018233380879  0.000000000000  0.027518901700  0.027518901700  0.028562316749  0.046506876391  0.032748044080  0.025443412469  0.028562316749  0.028570409755  0.025443412469  0.031688292949  0.028551500733  0.028556012691  0.028556012691  0.025443412469  
syrmaticus_reevesii 0.009055625098  0.009055625098  0.009055625098  0.027518901700  0.000000000000  0.000000000000  0.005018744401  0.024448199904  0.009063864362  0.002002836191  0.005018744401  0.005021940759  0.002002836191  0.010069256558  0.005017412078  0.005017233858  0.005017233858  0.002002836191  
phasianus_colchicus 0.009055625098  0.009055625098  0.009055625098  0.027518901700  0.000000000000  0.000000000000  0.005018744401  0.024448199904  0.009063864362  0.002002836191  0.005018744401  0.005021940759  0.002002836191  0.010069256558  0.005017412078  0.005017233858  0.005017233858  0.002002836191  
lophophorus_impejanus 0.010069256558  0.010069256558  0.010069256558  0.028562316749  0.005018744401  0.005018744401  0.000000000000  0.025492050103  0.010080996356  0.003007048354  0.006028288416  0.006032639563  0.003007048354  0.011085081582  0.006024654413  0.006025625720  0.006025625720  0.003007048354  
cyrtonyx_montezumae 0.029628509354  0.029628509354  0.029628509354  0.046506876391  0.024448199904  0.024448199904  0.025492050103  0.000000000000  0.029672574133  0.022378775294  0.025492050103  0.025507075326  0.022378775294  0.028605391451  0.023406665835  0.025478786772  0.025478786772  0.022378775294  
perdix_dauuricae 0.014140621560  0.014140621560  0.014140621560  0.032748044080  0.009063864362  0.009063864362  0.010080996356  0.029672574133  0.000000000000  0.007040008321  0.010080996356  0.010088317679  0.007040008321  0.015164129636  0.010071462847  0.010075377101  0.010075377101  0.007040008321  
syrmaticus_ellioti 0.007033633925  0.007033633925  0.007033633925  0.025443412469  0.002002836191  0.002002836191  0.003007048354  0.022378775294  0.007040008321  0.000000000000  0.003007048354  0.003009627623  0.000000000000  0.008044060723  0.003006925729  0.003006146745  0.003006146745  0.000000000000  
pavo_cristatus 0.010069256558  0.010069256558  0.010069256558  0.028562316749  0.005018744401  0.005018744401  0.006028288416  0.025492050103  0.010080996356  0.003007048354  0.000000000000  0.006032639563  0.003007048354  0.011085081582  0.006024654413  0.006025625720  0.006025625720  0.003007048354  
tragopan_blythii 0.010071462847  0.010071462847  0.010071462847  0.028570409755  0.005021940759  0.005021940759  0.006032639563  0.025507075326  0.010088317679  0.003009627623  0.006032639563  0.000000000000  0.003009627623  0.011088457083  0.006025625720  0.006028288416  0.006028288416  0.003009627623  
chrysolophus_pictus 0.007033633925  0.007033633925  0.007033633925  0.025443412469  0.002002836191  0.002002836191  0.003007048354  0.022378775294  0.007040008321  0.000000000000  0.003007048354  0.003009627623  0.000000000000  0.008044060723  0.003006925729  0.003006146745  0.003006146745  0.000000000000  
galgal4    0.015155370256  0.015155370256  0.015155370256  0.031688292949  0.010069256558  0.010069256558  0.011085081582  0.028605391451  0.015164129636  0.008044060723  0.011085081582  0.011088457083  0.008044060723  0.000000000000  0.009055625098  0.011083419729  0.011083419729  0.008044060723  
melgal2    0.010069979893  0.010069979893  0.010069979893  0.028551500733  0.005017412078  0.005017412078  0.006024654413  0.023406665835  0.010071462847  0.003006925729  0.006024654413  0.006025625720  0.003006925729  0.009055625098  0.000000000000  0.006025377465  0.006025377465  0.003006925729  
lophura_inornata 0.010068761230  0.010068761230  0.010068761230  0.028556012691  0.005017233858  0.005017233858  0.006025625720  0.025478786772  0.010075377101  0.003006146745  0.006025625720  0.006028288416  0.003006146745  0.011083419729  0.006025377465  0.000000000000  0.000000000000  0.003006146745  
rollulus_rouloul 0.010068761230  0.010068761230  0.010068761230  0.028556012691  0.005017233858  0.005017233858  0.006025625720  0.025478786772  0.010075377101  0.003006146745  0.006025625720  0.006028288416  0.003006146745  0.011083419729  0.006025377465  0.000000000000  0.000000000000  0.003006146745  
alectoris_rufa 0.007033633925  0.007033633925  0.007033633925  0.025443412469  0.002002836191  0.002002836191  0.003007048354  0.022378775294  0.007040008321  0.000000000000  0.003007048354  0.003009627623  0.000000000000  0.008044060723  0.003006925729  0.003006146745  0.003006146745  0.000000000000  

