18
tragopan_blythii 0.000000000000  0.003006076789  0.003006076789  0.003006076789  0.004011195235  0.005017016966  0.003006076789  0.005017016966  0.003006076789  0.003006076789  0.003006076789  0.003006076789  0.003006076789  0.012118966998  0.005018400570  0.003006076789  0.003006076789  0.009062534014  
phasianus_colchicus 0.003006076789  0.000000000000  0.000000000000  0.000000000000  0.001001032122  0.002002793448  0.000000000000  0.002002793448  0.000000000000  0.000000000000  0.000000000000  0.000000000000  0.000000000000  0.009075599664  0.002004134182  0.000000000000  0.000000000000  0.008047987475  
lophura_swinhoii 0.003006076789  0.000000000000  0.000000000000  0.000000000000  0.001001032122  0.002002793448  0.000000000000  0.002002793448  0.000000000000  0.000000000000  0.000000000000  0.000000000000  0.000000000000  0.009075599664  0.002004134182  0.000000000000  0.000000000000  0.008047987475  
syrmaticus_reevesii 0.003006076789  0.000000000000  0.000000000000  0.000000000000  0.001001032122  0.002002793448  0.000000000000  0.002002793448  0.000000000000  0.000000000000  0.000000000000  0.000000000000  0.000000000000  0.009075599664  0.002004134182  0.000000000000  0.000000000000  0.008047987475  
rollulus_rouloul 0.004011195235  0.001001032122  0.001001032122  0.001001032122  0.000000000000  0.001000758299  0.001001032122  0.003006902688  0.001001032122  0.001001032122  0.001001032122  0.001001032122  0.001001032122  0.010094471495  0.003009314757  0.001001032122  0.001001032122  0.009062534014  
perdix_dauuricae 0.005017016966  0.002002793448  0.002002793448  0.002002793448  0.001000758299  0.000000000000  0.002002793448  0.004011195235  0.002002793448  0.002002793448  0.002002793448  0.002002793448  0.002002793448  0.011105947366  0.004013094624  0.002002793448  0.002002793448  0.010073985642  
syrmaticus_ellioti 0.003006076789  0.000000000000  0.000000000000  0.000000000000  0.001001032122  0.002002793448  0.000000000000  0.002002793448  0.000000000000  0.000000000000  0.000000000000  0.000000000000  0.000000000000  0.009075599664  0.002004134182  0.000000000000  0.000000000000  0.008047987475  
chrysolophus_pictus 0.005017016966  0.002002793448  0.002002793448  0.002002793448  0.003006902688  0.004011195235  0.002002793448  0.000000000000  0.002002793448  0.002002793448  0.002002793448  0.002002793448  0.002002793448  0.010086036421  0.004013094624  0.002002793448  0.002002793448  0.010073985642  
lophura_nycthemera 0.003006076789  0.000000000000  0.000000000000  0.000000000000  0.001001032122  0.002002793448  0.000000000000  0.002002793448  0.000000000000  0.000000000000  0.000000000000  0.000000000000  0.000000000000  0.009075599664  0.002004134182  0.000000000000  0.000000000000  0.008047987475  
crossoptilon_crossoptilon 0.003006076789  0.000000000000  0.000000000000  0.000000000000  0.001001032122  0.002002793448  0.000000000000  0.002002793448  0.000000000000  0.000000000000  0.000000000000  0.000000000000  0.000000000000  0.009075599664  0.002004134182  0.000000000000  0.000000000000  0.008047987475  
melgal2    0.003006076789  0.000000000000  0.000000000000  0.000000000000  0.001001032122  0.002002793448  0.000000000000  0.002002793448  0.000000000000  0.000000000000  0.000000000000  0.000000000000  0.000000000000  0.009075599664  0.002004134182  0.000000000000  0.000000000000  0.008047987475  
pavo_cristatus 0.003006076789  0.000000000000  0.000000000000  0.000000000000  0.001001032122  0.002002793448  0.000000000000  0.002002793448  0.000000000000  0.000000000000  0.000000000000  0.000000000000  0.000000000000  0.009075599664  0.002004134182  0.000000000000  0.000000000000  0.008047987475  
galgal4    0.003006076789  0.000000000000  0.000000000000  0.000000000000  0.001001032122  0.002002793448  0.000000000000  0.002002793448  0.000000000000  0.000000000000  0.000000000000  0.000000000000  0.000000000000  0.009075599664  0.002004134182  0.000000000000  0.000000000000  0.008047987475  
cyrtonyx_montezumae 0.012118966998  0.009075599664  0.009075599664  0.009075599664  0.010094471495  0.011105947366  0.009075599664  0.010086036421  0.009075599664  0.009075599664  0.009075599664  0.009075599664  0.009075599664  0.000000000000  0.011115487779  0.009075599664  0.009075599664  0.017243185722  
catreus_wallichi 0.005018400570  0.002004134182  0.002004134182  0.002004134182  0.003009314757  0.004013094624  0.002004134182  0.004013094624  0.002004134182  0.002004134182  0.002004134182  0.002004134182  0.002004134182  0.011115487779  0.000000000000  0.002004134182  0.002004134182  0.010079206818  
lophophorus_impejanus 0.003006076789  0.000000000000  0.000000000000  0.000000000000  0.001001032122  0.002002793448  0.000000000000  0.002002793448  0.000000000000  0.000000000000  0.000000000000  0.000000000000  0.000000000000  0.009075599664  0.002004134182  0.000000000000  0.000000000000  0.008047987475  
lophura_inornata 0.003006076789  0.000000000000  0.000000000000  0.000000000000  0.001001032122  0.002002793448  0.000000000000  0.002002793448  0.000000000000  0.000000000000  0.000000000000  0.000000000000  0.000000000000  0.009075599664  0.002004134182  0.000000000000  0.000000000000  0.008047987475  
alectoris_rufa 0.009062534014  0.008047987475  0.008047987475  0.008047987475  0.009062534014  0.010073985642  0.008047987475  0.010073985642  0.008047987475  0.008047987475  0.008047987475  0.008047987475  0.008047987475  0.017243185722  0.010079206818  0.008047987475  0.008047987475  0.000000000000  

