18
perdix_dauuricae 0.000000000000  0.012117040760  0.033848215166  0.034972459344  0.045542557726  0.035936799197  0.033885854896  0.018254246997  0.048829915396  0.115081108905  0.077579156078  0.018254246997  0.018254246997  0.032789939735  0.026536939786  0.028637211304  0.018254246997  0.053253836307  
lophophorus_impejanus 0.012117040760  0.000000000000  0.021328725371  0.022403056903  0.032789939735  0.023386507713  0.023430565969  0.006026111674  0.035992879072  0.100780754383  0.065261397266  0.006026111674  0.006026111674  0.020294272746  0.014149106507  0.016202454337  0.006026111674  0.044570062051  
chrysolophus_pictus 0.033848215166  0.021328725371  0.000000000000  0.038129775314  0.048746335990  0.035909074701  0.039177225930  0.021338041165  0.050954138899  0.114909687020  0.082088942736  0.021338041165  0.021338041165  0.035936799197  0.029656692405  0.031766308397  0.021338041165  0.067427677298  
tragopan_blythii 0.034972459344  0.022403056903  0.038129775314  0.000000000000  0.049922468405  0.040226357925  0.040335122668  0.022419285277  0.049955754724  0.113762600932  0.079941413804  0.022419285277  0.022419285277  0.037060059539  0.030768705026  0.032891504772  0.022419285277  0.068696885816  
phasianus_colchicus 0.045542557726  0.032789939735  0.048746335990  0.049922468405  0.000000000000  0.050873792906  0.048800070984  0.032806430051  0.060749172713  0.124495416902  0.087684670126  0.032806430051  0.032806430051  0.044419672389  0.040204022506  0.042352895738  0.032806430051  0.077478797938  
melgal2    0.035936799197  0.023386507713  0.035909074701  0.040226357925  0.050873792906  0.000000000000  0.036999819732  0.023394708975  0.054182610618  0.119685578840  0.084300429495  0.023394708975  0.023394708975  0.035909074701  0.031734145736  0.033848215166  0.023394708975  0.068472827869  
pavo_cristatus 0.033885854896  0.023430565969  0.039177225930  0.040335122668  0.048800070984  0.036999819732  0.000000000000  0.023446260004  0.054319384982  0.117558299124  0.084531835733  0.023446260004  0.023446260004  0.033848215166  0.030747325346  0.032867374597  0.023446260004  0.065261397266  
lophura_nycthemera 0.018254246997  0.006026111674  0.021338041165  0.022419285277  0.032806430051  0.023394708975  0.023446260004  0.000000000000  0.031806102227  0.097257657329  0.060905813365  0.000000000000  0.000000000000  0.014143315447  0.009065604888  0.011103392548  0.000000000000  0.051017678862  
galgal4    0.048829915396  0.035992879072  0.050954138899  0.049955754724  0.060749172713  0.054182610618  0.054319384982  0.031806102227  0.000000000000  0.105701632602  0.071082414684  0.031806102227  0.031806102227  0.045568072864  0.041354255672  0.043516809482  0.031806102227  0.081100321610  
cyrtonyx_montezumae 0.115081108905  0.100780754383  0.114909687020  0.113762600932  0.124495416902  0.119685578840  0.117558299124  0.097257657329  0.105701632602  0.000000000000  0.133551401376  0.097257657329  0.097257657329  0.112453447237  0.106671642995  0.109109276559  0.097257657329  0.144737828151  
rollulus_rouloul 0.077579156078  0.065261397266  0.082088942736  0.079941413804  0.087684670126  0.084300429495  0.084531835733  0.060905813365  0.071082414684  0.133551401376  0.000000000000  0.060905813365  0.060905813365  0.073002971539  0.070919855471  0.073203300364  0.060905813365  0.105701632602  
lophura_inornata 0.018254246997  0.006026111674  0.021338041165  0.022419285277  0.032806430051  0.023394708975  0.023446260004  0.000000000000  0.031806102227  0.097257657329  0.060905813365  0.000000000000  0.000000000000  0.014143315447  0.009065604888  0.011103392548  0.000000000000  0.051017678862  
lophura_swinhoii 0.018254246997  0.006026111674  0.021338041165  0.022419285277  0.032806430051  0.023394708975  0.023446260004  0.000000000000  0.031806102227  0.097257657329  0.060905813365  0.000000000000  0.000000000000  0.014143315447  0.009065604888  0.011103392548  0.000000000000  0.051017678862  
syrmaticus_reevesii 0.032789939735  0.020294272746  0.035936799197  0.037060059539  0.044419672389  0.035909074701  0.033848215166  0.014143315447  0.045568072864  0.112453447237  0.073002971539  0.014143315447  0.014143315447  0.000000000000  0.013125933353  0.015174609955  0.014143315447  0.065179017496  
catreus_wallichi 0.026536939786  0.014149106507  0.029656692405  0.030768705026  0.040204022506  0.031734145736  0.030747325346  0.009065604888  0.041354255672  0.106671642995  0.070919855471  0.009065604888  0.009065604888  0.013125933353  0.000000000000  0.002004454949  0.009065604888  0.058636068545  
crossoptilon_crossoptilon 0.028637211304  0.016202454337  0.031766308397  0.032891504772  0.042352895738  0.033848215166  0.032867374597  0.011103392548  0.043516809482  0.109109276559  0.073203300364  0.011103392548  0.011103392548  0.015174609955  0.002004454949  0.000000000000  0.011103392548  0.060863600572  
syrmaticus_ellioti 0.018254246997  0.006026111674  0.021338041165  0.022419285277  0.032806430051  0.023394708975  0.023446260004  0.000000000000  0.031806102227  0.097257657329  0.060905813365  0.000000000000  0.000000000000  0.014143315447  0.009065604888  0.011103392548  0.000000000000  0.051017678862  
alectoris_rufa 0.053253836307  0.044570062051  0.067427677298  0.068696885816  0.077478797938  0.068472827869  0.065261397266  0.051017678862  0.081100321610  0.144737828151  0.105701632602  0.051017678862  0.051017678862  0.065179017496  0.058636068545  0.060863600572  0.051017678862  0.000000000000  

