18
cyrtonyx_montezumae 0.000000000000  0.025659067318  0.025659067318  0.025659067318  0.028806474207  0.028806474207  0.028806474207  0.028806474207  0.030935648154  0.034076677326  0.031970019323  0.025659067318  0.026747123086  0.021478888495  0.034227626902  0.027808197588  0.010101006972  0.008062800220  
rollulus_rouloul 0.025659067318  0.000000000000  0.020409839269  0.020409839269  0.023527119048  0.023527119048  0.023527119048  0.023527119048  0.025631448624  0.028748641334  0.026660189233  0.020409839269  0.025688539926  0.018347245176  0.031006487107  0.024632436436  0.015237204278  0.017308179351  
lophura_swinhoii 0.025659067318  0.020409839269  0.000000000000  0.000000000000  0.003007234719  0.003007234719  0.003007234719  0.003007234719  0.005022663309  0.008050134643  0.006029039554  0.000000000000  0.017308179351  0.012148469808  0.024632436436  0.018347245176  0.015237204278  0.017308179351  
lophura_nycthemera 0.025659067318  0.020409839269  0.000000000000  0.000000000000  0.003007234719  0.003007234719  0.003007234719  0.003007234719  0.005022663309  0.008050134643  0.006029039554  0.000000000000  0.017308179351  0.012148469808  0.024632436436  0.018347245176  0.015237204278  0.017308179351  
crossoptilon_crossoptilon 0.028806474207  0.023527119048  0.003007234719  0.003007234719  0.000000000000  0.000000000000  0.000000000000  0.000000000000  0.002004449170  0.005019180726  0.009065567359  0.003007234719  0.020409839269  0.015221024269  0.027775991340  0.021454807001  0.018327141754  0.020409839269  
phasianus_colchicus 0.028806474207  0.023527119048  0.003007234719  0.003007234719  0.000000000000  0.000000000000  0.000000000000  0.000000000000  0.002004449170  0.005019180726  0.009065567359  0.003007234719  0.020409839269  0.015221024269  0.027775991340  0.021454807001  0.018327141754  0.020409839269  
chrysolophus_pictus 0.028806474207  0.023527119048  0.003007234719  0.003007234719  0.000000000000  0.000000000000  0.000000000000  0.000000000000  0.002004449170  0.005019180726  0.009065567359  0.003007234719  0.020409839269  0.015221024269  0.027775991340  0.021454807001  0.018327141754  0.020409839269  
syrmaticus_reevesii 0.028806474207  0.023527119048  0.003007234719  0.003007234719  0.000000000000  0.000000000000  0.000000000000  0.000000000000  0.002004449170  0.005019180726  0.009065567359  0.003007234719  0.020409839269  0.015221024269  0.027775991340  0.021454807001  0.018327141754  0.020409839269  
catreus_wallichi 0.030935648154  0.025631448624  0.005022663309  0.005022663309  0.002004449170  0.002004449170  0.002004449170  0.002004449170  0.000000000000  0.007041165414  0.011103319628  0.005022663309  0.022502202327  0.017289389751  0.029902901960  0.023552036552  0.020409839269  0.022502202327  
perdix_dauuricae 0.034076677326  0.028748641334  0.008050134643  0.008050134643  0.005019180726  0.005019180726  0.005019180726  0.005019180726  0.007041165414  0.000000000000  0.014156648684  0.008050134643  0.025605686389  0.020369853432  0.033039531003  0.025605686389  0.023504051085  0.025605686389  
syrmaticus_ellioti 0.031970019323  0.026660189233  0.006029039554  0.006029039554  0.009065567359  0.009065567359  0.009065567359  0.009065567359  0.011103319628  0.014156648684  0.000000000000  0.006029039554  0.023527119048  0.018308868362  0.030935648154  0.024578056116  0.021432565630  0.023527119048  
lophura_inornata 0.025659067318  0.020409839269  0.000000000000  0.000000000000  0.003007234719  0.003007234719  0.003007234719  0.003007234719  0.005022663309  0.008050134643  0.006029039554  0.000000000000  0.017308179351  0.012148469808  0.024632436436  0.018347245176  0.015237204278  0.017308179351  
lophophorus_impejanus 0.026747123086  0.025688539926  0.017308179351  0.017308179351  0.020409839269  0.020409839269  0.020409839269  0.020409839269  0.022502202327  0.025605686389  0.023527119048  0.017308179351  0.000000000000  0.007054910192  0.019411965317  0.019411965317  0.018369176026  0.020457172080  
galgal4    0.021478888495  0.018347245176  0.012148469808  0.012148469808  0.015221024269  0.015221024269  0.015221024269  0.015221024269  0.017289389751  0.020369853432  0.018308868362  0.012148469808  0.007054910192  0.000000000000  0.012162587726  0.012162587726  0.011136412600  0.013191103817  
tragopan_blythii 0.034227626902  0.031006487107  0.024632436436  0.024632436436  0.027775991340  0.027775991340  0.027775991340  0.027775991340  0.029902901960  0.033039531003  0.030935648154  0.024632436436  0.019411965317  0.012162587726  0.000000000000  0.024662399718  0.023607409935  0.025719863937  
pavo_cristatus 0.027808197588  0.024632436436  0.018347245176  0.018347245176  0.021454807001  0.021454807001  0.021454807001  0.021454807001  0.023552036552  0.025605686389  0.024578056116  0.018347245176  0.019411965317  0.012162587726  0.024662399718  0.000000000000  0.017328793048  0.019411965317  
melgal2    0.010101006972  0.015237204278  0.015237204278  0.015237204278  0.018327141754  0.018327141754  0.018327141754  0.018327141754  0.020409839269  0.023504051085  0.021432565630  0.015237204278  0.018369176026  0.011136412600  0.023607409935  0.017328793048  0.000000000000  0.002004449170  
alectoris_rufa 0.008062800220  0.017308179351  0.017308179351  0.017308179351  0.020409839269  0.020409839269  0.020409839269  0.020409839269  0.022502202327  0.025605686389  0.023527119048  0.017308179351  0.020457172080  0.013191103817  0.025719863937  0.019411965317  0.002004449170  0.000000000000  

