18
melgal2    0.000000000000  0.003009985523  0.003009985523  0.005027819995  0.003009985523  0.003009985523  0.003009985523  0.003009985523  0.003009985523  0.003009985523  0.003009985523  0.006033656667  0.007054689843  0.005027819995  0.009090676347  0.013149879324  0.008071538390  0.011123127231  
syrmaticus_reevesii 0.003009985523  0.000000000000  0.000000000000  0.002004431448  0.000000000000  0.000000000000  0.000000000000  0.000000000000  0.000000000000  0.000000000000  0.000000000000  0.003007217376  0.004017778374  0.002004431448  0.006040120443  0.010083076420  0.005027819995  0.008062583175  
phasianus_colchicus 0.003009985523  0.000000000000  0.000000000000  0.002004431448  0.000000000000  0.000000000000  0.000000000000  0.000000000000  0.000000000000  0.000000000000  0.000000000000  0.003007217376  0.004017778374  0.002004431448  0.006040120443  0.010083076420  0.005027819995  0.008062583175  
catreus_wallichi 0.005027819995  0.002004431448  0.002004431448  0.000000000000  0.002004431448  0.002004431448  0.002004431448  0.002004431448  0.002004431448  0.002004431448  0.002004431448  0.005022593596  0.006040120443  0.004017778374  0.008071538390  0.012125301277  0.007054689843  0.010100644890  
syrmaticus_ellioti 0.003009985523  0.000000000000  0.000000000000  0.002004431448  0.000000000000  0.000000000000  0.000000000000  0.000000000000  0.000000000000  0.000000000000  0.000000000000  0.003007217376  0.004017778374  0.002004431448  0.006040120443  0.010083076420  0.005027819995  0.008062583175  
crossoptilon_crossoptilon 0.003009985523  0.000000000000  0.000000000000  0.002004431448  0.000000000000  0.000000000000  0.000000000000  0.000000000000  0.000000000000  0.000000000000  0.000000000000  0.003007217376  0.004017778374  0.002004431448  0.006040120443  0.010083076420  0.005027819995  0.008062583175  
lophura_swinhoii 0.003009985523  0.000000000000  0.000000000000  0.002004431448  0.000000000000  0.000000000000  0.000000000000  0.000000000000  0.000000000000  0.000000000000  0.000000000000  0.003007217376  0.004017778374  0.002004431448  0.006040120443  0.010083076420  0.005027819995  0.008062583175  
lophura_inornata 0.003009985523  0.000000000000  0.000000000000  0.002004431448  0.000000000000  0.000000000000  0.000000000000  0.000000000000  0.000000000000  0.000000000000  0.000000000000  0.003007217376  0.004017778374  0.002004431448  0.006040120443  0.010083076420  0.005027819995  0.008062583175  
lophophorus_impejanus 0.003009985523  0.000000000000  0.000000000000  0.002004431448  0.000000000000  0.000000000000  0.000000000000  0.000000000000  0.000000000000  0.000000000000  0.000000000000  0.003007217376  0.004017778374  0.002004431448  0.006040120443  0.010083076420  0.005027819995  0.008062583175  
chrysolophus_pictus 0.003009985523  0.000000000000  0.000000000000  0.002004431448  0.000000000000  0.000000000000  0.000000000000  0.000000000000  0.000000000000  0.000000000000  0.000000000000  0.003007217376  0.004017778374  0.002004431448  0.006040120443  0.010083076420  0.005027819995  0.008062583175  
lophura_nycthemera 0.003009985523  0.000000000000  0.000000000000  0.002004431448  0.000000000000  0.000000000000  0.000000000000  0.000000000000  0.000000000000  0.000000000000  0.000000000000  0.003007217376  0.004017778374  0.002004431448  0.006040120443  0.010083076420  0.005027819995  0.008062583175  
perdix_dauuricae 0.006033656667  0.003007217376  0.003007217376  0.005022593596  0.003007217376  0.003007217376  0.003007217376  0.003007217376  0.003007217376  0.003007217376  0.003007217376  0.000000000000  0.007046983141  0.005022593596  0.009080466993  0.013139999918  0.008062583175  0.011112184739  
tragopan_blythii 0.007054689843  0.004017778374  0.004017778374  0.006040120443  0.004017778374  0.004017778374  0.004017778374  0.004017778374  0.004017778374  0.004017778374  0.004017778374  0.007046983141  0.000000000000  0.006040120443  0.010112114045  0.014176781759  0.009090676347  0.012147924449  
pavo_cristatus 0.005027819995  0.002004431448  0.002004431448  0.004017778374  0.002004431448  0.002004431448  0.002004431448  0.002004431448  0.002004431448  0.002004431448  0.002004431448  0.005022593596  0.006040120443  0.000000000000  0.004017778374  0.008050024047  0.003009985523  0.006033656667  
galgal4    0.009090676347  0.006040120443  0.006040120443  0.008071538390  0.006040120443  0.006040120443  0.006040120443  0.006040120443  0.006040120443  0.006040120443  0.006040120443  0.009080466993  0.010112114045  0.004017778374  0.000000000000  0.012125301277  0.007054689843  0.010100644890  
rollulus_rouloul 0.013149879324  0.010083076420  0.010083076420  0.012125301277  0.010083076420  0.010083076420  0.010083076420  0.010083076420  0.010083076420  0.010083076420  0.010083076420  0.013139999918  0.014176781759  0.008050024047  0.012125301277  0.000000000000  0.011103037118  0.014165629044  
cyrtonyx_montezumae 0.008071538390  0.005027819995  0.005027819995  0.007054689843  0.005027819995  0.005027819995  0.005027819995  0.005027819995  0.005027819995  0.005027819995  0.005027819995  0.008062583175  0.009090676347  0.003009985523  0.007054689843  0.011103037118  0.000000000000  0.009080466993  
alectoris_rufa 0.011123127231  0.008062583175  0.008062583175  0.010100644890  0.008062583175  0.008062583175  0.008062583175  0.008062583175  0.008062583175  0.008062583175  0.008062583175  0.011112184739  0.012147924449  0.006033656667  0.010100644890  0.014165629044  0.009080466993  0.000000000000  

