18
syrmaticus_ellioti 0.000000000000  0.007036468676  0.009064466170  0.007036468676  0.011110138631  0.016220150946  0.005018898400  0.005018898400  0.008045944672  0.005018898400  0.005018898400  0.005018898400  0.005018898400  0.005018898400  0.006028553866  0.005018898400  0.005018898400  0.005018898400  
syrmaticus_reevesii 0.007036468676  0.000000000000  0.002004334065  0.004011440854  0.008061363323  0.013147317949  0.002002854588  0.002002854588  0.005017319253  0.002002854588  0.002002854588  0.002002854588  0.002002854588  0.002002854588  0.003007114218  0.002002854588  0.002002854588  0.002002854588  
pavo_cristatus 0.009064466170  0.002004334065  0.000000000000  0.006028553866  0.010098620423  0.015202331127  0.004013557823  0.004013557823  0.007036468676  0.004013557823  0.004013557823  0.004013557823  0.004013557823  0.004013557823  0.005022194922  0.004013557823  0.004013557823  0.004013557823  
galgal4    0.007036468676  0.004011440854  0.006028553866  0.000000000000  0.008061363323  0.013147317949  0.002002854588  0.002002854588  0.005017319253  0.002002854588  0.002002854588  0.002002854588  0.002002854588  0.002002854588  0.003007114218  0.002002854588  0.002002854588  0.002002854588  
melgal2    0.011110138631  0.008061363323  0.010098620423  0.008061363323  0.000000000000  0.005018898400  0.006039233640  0.006039233640  0.009070804221  0.006039233640  0.006039233640  0.006039233640  0.006039233640  0.006039233640  0.007053479237  0.006039233640  0.006039233640  0.006039233640  
rollulus_rouloul 0.016220150946  0.013147317949  0.015202331127  0.013147317949  0.005018898400  0.000000000000  0.011110138631  0.011110138631  0.014163024072  0.011110138631  0.011110138631  0.011110138631  0.011110138631  0.011110138631  0.012133185690  0.011110138631  0.011110138631  0.011110138631  
tragopan_blythii 0.005018898400  0.002002854588  0.004013557823  0.002002854588  0.006039233640  0.011110138631  0.000000000000  0.000000000000  0.003006171681  0.000000000000  0.000000000000  0.000000000000  0.000000000000  0.000000000000  0.001001081952  0.000000000000  0.000000000000  0.000000000000  
lophura_nycthemera 0.005018898400  0.002002854588  0.004013557823  0.002002854588  0.006039233640  0.011110138631  0.000000000000  0.000000000000  0.003006171681  0.000000000000  0.000000000000  0.000000000000  0.000000000000  0.000000000000  0.001001081952  0.000000000000  0.000000000000  0.000000000000  
cyrtonyx_montezumae 0.008045944672  0.005017319253  0.007036468676  0.005017319253  0.009070804221  0.014163024072  0.003006171681  0.003006171681  0.000000000000  0.003006171681  0.003006171681  0.003006171681  0.003006171681  0.003006171681  0.004011440854  0.003006171681  0.003006171681  0.003006171681  
crossoptilon_crossoptilon 0.005018898400  0.002002854588  0.004013557823  0.002002854588  0.006039233640  0.011110138631  0.000000000000  0.000000000000  0.003006171681  0.000000000000  0.000000000000  0.000000000000  0.000000000000  0.000000000000  0.001001081952  0.000000000000  0.000000000000  0.000000000000  
lophura_inornata 0.005018898400  0.002002854588  0.004013557823  0.002002854588  0.006039233640  0.011110138631  0.000000000000  0.000000000000  0.003006171681  0.000000000000  0.000000000000  0.000000000000  0.000000000000  0.000000000000  0.001001081952  0.000000000000  0.000000000000  0.000000000000  
perdix_dauuricae 0.005018898400  0.002002854588  0.004013557823  0.002002854588  0.006039233640  0.011110138631  0.000000000000  0.000000000000  0.003006171681  0.000000000000  0.000000000000  0.000000000000  0.000000000000  0.000000000000  0.001001081952  0.000000000000  0.000000000000  0.000000000000  
catreus_wallichi 0.005018898400  0.002002854588  0.004013557823  0.002002854588  0.006039233640  0.011110138631  0.000000000000  0.000000000000  0.003006171681  0.000000000000  0.000000000000  0.000000000000  0.000000000000  0.000000000000  0.001001081952  0.000000000000  0.000000000000  0.000000000000  
phasianus_colchicus 0.005018898400  0.002002854588  0.004013557823  0.002002854588  0.006039233640  0.011110138631  0.000000000000  0.000000000000  0.003006171681  0.000000000000  0.000000000000  0.000000000000  0.000000000000  0.000000000000  0.001001081952  0.000000000000  0.000000000000  0.000000000000  
lophophorus_impejanus 0.006028553866  0.003007114218  0.005022194922  0.003007114218  0.007053479237  0.012133185690  0.001001081952  0.001001081952  0.004011440854  0.001001081952  0.001001081952  0.001001081952  0.001001081952  0.001001081952  0.000000000000  0.001001081952  0.001001081952  0.001001081952  
lophura_swinhoii 0.005018898400  0.002002854588  0.004013557823  0.002002854588  0.006039233640  0.011110138631  0.000000000000  0.000000000000  0.003006171681  0.000000000000  0.000000000000  0.000000000000  0.000000000000  0.000000000000  0.001001081952  0.000000000000  0.000000000000  0.000000000000  
chrysolophus_pictus 0.005018898400  0.002002854588  0.004013557823  0.002002854588  0.006039233640  0.011110138631  0.000000000000  0.000000000000  0.003006171681  0.000000000000  0.000000000000  0.000000000000  0.000000000000  0.000000000000  0.001001081952  0.000000000000  0.000000000000  0.000000000000  
alectoris_rufa 0.005018898400  0.002002854588  0.004013557823  0.002002854588  0.006039233640  0.011110138631  0.000000000000  0.000000000000  0.003006171681  0.000000000000  0.000000000000  0.000000000000  0.000000000000  0.000000000000  0.001001081952  0.000000000000  0.000000000000  0.000000000000  

