18
galgal4    0.000000000000  0.042467525459  0.057850531669  0.101408088049  0.062129062092  0.050056757235  0.050056757235  0.054466572578  0.055575439279  0.050056757235  0.053317938820  0.056640494313  0.055575439279  0.050056757235  0.050056757235  0.055487164846  0.058732006236  0.030687589914  
pavo_cristatus 0.042467525459  0.000000000000  0.049172529868  0.094532747717  0.053404427736  0.041487218056  0.041487218056  0.045837553458  0.046931377954  0.041487218056  0.044707355232  0.047984892878  0.046931377954  0.041487218056  0.041487218056  0.046850137123  0.050056757235  0.044634895569  
cyrtonyx_montezumae 0.057850531669  0.049172529868  0.000000000000  0.056785125699  0.059075926565  0.047019700335  0.047019700335  0.051430994658  0.052540235417  0.047019700335  0.050275284410  0.051380599544  0.052540235417  0.047019700335  0.047019700335  0.052438522913  0.055670942872  0.061212575858  
rollulus_rouloul 0.101408088049  0.094532747717  0.056785125699  0.000000000000  0.105249821010  0.092226086915  0.092226086915  0.097030071504  0.095824522550  0.092226086915  0.093334856300  0.094532747717  0.098238681341  0.092226086915  0.092226086915  0.095644748441  0.101499127439  0.105055970892  
perdix_dauuricae 0.062129062092  0.053404427736  0.059075926565  0.105249821010  0.000000000000  0.011099345243  0.011099345243  0.015197759036  0.016227899812  0.011099345243  0.014159791555  0.017246722161  0.016227899812  0.011099345243  0.011099345243  0.028714805166  0.031841936333  0.065506240648  
catreus_wallichi 0.050056757235  0.041487218056  0.047019700335  0.092226086915  0.011099345243  0.000000000000  0.000000000000  0.004016900784  0.005026444779  0.000000000000  0.003006986038  0.006032264271  0.005026444779  0.000000000000  0.000000000000  0.017275504726  0.020353801892  0.053360282932  
crossoptilon_crossoptilon 0.050056757235  0.041487218056  0.047019700335  0.092226086915  0.011099345243  0.000000000000  0.000000000000  0.004016900784  0.005026444779  0.000000000000  0.003006986038  0.006032264271  0.005026444779  0.000000000000  0.000000000000  0.017275504726  0.020353801892  0.053360282932  
syrmaticus_ellioti 0.054466572578  0.045837553458  0.051430994658  0.097030071504  0.015197759036  0.004016900784  0.004016900784  0.000000000000  0.009086168413  0.004016900784  0.007044978099  0.010096111184  0.009086168413  0.004016900784  0.004016900784  0.021432291800  0.024528376320  0.057800952069  
lophura_swinhoii 0.055575439279  0.046931377954  0.052540235417  0.095824522550  0.016227899812  0.005026444779  0.005026444779  0.009086168413  0.000000000000  0.005026444779  0.008059851034  0.011117517030  0.010106532374  0.005026444779  0.005026444779  0.020389687079  0.025577765430  0.058917622481  
phasianus_colchicus 0.050056757235  0.041487218056  0.047019700335  0.092226086915  0.011099345243  0.000000000000  0.000000000000  0.004016900784  0.005026444779  0.000000000000  0.003006986038  0.006032264271  0.005026444779  0.000000000000  0.000000000000  0.017275504726  0.020353801892  0.053360282932  
lophura_nycthemera 0.053317938820  0.044707355232  0.050275284410  0.093334856300  0.014159791555  0.003006986038  0.003006986038  0.007044978099  0.008059851034  0.003006986038  0.000000000000  0.009069266942  0.008059851034  0.003006986038  0.003006986038  0.020370901712  0.023462298284  0.056640494313  
syrmaticus_reevesii 0.056640494313  0.047984892878  0.051380599544  0.094532747717  0.017246722161  0.006032264271  0.006032264271  0.010096111184  0.011117517030  0.006032264271  0.009069266942  0.000000000000  0.011117517030  0.006032264271  0.006032264271  0.023501989381  0.026606842444  0.059986403931  
melgal2    0.055575439279  0.046931377954  0.052540235417  0.098238681341  0.016227899812  0.005026444779  0.005026444779  0.009086168413  0.010106532374  0.005026444779  0.008059851034  0.011117517030  0.000000000000  0.005026444779  0.005026444779  0.022477185106  0.025577765430  0.058917622481  
chrysolophus_pictus 0.050056757235  0.041487218056  0.047019700335  0.092226086915  0.011099345243  0.000000000000  0.000000000000  0.004016900784  0.005026444779  0.000000000000  0.003006986038  0.006032264271  0.005026444779  0.000000000000  0.000000000000  0.017275504726  0.020353801892  0.053360282932  
lophura_inornata 0.050056757235  0.041487218056  0.047019700335  0.092226086915  0.011099345243  0.000000000000  0.000000000000  0.004016900784  0.005026444779  0.000000000000  0.003006986038  0.006032264271  0.005026444779  0.000000000000  0.000000000000  0.017275504726  0.020353801892  0.053360282932  
lophophorus_impejanus 0.055487164846  0.046850137123  0.052438522913  0.095644748441  0.028714805166  0.017275504726  0.017275504726  0.021432291800  0.020389687079  0.017275504726  0.020370901712  0.023501989381  0.022477185106  0.017275504726  0.017275504726  0.000000000000  0.015210644426  0.058821168696  
tragopan_blythii 0.058732006236  0.050056757235  0.055670942872  0.101499127439  0.031841936333  0.020353801892  0.020353801892  0.024528376320  0.025577765430  0.020353801892  0.023462298284  0.026606842444  0.025577765430  0.020353801892  0.020353801892  0.015210644426  0.000000000000  0.062081271500  
alectoris_rufa 0.030687589914  0.044634895569  0.061212575858  0.105055970892  0.065506240648  0.053360282932  0.053360282932  0.057800952069  0.058917622481  0.053360282932  0.056640494313  0.059986403931  0.058917622481  0.053360282932  0.053360282932  0.058821168696  0.062081271500  0.000000000000  

