18
galgal4    0.000000000000  0.005021757279  0.002002823642  0.004013311235  0.003007003038  0.003007003038  0.005021757279  0.007045099374  0.014170290255  0.007045099374  0.007045099374  0.007045099374  0.007045099374  0.008060013806  0.007045099374  0.007045099374  0.007045099374  0.003006892098  
cyrtonyx_montezumae 0.005021757279  0.000000000000  0.005026519528  0.007052126040  0.006038242314  0.006038242314  0.008068179955  0.010106835656  0.017276265518  0.010106835656  0.010106835656  0.010106835656  0.010106835656  0.011129456243  0.010106835656  0.010106835656  0.010106835656  0.006028105796  
pavo_cristatus 0.002002823642  0.005026519528  0.000000000000  0.004016948488  0.003009520062  0.003009520062  0.005026519528  0.007052126040  0.014182057626  0.007052126040  0.007052126040  0.007052126040  0.007052126040  0.008068179955  0.007052126040  0.007052126040  0.007052126040  0.003006126069  
rollulus_rouloul 0.004013311235  0.007052126040  0.004016948488  0.000000000000  0.001001054807  0.001001054807  0.003009520062  0.005026519528  0.012130401044  0.005026519528  0.005026519528  0.005026519528  0.005026519528  0.006038242314  0.005026519528  0.005026519528  0.005026519528  0.005018640077  
perdix_dauuricae 0.003007003038  0.006038242314  0.003009520062  0.001001054807  0.000000000000  0.000000000000  0.002004225174  0.004016948488  0.011107888519  0.004016948488  0.004016948488  0.004016948488  0.004016948488  0.005026519528  0.004016948488  0.004016948488  0.004016948488  0.004011316526  
lophophorus_impejanus 0.003007003038  0.006038242314  0.003009520062  0.001001054807  0.000000000000  0.000000000000  0.002004225174  0.004016948488  0.011107888519  0.004016948488  0.004016948488  0.004016948488  0.004016948488  0.005026519528  0.004016948488  0.004016948488  0.004016948488  0.004011316526  
melgal2    0.005021757279  0.008068179955  0.005026519528  0.003009520062  0.002004225174  0.002004225174  0.000000000000  0.006038242314  0.013155120897  0.006038242314  0.006038242314  0.006038242314  0.006038242314  0.007052126040  0.006038242314  0.006038242314  0.006038242314  0.006028105796  
syrmaticus_ellioti 0.007045099374  0.010106835656  0.007052126040  0.005026519528  0.004016948488  0.004016948488  0.006038242314  0.000000000000  0.007039722812  0.000000000000  0.000000000000  0.000000000000  0.000000000000  0.001001054807  0.000000000000  0.000000000000  0.000000000000  0.008053500314  
tragopan_blythii 0.014170290255  0.017276265518  0.014182057626  0.012130401044  0.011107888519  0.011107888519  0.013155120897  0.007039722812  0.000000000000  0.007039722812  0.007039722812  0.007039722812  0.007039722812  0.008053500314  0.007039722812  0.007039722812  0.007039722812  0.015187024692  
syrmaticus_reevesii 0.007045099374  0.010106835656  0.007052126040  0.005026519528  0.004016948488  0.004016948488  0.006038242314  0.000000000000  0.007039722812  0.000000000000  0.000000000000  0.000000000000  0.000000000000  0.001001054807  0.000000000000  0.000000000000  0.000000000000  0.008053500314  
chrysolophus_pictus 0.007045099374  0.010106835656  0.007052126040  0.005026519528  0.004016948488  0.004016948488  0.006038242314  0.000000000000  0.007039722812  0.000000000000  0.000000000000  0.000000000000  0.000000000000  0.001001054807  0.000000000000  0.000000000000  0.000000000000  0.008053500314  
lophura_nycthemera 0.007045099374  0.010106835656  0.007052126040  0.005026519528  0.004016948488  0.004016948488  0.006038242314  0.000000000000  0.007039722812  0.000000000000  0.000000000000  0.000000000000  0.000000000000  0.001001054807  0.000000000000  0.000000000000  0.000000000000  0.008053500314  
catreus_wallichi 0.007045099374  0.010106835656  0.007052126040  0.005026519528  0.004016948488  0.004016948488  0.006038242314  0.000000000000  0.007039722812  0.000000000000  0.000000000000  0.000000000000  0.000000000000  0.001001054807  0.000000000000  0.000000000000  0.000000000000  0.008053500314  
crossoptilon_crossoptilon 0.008060013806  0.011129456243  0.008068179955  0.006038242314  0.005026519528  0.005026519528  0.007052126040  0.001001054807  0.008053500314  0.001001054807  0.001001054807  0.001001054807  0.001001054807  0.000000000000  0.001001054807  0.001001054807  0.001001054807  0.009069447551  
lophura_inornata 0.007045099374  0.010106835656  0.007052126040  0.005026519528  0.004016948488  0.004016948488  0.006038242314  0.000000000000  0.007039722812  0.000000000000  0.000000000000  0.000000000000  0.000000000000  0.001001054807  0.000000000000  0.000000000000  0.000000000000  0.008053500314  
lophura_swinhoii 0.007045099374  0.010106835656  0.007052126040  0.005026519528  0.004016948488  0.004016948488  0.006038242314  0.000000000000  0.007039722812  0.000000000000  0.000000000000  0.000000000000  0.000000000000  0.001001054807  0.000000000000  0.000000000000  0.000000000000  0.008053500314  
phasianus_colchicus 0.007045099374  0.010106835656  0.007052126040  0.005026519528  0.004016948488  0.004016948488  0.006038242314  0.000000000000  0.007039722812  0.000000000000  0.000000000000  0.000000000000  0.000000000000  0.001001054807  0.000000000000  0.000000000000  0.000000000000  0.008053500314  
alectoris_rufa 0.003006892098  0.006028105796  0.003006126069  0.005018640077  0.004011316526  0.004011316526  0.006028105796  0.008053500314  0.015187024692  0.008053500314  0.008053500314  0.008053500314  0.008053500314  0.009069447551  0.008053500314  0.008053500314  0.008053500314  0.000000000000  

