18
galgal4    0.000000000000  0.001001031173  0.015236580408  0.008066637390  0.012138531685  0.011126514976  0.014205797831  0.008066637390  0.009084455542  0.009084455542  0.015220976158  0.014205797831  0.008066637390  0.008066637390  0.008066637390  0.008066637390  0.008066637390  0.004016567157  
rollulus_rouloul 0.001001031173  0.000000000000  0.016269555900  0.009084455542  0.013163840447  0.012150774318  0.015236580408  0.009084455542  0.010104411736  0.010104411736  0.016252821571  0.015236580408  0.009084455542  0.009084455542  0.009084455542  0.009084455542  0.009084455542  0.005025922026  
cyrtonyx_montezumae 0.015236580408  0.016269555900  0.000000000000  0.009084455542  0.013163840447  0.012150774318  0.015236580408  0.009084455542  0.010104411736  0.010104411736  0.016252821571  0.015236580408  0.009084455542  0.009084455542  0.009084455542  0.009084455542  0.009084455542  0.011126514976  
lophura_inornata 0.008066637390  0.009084455542  0.009084455542  0.000000000000  0.004013084177  0.003009306162  0.006037379493  0.000000000000  0.001001031173  0.001001031173  0.007044214790  0.006037379493  0.000000000000  0.000000000000  0.000000000000  0.000000000000  0.000000000000  0.004016567157  
syrmaticus_ellioti 0.012138531685  0.013163840447  0.013163840447  0.004013084177  0.000000000000  0.003006897728  0.006031733985  0.004013084177  0.005021360031  0.005021360031  0.011105856739  0.010094386632  0.004013084177  0.004013084177  0.004013084177  0.004013084177  0.004013084177  0.008058811250  
perdix_dauuricae 0.011126514976  0.012150774318  0.012150774318  0.003009306162  0.003006897728  0.000000000000  0.003009306162  0.003009306162  0.004016567157  0.004016567157  0.010094386632  0.009084455542  0.003009306162  0.003009306162  0.003009306162  0.003009306162  0.003009306162  0.007050948337  
syrmaticus_reevesii 0.014205797831  0.015236580408  0.015236580408  0.006037379493  0.006031733985  0.003009306162  0.000000000000  0.006037379493  0.007050948337  0.007050948337  0.013163840447  0.012150774318  0.006037379493  0.006037379493  0.006037379493  0.006037379493  0.006037379493  0.010104411736  
crossoptilon_crossoptilon 0.008066637390  0.009084455542  0.009084455542  0.000000000000  0.004013084177  0.003009306162  0.006037379493  0.000000000000  0.001001031173  0.001001031173  0.007044214790  0.006037379493  0.000000000000  0.000000000000  0.000000000000  0.000000000000  0.000000000000  0.004016567157  
pavo_cristatus 0.009084455542  0.010104411736  0.010104411736  0.001001031173  0.005021360031  0.004016567157  0.007050948337  0.001001031173  0.000000000000  0.000000000000  0.006031733985  0.005025922026  0.001001031173  0.001001031173  0.001001031173  0.001001031173  0.001001031173  0.005025922026  
lophophorus_impejanus 0.009084455542  0.010104411736  0.010104411736  0.001001031173  0.005021360031  0.004016567157  0.007050948337  0.001001031173  0.000000000000  0.000000000000  0.006031733985  0.005025922026  0.001001031173  0.001001031173  0.001001031173  0.001001031173  0.001001031173  0.005025922026  
melgal2    0.015220976158  0.016252821571  0.016252821571  0.007044214790  0.011105856739  0.010094386632  0.013163840447  0.007044214790  0.006031733985  0.006031733985  0.000000000000  0.011115383443  0.007044214790  0.007044214790  0.007044214790  0.007044214790  0.007044214790  0.011115383443  
tragopan_blythii 0.014205797831  0.015236580408  0.015236580408  0.006037379493  0.010094386632  0.009084455542  0.012150774318  0.006037379493  0.005025922026  0.005025922026  0.011115383443  0.000000000000  0.006037379493  0.006037379493  0.006037379493  0.006037379493  0.006037379493  0.010104411736  
lophura_swinhoii 0.008066637390  0.009084455542  0.009084455542  0.000000000000  0.004013084177  0.003009306162  0.006037379493  0.000000000000  0.001001031173  0.001001031173  0.007044214790  0.006037379493  0.000000000000  0.000000000000  0.000000000000  0.000000000000  0.000000000000  0.004016567157  
chrysolophus_pictus 0.008066637390  0.009084455542  0.009084455542  0.000000000000  0.004013084177  0.003009306162  0.006037379493  0.000000000000  0.001001031173  0.001001031173  0.007044214790  0.006037379493  0.000000000000  0.000000000000  0.000000000000  0.000000000000  0.000000000000  0.004016567157  
lophura_nycthemera 0.008066637390  0.009084455542  0.009084455542  0.000000000000  0.004013084177  0.003009306162  0.006037379493  0.000000000000  0.001001031173  0.001001031173  0.007044214790  0.006037379493  0.000000000000  0.000000000000  0.000000000000  0.000000000000  0.000000000000  0.004016567157  
phasianus_colchicus 0.008066637390  0.009084455542  0.009084455542  0.000000000000  0.004013084177  0.003009306162  0.006037379493  0.000000000000  0.001001031173  0.001001031173  0.007044214790  0.006037379493  0.000000000000  0.000000000000  0.000000000000  0.000000000000  0.000000000000  0.004016567157  
catreus_wallichi 0.008066637390  0.009084455542  0.009084455542  0.000000000000  0.004013084177  0.003009306162  0.006037379493  0.000000000000  0.001001031173  0.001001031173  0.007044214790  0.006037379493  0.000000000000  0.000000000000  0.000000000000  0.000000000000  0.000000000000  0.004016567157  
alectoris_rufa 0.004016567157  0.005025922026  0.011126514976  0.004016567157  0.008058811250  0.007050948337  0.010104411736  0.004016567157  0.005025922026  0.005025922026  0.011115383443  0.010104411736  0.004016567157  0.004016567157  0.004016567157  0.004016567157  0.004016567157  0.000000000000  

