18
pavo_cristatus 0.000000000000  0.020326294675  0.007038310807  0.015164571913  0.022403166512  0.018247854038  0.018247854038  0.018247854038  0.018247854038  0.026546910492  0.024431627663  0.018247854038  0.021350274635  0.018247854038  0.018247854038  0.020303255782  0.018247854038  0.007038310807  
tragopan_blythii 0.020326294675  0.000000000000  0.019318219076  0.033846940347  0.041336531552  0.037031723451  0.037031723451  0.037031723451  0.037031723451  0.045595402001  0.043385811644  0.037031723451  0.040236930015  0.037031723451  0.037031723451  0.038076292321  0.037031723451  0.025500869970  
rollulus_rouloul 0.007038310807  0.019318219076  0.000000000000  0.018232209384  0.025500869970  0.021328221708  0.021328221708  0.021328221708  0.021328221708  0.029661871916  0.027537614890  0.021328221708  0.024443531363  0.021328221708  0.021328221708  0.023392114644  0.021328221708  0.010072769304  
galgal4    0.015164571913  0.033846940347  0.018232209384  0.000000000000  0.009073605812  0.005018099982  0.005018099982  0.005018099982  0.005018099982  0.013138882108  0.011085711162  0.005018099982  0.008051486574  0.005018099982  0.005018099982  0.007035009994  0.005018099982  0.014141023513  
cyrtonyx_montezumae 0.022403166512  0.041336531552  0.025500869970  0.009073605812  0.000000000000  0.008057339530  0.008057339530  0.008057339530  0.008057339530  0.016231690521  0.014154449355  0.008057339530  0.011112358559  0.008057339530  0.008057339530  0.010084020452  0.008057339530  0.021363651843  
lophura_nycthemera 0.018247854038  0.037031723451  0.021328221708  0.005018099982  0.008057339530  0.000000000000  0.000000000000  0.000000000000  0.000000000000  0.008057339530  0.006024906002  0.000000000000  0.003009039547  0.000000000000  0.000000000000  0.002002756900  0.000000000000  0.017217978511  
lophura_inornata 0.018247854038  0.037031723451  0.021328221708  0.005018099982  0.008057339530  0.000000000000  0.000000000000  0.000000000000  0.000000000000  0.008057339530  0.006024906002  0.000000000000  0.003009039547  0.000000000000  0.000000000000  0.002002756900  0.000000000000  0.017217978511  
phasianus_colchicus 0.018247854038  0.037031723451  0.021328221708  0.005018099982  0.008057339530  0.000000000000  0.000000000000  0.000000000000  0.000000000000  0.008057339530  0.006024906002  0.000000000000  0.003009039547  0.000000000000  0.000000000000  0.002002756900  0.000000000000  0.017217978511  
crossoptilon_crossoptilon 0.018247854038  0.037031723451  0.021328221708  0.005018099982  0.008057339530  0.000000000000  0.000000000000  0.000000000000  0.000000000000  0.008057339530  0.006024906002  0.000000000000  0.003009039547  0.000000000000  0.000000000000  0.002002756900  0.000000000000  0.017217978511  
catreus_wallichi 0.026546910492  0.045595402001  0.029661871916  0.013138882108  0.016231690521  0.008057339530  0.008057339530  0.008057339530  0.008057339530  0.000000000000  0.012109442760  0.008057339530  0.011112358559  0.008057339530  0.008057339530  0.010084020452  0.008057339530  0.025500869970  
melgal2    0.024431627663  0.043385811644  0.027537614890  0.011085711162  0.014154449355  0.006024906002  0.006024906002  0.006024906002  0.006024906002  0.012109442760  0.000000000000  0.006024906002  0.009061362827  0.006024906002  0.006024906002  0.008044361351  0.006024906002  0.023392114644  
syrmaticus_ellioti 0.018247854038  0.037031723451  0.021328221708  0.005018099982  0.008057339530  0.000000000000  0.000000000000  0.000000000000  0.000000000000  0.008057339530  0.006024906002  0.000000000000  0.003009039547  0.000000000000  0.000000000000  0.002002756900  0.000000000000  0.017217978511  
chrysolophus_pictus 0.021350274635  0.040236930015  0.024443531363  0.008051486574  0.011112358559  0.003009039547  0.003009039547  0.003009039547  0.003009039547  0.011112358559  0.009061362827  0.003009039547  0.000000000000  0.003009039547  0.003009039547  0.005020880360  0.003009039547  0.020313993273  
syrmaticus_reevesii 0.018247854038  0.037031723451  0.021328221708  0.005018099982  0.008057339530  0.000000000000  0.000000000000  0.000000000000  0.000000000000  0.008057339530  0.006024906002  0.000000000000  0.003009039547  0.000000000000  0.000000000000  0.002002756900  0.000000000000  0.017217978511  
lophura_swinhoii 0.018247854038  0.037031723451  0.021328221708  0.005018099982  0.008057339530  0.000000000000  0.000000000000  0.000000000000  0.000000000000  0.008057339530  0.006024906002  0.000000000000  0.003009039547  0.000000000000  0.000000000000  0.002002756900  0.000000000000  0.017217978511  
lophophorus_impejanus 0.020303255782  0.038076292321  0.023392114644  0.007035009994  0.010084020452  0.002002756900  0.002002756900  0.002002756900  0.002002756900  0.010084020452  0.008044361351  0.002002756900  0.005020880360  0.002002756900  0.002002756900  0.000000000000  0.002002756900  0.019270187675  
perdix_dauuricae 0.018247854038  0.037031723451  0.021328221708  0.005018099982  0.008057339530  0.000000000000  0.000000000000  0.000000000000  0.000000000000  0.008057339530  0.006024906002  0.000000000000  0.003009039547  0.000000000000  0.000000000000  0.002002756900  0.000000000000  0.017217978511  
alectoris_rufa 0.007038310807  0.025500869970  0.010072769304  0.014141023513  0.021363651843  0.017217978511  0.017217978511  0.017217978511  0.017217978511  0.025500869970  0.023392114644  0.017217978511  0.020313993273  0.017217978511  0.017217978511  0.019270187675  0.017217978511  0.000000000000  

