18
pavo_cristatus 0.000000000000  0.013124970033  0.013124970033  0.023431446121  0.023431446121  0.030736673338  0.027581129796  0.031814505744  0.023431446121  0.027598135560  0.030717911636  0.023431446121  0.032830538503  0.031814505744  0.022405275760  0.029722704252  0.037036617168  0.012116960684  
cyrtonyx_montezumae 0.013124970033  0.000000000000  0.000000000000  0.028586056276  0.028586056276  0.035934912903  0.032762695275  0.037015906559  0.028586056276  0.032777208959  0.035918635316  0.028586056276  0.038042473058  0.037015906559  0.027551948436  0.034910453139  0.042276169616  0.025488522332  
rollulus_rouloul 0.013124970033  0.000000000000  0.000000000000  0.028586056276  0.028586056276  0.035934912903  0.032762695275  0.037015906559  0.028586056276  0.032777208959  0.035918635316  0.028586056276  0.038042473058  0.037015906559  0.027551948436  0.034910453139  0.042276169616  0.025488522332  
chrysolophus_pictus 0.023431446121  0.028586056276  0.028586056276  0.000000000000  0.000000000000  0.007038491109  0.004011086906  0.008057678369  0.000000000000  0.004012876181  0.007035143688  0.000000000000  0.013124970033  0.011096427209  0.003006803967  0.010084470201  0.053073935101  0.036016431823  
lophura_nycthemera 0.023431446121  0.028586056276  0.028586056276  0.000000000000  0.000000000000  0.007038491109  0.004011086906  0.008057678369  0.000000000000  0.004012876181  0.007035143688  0.000000000000  0.013124970033  0.011096427209  0.003006803967  0.010084470201  0.053073935101  0.036016431823  
lophura_swinhoii 0.030736673338  0.035934912903  0.035934912903  0.007038491109  0.007038491109  0.000000000000  0.005025349295  0.015191209130  0.007038491109  0.011096427209  0.014147589564  0.007038491109  0.020304573183  0.018259263493  0.010077987318  0.017238955013  0.060715498825  0.043470296571  
phasianus_colchicus 0.027581129796  0.032762695275  0.032762695275  0.004011086906  0.004011086906  0.005025349295  0.000000000000  0.012116960684  0.004011086906  0.008047354051  0.011086028772  0.004011086906  0.017211267275  0.015172319917  0.007035143688  0.014155182799  0.057402304302  0.040243034815  
catreus_wallichi 0.031814505744  0.037015906559  0.037015906559  0.008057678369  0.008057678369  0.015191209130  0.012116960684  0.000000000000  0.008057678369  0.012125555394  0.015180979959  0.008057678369  0.021351953201  0.019305496744  0.011103963836  0.018284613567  0.061861379988  0.044581275405  
syrmaticus_ellioti 0.023431446121  0.028586056276  0.028586056276  0.000000000000  0.000000000000  0.007038491109  0.004011086906  0.008057678369  0.000000000000  0.004012876181  0.007035143688  0.000000000000  0.013124970033  0.011096427209  0.003006803967  0.010084470201  0.053073935101  0.036016431823  
syrmaticus_reevesii 0.027598135560  0.032777208959  0.032777208959  0.004012876181  0.004012876181  0.011096427209  0.008047354051  0.012125555394  0.004012876181  0.000000000000  0.005018171748  0.004012876181  0.017218917794  0.015180979959  0.007038491109  0.014164342939  0.057433887253  0.040268867442  
lophura_inornata 0.030717911636  0.035918635316  0.035918635316  0.007035143688  0.007035143688  0.014147589564  0.011086028772  0.015180979959  0.007035143688  0.005018171748  0.000000000000  0.007035143688  0.020295271930  0.018248955327  0.010073059509  0.017228148067  0.059576306728  0.043442592115  
crossoptilon_crossoptilon 0.023431446121  0.028586056276  0.028586056276  0.000000000000  0.000000000000  0.007038491109  0.004011086906  0.008057678369  0.000000000000  0.004012876181  0.007035143688  0.000000000000  0.013124970033  0.011096427209  0.003006803967  0.010084470201  0.053073935101  0.036016431823  
tragopan_blythii 0.032830538503  0.038042473058  0.038042473058  0.013124970033  0.013124970033  0.020304573183  0.017211267275  0.021351953201  0.013124970033  0.017218917794  0.020295271930  0.013124970033  0.000000000000  0.006024228665  0.013131500852  0.020327941525  0.062900565693  0.045603442516  
lophophorus_impejanus 0.031814505744  0.037015906559  0.037015906559  0.011096427209  0.011096427209  0.018259263493  0.015172319917  0.019305496744  0.011096427209  0.015180979959  0.018248955327  0.011096427209  0.006024228665  0.000000000000  0.011103963836  0.018284613567  0.061861379988  0.044581275405  
perdix_dauuricae 0.022405275760  0.027551948436  0.027551948436  0.003006803967  0.003006803967  0.010077987318  0.007035143688  0.011103963836  0.003006803967  0.007038491109  0.010073059509  0.003006803967  0.013131500852  0.011103963836  0.000000000000  0.009074049204  0.052010560282  0.034975509692  
melgal2    0.029722704252  0.034910453139  0.034910453139  0.010084470201  0.010084470201  0.017238955013  0.014155182799  0.018284613567  0.010084470201  0.014164342939  0.017228148067  0.010084470201  0.020327941525  0.018284613567  0.009074049204  0.000000000000  0.059678471280  0.042450217782  
galgal4    0.037036617168  0.042276169616  0.042276169616  0.053073935101  0.053073935101  0.060715498825  0.057402304302  0.061861379988  0.053073935101  0.057433887253  0.059576306728  0.053073935101  0.062900565693  0.061861379988  0.052010560282  0.059678471280  0.000000000000  0.049888825674  
alectoris_rufa 0.012116960684  0.025488522332  0.025488522332  0.036016431823  0.036016431823  0.043470296571  0.040243034815  0.044581275405  0.036016431823  0.040268867442  0.043442592115  0.036016431823  0.045603442516  0.044581275405  0.034975509692  0.042450217782  0.049888825674  0.000000000000  

