18
melgal2    0.000000000000  0.009074185907  0.013139806482  0.010073114042  0.011090532429  0.015203371220  0.014175378486  0.018259610265  0.010084605537  0.010084605537  0.010084605537  0.010084605537  0.010084605537  0.010084605537  0.014164600063  0.010084605537  0.010084605537  0.008051816026  
pavo_cristatus 0.009074185907  0.000000000000  0.012125769926  0.009061698816  0.010078083057  0.014187716252  0.013160779263  0.017239313031  0.009074185907  0.009074185907  0.009074185907  0.009074185907  0.009074185907  0.009074185907  0.013149514320  0.009074185907  0.009074185907  0.011096556667  
perdix_dauuricae 0.013139806482  0.012125769926  0.000000000000  0.005021024773  0.006031210685  0.018285104134  0.017251760896  0.021352414773  0.013139806482  0.013139806482  0.013139806482  0.013139806482  0.013139806482  0.013139806482  0.017239313031  0.013139806482  0.013139806482  0.015172507526  
cyrtonyx_montezumae 0.010073114042  0.009061698816  0.005021024773  0.000000000000  0.003006035236  0.015181228873  0.014155383952  0.018240425811  0.010073114042  0.010073114042  0.010073114042  0.010073114042  0.010073114042  0.010073114042  0.014147733150  0.010073114042  0.010073114042  0.012100562481  
tragopan_blythii 0.011090532429  0.010078083057  0.006031210685  0.003006035236  0.000000000000  0.016209202282  0.015181228873  0.019271579398  0.011090532429  0.011090532429  0.011090532429  0.011090532429  0.011090532429  0.011090532429  0.015172507526  0.011090532429  0.011090532429  0.013120055490  
galgal4    0.015203371220  0.014187716252  0.018285104134  0.015181228873  0.016209202282  0.000000000000  0.011104136561  0.023447916257  0.015203371220  0.015203371220  0.015203371220  0.015203371220  0.015203371220  0.015203371220  0.019320607122  0.015203371220  0.015203371220  0.017239313031  
rollulus_rouloul 0.014175378486  0.013160779263  0.017251760896  0.014155383952  0.015181228873  0.011104136561  0.000000000000  0.022405899364  0.014175378486  0.014175378486  0.014175378486  0.014175378486  0.014175378486  0.014175378486  0.018285104134  0.014175378486  0.014175378486  0.016209202282  
lophophorus_impejanus 0.018259610265  0.017239313031  0.021352414773  0.018240425811  0.019271579398  0.023447916257  0.022405899364  0.000000000000  0.018259610265  0.018259610265  0.018259610265  0.018259610265  0.018259610265  0.018259610265  0.022391144770  0.018259610265  0.018259610265  0.020304883583  
phasianus_colchicus 0.010084605537  0.009074185907  0.013139806482  0.010073114042  0.011090532429  0.015203371220  0.014175378486  0.018259610265  0.000000000000  0.000000000000  0.000000000000  0.000000000000  0.000000000000  0.000000000000  0.004012894400  0.000000000000  0.000000000000  0.012110044445  
syrmaticus_ellioti 0.010084605537  0.009074185907  0.013139806482  0.010073114042  0.011090532429  0.015203371220  0.014175378486  0.018259610265  0.000000000000  0.000000000000  0.000000000000  0.000000000000  0.000000000000  0.000000000000  0.004012894400  0.000000000000  0.000000000000  0.012110044445  
syrmaticus_reevesii 0.010084605537  0.009074185907  0.013139806482  0.010073114042  0.011090532429  0.015203371220  0.014175378486  0.018259610265  0.000000000000  0.000000000000  0.000000000000  0.000000000000  0.000000000000  0.000000000000  0.004012894400  0.000000000000  0.000000000000  0.012110044445  
lophura_swinhoii 0.010084605537  0.009074185907  0.013139806482  0.010073114042  0.011090532429  0.015203371220  0.014175378486  0.018259610265  0.000000000000  0.000000000000  0.000000000000  0.000000000000  0.000000000000  0.000000000000  0.004012894400  0.000000000000  0.000000000000  0.012110044445  
crossoptilon_crossoptilon 0.010084605537  0.009074185907  0.013139806482  0.010073114042  0.011090532429  0.015203371220  0.014175378486  0.018259610265  0.000000000000  0.000000000000  0.000000000000  0.000000000000  0.000000000000  0.000000000000  0.004012894400  0.000000000000  0.000000000000  0.012110044445  
lophura_nycthemera 0.010084605537  0.009074185907  0.013139806482  0.010073114042  0.011090532429  0.015203371220  0.014175378486  0.018259610265  0.000000000000  0.000000000000  0.000000000000  0.000000000000  0.000000000000  0.000000000000  0.004012894400  0.000000000000  0.000000000000  0.012110044445  
catreus_wallichi 0.014164600063  0.013149514320  0.017239313031  0.014147733150  0.015172507526  0.019320607122  0.018285104134  0.022391144770  0.004012894400  0.004012894400  0.004012894400  0.004012894400  0.004012894400  0.004012894400  0.000000000000  0.004012894400  0.004012894400  0.016199405946  
lophura_inornata 0.010084605537  0.009074185907  0.013139806482  0.010073114042  0.011090532429  0.015203371220  0.014175378486  0.018259610265  0.000000000000  0.000000000000  0.000000000000  0.000000000000  0.000000000000  0.000000000000  0.004012894400  0.000000000000  0.000000000000  0.012110044445  
chrysolophus_pictus 0.010084605537  0.009074185907  0.013139806482  0.010073114042  0.011090532429  0.015203371220  0.014175378486  0.018259610265  0.000000000000  0.000000000000  0.000000000000  0.000000000000  0.000000000000  0.000000000000  0.004012894400  0.000000000000  0.000000000000  0.012110044445  
alectoris_rufa 0.008051816026  0.011096556667  0.015172507526  0.012100562481  0.013120055490  0.017239313031  0.016209202282  0.020304883583  0.012110044445  0.012110044445  0.012110044445  0.012110044445  0.012110044445  0.012110044445  0.016199405946  0.012110044445  0.012110044445  0.000000000000  

