18
pavo_cristatus 0.000000000000  0.061728647451  0.030726853197  0.031782812224  0.035984455832  0.037049570835  0.031782812224  0.039212081366  0.033901595877  0.033901595877  0.036006184443  0.031782812224  0.030709292284  0.029642030947  0.028621751497  0.032771594366  0.064998110001  0.019284550584  
cyrtonyx_montezumae 0.061728647451  0.000000000000  0.047592733632  0.054110048370  0.058445294366  0.059547362904  0.054110048370  0.059641431763  0.056301933444  0.056301933444  0.058473600540  0.054110048370  0.052993957922  0.051884538700  0.050840533231  0.055110167619  0.087250974966  0.045495747483  
galgal4    0.030726853197  0.047592733632  0.000000000000  0.023436934461  0.027588360917  0.028638671540  0.023436934461  0.030766984516  0.025526424473  0.025526424473  0.027605792629  0.023436934461  0.022382133318  0.021333436010  0.020319345540  0.024427841986  0.058445294366  0.011097624758  
syrmaticus_ellioti 0.031782812224  0.054110048370  0.023436934461  0.000000000000  0.004011208789  0.005018378352  0.000000000000  0.007043979040  0.002004101216  0.002004101216  0.004013037508  0.000000000000  0.007043979040  0.006027626641  0.005025738286  0.009058398903  0.046553115028  0.012118440664  
crossoptilon_crossoptilon 0.035984455832  0.058445294366  0.027588360917  0.004011208789  0.000000000000  0.009058398903  0.004011208789  0.011097624758  0.006027626641  0.006027626641  0.008047901328  0.004011208789  0.011097624758  0.010073894567  0.009067930116  0.013121349317  0.050840533231  0.016201586972  
catreus_wallichi 0.037049570835  0.059547362904  0.028638671540  0.005018378352  0.009058398903  0.000000000000  0.005018378352  0.012118440664  0.007038962255  0.007038962255  0.009062363904  0.005018378352  0.012118440664  0.011091503504  0.010085579830  0.014143170182  0.051927944456  0.017230957089  
phasianus_colchicus 0.031782812224  0.054110048370  0.023436934461  0.000000000000  0.004011208789  0.005018378352  0.000000000000  0.007043979040  0.002004101216  0.002004101216  0.004013037508  0.000000000000  0.007043979040  0.006027626641  0.005025738286  0.009058398903  0.046553115028  0.012118440664  
lophura_nycthemera 0.039212081366  0.059641431763  0.030766984516  0.007043979040  0.011097624758  0.012118440664  0.007043979040  0.000000000000  0.005021265375  0.005021265375  0.011105351801  0.007043979040  0.014177490238  0.013141392067  0.012137674102  0.016201586972  0.054136877839  0.019309522215  
lophura_inornata 0.033901595877  0.056301933444  0.025526424473  0.002004101216  0.006027626641  0.007038962255  0.002004101216  0.005021265375  0.000000000000  0.000000000000  0.006031576344  0.002004101216  0.009075094384  0.008052393844  0.007050586208  0.011091503504  0.048716008291  0.014166487920  
lophura_swinhoii 0.033901595877  0.056301933444  0.025526424473  0.002004101216  0.006027626641  0.007038962255  0.002004101216  0.005021265375  0.000000000000  0.000000000000  0.006031576344  0.002004101216  0.009075094384  0.008052393844  0.007050586208  0.011091503504  0.048716008291  0.014166487920  
chrysolophus_pictus 0.036006184443  0.058473600540  0.027605792629  0.004013037508  0.008047901328  0.009062363904  0.004013037508  0.011105351801  0.006031576344  0.006031576344  0.000000000000  0.004013037508  0.011105351801  0.010078935452  0.009075094384  0.013126414529  0.050863644867  0.016211557713  
syrmaticus_reevesii 0.031782812224  0.054110048370  0.023436934461  0.000000000000  0.004011208789  0.005018378352  0.000000000000  0.007043979040  0.002004101216  0.002004101216  0.004013037508  0.000000000000  0.007043979040  0.006027626641  0.005025738286  0.009058398903  0.046553115028  0.012118440664  
perdix_dauuricae 0.030709292284  0.052993957922  0.022382133318  0.007043979040  0.011097624758  0.012118440664  0.007043979040  0.014177490238  0.009075094384  0.009075094384  0.011105351801  0.007043979040  0.000000000000  0.005017080369  0.004013037508  0.008043716313  0.044382185763  0.011091503504  
lophophorus_impejanus 0.029642030947  0.051884538700  0.021333436010  0.006027626641  0.010073894567  0.011091503504  0.006027626641  0.013141392067  0.008052393844  0.008052393844  0.010078935452  0.006027626641  0.005017080369  0.000000000000  0.003006109406  0.007034862150  0.046514909749  0.010070460352  
tragopan_blythii 0.028621751497  0.050840533231  0.020319345540  0.005025738286  0.009067930116  0.010085579830  0.005025738286  0.012137674102  0.007050586208  0.007050586208  0.009075094384  0.005025738286  0.004013037508  0.003006109406  0.000000000000  0.006024504230  0.045475245399  0.009062363904  
melgal2    0.032771594366  0.055110167619  0.024427841986  0.009058398903  0.013121349317  0.014143170182  0.009058398903  0.016201586972  0.011091503504  0.011091503504  0.013126414529  0.009058398903  0.008043716313  0.007034862150  0.006024504230  0.000000000000  0.049717036437  0.013117904088  
rollulus_rouloul 0.064998110001  0.087250974966  0.058445294366  0.046553115028  0.050840533231  0.051927944456  0.046553115028  0.054136877839  0.048716008291  0.048716008291  0.050863644867  0.046553115028  0.044382185763  0.046514909749  0.045475245399  0.049717036437  0.000000000000  0.046533140717  
alectoris_rufa 0.019284550584  0.045495747483  0.011097624758  0.012118440664  0.016201586972  0.017230957089  0.012118440664  0.019309522215  0.014166487920  0.014166487920  0.016211557713  0.012118440664  0.011091503504  0.010070460352  0.009062363904  0.013117904088  0.046533140717  0.000000000000  

