18
rollulus_rouloul 0.000000000000  0.068009279099  0.067062462011  0.059132372750  0.066996423895  0.071444039502  0.071444039502  0.072594487266  0.077224275270  0.089927966531  0.089927966531  0.071444039502  0.071444039502  0.071444039502  0.071444039502  0.048072407458  0.084091107394  0.062514824828  
galgal4    0.068009279099  0.000000000000  0.029772450608  0.052540058924  0.059190366203  0.063585891868  0.063585891868  0.064720023998  0.069283758167  0.079479581674  0.079479581674  0.063585891868  0.063585891868  0.063585891868  0.063585891868  0.039434546831  0.072594487266  0.054659488745  
pavo_cristatus 0.067062462011  0.029772450608  0.000000000000  0.047164863214  0.058247421057  0.062641005203  0.062641005203  0.063776673596  0.066056168119  0.076212430446  0.076212430446  0.062641005203  0.062641005203  0.062641005203  0.062641005203  0.038473352166  0.069352671102  0.053706568336  
melgal2    0.059132372750  0.052540058924  0.047164863214  0.000000000000  0.033020666430  0.038317966797  0.038317966797  0.039397020096  0.043737852018  0.053498449731  0.053498449731  0.038317966797  0.038317966797  0.038317966797  0.038317966797  0.012141103232  0.063647669076  0.045968524613  
syrmaticus_reevesii 0.066996423895  0.059190366203  0.058247421057  0.033020666430  0.000000000000  0.005018617326  0.005018617326  0.006028060771  0.010087369891  0.021377587592  0.021377587592  0.005018617326  0.005018617326  0.005018617326  0.005018617326  0.020389663803  0.071582132364  0.057002937913  
lophura_inornata 0.071444039502  0.063585891868  0.062641005203  0.038317966797  0.005018617326  0.000000000000  0.000000000000  0.001001051462  0.005026434941  0.016227958269  0.016227958269  0.000000000000  0.000000000000  0.000000000000  0.000000000000  0.025577853673  0.077224275270  0.062514824828  
crossoptilon_crossoptilon 0.071444039502  0.063585891868  0.062641005203  0.038317966797  0.005018617326  0.000000000000  0.000000000000  0.001001051462  0.005026434941  0.016227958269  0.016227958269  0.000000000000  0.000000000000  0.000000000000  0.000000000000  0.025577853673  0.077224275270  0.062514824828  
perdix_dauuricae 0.072594487266  0.064720023998  0.063776673596  0.039397020096  0.006028060771  0.001001051462  0.001001051462  0.000000000000  0.006038120164  0.017260330680  0.017260330680  0.001001051462  0.001001051462  0.001001051462  0.001001051462  0.026629554817  0.078388789889  0.063647669076  
lophura_swinhoii 0.077224275270  0.069283758167  0.066056168119  0.043737852018  0.010087369891  0.005026434941  0.005026434941  0.006038120164  0.000000000000  0.021412348382  0.021412348382  0.005026434941  0.005026434941  0.005026434941  0.005026434941  0.030859741787  0.080726397414  0.068206189744  
syrmaticus_ellioti 0.089927966531  0.079479581674  0.076212430446  0.053498449731  0.021377587592  0.016227958269  0.016227958269  0.017260330680  0.021412348382  0.000000000000  0.000000000000  0.016227958269  0.016227958269  0.016227958269  0.016227958269  0.042571379497  0.093512982589  0.080726397414  
tragopan_blythii 0.089927966531  0.079479581674  0.076212430446  0.053498449731  0.021377587592  0.016227958269  0.016227958269  0.017260330680  0.021412348382  0.000000000000  0.000000000000  0.016227958269  0.016227958269  0.016227958269  0.016227958269  0.042571379497  0.093512982589  0.080726397414  
catreus_wallichi 0.071444039502  0.063585891868  0.062641005203  0.038317966797  0.005018617326  0.000000000000  0.000000000000  0.001001051462  0.005026434941  0.016227958269  0.016227958269  0.000000000000  0.000000000000  0.000000000000  0.000000000000  0.025577853673  0.077224275270  0.062514824828  
lophura_nycthemera 0.071444039502  0.063585891868  0.062641005203  0.038317966797  0.005018617326  0.000000000000  0.000000000000  0.001001051462  0.005026434941  0.016227958269  0.016227958269  0.000000000000  0.000000000000  0.000000000000  0.000000000000  0.025577853673  0.077224275270  0.062514824828  
chrysolophus_pictus 0.071444039502  0.063585891868  0.062641005203  0.038317966797  0.005018617326  0.000000000000  0.000000000000  0.001001051462  0.005026434941  0.016227958269  0.016227958269  0.000000000000  0.000000000000  0.000000000000  0.000000000000  0.025577853673  0.077224275270  0.062514824828  
phasianus_colchicus 0.071444039502  0.063585891868  0.062641005203  0.038317966797  0.005018617326  0.000000000000  0.000000000000  0.001001051462  0.005026434941  0.016227958269  0.016227958269  0.000000000000  0.000000000000  0.000000000000  0.000000000000  0.025577853673  0.077224275270  0.062514824828  
lophophorus_impejanus 0.048072407458  0.039434546831  0.038473352166  0.012141103232  0.020389663803  0.025577853673  0.025577853673  0.026629554817  0.030859741787  0.042571379497  0.042571379497  0.025577853673  0.025577853673  0.025577853673  0.025577853673  0.000000000000  0.054711985691  0.035162012726  
cyrtonyx_montezumae 0.084091107394  0.072594487266  0.069352671102  0.063647669076  0.071582132364  0.077224275270  0.077224275270  0.078388789889  0.080726397414  0.093512982589  0.093512982589  0.077224275270  0.077224275270  0.077224275270  0.077224275270  0.054711985691  0.000000000000  0.059132372750  
alectoris_rufa 0.062514824828  0.054659488745  0.053706568336  0.045968524613  0.057002937913  0.062514824828  0.062514824828  0.063647669076  0.068206189744  0.080726397414  0.080726397414  0.062514824828  0.062514824828  0.062514824828  0.062514824828  0.035162012726  0.059132372750  0.000000000000  

