18
galgal4    0.000000000000  0.022407635873  0.026643734091  0.045867104083  0.035963223065  0.030701537366  0.039166608308  0.032814801792  0.037009754182  0.035982470870  0.039215633478  0.037096349034  0.024480176100  0.018256893853  0.017235174438  0.017246980765  0.018281295824  0.013133652039  
pavo_cristatus 0.022407635873  0.000000000000  0.043640570653  0.062317181893  0.052040486642  0.047730065835  0.056446573876  0.049912028906  0.052011401269  0.053170545307  0.056523013371  0.052139961712  0.041369918767  0.034959924897  0.033917843405  0.033942077677  0.035009283762  0.036026851763  
cyrtonyx_montezumae 0.026643734091  0.043640570653  0.000000000000  0.055789447679  0.057554962782  0.052104769585  0.060896831244  0.054308394874  0.058627915324  0.055376610255  0.060985672591  0.058793128685  0.045710108088  0.039243104539  0.038196424594  0.040384140310  0.041466965093  0.040384140310  
rollulus_rouloul 0.045867104083  0.062317181893  0.055789447679  0.000000000000  0.080061420895  0.074402620951  0.083559373376  0.076707993836  0.081162280480  0.080123959953  0.081354969696  0.081423524547  0.067822023724  0.061082782041  0.060009834712  0.058938633178  0.061188139613  0.058938633178  
lophura_inornata 0.035963223065  0.052040486642  0.057554962782  0.080061420895  0.000000000000  0.009061283910  0.015196574856  0.011096974025  0.015169109280  0.014158416643  0.023469423864  0.038096242771  0.025482439417  0.019264476127  0.018240020592  0.030687339781  0.033856833278  0.049853734513  
lophura_nycthemera 0.030701537366  0.047730065835  0.052104769585  0.074402620951  0.009061283910  0.000000000000  0.012118330410  0.006029373679  0.010073475633  0.009066324849  0.018296313280  0.032814801792  0.020305200050  0.014140496397  0.013122453914  0.025471246355  0.028611658093  0.044477099045  
catreus_wallichi 0.039166608308  0.056446573876  0.060896831244  0.083559373376  0.015196574856  0.012118330410  0.000000000000  0.014168119900  0.018256893853  0.017246980765  0.026619690131  0.041315112977  0.028626962235  0.022369080669  0.021341403735  0.031741325271  0.037049118665  0.053137915421  
crossoptilon_crossoptilon 0.032814801792  0.049912028906  0.054308394874  0.076707993836  0.011096974025  0.006029373679  0.014168119900  0.000000000000  0.012111247554  0.011104606043  0.020374895672  0.034938174277  0.022380031753  0.016189256069  0.015169109280  0.027562383832  0.030717676281  0.046643092897  
lophura_swinhoii 0.037009754182  0.052011401269  0.058627915324  0.081162280480  0.015169109280  0.010073475633  0.018256893853  0.012111247554  0.000000000000  0.015176396185  0.024497651761  0.038076123051  0.026515583800  0.020290564844  0.019264476127  0.031727686254  0.034900544273  0.050918173421  
phasianus_colchicus 0.035982470870  0.053170545307  0.055376610255  0.080123959953  0.014158416643  0.009066324849  0.017246980765  0.011104606043  0.015176396185  0.000000000000  0.023489330885  0.038118335518  0.025495550195  0.019271409406  0.018247514757  0.030701537366  0.033875218488  0.047702873936  
chrysolophus_pictus 0.039215633478  0.056523013371  0.060985672591  0.081354969696  0.023469423864  0.018296313280  0.026619690131  0.020374895672  0.024497651761  0.023489330885  0.000000000000  0.041369918767  0.028663353268  0.022392884403  0.021366306308  0.033895556108  0.037096349034  0.053205214904  
syrmaticus_reevesii 0.037096349034  0.052139961712  0.058793128685  0.081423524547  0.038096242771  0.032814801792  0.041315112977  0.034938174277  0.038076123051  0.038118335518  0.041369918767  0.000000000000  0.026577328339  0.020327413689  0.019303545055  0.029680105820  0.034983628952  0.051040730509  
perdix_dauuricae 0.024480176100  0.041369918767  0.045710108088  0.067822023724  0.025482439417  0.020305200050  0.028626962235  0.022380031753  0.026515583800  0.025495550195  0.028663353268  0.026577328339  0.000000000000  0.008050683052  0.007041667570  0.019290946638  0.022407635873  0.038142398541  
melgal2    0.018256893853  0.034959924897  0.039243104539  0.061082782041  0.019264476127  0.014140496397  0.022369080669  0.016189256069  0.020290564844  0.019271409406  0.022392884403  0.020327413689  0.008050683052  0.000000000000  0.001000780310  0.013127121734  0.016204591830  0.031774443907  
syrmaticus_ellioti 0.017235174438  0.033917843405  0.038196424594  0.060009834712  0.018240020592  0.013122453914  0.021341403735  0.015169109280  0.019264476127  0.018247514757  0.021366306308  0.019303545055  0.007041667570  0.001000780310  0.000000000000  0.012111247554  0.015185552287  0.030735753747  
lophophorus_impejanus 0.017246980765  0.033942077677  0.040384140310  0.058938633178  0.030687339781  0.025471246355  0.031741325271  0.027562383832  0.031727686254  0.030701537366  0.033895556108  0.029680105820  0.019290946638  0.013127121734  0.012111247554  0.000000000000  0.015196574856  0.030755767022  
tragopan_blythii 0.018281295824  0.035009283762  0.041466965093  0.061188139613  0.033856833278  0.028611658093  0.037049118665  0.030717676281  0.034900544273  0.033875218488  0.037096349034  0.034983628952  0.022407635873  0.016204591830  0.015185552287  0.015196574856  0.000000000000  0.031815331510  
alectoris_rufa 0.013133652039  0.036026851763  0.040384140310  0.058938633178  0.049853734513  0.044477099045  0.053137915421  0.046643092897  0.050918173421  0.047702873936  0.053205214904  0.051040730509  0.038142398541  0.031774443907  0.030735753747  0.030755767022  0.031815331510  0.000000000000  

