18
pavo_cristatus 0.000000000000  0.016183599946  0.007034129223  0.007034129223  0.012102222664  0.007034129223  0.014137728951  0.019258331278  0.009057832602  0.009057832602  0.009057832602  0.009057832602  0.009057832602  0.009057832602  0.007034129223  0.009056525005  0.007034737637  0.003006245614  
cyrtonyx_montezumae 0.016183599946  0.000000000000  0.009060961842  0.009060961842  0.014149759076  0.009060961842  0.016188341225  0.021330118718  0.010077521259  0.010077521259  0.010077521259  0.010077521259  0.010077521259  0.010077521259  0.009060961842  0.011090719808  0.017210050037  0.013121900561  
lophophorus_impejanus 0.007034129223  0.009060961842  0.000000000000  0.000000000000  0.005019273995  0.000000000000  0.007034737637  0.012105511068  0.002004478040  0.002004478040  0.002004478040  0.002004478040  0.002004478040  0.002004478040  0.000000000000  0.002002901428  0.008044838123  0.004011155769  
syrmaticus_reevesii 0.007034129223  0.009060961842  0.000000000000  0.000000000000  0.005019273995  0.000000000000  0.007034737637  0.012105511068  0.002004478040  0.002004478040  0.002004478040  0.002004478040  0.002004478040  0.002004478040  0.000000000000  0.002002901428  0.008044838123  0.004011155769  
rollulus_rouloul 0.012102222664  0.014149759076  0.005019273995  0.005019273995  0.000000000000  0.005019273995  0.012105511068  0.017216088382  0.007041389354  0.007041389354  0.007041389354  0.007041389354  0.007041389354  0.007041389354  0.005019273995  0.007037158610  0.013121900561  0.009057832602  
syrmaticus_ellioti 0.007034129223  0.009060961842  0.000000000000  0.000000000000  0.005019273995  0.000000000000  0.007034737637  0.012105511068  0.002004478040  0.002004478040  0.002004478040  0.002004478040  0.002004478040  0.002004478040  0.000000000000  0.002002901428  0.008044838123  0.004011155769  
catreus_wallichi 0.014137728951  0.016188341225  0.007034737637  0.007034737637  0.012105511068  0.007034737637  0.000000000000  0.005019273995  0.007034737637  0.007034737637  0.007034737637  0.007034737637  0.007034737637  0.007034737637  0.007034737637  0.009057832602  0.015159496486  0.011084860571  
tragopan_blythii 0.019258331278  0.021330118718  0.012105511068  0.012105511068  0.017216088382  0.012105511068  0.005019273995  0.000000000000  0.012105511068  0.012105511068  0.012105511068  0.012105511068  0.012105511068  0.012105511068  0.012105511068  0.014143904828  0.020289266041  0.016183599946  
crossoptilon_crossoptilon 0.009057832602  0.010077521259  0.002004478040  0.002004478040  0.007041389354  0.002004478040  0.007034737637  0.012105511068  0.000000000000  0.000000000000  0.000000000000  0.000000000000  0.000000000000  0.000000000000  0.002004478040  0.004013899986  0.010073123020  0.006026218075  
lophura_swinhoii 0.009057832602  0.010077521259  0.002004478040  0.002004478040  0.007041389354  0.002004478040  0.007034737637  0.012105511068  0.000000000000  0.000000000000  0.000000000000  0.000000000000  0.000000000000  0.000000000000  0.002004478040  0.004013899986  0.010073123020  0.006026218075  
lophura_nycthemera 0.009057832602  0.010077521259  0.002004478040  0.002004478040  0.007041389354  0.002004478040  0.007034737637  0.012105511068  0.000000000000  0.000000000000  0.000000000000  0.000000000000  0.000000000000  0.000000000000  0.002004478040  0.004013899986  0.010073123020  0.006026218075  
lophura_inornata 0.009057832602  0.010077521259  0.002004478040  0.002004478040  0.007041389354  0.002004478040  0.007034737637  0.012105511068  0.000000000000  0.000000000000  0.000000000000  0.000000000000  0.000000000000  0.000000000000  0.002004478040  0.004013899986  0.010073123020  0.006026218075  
phasianus_colchicus 0.009057832602  0.010077521259  0.002004478040  0.002004478040  0.007041389354  0.002004478040  0.007034737637  0.012105511068  0.000000000000  0.000000000000  0.000000000000  0.000000000000  0.000000000000  0.000000000000  0.002004478040  0.004013899986  0.010073123020  0.006026218075  
chrysolophus_pictus 0.009057832602  0.010077521259  0.002004478040  0.002004478040  0.007041389354  0.002004478040  0.007034737637  0.012105511068  0.000000000000  0.000000000000  0.000000000000  0.000000000000  0.000000000000  0.000000000000  0.002004478040  0.004013899986  0.010073123020  0.006026218075  
melgal2    0.007034129223  0.009060961842  0.000000000000  0.000000000000  0.005019273995  0.000000000000  0.007034737637  0.012105511068  0.002004478040  0.002004478040  0.002004478040  0.002004478040  0.002004478040  0.002004478040  0.000000000000  0.002002901428  0.008044838123  0.004011155769  
perdix_dauuricae 0.009056525005  0.011090719808  0.002002901428  0.002002901428  0.007037158610  0.002002901428  0.009057832602  0.014143904828  0.004013899986  0.004013899986  0.004013899986  0.004013899986  0.004013899986  0.004013899986  0.002002901428  0.000000000000  0.010070549588  0.006025052120  
galgal4    0.007034737637  0.017210050037  0.008044838123  0.008044838123  0.013121900561  0.008044838123  0.015159496486  0.020289266041  0.010073123020  0.010073123020  0.010073123020  0.010073123020  0.010073123020  0.010073123020  0.008044838123  0.010070549588  0.000000000000  0.004011629040  
alectoris_rufa 0.003006245614  0.013121900561  0.004011155769  0.004011155769  0.009057832602  0.004011155769  0.011084860571  0.016183599946  0.006026218075  0.006026218075  0.006026218075  0.006026218075  0.006026218075  0.006026218075  0.004011155769  0.006025052120  0.004011629040  0.000000000000  

