18
galgal4    0.000000000000  0.017250348848  0.021379215233  0.017250348848  0.020356162320  0.017250348848  0.017250348848  0.021395744827  0.017250348848  0.018283473274  0.017250348848  0.017250348848  0.024527552782  0.014174338862  0.029818283520  0.037131407725  0.011096128914  0.007049570440  
lophophorus_impejanus 0.017250348848  0.000000000000  0.014163749807  0.010084157408  0.013148645607  0.010084157408  0.010084157408  0.014174338862  0.010084157408  0.011103563471  0.010084157408  0.010084157408  0.017264131572  0.007043205437  0.026675194520  0.036090256878  0.010084157408  0.018283473274  
perdix_dauuricae 0.021379215233  0.014163749807  0.000000000000  0.006031035196  0.009073727084  0.006031035196  0.006031035196  0.010092095307  0.006031035196  0.007043205437  0.006031035196  0.006031035196  0.013159731561  0.011103563471  0.030878862785  0.040350753055  0.014163749807  0.022419879293  
lophura_swinhoii 0.017250348848  0.010084157408  0.006031035196  0.000000000000  0.003009055832  0.000000000000  0.000000000000  0.004016120911  0.000000000000  0.001001003509  0.000000000000  0.000000000000  0.007049570440  0.007043205437  0.026675194520  0.036090256878  0.010084157408  0.018283473274  
lophura_nycthemera 0.020356162320  0.013148645607  0.009073727084  0.003009055832  0.000000000000  0.003009055832  0.003009055832  0.007049570440  0.003009055832  0.004016120911  0.003009055832  0.003009055832  0.010101576382  0.010092095307  0.029846836859  0.039306152138  0.013148645607  0.021395744827  
syrmaticus_ellioti 0.017250348848  0.010084157408  0.006031035196  0.000000000000  0.003009055832  0.000000000000  0.000000000000  0.004016120911  0.000000000000  0.001001003509  0.000000000000  0.000000000000  0.007049570440  0.007043205437  0.026675194520  0.036090256878  0.010084157408  0.018283473274  
phasianus_colchicus 0.017250348848  0.010084157408  0.006031035196  0.000000000000  0.003009055832  0.000000000000  0.000000000000  0.004016120911  0.000000000000  0.001001003509  0.000000000000  0.000000000000  0.007049570440  0.007043205437  0.026675194520  0.036090256878  0.010084157408  0.018283473274  
lophura_inornata 0.021395744827  0.014174338862  0.010092095307  0.004016120911  0.007049570440  0.004016120911  0.004016120911  0.000000000000  0.004016120911  0.005025222859  0.004016120911  0.004016120911  0.011123074704  0.011112546427  0.030908547351  0.038231882204  0.014174338862  0.022437498008  
syrmaticus_reevesii 0.017250348848  0.010084157408  0.006031035196  0.000000000000  0.003009055832  0.000000000000  0.000000000000  0.004016120911  0.000000000000  0.001001003509  0.000000000000  0.000000000000  0.007049570440  0.007043205437  0.026675194520  0.036090256878  0.010084157408  0.018283473274  
crossoptilon_crossoptilon 0.018283473274  0.011103563471  0.007043205437  0.001001003509  0.004016120911  0.001001003509  0.001001003509  0.005025222859  0.001001003509  0.000000000000  0.001001003509  0.001001003509  0.008064832736  0.008057433272  0.027730169968  0.037159920416  0.011103563471  0.019318741459  
catreus_wallichi 0.017250348848  0.010084157408  0.006031035196  0.000000000000  0.003009055832  0.000000000000  0.000000000000  0.004016120911  0.000000000000  0.001001003509  0.000000000000  0.000000000000  0.007049570440  0.007043205437  0.026675194520  0.036090256878  0.010084157408  0.018283473274  
chrysolophus_pictus 0.017250348848  0.010084157408  0.006031035196  0.000000000000  0.003009055832  0.000000000000  0.000000000000  0.004016120911  0.000000000000  0.001001003509  0.000000000000  0.000000000000  0.007049570440  0.007043205437  0.026675194520  0.036090256878  0.010084157408  0.018283473274  
melgal2    0.024527552782  0.017264131572  0.013159731561  0.007049570440  0.010101576382  0.007049570440  0.007049570440  0.011123074704  0.007049570440  0.008064832736  0.007049570440  0.007049570440  0.000000000000  0.014186482809  0.031972522008  0.043626513542  0.017264131572  0.025575872714  
tragopan_blythii 0.014174338862  0.007043205437  0.011103563471  0.007043205437  0.010092095307  0.007043205437  0.007043205437  0.011112546427  0.007043205437  0.008057433272  0.007043205437  0.007043205437  0.014186482809  0.000000000000  0.023547024908  0.032920515343  0.007043205437  0.015202145116  
rollulus_rouloul 0.029818283520  0.026675194520  0.030878862785  0.026675194520  0.029846836859  0.026675194520  0.026675194520  0.030908547351  0.026675194520  0.027730169968  0.026675194520  0.026675194520  0.031972522008  0.023547024908  0.000000000000  0.049123236107  0.022477459938  0.030878862785  
cyrtonyx_montezumae 0.037131407725  0.036090256878  0.040350753055  0.036090256878  0.039306152138  0.036090256878  0.036090256878  0.038231882204  0.036090256878  0.037159920416  0.036090256878  0.036090256878  0.043626513542  0.032920515343  0.049123236107  0.000000000000  0.027656010661  0.038202216347  
pavo_cristatus 0.011096128914  0.010084157408  0.014163749807  0.010084157408  0.013148645607  0.010084157408  0.010084157408  0.014174338862  0.010084157408  0.011103563471  0.010084157408  0.010084157408  0.017264131572  0.007043205437  0.022477459938  0.027656010661  0.000000000000  0.012116574935  
alectoris_rufa 0.007049570440  0.018283473274  0.022419879293  0.018283473274  0.021395744827  0.018283473274  0.018283473274  0.022437498008  0.018283473274  0.019318741459  0.018283473274  0.018283473274  0.025575872714  0.015202145116  0.030878862785  0.038202216347  0.012116574935  0.000000000000  

