18
rollulus_rouloul 0.000000000000  0.043488650340  0.052134056642  0.043488650340  0.047764108117  0.044540352436  0.044540352436  0.053196205353  0.052098845286  0.047829701002  0.038166472232  0.034920615507  0.028605602579  0.047733896011  0.035944532900  0.064169923334  0.053352524047  0.034963895315  
catreus_wallichi 0.043488650340  0.000000000000  0.010085576879  0.000000000000  0.004011174493  0.001000760943  0.001000760943  0.009062287003  0.008047821713  0.004016469964  0.021422079044  0.025526238850  0.019296054685  0.038166472232  0.026539774745  0.053270894104  0.041525863100  0.024516936502  
syrmaticus_reevesii 0.052134056642  0.010085576879  0.000000000000  0.010085576879  0.014156977284  0.011097561032  0.011097561032  0.019296054685  0.018262316249  0.014177560505  0.027668266773  0.034988055027  0.028656966565  0.047829701002  0.034941414455  0.062064993814  0.050176615057  0.032910840906  
syrmaticus_ellioti 0.043488650340  0.000000000000  0.010085576879  0.000000000000  0.004011174493  0.001000760943  0.001000760943  0.009062287003  0.008047821713  0.004016469964  0.021422079044  0.025526238850  0.019296054685  0.038166472232  0.026539774745  0.053270894104  0.041525863100  0.024516936502  
crossoptilon_crossoptilon 0.047764108117  0.004011174493  0.014156977284  0.004011174493  0.000000000000  0.005017007865  0.005017007865  0.013126191353  0.012105416212  0.008052370154  0.025565122276  0.029690779291  0.023422012035  0.042409389825  0.030708420668  0.057610469020  0.045796161577  0.028677406250  
lophura_nycthemera 0.044540352436  0.001000760943  0.011097561032  0.001000760943  0.005017007865  0.000000000000  0.000000000000  0.010073751885  0.009058257291  0.005021264543  0.022445749084  0.026556246633  0.020319057187  0.039211416766  0.027571885319  0.054333781379  0.042572406126  0.025544858830  
lophura_inornata 0.044540352436  0.001000760943  0.011097561032  0.001000760943  0.005017007865  0.000000000000  0.000000000000  0.010073751885  0.009058257291  0.005021264543  0.022445749084  0.026556246633  0.020319057187  0.039211416766  0.027571885319  0.054333781379  0.042572406126  0.025544858830  
phasianus_colchicus 0.053196205353  0.009062287003  0.019296054685  0.009062287003  0.013126191353  0.010073751885  0.010073751885  0.000000000000  0.005017262510  0.005017007865  0.030813971492  0.032840451606  0.026539774745  0.045623173400  0.035983435802  0.063138659157  0.051233591442  0.033948640739  
chrysolophus_pictus 0.052098845286  0.008047821713  0.018262316249  0.008047821713  0.012105416212  0.009058257291  0.009058257291  0.005017262510  0.000000000000  0.004010901769  0.029755591483  0.033901019438  0.027587852410  0.046708400392  0.034920615507  0.062019964277  0.050133581644  0.032885709272  
lophura_swinhoii 0.047829701002  0.004016469964  0.014177560505  0.004016469964  0.008052370154  0.005021264543  0.005021264543  0.005017007865  0.004010901769  0.000000000000  0.025610567668  0.029732329713  0.023453028221  0.042469505819  0.030745648000  0.057695395463  0.045877280074  0.028723244996  
lophophorus_impejanus 0.038166472232  0.021422079044  0.027668266773  0.021422079044  0.025565122276  0.022445749084  0.022445749084  0.030813971492  0.029755591483  0.025610567668  0.000000000000  0.021385809396  0.015193731473  0.033948640739  0.021356061600  0.047865075722  0.036206310574  0.019341228222  
perdix_dauuricae 0.034920615507  0.025526238850  0.034988055027  0.025526238850  0.029690779291  0.026556246633  0.026556246633  0.032840451606  0.033901019438  0.029732329713  0.021385809396  0.000000000000  0.006031583166  0.024497823608  0.020298105341  0.046708400392  0.036140550475  0.018274628059  
tragopan_blythii 0.028605602579  0.019296054685  0.028656966565  0.019296054685  0.023422012035  0.020319057187  0.020319057187  0.026539774745  0.027587852410  0.023453028221  0.015193731473  0.006031583166  0.000000000000  0.018274628059  0.014138211520  0.040257997345  0.029780506975  0.012118387444  
melgal2    0.047733896011  0.038166472232  0.047829701002  0.038166472232  0.042409389825  0.039211416766  0.039211416766  0.045623173400  0.046708400392  0.042469505819  0.033948640739  0.024497823608  0.018274628059  0.000000000000  0.029640932061  0.057570634004  0.046848339680  0.028656966565  
galgal4    0.035944532900  0.026539774745  0.034941414455  0.026539774745  0.030708420668  0.027571885319  0.027571885319  0.035983435802  0.034920615507  0.030745648000  0.021356061600  0.020298105341  0.014138211520  0.029640932061  0.000000000000  0.039161967912  0.027645687336  0.016192918611  
cyrtonyx_montezumae 0.064169923334  0.053270894104  0.062064993814  0.053270894104  0.057610469020  0.054333781379  0.054333781379  0.063138659157  0.062019964277  0.057695395463  0.047865075722  0.046708400392  0.040257997345  0.057570634004  0.039161967912  0.000000000000  0.038223651853  0.042438597414  
pavo_cristatus 0.053352524047  0.041525863100  0.050176615057  0.041525863100  0.045796161577  0.042572406126  0.042572406126  0.051233591442  0.050133581644  0.045877280074  0.036206310574  0.036140550475  0.029780506975  0.046848339680  0.027645687336  0.038223651853  0.000000000000  0.031930849794  
alectoris_rufa 0.034963895315  0.024516936502  0.032910840906  0.024516936502  0.028677406250  0.025544858830  0.025544858830  0.033948640739  0.032885709272  0.028723244996  0.019341228222  0.018274628059  0.012118387444  0.028656966565  0.016192918611  0.042438597414  0.031930849794  0.000000000000  

