18
cyrtonyx_montezumae 0.000000000000  0.017230605219  0.021355819097  0.035013199348  0.040132440870  0.029615714692  0.031716022275  0.035943916560  0.058467817186  0.034867811998  0.029615714692  0.041183716540  0.033810873519  0.039067527632  0.044361940323  0.034867811998  0.025508916236  0.024437532167  
lophophorus_impejanus 0.017230605219  0.000000000000  0.014166352586  0.027667837373  0.032756216326  0.022350742314  0.024426680592  0.028605204679  0.050884255558  0.027544605076  0.022350742314  0.033798047248  0.026500008262  0.031703830591  0.036944638515  0.027544605076  0.020346314215  0.018251463900  
galgal4    0.021355819097  0.014166352586  0.000000000000  0.027645257425  0.032744555731  0.022343810195  0.024417490274  0.028591439815  0.050859063085  0.027533663132  0.022343810195  0.032734592716  0.024409964413  0.029597640990  0.036933418555  0.027533663132  0.020331759764  0.018242423724  
pavo_cristatus 0.035013199348  0.027667837373  0.027645257425  0.000000000000  0.045514627177  0.034900901270  0.037026390896  0.041305309748  0.064046126984  0.040208712296  0.034900901270  0.046571123329  0.039139018604  0.044436764341  0.048736343685  0.040208712296  0.032910229368  0.030745132827  
syrmaticus_reevesii 0.040132440870  0.032756216326  0.032744555731  0.045514627177  0.000000000000  0.010073707564  0.012111024458  0.016211320075  0.038092612904  0.015174049503  0.010073707564  0.021323535249  0.014149008430  0.019284059130  0.025457639824  0.015174049503  0.022350742314  0.033786921131  
lophura_nycthemera 0.029615714692  0.022350742314  0.022343810195  0.034900901270  0.010073707564  0.000000000000  0.002004104265  0.006037141922  0.027587449865  0.005021250631  0.000000000000  0.011086724257  0.004013022890  0.011091304205  0.015160990762  0.005021250631  0.012101301669  0.023373153361  
lophura_swinhoii 0.031716022275  0.024426680592  0.024417490274  0.037026390896  0.012111024458  0.002004104265  0.000000000000  0.008066212691  0.029690302894  0.007043968696  0.002004104265  0.013126113166  0.006031563020  0.013132877206  0.017213118750  0.007043968696  0.014142766811  0.025448980119  
tragopan_blythii 0.035943916560  0.028605204679  0.028591439815  0.041305309748  0.016211320075  0.006037141922  0.008066212691  0.000000000000  0.033923354472  0.011114698931  0.006037141922  0.017230605219  0.010093832640  0.017241792744  0.021343412355  0.011114698931  0.018251463900  0.029627278293  
melgal2    0.058467817186  0.050884255558  0.050859063085  0.064046126984  0.038092612904  0.027587449865  0.029690302894  0.033923354472  0.000000000000  0.024464206455  0.027587449865  0.039139018604  0.031781642266  0.039161166557  0.043383098223  0.030725701405  0.040187072101  0.051922962734  
phasianus_colchicus 0.034867811998  0.027544605076  0.027533663132  0.040208712296  0.015174049503  0.005021250631  0.007043968696  0.011114698931  0.024464206455  0.000000000000  0.005021250631  0.016192796831  0.009067870296  0.016201245407  0.020297923476  0.010085520535  0.017213118750  0.028568936670  
crossoptilon_crossoptilon 0.029615714692  0.022350742314  0.022343810195  0.034900901270  0.010073707564  0.000000000000  0.002004104265  0.006037141922  0.027587449865  0.005021250631  0.000000000000  0.011086724257  0.004013022890  0.011091304205  0.015160990762  0.005021250631  0.012101301669  0.023373153361  
chrysolophus_pictus 0.041183716540  0.033798047248  0.032734592716  0.046571123329  0.021323535249  0.011086724257  0.013126113166  0.017230605219  0.039139018604  0.016192796831  0.011086724257  0.000000000000  0.015166706722  0.022359330767  0.026490209873  0.016192796831  0.023379550187  0.034830932531  
syrmaticus_ellioti 0.033810873519  0.026500008262  0.024409964413  0.039139018604  0.014149008430  0.004013022890  0.006031563020  0.010093832640  0.031781642266  0.009067870296  0.004013022890  0.015166706722  0.000000000000  0.007035439249  0.019265383429  0.009067870296  0.016185977455  0.027524396330  
rollulus_rouloul 0.039067527632  0.031703830591  0.029597640990  0.044436764341  0.019284059130  0.011091304205  0.013132877206  0.017241792744  0.039161166557  0.016201245407  0.011091304205  0.022359330767  0.007035439249  0.000000000000  0.026500008262  0.016201245407  0.021316071172  0.032734592716  
perdix_dauuricae 0.044361940323  0.036944638515  0.036933418555  0.048736343685  0.025457639824  0.015160990762  0.017213118750  0.021343412355  0.043383098223  0.020297923476  0.015160990762  0.026490209873  0.019265383429  0.026500008262  0.000000000000  0.018235020670  0.027524396330  0.037981854437  
lophura_inornata 0.034867811998  0.027544605076  0.027533663132  0.040208712296  0.015174049503  0.005021250631  0.007043968696  0.011114698931  0.030725701405  0.010085520535  0.005021250631  0.016192796831  0.009067870296  0.016201245407  0.018235020670  0.000000000000  0.017213118750  0.028568936670  
catreus_wallichi 0.025508916236  0.020346314215  0.020331759764  0.032910229368  0.022350742314  0.012101301669  0.014142766811  0.018251463900  0.040187072101  0.017213118750  0.012101301669  0.023379550187  0.016185977455  0.021316071172  0.027524396330  0.017213118750  0.000000000000  0.022369572371  
alectoris_rufa 0.024437532167  0.018251463900  0.018242423724  0.030745132827  0.033786921131  0.023373153361  0.025448980119  0.029627278293  0.051922962734  0.028568936670  0.023373153361  0.034830932531  0.027524396330  0.032734592716  0.037981854437  0.028568936670  0.022369572371  0.000000000000  

