18
syrmaticus_ellioti 0.000000000000  0.007038609786  0.007043546776  0.007043546776  0.000000000000  0.001001012806  0.008051911286  0.004012917993  0.002003025856  0.000000000000  0.000000000000  0.000000000000  0.002004056703  0.000000000000  0.000000000000  0.000000000000  0.003009139953  0.004016270862  
tragopan_blythii 0.007038609786  0.000000000000  0.006031271382  0.006031271382  0.007038609786  0.008051911286  0.015181561487  0.011096732445  0.009057881614  0.007038609786  0.007038609786  0.007038609786  0.009067294104  0.007038609786  0.007038609786  0.007038609786  0.010084766808  0.011104338020  
chrysolophus_pictus 0.007043546776  0.006031271382  0.000000000000  0.000000000000  0.007043546776  0.008057899271  0.015191885137  0.011104338020  0.009061807829  0.007043546776  0.007043546776  0.007043546776  0.009074337409  0.007043546776  0.007043546776  0.007043546776  0.010092869784  0.011113505044  
galgal4    0.007043546776  0.006031271382  0.000000000000  0.000000000000  0.007043546776  0.008057899271  0.015191885137  0.011104338020  0.009061807829  0.007043546776  0.007043546776  0.007043546776  0.009074337409  0.007043546776  0.007043546776  0.007043546776  0.010092869784  0.011113505044  
catreus_wallichi 0.000000000000  0.007038609786  0.007043546776  0.007043546776  0.000000000000  0.001001012806  0.008051911286  0.004012917993  0.002003025856  0.000000000000  0.000000000000  0.000000000000  0.002004056703  0.000000000000  0.000000000000  0.000000000000  0.003009139953  0.004016270862  
cyrtonyx_montezumae 0.001001012806  0.008051911286  0.008057899271  0.008057899271  0.001001012806  0.000000000000  0.009067294104  0.005021064600  0.003006047452  0.001001012806  0.001001012806  0.001001012806  0.003009139953  0.001001012806  0.001001012806  0.001001012806  0.004016270862  0.005025457794  
perdix_dauuricae 0.008051911286  0.015181561487  0.015191885137  0.015191885137  0.008051911286  0.009067294104  0.000000000000  0.004012917993  0.008051911286  0.008051911286  0.008051911286  0.008051911286  0.010084766808  0.008051911286  0.008051911286  0.008051911286  0.011104338020  0.012126016412  
pavo_cristatus 0.004012917993  0.011096732445  0.011104338020  0.011104338020  0.004012917993  0.005021064600  0.004012917993  0.000000000000  0.004012917993  0.004012917993  0.004012917993  0.004012917993  0.006031271382  0.004012917993  0.004012917993  0.004012917993  0.007043546776  0.008057899271  
rollulus_rouloul 0.002003025856  0.009057881614  0.009061807829  0.009061807829  0.002003025856  0.003006047452  0.008051911286  0.004012917993  0.000000000000  0.002003025856  0.002003025856  0.002003025856  0.004011108308  0.002003025856  0.002003025856  0.002003025856  0.005018216734  0.006027381090  
melgal2    0.000000000000  0.007038609786  0.007043546776  0.007043546776  0.000000000000  0.001001012806  0.008051911286  0.004012917993  0.002003025856  0.000000000000  0.000000000000  0.000000000000  0.002004056703  0.000000000000  0.000000000000  0.000000000000  0.003009139953  0.004016270862  
phasianus_colchicus 0.000000000000  0.007038609786  0.007043546776  0.007043546776  0.000000000000  0.001001012806  0.008051911286  0.004012917993  0.002003025856  0.000000000000  0.000000000000  0.000000000000  0.002004056703  0.000000000000  0.000000000000  0.000000000000  0.003009139953  0.004016270862  
lophura_swinhoii 0.000000000000  0.007038609786  0.007043546776  0.007043546776  0.000000000000  0.001001012806  0.008051911286  0.004012917993  0.002003025856  0.000000000000  0.000000000000  0.000000000000  0.002004056703  0.000000000000  0.000000000000  0.000000000000  0.003009139953  0.004016270862  
lophophorus_impejanus 0.002004056703  0.009067294104  0.009074337409  0.009074337409  0.002004056703  0.003009139953  0.010084766808  0.006031271382  0.004011108308  0.002004056703  0.002004056703  0.002004056703  0.000000000000  0.002004056703  0.002004056703  0.002004056703  0.005025457794  0.006036709158  
lophura_inornata 0.000000000000  0.007038609786  0.007043546776  0.007043546776  0.000000000000  0.001001012806  0.008051911286  0.004012917993  0.002003025856  0.000000000000  0.000000000000  0.000000000000  0.002004056703  0.000000000000  0.000000000000  0.000000000000  0.003009139953  0.004016270862  
lophura_nycthemera 0.000000000000  0.007038609786  0.007043546776  0.007043546776  0.000000000000  0.001001012806  0.008051911286  0.004012917993  0.002003025856  0.000000000000  0.000000000000  0.000000000000  0.002004056703  0.000000000000  0.000000000000  0.000000000000  0.003009139953  0.004016270862  
syrmaticus_reevesii 0.000000000000  0.007038609786  0.007043546776  0.007043546776  0.000000000000  0.001001012806  0.008051911286  0.004012917993  0.002003025856  0.000000000000  0.000000000000  0.000000000000  0.002004056703  0.000000000000  0.000000000000  0.000000000000  0.003009139953  0.004016270862  
crossoptilon_crossoptilon 0.003009139953  0.010084766808  0.010092869784  0.010092869784  0.003009139953  0.004016270862  0.011104338020  0.007043546776  0.005018216734  0.003009139953  0.003009139953  0.003009139953  0.005025457794  0.003009139953  0.003009139953  0.003009139953  0.000000000000  0.007050033419  
alectoris_rufa 0.004016270862  0.011104338020  0.011113505044  0.011113505044  0.004016270862  0.005025457794  0.012126016412  0.008057899271  0.006027381090  0.004016270862  0.004016270862  0.004016270862  0.006036709158  0.004016270862  0.004016270862  0.004016270862  0.007050033419  0.000000000000  

