18
chrysolophus_pictus 0.000000000000  0.009087492819  0.009077934194  0.009077934194  0.009077934194  0.009077934194  0.009077934194  0.012131694407  0.016197533972  0.018269973655  0.021366349379  0.029656400239  0.011108929781  0.009077934194  0.009087492819  0.005026848895  0.005026848895  0.005026848895  
lophophorus_impejanus 0.009087492819  0.000000000000  0.008060646522  0.008060646522  0.008060646522  0.008060646522  0.008060646522  0.011108929781  0.015170573092  0.017237286869  0.020328018110  0.026511157362  0.010088391131  0.009077934194  0.008069030406  0.004017158683  0.004017158683  0.004017158683  
catreus_wallichi 0.009077934194  0.008060646522  0.000000000000  0.000000000000  0.000000000000  0.000000000000  0.000000000000  0.003007052184  0.007033611301  0.009059429093  0.012107694801  0.020288720798  0.002002836377  0.009070068791  0.008060646522  0.004013423256  0.004013423256  0.004013423256  
lophura_swinhoii 0.009077934194  0.008060646522  0.000000000000  0.000000000000  0.000000000000  0.000000000000  0.000000000000  0.003007052184  0.007033611301  0.009059429093  0.012107694801  0.020288720798  0.002002836377  0.009070068791  0.008060646522  0.004013423256  0.004013423256  0.004013423256  
crossoptilon_crossoptilon 0.009077934194  0.008060646522  0.000000000000  0.000000000000  0.000000000000  0.000000000000  0.000000000000  0.003007052184  0.007033611301  0.009059429093  0.012107694801  0.020288720798  0.002002836377  0.009070068791  0.008060646522  0.004013423256  0.004013423256  0.004013423256  
lophura_nycthemera 0.009077934194  0.008060646522  0.000000000000  0.000000000000  0.000000000000  0.000000000000  0.000000000000  0.003007052184  0.007033611301  0.009059429093  0.012107694801  0.020288720798  0.002002836377  0.009070068791  0.008060646522  0.004013423256  0.004013423256  0.004013423256  
lophura_inornata 0.009077934194  0.008060646522  0.000000000000  0.000000000000  0.000000000000  0.000000000000  0.000000000000  0.003007052184  0.007033611301  0.009059429093  0.012107694801  0.020288720798  0.002002836377  0.009070068791  0.008060646522  0.004013423256  0.004013423256  0.004013423256  
tragopan_blythii 0.012131694407  0.011108929781  0.003007052184  0.003007052184  0.003007052184  0.003007052184  0.003007052184  0.000000000000  0.010069237794  0.012107694801  0.015170573092  0.023386871138  0.005018751333  0.012121986445  0.011108929781  0.007040034675  0.007040034675  0.007040034675  
galgal4    0.016197533972  0.015170573092  0.007033611301  0.007033611301  0.007033611301  0.007033611301  0.007033611301  0.010069237794  0.000000000000  0.008048953161  0.011093587609  0.017217940781  0.009055596930  0.016189925452  0.015170573092  0.011085074614  0.011085074614  0.011085074614  
cyrtonyx_montezumae 0.018269973655  0.017237286869  0.009059429093  0.009059429093  0.009059429093  0.009059429093  0.009059429093  0.012107694801  0.008048953161  0.000000000000  0.011100406500  0.019271272546  0.011088476004  0.018258227985  0.017237286869  0.013129133814  0.013129133814  0.013129133814  
rollulus_rouloul 0.021366349379  0.020328018110  0.012107694801  0.012107694801  0.012107694801  0.012107694801  0.012107694801  0.015170573092  0.011093587609  0.011100406500  0.000000000000  0.024448404537  0.014145856472  0.021352689388  0.020328018110  0.016197533972  0.016197533972  0.016197533972  
pavo_cristatus 0.029656400239  0.026511157362  0.020288720798  0.020288720798  0.020288720798  0.020288720798  0.020288720798  0.023386871138  0.017217940781  0.019271272546  0.024448404537  0.000000000000  0.022350051323  0.029641641075  0.028605640075  0.024425988601  0.024425988601  0.024425988601  
melgal2    0.011108929781  0.010088391131  0.002002836377  0.002002836377  0.002002836377  0.002002836377  0.002002836377  0.005018751333  0.009055596930  0.011088476004  0.014145856472  0.022350051323  0.000000000000  0.011100406500  0.010088391131  0.006028303875  0.006028303875  0.006028303875  
syrmaticus_reevesii 0.009077934194  0.009077934194  0.009070068791  0.009070068791  0.009070068791  0.009070068791  0.009070068791  0.012121986445  0.016189925452  0.018258227985  0.021352689388  0.029641641075  0.011100406500  0.000000000000  0.005021958865  0.005021958865  0.005021958865  0.005021958865  
phasianus_colchicus 0.009087492819  0.008069030406  0.008060646522  0.008060646522  0.008060646522  0.008060646522  0.008060646522  0.011108929781  0.015170573092  0.017237286869  0.020328018110  0.028605640075  0.010088391131  0.005021958865  0.000000000000  0.004017158683  0.004017158683  0.004017158683  
perdix_dauuricae 0.005026848895  0.004017158683  0.004013423256  0.004013423256  0.004013423256  0.004013423256  0.004013423256  0.007040034675  0.011085074614  0.013129133814  0.016197533972  0.024425988601  0.006028303875  0.005021958865  0.004017158683  0.000000000000  0.000000000000  0.000000000000  
syrmaticus_ellioti 0.005026848895  0.004017158683  0.004013423256  0.004013423256  0.004013423256  0.004013423256  0.004013423256  0.007040034675  0.011085074614  0.013129133814  0.016197533972  0.024425988601  0.006028303875  0.005021958865  0.004017158683  0.000000000000  0.000000000000  0.000000000000  
alectoris_rufa 0.005026848895  0.004017158683  0.004013423256  0.004013423256  0.004013423256  0.004013423256  0.004013423256  0.007040034675  0.011085074614  0.013129133814  0.016197533972  0.024425988601  0.006028303875  0.005021958865  0.004017158683  0.000000000000  0.000000000000  0.000000000000  

