18
phasianus_colchicus 0.000000000000  0.022439411337  0.008050400777  0.000000000000  0.000000000000  0.003007273096  0.008055867285  0.003010079250  0.012136898804  0.000000000000  0.004013896781  0.004013896781  0.004013896781  0.004013896781  0.011096416687  0.015175463089  0.014157488145  0.012126339119  
rollulus_rouloul 0.022439411337  0.000000000000  0.025562821176  0.022439411337  0.022439411337  0.025562821176  0.028702150970  0.023485489012  0.032949918744  0.022439411337  0.026614913209  0.026614913209  0.026614913209  0.026614913209  0.032895799022  0.033961269440  0.032871596554  0.035058176572  
perdix_dauuricae 0.008050400777  0.025562821176  0.000000000000  0.008050400777  0.008050400777  0.011096416687  0.016213674513  0.011103876314  0.020354547846  0.008050400777  0.012117600699  0.012117600699  0.012117600699  0.012117600699  0.017224084694  0.021364016590  0.022390589000  0.020339068633  
chrysolophus_pictus 0.000000000000  0.022439411337  0.008050400777  0.000000000000  0.000000000000  0.003007273096  0.008055867285  0.003010079250  0.012136898804  0.000000000000  0.004013896781  0.004013896781  0.004013896781  0.004013896781  0.011096416687  0.015175463089  0.014157488145  0.012126339119  
syrmaticus_reevesii 0.000000000000  0.022439411337  0.008050400777  0.000000000000  0.000000000000  0.003007273096  0.008055867285  0.003010079250  0.012136898804  0.000000000000  0.004013896781  0.004013896781  0.004013896781  0.004013896781  0.011096416687  0.015175463089  0.014157488145  0.012126339119  
lophophorus_impejanus 0.003007273096  0.025562821176  0.011096416687  0.003007273096  0.003007273096  0.000000000000  0.011103876314  0.006033948043  0.015207789229  0.003007273096  0.007041385861  0.007041385861  0.007041385861  0.007041385861  0.014157488145  0.018255490313  0.017233776362  0.015195179187  
melgal2    0.008055867285  0.028702150970  0.016213674513  0.008055867285  0.008055867285  0.011103876314  0.000000000000  0.005019281830  0.020371880145  0.008055867285  0.012126339119  0.012126339119  0.012126339119  0.012126339119  0.019301580266  0.023432661407  0.022404998700  0.020354547846  
tragopan_blythii 0.003010079250  0.023485489012  0.011103876314  0.003010079250  0.003010079250  0.006033948043  0.005019281830  0.000000000000  0.015222230291  0.003010079250  0.007047396113  0.007047396113  0.007047396113  0.007047396113  0.014166971250  0.018266486518  0.017245313865  0.015207789229  
syrmaticus_ellioti 0.012136898804  0.032949918744  0.020354547846  0.012136898804  0.012136898804  0.015207789229  0.020371880145  0.015222230291  0.000000000000  0.012136898804  0.016239662421  0.016239662421  0.016239662421  0.016239662421  0.023466012894  0.025524098720  0.024494240138  0.024534012457  
crossoptilon_crossoptilon 0.000000000000  0.022439411337  0.008050400777  0.000000000000  0.000000000000  0.003007273096  0.008055867285  0.003010079250  0.012136898804  0.000000000000  0.004013896781  0.004013896781  0.004013896781  0.004013896781  0.011096416687  0.015175463089  0.014157488145  0.012126339119  
lophura_nycthemera 0.004013896781  0.026614913209  0.012117600699  0.004013896781  0.004013896781  0.007041385861  0.012126339119  0.007047396113  0.016239662421  0.004013896781  0.000000000000  0.000000000000  0.000000000000  0.008055867285  0.015184402887  0.019289273498  0.017233776362  0.016225749954  
lophura_inornata 0.004013896781  0.026614913209  0.012117600699  0.004013896781  0.004013896781  0.007041385861  0.012126339119  0.007047396113  0.016239662421  0.004013896781  0.000000000000  0.000000000000  0.000000000000  0.008055867285  0.015184402887  0.019289273498  0.017233776362  0.016225749954  
lophura_swinhoii 0.004013896781  0.026614913209  0.012117600699  0.004013896781  0.004013896781  0.007041385861  0.012126339119  0.007047396113  0.016239662421  0.004013896781  0.000000000000  0.000000000000  0.000000000000  0.008055867285  0.015184402887  0.019289273498  0.017233776362  0.016225749954  
catreus_wallichi 0.004013896781  0.026614913209  0.012117600699  0.004013896781  0.004013896781  0.007041385861  0.012126339119  0.007047396113  0.016239662421  0.004013896781  0.008055867285  0.008055867285  0.008055867285  0.000000000000  0.015184402887  0.019289273498  0.018266486518  0.016225749954  
galgal4    0.011096416687  0.032895799022  0.017224084694  0.011096416687  0.011096416687  0.014157488145  0.019301580266  0.014166971250  0.023466012894  0.011096416687  0.015184402887  0.015184402887  0.015184402887  0.015184402887  0.000000000000  0.025524098720  0.025507553659  0.023448402784  
cyrtonyx_montezumae 0.015175463089  0.033961269440  0.021364016590  0.015175463089  0.015175463089  0.018255490313  0.023432661407  0.018266486518  0.025524098720  0.015175463089  0.019289273498  0.019289273498  0.019289273498  0.019289273498  0.025524098720  0.000000000000  0.019270228505  0.027606089959  
pavo_cristatus 0.014157488145  0.032871596554  0.022390589000  0.014157488145  0.014157488145  0.017233776362  0.022404998700  0.017245313865  0.024494240138  0.014157488145  0.017233776362  0.017233776362  0.017233776362  0.018266486518  0.025507553659  0.019270228505  0.000000000000  0.026573486370  
alectoris_rufa 0.012126339119  0.035058176572  0.020339068633  0.012126339119  0.012126339119  0.015195179187  0.020354547846  0.015207789229  0.024534012457  0.012126339119  0.016225749954  0.016225749954  0.016225749954  0.016225749954  0.023448402784  0.027606089959  0.026573486370  0.000000000000  

