18
rollulus_rouloul 0.000000000000  0.013135473484  0.012112633007  0.012112633007  0.012112633007  0.012112633007  0.012112633007  0.012112633007  0.014152394700  0.014152394700  0.017238681204  0.014160742548  0.020308694308  0.016198299646  0.022373262478  0.007048906803  0.012120170946  0.007048906803  
lophura_nycthemera 0.013135473484  0.000000000000  0.001001159708  0.001001159708  0.001001159708  0.001001159708  0.001001159708  0.001001159708  0.003007429896  0.003007429896  0.006034985881  0.003010469779  0.009061985906  0.005019633184  0.025466305106  0.010078976279  0.015170940281  0.010078976279  
lophophorus_impejanus 0.012112633007  0.001001159708  0.000000000000  0.000000000000  0.000000000000  0.000000000000  0.000000000000  0.000000000000  0.002002943412  0.002002943412  0.005023440144  0.002004646022  0.008047385104  0.004011797742  0.024425146289  0.009061985906  0.014146019404  0.009061985906  
lophura_swinhoii 0.012112633007  0.001001159708  0.000000000000  0.000000000000  0.000000000000  0.000000000000  0.000000000000  0.000000000000  0.002002943412  0.002002943412  0.005023440144  0.002004646022  0.008047385104  0.004011797742  0.024425146289  0.009061985906  0.014146019404  0.009061985906  
crossoptilon_crossoptilon 0.012112633007  0.001001159708  0.000000000000  0.000000000000  0.000000000000  0.000000000000  0.000000000000  0.000000000000  0.002002943412  0.002002943412  0.005023440144  0.002004646022  0.008047385104  0.004011797742  0.024425146289  0.009061985906  0.014146019404  0.009061985906  
syrmaticus_reevesii 0.012112633007  0.001001159708  0.000000000000  0.000000000000  0.000000000000  0.000000000000  0.000000000000  0.000000000000  0.002002943412  0.002002943412  0.005023440144  0.002004646022  0.008047385104  0.004011797742  0.024425146289  0.009061985906  0.014146019404  0.009061985906  
lophura_inornata 0.012112633007  0.001001159708  0.000000000000  0.000000000000  0.000000000000  0.000000000000  0.000000000000  0.000000000000  0.002002943412  0.002002943412  0.005023440144  0.002004646022  0.008047385104  0.004011797742  0.024425146289  0.009061985906  0.014146019404  0.009061985906  
phasianus_colchicus 0.012112633007  0.001001159708  0.000000000000  0.000000000000  0.000000000000  0.000000000000  0.000000000000  0.000000000000  0.002002943412  0.002002943412  0.005023440144  0.002004646022  0.008047385104  0.004011797742  0.024425146289  0.009061985906  0.014146019404  0.009061985906  
catreus_wallichi 0.014152394700  0.003007429896  0.002002943412  0.002002943412  0.002002943412  0.002002943412  0.002002943412  0.002002943412  0.000000000000  0.004011797742  0.007042388445  0.004014258491  0.010074191981  0.006026599390  0.026500659162  0.009058568719  0.016191115947  0.011092209638  
melgal2    0.014152394700  0.003007429896  0.002002943412  0.002002943412  0.002002943412  0.002002943412  0.002002943412  0.002002943412  0.004011797742  0.000000000000  0.007042388445  0.004014258491  0.010074191981  0.006026599390  0.026500659162  0.011092209638  0.016191115947  0.011092209638  
chrysolophus_pictus 0.017238681204  0.006034985881  0.005023440144  0.005023440144  0.005023440144  0.005023440144  0.005023440144  0.005023440144  0.007042388445  0.007042388445  0.000000000000  0.007048906803  0.013135473484  0.009067351755  0.029642544831  0.014160742548  0.019283716224  0.014160742548  
perdix_dauuricae 0.014160742548  0.003010469779  0.002004646022  0.002004646022  0.002004646022  0.002004646022  0.002004646022  0.002004646022  0.004014258491  0.004014258491  0.007048906803  0.000000000000  0.010078976279  0.006029826400  0.026509980384  0.011098367505  0.016198299646  0.011098367505  
syrmaticus_ellioti 0.020308694308  0.009061985906  0.008047385104  0.008047385104  0.008047385104  0.008047385104  0.008047385104  0.008047385104  0.010074191981  0.010074191981  0.013135473484  0.010078976279  0.000000000000  0.006025307479  0.032765535787  0.017219523661  0.022363600646  0.017219523661  
tragopan_blythii 0.016198299646  0.005019633184  0.004011797742  0.004011797742  0.004011797742  0.004011797742  0.004011797742  0.004011797742  0.006026599390  0.006026599390  0.009067351755  0.006029826400  0.006025307479  0.000000000000  0.028582534462  0.013128515080  0.018242385653  0.013128515080  
galgal4    0.022373262478  0.025466305106  0.024425146289  0.024425146289  0.024425146289  0.024425146289  0.024425146289  0.024425146289  0.026500659162  0.026500659162  0.029642544831  0.026509980384  0.032765535787  0.028582534462  0.000000000000  0.019274304012  0.024433624930  0.019274304012  
cyrtonyx_montezumae 0.007048906803  0.010078976279  0.009061985906  0.009061985906  0.009061985906  0.009061985906  0.009061985906  0.009061985906  0.009058568719  0.011092209638  0.014160742548  0.011098367505  0.017219523661  0.013128515080  0.019274304012  0.000000000000  0.009067351755  0.004018641895  
pavo_cristatus 0.012120170946  0.015170940281  0.014146019404  0.014146019404  0.014146019404  0.014146019404  0.014146019404  0.014146019404  0.016191115947  0.016191115947  0.019283716224  0.016198299646  0.022363600646  0.018242385653  0.024433624930  0.009067351755  0.000000000000  0.009067351755  
alectoris_rufa 0.007048906803  0.010078976279  0.009061985906  0.009061985906  0.009061985906  0.009061985906  0.009061985906  0.009061985906  0.011092209638  0.011092209638  0.014160742548  0.011098367505  0.017219523661  0.013128515080  0.019274304012  0.004018641895  0.009067351755  0.000000000000  

