18
cyrtonyx_montezumae 0.000000000000  0.038116661673  0.042410281013  0.041238017494  0.033860497173  0.034921062624  0.037049134753  0.033860497173  0.033860497173  0.033860497173  0.033860497173  0.033860497173  0.033860497173  0.031763604926  0.040233573533  0.029672843128  0.040258748333  0.033901571462  
melgal2    0.038116661673  0.000000000000  0.024517361022  0.023409136447  0.016211599826  0.017242120492  0.019309714671  0.016211599826  0.016211599826  0.016211599826  0.016211599826  0.016211599826  0.015183251163  0.014166583352  0.022410751105  0.012127385836  0.020346806749  0.027625205094  
pavo_cristatus 0.042410281013  0.024517361022  0.000000000000  0.025494181419  0.018274822356  0.019309714671  0.021386107961  0.018274822356  0.018274822356  0.018274822356  0.018274822356  0.018274822356  0.018274822356  0.016223337115  0.024498193381  0.014177711268  0.024517361022  0.030790141960  
chrysolophus_pictus 0.041238017494  0.023409136447  0.025494181419  0.000000000000  0.007033569556  0.008044866335  0.010073770122  0.007033569556  0.007033569556  0.007033569556  0.007033569556  0.007033569556  0.013121037496  0.011086776752  0.019274172006  0.013121037496  0.023409136447  0.029656157243  
catreus_wallichi 0.033860497173  0.016211599826  0.018274822356  0.007033569556  0.000000000000  0.001001026188  0.003009261057  0.000000000000  0.000000000000  0.000000000000  0.000000000000  0.000000000000  0.006027604500  0.004013039822  0.012118463380  0.006027604500  0.016211599826  0.022395509900  
lophura_inornata 0.034921062624  0.017242120492  0.019309714671  0.008044866335  0.001001026188  0.000000000000  0.004016486748  0.001001026188  0.001001026188  0.001001026188  0.001001026188  0.001001026188  0.007038953652  0.005021280210  0.013141448675  0.007038953652  0.017242120492  0.023436974134  
syrmaticus_reevesii 0.037049134753  0.019309714671  0.021386107961  0.010073770122  0.003009261057  0.004016486748  0.000000000000  0.003009261057  0.003009261057  0.003009261057  0.003009261057  0.003009261057  0.009067962841  0.007044033064  0.015193876462  0.009067962841  0.019309714671  0.025526595613  
lophura_swinhoii 0.033860497173  0.016211599826  0.018274822356  0.007033569556  0.000000000000  0.001001026188  0.003009261057  0.000000000000  0.000000000000  0.000000000000  0.000000000000  0.000000000000  0.006027604500  0.004013039822  0.012118463380  0.006027604500  0.016211599826  0.022395509900  
lophura_nycthemera 0.033860497173  0.016211599826  0.018274822356  0.007033569556  0.000000000000  0.001001026188  0.003009261057  0.000000000000  0.000000000000  0.000000000000  0.000000000000  0.000000000000  0.006027604500  0.004013039822  0.012118463380  0.006027604500  0.016211599826  0.022395509900  
phasianus_colchicus 0.033860497173  0.016211599826  0.018274822356  0.007033569556  0.000000000000  0.001001026188  0.003009261057  0.000000000000  0.000000000000  0.000000000000  0.000000000000  0.000000000000  0.006027604500  0.004013039822  0.012118463380  0.006027604500  0.016211599826  0.022395509900  
syrmaticus_ellioti 0.033860497173  0.016211599826  0.018274822356  0.007033569556  0.000000000000  0.001001026188  0.003009261057  0.000000000000  0.000000000000  0.000000000000  0.000000000000  0.000000000000  0.006027604500  0.004013039822  0.012118463380  0.006027604500  0.016211599826  0.022395509900  
crossoptilon_crossoptilon 0.033860497173  0.016211599826  0.018274822356  0.007033569556  0.000000000000  0.001001026188  0.003009261057  0.000000000000  0.000000000000  0.000000000000  0.000000000000  0.000000000000  0.006027604500  0.004013039822  0.012118463380  0.006027604500  0.016211599826  0.022395509900  
lophophorus_impejanus 0.033860497173  0.015183251163  0.018274822356  0.013121037496  0.006027604500  0.007038953652  0.009067962841  0.006027604500  0.006027604500  0.006027604500  0.006027604500  0.006027604500  0.000000000000  0.004013039822  0.012118463380  0.006027604500  0.015183251163  0.022395509900  
perdix_dauuricae 0.031763604926  0.014166583352  0.016223337115  0.011086776752  0.004013039822  0.005021280210  0.007044033064  0.004013039822  0.004013039822  0.004013039822  0.004013039822  0.004013039822  0.004013039822  0.000000000000  0.010085640422  0.004013039822  0.014166583352  0.020332201633  
tragopan_blythii 0.040233573533  0.022410751105  0.024498193381  0.019274172006  0.012118463380  0.013141448675  0.015193876462  0.012118463380  0.012118463380  0.012118463380  0.012118463380  0.012118463380  0.012118463380  0.010085640422  0.000000000000  0.012118463380  0.022410751105  0.028657399744  
galgal4    0.029672843128  0.012127385836  0.014177711268  0.013121037496  0.006027604500  0.007038953652  0.009067962841  0.006027604500  0.006027604500  0.006027604500  0.006027604500  0.006027604500  0.006027604500  0.004013039822  0.012118463380  0.000000000000  0.012127385836  0.018274822356  
rollulus_rouloul 0.040258748333  0.020346806749  0.024517361022  0.023409136447  0.016211599826  0.017242120492  0.019309714671  0.016211599826  0.016211599826  0.016211599826  0.016211599826  0.016211599826  0.015183251163  0.014166583352  0.022410751105  0.012127385836  0.000000000000  0.028677904562  
alectoris_rufa 0.033901571462  0.027625205094  0.030790141960  0.029656157243  0.022395509900  0.023436974134  0.025526595613  0.022395509900  0.022395509900  0.022395509900  0.022395509900  0.022395509900  0.022395509900  0.020332201633  0.028657399744  0.018274822356  0.028677904562  0.000000000000  

