18
perdix_dauuricae 0.000000000000  0.013132532457  0.010073534039  0.012110746439  0.008052187038  0.009067668328  0.012117971373  0.015182508415  0.014156450145  0.014156450145  0.014156450145  0.014156450145  0.014156450145  0.014156450145  0.014156450145  0.010078605094  0.014156450145  0.008052187038  
lophophorus_impejanus 0.013132532457  0.000000000000  0.007033483310  0.009058090107  0.005018289000  0.006027505988  0.009062090903  0.012110746439  0.011091083234  0.011091083234  0.011091083234  0.011091083234  0.011091083234  0.011091083234  0.011091083234  0.007035356815  0.011091083234  0.013132532457  
tragopan_blythii 0.010073534039  0.007033483310  0.000000000000  0.006024303220  0.002003029927  0.003006059426  0.006025119636  0.009058090107  0.008044742743  0.008044742743  0.008044742743  0.008044742743  0.008044742743  0.008044742743  0.008044742743  0.004010862209  0.008044742743  0.010073534039  
rollulus_rouloul 0.012110746439  0.009058090107  0.006024303220  0.000000000000  0.004011142973  0.005018289000  0.005016957604  0.011091083234  0.010073534039  0.010073534039  0.010073534039  0.010073534039  0.010073534039  0.010073534039  0.010073534039  0.006025119636  0.010073534039  0.012110746439  
syrmaticus_reevesii 0.008052187038  0.005018289000  0.002003029927  0.004011142973  0.000000000000  0.001001020129  0.004012986241  0.007038802472  0.006027505988  0.006027505988  0.006027505988  0.006027505988  0.006027505988  0.006027505988  0.006027505988  0.002002780439  0.006027505988  0.008052187038  
pavo_cristatus 0.009067668328  0.006027505988  0.003006059426  0.005018289000  0.001001020129  0.000000000000  0.005021185097  0.008052187038  0.007038802472  0.007038802472  0.007038802472  0.007038802472  0.007038802472  0.007038802472  0.007038802472  0.003006854174  0.007038802472  0.009067668328  
cyrtonyx_montezumae 0.012117971373  0.009062090903  0.006025119636  0.005016957604  0.004012986241  0.005021185097  0.000000000000  0.011097228992  0.010078605094  0.010078605094  0.010078605094  0.010078605094  0.010078605094  0.010078605094  0.010078605094  0.006027505988  0.010078605094  0.012117971373  
phasianus_colchicus 0.015182508415  0.012110746439  0.009058090107  0.011091083234  0.007038802472  0.008052187038  0.011097228992  0.000000000000  0.001001020129  0.001001020129  0.001001020129  0.001001020129  0.001001020129  0.001001020129  0.001001020129  0.009062090903  0.013132532457  0.015182508415  
lophura_inornata 0.014156450145  0.011091083234  0.008044742743  0.010073534039  0.006027505988  0.007038802472  0.010078605094  0.001001020129  0.000000000000  0.000000000000  0.000000000000  0.000000000000  0.000000000000  0.000000000000  0.000000000000  0.008047677699  0.012110746439  0.014156450145  
catreus_wallichi 0.014156450145  0.011091083234  0.008044742743  0.010073534039  0.006027505988  0.007038802472  0.010078605094  0.001001020129  0.000000000000  0.000000000000  0.000000000000  0.000000000000  0.000000000000  0.000000000000  0.000000000000  0.008047677699  0.012110746439  0.014156450145  
syrmaticus_ellioti 0.014156450145  0.011091083234  0.008044742743  0.010073534039  0.006027505988  0.007038802472  0.010078605094  0.001001020129  0.000000000000  0.000000000000  0.000000000000  0.000000000000  0.000000000000  0.000000000000  0.000000000000  0.008047677699  0.012110746439  0.014156450145  
crossoptilon_crossoptilon 0.014156450145  0.011091083234  0.008044742743  0.010073534039  0.006027505988  0.007038802472  0.010078605094  0.001001020129  0.000000000000  0.000000000000  0.000000000000  0.000000000000  0.000000000000  0.000000000000  0.000000000000  0.008047677699  0.012110746439  0.014156450145  
lophura_nycthemera 0.014156450145  0.011091083234  0.008044742743  0.010073534039  0.006027505988  0.007038802472  0.010078605094  0.001001020129  0.000000000000  0.000000000000  0.000000000000  0.000000000000  0.000000000000  0.000000000000  0.000000000000  0.008047677699  0.012110746439  0.014156450145  
chrysolophus_pictus 0.014156450145  0.011091083234  0.008044742743  0.010073534039  0.006027505988  0.007038802472  0.010078605094  0.001001020129  0.000000000000  0.000000000000  0.000000000000  0.000000000000  0.000000000000  0.000000000000  0.000000000000  0.008047677699  0.012110746439  0.014156450145  
lophura_swinhoii 0.014156450145  0.011091083234  0.008044742743  0.010073534039  0.006027505988  0.007038802472  0.010078605094  0.001001020129  0.000000000000  0.000000000000  0.000000000000  0.000000000000  0.000000000000  0.000000000000  0.000000000000  0.008047677699  0.012110746439  0.014156450145  
galgal4    0.010078605094  0.007035356815  0.004010862209  0.006025119636  0.002002780439  0.003006854174  0.006027505988  0.009062090903  0.008047677699  0.008047677699  0.008047677699  0.008047677699  0.008047677699  0.008047677699  0.008047677699  0.000000000000  0.008047677699  0.010078605094  
melgal2    0.014156450145  0.011091083234  0.008044742743  0.010073534039  0.006027505988  0.007038802472  0.010078605094  0.013132532457  0.012110746439  0.012110746439  0.012110746439  0.012110746439  0.012110746439  0.012110746439  0.012110746439  0.008047677699  0.000000000000  0.014156450145  
alectoris_rufa 0.008052187038  0.013132532457  0.010073534039  0.012110746439  0.008052187038  0.009067668328  0.012117971373  0.015182508415  0.014156450145  0.014156450145  0.014156450145  0.014156450145  0.014156450145  0.014156450145  0.014156450145  0.010078605094  0.014156450145  0.000000000000  

