18
perdix_dauuricae 0.000000000000  0.001000785829  0.003009989191  0.017257131553  0.001001106632  0.001001106632  0.002004433074  0.010112155672  0.003009989191  0.001001106632  0.009072200161  0.001001106632  0.004017784916  0.003009989191  0.001001106632  0.000000000000  0.002004433074  0.001001106632  
cyrtonyx_montezumae 0.001000785829  0.000000000000  0.004013818090  0.018277849580  0.002002902322  0.002002902322  0.003007243111  0.011123245616  0.004013818090  0.002002902322  0.010083335582  0.002002902322  0.005022637223  0.004013818090  0.002002902322  0.001000785829  0.003007243111  0.002002902322  
lophophorus_impejanus 0.003009989191  0.004013818090  0.000000000000  0.020369407860  0.004017784916  0.004017784916  0.005027830247  0.013190400961  0.006040135249  0.004017784916  0.012135931895  0.004017784916  0.007054710057  0.006040135249  0.004017784916  0.003009989191  0.005027830247  0.004017784916  
tragopan_blythii 0.017257131553  0.018277849580  0.020369407860  0.000000000000  0.018292180290  0.018292180290  0.019329602091  0.027715731543  0.020369407860  0.018292180290  0.026611093238  0.018292180290  0.021411608582  0.020369407860  0.018292180290  0.017257131553  0.019329602091  0.018292180290  
lophura_inornata 0.001001106632  0.002002902322  0.004017784916  0.018292180290  0.000000000000  0.000000000000  0.001001106632  0.009090709963  0.002004433074  0.000000000000  0.008055548771  0.000000000000  0.003009989191  0.002004433074  0.000000000000  0.001001106632  0.003009989191  0.002004433074  
catreus_wallichi 0.001001106632  0.002002902322  0.004017784916  0.018292180290  0.000000000000  0.000000000000  0.001001106632  0.009090709963  0.002004433074  0.000000000000  0.008055548771  0.000000000000  0.003009989191  0.002004433074  0.000000000000  0.001001106632  0.003009989191  0.002004433074  
crossoptilon_crossoptilon 0.002004433074  0.003007243111  0.005027830247  0.019329602091  0.001001106632  0.001001106632  0.000000000000  0.008071564871  0.001001106632  0.001001106632  0.009072200161  0.001001106632  0.004017784916  0.003009989191  0.001001106632  0.002004433074  0.004017784916  0.003009989191  
rollulus_rouloul 0.010112155672  0.011123245616  0.013190400961  0.027715731543  0.009090709963  0.009090709963  0.008071564871  0.000000000000  0.007054710057  0.009090709963  0.017288705204  0.009090709963  0.012161990654  0.011135912408  0.009090709963  0.010112155672  0.012161990654  0.011135912408  
pavo_cristatus 0.003009989191  0.004013818090  0.006040135249  0.020369407860  0.002004433074  0.002004433074  0.001001106632  0.007054710057  0.000000000000  0.002004433074  0.010091140910  0.002004433074  0.005027830247  0.004017784916  0.002004433074  0.003009989191  0.005027830247  0.004017784916  
lophura_swinhoii 0.001001106632  0.002002902322  0.004017784916  0.018292180290  0.000000000000  0.000000000000  0.001001106632  0.009090709963  0.002004433074  0.000000000000  0.008055548771  0.000000000000  0.003009989191  0.002004433074  0.000000000000  0.001001106632  0.003009989191  0.002004433074  
melgal2    0.009072200161  0.010083335582  0.012135931895  0.026611093238  0.008055548771  0.008055548771  0.009072200161  0.017288705204  0.010091140910  0.008055548771  0.000000000000  0.008055548771  0.011112381354  0.010091140910  0.008055548771  0.009072200161  0.011112381354  0.010091140910  
phasianus_colchicus 0.001001106632  0.002002902322  0.004017784916  0.018292180290  0.000000000000  0.000000000000  0.001001106632  0.009090709963  0.002004433074  0.000000000000  0.008055548771  0.000000000000  0.003009989191  0.002004433074  0.000000000000  0.001001106632  0.003009989191  0.002004433074  
chrysolophus_pictus 0.004017784916  0.005022637223  0.007054710057  0.021411608582  0.003009989191  0.003009989191  0.004017784916  0.012161990654  0.005027830247  0.003009989191  0.011112381354  0.003009989191  0.000000000000  0.005027830247  0.003009989191  0.004017784916  0.006040135249  0.005027830247  
lophura_nycthemera 0.003009989191  0.004013818090  0.006040135249  0.020369407860  0.002004433074  0.002004433074  0.003009989191  0.011135912408  0.004017784916  0.002004433074  0.010091140910  0.002004433074  0.005027830247  0.000000000000  0.002004433074  0.003009989191  0.005027830247  0.004017784916  
syrmaticus_reevesii 0.001001106632  0.002002902322  0.004017784916  0.018292180290  0.000000000000  0.000000000000  0.001001106632  0.009090709963  0.002004433074  0.000000000000  0.008055548771  0.000000000000  0.003009989191  0.002004433074  0.000000000000  0.001001106632  0.003009989191  0.002004433074  
syrmaticus_ellioti 0.000000000000  0.001000785829  0.003009989191  0.017257131553  0.001001106632  0.001001106632  0.002004433074  0.010112155672  0.003009989191  0.001001106632  0.009072200161  0.001001106632  0.004017784916  0.003009989191  0.001001106632  0.000000000000  0.002004433074  0.001001106632  
galgal4    0.002004433074  0.003007243111  0.005027830247  0.019329602091  0.003009989191  0.003009989191  0.004017784916  0.012161990654  0.005027830247  0.003009989191  0.011112381354  0.003009989191  0.006040135249  0.005027830247  0.003009989191  0.002004433074  0.000000000000  0.003009989191  
alectoris_rufa 0.001001106632  0.002002902322  0.004017784916  0.018292180290  0.002004433074  0.002004433074  0.003009989191  0.011135912408  0.004017784916  0.002004433074  0.010091140910  0.002004433074  0.005027830247  0.004017784916  0.002004433074  0.001001106632  0.003009989191  0.000000000000  

