18
melgal2    0.000000000000  0.011097737813  0.010078999154  0.007039000533  0.015174442916  0.017202349809  0.014138307530  0.010073846088  0.010073846088  0.012105542049  0.012105542049  0.012105542049  0.012105542049  0.012105542049  0.012105542049  0.012105542049  0.012105542049  0.000000000000  
galgal4    0.011097737813  0.000000000000  0.007039000533  0.004013055849  0.012111274249  0.014135223128  0.011083818923  0.007035498857  0.007035498857  0.009058317394  0.009058317394  0.009058317394  0.009058317394  0.009058317394  0.009058317394  0.009058317394  0.009058317394  0.011097737813  
pavo_cristatus 0.010078999154  0.007039000533  0.000000000000  0.003006886460  0.011091495415  0.013115547265  0.010068341288  0.006025208008  0.006025208008  0.008044900512  0.008044900512  0.008044900512  0.008044900512  0.008044900512  0.008044900512  0.008044900512  0.008044900512  0.010078999154  
cyrtonyx_montezumae 0.007039000533  0.004013055849  0.003006886460  0.000000000000  0.008047888496  0.010067995672  0.007033267030  0.003006075329  0.003006075329  0.005017007266  0.005017007266  0.005017007266  0.005017007266  0.005017007266  0.005017007266  0.005017007266  0.005017007266  0.007039000533  
rollulus_rouloul 0.015174442916  0.012111274249  0.011091495415  0.008047888496  0.000000000000  0.018225280918  0.015157036997  0.011086854772  0.011086854772  0.013121144322  0.013121144322  0.013121144322  0.013121144322  0.013121144322  0.013121144322  0.013121144322  0.013121144322  0.015174442916  
syrmaticus_ellioti 0.017202349809  0.014135223128  0.013115547265  0.010067995672  0.018225280918  0.000000000000  0.007033586677  0.007033267030  0.007033267030  0.009054975253  0.009054975253  0.009054975253  0.009054975253  0.009054975253  0.009054975253  0.009054975253  0.009054975253  0.017202349809  
lophophorus_impejanus 0.014138307530  0.011083818923  0.010068341288  0.007033267030  0.015157036997  0.007033586677  0.000000000000  0.004010888000  0.004010888000  0.006024367179  0.006024367179  0.006024367179  0.006024367179  0.006024367179  0.006024367179  0.006024367179  0.006024367179  0.014138307530  
perdix_dauuricae 0.010073846088  0.007035498857  0.006025208008  0.003006075329  0.011086854772  0.007033267030  0.004010888000  0.000000000000  0.000000000000  0.002002790177  0.002002790177  0.002002790177  0.002002790177  0.002002790177  0.002002790177  0.002002790177  0.002002790177  0.010073846088  
tragopan_blythii 0.010073846088  0.007035498857  0.006025208008  0.003006075329  0.011086854772  0.007033267030  0.004010888000  0.000000000000  0.000000000000  0.002002790177  0.002002790177  0.002002790177  0.002002790177  0.002002790177  0.002002790177  0.002002790177  0.002002790177  0.010073846088  
phasianus_colchicus 0.012105542049  0.009058317394  0.008044900512  0.005017007266  0.013121144322  0.009054975253  0.006024367179  0.002002790177  0.002002790177  0.000000000000  0.000000000000  0.000000000000  0.000000000000  0.000000000000  0.000000000000  0.000000000000  0.000000000000  0.012105542049  
chrysolophus_pictus 0.012105542049  0.009058317394  0.008044900512  0.005017007266  0.013121144322  0.009054975253  0.006024367179  0.002002790177  0.002002790177  0.000000000000  0.000000000000  0.000000000000  0.000000000000  0.000000000000  0.000000000000  0.000000000000  0.000000000000  0.012105542049  
lophura_inornata 0.012105542049  0.009058317394  0.008044900512  0.005017007266  0.013121144322  0.009054975253  0.006024367179  0.002002790177  0.002002790177  0.000000000000  0.000000000000  0.000000000000  0.000000000000  0.000000000000  0.000000000000  0.000000000000  0.000000000000  0.012105542049  
catreus_wallichi 0.012105542049  0.009058317394  0.008044900512  0.005017007266  0.013121144322  0.009054975253  0.006024367179  0.002002790177  0.002002790177  0.000000000000  0.000000000000  0.000000000000  0.000000000000  0.000000000000  0.000000000000  0.000000000000  0.000000000000  0.012105542049  
lophura_swinhoii 0.012105542049  0.009058317394  0.008044900512  0.005017007266  0.013121144322  0.009054975253  0.006024367179  0.002002790177  0.002002790177  0.000000000000  0.000000000000  0.000000000000  0.000000000000  0.000000000000  0.000000000000  0.000000000000  0.000000000000  0.012105542049  
lophura_nycthemera 0.012105542049  0.009058317394  0.008044900512  0.005017007266  0.013121144322  0.009054975253  0.006024367179  0.002002790177  0.002002790177  0.000000000000  0.000000000000  0.000000000000  0.000000000000  0.000000000000  0.000000000000  0.000000000000  0.000000000000  0.012105542049  
syrmaticus_reevesii 0.012105542049  0.009058317394  0.008044900512  0.005017007266  0.013121144322  0.009054975253  0.006024367179  0.002002790177  0.002002790177  0.000000000000  0.000000000000  0.000000000000  0.000000000000  0.000000000000  0.000000000000  0.000000000000  0.000000000000  0.012105542049  
crossoptilon_crossoptilon 0.012105542049  0.009058317394  0.008044900512  0.005017007266  0.013121144322  0.009054975253  0.006024367179  0.002002790177  0.002002790177  0.000000000000  0.000000000000  0.000000000000  0.000000000000  0.000000000000  0.000000000000  0.000000000000  0.000000000000  0.012105542049  
alectoris_rufa 0.000000000000  0.011097737813  0.010078999154  0.007039000533  0.015174442916  0.017202349809  0.014138307530  0.010073846088  0.010073846088  0.012105542049  0.012105542049  0.012105542049  0.012105542049  0.012105542049  0.012105542049  0.012105542049  0.012105542049  0.000000000000  

