18
galgal4    0.000000000000  0.013115206527  0.035869489317  0.032710242271  0.016177433565  0.016177433565  0.017199307833  0.017199307833  0.016177433565  0.016177433565  0.024404671013  0.019249918634  0.016177433565  0.022338991720  0.021303720068  0.022338991720  0.018229701089  0.018229701089  
pavo_cristatus 0.013115206527  0.000000000000  0.032720588786  0.029583471989  0.013115592171  0.013115592171  0.014133804395  0.014133804395  0.013115592171  0.013115592171  0.021306410608  0.016175371849  0.013115592171  0.019249918634  0.018221778560  0.019249918634  0.015157137691  0.017207303923  
cyrtonyx_montezumae 0.035869489317  0.032720588786  0.000000000000  0.034815856407  0.035878174364  0.035878174364  0.036925413710  0.036925413710  0.035878174364  0.035878174364  0.044337463204  0.039033655479  0.035878174364  0.042213245963  0.041138688194  0.040085336403  0.037994698027  0.036960186502  
rollulus_rouloul 0.032710242271  0.029583471989  0.034815856407  0.000000000000  0.032710248799  0.032710248799  0.033755831058  0.033755831058  0.032710248799  0.032710248799  0.041120870573  0.035852016903  0.032710248799  0.039008950176  0.037953709328  0.039008950176  0.034806010057  0.035857292894  
crossoptilon_crossoptilon 0.016177433565  0.013115592171  0.035878174364  0.032710248799  0.000000000000  0.000000000000  0.001000759164  0.001000759164  0.000000000000  0.000000000000  0.008044935042  0.003006077118  0.000000000000  0.006025227339  0.005017238647  0.006025227339  0.002004130656  0.020298877296  
tragopan_blythii 0.016177433565  0.013115592171  0.035878174364  0.032710248799  0.000000000000  0.000000000000  0.001000759164  0.001000759164  0.000000000000  0.000000000000  0.008044935042  0.003006077118  0.000000000000  0.006025227339  0.005017238647  0.006025227339  0.002004130656  0.020298877296  
lophura_swinhoii 0.017199307833  0.014133804395  0.036925413710  0.033755831058  0.001000759164  0.001000759164  0.000000000000  0.000000000000  0.001000759164  0.001000759164  0.009055877321  0.004010890839  0.001000759164  0.007033603599  0.006025125754  0.007033603599  0.003006897759  0.021324459976  
phasianus_colchicus 0.017199307833  0.014133804395  0.036925413710  0.033755831058  0.001000759164  0.001000759164  0.000000000000  0.000000000000  0.001000759164  0.001000759164  0.009055877321  0.004010890839  0.001000759164  0.007033603599  0.006025125754  0.007033603599  0.003006897759  0.021324459976  
catreus_wallichi 0.016177433565  0.013115592171  0.035878174364  0.032710248799  0.000000000000  0.000000000000  0.001000759164  0.001000759164  0.000000000000  0.000000000000  0.008044935042  0.003006077118  0.000000000000  0.006025227339  0.005017238647  0.006025227339  0.002004130656  0.020298877296  
syrmaticus_reevesii 0.016177433565  0.013115592171  0.035878174364  0.032710248799  0.000000000000  0.000000000000  0.001000759164  0.001000759164  0.000000000000  0.000000000000  0.008044935042  0.003006077118  0.000000000000  0.006025227339  0.005017238647  0.006025227339  0.002004130656  0.020298877296  
lophophorus_impejanus 0.024404671013  0.021306410608  0.044337463204  0.041120870573  0.008044935042  0.008044935042  0.009055877321  0.009055877321  0.008044935042  0.008044935042  0.000000000000  0.011083868642  0.008044935042  0.014138414819  0.013115592171  0.014138414819  0.008044935042  0.028581024952  
syrmaticus_ellioti 0.019249918634  0.016175371849  0.039033655479  0.035852016903  0.003006077118  0.003006077118  0.004010890839  0.004010890839  0.003006077118  0.003006077118  0.011083868642  0.000000000000  0.003006077118  0.009055877321  0.008043723487  0.009055877321  0.005018389244  0.023388690578  
chrysolophus_pictus 0.016177433565  0.013115592171  0.035878174364  0.032710248799  0.000000000000  0.000000000000  0.001000759164  0.001000759164  0.000000000000  0.000000000000  0.008044935042  0.003006077118  0.000000000000  0.006025227339  0.005017238647  0.006025227339  0.002004130656  0.020298877296  
lophura_inornata 0.022338991720  0.019249918634  0.042213245963  0.039008950176  0.006025227339  0.006025227339  0.007033603599  0.007033603599  0.006025227339  0.006025227339  0.014138414819  0.009055877321  0.006025227339  0.000000000000  0.009055877321  0.012101495421  0.008047955822  0.026501483640  
lophura_nycthemera 0.021303720068  0.018221778560  0.041138688194  0.037953709328  0.005017238647  0.005017238647  0.006025125754  0.006025125754  0.005017238647  0.005017238647  0.013115592171  0.008043723487  0.005017238647  0.009055877321  0.000000000000  0.011082419290  0.007033603599  0.025449977122  
melgal2    0.022338991720  0.019249918634  0.040085336403  0.039008950176  0.006025227339  0.006025227339  0.007033603599  0.007033603599  0.006025227339  0.006025227339  0.014138414819  0.009055877321  0.006025227339  0.012101495421  0.011082419290  0.000000000000  0.008047955822  0.026501483640  
perdix_dauuricae 0.018229701089  0.015157137691  0.037994698027  0.034806010057  0.002004130656  0.002004130656  0.003006897759  0.003006897759  0.002004130656  0.002004130656  0.008044935042  0.005018389244  0.002004130656  0.008047955822  0.007033603599  0.008047955822  0.000000000000  0.022370917225  
alectoris_rufa 0.018229701089  0.017207303923  0.036960186502  0.035857292894  0.020298877296  0.020298877296  0.021324459976  0.021324459976  0.020298877296  0.020298877296  0.028581024952  0.023388690578  0.020298877296  0.026501483640  0.025449977122  0.026501483640  0.022370917225  0.000000000000  

