18
cyrtonyx_montezumae 0.000000000000  0.045777682455  0.033939695002  0.045671426782  0.037112672127  0.058825766929  0.042425487073  0.038182959923  0.036044697583  0.036044697583  0.037112672127  0.037112672127  0.036044697583  0.058921357390  0.062281382784  0.032877445824  0.032877445824  0.058695197156  
galgal4    0.045777682455  0.000000000000  0.021459301859  0.030858394530  0.032928120153  0.050111720158  0.036071068709  0.031865842471  0.029748113730  0.029748113730  0.031865842471  0.030805843582  0.029748113730  0.050197362239  0.053508740903  0.026609348000  0.026609348000  0.052188571192  
pavo_cristatus 0.033939695002  0.021459301859  0.000000000000  0.019321318916  0.021366809918  0.038182959923  0.024460672924  0.020329072523  0.018260113124  0.018260113124  0.020329072523  0.019293509957  0.018260113124  0.040394326613  0.043640443763  0.015181582310  0.015181582310  0.039175792799  
rollulus_rouloul 0.045671426782  0.030858394530  0.019321318916  0.000000000000  0.030739176658  0.045639346993  0.033872468500  0.029684874325  0.027582994341  0.027582994341  0.029684874325  0.028632816732  0.027582994341  0.047883472477  0.051169025919  0.024460672924  0.024460672924  0.049895121777  
lophura_inornata 0.037112672127  0.032928120153  0.021366809918  0.030739176658  0.000000000000  0.024532075315  0.009067304421  0.005025469089  0.003009143997  0.003009143997  0.005025469089  0.004016278072  0.003009143997  0.024577386317  0.027737226410  0.006031278042  0.006031278042  0.043447411697  
melgal2    0.058825766929  0.050111720158  0.038182959923  0.045639346993  0.024532075315  0.000000000000  0.027639422425  0.023485518812  0.021399032213  0.021399032213  0.023485518812  0.022441174221  0.021399032213  0.043718053022  0.046992945206  0.024511817812  0.024511817812  0.063109530782  
perdix_dauuricae 0.042425487073  0.036071068709  0.024460672924  0.033872468500  0.009067304421  0.027639422425  0.000000000000  0.008051917898  0.006027383078  0.006027383078  0.008051917898  0.007038613625  0.006027383078  0.025580853120  0.028740609144  0.009061812324  0.009061812324  0.046635083343  
lophura_nycthemera 0.038182959923  0.031865842471  0.020329072523  0.029684874325  0.005025469089  0.023485518812  0.008051917898  0.000000000000  0.002004058496  0.002004058496  0.004016278072  0.003009143997  0.002004058496  0.023528580727  0.026681699618  0.005021068289  0.005021068289  0.042370182255  
chrysolophus_pictus 0.036044697583  0.029748113730  0.018260113124  0.027582994341  0.003009143997  0.021399032213  0.006027383078  0.002004058496  0.000000000000  0.000000000000  0.002004058496  0.001001013253  0.000000000000  0.021437624414  0.024577386317  0.003006823669  0.003006823669  0.040222743165  
phasianus_colchicus 0.036044697583  0.029748113730  0.018260113124  0.027582994341  0.003009143997  0.021399032213  0.006027383078  0.002004058496  0.000000000000  0.000000000000  0.002004058496  0.001001013253  0.000000000000  0.021437624414  0.024577386317  0.003006823669  0.003006823669  0.040222743165  
crossoptilon_crossoptilon 0.037112672127  0.031865842471  0.020329072523  0.029684874325  0.005025469089  0.023485518812  0.008051917898  0.004016278072  0.002004058496  0.002004058496  0.000000000000  0.003009143997  0.002004058496  0.023528580727  0.026681699618  0.005021068289  0.005021068289  0.042370182255  
catreus_wallichi 0.037112672127  0.030805843582  0.019293509957  0.028632816732  0.004016278072  0.022441174221  0.007038613625  0.003009143997  0.001001013253  0.001001013253  0.003009143997  0.000000000000  0.001001013253  0.022481996556  0.025628422778  0.004012919629  0.004012919629  0.041295296135  
syrmaticus_ellioti 0.036044697583  0.029748113730  0.018260113124  0.027582994341  0.003009143997  0.021399032213  0.006027383078  0.002004058496  0.000000000000  0.000000000000  0.002004058496  0.001001013253  0.000000000000  0.021437624414  0.024577386317  0.003006823669  0.003006823669  0.040222743165  
lophophorus_impejanus 0.058921357390  0.050197362239  0.040394326613  0.047883472477  0.024577386317  0.043718053022  0.025580853120  0.023528580727  0.021437624414  0.021437624414  0.023528580727  0.022481996556  0.021437624414  0.000000000000  0.003009143997  0.024553932461  0.024553932461  0.063201622710  
tragopan_blythii 0.062281382784  0.053508740903  0.043640443763  0.051169025919  0.027737226410  0.046992945206  0.028740609144  0.026681699618  0.024577386317  0.024577386317  0.026681699618  0.025628422778  0.024577386317  0.003009143997  0.000000000000  0.027710366429  0.027710366429  0.066576757618  
lophura_swinhoii 0.032877445824  0.026609348000  0.015181582310  0.024460672924  0.006031278042  0.024511817812  0.009061812324  0.005021068289  0.003006823669  0.003006823669  0.005021068289  0.004012919629  0.003006823669  0.024553932461  0.027710366429  0.000000000000  0.000000000000  0.037039927647  
syrmaticus_reevesii 0.032877445824  0.026609348000  0.015181582310  0.024460672924  0.006031278042  0.024511817812  0.009061812324  0.005021068289  0.003006823669  0.003006823669  0.005021068289  0.004012919629  0.003006823669  0.024553932461  0.027710366429  0.000000000000  0.000000000000  0.037039927647  
alectoris_rufa 0.058695197156  0.052188571192  0.039175792799  0.049895121777  0.043447411697  0.063109530782  0.046635083343  0.042370182255  0.040222743165  0.040222743165  0.042370182255  0.041295296135  0.040222743165  0.063201622710  0.066576757618  0.037039927647  0.037039927647  0.000000000000  

