18
galgal4    0.000000000000  0.023374618662  0.031720160247  0.027536499684  0.033830535288  0.029630951623  0.027536499684  0.027536499684  0.027536499684  0.027536499684  0.025451081227  0.027536499684  0.028582591580  0.025451081227  0.025451081227  0.055161006521  0.029600057021  0.023381332689  
rollulus_rouloul 0.023374618662  0.000000000000  0.016202721617  0.012111799792  0.020309655257  0.016194026005  0.012111799792  0.012111799792  0.012111799792  0.012111799792  0.010074143856  0.012111799792  0.013133857041  0.010074143856  0.010074143856  0.039126067022  0.014138737686  0.008048093052  
crossoptilon_crossoptilon 0.031720160247  0.016202721617  0.000000000000  0.006031850722  0.014158079303  0.010079398563  0.006031850722  0.006031850722  0.006031850722  0.006031850722  0.006031850722  0.008059037126  0.009075826464  0.006031850722  0.006031850722  0.037055874590  0.012111799792  0.016213055690  
lophura_nycthemera 0.027536499684  0.012111799792  0.006031850722  0.000000000000  0.008048093052  0.004011216433  0.000000000000  0.000000000000  0.000000000000  0.000000000000  0.002004147826  0.004016637358  0.005026032020  0.002004147826  0.002004147826  0.032825925737  0.008048093052  0.012119273867  
syrmaticus_ellioti 0.033830535288  0.020309655257  0.014158079303  0.008048093052  0.000000000000  0.004013128049  0.008048093052  0.008048093052  0.008048093052  0.008048093052  0.010079398563  0.012119273867  0.013142447849  0.010079398563  0.010079398563  0.041290240540  0.016194026005  0.020321252014  
syrmaticus_reevesii 0.029630951623  0.016194026005  0.010079398563  0.004011216433  0.004013128049  0.000000000000  0.004011216433  0.004011216433  0.004011216433  0.004011216433  0.006027765502  0.008052760048  0.009068446539  0.006027765502  0.006027765502  0.037033816235  0.012105951370  0.016202721617  
chrysolophus_pictus 0.027536499684  0.012111799792  0.006031850722  0.000000000000  0.008048093052  0.004011216433  0.000000000000  0.000000000000  0.000000000000  0.000000000000  0.002004147826  0.004016637358  0.005026032020  0.002004147826  0.002004147826  0.032825925737  0.008048093052  0.012119273867  
phasianus_colchicus 0.027536499684  0.012111799792  0.006031850722  0.000000000000  0.008048093052  0.004011216433  0.000000000000  0.000000000000  0.000000000000  0.000000000000  0.002004147826  0.004016637358  0.005026032020  0.002004147826  0.002004147826  0.032825925737  0.008048093052  0.012119273867  
lophura_inornata 0.027536499684  0.012111799792  0.006031850722  0.000000000000  0.008048093052  0.004011216433  0.000000000000  0.000000000000  0.000000000000  0.000000000000  0.002004147826  0.004016637358  0.005026032020  0.002004147826  0.002004147826  0.032825925737  0.008048093052  0.012119273867  
lophura_swinhoii 0.027536499684  0.012111799792  0.006031850722  0.000000000000  0.008048093052  0.004011216433  0.000000000000  0.000000000000  0.000000000000  0.000000000000  0.002004147826  0.004016637358  0.005026032020  0.002004147826  0.002004147826  0.032825925737  0.008048093052  0.012119273867  
melgal2    0.025451081227  0.010074143856  0.006031850722  0.002004147826  0.010079398563  0.006027765502  0.002004147826  0.002004147826  0.002004147826  0.002004147826  0.000000000000  0.002004147826  0.003009345541  0.000000000000  0.000000000000  0.030713019165  0.006025285630  0.010079398563  
tragopan_blythii 0.027536499684  0.012111799792  0.008059037126  0.004016637358  0.012119273867  0.008052760048  0.004016637358  0.004016637358  0.004016637358  0.004016637358  0.002004147826  0.000000000000  0.005026032020  0.002004147826  0.002004147826  0.032825925737  0.008048093052  0.012119273867  
lophophorus_impejanus 0.028582591580  0.013133857041  0.009075826464  0.005026032020  0.013142447849  0.009068446539  0.005026032020  0.005026032020  0.005026032020  0.005026032020  0.003009345541  0.005026032020  0.000000000000  0.003009345541  0.003009345541  0.033885851584  0.009062679086  0.013142447849  
perdix_dauuricae 0.025451081227  0.010074143856  0.006031850722  0.002004147826  0.010079398563  0.006027765502  0.002004147826  0.002004147826  0.002004147826  0.002004147826  0.000000000000  0.002004147826  0.003009345541  0.000000000000  0.000000000000  0.030713019165  0.006025285630  0.010079398563  
catreus_wallichi 0.025451081227  0.010074143856  0.006031850722  0.002004147826  0.010079398563  0.006027765502  0.002004147826  0.002004147826  0.002004147826  0.002004147826  0.000000000000  0.002004147826  0.003009345541  0.000000000000  0.000000000000  0.030713019165  0.006025285630  0.010079398563  
cyrtonyx_montezumae 0.055161006521  0.039126067022  0.037055874590  0.032825925737  0.041290240540  0.037033816235  0.032825925737  0.032825925737  0.032825925737  0.032825925737  0.030713019165  0.032825925737  0.033885851584  0.030713019165  0.030713019165  0.000000000000  0.034889187042  0.039147126565  
pavo_cristatus 0.029600057021  0.014138737686  0.012111799792  0.008048093052  0.016194026005  0.012105951370  0.008048093052  0.008048093052  0.008048093052  0.008048093052  0.006025285630  0.008048093052  0.009062679086  0.006025285630  0.006025285630  0.034889187042  0.000000000000  0.014143549350  
alectoris_rufa 0.023381332689  0.008048093052  0.016213055690  0.012119273867  0.020321252014  0.016202721617  0.012119273867  0.012119273867  0.012119273867  0.012119273867  0.010079398563  0.012119273867  0.013142447849  0.010079398563  0.010079398563  0.039147126565  0.014143549350  0.000000000000  

