18
cyrtonyx_montezumae 0.000000000000  0.038058931738  0.045475188424  0.055148372705  0.054134641988  0.047657236420  0.054134641988  0.045520127161  0.040173106618  0.040173106618  0.040173106618  0.040173106618  0.045545087062  0.041222578061  0.041222578061  0.036977523062  0.045545087062  0.045545087062  
pavo_cristatus 0.038058931738  0.000000000000  0.023383630155  0.033802320153  0.033849066152  0.027564603844  0.033849066152  0.025487537849  0.020303978218  0.020303978218  0.020303978218  0.020303978218  0.027596849709  0.022365348159  0.023403904015  0.018239772985  0.027596849709  0.027596849709  
galgal4    0.045475188424  0.023383630155  0.000000000000  0.027528235984  0.032791777500  0.026518414337  0.032791777500  0.024444630880  0.019270805782  0.019270805782  0.019270805782  0.019270805782  0.026548447489  0.021328954274  0.021328954274  0.017210870981  0.026548447489  0.026548447489  
rollulus_rouloul 0.055148372705  0.033802320153  0.027528235984  0.000000000000  0.042293492517  0.035933085203  0.042293492517  0.033831860475  0.028584934245  0.028584934245  0.028584934245  0.028584934245  0.035970403410  0.030670071628  0.031721771726  0.026494768222  0.032791777500  0.032791777500  
catreus_wallichi 0.054134641988  0.033849066152  0.032791777500  0.042293492517  0.000000000000  0.006027250476  0.022365348159  0.014147304676  0.015164921091  0.015164921091  0.015164921091  0.015164921091  0.022389788542  0.021339299190  0.022376777654  0.017218492517  0.028667092816  0.028667092816  
crossoptilon_crossoptilon 0.047657236420  0.027564603844  0.026518414337  0.035933085203  0.006027250476  0.000000000000  0.016190647979  0.008047264317  0.009057645462  0.009057645462  0.009057645462  0.009057645462  0.016208453552  0.015171980612  0.016198769856  0.011090274605  0.022420542340  0.022420542340  
perdix_dauuricae 0.054134641988  0.033849066152  0.032791777500  0.042293492517  0.022365348159  0.016190647979  0.000000000000  0.008047264317  0.015164921091  0.015164921091  0.015164921091  0.015164921091  0.022389788542  0.021339299190  0.022376777654  0.017218492517  0.028667092816  0.028667092816  
tragopan_blythii 0.045520127161  0.025487537849  0.024444630880  0.033831860475  0.014147304676  0.008047264317  0.008047264317  0.000000000000  0.007035078794  0.007035078794  0.007035078794  0.007035078794  0.014163976976  0.013131236500  0.014154863635  0.009061511891  0.020356775748  0.020356775748  
lophura_nycthemera 0.040173106618  0.020303978218  0.019270805782  0.028584934245  0.015164921091  0.009057645462  0.015164921091  0.007035078794  0.000000000000  0.000000000000  0.000000000000  0.000000000000  0.009066918871  0.008047264317  0.009061511891  0.004011066544  0.015202504749  0.015202504749  
syrmaticus_reevesii 0.040173106618  0.020303978218  0.019270805782  0.028584934245  0.015164921091  0.009057645462  0.015164921091  0.007035078794  0.000000000000  0.000000000000  0.000000000000  0.000000000000  0.009066918871  0.008047264317  0.009061511891  0.004011066544  0.015202504749  0.015202504749  
chrysolophus_pictus 0.040173106618  0.020303978218  0.019270805782  0.028584934245  0.015164921091  0.009057645462  0.015164921091  0.007035078794  0.000000000000  0.000000000000  0.000000000000  0.000000000000  0.009066918871  0.008047264317  0.009061511891  0.004011066544  0.015202504749  0.015202504749  
lophura_inornata 0.040173106618  0.020303978218  0.019270805782  0.028584934245  0.015164921091  0.009057645462  0.015164921091  0.007035078794  0.000000000000  0.000000000000  0.000000000000  0.000000000000  0.009066918871  0.008047264317  0.009061511891  0.004011066544  0.015202504749  0.015202504749  
melgal2    0.045545087062  0.027596849709  0.026548447489  0.035970403410  0.022389788542  0.016208453552  0.022389788542  0.014163976976  0.009066918871  0.009066918871  0.009066918871  0.009066918871  0.000000000000  0.015190775465  0.016219696036  0.011103724057  0.022457585521  0.022457585521  
syrmaticus_ellioti 0.041222578061  0.022365348159  0.021328954274  0.030670071628  0.021339299190  0.015171980612  0.021339299190  0.013131236500  0.008047264317  0.008047264317  0.008047264317  0.008047264317  0.015190775465  0.000000000000  0.011090274605  0.006024946952  0.017250747477  0.017250747477  
lophura_swinhoii 0.041222578061  0.023403904015  0.021328954274  0.031721771726  0.022376777654  0.016198769856  0.022376777654  0.014154863635  0.009061511891  0.009061511891  0.009061511891  0.009061511891  0.016219696036  0.011090274605  0.000000000000  0.007035078794  0.016219696036  0.016219696036  
phasianus_colchicus 0.036977523062  0.018239772985  0.017210870981  0.026494768222  0.017218492517  0.011090274605  0.017218492517  0.009061511891  0.004011066544  0.004011066544  0.004011066544  0.004011066544  0.011103724057  0.006024946952  0.007035078794  0.000000000000  0.013148896341  0.013148896341  
lophophorus_impejanus 0.045545087062  0.027596849709  0.026548447489  0.032791777500  0.028667092816  0.022420542340  0.028667092816  0.020356775748  0.015202504749  0.015202504749  0.015202504749  0.015202504749  0.022457585521  0.017250747477  0.016219696036  0.013148896341  0.000000000000  0.000000000000  
alectoris_rufa 0.045545087062  0.027596849709  0.026548447489  0.032791777500  0.028667092816  0.022420542340  0.028667092816  0.020356775748  0.015202504749  0.015202504749  0.015202504749  0.015202504749  0.022457585521  0.017250747477  0.016219696036  0.013148896341  0.000000000000  0.000000000000  

