18
syrmaticus_reevesii 0.000000000000  0.008044399797  0.013114520464  0.013148599144  0.007038353475  0.009057589216  0.018232424922  0.011096073578  0.011096073578  0.011096073578  0.011096073578  0.011096073578  0.011096073578  0.011096073578  0.012116515902  0.014163681621  0.012116515902  0.006031024991  
melgal2    0.008044399797  0.000000000000  0.021303259840  0.019280160576  0.013119675230  0.015155388356  0.024405779156  0.017210637913  0.017210637913  0.017210637913  0.017210637913  0.017210637913  0.017210637913  0.017210637913  0.018239487595  0.020303572136  0.018239487595  0.014147113403  
cyrtonyx_montezumae 0.013114520464  0.021303259840  0.000000000000  0.025486828266  0.019262334313  0.021312739111  0.030646640985  0.023392504487  0.023392504487  0.023392504487  0.023392504487  0.023392504487  0.023392504487  0.023392504487  0.024432066091  0.026517708360  0.024432066091  0.019255778419  
lophura_swinhoii 0.013148599144  0.019280160576  0.025486828266  0.000000000000  0.006036359959  0.010084124901  0.019280160576  0.012135053892  0.012135053892  0.012135053892  0.012135053892  0.012135053892  0.012135053892  0.012135053892  0.013159690267  0.015215295915  0.013159690267  0.019318639891  
pavo_cristatus 0.007038353475  0.013119675230  0.019262334313  0.006036359959  0.000000000000  0.004011057958  0.013119675230  0.006031024991  0.006031024991  0.006031024991  0.006031024991  0.006031024991  0.006031024991  0.006031024991  0.007043192530  0.009073707052  0.007043192530  0.013139049054  
perdix_dauuricae 0.009057589216  0.015155388356  0.021312739111  0.010084124901  0.004011057958  0.000000000000  0.009057589216  0.008047206506  0.008047206506  0.008047206506  0.008047206506  0.008047206506  0.008047206506  0.008047206506  0.009061427335  0.011096073578  0.009061427335  0.015171742160  
rollulus_rouloul 0.018232424922  0.024405779156  0.030646640985  0.019280160576  0.013119675230  0.009057589216  0.000000000000  0.017210637913  0.017210637913  0.017210637913  0.017210637913  0.017210637913  0.017210637913  0.017210637913  0.018239487595  0.020303572136  0.018239487595  0.023392504487  
lophophorus_impejanus 0.011096073578  0.017210637913  0.023392504487  0.012135053892  0.006031024991  0.008047206506  0.017210637913  0.000000000000  0.000000000000  0.000000000000  0.000000000000  0.000000000000  0.000000000000  0.000000000000  0.001001003236  0.003009053359  0.001001003236  0.017238019564  
lophura_nycthemera 0.011096073578  0.017210637913  0.023392504487  0.012135053892  0.006031024991  0.008047206506  0.017210637913  0.000000000000  0.000000000000  0.000000000000  0.000000000000  0.000000000000  0.000000000000  0.000000000000  0.001001003236  0.003009053359  0.001001003236  0.017238019564  
galgal4    0.011096073578  0.017210637913  0.023392504487  0.012135053892  0.006031024991  0.008047206506  0.017210637913  0.000000000000  0.000000000000  0.000000000000  0.000000000000  0.000000000000  0.000000000000  0.000000000000  0.001001003236  0.003009053359  0.001001003236  0.017238019564  
chrysolophus_pictus 0.011096073578  0.017210637913  0.023392504487  0.012135053892  0.006031024991  0.008047206506  0.017210637913  0.000000000000  0.000000000000  0.000000000000  0.000000000000  0.000000000000  0.000000000000  0.000000000000  0.001001003236  0.003009053359  0.001001003236  0.017238019564  
phasianus_colchicus 0.011096073578  0.017210637913  0.023392504487  0.012135053892  0.006031024991  0.008047206506  0.017210637913  0.000000000000  0.000000000000  0.000000000000  0.000000000000  0.000000000000  0.000000000000  0.000000000000  0.001001003236  0.003009053359  0.001001003236  0.017238019564  
lophura_inornata 0.011096073578  0.017210637913  0.023392504487  0.012135053892  0.006031024991  0.008047206506  0.017210637913  0.000000000000  0.000000000000  0.000000000000  0.000000000000  0.000000000000  0.000000000000  0.000000000000  0.001001003236  0.003009053359  0.001001003236  0.017238019564  
catreus_wallichi 0.011096073578  0.017210637913  0.023392504487  0.012135053892  0.006031024991  0.008047206506  0.017210637913  0.000000000000  0.000000000000  0.000000000000  0.000000000000  0.000000000000  0.000000000000  0.000000000000  0.001001003236  0.003009053359  0.001001003236  0.017238019564  
crossoptilon_crossoptilon 0.012116515902  0.018239487595  0.024432066091  0.013159690267  0.007043192530  0.009061427335  0.018239487595  0.001001003236  0.001001003236  0.001001003236  0.001001003236  0.001001003236  0.001001003236  0.001001003236  0.000000000000  0.004016116502  0.002004018321  0.018270066528  
tragopan_blythii 0.014163681621  0.020303572136  0.026517708360  0.015215295915  0.009073707052  0.011096073578  0.020303572136  0.003009053359  0.003009053359  0.003009053359  0.003009053359  0.003009053359  0.003009053359  0.003009053359  0.004016116502  0.000000000000  0.004016116502  0.020340585446  
syrmaticus_ellioti 0.012116515902  0.018239487595  0.024432066091  0.013159690267  0.007043192530  0.009061427335  0.018239487595  0.001001003236  0.001001003236  0.001001003236  0.001001003236  0.001001003236  0.001001003236  0.001001003236  0.002004018321  0.004016116502  0.000000000000  0.018270066528  
alectoris_rufa 0.006031024991  0.014147113403  0.019255778419  0.019318639891  0.013139049054  0.015171742160  0.023392504487  0.017238019564  0.017238019564  0.017238019564  0.017238019564  0.017238019564  0.017238019564  0.017238019564  0.018270066528  0.020340585446  0.018270066528  0.000000000000  

