18
cyrtonyx_montezumae 0.000000000000  0.048980690297  0.054400635030  0.054400635030  0.045742276345  0.040359225305  0.046832453752  0.049020239792  0.046832453752  0.052320666801  0.046795475344  0.040359225305  0.052277216501  0.032871594143  0.032871594143  0.032895812468  0.028685141548  0.038179358621  
rollulus_rouloul 0.048980690297  0.000000000000  0.027631792873  0.027631792873  0.019328511368  0.014179756460  0.021408166151  0.023496840077  0.021408166151  0.026646934012  0.020350542234  0.016239479576  0.036188076840  0.015208516909  0.015208516909  0.023458139441  0.019312996533  0.030733370161  
catreus_wallichi 0.054400635030  0.027631792873  0.000000000000  0.000000000000  0.016203281243  0.013134227959  0.020335523182  0.022415016177  0.020335523182  0.025551188433  0.021359627170  0.021390327965  0.039347311876  0.020350542234  0.020350542234  0.028664048258  0.024485499576  0.035992944376  
syrmaticus_reevesii 0.054400635030  0.027631792873  0.000000000000  0.000000000000  0.016203281243  0.013134227959  0.020335523182  0.022415016177  0.020335523182  0.025551188433  0.021359627170  0.021390327965  0.039347311876  0.020350542234  0.020350542234  0.028664048258  0.024485499576  0.035992944376  
syrmaticus_ellioti 0.045742276345  0.019328511368  0.016203281243  0.016203281243  0.000000000000  0.007044534874  0.014179756460  0.016239479576  0.014179756460  0.019345675667  0.015195950000  0.015222720168  0.035149327436  0.014192820107  0.014192820107  0.020350542234  0.016225770704  0.027593672624  
chrysolophus_pictus 0.040359225305  0.014179756460  0.013134227959  0.013134227959  0.007044534874  0.000000000000  0.007044534874  0.009076098776  0.007044534874  0.012139603679  0.008052918741  0.008067188607  0.027728161763  0.007051369183  0.007051369183  0.015195950000  0.011106594828  0.022385313869  
lophura_swinhoii 0.046832453752  0.021408166151  0.020335523182  0.020335523182  0.014179756460  0.007044534874  0.000000000000  0.002004164253  0.000000000000  0.005026135549  0.015195950000  0.015222720168  0.035149327436  0.014192820107  0.014192820107  0.022432363420  0.018292041879  0.028644639865  
crossoptilon_crossoptilon 0.049020239792  0.023496840077  0.022415016177  0.022415016177  0.016239479576  0.009076098776  0.002004164253  0.000000000000  0.002004164253  0.007051369183  0.017257798171  0.017289151080  0.037298587945  0.016254827332  0.016254827332  0.024523222591  0.020367216237  0.030753479691  
lophura_nycthemera 0.046832453752  0.021408166151  0.020335523182  0.020335523182  0.014179756460  0.007044534874  0.000000000000  0.002004164253  0.000000000000  0.005026135549  0.015195950000  0.015222720168  0.035149327436  0.014192820107  0.014192820107  0.022432363420  0.018292041879  0.028644639865  
lophura_inornata 0.052320666801  0.026646934012  0.025551188433  0.025551188433  0.019345675667  0.012139603679  0.005026135549  0.007051369183  0.005026135549  0.000000000000  0.020367216237  0.020405517549  0.040540570246  0.019364486555  0.019364486555  0.027676630262  0.023496840077  0.033934154918  
pavo_cristatus 0.046795475344  0.020350542234  0.021359627170  0.021359627170  0.015195950000  0.008052918741  0.015195950000  0.017257798171  0.015195950000  0.020367216237  0.000000000000  0.014179756460  0.032978631099  0.013153188839  0.013153188839  0.021374147332  0.017244586763  0.028626919316  
melgal2    0.040359225305  0.016239479576  0.021390327965  0.021390327965  0.015222720168  0.008067188607  0.015222720168  0.017289151080  0.015222720168  0.020405517549  0.014179756460  0.000000000000  0.027728161763  0.007051369183  0.007051369183  0.015195950000  0.011106594828  0.021346770425  
perdix_dauuricae 0.052277216501  0.036188076840  0.039347311876  0.039347311876  0.035149327436  0.027728161763  0.035149327436  0.037298587945  0.035149327436  0.040540570246  0.032978631099  0.027728161763  0.000000000000  0.020385542298  0.020385542298  0.028707916820  0.024523222591  0.034974114246  
galgal4    0.032871594143  0.015208516909  0.020350542234  0.020350542234  0.014192820107  0.007051369183  0.014192820107  0.016254827332  0.014192820107  0.019364486555  0.013153188839  0.007051369183  0.020385542298  0.000000000000  0.000000000000  0.008048210911  0.004011237743  0.015162104467  
phasianus_colchicus 0.032871594143  0.015208516909  0.020350542234  0.020350542234  0.014192820107  0.007051369183  0.014192820107  0.016254827332  0.014192820107  0.019364486555  0.013153188839  0.007051369183  0.020385542298  0.000000000000  0.000000000000  0.008048210911  0.004011237743  0.015162104467  
tragopan_blythii 0.032895812468  0.023458139441  0.028664048258  0.028664048258  0.020350542234  0.015195950000  0.022432363420  0.024523222591  0.022432363420  0.027676630262  0.021374147332  0.015195950000  0.028707916820  0.008048210911  0.008048210911  0.000000000000  0.004013167321  0.015168096598  
lophophorus_impejanus 0.028685141548  0.019312996533  0.024485499576  0.024485499576  0.016225770704  0.011106594828  0.018292041879  0.020367216237  0.018292041879  0.023496840077  0.017244586763  0.011106594828  0.024523222591  0.004011237743  0.004011237743  0.004013167321  0.000000000000  0.011087343355  
alectoris_rufa 0.038179358621  0.030733370161  0.035992944376  0.035992944376  0.027593672624  0.022385313869  0.028644639865  0.030753479691  0.028644639865  0.033934154918  0.028626919316  0.021346770425  0.034974114246  0.015162104467  0.015162104467  0.015168096598  0.011087343355  0.000000000000  

