18
lophura_swinhoii 0.000000000000  0.011083896526  0.015167324564  0.011082437485  0.006025237161  0.006025237161  0.006025237161  0.006025237161  0.006025237161  0.000000000000  0.008044952585  0.004010891965  0.000000000000  0.000000000000  0.002004134646  0.000000000000  0.000000000000  0.003006901948  
galgal4    0.011083896526  0.000000000000  0.016181210154  0.022335264793  0.017202555073  0.017202555073  0.017202555073  0.017202555073  0.017202555073  0.011083896526  0.019253772575  0.015154584720  0.011083896526  0.011083896526  0.013121313489  0.011083896526  0.011083896526  0.014138469295  
rollulus_rouloul 0.015167324564  0.016181210154  0.000000000000  0.025442903133  0.021324620419  0.021324620419  0.021324620419  0.021324620419  0.021324620419  0.015167324564  0.023388880022  0.019259208988  0.015167324564  0.015167324564  0.017222002560  0.015167324564  0.015167324564  0.018243362145  
phasianus_colchicus 0.011082437485  0.022335264793  0.025442903133  0.000000000000  0.005017239730  0.005017239730  0.005017239730  0.005017239730  0.005017239730  0.011082437485  0.017202555073  0.015153619534  0.011082437485  0.011082437485  0.013117651161  0.011082437485  0.011082437485  0.014135332529  
lophura_inornata 0.006025237161  0.017202555073  0.021324620419  0.005017239730  0.000000000000  0.000000000000  0.000000000000  0.000000000000  0.000000000000  0.006025237161  0.014138469295  0.010068388334  0.006025237161  0.006025237161  0.008047982529  0.006025237161  0.006025237161  0.009058404624  
chrysolophus_pictus 0.006025237161  0.017202555073  0.021324620419  0.005017239730  0.000000000000  0.000000000000  0.000000000000  0.000000000000  0.000000000000  0.006025237161  0.014138469295  0.010068388334  0.006025237161  0.006025237161  0.008047982529  0.006025237161  0.006025237161  0.009058404624  
syrmaticus_reevesii 0.006025237161  0.017202555073  0.021324620419  0.005017239730  0.000000000000  0.000000000000  0.000000000000  0.000000000000  0.000000000000  0.006025237161  0.014138469295  0.010068388334  0.006025237161  0.006025237161  0.008047982529  0.006025237161  0.006025237161  0.009058404624  
catreus_wallichi 0.006025237161  0.017202555073  0.021324620419  0.005017239730  0.000000000000  0.000000000000  0.000000000000  0.000000000000  0.000000000000  0.006025237161  0.014138469295  0.010068388334  0.006025237161  0.006025237161  0.008047982529  0.006025237161  0.006025237161  0.009058404624  
lophura_nycthemera 0.006025237161  0.017202555073  0.021324620419  0.005017239730  0.000000000000  0.000000000000  0.000000000000  0.000000000000  0.000000000000  0.006025237161  0.014138469295  0.010068388334  0.006025237161  0.006025237161  0.008047982529  0.006025237161  0.006025237161  0.009058404624  
crossoptilon_crossoptilon 0.000000000000  0.011083896526  0.015167324564  0.011082437485  0.006025237161  0.006025237161  0.006025237161  0.006025237161  0.006025237161  0.000000000000  0.008044952585  0.004010891965  0.000000000000  0.000000000000  0.002004134646  0.000000000000  0.000000000000  0.003006901948  
melgal2    0.008044952585  0.019253772575  0.023388880022  0.017202555073  0.014138469295  0.014138469295  0.014138469295  0.014138469295  0.014138469295  0.008044952585  0.000000000000  0.012098976886  0.008044952585  0.008044952585  0.010073978576  0.008044952585  0.008044952585  0.011086979496  
cyrtonyx_montezumae 0.004010891965  0.015154584720  0.019259208988  0.015153619534  0.010068388334  0.010068388334  0.010068388334  0.010068388334  0.010068388334  0.004010891965  0.012098976886  0.000000000000  0.004010891965  0.004010891965  0.006025237161  0.004010891965  0.004010891965  0.007033613609  
syrmaticus_ellioti 0.000000000000  0.011083896526  0.015167324564  0.011082437485  0.006025237161  0.006025237161  0.006025237161  0.006025237161  0.006025237161  0.000000000000  0.008044952585  0.004010891965  0.000000000000  0.000000000000  0.002004134646  0.000000000000  0.000000000000  0.003006901948  
tragopan_blythii 0.000000000000  0.011083896526  0.015167324564  0.011082437485  0.006025237161  0.006025237161  0.006025237161  0.006025237161  0.006025237161  0.000000000000  0.008044952585  0.004010891965  0.000000000000  0.000000000000  0.002004134646  0.000000000000  0.000000000000  0.003006901948  
perdix_dauuricae 0.002004134646  0.013121313489  0.017222002560  0.013117651161  0.008047982529  0.008047982529  0.008047982529  0.008047982529  0.008047982529  0.002004134646  0.010073978576  0.006025237161  0.002004134646  0.002004134646  0.000000000000  0.002004134646  0.002004134646  0.005021376511  
pavo_cristatus 0.000000000000  0.011083896526  0.015167324564  0.011082437485  0.006025237161  0.006025237161  0.006025237161  0.006025237161  0.006025237161  0.000000000000  0.008044952585  0.004010891965  0.000000000000  0.000000000000  0.002004134646  0.000000000000  0.000000000000  0.003006901948  
lophophorus_impejanus 0.000000000000  0.011083896526  0.015167324564  0.011082437485  0.006025237161  0.006025237161  0.006025237161  0.006025237161  0.006025237161  0.000000000000  0.008044952585  0.004010891965  0.000000000000  0.000000000000  0.002004134646  0.000000000000  0.000000000000  0.003006901948  
alectoris_rufa 0.003006901948  0.014138469295  0.018243362145  0.014135332529  0.009058404624  0.009058404624  0.009058404624  0.009058404624  0.009058404624  0.003006901948  0.011086979496  0.007033613609  0.003006901948  0.003006901948  0.005021376511  0.003006901948  0.003006901948  0.000000000000  

