18
syrmaticus_reevesii 0.000000000000  0.008053926512  0.008053926512  0.008053926512  0.011108874916  0.011108874916  0.011108874916  0.011108874916  0.013156620286  0.020315497358  0.040267450326  0.034945457241  0.026572648394  0.025523974604  0.050933192345  0.029690970895  0.034992881046  0.028656506269  
phasianus_colchicus 0.008053926512  0.000000000000  0.000000000000  0.000000000000  0.003009637468  0.003009637468  0.003009637468  0.003009637468  0.005026847520  0.012107706164  0.033904362963  0.027586878536  0.018269847469  0.017237184148  0.042319718076  0.021352574965  0.026572648394  0.020327879356  
chrysolophus_pictus 0.008053926512  0.000000000000  0.000000000000  0.000000000000  0.003009637468  0.003009637468  0.003009637468  0.003009637468  0.005026847520  0.012107706164  0.033904362963  0.027586878536  0.018269847469  0.017237184148  0.042319718076  0.021352574965  0.026572648394  0.020327879356  
syrmaticus_ellioti 0.008053926512  0.000000000000  0.000000000000  0.000000000000  0.003009637468  0.003009637468  0.003009637468  0.003009637468  0.005026847520  0.012107706164  0.033904362963  0.027586878536  0.018269847469  0.017237184148  0.042319718076  0.021352574965  0.026572648394  0.020327879356  
catreus_wallichi 0.011108874916  0.003009637468  0.003009637468  0.003009637468  0.000000000000  0.000000000000  0.000000000000  0.000000000000  0.002004277207  0.015178654885  0.037103328865  0.030746568113  0.021381552587  0.020342021573  0.045553975182  0.024477640750  0.029732814629  0.023449710533  
lophura_swinhoii 0.011108874916  0.003009637468  0.003009637468  0.003009637468  0.000000000000  0.000000000000  0.000000000000  0.000000000000  0.002004277207  0.015178654885  0.037103328865  0.030746568113  0.021381552587  0.020342021573  0.045553975182  0.024477640750  0.029732814629  0.023449710533  
lophura_nycthemera 0.011108874916  0.003009637468  0.003009637468  0.003009637468  0.000000000000  0.000000000000  0.000000000000  0.000000000000  0.002004277207  0.015178654885  0.037103328865  0.030746568113  0.021381552587  0.020342021573  0.045553975182  0.024477640750  0.029732814629  0.023449710533  
lophura_inornata 0.011108874916  0.003009637468  0.003009637468  0.003009637468  0.000000000000  0.000000000000  0.000000000000  0.000000000000  0.002004277207  0.015178654885  0.037103328865  0.030746568113  0.021381552587  0.020342021573  0.045553975182  0.024477640750  0.029732814629  0.023449710533  
crossoptilon_crossoptilon 0.013156620286  0.005026847520  0.005026847520  0.005026847520  0.002004277207  0.002004277207  0.002004277207  0.002004277207  0.000000000000  0.017237184148  0.037103328865  0.032864918115  0.023467553626  0.022423393176  0.047722606254  0.026572648394  0.031851486000  0.025542537645  
perdix_dauuricae 0.020315497358  0.012107706164  0.012107706164  0.012107706164  0.015178654885  0.015178654885  0.015178654885  0.015178654885  0.017237184148  0.000000000000  0.027623672609  0.021366182217  0.012131629825  0.011108874916  0.035967753569  0.015188479965  0.020357921028  0.014171758571  
tragopan_blythii 0.040267450326  0.033904362963  0.033904362963  0.033904362963  0.037103328865  0.037103328865  0.037103328865  0.037103328865  0.037103328865  0.027623672609  0.000000000000  0.024477640750  0.023433636414  0.022391951246  0.048754825336  0.026538362212  0.031804546929  0.025507189431  
lophophorus_impejanus 0.034945457241  0.027586878536  0.027586878536  0.027586878536  0.030746568113  0.030746568113  0.030746568113  0.030746568113  0.032864918115  0.021366182217  0.024477640750  0.000000000000  0.017226693989  0.016197506448  0.042298825357  0.020304878594  0.025507189431  0.019280708281  
melgal2    0.026572648394  0.018269847469  0.018269847469  0.018269847469  0.021381552587  0.021381552587  0.021381552587  0.021381552587  0.023467553626  0.012131629825  0.023433636414  0.017226693989  0.000000000000  0.007040017138  0.031732316861  0.011093570136  0.016217819219  0.010081014195  
galgal4    0.025523974604  0.017237184148  0.017237184148  0.017237184148  0.020342021573  0.020342021573  0.020342021573  0.020342021573  0.022423393176  0.011108874916  0.022391951246  0.016197506448  0.007040017138  0.000000000000  0.029656310693  0.008053926512  0.013156620286  0.007045540357  
cyrtonyx_montezumae 0.050933192345  0.042319718076  0.042319718076  0.042319718076  0.045553975182  0.045553975182  0.045553975182  0.045553975182  0.047722606254  0.035967753569  0.048754825336  0.042298825357  0.031732316861  0.029656310693  0.000000000000  0.033845253341  0.039169626513  0.032804207631  
rollulus_rouloul 0.029690970895  0.021352574965  0.021352574965  0.021352574965  0.024477640750  0.024477640750  0.024477640750  0.024477640750  0.026572648394  0.015188479965  0.026538362212  0.020304878594  0.011093570136  0.008053926512  0.033845253341  0.000000000000  0.017249422934  0.011100359593  
pavo_cristatus 0.034992881046  0.026572648394  0.026572648394  0.026572648394  0.029732814629  0.029732814629  0.029732814629  0.029732814629  0.031851486000  0.020357921028  0.031804546929  0.025507189431  0.016217819219  0.013156620286  0.039169626513  0.017249422934  0.000000000000  0.016230591308  
alectoris_rufa 0.028656506269  0.020327879356  0.020327879356  0.020327879356  0.023449710533  0.023449710533  0.023449710533  0.023449710533  0.025542537645  0.014171758571  0.025507189431  0.019280708281  0.010081014195  0.007045540357  0.032804207631  0.011100359593  0.016230591308  0.000000000000  

