18
melgal2    0.000000000000  0.008048251361  0.013143088274  0.016239907807  0.029632892136  0.027577725272  0.033850239801  0.009076237383  0.013134374045  0.009068757279  0.009068757279  0.005021536440  0.008059350320  0.005021536440  0.010079708941  0.005021536440  0.007044610498  0.011084221436  
lophophorus_impejanus 0.008048251361  0.000000000000  0.008052987299  0.020367841949  0.035953438548  0.033889407947  0.038083035379  0.013153444918  0.017233289643  0.013143088274  0.013143088274  0.009068757279  0.012129013465  0.009068757279  0.014158719404  0.009068757279  0.011106761198  0.017215003696  
pavo_cristatus 0.013143088274  0.008052987299  0.000000000000  0.023497727588  0.041295230815  0.039225969792  0.043448685266  0.018308617970  0.021374658951  0.018292519448  0.018292519448  0.014180064869  0.017273149716  0.014180064869  0.019313456412  0.014180064869  0.016239907807  0.022385724014  
galgal4    0.016239907807  0.020367841949  0.023497727588  0.000000000000  0.035972874496  0.033911567694  0.038104926505  0.021449740920  0.025573026171  0.021428477258  0.021428477258  0.017289739701  0.020406359677  0.017289739701  0.022452165741  0.017289739701  0.019365238897  0.025532709909  
perdix_dauuricae 0.029632892136  0.035953438548  0.041295230815  0.035972874496  0.000000000000  0.010079708941  0.030715686915  0.034930326583  0.041271360739  0.037037718116  0.037037718116  0.032809941018  0.035994038159  0.032809941018  0.038083035379  0.032809941018  0.034930326583  0.039092450170  
cyrtonyx_montezumae 0.027577725272  0.033889407947  0.039225969792  0.033911567694  0.010079708941  0.000000000000  0.028664935492  0.032872766031  0.039199373352  0.034975372109  0.034975372109  0.030754440773  0.033935440609  0.030754440773  0.036016926540  0.030754440773  0.032872766031  0.037017057301  
rollulus_rouloul 0.033850239801  0.038083035379  0.043448685266  0.038104926505  0.030715686915  0.028664935492  0.000000000000  0.039199373352  0.041271360739  0.037037718116  0.037037718116  0.034930326583  0.035994038159  0.034930326583  0.040222111540  0.034930326583  0.037060109472  0.043374825525  
chrysolophus_pictus 0.009076237383  0.013153444918  0.018308617970  0.021449740920  0.034930326583  0.032872766031  0.039199373352  0.000000000000  0.012119790532  0.008059350320  0.008059350320  0.004016740239  0.007051482856  0.004016740239  0.009068757279  0.004016740239  0.008067337495  0.018265290882  
syrmaticus_ellioti 0.013134374045  0.017233289643  0.021374658951  0.025573026171  0.041271360739  0.039199373352  0.041271360739  0.012119790532  0.000000000000  0.004011242785  0.004011242785  0.008048251361  0.011098667162  0.008048251361  0.013127305177  0.008048251361  0.012119790532  0.021335860407  
syrmaticus_reevesii 0.009068757279  0.013143088274  0.018292519448  0.021428477258  0.037037718116  0.034975372109  0.037037718116  0.008059350320  0.004011242785  0.000000000000  0.000000000000  0.004013184277  0.007044610498  0.004013184277  0.009062906709  0.004013184277  0.008059350320  0.017223315954  
lophura_inornata 0.009068757279  0.013143088274  0.018292519448  0.021428477258  0.037037718116  0.034975372109  0.037037718116  0.008059350320  0.004011242785  0.000000000000  0.000000000000  0.004013184277  0.007044610498  0.004013184277  0.009062906709  0.004013184277  0.008059350320  0.017223315954  
catreus_wallichi 0.005021536440  0.009068757279  0.014180064869  0.017289739701  0.032809941018  0.030754440773  0.034930326583  0.004016740239  0.008048251361  0.004013184277  0.004013184277  0.000000000000  0.003009403251  0.000000000000  0.005018496528  0.000000000000  0.004016740239  0.014150517015  
lophura_nycthemera 0.008059350320  0.012129013465  0.017273149716  0.020406359677  0.035994038159  0.033935440609  0.035994038159  0.007051482856  0.011098667162  0.007044610498  0.007044610498  0.003009403251  0.000000000000  0.003009403251  0.008052987299  0.003009403251  0.007051482856  0.017233289643  
crossoptilon_crossoptilon 0.005021536440  0.009068757279  0.014180064869  0.017289739701  0.032809941018  0.030754440773  0.034930326583  0.004016740239  0.008048251361  0.004013184277  0.004013184277  0.000000000000  0.003009403251  0.000000000000  0.005018496528  0.000000000000  0.004016740239  0.014150517015  
phasianus_colchicus 0.010079708941  0.014158719404  0.019313456412  0.022452165741  0.038083035379  0.036016926540  0.040222111540  0.009068757279  0.013127305177  0.009062906709  0.009062906709  0.005018496528  0.008052987299  0.005018496528  0.000000000000  0.005018496528  0.009068757279  0.019276620327  
lophura_swinhoii 0.005021536440  0.009068757279  0.014180064869  0.017289739701  0.032809941018  0.030754440773  0.034930326583  0.004016740239  0.008048251361  0.004013184277  0.004013184277  0.000000000000  0.003009403251  0.000000000000  0.005018496528  0.000000000000  0.004016740239  0.014150517015  
tragopan_blythii 0.007044610498  0.011106761198  0.016239907807  0.019365238897  0.034930326583  0.032872766031  0.037060109472  0.008067337495  0.012119790532  0.008059350320  0.008059350320  0.004016740239  0.007051482856  0.004016740239  0.009068757279  0.004016740239  0.000000000000  0.016203499881  
alectoris_rufa 0.011084221436  0.017215003696  0.022385724014  0.025532709909  0.039092450170  0.037017057301  0.043374825525  0.018265290882  0.021335860407  0.017223315954  0.017223315954  0.014150517015  0.017233289643  0.014150517015  0.019276620327  0.014150517015  0.016203499881  0.000000000000  

