18
pavo_cristatus 0.000000000000  0.018294453797  0.023546744733  0.014209273309  0.017309902265  0.010106164955  0.010106164955  0.013180187087  0.015224559893  0.010106164955  0.010106164955  0.010106164955  0.010106164955  0.011128642372  0.012153313272  0.007051800191  0.012140747506  0.008067753146  
cyrtonyx_montezumae 0.018294453797  0.000000000000  0.027682265087  0.020370247804  0.023500952215  0.016227641972  0.016227641972  0.019331223151  0.021393585607  0.016227641972  0.016227641972  0.016227641972  0.016227641972  0.017259929973  0.018294453797  0.013144096791  0.018280024682  0.014169734932  
rollulus_rouloul 0.023546744733  0.027682265087  0.000000000000  0.025650146372  0.026705330956  0.021452565256  0.021452565256  0.024597287708  0.026677961837  0.021452565256  0.021452565256  0.021452565256  0.021452565256  0.022498507281  0.023546744733  0.018328411760  0.023522992861  0.019367527429  
lophura_nycthemera 0.014209273309  0.020370247804  0.025650146372  0.000000000000  0.011128642372  0.004016842988  0.004016842988  0.007051800191  0.009076717495  0.004016842988  0.004016842988  0.004016842988  0.008067753146  0.009085871650  0.010106164955  0.009085871650  0.014194408620  0.010106164955  
lophura_swinhoii 0.017309902265  0.023500952215  0.026705330956  0.011128642372  0.000000000000  0.007051800191  0.007051800191  0.010106164955  0.012140747506  0.007051800191  0.007051800191  0.007051800191  0.011128642372  0.012153313272  0.013180187087  0.012153313272  0.017291551785  0.013180187087  
syrmaticus_ellioti 0.010106164955  0.016227641972  0.021452565256  0.004016842988  0.007051800191  0.000000000000  0.000000000000  0.003009460885  0.005021681547  0.000000000000  0.000000000000  0.000000000000  0.004016842988  0.005026354218  0.006038003593  0.005026354218  0.010095878457  0.006038003593  
chrysolophus_pictus 0.010106164955  0.016227641972  0.021452565256  0.004016842988  0.007051800191  0.000000000000  0.000000000000  0.003009460885  0.005021681547  0.000000000000  0.000000000000  0.000000000000  0.004016842988  0.005026354218  0.006038003593  0.005026354218  0.010095878457  0.006038003593  
catreus_wallichi 0.013180187087  0.019331223151  0.024597287708  0.007051800191  0.010106164955  0.003009460885  0.003009460885  0.000000000000  0.002002837952  0.003009460885  0.003009460885  0.003009460885  0.007051800191  0.008067753146  0.009085871650  0.008067753146  0.013166474332  0.009085871650  
crossoptilon_crossoptilon 0.015224559893  0.021393585607  0.026677961837  0.009076717495  0.012140747506  0.005021681547  0.005021681547  0.002002837952  0.000000000000  0.005021681547  0.005021681547  0.005021681547  0.009076717495  0.010095878457  0.011117218681  0.010095878457  0.015210225054  0.011117218681  
syrmaticus_reevesii 0.010106164955  0.016227641972  0.021452565256  0.004016842988  0.007051800191  0.000000000000  0.000000000000  0.003009460885  0.005021681547  0.000000000000  0.000000000000  0.000000000000  0.004016842988  0.005026354218  0.006038003593  0.005026354218  0.010095878457  0.006038003593  
lophura_inornata 0.010106164955  0.016227641972  0.021452565256  0.004016842988  0.007051800191  0.000000000000  0.000000000000  0.003009460885  0.005021681547  0.000000000000  0.000000000000  0.000000000000  0.004016842988  0.005026354218  0.006038003593  0.005026354218  0.010095878457  0.006038003593  
phasianus_colchicus 0.010106164955  0.016227641972  0.021452565256  0.004016842988  0.007051800191  0.000000000000  0.000000000000  0.003009460885  0.005021681547  0.000000000000  0.000000000000  0.000000000000  0.004016842988  0.005026354218  0.006038003593  0.005026354218  0.010095878457  0.006038003593  
perdix_dauuricae 0.010106164955  0.016227641972  0.021452565256  0.008067753146  0.011128642372  0.004016842988  0.004016842988  0.007051800191  0.009076717495  0.004016842988  0.004016842988  0.004016842988  0.000000000000  0.005026354218  0.006038003593  0.005026354218  0.010095878457  0.006038003593  
melgal2    0.011128642372  0.017259929973  0.022498507281  0.009085871650  0.012153313272  0.005026354218  0.005026354218  0.008067753146  0.010095878457  0.005026354218  0.005026354218  0.005026354218  0.005026354218  0.000000000000  0.001001048269  0.006038003593  0.011117218681  0.007051800191  
tragopan_blythii 0.012153313272  0.018294453797  0.023546744733  0.010106164955  0.013180187087  0.006038003593  0.006038003593  0.009085871650  0.011117218681  0.006038003593  0.006038003593  0.006038003593  0.006038003593  0.001001048269  0.000000000000  0.007051800191  0.012140747506  0.008067753146  
lophophorus_impejanus 0.007051800191  0.013144096791  0.018328411760  0.009085871650  0.012153313272  0.005026354218  0.005026354218  0.008067753146  0.010095878457  0.005026354218  0.005026354218  0.005026354218  0.005026354218  0.006038003593  0.007051800191  0.000000000000  0.007044896296  0.003009460885  
galgal4    0.012140747506  0.018280024682  0.023522992861  0.014194408620  0.017291551785  0.010095878457  0.010095878457  0.013166474332  0.015210225054  0.010095878457  0.010095878457  0.010095878457  0.010095878457  0.011117218681  0.012140747506  0.007044896296  0.000000000000  0.008059726515  
alectoris_rufa 0.008067753146  0.014169734932  0.019367527429  0.010106164955  0.013180187087  0.006038003593  0.006038003593  0.009085871650  0.011117218681  0.006038003593  0.006038003593  0.006038003593  0.006038003593  0.007051800191  0.008067753146  0.003009460885  0.008059726515  0.000000000000  

