18
pavo_cristatus 0.000000000000  0.012138202785  0.013163447024  0.017286152436  0.034135231796  0.043625229593  0.021404291581  0.016237173684  0.018289361428  0.021404291581  0.016237173684  0.016237173684  0.016237173684  0.013163447024  0.019325458565  0.013163447024  0.016252198394  0.013141695784  
tragopan_blythii 0.012138202785  0.000000000000  0.003009281559  0.007050812895  0.023561049256  0.032913326550  0.011105644528  0.006031669040  0.008052490934  0.011105644528  0.006031669040  0.006031669040  0.006031669040  0.003009281559  0.009068082760  0.003009281559  0.006037280261  0.011105644528  
syrmaticus_ellioti 0.013163447024  0.003009281559  0.000000000000  0.004016523297  0.020422428083  0.029734248799  0.008052490934  0.003006887729  0.005018365782  0.008052490934  0.003006887729  0.003006887729  0.003006887729  0.000000000000  0.008052490934  0.002004119468  0.005025853305  0.012127632317  
perdix_dauuricae 0.017286152436  0.007050812895  0.004016523297  0.000000000000  0.024611769083  0.033977649206  0.012127632317  0.007044120275  0.009068082760  0.012127632317  0.007044120275  0.007044120275  0.007044120275  0.004016523297  0.012127632317  0.006037280261  0.009084230397  0.016237173684  
rollulus_rouloul 0.034135231796  0.023561049256  0.020422428083  0.024611769083  0.000000000000  0.049127773629  0.026665408063  0.021444069010  0.023513416262  0.026665408063  0.021444069010  0.021444069010  0.021444069010  0.020422428083  0.028778130828  0.022512592287  0.023561049256  0.033031282820  
cyrtonyx_montezumae 0.043625229593  0.032913326550  0.029734248799  0.033977649206  0.049127773629  0.000000000000  0.031851325657  0.026595736374  0.028679152815  0.031851325657  0.026595736374  0.026595736374  0.026595736374  0.029734248799  0.038197330810  0.031851325657  0.035044303800  0.041425411485  
catreus_wallichi 0.021404291581  0.011105644528  0.008052490934  0.012127632317  0.026665408063  0.031851325657  0.000000000000  0.005021318997  0.007039013343  0.010085797659  0.005021318997  0.005021318997  0.005021318997  0.008052490934  0.016211957148  0.010085797659  0.013151770034  0.020347452939  
phasianus_colchicus 0.016237173684  0.006031669040  0.003006887729  0.007044120275  0.021444069010  0.026595736374  0.005021318997  0.000000000000  0.002002789258  0.005021318997  0.000000000000  0.000000000000  0.000000000000  0.003006887729  0.011097773921  0.005021318997  0.008058681460  0.015194235042  
lophura_inornata 0.018289361428  0.008052490934  0.005018365782  0.009068082760  0.023513416262  0.028679152815  0.007039013343  0.002002789258  0.000000000000  0.007039013343  0.002002789258  0.002002789258  0.002002789258  0.005018365782  0.013133227215  0.007039013343  0.010085797659  0.017242542349  
syrmaticus_reevesii 0.021404291581  0.011105644528  0.008052490934  0.012127632317  0.026665408063  0.031851325657  0.010085797659  0.005021318997  0.007039013343  0.000000000000  0.005021318997  0.005021318997  0.005021318997  0.008052490934  0.016211957148  0.010085797659  0.013151770034  0.019310280919  
lophura_swinhoii 0.016237173684  0.006031669040  0.003006887729  0.007044120275  0.021444069010  0.026595736374  0.005021318997  0.000000000000  0.002002789258  0.005021318997  0.000000000000  0.000000000000  0.000000000000  0.003006887729  0.011097773921  0.005021318997  0.008058681460  0.015194235042  
chrysolophus_pictus 0.016237173684  0.006031669040  0.003006887729  0.007044120275  0.021444069010  0.026595736374  0.005021318997  0.000000000000  0.002002789258  0.005021318997  0.000000000000  0.000000000000  0.000000000000  0.003006887729  0.011097773921  0.005021318997  0.008058681460  0.015194235042  
lophura_nycthemera 0.016237173684  0.006031669040  0.003006887729  0.007044120275  0.021444069010  0.026595736374  0.005021318997  0.000000000000  0.002002789258  0.005021318997  0.000000000000  0.000000000000  0.000000000000  0.003006887729  0.011097773921  0.005021318997  0.008058681460  0.015194235042  
crossoptilon_crossoptilon 0.013163447024  0.003009281559  0.000000000000  0.004016523297  0.020422428083  0.029734248799  0.008052490934  0.003006887729  0.005018365782  0.008052490934  0.003006887729  0.003006887729  0.003006887729  0.000000000000  0.008052490934  0.002004119468  0.005025853305  0.012127632317  
lophophorus_impejanus 0.019325458565  0.009068082760  0.008052490934  0.012127632317  0.028778130828  0.038197330810  0.016211957148  0.011097773921  0.013133227215  0.016211957148  0.011097773921  0.011097773921  0.011097773921  0.008052490934  0.000000000000  0.008052490934  0.011105644528  0.018275313841  
galgal4    0.013163447024  0.003009281559  0.002004119468  0.006037280261  0.022512592287  0.031851325657  0.010085797659  0.005021318997  0.007039013343  0.010085797659  0.005021318997  0.005021318997  0.005021318997  0.002004119468  0.008052490934  0.000000000000  0.005025853305  0.012127632317  
melgal2    0.016252198394  0.006037280261  0.005025853305  0.009084230397  0.023561049256  0.035044303800  0.013151770034  0.008058681460  0.010085797659  0.013151770034  0.008058681460  0.008058681460  0.008058681460  0.005025853305  0.011105644528  0.005025853305  0.000000000000  0.015206531566  
alectoris_rufa 0.013141695784  0.011105644528  0.012127632317  0.016237173684  0.033031282820  0.041425411485  0.020347452939  0.015194235042  0.017242542349  0.019310280919  0.015194235042  0.015194235042  0.015194235042  0.012127632317  0.018275313841  0.012127632317  0.015206531566  0.000000000000  

