18
galgal4    0.000000000000  0.004016566405  0.008066634351  0.015236569513  0.015220989351  0.011105897310  0.012138544829  0.015207032631  0.013152135229  0.011115396376  0.018275981203  0.019297459277  0.013142038320  0.008066634351  0.008066634351  0.008066634351  0.010104406962  0.006037377793  
pavo_cristatus 0.004016566405  0.000000000000  0.004016566405  0.011126509182  0.011115396376  0.007039110122  0.008058822978  0.011105897310  0.009068246197  0.007044225929  0.014157701461  0.015174933171  0.009062559962  0.004016566405  0.004016566405  0.004016566405  0.006037377793  0.002004130186  
lophura_swinhoii 0.008066634351  0.004016566405  0.000000000000  0.007050946017  0.007044225929  0.003006100492  0.004013092993  0.007039110122  0.005018418217  0.003006905588  0.010074056419  0.011087112925  0.005017069429  0.000000000000  0.000000000000  0.000000000000  0.010104406962  0.006037377793  
crossoptilon_crossoptilon 0.015236569513  0.011126509182  0.007050946017  0.000000000000  0.008058822978  0.010086002910  0.011115396376  0.014178496916  0.012127938398  0.010094399259  0.017243132119  0.018263541831  0.012118951124  0.007050946017  0.007050946017  0.007050946017  0.017304719585  0.013177190741  
lophophorus_impejanus 0.015220989351  0.011115396376  0.007044225929  0.008058822978  0.000000000000  0.010079220943  0.011105897310  0.014167285679  0.012118951124  0.010086002910  0.017231821199  0.018252745385  0.012111586051  0.007044225929  0.007044225929  0.007044225929  0.017286877159  0.013163853705  
melgal2    0.011105897310  0.007039110122  0.003006100492  0.010086002910  0.010079220943  0.000000000000  0.007035601650  0.010074056419  0.008045040814  0.006025286659  0.013121507503  0.014138741662  0.008043674326  0.003006100492  0.003006100492  0.003006100492  0.013152135229  0.009068246197  
syrmaticus_ellioti 0.012138544829  0.008058822978  0.004013092993  0.011115396376  0.011105897310  0.007035601650  0.000000000000  0.011098015007  0.009062559962  0.007039110122  0.014149747321  0.015167500420  0.009058488813  0.004013092993  0.004013092993  0.004013092993  0.014191332145  0.010094399259  
lophura_nycthemera 0.015207032631  0.011105897310  0.007039110122  0.014178496916  0.014167285679  0.010074056419  0.011098015007  0.000000000000  0.002004130186  0.010079220943  0.017222150742  0.018243594953  0.012105846252  0.007039110122  0.007039110122  0.007039110122  0.017270663118  0.013152135229  
lophura_inornata 0.013152135229  0.009068246197  0.005018418217  0.012127938398  0.012118951124  0.008045040814  0.009062559962  0.002004130186  0.000000000000  0.008048023150  0.015167500420  0.016186830713  0.010070512427  0.005018418217  0.005018418217  0.005018418217  0.015207032631  0.011105897310  
syrmaticus_reevesii 0.011115396376  0.007044225929  0.003006905588  0.010094399259  0.010086002910  0.006025286659  0.007039110122  0.010079220943  0.008048023150  0.000000000000  0.007035601650  0.014143426349  0.008045040814  0.003006905588  0.003006905588  0.003006905588  0.013163853705  0.009075544450  
tragopan_blythii 0.018275981203  0.014157701461  0.010074056419  0.017243132119  0.017231821199  0.013121507503  0.014149747321  0.017222150742  0.015167500420  0.007035601650  0.000000000000  0.021325042139  0.015161706365  0.010074056419  0.010074056419  0.010074056419  0.020348293657  0.016212475315  
cyrtonyx_montezumae 0.019297459277  0.015174933171  0.011087112925  0.018263541831  0.018252745385  0.014138741662  0.015167500420  0.018243594953  0.016186830713  0.014143426349  0.021325042139  0.000000000000  0.016181566850  0.011087112925  0.011087112925  0.011087112925  0.020333582911  0.017231821199  
perdix_dauuricae 0.013142038320  0.009062559962  0.005017069429  0.012118951124  0.012111586051  0.008043674326  0.009058488813  0.012105846252  0.010070512427  0.008045040814  0.015161706365  0.016181566850  0.000000000000  0.005017069429  0.005017069429  0.005017069429  0.015194702342  0.011098015007  
catreus_wallichi 0.008066634351  0.004016566405  0.000000000000  0.007050946017  0.007044225929  0.003006100492  0.004013092993  0.007039110122  0.005018418217  0.003006905588  0.010074056419  0.011087112925  0.005017069429  0.000000000000  0.000000000000  0.000000000000  0.010104406962  0.006037377793  
chrysolophus_pictus 0.008066634351  0.004016566405  0.000000000000  0.007050946017  0.007044225929  0.003006100492  0.004013092993  0.007039110122  0.005018418217  0.003006905588  0.010074056419  0.011087112925  0.005017069429  0.000000000000  0.000000000000  0.000000000000  0.010104406962  0.006037377793  
phasianus_colchicus 0.008066634351  0.004016566405  0.000000000000  0.007050946017  0.007044225929  0.003006100492  0.004013092993  0.007039110122  0.005018418217  0.003006905588  0.010074056419  0.011087112925  0.005017069429  0.000000000000  0.000000000000  0.000000000000  0.010104406962  0.006037377793  
rollulus_rouloul 0.010104406962  0.006037377793  0.010104406962  0.017304719585  0.017286877159  0.013152135229  0.014191332145  0.017270663118  0.015207032631  0.013163853705  0.020348293657  0.020333582911  0.015194702342  0.010104406962  0.010104406962  0.010104406962  0.000000000000  0.006037377793  
alectoris_rufa 0.006037377793  0.002004130186  0.006037377793  0.013177190741  0.013163853705  0.009068246197  0.010094399259  0.013152135229  0.011105897310  0.009075544450  0.016212475315  0.017231821199  0.011098015007  0.006037377793  0.006037377793  0.006037377793  0.006037377793  0.000000000000  

