18
cyrtonyx_montezumae 0.000000000000  0.023440080744  0.015167905171  0.018253416340  0.008048142130  0.028595793576  0.024453562735  0.024453562735  0.024453562735  0.028625584753  0.020300078086  0.020300078086  0.020300078086  0.025483608200  0.027592250496  0.025497530661  0.020309912273  0.028595793576  
rollulus_rouloul 0.023440080744  0.000000000000  0.028643022047  0.029696081223  0.021373049763  0.041291075974  0.037080034419  0.037080034419  0.037080034419  0.041342898325  0.032826397444  0.032826397444  0.032826397444  0.037056429476  0.040294991319  0.038149314199  0.032846888981  0.042366182812  
galgal4    0.015167905171  0.028643022047  0.000000000000  0.017222724138  0.007035683775  0.027548544215  0.023411843147  0.023411843147  0.023411843147  0.027575989895  0.019267255834  0.019267255834  0.019267255834  0.024440801786  0.026543756652  0.024453562735  0.019275950655  0.027548544215  
pavo_cristatus 0.018253416340  0.029696081223  0.017222724138  0.000000000000  0.010079438791  0.030697119070  0.026543756652  0.026543756652  0.026543756652  0.030731631912  0.022372362233  0.022372362233  0.022372362233  0.027575989895  0.029696081223  0.027592250496  0.022384489835  0.029645315233  
lophura_swinhoii 0.008048142130  0.021373049763  0.007035683775  0.010079438791  0.000000000000  0.020300078086  0.016202839190  0.016202839190  0.016202839190  0.020321412980  0.012106095606  0.012106095606  0.012106095606  0.017222724138  0.019298329192  0.017232469659  0.012111880030  0.020300078086  
crossoptilon_crossoptilon 0.028595793576  0.041291075974  0.027548544215  0.030697119070  0.020300078086  0.000000000000  0.007035683775  0.007035683775  0.007035683775  0.011091984194  0.009062724159  0.009062724159  0.009062724159  0.018253416340  0.020334577100  0.018264296529  0.013133930890  0.031708696930  
catreus_wallichi 0.024453562735  0.037080034419  0.023411843147  0.026543756652  0.016202839190  0.007035683775  0.000000000000  0.000000000000  0.000000000000  0.004013131192  0.004016630910  0.004016630910  0.004016630910  0.013142468426  0.015207742299  0.013152642720  0.008059024616  0.026503557334  
lophura_inornata 0.024453562735  0.037080034419  0.023411843147  0.026543756652  0.016202839190  0.007035683775  0.000000000000  0.000000000000  0.000000000000  0.004013131192  0.004016630910  0.004016630910  0.004016630910  0.013142468426  0.015207742299  0.013152642720  0.008059024616  0.026503557334  
chrysolophus_pictus 0.024453562735  0.037080034419  0.023411843147  0.026543756652  0.016202839190  0.007035683775  0.000000000000  0.000000000000  0.000000000000  0.004013131192  0.004016630910  0.004016630910  0.004016630910  0.013142468426  0.015207742299  0.013152642720  0.008059024616  0.026503557334  
syrmaticus_reevesii 0.028625584753  0.041342898325  0.027575989895  0.030731631912  0.020321412980  0.011091984194  0.004013131192  0.004013131192  0.004013131192  0.000000000000  0.008059024616  0.008059024616  0.008059024616  0.017243867961  0.019327338960  0.017256915973  0.012128357999  0.030682418592  
phasianus_colchicus 0.020300078086  0.032826397444  0.019267255834  0.022372362233  0.012106095606  0.009062724159  0.004016630910  0.004016630910  0.004016630910  0.008059024616  0.000000000000  0.000000000000  0.000000000000  0.009062724159  0.011106237721  0.009068454041  0.004013131192  0.022346040447  
syrmaticus_ellioti 0.020300078086  0.032826397444  0.019267255834  0.022372362233  0.012106095606  0.009062724159  0.004016630910  0.004016630910  0.004016630910  0.008059024616  0.000000000000  0.000000000000  0.000000000000  0.009062724159  0.011106237721  0.009068454041  0.004013131192  0.022346040447  
lophura_nycthemera 0.020300078086  0.032826397444  0.019267255834  0.022372362233  0.012106095606  0.009062724159  0.004016630910  0.004016630910  0.004016630910  0.008059024616  0.000000000000  0.000000000000  0.000000000000  0.009062724159  0.011106237721  0.009068454041  0.004013131192  0.022346040447  
perdix_dauuricae 0.025483608200  0.037056429476  0.024440801786  0.027575989895  0.017222724138  0.018253416340  0.013142468426  0.013142468426  0.013142468426  0.017243867961  0.009062724159  0.009062724159  0.009062724159  0.000000000000  0.004013131192  0.002002804760  0.009068454041  0.027537365461  
lophophorus_impejanus 0.027592250496  0.040294991319  0.026543756652  0.029696081223  0.019298329192  0.020334577100  0.015207742299  0.015207742299  0.015207742299  0.019327338960  0.011106237721  0.011106237721  0.011106237721  0.004013131192  0.000000000000  0.004016630910  0.011115809269  0.029645315233  
melgal2    0.025497530661  0.038149314199  0.024453562735  0.027592250496  0.017232469659  0.018264296529  0.013152642720  0.013152642720  0.013152642720  0.017256915973  0.009068454041  0.009068454041  0.009068454041  0.002002804760  0.004016630910  0.000000000000  0.009075807943  0.027548544215  
tragopan_blythii 0.020309912273  0.032846888981  0.019275950655  0.022384489835  0.012111880030  0.013133930890  0.008059024616  0.008059024616  0.008059024616  0.012128357999  0.004013131192  0.004013131192  0.004013131192  0.009068454041  0.011115809269  0.009075807943  0.000000000000  0.022353134366  
alectoris_rufa 0.028595793576  0.042366182812  0.027548544215  0.029645315233  0.020300078086  0.031708696930  0.026503557334  0.026503557334  0.026503557334  0.030682418592  0.022346040447  0.022346040447  0.022346040447  0.027537365461  0.029645315233  0.027548544215  0.022353134366  0.000000000000  

