18
rollulus_rouloul 0.000000000000  0.036017963836  0.084436878227  0.036017963836  0.033937580691  0.037084585023  0.037084585023  0.040298287276  0.038153506022  0.037084585023  0.044524179368  0.030758175060  0.047716487699  0.039252710718  0.033913766480  0.029723766430  0.038180312181  0.033937580691  
galgal4    0.036017963836  0.000000000000  0.067373209742  0.020295754436  0.018249340420  0.019263547205  0.019263547205  0.024446210217  0.020295754436  0.019263547205  0.028587014785  0.015165500899  0.034876679856  0.023417910546  0.018240617246  0.014147821040  0.022378117394  0.026567946688  
cyrtonyx_montezumae 0.084436878227  0.067373209742  0.000000000000  0.046689987619  0.058611915270  0.061865913315  0.061865913315  0.065213166567  0.062979155146  0.061865913315  0.069580399120  0.055301851898  0.076287628213  0.064135724930  0.058575653196  0.054236422534  0.068538972742  0.074251265816  
tragopan_blythii 0.036017963836  0.020295754436  0.046689987619  0.000000000000  0.012110094485  0.015165500899  0.015165500899  0.020315942566  0.016191317421  0.015165500899  0.022356763213  0.009057849416  0.028587014785  0.017228491880  0.012104624752  0.008047428988  0.022378117394  0.026567946688  
phasianus_colchicus 0.033937580691  0.018249340420  0.058611915270  0.012110094485  0.000000000000  0.003006054027  0.003006054027  0.008051817858  0.004011106684  0.003006054027  0.016199473051  0.003009113923  0.022378117394  0.011113214408  0.006031202018  0.004012894891  0.020328426237  0.024510540123  
crossoptilon_crossoptilon 0.037084585023  0.019263547205  0.061865913315  0.015165500899  0.003006054027  0.000000000000  0.000000000000  0.005025385097  0.001001009929  0.000000000000  0.019271759483  0.006027345462  0.025476100122  0.014164580899  0.009061726965  0.007035202009  0.023417910546  0.027617656060  
chrysolophus_pictus 0.037084585023  0.019263547205  0.061865913315  0.015165500899  0.003006054027  0.000000000000  0.000000000000  0.005025385097  0.001001009929  0.000000000000  0.019271759483  0.006027345462  0.025476100122  0.014164580899  0.009061726965  0.007035202009  0.023417910546  0.027617656060  
catreus_wallichi 0.040298287276  0.024446210217  0.065213166567  0.020315942566  0.008051817858  0.005025385097  0.005025385097  0.000000000000  0.006036604189  0.005025385097  0.024459889154  0.011104112422  0.030719011666  0.019320506164  0.014164580899  0.012117132075  0.028649843161  0.032899804054  
lophura_swinhoii 0.038153506022  0.020295754436  0.062979155146  0.016191317421  0.004011106684  0.001001009929  0.001001009929  0.006036604189  0.000000000000  0.001001009929  0.020305050925  0.007038548257  0.025476100122  0.015191485049  0.010078104434  0.008047428988  0.024459889154  0.028669592816  
lophura_inornata 0.037084585023  0.019263547205  0.061865913315  0.015165500899  0.003006054027  0.000000000000  0.000000000000  0.005025385097  0.001001009929  0.000000000000  0.019271759483  0.006027345462  0.025476100122  0.014164580899  0.009061726965  0.007035202009  0.023417910546  0.027617656060  
perdix_dauuricae 0.044524179368  0.028587014785  0.069580399120  0.022356763213  0.016199473051  0.019271759483  0.019271759483  0.024459889154  0.020305050925  0.019271759483  0.000000000000  0.013125170289  0.032778465904  0.021352483230  0.016191317421  0.014141802632  0.030701865831  0.034953632586  
lophura_nycthemera 0.030758175060  0.015165500899  0.055301851898  0.009057849416  0.003009113923  0.006027345462  0.006027345462  0.011104112422  0.007038548257  0.006027345462  0.013125170289  0.000000000000  0.019271759483  0.008057759702  0.003006814344  0.001000757852  0.017228491880  0.021381228495  
melgal2    0.047716487699  0.034876679856  0.076287628213  0.028587014785  0.022378117394  0.025476100122  0.025476100122  0.030719011666  0.025476100122  0.025476100122  0.032778465904  0.019271759483  0.000000000000  0.027582015612  0.022366638858  0.020295754436  0.037017505709  0.041318470999  
syrmaticus_ellioti 0.039252710718  0.023417910546  0.064135724930  0.017228491880  0.011113214408  0.014164580899  0.014164580899  0.019320506164  0.015191485049  0.014164580899  0.021352483230  0.008057759702  0.027582015612  0.000000000000  0.011104112422  0.009067162732  0.025520455289  0.029746257816  
syrmaticus_reevesii 0.033913766480  0.018240617246  0.058575653196  0.012104624752  0.006031202018  0.009061726965  0.009061726965  0.014164580899  0.010078104434  0.009061726965  0.016191317421  0.003006814344  0.022366638858  0.011104112422  0.000000000000  0.004011106684  0.020315942566  0.024492057185  
lophophorus_impejanus 0.029723766430  0.014147821040  0.054236422534  0.008047428988  0.004012894891  0.007035202009  0.007035202009  0.012117132075  0.008047428988  0.007035202009  0.014141802632  0.001000757852  0.020295754436  0.009067162732  0.004011106684  0.000000000000  0.016209208526  0.020358157327  
pavo_cristatus 0.038180312181  0.022378117394  0.068538972742  0.022378117394  0.020328426237  0.023417910546  0.023417910546  0.028649843161  0.024459889154  0.023417910546  0.030701865831  0.017228491880  0.037017505709  0.025520455289  0.020315942566  0.016209208526  0.000000000000  0.028690953328  
alectoris_rufa 0.033937580691  0.026567946688  0.074251265816  0.026567946688  0.024510540123  0.027617656060  0.027617656060  0.032899804054  0.028669592816  0.027617656060  0.034953632586  0.021381228495  0.041318470999  0.029746257816  0.024492057185  0.020358157327  0.028690953328  0.000000000000  

