18
lophura_nycthemera 0.000000000000  0.000000000000  0.007044290202  0.002004136687  0.005018524030  0.003006932870  0.000000000000  0.000000000000  0.006031794455  0.017243669900  0.018237805164  0.013134018960  0.016183282319  0.008048263803  0.016224684846  0.008048263803  0.013122464856  0.008048263803  
phasianus_colchicus 0.000000000000  0.000000000000  0.007044290202  0.002004136687  0.005018524030  0.003006932870  0.000000000000  0.000000000000  0.006031794455  0.017243669900  0.018237805164  0.013134018960  0.016183282319  0.008048263803  0.016224684846  0.008048263803  0.013122464856  0.008048263803  
catreus_wallichi 0.007044290202  0.007044290202  0.000000000000  0.009075647435  0.012119237486  0.010086160419  0.007044290202  0.007044290202  0.013152364750  0.024501285973  0.024441893652  0.019298232148  0.022363220397  0.014158170378  0.022430212369  0.014158170378  0.019276582284  0.014158170378  
chrysolophus_pictus 0.002004136687  0.002004136687  0.009075647435  0.000000000000  0.007039226535  0.005021408826  0.002004136687  0.002004136687  0.008058904900  0.019311633364  0.020301071668  0.015184489864  0.018237805164  0.010079477658  0.018290519582  0.010079477658  0.015168463289  0.010079477658  
perdix_dauuricae 0.005018524030  0.005018524030  0.012119237486  0.007039226535  0.000000000000  0.006025524611  0.005018524030  0.005018524030  0.011098284833  0.022398229430  0.023392097291  0.018253742280  0.021320161572  0.013127391160  0.021372757740  0.013127391160  0.018237805164  0.013127391160  
lophura_inornata 0.003006932870  0.003006932870  0.010086160419  0.005021408826  0.006025524611  0.000000000000  0.003006932870  0.003006932870  0.009068386610  0.020334385326  0.021327216425  0.016202993677  0.019261826485  0.011092183828  0.019311633364  0.011092183828  0.016188137914  0.011092183828  
syrmaticus_reevesii 0.000000000000  0.000000000000  0.007044290202  0.002004136687  0.005018524030  0.003006932870  0.000000000000  0.000000000000  0.006031794455  0.017243669900  0.018237805164  0.013134018960  0.016183282319  0.008048263803  0.016224684846  0.008048263803  0.013122464856  0.008048263803  
crossoptilon_crossoptilon 0.000000000000  0.000000000000  0.007044290202  0.002004136687  0.005018524030  0.003006932870  0.000000000000  0.000000000000  0.006031794455  0.017243669900  0.018237805164  0.013134018960  0.016183282319  0.008048263803  0.016224684846  0.008048263803  0.013122464856  0.008048263803  
lophura_swinhoii 0.006031794455  0.006031794455  0.013152364750  0.008058904900  0.011098284833  0.009068386610  0.006031794455  0.006031794455  0.000000000000  0.021372757740  0.024441893652  0.019298232148  0.022363220397  0.014158170378  0.022430212369  0.014158170378  0.017215434855  0.014158170378  
melgal2    0.017243669900  0.017243669900  0.024501285973  0.019311633364  0.022398229430  0.020334385326  0.017243669900  0.017243669900  0.021372757740  0.000000000000  0.027562723855  0.022398229430  0.025472925830  0.017232545699  0.025548631216  0.017232545699  0.022373156572  0.017232545699  
tragopan_blythii 0.018237805164  0.018237805164  0.024441893652  0.020301071668  0.023392097291  0.021327216425  0.018237805164  0.018237805164  0.024441893652  0.027562723855  0.000000000000  0.015168463289  0.018228766729  0.010071177031  0.020334385326  0.010071177031  0.015159276671  0.010071177031  
galgal4    0.013134018960  0.013134018960  0.019298232148  0.015184489864  0.018253742280  0.016202993677  0.013134018960  0.013134018960  0.019298232148  0.022398229430  0.015168463289  0.000000000000  0.013122464856  0.005021408826  0.015221292074  0.005021408826  0.010074482005  0.005021408826  
cyrtonyx_montezumae 0.016183282319  0.016183282319  0.022363220397  0.018237805164  0.021320161572  0.019261826485  0.016183282319  0.016183282319  0.022363220397  0.025472925830  0.018228766729  0.013122464856  0.000000000000  0.008044352125  0.018264288741  0.008044352125  0.013117731240  0.008044352125  
lophophorus_impejanus 0.008048263803  0.008048263803  0.014158170378  0.010079477658  0.013127391160  0.011092183828  0.008048263803  0.008048263803  0.014158170378  0.017232545699  0.010071177031  0.005021408826  0.008044352125  0.000000000000  0.010104573156  0.000000000000  0.005017310973  0.000000000000  
rollulus_rouloul 0.016224684846  0.016224684846  0.022430212369  0.018290519582  0.021372757740  0.019311633364  0.016224684846  0.016224684846  0.022430212369  0.025548631216  0.020334385326  0.015221292074  0.018264288741  0.010104573156  0.000000000000  0.010104573156  0.015195059153  0.010104573156  
syrmaticus_ellioti 0.008048263803  0.008048263803  0.014158170378  0.010079477658  0.013127391160  0.011092183828  0.008048263803  0.008048263803  0.014158170378  0.017232545699  0.010071177031  0.005021408826  0.008044352125  0.000000000000  0.010104573156  0.000000000000  0.005017310973  0.000000000000  
pavo_cristatus 0.013122464856  0.013122464856  0.019276582284  0.015168463289  0.018237805164  0.016188137914  0.013122464856  0.013122464856  0.017215434855  0.022373156572  0.015159276671  0.010074482005  0.013117731240  0.005017310973  0.015195059153  0.005017310973  0.000000000000  0.005017310973  
alectoris_rufa 0.008048263803  0.008048263803  0.014158170378  0.010079477658  0.013127391160  0.011092183828  0.008048263803  0.008048263803  0.014158170378  0.017232545699  0.010071177031  0.005021408826  0.008044352125  0.000000000000  0.010104573156  0.000000000000  0.005017310973  0.000000000000  

