18
galgal4    0.000000000000  0.019275932269  0.041267967241  0.056377854561  0.059815720045  0.027561378192  0.036013894390  0.037057048218  0.038125240471  0.047812250073  0.037080949299  0.039222166448  0.046757016994  0.039195803381  0.036013894390  0.042421821871  0.028625844900  0.012111910267  
pavo_cristatus 0.019275932269  0.000000000000  0.027610804653  0.045607040391  0.046867721306  0.014168029391  0.022450569775  0.023475805808  0.024522286185  0.034013714686  0.023495958549  0.025593557224  0.032976876156  0.025571041725  0.022450569775  0.028731058797  0.016239059315  0.013142639992  
perdix_dauuricae 0.041267967241  0.027610804653  0.000000000000  0.046662064299  0.051131526187  0.021335046125  0.027592637757  0.028625844900  0.029677817665  0.039222166448  0.028643507437  0.030752139768  0.040325681714  0.029677817665  0.027592637757  0.036038290927  0.023425366924  0.034949194646  
cyrtonyx_montezumae 0.056377854561  0.045607040391  0.046662064299  0.000000000000  0.068704314874  0.039127104816  0.047748159787  0.048806030023  0.049895760037  0.059773793842  0.048836706156  0.051021195958  0.058703374413  0.050987957382  0.047748159787  0.054279465763  0.039148269535  0.051021195958  
rollulus_rouloul 0.059815720045  0.046867721306  0.051131526187  0.068704314874  0.000000000000  0.040325681714  0.049016503008  0.050073183031  0.051171831318  0.061121673454  0.050113948207  0.052316357336  0.060052277010  0.052272987531  0.049016503008  0.053376663147  0.042517317362  0.054438640067  
tragopan_blythii 0.027561378192  0.014168029391  0.021335046125  0.039127104816  0.040325681714  0.000000000000  0.016213328314  0.017232621356  0.018264509242  0.027630658961  0.017244154813  0.019312439888  0.026600053663  0.019298609215  0.016213328314  0.022414277012  0.010079485123  0.021359001429  
phasianus_colchicus 0.036013894390  0.022450569775  0.027592637757  0.047748159787  0.049016503008  0.016213328314  0.000000000000  0.001000761800  0.002002800654  0.011106407086  0.001001037953  0.003009367526  0.012139363997  0.003006925340  0.000000000000  0.018291523385  0.018291523385  0.029739463339  
lophura_nycthemera 0.037057048218  0.023475805808  0.028625844900  0.048806030023  0.050073183031  0.017232621356  0.001000761800  0.000000000000  0.001001037953  0.012119425609  0.002002800654  0.004013144560  0.013152919173  0.004011224172  0.001000761800  0.019312439888  0.019312439888  0.030773888475  
lophura_inornata 0.038125240471  0.024522286185  0.029677817665  0.049895760037  0.051171831318  0.018264509242  0.002002800654  0.001001037953  0.000000000000  0.013142639992  0.003006925340  0.005021467071  0.014179440322  0.005018454686  0.002002800654  0.020349917476  0.020349917476  0.031832875699  
syrmaticus_reevesii 0.047812250073  0.034013714686  0.039222166448  0.059773793842  0.061121673454  0.027630658961  0.011106407086  0.012119425609  0.013142639992  0.000000000000  0.012128577840  0.014179440322  0.023495958549  0.014168029391  0.011106407086  0.029763395580  0.029763395580  0.041435819216  
crossoptilon_crossoptilon 0.037080949299  0.023495958549  0.028643507437  0.048836706156  0.050113948207  0.017244154813  0.001001037953  0.002002800654  0.003006925340  0.012128577840  0.000000000000  0.004016676551  0.013164834765  0.004013144560  0.001001037953  0.019327928062  0.019327928062  0.030797332726  
catreus_wallichi 0.039222166448  0.025593557224  0.030752139768  0.051021195958  0.052316357336  0.019312439888  0.003009367526  0.004013144560  0.005021467071  0.014179440322  0.004016676551  0.000000000000  0.015222339520  0.006031901684  0.003009367526  0.021407441596  0.021407441596  0.032920056772  
syrmaticus_ellioti 0.046757016994  0.032976876156  0.040325681714  0.058703374413  0.060052277010  0.026600053663  0.012139363997  0.013152919173  0.014179440322  0.023495958549  0.013164834765  0.015222339520  0.000000000000  0.015208150583  0.012139363997  0.028731058797  0.028731058797  0.040389522784  
chrysolophus_pictus 0.039195803381  0.025571041725  0.029677817665  0.050987957382  0.052272987531  0.019298609215  0.003006925340  0.004011224172  0.005018454686  0.014168029391  0.004013144560  0.006031901684  0.015208150583  0.000000000000  0.003006925340  0.021389631208  0.021389631208  0.032894192854  
lophura_swinhoii 0.036013894390  0.022450569775  0.027592637757  0.047748159787  0.049016503008  0.016213328314  0.000000000000  0.001000761800  0.002002800654  0.011106407086  0.001001037953  0.003009367526  0.012139363997  0.003006925340  0.000000000000  0.018291523385  0.018291523385  0.029739463339  
melgal2    0.042421821871  0.028731058797  0.036038290927  0.054279465763  0.053376663147  0.022414277012  0.018291523385  0.019312439888  0.020349917476  0.029763395580  0.019327928062  0.021407441596  0.028731058797  0.021389631208  0.018291523385  0.000000000000  0.022431590745  0.036092227000  
lophophorus_impejanus 0.028625844900  0.016239059315  0.023425366924  0.039148269535  0.042517317362  0.010079485123  0.018291523385  0.019312439888  0.020349917476  0.029763395580  0.019327928062  0.021407441596  0.028731058797  0.021389631208  0.018291523385  0.022431590745  0.000000000000  0.023457320997  
alectoris_rufa 0.012111910267  0.013142639992  0.034949194646  0.051021195958  0.054438640067  0.021359001429  0.029739463339  0.030773888475  0.031832875699  0.041435819216  0.030797332726  0.032920056772  0.040389522784  0.032894192854  0.029739463339  0.036092227000  0.023457320997  0.000000000000  

