18
lophura_swinhoii 0.000000000000  0.007039414667  0.010086828247  0.010086828247  0.019313989667  0.019287612400  0.017258685465  0.017273727967  0.026582510372  0.022453089445  0.013153741799  0.012129255213  0.014168851766  0.017258685465  0.012129255213  0.012129255213  0.011106953797  0.000000000000  
catreus_wallichi 0.007039414667  0.000000000000  0.003009428206  0.003009428206  0.012129255213  0.012112348763  0.010095488522  0.010105794605  0.019313989667  0.015223692794  0.006037871768  0.005026262930  0.007044698302  0.010095488522  0.005026262930  0.005026262930  0.004016784728  0.007039414667  
syrmaticus_reevesii 0.010086828247  0.003009428206  0.000000000000  0.000000000000  0.009068869322  0.009058751137  0.007044698302  0.007051620256  0.016214312719  0.012140190627  0.003009428206  0.002004184464  0.004013204208  0.007044698302  0.002004184464  0.002004184464  0.001001044658  0.010086828247  
crossoptilon_crossoptilon 0.010086828247  0.003009428206  0.000000000000  0.000000000000  0.009068869322  0.009058751137  0.007044698302  0.007051620256  0.016214312719  0.012140190627  0.003009428206  0.002004184464  0.004013204208  0.007044698302  0.002004184464  0.002004184464  0.001001044658  0.010086828247  
perdix_dauuricae 0.019313989667  0.012129255213  0.009068869322  0.009068869322  0.000000000000  0.014144121429  0.012119973607  0.012129255213  0.021360564115  0.017258685465  0.008053067837  0.011106953797  0.013143317870  0.016226526082  0.011106953797  0.011106953797  0.010086828247  0.019313989667  
galgal4    0.019287612400  0.012112348763  0.009058751137  0.009058751137  0.014144121429  0.000000000000  0.010070751839  0.010074456919  0.018237167581  0.015176134390  0.006024485054  0.011092319733  0.013127450908  0.016203769345  0.011092319733  0.011092319733  0.010074456919  0.019287612400  
lophophorus_impejanus 0.017258685465  0.010095488522  0.007044698302  0.007044698302  0.012119973607  0.010070751839  0.000000000000  0.004013204208  0.017233612355  0.013153741799  0.004013204208  0.009076399271  0.009068869322  0.014180422914  0.009076399271  0.009076399271  0.008059472250  0.017258685465  
melgal2    0.017273727967  0.010105794605  0.007051620256  0.007051620256  0.012129255213  0.010074456919  0.004013204208  0.000000000000  0.017245312614  0.013165822089  0.004016784728  0.009085572517  0.009076399271  0.014193652993  0.009085572517  0.009085572517  0.008067517463  0.017273727967  
cyrtonyx_montezumae 0.026582510372  0.019313989667  0.016214312719  0.016214312719  0.021360564115  0.018237167581  0.017233612355  0.017245312614  0.000000000000  0.018265672927  0.013134553247  0.018278535062  0.020336485105  0.023459576392  0.018278535062  0.018278535062  0.017245312614  0.026582510372  
pavo_cristatus 0.022453089445  0.015223692794  0.012140190627  0.012140190627  0.017258685465  0.015176134390  0.013153741799  0.013165822089  0.018265672927  0.000000000000  0.009076399271  0.014193652993  0.016240406485  0.019347078353  0.014193652993  0.014193652993  0.013165822089  0.022453089445  
tragopan_blythii 0.013153741799  0.006037871768  0.003009428206  0.003009428206  0.008053067837  0.006024485054  0.004013204208  0.004016784728  0.013134553247  0.009076399271  0.000000000000  0.005026262930  0.007044698302  0.010095488522  0.005026262930  0.005026262930  0.004016784728  0.013153741799  
chrysolophus_pictus 0.012129255213  0.005026262930  0.002004184464  0.002004184464  0.011106953797  0.011092319733  0.009076399271  0.009085572517  0.018278535062  0.014193652993  0.005026262930  0.000000000000  0.002002808242  0.005021573293  0.000000000000  0.004016784728  0.003009428206  0.012129255213  
lophura_nycthemera 0.014168851766  0.007044698302  0.004013204208  0.004013204208  0.013143317870  0.013127450908  0.009068869322  0.009076399271  0.020336485105  0.016240406485  0.007044698302  0.002002808242  0.000000000000  0.007039414667  0.002002808242  0.006032068330  0.005021573293  0.014168851766  
lophura_inornata 0.017258685465  0.010095488522  0.007044698302  0.007044698302  0.016226526082  0.016203769345  0.014180422914  0.014193652993  0.023459576392  0.019347078353  0.010095488522  0.005021573293  0.007039414667  0.000000000000  0.005021573293  0.009076399271  0.008059472250  0.017258685465  
phasianus_colchicus 0.012129255213  0.005026262930  0.002004184464  0.002004184464  0.011106953797  0.011092319733  0.009076399271  0.009085572517  0.018278535062  0.014193652993  0.005026262930  0.000000000000  0.002002808242  0.005021573293  0.000000000000  0.004016784728  0.003009428206  0.012129255213  
syrmaticus_ellioti 0.012129255213  0.005026262930  0.002004184464  0.002004184464  0.011106953797  0.011092319733  0.009076399271  0.009085572517  0.018278535062  0.014193652993  0.005026262930  0.004016784728  0.006032068330  0.009076399271  0.004016784728  0.000000000000  0.003009428206  0.012129255213  
rollulus_rouloul 0.011106953797  0.004016784728  0.001001044658  0.001001044658  0.010086828247  0.010074456919  0.008059472250  0.008067517463  0.017245312614  0.013165822089  0.004016784728  0.003009428206  0.005021573293  0.008059472250  0.003009428206  0.003009428206  0.000000000000  0.011106953797  
alectoris_rufa 0.000000000000  0.007039414667  0.010086828247  0.010086828247  0.019313989667  0.019287612400  0.017258685465  0.017273727967  0.026582510372  0.022453089445  0.013153741799  0.012129255213  0.014168851766  0.017258685465  0.012129255213  0.012129255213  0.011106953797  0.000000000000  

