18
galgal4    0.000000000000  0.014169069747  0.041274597570  0.027539163885  0.026486274402  0.032764220094  0.026495013333  0.029622010707  0.025453134679  0.025453134679  0.028565087547  0.025453134679  0.041212968145  0.025445575682  0.032778417102  0.027550801938  0.033835193176  0.020286031087  
pavo_cristatus 0.014169069747  0.000000000000  0.035955767902  0.021312730903  0.022341031773  0.028574481986  0.022346782260  0.025453134679  0.021312730903  0.021312730903  0.024407133879  0.021312730903  0.036967570991  0.021308142698  0.026495013333  0.021319014117  0.027539163885  0.014134438176  
cyrtonyx_montezumae 0.041274597570  0.035955767902  0.000000000000  0.022434399248  0.033963959732  0.040365545122  0.033991443420  0.037170577840  0.032926091249  0.032926091249  0.036071071504  0.032926091249  0.048951591129  0.032899841230  0.038244240251  0.032954051456  0.039320315448  0.029700724095  
rollulus_rouloul 0.027539163885  0.021312730903  0.022434399248  0.000000000000  0.019300353726  0.025534263963  0.019314397066  0.022416828837  0.018278897622  0.018278897622  0.021361035856  0.018278897622  0.033914142917  0.018266019819  0.023460177600  0.018293441568  0.024505804684  0.015168606462  
phasianus_colchicus 0.026486274402  0.022341031773  0.033963959732  0.019300353726  0.000000000000  0.008048364445  0.002002810520  0.005018537965  0.001000761621  0.001000761621  0.004010931521  0.001000761621  0.016195132803  0.007034669237  0.016195132803  0.011092431495  0.017223864510  0.016187901759  
syrmaticus_reevesii 0.032764220094  0.028574481986  0.040365545122  0.025534263963  0.008048364445  0.000000000000  0.008053136359  0.011098937558  0.007039465237  0.007039465237  0.010074541638  0.007039465237  0.022386729887  0.013118322815  0.022386729887  0.017233915338  0.023427714803  0.022374207215  
crossoptilon_crossoptilon 0.026495013333  0.022346782260  0.033991443420  0.019314397066  0.002002810520  0.008053136359  0.000000000000  0.005021600633  0.001001045643  0.001001045643  0.004011263816  0.001001045643  0.016204030691  0.007033409264  0.016204030691  0.011098937558  0.017233915338  0.016195132803  
lophura_swinhoii 0.029622010707  0.025453134679  0.037170577840  0.022416828837  0.005018537965  0.011098937558  0.005021600633  0.000000000000  0.004013221166  0.004013221166  0.007035810265  0.004013221166  0.019287982071  0.010068727117  0.019287982071  0.014159148405  0.020323387102  0.019277285047  
lophura_inornata 0.025453134679  0.021312730903  0.032926091249  0.018278897622  0.001000761621  0.007039465237  0.001001045643  0.004013221166  0.000000000000  0.000000000000  0.003006104087  0.000000000000  0.015176356352  0.006025208847  0.015176356352  0.010079918949  0.016204030691  0.015168606462  
lophura_nycthemera 0.025453134679  0.021312730903  0.032926091249  0.018278897622  0.001000761621  0.007039465237  0.001001045643  0.004013221166  0.000000000000  0.000000000000  0.003006104087  0.000000000000  0.015176356352  0.006025208847  0.015176356352  0.010079918949  0.016204030691  0.015168606462  
catreus_wallichi 0.028565087547  0.024407133879  0.036071071504  0.021361035856  0.004010931521  0.010074541638  0.004011263816  0.007035810265  0.003006104087  0.003006104087  0.000000000000  0.003006104087  0.018245274361  0.009055922276  0.018245274361  0.013127600788  0.019277285047  0.018237412644  
syrmaticus_ellioti 0.025453134679  0.021312730903  0.032926091249  0.018278897622  0.001000761621  0.007039465237  0.001001045643  0.004013221166  0.000000000000  0.000000000000  0.003006104087  0.000000000000  0.015176356352  0.006025208847  0.015176356352  0.010079918949  0.016204030691  0.015168606462  
chrysolophus_pictus 0.041212968145  0.036967570991  0.048951591129  0.033914142917  0.016195132803  0.022386729887  0.016204030691  0.019287982071  0.015176356352  0.015176356352  0.018245274361  0.015176356352  0.000000000000  0.021319014117  0.030717531207  0.024456084085  0.031773289651  0.030700579278  
perdix_dauuricae 0.025445575682  0.021308142698  0.032899841230  0.018266019819  0.007034669237  0.013118322815  0.007033409264  0.010068727117  0.006025208847  0.006025208847  0.009055922276  0.006025208847  0.021319014117  0.000000000000  0.015168606462  0.010074541638  0.016195132803  0.015162520854  
lophophorus_impejanus 0.032778417102  0.026495013333  0.038244240251  0.023460177600  0.016195132803  0.022386729887  0.016204030691  0.019287982071  0.015176356352  0.015176356352  0.018245274361  0.015176356352  0.030717531207  0.015168606462  0.000000000000  0.009068957900  0.014159148405  0.020311524754  
melgal2    0.027550801938  0.021319014117  0.032954051456  0.018293441568  0.011092431495  0.017233915338  0.011098937558  0.014159148405  0.010079918949  0.010079918949  0.013127600788  0.010079918949  0.024456084085  0.010074541638  0.009068957900  0.000000000000  0.010086939003  0.015176356352  
tragopan_blythii 0.033835193176  0.027539163885  0.039320315448  0.024505804684  0.017223864510  0.023427714803  0.017233915338  0.020323387102  0.016204030691  0.016204030691  0.019277285047  0.016204030691  0.031773289651  0.016195132803  0.014159148405  0.010086939003  0.000000000000  0.021348003129  
alectoris_rufa 0.020286031087  0.014134438176  0.029700724095  0.015168606462  0.016187901759  0.022374207215  0.016195132803  0.019277285047  0.015168606462  0.015168606462  0.018237412644  0.015168606462  0.030700579278  0.015162520854  0.020311524754  0.015176356352  0.021348003129  0.000000000000  

