18
rollulus_rouloul 0.000000000000  0.044740361593  0.013150914430  0.017254057562  0.019340195257  0.016235783345  0.023469661151  0.022426089682  0.020361684809  0.019323617797  0.019323617797  0.024515459741  0.020361684809  0.018303204557  0.013150914430  0.014177047812  0.010085343995  0.020331104486  
cyrtonyx_montezumae 0.044740361593  0.000000000000  0.030837558646  0.035067414673  0.037242288332  0.034029459863  0.041484989141  0.039326693511  0.037209249079  0.036137161690  0.036137161690  0.042567712186  0.038283687105  0.036169003320  0.030837558646  0.044740361593  0.040404653083  0.048990243642  
lophophorus_impejanus 0.013150914430  0.030837558646  0.000000000000  0.004012997621  0.006037034749  0.003009220686  0.010085343995  0.009067734131  0.007043870228  0.006031495039  0.006031495039  0.011105071435  0.007043870228  0.005025683281  0.000000000000  0.013150914430  0.009067734131  0.019295275773  
catreus_wallichi 0.017254057562  0.035067414673  0.004012997621  0.000000000000  0.010093605581  0.007043870228  0.014166013688  0.013140975065  0.011105071435  0.010085343995  0.010085343995  0.015193200951  0.011105071435  0.009074916776  0.004012997621  0.017254057562  0.013140975065  0.023435543631  
crossoptilon_crossoptilon 0.019340195257  0.037242288332  0.006037034749  0.010093605581  0.000000000000  0.003009220686  0.010085343995  0.009067734131  0.007043870228  0.006031495039  0.006031495039  0.011105071435  0.007043870228  0.005025683281  0.006037034749  0.019340195257  0.015205334432  0.025543347682  
tragopan_blythii 0.016235783345  0.034029459863  0.003009220686  0.007043870228  0.003009220686  0.000000000000  0.007038832084  0.006027522510  0.004012997621  0.003006858268  0.003006858268  0.008052233068  0.004012997621  0.002004092487  0.003009220686  0.016235783345  0.012126925285  0.022409353713  
chrysolophus_pictus 0.023469661151  0.041484989141  0.010085343995  0.014166013688  0.010085343995  0.007038832084  0.000000000000  0.013132624796  0.011097307915  0.010078661615  0.010078661615  0.015182661247  0.011097307915  0.009067734131  0.010085343995  0.023469661151  0.019308643657  0.029708806681  
syrmaticus_ellioti 0.022426089682  0.039326693511  0.009067734131  0.013140975065  0.009067734131  0.006027522510  0.013132624796  0.000000000000  0.004012997621  0.003006858268  0.003006858268  0.014156570993  0.010078661615  0.008052233068  0.009067734131  0.022426089682  0.018273886622  0.028655205948  
lophura_swinhoii 0.020361684809  0.037209249079  0.007043870228  0.011105071435  0.007043870228  0.004012997621  0.011097307915  0.004012997621  0.000000000000  0.001001021727  0.001001021727  0.012118076112  0.008052233068  0.006031495039  0.007043870228  0.020361684809  0.016222545881  0.025524824287  
lophura_nycthemera 0.019323617797  0.036137161690  0.006031495039  0.010085343995  0.006031495039  0.003006858268  0.010078661615  0.003006858268  0.001001021727  0.000000000000  0.000000000000  0.011097307915  0.007038832084  0.005021207032  0.006031495039  0.019323617797  0.015193200951  0.025524824287  
pavo_cristatus 0.019323617797  0.036137161690  0.006031495039  0.010085343995  0.006031495039  0.003006858268  0.010078661615  0.003006858268  0.001001021727  0.000000000000  0.000000000000  0.011097307915  0.007038832084  0.005021207032  0.006031495039  0.019323617797  0.015193200951  0.025524824287  
galgal4    0.024515459741  0.042567712186  0.011105071435  0.015193200951  0.011105071435  0.008052233068  0.015182661247  0.014156570993  0.012118076112  0.011097307915  0.011097307915  0.000000000000  0.004012997621  0.010085343995  0.011105071435  0.024515459741  0.020345590311  0.030764677596  
phasianus_colchicus 0.020361684809  0.038283687105  0.007043870228  0.011105071435  0.007043870228  0.004012997621  0.011097307915  0.010078661615  0.008052233068  0.007038832084  0.007038832084  0.004012997621  0.000000000000  0.006031495039  0.007043870228  0.020361684809  0.016222545881  0.026572814537  
melgal2    0.018303204557  0.036169003320  0.005025683281  0.009074916776  0.005025683281  0.002004092487  0.009067734131  0.008052233068  0.006031495039  0.005021207032  0.005021207032  0.010085343995  0.006031495039  0.000000000000  0.005025683281  0.018303204557  0.014177047812  0.024496454408  
lophura_inornata 0.013150914430  0.030837558646  0.000000000000  0.004012997621  0.006037034749  0.003009220686  0.010085343995  0.009067734131  0.007043870228  0.006031495039  0.006031495039  0.011105071435  0.007043870228  0.005025683281  0.000000000000  0.013150914430  0.009067734131  0.019295275773  
perdix_dauuricae 0.014177047812  0.044740361593  0.013150914430  0.017254057562  0.019340195257  0.016235783345  0.023469661151  0.022426089682  0.020361684809  0.019323617797  0.019323617797  0.024515459741  0.020361684809  0.018303204557  0.013150914430  0.000000000000  0.004016414780  0.020331104486  
syrmaticus_reevesii 0.010085343995  0.040404653083  0.009067734131  0.013140975065  0.015205334432  0.012126925285  0.019308643657  0.018273886622  0.016222545881  0.015193200951  0.015193200951  0.020345590311  0.016222545881  0.014177047812  0.009067734131  0.004016414780  0.000000000000  0.016200862336  
alectoris_rufa 0.020331104486  0.048990243642  0.019295275773  0.023435543631  0.025543347682  0.022409353713  0.029708806681  0.028655205948  0.025524824287  0.025524824287  0.025524824287  0.030764677596  0.026572814537  0.024496454408  0.019295275773  0.020331104486  0.016200862336  0.000000000000  

