18
rollulus_rouloul 0.000000000000  0.016194842864  0.016194842864  0.019267909015  0.019267909015  0.022373631207  0.026530629511  0.019267909015  0.026530629511  0.019267909015  0.021336156669  0.032829927310  0.026546094232  0.031813187443  0.019287491310  0.047819689799  0.045710686747  0.021360379938  
pavo_cristatus 0.016194842864  0.000000000000  0.000000000000  0.003006100461  0.003006100461  0.006027890432  0.010079780034  0.003006100461  0.010079780034  0.003006100461  0.005018512449  0.018278330973  0.010086757823  0.017273403783  0.003009411908  0.031861230609  0.030853153300  0.013134494084  
lophophorus_impejanus 0.016194842864  0.000000000000  0.000000000000  0.003006100461  0.003006100461  0.006027890432  0.010079780034  0.003006100461  0.010079780034  0.003006100461  0.005018512449  0.018278330973  0.010086757823  0.017273403783  0.003009411908  0.031861230609  0.030853153300  0.013134494084  
lophura_inornata 0.019267909015  0.003006100461  0.003006100461  0.000000000000  0.000000000000  0.003009411908  0.007044651320  0.000000000000  0.007044651320  0.000000000000  0.002004177241  0.017273403783  0.009085423342  0.016272675799  0.006027890432  0.035001403805  0.033989244894  0.016194842864  
lophura_swinhoii 0.019267909015  0.003006100461  0.003006100461  0.000000000000  0.000000000000  0.003009411908  0.007044651320  0.000000000000  0.007044651320  0.000000000000  0.002004177241  0.017273403783  0.009085423342  0.016272675799  0.006027890432  0.035001403805  0.033989244894  0.016194842864  
lophura_nycthemera 0.022373631207  0.006027890432  0.006027890432  0.003009411908  0.003009411908  0.000000000000  0.010095368755  0.003009411908  0.010095368755  0.003009411908  0.005026217404  0.020386633503  0.012152509457  0.019386171084  0.009068819584  0.038210933044  0.037199056381  0.019287491310  
syrmaticus_reevesii 0.026530629511  0.010079780034  0.010079780034  0.007044651320  0.007044651320  0.010095368755  0.000000000000  0.007044651320  0.012129131907  0.007044651320  0.009076307588  0.024546081086  0.016255580405  0.023543837456  0.013143218372  0.042490086524  0.041476397046  0.021347430326  
syrmaticus_ellioti 0.019267909015  0.003006100461  0.003006100461  0.000000000000  0.000000000000  0.003009411908  0.007044651320  0.000000000000  0.007044651320  0.000000000000  0.002004177241  0.017273403783  0.009085423342  0.016272675799  0.006027890432  0.035001403805  0.033989244894  0.016194842864  
phasianus_colchicus 0.026530629511  0.010079780034  0.010079780034  0.007044651320  0.007044651320  0.010095368755  0.012129131907  0.007044651320  0.000000000000  0.007044651320  0.009076307588  0.024546081086  0.016255580405  0.023543837456  0.013143218372  0.042490086524  0.041476397046  0.023426964102  
catreus_wallichi 0.019267909015  0.003006100461  0.003006100461  0.000000000000  0.000000000000  0.003009411908  0.007044651320  0.000000000000  0.007044651320  0.000000000000  0.002004177241  0.017273403783  0.009085423342  0.016272675799  0.006027890432  0.035001403805  0.033989244894  0.016194842864  
chrysolophus_pictus 0.021336156669  0.005018512449  0.005018512449  0.002004177241  0.002004177241  0.005026217404  0.009076307588  0.002004177241  0.009076307588  0.002004177241  0.000000000000  0.019346645640  0.011127968865  0.018346094316  0.008053034992  0.037138704278  0.036126733112  0.018254393462  
perdix_dauuricae 0.032829927310  0.018278330973  0.018278330973  0.017273403783  0.017273403783  0.020386633503  0.024546081086  0.017273403783  0.024546081086  0.017273403783  0.019346645640  0.000000000000  0.008053034992  0.015209076089  0.021391295175  0.051181361000  0.050166249724  0.029699411266  
crossoptilon_crossoptilon 0.026546094232  0.010086757823  0.010086757823  0.009085423342  0.009085423342  0.012152509457  0.016255580405  0.009085423342  0.016255580405  0.009085423342  0.011127968865  0.008053034992  0.000000000000  0.007051530522  0.013153586232  0.042523955382  0.041512460992  0.023442256980  
melgal2    0.031813187443  0.017273403783  0.017273403783  0.016272675799  0.016272675799  0.019386171084  0.023543837456  0.016272675799  0.023543837456  0.016272675799  0.018346094316  0.015209076089  0.007051530522  0.000000000000  0.020386633503  0.050166249724  0.044773137235  0.030800750020  
tragopan_blythii 0.019287491310  0.003009411908  0.003009411908  0.006027890432  0.006027890432  0.009068819584  0.013143218372  0.006027890432  0.013143218372  0.006027890432  0.008053034992  0.021391295175  0.013153586232  0.020386633503  0.000000000000  0.035056799492  0.034049001981  0.016214178393  
galgal4    0.047819689799  0.031861230609  0.031861230609  0.035001403805  0.035001403805  0.038210933044  0.042490086524  0.035001403805  0.042490086524  0.035001403805  0.037138704278  0.051181361000  0.042523955382  0.050166249724  0.035056799492  0.000000000000  0.057932160671  0.045710686747  
cyrtonyx_montezumae 0.045710686747  0.030853153300  0.030853153300  0.033989244894  0.033989244894  0.037199056381  0.041476397046  0.033989244894  0.041476397046  0.033989244894  0.036126733112  0.050166249724  0.041512460992  0.044773137235  0.034049001981  0.057932160671  0.000000000000  0.044695083449  
alectoris_rufa 0.021360379938  0.013134494084  0.013134494084  0.016194842864  0.016194842864  0.019287491310  0.021347430326  0.016194842864  0.023426964102  0.016194842864  0.018254393462  0.029699411266  0.023442256980  0.030800750020  0.016214178393  0.045710686747  0.044695083449  0.000000000000  

