18
pavo_cristatus 0.000000000000  0.039128671634  0.027549054727  0.031736170176  0.031721749950  0.021326037399  0.024441351396  0.039172835745  0.021326037399  0.023400671193  0.022362236417  0.021326037399  0.026515861804  0.021318265115  0.023412470589  0.022353303622  0.017223047781  0.015168069222  
lophura_inornata 0.039128671634  0.000000000000  0.011098518753  0.015184969203  0.015175685194  0.018264891088  0.021374053930  0.034998815055  0.018264891088  0.020335432961  0.020335432961  0.018264891088  0.023441160207  0.026544821393  0.032827990713  0.030683108056  0.026544821393  0.024454323996  
lophura_nycthemera 0.027549054727  0.011098518753  0.000000000000  0.004013163892  0.004011241508  0.007039302609  0.010086536003  0.024503433247  0.007039302609  0.009068646298  0.009068646298  0.007039302609  0.012119602937  0.015175685194  0.021346666395  0.020292064532  0.015175685194  0.013127175878  
crossoptilon_crossoptilon 0.031736170176  0.015184969203  0.004013163892  0.000000000000  0.008048200209  0.011098518753  0.014168293379  0.028685003222  0.011098518753  0.013142858063  0.013142858063  0.011098518753  0.016213646611  0.019286838367  0.025498437655  0.024430082516  0.019286838367  0.017223047781  
lophura_swinhoii 0.031721749950  0.015175685194  0.004011241508  0.008048200209  0.000000000000  0.011092106327  0.014158485780  0.028663866809  0.011092106327  0.013134187003  0.013134187003  0.011092106327  0.016203218868  0.019276309533  0.025484286758  0.024420520488  0.019276309533  0.017214820741  
catreus_wallichi 0.021326037399  0.018264891088  0.007039302609  0.011098518753  0.011092106327  0.000000000000  0.003009389106  0.017257773879  0.000000000000  0.002004167134  0.002004167134  0.000000000000  0.005021501204  0.008048200209  0.014150340633  0.013118145747  0.008048200209  0.006025342236  
syrmaticus_ellioti 0.024441351396  0.021374053930  0.010086536003  0.014168293379  0.014158485780  0.003009389106  0.000000000000  0.014168293379  0.003009389106  0.005026153709  0.005026153709  0.003009389106  0.008059250949  0.011098518753  0.017232951024  0.016187378195  0.011098518753  0.009062826494  
melgal2    0.039172835745  0.034998815055  0.024503433247  0.028685003222  0.028663866809  0.017257773879  0.014168293379  0.000000000000  0.017257773879  0.019328500795  0.019328500795  0.017257773879  0.022432315335  0.025531846233  0.031811139811  0.030714736000  0.025531846233  0.023441160207  
tragopan_blythii 0.021326037399  0.018264891088  0.007039302609  0.011098518753  0.011092106327  0.000000000000  0.003009389106  0.017257773879  0.000000000000  0.002004167134  0.002004167134  0.000000000000  0.005021501204  0.008048200209  0.014150340633  0.013118145747  0.008048200209  0.006025342236  
syrmaticus_reevesii 0.023400671193  0.020335432961  0.009068646298  0.013142858063  0.013134187003  0.002004167134  0.005026153709  0.019328500795  0.002004167134  0.000000000000  0.004016715022  0.002004167134  0.007044535796  0.010079596316  0.016203218868  0.015162124374  0.010079596316  0.008048200209  
chrysolophus_pictus 0.022362236417  0.020335432961  0.009068646298  0.013142858063  0.013134187003  0.002004167134  0.005026153709  0.019328500795  0.002004167134  0.004016715022  0.000000000000  0.002004167134  0.007044535796  0.010079596316  0.016203218868  0.015162124374  0.010079596316  0.008048200209  
phasianus_colchicus 0.021326037399  0.018264891088  0.007039302609  0.011098518753  0.011092106327  0.000000000000  0.003009389106  0.017257773879  0.000000000000  0.002004167134  0.002004167134  0.000000000000  0.005021501204  0.008048200209  0.014150340633  0.013118145747  0.008048200209  0.006025342236  
perdix_dauuricae 0.026515861804  0.023441160207  0.012119602937  0.016213646611  0.016203218868  0.005021501204  0.008059250949  0.022432315335  0.005021501204  0.007044535796  0.007044535796  0.005021501204  0.000000000000  0.013134187003  0.019286838367  0.018236767767  0.013134187003  0.011092106327  
lophophorus_impejanus 0.021318265115  0.026544821393  0.015175685194  0.019286838367  0.019276309533  0.008048200209  0.011098518753  0.025531846233  0.008048200209  0.010079596316  0.010079596316  0.008048200209  0.013134187003  0.000000000000  0.014143861000  0.013116132976  0.008045140080  0.006024493549  
cyrtonyx_montezumae 0.023412470589  0.032827990713  0.021346666395  0.025498437655  0.025484286758  0.014150340633  0.017232951024  0.031811139811  0.014150340633  0.016203218868  0.016203218868  0.014150340633  0.019286838367  0.014143861000  0.000000000000  0.015168069222  0.010086536003  0.008052904849  
rollulus_rouloul 0.022353303622  0.030683108056  0.020292064532  0.024430082516  0.024420520488  0.013118145747  0.016187378195  0.030714736000  0.013118145747  0.015162124374  0.015162124374  0.013118145747  0.018236767767  0.013116132976  0.015168069222  0.000000000000  0.009058653646  0.007033756358  
galgal4    0.017223047781  0.026544821393  0.015175685194  0.019286838367  0.019276309533  0.008048200209  0.011098518753  0.025531846233  0.008048200209  0.010079596316  0.010079596316  0.008048200209  0.013134187003  0.008045140080  0.010086536003  0.009058653646  0.000000000000  0.002004167134  
alectoris_rufa 0.015168069222  0.024454323996  0.013127175878  0.017223047781  0.017214820741  0.006025342236  0.009062826494  0.023441160207  0.006025342236  0.008048200209  0.008048200209  0.006025342236  0.011092106327  0.006024493549  0.008052904849  0.007033756358  0.002004167134  0.000000000000  

