18
lophophorus_impejanus 0.000000000000  0.038238223627  0.092116609557  0.016209111158  0.025557776599  0.023483974601  0.021397793393  0.019320351128  0.029745890171  0.032852435434  0.037109681327  0.026653710851  0.020375225384  0.038104332787  0.025578968586  0.030779801778  0.017251574896  0.027637576768  
tragopan_blythii 0.038238223627  0.000000000000  0.053500249491  0.021416135329  0.049091534352  0.046943050800  0.045850579653  0.043672830649  0.054560354544  0.057750655131  0.062218772974  0.051384998100  0.044801005236  0.063192552799  0.048037933824  0.051203673293  0.039345813285  0.047954633876  
cyrtonyx_montezumae 0.092116609557  0.053500249491  0.000000000000  0.077164700583  0.107823978422  0.105474953378  0.104253389744  0.101819252320  0.112651333594  0.116054852574  0.121051640814  0.108032155930  0.103133744379  0.123231999546  0.106699533356  0.110078335942  0.096986528623  0.106498107053  
rollulus_rouloul 0.016209111158  0.021416135329  0.077164700583  0.000000000000  0.027659409189  0.025578968586  0.024530365346  0.021397793393  0.031863204733  0.034976490198  0.039252087757  0.028764327853  0.022459234630  0.040244365742  0.025578968586  0.030779801778  0.017251574896  0.025538188318  
lophura_nycthemera 0.025557776599  0.049091534352  0.107823978422  0.027659409189  0.000000000000  0.008057732744  0.007043424805  0.010078071621  0.019292824961  0.022366514009  0.026534314999  0.017265540253  0.011104062369  0.039173194940  0.026629793698  0.031838447707  0.024530365346  0.032925261532  
catreus_wallichi 0.023483974601  0.046943050800  0.105474953378  0.025578968586  0.008057732744  0.000000000000  0.005025375737  0.008051794048  0.018271415911  0.021340368610  0.025503835145  0.015216575696  0.009074119451  0.037060091862  0.024552038273  0.029745890171  0.022459234630  0.030828652084  
chrysolophus_pictus 0.021397793393  0.045850579653  0.104253389744  0.024530365346  0.007043424805  0.005025375737  0.000000000000  0.007038531603  0.017239191540  0.020304940587  0.024459687062  0.014187535213  0.008057732744  0.035994663806  0.023504532516  0.028690613110  0.021416135329  0.029769985862  
syrmaticus_reevesii 0.019320351128  0.043672830649  0.101819252320  0.021397793393  0.010078071621  0.008051794048  0.007038531603  0.000000000000  0.014155346866  0.017211564517  0.021340368610  0.011113163379  0.005021011343  0.032812044540  0.020375225384  0.025538188318  0.018299936931  0.026607479624  
phasianus_colchicus 0.029745890171  0.054560354544  0.112651333594  0.031863204733  0.019292824961  0.018271415911  0.017239191540  0.014155346866  0.000000000000  0.007033205351  0.011086164741  0.021397793393  0.015191392698  0.041292531258  0.028713574760  0.033937118304  0.028713574760  0.037165842704  
lophura_swinhoii 0.032852435434  0.057750655131  0.116054852574  0.034976490198  0.022366514009  0.021340368610  0.020304940587  0.017211564517  0.007033205351  0.000000000000  0.004016218488  0.024474948485  0.018249244387  0.044446919347  0.031815315037  0.037060091862  0.031815315037  0.040297648290  
lophura_inornata 0.037109681327  0.062218772974  0.121051640814  0.039252087757  0.026534314999  0.025503835145  0.024459687062  0.021340368610  0.011086164741  0.004016218488  0.000000000000  0.028669265431  0.022391017873  0.048773512989  0.036068038535  0.041344841607  0.036068038535  0.044615079059  
syrmaticus_ellioti 0.026653710851  0.051384998100  0.108032155930  0.028764327853  0.017265540253  0.015216575696  0.014187535213  0.011113163379  0.021397793393  0.024474948485  0.028669265431  0.000000000000  0.012147566282  0.040297648290  0.027734545478  0.032952788541  0.025626151590  0.034048582167  
crossoptilon_crossoptilon 0.020375225384  0.044801005236  0.103133744379  0.022459234630  0.011104062369  0.009074119451  0.008057732744  0.005021011343  0.015191392698  0.018249244387  0.022391017873  0.012147566282  0.000000000000  0.033891168485  0.021436065457  0.026607479624  0.019354223654  0.027682850118  
galgal4    0.038104332787  0.063192552799  0.123231999546  0.040244365742  0.039173194940  0.037060091862  0.035994663806  0.032812044540  0.041292531258  0.044446919347  0.048773512989  0.040297648290  0.033891168485  0.000000000000  0.030737439106  0.038104332787  0.037060091862  0.043444149130  
melgal2    0.025578968586  0.048037933824  0.106699533356  0.025578968586  0.026629793698  0.024552038273  0.023504532516  0.020375225384  0.028713574760  0.031815315037  0.036068038535  0.027734545478  0.021436065457  0.030737439106  0.000000000000  0.021397793393  0.024552038273  0.032952788541  
pavo_cristatus 0.030779801778  0.051203673293  0.110078335942  0.030779801778  0.031838447707  0.029745890171  0.028690613110  0.025538188318  0.033937118304  0.037060091862  0.041344841607  0.032952788541  0.026607479624  0.038104332787  0.021397793393  0.000000000000  0.029745890171  0.038208154416  
perdix_dauuricae 0.017251574896  0.039345813285  0.096986528623  0.017251574896  0.024530365346  0.022459234630  0.021416135329  0.018299936931  0.028713574760  0.031815315037  0.036068038535  0.025626151590  0.019354223654  0.037060091862  0.024552038273  0.029745890171  0.000000000000  0.014175232582  
alectoris_rufa 0.027637576768  0.047954633876  0.106498107053  0.025538188318  0.032925261532  0.030828652084  0.029769985862  0.026607479624  0.037165842704  0.040297648290  0.044615079059  0.034048582167  0.027682850118  0.043444149130  0.032952788541  0.038208154416  0.014175232582  0.000000000000  

