18
cyrtonyx_montezumae 0.000000000000  0.052094762675  0.055358675150  0.058678773029  0.055358675150  0.066331421748  0.063012550474  0.058639310441  0.061936852959  0.057531388956  0.057531388956  0.057531388956  0.057531388956  0.057531388956  0.056391041744  0.056462818416  0.057569513767  0.060905030994  
pavo_cristatus 0.052094762675  0.000000000000  0.003006961073  0.006032109640  0.003006961073  0.013127607441  0.010074545733  0.006027936714  0.009063067163  0.005018538982  0.005018538982  0.005018538982  0.005018538982  0.005018538982  0.004010933929  0.004013221726  0.005021601600  0.008059546283  
lophura_swinhoii 0.055358675150  0.003006961073  0.000000000000  0.003009437844  0.000000000000  0.010074545733  0.011087579597  0.007035812456  0.010074545733  0.006025394809  0.006025394809  0.006025394809  0.006025394809  0.006025394809  0.005017302471  0.005018538982  0.006027936714  0.011107093863  
perdix_dauuricae 0.058678773029  0.006032109640  0.003009437844  0.000000000000  0.003009437844  0.013134731457  0.014150890103  0.010079922394  0.013134731457  0.009063067163  0.009063067163  0.009063067163  0.009063067163  0.009063067163  0.008045234054  0.008053138615  0.009068960900  0.014180653223  
melgal2    0.055358675150  0.003006961073  0.000000000000  0.003009437844  0.000000000000  0.010074545733  0.011087579597  0.007035812456  0.010074545733  0.006025394809  0.006025394809  0.006025394809  0.006025394809  0.006025394809  0.005017302471  0.005018538982  0.006027936714  0.011107093863  
rollulus_rouloul 0.066331421748  0.013127607441  0.010074545733  0.013134731457  0.010074545733  0.000000000000  0.020292863325  0.017215495477  0.020301359208  0.016187913690  0.016187913690  0.016187913690  0.016187913690  0.016187913690  0.015158117736  0.015168615731  0.016195142675  0.021361051337  
syrmaticus_reevesii 0.063012550474  0.010074545733  0.011087579597  0.014150890103  0.011087579597  0.020292863325  0.000000000000  0.006027936714  0.009063067163  0.005018538982  0.005018538982  0.005018538982  0.005018538982  0.005018538982  0.008048366888  0.012106507035  0.013127607441  0.018266031168  
syrmaticus_ellioti 0.058639310441  0.006027936714  0.007035812456  0.010079922394  0.007035812456  0.017215495477  0.006027936714  0.000000000000  0.005021601600  0.001001045723  0.001001045723  0.001001045723  0.001001045723  0.001001045723  0.004013221726  0.008048366888  0.009063067163  0.014169077218  
catreus_wallichi 0.061936852959  0.009063067163  0.010074545733  0.013134731457  0.010074545733  0.020301359208  0.009063067163  0.005021601600  0.000000000000  0.004013221726  0.004013221726  0.004013221726  0.004013221726  0.004013221726  0.007039466916  0.011092436013  0.012112494834  0.017245643245  
phasianus_colchicus 0.057531388956  0.005018538982  0.006025394809  0.009063067163  0.006025394809  0.016187913690  0.005018538982  0.001001045723  0.004013221726  0.000000000000  0.000000000000  0.000000000000  0.000000000000  0.000000000000  0.003006961073  0.007035812456  0.008048366888  0.013143509846  
crossoptilon_crossoptilon 0.057531388956  0.005018538982  0.006025394809  0.009063067163  0.006025394809  0.016187913690  0.005018538982  0.001001045723  0.004013221726  0.000000000000  0.000000000000  0.000000000000  0.000000000000  0.000000000000  0.003006961073  0.007035812456  0.008048366888  0.013143509846  
lophura_nycthemera 0.057531388956  0.005018538982  0.006025394809  0.009063067163  0.006025394809  0.016187913690  0.005018538982  0.001001045723  0.004013221726  0.000000000000  0.000000000000  0.000000000000  0.000000000000  0.000000000000  0.003006961073  0.007035812456  0.008048366888  0.013143509846  
chrysolophus_pictus 0.057531388956  0.005018538982  0.006025394809  0.009063067163  0.006025394809  0.016187913690  0.005018538982  0.001001045723  0.004013221726  0.000000000000  0.000000000000  0.000000000000  0.000000000000  0.000000000000  0.003006961073  0.007035812456  0.008048366888  0.013143509846  
lophura_inornata 0.057531388956  0.005018538982  0.006025394809  0.009063067163  0.006025394809  0.016187913690  0.005018538982  0.001001045723  0.004013221726  0.000000000000  0.000000000000  0.000000000000  0.000000000000  0.000000000000  0.003006961073  0.007035812456  0.008048366888  0.013143509846  
tragopan_blythii 0.056391041744  0.004010933929  0.005017302471  0.008045234054  0.005017302471  0.015158117736  0.008048366888  0.004013221726  0.007039466916  0.003006961073  0.003006961073  0.003006961073  0.003006961073  0.003006961073  0.000000000000  0.006024486891  0.007033794429  0.012112494834  
lophophorus_impejanus 0.056462818416  0.004013221726  0.005018538982  0.008053138615  0.005018538982  0.015168615731  0.012106507035  0.008048366888  0.011092436013  0.007035812456  0.007035812456  0.007035812456  0.007035812456  0.007035812456  0.006024486891  0.000000000000  0.007039466916  0.012129423006  
galgal4    0.057569513767  0.005021601600  0.006027936714  0.009068960900  0.006027936714  0.016195142675  0.013127607441  0.009063067163  0.012112494834  0.008048366888  0.008048366888  0.008048366888  0.008048366888  0.008048366888  0.007033794429  0.007039466916  0.000000000000  0.013153939665  
alectoris_rufa 0.060905030994  0.008059546283  0.011107093863  0.014180653223  0.011107093863  0.021361051337  0.018266031168  0.014169077218  0.017245643245  0.013143509846  0.013143509846  0.013143509846  0.013143509846  0.013143509846  0.012112494834  0.012129423006  0.013153939665  0.000000000000  

