18
rollulus_rouloul 0.000000000000  0.011104885259  0.002002786152  0.002002786152  0.002002786152  0.002002786152  0.002002786152  0.002002786152  0.002002786152  0.002002786152  0.007038797417  0.002002786152  0.007033587138  0.002002786152  0.005021172538  0.005018304573  0.002002786152  0.002002786152  
melgal2    0.011104885259  0.000000000000  0.009074754493  0.009074754493  0.009074754493  0.009074754493  0.009074754493  0.009074754493  0.009074754493  0.009074754493  0.014176690159  0.009074754493  0.014156428149  0.009074754493  0.012137042916  0.012126687534  0.009074754493  0.009074754493  
cyrtonyx_montezumae 0.002002786152  0.009074754493  0.000000000000  0.000000000000  0.000000000000  0.000000000000  0.000000000000  0.000000000000  0.000000000000  0.000000000000  0.005021172538  0.000000000000  0.005017017818  0.000000000000  0.003009197519  0.003006855761  0.000000000000  0.000000000000  
galgal4    0.002002786152  0.009074754493  0.000000000000  0.000000000000  0.000000000000  0.000000000000  0.000000000000  0.000000000000  0.000000000000  0.000000000000  0.005021172538  0.000000000000  0.005017017818  0.000000000000  0.003009197519  0.003006855761  0.000000000000  0.000000000000  
catreus_wallichi 0.002002786152  0.009074754493  0.000000000000  0.000000000000  0.000000000000  0.000000000000  0.000000000000  0.000000000000  0.000000000000  0.000000000000  0.005021172538  0.000000000000  0.005017017818  0.000000000000  0.003009197519  0.003006855761  0.000000000000  0.000000000000  
lophura_swinhoii 0.002002786152  0.009074754493  0.000000000000  0.000000000000  0.000000000000  0.000000000000  0.000000000000  0.000000000000  0.000000000000  0.000000000000  0.005021172538  0.000000000000  0.005017017818  0.000000000000  0.003009197519  0.003006855761  0.000000000000  0.000000000000  
lophura_inornata 0.002002786152  0.009074754493  0.000000000000  0.000000000000  0.000000000000  0.000000000000  0.000000000000  0.000000000000  0.000000000000  0.000000000000  0.005021172538  0.000000000000  0.005017017818  0.000000000000  0.003009197519  0.003006855761  0.000000000000  0.000000000000  
tragopan_blythii 0.002002786152  0.009074754493  0.000000000000  0.000000000000  0.000000000000  0.000000000000  0.000000000000  0.000000000000  0.000000000000  0.000000000000  0.005021172538  0.000000000000  0.005017017818  0.000000000000  0.003009197519  0.003006855761  0.000000000000  0.000000000000  
lophophorus_impejanus 0.002002786152  0.009074754493  0.000000000000  0.000000000000  0.000000000000  0.000000000000  0.000000000000  0.000000000000  0.000000000000  0.000000000000  0.005021172538  0.000000000000  0.005017017818  0.000000000000  0.003009197519  0.003006855761  0.000000000000  0.000000000000  
chrysolophus_pictus 0.002002786152  0.009074754493  0.000000000000  0.000000000000  0.000000000000  0.000000000000  0.000000000000  0.000000000000  0.000000000000  0.000000000000  0.005021172538  0.000000000000  0.005017017818  0.000000000000  0.003009197519  0.003006855761  0.000000000000  0.000000000000  
perdix_dauuricae 0.007038797417  0.014176690159  0.005021172538  0.005021172538  0.005021172538  0.005021172538  0.005021172538  0.005021172538  0.005021172538  0.005021172538  0.000000000000  0.005021172538  0.010073596293  0.005021172538  0.008058218992  0.008052168652  0.005021172538  0.005021172538  
lophura_nycthemera 0.002002786152  0.009074754493  0.000000000000  0.000000000000  0.000000000000  0.000000000000  0.000000000000  0.000000000000  0.000000000000  0.000000000000  0.005021172538  0.000000000000  0.005017017818  0.000000000000  0.003009197519  0.003006855761  0.000000000000  0.000000000000  
syrmaticus_reevesii 0.007033587138  0.014156428149  0.005017017818  0.005017017818  0.005017017818  0.005017017818  0.005017017818  0.005017017818  0.005017017818  0.005017017818  0.010073596293  0.005017017818  0.000000000000  0.005017017818  0.008047706185  0.008044834739  0.005017017818  0.005017017818  
phasianus_colchicus 0.002002786152  0.009074754493  0.000000000000  0.000000000000  0.000000000000  0.000000000000  0.000000000000  0.000000000000  0.000000000000  0.000000000000  0.005021172538  0.000000000000  0.005017017818  0.000000000000  0.003009197519  0.003006855761  0.000000000000  0.000000000000  
crossoptilon_crossoptilon 0.005021172538  0.012137042916  0.003009197519  0.003009197519  0.003009197519  0.003009197519  0.003009197519  0.003009197519  0.003009197519  0.003009197519  0.008058218992  0.003009197519  0.008047706185  0.003009197519  0.000000000000  0.004012981743  0.003009197519  0.003009197519  
pavo_cristatus 0.005018304573  0.012126687534  0.003006855761  0.003006855761  0.003006855761  0.003006855761  0.003006855761  0.003006855761  0.003006855761  0.003006855761  0.008052168652  0.003006855761  0.008044834739  0.003006855761  0.004012981743  0.000000000000  0.003006855761  0.003006855761  
syrmaticus_ellioti 0.002002786152  0.009074754493  0.000000000000  0.000000000000  0.000000000000  0.000000000000  0.000000000000  0.000000000000  0.000000000000  0.000000000000  0.005021172538  0.000000000000  0.005017017818  0.000000000000  0.003009197519  0.003006855761  0.000000000000  0.000000000000  
alectoris_rufa 0.002002786152  0.009074754493  0.000000000000  0.000000000000  0.000000000000  0.000000000000  0.000000000000  0.000000000000  0.000000000000  0.000000000000  0.005021172538  0.000000000000  0.005017017818  0.000000000000  0.003009197519  0.003006855761  0.000000000000  0.000000000000  

