18
pavo_cristatus 0.000000000000  0.041304242890  0.027556676262  0.025479504938  0.038070675812  0.025479504938  0.025479504938  0.025479504938  0.030707324696  0.050938219455  0.028604639481  0.025479504938  0.033878395600  0.039184066012  0.067285052103  0.056324212962  0.027571002692  0.028604639481  
perdix_dauuricae 0.041304242890  0.000000000000  0.013151125254  0.021369583745  0.033899686822  0.021369583745  0.021369583745  0.021369583745  0.026573536538  0.044538044769  0.024479653394  0.021369583745  0.029731261538  0.035012402784  0.061853080071  0.052062217865  0.023452372648  0.037070155458  
lophura_swinhoii 0.027556676262  0.013151125254  0.000000000000  0.008047744778  0.020307280707  0.008047744778  0.008047744778  0.008047744778  0.013132768337  0.032819086460  0.011091217501  0.008047744778  0.016211158347  0.021369583745  0.047650922685  0.040207653229  0.010078747602  0.023408329054  
syrmaticus_reevesii 0.025479504938  0.021369583745  0.008047744778  0.000000000000  0.012110927965  0.000000000000  0.000000000000  0.000000000000  0.005021234330  0.024463834901  0.003006865256  0.000000000000  0.008058425623  0.013151125254  0.040185954423  0.031762066115  0.002004099364  0.021343113100  
melgal2    0.038070675812  0.033899686822  0.020307280707  0.012110927965  0.000000000000  0.012110927965  0.012110927965  0.012110927965  0.017230420550  0.037046986095  0.015173898102  0.012110927965  0.020331505120  0.025525474715  0.051972208390  0.044483291290  0.014156747533  0.033858769171  
lophura_inornata 0.025479504938  0.021369583745  0.008047744778  0.000000000000  0.012110927965  0.000000000000  0.000000000000  0.000000000000  0.005021234330  0.024463834901  0.003006865256  0.000000000000  0.008058425623  0.013151125254  0.040185954423  0.031762066115  0.002004099364  0.021343113100  
syrmaticus_ellioti 0.025479504938  0.021369583745  0.008047744778  0.000000000000  0.012110927965  0.000000000000  0.000000000000  0.000000000000  0.005021234330  0.024463834901  0.003006865256  0.000000000000  0.008058425623  0.013151125254  0.040185954423  0.031762066115  0.002004099364  0.021343113100  
lophura_nycthemera 0.025479504938  0.021369583745  0.008047744778  0.000000000000  0.012110927965  0.000000000000  0.000000000000  0.000000000000  0.005021234330  0.024463834901  0.003006865256  0.000000000000  0.008058425623  0.013151125254  0.040185954423  0.031762066115  0.002004099364  0.021343113100  
catreus_wallichi 0.030707324696  0.026573536538  0.013132768337  0.005021234330  0.017230420550  0.005021234330  0.005021234330  0.005021234330  0.000000000000  0.019283821889  0.006027550664  0.005021234330  0.013151125254  0.018288142243  0.045537509431  0.037046986095  0.007043931993  0.026538963030  
galgal4    0.050938219455  0.044538044769  0.032819086460  0.024463834901  0.037046986095  0.024463834901  0.024463834901  0.024463834901  0.019283821889  0.000000000000  0.025493190802  0.024463834901  0.032860981372  0.038164755771  0.064082242063  0.055357497720  0.026555430838  0.046646198810  
chrysolophus_pictus 0.028604639481  0.024479653394  0.011091217501  0.003006865256  0.015173898102  0.003006865256  0.003006865256  0.003006865256  0.006027550664  0.025493190802  0.000000000000  0.003006865256  0.011105211744  0.016222842501  0.043381802333  0.034919201192  0.005021234330  0.024449649309  
phasianus_colchicus 0.025479504938  0.021369583745  0.008047744778  0.000000000000  0.012110927965  0.000000000000  0.000000000000  0.000000000000  0.005021234330  0.024463834901  0.003006865256  0.000000000000  0.008058425623  0.013151125254  0.040185954423  0.031762066115  0.002004099364  0.021343113100  
lophophorus_impejanus 0.033878395600  0.029731261538  0.016211158347  0.008058425623  0.020331505120  0.008058425623  0.008058425623  0.008058425623  0.013151125254  0.032860981372  0.011105211744  0.008058425623  0.000000000000  0.007043931993  0.044458468502  0.035981936823  0.010093746110  0.029689760001  
tragopan_blythii 0.039184066012  0.035012402784  0.021369583745  0.013151125254  0.025525474715  0.013151125254  0.013151125254  0.013151125254  0.018288142243  0.038164755771  0.016222842501  0.013151125254  0.007043931993  0.000000000000  0.047675981127  0.041304242890  0.015205630800  0.032839204322  
cyrtonyx_montezumae 0.067285052103  0.061853080071  0.047650922685  0.040185954423  0.051972208390  0.040185954423  0.040185954423  0.040185954423  0.045537509431  0.064082242063  0.043381802333  0.040185954423  0.044458468502  0.047675981127  0.000000000000  0.055197358769  0.042329904309  0.059568575815  
rollulus_rouloul 0.056324212962  0.052062217865  0.040207653229  0.031762066115  0.044483291290  0.031762066115  0.031762066115  0.031762066115  0.037046986095  0.055357497720  0.034919201192  0.031762066115  0.035981936823  0.041304242890  0.055197358769  0.000000000000  0.033878395600  0.054189847208  
crossoptilon_crossoptilon 0.027571002692  0.023452372648  0.010078747602  0.002004099364  0.014156747533  0.002004099364  0.002004099364  0.002004099364  0.007043931993  0.026555430838  0.005021234330  0.002004099364  0.010093746110  0.015205630800  0.042329904309  0.033878395600  0.000000000000  0.023421380820  
alectoris_rufa 0.028604639481  0.037070155458  0.023408329054  0.021343113100  0.033858769171  0.021343113100  0.021343113100  0.021343113100  0.026538963030  0.046646198810  0.024449649309  0.021343113100  0.029689760001  0.032839204322  0.059568575815  0.054189847208  0.023421380820  0.000000000000  

