18
galgal4    0.000000000000  0.010069546206  0.043292612893  0.025462848206  0.025462848206  0.025462848206  0.028584880910  0.034890221661  0.028563206296  0.025462848206  0.025462848206  0.027550839936  0.035970384916  0.038040361215  0.027528158071  0.015159396510  0.032791742546  0.030670005711  
pavo_cristatus 0.010069546206  0.000000000000  0.035889201013  0.017210847437  0.017210847437  0.017210847437  0.020294684161  0.026518389999  0.020280866044  0.017210847437  0.017210847437  0.019270787361  0.027579925157  0.029633268073  0.019255958273  0.007033270927  0.024444614839  0.022355464566  
tragopan_blythii 0.043292612893  0.035889201013  0.000000000000  0.026477430934  0.026477430934  0.026477430934  0.029599857336  0.035902173033  0.029585668795  0.026477430934  0.026477430934  0.028563206296  0.036977438538  0.039056419715  0.032737064182  0.028573238894  0.046575775648  0.055101985143  
lophura_swinhoii 0.025462848206  0.017210847437  0.026477430934  0.000000000000  0.000000000000  0.000000000000  0.003006790486  0.009066921480  0.003006784133  0.000000000000  0.000000000000  0.002004028425  0.010092277598  0.012109705582  0.014141284771  0.010077829063  0.027596861329  0.036977438538  
chrysolophus_pictus 0.025462848206  0.017210847437  0.026477430934  0.000000000000  0.000000000000  0.000000000000  0.003006790486  0.009066921480  0.003006784133  0.000000000000  0.000000000000  0.002004028425  0.010092277598  0.012109705582  0.014141284771  0.010077829063  0.027596861329  0.036977438538  
syrmaticus_reevesii 0.025462848206  0.017210847437  0.026477430934  0.000000000000  0.000000000000  0.000000000000  0.003006790486  0.009066921480  0.003006784133  0.000000000000  0.000000000000  0.002004028425  0.010092277598  0.012109705582  0.014141284771  0.010077829063  0.027596861329  0.036977438538  
lophura_nycthemera 0.028584880910  0.020294684161  0.029599857336  0.003006790486  0.003006790486  0.003006790486  0.000000000000  0.006031087204  0.006024166671  0.003006790486  0.003006790486  0.005020945436  0.013148906941  0.015171974229  0.017210847437  0.013131234316  0.030735107705  0.038058878409  
lophura_inornata 0.034890221661  0.026518389999  0.035902173033  0.009066921480  0.009066921480  0.009066921480  0.006031087204  0.000000000000  0.012104245840  0.009066921480  0.009066921480  0.011103730209  0.019319300905  0.021351223473  0.023403884321  0.019291909683  0.037080604809  0.044466003853  
syrmaticus_ellioti 0.028563206296  0.020280866044  0.029585668795  0.003006784133  0.003006784133  0.003006784133  0.006024166671  0.012104245840  0.000000000000  0.003006784133  0.003006784133  0.005016854526  0.013131234316  0.013124722868  0.017200290516  0.013119765375  0.030699340910  0.040120463194  
crossoptilon_crossoptilon 0.025462848206  0.017210847437  0.026477430934  0.000000000000  0.000000000000  0.000000000000  0.003006790486  0.009066921480  0.003006784133  0.000000000000  0.000000000000  0.002004028425  0.010092277598  0.012109705582  0.014141284771  0.010077829063  0.027596861329  0.036977438538  
phasianus_colchicus 0.025462848206  0.017210847437  0.026477430934  0.000000000000  0.000000000000  0.000000000000  0.003006790486  0.009066921480  0.003006784133  0.000000000000  0.000000000000  0.002004028425  0.010092277598  0.012109705582  0.014141284771  0.010077829063  0.027596861329  0.036977438538  
catreus_wallichi 0.027550839936  0.019270787361  0.028563206296  0.002004028425  0.002004028425  0.002004028425  0.005020945436  0.011103730209  0.005016854526  0.002004028425  0.002004028425  0.000000000000  0.012135365227  0.014154863602  0.016190633764  0.012116714068  0.029700322346  0.039105558318  
perdix_dauuricae 0.035970384916  0.027579925157  0.036977438538  0.010092277598  0.010092277598  0.010092277598  0.013148906941  0.019319300905  0.013131234316  0.010092277598  0.010092277598  0.012135365227  0.000000000000  0.016219708652  0.024458241685  0.020341239464  0.037106108435  0.047682847644  
melgal2    0.038040361215  0.029633268073  0.039056419715  0.012109705582  0.012109705582  0.012109705582  0.015171974229  0.021351223473  0.013124722868  0.012109705582  0.012109705582  0.014154863602  0.016219708652  0.000000000000  0.026505749340  0.022376768683  0.037034458786  0.049775888118  
lophophorus_impejanus 0.027528158071  0.019255958273  0.032737064182  0.014141284771  0.014141284771  0.014141284771  0.017210847437  0.023403884321  0.017200290516  0.014141284771  0.014141284771  0.016190633764  0.024458241685  0.026505749340  0.000000000000  0.014147296121  0.031771484897  0.039071154272  
rollulus_rouloul 0.015159396510  0.007033270927  0.028573238894  0.010077829063  0.010077829063  0.010077829063  0.013131234316  0.019291909683  0.013119765375  0.010077829063  0.010077829063  0.012116714068  0.020341239464  0.022376768683  0.014147296121  0.000000000000  0.017238441609  0.026494707188  
cyrtonyx_montezumae 0.032791742546  0.024444614839  0.046575775648  0.027596861329  0.027596861329  0.027596861329  0.030735107705  0.037080604809  0.030699340910  0.027596861329  0.027596861329  0.029700322346  0.037106108435  0.037034458786  0.031771484897  0.017238441609  0.000000000000  0.044442188695  
alectoris_rufa 0.030670005711  0.022355464566  0.055101985143  0.036977438538  0.036977438538  0.036977438538  0.038058878409  0.044466003853  0.040120463194  0.036977438538  0.036977438538  0.039105558318  0.047682847644  0.049775888118  0.039071154272  0.026494707188  0.044442188695  0.000000000000  

