18
cyrtonyx_montezumae 0.000000000000  0.107339010097  0.075117667347  0.088572659791  0.090847330674  0.082939999185  0.088572659791  0.083919906375  0.080566155185  0.081708566555  0.081836700569  0.078405079759  0.090895644509  0.076211695971  0.077266571318  0.082985981606  0.098944977473  0.065137717196  
rollulus_rouloul 0.107339010097  0.000000000000  0.066256814970  0.076211695971  0.079504447522  0.073983035259  0.077350279258  0.078364641072  0.072774528809  0.073903812359  0.072892060068  0.069507799340  0.085197028682  0.071846159714  0.065031812392  0.071761351849  0.088620026985  0.070759162663  
tragopan_blythii 0.075117667347  0.066256814970  0.000000000000  0.022382987299  0.024451778007  0.017242921869  0.022382987299  0.023410214144  0.016193448175  0.017221845826  0.016224132333  0.013141917712  0.027573716823  0.015220860856  0.012118842789  0.025511135602  0.043412231663  0.033882813738  
lophophorus_impejanus 0.088572659791  0.076211695971  0.022382987299  0.000000000000  0.026501448442  0.019274850816  0.024427938042  0.027546277907  0.020290661739  0.021324437793  0.020320164485  0.017221845826  0.031732330898  0.021357343718  0.024427938042  0.038056054796  0.054139973683  0.046576642243  
chrysolophus_pictus 0.090847330674  0.079504447522  0.024451778007  0.026501448442  0.000000000000  0.008044931917  0.013117600463  0.026513177926  0.019266145126  0.020298853319  0.019297173697  0.016202052419  0.033828087543  0.023423467159  0.026501448442  0.040171113316  0.056305048682  0.048717808871  
phasianus_colchicus 0.082939999185  0.073983035259  0.017242921869  0.019274850816  0.008044931917  0.000000000000  0.005017011929  0.018252424902  0.011091621237  0.012111444810  0.011115328021  0.008058786280  0.026526572283  0.016224132333  0.019274850816  0.032804397234  0.048769481962  0.041262669942  
syrmaticus_reevesii 0.088572659791  0.077350279258  0.022382987299  0.024427938042  0.013117600463  0.005017011929  0.000000000000  0.023398612301  0.016186471737  0.017213751668  0.016212281464  0.013133413547  0.031732330898  0.021357343718  0.024427938042  0.035930008941  0.054139973683  0.045497187317  
catreus_wallichi 0.083919906375  0.078364641072  0.023410214144  0.027546277907  0.026513177926  0.018252424902  0.023398612301  0.000000000000  0.007039069309  0.010073933842  0.013126523945  0.010070341780  0.032771965742  0.022382987299  0.025458861082  0.039103452421  0.054112237373  0.043326638100  
crossoptilon_crossoptilon 0.080566155185  0.072774528809  0.016193448175  0.020290661739  0.019266145126  0.011091621237  0.016186471737  0.007039069309  0.000000000000  0.003006075598  0.006025225582  0.003006839592  0.025458861082  0.015174711552  0.018229685225  0.031718134719  0.046554156596  0.040152496293  
lophura_inornata 0.081708566555  0.073903812359  0.017221845826  0.021324437793  0.020298853319  0.012111444810  0.017213751668  0.010073933842  0.003006075598  0.000000000000  0.007035535786  0.004010886142  0.026501448442  0.016202052419  0.019259080650  0.032771965742  0.047634778301  0.041221298597  
lophura_swinhoii 0.081836700569  0.072892060068  0.016224132333  0.020320164485  0.019297173697  0.011115328021  0.016212281464  0.013126523945  0.006025225582  0.007035535786  0.000000000000  0.003009300421  0.025495579569  0.015206900337  0.018252424902  0.031765772042  0.046626823065  0.040213488207  
lophura_nycthemera 0.078405079759  0.069507799340  0.013141917712  0.017221845826  0.016202052419  0.008058786280  0.013133413547  0.010070341780  0.003006839592  0.004010886142  0.003009300421  0.000000000000  0.022370878407  0.012127849963  0.015167222733  0.028607406129  0.043388245778  0.037010297744  
perdix_dauuricae 0.090895644509  0.085197028682  0.027573716823  0.031732330898  0.033828087543  0.026526572283  0.031732330898  0.032771965742  0.025458861082  0.026501448442  0.025495579569  0.022370878407  0.000000000000  0.026541628465  0.029629164263  0.041221298597  0.057375387976  0.047658500828  
syrmaticus_ellioti 0.076211695971  0.071846159714  0.015220860856  0.021357343718  0.023423467159  0.016224132333  0.021357343718  0.022382987299  0.015174711552  0.016202052419  0.015206900337  0.012127849963  0.026541628465  0.000000000000  0.017242921869  0.030748492309  0.048797930273  0.039190190299  
melgal2    0.077266571318  0.065031812392  0.012118842789  0.024427938042  0.026501448442  0.019274850816  0.024427938042  0.025458861082  0.018229685225  0.019259080650  0.018252424902  0.015167222733  0.029629164263  0.017242921869  0.000000000000  0.027559163648  0.045497187317  0.035947243465  
galgal4    0.082985981606  0.071761351849  0.025511135602  0.038056054796  0.040171113316  0.032804397234  0.035930008941  0.039103452421  0.031718134719  0.032771965742  0.031765772042  0.028607406129  0.041221298597  0.030748492309  0.027559163648  0.000000000000  0.021324437793  0.042360741510  
pavo_cristatus 0.098944977473  0.088620026985  0.043412231663  0.054139973683  0.056305048682  0.048769481962  0.054139973683  0.054112237373  0.046554156596  0.047634778301  0.046626823065  0.043388245778  0.057375387976  0.048797930273  0.045497187317  0.021324437793  0.000000000000  0.060720587294  
alectoris_rufa 0.065137717196  0.070759162663  0.033882813738  0.046576642243  0.048717808871  0.041262669942  0.045497187317  0.043326638100  0.040152496293  0.041221298597  0.040213488207  0.037010297744  0.047658500828  0.039190190299  0.035947243465  0.042360741510  0.060720587294  0.000000000000  

