18
galgal4    0.000000000000  0.009084887705  0.011115919342  0.013178110751  0.026621360743  0.010104946769  0.014192231969  0.010104946769  0.010104946769  0.010104946769  0.010104946769  0.018343896267  0.013152745051  0.015207903026  0.018276910363  0.006037569964  0.012128435293  0.003009353385  
cyrtonyx_montezumae 0.009084887705  0.000000000000  0.020404255677  0.022516667232  0.034042889447  0.019383714984  0.023540480342  0.019383714984  0.019383714984  0.019383714984  0.019383714984  0.027783830719  0.022470595546  0.024565863428  0.026621360743  0.015237801325  0.021426359503  0.012151549110  
rollulus_rouloul 0.011115919342  0.020404255677  0.000000000000  0.004013132216  0.029762538415  0.013164616322  0.017271841037  0.013164616322  0.013164616322  0.013164616322  0.013164616322  0.021447403361  0.016225129154  0.018291197458  0.021373117520  0.009075873475  0.015195398986  0.014192231969  
pavo_cristatus 0.013178110751  0.022516667232  0.004013132216  0.000000000000  0.031910793589  0.015237801325  0.019363355539  0.015237801325  0.015237801325  0.015237801325  0.015237801325  0.023565515878  0.018307126061  0.020384375693  0.023475277679  0.011127164187  0.017271841037  0.016270948979  
tragopan_blythii 0.026621360743  0.034042889447  0.029762538415  0.031910793589  0.000000000000  0.018276910363  0.022413862451  0.018276910363  0.018276910363  0.018276910363  0.018276910363  0.026621360743  0.021358676367  0.023440091055  0.026543572093  0.020349549871  0.026579124334  0.029788065915  
syrmaticus_reevesii 0.010104946769  0.019383714984  0.013164616322  0.015237801325  0.018276910363  0.000000000000  0.004013132216  0.000000000000  0.000000000000  0.000000000000  0.000000000000  0.008066977899  0.003006084843  0.005018439825  0.010074144491  0.004016651341  0.010086308193  0.013178110751  
crossoptilon_crossoptilon 0.014192231969  0.023540480342  0.017271841037  0.019363355539  0.022413862451  0.004013132216  0.000000000000  0.004013132216  0.004013132216  0.004013132216  0.004013132216  0.012139181859  0.007035629886  0.009062688029  0.014150011861  0.008059071937  0.014167858980  0.017288259309  
lophura_swinhoii 0.010104946769  0.019383714984  0.013164616322  0.015237801325  0.018276910363  0.000000000000  0.004013132216  0.000000000000  0.000000000000  0.000000000000  0.000000000000  0.008066977899  0.003006084843  0.005018439825  0.010074144491  0.004016651341  0.010086308193  0.013178110751  
chrysolophus_pictus 0.010104946769  0.019383714984  0.013164616322  0.015237801325  0.018276910363  0.000000000000  0.004013132216  0.000000000000  0.000000000000  0.000000000000  0.000000000000  0.008066977899  0.003006084843  0.005018439825  0.010074144491  0.004016651341  0.010086308193  0.013178110751  
lophura_nycthemera 0.010104946769  0.019383714984  0.013164616322  0.015237801325  0.018276910363  0.000000000000  0.004013132216  0.000000000000  0.000000000000  0.000000000000  0.000000000000  0.008066977899  0.003006084843  0.005018439825  0.010074144491  0.004016651341  0.010086308193  0.013178110751  
syrmaticus_ellioti 0.010104946769  0.019383714984  0.013164616322  0.015237801325  0.018276910363  0.000000000000  0.004013132216  0.000000000000  0.000000000000  0.000000000000  0.000000000000  0.008066977899  0.003006084843  0.005018439825  0.010074144491  0.004016651341  0.010086308193  0.013178110751  
catreus_wallichi 0.018343896267  0.027783830719  0.021447403361  0.023565515878  0.026621360743  0.008066977899  0.012139181859  0.008066977899  0.008066977899  0.008066977899  0.008066977899  0.000000000000  0.011106292725  0.013152745051  0.018276910363  0.012151549110  0.017271841037  0.021470090739  
phasianus_colchicus 0.013152745051  0.022470595546  0.016225129154  0.018307126061  0.021358676367  0.003006084843  0.007035629886  0.003006084843  0.003006084843  0.003006084843  0.003006084843  0.011106292725  0.000000000000  0.008045031544  0.013121549996  0.007039212175  0.013133883612  0.016238769841  
lophura_inornata 0.015207903026  0.024565863428  0.018291197458  0.020384375693  0.023440091055  0.005018439825  0.009062688029  0.005018439825  0.005018439825  0.005018439825  0.005018439825  0.013152745051  0.008045031544  0.000000000000  0.015167702359  0.009068472605  0.015184528895  0.018307126061  
perdix_dauuricae 0.018276910363  0.026621360743  0.021373117520  0.023475277679  0.026543572093  0.010074144491  0.014150011861  0.010074144491  0.010074144491  0.010074144491  0.010074144491  0.018276910363  0.013121549996  0.015167702359  0.000000000000  0.012111815881  0.018253272400  0.021389213704  
lophophorus_impejanus 0.006037569964  0.015237801325  0.009075873475  0.011127164187  0.020349549871  0.004016651341  0.008059071937  0.004016651341  0.004016651341  0.004016651341  0.004016651341  0.012151549110  0.007039212175  0.009068472605  0.012111815881  0.000000000000  0.006027769430  0.009084887705  
melgal2    0.012128435293  0.021426359503  0.015195398986  0.017271841037  0.026579124334  0.010086308193  0.014167858980  0.010086308193  0.010086308193  0.010086308193  0.010086308193  0.017271841037  0.013133883612  0.015184528895  0.018253272400  0.006027769430  0.000000000000  0.015207903026  
alectoris_rufa 0.003009353385  0.012151549110  0.014192231969  0.016270948979  0.029788065915  0.013178110751  0.017288259309  0.013178110751  0.013178110751  0.013178110751  0.013178110751  0.021470090739  0.016238769841  0.018307126061  0.021389213704  0.009084887705  0.015207903026  0.000000000000  

