18
pavo_cristatus 0.000000000000  0.009075754697  0.013164350312  0.026696028031  0.023539579255  0.023539579255  0.023539579255  0.023539579255  0.029842735893  0.023539579255  0.023539579255  0.023539579255  0.023539579255  0.018324158624  0.010079332233  0.000000000000  0.005026011089  0.005026011089  
galgal4    0.009075754697  0.000000000000  0.004016623999  0.017305798525  0.014206513910  0.014206513910  0.014206513910  0.014206513910  0.020403586412  0.014206513910  0.014206513910  0.014206513910  0.014206513910  0.009084747341  0.019311687689  0.009075754697  0.014191919856  0.014191919856  
lophura_nycthemera 0.013164350312  0.004016623999  0.000000000000  0.013177814574  0.010104772993  0.010104772993  0.010104772993  0.010104772993  0.016253628378  0.010104772993  0.010104772993  0.010104772993  0.010104772993  0.005026011089  0.023474573294  0.013164350312  0.018324158624  0.018324158624  
crossoptilon_crossoptilon 0.026696028031  0.017305798525  0.013177814574  0.000000000000  0.003009338047  0.003009338047  0.003009338047  0.003009338047  0.009075754697  0.003009338047  0.003009338047  0.013177814574  0.013177814574  0.008066867304  0.037256731194  0.026696028031  0.032002965607  0.032002965607  
syrmaticus_reevesii 0.023539579255  0.014206513910  0.010104772993  0.003009338047  0.000000000000  0.000000000000  0.000000000000  0.000000000000  0.006031820073  0.000000000000  0.000000000000  0.010104772993  0.010104772993  0.005026011089  0.034041214889  0.023539579255  0.028811824055  0.028811824055  
syrmaticus_ellioti 0.023539579255  0.014206513910  0.010104772993  0.003009338047  0.000000000000  0.000000000000  0.000000000000  0.000000000000  0.006031820073  0.000000000000  0.000000000000  0.010104772993  0.010104772993  0.005026011089  0.034041214889  0.023539579255  0.028811824055  0.028811824055  
chrysolophus_pictus 0.023539579255  0.014206513910  0.010104772993  0.003009338047  0.000000000000  0.000000000000  0.000000000000  0.000000000000  0.006031820073  0.000000000000  0.000000000000  0.010104772993  0.010104772993  0.005026011089  0.034041214889  0.023539579255  0.028811824055  0.028811824055  
lophura_inornata 0.023539579255  0.014206513910  0.010104772993  0.003009338047  0.000000000000  0.000000000000  0.000000000000  0.000000000000  0.006031820073  0.000000000000  0.000000000000  0.010104772993  0.010104772993  0.005026011089  0.034041214889  0.023539579255  0.028811824055  0.028811824055  
melgal2    0.029842735893  0.020403586412  0.016253628378  0.009075754697  0.006031820073  0.006031820073  0.006031820073  0.006031820073  0.000000000000  0.006031820073  0.006031820073  0.016253628378  0.016253628378  0.011115734322  0.040456083765  0.029842735893  0.035178732443  0.035178732443  
catreus_wallichi 0.023539579255  0.014206513910  0.010104772993  0.003009338047  0.000000000000  0.000000000000  0.000000000000  0.000000000000  0.006031820073  0.000000000000  0.000000000000  0.010104772993  0.010104772993  0.005026011089  0.034041214889  0.023539579255  0.028811824055  0.028811824055  
lophura_swinhoii 0.023539579255  0.014206513910  0.010104772993  0.003009338047  0.000000000000  0.000000000000  0.000000000000  0.000000000000  0.006031820073  0.000000000000  0.000000000000  0.010104772993  0.010104772993  0.005026011089  0.034041214889  0.023539579255  0.028811824055  0.028811824055  
cyrtonyx_montezumae 0.023539579255  0.014206513910  0.010104772993  0.013177814574  0.010104772993  0.010104772993  0.010104772993  0.010104772993  0.016253628378  0.010104772993  0.010104772993  0.000000000000  0.000000000000  0.005026011089  0.034041214889  0.023539579255  0.028811824055  0.028811824055  
perdix_dauuricae 0.023539579255  0.014206513910  0.010104772993  0.013177814574  0.010104772993  0.010104772993  0.010104772993  0.010104772993  0.016253628378  0.010104772993  0.010104772993  0.000000000000  0.000000000000  0.005026011089  0.034041214889  0.023539579255  0.028811824055  0.028811824055  
phasianus_colchicus 0.018324158624  0.009084747341  0.005026011089  0.008066867304  0.005026011089  0.005026011089  0.005026011089  0.005026011089  0.011115734322  0.005026011089  0.005026011089  0.005026011089  0.005026011089  0.000000000000  0.028729052497  0.018324158624  0.023539579255  0.023539579255  
rollulus_rouloul 0.010079332233  0.019311687689  0.023474573294  0.037256731194  0.034041214889  0.034041214889  0.034041214889  0.034041214889  0.040456083765  0.034041214889  0.034041214889  0.034041214889  0.034041214889  0.028729052497  0.000000000000  0.010079332233  0.015195125350  0.015195125350  
tragopan_blythii 0.000000000000  0.009075754697  0.013164350312  0.026696028031  0.023539579255  0.023539579255  0.023539579255  0.023539579255  0.029842735893  0.023539579255  0.023539579255  0.023539579255  0.023539579255  0.018324158624  0.010079332233  0.000000000000  0.005026011089  0.005026011089  
lophophorus_impejanus 0.005026011089  0.014191919856  0.018324158624  0.032002965607  0.028811824055  0.028811824055  0.028811824055  0.028811824055  0.035178732443  0.028811824055  0.028811824055  0.028811824055  0.028811824055  0.023539579255  0.015195125350  0.005026011089  0.000000000000  0.000000000000  
alectoris_rufa 0.005026011089  0.014191919856  0.018324158624  0.032002965607  0.028811824055  0.028811824055  0.028811824055  0.028811824055  0.035178732443  0.028811824055  0.028811824055  0.028811824055  0.028811824055  0.023539579255  0.015195125350  0.005026011089  0.000000000000  0.000000000000  

