18
cyrtonyx_montezumae 0.000000000000  0.094649137298  0.090014780338  0.086521329166  0.092240001356  0.085362354689  0.091070016661  0.102570995867  0.100509007568  0.094529502245  0.094529502245  0.106356715315  0.100442856983  0.107353134054  0.094649137298  0.082108750467  0.108555991750  0.063002157925  
galgal4    0.094649137298  0.000000000000  0.063129500052  0.059782295482  0.063042850232  0.058671619094  0.064161078280  0.075227379524  0.075377099277  0.067485227912  0.067485227912  0.076521374553  0.073147327586  0.078655993323  0.067578831247  0.053303803072  0.083265093679  0.044630346994  
lophura_nycthemera 0.090014780338  0.063129500052  0.000000000000  0.004016404803  0.010085324342  0.005025667649  0.010085324342  0.020307028595  0.020345508678  0.013140953228  0.013140953228  0.026613563448  0.018287655023  0.023420935489  0.013162360149  0.038190656807  0.082165063571  0.042497447907  
crossoptilon_crossoptilon 0.086521329166  0.059782295482  0.004016404803  0.000000000000  0.006027526372  0.001001021109  0.006027526372  0.016185677507  0.016210882271  0.009062137067  0.009062137067  0.022425970000  0.014165980913  0.021342801861  0.009074885003  0.034985208108  0.078708173694  0.039263813358  
lophura_swinhoii 0.092240001356  0.063042850232  0.010085324342  0.006027526372  0.000000000000  0.007038832003  0.012110829048  0.022358743107  0.022394216139  0.015173742150  0.015173742150  0.028675403942  0.020331068811  0.027570478734  0.015193155892  0.041356639089  0.085527323694  0.045682250064  
lophura_inornata 0.085362354689  0.058671619094  0.005025667649  0.001001021109  0.007038832003  0.000000000000  0.007038832003  0.017212772238  0.017241274920  0.010078664615  0.010078664615  0.023469520308  0.015193155892  0.022380767724  0.010093563806  0.036051364363  0.077561271825  0.038190656807  
chrysolophus_pictus 0.091070016661  0.064161078280  0.010085324342  0.006027526372  0.012110829048  0.007038832003  0.000000000000  0.014137919961  0.020318241110  0.013125904861  0.013125904861  0.026572721690  0.018261624199  0.025479132320  0.013140953228  0.039208059870  0.083209218236  0.043514674618  
phasianus_colchicus 0.102570995867  0.075227379524  0.020307028595  0.016185677507  0.022358743107  0.017212772238  0.014137919961  0.000000000000  0.030690676773  0.023386980142  0.023386980142  0.037045859405  0.028604157761  0.035925498208  0.023407987476  0.049875632836  0.094588379351  0.054253902449  
catreus_wallichi 0.100509007568  0.075377099277  0.020345508678  0.016210882271  0.022394216139  0.017241274920  0.020318241110  0.030690676773  0.000000000000  0.013140953228  0.013140953228  0.030787141966  0.024496346130  0.031780123188  0.023451704917  0.049972948218  0.094776283469  0.054366202885  
syrmaticus_ellioti 0.094529502245  0.067485227912  0.013140953228  0.009062137067  0.015173742150  0.010078664615  0.013125904861  0.023386980142  0.013140953228  0.000000000000  0.000000000000  0.025543217686  0.017241274920  0.024449239080  0.016210882271  0.042405500164  0.086632263709  0.046735797264  
syrmaticus_reevesii 0.094529502245  0.067485227912  0.013140953228  0.009062137067  0.015173742150  0.010078664615  0.013125904861  0.023386980142  0.013140953228  0.000000000000  0.000000000000  0.025543217686  0.017241274920  0.024449239080  0.016210882271  0.042405500164  0.086632263709  0.046735797264  
melgal2    0.106356715315  0.076521374553  0.026613563448  0.022425970000  0.028675403942  0.023469520308  0.026572721690  0.037045859405  0.030787141966  0.025543217686  0.025543217686  0.000000000000  0.019323509899  0.027603813689  0.029753199152  0.054366202885  0.097144670573  0.058799176295  
lophophorus_impejanus 0.100442856983  0.073147327586  0.018287655023  0.014165980913  0.020331068811  0.015193155892  0.018261624199  0.028604157761  0.024496346130  0.017241274920  0.017241274920  0.019323509899  0.000000000000  0.019283540315  0.021384635921  0.047824373430  0.091307074428  0.052203007595  
tragopan_blythii 0.107353134054  0.078655993323  0.023420935489  0.021342801861  0.027570478734  0.022380767724  0.025479132320  0.035925498208  0.031780123188  0.024449239080  0.024449239080  0.027603813689  0.019283540315  0.000000000000  0.028636499091  0.054253902449  0.096948058763  0.058671619094  
perdix_dauuricae 0.094649137298  0.067578831247  0.013162360149  0.009074885003  0.015193155892  0.010093563806  0.013140953228  0.023407987476  0.023451704917  0.016210882271  0.016210882271  0.029753199152  0.021384635921  0.028636499091  0.000000000000  0.041386081253  0.086750575888  0.046805177884  
pavo_cristatus 0.082108750467  0.053303803072  0.038190656807  0.034985208108  0.041356639089  0.036051364363  0.039208059870  0.049875632836  0.049972948218  0.042405500164  0.042405500164  0.054366202885  0.047824373430  0.054253902449  0.041386081253  0.000000000000  0.070924535653  0.030837228689  
rollulus_rouloul 0.108555991750  0.083265093679  0.082165063571  0.078708173694  0.085527323694  0.077561271825  0.083209218236  0.094588379351  0.094776283469  0.086632263709  0.086632263709  0.097144670573  0.091307074428  0.096948058763  0.086750575888  0.070924535653  0.000000000000  0.055354605763  
alectoris_rufa 0.063002157925  0.044630346994  0.042497447907  0.039263813358  0.045682250064  0.038190656807  0.043514674618  0.054253902449  0.054366202885  0.046735797264  0.046735797264  0.058799176295  0.052203007595  0.058671619094  0.046805177884  0.030837228689  0.055354605763  0.000000000000  

