18
tragopan_blythii 0.000000000000  0.028845452410  0.028814389953  0.042754984540  0.033074785464  0.139310744844  0.048237650472  0.028814389953  0.028814389953  0.028814389953  0.028814389953  0.028814389953  0.028814389953  0.029875966676  0.028814389953  0.039536767358  0.026726876341  0.020426406049  
rollulus_rouloul 0.028845452410  0.000000000000  0.006031908504  0.019345115916  0.010094950849  0.116060832422  0.024566670249  0.006031908504  0.006031908504  0.006031908504  0.006031908504  0.006031908504  0.006031908504  0.007044465469  0.006031908504  0.016254406444  0.004016675407  0.020426406049  
syrmaticus_ellioti 0.028814389953  0.006031908504  0.000000000000  0.013164848292  0.004016675407  0.108670948605  0.018325159455  0.000000000000  0.000000000000  0.000000000000  0.000000000000  0.000000000000  0.000000000000  0.001001037882  0.000000000000  0.014179473678  0.002002800564  0.020404839412  
phasianus_colchicus 0.042754984540  0.019345115916  0.013164848292  0.000000000000  0.017288671873  0.124969802883  0.029845360302  0.013164848292  0.013164848292  0.013164848292  0.013164848292  0.013164848292  0.013164848292  0.014192504070  0.013164848292  0.027700415771  0.015208186572  0.034110298218  
lophophorus_impejanus 0.033074785464  0.010094950849  0.004016675407  0.017288671873  0.000000000000  0.113669612361  0.022493523616  0.004016675407  0.004016675407  0.004016675407  0.004016675407  0.004016675407  0.004016675407  0.005026091637  0.004016675407  0.018307552962  0.006031908504  0.024591290377  
syrmaticus_reevesii 0.139310744844  0.116060832422  0.108670948605  0.124969802883  0.113669612361  0.000000000000  0.111042899445  0.108670948605  0.108670948605  0.108670948605  0.108670948605  0.108670948605  0.108670948605  0.109915767183  0.108670948605  0.123550871726  0.111042899445  0.131435613133  
cyrtonyx_montezumae 0.048237650472  0.024566670249  0.018325159455  0.029845360302  0.022493523616  0.111042899445  0.000000000000  0.018325159455  0.018325159455  0.018325159455  0.018325159455  0.018325159455  0.018325159455  0.019363878757  0.018325159455  0.030877917763  0.020384915230  0.037333929526  
crossoptilon_crossoptilon 0.028814389953  0.006031908504  0.000000000000  0.013164848292  0.004016675407  0.108670948605  0.018325159455  0.000000000000  0.000000000000  0.000000000000  0.000000000000  0.000000000000  0.000000000000  0.001001037882  0.000000000000  0.014179473678  0.002002800564  0.020404839412  
lophura_swinhoii 0.028814389953  0.006031908504  0.000000000000  0.013164848292  0.004016675407  0.108670948605  0.018325159455  0.000000000000  0.000000000000  0.000000000000  0.000000000000  0.000000000000  0.000000000000  0.001001037882  0.000000000000  0.014179473678  0.002002800564  0.020404839412  
lophura_inornata 0.028814389953  0.006031908504  0.000000000000  0.013164848292  0.004016675407  0.108670948605  0.018325159455  0.000000000000  0.000000000000  0.000000000000  0.000000000000  0.000000000000  0.000000000000  0.001001037882  0.000000000000  0.014179473678  0.002002800564  0.020404839412  
catreus_wallichi 0.028814389953  0.006031908504  0.000000000000  0.013164848292  0.004016675407  0.108670948605  0.018325159455  0.000000000000  0.000000000000  0.000000000000  0.000000000000  0.000000000000  0.000000000000  0.001001037882  0.000000000000  0.014179473678  0.002002800564  0.020404839412  
perdix_dauuricae 0.028814389953  0.006031908504  0.000000000000  0.013164848292  0.004016675407  0.108670948605  0.018325159455  0.000000000000  0.000000000000  0.000000000000  0.000000000000  0.000000000000  0.000000000000  0.001001037882  0.000000000000  0.014179473678  0.002002800564  0.020404839412  
melgal2    0.028814389953  0.006031908504  0.000000000000  0.013164848292  0.004016675407  0.108670948605  0.018325159455  0.000000000000  0.000000000000  0.000000000000  0.000000000000  0.000000000000  0.000000000000  0.001001037882  0.000000000000  0.014179473678  0.002002800564  0.020404839412  
lophura_nycthemera 0.029875966676  0.007044465469  0.001001037882  0.014192504070  0.005026091637  0.109915767183  0.019363878757  0.001001037882  0.001001037882  0.001001037882  0.001001037882  0.001001037882  0.001001037882  0.000000000000  0.001001037882  0.015208186572  0.003006927181  0.021448051112  
chrysolophus_pictus 0.028814389953  0.006031908504  0.000000000000  0.013164848292  0.004016675407  0.108670948605  0.018325159455  0.000000000000  0.000000000000  0.000000000000  0.000000000000  0.000000000000  0.000000000000  0.001001037882  0.000000000000  0.014179473678  0.002002800564  0.020404839412  
galgal4    0.039536767358  0.016254406444  0.014179473678  0.027700415771  0.018307552962  0.123550871726  0.030877917763  0.014179473678  0.014179473678  0.014179473678  0.014179473678  0.014179473678  0.014179473678  0.015208186572  0.014179473678  0.000000000000  0.012139376998  0.028814389953  
pavo_cristatus 0.026726876341  0.004016675407  0.002002800564  0.015208186572  0.006031908504  0.111042899445  0.020384915230  0.002002800564  0.002002800564  0.002002800564  0.002002800564  0.002002800564  0.002002800564  0.003006927181  0.002002800564  0.012139376998  0.000000000000  0.018344403226  
alectoris_rufa 0.020426406049  0.020426406049  0.020404839412  0.034110298218  0.024591290377  0.131435613133  0.037333929526  0.020404839412  0.020404839412  0.020404839412  0.020404839412  0.020404839412  0.020404839412  0.021448051112  0.020404839412  0.028814389953  0.018344403226  0.000000000000  

