30
piranga_rubra_ku26592 0.000000000000  0.000000000000  0.000000000000  0.005388404329  0.006746132299  0.005389476015  0.000000000000  0.006747125451  0.001613331533  0.000000000000  0.000000000000  0.002696617726  0.004030680805  0.003275095027  0.002685754012  0.000000000000  0.000000000000  0.005388404329  0.000000000000  0.002712490779  0.005382224095  0.000000000000  0.005388404329  0.002842242625  0.000000000000  0.000000000000  0.000000000000  0.000000000000  0.002685754012  0.001340283753  
piranga_flava_ku90809 0.000000000000  0.000000000000  0.000000000000  0.005199294601  0.007822730755  0.005200292775  0.000000000000  0.006509935218  0.001613331533  0.000000000000  0.000000000000  0.002696617726  0.003889581133  0.003275095027  0.002591781727  0.000000000000  0.000000000000  0.005199294601  0.000000000000  0.002616671685  0.006501470245  0.000000000000  0.005199294601  0.002842242625  0.000000000000  0.000000000000  0.000000000000  0.000000000000  0.002591781727  0.001293475857  
piranga_ludoviciana_sdsu2385 0.000000000000  0.000000000000  0.000000000000  0.005199294601  0.007822730755  0.005200292775  0.000000000000  0.006509935218  0.001613331533  0.000000000000  0.000000000000  0.002696617726  0.003889581133  0.003275095027  0.002591781727  0.000000000000  0.000000000000  0.005199294601  0.000000000000  0.002616671685  0.006501470245  0.000000000000  0.005199294601  0.002842242625  0.000000000000  0.000000000000  0.000000000000  0.000000000000  0.002591781727  0.001293475857  
piranga_rubriceps_lsu265 0.005388404329  0.005199294601  0.005199294601  0.000000000000  0.002591781727  0.005200292775  0.002891553792  0.006509935218  0.004858285346  0.002618932617  0.005199294601  0.005410269155  0.009129336294  0.006575349884  0.007822730755  0.001686808939  0.002842242625  0.010462285861  0.003357568096  0.005248053235  0.006501470245  0.005199294601  0.000000000000  0.008583770447  0.003045672087  0.001773567471  0.003848605216  0.005199294601  0.007822730755  0.006501470245  
piranga_leucoptera_lsu7783 0.006746132299  0.007822730755  0.007822730755  0.002591781727  0.000000000000  0.007823582324  0.005802701961  0.009141258660  0.006490000196  0.005253928722  0.007822730755  0.005410269155  0.011773375945  0.006575349884  0.010462285861  0.001686808939  0.005703414828  0.013118159220  0.003357568096  0.007895651823  0.006501470245  0.007822730755  0.002591781727  0.010031222763  0.004576643730  0.001773567471  0.003848605216  0.007822730755  0.010462285861  0.009129336294  
cardinalis_cardinalis_ku25393 0.005389476015  0.005200292775  0.005200292775  0.005200292775  0.007823582324  0.000000000000  0.002892976069  0.001295612784  0.003237978444  0.002620099662  0.005200292775  0.005424944555  0.009132696776  0.006576941795  0.007823582324  0.001689659075  0.002843616873  0.010462989019  0.001678315933  0.005251709100  0.006504977827  0.005200292775  0.005200292775  0.007151392757  0.003047249777  0.001776718606  0.001923686354  0.005200292775  0.007823582324  0.006504977827  
piranga_olivacea_ku2699 0.000000000000  0.000000000000  0.000000000000  0.002891553792  0.005802701961  0.002892976069  0.000000000000  0.004345994318  0.001613331533  0.000000000000  0.000000000000  0.002696617726  0.004339707497  0.003275095027  0.001443344099  0.000000000000  0.000000000000  0.004344661996  0.000000000000  0.002888797450  0.004339707497  0.000000000000  0.002891553792  0.001600421466  0.000000000000  0.000000000000  0.000000000000  0.000000000000  0.001443344099  0.001442771128  
cardinalis_cardinalis_ku21828 0.006747125451  0.006509935218  0.006509935218  0.006509935218  0.009141258660  0.001295612784  0.004345994318  0.000000000000  0.004866165837  0.003935503749  0.006509935218  0.008163324522  0.010452608239  0.008236508196  0.009141258660  0.003385989971  0.004271734133  0.011788798422  0.003363214235  0.006573394352  0.007816828202  0.006509935218  0.006509935218  0.008596068637  0.004578121566  0.003560815778  0.003856025426  0.006509935218  0.009141258660  0.007816828202  
piranga_rubra_ku7046 0.001613331533  0.001613331533  0.001613331533  0.004858285346  0.006490000196  0.003237978444  0.001613331533  0.004866165837  0.000000000000  0.001613331533  0.001613331533  0.005410269155  0.004858285346  0.005071838176  0.003232744641  0.001686808939  0.001613331533  0.004858285346  0.001675503905  0.004852089534  0.004852089534  0.001613331533  0.004858285346  0.003253782034  0.001613331533  0.001773567471  0.001919992884  0.001613331533  0.003232744641  0.003229299132  
piranga_bidentata_hgoslp104 0.000000000000  0.000000000000  0.000000000000  0.002618932617  0.005253928722  0.002620099662  0.000000000000  0.003935503749  0.001613331533  0.000000000000  0.000000000000  0.002696617726  0.003930347756  0.003275095027  0.002618932617  0.000000000000  0.000000000000  0.005253928722  0.000000000000  0.002616671685  0.003930347756  0.000000000000  0.002618932617  0.002874927714  0.000000000000  0.000000000000  0.000000000000  0.000000000000  0.002618932617  0.001307000454  
piranga_ludoviciana_sdsu2648 0.000000000000  0.000000000000  0.000000000000  0.005199294601  0.007822730755  0.005200292775  0.000000000000  0.006509935218  0.001613331533  0.000000000000  0.000000000000  0.002696617726  0.003889581133  0.003275095027  0.002591781727  0.000000000000  0.000000000000  0.005199294601  0.000000000000  0.002616671685  0.006501470245  0.000000000000  0.005199294601  0.002842242625  0.000000000000  0.000000000000  0.000000000000  0.000000000000  0.002591781727  0.001293475857  
piranga_roseogularis_ku2049 0.002696617726  0.002696617726  0.002696617726  0.005410269155  0.005410269155  0.005424944555  0.002696617726  0.008163324522  0.005410269155  0.002696617726  0.002696617726  0.000000000000  0.005410269155  0.008141170850  0.002696617726  0.002696617726  0.002696617726  0.008141170850  0.002696617726  0.005410269155  0.005410269155  0.002696617726  0.005410269155  0.002696617726  0.002696617726  0.002696617726  0.002696617726  0.002696617726  0.002696617726  0.002696617726  
piranga_hepatica_ku4970 0.004030680805  0.003889581133  0.003889581133  0.009129336294  0.011773375945  0.009132696776  0.004339707497  0.010452608239  0.004858285346  0.003930347756  0.003889581133  0.005410269155  0.000000000000  0.001634426534  0.006501470245  0.003380267166  0.004265660174  0.009129336294  0.001675503905  0.006564763685  0.010438968376  0.003889581133  0.009129336294  0.005703414828  0.003045672087  0.001773567471  0.001919992884  0.003889581133  0.006501470245  0.005190377383  
piranga_hepatica_ku9084 0.003275095027  0.003275095027  0.003275095027  0.006575349884  0.006575349884  0.006576941795  0.003275095027  0.008236508196  0.005071838176  0.003275095027  0.003275095027  0.008141170850  0.001634426534  0.000000000000  0.004922053340  0.003420737906  0.003275095027  0.006575349884  0.003374563674  0.006566145332  0.006566145332  0.003275095027  0.006575349884  0.005106370158  0.003275095027  0.003554487304  0.003848605216  0.003275095027  0.004922053340  0.004915693732  
piranga_rubra_sdsu2654 0.002685754012  0.002591781727  0.002591781727  0.007822730755  0.010462285861  0.007823582324  0.001443344099  0.009141258660  0.003232744641  0.002618932617  0.002591781727  0.002696617726  0.006501470245  0.004922053340  0.000000000000  0.001686808939  0.001418770783  0.007822730755  0.001675503905  0.005248053235  0.009129336294  0.002591781727  0.007822730755  0.005703414828  0.001520137002  0.001773567471  0.001919992884  0.002591781727  0.000000000000  0.003889581133  
piranga_flava_lsu15408 0.000000000000  0.000000000000  0.000000000000  0.001686808939  0.001686808939  0.001689659075  0.000000000000  0.003385989971  0.001686808939  0.000000000000  0.000000000000  0.002696617726  0.003380267166  0.003420737906  0.001686808939  0.000000000000  0.000000000000  0.003380267166  0.000000000000  0.003376499869  0.003376499869  0.000000000000  0.001686808939  0.001686808939  0.000000000000  0.000000000000  0.000000000000  0.000000000000  0.001686808939  0.001686026358  
piranga_lutea_lsu5400 0.000000000000  0.000000000000  0.000000000000  0.002842242625  0.005703414828  0.002843616873  0.000000000000  0.004271734133  0.001613331533  0.000000000000  0.000000000000  0.002696617726  0.004265660174  0.003275095027  0.001418770783  0.000000000000  0.000000000000  0.004270446783  0.000000000000  0.002839579527  0.004265660174  0.000000000000  0.002842242625  0.001570264414  0.000000000000  0.000000000000  0.000000000000  0.000000000000  0.001418770783  0.001418217157  
piranga_olivacea_ku4672 0.005388404329  0.005199294601  0.005199294601  0.010462285861  0.013118159220  0.010462989019  0.004344661996  0.011788798422  0.004858285346  0.005253928722  0.005199294601  0.008141170850  0.009129336294  0.006575349884  0.007822730755  0.003380267166  0.004270446783  0.000000000000  0.003357568096  0.005248053235  0.011773375945  0.005199294601  0.010462285861  0.008583770447  0.004576643730  0.003554487304  0.003848605216  0.005199294601  0.007822730755  0.006501470245  
piranga_ludoviciana_sdsu2208 0.000000000000  0.000000000000  0.000000000000  0.003357568096  0.003357568096  0.001678315933  0.000000000000  0.003363214235  0.001675503905  0.000000000000  0.000000000000  0.002696617726  0.001675503905  0.003374563674  0.001675503905  0.000000000000  0.000000000000  0.003357568096  0.000000000000  0.003353851247  0.003353851247  0.000000000000  0.003357568096  0.001686808939  0.000000000000  0.000000000000  0.000000000000  0.000000000000  0.001675503905  0.001674731779  
piranga_bidentata_itm160 0.002712490779  0.002616671685  0.002616671685  0.005248053235  0.007895651823  0.005251709100  0.002888797450  0.006573394352  0.004852089534  0.002616671685  0.002616671685  0.005410269155  0.006564763685  0.006566145332  0.005248053235  0.003376499869  0.002839579527  0.005248053235  0.003353851247  0.000000000000  0.006564763685  0.002616671685  0.005248053235  0.005762139278  0.003042613964  0.003550321468  0.003843721061  0.002616671685  0.005248053235  0.001307470622  
piranga_leucoptera_fmnh481795 0.005382224095  0.006501470245  0.006501470245  0.006501470245  0.006501470245  0.006504977827  0.004339707497  0.007816828202  0.004852089534  0.003930347756  0.006501470245  0.005410269155  0.010438968376  0.006566145332  0.009129336294  0.003376499869  0.004265660174  0.011773375945  0.003353851247  0.006564763685  0.000000000000  0.006501470245  0.006501470245  0.008572527657  0.003042613964  0.003550321468  0.001919992884  0.006501470245  0.009129336294  0.007806657447  
piranga_lutea_ku89864 0.000000000000  0.000000000000  0.000000000000  0.005199294601  0.007822730755  0.005200292775  0.000000000000  0.006509935218  0.001613331533  0.000000000000  0.000000000000  0.002696617726  0.003889581133  0.003275095027  0.002591781727  0.000000000000  0.000000000000  0.005199294601  0.000000000000  0.002616671685  0.006501470245  0.000000000000  0.005199294601  0.002842242625  0.000000000000  0.000000000000  0.000000000000  0.000000000000  0.002591781727  0.001293475857  
piranga_rubriceps_lsu34818 0.005388404329  0.005199294601  0.005199294601  0.000000000000  0.002591781727  0.005200292775  0.002891553792  0.006509935218  0.004858285346  0.002618932617  0.005199294601  0.005410269155  0.009129336294  0.006575349884  0.007822730755  0.001686808939  0.002842242625  0.010462285861  0.003357568096  0.005248053235  0.006501470245  0.005199294601  0.000000000000  0.008583770447  0.003045672087  0.001773567471  0.003848605216  0.005199294601  0.007822730755  0.006501470245  
piranga_roseogularis_ku2141 0.002842242625  0.002842242625  0.002842242625  0.008583770447  0.010031222763  0.007151392757  0.001600421466  0.008596068637  0.003253782034  0.002874927714  0.002842242625  0.002696617726  0.005703414828  0.005106370158  0.005703414828  0.001686808939  0.001570264414  0.008583770447  0.001686808939  0.005762139278  0.008572527657  0.002842242625  0.008583770447  0.000000000000  0.001582690642  0.001773567471  0.000000000000  0.002842242625  0.005703414828  0.004265660174  
piranga_erythrocephala_fmnh343371 0.000000000000  0.000000000000  0.000000000000  0.003045672087  0.004576643730  0.003047249777  0.000000000000  0.004578121566  0.001613331533  0.000000000000  0.000000000000  0.002696617726  0.003045672087  0.003275095027  0.001520137002  0.000000000000  0.000000000000  0.004576643730  0.000000000000  0.003042613964  0.003042613964  0.000000000000  0.003045672087  0.001582690642  0.000000000000  0.000000000000  0.000000000000  0.000000000000  0.001520137002  0.001519501437  
piranga_erythrocephala_fmnh343370 0.000000000000  0.000000000000  0.000000000000  0.001773567471  0.001773567471  0.001776718606  0.000000000000  0.003560815778  0.001773567471  0.000000000000  0.000000000000  0.002696617726  0.001773567471  0.003554487304  0.001773567471  0.000000000000  0.000000000000  0.003554487304  0.000000000000  0.003550321468  0.003550321468  0.000000000000  0.001773567471  0.001773567471  0.000000000000  0.000000000000  0.000000000000  0.000000000000  0.001773567471  0.001772702315  
piranga_ludoviciana_sdsu2650 0.000000000000  0.000000000000  0.000000000000  0.003848605216  0.003848605216  0.001923686354  0.000000000000  0.003856025426  0.001919992884  0.000000000000  0.000000000000  0.002696617726  0.001919992884  0.003848605216  0.001919992884  0.000000000000  0.000000000000  0.003848605216  0.000000000000  0.003843721061  0.001919992884  0.000000000000  0.003848605216  0.000000000000  0.000000000000  0.000000000000  0.000000000000  0.000000000000  0.001919992884  0.001918978969  
piranga_bidentata_tepe59 0.000000000000  0.000000000000  0.000000000000  0.005199294601  0.007822730755  0.005200292775  0.000000000000  0.006509935218  0.001613331533  0.000000000000  0.000000000000  0.002696617726  0.003889581133  0.003275095027  0.002591781727  0.000000000000  0.000000000000  0.005199294601  0.000000000000  0.002616671685  0.006501470245  0.000000000000  0.005199294601  0.002842242625  0.000000000000  0.000000000000  0.000000000000  0.000000000000  0.002591781727  0.001293475857  
piranga_rubra_sdsu2635 0.002685754012  0.002591781727  0.002591781727  0.007822730755  0.010462285861  0.007823582324  0.001443344099  0.009141258660  0.003232744641  0.002618932617  0.002591781727  0.002696617726  0.006501470245  0.004922053340  0.000000000000  0.001686808939  0.001418770783  0.007822730755  0.001675503905  0.005248053235  0.009129336294  0.002591781727  0.007822730755  0.005703414828  0.001520137002  0.001773567471  0.001919992884  0.002591781727  0.000000000000  0.003889581133  
piranga_bidentata_itm141 0.001340283753  0.001293475857  0.001293475857  0.006501470245  0.009129336294  0.006504977827  0.001442771128  0.007816828202  0.003229299132  0.001307000454  0.001293475857  0.002696617726  0.005190377383  0.004915693732  0.003889581133  0.001686026358  0.001418217157  0.006501470245  0.001674731779  0.001307470622  0.007806657447  0.001293475857  0.006501470245  0.004265660174  0.001519501437  0.001772702315  0.001918978969  0.001293475857  0.003889581133  0.000000000000  

