30
piranga_rubra_ku26592 0.000000000000  0.009438558748  0.008248013981  0.010693258294  0.010670041194  0.011811938884  0.005083899429  0.010636572688  0.003518823570  0.007058256018  0.007414793460  0.003621501495  0.005894884441  0.001869671636  0.007048924703  0.007262222528  0.006103570399  0.005874107854  0.007058256018  0.005880570758  0.010670041194  0.009420733114  0.011899617991  0.006248497461  0.011953134164  0.003227340146  0.001692467333  0.007048924703  0.009431840259  0.007058256018  
piranga_flava_ku90809 0.009438558748  0.000000000000  0.006470022945  0.006500051041  0.007578293968  0.007555233304  0.003818355930  0.006471134330  0.005387504915  0.005387332317  0.005642875152  0.001101145295  0.005505983293  0.000000000000  0.004306639823  0.000000000000  0.004455344104  0.004306215658  0.005387332317  0.004307665887  0.007578293968  0.007895574503  0.007594738621  0.004572483597  0.008747104756  0.001610686221  0.000000000000  0.005387332317  0.004308933645  0.005387332317  
piranga_ludoviciana_sdsu2385 0.008248013981  0.006470022945  0.000000000000  0.006495151678  0.007578293968  0.007555233304  0.001268801559  0.006471134330  0.004302008003  0.001072794033  0.001123412022  0.002204366876  0.001097519708  0.000000000000  0.004302008003  0.004785321774  0.002223704293  0.002147304677  0.001072794033  0.003223453629  0.007578293968  0.003369144347  0.007590415909  0.003427060118  0.010953139873  0.001610686221  0.000000000000  0.005381533860  0.008637511899  0.001072794033  
piranga_rubriceps_lsu265 0.010693258294  0.006500051041  0.006495151678  0.000000000000  0.005421472844  0.005406518841  0.005119654249  0.004322904069  0.006500051041  0.005410119667  0.007943578382  0.004427675232  0.005523679276  0.001869671636  0.006506833675  0.004811115861  0.006725936094  0.006500051041  0.005410119667  0.006500051041  0.005421472844  0.007925590210  0.001078579504  0.006896006937  0.008779705322  0.003227340146  0.001692467333  0.006500051041  0.008697521177  0.005410119667  
piranga_leucoptera_lsu7783 0.010670041194  0.007578293968  0.007578293968  0.005421472844  0.000000000000  0.004315933449  0.005113109850  0.003234898778  0.006488128022  0.006493016767  0.007934574100  0.004427675232  0.006629326130  0.000000000000  0.005409741188  0.007219626192  0.006718404699  0.005404272050  0.006493016767  0.006488128022  0.000000000000  0.009058056538  0.006507100574  0.006880191357  0.007669631476  0.003227340146  0.001692467333  0.005404272050  0.009775646231  0.006493016767  
cardinalis_cardinalis_ku25393 0.011811938884  0.007555233304  0.007555233304  0.005406518841  0.004315933449  0.000000000000  0.006360737737  0.001073946157  0.007547087490  0.006464162517  0.007904490399  0.004415994373  0.006613798362  0.001868652042  0.007541350600  0.007192576218  0.006680070007  0.006457205711  0.006464162517  0.006463053536  0.004315933449  0.009011226230  0.006499172621  0.006871325989  0.008745253553  0.003223728238  0.001691631858  0.006464162517  0.009738786725  0.006464162517  
piranga_olivacea_ku2699 0.005083899429  0.003818355930  0.001268801559  0.005119654249  0.005113109850  0.006360737737  0.000000000000  0.003818355930  0.003808660688  0.001267193740  0.003904047598  0.001273649587  0.000000000000  0.000000000000  0.005074192135  0.003818355930  0.002562788308  0.002533569750  0.001267193740  0.002537138108  0.005113109850  0.003800194104  0.006411833923  0.002632597747  0.007660948961  0.001610686221  0.000000000000  0.005083307735  0.006370983766  0.001267193740  
cardinalis_cardinalis_ku21828 0.010636572688  0.006471134330  0.006471134330  0.004322904069  0.003234898778  0.001073946157  0.003818355930  0.000000000000  0.006471134330  0.005389037140  0.006776955010  0.003309848197  0.005507764312  0.001868652042  0.004308933645  0.005989396228  0.005575321518  0.004306639823  0.005389037140  0.005387332317  0.003234898778  0.007896135627  0.005412371306  0.005722073876  0.007646011771  0.003223728238  0.001691631858  0.005389037140  0.008652433239  0.005389037140  
piranga_rubra_ku7046 0.003518823570  0.005387504915  0.004302008003  0.006500051041  0.006488128022  0.007547087490  0.003808660688  0.006471134330  0.000000000000  0.003221005895  0.004499995959  0.001101145295  0.002196836135  0.000000000000  0.005375747872  0.004785321774  0.003335609126  0.002145001688  0.003221005895  0.002146599179  0.006488128022  0.005617328099  0.007594738621  0.003427060118  0.009847800210  0.001610686221  0.000000000000  0.003220840297  0.007549484053  0.003221005895  
piranga_bidentata_hgoslp104 0.007058256018  0.005387332317  0.001072794033  0.005410119667  0.006493016767  0.006464162517  0.001267193740  0.005389037140  0.003221005895  0.000000000000  0.002246459118  0.001101145295  0.000000000000  0.000000000000  0.004297386136  0.003585606241  0.001110058272  0.001071979540  0.000000000000  0.002145001688  0.006493016767  0.002241423842  0.006502190557  0.002283871032  0.009850983376  0.001610686221  0.000000000000  0.004297386136  0.007553760085  0.000000000000  
piranga_ludoviciana_sdsu2648 0.007414793460  0.005642875152  0.001123412022  0.007943578382  0.007934574100  0.007904490399  0.003904047598  0.006776955010  0.004499995959  0.002246459118  0.000000000000  0.003388169810  0.002303378110  0.001868652042  0.005630166932  0.006126905905  0.003375798163  0.002246459118  0.002246459118  0.003372932327  0.007934574100  0.003531765029  0.009095170584  0.004572483597  0.011361133142  0.003223728238  0.001691631858  0.005630166932  0.007905052798  0.002246459118  
piranga_roseogularis_ku2049 0.003621501495  0.001101145295  0.002204366876  0.004427675232  0.004427675232  0.004415994373  0.001273649587  0.003309848197  0.001101145295  0.001101145295  0.003388169810  0.000000000000  0.001124675497  0.000000000000  0.001101499169  0.001195964333  0.002228660180  0.001101145295  0.001101145295  0.001101145295  0.004427675232  0.003462469185  0.005542046985  0.002284669519  0.007767289561  0.001610686221  0.000000000000  0.001101145295  0.003309848197  0.001101145295  
piranga_hepatica_ku4970 0.005894884441  0.005505983293  0.001097519708  0.005523679276  0.006629326130  0.006613798362  0.000000000000  0.005507764312  0.002196836135  0.000000000000  0.002303378110  0.001124675497  0.000000000000  0.000000000000  0.003298929205  0.003589896904  0.001136552721  0.001097871255  0.000000000000  0.002196836135  0.006629326130  0.002248985249  0.006638888927  0.002320976800  0.010048972987  0.001610686221  0.000000000000  0.003297867446  0.007728910565  0.000000000000  
piranga_hepatica_ku9084 0.001869671636  0.000000000000  0.000000000000  0.001869671636  0.000000000000  0.001868652042  0.000000000000  0.001868652042  0.000000000000  0.000000000000  0.001868652042  0.000000000000  0.000000000000  0.000000000000  0.001869671636  0.000000000000  0.000000000000  0.000000000000  0.000000000000  0.000000000000  0.000000000000  0.000000000000  0.001869671636  0.000000000000  0.000000000000  0.002110358359  0.000000000000  0.000000000000  0.001869671636  0.000000000000  
piranga_rubra_sdsu2654 0.007048924703  0.004306639823  0.004302008003  0.006506833675  0.005409741188  0.007541350600  0.005074192135  0.004308933645  0.005375747872  0.004297386136  0.005630166932  0.001101499169  0.003298929205  0.001869671636  0.000000000000  0.003586861819  0.005562915393  0.003216541366  0.004297386136  0.004296963797  0.005409741188  0.007860667217  0.007600956539  0.003427060118  0.009856107131  0.003227340146  0.001692467333  0.004297386136  0.006472004997  0.004297386136  
piranga_flava_lsu15408 0.007262222528  0.000000000000  0.004785321774  0.004811115861  0.007219626192  0.007192576218  0.003818355930  0.005989396228  0.004785321774  0.003585606241  0.006126905905  0.001195964333  0.003589896904  0.000000000000  0.003586861819  0.000000000000  0.004832097518  0.003585606241  0.003585606241  0.003586656587  0.007219626192  0.005987502311  0.006022697355  0.004939504884  0.008401202110  0.001610686221  0.000000000000  0.004785845917  0.002390325597  0.003585606241  
piranga_lutea_lsu5400 0.006103570399  0.004455344104  0.002223704293  0.006725936094  0.006718404699  0.006680070007  0.002562788308  0.005575321518  0.003335609126  0.001110058272  0.003375798163  0.002228660180  0.001136552721  0.000000000000  0.005562915393  0.004832097518  0.000000000000  0.002220479774  0.001110058272  0.002221234605  0.006718404699  0.003485621463  0.007859074864  0.003430305087  0.010094056350  0.003227340146  0.001692467333  0.004450387080  0.006698181062  0.001110058272  
piranga_olivacea_ku4672 0.005874107854  0.004306215658  0.002147304677  0.006500051041  0.005404272050  0.006457205711  0.002533569750  0.004306639823  0.002145001688  0.001071979540  0.002246459118  0.001101145295  0.001097871255  0.000000000000  0.003216541366  0.003585606241  0.002220479774  0.000000000000  0.001071979540  0.001071644379  0.005404272050  0.004485319710  0.007594738621  0.002283871032  0.008747104756  0.001610686221  0.000000000000  0.003219993788  0.006467147904  0.001071979540  
piranga_ludoviciana_sdsu2208 0.007058256018  0.005387332317  0.001072794033  0.005410119667  0.006493016767  0.006464162517  0.001267193740  0.005389037140  0.003221005895  0.000000000000  0.002246459118  0.001101145295  0.000000000000  0.000000000000  0.004297386136  0.003585606241  0.001110058272  0.001071979540  0.000000000000  0.002145001688  0.006493016767  0.002241423842  0.006502190557  0.002283871032  0.009850983376  0.001610686221  0.000000000000  0.004297386136  0.007553760085  0.000000000000  
piranga_bidentata_itm160 0.005880570758  0.004307665887  0.003223453629  0.006500051041  0.006488128022  0.006463053536  0.002537138108  0.005387332317  0.002146599179  0.002145001688  0.003372932327  0.001101145295  0.002196836135  0.000000000000  0.004296963797  0.003586656587  0.002221234605  0.001071644379  0.002145001688  0.000000000000  0.006488128022  0.004489893666  0.007594738621  0.003427060118  0.008745253553  0.001610686221  0.000000000000  0.004296963797  0.006464162517  0.002145001688  
piranga_leucoptera_fmnh481795 0.010670041194  0.007578293968  0.007578293968  0.005421472844  0.000000000000  0.004315933449  0.005113109850  0.003234898778  0.006488128022  0.006493016767  0.007934574100  0.004427675232  0.006629326130  0.000000000000  0.005409741188  0.007219626192  0.006718404699  0.005404272050  0.006493016767  0.006488128022  0.000000000000  0.009058056538  0.006507100574  0.006880191357  0.007669631476  0.003227340146  0.001692467333  0.005404272050  0.009775646231  0.006493016767  
piranga_lutea_ku89864 0.009420733114  0.007895574503  0.003369144347  0.007925590210  0.009058056538  0.009011226230  0.003800194104  0.007896135627  0.005617328099  0.002241423842  0.003531765029  0.003462469185  0.002248985249  0.000000000000  0.007860667217  0.005987502311  0.003485621463  0.004485319710  0.002241423842  0.004489893666  0.009058056538  0.000000000000  0.009074536567  0.003569789296  0.012581440316  0.001610686221  0.000000000000  0.006746474363  0.010162445030  0.002241423842  
piranga_rubriceps_lsu34818 0.011899617991  0.007594738621  0.007590415909  0.001078579504  0.006507100574  0.006499172621  0.006411833923  0.005412371306  0.007594738621  0.006502190557  0.009095170584  0.005542046985  0.006638888927  0.001869671636  0.007600956539  0.006022697355  0.007859074864  0.007594738621  0.006502190557  0.007594738621  0.006507100574  0.009074536567  0.000000000000  0.008048848447  0.008789351530  0.003227340146  0.001692467333  0.007594738621  0.009796929599  0.006502190557  
piranga_roseogularis_ku2141 0.006248497461  0.004572483597  0.003427060118  0.006896006937  0.006880191357  0.006871325989  0.002632597747  0.005722073876  0.003427060118  0.002283871032  0.004572483597  0.002284669519  0.002320976800  0.000000000000  0.003427060118  0.004939504884  0.003430305087  0.002283871032  0.002283871032  0.003427060118  0.006880191357  0.003569789296  0.008048848447  0.000000000000  0.008025546057  0.003227340146  0.001692467333  0.003425914122  0.006874700917  0.002283871032  
piranga_erythrocephala_fmnh343371 0.011953134164  0.008747104756  0.010953139873  0.008779705322  0.007669631476  0.008745253553  0.007660948961  0.007646011771  0.009847800210  0.009850983376  0.011361133142  0.007767289561  0.010048972987  0.000000000000  0.009856107131  0.008401202110  0.010094056350  0.008747104756  0.009850983376  0.008745253553  0.007669631476  0.012581440316  0.008789351530  0.008025546057  0.000000000000  0.001610686221  0.000000000000  0.010957661762  0.010957661762  0.009850983376  
piranga_erythrocephala_fmnh343370 0.003227340146  0.001610686221  0.001610686221  0.003227340146  0.003227340146  0.003223728238  0.001610686221  0.003223728238  0.001610686221  0.001610686221  0.003223728238  0.001610686221  0.001610686221  0.002110358359  0.003227340146  0.001610686221  0.003227340146  0.001610686221  0.001610686221  0.001610686221  0.003227340146  0.001610686221  0.003227340146  0.003227340146  0.001610686221  0.000000000000  0.001733542892  0.001610686221  0.001610686221  0.001610686221  
piranga_ludoviciana_sdsu2650 0.001692467333  0.000000000000  0.000000000000  0.001692467333  0.001692467333  0.001691631858  0.000000000000  0.001691631858  0.000000000000  0.000000000000  0.001691631858  0.000000000000  0.000000000000  0.000000000000  0.001692467333  0.000000000000  0.001692467333  0.000000000000  0.000000000000  0.000000000000  0.001692467333  0.000000000000  0.001692467333  0.001692467333  0.000000000000  0.001733542892  0.000000000000  0.000000000000  0.000000000000  0.000000000000  
piranga_bidentata_tepe59 0.007048924703  0.005387332317  0.005381533860  0.006500051041  0.005404272050  0.006464162517  0.005083307735  0.005389037140  0.003220840297  0.004297386136  0.005630166932  0.001101145295  0.003297867446  0.000000000000  0.004297386136  0.004785845917  0.004450387080  0.003219993788  0.004297386136  0.004296963797  0.005404272050  0.006746474363  0.007594738621  0.003425914122  0.010957661762  0.001610686221  0.000000000000  0.000000000000  0.007553760085  0.004297386136  
piranga_rubra_sdsu2635 0.009431840259  0.004308933645  0.008637511899  0.008697521177  0.009775646231  0.009738786725  0.006370983766  0.008652433239  0.007549484053  0.007553760085  0.007905052798  0.003309848197  0.007728910565  0.001869671636  0.006472004997  0.002390325597  0.006698181062  0.006467147904  0.007553760085  0.006464162517  0.009775646231  0.010162445030  0.009796929599  0.006874700917  0.010957661762  0.001610686221  0.000000000000  0.007553760085  0.000000000000  0.007553760085  
piranga_bidentata_itm141 0.007058256018  0.005387332317  0.001072794033  0.005410119667  0.006493016767  0.006464162517  0.001267193740  0.005389037140  0.003221005895  0.000000000000  0.002246459118  0.001101145295  0.000000000000  0.000000000000  0.004297386136  0.003585606241  0.001110058272  0.001071979540  0.000000000000  0.002145001688  0.006493016767  0.002241423842  0.006502190557  0.002283871032  0.009850983376  0.001610686221  0.000000000000  0.004297386136  0.007553760085  0.000000000000  

