30
cardinalis_cardinalis_ku21828 0.000000000000  0.000500256492  0.018238710047  0.015163755315  0.019265589580  0.016702957044  0.016706892279  0.017724032059  0.016696302741  0.014140313115  0.013631676774  0.020820279255  0.019786011100  0.018758168564  0.018758168564  0.018758168564  0.018242667835  0.014651765740  0.014657828901  0.016696302741  0.016183249130  0.015683449898  0.013634360332  0.014145826128  0.017724032059  0.013629396315  0.022370008911  0.023917594839  0.023917594839  0.024422155212  
cardinalis_cardinalis_ku25393 0.000500256492  0.000000000000  0.017724032059  0.014651765740  0.018750102229  0.016189349833  0.016193007820  0.017209896671  0.016183249130  0.013629396315  0.013121020900  0.020302870992  0.019269698416  0.018242667835  0.018242667835  0.018242667835  0.017727711441  0.014140313115  0.014145826128  0.016183249130  0.015670734701  0.015170369780  0.013123430389  0.013634360332  0.017209896671  0.013119014218  0.021851231395  0.023397724856  0.023397724856  0.023902582563  
piranga_leucoptera_fmnh481795 0.018238710047  0.017724032059  0.000000000000  0.003006880205  0.016696302741  0.014142867924  0.014145826128  0.015161054444  0.015668568522  0.013117410723  0.012099849665  0.019265589580  0.018235159186  0.017209896671  0.017209896671  0.017209896671  0.016696302741  0.013117410723  0.013121020900  0.015156867338  0.014645702499  0.014654595475  0.013631676774  0.014142867924  0.017720759302  0.013627519338  0.021328182389  0.022873559307  0.022873559307  0.024417692379  
piranga_leucoptera_lsu7783 0.015163755315  0.014651765740  0.003006880205  0.000000000000  0.013629396315  0.011086766942  0.011088887999  0.012101310511  0.012607835123  0.010068264022  0.009561830881  0.016699427071  0.015673306311  0.014651765740  0.014651765740  0.014651765740  0.014140313115  0.010575731625  0.010578227996  0.012607835123  0.012098791424  0.011595836735  0.010578227996  0.011086766942  0.014649340076  0.010575731625  0.018238710047  0.019777641899  0.019777641899  0.021316172720  
piranga_erythrocephala_fmnh343371 0.019265589580  0.018750102229  0.016696302741  0.013629396315  0.000000000000  0.002504237370  0.007538939419  0.008548990347  0.016691272546  0.014136415210  0.013627519338  0.020810787605  0.019777641899  0.018750102229  0.018750102229  0.018750102229  0.018235159186  0.014647318868  0.014651765740  0.016691272546  0.016178771342  0.015676282969  0.014651765740  0.015163755315  0.018746680287  0.014647318868  0.020290089411  0.021833272994  0.021833272994  0.023376182357  
piranga_erythrocephala_fmnh343370 0.016702957044  0.016189349833  0.014142867924  0.011086766942  0.002504237370  0.000000000000  0.005017470519  0.006024338448  0.014138162082  0.011592253765  0.011085046762  0.018242667835  0.017213298234  0.016189349833  0.016189349833  0.016189349833  0.015676282969  0.012101310511  0.012105438484  0.014138162082  0.013627519338  0.013126242304  0.012105438484  0.012615573301  0.016186096809  0.012101310511  0.017724032059  0.019261888658  0.019261888658  0.020799620164  
piranga_rubriceps_lsu265 0.016706892279  0.016193007820  0.014145826128  0.011088887999  0.007538939419  0.005017470519  0.000000000000  0.005016901650  0.013629396315  0.011593844476  0.011086766942  0.018247032166  0.017217105740  0.016193007820  0.016193007820  0.016193007820  0.015679664291  0.012103173578  0.012108104850  0.014140313115  0.013629396315  0.013129456264  0.012108104850  0.012618513178  0.016189349833  0.012103173578  0.018758168564  0.020298201817  0.020298201817  0.021837147093  
piranga_rubriceps_lsu34818 0.017724032059  0.017209896671  0.015161054444  0.012101310511  0.008548990347  0.006024338448  0.005016901650  0.000000000000  0.015156867338  0.012607835123  0.012099849665  0.018750102229  0.018235159186  0.017209896671  0.017209896671  0.017209896671  0.016696302741  0.013117410723  0.013121020900  0.015156867338  0.014645702499  0.014142867924  0.013121020900  0.013631676774  0.017206901433  0.013117410723  0.019777641899  0.021319765787  0.021319765787  0.022861480597  
piranga_lutea_ku89864 0.016696302741  0.016183249130  0.015668568522  0.012607835123  0.016691272546  0.014138162082  0.013629396315  0.015156867338  0.000000000000  0.007538939419  0.010069041066  0.017213298234  0.016186096809  0.015163755315  0.015163755315  0.015163755315  0.014651765740  0.011083727838  0.011086766942  0.013117410723  0.012607835123  0.012105438484  0.011086766942  0.011595836735  0.015161054444  0.010575731625  0.019786011100  0.021328182389  0.021328182389  0.021833272994  
piranga_hepatica_ku4970 0.014140313115  0.013629396315  0.013117410723  0.010068264022  0.014136415210  0.011592253765  0.011593844476  0.012607835123  0.007538939419  0.000000000000  0.007538310667  0.014654595475  0.013631676774  0.012613035177  0.012613035177  0.012613035177  0.012103173578  0.008549358604  0.008551293040  0.010575731625  0.010068264022  0.009565752544  0.008551293040  0.009058259009  0.012610899185  0.008549358604  0.017217105740  0.018753931783  0.018753931783  0.019258596034  
piranga_ludoviciana_sdsu2385 0.013631676774  0.013121020900  0.012099849665  0.009561830881  0.013627519338  0.011085046762  0.011086766942  0.012099849665  0.010069041066  0.007538310667  0.000000000000  0.008049934756  0.007037016744  0.006027610884  0.006027610884  0.006027610884  0.005522718587  0.002002713676  0.002003253611  0.006024561632  0.005520471382  0.007037016744  0.006026198227  0.006531345593  0.010071796809  0.006024561632  0.014661465638  0.016193007820  0.016193007820  0.016696302741  
piranga_ludoviciana_sdsu2648 0.020820279255  0.020302870992  0.019265589580  0.016699427071  0.020810787605  0.018242667835  0.018247032166  0.018750102229  0.017213298234  0.014654595475  0.008049934756  0.000000000000  0.005018348464  0.004011910476  0.004011910476  0.004011910476  0.005524259067  0.009062328672  0.009067991169  0.013126242304  0.012615573301  0.013133071893  0.013133071893  0.013644825814  0.017221318808  0.013126242304  0.021869000663  0.023415587011  0.023415587011  0.023917594839  
piranga_ludoviciana_sdsu2208 0.019786011100  0.019269698416  0.018235159186  0.015673306311  0.019777641899  0.017213298234  0.017217105740  0.018235159186  0.016186096809  0.013631676774  0.007037016744  0.005018348464  0.000000000000  0.001000696154  0.001000696154  0.001000696154  0.004515505744  0.008047843261  0.008052423510  0.012105438484  0.011595836735  0.013133071893  0.012111172296  0.012621854429  0.016193007820  0.012105438484  0.020831404687  0.022375805927  0.022375805927  0.022878408470  
piranga_bidentata_itm141 0.018758168564  0.018242667835  0.017209896671  0.014651765740  0.018750102229  0.016189349833  0.016193007820  0.017209896671  0.015163755315  0.012613035177  0.006027610884  0.004011910476  0.001000696154  0.000000000000  0.000000000000  0.000000000000  0.003509702995  0.007037016744  0.007041312232  0.011088887999  0.010580077250  0.012114640448  0.011094331226  0.011604219003  0.015170369780  0.011088887999  0.019801622715  0.021343877701  0.021343877701  0.021846126679  
piranga_bidentata_itm160 0.018758168564  0.018242667835  0.017209896671  0.014651765740  0.018750102229  0.016189349833  0.016193007820  0.017209896671  0.015163755315  0.012613035177  0.006027610884  0.004011910476  0.001000696154  0.000000000000  0.000000000000  0.000000000000  0.003509702995  0.007037016744  0.007041312232  0.011088887999  0.010580077250  0.012114640448  0.011094331226  0.011604219003  0.015170369780  0.011088887999  0.019801622715  0.021343877701  0.021343877701  0.021846126679  
piranga_bidentata_tepe59 0.018758168564  0.018242667835  0.017209896671  0.014651765740  0.018750102229  0.016189349833  0.016193007820  0.017209896671  0.015163755315  0.012613035177  0.006027610884  0.004011910476  0.001000696154  0.000000000000  0.000000000000  0.000000000000  0.003509702995  0.007037016744  0.007041312232  0.011088887999  0.010580077250  0.012114640448  0.011094331226  0.011604219003  0.015170369780  0.011088887999  0.019801622715  0.021343877701  0.021343877701  0.021846126679  
piranga_bidentata_hgoslp104 0.018242667835  0.017727711441  0.016696302741  0.014140313115  0.018235159186  0.015676282969  0.015679664291  0.016696302741  0.014651765740  0.012103173578  0.005522718587  0.005524259067  0.004515505744  0.003509702995  0.003509702995  0.003509702995  0.000000000000  0.006531345593  0.006535103306  0.010580077250  0.010071796809  0.011604219003  0.010584976002  0.011094331226  0.014657828901  0.010580077250  0.019284468586  0.020825637938  0.020825637938  0.021328182389  
piranga_ludoviciana_sdsu2650 0.014651765740  0.014140313115  0.013117410723  0.010575731625  0.014647318868  0.012101310511  0.012103173578  0.013117410723  0.011083727838  0.008549358604  0.002002713676  0.009062328672  0.008047843261  0.007037016744  0.007037016744  0.007037016744  0.006531345593  0.000000000000  0.003006880205  0.007033549586  0.006528682957  0.008047843261  0.007035463840  0.007541390848  0.011086766942  0.007033549586  0.015683449898  0.017217105740  0.017217105740  0.017720759302  
piranga_olivacea_ku4672 0.014657828901  0.014145826128  0.013121020900  0.010578227996  0.014651765740  0.012105438484  0.012108104850  0.013121020900  0.011086766942  0.008551293040  0.002003253611  0.009067991169  0.008052423510  0.007041312232  0.007041312232  0.007041312232  0.006535103306  0.003006880205  0.000000000000  0.007035463840  0.006530061147  0.008052423510  0.007038966333  0.007545431659  0.011091409553  0.007035463840  0.015692232454  0.017225937059  0.017225937059  0.017727711441  
piranga_roseogularis_ku2049 0.016696302741  0.016183249130  0.015156867338  0.012607835123  0.016691272546  0.014138162082  0.014140313115  0.015156867338  0.013117410723  0.010575731625  0.006024561632  0.013126242304  0.012105438484  0.011088887999  0.011088887999  0.011088887999  0.010580077250  0.007033549586  0.007035463840  0.000000000000  0.004514499437  0.010073774744  0.009058259009  0.009565752544  0.013121020900  0.009055785191  0.017731797066  0.019269698416  0.019269698416  0.019774070007  
piranga_roseogularis_ku2141 0.016183249130  0.015670734701  0.014645702499  0.012098791424  0.016178771342  0.013627519338  0.013629396315  0.014645702499  0.012607835123  0.010068264022  0.005520471382  0.012615573301  0.011595836735  0.010580077250  0.010580077250  0.010580077250  0.010071796809  0.006528682957  0.006530061147  0.004514499437  0.000000000000  0.009565752544  0.008551293040  0.009058259009  0.012610899185  0.008549358604  0.017217105740  0.018753931783  0.018753931783  0.019258596034  
piranga_olivacea_ku2699 0.015683449898  0.015170369780  0.014654595475  0.011595836735  0.015676282969  0.013126242304  0.013129456264  0.014142867924  0.012105438484  0.009565752544  0.007037016744  0.013133071893  0.013133071893  0.012114640448  0.012114640448  0.012114640448  0.011604219003  0.008047843261  0.008052423510  0.010073774744  0.009565752544  0.000000000000  0.008052423510  0.008559942980  0.012111172296  0.008047843261  0.016721125772  0.018256978946  0.018256978946  0.018758168564  
piranga_flava_ku90809 0.013634360332  0.013123430389  0.013631676774  0.010578227996  0.014651765740  0.012105438484  0.012108104850  0.013121020900  0.011086766942  0.008551293040  0.006026198227  0.013133071893  0.012111172296  0.011094331226  0.011094331226  0.011094331226  0.010584976002  0.007035463840  0.007038966333  0.009058259009  0.008551293040  0.008052423510  0.000000000000  0.000500256492  0.004011170429  0.004013044758  0.012634282680  0.013649117987  0.013649117987  0.014661465638  
piranga_flava_lsu15408 0.014145826128  0.013634360332  0.014142867924  0.011086766942  0.015163755315  0.012615573301  0.012618513178  0.013631676774  0.011595836735  0.009058259009  0.006531345593  0.013644825814  0.012621854429  0.011604219003  0.011604219003  0.011604219003  0.011094331226  0.007541390848  0.007545431659  0.009565752544  0.009058259009  0.008559942980  0.000500256492  0.000000000000  0.004514499437  0.004516906568  0.013146325051  0.014161685320  0.014161685320  0.015174282614  
piranga_lutea_lsu5400 0.017724032059  0.017209896671  0.017720759302  0.014649340076  0.018746680287  0.016186096809  0.016189349833  0.017206901433  0.015161054444  0.012610899185  0.010071796809  0.017221318808  0.016193007820  0.015170369780  0.015170369780  0.015170369780  0.014657828901  0.011086766942  0.011091409553  0.013121020900  0.012610899185  0.012111172296  0.004011170429  0.004514499437  0.000000000000  0.007541390848  0.016206407771  0.017225937059  0.017225937059  0.018242667835  
piranga_hepatica_ku9084 0.013629396315  0.013119014218  0.013627519338  0.010575731625  0.014647318868  0.012101310511  0.012103173578  0.013117410723  0.010575731625  0.008549358604  0.006024561632  0.013126242304  0.012105438484  0.011088887999  0.011088887999  0.011088887999  0.010580077250  0.007033549586  0.007035463840  0.009055785191  0.008549358604  0.008047843261  0.004013044758  0.004516906568  0.007541390848  0.000000000000  0.012625596678  0.014152951202  0.014152951202  0.014654595475  
piranga_rubra_ku7046 0.022370008911  0.021851231395  0.021328182389  0.018238710047  0.020290089411  0.017724032059  0.018758168564  0.019777641899  0.019786011100  0.017217105740  0.014661465638  0.021869000663  0.020831404687  0.019801622715  0.019801622715  0.019801622715  0.019284468586  0.015683449898  0.015692232454  0.017731797066  0.017217105740  0.016721125772  0.012634282680  0.013146325051  0.016206407771  0.012625596678  0.000000000000  0.001501515002  0.001501515002  0.006024561632  
piranga_rubra_sdsu2635 0.023917594839  0.023397724856  0.022873559307  0.019777641899  0.021833272994  0.019261888658  0.020298201817  0.021319765787  0.021328182389  0.018753931783  0.016193007820  0.023415587011  0.022375805927  0.021343877701  0.021343877701  0.021343877701  0.020825637938  0.017217105740  0.017225937059  0.019269698416  0.018753931783  0.018256978946  0.013649117987  0.014161685320  0.017225937059  0.014152951202  0.001501515002  0.000000000000  0.000000000000  0.007538310667  
piranga_rubra_sdsu2654 0.023917594839  0.023397724856  0.022873559307  0.019777641899  0.021833272994  0.019261888658  0.020298201817  0.021319765787  0.021328182389  0.018753931783  0.016193007820  0.023415587011  0.022375805927  0.021343877701  0.021343877701  0.021343877701  0.020825637938  0.017217105740  0.017225937059  0.019269698416  0.018753931783  0.018256978946  0.013649117987  0.014161685320  0.017225937059  0.014152951202  0.001501515002  0.000000000000  0.000000000000  0.007538310667  
piranga_rubra_ku26592 0.024422155212  0.023902582563  0.024417692379  0.021316172720  0.023376182357  0.020799620164  0.021837147093  0.022861480597  0.021833272994  0.019258596034  0.016696302741  0.023917594839  0.022878408470  0.021846126679  0.021846126679  0.021846126679  0.021328182389  0.017720759302  0.017727711441  0.019774070007  0.019258596034  0.018758168564  0.014661465638  0.015174282614  0.018242667835  0.014654595475  0.006024561632  0.007538310667  0.007538310667  0.000000000000  

