30
piranga_rubra_ku26592 0.000000000000  0.005555002625  0.000000000000  0.008358497661  0.008347931134  0.007365549028  0.004557866136  0.007365549028  0.002765220591  0.000000000000  0.001515590979  0.000000000000  0.005083003811  0.000000000000  0.001381580542  0.007447836916  0.007168533412  0.001582757833  0.000000000000  0.002771556930  0.005547298717  0.004153955745  0.008358497661  0.004461486009  0.008406413042  0.004708078814  0.000000000000  0.000000000000  0.001381580542  0.001464539152  
piranga_flava_ku90809 0.005555002625  0.000000000000  0.005555002625  0.011182978420  0.011171223958  0.007379137168  0.009168762859  0.007379137168  0.008351921861  0.005555002625  0.004564801438  0.000000000000  0.001692595706  0.000000000000  0.006954941182  0.000000000000  0.004296744529  0.004767940186  0.009048419199  0.008371225978  0.008351921861  0.001383491950  0.011182978420  0.007463663778  0.011249773936  0.007880324787  0.002231746001  0.005555002625  0.006954941182  0.007375583550  
piranga_ludoviciana_sdsu2385 0.000000000000  0.005555002625  0.000000000000  0.008358497661  0.008347931134  0.007365549028  0.004557866136  0.007365549028  0.002765220591  0.000000000000  0.001515590979  0.000000000000  0.005083003811  0.000000000000  0.001381580542  0.007447836916  0.007168533412  0.001582757833  0.000000000000  0.002771556930  0.005547298717  0.004153955745  0.008358497661  0.004461486009  0.008406413042  0.004708078814  0.000000000000  0.000000000000  0.001381580542  0.001464539152  
piranga_rubriceps_lsu265 0.008358497661  0.011182978420  0.008358497661  0.000000000000  0.008336332264  0.011075548953  0.010710619593  0.011075548953  0.011167366991  0.008358497661  0.006095462475  0.003783471141  0.010226062847  0.002029186264  0.009754287789  0.013095137157  0.012987670949  0.004766283188  0.009065767485  0.011197700483  0.005539616148  0.009755282865  0.000000000000  0.008957487992  0.009823738157  0.007875114326  0.002228122845  0.008358497661  0.009767899674  0.008864843334  
piranga_leucoptera_lsu7783 0.008347931134  0.011171223958  0.008347931134  0.008336332264  0.000000000000  0.012949772775  0.010710619593  0.012949772775  0.011155645416  0.008347931134  0.007633253670  0.005688066872  0.008496311817  0.004068225464  0.009741706138  0.011185858071  0.012976120645  0.006367142192  0.006768946584  0.011182978420  0.002763896606  0.009745619378  0.008336332264  0.008945351899  0.009813938191  0.007867924185  0.002228122845  0.008347931134  0.009755282865  0.008852957112  
cardinalis_cardinalis_ku25393 0.007365549028  0.007379137168  0.007365549028  0.011075548953  0.012949772775  0.000000000000  0.005891579092  0.000000000000  0.007365549028  0.007365549028  0.009226648317  0.003778796413  0.007085197485  0.004062820144  0.007352010840  0.008012463880  0.011574280460  0.009226648317  0.011345932461  0.011116591927  0.009209652867  0.007365549028  0.011075548953  0.008079703151  0.009278013134  0.002165400581  0.007606158383  0.007365549028  0.007365549028  0.007967050344  
piranga_olivacea_ku2699 0.004557866136  0.009168762859  0.004557866136  0.010710619593  0.010710619593  0.005891579092  0.000000000000  0.005891579092  0.007616238672  0.004557866136  0.004819887314  0.002016908193  0.008764392152  0.002029186264  0.006087623776  0.009606352986  0.012238295659  0.001675579214  0.004827786997  0.006096902824  0.007622974458  0.009154772791  0.010710619593  0.007801388244  0.007662929693  0.004930356852  0.002233098474  0.004557866136  0.006087623776  0.006143725637  
cardinalis_cardinalis_ku21828 0.007365549028  0.007379137168  0.007365549028  0.011075548953  0.012949772775  0.000000000000  0.005891579092  0.000000000000  0.007365549028  0.007365549028  0.009226648317  0.003778796413  0.007085197485  0.004062820144  0.007352010840  0.008012463880  0.011574280460  0.009226648317  0.011345932461  0.011116591927  0.009209652867  0.007365549028  0.011075548953  0.008079703151  0.009278013134  0.002165400581  0.007606158383  0.007365549028  0.007365549028  0.007967050344  
piranga_rubra_ku7046 0.002765220591  0.008351921861  0.002765220591  0.011167366991  0.011155645416  0.007365549028  0.007616238672  0.007365549028  0.000000000000  0.002765220591  0.003033660936  0.000000000000  0.008496311817  0.000000000000  0.004153955745  0.011206751844  0.010060871324  0.003168219541  0.004501780513  0.005555002625  0.008340311972  0.006939691724  0.011167366991  0.007452538870  0.011233975688  0.007867924185  0.002226776392  0.002765220591  0.001381062877  0.004403974166  
piranga_bidentata_hgoslp104 0.000000000000  0.005555002625  0.000000000000  0.008358497661  0.008347931134  0.007365549028  0.004557866136  0.007365549028  0.002765220591  0.000000000000  0.001515590979  0.000000000000  0.005083003811  0.000000000000  0.001381580542  0.007447836916  0.007168533412  0.001582757833  0.000000000000  0.002771556930  0.005547298717  0.004153955745  0.008358497661  0.004461486009  0.008406413042  0.004708078814  0.000000000000  0.000000000000  0.001381580542  0.001464539152  
piranga_ludoviciana_sdsu2648 0.001515590979  0.004564801438  0.001515590979  0.006095462475  0.007633253670  0.009226648317  0.004819887314  0.009226648317  0.003033660936  0.001515590979  0.000000000000  0.001887474617  0.005574118626  0.002029186264  0.003036671703  0.006145008945  0.007892764541  0.003171503735  0.000000000000  0.004570233908  0.004563282084  0.004557866136  0.006095462475  0.003280756038  0.007681532014  0.003482687129  0.002228122845  0.001515590979  0.001515590979  0.003238260059  
piranga_roseogularis_ku2049 0.000000000000  0.000000000000  0.000000000000  0.003783471141  0.005688066872  0.003778796413  0.002016908193  0.003778796413  0.000000000000  0.000000000000  0.001887474617  0.000000000000  0.000000000000  0.000000000000  0.000000000000  0.000000000000  0.001973132219  0.001887474617  0.000000000000  0.003783471141  0.001887474617  0.000000000000  0.003783471141  0.000000000000  0.005688066872  0.000000000000  0.000000000000  0.000000000000  0.000000000000  0.000000000000  
piranga_hepatica_ku4970 0.005083003811  0.001692595706  0.005083003811  0.010226062847  0.008496311817  0.007085197485  0.008764392152  0.007085197485  0.008496311817  0.005083003811  0.005574118626  0.000000000000  0.000000000000  0.000000000000  0.006790367669  0.001852508924  0.003382553613  0.003911835206  0.006957324725  0.006801914754  0.006785010335  0.000000000000  0.010226062847  0.005083003811  0.006843048762  0.006831361779  0.002226776392  0.005083003811  0.006790367669  0.006801914754  
piranga_hepatica_ku9084 0.000000000000  0.000000000000  0.000000000000  0.002029186264  0.004068225464  0.004062820144  0.002029186264  0.004062820144  0.000000000000  0.000000000000  0.002029186264  0.000000000000  0.000000000000  0.000000000000  0.000000000000  0.000000000000  0.002029186264  0.002029186264  0.000000000000  0.002029186264  0.000000000000  0.000000000000  0.002029186264  0.000000000000  0.000000000000  0.000000000000  0.000000000000  0.000000000000  0.000000000000  0.000000000000  
piranga_rubra_sdsu2654 0.001381580542  0.006954941182  0.001381580542  0.009754287789  0.009741706138  0.007352010840  0.006087623776  0.007352010840  0.004153955745  0.001381580542  0.003036671703  0.000000000000  0.006790367669  0.000000000000  0.000000000000  0.009312575261  0.008615775548  0.003171503735  0.002248159595  0.004164225274  0.006935645989  0.005547298717  0.009754287789  0.005950378747  0.009823738157  0.006288610966  0.002228122845  0.001381580542  0.002767721468  0.002934203814  
piranga_flava_lsu15408 0.007447836916  0.000000000000  0.007447836916  0.013095137157  0.011185858071  0.008012463880  0.009606352986  0.008012463880  0.011206751844  0.007447836916  0.006145008945  0.000000000000  0.001852508924  0.000000000000  0.009312575261  0.000000000000  0.005574118626  0.004335867097  0.009344359951  0.009347395859  0.009302509562  0.001852508924  0.013095137157  0.007433994819  0.009407528817  0.009389861246  0.002336014010  0.007447836916  0.009329953070  0.009347395859  
piranga_lutea_lsu5400 0.007168533412  0.004296744529  0.007168533412  0.012987670949  0.012976120645  0.011574280460  0.012238295659  0.011574280460  0.010060871324  0.007168533412  0.007892764541  0.001973132219  0.003382553613  0.002029186264  0.008615775548  0.005574118626  0.000000000000  0.008257760796  0.009038886307  0.010082524768  0.010060871324  0.002856043060  0.012987670949  0.008949930466  0.013070349820  0.009451826832  0.006704300549  0.007168533412  0.008615775548  0.008844385363  
piranga_olivacea_ku4672 0.001582757833  0.004767940186  0.001582757833  0.004766283188  0.006367142192  0.009226648317  0.001675579214  0.009226648317  0.003168219541  0.001582757833  0.003171503735  0.001887474617  0.003911835206  0.002029186264  0.003171503735  0.004335867097  0.008257760796  0.000000000000  0.000000000000  0.004773867804  0.003171503735  0.004760374399  0.004766283188  0.001715829381  0.006418225370  0.000000000000  0.000000000000  0.001582757833  0.001582757833  0.003392041220  
piranga_ludoviciana_sdsu2208 0.000000000000  0.009048419199  0.000000000000  0.009065767485  0.006768946584  0.011345932461  0.004827786997  0.011345932461  0.004501780513  0.000000000000  0.000000000000  0.000000000000  0.006957324725  0.000000000000  0.002248159595  0.009344359951  0.009038886307  0.000000000000  0.000000000000  0.002253225217  0.006768946584  0.006768946584  0.009065767485  0.006780911304  0.006846183588  0.006830595496  0.000000000000  0.000000000000  0.002248159595  0.002253225217  
piranga_bidentata_itm160 0.002771556930  0.008371225978  0.002771556930  0.011197700483  0.011182978420  0.011116591927  0.006096902824  0.011116591927  0.005555002625  0.002771556930  0.004570233908  0.003783471141  0.006801914754  0.002029186264  0.004164225274  0.009347395859  0.010082524768  0.004773867804  0.002253225217  0.000000000000  0.008359562328  0.006954941182  0.011197700483  0.005968135378  0.011261694928  0.006298513346  0.002233098474  0.002771556930  0.004164225274  0.001466687175  
piranga_leucoptera_fmnh481795 0.005547298717  0.008351921861  0.005547298717  0.005539616148  0.002763896606  0.009209652867  0.007622974458  0.009209652867  0.008340311972  0.005547298717  0.004563282084  0.001887474617  0.006785010335  0.000000000000  0.006935645989  0.009302509562  0.010060871324  0.003171503735  0.006768946584  0.008359562328  0.000000000000  0.006939691724  0.005539616148  0.005942908941  0.006988188339  0.004706064065  0.000000000000  0.005547298717  0.006945280184  0.005881737497  
piranga_lutea_ku89864 0.004153955745  0.001383491950  0.004153955745  0.009755282865  0.009745619378  0.007365549028  0.009154772791  0.007365549028  0.006939691724  0.004153955745  0.004557866136  0.000000000000  0.000000000000  0.000000000000  0.005547298717  0.001852508924  0.002856043060  0.004760374399  0.006768946584  0.006954941182  0.006939691724  0.000000000000  0.009755282865  0.005951751744  0.009813938191  0.006284018271  0.002226776392  0.004153955745  0.005547298717  0.005881737497  
piranga_rubriceps_lsu34818 0.008358497661  0.011182978420  0.008358497661  0.000000000000  0.008336332264  0.011075548953  0.010710619593  0.011075548953  0.011167366991  0.008358497661  0.006095462475  0.003783471141  0.010226062847  0.002029186264  0.009754287789  0.013095137157  0.012987670949  0.004766283188  0.009065767485  0.011197700483  0.005539616148  0.009755282865  0.000000000000  0.008957487992  0.009823738157  0.007875114326  0.002228122845  0.008358497661  0.009767899674  0.008864843334  
piranga_roseogularis_ku2141 0.004461486009  0.007463663778  0.004461486009  0.008957487992  0.008945351899  0.008079703151  0.007801388244  0.008079703151  0.007452538870  0.004461486009  0.003280756038  0.000000000000  0.005083003811  0.000000000000  0.005950378747  0.007433994819  0.008949930466  0.001715829381  0.006780911304  0.005968135378  0.005942908941  0.005951751744  0.008957487992  0.000000000000  0.005996363454  0.006288610966  0.000000000000  0.004461486009  0.005959243835  0.005968135378  
piranga_erythrocephala_fmnh343371 0.008406413042  0.011249773936  0.008406413042  0.009823738157  0.009813938191  0.009278013134  0.007662929693  0.009278013134  0.011233975688  0.008406413042  0.007681532014  0.005688066872  0.006843048762  0.000000000000  0.009823738157  0.009407528817  0.013070349820  0.006418225370  0.006846183588  0.011261694928  0.006988188339  0.009813938191  0.009823738157  0.005996363454  0.000000000000  0.000000000000  0.000000000000  0.008406413042  0.009823738157  0.005916537494  
piranga_erythrocephala_fmnh343370 0.004708078814  0.007880324787  0.004708078814  0.007875114326  0.007867924185  0.002165400581  0.004930356852  0.002165400581  0.007867924185  0.004708078814  0.003482687129  0.000000000000  0.006831361779  0.000000000000  0.006288610966  0.009389861246  0.009451826832  0.000000000000  0.006830595496  0.006298513346  0.004706064065  0.006284018271  0.007875114326  0.006288610966  0.000000000000  0.000000000000  0.000000000000  0.004708078814  0.006288610966  0.006288610966  
piranga_ludoviciana_sdsu2650 0.000000000000  0.002231746001  0.000000000000  0.002228122845  0.002228122845  0.007606158383  0.002233098474  0.007606158383  0.002226776392  0.000000000000  0.002228122845  0.000000000000  0.002226776392  0.000000000000  0.002228122845  0.002336014010  0.006704300549  0.000000000000  0.000000000000  0.002233098474  0.000000000000  0.002226776392  0.002228122845  0.000000000000  0.000000000000  0.000000000000  0.000000000000  0.000000000000  0.000000000000  0.002233098474  
piranga_bidentata_tepe59 0.000000000000  0.005555002625  0.000000000000  0.008358497661  0.008347931134  0.007365549028  0.004557866136  0.007365549028  0.002765220591  0.000000000000  0.001515590979  0.000000000000  0.005083003811  0.000000000000  0.001381580542  0.007447836916  0.007168533412  0.001582757833  0.000000000000  0.002771556930  0.005547298717  0.004153955745  0.008358497661  0.004461486009  0.008406413042  0.004708078814  0.000000000000  0.000000000000  0.001381580542  0.001464539152  
piranga_rubra_sdsu2635 0.001381580542  0.006954941182  0.001381580542  0.009767899674  0.009755282865  0.007365549028  0.006087623776  0.007365549028  0.001381062877  0.001381580542  0.001515590979  0.000000000000  0.006790367669  0.000000000000  0.002767721468  0.009329953070  0.008615775548  0.001582757833  0.002248159595  0.004164225274  0.006945280184  0.005547298717  0.009767899674  0.005959243835  0.009823738157  0.006288610966  0.000000000000  0.001381580542  0.000000000000  0.002934203814  
piranga_bidentata_itm141 0.001464539152  0.007375583550  0.001464539152  0.008864843334  0.008852957112  0.007967050344  0.006143725637  0.007967050344  0.004403974166  0.001464539152  0.003238260059  0.000000000000  0.006801914754  0.000000000000  0.002934203814  0.009347395859  0.008844385363  0.003392041220  0.002253225217  0.001466687175  0.005881737497  0.005881737497  0.008864843334  0.005968135378  0.005916537494  0.006288610966  0.002233098474  0.001464539152  0.002934203814  0.000000000000  

