30
cardinalis_cardinalis_ku21828 0.000000000000  0.004010812384  0.015173916626  0.018242198948  0.021337546504  0.021337546504  0.024437146897  0.019273666254  0.019790216794  0.019785453448  0.013640639855  0.014665146296  0.013640639855  0.014665146296  0.014152624821  0.015687238878  0.014152624821  0.015178205407  0.015173916626  0.014152624821  0.014152624821  0.014152624821  0.017740663168  0.015691803283  0.016201100448  0.015178205407  0.015173916626  0.014661132561  0.020312762667  0.015173916626  
cardinalis_cardinalis_ku25393 0.004010812384  0.000000000000  0.015170029811  0.018238270243  0.021332350670  0.021332350670  0.024431487072  0.019269181709  0.019785453448  0.019781096654  0.013637174485  0.014661132561  0.013637174485  0.014661132561  0.014148885555  0.015683076736  0.014148885555  0.015173916626  0.015170029811  0.014148885555  0.014148885555  0.014148885555  0.017735797740  0.015687238878  0.016196662399  0.015173916626  0.015170029811  0.014657520497  0.020307313460  0.015170029811  
piranga_roseogularis_ku2049 0.015173916626  0.015170029811  0.000000000000  0.003006061827  0.011088723525  0.011088723525  0.014142611535  0.009058158084  0.009565633628  0.009563940572  0.003508819058  0.004515473627  0.003508819058  0.004515473627  0.004011887354  0.005522673592  0.004011887354  0.005019578942  0.005018314242  0.004011887354  0.004011887354  0.004011887354  0.007543122911  0.005524204372  0.006027553581  0.005019578942  0.005018314242  0.004514474458  0.010075997275  0.005018314242  
piranga_roseogularis_ku2141 0.018242198948  0.018238270243  0.003006061827  0.000000000000  0.014140077543  0.014140077543  0.017206557018  0.012101152496  0.012610718969  0.012609002324  0.006529131810  0.007539900012  0.006529131810  0.007539900012  0.007034254802  0.008551208543  0.007034254802  0.008046068521  0.008044783916  0.007034254802  0.007034254802  0.007034254802  0.010579934178  0.008552761412  0.009058158084  0.008046068521  0.008044783916  0.007538883116  0.013123206975  0.008044783916  
piranga_erythrocephala_fmnh343371 0.021337546504  0.021332350670  0.011088723525  0.014140077543  0.000000000000  0.000000000000  0.012102998803  0.007034254802  0.007539900012  0.007538883116  0.007541313403  0.008554711344  0.007541313403  0.008554711344  0.008047749904  0.009567724696  0.008047749904  0.009062198811  0.009059979773  0.008047749904  0.008047749904  0.008047749904  0.011600817740  0.009570213399  0.010075997275  0.009062198811  0.009059979773  0.008552761412  0.014148885555  0.009059979773  
piranga_erythrocephala_fmnh343370 0.021337546504  0.021332350670  0.011088723525  0.014140077543  0.000000000000  0.000000000000  0.012102998803  0.007034254802  0.007539900012  0.007538883116  0.007541313403  0.008554711344  0.007541313403  0.008554711344  0.008047749904  0.009567724696  0.008047749904  0.009062198811  0.009059979773  0.008047749904  0.008047749904  0.008047749904  0.011600817740  0.009570213399  0.010075997275  0.009062198811  0.009059979773  0.008552761412  0.014148885555  0.009059979773  
piranga_leucoptera_fmnh481795 0.024437146897  0.024431487072  0.014142611535  0.017206557018  0.012102998803  0.012102998803  0.000000000000  0.005018314242  0.005522673592  0.005521537047  0.010579934178  0.011598042703  0.010579934178  0.011598042703  0.011088723525  0.012615355674  0.011088723525  0.012107892814  0.012105245703  0.011088723525  0.011088723525  0.011088723525  0.014657520497  0.012618274969  0.013125998230  0.012107892814  0.012105245703  0.011595667208  0.017216682239  0.012105245703  
piranga_rubriceps_lsu265 0.019273666254  0.019269181709  0.009058158084  0.012101152496  0.007034254802  0.007034254802  0.005018314242  0.000000000000  0.000500255749  0.000500189164  0.005521537047  0.006531285494  0.005521537047  0.006531285494  0.006026150688  0.007541313403  0.006026150688  0.007036942541  0.007035400755  0.006026150688  0.006026150688  0.006026150688  0.009567724696  0.007543122911  0.008047749904  0.007036942541  0.007035400755  0.006530010876  0.012107892814  0.007035400755  
piranga_leucoptera_lsu7783 0.019790216794  0.019785453448  0.009565633628  0.012610718969  0.007539900012  0.007539900012  0.005522673592  0.000500255749  0.000000000000  0.001000695082  0.006026150688  0.007036942541  0.006026150688  0.007036942541  0.006531285494  0.008047749904  0.006531285494  0.007543122911  0.007541313403  0.006531285494  0.006531285494  0.006531285494  0.010075997275  0.008049827689  0.008554711344  0.007543122911  0.007541313403  0.007035400755  0.012618274969  0.007541313403  
piranga_rubriceps_lsu34818 0.019785453448  0.019781096654  0.009563940572  0.012609002324  0.007538883116  0.007538883116  0.005521537047  0.000500189164  0.001000695082  0.000000000000  0.006025142688  0.007035400755  0.006025142688  0.007035400755  0.006530010876  0.008046068521  0.006530010876  0.007541313403  0.007539900012  0.006530010876  0.006530010876  0.006530010876  0.010073636268  0.008047749904  0.008552761412  0.007541313403  0.007539900012  0.007034254802  0.012615355674  0.007539900012  
piranga_olivacea_ku2699 0.013640639855  0.013637174485  0.003508819058  0.006529131810  0.007541313403  0.007541313403  0.010579934178  0.005521537047  0.006026150688  0.006025142688  0.000000000000  0.001001023696  0.000000000000  0.001001023696  0.000500255749  0.002003246098  0.000500255749  0.001502304889  0.001501713710  0.000500255749  0.000500255749  0.000500255749  0.004013014558  0.002004100382  0.002505293303  0.001502304889  0.001501713710  0.001000695082  0.006532955286  0.001501713710  
piranga_bidentata_hgoslp104 0.014665146296  0.014661132561  0.004515473627  0.007539900012  0.008554711344  0.008554711344  0.011598042703  0.006531285494  0.007036942541  0.007035400755  0.001001023696  0.000000000000  0.001001023696  0.002004100382  0.001502304889  0.003007856382  0.001502304889  0.002506411232  0.002505293303  0.001502304889  0.001502304889  0.001502304889  0.005021237223  0.003009238498  0.003510936395  0.002506411232  0.002505293303  0.002003246098  0.007545328159  0.002505293303  
piranga_olivacea_ku4672 0.013640639855  0.013637174485  0.003508819058  0.006529131810  0.007541313403  0.007541313403  0.010579934178  0.005521537047  0.006026150688  0.006025142688  0.000000000000  0.001001023696  0.000000000000  0.001001023696  0.000500255749  0.002003246098  0.000500255749  0.001502304889  0.001501713710  0.000500255749  0.000500255749  0.000500255749  0.004013014558  0.002004100382  0.002505293303  0.001502304889  0.001501713710  0.001000695082  0.006532955286  0.001501713710  
piranga_hepatica_ku9084 0.014665146296  0.014661132561  0.004515473627  0.007539900012  0.008554711344  0.008554711344  0.011598042703  0.006531285494  0.007036942541  0.007035400755  0.001001023696  0.002004100382  0.001001023696  0.000000000000  0.000500255749  0.003007856382  0.001502304889  0.002506411232  0.002505293303  0.001502304889  0.001502304889  0.001502304889  0.005021237223  0.003009238498  0.003510936395  0.002506411232  0.002505293303  0.002003246098  0.007545328159  0.002505293303  
piranga_lutea_lsu5400 0.014152624821  0.014148885555  0.004011887354  0.007034254802  0.008047749904  0.008047749904  0.011088723525  0.006026150688  0.006531285494  0.006530010876  0.000500255749  0.001502304889  0.000500255749  0.000500255749  0.000000000000  0.002505293303  0.001001023696  0.002004100382  0.002003246098  0.001001023696  0.001001023696  0.001001023696  0.004516866095  0.002506411232  0.003007856382  0.002004100382  0.002003246098  0.001501713710  0.007038879784  0.002003246098  
piranga_ludoviciana_sdsu2648 0.015687238878  0.015683076736  0.005522673592  0.008551208543  0.009567724696  0.009567724696  0.012615355674  0.007541313403  0.008047749904  0.008046068521  0.002003246098  0.003007856382  0.002003246098  0.003007856382  0.002505293303  0.000000000000  0.001501713710  0.002505293303  0.002504566813  0.001501713710  0.001501713710  0.001501713710  0.006029350991  0.004014534409  0.004516866095  0.003510936395  0.003509681543  0.003006865982  0.008557057961  0.003509681543  
piranga_ludoviciana_sdsu2208 0.014152624821  0.014148885555  0.004011887354  0.007034254802  0.008047749904  0.008047749904  0.011088723525  0.006026150688  0.006531285494  0.006530010876  0.000500255749  0.001502304889  0.000500255749  0.001502304889  0.001001023696  0.001501713710  0.000000000000  0.001001023696  0.001000695082  0.000000000000  0.000000000000  0.000000000000  0.004516866095  0.002506411232  0.003007856382  0.002004100382  0.002003246098  0.001501713710  0.007038879784  0.002003246098  
piranga_bidentata_tepe59 0.015178205407  0.015173916626  0.005019578942  0.008046068521  0.009062198811  0.009062198811  0.012107892814  0.007036942541  0.007543122911  0.007541313403  0.001502304889  0.002506411232  0.001502304889  0.002506411232  0.002004100382  0.002505293303  0.001001023696  0.000000000000  0.002003246098  0.001001023696  0.001001023696  0.001001023696  0.005526129013  0.003512583243  0.004014534409  0.003009238498  0.003007856382  0.002505293303  0.008052301498  0.003007856382  
piranga_ludoviciana_sdsu2650 0.015173916626  0.015170029811  0.005018314242  0.008044783916  0.009059979773  0.009059979773  0.012105245703  0.007035400755  0.007541313403  0.007539900012  0.001501713710  0.002505293303  0.001501713710  0.002505293303  0.002003246098  0.002504566813  0.001000695082  0.002003246098  0.000000000000  0.001000695082  0.001000695082  0.001000695082  0.005524204372  0.003510936395  0.004013014558  0.003007856382  0.003006865982  0.002504566813  0.008049827689  0.003006865982  
piranga_ludoviciana_sdsu2385 0.014152624821  0.014148885555  0.004011887354  0.007034254802  0.008047749904  0.008047749904  0.011088723525  0.006026150688  0.006531285494  0.006530010876  0.000500255749  0.001502304889  0.000500255749  0.001502304889  0.001001023696  0.001501713710  0.000000000000  0.001001023696  0.001000695082  0.000000000000  0.000000000000  0.000000000000  0.004516866095  0.002506411232  0.003007856382  0.002004100382  0.002003246098  0.001501713710  0.007038879784  0.002003246098  
piranga_bidentata_itm141 0.014152624821  0.014148885555  0.004011887354  0.007034254802  0.008047749904  0.008047749904  0.011088723525  0.006026150688  0.006531285494  0.006530010876  0.000500255749  0.001502304889  0.000500255749  0.001502304889  0.001001023696  0.001501713710  0.000000000000  0.001001023696  0.001000695082  0.000000000000  0.000000000000  0.000000000000  0.004516866095  0.002506411232  0.003007856382  0.002004100382  0.002003246098  0.001501713710  0.007038879784  0.002003246098  
piranga_bidentata_itm160 0.014152624821  0.014148885555  0.004011887354  0.007034254802  0.008047749904  0.008047749904  0.011088723525  0.006026150688  0.006531285494  0.006530010876  0.000500255749  0.001502304889  0.000500255749  0.001502304889  0.001001023696  0.001501713710  0.000000000000  0.001001023696  0.001000695082  0.000000000000  0.000000000000  0.000000000000  0.004516866095  0.002506411232  0.003007856382  0.002004100382  0.002003246098  0.001501713710  0.007038879784  0.002003246098  
piranga_flava_ku90809 0.017740663168  0.017735797740  0.007543122911  0.010579934178  0.011600817740  0.011600817740  0.014657520497  0.009567724696  0.010075997275  0.010073636268  0.004013014558  0.005021237223  0.004013014558  0.005021237223  0.004516866095  0.006029350991  0.004516866095  0.005526129013  0.005524204372  0.004516866095  0.004516866095  0.004516866095  0.000000000000  0.003006865982  0.003508819058  0.002504566813  0.005524204372  0.005019578942  0.010587828324  0.005524204372  
piranga_flava_lsu15408 0.015691803283  0.015687238878  0.005524204372  0.008552761412  0.009570213399  0.009570213399  0.012618274969  0.007543122911  0.008049827689  0.008047749904  0.002004100382  0.003009238498  0.002004100382  0.003009238498  0.002506411232  0.004014534409  0.002506411232  0.003512583243  0.003510936395  0.002506411232  0.002506411232  0.002506411232  0.003006865982  0.000000000000  0.001501713710  0.000500255749  0.003510936395  0.003007856382  0.008559800889  0.003510936395  
piranga_lutea_ku89864 0.016201100448  0.016196662399  0.006027553581  0.009058158084  0.010075997275  0.010075997275  0.013125998230  0.008047749904  0.008554711344  0.008552761412  0.002505293303  0.003510936395  0.002505293303  0.003510936395  0.003007856382  0.004516866095  0.003007856382  0.004014534409  0.004013014558  0.003007856382  0.003007856382  0.003007856382  0.003508819058  0.001501713710  0.000000000000  0.001000695082  0.004013014558  0.003509681543  0.009064814820  0.004013014558  
piranga_hepatica_ku4970 0.015178205407  0.015173916626  0.005019578942  0.008046068521  0.009062198811  0.009062198811  0.012107892814  0.007036942541  0.007543122911  0.007541313403  0.001502304889  0.002506411232  0.001502304889  0.002506411232  0.002004100382  0.003510936395  0.002004100382  0.003009238498  0.003007856382  0.002004100382  0.002004100382  0.002004100382  0.002504566813  0.000500255749  0.001000695082  0.000000000000  0.003007856382  0.002505293303  0.008052301498  0.003007856382  
piranga_rubra_ku7046 0.015173916626  0.015170029811  0.005018314242  0.008044783916  0.009059979773  0.009059979773  0.012105245703  0.007035400755  0.007541313403  0.007539900012  0.001501713710  0.002505293303  0.001501713710  0.002505293303  0.002003246098  0.003509681543  0.002003246098  0.003007856382  0.003006865982  0.002003246098  0.002003246098  0.002003246098  0.005524204372  0.003510936395  0.004013014558  0.003007856382  0.000000000000  0.000500255749  0.006029350991  0.001001023696  
piranga_rubra_sdsu2635 0.014661132561  0.014657520497  0.004514474458  0.007538883116  0.008552761412  0.008552761412  0.011595667208  0.006530010876  0.007035400755  0.007034254802  0.001000695082  0.002003246098  0.001000695082  0.002003246098  0.001501713710  0.003006865982  0.001501713710  0.002505293303  0.002504566813  0.001501713710  0.001501713710  0.001501713710  0.005019578942  0.003007856382  0.003509681543  0.002505293303  0.000500255749  0.000000000000  0.005524204372  0.000500255749  
piranga_rubra_sdsu2654 0.020312762667  0.020307313460  0.010075997275  0.013123206975  0.014148885555  0.014148885555  0.017216682239  0.012107892814  0.012618274969  0.012615355674  0.006532955286  0.007545328159  0.006532955286  0.007545328159  0.007038879784  0.008557057961  0.007038879784  0.008052301498  0.008049827689  0.007038879784  0.007038879784  0.007038879784  0.010587828324  0.008559800889  0.009064814820  0.008052301498  0.006029350991  0.005524204372  0.000000000000  0.006029350991  
piranga_rubra_ku26592 0.015173916626  0.015170029811  0.005018314242  0.008044783916  0.009059979773  0.009059979773  0.012105245703  0.007035400755  0.007541313403  0.007539900012  0.001501713710  0.002505293303  0.001501713710  0.002505293303  0.002003246098  0.003509681543  0.002003246098  0.003007856382  0.003006865982  0.002003246098  0.002003246098  0.002003246098  0.005524204372  0.003510936395  0.004013014558  0.003007856382  0.001001023696  0.000500255749  0.006029350991  0.000000000000  

