30
piranga_rubra_ku26592 0.000000000000  0.006202892148  0.004426148101  0.004422233380  0.005307643015  0.010680384040  0.002648323151  0.012477313074  0.001766999575  0.002653007177  0.004687573644  0.003974064427  0.003540695110  0.002260239935  0.003533685214  0.005794614129  0.003535046765  0.003534437897  0.003216152377  0.004430069759  0.007095768318  0.005311715989  0.006220064604  0.006425615923  0.009015510173  0.007342240492  0.004207334686  0.005311715989  0.001763882791  0.004430069759  
piranga_flava_ku90809 0.006202892148  0.000000000000  0.005108213542  0.007670282671  0.008530957613  0.014590495500  0.003393506147  0.015650141359  0.005201806237  0.004256584428  0.006354939150  0.005973454569  0.002549302695  0.004531447405  0.009389029038  0.002858407497  0.004249919712  0.004249349293  0.005372597098  0.005112566265  0.010255232499  0.002584441578  0.007690549545  0.008903134051  0.011363735494  0.011292181992  0.006325269701  0.005959950065  0.005103868224  0.005112566265  
piranga_ludoviciana_sdsu2385 0.004426148101  0.005108213542  0.000000000000  0.005965028888  0.006818195379  0.012852496309  0.001696551076  0.013887424287  0.003461624459  0.002551470858  0.002712987127  0.004972691915  0.002549302695  0.002260239935  0.007668747907  0.003825824030  0.002545531695  0.002547138215  0.002141644283  0.000000000000  0.008544926028  0.004322826607  0.007703715564  0.008903134051  0.009614274470  0.010264885509  0.001048293447  0.002547138215  0.003399273901  0.000000000000  
piranga_rubriceps_lsu265 0.004422233380  0.007670282671  0.005965028888  0.000000000000  0.000846610127  0.011985910805  0.004245740941  0.013008548909  0.004330906632  0.005112566265  0.006354939150  0.004972691915  0.005112566265  0.004531447405  0.007668747907  0.006702483177  0.004249919712  0.005103868224  0.004293132847  0.005970116373  0.002542820261  0.006052712707  0.001698539566  0.008903134051  0.006084889906  0.006125927112  0.006325269701  0.006817600544  0.004249349293  0.005970116373  
piranga_leucoptera_lsu7783 0.005307643015  0.008530957613  0.006818195379  0.000846610127  0.000000000000  0.012848607159  0.005100107841  0.013882676268  0.005199004720  0.005965616550  0.007263946373  0.005969758569  0.005965616550  0.004531447405  0.008524643205  0.007669864572  0.005101749276  0.005955465558  0.005367738665  0.006824011407  0.003394067535  0.006924424360  0.002551484361  0.009795873919  0.006962303745  0.006125927112  0.006325269701  0.007670884683  0.005100107841  0.006824011407  
cardinalis_cardinalis_ku25393 0.010680384040  0.014590495500  0.012852496309  0.011985910805  0.012848607159  0.000000000000  0.011120926762  0.002580010102  0.010445038141  0.012006469853  0.012773309224  0.007983694065  0.011985910805  0.009105699913  0.015446832630  0.012546905211  0.011982763649  0.011985910805  0.009713040196  0.012874559907  0.013720689216  0.013065204398  0.013763251759  0.013409214914  0.014917899875  0.014413112886  0.011646555972  0.013720689216  0.011120926762  0.012874559907  
piranga_olivacea_ku2699 0.002648323151  0.003393506147  0.001696551076  0.004245740941  0.005100107841  0.011120926762  0.000000000000  0.012131320696  0.001727888453  0.000848225744  0.002712987127  0.003974064427  0.000848225744  0.001128755650  0.005954766231  0.002861133598  0.000847327484  0.000846789207  0.001069597240  0.001697991442  0.006811795429  0.002584441578  0.005970705033  0.007109024770  0.007837898377  0.008185591394  0.003151950167  0.002544977406  0.001695113151  0.001697991442  
cardinalis_cardinalis_ku21828 0.012477313074  0.015650141359  0.013887424287  0.013008548909  0.013882676268  0.002580010102  0.012131320696  0.000000000000  0.012202092553  0.013031152037  0.012943531359  0.008990928619  0.013008548909  0.010255381237  0.016516223049  0.014497947324  0.013004564072  0.013008548909  0.010803945556  0.013911574979  0.014767953026  0.013984533711  0.014813897970  0.012668502550  0.016005553535  0.014447437609  0.012717937106  0.014767953026  0.012131320696  0.013911574979  
piranga_rubra_ku7046 0.001766999575  0.005201806237  0.003461624459  0.004330906632  0.005199004720  0.010445038141  0.001727888453  0.012202092553  0.000000000000  0.002598447230  0.004618970930  0.002977563013  0.002593953720  0.002262797172  0.005196742419  0.003829486782  0.002593392074  0.002593953720  0.002143940065  0.003467626291  0.006948481895  0.004361127037  0.006091908745  0.006334471071  0.007999915809  0.008272652711  0.004211764792  0.004330906632  0.000863422727  0.003467626291  
piranga_bidentata_hgoslp104 0.002653007177  0.004256584428  0.002551470858  0.005112566265  0.005965616550  0.012006469853  0.000848225744  0.013031152037  0.002598447230  0.000000000000  0.003627389014  0.003981976782  0.001700879524  0.001131309595  0.006822589779  0.001912298044  0.001698539566  0.001697991442  0.001071890223  0.002549302695  0.007689944461  0.003458048433  0.006847375083  0.008019486295  0.008739726381  0.009237757628  0.003158587332  0.003402165136  0.002549302695  0.002549302695  
piranga_ludoviciana_sdsu2648 0.004687573644  0.006354939150  0.002712987127  0.006354939150  0.007263946373  0.012773309224  0.002712987127  0.012943531359  0.004618970930  0.003627389014  0.000000000000  0.005973454569  0.003624102490  0.003394466080  0.008174302796  0.005141434016  0.003618185044  0.003620821916  0.001069597240  0.002717902898  0.009105121235  0.005496629427  0.007296394683  0.010026155285  0.010938327830  0.011303786577  0.004207334686  0.001806909732  0.004530420929  0.002717902898  
piranga_roseogularis_ku2049 0.003974064427  0.005973454569  0.004972691915  0.004972691915  0.005969758569  0.007983694065  0.003974064427  0.008990928619  0.002977563013  0.003981976782  0.005973454569  0.000000000000  0.004972691915  0.005672211228  0.006968451935  0.007276033141  0.003974064427  0.004972691915  0.005373507437  0.004982602776  0.006976361539  0.006976361539  0.005997338082  0.001986369496  0.008981955482  0.008908288222  0.006568556774  0.005973454569  0.002977563013  0.004982602776  
piranga_hepatica_ku4970 0.003540695110  0.002549302695  0.002549302695  0.005112566265  0.005965616550  0.011985910805  0.000848225744  0.013008548909  0.002593953720  0.001700879524  0.003624102490  0.004972691915  0.000000000000  0.002262797172  0.006816776201  0.001911165128  0.001697098271  0.001697991442  0.002143940065  0.002553642712  0.007689944461  0.001725830708  0.005126252519  0.008012346694  0.008739726381  0.009237757628  0.004211764792  0.003402165136  0.002549302695  0.002553642712  
piranga_hepatica_ku9084 0.002260239935  0.004531447405  0.002260239935  0.004531447405  0.004531447405  0.009105699913  0.001128755650  0.010255381237  0.002262797172  0.001131309595  0.003394466080  0.005672211228  0.002262797172  0.000000000000  0.003391612499  0.003446156808  0.001128755650  0.002260239935  0.002260239935  0.002265360202  0.005671197330  0.003394466080  0.005671197330  0.007960100101  0.007951058295  0.008033181676  0.003394466080  0.002260239935  0.002260239935  0.002265360202  
piranga_rubra_sdsu2654 0.003533685214  0.009389029038  0.007668747907  0.007668747907  0.008524643205  0.015446832630  0.005954766231  0.016516223049  0.005196742419  0.006822589779  0.008174302796  0.006968451935  0.006816776201  0.003391612499  0.000000000000  0.008637155930  0.006808974232  0.006810972522  0.006444233297  0.007681839250  0.010251546403  0.007798876162  0.009416979531  0.010689914010  0.011368400812  0.009221233283  0.006315356034  0.008528098148  0.004247038042  0.007681839250  
piranga_flava_lsu15408 0.005794614129  0.002858407497  0.003825824030  0.006702483177  0.007669864572  0.012546905211  0.002861133598  0.014497947324  0.003829486782  0.001912298044  0.005141434016  0.007276033141  0.001911165128  0.003446156808  0.008637155930  0.000000000000  0.002866601430  0.003822168277  0.004378639796  0.002871384877  0.008635045148  0.001920340354  0.006723891251  0.009063364366  0.009842839463  0.009323584903  0.004573909147  0.004782437694  0.003822168277  0.002871384877  
piranga_lutea_lsu5400 0.003535046765  0.004249919712  0.002545531695  0.004249919712  0.005101749276  0.011982763649  0.000847327484  0.013004564072  0.002593392074  0.001698539566  0.003618185044  0.003974064427  0.001697098271  0.001128755650  0.006808974232  0.002866601430  0.000000000000  0.001695659420  0.001069597240  0.002549858868  0.006818195379  0.003452660565  0.005977463010  0.007999915809  0.008726226491  0.009221233283  0.003151950167  0.003396949915  0.002545531695  0.002549858868  
piranga_olivacea_ku4672 0.003534437897  0.004249349293  0.002547138215  0.005103868224  0.005955465558  0.011985910805  0.000846789207  0.013008548909  0.002593953720  0.001697991442  0.003620821916  0.004972691915  0.001697991442  0.002260239935  0.006810972522  0.003822168277  0.001695659420  0.000000000000  0.002141644283  0.002549302695  0.007676825420  0.003452079676  0.006835673281  0.008005219795  0.008724476048  0.009218832300  0.004207334686  0.003396387575  0.002544977406  0.002549302695  
piranga_ludoviciana_sdsu2208 0.003216152377  0.005372597098  0.002141644283  0.004293132847  0.005367738665  0.009713040196  0.001069597240  0.010803945556  0.002143940065  0.001071890223  0.001069597240  0.005373507437  0.002143940065  0.002260239935  0.006444233297  0.004378639796  0.001069597240  0.002141644283  0.000000000000  0.002146240775  0.006454556611  0.004293132847  0.005372597098  0.007539959351  0.008617664004  0.007987349329  0.003356487637  0.000000000000  0.002141644283  0.002146240775  
piranga_bidentata_itm160 0.004430069759  0.005112566265  0.000000000000  0.005970116373  0.006824011407  0.012874559907  0.001697991442  0.013911574979  0.003467626291  0.002549302695  0.002717902898  0.004982602776  0.002553642712  0.002265360202  0.007681839250  0.002871384877  0.002549858868  0.002549302695  0.002146240775  0.000000000000  0.008552234051  0.004326567234  0.007710315493  0.008919015952  0.009622685224  0.010275433532  0.001050495904  0.002549302695  0.003402165136  0.000000000000  
piranga_leucoptera_fmnh481795 0.007095768318  0.010255232499  0.008544926028  0.002542820261  0.003394067535  0.013720689216  0.006811795429  0.014767953026  0.006948481895  0.007689944461  0.009105121235  0.006976361539  0.007689944461  0.005671197330  0.010251546403  0.008635045148  0.006818195379  0.007676825420  0.006454556611  0.008552234051  0.000000000000  0.008670886114  0.004257156785  0.011607258490  0.008716870822  0.008185591394  0.008452831749  0.009400021557  0.006817600544  0.008552234051  
piranga_lutea_ku89864 0.005311715989  0.002584441578  0.004322826607  0.006052712707  0.006924424360  0.013065204398  0.002584441578  0.013984533711  0.004361127037  0.003458048433  0.005496629427  0.006976361539  0.001725830708  0.003394466080  0.007798876162  0.001920340354  0.003452660565  0.003452079676  0.004293132847  0.004326567234  0.008670886114  0.000000000000  0.006069062736  0.008991191397  0.010581437547  0.010254359120  0.005265104262  0.005187714199  0.004319092443  0.004326567234  
piranga_rubriceps_lsu34818 0.006220064604  0.007690549545  0.007703715564  0.001698539566  0.002551484361  0.013763251759  0.005970705033  0.014813897970  0.006091908745  0.006847375083  0.007296394683  0.005997338082  0.005126252519  0.005671197330  0.009416979531  0.006723891251  0.005977463010  0.006835673281  0.005372597098  0.007710315493  0.004257156785  0.006069062736  0.000000000000  0.009837843818  0.006984883282  0.007154626333  0.007387841879  0.008560168971  0.005975802205  0.007710315493  
piranga_roseogularis_ku2141 0.006425615923  0.008903134051  0.008903134051  0.008903134051  0.009795873919  0.013409214914  0.007109024770  0.012668502550  0.006334471071  0.008019486295  0.010026155285  0.001986369496  0.008012346694  0.007960100101  0.010689914010  0.009063364366  0.007999915809  0.008005219795  0.007539959351  0.008919015952  0.011607258490  0.008991191397  0.009837843818  0.000000000000  0.013408596625  0.013390986114  0.009521175021  0.009802774148  0.007109024770  0.008919015952  
piranga_erythrocephala_fmnh343371 0.009015510173  0.011363735494  0.009614274470  0.006084889906  0.006962303745  0.014917899875  0.007837898377  0.016005553535  0.007999915809  0.008739726381  0.010938327830  0.008981955482  0.008739726381  0.007951058295  0.011368400812  0.009842839463  0.008726226491  0.008724476048  0.008617664004  0.009622685224  0.008716870822  0.010581437547  0.006984883282  0.013408596625  0.000000000000  0.000000000000  0.012724644639  0.010488943656  0.007844730330  0.009622685224  
piranga_erythrocephala_fmnh343370 0.007342240492  0.011292181992  0.010264885509  0.006125927112  0.006125927112  0.014413112886  0.008185591394  0.014447437609  0.008272652711  0.009237757628  0.011303786577  0.008908288222  0.009237757628  0.008033181676  0.009221233283  0.009323584903  0.009221233283  0.009218832300  0.007987349329  0.010275433532  0.008185591394  0.010254359120  0.007154626333  0.013390986114  0.000000000000  0.000000000000  0.011826391375  0.010254359120  0.008185591394  0.010275433532  
piranga_ludoviciana_sdsu2650 0.004207334686  0.006325269701  0.001048293447  0.006325269701  0.006325269701  0.011646555972  0.003151950167  0.012717937106  0.004211764792  0.003158587332  0.004207334686  0.006568556774  0.004211764792  0.003394466080  0.006315356034  0.004573909147  0.003151950167  0.004207334686  0.003356487637  0.001050495904  0.008452831749  0.005265104262  0.007387841879  0.009521175021  0.012724644639  0.011826391375  0.000000000000  0.003151950167  0.004207334686  0.001050495904  
piranga_bidentata_tepe59 0.005311715989  0.005959950065  0.002547138215  0.006817600544  0.007670884683  0.013720689216  0.002544977406  0.014767953026  0.004330906632  0.003402165136  0.001806909732  0.005973454569  0.003402165136  0.002260239935  0.008528098148  0.004782437694  0.003396949915  0.003396387575  0.000000000000  0.002549302695  0.009400021557  0.005187714199  0.008560168971  0.009802774148  0.010488943656  0.010254359120  0.003151950167  0.000000000000  0.004249349293  0.002549302695  
piranga_rubra_sdsu2635 0.001763882791  0.005103868224  0.003399273901  0.004249349293  0.005100107841  0.011120926762  0.001695113151  0.012131320696  0.000863422727  0.002549302695  0.004530420929  0.002977563013  0.002549302695  0.002260239935  0.004247038042  0.003822168277  0.002545531695  0.002544977406  0.002141644283  0.003402165136  0.006817600544  0.004319092443  0.005975802205  0.007109024770  0.007844730330  0.008185591394  0.004207334686  0.004249349293  0.000000000000  0.003402165136  
piranga_bidentata_itm141 0.004430069759  0.005112566265  0.000000000000  0.005970116373  0.006824011407  0.012874559907  0.001697991442  0.013911574979  0.003467626291  0.002549302695  0.002717902898  0.004982602776  0.002553642712  0.002265360202  0.007681839250  0.002871384877  0.002549858868  0.002549302695  0.002146240775  0.000000000000  0.008552234051  0.004326567234  0.007710315493  0.008919015952  0.009622685224  0.010275433532  0.001050495904  0.002549302695  0.003402165136  0.000000000000  

