30
cardinalis_cardinalis_ku21828 0.000000000000  0.009573968574  0.033849557860  0.032800322146  0.032289724883  0.032289724883  0.034940091495  0.030715075843  0.025008624225  0.021886660789  0.027127239708  0.023980736599  0.027106202906  0.029718752350  0.027096314689  0.028674624628  0.026590961402  0.024503727242  0.022936457258  0.023980736599  0.026046976384  0.026056270771  0.026056270771  0.029698096928  0.028137882615  0.025008624225  0.029688404133  0.030753699875  0.029171162456  0.029718752350  
cardinalis_cardinalis_ku25393 0.009573968574  0.000000000000  0.035450579046  0.034398572377  0.033888594136  0.033888594136  0.036549272798  0.032309139986  0.027116511367  0.023980736599  0.028192408641  0.026086669904  0.029224469279  0.031846858338  0.029212963986  0.030799109280  0.028708239570  0.026612241440  0.025037245600  0.026086669904  0.028158430625  0.028169336191  0.028169336191  0.031822944025  0.030258127749  0.027116511367  0.032871877418  0.033947008446  0.032353081899  0.032908933301  
piranga_erythrocephala_fmnh343371 0.033849557860  0.035450579046  0.000000000000  0.001000700246  0.015677544150  0.015677544150  0.018249031428  0.014143868075  0.018745175010  0.015667701056  0.019783687365  0.018751848650  0.021326056383  0.023390582209  0.020804913527  0.022357571960  0.019263659750  0.018236757724  0.016694784522  0.017722217511  0.019772583863  0.019775867271  0.019775867271  0.023382074714  0.021835446574  0.018745175010  0.024936010885  0.025982268472  0.024420466993  0.024950759398  
piranga_erythrocephala_fmnh343370 0.032800322146  0.034398572377  0.001000700246  0.000000000000  0.014655713211  0.014655713211  0.017223136517  0.013124303605  0.017719243352  0.014646475589  0.018755810391  0.017725607523  0.020296031029  0.022357571960  0.019775867271  0.021326056383  0.018236757724  0.017211331898  0.015671794173  0.016697605244  0.018745175010  0.018748303396  0.018748303396  0.022349382213  0.020804913527  0.017719243352  0.023900990791  0.024945420829  0.023386117816  0.023915255874  
piranga_rubriceps_lsu265 0.032289724883  0.033888594136  0.015677544150  0.014655713211  0.000000000000  0.000000000000  0.009577366233  0.005524486227  0.017211331898  0.014138987056  0.019281485949  0.017218787117  0.019788223289  0.021848752222  0.019267491469  0.020817743141  0.018760188240  0.016704490836  0.015164891408  0.016190743570  0.018236757724  0.018240433295  0.018240433295  0.021839462365  0.020296031029  0.017211331898  0.023390582209  0.024435606251  0.022876239940  0.023406499302  
piranga_rubriceps_lsu34818 0.032289724883  0.033888594136  0.015677544150  0.014655713211  0.000000000000  0.000000000000  0.009577366233  0.005524486227  0.017211331898  0.014138987056  0.019281485949  0.017218787117  0.019788223289  0.021848752222  0.019267491469  0.020817743141  0.018760188240  0.016704490836  0.015164891408  0.016190743570  0.018236757724  0.018240433295  0.018240433295  0.021839462365  0.020296031029  0.017211331898  0.023390582209  0.024435606251  0.022876239940  0.023406499302  
piranga_leucoptera_fmnh481795 0.034940091495  0.036549272798  0.018249031428  0.017223136517  0.009577366233  0.009577366233  0.000000000000  0.004014742594  0.019788223289  0.016700840808  0.021872354430  0.019798545005  0.022378986929  0.024447805621  0.021854025528  0.023412645040  0.021346826798  0.019281485949  0.017733633588  0.018764981820  0.020817743141  0.020822855720  0.020822855720  0.024435606251  0.022886689835  0.019788223289  0.025993694570  0.027045831011  0.025477997905  0.026014001874  
piranga_leucoptera_lsu7783 0.030715075843  0.032309139986  0.014143868075  0.013124303605  0.005524486227  0.005524486227  0.004014742594  0.000000000000  0.015674462244  0.012609787270  0.017738268887  0.015681039512  0.018244524655  0.020300437525  0.017725607523  0.019271739994  0.017218787117  0.015168103303  0.013632566737  0.014655713211  0.016697605244  0.016700840808  0.016700840808  0.020292042358  0.018751848650  0.015674462244  0.021839462365  0.022881254978  0.021326056383  0.021854025528  
piranga_roseogularis_ku2141 0.025008624225  0.027116511367  0.018745175010  0.017719243352  0.017211331898  0.017211331898  0.019788223289  0.015674462244  0.000000000000  0.007037314249  0.012128864647  0.010086584876  0.012631034609  0.014671550139  0.012115688514  0.013650562251  0.011612962915  0.009577366233  0.008052935168  0.009068685825  0.011095152162  0.011098573992  0.011098573992  0.014662808263  0.013134255669  0.010079637874  0.014146926987  0.014150397666  0.013638532069  0.014158572831  
piranga_roseogularis_ku2049 0.021886660789  0.023980736599  0.015667701056  0.014646475589  0.014138987056  0.014138987056  0.016700840808  0.012609787270  0.007037314249  0.000000000000  0.009072210787  0.007041738331  0.009065566949  0.011605149825  0.009062854526  0.010588836267  0.008560542514  0.006535455954  0.005019796647  0.006029705625  0.008048214870  0.008050372096  0.008050372096  0.011598971642  0.010076775340  0.007037314249  0.013127210314  0.014154279738  0.012619467326  0.013138393572  
piranga_olivacea_ku2699 0.027127239708  0.028192408641  0.019783687365  0.018755810391  0.019281485949  0.019281485949  0.021872354430  0.017738268887  0.012128864647  0.009072210787  0.000000000000  0.005026154901  0.008567440852  0.010596342893  0.008055903716  0.009581170285  0.007555150374  0.005531669559  0.004016715783  0.005026154901  0.011102403869  0.011106641429  0.011106641429  0.014671550139  0.013142941132  0.010086584876  0.016208340185  0.017244670678  0.015699148034  0.016225867895  
piranga_olivacea_ku4672 0.023980736599  0.026086669904  0.018751848650  0.017725607523  0.017218787117  0.017218787117  0.019798545005  0.015681039512  0.010086584876  0.007041738331  0.005026154901  0.000000000000  0.006537998472  0.008560542514  0.006029705625  0.007548553877  0.005528872124  0.003512789102  0.002004167323  0.003009389532  0.009065566949  0.009068685825  0.009068685825  0.012622913494  0.011098573992  0.008052935168  0.014154279738  0.015185074816  0.013646141729  0.014168390601  
piranga_ludoviciana_sdsu2650 0.027106202906  0.029224469279  0.021326056383  0.020296031029  0.019788223289  0.019788223289  0.022378986929  0.018244524655  0.012631034609  0.009065566949  0.008567440852  0.006537998472  0.000000000000  0.007039323854  0.004515635774  0.006029705625  0.004014742594  0.006031972260  0.004517078227  0.005526477558  0.011605149825  0.011608852191  0.011608852191  0.015175765020  0.013646141729  0.010588836267  0.016713032772  0.017748782149  0.016203321684  0.015699148034  
piranga_ludoviciana_sdsu2208 0.029718752350  0.031846858338  0.023390582209  0.022357571960  0.021848752222  0.021848752222  0.024447805621  0.020300437525  0.014671550139  0.011605149825  0.010596342893  0.008560542514  0.007039323854  0.000000000000  0.002505361866  0.008050372096  0.006029705625  0.008052935168  0.006533317639  0.007545862656  0.013642131545  0.013646141729  0.013646141729  0.017223136517  0.015689269104  0.012622913494  0.018764981820  0.019804330046  0.018253953239  0.018781853211  
piranga_bidentata_itm160 0.027096314689  0.029212963986  0.020804913527  0.019775867271  0.019267491469  0.019267491469  0.021854025528  0.017725607523  0.012115688514  0.009062854526  0.008055903716  0.006029705625  0.004515635774  0.002505361866  0.000000000000  0.005522898498  0.003509791598  0.005524486227  0.004012002501  0.005019796647  0.011092138751  0.011095152162  0.011095152162  0.014659054698  0.013130527793  0.010076775340  0.016194523004  0.017227899945  0.015684947955  0.016208340185  
piranga_bidentata_tepe59 0.028674624628  0.030799109280  0.022357571960  0.021326056383  0.020817743141  0.020817743141  0.023412645040  0.019271739994  0.013650562251  0.010588836267  0.009581170285  0.007548553877  0.006029705625  0.008050372096  0.005522898498  0.000000000000  0.005021513251  0.007041738331  0.005524486227  0.006535455954  0.012622913494  0.012626769378  0.012626769378  0.016198715834  0.014666973534  0.011605149825  0.017738268887  0.018775814677  0.017227899945  0.017754659369  
piranga_bidentata_hgoslp104 0.026590961402  0.028708239570  0.019263659750  0.018236757724  0.018760188240  0.018760188240  0.021346826798  0.017218787117  0.011612962915  0.008560542514  0.007555150374  0.005528872124  0.004014742594  0.006029705625  0.003509791598  0.005021513251  0.000000000000  0.005023632791  0.003511089512  0.004518923318  0.010588836267  0.010592385894  0.010592385894  0.014154279738  0.012626769378  0.009573968574  0.015689269104  0.016723228061  0.015180214094  0.015704705076  
piranga_ludoviciana_sdsu2385 0.024503727242  0.026612241440  0.018236757724  0.017211331898  0.016704490836  0.016704490836  0.019281485949  0.015168103303  0.009577366233  0.006535455954  0.005531669559  0.003512789102  0.006031972260  0.008052935168  0.005524486227  0.007041738331  0.005023632791  0.000000000000  0.001502342491  0.002506515972  0.008557701833  0.008560542514  0.008560542514  0.012112114050  0.010588836267  0.007545862656  0.013642131545  0.014671550139  0.013134255669  0.013655392742  
piranga_ludoviciana_sdsu2648 0.022936457258  0.025037245600  0.016694784522  0.015671794173  0.015164891408  0.015164891408  0.017733633588  0.013632566737  0.008052935168  0.005019796647  0.004016715783  0.002004167323  0.004517078227  0.006533317639  0.004012002501  0.005524486227  0.003511089512  0.001502342491  0.000000000000  0.001001040385  0.007037314249  0.007039323854  0.007039323854  0.010582960607  0.009062854526  0.006027842892  0.012108948992  0.013134255669  0.011601856185  0.012119672013  
piranga_bidentata_itm141 0.023980736599  0.026086669904  0.017722217511  0.016697605244  0.016190743570  0.016190743570  0.018764981820  0.014655713211  0.009068685825  0.006029705625  0.005026154901  0.003009389532  0.005526477558  0.007545862656  0.005019796647  0.006535455954  0.004518923318  0.002506515972  0.001001040385  0.000000000000  0.008050372096  0.008052935168  0.008052935168  0.011601856185  0.010079637874  0.007039323854  0.013130527793  0.014158572831  0.012622913494  0.013142941132  
piranga_lutea_ku89864 0.026046976384  0.028158430625  0.019772583863  0.018745175010  0.018236757724  0.018236757724  0.020817743141  0.016697605244  0.011095152162  0.008048214870  0.011102403869  0.009065566949  0.011605149825  0.013642131545  0.011092138751  0.012622913494  0.010588836267  0.008557701833  0.007037314249  0.008050372096  0.000000000000  0.003007962969  0.003007962969  0.006531583895  0.005019796647  0.002003285106  0.015168103303  0.016198715834  0.014659054698  0.015180214094  
piranga_flava_lsu15408 0.026056270771  0.028169336191  0.019775867271  0.018748303396  0.018240433295  0.018240433295  0.020822855720  0.016700840808  0.011098573992  0.008050372096  0.011106641429  0.009068685825  0.011608852191  0.013646141729  0.011095152162  0.012626769378  0.010592385894  0.008560542514  0.007039323854  0.008052935168  0.003007962969  0.000000000000  0.000000000000  0.003508402269  0.002002803679  0.001001040385  0.015171727966  0.016203321684  0.014662808263  0.015185074816  
piranga_lutea_lsu5400 0.026056270771  0.028169336191  0.019775867271  0.018748303396  0.018240433295  0.018240433295  0.020822855720  0.016700840808  0.011098573992  0.008050372096  0.011106641429  0.009068685825  0.011608852191  0.013646141729  0.011095152162  0.012626769378  0.010592385894  0.008560542514  0.007039323854  0.008052935168  0.003007962969  0.000000000000  0.000000000000  0.003508402269  0.002002803679  0.001001040385  0.015171727966  0.016203321684  0.014662808263  0.015185074816  
piranga_hepatica_ku9084 0.029698096928  0.031822944025  0.023382074714  0.022349382213  0.021839462365  0.021839462365  0.024435606251  0.020292042358  0.014662808263  0.011598971642  0.014671550139  0.012622913494  0.015175765020  0.017223136517  0.014659054698  0.016198715834  0.014154279738  0.012112114050  0.010582960607  0.011601856185  0.006531583895  0.003508402269  0.003508402269  0.000000000000  0.001501521197  0.004514596325  0.018755810391  0.019793175961  0.018244524655  0.018770190757  
piranga_hepatica_ku4970 0.028137882615  0.030258127749  0.021835446574  0.020804913527  0.020296031029  0.020296031029  0.022886689835  0.018751848650  0.013134255669  0.010076775340  0.013142941132  0.011098573992  0.013646141729  0.015689269104  0.013130527793  0.014666973534  0.012626769378  0.010588836267  0.009062854526  0.010079637874  0.005019796647  0.002002803679  0.002002803679  0.001501521197  0.000000000000  0.003006937786  0.017218787117  0.018253953239  0.016708554948  0.017233077028  
piranga_flava_ku90809 0.025008624225  0.027116511367  0.018745175010  0.017719243352  0.017211331898  0.017211331898  0.019788223289  0.015674462244  0.010079637874  0.007037314249  0.010086584876  0.008052935168  0.010588836267  0.012622913494  0.010076775340  0.011605149825  0.009573968574  0.007545862656  0.006027842892  0.007039323854  0.002003285106  0.001001040385  0.001001040385  0.004514596325  0.003006937786  0.000000000000  0.014146926987  0.015175765020  0.013638532069  0.014158572831  
piranga_rubra_sdsu2654 0.029688404133  0.032871877418  0.024936010885  0.023900990791  0.023390582209  0.023390582209  0.025993694570  0.021839462365  0.014146926987  0.013127210314  0.016208340185  0.014154279738  0.016713032772  0.018764981820  0.016194523004  0.017738268887  0.015689269104  0.013642131545  0.012108948992  0.013130527793  0.015168103303  0.015171727966  0.015171727966  0.018755810391  0.017218787117  0.014146926987  0.000000000000  0.006026384430  0.004513960253  0.005019796647  
piranga_rubra_sdsu2635 0.030753699875  0.033947008446  0.025982268472  0.024945420829  0.024435606251  0.024435606251  0.027045831011  0.022881254978  0.014150397666  0.014154279738  0.017244670678  0.015185074816  0.017748782149  0.019804330046  0.017227899945  0.018775814677  0.016723228061  0.014671550139  0.013134255669  0.014158572831  0.016198715834  0.016203321684  0.016203321684  0.019793175961  0.018253953239  0.015175765020  0.006026384430  0.000000000000  0.001502342491  0.005021513251  
piranga_rubra_ku7046 0.029171162456  0.032353081899  0.024420466993  0.023386117816  0.022876239940  0.022876239940  0.025477997905  0.021326056383  0.013638532069  0.012619467326  0.015699148034  0.013646141729  0.016203321684  0.018253953239  0.015684947955  0.017227899945  0.015180214094  0.013134255669  0.011601856185  0.012622913494  0.014659054698  0.014662808263  0.014662808263  0.018244524655  0.016708554948  0.013638532069  0.004513960253  0.001502342491  0.000000000000  0.004517078227  
piranga_rubra_ku26592 0.029718752350  0.032908933301  0.024950759398  0.023915255874  0.023406499302  0.023406499302  0.026014001874  0.021854025528  0.014158572831  0.013138393572  0.016225867895  0.014168390601  0.015699148034  0.018781853211  0.016208340185  0.017754659369  0.015704705076  0.013655392742  0.012119672013  0.013142941132  0.015180214094  0.015185074816  0.015185074816  0.018770190757  0.017233077028  0.014158572831  0.005019796647  0.005021513251  0.004517078227  0.000000000000  

