30
piranga_rubra_ku26592 0.000000000000  0.013874611255  0.011079156559  0.022652945717  0.020598386289  0.030279476946  0.014989823867  0.030612541415  0.003758441759  0.012014817096  0.010432287552  0.011931063163  0.016700350801  0.012020828449  0.005504370461  0.012981573579  0.013874611255  0.014823497251  0.007948099932  0.012119105061  0.021442521401  0.013867712083  0.022378306875  0.014814527626  0.023892354513  0.019258036672  0.012882712049  0.013874611255  0.003664020051  0.012952453583  
piranga_flava_ku90809 0.013874611255  0.000000000000  0.008283947801  0.019760188335  0.017734748698  0.027352920898  0.008017755819  0.026562894282  0.013284314832  0.009213730144  0.004606863770  0.007920422156  0.004589852640  0.002646393598  0.017635968648  0.000000000000  0.001830251210  0.010139484053  0.001976780643  0.009294170710  0.018591468245  0.003665450721  0.019521362226  0.012000726821  0.020959288450  0.008662967769  0.008162234085  0.011066742069  0.015756437982  0.010145463661  
piranga_ludoviciana_sdsu2385 0.011079156559  0.008283947801  0.000000000000  0.016904260302  0.014906365886  0.024479976336  0.006867558731  0.024558290234  0.011370857152  0.004589852640  0.001148272563  0.005934310526  0.011079156559  0.007986977029  0.014823497251  0.005158050980  0.008283947801  0.007360809550  0.005956942959  0.004628871163  0.015769681003  0.008279627958  0.016700350801  0.009213730144  0.018065789848  0.012175177106  0.004649705210  0.006430204068  0.012952453583  0.003668078401  
piranga_rubriceps_lsu265 0.022652945717  0.019760188335  0.016904260302  0.000000000000  0.006544428283  0.032598799507  0.017339168402  0.032025364249  0.022281616559  0.017861960975  0.016306215108  0.014953557639  0.022652945717  0.017450376728  0.024577706629  0.014314682822  0.019760188335  0.020734300680  0.011960213318  0.017851399995  0.012169242269  0.019750393093  0.000000000000  0.018800109036  0.017322202656  0.012175177106  0.015264098156  0.019760188335  0.024591974651  0.018821731887  
piranga_leucoptera_lsu7783 0.020598386289  0.017734748698  0.014906365886  0.006544428283  0.000000000000  0.030431416914  0.016174331207  0.029592193408  0.021025161212  0.015854490796  0.014049858722  0.013017153436  0.020598386289  0.016100769934  0.022504230970  0.014314682822  0.017734748698  0.018698537023  0.007948099932  0.015993638586  0.007404755326  0.017725572009  0.006465841723  0.016784292549  0.016140524584  0.012175177106  0.014082838235  0.017734748698  0.022517790689  0.016804644708  
cardinalis_cardinalis_ku25393 0.030279476946  0.027352920898  0.024479976336  0.032598799507  0.030431416914  0.000000000000  0.029389199200  0.006750531782  0.031096870039  0.025448789733  0.021223873220  0.024313482928  0.028326297798  0.023083805886  0.030258703503  0.026461165454  0.025412545660  0.026400068846  0.018083970379  0.025671893809  0.031239224488  0.027334882207  0.032197326678  0.024445528793  0.031973620534  0.024799635920  0.027472690512  0.024445528793  0.032241286326  0.026419721745  
piranga_olivacea_ku2699 0.014989823867  0.008017755819  0.006867558731  0.017339168402  0.016174331207  0.029389199200  0.000000000000  0.028155197816  0.014999891849  0.006867558731  0.005279165608  0.009173846827  0.011495099066  0.009363226918  0.019687533128  0.007745220947  0.010332955976  0.005716187451  0.003957665666  0.004567794203  0.018549295644  0.009173846827  0.017339168402  0.012660292020  0.020871836031  0.013924837604  0.007000834345  0.009170280577  0.017339168402  0.008021923526  
cardinalis_cardinalis_ku21828 0.030612541415  0.026562894282  0.024558290234  0.032025364249  0.029592193408  0.006750531782  0.028155197816  0.000000000000  0.030634261507  0.025569002179  0.023700470650  0.024392513404  0.027577241386  0.024453897436  0.032637957309  0.023722434517  0.024541125833  0.026562894282  0.020108751887  0.025804510057  0.030616088980  0.026545143637  0.031613904369  0.024525332874  0.031656493052  0.022959228592  0.026221698823  0.026545143637  0.032660299110  0.026582020167  
piranga_rubra_ku7046 0.003758441759  0.013284314832  0.011370857152  0.022281616559  0.021025161212  0.031096870039  0.014999891849  0.030634261507  0.000000000000  0.012331652045  0.011982115443  0.012268566205  0.016182855606  0.013376647505  0.007543390901  0.012994218346  0.013284314832  0.015214571310  0.009956847288  0.012440249030  0.021039477414  0.013275376879  0.022004441169  0.015203848805  0.023999156953  0.019258036672  0.012892384516  0.014238565812  0.001875557827  0.013294530590  
piranga_bidentata_hgoslp104 0.012014817096  0.009213730144  0.004589852640  0.017861960975  0.015854490796  0.025448789733  0.006867558731  0.025569002179  0.012331652045  0.000000000000  0.003453765380  0.006931002955  0.012014817096  0.007986977029  0.015766259023  0.005158050980  0.009213730144  0.008289475031  0.001976780643  0.003699350350  0.016713667236  0.009208582158  0.017646274616  0.010145463661  0.019036743481  0.012175177106  0.004649705210  0.005506226522  0.013892074382  0.006439162135  
piranga_ludoviciana_sdsu2648 0.010432287552  0.004606863770  0.001148272563  0.016306215108  0.014049858722  0.021223873220  0.005279165608  0.023700470650  0.011982115443  0.003453765380  0.000000000000  0.004606863770  0.005765849970  0.006645796679  0.015134204095  0.004275842261  0.004606863770  0.004606863770  0.003962401820  0.002297928202  0.017510436097  0.005762301638  0.016306215108  0.006927869466  0.018018978573  0.012175177106  0.003945607388  0.004604601922  0.012784027984  0.002299522529  
piranga_roseogularis_ku2049 0.011931063163  0.007920422156  0.005934310526  0.014953557639  0.013017153436  0.024313482928  0.009173846827  0.024392513404  0.012268566205  0.006931002955  0.004606863770  0.000000000000  0.008919691101  0.006638579266  0.013941592869  0.005152853731  0.007920422156  0.009927193126  0.003957665666  0.005930760306  0.013956708277  0.007917767623  0.014953557639  0.007920422156  0.016376460402  0.010404632139  0.005815923114  0.008919691101  0.013950051683  0.006931002955  
piranga_hepatica_ku4970 0.016700350801  0.004589852640  0.011079156559  0.022652945717  0.020598386289  0.028326297798  0.011495099066  0.027577241386  0.016182855606  0.012014817096  0.005765849970  0.008919691101  0.000000000000  0.001321225098  0.020483298740  0.001283905841  0.002748213890  0.014823497251  0.003962401820  0.012119105061  0.021442521401  0.006434082429  0.022378306875  0.012936680443  0.023892354513  0.008662967769  0.009340055715  0.013874611255  0.018594218013  0.012952453583  
piranga_hepatica_ku9084 0.012020828449  0.002646393598  0.007986977029  0.017450376728  0.016100769934  0.023083805886  0.009363226918  0.024453897436  0.013376647505  0.007986977029  0.006645796679  0.006638579266  0.001321225098  0.000000000000  0.017450376728  0.002874615232  0.002646393598  0.006645796679  0.003962401820  0.005308655459  0.018853817962  0.005308655459  0.017450376728  0.009321548222  0.020176382495  0.008662967769  0.007999310624  0.009313394923  0.014736619494  0.009332220982  
piranga_rubra_sdsu2654 0.005504370461  0.017635968648  0.014823497251  0.024577706629  0.022504230970  0.030258703503  0.019687533128  0.032637957309  0.007543390901  0.015766259023  0.015134204095  0.013941592869  0.020483298740  0.017450376728  0.000000000000  0.018263452927  0.017635968648  0.018594218013  0.013983370713  0.015903856060  0.023342864012  0.017626894631  0.024279280597  0.016690901968  0.025843023607  0.024625112576  0.017645153084  0.017635968648  0.005509285592  0.016711026884  
piranga_flava_lsu15408 0.012981573579  0.000000000000  0.005158050980  0.014314682822  0.014314682822  0.026461165454  0.007745220947  0.023722434517  0.012994218346  0.005158050980  0.004275842261  0.005152853731  0.001283905841  0.002874615232  0.018263452927  0.000000000000  0.000000000000  0.005158050980  0.002137332344  0.003862909577  0.016978735784  0.002571535147  0.014314682822  0.009056225501  0.016949768092  0.008662967769  0.006450168445  0.009048530849  0.015623092048  0.007759723065  
piranga_lutea_lsu5400 0.013874611255  0.001830251210  0.008283947801  0.019760188335  0.017734748698  0.025412545660  0.010332955976  0.024541125833  0.013284314832  0.009213730144  0.004606863770  0.007920422156  0.002748213890  0.002646393598  0.017635968648  0.000000000000  0.000000000000  0.012007163723  0.001976780643  0.009294170710  0.018591468245  0.003665450721  0.019521362226  0.010134717922  0.020959288450  0.008662967769  0.008162234085  0.011066742069  0.015756437982  0.010145463661  
piranga_olivacea_ku4672 0.014823497251  0.010139484053  0.007360809550  0.020734300680  0.018698537023  0.026400068846  0.005716187451  0.026562894282  0.015214571310  0.008289475031  0.004606863770  0.009927193126  0.014823497251  0.006645796679  0.018594218013  0.005158050980  0.012007163723  0.000000000000  0.003962401820  0.008360906765  0.019548134336  0.012000726821  0.020483298740  0.012943958021  0.021947968774  0.010415599536  0.005819537977  0.010139484053  0.016711026884  0.009220086996  
piranga_ludoviciana_sdsu2208 0.007948099932  0.001976780643  0.005956942959  0.011960213318  0.007948099932  0.018083970379  0.003957665666  0.020108751887  0.009956847288  0.001976780643  0.003962401820  0.003957665666  0.003962401820  0.003962401820  0.013983370713  0.002137332344  0.001976780643  0.003962401820  0.000000000000  0.001976780643  0.011951396013  0.003962401820  0.011960213318  0.007948099932  0.009956847288  0.005003208465  0.005948399768  0.005948399768  0.009956847288  0.005956942959  
piranga_bidentata_itm160 0.012119105061  0.009294170710  0.004628871163  0.017851399995  0.015993638586  0.025671893809  0.004567794203  0.025804510057  0.012440249030  0.003699350350  0.002297928202  0.005930760306  0.012119105061  0.005308655459  0.015903856060  0.003862909577  0.009294170710  0.008360906765  0.001976780643  0.000000000000  0.016863184208  0.009290160889  0.017801219184  0.010233819821  0.019207773444  0.010415599536  0.002319246073  0.005555335216  0.014012429740  0.004628871163  
piranga_leucoptera_fmnh481795 0.021442521401  0.018591468245  0.015769681003  0.012169242269  0.007404755326  0.031239224488  0.018549295644  0.030616088980  0.021039477414  0.016713667236  0.017510436097  0.013956708277  0.021442521401  0.018853817962  0.023342864012  0.016978735784  0.018591468245  0.019548134336  0.011951396013  0.016863184208  0.000000000000  0.018585231275  0.012022925382  0.017645171106  0.018089368172  0.017534459795  0.016486543293  0.018591468245  0.023353445510  0.015769681003  
piranga_lutea_ku89864 0.013867712083  0.003665450721  0.008279627958  0.019750393093  0.017725572009  0.027334882207  0.009173846827  0.026545143637  0.013275376879  0.009208582158  0.005762301638  0.007917767623  0.006434082429  0.005308655459  0.017626894631  0.002571535147  0.003665450721  0.012000726821  0.003962401820  0.009290160889  0.018585231275  0.000000000000  0.019511804311  0.011995509535  0.020948358577  0.010415599536  0.006987528700  0.011062360426  0.015747842644  0.010139484053  
piranga_rubriceps_lsu34818 0.022378306875  0.019521362226  0.016700350801  0.000000000000  0.006465841723  0.032197326678  0.017339168402  0.031613904369  0.022004441169  0.017646274616  0.016306215108  0.014953557639  0.022378306875  0.017450376728  0.024279280597  0.014314682822  0.019521362226  0.020483298740  0.011960213318  0.017801219184  0.012022925382  0.019511804311  0.000000000000  0.018573117997  0.017108146915  0.012175177106  0.015264098156  0.019521362226  0.024293201043  0.018594218013  
piranga_roseogularis_ku2141 0.014814527626  0.012000726821  0.009213730144  0.018800109036  0.016784292549  0.024445528793  0.012660292020  0.024525332874  0.015203848805  0.010145463661  0.006927869466  0.007920422156  0.012936680443  0.009321548222  0.016690901968  0.009056225501  0.010134717922  0.012943958021  0.007948099932  0.010233819821  0.017645171106  0.011995509535  0.018573117997  0.000000000000  0.018045471406  0.010404632139  0.009340055715  0.012000726821  0.016700350801  0.011079156559  
piranga_erythrocephala_fmnh343371 0.023892354513  0.020959288450  0.018065789848  0.017322202656  0.016140524584  0.031973620534  0.020871836031  0.031656493052  0.023999156953  0.019036743481  0.018018978573  0.016376460402  0.023892354513  0.020176382495  0.025843023607  0.016949768092  0.020959288450  0.021947968774  0.009956847288  0.019207773444  0.018089368172  0.020948358577  0.017108146915  0.018045471406  0.000000000000  0.001721546318  0.018845742337  0.020959288450  0.025858552003  0.020009825110  
piranga_erythrocephala_fmnh343370 0.019258036672  0.008662967769  0.012175177106  0.012175177106  0.012175177106  0.024799635920  0.013924837604  0.022959228592  0.019258036672  0.012175177106  0.012175177106  0.010404632139  0.008662967769  0.008662967769  0.024625112576  0.008662967769  0.008662967769  0.010415599536  0.005003208465  0.010415599536  0.017534459795  0.010415599536  0.012175177106  0.010404632139  0.001721546318  0.000000000000  0.013924837604  0.015679868763  0.021050101260  0.015715391413  
piranga_ludoviciana_sdsu2650 0.012882712049  0.008162234085  0.004649705210  0.015264098156  0.014082838235  0.027472690512  0.007000834345  0.026221698823  0.012892384516  0.004649705210  0.003945607388  0.005815923114  0.009340055715  0.007999310624  0.017645153084  0.006450168445  0.008162234085  0.005819537977  0.005948399768  0.002319246073  0.016486543293  0.006987528700  0.015264098156  0.009340055715  0.018845742337  0.013924837604  0.000000000000  0.006984534959  0.015264098156  0.005819537977  
piranga_bidentata_tepe59 0.013874611255  0.011066742069  0.006430204068  0.019760188335  0.017734748698  0.024445528793  0.009170280577  0.026545143637  0.014238565812  0.005506226522  0.004604601922  0.008919691101  0.013874611255  0.009313394923  0.017635968648  0.009048530849  0.011066742069  0.010139484053  0.005948399768  0.005555335216  0.018591468245  0.011062360426  0.019521362226  0.012000726821  0.020959288450  0.015679868763  0.006984534959  0.000000000000  0.015756437982  0.008283947801  
piranga_rubra_sdsu2635 0.003664020051  0.015756437982  0.012952453583  0.024591974651  0.022517790689  0.032241286326  0.017339168402  0.032660299110  0.001875557827  0.013892074382  0.012784027984  0.013950051683  0.018594218013  0.014736619494  0.005509285592  0.015623092048  0.015756437982  0.016711026884  0.009956847288  0.014012429740  0.023353445510  0.015747842644  0.024293201043  0.016700350801  0.025858552003  0.021050101260  0.015264098156  0.015756437982  0.000000000000  0.014833687911  
piranga_bidentata_itm141 0.012952453583  0.010145463661  0.003668078401  0.018821731887  0.016804644708  0.026419721745  0.008021923526  0.026582020167  0.013294530590  0.006439162135  0.002299522529  0.006931002955  0.012952453583  0.009332220982  0.016711026884  0.007759723065  0.010145463661  0.009220086996  0.005956942959  0.004628871163  0.015769681003  0.010139484053  0.018594218013  0.011079156559  0.020009825110  0.015715391413  0.005819537977  0.008283947801  0.014833687911  0.000000000000  

