30
cardinalis_cardinalis_ku21828 0.000000000000  0.007033904613  0.018227964242  0.016179335208  0.017714019625  0.020281271617  0.016179335208  0.018740456070  0.018740456070  0.024404745554  0.024404745554  0.017202054279  0.031682436208  0.031682436208  0.019771170342  0.019771170342  0.020798148547  0.019771170342  0.019771170342  0.019771170342  0.019771170342  0.017202054279  0.020282635023  0.019256187746  0.019256187746  0.019256187746  0.020284456358  0.022341669246  0.021312247616  0.021312247616  
cardinalis_cardinalis_ku25393 0.007033904613  0.000000000000  0.022856993235  0.020795246582  0.022339620881  0.024923394687  0.020795246582  0.023372726963  0.023372726963  0.029073187360  0.029073187360  0.021824420499  0.036398181429  0.036398181429  0.024410250152  0.024410250152  0.025443738037  0.024410250152  0.024410250152  0.024410250152  0.024410250152  0.021824420499  0.024924859703  0.023891909695  0.023891909695  0.023891909695  0.024926788449  0.026997061792  0.025961099641  0.025961099641  
piranga_leucoptera_fmnh481795 0.018227964242  0.022856993235  0.000000000000  0.002002874265  0.003508448812  0.006025202846  0.002002874265  0.004514272595  0.004514272595  0.013118250611  0.013118250611  0.006025971449  0.021312247616  0.021312247616  0.008557164592  0.008557164592  0.009568207733  0.008557164592  0.008557164592  0.008557164592  0.008557164592  0.006025971449  0.009060328388  0.008049800574  0.008049800574  0.008049800574  0.009062489413  0.011087730457  0.010074320228  0.010074320228  
piranga_rubra_ku7046 0.016179335208  0.020795246582  0.002002874265  0.000000000000  0.001501740047  0.004011083350  0.000000000000  0.002504343721  0.002504343721  0.011084228617  0.011084228617  0.004011519910  0.019254542110  0.019254542110  0.006534556082  0.006534556082  0.007543000500  0.006534556082  0.006534556082  0.006534556082  0.006534556082  0.004011519910  0.007036763120  0.006028830704  0.006028830704  0.006028830704  0.007038582475  0.009058611090  0.008047810829  0.008047810829  
piranga_rubriceps_lsu34818 0.017714019625  0.022339620881  0.003508448812  0.001501740047  0.000000000000  0.005520925455  0.001501740047  0.004011085778  0.004011085778  0.012608567833  0.012608567833  0.005520949669  0.020795246582  0.020795246582  0.008047810829  0.008047810829  0.009058611090  0.008047810829  0.008047810829  0.008047810829  0.008047810829  0.005520949669  0.008551603759  0.007541317058  0.007541317058  0.007541317058  0.008553014133  0.010577770651  0.009564602375  0.009564602375  
piranga_leucoptera_lsu7783 0.020281271617  0.024923394687  0.006025202846  0.004011083350  0.005520925455  0.000000000000  0.004011083350  0.006529382960  0.006529382960  0.015157274881  0.015157274881  0.008045159581  0.023374157835  0.023374157835  0.010583024557  0.010583024557  0.011596952840  0.010583024557  0.010583024557  0.010583024557  0.010583024557  0.008045159581  0.011087730457  0.010074320228  0.010074320228  0.010074320228  0.011089790800  0.013120820568  0.012104511359  0.012104511359  
piranga_rubriceps_lsu265 0.016179335208  0.020795246582  0.002002874265  0.000000000000  0.001501740047  0.004011083350  0.000000000000  0.002504343721  0.002504343721  0.011084228617  0.011084228617  0.004011519910  0.019254542110  0.019254542110  0.006534556082  0.006534556082  0.007543000500  0.006534556082  0.006534556082  0.006534556082  0.006534556082  0.004011519910  0.007036763120  0.006028830704  0.006028830704  0.006028830704  0.007038582475  0.009058611090  0.008047810829  0.008047810829  
piranga_erythrocephala_fmnh343371 0.018740456070  0.023372726963  0.004514272595  0.002504343721  0.004011085778  0.006529382960  0.002504343721  0.000000000000  0.000000000000  0.013627280903  0.013627280903  0.006530014310  0.021826754278  0.021826754278  0.009062489413  0.009062489413  0.010074320228  0.009062489413  0.009062489413  0.009062489413  0.009062489413  0.006530014310  0.009566182827  0.008554867862  0.008554867862  0.008554867862  0.009568207733  0.011595029552  0.010580827576  0.010580827576  
piranga_erythrocephala_fmnh343370 0.018740456070  0.023372726963  0.004514272595  0.002504343721  0.004011085778  0.006529382960  0.002504343721  0.000000000000  0.000000000000  0.013627280903  0.013627280903  0.006530014310  0.021826754278  0.021826754278  0.009062489413  0.009062489413  0.010074320228  0.009062489413  0.009062489413  0.009062489413  0.009062489413  0.006530014310  0.009566182827  0.008554867862  0.008554867862  0.008554867862  0.009568207733  0.011595029552  0.010580827576  0.010580827576  
piranga_bidentata_itm160 0.024404745554  0.029073187360  0.013118250611  0.011084228617  0.012608567833  0.015157274881  0.011084228617  0.013627280903  0.013627280903  0.000000000000  0.000000000000  0.007033904613  0.022339620881  0.022339620881  0.009564602375  0.009564602375  0.010577770651  0.009564602375  0.009564602375  0.009564602375  0.009564602375  0.007033904613  0.010069991025  0.009057337874  0.009057337874  0.009057337874  0.010070988668  0.012100497569  0.011084949005  0.011084949005  
piranga_bidentata_itm141 0.024404745554  0.029073187360  0.013118250611  0.011084228617  0.012608567833  0.015157274881  0.011084228617  0.013627280903  0.013627280903  0.000000000000  0.000000000000  0.007033904613  0.022339620881  0.022339620881  0.009564602375  0.009564602375  0.010577770651  0.009564602375  0.009564602375  0.009564602375  0.009564602375  0.007033904613  0.010069991025  0.009057337874  0.009057337874  0.009057337874  0.010070988668  0.012100497569  0.011084949005  0.011084949005  
piranga_roseogularis_ku2141 0.017202054279  0.021824420499  0.006025971449  0.004011519910  0.005520949669  0.008045159581  0.004011519910  0.006530014310  0.006530014310  0.007033904613  0.007033904613  0.000000000000  0.015157274881  0.015157274881  0.002506878940  0.002506878940  0.003510168002  0.002506878940  0.002506878940  0.002506878940  0.002506878940  0.000000000000  0.003007182905  0.002004399291  0.002004399291  0.002004399291  0.003008329502  0.005018017773  0.004012395104  0.004012395104  
piranga_olivacea_ku2699 0.031682436208  0.036398181429  0.021312247616  0.019254542110  0.020795246582  0.023374157835  0.019254542110  0.021826754278  0.021826754278  0.022339620881  0.022339620881  0.015157274881  0.000000000000  0.000000000000  0.017719554007  0.017719554007  0.018743572248  0.017719554007  0.017719554007  0.017719554007  0.017719554007  0.015157274881  0.018229435107  0.017205944965  0.017205944965  0.017205944965  0.018231361236  0.020282635023  0.019256187746  0.019256187746  
piranga_roseogularis_ku2049 0.031682436208  0.036398181429  0.021312247616  0.019254542110  0.020795246582  0.023374157835  0.019254542110  0.021826754278  0.021826754278  0.022339620881  0.022339620881  0.015157274881  0.000000000000  0.000000000000  0.017719554007  0.017719554007  0.018743572248  0.017719554007  0.017719554007  0.017719554007  0.017719554007  0.015157274881  0.018229435107  0.017205944965  0.017205944965  0.017205944965  0.018231361236  0.020282635023  0.019256187746  0.019256187746  
piranga_ludoviciana_sdsu2650 0.019771170342  0.024410250152  0.008557164592  0.006534556082  0.008047810829  0.010583024557  0.006534556082  0.009062489413  0.009062489413  0.009564602375  0.009564602375  0.002506878940  0.017719554007  0.017719554007  0.000000000000  0.000000000000  0.001000772914  0.000000000000  0.000000000000  0.000000000000  0.000000000000  0.002506878940  0.005527675513  0.004522353457  0.004522353457  0.004522353457  0.005530339170  0.007545125848  0.006536951402  0.006536951402  
piranga_ludoviciana_sdsu2648 0.019771170342  0.024410250152  0.008557164592  0.006534556082  0.008047810829  0.010583024557  0.006534556082  0.009062489413  0.009062489413  0.009564602375  0.009564602375  0.002506878940  0.017719554007  0.017719554007  0.000000000000  0.000000000000  0.001000772914  0.000000000000  0.000000000000  0.000000000000  0.000000000000  0.002506878940  0.005527675513  0.004522353457  0.004522353457  0.004522353457  0.005530339170  0.007545125848  0.006536951402  0.006536951402  
piranga_bidentata_hgoslp104 0.020798148547  0.025443738037  0.009568207733  0.007543000500  0.009058611090  0.011596952840  0.007543000500  0.010074320228  0.010074320228  0.010577770651  0.010577770651  0.003510168002  0.018743572248  0.018743572248  0.001000772914  0.001000772914  0.000000000000  0.001000772914  0.001000772914  0.001000772914  0.001000772914  0.003510168002  0.006534556082  0.005527675513  0.005527675513  0.005527675513  0.006536951402  0.008554867862  0.007545125848  0.007545125848  
piranga_ludoviciana_sdsu2208 0.019771170342  0.024410250152  0.008557164592  0.006534556082  0.008047810829  0.010583024557  0.006534556082  0.009062489413  0.009062489413  0.009564602375  0.009564602375  0.002506878940  0.017719554007  0.017719554007  0.000000000000  0.000000000000  0.001000772914  0.000000000000  0.000000000000  0.000000000000  0.000000000000  0.002506878940  0.005527675513  0.004522353457  0.004522353457  0.004522353457  0.005530339170  0.007545125848  0.006536951402  0.006536951402  
piranga_ludoviciana_sdsu2385 0.019771170342  0.024410250152  0.008557164592  0.006534556082  0.008047810829  0.010583024557  0.006534556082  0.009062489413  0.009062489413  0.009564602375  0.009564602375  0.002506878940  0.017719554007  0.017719554007  0.000000000000  0.000000000000  0.001000772914  0.000000000000  0.000000000000  0.000000000000  0.000000000000  0.002506878940  0.005527675513  0.004522353457  0.004522353457  0.004522353457  0.005530339170  0.007545125848  0.006536951402  0.006536951402  
piranga_bidentata_tepe59 0.019771170342  0.024410250152  0.008557164592  0.006534556082  0.008047810829  0.010583024557  0.006534556082  0.009062489413  0.009062489413  0.009564602375  0.009564602375  0.002506878940  0.017719554007  0.017719554007  0.000000000000  0.000000000000  0.001000772914  0.000000000000  0.000000000000  0.000000000000  0.000000000000  0.002506878940  0.005527675513  0.004522353457  0.004522353457  0.004522353457  0.005530339170  0.007545125848  0.006536951402  0.006536951402  
piranga_hepatica_ku9084 0.019771170342  0.024410250152  0.008557164592  0.006534556082  0.008047810829  0.010583024557  0.006534556082  0.009062489413  0.009062489413  0.009564602375  0.009564602375  0.002506878940  0.017719554007  0.017719554007  0.000000000000  0.000000000000  0.001000772914  0.000000000000  0.000000000000  0.000000000000  0.000000000000  0.002506878940  0.005527675513  0.004522353457  0.004522353457  0.004522353457  0.005530339170  0.007545125848  0.006536951402  0.006536951402  
piranga_olivacea_ku4672 0.017202054279  0.021824420499  0.006025971449  0.004011519910  0.005520949669  0.008045159581  0.004011519910  0.006530014310  0.006530014310  0.007033904613  0.007033904613  0.000000000000  0.015157274881  0.015157274881  0.002506878940  0.002506878940  0.003510168002  0.002506878940  0.002506878940  0.002506878940  0.002506878940  0.000000000000  0.003007182905  0.002004399291  0.002004399291  0.002004399291  0.003008329502  0.005018017773  0.004012395104  0.004012395104  
piranga_flava_ku90809 0.020282635023  0.024924859703  0.009060328388  0.007036763120  0.008551603759  0.011087730457  0.007036763120  0.009566182827  0.009566182827  0.010069991025  0.010069991025  0.003007182905  0.018229435107  0.018229435107  0.005527675513  0.005527675513  0.006534556082  0.005527675513  0.005527675513  0.005527675513  0.005527675513  0.003007182905  0.000000000000  0.001000772914  0.001000772914  0.001000772914  0.002002766303  0.006025202846  0.005018017773  0.005018017773  
piranga_lutea_ku89864 0.019256187746  0.023891909695  0.008049800574  0.006028830704  0.007541317058  0.010074320228  0.006028830704  0.008554867862  0.008554867862  0.009057337874  0.009057337874  0.002004399291  0.017205944965  0.017205944965  0.004522353457  0.004522353457  0.005527675513  0.004522353457  0.004522353457  0.004522353457  0.004522353457  0.002004399291  0.001000772914  0.000000000000  0.000000000000  0.000000000000  0.001000717855  0.005018017773  0.004012395104  0.004012395104  
piranga_lutea_lsu5400 0.019256187746  0.023891909695  0.008049800574  0.006028830704  0.007541317058  0.010074320228  0.006028830704  0.008554867862  0.008554867862  0.009057337874  0.009057337874  0.002004399291  0.017205944965  0.017205944965  0.004522353457  0.004522353457  0.005527675513  0.004522353457  0.004522353457  0.004522353457  0.004522353457  0.002004399291  0.001000772914  0.000000000000  0.000000000000  0.000000000000  0.001000717855  0.005018017773  0.004012395104  0.004012395104  
piranga_flava_lsu15408 0.019256187746  0.023891909695  0.008049800574  0.006028830704  0.007541317058  0.010074320228  0.006028830704  0.008554867862  0.008554867862  0.009057337874  0.009057337874  0.002004399291  0.017205944965  0.017205944965  0.004522353457  0.004522353457  0.005527675513  0.004522353457  0.004522353457  0.004522353457  0.004522353457  0.002004399291  0.001000772914  0.000000000000  0.000000000000  0.000000000000  0.001000717855  0.005018017773  0.004012395104  0.004012395104  
piranga_hepatica_ku4970 0.020284456358  0.024926788449  0.009062489413  0.007038582475  0.008553014133  0.011089790800  0.007038582475  0.009568207733  0.009568207733  0.010070988668  0.010070988668  0.003008329502  0.018231361236  0.018231361236  0.005530339170  0.005530339170  0.006536951402  0.005530339170  0.005530339170  0.005530339170  0.005530339170  0.003008329502  0.002002766303  0.001000717855  0.001000717855  0.001000717855  0.000000000000  0.006025971449  0.005019059637  0.005019059637  
piranga_rubra_sdsu2654 0.022341669246  0.026997061792  0.011087730457  0.009058611090  0.010577770651  0.013120820568  0.009058611090  0.011595029552  0.011595029552  0.012100497569  0.012100497569  0.005018017773  0.020282635023  0.020282635023  0.007545125848  0.007545125848  0.008554867862  0.007545125848  0.007545125848  0.007545125848  0.007545125848  0.005018017773  0.006025202846  0.005018017773  0.005018017773  0.005018017773  0.006025971449  0.000000000000  0.001000772914  0.001000772914  
piranga_rubra_sdsu2635 0.021312247616  0.025961099641  0.010074320228  0.008047810829  0.009564602375  0.012104511359  0.008047810829  0.010580827576  0.010580827576  0.011084949005  0.011084949005  0.004012395104  0.019256187746  0.019256187746  0.006536951402  0.006536951402  0.007545125848  0.006536951402  0.006536951402  0.006536951402  0.006536951402  0.004012395104  0.005018017773  0.004012395104  0.004012395104  0.004012395104  0.005019059637  0.001000772914  0.000000000000  0.000000000000  
piranga_rubra_ku26592 0.021312247616  0.025961099641  0.010074320228  0.008047810829  0.009564602375  0.012104511359  0.008047810829  0.010580827576  0.010580827576  0.011084949005  0.011084949005  0.004012395104  0.019256187746  0.019256187746  0.006536951402  0.006536951402  0.007545125848  0.006536951402  0.006536951402  0.006536951402  0.006536951402  0.004012395104  0.005018017773  0.004012395104  0.004012395104  0.004012395104  0.005019059637  0.001000772914  0.000000000000  0.000000000000  

