30
piranga_rubra_ku26592 0.000000000000  0.001424734743  0.000000000000  0.002854007957  0.005716562369  0.014421495707  0.000000000000  0.011501046015  0.000000000000  0.000000000000  0.000000000000  0.000000000000  0.001434956916  0.002404512983  0.001424734743  0.000000000000  0.003147812540  0.000000000000  0.000000000000  0.001424246239  0.004318712194  0.000000000000  0.002854007957  0.004734467351  0.004283497918  0.000000000000  0.001524098101  0.000000000000  0.001424734743  0.001424246239  
piranga_flava_ku90809 0.001424734743  0.000000000000  0.002356352881  0.004251389743  0.008282936811  0.013168617371  0.002390145112  0.010746130032  0.002359132362  0.002356352881  0.002841841957  0.001522336486  0.002370316167  0.001848822306  0.002356352881  0.002356352881  0.003834539081  0.002494483475  0.001492793516  0.002354707947  0.004758875883  0.001176629584  0.005908626872  0.007695088982  0.005042207129  0.000000000000  0.002623425261  0.002356352881  0.003756328377  0.002354707947  
piranga_ludoviciana_sdsu2385 0.000000000000  0.002356352881  0.000000000000  0.004251389743  0.008243916761  0.013105854776  0.002378773856  0.010695047764  0.002348053598  0.002345300146  0.002841841957  0.001522336486  0.002370316167  0.003705294308  0.002345300146  0.002356352881  0.003834539081  0.002482100327  0.001483932687  0.002343670613  0.004736336037  0.001176629584  0.005880828421  0.007695088982  0.005042207129  0.000000000000  0.002623425261  0.002345300146  0.003756328377  0.002343670613  
piranga_rubriceps_lsu265 0.002854007957  0.004251389743  0.004251389743  0.000000000000  0.002827852089  0.011402684451  0.002829779239  0.008526160245  0.002833788750  0.002829779239  0.000000000000  0.000000000000  0.004281728802  0.002370316167  0.004251389743  0.002829779239  0.006256826699  0.003031365169  0.000000000000  0.004247112717  0.001422707760  0.002829779239  0.000000000000  0.001557911504  0.001412178491  0.000000000000  0.004542963114  0.002829779239  0.004251389743  0.004247112717  
piranga_leucoptera_lsu7783 0.005716562369  0.008282936811  0.008243916761  0.002827852089  0.000000000000  0.014288532144  0.005961289932  0.011879473207  0.008253637266  0.008243916761  0.004263761464  0.003047617122  0.008332234414  0.003701225368  0.008243916761  0.008282936811  0.010277048255  0.008726982071  0.005954273270  0.008241556053  0.004729320263  0.007091529331  0.002343976404  0.008981344173  0.003776554602  0.000000000000  0.006579064708  0.008243916761  0.007530891879  0.008241556053  
cardinalis_cardinalis_ku25393 0.014421495707  0.013168617371  0.013105854776  0.011402684451  0.014288532144  0.000000000000  0.013295963503  0.002359132362  0.013121489267  0.013105854776  0.007176247718  0.003070489751  0.013247921097  0.001866072513  0.013105854776  0.013168617371  0.011657032703  0.011327751851  0.000000000000  0.013096030757  0.008363003520  0.011955738797  0.011890381206  0.010343487788  0.011478616525  0.000000000000  0.011982980752  0.013105854776  0.015282521148  0.013096030757  
piranga_olivacea_ku2699 0.000000000000  0.002390145112  0.002378773856  0.002829779239  0.005961289932  0.013295963503  0.000000000000  0.010849772640  0.000000000000  0.002378773856  0.000000000000  0.001522336486  0.002404512983  0.003705294308  0.002378773856  0.001193481014  0.003894270282  0.000000000000  0.001510836468  0.002377097458  0.004798841167  0.001193481014  0.003572906868  0.007815371166  0.005042207129  0.000000000000  0.002623425261  0.002378773856  0.001248618542  0.002377097458  
cardinalis_cardinalis_ku21828 0.011501046015  0.010746130032  0.010695047764  0.008526160245  0.011879473207  0.002359132362  0.010849772640  0.000000000000  0.010707772746  0.010695047764  0.005732948879  0.003070489751  0.010810673216  0.001866072513  0.010695047764  0.010746130032  0.010347936606  0.008786633694  0.000000000000  0.010687962655  0.005957911817  0.009539773494  0.009488757834  0.009039805712  0.008904609457  0.000000000000  0.009294803467  0.010695047764  0.012699772578  0.010687962655  
piranga_rubra_ku7046 0.000000000000  0.002359132362  0.002348053598  0.002833788750  0.008253637266  0.013121489267  0.000000000000  0.010707772746  0.000000000000  0.002348053598  0.000000000000  0.001522336486  0.002373128706  0.003705294308  0.002348053598  0.002359132362  0.003834539081  0.000000000000  0.001483932687  0.002346420234  0.004741950958  0.001178015672  0.005887753482  0.007695088982  0.005048571170  0.000000000000  0.002623425261  0.002348053598  0.001250179540  0.002346420234  
piranga_bidentata_hgoslp104 0.000000000000  0.002356352881  0.002345300146  0.002829779239  0.008243916761  0.013105854776  0.002378773856  0.010695047764  0.002348053598  0.000000000000  0.001418671048  0.000000000000  0.002370316167  0.003705294308  0.002345300146  0.002356352881  0.003834539081  0.002482100327  0.001483932687  0.002343670613  0.004736336037  0.001176629584  0.005880828421  0.007695088982  0.003776612549  0.000000000000  0.001310399904  0.000000000000  0.002500721500  0.002343670613  
piranga_ludoviciana_sdsu2648 0.000000000000  0.002841841957  0.002841841957  0.000000000000  0.004263761464  0.007176247718  0.000000000000  0.005732948879  0.000000000000  0.001418671048  0.000000000000  0.001562780857  0.002841841957  0.003977978202  0.002841841957  0.001418671048  0.004265227721  0.000000000000  0.001639653512  0.002839449037  0.002862176660  0.001418671048  0.001418671048  0.002841841957  0.001418671048  0.000000000000  0.002839449037  0.001418671048  0.001418671048  0.002839449037  
piranga_roseogularis_ku2049 0.000000000000  0.001522336486  0.001522336486  0.000000000000  0.003047617122  0.003070489751  0.001522336486  0.003070489751  0.001522336486  0.000000000000  0.001562780857  0.000000000000  0.001522336486  0.001919810167  0.001522336486  0.000000000000  0.003047099479  0.001522336486  0.000000000000  0.001521778759  0.001534012916  0.000000000000  0.000000000000  0.000000000000  0.000000000000  0.000000000000  0.001521778759  0.000000000000  0.003078018337  0.001521778759  
piranga_hepatica_ku4970 0.001434956916  0.002370316167  0.002370316167  0.004281728802  0.008332234414  0.013247921097  0.002404512983  0.010810673216  0.002373128706  0.002370316167  0.002841841957  0.001522336486  0.000000000000  0.000000000000  0.002370316167  0.002370316167  0.001275305519  0.002494483475  0.001492793516  0.002368651673  0.004787354182  0.001183592839  0.005943746706  0.007695088982  0.005074188800  0.003097084176  0.002623425261  0.002370316167  0.003779993343  0.002368651673  
piranga_hepatica_ku9084 0.002404512983  0.001848822306  0.003705294308  0.002370316167  0.003701225368  0.001866072513  0.003705294308  0.001866072513  0.003705294308  0.003705294308  0.003977978202  0.001919810167  0.000000000000  0.000000000000  0.001848822306  0.001848822306  0.000000000000  0.003705294308  0.001848822306  0.001848822306  0.001848822306  0.001848822306  0.001848822306  0.001848822306  0.001961227256  0.003391161399  0.003828765935  0.003705294308  0.003892807390  0.001848822306  
piranga_rubra_sdsu2654 0.001424734743  0.002356352881  0.002345300146  0.004251389743  0.008243916761  0.013105854776  0.002378773856  0.010695047764  0.002348053598  0.002345300146  0.002841841957  0.001522336486  0.002370316167  0.001848822306  0.000000000000  0.002356352881  0.003834539081  0.002482100327  0.001483932687  0.002343670613  0.004736336037  0.001176629584  0.005880828421  0.007695088982  0.005042207129  0.000000000000  0.002623425261  0.002345300146  0.001248618542  0.002343670613  
piranga_flava_lsu15408 0.000000000000  0.002356352881  0.002356352881  0.002829779239  0.008282936811  0.013168617371  0.001193481014  0.010746130032  0.002359132362  0.002356352881  0.001418671048  0.000000000000  0.002370316167  0.001848822306  0.002356352881  0.000000000000  0.003834539081  0.002494483475  0.001492793516  0.002354707947  0.004758875883  0.001176629584  0.005908626872  0.007695088982  0.003776612549  0.000000000000  0.001310399904  0.002356352881  0.002500721500  0.002354707947  
piranga_lutea_lsu5400 0.003147812540  0.003834539081  0.003834539081  0.006256826699  0.010277048255  0.011657032703  0.003894270282  0.010347936606  0.003834539081  0.003834539081  0.004265227721  0.003047099479  0.001275305519  0.000000000000  0.003834539081  0.003834539081  0.000000000000  0.003834539081  0.002987920164  0.003833354556  0.006458118591  0.002553097609  0.007695088982  0.008984615662  0.006880007797  0.003097084176  0.004045284381  0.003834539081  0.005462221309  0.003833354556  
piranga_olivacea_ku4672 0.000000000000  0.002494483475  0.002482100327  0.003031365169  0.008726982071  0.011327751851  0.000000000000  0.008786633694  0.000000000000  0.002482100327  0.000000000000  0.001522336486  0.002494483475  0.003705294308  0.002482100327  0.002494483475  0.003834539081  0.000000000000  0.001483932687  0.002480275078  0.005015458838  0.001245508210  0.006224946774  0.007695088982  0.005359753709  0.000000000000  0.002626870966  0.002482100327  0.001326462119  0.002480275078  
piranga_ludoviciana_sdsu2208 0.000000000000  0.001492793516  0.001483932687  0.000000000000  0.005954273270  0.000000000000  0.001510836468  0.000000000000  0.001483932687  0.001483932687  0.001639653512  0.000000000000  0.001492793516  0.001848822306  0.001483932687  0.001492793516  0.002987920164  0.001483932687  0.000000000000  0.000000000000  0.001486138018  0.000000000000  0.002970170859  0.002988417836  0.000000000000  0.000000000000  0.001589507418  0.001483932687  0.003227010931  0.000000000000  
piranga_bidentata_itm160 0.001424246239  0.002354707947  0.002343670613  0.004247112717  0.008241556053  0.013096030757  0.002377097458  0.010687962655  0.002346420234  0.002343670613  0.002839449037  0.001521778759  0.002368651673  0.001848822306  0.002343670613  0.002354707947  0.003833354556  0.002480275078  0.000000000000  0.000000000000  0.004732026425  0.001176296405  0.005877203398  0.007691528969  0.005039548648  0.000000000000  0.002623808631  0.002343670613  0.003752989799  0.000000000000  
piranga_leucoptera_fmnh481795 0.004318712194  0.004758875883  0.004736336037  0.001422707760  0.004729320263  0.008363003520  0.004798841167  0.005957911817  0.004741950958  0.004736336037  0.002862176660  0.001534012916  0.004787354182  0.001848822306  0.004736336037  0.004758875883  0.006458118591  0.005015458838  0.001486138018  0.004732026425  0.000000000000  0.003564416604  0.002360265691  0.005156488058  0.002530485556  0.000000000000  0.005295887612  0.004736336037  0.006317797338  0.004732026425  
piranga_lutea_ku89864 0.000000000000  0.001176629584  0.001176629584  0.002829779239  0.007091529331  0.011955738797  0.001193481014  0.009539773494  0.001178015672  0.001176629584  0.001418671048  0.000000000000  0.001183592839  0.001848822306  0.001176629584  0.001176629584  0.002553097609  0.001245508210  0.000000000000  0.001176296405  0.003564416604  0.000000000000  0.004720856729  0.006404147624  0.003776612549  0.000000000000  0.001310399904  0.001176629584  0.002500721500  0.001176296405  
piranga_rubriceps_lsu34818 0.002854007957  0.005908626872  0.005880828421  0.000000000000  0.002343976404  0.011890381206  0.003572906868  0.009488757834  0.005887753482  0.005880828421  0.001418671048  0.000000000000  0.005943746706  0.001848822306  0.005880828421  0.005908626872  0.007695088982  0.006224946774  0.002970170859  0.005877203398  0.002360265691  0.004720856729  0.000000000000  0.006402158192  0.001256082835  0.000000000000  0.003940304330  0.005880828421  0.005015458838  0.005877203398  
piranga_roseogularis_ku2141 0.004734467351  0.007695088982  0.007695088982  0.001557911504  0.008981344173  0.010343487788  0.007815371166  0.009039805712  0.007695088982  0.007695088982  0.002841841957  0.000000000000  0.007695088982  0.001848822306  0.007695088982  0.007695088982  0.008984615662  0.007695088982  0.002988417836  0.007691528969  0.005156488058  0.006404147624  0.006402158192  0.000000000000  0.002742122394  0.000000000000  0.005403193826  0.007695088982  0.006845433104  0.007691528969  
piranga_erythrocephala_fmnh343371 0.004283497918  0.005042207129  0.005042207129  0.001412178491  0.003776554602  0.011478616525  0.005042207129  0.008904609457  0.005048571170  0.003776612549  0.001418671048  0.000000000000  0.005074188800  0.001961227256  0.005042207129  0.003776612549  0.006880007797  0.005359753709  0.000000000000  0.005039548648  0.002530485556  0.003776612549  0.001256082835  0.002742122394  0.000000000000  0.000000000000  0.005349584836  0.003776612549  0.006311381653  0.005039548648  
piranga_erythrocephala_fmnh343370 0.000000000000  0.000000000000  0.000000000000  0.000000000000  0.000000000000  0.000000000000  0.000000000000  0.000000000000  0.000000000000  0.000000000000  0.000000000000  0.000000000000  0.003097084176  0.003391161399  0.000000000000  0.000000000000  0.003097084176  0.000000000000  0.000000000000  0.000000000000  0.000000000000  0.000000000000  0.000000000000  0.000000000000  0.000000000000  0.000000000000  0.000000000000  0.000000000000  0.000000000000  0.000000000000  
piranga_ludoviciana_sdsu2650 0.001524098101  0.002623425261  0.002623425261  0.004542963114  0.006579064708  0.011982980752  0.002623425261  0.009294803467  0.002623425261  0.001310399904  0.002839449037  0.001521778759  0.002623425261  0.003828765935  0.002623425261  0.001310399904  0.004045284381  0.002626870966  0.001589507418  0.002623808631  0.005295887612  0.001310399904  0.003940304330  0.005403193826  0.005349584836  0.000000000000  0.000000000000  0.001310399904  0.003982146854  0.002623808631  
piranga_bidentata_tepe59 0.000000000000  0.002356352881  0.002345300146  0.002829779239  0.008243916761  0.013105854776  0.002378773856  0.010695047764  0.002348053598  0.000000000000  0.001418671048  0.000000000000  0.002370316167  0.003705294308  0.002345300146  0.002356352881  0.003834539081  0.002482100327  0.001483932687  0.002343670613  0.004736336037  0.001176629584  0.005880828421  0.007695088982  0.003776612549  0.000000000000  0.001310399904  0.000000000000  0.002500721500  0.002343670613  
piranga_rubra_sdsu2635 0.001424734743  0.003756328377  0.003756328377  0.004251389743  0.007530891879  0.015282521148  0.001248618542  0.012699772578  0.001250179540  0.002500721500  0.001418671048  0.003078018337  0.003779993343  0.003892807390  0.001248618542  0.002500721500  0.005462221309  0.001326462119  0.003227010931  0.003752989799  0.006317797338  0.002500721500  0.005015458838  0.006845433104  0.006311381653  0.000000000000  0.003982146854  0.002500721500  0.000000000000  0.003752989799  
piranga_bidentata_itm141 0.001424246239  0.002354707947  0.002343670613  0.004247112717  0.008241556053  0.013096030757  0.002377097458  0.010687962655  0.002346420234  0.002343670613  0.002839449037  0.001521778759  0.002368651673  0.001848822306  0.002343670613  0.002354707947  0.003833354556  0.002480275078  0.000000000000  0.000000000000  0.004732026425  0.001176296405  0.005877203398  0.007691528969  0.005039548648  0.000000000000  0.002623808631  0.002343670613  0.003752989799  0.000000000000  

