30
cardinalis_cardinalis_ku21828 0.000000000000  0.001001015984  0.021895105727  0.023980673139  0.025017310304  0.024494262925  0.027610679115  0.025008246336  0.023458453240  0.022432996870  0.022936786150  0.022936786150  0.023458453240  0.023971770109  0.024513032237  0.023989976987  0.022936786150  0.022936786150  0.022936786150  0.022936786150  0.021391300835  0.022432996870  0.021391300835  0.020871277393  0.020871277393  0.021391300835  0.025026776063  0.023467476315  0.025026776063  0.025550661444  
cardinalis_cardinalis_ku25393 0.001001015984  0.000000000000  0.020855622561  0.022936786150  0.023971770109  0.023449830680  0.026561266283  0.023963268265  0.022415670701  0.021391300835  0.021895105727  0.021895105727  0.022415670701  0.022928443468  0.023467476315  0.022945529047  0.021895105727  0.021895105727  0.021895105727  0.021895105727  0.020351802123  0.021391300835  0.020351802123  0.019832873870  0.019832873870  0.020351802123  0.023980673139  0.022424134012  0.023980673139  0.024503447022  
piranga_leucoptera_fmnh481795 0.021895105727  0.020855622561  0.000000000000  0.002004069451  0.007046732380  0.006540052920  0.016724904778  0.014165298031  0.013662932024  0.011624972075  0.013150201310  0.013150201310  0.013662932024  0.014170550520  0.013668700422  0.013155699050  0.013150201310  0.013150201310  0.013150201310  0.013150201310  0.010603216074  0.011624972075  0.010603216074  0.010093131404  0.010093131404  0.010603216074  0.013662932024  0.012131295623  0.013662932024  0.014176196760  
piranga_leucoptera_lsu7783 0.023980673139  0.022936786150  0.002004069451  0.000000000000  0.009078675838  0.008569903976  0.018789733702  0.016221541846  0.015719206255  0.013674861548  0.015204332756  0.015204332756  0.015719206255  0.016227882597  0.015726062948  0.015210916523  0.015204332756  0.015204332756  0.015204332756  0.015204332756  0.012648850953  0.013674861548  0.012648850953  0.012136645604  0.012136645604  0.012648850953  0.015719206255  0.014182236381  0.015719206255  0.016234618252  
piranga_rubriceps_lsu265 0.025017310304  0.023971770109  0.007046732380  0.009078675838  0.000000000000  0.000500253824  0.019818327402  0.017246397712  0.016743560439  0.014696308041  0.015712743808  0.015712743808  0.016227882597  0.016736946199  0.017784096521  0.017267062252  0.016227882597  0.016227882597  0.016227882597  0.016227882597  0.013668700422  0.014696308041  0.013668700422  0.013155699050  0.013155699050  0.013668700422  0.017259778464  0.015719206255  0.016743560439  0.017776537804  
piranga_rubriceps_lsu34818 0.024494262925  0.023449830680  0.006540052920  0.008569903976  0.000500253824  0.000000000000  0.019300497450  0.016730727522  0.016227882597  0.014182236381  0.015198142947  0.015198142947  0.015712743808  0.016221541846  0.017267062252  0.016750569873  0.015712743808  0.015712743808  0.015712743808  0.015712743808  0.013155699050  0.014182236381  0.013155699050  0.012643231153  0.012643231153  0.013155699050  0.016743560439  0.015204332756  0.016227882597  0.017259778464  
piranga_erythrocephala_fmnh343371 0.027610679115  0.026561266283  0.016724904778  0.018789733702  0.019818327402  0.019300497450  0.000000000000  0.002504548754  0.016210046534  0.014165298031  0.015695725633  0.015695725633  0.016210046534  0.016719478340  0.017246397712  0.016730727522  0.015695725633  0.015695725633  0.015695725633  0.015695725633  0.013140384630  0.014165298031  0.013140384630  0.012628726168  0.012628726168  0.013140384630  0.016724904778  0.015186946674  0.016724904778  0.017240301487  
piranga_erythrocephala_fmnh343370 0.025008246336  0.023963268265  0.014165298031  0.016221541846  0.017246397712  0.016730727522  0.002504548754  0.000000000000  0.013652574882  0.011615202222  0.013140384630  0.013140384630  0.013652574882  0.014160439664  0.014684078890  0.014170550520  0.013140384630  0.013140384630  0.013140384630  0.013140384630  0.010594519350  0.011615202222  0.010594519350  0.010084969581  0.010084969581  0.010594519350  0.014165298031  0.012633168391  0.014165298031  0.014678555187  
piranga_roseogularis_ku2049 0.023458453240  0.022415670701  0.013662932024  0.015719206255  0.016743560439  0.016227882597  0.016210046534  0.013652574882  0.000000000000  0.005021114631  0.011615202222  0.011615202222  0.012126337515  0.012633168391  0.013155699050  0.012643231153  0.011615202222  0.011615202222  0.011615202222  0.011615202222  0.009074543263  0.010093131404  0.009074543263  0.008566037615  0.008566037615  0.009074543263  0.012638003510  0.011109017246  0.012638003510  0.013150201310  
piranga_roseogularis_ku2141 0.022432996870  0.021391300835  0.011624972075  0.013674861548  0.014696308041  0.014182236381  0.014165298031  0.011615202222  0.005021114631  0.000000000000  0.009583574164  0.009583574164  0.010093131404  0.010598672199  0.011119032223  0.010608150604  0.009583574164  0.009583574164  0.009583574164  0.009583574164  0.007050191717  0.008065646416  0.007050191717  0.006543247950  0.006543247950  0.007050191717  0.010603216074  0.009078675838  0.010603216074  0.011113829265  
piranga_ludoviciana_sdsu2208 0.022936786150  0.021895105727  0.013150201310  0.015204332756  0.015712743808  0.015198142947  0.015695725633  0.013140384630  0.011615202222  0.009583574164  0.000000000000  0.000000000000  0.000500253824  0.001000692858  0.005528254173  0.005023132755  0.003006834880  0.003006834880  0.003006834880  0.003006834880  0.008566037615  0.009583574164  0.008566037615  0.008058056138  0.008058056138  0.008566037615  0.012126337515  0.010598672199  0.012126337515  0.012638003510  
piranga_ludoviciana_sdsu2385 0.022936786150  0.021895105727  0.013150201310  0.015204332756  0.015712743808  0.015198142947  0.015695725633  0.013140384630  0.011615202222  0.009583574164  0.000000000000  0.000000000000  0.000500253824  0.001000692858  0.005528254173  0.005023132755  0.003006834880  0.003006834880  0.003006834880  0.003006834880  0.008566037615  0.009583574164  0.008566037615  0.008058056138  0.008058056138  0.008566037615  0.012126337515  0.010598672199  0.012126337515  0.012638003510  
piranga_ludoviciana_sdsu2648 0.023458453240  0.022415670701  0.013662932024  0.015719206255  0.016227882597  0.015712743808  0.016210046534  0.013652574882  0.012126337515  0.010093131404  0.000500253824  0.000500253824  0.000000000000  0.001501705962  0.006033893873  0.005528254173  0.003509633482  0.003509633482  0.003509633482  0.003509633482  0.009074543263  0.010093131404  0.009074543263  0.008566037615  0.008566037615  0.009074543263  0.012638003510  0.011109017246  0.012638003510  0.013150201310  
piranga_ludoviciana_sdsu2650 0.023971770109  0.022928443468  0.014170550520  0.016227882597  0.016736946199  0.016221541846  0.016719478340  0.014160439664  0.012633168391  0.010598672199  0.001000692858  0.001000692858  0.001501705962  0.000000000000  0.006537245950  0.006031350392  0.004011837763  0.004011837763  0.004011837763  0.004011837763  0.009579564917  0.010598672199  0.009579564917  0.009070800503  0.009070800503  0.009579564917  0.013145096380  0.011615202222  0.013145096380  0.013657556720  
piranga_olivacea_ku2699 0.024513032237  0.023467476315  0.013668700422  0.015726062948  0.017784096521  0.017267062252  0.017246397712  0.014684078890  0.013155699050  0.011119032223  0.005528254173  0.005528254173  0.006033893873  0.006537245950  0.000000000000  0.000500253824  0.005528254173  0.005528254173  0.005528254173  0.005528254173  0.010097798063  0.011119032223  0.010097798063  0.009587973505  0.009587973505  0.009078675838  0.013155699050  0.011624972075  0.013155699050  0.013668700422  
piranga_olivacea_ku4672 0.023989976987  0.022945529047  0.013155699050  0.015210916523  0.017267062252  0.016750569873  0.016730727522  0.014170550520  0.012643231153  0.010608150604  0.005023132755  0.005023132755  0.005528254173  0.006031350392  0.000500253824  0.000000000000  0.005023132755  0.005023132755  0.005023132755  0.005023132755  0.009587973505  0.010608150604  0.009587973505  0.009078675838  0.009078675838  0.008569903976  0.012643231153  0.011113829265  0.012643231153  0.013155699050  
piranga_bidentata_hgoslp104 0.022936786150  0.021895105727  0.013150201310  0.015204332756  0.016227882597  0.015712743808  0.015695725633  0.013140384630  0.011615202222  0.009583574164  0.003006834880  0.003006834880  0.003509633482  0.004011837763  0.005528254173  0.005023132755  0.000000000000  0.000000000000  0.000000000000  0.000000000000  0.008566037615  0.009583574164  0.008566037615  0.008058056138  0.008058056138  0.008566037615  0.012126337515  0.010598672199  0.012126337515  0.012638003510  
piranga_bidentata_tepe59 0.022936786150  0.021895105727  0.013150201310  0.015204332756  0.016227882597  0.015712743808  0.015695725633  0.013140384630  0.011615202222  0.009583574164  0.003006834880  0.003006834880  0.003509633482  0.004011837763  0.005528254173  0.005023132755  0.000000000000  0.000000000000  0.000000000000  0.000000000000  0.008566037615  0.009583574164  0.008566037615  0.008058056138  0.008058056138  0.008566037615  0.012126337515  0.010598672199  0.012126337515  0.012638003510  
piranga_bidentata_itm160 0.022936786150  0.021895105727  0.013150201310  0.015204332756  0.016227882597  0.015712743808  0.015695725633  0.013140384630  0.011615202222  0.009583574164  0.003006834880  0.003006834880  0.003509633482  0.004011837763  0.005528254173  0.005023132755  0.000000000000  0.000000000000  0.000000000000  0.000000000000  0.008566037615  0.009583574164  0.008566037615  0.008058056138  0.008058056138  0.008566037615  0.012126337515  0.010598672199  0.012126337515  0.012638003510  
piranga_bidentata_itm141 0.022936786150  0.021895105727  0.013150201310  0.015204332756  0.016227882597  0.015712743808  0.015695725633  0.013140384630  0.011615202222  0.009583574164  0.003006834880  0.003006834880  0.003509633482  0.004011837763  0.005528254173  0.005023132755  0.000000000000  0.000000000000  0.000000000000  0.000000000000  0.008566037615  0.009583574164  0.008566037615  0.008058056138  0.008058056138  0.008566037615  0.012126337515  0.010598672199  0.012126337515  0.012638003510  
piranga_flava_ku90809 0.021391300835  0.020351802123  0.010603216074  0.012648850953  0.013668700422  0.013155699050  0.013140384630  0.010594519350  0.009074543263  0.007050191717  0.008566037615  0.008566037615  0.009074543263  0.009579564917  0.010097798063  0.009587973505  0.008566037615  0.008566037615  0.008566037615  0.008566037615  0.000000000000  0.001001015984  0.001001015984  0.000500253824  0.000500253824  0.001001015984  0.004516772306  0.003007808718  0.004516772306  0.005021114631  
piranga_flava_lsu15408 0.022432996870  0.021391300835  0.011624972075  0.013674861548  0.014696308041  0.014182236381  0.014165298031  0.011615202222  0.010093131404  0.008065646416  0.009583574164  0.009583574164  0.010093131404  0.010598672199  0.011119032223  0.010608150604  0.009583574164  0.009583574164  0.009583574164  0.009583574164  0.001001015984  0.000000000000  0.002004069451  0.001502287514  0.001502287514  0.002004069451  0.005525973640  0.004014440520  0.005525973640  0.006031350392  
piranga_lutea_ku89864 0.021391300835  0.020351802123  0.010603216074  0.012648850953  0.013668700422  0.013155699050  0.013140384630  0.010594519350  0.009074543263  0.007050191717  0.008566037615  0.008566037615  0.009074543263  0.009579564917  0.010097798063  0.009587973505  0.008566037615  0.008566037615  0.008566037615  0.008566037615  0.001001015984  0.002004069451  0.000000000000  0.000500253824  0.000500253824  0.001001015984  0.004516772306  0.003007808718  0.004516772306  0.005021114631  
piranga_hepatica_ku4970 0.020871277393  0.019832873870  0.010093131404  0.012136645604  0.013155699050  0.012643231153  0.012628726168  0.010084969581  0.008566037615  0.006543247950  0.008058056138  0.008058056138  0.008566037615  0.009070800503  0.009587973505  0.009078675838  0.008058056138  0.008058056138  0.008058056138  0.008058056138  0.000500253824  0.001502287514  0.000500253824  0.000000000000  0.000000000000  0.000500253824  0.004012945607  0.002505262851  0.004012945607  0.004516772306  
piranga_lutea_lsu5400 0.020871277393  0.019832873870  0.010093131404  0.012136645604  0.013155699050  0.012643231153  0.012628726168  0.010084969581  0.008566037615  0.006543247950  0.008058056138  0.008058056138  0.008566037615  0.009070800503  0.009587973505  0.009078675838  0.008058056138  0.008058056138  0.008058056138  0.008058056138  0.000500253824  0.001502287514  0.000500253824  0.000000000000  0.000000000000  0.000500253824  0.004012945607  0.002505262851  0.004012945607  0.004516772306  
piranga_hepatica_ku9084 0.021391300835  0.020351802123  0.010603216074  0.012648850953  0.013668700422  0.013155699050  0.013140384630  0.010594519350  0.009074543263  0.007050191717  0.008566037615  0.008566037615  0.009074543263  0.009579564917  0.009078675838  0.008569903976  0.008566037615  0.008566037615  0.008566037615  0.008566037615  0.001001015984  0.002004069451  0.001001015984  0.000500253824  0.000500253824  0.000000000000  0.004516772306  0.003007808718  0.004516772306  0.005021114631  
piranga_rubra_ku7046 0.025026776063  0.023980673139  0.013662932024  0.015719206255  0.017259778464  0.016743560439  0.016724904778  0.014165298031  0.012638003510  0.010603216074  0.012126337515  0.012126337515  0.012638003510  0.013145096380  0.013155699050  0.012643231153  0.012126337515  0.012126337515  0.012126337515  0.012126337515  0.004516772306  0.005525973640  0.004516772306  0.004012945607  0.004012945607  0.004516772306  0.000000000000  0.001501705962  0.005021114631  0.005525973640  
piranga_rubra_sdsu2654 0.023467476315  0.022424134012  0.012131295623  0.014182236381  0.015719206255  0.015204332756  0.015186946674  0.012633168391  0.011109017246  0.009078675838  0.010598672199  0.010598672199  0.011109017246  0.011615202222  0.011624972075  0.011113829265  0.010598672199  0.010598672199  0.010598672199  0.010598672199  0.003007808718  0.004014440520  0.003007808718  0.002505262851  0.002505262851  0.003007808718  0.001501705962  0.000000000000  0.003510867591  0.004014440520  
piranga_rubra_sdsu2635 0.025026776063  0.023980673139  0.013662932024  0.015719206255  0.016743560439  0.016227882597  0.016724904778  0.014165298031  0.012638003510  0.010603216074  0.012126337515  0.012126337515  0.012638003510  0.013145096380  0.013155699050  0.012643231153  0.012126337515  0.012126337515  0.012126337515  0.012126337515  0.004516772306  0.005525973640  0.004516772306  0.004012945607  0.004012945607  0.004516772306  0.005021114631  0.003510867591  0.000000000000  0.005525973640  
piranga_rubra_ku26592 0.025550661444  0.024503447022  0.014176196760  0.016234618252  0.017776537804  0.017259778464  0.017240301487  0.014678555187  0.013150201310  0.011113829265  0.012638003510  0.012638003510  0.013150201310  0.013657556720  0.013668700422  0.013155699050  0.012638003510  0.012638003510  0.012638003510  0.012638003510  0.005021114631  0.006031350392  0.005021114631  0.004516772306  0.004516772306  0.005021114631  0.005525973640  0.004014440520  0.005525973640  0.000000000000  

