30
cardinalis_cardinalis_ku21828 0.000000000000  0.000000000000  0.022351427636  0.021324559282  0.018741546844  0.015157442279  0.022347541321  0.029082001712  0.022865456979  0.021833779972  0.021833779972  0.024413702131  0.025449000023  0.025449000023  0.025449000023  0.021833779972  0.021833779972  0.021833779972  0.020284057234  0.021830163671  0.021830163671  0.026481729205  0.034823965775  0.039575691083  0.039575691083  0.039033308825  0.037459858673  0.037459858673  0.037459858673  0.037459858673  
cardinalis_cardinalis_ku25393 0.000000000000  0.000000000000  0.022351427636  0.021324559282  0.018741546844  0.015157442279  0.022347541321  0.029082001712  0.022865456979  0.021833779972  0.021833779972  0.024413702131  0.025449000023  0.025449000023  0.025449000023  0.021833779972  0.021833779972  0.021833779972  0.020284057234  0.021830163671  0.021830163671  0.026481729205  0.034823965775  0.039575691083  0.039575691083  0.039033308825  0.037459858673  0.037459858673  0.037459858673  0.037459858673  
piranga_erythrocephala_fmnh343371 0.022351427636  0.022351427636  0.000000000000  0.001000756678  0.011597122382  0.008047284311  0.015168319728  0.021837795297  0.015681179203  0.014659423994  0.014659423994  0.017214583277  0.018239889820  0.018239889820  0.018239889820  0.014659423994  0.014659423994  0.014659423994  0.013124791725  0.014655987813  0.014655987813  0.019262789134  0.027524052536  0.032228723108  0.032228723108  0.031692107545  0.030133869691  0.030133869691  0.030133869691  0.030133869691  
piranga_erythrocephala_fmnh343370 0.021324559282  0.021324559282  0.001000756678  0.000000000000  0.010583879982  0.007038414772  0.014150917586  0.020811718913  0.014663251754  0.013642799842  0.013642799842  0.016194567326  0.017218561711  0.017218561711  0.017218561711  0.013642799842  0.013642799842  0.013642799842  0.012109735425  0.013639109898  0.013639109898  0.018239889820  0.026490238468  0.031189458856  0.031189458856  0.030652877287  0.029097066072  0.029097066072  0.029097066072  0.029097066072  
piranga_rubriceps_lsu265 0.018741546844  0.018741546844  0.011597122382  0.010583879982  0.000000000000  0.004513794432  0.011594873512  0.018229907183  0.012104324253  0.011087930948  0.011087930948  0.013630385485  0.014650291751  0.014650291751  0.014650291751  0.011087930948  0.011087930948  0.011087930948  0.009563472672  0.011085943345  0.011085943345  0.015669243222  0.023888117466  0.028563815918  0.028563815918  0.028033837354  0.026481729205  0.026481729205  0.026481729205  0.026481729205  
piranga_rubriceps_lsu34818 0.015157442279  0.015157442279  0.008047284311  0.007038414772  0.004513794432  0.000000000000  0.008045691245  0.014648032659  0.008552295239  0.007540936735  0.007540936735  0.010071107153  0.011085943345  0.011085943345  0.011085943345  0.007540936735  0.007540936735  0.007540936735  0.006024975365  0.007539602027  0.007539602027  0.012100473969  0.020278836594  0.024929195972  0.024929195972  0.024403603879  0.022858343571  0.022858343571  0.022858343571  0.022858343571  
piranga_lutea_lsu5400 0.022347541321  0.022347541321  0.015168319728  0.014150917586  0.011594873512  0.008045691245  0.000000000000  0.008043666250  0.001501508631  0.000500189063  0.000500189063  0.003006042630  0.004010769858  0.004010769858  0.004010769858  0.000500189063  0.000500189063  0.000500189063  0.002003204742  0.003509566307  0.003509566307  0.008045691245  0.016179306394  0.020287265030  0.020287265030  0.020281247621  0.018744349063  0.018744349063  0.018744349063  0.018744349063  
piranga_roseogularis_ku2049 0.029082001712  0.029082001712  0.021837795297  0.020811718913  0.018229907183  0.014648032659  0.008043666250  0.000000000000  0.006528963738  0.007538653969  0.007538653969  0.010068562967  0.011083137587  0.011083137587  0.011083137587  0.007538653969  0.007538653969  0.007538653969  0.009057691142  0.010579259559  0.010579259559  0.015159571897  0.023373030926  0.028046033354  0.028046033354  0.027516065128  0.025965164118  0.025965164118  0.025965164118  0.025965164118  
piranga_flava_lsu15408 0.022865456979  0.022865456979  0.015681179203  0.014663251754  0.012104324253  0.008552295239  0.001501508631  0.006528963738  0.000000000000  0.001000690486  0.001000690486  0.003508307376  0.004513794432  0.004513794432  0.004513794432  0.001000690486  0.001000690486  0.001000690486  0.002505219605  0.004012848293  0.004012848293  0.008552295239  0.016691896315  0.021320415350  0.021320415350  0.020797017932  0.019259322859  0.019259322859  0.019259322859  0.019259322859  
piranga_flava_ku90809 0.021833779972  0.021833779972  0.014659423994  0.013642799842  0.011087930948  0.007540936735  0.000500189063  0.007538653969  0.001000690486  0.000000000000  0.000000000000  0.002504213425  0.003508307376  0.003508307376  0.003508307376  0.000000000000  0.000000000000  0.000000000000  0.001502263328  0.003007740984  0.003007740984  0.007540936735  0.015669243222  0.020290870608  0.020290870608  0.019768552701  0.018232838991  0.018232838991  0.018232838991  0.018232838991  
piranga_hepatica_ku4970 0.021833779972  0.021833779972  0.014659423994  0.013642799842  0.011087930948  0.007540936735  0.000500189063  0.007538653969  0.001000690486  0.000000000000  0.000000000000  0.002504213425  0.003508307376  0.003508307376  0.003508307376  0.000000000000  0.000000000000  0.000000000000  0.001502263328  0.003007740984  0.003007740984  0.007540936735  0.015669243222  0.020290870608  0.020290870608  0.019768552701  0.018232838991  0.018232838991  0.018232838991  0.018232838991  
piranga_hepatica_ku9084 0.024413702131  0.024413702131  0.017214583277  0.016194567326  0.013630385485  0.010071107153  0.003006042630  0.010068562967  0.003508307376  0.002504213425  0.002504213425  0.000000000000  0.006024412588  0.006024412588  0.006024412588  0.002504213425  0.002504213425  0.002504213425  0.004011772083  0.005522446827  0.005522446827  0.010071107153  0.018227371645  0.022865456979  0.022865456979  0.022340968218  0.020800095884  0.020800095884  0.020800095884  0.020800095884  
piranga_bidentata_hgoslp104 0.025449000023  0.025449000023  0.018239889820  0.017218561711  0.014650291751  0.011085943345  0.004010769858  0.011083137587  0.004513794432  0.003508307376  0.003508307376  0.006024412588  0.000000000000  0.000000000000  0.000000000000  0.003508307376  0.003508307376  0.003508307376  0.005018147838  0.006530988606  0.006530988606  0.011085943345  0.019253581181  0.023898607624  0.023898607624  0.023373030926  0.021830163671  0.021830163671  0.021830163671  0.021830163671  
piranga_bidentata_itm141 0.025449000023  0.025449000023  0.018239889820  0.017218561711  0.014650291751  0.011085943345  0.004010769858  0.011083137587  0.004513794432  0.003508307376  0.003508307376  0.006024412588  0.000000000000  0.000000000000  0.000000000000  0.003508307376  0.003508307376  0.003508307376  0.005018147838  0.006530988606  0.006530988606  0.011085943345  0.019253581181  0.023898607624  0.023898607624  0.023373030926  0.021830163671  0.021830163671  0.021830163671  0.021830163671  
piranga_bidentata_itm160 0.025449000023  0.025449000023  0.018239889820  0.017218561711  0.014650291751  0.011085943345  0.004010769858  0.011083137587  0.004513794432  0.003508307376  0.003508307376  0.006024412588  0.000000000000  0.000000000000  0.000000000000  0.003508307376  0.003508307376  0.003508307376  0.005018147838  0.006530988606  0.006530988606  0.011085943345  0.019253581181  0.023898607624  0.023898607624  0.023373030926  0.021830163671  0.021830163671  0.021830163671  0.021830163671  
piranga_lutea_ku89864 0.021833779972  0.021833779972  0.014659423994  0.013642799842  0.011087930948  0.007540936735  0.000500189063  0.007538653969  0.001000690486  0.000000000000  0.000000000000  0.002504213425  0.003508307376  0.003508307376  0.003508307376  0.000000000000  0.000000000000  0.000000000000  0.001502263328  0.003007740984  0.003007740984  0.007540936735  0.015669243222  0.020290870608  0.020290870608  0.019768552701  0.018232838991  0.018232838991  0.018232838991  0.018232838991  
piranga_ludoviciana_sdsu2208 0.021833779972  0.021833779972  0.014659423994  0.013642799842  0.011087930948  0.007540936735  0.000500189063  0.007538653969  0.001000690486  0.000000000000  0.000000000000  0.002504213425  0.003508307376  0.003508307376  0.003508307376  0.000000000000  0.000000000000  0.000000000000  0.001502263328  0.003007740984  0.003007740984  0.007540936735  0.015669243222  0.020290870608  0.020290870608  0.019768552701  0.018232838991  0.018232838991  0.018232838991  0.018232838991  
piranga_roseogularis_ku2141 0.021833779972  0.021833779972  0.014659423994  0.013642799842  0.011087930948  0.007540936735  0.000500189063  0.007538653969  0.001000690486  0.000000000000  0.000000000000  0.002504213425  0.003508307376  0.003508307376  0.003508307376  0.000000000000  0.000000000000  0.000000000000  0.001502263328  0.003007740984  0.003007740984  0.007540936735  0.015669243222  0.020290870608  0.020290870608  0.019768552701  0.018232838991  0.018232838991  0.018232838991  0.018232838991  
piranga_ludoviciana_sdsu2650 0.020284057234  0.020284057234  0.013124791725  0.012109735425  0.009563472672  0.006024975365  0.002003204742  0.009057691142  0.002505219605  0.001502263328  0.001502263328  0.004011772083  0.005018147838  0.005018147838  0.005018147838  0.001502263328  0.001502263328  0.001502263328  0.000000000000  0.001501695375  0.001501695375  0.006024975365  0.014135415472  0.018744349063  0.018744349063  0.018225232778  0.016691896315  0.016691896315  0.016691896315  0.016691896315  
piranga_leucoptera_fmnh481795 0.021830163671  0.021830163671  0.014655987813  0.013639109898  0.011085943345  0.007539602027  0.003509566307  0.010579259559  0.004012848293  0.003007740984  0.003007740984  0.005522446827  0.006530988606  0.006530988606  0.006530988606  0.003007740984  0.003007740984  0.003007740984  0.001501695375  0.000000000000  0.000000000000  0.007539602027  0.015667243478  0.020287265030  0.020287265030  0.019766010871  0.018229907183  0.018229907183  0.018229907183  0.018229907183  
piranga_leucoptera_lsu7783 0.021830163671  0.021830163671  0.014655987813  0.013639109898  0.011085943345  0.007539602027  0.003509566307  0.010579259559  0.004012848293  0.003007740984  0.003007740984  0.005522446827  0.006530988606  0.006530988606  0.006530988606  0.003007740984  0.003007740984  0.003007740984  0.001501695375  0.000000000000  0.000000000000  0.007539602027  0.015667243478  0.020287265030  0.020287265030  0.019766010871  0.018229907183  0.018229907183  0.018229907183  0.018229907183  
piranga_ludoviciana_sdsu2385 0.026481729205  0.026481729205  0.019262789134  0.018239889820  0.015669243222  0.012100473969  0.008045691245  0.015159571897  0.008552295239  0.007540936735  0.007540936735  0.010071107153  0.011085943345  0.011085943345  0.011085943345  0.007540936735  0.007540936735  0.007540936735  0.006024975365  0.007539602027  0.007539602027  0.000000000000  0.008043666250  0.012611914116  0.012611914116  0.012099135145  0.010577532689  0.010577532689  0.010577532689  0.010577532689  
piranga_ludoviciana_sdsu2648 0.034823965775  0.034823965775  0.027524052536  0.026490238468  0.023888117466  0.020278836594  0.016179306394  0.023373030926  0.016691896315  0.015669243222  0.015669243222  0.018227371645  0.019253581181  0.019253581181  0.019253581181  0.015669243222  0.015669243222  0.015669243222  0.014135415472  0.015667243478  0.015667243478  0.008043666250  0.000000000000  0.004516639355  0.004516639355  0.004011079142  0.002505219605  0.002505219605  0.002505219605  0.002505219605  
piranga_rubra_sdsu2635 0.039575691083  0.039575691083  0.032228723108  0.031189458856  0.028563815918  0.024929195972  0.020287265030  0.028046033354  0.021320415350  0.020290870608  0.020290870608  0.022865456979  0.023898607624  0.023898607624  0.023898607624  0.020290870608  0.020290870608  0.020290870608  0.018744349063  0.020287265030  0.020287265030  0.012611914116  0.004516639355  0.000000000000  0.000000000000  0.003508307376  0.002003204742  0.002003204742  0.002003204742  0.002003204742  
piranga_rubra_sdsu2654 0.039575691083  0.039575691083  0.032228723108  0.031189458856  0.028563815918  0.024929195972  0.020287265030  0.028046033354  0.021320415350  0.020290870608  0.020290870608  0.022865456979  0.023898607624  0.023898607624  0.023898607624  0.020290870608  0.020290870608  0.020290870608  0.018744349063  0.020287265030  0.020287265030  0.012611914116  0.004516639355  0.000000000000  0.000000000000  0.003508307376  0.002003204742  0.002003204742  0.002003204742  0.002003204742  
piranga_olivacea_ku2699 0.039033308825  0.039033308825  0.031692107545  0.030652877287  0.028033837354  0.024403603879  0.020281247621  0.027516065128  0.020797017932  0.019768552701  0.019768552701  0.022340968218  0.023373030926  0.023373030926  0.023373030926  0.019768552701  0.019768552701  0.019768552701  0.018225232778  0.019766010871  0.019766010871  0.012099135145  0.004011079142  0.003508307376  0.003508307376  0.000000000000  0.001501703482  0.001501703482  0.001501703482  0.001501703482  
piranga_rubra_ku7046 0.037459858673  0.037459858673  0.030133869691  0.029097066072  0.026481729205  0.022858343571  0.018744349063  0.025965164118  0.019259322859  0.018232838991  0.018232838991  0.020800095884  0.021830163671  0.021830163671  0.021830163671  0.018232838991  0.018232838991  0.018232838991  0.016691896315  0.018229907183  0.018229907183  0.010577532689  0.002505219605  0.002003204742  0.002003204742  0.001501703482  0.000000000000  0.000000000000  0.000000000000  0.000000000000  
piranga_bidentata_tepe59 0.037459858673  0.037459858673  0.030133869691  0.029097066072  0.026481729205  0.022858343571  0.018744349063  0.025965164118  0.019259322859  0.018232838991  0.018232838991  0.020800095884  0.021830163671  0.021830163671  0.021830163671  0.018232838991  0.018232838991  0.018232838991  0.016691896315  0.018229907183  0.018229907183  0.010577532689  0.002505219605  0.002003204742  0.002003204742  0.001501703482  0.000000000000  0.000000000000  0.000000000000  0.000000000000  
piranga_olivacea_ku4672 0.037459858673  0.037459858673  0.030133869691  0.029097066072  0.026481729205  0.022858343571  0.018744349063  0.025965164118  0.019259322859  0.018232838991  0.018232838991  0.020800095884  0.021830163671  0.021830163671  0.021830163671  0.018232838991  0.018232838991  0.018232838991  0.016691896315  0.018229907183  0.018229907183  0.010577532689  0.002505219605  0.002003204742  0.002003204742  0.001501703482  0.000000000000  0.000000000000  0.000000000000  0.000000000000  
piranga_rubra_ku26592 0.037459858673  0.037459858673  0.030133869691  0.029097066072  0.026481729205  0.022858343571  0.018744349063  0.025965164118  0.019259322859  0.018232838991  0.018232838991  0.020800095884  0.021830163671  0.021830163671  0.021830163671  0.018232838991  0.018232838991  0.018232838991  0.016691896315  0.018229907183  0.018229907183  0.010577532689  0.002505219605  0.002003204742  0.002003204742  0.001501703482  0.000000000000  0.000000000000  0.000000000000  0.000000000000  

