30
cardinalis_cardinalis_ku21828 0.000000000000  0.001000764287  0.018760994805  0.019789121953  0.024436982333  0.019282335798  0.018752664589  0.018752664589  0.015176290335  0.015689830898  0.015176290335  0.018765786767  0.015176290335  0.017223814143  0.014150854486  0.014659546257  0.014663298588  0.013638956859  0.013638956859  0.016701485807  0.020301386242  0.016701485807  0.015681602972  0.013638956859  0.015675035460  0.015675035460  0.019780477826  0.019264525475  0.023391855310  0.019264525475  
cardinalis_cardinalis_ku25393 0.001000764287  0.000000000000  0.017738987577  0.018765786767  0.023407756362  0.018260052710  0.017730135773  0.017730135773  0.014159031793  0.014672044011  0.014159031793  0.017744038230  0.014159031793  0.016203921453  0.013134649252  0.013642555707  0.013646567262  0.012623276597  0.012623276597  0.015681602972  0.019277255689  0.015681602972  0.014663298588  0.012623276597  0.014656208018  0.014656208018  0.018756620617  0.018241201583  0.022363451518  0.018241201583  
piranga_erythrocephala_fmnh343371 0.018760994805  0.017738987577  0.000000000000  0.001000702621  0.021849850935  0.016713670420  0.016187986269  0.016187986269  0.013646567262  0.014159031793  0.013646567262  0.017228577863  0.013646567262  0.015689830898  0.012623276597  0.013130920701  0.013134649252  0.012112448136  0.012112448136  0.014663298588  0.018254714507  0.014656208018  0.014150854486  0.012112448136  0.014144330774  0.014144330774  0.018241201583  0.017726335384  0.021845001901  0.017726335384  
piranga_erythrocephala_fmnh343370 0.019789121953  0.018765786767  0.001000702621  0.000000000000  0.022882461698  0.017738987577  0.017212020837  0.017212020837  0.014667464632  0.015180740887  0.014667464632  0.018254714507  0.014667464632  0.016713670420  0.013642555707  0.014150854486  0.014154736629  0.013130920701  0.013130920701  0.015685509574  0.019282335798  0.015678111474  0.015172253812  0.013130920701  0.015165424366  0.015165424366  0.019268350144  0.018752664589  0.022877452746  0.018752664589  
piranga_leucoptera_fmnh481795 0.024436982333  0.023407756362  0.021849850935  0.022882461698  0.000000000000  0.009056278759  0.016693049712  0.016693049712  0.019282335798  0.019799441287  0.019282335798  0.022893744921  0.019282335798  0.020823848946  0.018249792998  0.018760994805  0.018765786767  0.017734353298  0.017734353298  0.020814049242  0.024436982333  0.020814049242  0.019789121953  0.017734353298  0.019780477826  0.019780477826  0.023911406267  0.023391855310  0.027544958578  0.023391855310  
piranga_leucoptera_lsu7783 0.019282335798  0.018260052710  0.016713670420  0.017738987577  0.009056278759  0.000000000000  0.011594748043  0.011594748043  0.014163739601  0.014677036349  0.014163739601  0.017749504878  0.014163739601  0.016208942849  0.013138789819  0.013646567262  0.013650991147  0.012627134450  0.012627134450  0.015685509574  0.019282335798  0.015685509574  0.014667464632  0.012627134450  0.014659546257  0.014659546257  0.018760994805  0.018245288563  0.022368591147  0.018245288563  
piranga_rubriceps_lsu265 0.018752664589  0.017730135773  0.016187986269  0.017212020837  0.016693049712  0.011594748043  0.000000000000  0.000000000000  0.013638956859  0.014150854486  0.013638956859  0.017219466478  0.013638956859  0.015681602972  0.012616796381  0.013124701160  0.013127604544  0.012106531212  0.012106531212  0.015162632207  0.018752664589  0.015162632207  0.014144330774  0.012106531212  0.014139463705  0.014139463705  0.018234281525  0.017719987553  0.021327111637  0.017719987553  
piranga_rubriceps_lsu34818 0.018752664589  0.017730135773  0.016187986269  0.017212020837  0.016693049712  0.011594748043  0.000000000000  0.000000000000  0.013638956859  0.014150854486  0.013638956859  0.017219466478  0.013638956859  0.015681602972  0.012616796381  0.013124701160  0.013127604544  0.012106531212  0.012106531212  0.015162632207  0.018752664589  0.015162632207  0.014144330774  0.012106531212  0.014139463705  0.014139463705  0.018234281525  0.017719987553  0.021327111637  0.017719987553  
piranga_flava_lsu15408 0.015176290335  0.014159031793  0.013646567262  0.014667464632  0.019282335798  0.014163739601  0.013638956859  0.013638956859  0.000000000000  0.000500260587  0.000000000000  0.003508924072  0.000000000000  0.002002813196  0.007044676939  0.007548687243  0.007551788233  0.006538100812  0.006538100812  0.009571186127  0.013134649252  0.008555433769  0.008560711843  0.006538100812  0.010583216370  0.010583216370  0.014659546257  0.014147385741  0.018245288563  0.014147385741  
piranga_lutea_ku89864 0.015689830898  0.014672044011  0.014159031793  0.015180740887  0.019799441287  0.014677036349  0.014150854486  0.014150854486  0.000500260587  0.000000000000  0.000500260587  0.004012039111  0.000500260587  0.002504623168  0.007551788233  0.008056056533  0.008059435826  0.007044676939  0.007044676939  0.010079869470  0.013646567262  0.009063041273  0.009068876783  0.007044676939  0.011092419174  0.011092419174  0.015172253812  0.014659546257  0.018760994805  0.014659546257  
piranga_hepatica_ku9084 0.015176290335  0.014159031793  0.013646567262  0.014667464632  0.019282335798  0.014163739601  0.013638956859  0.013638956859  0.000000000000  0.000500260587  0.000000000000  0.003508924072  0.000000000000  0.002002813196  0.007044676939  0.007548687243  0.007551788233  0.006538100812  0.006538100812  0.009571186127  0.013134649252  0.008555433769  0.008560711843  0.006538100812  0.010583216370  0.010583216370  0.014659546257  0.014147385741  0.018245288563  0.014147385741  
piranga_hepatica_ku4970 0.018765786767  0.017744038230  0.017228577863  0.018254714507  0.022893744921  0.017749504878  0.017219466478  0.017219466478  0.003508924072  0.004012039111  0.003508924072  0.000000000000  0.003508924072  0.005521785652  0.010592645237  0.011098856196  0.011102689926  0.010083141921  0.010083141921  0.013130920701  0.016713670420  0.012109283788  0.012116023877  0.010083141921  0.014147385741  0.014147385741  0.018245288563  0.017730135773  0.021849850935  0.017730135773  
piranga_lutea_lsu5400 0.015176290335  0.014159031793  0.013646567262  0.014667464632  0.019282335798  0.014163739601  0.013638956859  0.013638956859  0.000000000000  0.000500260587  0.000000000000  0.003508924072  0.000000000000  0.002002813196  0.007044676939  0.007548687243  0.007551788233  0.006538100812  0.006538100812  0.009571186127  0.013134649252  0.008555433769  0.008560711843  0.006538100812  0.010583216370  0.010583216370  0.014659546257  0.014147385741  0.018245288563  0.014147385741  
piranga_flava_ku90809 0.017223814143  0.016203921453  0.015689830898  0.016713670420  0.020823848946  0.016208942849  0.015681602972  0.015681602972  0.002002813196  0.002504623168  0.002002813196  0.005521785652  0.002002813196  0.000000000000  0.009068876783  0.009574178831  0.009577580255  0.008560711843  0.008560711843  0.011602162713  0.015176290335  0.010583216370  0.010589092444  0.008560711843  0.012616796381  0.012616796381  0.016705131355  0.016191346745  0.020301386242  0.016191346745  
piranga_ludoviciana_sdsu2208 0.014150854486  0.013134649252  0.012623276597  0.013642555707  0.018249792998  0.013138789819  0.012616796381  0.012616796381  0.007044676939  0.007551788233  0.007044676939  0.010592645237  0.007044676939  0.009068876783  0.000000000000  0.000500190964  0.000500260587  0.000500260587  0.000500260587  0.003508432860  0.007035824022  0.003508432860  0.002504623168  0.000500260587  0.009566428385  0.009566428385  0.013635771096  0.013124701160  0.017215535249  0.013124701160  
piranga_bidentata_hgoslp104 0.014659546257  0.013642555707  0.013130920701  0.014150854486  0.018760994805  0.013646567262  0.013124701160  0.013124701160  0.007548687243  0.008056056533  0.007548687243  0.011098856196  0.007548687243  0.009574178831  0.000500190964  0.000000000000  0.001000702621  0.001000702621  0.001000702621  0.004010914991  0.007540354533  0.004010914991  0.003006335804  0.001000702621  0.010072510044  0.010072510044  0.014144330774  0.013632998798  0.017726335384  0.013632998798  
piranga_bidentata_tepe59 0.014663298588  0.013646567262  0.013134649252  0.014154736629  0.018765786767  0.013650991147  0.013127604544  0.013127604544  0.007551788233  0.008059435826  0.007551788233  0.011102689926  0.007551788233  0.009577580255  0.000500260587  0.001000702621  0.000000000000  0.001001043074  0.001001043074  0.004011274541  0.007541826273  0.004011274541  0.003006958279  0.001001043074  0.010074553154  0.010074553154  0.014147385741  0.013635771096  0.017730135773  0.013635771096  
piranga_bidentata_itm141 0.013638956859  0.012623276597  0.012112448136  0.013130920701  0.017734353298  0.012627134450  0.012106531212  0.012106531212  0.006538100812  0.007044676939  0.006538100812  0.010083141921  0.006538100812  0.008560711843  0.000500260587  0.001000702621  0.001001043074  0.000000000000  0.000000000000  0.003006117377  0.006530354600  0.003006117377  0.002002813196  0.000000000000  0.009058840923  0.009058840923  0.013124701160  0.012614174776  0.016701485807  0.012614174776  
piranga_bidentata_itm160 0.013638956859  0.012623276597  0.012112448136  0.013130920701  0.017734353298  0.012627134450  0.012106531212  0.012106531212  0.006538100812  0.007044676939  0.006538100812  0.010083141921  0.006538100812  0.008560711843  0.000500260587  0.001000702621  0.001001043074  0.000000000000  0.000000000000  0.003006117377  0.006530354600  0.003006117377  0.002002813196  0.000000000000  0.009058840923  0.009058840923  0.013124701160  0.012614174776  0.016701485807  0.012614174776  
piranga_olivacea_ku2699 0.016701485807  0.015681602972  0.014663298588  0.015685509574  0.020814049242  0.015685509574  0.015162632207  0.015162632207  0.009571186127  0.010079869470  0.009571186127  0.013130920701  0.009571186127  0.011602162713  0.003508432860  0.004010914991  0.004011274541  0.003006117377  0.003006117377  0.000000000000  0.003509819629  0.006024536290  0.005017132127  0.003006117377  0.012102262896  0.012102262896  0.016185041978  0.015672375315  0.019776784926  0.015672375315  
piranga_olivacea_ku4672 0.020301386242  0.019277255689  0.018254714507  0.019282335798  0.024436982333  0.019282335798  0.018752664589  0.018752664589  0.013134649252  0.013646567262  0.013134649252  0.016713670420  0.013134649252  0.015176290335  0.007035824022  0.007540354533  0.007541826273  0.006530354600  0.006530354600  0.003509819629  0.000000000000  0.009563310050  0.008551789633  0.006530354600  0.015675035460  0.015675035460  0.019780477826  0.019264525475  0.023391855310  0.019264525475  
piranga_ludoviciana_sdsu2650 0.016701485807  0.015681602972  0.014656208018  0.015678111474  0.020814049242  0.015685509574  0.015162632207  0.015162632207  0.008555433769  0.009063041273  0.008555433769  0.012109283788  0.008555433769  0.010583216370  0.003508432860  0.004010914991  0.004011274541  0.003006117377  0.003006117377  0.006024536290  0.009563310050  0.000000000000  0.004011274541  0.003006117377  0.012102262896  0.012102262896  0.016185041978  0.015672375315  0.019776784926  0.015672375315  
piranga_ludoviciana_sdsu2385 0.015681602972  0.014663298588  0.014150854486  0.015172253812  0.019789121953  0.014667464632  0.014144330774  0.014144330774  0.008560711843  0.009068876783  0.008560711843  0.012116023877  0.008560711843  0.010589092444  0.002504623168  0.003006335804  0.003006958279  0.002002813196  0.002002813196  0.005017132127  0.008551789633  0.004011274541  0.000000000000  0.002002813196  0.011087625248  0.011087625248  0.015165424366  0.014653284252  0.018752664589  0.014653284252  
piranga_ludoviciana_sdsu2648 0.013638956859  0.012623276597  0.012112448136  0.013130920701  0.017734353298  0.012627134450  0.012106531212  0.012106531212  0.006538100812  0.007044676939  0.006538100812  0.010083141921  0.006538100812  0.008560711843  0.000500260587  0.001000702621  0.001001043074  0.000000000000  0.000000000000  0.003006117377  0.006530354600  0.003006117377  0.002002813196  0.000000000000  0.009058840923  0.009058840923  0.013124701160  0.012614174776  0.016701485807  0.012614174776  
piranga_roseogularis_ku2049 0.015675035460  0.014656208018  0.014144330774  0.015165424366  0.019780477826  0.014659546257  0.014139463705  0.014139463705  0.010583216370  0.011092419174  0.010583216370  0.014147385741  0.010583216370  0.012616796381  0.009566428385  0.010072510044  0.010074553154  0.009058840923  0.009058840923  0.012102262896  0.015675035460  0.012102262896  0.011087625248  0.009058840923  0.000000000000  0.000000000000  0.010072510044  0.009564664101  0.013632998798  0.009564664101  
piranga_roseogularis_ku2141 0.015675035460  0.014656208018  0.014144330774  0.015165424366  0.019780477826  0.014659546257  0.014139463705  0.014139463705  0.010583216370  0.011092419174  0.010583216370  0.014147385741  0.010583216370  0.012616796381  0.009566428385  0.010072510044  0.010074553154  0.009058840923  0.009058840923  0.012102262896  0.015675035460  0.012102262896  0.011087625248  0.009058840923  0.000000000000  0.000000000000  0.010072510044  0.009564664101  0.013632998798  0.009564664101  
piranga_rubra_sdsu2635 0.019780477826  0.018756620617  0.018241201583  0.019268350144  0.023911406267  0.018760994805  0.018234281525  0.018234281525  0.014659546257  0.015172253812  0.014659546257  0.018245288563  0.014659546257  0.016705131355  0.013635771096  0.014144330774  0.014147385741  0.013124701160  0.013124701160  0.016185041978  0.019780477826  0.016185041978  0.015165424366  0.013124701160  0.010072510044  0.010072510044  0.000000000000  0.001501527267  0.005521785652  0.001501527267  
piranga_rubra_ku7046 0.019264525475  0.018241201583  0.017726335384  0.018752664589  0.023391855310  0.018245288563  0.017719987553  0.017719987553  0.014147385741  0.014659546257  0.014147385741  0.017730135773  0.014147385741  0.016191346745  0.013124701160  0.013632998798  0.013635771096  0.012614174776  0.012614174776  0.015672375315  0.019264525475  0.015672375315  0.014653284252  0.012614174776  0.009564664101  0.009564664101  0.001501527267  0.000000000000  0.004012039111  0.000000000000  
piranga_rubra_sdsu2654 0.023391855310  0.022363451518  0.021845001901  0.022877452746  0.027544958578  0.022368591147  0.021327111637  0.021327111637  0.018245288563  0.018760994805  0.018245288563  0.021849850935  0.018245288563  0.020301386242  0.017215535249  0.017726335384  0.017730135773  0.016701485807  0.016701485807  0.019776784926  0.023391855310  0.019776784926  0.018752664589  0.016701485807  0.013632998798  0.013632998798  0.005521785652  0.004012039111  0.000000000000  0.004012039111  
piranga_rubra_ku26592 0.019264525475  0.018241201583  0.017726335384  0.018752664589  0.023391855310  0.018245288563  0.017719987553  0.017719987553  0.014147385741  0.014659546257  0.014147385741  0.017730135773  0.014147385741  0.016191346745  0.013124701160  0.013632998798  0.013635771096  0.012614174776  0.012614174776  0.015672375315  0.019264525475  0.015672375315  0.014653284252  0.012614174776  0.009564664101  0.009564664101  0.001501527267  0.000000000000  0.004012039111  0.000000000000  

