30
piranga_rubra_ku26592 0.000000000000  0.009713743174  0.009713743174  0.014221528177  0.016912242848  0.015985485538  0.011089333430  0.016889544424  0.000957056621  0.009723852992  0.009652193800  0.006439999671  0.009710414807  0.009024999905  0.004400699749  0.007815761290  0.007964366310  0.013315595542  0.006541596329  0.007940338273  0.020763496706  0.008826352036  0.014221528177  0.006530116785  0.014226859754  0.018600345292  0.009434620364  0.009718223502  0.002634794692  0.007940338273  
piranga_flava_ku90809 0.009713743174  0.000000000000  0.007014947258  0.013249129815  0.015926943266  0.015006400501  0.008253458659  0.015902979439  0.008661913079  0.007020328514  0.004769210889  0.009174566536  0.003497171220  0.001272069399  0.012392130364  0.001103605743  0.001752298494  0.010574488612  0.008167587458  0.005255348465  0.019738886191  0.002621576725  0.013249129815  0.009302590999  0.013256696717  0.013432484613  0.005327792733  0.007017070379  0.009671041059  0.005255348465  
piranga_ludoviciana_sdsu2385 0.009713743174  0.007014947258  0.000000000000  0.011462275617  0.014133966906  0.013218671221  0.004567340868  0.014111633531  0.008661913079  0.003497376583  0.000000000000  0.007325496175  0.007013961925  0.002546610393  0.012392130364  0.005537222956  0.005272087952  0.007023230781  0.003250764758  0.001746357433  0.017913091984  0.006134468598  0.011462275617  0.007427517022  0.011469818134  0.010047021336  0.001327808566  0.003497171220  0.009671041059  0.001746357433  
piranga_rubriceps_lsu265 0.014221528177  0.013249129815  0.011462275617  0.000000000000  0.013254426081  0.017732995720  0.012912410518  0.018636685231  0.013562932308  0.010578577380  0.009609142184  0.011984791129  0.012351448905  0.010281861326  0.016928185597  0.011155246900  0.011506595273  0.015063443981  0.009802921934  0.009688076771  0.017025768503  0.012359309234  0.000000000000  0.012152857060  0.014152847721  0.011740920347  0.009382284035  0.010574486476  0.014158599657  0.009688076771  
piranga_leucoptera_lsu7783 0.016912242848  0.015926943266  0.014133966906  0.013254426081  0.000000000000  0.020428533005  0.015704333566  0.021335354443  0.015517200872  0.013244990537  0.008392391198  0.014772176355  0.015923924670  0.010277286071  0.019629415476  0.012279568017  0.014186711321  0.016846071254  0.016426982243  0.012351448905  0.008897029348  0.015032942064  0.013254426081  0.014979641672  0.013251239538  0.015133674888  0.009379097468  0.013242011080  0.016837300567  0.012351448905  
cardinalis_cardinalis_ku25393 0.015985485538  0.015006400501  0.013218671221  0.017732995720  0.020428533005  0.000000000000  0.014744947736  0.000871938181  0.015494466560  0.013225764672  0.011998510867  0.013816037579  0.015003017981  0.014142604883  0.018694242739  0.012252212061  0.013268423609  0.016822391748  0.009818947782  0.011442097631  0.024319177348  0.014115388296  0.017732995720  0.014009606602  0.017742938179  0.020277986340  0.012057218139  0.013221640092  0.015914811556  0.011442097631  
piranga_olivacea_ku2699 0.011089333430  0.008253458659  0.004567340868  0.012912410518  0.015704333566  0.014744947736  0.000000000000  0.015681593084  0.010105333392  0.004573127735  0.001189244245  0.008266673250  0.008249066041  0.002546610393  0.012955711497  0.004428317658  0.006428171641  0.002738852135  0.003253415528  0.002738204366  0.019465987985  0.007333834075  0.012912410518  0.007443008052  0.012918143927  0.010047021336  0.001327808566  0.004569621079  0.011038327794  0.002738204366  
cardinalis_cardinalis_ku21828 0.016889544424  0.015902979439  0.014111633531  0.018636685231  0.021335354443  0.000871938181  0.015681593084  0.000000000000  0.016480023021  0.014120300154  0.013214726840  0.014751566625  0.015898806042  0.015448175846  0.019603059877  0.013380945863  0.014165378420  0.017724228041  0.011476490536  0.012333032918  0.025242791685  0.015010944340  0.018636685231  0.014958450721  0.018646640163  0.022006028568  0.013415026431  0.014115388296  0.016814802217  0.012333032918  
piranga_rubra_ku7046 0.000957056621  0.008661913079  0.008661913079  0.013562932308  0.015517200872  0.015494466560  0.010105333392  0.016480023021  0.000000000000  0.007700945929  0.008424082205  0.008074020879  0.008658434153  0.007715162304  0.002875355479  0.006683811770  0.006726702875  0.010623430913  0.005062389362  0.006731055512  0.018692757996  0.006726702875  0.013562932308  0.008198134016  0.012575175146  0.016851385663  0.008063784155  0.008666758137  0.001914352435  0.006731055512  
piranga_bidentata_hgoslp104 0.009723852992  0.007020328514  0.003497376583  0.010578577380  0.013244990537  0.013225764672  0.004573127735  0.014120300154  0.007700945929  0.000000000000  0.001189244245  0.007333834075  0.007017070379  0.003824831083  0.012404668568  0.004428317658  0.005276701254  0.007030892791  0.000000000000  0.001747121849  0.017012002160  0.006140580285  0.010578577380  0.007436089538  0.010583813297  0.010047021336  0.002658310307  0.001746178836  0.009681061803  0.001747121849  
piranga_ludoviciana_sdsu2648 0.009652193800  0.004769210889  0.000000000000  0.009609142184  0.008392391198  0.011998510867  0.001189244245  0.013214726840  0.008424082205  0.001189244245  0.000000000000  0.005978425353  0.005966734896  0.002546610393  0.010863748356  0.003578463682  0.003574200283  0.001189244245  0.000000000000  0.000000000000  0.012027374163  0.003574200283  0.009609142184  0.006080207106  0.007185058824  0.010047021336  0.001327808566  0.002379938784  0.009594312783  0.000000000000  
piranga_roseogularis_ku2049 0.006439999671  0.009174566536  0.007325496175  0.011984791129  0.014772176355  0.013816037579  0.008266673250  0.014751566625  0.008074020879  0.007333834075  0.005978425353  0.000000000000  0.009170569975  0.007681785355  0.010154749090  0.006658744141  0.007356004845  0.011048491349  0.004889132685  0.005489109167  0.018528915327  0.008253458659  0.011984791129  0.000000000000  0.011989268361  0.015140465602  0.006673975303  0.007329048075  0.008259086908  0.005489109167  
piranga_hepatica_ku4970 0.009710414807  0.003497171220  0.007013961925  0.012351448905  0.015923924670  0.015003017981  0.008249066041  0.015898806042  0.008658434153  0.007017070379  0.005966734896  0.009170569975  0.000000000000  0.001272069399  0.012387598267  0.002209357400  0.001752478347  0.010569259742  0.008160283499  0.005253622786  0.019733733698  0.002621001355  0.012351448905  0.009298481626  0.013253711946  0.013432484613  0.003991485735  0.007014947258  0.009667742044  0.005253622786  
piranga_hepatica_ku9084 0.009024999905  0.001272069399  0.002546610393  0.010281861326  0.010277286071  0.014142604883  0.002546610393  0.015448175846  0.007715162304  0.003824831083  0.002546610393  0.007681785355  0.001272069399  0.000000000000  0.010321659772  0.000000000000  0.000000000000  0.002546610393  0.005136681866  0.002546610393  0.014179066593  0.000000000000  0.010281861326  0.007721328660  0.008981946520  0.013779548905  0.004140216806  0.005103910204  0.008967191968  0.002546610393  
piranga_rubra_sdsu2654 0.004400699749  0.012392130364  0.012392130364  0.016928185597  0.019629415476  0.018694242739  0.012955711497  0.019603059877  0.002875355479  0.012404668568  0.010863748356  0.010154749090  0.012387598267  0.010321659772  0.000000000000  0.008937824454  0.010644263716  0.016016333493  0.004897113646  0.010611895217  0.023528903945  0.011501319437  0.016928185597  0.010297346120  0.016934709572  0.016879832814  0.009434620364  0.012397821402  0.005281345985  0.010611895217  
piranga_flava_lsu15408 0.007815761290  0.001103605743  0.005537222956  0.011155246900  0.012279568017  0.012252212061  0.004428317658  0.013380945863  0.006683811770  0.004428317658  0.003578463682  0.006658744141  0.002209357400  0.000000000000  0.008937824454  0.000000000000  0.000000000000  0.005542126349  0.006007854547  0.003317303971  0.014539029820  0.000000000000  0.011155246900  0.006756219713  0.008904538183  0.013432484613  0.003991485735  0.005538769899  0.007772369699  0.003317303971  
piranga_lutea_lsu5400 0.007964366310  0.001752298494  0.005272087952  0.011506595273  0.014186711321  0.013268423609  0.006428171641  0.014165378420  0.006726702875  0.005276701254  0.003574200283  0.007356004845  0.001752478347  0.000000000000  0.010644263716  0.000000000000  0.000000000000  0.008831197552  0.006522363616  0.003510992904  0.017982251692  0.000875756209  0.011506595273  0.007458883558  0.011513033326  0.013432484613  0.003991485735  0.005273825821  0.007929281337  0.003510992904  
piranga_olivacea_ku4672 0.013315595542  0.010574488612  0.007023230781  0.015063443981  0.016846071254  0.016822391748  0.002738852135  0.017724228041  0.010623430913  0.007030892791  0.001189244245  0.011048491349  0.010569259742  0.002546610393  0.016016333493  0.005542126349  0.008831197552  0.000000000000  0.008167587458  0.005262815950  0.021599678487  0.009689589884  0.015063443981  0.010258930109  0.015069897240  0.010047021336  0.001327808566  0.007026494659  0.013256751126  0.005262815950  
piranga_ludoviciana_sdsu2208 0.006541596329  0.008167587458  0.003250764758  0.009802921934  0.016426982243  0.009818947782  0.003253415528  0.011476490536  0.005062389362  0.000000000000  0.000000000000  0.004889132685  0.008160283499  0.005136681866  0.004897113646  0.006007854547  0.006522363616  0.008167587458  0.000000000000  0.000000000000  0.018098644620  0.006522363616  0.009802921934  0.004889132685  0.006522363616  0.004946130449  0.002397390326  0.000000000000  0.004889132685  0.000000000000  
piranga_bidentata_itm160 0.007940338273  0.005255348465  0.001746357433  0.009688076771  0.012351448905  0.011442097631  0.002738204366  0.012333032918  0.006731055512  0.001747121849  0.000000000000  0.005489109167  0.005253622786  0.002546610393  0.010611895217  0.003317303971  0.003510992904  0.005262815950  0.000000000000  0.000000000000  0.016102160290  0.004377582272  0.009688076771  0.005565483947  0.009693300575  0.010047021336  0.001327808566  0.001746178836  0.007905464106  0.000000000000  
piranga_leucoptera_fmnh481795 0.020763496706  0.019738886191  0.017913091984  0.017025768503  0.008897029348  0.024319177348  0.019465987985  0.025242791685  0.018692757996  0.017012002160  0.012027374163  0.018528915327  0.019733733698  0.014179066593  0.023528903945  0.014539029820  0.017982251692  0.021599678487  0.018098644620  0.016102160290  0.000000000000  0.018830581383  0.017025768503  0.018790062819  0.017015538530  0.018545412950  0.013445164720  0.017006908069  0.020670183231  0.016102160290  
piranga_lutea_ku89864 0.008826352036  0.002621576725  0.006134468598  0.012359309234  0.015032942064  0.014115388296  0.007333834075  0.015010944340  0.006726702875  0.006140580285  0.003574200283  0.008253458659  0.002621001355  0.000000000000  0.011501319437  0.000000000000  0.000875756209  0.009689589884  0.006522363616  0.004377582272  0.018830581383  0.000000000000  0.012359309234  0.008368577752  0.012365714288  0.013432484613  0.003991485735  0.006136958978  0.008787569951  0.004377582272  
piranga_rubriceps_lsu34818 0.014221528177  0.013249129815  0.011462275617  0.000000000000  0.013254426081  0.017732995720  0.012912410518  0.018636685231  0.013562932308  0.010578577380  0.009609142184  0.011984791129  0.012351448905  0.010281861326  0.016928185597  0.011155246900  0.011506595273  0.015063443981  0.009802921934  0.009688076771  0.017025768503  0.012359309234  0.000000000000  0.012152857060  0.014152847721  0.011740920347  0.009382284035  0.010574486476  0.014158599657  0.009688076771  
piranga_roseogularis_ku2141 0.006530116785  0.009302590999  0.007427517022  0.012152857060  0.014979641672  0.014009606602  0.007443008052  0.014958450721  0.008198134016  0.007436089538  0.006080207106  0.000000000000  0.009298481626  0.007721328660  0.010297346120  0.006756219713  0.007458883558  0.010258930109  0.004889132685  0.005565483947  0.018790062819  0.008368577752  0.012152857060  0.000000000000  0.012157459879  0.015140465602  0.006673975303  0.007431168904  0.008374364500  0.005565483947  
piranga_erythrocephala_fmnh343371 0.014226859754  0.013256696717  0.011469818134  0.014152847721  0.013251239538  0.017742938179  0.012918143927  0.018646640163  0.012575175146  0.010583813297  0.007185058824  0.011989268361  0.013253711946  0.008981946520  0.016934709572  0.008904538183  0.011513033326  0.015069897240  0.006522363616  0.009693300575  0.017015538530  0.012365714288  0.014152847721  0.012157459879  0.000000000000  0.001663559991  0.008030037689  0.010580867201  0.014163884516  0.009693300575  
piranga_erythrocephala_fmnh343370 0.018600345292  0.013432484613  0.010047021336  0.011740920347  0.015133674888  0.020277986340  0.010047021336  0.022006028568  0.016851385663  0.010047021336  0.010047021336  0.015140465602  0.013432484613  0.013779548905  0.016879832814  0.013432484613  0.013432484613  0.010047021336  0.004946130449  0.010047021336  0.018545412950  0.013432484613  0.011740920347  0.015140465602  0.001663559991  0.000000000000  0.011737520258  0.010047021336  0.016851385663  0.010047021336  
piranga_ludoviciana_sdsu2650 0.009434620364  0.005327792733  0.001327808566  0.009382284035  0.009379097468  0.012057218139  0.001327808566  0.013415026431  0.008063784155  0.002658310307  0.001327808566  0.006673975303  0.003991485735  0.004140216806  0.009434620364  0.003991485735  0.003991485735  0.001327808566  0.002397390326  0.001327808566  0.013445164720  0.003991485735  0.009382284035  0.006673975303  0.008030037689  0.011737520258  0.000000000000  0.003991485735  0.008020665129  0.001327808566  
piranga_bidentata_tepe59 0.009718223502  0.007017070379  0.003497171220  0.010574486476  0.013242011080  0.013221640092  0.004569621079  0.014115388296  0.008666758137  0.001746178836  0.002379938784  0.007329048075  0.007014947258  0.005103910204  0.012397821402  0.005538769899  0.005273825821  0.007026494659  0.000000000000  0.001746178836  0.017006908069  0.006136958978  0.010574486476  0.007431168904  0.010580867201  0.010047021336  0.003991485735  0.000000000000  0.009675481899  0.001746178836  
piranga_rubra_sdsu2635 0.002634794692  0.009671041059  0.009671041059  0.014158599657  0.016837300567  0.015914811556  0.011038327794  0.016814802217  0.001914352435  0.009681061803  0.009594312783  0.008259086908  0.009667742044  0.008967191968  0.005281345985  0.007772369699  0.007929281337  0.013256751126  0.004889132685  0.007905464106  0.020670183231  0.008787569951  0.014158599657  0.008374364500  0.014163884516  0.016851385663  0.008020665129  0.009675481899  0.000000000000  0.007905464106  
piranga_bidentata_itm141 0.007940338273  0.005255348465  0.001746357433  0.009688076771  0.012351448905  0.011442097631  0.002738204366  0.012333032918  0.006731055512  0.001747121849  0.000000000000  0.005489109167  0.005253622786  0.002546610393  0.010611895217  0.003317303971  0.003510992904  0.005262815950  0.000000000000  0.000000000000  0.016102160290  0.004377582272  0.009688076771  0.005565483947  0.009693300575  0.010047021336  0.001327808566  0.001746178836  0.007905464106  0.000000000000  

