30
cardinalis_cardinalis_ku21828 0.000000000000  0.007540401811  0.014672533744  0.016209529146  0.014672533744  0.014672533744  0.020324040052  0.022914972591  0.020842624526  0.022900966961  0.022417717013  0.019819021546  0.022401764614  0.020842624526  0.018783489148  0.023436090546  0.021361772626  0.027597186523  0.028122565436  0.033420794472  0.030229878867  0.032865491437  0.026059672408  0.029712443041  0.023957777650  0.024480035149  0.027072384840  0.028131920696  0.026032659994  0.025509283219  
cardinalis_cardinalis_ku25393 0.007540401811  0.000000000000  0.012116336807  0.013646957552  0.012116336807  0.012116336807  0.017744653382  0.020324040052  0.018260728890  0.020312135436  0.019826154211  0.017240059394  0.019812309346  0.018260728890  0.016209529146  0.020842624526  0.017756159464  0.024986479284  0.025509283219  0.030780341471  0.027606239950  0.030229878867  0.023452384762  0.027090316408  0.021361772626  0.021881485578  0.024464246938  0.025517561947  0.023428579136  0.022907757799  
piranga_leucoptera_fmnh481795 0.014672533744  0.012116336807  0.000000000000  0.001501740683  0.002004198796  0.002004198796  0.009069102926  0.011613655136  0.009069102926  0.011095667267  0.010606215068  0.008059677985  0.010596951099  0.009069102926  0.007044852386  0.011613655136  0.009577842846  0.015700316670  0.016215038629  0.021401855269  0.018279491050  0.020864525287  0.014181050704  0.017769340646  0.012124833034  0.012636558566  0.015186148772  0.016220965537  0.014164242205  0.013651442132  
piranga_leucoptera_lsu7783 0.016209529146  0.013646957552  0.001501740683  0.000000000000  0.003511162598  0.003511162598  0.010592937558  0.013143805075  0.010592937558  0.012623578638  0.012134984220  0.009581700966  0.012124833034  0.010592937558  0.008564196970  0.013143805075  0.011103023700  0.017240059394  0.017756159464  0.022957392953  0.019826154211  0.022417717013  0.015718478092  0.019315072895  0.013656342147  0.014169429769  0.016724516355  0.017762540851  0.015700316670  0.015186148772  
piranga_rubriceps_lsu265 0.014672533744  0.012116336807  0.002004198796  0.003511162598  0.000000000000  0.000000000000  0.009069102926  0.011613655136  0.009069102926  0.011095667267  0.010606215068  0.008059677985  0.010596951099  0.009069102926  0.007044852386  0.011613655136  0.009577842846  0.015700316670  0.016215038629  0.021401855269  0.018279491050  0.020864525287  0.014181050704  0.017769340646  0.012124833034  0.012636558566  0.015186148772  0.016220965537  0.014164242205  0.013651442132  
piranga_rubriceps_lsu34818 0.014672533744  0.012116336807  0.002004198796  0.003511162598  0.000000000000  0.000000000000  0.009069102926  0.011613655136  0.009069102926  0.011095667267  0.010606215068  0.008059677985  0.010596951099  0.009069102926  0.007044852386  0.011613655136  0.009577842846  0.015700316670  0.016215038629  0.021401855269  0.018279491050  0.020864525287  0.014181050704  0.017769340646  0.012124833034  0.012636558566  0.015186148772  0.016220965537  0.014164242205  0.013651442132  
piranga_erythrocephala_fmnh343371 0.020324040052  0.017744653382  0.009069102926  0.010592937558  0.009069102926  0.009069102926  0.000000000000  0.002505394987  0.016215038629  0.018260728890  0.017776558483  0.015197261404  0.017762540851  0.016215038629  0.014169429769  0.018790035520  0.016730315846  0.022922610968  0.023444025878  0.028701088936  0.025535395995  0.028151914090  0.021392996531  0.025020949070  0.019307813928  0.019826154211  0.022401764614  0.023452384762  0.021368946215  0.020849503401  
piranga_erythrocephala_fmnh343370 0.022914972591  0.020324040052  0.011613655136  0.013143805075  0.011613655136  0.011613655136  0.002505394987  0.000000000000  0.018790035520  0.020842624526  0.020361172058  0.017769340646  0.020345057589  0.018790035520  0.016736533087  0.021376541640  0.019307813928  0.025526266328  0.026050242519  0.031334331096  0.028151914090  0.030780341471  0.023993251289  0.027635963163  0.021896845640  0.021896845640  0.025002864291  0.026059672408  0.023966010587  0.023444025878  
piranga_roseogularis_ku2049 0.020842624526  0.018260728890  0.009069102926  0.010592937558  0.009069102926  0.009069102926  0.016215038629  0.018790035520  0.000000000000  0.002002733622  0.008567900458  0.006032178289  0.008560904272  0.007039544410  0.005021646591  0.009574396511  0.007546126158  0.013646957552  0.014159470399  0.019322751262  0.016215038629  0.018790035520  0.012129701940  0.015705953869  0.010083395548  0.010592937558  0.013134994024  0.014164242205  0.012116336807  0.011605729415  
piranga_roseogularis_ku2141 0.022900966961  0.020312135436  0.011095667267  0.012623578638  0.011095667267  0.011095667267  0.018260728890  0.020842624526  0.002002733622  0.000000000000  0.010592937558  0.008050645688  0.010586149200  0.009060847904  0.007037505571  0.011602387606  0.009568740672  0.015685909143  0.016199763929  0.021376541640  0.018260728890  0.020842624526  0.014164242205  0.017750196851  0.012112710222  0.012623578638  0.014659854978  0.015690293937  0.013639236183  0.013127844915  
piranga_hepatica_ku9084 0.022417717013  0.019826154211  0.010606215068  0.012134984220  0.010606215068  0.010606215068  0.017776558483  0.020361172058  0.008567900458  0.010592937558  0.000000000000  0.002506565217  0.005021646591  0.005526645207  0.003512885892  0.009072678034  0.009076664247  0.015197261404  0.015712007798  0.020899615374  0.017776558483  0.020361172058  0.013680089240  0.017266926904  0.011623234538  0.012134984220  0.014683069125  0.015718478092  0.013661657230  0.013148832905  
piranga_lutea_ku89864 0.019819021546  0.017240059394  0.008059677985  0.009581700966  0.008059677985  0.008059677985  0.015197261404  0.017769340646  0.006032178289  0.008050645688  0.002506565217  0.000000000000  0.002504631114  0.003006974262  0.001001048231  0.006535668386  0.006538246971  0.012631817374  0.013143805075  0.018302021860  0.015197261404  0.017769340646  0.011117155699  0.014688960571  0.009072678034  0.009581700966  0.012120377867  0.013148832905  0.011103023700  0.010592937558  
piranga_flava_lsu15408 0.022401764614  0.019812309346  0.010596951099  0.012124833034  0.010596951099  0.010596951099  0.017762540851  0.020345057589  0.008560904272  0.010586149200  0.005021646591  0.002504631114  0.000000000000  0.005523014731  0.003509846268  0.009065939289  0.009069102926  0.015186148772  0.015700316670  0.020881230245  0.017762540851  0.020345057589  0.013667387016  0.017252657722  0.011613655136  0.012124833034  0.014672533744  0.015705953869  0.013651442132  0.013139191992  
piranga_lutea_lsu5400 0.020842624526  0.018260728890  0.009069102926  0.010592937558  0.009069102926  0.009069102926  0.016215038629  0.018790035520  0.007039544410  0.009060847904  0.005526645207  0.003006974262  0.005523014731  0.000000000000  0.002002815712  0.007543807015  0.007546126158  0.013646957552  0.014159470399  0.019322751262  0.016215038629  0.018790035520  0.012129701940  0.015705953869  0.010083395548  0.010592937558  0.013134994024  0.014164242205  0.012116336807  0.011605729415  
piranga_flava_ku90809 0.018783489148  0.016209529146  0.007044852386  0.008564196970  0.007044852386  0.007044852386  0.014169429769  0.016736533087  0.005021646591  0.007037505571  0.003512885892  0.001001048231  0.003509846268  0.002002815712  0.000000000000  0.005524625506  0.005526645207  0.011609485382  0.012120377867  0.017266926904  0.014169429769  0.016736533087  0.010095820392  0.013661657230  0.008056256620  0.008564196970  0.011099138748  0.012124833034  0.010083395548  0.009574396511  
piranga_hepatica_ku4970 0.023436090546  0.020842624526  0.011613655136  0.013143805075  0.011613655136  0.011613655136  0.018790035520  0.021376541640  0.009574396511  0.011602387606  0.009072678034  0.006535668386  0.009065939289  0.007543807015  0.005524625506  0.000000000000  0.010083395548  0.016209529146  0.016724516355  0.021913892925  0.018790035520  0.020856803777  0.014688960571  0.018279491050  0.012631817374  0.013143805075  0.015695096569  0.016730315846  0.014672533744  0.014159470399  
piranga_olivacea_ku2699 0.021361772626  0.017756159464  0.009577842846  0.011103023700  0.009577842846  0.009577842846  0.016730315846  0.019307813928  0.007546126158  0.009568740672  0.009076664247  0.006538246971  0.009069102926  0.007546126158  0.005526645207  0.010083395548  0.000000000000  0.008048456859  0.008555552717  0.013661657230  0.010589336802  0.013139191992  0.006538246971  0.010083395548  0.004515718135  0.005019905446  0.007541898775  0.008558022731  0.006531740218  0.006026509823  
piranga_ludoviciana_sdsu2650 0.027597186523  0.024986479284  0.015700316670  0.017240059394  0.015700316670  0.015700316670  0.022922610968  0.025526266328  0.013646957552  0.015685909143  0.015197261404  0.012631817374  0.015186148772  0.013646957552  0.011609485382  0.016209529146  0.008048456859  0.000000000000  0.004513779971  0.009574396511  0.006530391376  0.009060847904  0.007546126158  0.011095667267  0.007540401811  0.011095667267  0.013639236183  0.014667890544  0.012620081833  0.012109498484  
piranga_ludoviciana_sdsu2385 0.028122565436  0.025509283219  0.016215038629  0.017756159464  0.016215038629  0.016215038629  0.023444025878  0.026050242519  0.014159470399  0.016199763929  0.015712007798  0.013143805075  0.015700316670  0.014159470399  0.012120377867  0.016724516355  0.008555552717  0.004513779971  0.000000000000  0.010083395548  0.007035877326  0.009568740672  0.008053245731  0.011605729415  0.008046679616  0.011605729415  0.014151175540  0.015181217432  0.013131211541  0.012620081833  
piranga_bidentata_itm160 0.033420794472  0.030780341471  0.021401855269  0.022957392953  0.021401855269  0.021401855269  0.028701088936  0.031334331096  0.019322751262  0.021376541640  0.020899615374  0.018302021860  0.020881230245  0.019322751262  0.017266926904  0.021913892925  0.013661657230  0.009574396511  0.010083395548  0.000000000000  0.008056256620  0.010596951099  0.013160131340  0.016743167714  0.013143805075  0.016743167714  0.018272817769  0.019315072895  0.017246149519  0.016730315846  
piranga_ludoviciana_sdsu2648 0.030229878867  0.027606239950  0.018279491050  0.019826154211  0.018279491050  0.018279491050  0.025535395995  0.028151914090  0.016215038629  0.018260728890  0.017776558483  0.015197261404  0.017762540851  0.016215038629  0.014169429769  0.018790035520  0.010589336802  0.006530391376  0.007035877326  0.008056256620  0.000000000000  0.007543807015  0.010087125184  0.013651442132  0.010077174053  0.013651442132  0.016204437455  0.017240059394  0.015181217432  0.014667890544  
piranga_bidentata_tepe59 0.032865491437  0.030229878867  0.020864525287  0.022417717013  0.020864525287  0.020864525287  0.028151914090  0.030780341471  0.018790035520  0.020842624526  0.020361172058  0.017769340646  0.020345057589  0.018790035520  0.016736533087  0.020856803777  0.013139191992  0.009060847904  0.009568740672  0.010596951099  0.007543807015  0.000000000000  0.012636558566  0.016215038629  0.012623578638  0.016215038629  0.018777362580  0.019819021546  0.017750196851  0.017234387715  
piranga_ludoviciana_sdsu2208 0.026059672408  0.023452384762  0.014181050704  0.015718478092  0.014181050704  0.014181050704  0.021392996531  0.023993251289  0.012129701940  0.014164242205  0.013680089240  0.011117155699  0.013667387016  0.012129701940  0.010095820392  0.014688960571  0.006538246971  0.007546126158  0.008053245731  0.013160131340  0.010087125184  0.012636558566  0.000000000000  0.009581700966  0.006029879443  0.009581700966  0.012120377867  0.013148832905  0.011103023700  0.010592937558  
piranga_bidentata_hgoslp104 0.029712443041  0.027090316408  0.017769340646  0.019315072895  0.017769340646  0.017769340646  0.025020949070  0.027635963163  0.015705953869  0.017750196851  0.017266926904  0.014688960571  0.017252657722  0.015705953869  0.013661657230  0.018279491050  0.010083395548  0.011095667267  0.011605729415  0.016743167714  0.013651442132  0.016215038629  0.009581700966  0.000000000000  0.009571362329  0.013143805075  0.015695096569  0.016730315846  0.014672533744  0.014159470399  
piranga_bidentata_itm141 0.023957777650  0.021361772626  0.012124833034  0.013656342147  0.012124833034  0.012124833034  0.019307813928  0.021896845640  0.010083395548  0.012112710222  0.011623234538  0.009072678034  0.011613655136  0.010083395548  0.008056256620  0.012631817374  0.004515718135  0.007540401811  0.008046679616  0.013143805075  0.010077174053  0.012623578638  0.006029879443  0.009571362329  0.000000000000  0.007546126158  0.010077174053  0.011099138748  0.009063187491  0.008555552717  
piranga_olivacea_ku4672 0.024480035149  0.021881485578  0.012636558566  0.014169429769  0.012636558566  0.012636558566  0.019826154211  0.021896845640  0.010592937558  0.012623578638  0.012134984220  0.009581700966  0.012124833034  0.010592937558  0.008564196970  0.013143805075  0.005019905446  0.011095667267  0.011605729415  0.016743167714  0.013651442132  0.016215038629  0.009581700966  0.013143805075  0.007546126158  0.000000000000  0.010586149200  0.011609485382  0.009571362329  0.009063187491  
piranga_rubra_sdsu2635 0.027072384840  0.024464246938  0.015186148772  0.016724516355  0.015186148772  0.015186148772  0.022401764614  0.025002864291  0.013134994024  0.014659854978  0.014683069125  0.012120377867  0.014672533744  0.013134994024  0.011099138748  0.015695096569  0.007541898775  0.013639236183  0.014151175540  0.018272817769  0.016204437455  0.018777362580  0.012120377867  0.015695096569  0.010077174053  0.010586149200  0.000000000000  0.004014841677  0.002003304227  0.001501740683  
piranga_rubra_ku7046 0.028131920696  0.025517561947  0.016220965537  0.017762540851  0.016220965537  0.016220965537  0.023452384762  0.026059672408  0.014164242205  0.015690293937  0.015718478092  0.013148832905  0.015705953869  0.014164242205  0.012124833034  0.016730315846  0.008558022731  0.014667890544  0.015181217432  0.019315072895  0.017240059394  0.019819021546  0.013148832905  0.016730315846  0.011099138748  0.011609485382  0.004014841677  0.000000000000  0.003009460544  0.002506565217  
piranga_rubra_sdsu2654 0.026032659994  0.023428579136  0.014164242205  0.015700316670  0.014164242205  0.014164242205  0.021368946215  0.023966010587  0.012116336807  0.013639236183  0.013661657230  0.011103023700  0.013651442132  0.012116336807  0.010083395548  0.014672533744  0.006531740218  0.012620081833  0.013131211541  0.017246149519  0.015181217432  0.017750196851  0.011103023700  0.014672533744  0.009063187491  0.009571362329  0.002003304227  0.003009460544  0.000000000000  0.000500261875  
piranga_rubra_ku26592 0.025509283219  0.022907757799  0.013651442132  0.015186148772  0.013651442132  0.013651442132  0.020849503401  0.023444025878  0.011605729415  0.013127844915  0.013148832905  0.010592937558  0.013139191992  0.011605729415  0.009574396511  0.014159470399  0.006026509823  0.012109498484  0.012620081833  0.016730315846  0.014667890544  0.017234387715  0.010592937558  0.014159470399  0.008555552717  0.009063187491  0.001501740683  0.002506565217  0.000500261875  0.000000000000  

