18
crossoptilon_crossoptilon 0.000000000000  0.006033197495  0.006025854567  0.006025854567  0.002004361310  0.011089343602  0.002004361310  0.007040574674  0.002004361310  0.007036571550  0.019259722967  0.021344705702  0.014141890035  0.013120317765  0.046559285923  0.016181318579  0.027612889225  0.023400081690  
chrysolophus_pictus 0.006033197495  0.000000000000  0.008046054983  0.008046054983  0.004013614586  0.013124569667  0.004013614586  0.009064693579  0.004013614586  0.009060022669  0.021318227495  0.023411444731  0.016185697784  0.015160804497  0.046539393044  0.018230431186  0.029700468544  0.025472224839  
syrmaticus_ellioti 0.006025854567  0.008046054983  0.000000000000  0.000000000000  0.004011059846  0.013117844370  0.004011059846  0.009057109852  0.004011059846  0.009055958028  0.021309642324  0.023390536235  0.016178732682  0.015156305543  0.047582811701  0.018225709819  0.029664084002  0.022353214668  
syrmaticus_reevesii 0.006025854567  0.008046054983  0.000000000000  0.000000000000  0.004011059846  0.013117844370  0.004011059846  0.009057109852  0.004011059846  0.009055958028  0.021309642324  0.023390536235  0.016178732682  0.015156305543  0.047582811701  0.018225709819  0.029664084002  0.022353214668  
lophura_swinhoii 0.002004361310  0.004013614586  0.004011059846  0.004011059846  0.000000000000  0.009057109852  0.000000000000  0.005018955253  0.000000000000  0.005017353898  0.017203437838  0.019274152901  0.012101009621  0.011083955587  0.044403793943  0.014136274496  0.025513988200  0.021325243142  
melgal2    0.011089343602  0.013124569667  0.013117844370  0.013117844370  0.009057109852  0.000000000000  0.009057109852  0.014141890035  0.009057109852  0.014138190063  0.026481408902  0.028586101461  0.021313026220  0.020281616296  0.054055311847  0.023372835045  0.034916027867  0.030662171916  
catreus_wallichi 0.002004361310  0.004013614586  0.004011059846  0.004011059846  0.000000000000  0.009057109852  0.000000000000  0.005018955253  0.000000000000  0.005017353898  0.017203437838  0.019274152901  0.012101009621  0.011083955587  0.044403793943  0.014136274496  0.025513988200  0.021325243142  
lophura_inornata 0.007040574674  0.009064693579  0.009057109852  0.009057109852  0.005018955253  0.014141890035  0.005018955253  0.000000000000  0.005018955253  0.010072104237  0.022346754411  0.024441021703  0.017207260822  0.016181318579  0.049765445194  0.019255214469  0.030736628635  0.026505059806  
phasianus_colchicus 0.002004361310  0.004013614586  0.004011059846  0.004011059846  0.000000000000  0.009057109852  0.000000000000  0.005018955253  0.000000000000  0.005017353898  0.017203437838  0.019274152901  0.012101009621  0.011083955587  0.044403793943  0.014136274496  0.025513988200  0.021325243142  
lophura_nycthemera 0.007036571550  0.009060022669  0.009055958028  0.009055958028  0.005017353898  0.014138190063  0.005017353898  0.010072104237  0.005017353898  0.000000000000  0.021309642324  0.024430202750  0.017203437838  0.016178732682  0.049745278665  0.019252514264  0.028646307611  0.026495339296  
perdix_dauuricae 0.019259722967  0.021318227495  0.021309642324  0.021309642324  0.017203437838  0.026481408902  0.017203437838  0.022346754411  0.017203437838  0.021309642324  0.000000000000  0.036959421491  0.029599173680  0.028555371166  0.061629128805  0.031681952993  0.043367164394  0.039058851366  
lophophorus_impejanus 0.021344705702  0.023411444731  0.023390536235  0.023390536235  0.019274152901  0.028586101461  0.019274152901  0.024441021703  0.019274152901  0.024430202750  0.036959421491  0.000000000000  0.023411444731  0.022371584550  0.056322952912  0.025472224839  0.037119611894  0.030701305952  
pavo_cristatus 0.014141890035  0.016185697784  0.016178732682  0.016178732682  0.012101009621  0.021313026220  0.012101009621  0.017207260822  0.012101009621  0.017203437838  0.029599173680  0.023411444731  0.000000000000  0.009055958028  0.044386631244  0.014136146316  0.025498245154  0.021318227495  
galgal4    0.013120317765  0.015160804497  0.015156305543  0.015156305543  0.011083955587  0.020281616296  0.011083955587  0.016181318579  0.011083955587  0.016178732682  0.028555371166  0.022371584550  0.009055958028  0.000000000000  0.043314017346  0.013118244961  0.024453661364  0.020285564232  
cyrtonyx_montezumae 0.046559285923  0.046539393044  0.047582811701  0.047582811701  0.044403793943  0.054055311847  0.044403793943  0.049765445194  0.044403793943  0.049745278665  0.061629128805  0.056322952912  0.044386631244  0.043314017346  0.000000000000  0.032796357533  0.056322952912  0.051896960632  
rollulus_rouloul 0.016181318579  0.018230431186  0.018225709819  0.018225709819  0.014136274496  0.023372835045  0.014136274496  0.019255214469  0.014136274496  0.019252514264  0.031681952993  0.025472224839  0.014136146316  0.013118244961  0.032796357533  0.000000000000  0.027563378606  0.023376909910  
tragopan_blythii 0.027612889225  0.029700468544  0.029664084002  0.029664084002  0.025513988200  0.034916027867  0.025513988200  0.030736628635  0.025513988200  0.028646307611  0.043367164394  0.037119611894  0.025498245154  0.024453661364  0.056322952912  0.027563378606  0.000000000000  0.034936191579  
alectoris_rufa 0.023400081690  0.025472224839  0.022353214668  0.022353214668  0.021325243142  0.030662171916  0.021325243142  0.026505059806  0.021325243142  0.026495339296  0.039058851366  0.030701305952  0.021318227495  0.020285564232  0.051896960632  0.023376909910  0.034936191579  0.000000000000  

