18
cyrtonyx_montezumae 0.000000000000  0.024499810063  0.016224061435  0.016224061435  0.020347930246  0.035045726896  0.022447658214  0.019325896091  0.019325896091  0.019325896091  0.019325896091  0.019325896091  0.019325896091  0.019325896091  0.023454822642  0.021387365495  0.027695580547  0.032941610559  
rollulus_rouloul 0.024499810063  0.000000000000  0.008052571250  0.008052571250  0.012118843933  0.026596550960  0.014178306852  0.011105786196  0.011105786196  0.011105786196  0.011105786196  0.011105786196  0.011105786196  0.011105786196  0.016212282066  0.013141901449  0.019342745652  0.026618157378  
catreus_wallichi 0.016224061435  0.008052571250  0.000000000000  0.000000000000  0.004013081410  0.018289749626  0.006037350653  0.003009299012  0.003009299012  0.003009299012  0.003009299012  0.003009299012  0.003009299012  0.003009299012  0.008052571250  0.005021348018  0.011126416679  0.018305457506  
crossoptilon_crossoptilon 0.016224061435  0.008052571250  0.000000000000  0.000000000000  0.004013081410  0.018289749626  0.006037350653  0.003009299012  0.003009299012  0.003009299012  0.003009299012  0.003009299012  0.003009299012  0.003009299012  0.008052571250  0.005021348018  0.011126416679  0.018305457506  
lophura_nycthemera 0.020347930246  0.012118843933  0.004013081410  0.004013081410  0.000000000000  0.014178306852  0.004013081410  0.001000773755  0.001000773755  0.001000773755  0.001000773755  0.001000773755  0.001000773755  0.001000773755  0.006025322948  0.003006128461  0.009075466616  0.016224061435  
tragopan_blythii 0.035045726896  0.026596550960  0.018289749626  0.018289749626  0.014178306852  0.000000000000  0.018289749626  0.015194501044  0.015194501044  0.015194501044  0.015194501044  0.015194501044  0.015194501044  0.015194501044  0.018263331038  0.016212282066  0.023492718311  0.030817371590  
galgal4    0.022447658214  0.014178306852  0.006037350653  0.006037350653  0.004013081410  0.018289749626  0.000000000000  0.003009299012  0.003009299012  0.003009299012  0.003009299012  0.003009299012  0.003009299012  0.003009299012  0.008052571250  0.005021348018  0.011126416679  0.018305457506  
lophophorus_impejanus 0.019325896091  0.011105786196  0.003009299012  0.003009299012  0.001000773755  0.015194501044  0.003009299012  0.000000000000  0.000000000000  0.000000000000  0.000000000000  0.000000000000  0.000000000000  0.000000000000  0.005018420919  0.002002802880  0.008066585833  0.015206812894  
lophura_swinhoii 0.019325896091  0.011105786196  0.003009299012  0.003009299012  0.001000773755  0.015194501044  0.003009299012  0.000000000000  0.000000000000  0.000000000000  0.000000000000  0.000000000000  0.000000000000  0.000000000000  0.005018420919  0.002002802880  0.008066585833  0.015206812894  
melgal2    0.019325896091  0.011105786196  0.003009299012  0.003009299012  0.001000773755  0.015194501044  0.003009299012  0.000000000000  0.000000000000  0.000000000000  0.000000000000  0.000000000000  0.000000000000  0.000000000000  0.005018420919  0.002002802880  0.008066585833  0.015206812894  
chrysolophus_pictus 0.019325896091  0.011105786196  0.003009299012  0.003009299012  0.001000773755  0.015194501044  0.003009299012  0.000000000000  0.000000000000  0.000000000000  0.000000000000  0.000000000000  0.000000000000  0.000000000000  0.005018420919  0.002002802880  0.008066585833  0.015206812894  
syrmaticus_ellioti 0.019325896091  0.011105786196  0.003009299012  0.003009299012  0.001000773755  0.015194501044  0.003009299012  0.000000000000  0.000000000000  0.000000000000  0.000000000000  0.000000000000  0.000000000000  0.000000000000  0.005018420919  0.002002802880  0.008066585833  0.015206812894  
phasianus_colchicus 0.019325896091  0.011105786196  0.003009299012  0.003009299012  0.001000773755  0.015194501044  0.003009299012  0.000000000000  0.000000000000  0.000000000000  0.000000000000  0.000000000000  0.000000000000  0.000000000000  0.005018420919  0.002002802880  0.008066585833  0.015206812894  
lophura_inornata 0.019325896091  0.011105786196  0.003009299012  0.003009299012  0.001000773755  0.015194501044  0.003009299012  0.000000000000  0.000000000000  0.000000000000  0.000000000000  0.000000000000  0.000000000000  0.000000000000  0.005018420919  0.002002802880  0.008066585833  0.015206812894  
perdix_dauuricae 0.023454822642  0.016212282066  0.008052571250  0.008052571250  0.006025322948  0.018263331038  0.008052571250  0.005018420919  0.005018420919  0.005018420919  0.005018420919  0.005018420919  0.005018420919  0.005018420919  0.000000000000  0.007035618077  0.011105786196  0.020347930246  
syrmaticus_reevesii 0.021387365495  0.013141901449  0.005021348018  0.005021348018  0.003006128461  0.016212282066  0.005021348018  0.002002802880  0.002002802880  0.002002802880  0.002002802880  0.002002802880  0.002002802880  0.002002802880  0.007035618077  0.000000000000  0.010094303403  0.017255807862  
pavo_cristatus 0.027695580547  0.019342745652  0.011126416679  0.011126416679  0.009075466616  0.023492718311  0.011126416679  0.008066585833  0.008066585833  0.008066585833  0.008066585833  0.008066585833  0.008066585833  0.008066585833  0.011105786196  0.010094303403  0.000000000000  0.017270378917  
alectoris_rufa 0.032941610559  0.026618157378  0.018305457506  0.018305457506  0.016224061435  0.030817371590  0.018305457506  0.015206812894  0.015206812894  0.015206812894  0.015206812894  0.015206812894  0.015206812894  0.015206812894  0.020347930246  0.017255807862  0.017270378917  0.000000000000  

