18
cyrtonyx_montezumae 0.000000000000  0.026530824112  0.026530824112  0.027578377706  0.034952700000  0.029663247647  0.032810941408  0.029663247647  0.031738213623  0.029663247647  0.030716493738  0.031772051812  0.027594817216  0.030754828837  0.034911599035  0.025515398245  0.040273395537  0.029663247647  
syrmaticus_ellioti 0.026530824112  0.000000000000  0.000000000000  0.001001041227  0.008059331416  0.004013189632  0.007039387141  0.004013189632  0.008048328250  0.004013189632  0.010079774154  0.015176112147  0.011098724405  0.020367761378  0.030699910838  0.019287509148  0.029699182630  0.021347512850  
phasianus_colchicus 0.026530824112  0.000000000000  0.000000000000  0.001001041227  0.008059331416  0.004013189632  0.007039387141  0.004013189632  0.008048328250  0.004013189632  0.010079774154  0.015176112147  0.011098724405  0.020367761378  0.030699910838  0.019287509148  0.029699182630  0.021347512850  
chrysolophus_pictus 0.027578377706  0.001001041227  0.001001041227  0.000000000000  0.009076208882  0.005021537827  0.008053008641  0.005021537827  0.009062978466  0.005021537827  0.011098724405  0.016203689224  0.012119838372  0.021408770346  0.031754267689  0.020322787208  0.030754828837  0.022386102404  
crossoptilon_crossoptilon 0.034952700000  0.008059331416  0.008059331416  0.009076208882  0.000000000000  0.012128996771  0.015196254941  0.012128996771  0.016214068595  0.012128996771  0.018278130441  0.023442062226  0.019313493279  0.027677641580  0.038106065649  0.026563038640  0.036041988690  0.027594817216  
syrmaticus_reevesii 0.029663247647  0.004013189632  0.004013189632  0.005021537827  0.012128996771  0.000000000000  0.003006951445  0.000000000000  0.004011279560  0.000000000000  0.014158828575  0.019287509148  0.015185350572  0.024524012491  0.033851475305  0.022386102404  0.032850652324  0.024455435960  
lophura_nycthemera 0.032810941408  0.007039387141  0.007039387141  0.008053008641  0.015196254941  0.003006951445  0.000000000000  0.003006951445  0.007035814471  0.003006951445  0.017233466848  0.022386102404  0.018265454464  0.027654381688  0.037018504660  0.025499620744  0.034952700000  0.027578377706  
lophura_inornata 0.029663247647  0.004013189632  0.004013189632  0.005021537827  0.012128996771  0.000000000000  0.003006951445  0.000000000000  0.004011279560  0.000000000000  0.014158828575  0.019287509148  0.015185350572  0.024524012491  0.033851475305  0.022386102404  0.032850652324  0.024455435960  
lophura_swinhoii 0.031738213623  0.008048328250  0.008048328250  0.009062978466  0.016214068595  0.004011279560  0.007035814471  0.004011279560  0.000000000000  0.004011279560  0.018254455180  0.021336417441  0.017223615769  0.026581703342  0.035937499083  0.026530824112  0.035994966161  0.028612303434  
catreus_wallichi 0.029663247647  0.004013189632  0.004013189632  0.005021537827  0.012128996771  0.000000000000  0.003006951445  0.000000000000  0.004011279560  0.000000000000  0.014158828575  0.019287509148  0.015185350572  0.024524012491  0.033851475305  0.022386102404  0.032850652324  0.024455435960  
perdix_dauuricae 0.030716493738  0.010079774154  0.010079774154  0.011098724405  0.018278130441  0.014158828575  0.017233466848  0.014158828575  0.018254455180  0.014158828575  0.000000000000  0.019287509148  0.015185350572  0.024524012491  0.034911599035  0.023426939975  0.033912079562  0.025499620744  
melgal2    0.031772051812  0.015176112147  0.015176112147  0.016203689224  0.023442062226  0.019287509148  0.022386102404  0.019287509148  0.021336417441  0.019287509148  0.019287509148  0.000000000000  0.016214068595  0.025572925858  0.035974065075  0.026563038640  0.035994966161  0.030716493738  
lophophorus_impejanus 0.027594817216  0.011098724405  0.011098724405  0.012119838372  0.019313493279  0.015185350572  0.018265454464  0.015185350572  0.017223615769  0.015185350572  0.015185350572  0.016214068595  0.000000000000  0.021428288285  0.031772051812  0.022415695897  0.033912079562  0.026546077859  
tragopan_blythii 0.030754828837  0.020367761378  0.020367761378  0.021408770346  0.027677641580  0.024524012491  0.027654381688  0.024524012491  0.026581703342  0.024524012491  0.024524012491  0.025572925858  0.021428288285  0.000000000000  0.032829932043  0.023458877302  0.038181373781  0.027594817216  
galgal4    0.034911599035  0.030699910838  0.030699910838  0.031754267689  0.038106065649  0.033851475305  0.037018504660  0.033851475305  0.035937499083  0.033851475305  0.034911599035  0.035974065075  0.031772051812  0.032829932043  0.000000000000  0.025485547607  0.040223481849  0.029634198400  
pavo_cristatus 0.025515398245  0.019287509148  0.019287509148  0.020322787208  0.026563038640  0.022386102404  0.025499620744  0.022386102404  0.026530824112  0.022386102404  0.023426939975  0.026563038640  0.022415695897  0.023458877302  0.025485547607  0.000000000000  0.027594817216  0.016187948382  
rollulus_rouloul 0.040273395537  0.029699182630  0.029699182630  0.030754828837  0.036041988690  0.032850652324  0.034952700000  0.032850652324  0.035994966161  0.032850652324  0.033912079562  0.035994966161  0.033912079562  0.038181373781  0.040223481849  0.027594817216  0.000000000000  0.021374772634  
alectoris_rufa 0.029663247647  0.021347512850  0.021347512850  0.022386102404  0.027594817216  0.024455435960  0.027578377706  0.024455435960  0.028612303434  0.024455435960  0.025499620744  0.030716493738  0.026546077859  0.027594817216  0.029634198400  0.016187948382  0.021374772634  0.000000000000  

