18
cyrtonyx_montezumae 0.000000000000  0.019331123876  0.023523070582  0.023523070582  0.026652292911  0.027707401455  0.023523070582  0.023523070582  0.023523070582  0.029796889652  0.026678106607  0.034121983924  0.028738325345  0.026628213539  0.026628213539  0.026628213539  0.026628213539  0.032986741346  
rollulus_rouloul 0.019331123876  0.000000000000  0.010095884247  0.010095884247  0.013154400662  0.014181190710  0.010095884247  0.010095884247  0.010095884247  0.016227531635  0.013166508594  0.020409063213  0.015197469125  0.013143988802  0.013143988802  0.013143988802  0.013143988802  0.019331123876  
crossoptilon_crossoptilon 0.023523070582  0.010095884247  0.000000000000  0.000000000000  0.003006991350  0.004013267436  0.000000000000  0.000000000000  0.000000000000  0.006028058382  0.003009467218  0.010106236725  0.007039616459  0.005018639486  0.005018639486  0.005018639486  0.005018639486  0.011107423188  
lophura_inornata 0.023523070582  0.010095884247  0.000000000000  0.000000000000  0.003006991350  0.004013267436  0.000000000000  0.000000000000  0.000000000000  0.006028058382  0.003009467218  0.010106236725  0.007039616459  0.005018639486  0.005018639486  0.005018639486  0.005018639486  0.011107423188  
catreus_wallichi 0.026652292911  0.013154400662  0.003006991350  0.003006991350  0.000000000000  0.007039616459  0.003006991350  0.003006991350  0.003006991350  0.009063342185  0.006032206214  0.013166508594  0.010080237998  0.008048608165  0.008048608165  0.008048608165  0.008048608165  0.014169624692  
tragopan_blythii 0.027707401455  0.014181190710  0.004013267436  0.004013267436  0.007039616459  0.000000000000  0.004013267436  0.004013267436  0.004013267436  0.010080237998  0.007044886966  0.014194455400  0.010080237998  0.008048608165  0.008048608165  0.008048608165  0.008048608165  0.014169624692  
syrmaticus_ellioti 0.023523070582  0.010095884247  0.000000000000  0.000000000000  0.003006991350  0.004013267436  0.000000000000  0.000000000000  0.000000000000  0.006028058382  0.003009467218  0.010106236725  0.007039616459  0.005018639486  0.005018639486  0.005018639486  0.005018639486  0.011107423188  
galgal4    0.023523070582  0.010095884247  0.000000000000  0.000000000000  0.003006991350  0.004013267436  0.000000000000  0.000000000000  0.000000000000  0.006028058382  0.003009467218  0.010106236725  0.007039616459  0.005018639486  0.005018639486  0.005018639486  0.005018639486  0.011107423188  
lophura_nycthemera 0.023523070582  0.010095884247  0.000000000000  0.000000000000  0.003006991350  0.004013267436  0.000000000000  0.000000000000  0.000000000000  0.006028058382  0.003009467218  0.010106236725  0.007039616459  0.005018639486  0.005018639486  0.005018639486  0.005018639486  0.011107423188  
lophura_swinhoii 0.029796889652  0.016227531635  0.006028058382  0.006028058382  0.009063342185  0.010080237998  0.006028058382  0.006028058382  0.006028058382  0.000000000000  0.009069186564  0.016241420938  0.013135276222  0.011092880629  0.011092880629  0.011092880629  0.011092880629  0.017246473070  
lophophorus_impejanus 0.026678106607  0.013166508594  0.003009467218  0.003009467218  0.006032206214  0.007044886966  0.003009467218  0.003009467218  0.003009467218  0.009069186564  0.000000000000  0.007051835060  0.010087216938  0.008053322805  0.008053322805  0.008053322805  0.008053322805  0.014181190710  
pavo_cristatus 0.034121983924  0.020409063213  0.010106236725  0.010106236725  0.013166508594  0.014194455400  0.010106236725  0.010106236725  0.010106236725  0.016241420938  0.007051835060  0.000000000000  0.017274880310  0.015210194280  0.015210194280  0.015210194280  0.015210194280  0.021431239672  
syrmaticus_reevesii 0.028738325345  0.015197469125  0.007039616459  0.007039616459  0.010080237998  0.010080237998  0.007039616459  0.007039616459  0.007039616459  0.013135276222  0.010087216938  0.017274880310  0.000000000000  0.002004201754  0.002004201754  0.002004201754  0.002004201754  0.008067798818  
phasianus_colchicus 0.026628213539  0.013143988802  0.005018639486  0.005018639486  0.008048608165  0.008048608165  0.005018639486  0.005018639486  0.005018639486  0.011092880629  0.008053322805  0.015210194280  0.002004201754  0.000000000000  0.000000000000  0.000000000000  0.000000000000  0.006038029139  
chrysolophus_pictus 0.026628213539  0.013143988802  0.005018639486  0.005018639486  0.008048608165  0.008048608165  0.005018639486  0.005018639486  0.005018639486  0.011092880629  0.008053322805  0.015210194280  0.002004201754  0.000000000000  0.000000000000  0.000000000000  0.000000000000  0.006038029139  
melgal2    0.026628213539  0.013143988802  0.005018639486  0.005018639486  0.008048608165  0.008048608165  0.005018639486  0.005018639486  0.005018639486  0.011092880629  0.008053322805  0.015210194280  0.002004201754  0.000000000000  0.000000000000  0.000000000000  0.000000000000  0.006038029139  
perdix_dauuricae 0.026628213539  0.013143988802  0.005018639486  0.005018639486  0.008048608165  0.008048608165  0.005018639486  0.005018639486  0.005018639486  0.011092880629  0.008053322805  0.015210194280  0.002004201754  0.000000000000  0.000000000000  0.000000000000  0.000000000000  0.006038029139  
alectoris_rufa 0.032986741346  0.019331123876  0.011107423188  0.011107423188  0.014169624692  0.014169624692  0.011107423188  0.011107423188  0.011107423188  0.017246473070  0.014181190710  0.021431239672  0.008067798818  0.006038029139  0.006038029139  0.006038029139  0.006038029139  0.000000000000  

