18
catreus_wallichi 0.000000000000  0.000000000000  0.049886813678  0.041365790054  0.041365790054  0.046683672919  0.046683672919  0.049918278450  0.046683672919  0.046683672919  0.046683672919  0.051011184639  0.044576354654  0.054233382518  0.041365790054  0.043494297565  0.033904299616  0.031748064285  
cyrtonyx_montezumae 0.000000000000  0.000000000000  0.049886813678  0.041365790054  0.041365790054  0.046683672919  0.046683672919  0.049918278450  0.046683672919  0.046683672919  0.046683672919  0.051011184639  0.044576354654  0.054233382518  0.041365790054  0.043494297565  0.033904299616  0.031748064285  
rollulus_rouloul 0.049886813678  0.049886813678  0.000000000000  0.014149509221  0.014149509221  0.023388569002  0.023388569002  0.026501328336  0.023388569002  0.023388569002  0.023388569002  0.026501328336  0.017221803012  0.024418397260  0.014149509221  0.016193408066  0.019285146690  0.080880713918  
tragopan_blythii 0.041365790054  0.041365790054  0.014149509221  0.000000000000  0.000000000000  0.009055854470  0.009055854470  0.012101459869  0.009055854470  0.009055854470  0.009055854470  0.013121220380  0.003006895641  0.012101459869  0.000000000000  0.002002791331  0.011115326272  0.075302935763  
pavo_cristatus 0.041365790054  0.041365790054  0.014149509221  0.000000000000  0.000000000000  0.009055854470  0.009055854470  0.012101459869  0.009055854470  0.009055854470  0.009055854470  0.013121220380  0.003006895641  0.012101459869  0.000000000000  0.002002791331  0.011115326272  0.075302935763  
chrysolophus_pictus 0.046683672919  0.046683672919  0.023388569002  0.009055854470  0.009055854470  0.000000000000  0.000000000000  0.003006895641  0.000000000000  0.000000000000  0.000000000000  0.004013079513  0.012101459869  0.021310649813  0.009055854470  0.011083835359  0.020320114030  0.080880713918  
lophura_inornata 0.046683672919  0.046683672919  0.023388569002  0.009055854470  0.009055854470  0.000000000000  0.000000000000  0.003006895641  0.000000000000  0.000000000000  0.000000000000  0.004013079513  0.012101459869  0.021310649813  0.009055854470  0.011083835359  0.020320114030  0.080880713918  
crossoptilon_crossoptilon 0.049918278450  0.049918278450  0.026501328336  0.012101459869  0.012101459869  0.003006895641  0.003006895641  0.000000000000  0.003006895641  0.003006895641  0.003006895641  0.007039063580  0.015161316809  0.023373634229  0.012101459869  0.014138366287  0.023423399035  0.084290467308  
phasianus_colchicus 0.046683672919  0.046683672919  0.023388569002  0.009055854470  0.009055854470  0.000000000000  0.000000000000  0.003006895641  0.000000000000  0.000000000000  0.000000000000  0.004013079513  0.012101459869  0.021310649813  0.009055854470  0.011083835359  0.020320114030  0.080880713918  
syrmaticus_reevesii 0.046683672919  0.046683672919  0.023388569002  0.009055854470  0.009055854470  0.000000000000  0.000000000000  0.003006895641  0.000000000000  0.000000000000  0.000000000000  0.004013079513  0.012101459869  0.021310649813  0.009055854470  0.011083835359  0.020320114030  0.080880713918  
syrmaticus_ellioti 0.046683672919  0.046683672919  0.023388569002  0.009055854470  0.009055854470  0.000000000000  0.000000000000  0.003006895641  0.000000000000  0.000000000000  0.000000000000  0.004013079513  0.012101459869  0.021310649813  0.009055854470  0.011083835359  0.020320114030  0.080880713918  
lophura_swinhoii 0.051011184639  0.051011184639  0.026501328336  0.013121220380  0.013121220380  0.004013079513  0.004013079513  0.007039063580  0.004013079513  0.004013079513  0.004013079513  0.000000000000  0.016186425774  0.025449825492  0.013121220380  0.015161316809  0.024466109083  0.085449446230  
perdix_dauuricae 0.044576354654  0.044576354654  0.017221803012  0.003006895641  0.003006895641  0.012101459869  0.012101459869  0.015161316809  0.012101459869  0.012101459869  0.012101459869  0.016186425774  0.000000000000  0.011086912383  0.003006895641  0.005018383705  0.014178371708  0.078685927778  
galgal4    0.054233382518  0.054233382518  0.024418397260  0.012101459869  0.012101459869  0.021310649813  0.021310649813  0.023373634229  0.021310649813  0.021310649813  0.021310649813  0.025449825492  0.011086912383  0.000000000000  0.012101459869  0.014138366287  0.023423399035  0.087662957286  
lophura_nycthemera 0.041365790054  0.041365790054  0.014149509221  0.000000000000  0.000000000000  0.009055854470  0.009055854470  0.012101459869  0.009055854470  0.009055854470  0.009055854470  0.013121220380  0.003006895641  0.012101459869  0.000000000000  0.002002791331  0.011115326272  0.075302935763  
lophophorus_impejanus 0.043494297565  0.043494297565  0.016193408066  0.002002791331  0.002002791331  0.011083835359  0.011083835359  0.014138366287  0.011083835359  0.011083835359  0.011083835359  0.015161316809  0.005018383705  0.014138366287  0.002002791331  0.000000000000  0.013152024819  0.077539142079  
melgal2    0.033904299616  0.033904299616  0.019285146690  0.011115326272  0.011115326272  0.020320114030  0.020320114030  0.023423399035  0.020320114030  0.020320114030  0.020320114030  0.024466109083  0.014178371708  0.023423399035  0.011115326272  0.013152024819  0.000000000000  0.067419477326  
alectoris_rufa 0.031748064285  0.031748064285  0.080880713918  0.075302935763  0.075302935763  0.080880713918  0.080880713918  0.084290467308  0.080880713918  0.080880713918  0.080880713918  0.085449446230  0.078685927778  0.087662957286  0.075302935763  0.077539142079  0.067419477326  0.000000000000  

