18
rollulus_rouloul 0.000000000000  0.026549902497  0.023445544055  0.023445544055  0.023445544055  0.023445544055  0.023445544055  0.023445544055  0.023445544055  0.023445544055  0.026567403733  0.038163609604  0.011107734510  0.030760754858  0.024508798923  0.028715708350  0.039056121508  0.018267443896  
catreus_wallichi 0.026549902497  0.000000000000  0.003006134385  0.003006134385  0.003006134385  0.003006134385  0.003006134385  0.003006134385  0.003006134385  0.003006134385  0.032816089567  0.044513238600  0.017224961142  0.037045741116  0.030740091592  0.034983601504  0.053021455521  0.043460328277  
chrysolophus_pictus 0.023445544055  0.003006134385  0.000000000000  0.000000000000  0.000000000000  0.000000000000  0.000000000000  0.000000000000  0.000000000000  0.000000000000  0.029685108033  0.041331566675  0.014159987567  0.033896531125  0.027617843249  0.031842973655  0.049803066353  0.040283150898  
syrmaticus_ellioti 0.023445544055  0.003006134385  0.000000000000  0.000000000000  0.000000000000  0.000000000000  0.000000000000  0.000000000000  0.000000000000  0.000000000000  0.029685108033  0.041331566675  0.014159987567  0.033896531125  0.027617843249  0.031842973655  0.049803066353  0.040283150898  
lophura_swinhoii 0.023445544055  0.003006134385  0.000000000000  0.000000000000  0.000000000000  0.000000000000  0.000000000000  0.000000000000  0.000000000000  0.000000000000  0.029685108033  0.041331566675  0.014159987567  0.033896531125  0.027617843249  0.031842973655  0.049803066353  0.040283150898  
lophura_nycthemera 0.023445544055  0.003006134385  0.000000000000  0.000000000000  0.000000000000  0.000000000000  0.000000000000  0.000000000000  0.000000000000  0.000000000000  0.029685108033  0.041331566675  0.014159987567  0.033896531125  0.027617843249  0.031842973655  0.049803066353  0.040283150898  
phasianus_colchicus 0.023445544055  0.003006134385  0.000000000000  0.000000000000  0.000000000000  0.000000000000  0.000000000000  0.000000000000  0.000000000000  0.000000000000  0.029685108033  0.041331566675  0.014159987567  0.033896531125  0.027617843249  0.031842973655  0.049803066353  0.040283150898  
lophura_inornata 0.023445544055  0.003006134385  0.000000000000  0.000000000000  0.000000000000  0.000000000000  0.000000000000  0.000000000000  0.000000000000  0.000000000000  0.029685108033  0.041331566675  0.014159987567  0.033896531125  0.027617843249  0.031842973655  0.049803066353  0.040283150898  
crossoptilon_crossoptilon 0.023445544055  0.003006134385  0.000000000000  0.000000000000  0.000000000000  0.000000000000  0.000000000000  0.000000000000  0.000000000000  0.000000000000  0.029685108033  0.041331566675  0.014159987567  0.033896531125  0.027617843249  0.031842973655  0.049803066353  0.040283150898  
syrmaticus_reevesii 0.023445544055  0.003006134385  0.000000000000  0.000000000000  0.000000000000  0.000000000000  0.000000000000  0.000000000000  0.000000000000  0.000000000000  0.029685108033  0.041331566675  0.014159987567  0.033896531125  0.027617843249  0.031842973655  0.049803066353  0.040283150898  
cyrtonyx_montezumae 0.026567403733  0.032816089567  0.029685108033  0.029685108033  0.029685108033  0.029685108033  0.029685108033  0.029685108033  0.029685108033  0.029685108033  0.000000000000  0.027582140592  0.017235140574  0.037068605568  0.030760754858  0.035009249550  0.054089138380  0.045656393140  
galgal4    0.038163609604  0.044513238600  0.041331566675  0.041331566675  0.041331566675  0.041331566675  0.041331566675  0.041331566675  0.041331566675  0.041331566675  0.027582140592  0.000000000000  0.028650665122  0.048857324150  0.042438324135  0.046778213413  0.065041329014  0.057624111879  
tragopan_blythii 0.011107734510  0.017224961142  0.014159987567  0.014159987567  0.014159987567  0.014159987567  0.014159987567  0.014159987567  0.014159987567  0.014159987567  0.017235140574  0.028650665122  0.000000000000  0.019289455321  0.013144315381  0.017260599697  0.038019689494  0.029725713216  
perdix_dauuricae 0.030760754858  0.037045741116  0.033896531125  0.033896531125  0.033896531125  0.033896531125  0.033896531125  0.033896531125  0.033896531125  0.033896531125  0.037068605568  0.048857324150  0.019289455321  0.000000000000  0.032857110375  0.037119650125  0.057351979555  0.049984349543  
lophophorus_impejanus 0.024508798923  0.030740091592  0.027617843249  0.027617843249  0.027617843249  0.027617843249  0.027617843249  0.027617843249  0.027617843249  0.027617843249  0.030760754858  0.042438324135  0.013144315381  0.032857110375  0.000000000000  0.018280504335  0.051955494319  0.043551904216  
melgal2    0.028715708350  0.034983601504  0.031842973655  0.031842973655  0.031842973655  0.031842973655  0.031842973655  0.031842973655  0.031842973655  0.031842973655  0.035009249550  0.046778213413  0.017260599697  0.037119650125  0.018280504335  0.000000000000  0.055238653499  0.047906961600  
pavo_cristatus 0.039056121508  0.053021455521  0.049803066353  0.049803066353  0.049803066353  0.049803066353  0.049803066353  0.049803066353  0.049803066353  0.049803066353  0.054089138380  0.065041329014  0.038019689494  0.057351979555  0.051955494319  0.055238653499  0.000000000000  0.054043958074  
alectoris_rufa 0.018267443896  0.043460328277  0.040283150898  0.040283150898  0.040283150898  0.040283150898  0.040283150898  0.040283150898  0.040283150898  0.040283150898  0.045656393140  0.057624111879  0.029725713216  0.049984349543  0.043551904216  0.047906961600  0.054043958074  0.000000000000  

