18
cyrtonyx_montezumae 0.000000000000  0.034952494020  0.042482040702  0.029745332808  0.052108017775  0.052108017775  0.052108017775  0.055406748465  0.059679467511  0.052108017775  0.052108017775  0.055406748465  0.063015025109  0.038152104474  0.052143609590  0.058770566236  0.052143609590  0.025537794305  
rollulus_rouloul 0.034952494020  0.000000000000  0.031773377252  0.017219024856  0.039108395280  0.039108395280  0.039108395280  0.043392779335  0.046535836037  0.039108395280  0.039108395280  0.042318211262  0.050866798553  0.025464062176  0.038061557436  0.047743538747  0.042341361204  0.013120105485  
galgal4    0.042482040702  0.031773377252  0.000000000000  0.020357716107  0.044551198432  0.044551198432  0.044551198432  0.048896649812  0.049859716989  0.044551198432  0.044551198432  0.047806715152  0.057539728319  0.030757257424  0.044581705917  0.052219850609  0.045665699363  0.018284673606  
pavo_cristatus 0.029745332808  0.017219024856  0.020357716107  0.000000000000  0.030736907473  0.030736907473  0.030736907473  0.034975777911  0.035953277856  0.030736907473  0.030736907473  0.033912661671  0.043443095831  0.018271220737  0.031814720469  0.040356522521  0.035000694684  0.006036559917  
syrmaticus_reevesii 0.052108017775  0.039108395280  0.044551198432  0.030736907473  0.000000000000  0.000000000000  0.000000000000  0.004016204893  0.009057795734  0.000000000000  0.000000000000  0.007038504516  0.016191117246  0.013131552016  0.024459358131  0.035000694684  0.029702042509  0.025488724719  
catreus_wallichi 0.052108017775  0.039108395280  0.044551198432  0.030736907473  0.000000000000  0.000000000000  0.000000000000  0.004016204893  0.009057795734  0.000000000000  0.000000000000  0.007038504516  0.016191117246  0.013131552016  0.024459358131  0.035000694684  0.029702042509  0.025488724719  
lophura_nycthemera 0.052108017775  0.039108395280  0.044551198432  0.030736907473  0.000000000000  0.000000000000  0.000000000000  0.004016204893  0.009057795734  0.000000000000  0.000000000000  0.007038504516  0.016191117246  0.013131552016  0.024459358131  0.035000694684  0.029702042509  0.025488724719  
lophura_inornata 0.055406748465  0.043392779335  0.048896649812  0.034975777911  0.004016204893  0.004016204893  0.004016204893  0.000000000000  0.013131552016  0.004016204893  0.004016204893  0.011103986764  0.020315582196  0.017239020472  0.028649066185  0.039280723609  0.033936429407  0.029682822147  
phasianus_colchicus 0.059679467511  0.046535836037  0.049859716989  0.035953277856  0.009057795734  0.009057795734  0.009057795734  0.013131552016  0.000000000000  0.009057795734  0.009057795734  0.016191117246  0.025464062176  0.020295454173  0.031738548504  0.042392656427  0.037037016631  0.032777633848  
crossoptilon_crossoptilon 0.052108017775  0.039108395280  0.044551198432  0.030736907473  0.000000000000  0.000000000000  0.000000000000  0.004016204893  0.009057795734  0.000000000000  0.000000000000  0.007038504516  0.016191117246  0.013131552016  0.024459358131  0.035000694684  0.029702042509  0.025488724719  
lophura_swinhoii 0.052108017775  0.039108395280  0.044551198432  0.030736907473  0.000000000000  0.000000000000  0.000000000000  0.004016204893  0.009057795734  0.000000000000  0.000000000000  0.007038504516  0.016191117246  0.013131552016  0.024459358131  0.035000694684  0.029702042509  0.025488724719  
syrmaticus_ellioti 0.055406748465  0.042318211262  0.047806715152  0.033912661671  0.007038504516  0.007038504516  0.007038504516  0.011103986764  0.016191117246  0.007038504516  0.007038504516  0.000000000000  0.019281248431  0.016208962312  0.027598318973  0.038207251379  0.032874441243  0.028630970626  
chrysolophus_pictus 0.063015025109  0.050866798553  0.057539728319  0.043443095831  0.016191117246  0.016191117246  0.016191117246  0.020315582196  0.025464062176  0.016191117246  0.016191117246  0.019281248431  0.000000000000  0.025488724719  0.037037016631  0.047806715152  0.042392656427  0.038081718046  
lophophorus_impejanus 0.038152104474  0.025464062176  0.030757257424  0.018271220737  0.013131552016  0.013131552016  0.013131552016  0.017239020472  0.020295454173  0.013131552016  0.013131552016  0.016208962312  0.025488724719  0.000000000000  0.014164384008  0.021397493277  0.016220253382  0.012109974102  
perdix_dauuricae 0.052143609590  0.038061557436  0.044581705917  0.031814720469  0.024459358131  0.024459358131  0.024459358131  0.028649066185  0.031738548504  0.024459358131  0.024459358131  0.027598318973  0.037037016631  0.014164384008  0.000000000000  0.019336234850  0.030779227347  0.025503474275  
melgal2    0.058770566236  0.047743538747  0.052219850609  0.040356522521  0.035000694684  0.035000694684  0.035000694684  0.039280723609  0.042392656427  0.035000694684  0.035000694684  0.038207251379  0.047806715152  0.021397493277  0.019336234850  0.000000000000  0.038237282418  0.033936429407  
tragopan_blythii 0.052143609590  0.042341361204  0.045665699363  0.035000694684  0.029702042509  0.029702042509  0.029702042509  0.033936429407  0.037037016631  0.029702042509  0.029702042509  0.032874441243  0.042392656427  0.016220253382  0.030779227347  0.038237282418  0.000000000000  0.028649066185  
alectoris_rufa 0.025537794305  0.013120105485  0.018284673606  0.006036559917  0.025488724719  0.025488724719  0.025488724719  0.029682822147  0.032777633848  0.025488724719  0.025488724719  0.028630970626  0.038081718046  0.012109974102  0.025503474275  0.033936429407  0.028649066185  0.000000000000  

