18
cyrtonyx_montezumae 0.000000000000  0.047955365532  0.040358026630  0.049009858651  0.049009858651  0.049009858651  0.049009858651  0.049009858651  0.061149885898  0.051204489755  0.049009858651  0.053365222115  0.044685096580  0.044649528738  0.046862877211  0.049050266648  0.040358026630  0.040358026630  
pavo_cristatus 0.047955365532  0.000000000000  0.012147618504  0.024575521416  0.024575521416  0.024575521416  0.024575521416  0.024575521416  0.036223504979  0.026679482044  0.024575521416  0.024552246954  0.016263882584  0.018316688923  0.020414610088  0.022503078913  0.012147618504  0.012147618504  
rollulus_rouloul 0.040358026630  0.012147618504  0.000000000000  0.012135888333  0.012135888333  0.012135888333  0.012135888333  0.012135888333  0.023504722920  0.014187605090  0.012135888333  0.016233382309  0.006036603517  0.006031197860  0.008065250259  0.010102232328  0.000000000000  0.000000000000  
phasianus_colchicus 0.049009858651  0.024575521416  0.012135888333  0.000000000000  0.000000000000  0.000000000000  0.000000000000  0.000000000000  0.011113205352  0.002004045092  0.000000000000  0.022439948420  0.012135888333  0.012125717598  0.014187605090  0.016247848233  0.012135888333  0.012135888333  
lophura_nycthemera 0.049009858651  0.024575521416  0.012135888333  0.000000000000  0.000000000000  0.000000000000  0.000000000000  0.000000000000  0.011113205352  0.002004045092  0.000000000000  0.022439948420  0.012135888333  0.012125717598  0.014187605090  0.016247848233  0.012135888333  0.012135888333  
catreus_wallichi 0.049009858651  0.024575521416  0.012135888333  0.000000000000  0.000000000000  0.000000000000  0.000000000000  0.000000000000  0.011113205352  0.002004045092  0.000000000000  0.022439948420  0.012135888333  0.012125717598  0.014187605090  0.016247848233  0.012135888333  0.012135888333  
crossoptilon_crossoptilon 0.049009858651  0.024575521416  0.012135888333  0.000000000000  0.000000000000  0.000000000000  0.000000000000  0.000000000000  0.011113205352  0.002004045092  0.000000000000  0.022439948420  0.012135888333  0.012125717598  0.014187605090  0.016247848233  0.012135888333  0.012135888333  
chrysolophus_pictus 0.049009858651  0.024575521416  0.012135888333  0.000000000000  0.000000000000  0.000000000000  0.000000000000  0.000000000000  0.011113205352  0.002004045092  0.000000000000  0.022439948420  0.012135888333  0.012125717598  0.014187605090  0.016247848233  0.012135888333  0.012135888333  
syrmaticus_ellioti 0.061149885898  0.036223504979  0.023504722920  0.011113205352  0.011113205352  0.011113205352  0.011113205352  0.011113205352  0.000000000000  0.013160685327  0.011113205352  0.034018663040  0.023504722920  0.022439948420  0.025601989058  0.027708165188  0.023504722920  0.023504722920  
syrmaticus_reevesii 0.051204489755  0.026679482044  0.014187605090  0.002004045092  0.002004045092  0.002004045092  0.002004045092  0.002004045092  0.013160685327  0.000000000000  0.002004045092  0.024530562535  0.014187605090  0.014175295662  0.016247848233  0.018316688923  0.014187605090  0.014187605090  
lophura_inornata 0.049009858651  0.024575521416  0.012135888333  0.000000000000  0.000000000000  0.000000000000  0.000000000000  0.000000000000  0.011113205352  0.002004045092  0.000000000000  0.022439948420  0.012135888333  0.012125717598  0.014187605090  0.016247848233  0.012135888333  0.012135888333  
lophura_swinhoii 0.053365222115  0.024552246954  0.016233382309  0.022439948420  0.022439948420  0.022439948420  0.022439948420  0.022439948420  0.034018663040  0.024530562535  0.022439948420  0.000000000000  0.010084578053  0.016220487812  0.017265638484  0.019336621292  0.016233382309  0.016233382309  
lophophorus_impejanus 0.044685096580  0.016263882584  0.006036603517  0.012135888333  0.012135888333  0.012135888333  0.012135888333  0.012135888333  0.023504722920  0.014187605090  0.012135888333  0.010084578053  0.000000000000  0.006031197860  0.008065250259  0.010102232328  0.006036603517  0.006036603517  
melgal2    0.044649528738  0.018316688923  0.006031197860  0.012125717598  0.012125717598  0.012125717598  0.012125717598  0.012125717598  0.022439948420  0.014175295662  0.012125717598  0.016220487812  0.006031197860  0.000000000000  0.008057753710  0.010092627679  0.006031197860  0.006031197860  
perdix_dauuricae 0.046862877211  0.020414610088  0.008065250259  0.014187605090  0.014187605090  0.014187605090  0.014187605090  0.014187605090  0.025601989058  0.016247848233  0.014187605090  0.017265638484  0.008065250259  0.008057753710  0.000000000000  0.006036603517  0.008065250259  0.008065250259  
tragopan_blythii 0.049050266648  0.022503078913  0.010102232328  0.016247848233  0.016247848233  0.016247848233  0.016247848233  0.016247848233  0.027708165188  0.018316688923  0.016247848233  0.019336621292  0.010102232328  0.010092627679  0.006036603517  0.000000000000  0.010102232328  0.010102232328  
galgal4    0.040358026630  0.012147618504  0.000000000000  0.012135888333  0.012135888333  0.012135888333  0.012135888333  0.012135888333  0.023504722920  0.014187605090  0.012135888333  0.016233382309  0.006036603517  0.006031197860  0.008065250259  0.010102232328  0.000000000000  0.000000000000  
alectoris_rufa 0.040358026630  0.012147618504  0.000000000000  0.012135888333  0.012135888333  0.012135888333  0.012135888333  0.012135888333  0.023504722920  0.014187605090  0.012135888333  0.016233382309  0.006036603517  0.006031197860  0.008065250259  0.010102232328  0.000000000000  0.000000000000  

