18
galgal4    0.000000000000  0.026615543310  0.028723218142  0.096117830316  0.027745760037  0.034096745287  0.030897106836  0.031993512162  0.027718289726  0.027718289726  0.026663264302  0.026663264302  0.026663264302  0.028748590350  0.032996134667  0.027718289726  0.018321252370  0.040375243581  
pavo_cristatus 0.026615543310  0.000000000000  0.026574357830  0.091389511111  0.026638588319  0.032966047128  0.029780475592  0.030867745877  0.026615543310  0.026615543310  0.025565106308  0.025565106308  0.025565106308  0.027645674325  0.031874625892  0.026615543310  0.017254766150  0.040313223858  
cyrtonyx_montezumae 0.028723218142  0.026574357830  0.000000000000  0.090214547984  0.025586995221  0.031901880082  0.026615543310  0.029807018965  0.025565106308  0.025565106308  0.024516923275  0.024516923275  0.024516923275  0.026594132171  0.030813950813  0.025565106308  0.016223159933  0.038166443574  
rollulus_rouloul 0.096117830316  0.091389511111  0.090214547984  0.000000000000  0.085601968552  0.091389511111  0.089042404188  0.089105896408  0.082067998207  0.080915217143  0.080915217143  0.080915217143  0.080915217143  0.083168953293  0.085485390119  0.082067998207  0.080968821631  0.102919682472  
melgal2    0.027745760037  0.026638588319  0.025586995221  0.085601968552  0.000000000000  0.010093881545  0.007043994477  0.010103774070  0.006031582340  0.006031582340  0.005021264105  0.005021264105  0.005021264105  0.007038929712  0.011105360848  0.006031582340  0.009083940470  0.037181262030  
lophophorus_impejanus 0.034096745287  0.032966047128  0.031901880082  0.091389511111  0.010093881545  0.000000000000  0.013151341277  0.016251382491  0.012127279905  0.012127279905  0.011105360848  0.011105360848  0.011105360848  0.013141348557  0.015193727681  0.012127279905  0.015219727243  0.039298251694  
perdix_dauuricae 0.030897106836  0.029780475592  0.026615543310  0.089042404188  0.007043994477  0.013151341277  0.000000000000  0.013162930118  0.009067913956  0.009067913956  0.008052368399  0.008052368399  0.008052368399  0.010078857884  0.014166460251  0.009067913956  0.012137770008  0.038223629049  
tragopan_blythii 0.031993512162  0.030867745877  0.029807018965  0.089105896408  0.010103774070  0.016251382491  0.013162930118  0.000000000000  0.012137770008  0.012137770008  0.011114756808  0.011114756808  0.011114756808  0.013151341277  0.017269190791  0.012137770008  0.013176112137  0.041489362630  
catreus_wallichi 0.027718289726  0.026615543310  0.025565106308  0.082067998207  0.006031582340  0.012127279905  0.009067913956  0.012137770008  0.000000000000  0.002004105425  0.001001024953  0.001001024953  0.001001024953  0.003006874822  0.007043994477  0.002004105425  0.009075135300  0.037151365244  
chrysolophus_pictus 0.027718289726  0.026615543310  0.025565106308  0.080915217143  0.006031582340  0.012127279905  0.009067913956  0.012137770008  0.002004105425  0.000000000000  0.001001024953  0.001001024953  0.001001024953  0.003006874822  0.007043994477  0.002004105425  0.009075135300  0.037151365244  
lophura_swinhoii 0.026663264302  0.025565106308  0.024516923275  0.080915217143  0.005021264105  0.011105360848  0.008052368399  0.011114756808  0.001001024953  0.001001024953  0.000000000000  0.000000000000  0.000000000000  0.002002786646  0.006031582340  0.001001024953  0.008058509213  0.036081449946  
crossoptilon_crossoptilon 0.026663264302  0.025565106308  0.024516923275  0.080915217143  0.005021264105  0.011105360848  0.008052368399  0.011114756808  0.001001024953  0.001001024953  0.000000000000  0.000000000000  0.000000000000  0.002002786646  0.006031582340  0.001001024953  0.008058509213  0.036081449946  
phasianus_colchicus 0.026663264302  0.025565106308  0.024516923275  0.080915217143  0.005021264105  0.011105360848  0.008052368399  0.011114756808  0.001001024953  0.001001024953  0.000000000000  0.000000000000  0.000000000000  0.002002786646  0.006031582340  0.001001024953  0.008058509213  0.036081449946  
lophura_inornata 0.028748590350  0.027645674325  0.026594132171  0.083168953293  0.007038929712  0.013141348557  0.010078857884  0.013151341277  0.003006874822  0.003006874822  0.002002786646  0.002002786646  0.002002786646  0.000000000000  0.008052368399  0.003006874822  0.010085575161  0.038194199098  
syrmaticus_ellioti 0.032996134667  0.031874625892  0.030813950813  0.085485390119  0.011105360848  0.015193727681  0.014166460251  0.017269190791  0.007043994477  0.007043994477  0.006031582340  0.006031582340  0.006031582340  0.008052368399  0.000000000000  0.007043994477  0.014177553965  0.042502085946  
lophura_nycthemera 0.027718289726  0.026615543310  0.025565106308  0.082067998207  0.006031582340  0.012127279905  0.009067913956  0.012137770008  0.002004105425  0.002004105425  0.001001024953  0.001001024953  0.001001024953  0.003006874822  0.007043994477  0.000000000000  0.009075135300  0.037151365244  
syrmaticus_reevesii 0.018321252370  0.017254766150  0.016223159933  0.080968821631  0.009083940470  0.015219727243  0.012137770008  0.013176112137  0.009075135300  0.009075135300  0.008058509213  0.008058509213  0.008058509213  0.010085575161  0.014177553965  0.009075135300  0.000000000000  0.027624744000  
alectoris_rufa 0.040375243581  0.040313223858  0.038166443574  0.102919682472  0.037181262030  0.039298251694  0.038223629049  0.041489362630  0.037151365244  0.037151365244  0.036081449946  0.036081449946  0.036081449946  0.038194199098  0.042502085946  0.037151365244  0.027624744000  0.000000000000  

