18
cyrtonyx_montezumae 0.000000000000  0.023520149113  0.024504761946  0.024504761946  0.027655008419  0.025552548916  0.024504761946  0.024504761946  0.024504761946  0.028665665237  0.028709701115  0.031887753350  0.028709701115  0.026602627725  0.026602627725  0.026602627725  0.026602627725  0.032924043014  
rollulus_rouloul 0.023520149113  0.000000000000  0.010079815635  0.010079815635  0.013143234581  0.010079815635  0.010079815635  0.010079815635  0.010079815635  0.014150779031  0.014168733678  0.017258440337  0.014168733678  0.012119921398  0.012119921398  0.012119921398  0.012119921398  0.018278353517  
crossoptilon_crossoptilon 0.024504761946  0.010079815635  0.000000000000  0.000000000000  0.003009412727  0.002003087043  0.000000000000  0.000000000000  0.000000000000  0.004011280313  0.004016757132  0.007051535029  0.004016757132  0.002004177603  0.002004177603  0.002004177603  0.002004177603  0.009076302030  
lophura_inornata 0.024504761946  0.010079815635  0.000000000000  0.000000000000  0.003009412727  0.002003087043  0.000000000000  0.000000000000  0.000000000000  0.004011280313  0.004016757132  0.007051535029  0.004016757132  0.002004177603  0.002004177603  0.002004177603  0.002004177603  0.009076302030  
catreus_wallichi 0.027655008419  0.013143234581  0.003009412727  0.003009412727  0.000000000000  0.005018535909  0.003009412727  0.003009412727  0.003009412727  0.007039409361  0.007051535029  0.010105619192  0.007051535029  0.005026219691  0.005026219691  0.005026219691  0.005026219691  0.012139994804  
tragopan_blythii 0.025552548916  0.010079815635  0.002003087043  0.002003087043  0.005018535909  0.000000000000  0.002003087043  0.002003087043  0.002003087043  0.006024601650  0.006027909283  0.009068825605  0.006027909283  0.004011280313  0.004011280313  0.004011280313  0.004011280313  0.011098784829  
syrmaticus_ellioti 0.024504761946  0.010079815635  0.000000000000  0.000000000000  0.003009412727  0.002003087043  0.000000000000  0.000000000000  0.000000000000  0.004011280313  0.004016757132  0.007051535029  0.004016757132  0.002004177603  0.002004177603  0.002004177603  0.002004177603  0.009076302030  
galgal4    0.024504761946  0.010079815635  0.000000000000  0.000000000000  0.003009412727  0.002003087043  0.000000000000  0.000000000000  0.000000000000  0.004011280313  0.004016757132  0.007051535029  0.004016757132  0.002004177603  0.002004177603  0.002004177603  0.002004177603  0.009076302030  
lophura_nycthemera 0.024504761946  0.010079815635  0.000000000000  0.000000000000  0.003009412727  0.002003087043  0.000000000000  0.000000000000  0.000000000000  0.004011280313  0.004016757132  0.007051535029  0.004016757132  0.002004177603  0.002004177603  0.002004177603  0.002004177603  0.009076302030  
lophura_swinhoii 0.028665665237  0.014150779031  0.004011280313  0.004011280313  0.007039409361  0.006024601650  0.004011280313  0.004011280313  0.004011280313  0.000000000000  0.008053045122  0.011106857173  0.008053045122  0.006027909283  0.006027909283  0.006027909283  0.006027909283  0.013143234581  
lophophorus_impejanus 0.028709701115  0.014168733678  0.004016757132  0.004016757132  0.007051535029  0.006027909283  0.004016757132  0.004016757132  0.004016757132  0.008053045122  0.000000000000  0.003009412727  0.008067405831  0.006037809329  0.006037809329  0.006037809329  0.006037809329  0.013165585958  
pavo_cristatus 0.031887753350  0.017258440337  0.007051535029  0.007051535029  0.010105619192  0.009068825605  0.007051535029  0.007051535029  0.007051535029  0.011106857173  0.003009412727  0.000000000000  0.011127980120  0.009085430834  0.009085430834  0.009085430834  0.009085430834  0.016255571165  
syrmaticus_reevesii 0.028709701115  0.014168733678  0.004016757132  0.004016757132  0.007051535029  0.006027909283  0.004016757132  0.004016757132  0.004016757132  0.008053045122  0.008067405831  0.011127980120  0.000000000000  0.002004177603  0.002004177603  0.002004177603  0.002004177603  0.009076302030  
phasianus_colchicus 0.026602627725  0.012119921398  0.002004177603  0.002004177603  0.005026219691  0.004011280313  0.002004177603  0.002004177603  0.002004177603  0.006027909283  0.006037809329  0.009085430834  0.002004177603  0.000000000000  0.000000000000  0.000000000000  0.000000000000  0.007044648475  
chrysolophus_pictus 0.026602627725  0.012119921398  0.002004177603  0.002004177603  0.005026219691  0.004011280313  0.002004177603  0.002004177603  0.002004177603  0.006027909283  0.006037809329  0.009085430834  0.002004177603  0.000000000000  0.000000000000  0.000000000000  0.000000000000  0.007044648475  
melgal2    0.026602627725  0.012119921398  0.002004177603  0.002004177603  0.005026219691  0.004011280313  0.002004177603  0.002004177603  0.002004177603  0.006027909283  0.006037809329  0.009085430834  0.002004177603  0.000000000000  0.000000000000  0.000000000000  0.000000000000  0.007044648475  
perdix_dauuricae 0.026602627725  0.012119921398  0.002004177603  0.002004177603  0.005026219691  0.004011280313  0.002004177603  0.002004177603  0.002004177603  0.006027909283  0.006037809329  0.009085430834  0.002004177603  0.000000000000  0.000000000000  0.000000000000  0.000000000000  0.007044648475  
alectoris_rufa 0.032924043014  0.018278353517  0.009076302030  0.009076302030  0.012139994804  0.011098784829  0.009076302030  0.009076302030  0.009076302030  0.013143234581  0.013165585958  0.016255571165  0.009076302030  0.007044648475  0.007044648475  0.007044648475  0.007044648475  0.000000000000  

