18
perdix_dauuricae 0.000000000000  0.000000000000  0.000000000000  0.000000000000  0.000000000000  0.000000000000  0.004016608077  0.000000000000  0.000000000000  0.000000000000  0.003009329116  0.005021404014  0.000000000000  0.010086142182  0.011106081044  0.003009329116  0.009084665603  0.000000000000  
crossoptilon_crossoptilon 0.000000000000  0.000000000000  0.000000000000  0.000000000000  0.000000000000  0.000000000000  0.004016608077  0.000000000000  0.000000000000  0.000000000000  0.003009329116  0.005021404014  0.000000000000  0.010086142182  0.011106081044  0.003009329116  0.009084665603  0.000000000000  
tragopan_blythii 0.000000000000  0.000000000000  0.000000000000  0.000000000000  0.000000000000  0.000000000000  0.004016608077  0.000000000000  0.000000000000  0.000000000000  0.003009329116  0.005021404014  0.000000000000  0.010086142182  0.011106081044  0.003009329116  0.009084665603  0.000000000000  
catreus_wallichi 0.000000000000  0.000000000000  0.000000000000  0.000000000000  0.000000000000  0.000000000000  0.004016608077  0.000000000000  0.000000000000  0.000000000000  0.003009329116  0.005021404014  0.000000000000  0.010086142182  0.011106081044  0.003009329116  0.009084665603  0.000000000000  
lophura_swinhoii 0.000000000000  0.000000000000  0.000000000000  0.000000000000  0.000000000000  0.000000000000  0.004016608077  0.000000000000  0.000000000000  0.000000000000  0.003009329116  0.005021404014  0.000000000000  0.010086142182  0.011106081044  0.003009329116  0.009084665603  0.000000000000  
lophura_nycthemera 0.000000000000  0.000000000000  0.000000000000  0.000000000000  0.000000000000  0.000000000000  0.004016608077  0.000000000000  0.000000000000  0.000000000000  0.003009329116  0.005021404014  0.000000000000  0.010086142182  0.011106081044  0.003009329116  0.009084665603  0.000000000000  
lophophorus_impejanus 0.004016608077  0.004016608077  0.004016608077  0.004016608077  0.004016608077  0.004016608077  0.000000000000  0.004016608077  0.004016608077  0.004016608077  0.007051074704  0.009075703731  0.004016608077  0.014178847636  0.015207450371  0.007051074704  0.013177642105  0.004016608077  
syrmaticus_ellioti 0.000000000000  0.000000000000  0.000000000000  0.000000000000  0.000000000000  0.000000000000  0.004016608077  0.000000000000  0.000000000000  0.000000000000  0.003009329116  0.005021404014  0.000000000000  0.010086142182  0.011106081044  0.003009329116  0.009084665603  0.000000000000  
chrysolophus_pictus 0.000000000000  0.000000000000  0.000000000000  0.000000000000  0.000000000000  0.000000000000  0.004016608077  0.000000000000  0.000000000000  0.000000000000  0.003009329116  0.005021404014  0.000000000000  0.010086142182  0.011106081044  0.003009329116  0.009084665603  0.000000000000  
pavo_cristatus 0.000000000000  0.000000000000  0.000000000000  0.000000000000  0.000000000000  0.000000000000  0.004016608077  0.000000000000  0.000000000000  0.000000000000  0.003009329116  0.005021404014  0.000000000000  0.010086142182  0.011106081044  0.003009329116  0.009084665603  0.000000000000  
melgal2    0.003009329116  0.003009329116  0.003009329116  0.003009329116  0.003009329116  0.003009329116  0.007051074704  0.003009329116  0.003009329116  0.003009329116  0.000000000000  0.002002795585  0.003009329116  0.013152424640  0.014178847636  0.006037472076  0.012151150916  0.003009329116  
cyrtonyx_montezumae 0.005021404014  0.005021404014  0.005021404014  0.005021404014  0.005021404014  0.005021404014  0.009075703731  0.005021404014  0.005021404014  0.005021404014  0.002002795585  0.000000000000  0.005021404014  0.015195020456  0.015195020456  0.008058942858  0.014191772071  0.005021404014  
syrmaticus_reevesii 0.000000000000  0.000000000000  0.000000000000  0.000000000000  0.000000000000  0.000000000000  0.004016608077  0.000000000000  0.000000000000  0.000000000000  0.003009329116  0.005021404014  0.000000000000  0.010086142182  0.011106081044  0.003009329116  0.009084665603  0.000000000000  
galgal4    0.010086142182  0.010086142182  0.010086142182  0.010086142182  0.010086142182  0.010086142182  0.014178847636  0.010086142182  0.010086142182  0.010086142182  0.013152424640  0.015195020456  0.010086142182  0.000000000000  0.015184215638  0.007039148966  0.015207450371  0.010086142182  
rollulus_rouloul 0.011106081044  0.011106081044  0.011106081044  0.011106081044  0.011106081044  0.011106081044  0.015207450371  0.011106081044  0.011106081044  0.011106081044  0.014178847636  0.015195020456  0.011106081044  0.015184215638  0.000000000000  0.008052685103  0.016238242120  0.011106081044  
lophura_inornata 0.003009329116  0.003009329116  0.003009329116  0.003009329116  0.003009329116  0.003009329116  0.007051074704  0.003009329116  0.003009329116  0.003009329116  0.006037472076  0.008058942858  0.003009329116  0.007039148966  0.008052685103  0.000000000000  0.008066802901  0.003009329116  
phasianus_colchicus 0.009084665603  0.009084665603  0.009084665603  0.009084665603  0.009084665603  0.009084665603  0.013177642105  0.009084665603  0.009084665603  0.009084665603  0.012151150916  0.014191772071  0.009084665603  0.015207450371  0.016238242120  0.008066802901  0.000000000000  0.009084665603  
alectoris_rufa 0.000000000000  0.000000000000  0.000000000000  0.000000000000  0.000000000000  0.000000000000  0.004016608077  0.000000000000  0.000000000000  0.000000000000  0.003009329116  0.005021404014  0.000000000000  0.010086142182  0.011106081044  0.003009329116  0.009084665603  0.000000000000  

