18
cyrtonyx_montezumae 0.000000000000  0.135354820554  0.143789752821  0.146149765224  0.161076920029  0.142732262140  0.145331728028  0.131306863213  0.142495136707  0.133849722340  0.155730928383  0.153882637954  0.115546869282  0.144278796707  0.135014610350  0.137805364182  0.157854493333  0.096473601007  
chrysolophus_pictus 0.135354820554  0.000000000000  0.024491645658  0.031814992708  0.038303006457  0.026586588653  0.029795531973  0.017265484466  0.023447482623  0.017239089535  0.059797700718  0.070661435105  0.034910770625  0.060868603663  0.056435686355  0.068827082238  0.086818888232  0.051161894277  
catreus_wallichi 0.143789752821  0.024491645658  0.000000000000  0.040219340226  0.047877402380  0.033870045944  0.038179293734  0.025503537698  0.031755093280  0.025475448853  0.068535055732  0.078386380324  0.043348600032  0.069618229296  0.065130362594  0.077678970487  0.095893516091  0.057578755121  
phasianus_colchicus 0.146149765224  0.031814992708  0.040219340226  0.000000000000  0.052181700297  0.039149337360  0.043500532639  0.030718209790  0.037016230923  0.030685385072  0.074099716400  0.085171061775  0.047614271731  0.074054122568  0.069535676165  0.077571041554  0.098130843163  0.064175088452  
syrmaticus_reevesii 0.161076920029  0.038303006457  0.047877402380  0.052181700297  0.000000000000  0.048969818413  0.052348113850  0.039312598240  0.045699761135  0.039251645811  0.083452150936  0.095829219986  0.057540207386  0.082231883351  0.076478841946  0.092905880877  0.109151829363  0.074527543278  
syrmaticus_ellioti 0.142732262140  0.026586588653  0.033870045944  0.039149337360  0.048969818413  0.000000000000  0.036041519148  0.023417439156  0.031755093280  0.025475448853  0.062937811367  0.075060078888  0.042276320335  0.066248528541  0.064014711465  0.076532353574  0.094712860479  0.058686987197  
lophura_swinhoii 0.145331728028  0.029795531973  0.038179293734  0.043500532639  0.052348113850  0.036041519148  0.000000000000  0.025538011231  0.034976076787  0.028649227426  0.069755132036  0.084211538928  0.046630515949  0.073108319860  0.068579399123  0.077793936812  0.097213926874  0.061000618507  
lophura_inornata 0.131306863213  0.017265484466  0.025503537698  0.030718209790  0.039312598240  0.023417439156  0.025538011231  0.000000000000  0.022377670510  0.015181068402  0.056400073788  0.070583314255  0.033817929579  0.059679675216  0.055266553645  0.067593153020  0.085533651363  0.047807268102  
crossoptilon_crossoptilon 0.142495136707  0.023447482623  0.031755093280  0.037016230923  0.045699761135  0.031755093280  0.034976076787  0.022377670510  0.000000000000  0.022356184818  0.065169136035  0.077249056908  0.040138689577  0.064014711465  0.061790908584  0.073108319860  0.092359946187  0.054268837292  
lophura_nycthemera 0.133849722340  0.017239089535  0.025475448853  0.030685385072  0.039251645811  0.025475448853  0.028649227426  0.015181068402  0.022356184818  0.000000000000  0.054200841821  0.066105733065  0.029610533384  0.055266553645  0.050892347291  0.063100006685  0.079760680710  0.045634433393  
perdix_dauuricae 0.155730928383  0.059797700718  0.068535055732  0.074099716400  0.083452150936  0.062937811367  0.069755132036  0.056400073788  0.065169136035  0.054200841821  0.000000000000  0.088689088689  0.050892347291  0.070703126949  0.070703126949  0.085716009394  0.106570474342  0.067593153020  
pavo_cristatus 0.153882637954  0.070661435105  0.078386380324  0.085171061775  0.095829219986  0.075060078888  0.084211538928  0.070583314255  0.077249056908  0.066105733065  0.088689088689  0.000000000000  0.039127860331  0.065169136035  0.068305603281  0.086637776880  0.102691040331  0.066288573507  
lophophorus_impejanus 0.115546869282  0.034910770625  0.043348600032  0.047614271731  0.057540207386  0.042276320335  0.046630515949  0.033817929579  0.040138689577  0.029610533384  0.050892347291  0.039127860331  0.000000000000  0.031838184335  0.034860134954  0.048863481984  0.066288573507  0.029682922974  
melgal2    0.144278796707  0.060868603663  0.069618229296  0.074054122568  0.082231883351  0.066248528541  0.073108319860  0.059679675216  0.064014711465  0.055266553645  0.070703126949  0.065169136035  0.031838184335  0.000000000000  0.064091453180  0.074354011749  0.091310472246  0.058771663419  
tragopan_blythii 0.135014610350  0.056435686355  0.065130362594  0.069535676165  0.076478841946  0.064014711465  0.068579399123  0.055266553645  0.061790908584  0.050892347291  0.070703126949  0.068305603281  0.034860134954  0.064091453180  0.000000000000  0.071972207348  0.086637776880  0.052074431761  
galgal4    0.137805364182  0.068827082238  0.077678970487  0.077571041554  0.092905880877  0.076532353574  0.077793936812  0.067593153020  0.073108319860  0.063100006685  0.085716009394  0.086637776880  0.048863481984  0.074354011749  0.071972207348  0.000000000000  0.084431298033  0.050026322262  
rollulus_rouloul 0.157854493333  0.086818888232  0.095893516091  0.098130843163  0.109151829363  0.094712860479  0.097213926874  0.085533651363  0.092359946187  0.079760680710  0.106570474342  0.102691040331  0.066288573507  0.091310472246  0.086637776880  0.084431298033  0.000000000000  0.067498389772  
alectoris_rufa 0.096473601007  0.051161894277  0.057578755121  0.064175088452  0.074527543278  0.058686987197  0.061000618507  0.047807268102  0.054268837292  0.045634433393  0.067593153020  0.066288573507  0.029682922974  0.058771663419  0.052074431761  0.050026322262  0.067498389772  0.000000000000  

