18
catreus_wallichi 0.000000000000  0.004012886530  0.010078045559  0.011090507311  0.010078045559  0.013139713138  0.010078045559  0.010078045559  0.014164483682  0.029745857221  0.020328210988  0.033937021772  0.032793917754  0.053137541949  0.042366763588  0.027637537677  0.016220399224  0.010078045559  
crossoptilon_crossoptilon 0.004012886530  0.000000000000  0.006027322732  0.007035163107  0.006027322732  0.009067122337  0.006027322732  0.006027322732  0.010084543464  0.025557759348  0.016209071787  0.030779737046  0.028599747599  0.048801550223  0.038103983867  0.023464990640  0.012125668909  0.006027322732  
syrmaticus_ellioti 0.010078045559  0.006027322732  0.000000000000  0.001000755239  0.000000000000  0.003009110410  0.000000000000  0.000000000000  0.006036590020  0.019336497574  0.010084543464  0.024510271114  0.022366302104  0.044523076556  0.031773706236  0.017265540357  0.006036590020  0.000000000000  
chrysolophus_pictus 0.011090507311  0.007035163107  0.001000755239  0.000000000000  0.001000755239  0.004012886530  0.001000755239  0.001000755239  0.007043424035  0.020357976599  0.011096502746  0.025538142979  0.023393969178  0.045576274644  0.032811744571  0.018284873013  0.007043424035  0.001000755239  
syrmaticus_reevesii 0.010078045559  0.006027322732  0.000000000000  0.001000755239  0.000000000000  0.003009110410  0.000000000000  0.000000000000  0.006036590020  0.019336497574  0.010084543464  0.024510271114  0.022366302104  0.044523076556  0.031773706236  0.017265540357  0.006036590020  0.000000000000  
lophura_swinhoii 0.013139713138  0.009067122337  0.003009110410  0.004012886530  0.003009110410  0.000000000000  0.003009110410  0.003009110410  0.009082664479  0.022459239094  0.013149390515  0.027659396536  0.025488881405  0.047775227584  0.032831199392  0.020375228208  0.009082664479  0.003009110410  
lophura_inornata 0.010078045559  0.006027322732  0.000000000000  0.001000755239  0.000000000000  0.003009110410  0.000000000000  0.000000000000  0.006036590020  0.019336497574  0.010084543464  0.024510271114  0.022366302104  0.044523076556  0.031773706236  0.017265540357  0.006036590020  0.000000000000  
lophura_nycthemera 0.010078045559  0.006027322732  0.000000000000  0.001000755239  0.000000000000  0.003009110410  0.000000000000  0.000000000000  0.006036590020  0.019336497574  0.010084543464  0.024510271114  0.022366302104  0.044523076556  0.031773706236  0.017265540357  0.006036590020  0.000000000000  
phasianus_colchicus 0.014164483682  0.010084543464  0.006036590020  0.007043424035  0.006036590020  0.009082664479  0.006036590020  0.006036590020  0.000000000000  0.023504537745  0.014175229657  0.028713564360  0.026534125527  0.048864034382  0.034952974500  0.021416138991  0.010102194422  0.006036590020  
perdix_dauuricae 0.029745857221  0.025557759348  0.019336497574  0.020357976599  0.019336497574  0.022459239094  0.019336497574  0.019336497574  0.023504537745  0.000000000000  0.025557759348  0.036095729875  0.038127549352  0.057579519565  0.043471520978  0.030828646102  0.019336497574  0.019336497574  
melgal2    0.020328210988  0.016209071787  0.010084543464  0.011096502746  0.010084543464  0.013149390515  0.010084543464  0.010084543464  0.014175229657  0.025557759348  0.000000000000  0.024510271114  0.022366302104  0.046688805954  0.031773706236  0.021381015880  0.010084543464  0.010084543464  
pavo_cristatus 0.033937021772  0.030779737046  0.024510271114  0.025538142979  0.024510271114  0.027659396536  0.024510271114  0.024510271114  0.028713564360  0.036095729875  0.024510271114  0.000000000000  0.032852279139  0.054344215697  0.039223953074  0.036095729875  0.024510271114  0.024510271114  
galgal4    0.032793917754  0.028599747599  0.022366302104  0.023393969178  0.022366302104  0.025488881405  0.022366302104  0.022366302104  0.026534125527  0.038127549352  0.022366302104  0.032852279139  0.000000000000  0.053171114321  0.040197189999  0.033870357053  0.022366302104  0.022366302104  
cyrtonyx_montezumae 0.053137541949  0.048801550223  0.044523076556  0.045576274644  0.044523076556  0.047775227584  0.044523076556  0.044523076556  0.048864034382  0.057579519565  0.046688805954  0.054344215697  0.053171114321  0.000000000000  0.058573635086  0.049890337299  0.044523076556  0.044523076556  
rollulus_rouloul 0.042366763588  0.038103983867  0.031773706236  0.032811744571  0.031773706236  0.032831199392  0.031773706236  0.031773706236  0.034952974500  0.043471520978  0.031773706236  0.039223953074  0.040197189999  0.058573635086  0.000000000000  0.041317530040  0.031773706236  0.031773706236  
lophophorus_impejanus 0.027637537677  0.023464990640  0.017265540357  0.018284873013  0.017265540357  0.020375228208  0.017265540357  0.017265540357  0.021416138991  0.030828646102  0.021381015880  0.036095729875  0.033870357053  0.049890337299  0.041317530040  0.000000000000  0.017265540357  0.017265540357  
tragopan_blythii 0.016220399224  0.012125668909  0.006036590020  0.007043424035  0.006036590020  0.009082664479  0.006036590020  0.006036590020  0.010102194422  0.019336497574  0.010084543464  0.024510271114  0.022366302104  0.044523076556  0.031773706236  0.017265540357  0.000000000000  0.006036590020  
alectoris_rufa 0.010078045559  0.006027322732  0.000000000000  0.001000755239  0.000000000000  0.003009110410  0.000000000000  0.000000000000  0.006036590020  0.019336497574  0.010084543464  0.024510271114  0.022366302104  0.044523076556  0.031773706236  0.017265540357  0.006036590020  0.000000000000  

