18
cyrtonyx_montezumae 0.000000000000  0.041371156350  0.048930119168  0.047874829889  0.053318493119  0.052141486662  0.047839055298  0.057657346671  0.050101627095  0.045732487382  0.046784955127  0.045732487382  0.052217760535  0.045732487382  0.046784955127  0.034016558630  0.028712390308  0.028648421955  
rollulus_rouloul 0.041371156350  0.000000000000  0.058643865202  0.056469854161  0.061979208814  0.059676451305  0.053134237807  0.061897492699  0.054302408243  0.051011206005  0.052071891669  0.051011206005  0.058643865202  0.051011206005  0.054266006734  0.042391209539  0.037082193280  0.037058202324  
perdix_dauuricae 0.048930119168  0.058643865202  0.000000000000  0.014164231633  0.023431142888  0.017218739929  0.013131403266  0.023431142888  0.015202863756  0.011103893784  0.013139501264  0.011103893784  0.017238791206  0.011103893784  0.016220054654  0.031837056765  0.030736149627  0.043415471326  
tragopan_blythii 0.047874829889  0.056469854161  0.014164231633  0.000000000000  0.019292319607  0.013124860756  0.008047313725  0.019292319607  0.011112973464  0.007043354529  0.009067020557  0.007043354529  0.013139501264  0.007043354529  0.012125470360  0.028689473635  0.028648421955  0.041290142281  
chrysolophus_pictus 0.053318493119  0.061979208814  0.023431142888  0.019292319607  0.000000000000  0.020295002293  0.018248761120  0.028630292888  0.020341769996  0.016208756524  0.017227981878  0.016208756524  0.020315231771  0.016208756524  0.021365270186  0.037107808599  0.034974830357  0.046656577595  
melgal2    0.052141486662  0.059676451305  0.017218739929  0.013124860756  0.020295002293  0.000000000000  0.012100422791  0.022365752037  0.014155071326  0.010072993107  0.012104353204  0.010072993107  0.016190849669  0.010072993107  0.015172185726  0.032850969906  0.031754248627  0.044443976348  
crossoptilon_crossoptilon 0.047839055298  0.053134237807  0.013131403266  0.008047313725  0.018248761120  0.012100422791  0.000000000000  0.014141426806  0.006027282549  0.002003013045  0.004010809693  0.002003013045  0.009057692447  0.002003013045  0.011096359221  0.028668149865  0.027580702163  0.040195370933  
syrmaticus_ellioti 0.057657346671  0.061897492699  0.023431142888  0.019292319607  0.028630292888  0.022365752037  0.014141426806  0.000000000000  0.008044462308  0.012109839959  0.014147468709  0.012109839959  0.019280922098  0.012109839959  0.021365270186  0.036040174864  0.037058202324  0.049857551536  
syrmaticus_reevesii 0.050101627095  0.054302408243  0.015202863756  0.011112973464  0.020341769996  0.014155071326  0.006027282549  0.008044462308  0.000000000000  0.004016188454  0.006031136946  0.004016188454  0.011103893784  0.004016188454  0.013160351730  0.030827267455  0.029722208053  0.042391209539  
lophura_swinhoii 0.045732487382  0.051011206005  0.011103893784  0.007043354529  0.016208756524  0.010072993107  0.002003013045  0.012109839959  0.004016188454  0.000000000000  0.002002763126  0.000000000000  0.007038463597  0.000000000000  0.009073997291  0.026606477182  0.025519326302  0.038102304942  
lophura_nycthemera 0.046784955127  0.052071891669  0.013139501264  0.009067020557  0.017227981878  0.012104353204  0.004010809693  0.014147468709  0.006031136946  0.002002763126  0.000000000000  0.002002763126  0.009061584608  0.002002763126  0.011103893784  0.028689473635  0.026549224157  0.039148025969  
lophura_inornata 0.045732487382  0.051011206005  0.011103893784  0.007043354529  0.016208756524  0.010072993107  0.002003013045  0.012109839959  0.004016188454  0.000000000000  0.002002763126  0.000000000000  0.007038463597  0.000000000000  0.009073997291  0.026606477182  0.025519326302  0.038102304942  
phasianus_colchicus 0.052217760535  0.058643865202  0.017238791206  0.013139501264  0.020315231771  0.016190849669  0.009057692447  0.019280922098  0.011103893784  0.007038463597  0.009061584608  0.007038463597  0.000000000000  0.007038463597  0.015191079839  0.032897866449  0.031792434558  0.044493492584  
catreus_wallichi 0.045732487382  0.051011206005  0.011103893784  0.007043354529  0.016208756524  0.010072993107  0.002003013045  0.012109839959  0.004016188454  0.000000000000  0.002002763126  0.000000000000  0.007038463597  0.000000000000  0.009073997291  0.026606477182  0.025519326302  0.038102304942  
lophophorus_impejanus 0.046784955127  0.054266006734  0.016220054654  0.012125470360  0.021365270186  0.015172185726  0.011096359221  0.021365270186  0.013160351730  0.009073997291  0.011103893784  0.009073997291  0.015191079839  0.009073997291  0.000000000000  0.027636525302  0.026549224157  0.037015105572  
galgal4    0.034016558630  0.042391209539  0.031837056765  0.028689473635  0.037107808599  0.032850969906  0.028668149865  0.036040174864  0.030827267455  0.026606477182  0.028689473635  0.026606477182  0.032897866449  0.026606477182  0.027636525302  0.000000000000  0.015180852831  0.027565289400  
pavo_cristatus 0.028712390308  0.037082193280  0.030736149627  0.028648421955  0.034974830357  0.031754248627  0.027580702163  0.037058202324  0.029722208053  0.025519326302  0.026549224157  0.025519326302  0.031792434558  0.025519326302  0.026549224157  0.015180852831  0.000000000000  0.020304326920  
alectoris_rufa 0.028648421955  0.037058202324  0.043415471326  0.041290142281  0.046656577595  0.044443976348  0.040195370933  0.049857551536  0.042391209539  0.038102304942  0.039148025969  0.038102304942  0.044493492584  0.038102304942  0.037015105572  0.027565289400  0.020304326920  0.000000000000  

