18
cyrtonyx_montezumae 0.000000000000  0.025606017925  0.028773399027  0.029805272522  0.029805272522  0.030866934563  0.030838755272  0.029805272522  0.030866934563  0.029805272522  0.029805272522  0.032997459234  0.032966727712  0.027715238742  0.027715238742  0.034066343626  0.033029955704  0.037287617173  
pavo_cristatus 0.025606017925  0.000000000000  0.003009587388  0.004013364021  0.004013364021  0.005021856713  0.005018685597  0.004013364021  0.005021856713  0.004013364021  0.004013364021  0.009077543708  0.007039864824  0.002004255012  0.002004255012  0.008060345820  0.007052496787  0.013168429240  
galgal4    0.028773399027  0.003009587388  0.000000000000  0.007045338290  0.007045338290  0.008060345820  0.008053713739  0.007045338290  0.008060345820  0.007045338290  0.007045338290  0.012142374564  0.010087977074  0.005026707609  0.005026707609  0.011118548513  0.010107598815  0.016260062574  
catreus_wallichi 0.029805272522  0.004013364021  0.007045338290  0.000000000000  0.000000000000  0.001001062246  0.001000767714  0.000000000000  0.001001062246  0.000000000000  0.000000000000  0.005026707609  0.009063645565  0.004013364021  0.004013364021  0.010087977074  0.011118548513  0.017277840915  
lophura_inornata 0.029805272522  0.004013364021  0.007045338290  0.000000000000  0.000000000000  0.001001062246  0.001000767714  0.000000000000  0.001001062246  0.000000000000  0.000000000000  0.005026707609  0.009063645565  0.004013364021  0.004013364021  0.010087977074  0.011118548513  0.017277840915  
lophura_swinhoii 0.030866934563  0.005021856713  0.008060345820  0.001001062246  0.001001062246  0.000000000000  0.002002828666  0.001001062246  0.002004255012  0.001001062246  0.001001062246  0.006038513923  0.010080708653  0.005021856713  0.005021856713  0.011108410438  0.012142374564  0.018313975712  
syrmaticus_reevesii 0.030838755272  0.005018685597  0.008053713739  0.001000767714  0.001000767714  0.002002828666  0.000000000000  0.001000767714  0.002002828666  0.001000767714  0.001000767714  0.006032511705  0.010075139095  0.005018685597  0.005018685597  0.011099970990  0.012131057666  0.018297194843  
crossoptilon_crossoptilon 0.029805272522  0.004013364021  0.007045338290  0.000000000000  0.000000000000  0.001001062246  0.001000767714  0.000000000000  0.001001062246  0.000000000000  0.000000000000  0.005026707609  0.009063645565  0.004013364021  0.004013364021  0.010087977074  0.011118548513  0.017277840915  
phasianus_colchicus 0.030866934563  0.005021856713  0.008060345820  0.001001062246  0.001001062246  0.002004255012  0.002002828666  0.001001062246  0.000000000000  0.001001062246  0.001001062246  0.006038513923  0.010080708653  0.005021856713  0.005021856713  0.011108410438  0.012142374564  0.018313975712  
syrmaticus_ellioti 0.029805272522  0.004013364021  0.007045338290  0.000000000000  0.000000000000  0.001001062246  0.001000767714  0.000000000000  0.001001062246  0.000000000000  0.000000000000  0.005026707609  0.009063645565  0.004013364021  0.004013364021  0.010087977074  0.011118548513  0.017277840915  
lophura_nycthemera 0.029805272522  0.004013364021  0.007045338290  0.000000000000  0.000000000000  0.001001062246  0.001000767714  0.000000000000  0.001001062246  0.000000000000  0.000000000000  0.005026707609  0.009063645565  0.004013364021  0.004013364021  0.010087977074  0.011118548513  0.017277840915  
chrysolophus_pictus 0.032997459234  0.009077543708  0.012142374564  0.005026707609  0.005026707609  0.006038513923  0.006032511705  0.005026707609  0.006038513923  0.005026707609  0.005026707609  0.000000000000  0.014171049114  0.009077543708  0.009077543708  0.015212379115  0.016260062574  0.022481441961  
perdix_dauuricae 0.032966727712  0.007039864824  0.010087977074  0.009063645565  0.009063645565  0.010080708653  0.010075139095  0.009063645565  0.010080708653  0.009063645565  0.009063645565  0.014171049114  0.000000000000  0.007039864824  0.007039864824  0.013145131595  0.014183032282  0.020373891652  
lophophorus_impejanus 0.027715238742  0.002004255012  0.005026707609  0.004013364021  0.004013364021  0.005021856713  0.005018685597  0.004013364021  0.005021856713  0.004013364021  0.004013364021  0.009077543708  0.007039864824  0.000000000000  0.000000000000  0.008060345820  0.009087029757  0.015227263426  
tragopan_blythii 0.027715238742  0.002004255012  0.005026707609  0.004013364021  0.004013364021  0.005021856713  0.005018685597  0.004013364021  0.005021856713  0.004013364021  0.004013364021  0.009077543708  0.007039864824  0.000000000000  0.000000000000  0.008060345820  0.009087029757  0.015227263426  
melgal2    0.034066343626  0.008060345820  0.011118548513  0.010087977074  0.010087977074  0.011108410438  0.011099970990  0.010087977074  0.011108410438  0.010087977074  0.010087977074  0.015212379115  0.013145131595  0.008060345820  0.008060345820  0.000000000000  0.015227263426  0.021436116047  
rollulus_rouloul 0.033029955704  0.007052496787  0.010107598815  0.011118548513  0.011118548513  0.012142374564  0.012131057666  0.011118548513  0.012142374564  0.011118548513  0.011118548513  0.016260062574  0.014183032282  0.009087029757  0.009087029757  0.015227263426  0.000000000000  0.020414038359  
alectoris_rufa 0.037287617173  0.013168429240  0.016260062574  0.017277840915  0.017277840915  0.018313975712  0.018297194843  0.017277840915  0.018313975712  0.017277840915  0.017277840915  0.022481441961  0.020373891652  0.015227263426  0.015227263426  0.021436116047  0.020414038359  0.000000000000  

