18
cyrtonyx_montezumae 0.000000000000  0.016187515383  0.020300558487  0.016187515383  0.016187515383  0.020280769428  0.018236945857  0.016187515383  0.016187515383  0.016187515383  0.016187515383  0.016187515383  0.016187515383  0.017214961026  0.022373039459  0.025445166013  0.022362470624  0.021335685669  
syrmaticus_ellioti 0.016187515383  0.000000000000  0.004013161613  0.000000000000  0.000000000000  0.004012267900  0.002002807319  0.000000000000  0.000000000000  0.000000000000  0.000000000000  0.000000000000  0.000000000000  0.001001038231  0.006031931469  0.009055292227  0.006027839255  0.005021490195  
phasianus_colchicus 0.020300558487  0.004013161613  0.000000000000  0.004013161613  0.004013161613  0.008043758805  0.006027839255  0.004013161613  0.004013161613  0.004013161613  0.004013161613  0.004013161613  0.004013161613  0.005021490195  0.010086491168  0.013118247375  0.010079606631  0.009068621430  
tragopan_blythii 0.016187515383  0.000000000000  0.004013161613  0.000000000000  0.000000000000  0.004012267900  0.002002807319  0.000000000000  0.000000000000  0.000000000000  0.000000000000  0.000000000000  0.000000000000  0.001001038231  0.006031931469  0.009055292227  0.006027839255  0.005021490195  
rollulus_rouloul 0.016187515383  0.000000000000  0.004013161613  0.000000000000  0.000000000000  0.004012267900  0.002002807319  0.000000000000  0.000000000000  0.000000000000  0.000000000000  0.000000000000  0.000000000000  0.001001038231  0.006031931469  0.009055292227  0.006027839255  0.005021490195  
pavo_cristatus 0.020280769428  0.004012267900  0.008043758805  0.004012267900  0.004012267900  0.000000000000  0.006025273664  0.004012267900  0.004012267900  0.004012267900  0.004012267900  0.004012267900  0.004012267900  0.005017338072  0.010070727863  0.013117123025  0.010068739754  0.009056178389  
lophura_swinhoii 0.018236945857  0.002002807319  0.006027839255  0.002002807319  0.002002807319  0.006025273664  0.000000000000  0.002002807319  0.002002807319  0.002002807319  0.002002807319  0.002002807319  0.002002807319  0.003006936908  0.008052895531  0.010070727863  0.008048224662  0.007039304458  
syrmaticus_reevesii 0.016187515383  0.000000000000  0.004013161613  0.000000000000  0.000000000000  0.004012267900  0.002002807319  0.000000000000  0.000000000000  0.000000000000  0.000000000000  0.000000000000  0.000000000000  0.001001038231  0.006031931469  0.009055292227  0.006027839255  0.005021490195  
lophophorus_impejanus 0.016187515383  0.000000000000  0.004013161613  0.000000000000  0.000000000000  0.004012267900  0.002002807319  0.000000000000  0.000000000000  0.000000000000  0.000000000000  0.000000000000  0.000000000000  0.001001038231  0.006031931469  0.009055292227  0.006027839255  0.005021490195  
lophura_inornata 0.016187515383  0.000000000000  0.004013161613  0.000000000000  0.000000000000  0.004012267900  0.002002807319  0.000000000000  0.000000000000  0.000000000000  0.000000000000  0.000000000000  0.000000000000  0.001001038231  0.006031931469  0.009055292227  0.006027839255  0.005021490195  
lophura_nycthemera 0.016187515383  0.000000000000  0.004013161613  0.000000000000  0.000000000000  0.004012267900  0.002002807319  0.000000000000  0.000000000000  0.000000000000  0.000000000000  0.000000000000  0.000000000000  0.001001038231  0.006031931469  0.009055292227  0.006027839255  0.005021490195  
chrysolophus_pictus 0.016187515383  0.000000000000  0.004013161613  0.000000000000  0.000000000000  0.004012267900  0.002002807319  0.000000000000  0.000000000000  0.000000000000  0.000000000000  0.000000000000  0.000000000000  0.001001038231  0.006031931469  0.009055292227  0.006027839255  0.005021490195  
crossoptilon_crossoptilon 0.016187515383  0.000000000000  0.004013161613  0.000000000000  0.000000000000  0.004012267900  0.002002807319  0.000000000000  0.000000000000  0.000000000000  0.000000000000  0.000000000000  0.000000000000  0.001001038231  0.006031931469  0.009055292227  0.006027839255  0.005021490195  
catreus_wallichi 0.017214961026  0.001001038231  0.005021490195  0.001001038231  0.001001038231  0.005017338072  0.003006936908  0.001001038231  0.001001038231  0.001001038231  0.001001038231  0.001001038231  0.001001038231  0.000000000000  0.007044494309  0.010068739754  0.007039304458  0.006031931469  
melgal2    0.022373039459  0.006031931469  0.010086491168  0.006031931469  0.006031931469  0.010070727863  0.008052895531  0.006031931469  0.006031931469  0.006031931469  0.006031931469  0.006031931469  0.006031931469  0.007044494309  0.000000000000  0.015162254063  0.012119581507  0.011106513813  
perdix_dauuricae 0.025445166013  0.009055292227  0.013118247375  0.009055292227  0.009055292227  0.013117123025  0.010070727863  0.009055292227  0.009055292227  0.009055292227  0.009055292227  0.009055292227  0.009055292227  0.010068739754  0.015162254063  0.000000000000  0.009058697362  0.014139167796  
galgal4    0.022362470624  0.006027839255  0.010079606631  0.006027839255  0.006027839255  0.010068739754  0.008048224662  0.006027839255  0.006027839255  0.006027839255  0.006027839255  0.006027839255  0.006027839255  0.007039304458  0.012119581507  0.009058697362  0.000000000000  0.011098515414  
alectoris_rufa 0.021335685669  0.005021490195  0.009068621430  0.005021490195  0.005021490195  0.009056178389  0.007039304458  0.005021490195  0.005021490195  0.005021490195  0.005021490195  0.005021490195  0.005021490195  0.006031931469  0.011106513813  0.014139167796  0.011098515414  0.000000000000  

