18
cyrtonyx_montezumae 0.000000000000  0.018286061934  0.016219965560  0.018272554319  0.016219965560  0.016219965560  0.016219965560  0.016219965560  0.016219965560  0.016219965560  0.017251865423  0.016219965560  0.016219965560  0.023472127878  0.016219965560  0.019307824880  0.018286061934  0.009064539340  
perdix_dauuricae 0.018286061934  0.000000000000  0.002004316504  0.007045966484  0.002004316504  0.002004316504  0.002004316504  0.002004316504  0.002004316504  0.002004316504  0.003009726140  0.002004316504  0.002004316504  0.009078629589  0.002004316504  0.005022156361  0.004017315898  0.009078629589  
lophura_swinhoii 0.016219965560  0.002004316504  0.000000000000  0.005022156361  0.000000000000  0.000000000000  0.000000000000  0.000000000000  0.000000000000  0.000000000000  0.001001077575  0.000000000000  0.000000000000  0.007045966484  0.000000000000  0.003007122437  0.002004316504  0.007045966484  
galgal4    0.018272554319  0.007045966484  0.005022156361  0.000000000000  0.005022156361  0.005022156361  0.005022156361  0.005022156361  0.005022156361  0.005022156361  0.006032959622  0.005022156361  0.005022156361  0.012132877390  0.005022156361  0.008054453142  0.007045966484  0.012132877390  
lophura_nycthemera 0.016219965560  0.002004316504  0.000000000000  0.005022156361  0.000000000000  0.000000000000  0.000000000000  0.000000000000  0.000000000000  0.000000000000  0.001001077575  0.000000000000  0.000000000000  0.007045966484  0.000000000000  0.003007122437  0.002004316504  0.007045966484  
lophophorus_impejanus 0.016219965560  0.002004316504  0.000000000000  0.005022156361  0.000000000000  0.000000000000  0.000000000000  0.000000000000  0.000000000000  0.000000000000  0.001001077575  0.000000000000  0.000000000000  0.007045966484  0.000000000000  0.003007122437  0.002004316504  0.007045966484  
phasianus_colchicus 0.016219965560  0.002004316504  0.000000000000  0.005022156361  0.000000000000  0.000000000000  0.000000000000  0.000000000000  0.000000000000  0.000000000000  0.001001077575  0.000000000000  0.000000000000  0.007045966484  0.000000000000  0.003007122437  0.002004316504  0.007045966484  
pavo_cristatus 0.016219965560  0.002004316504  0.000000000000  0.005022156361  0.000000000000  0.000000000000  0.000000000000  0.000000000000  0.000000000000  0.000000000000  0.001001077575  0.000000000000  0.000000000000  0.007045966484  0.000000000000  0.003007122437  0.002004316504  0.007045966484  
tragopan_blythii 0.016219965560  0.002004316504  0.000000000000  0.005022156361  0.000000000000  0.000000000000  0.000000000000  0.000000000000  0.000000000000  0.000000000000  0.001001077575  0.000000000000  0.000000000000  0.007045966484  0.000000000000  0.003007122437  0.002004316504  0.007045966484  
syrmaticus_ellioti 0.016219965560  0.002004316504  0.000000000000  0.005022156361  0.000000000000  0.000000000000  0.000000000000  0.000000000000  0.000000000000  0.000000000000  0.001001077575  0.000000000000  0.000000000000  0.007045966484  0.000000000000  0.003007122437  0.002004316504  0.007045966484  
melgal2    0.017251865423  0.003009726140  0.001001077575  0.006032959622  0.001001077575  0.001001077575  0.001001077575  0.001001077575  0.001001077575  0.001001077575  0.000000000000  0.001001077575  0.001001077575  0.008061186576  0.001001077575  0.004013547134  0.003009726140  0.008061186576  
lophura_inornata 0.016219965560  0.002004316504  0.000000000000  0.005022156361  0.000000000000  0.000000000000  0.000000000000  0.000000000000  0.000000000000  0.000000000000  0.001001077575  0.000000000000  0.000000000000  0.007045966484  0.000000000000  0.003007122437  0.002004316504  0.007045966484  
chrysolophus_pictus 0.016219965560  0.002004316504  0.000000000000  0.005022156361  0.000000000000  0.000000000000  0.000000000000  0.000000000000  0.000000000000  0.000000000000  0.001001077575  0.000000000000  0.000000000000  0.007045966484  0.000000000000  0.003007122437  0.002004316504  0.007045966484  
crossoptilon_crossoptilon 0.023472127878  0.009078629589  0.007045966484  0.012132877390  0.007045966484  0.007045966484  0.007045966484  0.007045966484  0.007045966484  0.007045966484  0.008061186576  0.007045966484  0.007045966484  0.000000000000  0.007045966484  0.010089190739  0.009078629589  0.014185592161  
syrmaticus_reevesii 0.016219965560  0.002004316504  0.000000000000  0.005022156361  0.000000000000  0.000000000000  0.000000000000  0.000000000000  0.000000000000  0.000000000000  0.001001077575  0.000000000000  0.000000000000  0.007045966484  0.000000000000  0.003007122437  0.002004316504  0.007045966484  
catreus_wallichi 0.019307824880  0.005022156361  0.003007122437  0.008054453142  0.003007122437  0.003007122437  0.003007122437  0.003007122437  0.003007122437  0.003007122437  0.004013547134  0.003007122437  0.003007122437  0.010089190739  0.003007122437  0.000000000000  0.005022156361  0.010089190739  
rollulus_rouloul 0.018286061934  0.004017315898  0.002004316504  0.007045966484  0.002004316504  0.002004316504  0.002004316504  0.002004316504  0.002004316504  0.002004316504  0.003009726140  0.002004316504  0.002004316504  0.009078629589  0.002004316504  0.005022156361  0.000000000000  0.009078629589  
alectoris_rufa 0.009064539340  0.009078629589  0.007045966484  0.012132877390  0.007045966484  0.007045966484  0.007045966484  0.007045966484  0.007045966484  0.007045966484  0.008061186576  0.007045966484  0.007045966484  0.014185592161  0.007045966484  0.010089190739  0.009078629589  0.000000000000  

