18
pavo_cristatus 0.000000000000  0.010080109528  0.026548363866  0.017234483887  0.006032208755  0.009076761077  0.008048468222  0.008048468222  0.008048468222  0.008048468222  0.008048468222  0.008048468222  0.008048468222  0.008048468222  0.008048468222  0.008048468222  0.010087193500  0.007033874611  
tragopan_blythii 0.010080109528  0.000000000000  0.024443859514  0.015168964075  0.004011288380  0.007039561483  0.006024561395  0.006024561395  0.006024561395  0.006024561395  0.006024561395  0.006024561395  0.006024561395  0.006024561395  0.006024561395  0.006024561395  0.008048468222  0.017215938588  
melgal2    0.026548363866  0.024443859514  0.000000000000  0.015162866716  0.020312220169  0.023428742855  0.022364145222  0.022364145222  0.022364145222  0.022364145222  0.022364145222  0.022364145222  0.022364145222  0.022364145222  0.022364145222  0.022364145222  0.024457130656  0.033854234875  
rollulus_rouloul 0.017234483887  0.015168964075  0.015162866716  0.000000000000  0.011092632660  0.014159539887  0.013122390923  0.013122390923  0.013122390923  0.013122390923  0.013122390923  0.013122390923  0.013122390923  0.013122390923  0.013122390923  0.013122390923  0.015176756995  0.024443859514  
galgal4    0.006032208755  0.004011288380  0.020312220169  0.011092632660  0.000000000000  0.003009478971  0.002003073720  0.002003073720  0.002003073720  0.002003073720  0.002003073720  0.002003073720  0.002003073720  0.002003073720  0.002003073720  0.002003073720  0.004013255639  0.013127873672  
lophophorus_impejanus 0.009076761077  0.007039561483  0.023428742855  0.014159539887  0.003009478971  0.000000000000  0.005018576939  0.005018576939  0.005018576939  0.005018576939  0.005018576939  0.005018576939  0.005018576939  0.005018576939  0.005018576939  0.005018576939  0.007044900704  0.016204510226  
chrysolophus_pictus 0.008048468222  0.006024561395  0.022364145222  0.013122390923  0.002003073720  0.005018576939  0.000000000000  0.000000000000  0.000000000000  0.000000000000  0.000000000000  0.000000000000  0.000000000000  0.000000000000  0.000000000000  0.000000000000  0.006025448158  0.015162866716  
lophura_nycthemera 0.008048468222  0.006024561395  0.022364145222  0.013122390923  0.002003073720  0.005018576939  0.000000000000  0.000000000000  0.000000000000  0.000000000000  0.000000000000  0.000000000000  0.000000000000  0.000000000000  0.000000000000  0.000000000000  0.006025448158  0.015162866716  
phasianus_colchicus 0.008048468222  0.006024561395  0.022364145222  0.013122390923  0.002003073720  0.005018576939  0.000000000000  0.000000000000  0.000000000000  0.000000000000  0.000000000000  0.000000000000  0.000000000000  0.000000000000  0.000000000000  0.000000000000  0.006025448158  0.015162866716  
lophura_inornata 0.008048468222  0.006024561395  0.022364145222  0.013122390923  0.002003073720  0.005018576939  0.000000000000  0.000000000000  0.000000000000  0.000000000000  0.000000000000  0.000000000000  0.000000000000  0.000000000000  0.000000000000  0.000000000000  0.006025448158  0.015162866716  
catreus_wallichi 0.008048468222  0.006024561395  0.022364145222  0.013122390923  0.002003073720  0.005018576939  0.000000000000  0.000000000000  0.000000000000  0.000000000000  0.000000000000  0.000000000000  0.000000000000  0.000000000000  0.000000000000  0.000000000000  0.006025448158  0.015162866716  
crossoptilon_crossoptilon 0.008048468222  0.006024561395  0.022364145222  0.013122390923  0.002003073720  0.005018576939  0.000000000000  0.000000000000  0.000000000000  0.000000000000  0.000000000000  0.000000000000  0.000000000000  0.000000000000  0.000000000000  0.000000000000  0.006025448158  0.015162866716  
lophura_swinhoii 0.008048468222  0.006024561395  0.022364145222  0.013122390923  0.002003073720  0.005018576939  0.000000000000  0.000000000000  0.000000000000  0.000000000000  0.000000000000  0.000000000000  0.000000000000  0.000000000000  0.000000000000  0.000000000000  0.006025448158  0.015162866716  
syrmaticus_ellioti 0.008048468222  0.006024561395  0.022364145222  0.013122390923  0.002003073720  0.005018576939  0.000000000000  0.000000000000  0.000000000000  0.000000000000  0.000000000000  0.000000000000  0.000000000000  0.000000000000  0.000000000000  0.000000000000  0.006025448158  0.015162866716  
syrmaticus_reevesii 0.008048468222  0.006024561395  0.022364145222  0.013122390923  0.002003073720  0.005018576939  0.000000000000  0.000000000000  0.000000000000  0.000000000000  0.000000000000  0.000000000000  0.000000000000  0.000000000000  0.000000000000  0.000000000000  0.006025448158  0.015162866716  
perdix_dauuricae 0.008048468222  0.006024561395  0.022364145222  0.013122390923  0.002003073720  0.005018576939  0.000000000000  0.000000000000  0.000000000000  0.000000000000  0.000000000000  0.000000000000  0.000000000000  0.000000000000  0.000000000000  0.000000000000  0.006025448158  0.015162866716  
cyrtonyx_montezumae 0.010087193500  0.008048468222  0.024457130656  0.015176756995  0.004013255639  0.007044900704  0.006025448158  0.006025448158  0.006025448158  0.006025448158  0.006025448158  0.006025448158  0.006025448158  0.006025448158  0.006025448158  0.006025448158  0.000000000000  0.017224360821  
alectoris_rufa 0.007033874611  0.017215938588  0.033854234875  0.024443859514  0.013127873672  0.016204510226  0.015162866716  0.015162866716  0.015162866716  0.015162866716  0.015162866716  0.015162866716  0.015162866716  0.015162866716  0.015162866716  0.015162866716  0.017224360821  0.000000000000  

