18
phasianus_colchicus 0.000000000000  0.001001059597  0.003006130498  0.000000000000  0.000000000000  0.003006130498  0.001001059597  0.003009563413  0.013155676136  0.013168081062  0.014196308461  0.013168081062  0.013168081062  0.016259499778  0.016243541727  0.010087857435  0.013144956059  0.008060239071  
lophura_swinhoii 0.001001059597  0.000000000000  0.004011331209  0.001001059597  0.001001059597  0.004011331209  0.002004244387  0.004017025775  0.014182724317  0.014196308461  0.015226778100  0.014196308461  0.014196308461  0.017294483361  0.017277330553  0.011108252304  0.014170827724  0.009077400068  
chrysolophus_pictus 0.003006130498  0.004011331209  0.000000000000  0.003006130498  0.003006130498  0.006024589070  0.004011331209  0.006028170278  0.016216707494  0.016229276683  0.017261873509  0.016229276683  0.016229276683  0.019333861157  0.019317708532  0.013135923706  0.016205837036  0.011099870009  
lophura_nycthemera 0.000000000000  0.001001059597  0.003006130498  0.000000000000  0.000000000000  0.003006130498  0.001001059597  0.003009563413  0.013155676136  0.013168081062  0.014196308461  0.013168081062  0.013168081062  0.016259499778  0.016243541727  0.010087857435  0.013144956059  0.008060239071  
crossoptilon_crossoptilon 0.000000000000  0.001001059597  0.003006130498  0.000000000000  0.000000000000  0.003006130498  0.001001059597  0.003009563413  0.013155676136  0.013168081062  0.014196308461  0.013168081062  0.013168081062  0.016259499778  0.016243541727  0.010087857435  0.013144956059  0.008060239071  
catreus_wallichi 0.003006130498  0.004011331209  0.006024589070  0.003006130498  0.003006130498  0.000000000000  0.004011331209  0.006028170278  0.016216707494  0.014170827724  0.015198931354  0.014170827724  0.014170827724  0.017261873509  0.017248115064  0.013135923706  0.016205837036  0.011099870009  
lophura_inornata 0.001001059597  0.002004244387  0.004011331209  0.001001059597  0.001001059597  0.004011331209  0.000000000000  0.002004244387  0.012130855345  0.012142086165  0.013168081062  0.012142086165  0.012142086165  0.015226778100  0.015212009591  0.009069661222  0.012121306690  0.007045262830  
cyrtonyx_montezumae 0.003009563413  0.004017025775  0.006028170278  0.003009563413  0.003009563413  0.006028170278  0.002004244387  0.000000000000  0.010087857435  0.010096755248  0.011118314098  0.010096755248  0.010096755248  0.013168081062  0.013155676136  0.007039827007  0.010080636471  0.005021827220  
pavo_cristatus 0.013155676136  0.014182724317  0.016216707494  0.013155676136  0.013155676136  0.016216707494  0.012130855345  0.010087857435  0.000000000000  0.010096755248  0.011118314098  0.010096755248  0.010096755248  0.013168081062  0.013155676136  0.007039827007  0.010080636471  0.005021827220  
syrmaticus_reevesii 0.013168081062  0.014196308461  0.016229276683  0.013168081062  0.013168081062  0.014170827724  0.012142086165  0.010096755248  0.010096755248  0.000000000000  0.001001059597  0.000000000000  0.000000000000  0.003009563413  0.003007019035  0.007045262830  0.010087857435  0.005026640632  
perdix_dauuricae 0.014196308461  0.015226778100  0.017261873509  0.014196308461  0.014196308461  0.015198931354  0.013168081062  0.011118314098  0.011118314098  0.001001059597  0.000000000000  0.001001059597  0.001001059597  0.004017025775  0.004013349300  0.008060239071  0.011108252304  0.006038417201  
lophophorus_impejanus 0.013168081062  0.014196308461  0.016229276683  0.013168081062  0.013168081062  0.014170827724  0.012142086165  0.010096755248  0.010096755248  0.000000000000  0.001001059597  0.000000000000  0.000000000000  0.003009563413  0.003007019035  0.007045262830  0.010087857435  0.005026640632  
syrmaticus_ellioti 0.013168081062  0.014196308461  0.016229276683  0.013168081062  0.013168081062  0.014170827724  0.012142086165  0.010096755248  0.010096755248  0.000000000000  0.001001059597  0.000000000000  0.000000000000  0.003009563413  0.003007019035  0.007045262830  0.010087857435  0.005026640632  
tragopan_blythii 0.016259499778  0.017294483361  0.019333861157  0.016259499778  0.016259499778  0.017261873509  0.015226778100  0.013168081062  0.013168081062  0.003009563413  0.004017025775  0.003009563413  0.003009563413  0.000000000000  0.006032461982  0.010096755248  0.013155676136  0.008068492644  
melgal2    0.016243541727  0.017277330553  0.019317708532  0.016243541727  0.016243541727  0.017248115064  0.015212009591  0.013155676136  0.013155676136  0.003007019035  0.004013349300  0.003007019035  0.003007019035  0.006032461982  0.000000000000  0.010087857435  0.013144956059  0.008060239071  
galgal4    0.010087857435  0.011108252304  0.013135923706  0.010087857435  0.010087857435  0.013135923706  0.009069661222  0.007039827007  0.007039827007  0.007045262830  0.008060239071  0.007045262830  0.007045262830  0.010096755248  0.010087857435  0.000000000000  0.003007019035  0.002002827296  
rollulus_rouloul 0.013144956059  0.014170827724  0.016205837036  0.013144956059  0.013144956059  0.016205837036  0.012121306690  0.010080636471  0.010080636471  0.010087857435  0.011108252304  0.010087857435  0.010087857435  0.013155676136  0.013144956059  0.003007019035  0.000000000000  0.005018674750  
alectoris_rufa 0.008060239071  0.009077400068  0.011099870009  0.008060239071  0.008060239071  0.011099870009  0.007045262830  0.005021827220  0.005021827220  0.005026640632  0.006038417201  0.005026640632  0.005026640632  0.008068492644  0.008060239071  0.002002827296  0.005018674750  0.000000000000  

