18
cyrtonyx_montezumae 0.000000000000  0.025555515202  0.025555515202  0.028687869014  0.029766754848  0.026604993416  0.025555515202  0.030800166295  0.030825149017  0.028687869014  0.030825149017  0.028710603840  0.025555515202  0.025555515202  0.028687869014  0.025555515202  0.030825149017  0.019319059323  
chrysolophus_pictus 0.025555515202  0.000000000000  0.000000000000  0.005020932555  0.007049629963  0.003009066648  0.000000000000  0.005020932555  0.005025253064  0.003006789874  0.007038400880  0.003009066648  0.000000000000  0.000000000000  0.003006789874  0.000000000000  0.005025253064  0.006031064945  
crossoptilon_crossoptilon 0.025555515202  0.000000000000  0.000000000000  0.005020932555  0.007049629963  0.003009066648  0.000000000000  0.005020932555  0.005025253064  0.003006789874  0.007038400880  0.003009066648  0.000000000000  0.000000000000  0.003006789874  0.000000000000  0.005025253064  0.006031064945  
perdix_dauuricae 0.028687869014  0.005020932555  0.005020932555  0.000000000000  0.012135240188  0.008057493333  0.005020932555  0.010084231796  0.010092195799  0.008051610757  0.012116661528  0.008057493333  0.005020932555  0.005020932555  0.008051610757  0.005020932555  0.010092195799  0.011103659866  
pavo_cristatus 0.029766754848  0.007049629963  0.007049629963  0.012135240188  0.000000000000  0.006036413547  0.007049629963  0.012135240188  0.012146846081  0.010092195799  0.013148793772  0.010101698853  0.007049629963  0.007049629963  0.010092195799  0.007049629963  0.012146846081  0.013159912033  
tragopan_blythii 0.026604993416  0.003009066648  0.003009066648  0.008057493333  0.006036413547  0.000000000000  0.003009066648  0.008057493333  0.008064910692  0.006031064945  0.010084231796  0.006036413547  0.003009066648  0.003009066648  0.006031064945  0.003009066648  0.008064910692  0.009073806086  
lophura_inornata 0.025555515202  0.000000000000  0.000000000000  0.005020932555  0.007049629963  0.003009066648  0.000000000000  0.005020932555  0.005025253064  0.003006789874  0.007038400880  0.003009066648  0.000000000000  0.000000000000  0.003006789874  0.000000000000  0.005025253064  0.006031064945  
phasianus_colchicus 0.030800166295  0.005020932555  0.005020932555  0.010084231796  0.012135240188  0.008057493333  0.005020932555  0.000000000000  0.010092195799  0.008051610757  0.012116661528  0.008057493333  0.005020932555  0.005020932555  0.008051610757  0.005020932555  0.010092195799  0.011103659866  
rollulus_rouloul 0.030825149017  0.005025253064  0.005025253064  0.010092195799  0.012146846081  0.008064910692  0.005025253064  0.010092195799  0.000000000000  0.008057493333  0.012125177663  0.008064910692  0.005025253064  0.005025253064  0.008057493333  0.005025253064  0.010101698853  0.011112670980  
galgal4    0.028687869014  0.003006789874  0.003006789874  0.008051610757  0.010092195799  0.006031064945  0.003006789874  0.008051610757  0.008057493333  0.000000000000  0.006031064945  0.006031064945  0.003006789874  0.003006789874  0.006027246911  0.003006789874  0.008057493333  0.009066884919  
syrmaticus_ellioti 0.030825149017  0.007038400880  0.007038400880  0.012116661528  0.013148793772  0.010084231796  0.007038400880  0.012116661528  0.012125177663  0.006031064945  0.000000000000  0.010084231796  0.007038400880  0.007038400880  0.010077809874  0.007038400880  0.012125177663  0.013139224074  
catreus_wallichi 0.028710603840  0.003009066648  0.003009066648  0.008057493333  0.010101698853  0.006036413547  0.003009066648  0.008057493333  0.008064910692  0.006031064945  0.010084231796  0.000000000000  0.003009066648  0.003009066648  0.006031064945  0.003009066648  0.008064910692  0.009073806086  
melgal2    0.025555515202  0.000000000000  0.000000000000  0.005020932555  0.007049629963  0.003009066648  0.000000000000  0.005020932555  0.005025253064  0.003006789874  0.007038400880  0.003009066648  0.000000000000  0.000000000000  0.003006789874  0.000000000000  0.005025253064  0.006031064945  
lophura_swinhoii 0.025555515202  0.000000000000  0.000000000000  0.005020932555  0.007049629963  0.003009066648  0.000000000000  0.005020932555  0.005025253064  0.003006789874  0.007038400880  0.003009066648  0.000000000000  0.000000000000  0.003006789874  0.000000000000  0.005025253064  0.006031064945  
lophophorus_impejanus 0.028687869014  0.003006789874  0.003006789874  0.008051610757  0.010092195799  0.006031064945  0.003006789874  0.008051610757  0.008057493333  0.006027246911  0.010077809874  0.006031064945  0.003006789874  0.003006789874  0.000000000000  0.003006789874  0.008057493333  0.009066884919  
lophura_nycthemera 0.025555515202  0.000000000000  0.000000000000  0.005020932555  0.007049629963  0.003009066648  0.000000000000  0.005020932555  0.005025253064  0.003006789874  0.007038400880  0.003009066648  0.000000000000  0.000000000000  0.003006789874  0.000000000000  0.005025253064  0.006031064945  
syrmaticus_reevesii 0.030825149017  0.005025253064  0.005025253064  0.010092195799  0.012146846081  0.008064910692  0.005025253064  0.010092195799  0.010101698853  0.008057493333  0.012125177663  0.008064910692  0.005025253064  0.005025253064  0.008057493333  0.005025253064  0.000000000000  0.011112670980  
alectoris_rufa 0.019319059323  0.006031064945  0.006031064945  0.011103659866  0.013159912033  0.009073806086  0.006031064945  0.011103659866  0.011112670980  0.009066884919  0.013139224074  0.009073806086  0.006031064945  0.006031064945  0.009066884919  0.006031064945  0.011112670980  0.000000000000  

