18
cyrtonyx_montezumae 0.000000000000  0.036134327596  0.056685934094  0.041522849997  0.045796449705  0.057706970765  0.054510956591  0.050096235858  0.050096235858  0.050096235858  0.050096235858  0.050096235858  0.048998913836  0.057799865901  0.048998913836  0.046972974040  0.053449002117  0.071128697569  
pavo_cristatus 0.036134327596  0.000000000000  0.023462202104  0.005026404102  0.009069256342  0.022388465320  0.019315772838  0.013135322281  0.013135322281  0.013135322281  0.013135322281  0.013135322281  0.012112992181  0.021349571988  0.012112992181  0.014209674552  0.016227803163  0.033918243656  
tragopan_blythii 0.056685934094  0.023462202104  0.000000000000  0.018267194291  0.022388465320  0.035979840907  0.032856309968  0.026533907110  0.026533907110  0.026533907110  0.026533907110  0.026533907110  0.025488277084  0.034916877661  0.025488277084  0.030831648728  0.036075857738  0.052139543425  
lophophorus_impejanus 0.041522849997  0.005026404102  0.018267194291  0.000000000000  0.004011319444  0.017216490543  0.014159849361  0.008045454448  0.008045454448  0.008045454448  0.008045454448  0.008045454448  0.007033969417  0.016188794614  0.007033969417  0.013180532066  0.017260143157  0.034982548036  
syrmaticus_reevesii 0.045796449705  0.009069256342  0.022388465320  0.004011319444  0.000000000000  0.013128185616  0.010087315065  0.004011319444  0.004011319444  0.004011319444  0.004011319444  0.004011319444  0.003006139644  0.012106997994  0.003006139644  0.017275255625  0.021377401018  0.039208153590  
syrmaticus_ellioti 0.057706970765  0.022388465320  0.035979840907  0.017216490543  0.013128185616  0.000000000000  0.005017195768  0.009063345132  0.009063345132  0.009063345132  0.009063345132  0.009063345132  0.010080270899  0.019289269198  0.010080270899  0.030782132224  0.034958912258  0.053167883845  
crossoptilon_crossoptilon 0.054510956591  0.019315772838  0.032856309968  0.014159849361  0.010087315065  0.005017195768  0.000000000000  0.006038075630  0.006038075630  0.006038075630  0.006038075630  0.006038075630  0.007051898520  0.016227803163  0.007051898520  0.027683017569  0.031841808076  0.049982261017  
chrysolophus_pictus 0.050096235858  0.013135322281  0.026533907110  0.008045454448  0.004011319444  0.009063345132  0.006038075630  0.000000000000  0.000000000000  0.000000000000  0.000000000000  0.000000000000  0.001001050242  0.010080270899  0.001001050242  0.021393857067  0.025518798056  0.043459262957  
catreus_wallichi 0.050096235858  0.013135322281  0.026533907110  0.008045454448  0.004011319444  0.009063345132  0.006038075630  0.000000000000  0.000000000000  0.000000000000  0.000000000000  0.000000000000  0.001001050242  0.010080270899  0.001001050242  0.021393857067  0.025518798056  0.043459262957  
lophura_nycthemera 0.050096235858  0.013135322281  0.026533907110  0.008045454448  0.004011319444  0.009063345132  0.006038075630  0.000000000000  0.000000000000  0.000000000000  0.000000000000  0.000000000000  0.001001050242  0.010080270899  0.001001050242  0.021393857067  0.025518798056  0.043459262957  
lophura_inornata 0.050096235858  0.013135322281  0.026533907110  0.008045454448  0.004011319444  0.009063345132  0.006038075630  0.000000000000  0.000000000000  0.000000000000  0.000000000000  0.000000000000  0.001001050242  0.010080270899  0.001001050242  0.021393857067  0.025518798056  0.043459262957  
lophura_swinhoii 0.050096235858  0.013135322281  0.026533907110  0.008045454448  0.004011319444  0.009063345132  0.006038075630  0.000000000000  0.000000000000  0.000000000000  0.000000000000  0.000000000000  0.001001050242  0.010080270899  0.001001050242  0.021393857067  0.025518798056  0.043459262957  
melgal2    0.048998913836  0.012112992181  0.025488277084  0.007033969417  0.003006139644  0.010080270899  0.007051898520  0.001001050242  0.001001050242  0.001001050242  0.001001050242  0.001001050242  0.000000000000  0.009063345132  0.000000000000  0.020353682689  0.024473068389  0.042380721180  
perdix_dauuricae 0.057799865901  0.021349571988  0.034916877661  0.016188794614  0.012106997994  0.019289269198  0.016227803163  0.010080270899  0.010080270899  0.010080270899  0.010080270899  0.010080270899  0.009063345132  0.000000000000  0.009063345132  0.029724806511  0.033895846040  0.049884448621  
phasianus_colchicus 0.048998913836  0.012112992181  0.025488277084  0.007033969417  0.003006139644  0.010080270899  0.007051898520  0.001001050242  0.001001050242  0.001001050242  0.001001050242  0.001001050242  0.000000000000  0.009063345132  0.000000000000  0.020353682689  0.024473068389  0.042380721180  
rollulus_rouloul 0.046972974040  0.014209674552  0.030831648728  0.013180532066  0.017275255625  0.030782132224  0.027683017569  0.021393857067  0.021393857067  0.021393857067  0.021393857067  0.021393857067  0.020353682689  0.029724806511  0.020353682689  0.000000000000  0.026653197680  0.042499958227  
galgal4    0.053449002117  0.016227803163  0.036075857738  0.017260143157  0.021377401018  0.034958912258  0.031841808076  0.025518798056  0.025518798056  0.025518798056  0.025518798056  0.025518798056  0.024473068389  0.033895846040  0.024473068389  0.026653197680  0.000000000000  0.019289269198  
alectoris_rufa 0.071128697569  0.033918243656  0.052139543425  0.034982548036  0.039208153590  0.053167883845  0.049982261017  0.043459262957  0.043459262957  0.043459262957  0.043459262957  0.043459262957  0.042380721180  0.049884448621  0.042380721180  0.042499958227  0.019289269198  0.000000000000  

