18
pavo_cristatus 0.000000000000  0.040323290152  0.054377968971  0.058765256934  0.049003711603  0.053401396682  0.065642136442  0.057698181040  0.055569018162  0.049003711603  0.049003711603  0.045805552479  0.047989925669  0.042512240402  0.031860913843  0.028711664330  0.049043893575  0.013160178288  
rollulus_rouloul 0.040323290152  0.000000000000  0.066458232402  0.070928857552  0.060993587871  0.065480422517  0.077967109257  0.068714317158  0.067686027273  0.060993587871  0.060993587871  0.057743216227  0.059971573395  0.054377968971  0.047873010579  0.046819363619  0.067793896913  0.034998822293  
lophura_swinhoii 0.054377968971  0.066458232402  0.000000000000  0.004012856587  0.007035089274  0.011096281028  0.022420838095  0.015164979519  0.013131303323  0.007035089274  0.007035089274  0.015172061243  0.018258868306  0.026505987942  0.052215610051  0.054462271517  0.073431107194  0.050021652913  
syrmaticus_reevesii 0.058765256934  0.070928857552  0.004012856587  0.000000000000  0.011090312060  0.015180703610  0.026585248581  0.019270917418  0.015172061243  0.011090312060  0.011090312060  0.019280710172  0.022390011481  0.030684201837  0.056588979417  0.058856146979  0.077967109257  0.054377968971  
lophura_inornata 0.049003711603  0.060993587871  0.007035089274  0.011090312060  0.000000000000  0.004016169746  0.015215964447  0.008047282912  0.006031107154  0.000000000000  0.000000000000  0.009066961362  0.011103795851  0.022376965797  0.047949311234  0.049085720006  0.067908581887  0.043594910545  
phasianus_colchicus 0.053401396682  0.065480422517  0.011096281028  0.015180703610  0.004016169746  0.000000000000  0.019353202776  0.012116781086  0.010092342472  0.004016169746  0.004016169746  0.013149005079  0.015202658197  0.026548766101  0.050140889881  0.053493197969  0.072472690582  0.047949311234  
syrmaticus_ellioti 0.065642136442  0.077967109257  0.022420838095  0.026585248581  0.015215964447  0.019353202776  0.000000000000  0.023463799679  0.021414985400  0.015215964447  0.015215964447  0.024528932896  0.026628074040  0.038176648917  0.064568777287  0.065758412041  0.082822040121  0.060071694812  
chrysolophus_pictus 0.057698181040  0.068714317158  0.015164979519  0.019270917418  0.008047282912  0.012116781086  0.023463799679  0.000000000000  0.014154948010  0.008047282912  0.008047282912  0.017227802751  0.019292075523  0.030699701680  0.056632769999  0.057789926413  0.076877835176  0.052215610051  
lophura_nycthemera 0.055569018162  0.067686027273  0.013131303323  0.015172061243  0.006031107154  0.010092342472  0.021414985400  0.014154948010  0.000000000000  0.006031107154  0.006031107154  0.015190903594  0.017250924319  0.028629781718  0.054506919908  0.055662456858  0.074704432066  0.050099493254  
crossoptilon_crossoptilon 0.049003711603  0.060993587871  0.007035089274  0.011090312060  0.000000000000  0.004016169746  0.015215964447  0.008047282912  0.006031107154  0.000000000000  0.000000000000  0.009066961362  0.011103795851  0.022376965797  0.047949311234  0.049085720006  0.067908581887  0.043594910545  
catreus_wallichi 0.049003711603  0.060993587871  0.007035089274  0.011090312060  0.000000000000  0.004016169746  0.015215964447  0.008047282912  0.006031107154  0.000000000000  0.000000000000  0.009066961362  0.011103795851  0.022376965797  0.047949311234  0.049085720006  0.067908581887  0.043594910545  
lophophorus_impejanus 0.045805552479  0.057743216227  0.015172061243  0.019280710172  0.009066961362  0.013149005079  0.024528932896  0.017227802751  0.015190903594  0.009066961362  0.009066961362  0.000000000000  0.010084336053  0.019292075523  0.044755593770  0.045886863229  0.064626466636  0.040420119662  
tragopan_blythii 0.047989925669  0.059971573395  0.018258868306  0.022390011481  0.011103795851  0.015202658197  0.026628074040  0.019292075523  0.017250924319  0.011103795851  0.011103795851  0.010084336053  0.000000000000  0.021364950661  0.046937584041  0.048076068536  0.066892939217  0.042583133270  
melgal2    0.042512240402  0.054377968971  0.026505987942  0.030684201837  0.022376965797  0.026548766101  0.038176648917  0.030699701680  0.028629781718  0.022376965797  0.022376965797  0.019292075523  0.021364950661  0.000000000000  0.037162739126  0.042583133270  0.063440689304  0.037162739126  
galgal4    0.031860913843  0.047873010579  0.052215610051  0.056588979417  0.047949311234  0.050140889881  0.064568777287  0.056632769999  0.054506919908  0.047949311234  0.047949311234  0.044755593770  0.046937584041  0.037162739126  0.000000000000  0.021434798057  0.041537147194  0.028711664330  
perdix_dauuricae 0.028711664330  0.046819363619  0.054462271517  0.058856146979  0.049085720006  0.053493197969  0.065758412041  0.057789926413  0.055662456858  0.049085720006  0.049085720006  0.045886863229  0.048076068536  0.042583133270  0.021434798057  0.000000000000  0.023482674944  0.029793489493  
cyrtonyx_montezumae 0.049043893575  0.067793896913  0.073431107194  0.077967109257  0.067908581887  0.072472690582  0.082822040121  0.076877835176  0.074704432066  0.067908581887  0.067908581887  0.064626466636  0.066892939217  0.063440689304  0.041537147194  0.023482674944  0.000000000000  0.050183933662  
alectoris_rufa 0.013160178288  0.034998822293  0.050021652913  0.054377968971  0.043594910545  0.047949311234  0.060071694812  0.052215610051  0.050099493254  0.043594910545  0.043594910545  0.040420119662  0.042583133270  0.037162739126  0.028711664330  0.029793489493  0.050183933662  0.000000000000  

