18
cyrtonyx_montezumae 0.000000000000  0.032865982320  0.022423828290  0.023468014500  0.024495510600  0.024495510600  0.024495510600  0.024495510600  0.024495510600  0.026614590663  0.023468014500  0.023468014500  0.026593084807  0.027645399388  0.030791794743  0.032915338788  0.031852365237  0.039249642018  
melgal2    0.032865982320  0.000000000000  0.014161590655  0.013136726333  0.014152966210  0.014152966210  0.014152966210  0.014152966210  0.014152966210  0.016218060549  0.013136726333  0.013136726333  0.016207051751  0.017237477037  0.021366629949  0.023450230007  0.024495510600  0.030747516856  
phasianus_colchicus 0.022423828290  0.014161590655  0.000000000000  0.001001067307  0.002002840838  0.002002840838  0.002002840838  0.002002840838  0.002002840838  0.004017150198  0.001001067307  0.001001067307  0.004013431331  0.005021967159  0.009070102281  0.011108961987  0.012131724323  0.018270170566  
syrmaticus_reevesii 0.023468014500  0.013136726333  0.001001067307  0.000000000000  0.001000767708  0.001000767708  0.001000767708  0.001000767708  0.001000767708  0.003009633202  0.000000000000  0.000000000000  0.003007058978  0.004013431331  0.008053985656  0.010088424526  0.011108961987  0.017237477037  
lophura_swinhoii 0.024495510600  0.014152966210  0.002002840838  0.001000767708  0.000000000000  0.000000000000  0.000000000000  0.000000000000  0.000000000000  0.004013431331  0.001000767708  0.001000767708  0.004011385599  0.005018774469  0.009063961246  0.011100477237  0.012122060047  0.018258479065  
lophura_nycthemera 0.024495510600  0.014152966210  0.002002840838  0.001000767708  0.000000000000  0.000000000000  0.000000000000  0.000000000000  0.000000000000  0.004013431331  0.001000767708  0.001000767708  0.004011385599  0.005018774469  0.009063961246  0.011100477237  0.012122060047  0.018258479065  
crossoptilon_crossoptilon 0.024495510600  0.014152966210  0.002002840838  0.001000767708  0.000000000000  0.000000000000  0.000000000000  0.000000000000  0.000000000000  0.004013431331  0.001000767708  0.001000767708  0.004011385599  0.005018774469  0.009063961246  0.011100477237  0.012122060047  0.018258479065  
catreus_wallichi 0.024495510600  0.014152966210  0.002002840838  0.001000767708  0.000000000000  0.000000000000  0.000000000000  0.000000000000  0.000000000000  0.004013431331  0.001000767708  0.001000767708  0.004011385599  0.005018774469  0.009063961246  0.011100477237  0.012122060047  0.018258479065  
lophura_inornata 0.024495510600  0.014152966210  0.002002840838  0.001000767708  0.000000000000  0.000000000000  0.000000000000  0.000000000000  0.000000000000  0.004013431331  0.001000767708  0.001000767708  0.004011385599  0.005018774469  0.009063961246  0.011100477237  0.012122060047  0.018258479065  
perdix_dauuricae 0.026614590663  0.016218060549  0.004017150198  0.003009633202  0.004013431331  0.004013431331  0.004013431331  0.004013431331  0.004013431331  0.000000000000  0.003009633202  0.003009633202  0.006032675784  0.007045566589  0.011108961987  0.013156721256  0.014183962572  0.020342402458  
syrmaticus_ellioti 0.023468014500  0.013136726333  0.001001067307  0.000000000000  0.001000767708  0.001000767708  0.001000767708  0.001000767708  0.001000767708  0.003009633202  0.000000000000  0.000000000000  0.003007058978  0.004013431331  0.008053985656  0.010088424526  0.011108961987  0.017237477037  
chrysolophus_pictus 0.023468014500  0.013136726333  0.001001067307  0.000000000000  0.001000767708  0.001000767708  0.001000767708  0.001000767708  0.001000767708  0.003009633202  0.000000000000  0.000000000000  0.003007058978  0.004013431331  0.008053985656  0.010088424526  0.011108961987  0.017237477037  
lophophorus_impejanus 0.026593084807  0.016207051751  0.004013431331  0.003007058978  0.004011385599  0.004011385599  0.004011385599  0.004011385599  0.004011385599  0.006032675784  0.003007058978  0.003007058978  0.000000000000  0.007040065116  0.011100477237  0.013145872296  0.014171923738  0.020328289934  
tragopan_blythii 0.027645399388  0.017237477037  0.005021967159  0.004013431331  0.005018774469  0.005018774469  0.005018774469  0.005018774469  0.005018774469  0.007045566589  0.004013431331  0.004013431331  0.007040065116  0.000000000000  0.004013431331  0.006032675784  0.007045566589  0.013136726333  
galgal4    0.030791794743  0.021366629949  0.009070102281  0.008053985656  0.009063961246  0.009063961246  0.009063961246  0.009063961246  0.009063961246  0.011108961987  0.008053985656  0.008053985656  0.011100477237  0.004013431331  0.000000000000  0.002004275316  0.003009633202  0.009063961246  
pavo_cristatus 0.032915338788  0.023450230007  0.011108961987  0.010088424526  0.011100477237  0.011100477237  0.011100477237  0.011100477237  0.011100477237  0.013156721256  0.010088424526  0.010088424526  0.013145872296  0.006032675784  0.002004275316  0.000000000000  0.001001067307  0.007036247569  
rollulus_rouloul 0.031852365237  0.024495510600  0.012131724323  0.011108961987  0.012122060047  0.012122060047  0.012122060047  0.012122060047  0.012122060047  0.014183962572  0.011108961987  0.011108961987  0.014171923738  0.007045566589  0.003009633202  0.001001067307  0.000000000000  0.008049008876  
alectoris_rufa 0.039249642018  0.030747516856  0.018270170566  0.017237477037  0.018258479065  0.018258479065  0.018258479065  0.018258479065  0.018258479065  0.020342402458  0.017237477037  0.017237477037  0.020328289934  0.013136726333  0.009063961246  0.007036247569  0.008049008876  0.000000000000  

