18
cyrtonyx_montezumae 0.000000000000  0.022397270983  0.015191247536  0.015191247536  0.015191247536  0.015191247536  0.015191247536  0.015191247536  0.015191247536  0.015191247536  0.020347214431  0.015191247536  0.018261529532  0.015191247536  0.015191247536  0.018287768242  0.016221106908  0.006024815318  
rollulus_rouloul 0.022397270983  0.000000000000  0.018251091858  0.018251091858  0.018251091858  0.018251091858  0.018251091858  0.018251091858  0.018251091858  0.018251091858  0.023424715242  0.018251091858  0.021334179529  0.018251091858  0.018251091858  0.020319510259  0.018251091858  0.022397270983  
lophura_inornata 0.015191247536  0.018251091858  0.000000000000  0.000000000000  0.000000000000  0.000000000000  0.000000000000  0.000000000000  0.000000000000  0.000000000000  0.005022297762  0.000000000000  0.003006186747  0.000000000000  0.000000000000  0.012115430924  0.010076252749  0.015191247536  
phasianus_colchicus 0.015191247536  0.018251091858  0.000000000000  0.000000000000  0.000000000000  0.000000000000  0.000000000000  0.000000000000  0.000000000000  0.000000000000  0.005022297762  0.000000000000  0.003006186747  0.000000000000  0.000000000000  0.012115430924  0.010076252749  0.015191247536  
catreus_wallichi 0.015191247536  0.018251091858  0.000000000000  0.000000000000  0.000000000000  0.000000000000  0.000000000000  0.000000000000  0.000000000000  0.000000000000  0.005022297762  0.000000000000  0.003006186747  0.000000000000  0.000000000000  0.012115430924  0.010076252749  0.015191247536  
lophura_nycthemera 0.015191247536  0.018251091858  0.000000000000  0.000000000000  0.000000000000  0.000000000000  0.000000000000  0.000000000000  0.000000000000  0.000000000000  0.005022297762  0.000000000000  0.003006186747  0.000000000000  0.000000000000  0.012115430924  0.010076252749  0.015191247536  
lophophorus_impejanus 0.015191247536  0.018251091858  0.000000000000  0.000000000000  0.000000000000  0.000000000000  0.000000000000  0.000000000000  0.000000000000  0.000000000000  0.005022297762  0.000000000000  0.003006186747  0.000000000000  0.000000000000  0.012115430924  0.010076252749  0.015191247536  
syrmaticus_reevesii 0.015191247536  0.018251091858  0.000000000000  0.000000000000  0.000000000000  0.000000000000  0.000000000000  0.000000000000  0.000000000000  0.000000000000  0.005022297762  0.000000000000  0.003006186747  0.000000000000  0.000000000000  0.012115430924  0.010076252749  0.015191247536  
perdix_dauuricae 0.015191247536  0.018251091858  0.000000000000  0.000000000000  0.000000000000  0.000000000000  0.000000000000  0.000000000000  0.000000000000  0.000000000000  0.005022297762  0.000000000000  0.003006186747  0.000000000000  0.000000000000  0.012115430924  0.010076252749  0.015191247536  
syrmaticus_ellioti 0.015191247536  0.018251091858  0.000000000000  0.000000000000  0.000000000000  0.000000000000  0.000000000000  0.000000000000  0.000000000000  0.000000000000  0.005022297762  0.000000000000  0.003006186747  0.000000000000  0.000000000000  0.012115430924  0.010076252749  0.015191247536  
crossoptilon_crossoptilon 0.020347214431  0.023424715242  0.005022297762  0.005022297762  0.005022297762  0.005022297762  0.005022297762  0.005022297762  0.005022297762  0.005022297762  0.000000000000  0.005022297762  0.008049527211  0.005022297762  0.005022297762  0.017240520829  0.015180986740  0.020347214431  
chrysolophus_pictus 0.015191247536  0.018251091858  0.000000000000  0.000000000000  0.000000000000  0.000000000000  0.000000000000  0.000000000000  0.000000000000  0.000000000000  0.005022297762  0.000000000000  0.003006186747  0.000000000000  0.000000000000  0.012115430924  0.010076252749  0.015191247536  
melgal2    0.018261529532  0.021334179529  0.003006186747  0.003006186747  0.003006186747  0.003006186747  0.003006186747  0.003006186747  0.003006186747  0.003006186747  0.008049527211  0.003006186747  0.000000000000  0.003006186747  0.003006186747  0.015172502756  0.013124615392  0.018261529532  
lophura_swinhoii 0.015191247536  0.018251091858  0.000000000000  0.000000000000  0.000000000000  0.000000000000  0.000000000000  0.000000000000  0.000000000000  0.000000000000  0.005022297762  0.000000000000  0.003006186747  0.000000000000  0.000000000000  0.012115430924  0.010076252749  0.015191247536  
tragopan_blythii 0.015191247536  0.018251091858  0.000000000000  0.000000000000  0.000000000000  0.000000000000  0.000000000000  0.000000000000  0.000000000000  0.000000000000  0.005022297762  0.000000000000  0.003006186747  0.000000000000  0.000000000000  0.012115430924  0.010076252749  0.015191247536  
galgal4    0.018287768242  0.020319510259  0.012115430924  0.012115430924  0.012115430924  0.012115430924  0.012115430924  0.012115430924  0.012115430924  0.012115430924  0.017240520829  0.012115430924  0.015172502756  0.012115430924  0.012115430924  0.000000000000  0.006028659827  0.018287768242  
pavo_cristatus 0.016221106908  0.018251091858  0.010076252749  0.010076252749  0.010076252749  0.010076252749  0.010076252749  0.010076252749  0.010076252749  0.010076252749  0.015180986740  0.010076252749  0.013124615392  0.010076252749  0.010076252749  0.006028659827  0.000000000000  0.016221106908  
alectoris_rufa 0.006024815318  0.022397270983  0.015191247536  0.015191247536  0.015191247536  0.015191247536  0.015191247536  0.015191247536  0.015191247536  0.015191247536  0.020347214431  0.015191247536  0.018261529532  0.015191247536  0.015191247536  0.018287768242  0.016221106908  0.000000000000  

