18
syrmaticus_reevesii 0.000000000000  0.000000000000  0.019304118177  0.009073676615  0.001001002807  0.001001002807  0.027703381291  0.022419549712  0.004012821863  0.003009049479  0.004011049019  0.005018106139  0.001001002807  0.001001002807  0.009082107112  0.013159623749  0.001001002807  0.006031011985  
pavo_cristatus 0.000000000000  0.000000000000  0.019304118177  0.009073676615  0.001001002807  0.001001002807  0.027703381291  0.022419549712  0.004012821863  0.003009049479  0.004011049019  0.005018106139  0.001001002807  0.001001002807  0.009082107112  0.013159623749  0.001001002807  0.006031011985  
galgal4    0.019304118177  0.019304118177  0.000000000000  0.010077674733  0.018269946144  0.018269946144  0.047983169623  0.042474672224  0.021363923634  0.020340436820  0.021350499731  0.022388970738  0.018269946144  0.018269946144  0.026603931501  0.030798761532  0.018269946144  0.025535189083  
lophura_nycthemera 0.009073676615  0.009073676615  0.010077674733  0.000000000000  0.008057393368  0.008057393368  0.037254283411  0.031858167940  0.011103482813  0.010092032776  0.011096027840  0.012116462324  0.008057393368  0.008057393368  0.016246179155  0.020372922322  0.008057393368  0.015202002037  
syrmaticus_ellioti 0.001001002807  0.001001002807  0.018269946144  0.008057393368  0.000000000000  0.000000000000  0.028759431355  0.023462361988  0.003006777883  0.002004016601  0.003006019116  0.004011049019  0.000000000000  0.000000000000  0.008064786940  0.012134997792  0.000000000000  0.007043174615  
crossoptilon_crossoptilon 0.001001002807  0.001001002807  0.018269946144  0.008057393368  0.000000000000  0.000000000000  0.028759431355  0.023462361988  0.003006777883  0.002004016601  0.003006019116  0.004011049019  0.000000000000  0.000000000000  0.008064786940  0.012134997792  0.000000000000  0.007043174615  
cyrtonyx_montezumae 0.027703381291  0.027703381291  0.047983169623  0.037254283411  0.028759431355  0.028759431355  0.000000000000  0.031884212651  0.031911841167  0.030878256473  0.031884212651  0.031884212651  0.028759431355  0.028759431355  0.037289224168  0.039407370553  0.028759431355  0.031911841167  
rollulus_rouloul 0.022419549712  0.022419549712  0.042474672224  0.031858167940  0.023462361988  0.023462361988  0.031884212651  0.000000000000  0.026583473594  0.025554543698  0.026564590597  0.026564590597  0.023462361988  0.023462361988  0.031884212651  0.036118417486  0.023462361988  0.028686668893  
lophophorus_impejanus 0.004012821863  0.004012821863  0.021363923634  0.011103482813  0.003006777883  0.003006777883  0.031911841167  0.026583473594  0.000000000000  0.005020897158  0.006024907368  0.007035019191  0.003006777883  0.003006777883  0.011112470327  0.015202002037  0.003006777883  0.008051522993  
tragopan_blythii 0.003009049479  0.003009049479  0.020340436820  0.010092032776  0.002004016601  0.002004016601  0.030878256473  0.025554543698  0.005020897158  0.000000000000  0.005018106139  0.006027198670  0.002004016601  0.002004016601  0.010101504436  0.014186356831  0.002004016601  0.009073676615  
chrysolophus_pictus 0.004011049019  0.004011049019  0.021350499731  0.011096027840  0.003006019116  0.003006019116  0.031884212651  0.026564590597  0.006024907368  0.005018106139  0.000000000000  0.007033230644  0.003006019116  0.003006019116  0.011103482813  0.015190339552  0.003006019116  0.010077674733  
perdix_dauuricae 0.005018106139  0.005018106139  0.022388970738  0.012116462324  0.004011049019  0.004011049019  0.031884212651  0.026564590597  0.007035019191  0.006027198670  0.007033230644  0.000000000000  0.004011049019  0.004011049019  0.012124962715  0.016219185324  0.004011049019  0.011096027840  
melgal2    0.001001002807  0.001001002807  0.018269946144  0.008057393368  0.000000000000  0.000000000000  0.028759431355  0.023462361988  0.003006777883  0.002004016601  0.003006019116  0.004011049019  0.000000000000  0.000000000000  0.008064786940  0.012134997792  0.000000000000  0.007043174615  
lophura_swinhoii 0.001001002807  0.001001002807  0.018269946144  0.008057393368  0.000000000000  0.000000000000  0.028759431355  0.023462361988  0.003006777883  0.002004016601  0.003006019116  0.004011049019  0.000000000000  0.000000000000  0.008064786940  0.012134997792  0.000000000000  0.007043174615  
catreus_wallichi 0.009082107112  0.009082107112  0.026603931501  0.016246179155  0.008064786940  0.008064786940  0.037289224168  0.031884212651  0.011112470327  0.010101504436  0.011103482813  0.012124962715  0.008064786940  0.008064786940  0.000000000000  0.019351934935  0.008064786940  0.015215205720  
lophura_inornata 0.013159623749  0.013159623749  0.030798761532  0.020372922322  0.012134997792  0.012134997792  0.039407370553  0.036118417486  0.015202002037  0.014186356831  0.015190339552  0.016219185324  0.012134997792  0.012134997792  0.019351934935  0.000000000000  0.012134997792  0.017263947975  
phasianus_colchicus 0.001001002807  0.001001002807  0.018269946144  0.008057393368  0.000000000000  0.000000000000  0.028759431355  0.023462361988  0.003006777883  0.002004016601  0.003006019116  0.004011049019  0.000000000000  0.000000000000  0.008064786940  0.012134997792  0.000000000000  0.007043174615  
alectoris_rufa 0.006031011985  0.006031011985  0.025535189083  0.015202002037  0.007043174615  0.007043174615  0.031911841167  0.028686668893  0.008051522993  0.009073676615  0.010077674733  0.011096027840  0.007043174615  0.007043174615  0.015215205720  0.017263947975  0.007043174615  0.000000000000  

