18
cyrtonyx_montezumae 0.000000000000  0.004012757089  0.012104858358  0.004012757089  0.011089878410  0.009060357671  0.004012757089  0.004012757089  0.004012757089  0.004012757089  0.004012757089  0.004012757089  0.021357701728  0.004012757089  0.004012757089  0.011086614052  0.006025187230  0.004012757089  
chrysolophus_pictus 0.004012757089  0.000000000000  0.008054684156  0.000000000000  0.007046182003  0.005027241486  0.000000000000  0.000000000000  0.000000000000  0.000000000000  0.000000000000  0.000000000000  0.017267150100  0.000000000000  0.000000000000  0.007040582167  0.002004339699  0.000000000000  
rollulus_rouloul 0.012104858358  0.008054684156  0.000000000000  0.008054684156  0.015202874991  0.012133490057  0.008054684156  0.008054684156  0.008054684156  0.008054684156  0.008054684156  0.008054684156  0.025570941152  0.008054684156  0.008054684156  0.015191155632  0.010089587764  0.008054684156  
syrmaticus_ellioti 0.004012757089  0.000000000000  0.008054684156  0.000000000000  0.007046182003  0.005027241486  0.000000000000  0.000000000000  0.000000000000  0.000000000000  0.000000000000  0.000000000000  0.017267150100  0.000000000000  0.000000000000  0.007040582167  0.002004339699  0.000000000000  
lophura_swinhoii 0.011089878410  0.007046182003  0.015202874991  0.007046182003  0.000000000000  0.012145118294  0.007046182003  0.007046182003  0.007046182003  0.007046182003  0.007046182003  0.007046182003  0.024542581869  0.007046182003  0.007046182003  0.014174184505  0.009079011341  0.007046182003  
catreus_wallichi 0.009060357671  0.005027241486  0.012133490057  0.005027241486  0.012145118294  0.000000000000  0.005027241486  0.005027241486  0.005027241486  0.005027241486  0.005027241486  0.005027241486  0.022468537315  0.005027241486  0.005027241486  0.012133490057  0.007053549254  0.005027241486  
crossoptilon_crossoptilon 0.004012757089  0.000000000000  0.008054684156  0.000000000000  0.007046182003  0.005027241486  0.000000000000  0.000000000000  0.000000000000  0.000000000000  0.000000000000  0.000000000000  0.017267150100  0.000000000000  0.000000000000  0.007040582167  0.002004339699  0.000000000000  
syrmaticus_reevesii 0.004012757089  0.000000000000  0.008054684156  0.000000000000  0.007046182003  0.005027241486  0.000000000000  0.000000000000  0.000000000000  0.000000000000  0.000000000000  0.000000000000  0.017267150100  0.000000000000  0.000000000000  0.007040582167  0.002004339699  0.000000000000  
phasianus_colchicus 0.004012757089  0.000000000000  0.008054684156  0.000000000000  0.007046182003  0.005027241486  0.000000000000  0.000000000000  0.000000000000  0.000000000000  0.000000000000  0.000000000000  0.017267150100  0.000000000000  0.000000000000  0.007040582167  0.002004339699  0.000000000000  
lophophorus_impejanus 0.004012757089  0.000000000000  0.008054684156  0.000000000000  0.007046182003  0.005027241486  0.000000000000  0.000000000000  0.000000000000  0.000000000000  0.000000000000  0.000000000000  0.017267150100  0.000000000000  0.000000000000  0.007040582167  0.002004339699  0.000000000000  
melgal2    0.004012757089  0.000000000000  0.008054684156  0.000000000000  0.007046182003  0.005027241486  0.000000000000  0.000000000000  0.000000000000  0.000000000000  0.000000000000  0.000000000000  0.017267150100  0.000000000000  0.000000000000  0.007040582167  0.002004339699  0.000000000000  
lophura_inornata 0.004012757089  0.000000000000  0.008054684156  0.000000000000  0.007046182003  0.005027241486  0.000000000000  0.000000000000  0.000000000000  0.000000000000  0.000000000000  0.000000000000  0.017267150100  0.000000000000  0.000000000000  0.007040582167  0.002004339699  0.000000000000  
pavo_cristatus 0.021357701728  0.017267150100  0.025570941152  0.017267150100  0.024542581869  0.022468537315  0.017267150100  0.017267150100  0.017267150100  0.017267150100  0.017267150100  0.017267150100  0.000000000000  0.017267150100  0.017267150100  0.024521397693  0.019340686134  0.017267150100  
lophura_nycthemera 0.004012757089  0.000000000000  0.008054684156  0.000000000000  0.007046182003  0.005027241486  0.000000000000  0.000000000000  0.000000000000  0.000000000000  0.000000000000  0.000000000000  0.017267150100  0.000000000000  0.000000000000  0.007040582167  0.002004339699  0.000000000000  
perdix_dauuricae 0.004012757089  0.000000000000  0.008054684156  0.000000000000  0.007046182003  0.005027241486  0.000000000000  0.000000000000  0.000000000000  0.000000000000  0.000000000000  0.000000000000  0.017267150100  0.000000000000  0.000000000000  0.007040582167  0.002004339699  0.000000000000  
tragopan_blythii 0.011086614052  0.007040582167  0.015191155632  0.007040582167  0.014174184505  0.012133490057  0.007040582167  0.007040582167  0.007040582167  0.007040582167  0.007040582167  0.007040582167  0.024521397693  0.007040582167  0.007040582167  0.000000000000  0.005019028995  0.007040582167  
galgal4    0.006025187230  0.002004339699  0.010089587764  0.002004339699  0.009079011341  0.007053549254  0.002004339699  0.002004339699  0.002004339699  0.002004339699  0.002004339699  0.002004339699  0.019340686134  0.002004339699  0.002004339699  0.005019028995  0.000000000000  0.002004339699  
alectoris_rufa 0.004012757089  0.000000000000  0.008054684156  0.000000000000  0.007046182003  0.005027241486  0.000000000000  0.000000000000  0.000000000000  0.000000000000  0.000000000000  0.000000000000  0.017267150100  0.000000000000  0.000000000000  0.007040582167  0.002004339699  0.000000000000  

