18
catreus_wallichi 0.000000000000  0.000000000000  0.000000000000  0.000000000000  0.003009782603  0.000000000000  0.010098753061  0.017282986279  0.011110252988  0.000000000000  0.003009782603  0.000000000000  0.010081860772  0.006033070940  0.003007118215  0.000000000000  0.000000000000  0.000000000000  
lophophorus_impejanus 0.000000000000  0.000000000000  0.000000000000  0.000000000000  0.003009782603  0.000000000000  0.010098753061  0.017282986279  0.011110252988  0.000000000000  0.003009782603  0.000000000000  0.010081860772  0.006033070940  0.003007118215  0.000000000000  0.000000000000  0.000000000000  
crossoptilon_crossoptilon 0.000000000000  0.000000000000  0.000000000000  0.000000000000  0.003009782603  0.000000000000  0.010098753061  0.017282986279  0.011110252988  0.000000000000  0.003009782603  0.000000000000  0.010081860772  0.006033070940  0.003007118215  0.000000000000  0.000000000000  0.000000000000  
chrysolophus_pictus 0.000000000000  0.000000000000  0.000000000000  0.000000000000  0.003009782603  0.000000000000  0.010098753061  0.017282986279  0.011110252988  0.000000000000  0.003009782603  0.000000000000  0.010081860772  0.006033070940  0.003007118215  0.000000000000  0.000000000000  0.000000000000  
pavo_cristatus 0.003009782603  0.003009782603  0.003009782603  0.003009782603  0.000000000000  0.003009782603  0.013171667915  0.020400558330  0.014186310586  0.003009782603  0.006039301567  0.003009782603  0.012123322572  0.009078973369  0.006033070940  0.003009782603  0.003009782603  0.003009782603  
syrmaticus_reevesii 0.000000000000  0.000000000000  0.000000000000  0.000000000000  0.003009782603  0.000000000000  0.010098753061  0.017282986279  0.011110252988  0.000000000000  0.003009782603  0.000000000000  0.010081860772  0.006033070940  0.003007118215  0.000000000000  0.000000000000  0.000000000000  
perdix_dauuricae 0.010098753061  0.010098753061  0.010098753061  0.010098753061  0.013171667915  0.010098753061  0.000000000000  0.015231691834  0.009078973369  0.010098753061  0.013171667915  0.010098753061  0.019323394997  0.016248453087  0.013158680735  0.010098753061  0.010098753061  0.010098753061  
syrmaticus_ellioti 0.017282986279  0.017282986279  0.017282986279  0.017282986279  0.020400558330  0.017282986279  0.015231691834  0.000000000000  0.016248453087  0.017282986279  0.020400558330  0.017282986279  0.026621893268  0.023515514874  0.020380590415  0.017282986279  0.017282986279  0.017282986279  
rollulus_rouloul 0.011110252988  0.011110252988  0.011110252988  0.011110252988  0.014186310586  0.011110252988  0.009078973369  0.016248453087  0.000000000000  0.011110252988  0.014186310586  0.011110252988  0.018272821335  0.017266794793  0.014173845104  0.011110252988  0.011110252988  0.011110252988  
lophura_swinhoii 0.000000000000  0.000000000000  0.000000000000  0.000000000000  0.003009782603  0.000000000000  0.010098753061  0.017282986279  0.011110252988  0.000000000000  0.003009782603  0.000000000000  0.010081860772  0.006033070940  0.003007118215  0.000000000000  0.000000000000  0.000000000000  
galgal4    0.003009782603  0.003009782603  0.003009782603  0.003009782603  0.006039301567  0.003009782603  0.013171667915  0.020400558330  0.014186310586  0.003009782603  0.000000000000  0.003009782603  0.013147446222  0.009078973369  0.006033070940  0.003009782603  0.003009782603  0.003009782603  
tragopan_blythii 0.000000000000  0.000000000000  0.000000000000  0.000000000000  0.003009782603  0.000000000000  0.010098753061  0.017282986279  0.011110252988  0.000000000000  0.003009782603  0.000000000000  0.010081860772  0.006033070940  0.003007118215  0.000000000000  0.000000000000  0.000000000000  
cyrtonyx_montezumae 0.010081860772  0.010081860772  0.010081860772  0.010081860772  0.012123322572  0.010081860772  0.019323394997  0.026621893268  0.018272821335  0.010081860772  0.013147446222  0.010081860772  0.000000000000  0.010089434958  0.007040444824  0.010081860772  0.010081860772  0.010081860772  
lophura_inornata 0.006033070940  0.006033070940  0.006033070940  0.006033070940  0.009078973369  0.006033070940  0.016248453087  0.023515514874  0.017266794793  0.006033070940  0.009078973369  0.006033070940  0.010089434958  0.000000000000  0.003009782603  0.006033070940  0.006033070940  0.006033070940  
phasianus_colchicus 0.003007118215  0.003007118215  0.003007118215  0.003007118215  0.006033070940  0.003007118215  0.013158680735  0.020380590415  0.014173845104  0.003007118215  0.006033070940  0.003007118215  0.007040444824  0.003009782603  0.000000000000  0.003007118215  0.003007118215  0.003007118215  
lophura_nycthemera 0.000000000000  0.000000000000  0.000000000000  0.000000000000  0.003009782603  0.000000000000  0.010098753061  0.017282986279  0.011110252988  0.000000000000  0.003009782603  0.000000000000  0.010081860772  0.006033070940  0.003007118215  0.000000000000  0.000000000000  0.000000000000  
melgal2    0.000000000000  0.000000000000  0.000000000000  0.000000000000  0.003009782603  0.000000000000  0.010098753061  0.017282986279  0.011110252988  0.000000000000  0.003009782603  0.000000000000  0.010081860772  0.006033070940  0.003007118215  0.000000000000  0.000000000000  0.000000000000  
alectoris_rufa 0.000000000000  0.000000000000  0.000000000000  0.000000000000  0.003009782603  0.000000000000  0.010098753061  0.017282986279  0.011110252988  0.000000000000  0.003009782603  0.000000000000  0.010081860772  0.006033070940  0.003007118215  0.000000000000  0.000000000000  0.000000000000  

