18
crossoptilon_crossoptilon 0.000000000000  0.012137642877  0.001001023988  0.001001023988  0.003009241146  0.007038894494  0.001001023988  0.001001023988  0.006031554008  0.003006868517  0.003006062218  0.001001023988  0.001001023988  0.001001023988  0.004013019466  0.000000000000  0.000000000000  0.007035412468  
chrysolophus_pictus 0.012137642877  0.000000000000  0.011114651325  0.011114651325  0.013162779226  0.017254534770  0.011114651325  0.011114651325  0.016236252965  0.013151204049  0.013141221014  0.011114651325  0.011114651325  0.011114651325  0.013151204049  0.012137642877  0.012137642877  0.019309200886  
phasianus_colchicus 0.001001023988  0.011114651325  0.000000000000  0.000000000000  0.002004101556  0.006027563797  0.000000000000  0.000000000000  0.005021245105  0.002002783739  0.002003030040  0.000000000000  0.000000000000  0.000000000000  0.003006868517  0.001001023988  0.001001023988  0.008047767027  
syrmaticus_ellioti 0.001001023988  0.011114651325  0.000000000000  0.000000000000  0.002004101556  0.006027563797  0.000000000000  0.000000000000  0.005021245105  0.002002783739  0.002003030040  0.000000000000  0.000000000000  0.000000000000  0.003006868517  0.001001023988  0.001001023988  0.008047767027  
lophura_nycthemera 0.003009241146  0.013162779226  0.002004101556  0.002004101556  0.000000000000  0.004011156233  0.002004101556  0.002004101556  0.007043954803  0.004013019466  0.004011156233  0.002004101556  0.002004101556  0.002004101556  0.005021245105  0.003009241146  0.003009241146  0.010078786017  
lophura_inornata 0.007038894494  0.017254534770  0.006027563797  0.006027563797  0.004011156233  0.000000000000  0.006027563797  0.006027563797  0.011097467971  0.008047767027  0.008044796282  0.006027563797  0.006027563797  0.006027563797  0.009062221965  0.007038894494  0.007038894494  0.014148940355  
tragopan_blythii 0.001001023988  0.011114651325  0.000000000000  0.000000000000  0.002004101556  0.006027563797  0.000000000000  0.000000000000  0.005021245105  0.002002783739  0.002003030040  0.000000000000  0.000000000000  0.000000000000  0.003006868517  0.001001023988  0.001001023988  0.008047767027  
lophura_swinhoii 0.001001023988  0.011114651325  0.000000000000  0.000000000000  0.002004101556  0.006027563797  0.000000000000  0.000000000000  0.005021245105  0.002002783739  0.002003030040  0.000000000000  0.000000000000  0.000000000000  0.003006868517  0.001001023988  0.001001023988  0.008047767027  
cyrtonyx_montezumae 0.006031554008  0.016236252965  0.005021245105  0.005021245105  0.007043954803  0.011097467971  0.005021245105  0.005021245105  0.000000000000  0.007038894494  0.007035412468  0.005021245105  0.005021245105  0.005021245105  0.008052321320  0.006031554008  0.006031554008  0.013132833075  
rollulus_rouloul 0.003006868517  0.013151204049  0.002002783739  0.002002783739  0.004013019466  0.008047767027  0.002002783739  0.002002783739  0.007038894494  0.000000000000  0.004010864546  0.002002783739  0.002002783739  0.002002783739  0.005018320577  0.003006868517  0.003006868517  0.010073661917  
melgal2    0.003006062218  0.013141221014  0.002003030040  0.002003030040  0.004011156233  0.008044796282  0.002003030040  0.002003030040  0.007035412468  0.004010864546  0.000000000000  0.002003030040  0.002003030040  0.002003030040  0.005016969827  0.003006062218  0.003006062218  0.010070128947  
lophophorus_impejanus 0.001001023988  0.011114651325  0.000000000000  0.000000000000  0.002004101556  0.006027563797  0.000000000000  0.000000000000  0.005021245105  0.002002783739  0.002003030040  0.000000000000  0.000000000000  0.000000000000  0.003006868517  0.001001023988  0.001001023988  0.008047767027  
galgal4    0.001001023988  0.011114651325  0.000000000000  0.000000000000  0.002004101556  0.006027563797  0.000000000000  0.000000000000  0.005021245105  0.002002783739  0.002003030040  0.000000000000  0.000000000000  0.000000000000  0.003006868517  0.001001023988  0.001001023988  0.008047767027  
syrmaticus_reevesii 0.001001023988  0.011114651325  0.000000000000  0.000000000000  0.002004101556  0.006027563797  0.000000000000  0.000000000000  0.005021245105  0.002002783739  0.002003030040  0.000000000000  0.000000000000  0.000000000000  0.003006868517  0.001001023988  0.001001023988  0.008047767027  
catreus_wallichi 0.004013019466  0.013151204049  0.003006868517  0.003006868517  0.005021245105  0.009062221965  0.003006868517  0.003006868517  0.008052321320  0.005018320577  0.005016969827  0.003006868517  0.003006868517  0.003006868517  0.000000000000  0.004013019466  0.004013019466  0.009058176778  
pavo_cristatus 0.000000000000  0.012137642877  0.001001023988  0.001001023988  0.003009241146  0.007038894494  0.001001023988  0.001001023988  0.006031554008  0.003006868517  0.003006062218  0.001001023988  0.001001023988  0.001001023988  0.004013019466  0.000000000000  0.000000000000  0.007035412468  
perdix_dauuricae 0.000000000000  0.012137642877  0.001001023988  0.001001023988  0.003009241146  0.007038894494  0.001001023988  0.001001023988  0.006031554008  0.003006868517  0.003006062218  0.001001023988  0.001001023988  0.001001023988  0.004013019466  0.000000000000  0.000000000000  0.007035412468  
alectoris_rufa 0.007035412468  0.019309200886  0.008047767027  0.008047767027  0.010078786017  0.014148940355  0.008047767027  0.008047767027  0.013132833075  0.010073661917  0.010070128947  0.008047767027  0.008047767027  0.008047767027  0.009058176778  0.007035412468  0.007035412468  0.000000000000  

