18
cyrtonyx_montezumae 0.000000000000  0.078966477849  0.059921626061  0.072135022088  0.071050105936  0.084582238392  0.076720080355  0.085815021140  0.071050105936  0.071050105936  0.078905670621  0.081220096841  0.077811994994  0.072135022088  0.072135022088  0.072135022088  0.059921626061  0.070023740037  
rollulus_rouloul 0.078966477849  0.000000000000  0.046839777389  0.061040018458  0.059969625342  0.073277179869  0.061040018458  0.077936348980  0.059969625342  0.059969625342  0.067695909810  0.069966926566  0.064359279232  0.061040018458  0.061040018458  0.061040018458  0.046839777389  0.056719263784  
pavo_cristatus 0.059921626061  0.046839777389  0.000000000000  0.029700244655  0.028666393130  0.045646049071  0.033937529311  0.047857187656  0.028666393130  0.028666393130  0.038156389873  0.040303297630  0.037112532682  0.031814202965  0.031814202965  0.031814202965  0.018278702802  0.027655986658  
tragopan_blythii 0.072135022088  0.061040018458  0.029700244655  0.000000000000  0.001000762678  0.020323174474  0.009068910334  0.021375487010  0.001000762678  0.001000762678  0.011092377653  0.013134638802  0.009063025466  0.004011260081  0.004011260081  0.004011260081  0.017223729879  0.026563930491  
lophophorus_impejanus 0.071050105936  0.059969625342  0.028666393130  0.001000762678  0.000000000000  0.019300148941  0.008059501843  0.020351892079  0.000000000000  0.000000000000  0.010079867183  0.012120047455  0.008053100337  0.003006956511  0.003006956511  0.003006956511  0.016203899530  0.025533890447  
perdix_dauuricae 0.084582238392  0.073277179869  0.045646049071  0.020323174474  0.019300148941  0.000000000000  0.016214445309  0.038183636938  0.019300148941  0.019300148941  0.029700244655  0.029700244655  0.027614008620  0.022400665794  0.022400665794  0.022400665794  0.032830833239  0.040275285317  
syrmaticus_reevesii 0.076720080355  0.061040018458  0.033937529311  0.009068910334  0.008059501843  0.016214445309  0.000000000000  0.026603503151  0.008059501843  0.008059501843  0.018278702802  0.020351892079  0.016226655532  0.011107013965  0.011107013965  0.011107013965  0.021360794174  0.030778121972  
melgal2    0.085815021140  0.077936348980  0.047857187656  0.021375487010  0.020351892079  0.038183636938  0.026603503151  0.000000000000  0.020351892079  0.020351892079  0.029721094173  0.031837486814  0.027634147787  0.023459853218  0.023459853218  0.023459853218  0.034977480743  0.042459868398  
chrysolophus_pictus 0.071050105936  0.059969625342  0.028666393130  0.001000762678  0.000000000000  0.019300148941  0.008059501843  0.020351892079  0.000000000000  0.000000000000  0.010079867183  0.012120047455  0.008053100337  0.003006956511  0.003006956511  0.003006956511  0.016203899530  0.025533890447  
phasianus_colchicus 0.071050105936  0.059969625342  0.028666393130  0.001000762678  0.000000000000  0.019300148941  0.008059501843  0.020351892079  0.000000000000  0.000000000000  0.010079867183  0.012120047455  0.008053100337  0.003006956511  0.003006956511  0.003006956511  0.016203899530  0.025533890447  
lophura_swinhoii 0.078905670621  0.067695909810  0.038156389873  0.011092377653  0.010079867183  0.029700244655  0.018278702802  0.029721094173  0.010079867183  0.010079867183  0.000000000000  0.004016789980  0.010095533058  0.007039439358  0.007039439358  0.007039439358  0.024455796599  0.033913511862  
lophura_inornata 0.081220096841  0.069966926566  0.040303297630  0.013134638802  0.012120047455  0.029700244655  0.020351892079  0.031837486814  0.012120047455  0.012120047455  0.004016789980  0.000000000000  0.012140252948  0.009068910334  0.009068910334  0.009068910334  0.026546692523  0.036043817495  
crossoptilon_crossoptilon 0.077811994994  0.064359279232  0.037112532682  0.009063025466  0.008053100337  0.027614008620  0.016226655532  0.027634147787  0.008053100337  0.008053100337  0.010095533058  0.012140252948  0.000000000000  0.005021585698  0.005021585698  0.005021585698  0.022386481022  0.031814202965  
lophura_nycthemera 0.072135022088  0.061040018458  0.031814202965  0.004011260081  0.003006956511  0.022400665794  0.011107013965  0.023459853218  0.003006956511  0.003006956511  0.007039439358  0.009068910334  0.005021585698  0.000000000000  0.000000000000  0.000000000000  0.017223729879  0.026563930491  
catreus_wallichi 0.072135022088  0.061040018458  0.031814202965  0.004011260081  0.003006956511  0.022400665794  0.011107013965  0.023459853218  0.003006956511  0.003006956511  0.007039439358  0.009068910334  0.005021585698  0.000000000000  0.000000000000  0.000000000000  0.017223729879  0.026563930491  
syrmaticus_ellioti 0.072135022088  0.061040018458  0.031814202965  0.004011260081  0.003006956511  0.022400665794  0.011107013965  0.023459853218  0.003006956511  0.003006956511  0.007039439358  0.009068910334  0.005021585698  0.000000000000  0.000000000000  0.000000000000  0.017223729879  0.026563930491  
galgal4    0.059921626061  0.046839777389  0.018278702802  0.017223729879  0.016203899530  0.032830833239  0.021360794174  0.034977480743  0.016203899530  0.016203899530  0.024455796599  0.026546692523  0.022386481022  0.017223729879  0.017223729879  0.017223729879  0.000000000000  0.009076435983  
alectoris_rufa 0.070023740037  0.056719263784  0.027655986658  0.026563930491  0.025533890447  0.040275285317  0.030778121972  0.042459868398  0.025533890447  0.025533890447  0.033913511862  0.036043817495  0.031814202965  0.026563930491  0.026563930491  0.026563930491  0.009076435983  0.000000000000  

