18
cyrtonyx_montezumae 0.000000000000  0.026677719373  0.020408828711  0.032016398406  0.026705235408  0.040595232028  0.035194243815  0.037347315817  0.026705235408  0.026705235408  0.026705235408  0.026705235408  0.026705235408  0.026705235408  0.023522770114  0.024597197168  0.026705235408  0.020408828711  
rollulus_rouloul 0.026677719373  0.000000000000  0.010095828477  0.021452482609  0.016256869226  0.029853647026  0.024572106041  0.028792656321  0.016256869226  0.016256869226  0.016256869226  0.016256869226  0.016256869226  0.016256869226  0.016241267971  0.014194346105  0.016256869226  0.010095828477  
galgal4    0.020408828711  0.010095828477  0.000000000000  0.015240588095  0.010106167848  0.023546656773  0.018328337452  0.022498421953  0.010106167848  0.010106167848  0.010106167848  0.010106167848  0.010106167848  0.010106167848  0.010095828477  0.008067754987  0.010106167848  0.004016843443  
catreus_wallichi 0.032016398406  0.021452482609  0.015240588095  0.000000000000  0.005026354931  0.018328337452  0.013166414882  0.017291480354  0.005026354931  0.005026354931  0.005026354931  0.005026354931  0.005026354931  0.005026354931  0.011117165499  0.007051801597  0.015240588095  0.011128645883  
syrmaticus_reevesii 0.026705235408  0.016256869226  0.010106167848  0.005026354931  0.000000000000  0.013166414882  0.008059683074  0.012140691167  0.000000000000  0.000000000000  0.000000000000  0.000000000000  0.000000000000  0.000000000000  0.006032180947  0.002004199061  0.010106167848  0.006038004623  
lophura_swinhoii 0.040595232028  0.029853647026  0.023546656773  0.018328337452  0.013166414882  0.000000000000  0.021430989085  0.025623752396  0.013166414882  0.013166414882  0.013166414882  0.013166414882  0.013166414882  0.013166414882  0.019348329066  0.015224494358  0.023546656773  0.019367450292  
chrysolophus_pictus 0.035194243815  0.024572106041  0.018328337452  0.013166414882  0.008059683074  0.021430989085  0.000000000000  0.008053248916  0.008059683074  0.008059683074  0.008059683074  0.008059683074  0.008059683074  0.008059683074  0.014181066233  0.010095828477  0.018328337452  0.014194346105  
perdix_dauuricae 0.037347315817  0.028792656321  0.022498421953  0.017291480354  0.012140691167  0.025623752396  0.008053248916  0.000000000000  0.012140691167  0.012140691167  0.012140691167  0.012140691167  0.012140691167  0.012140691167  0.018310394647  0.014194346105  0.022498421953  0.018328337452  
crossoptilon_crossoptilon 0.026705235408  0.016256869226  0.010106167848  0.005026354931  0.000000000000  0.013166414882  0.008059683074  0.012140691167  0.000000000000  0.000000000000  0.000000000000  0.000000000000  0.000000000000  0.000000000000  0.006032180947  0.002004199061  0.010106167848  0.006038004623  
melgal2    0.026705235408  0.016256869226  0.010106167848  0.005026354931  0.000000000000  0.013166414882  0.008059683074  0.012140691167  0.000000000000  0.000000000000  0.000000000000  0.000000000000  0.000000000000  0.000000000000  0.006032180947  0.002004199061  0.010106167848  0.006038004623  
lophura_nycthemera 0.026705235408  0.016256869226  0.010106167848  0.005026354931  0.000000000000  0.013166414882  0.008059683074  0.012140691167  0.000000000000  0.000000000000  0.000000000000  0.000000000000  0.000000000000  0.000000000000  0.006032180947  0.002004199061  0.010106167848  0.006038004623  
lophura_inornata 0.026705235408  0.016256869226  0.010106167848  0.005026354931  0.000000000000  0.013166414882  0.008059683074  0.012140691167  0.000000000000  0.000000000000  0.000000000000  0.000000000000  0.000000000000  0.000000000000  0.006032180947  0.002004199061  0.010106167848  0.006038004623  
phasianus_colchicus 0.026705235408  0.016256869226  0.010106167848  0.005026354931  0.000000000000  0.013166414882  0.008059683074  0.012140691167  0.000000000000  0.000000000000  0.000000000000  0.000000000000  0.000000000000  0.000000000000  0.006032180947  0.002004199061  0.010106167848  0.006038004623  
syrmaticus_ellioti 0.026705235408  0.016256869226  0.010106167848  0.005026354931  0.000000000000  0.013166414882  0.008059683074  0.012140691167  0.000000000000  0.000000000000  0.000000000000  0.000000000000  0.000000000000  0.000000000000  0.006032180947  0.002004199061  0.010106167848  0.006038004623  
lophophorus_impejanus 0.023522770114  0.016241267971  0.010095828477  0.011117165499  0.006032180947  0.019348329066  0.014181066233  0.018310394647  0.006032180947  0.006032180947  0.006032180947  0.006032180947  0.006032180947  0.006032180947  0.000000000000  0.004013249027  0.012140691167  0.006032180947  
tragopan_blythii 0.024597197168  0.014194346105  0.008067754987  0.007051801597  0.002004199061  0.015224494358  0.010095828477  0.014194346105  0.002004199061  0.002004199061  0.002004199061  0.002004199061  0.002004199061  0.002004199061  0.004013249027  0.000000000000  0.010106167848  0.004016843443  
pavo_cristatus 0.026705235408  0.016256869226  0.010106167848  0.015240588095  0.010106167848  0.023546656773  0.018328337452  0.022498421953  0.010106167848  0.010106167848  0.010106167848  0.010106167848  0.010106167848  0.010106167848  0.012140691167  0.010106167848  0.000000000000  0.006038004623  
alectoris_rufa 0.020408828711  0.010095828477  0.004016843443  0.011128645883  0.006038004623  0.019367450292  0.014194346105  0.018328337452  0.006038004623  0.006038004623  0.006038004623  0.006038004623  0.006038004623  0.006038004623  0.006032180947  0.004016843443  0.006038004623  0.000000000000  

