18
tragopan_blythii 0.000000000000  0.005026564820  0.011118004030  0.016258793164  0.017293677238  0.022479194253  0.017293677238  0.021455962872  0.017293677238  0.017293677238  0.017293677238  0.033094420178  0.016258793164  0.016228743938  0.019370250216  0.013167632346  0.016228743938  0.011118004030  
galgal4    0.005026564820  0.000000000000  0.006032385316  0.011118004030  0.012141710064  0.017276620312  0.012141710064  0.016258793164  0.012141710064  0.012141710064  0.012141710064  0.027768752399  0.011118004030  0.011099671368  0.014195780493  0.008060088178  0.011099671368  0.006032385316  
rollulus_rouloul 0.011118004030  0.006032385316  0.000000000000  0.009086561801  0.010107019429  0.015226164185  0.010107019429  0.014210967408  0.010107019429  0.010107019429  0.010107019429  0.025683596024  0.009086561801  0.009069509682  0.012154550781  0.006038307721  0.015187166527  0.010087658948  
syrmaticus_reevesii 0.016258793164  0.011118004030  0.009086561801  0.000000000000  0.001001056599  0.006032385316  0.001001056599  0.005026564820  0.001001056599  0.001001056599  0.001001056599  0.016276346761  0.000000000000  0.012130543623  0.013181643618  0.009086561801  0.018281157686  0.013155298015  
phasianus_colchicus 0.017293677238  0.012141710064  0.010107019429  0.001001056599  0.000000000000  0.005021778262  0.000000000000  0.004016977393  0.000000000000  0.000000000000  0.000000000000  0.015242531864  0.001001056599  0.013155298015  0.014210967408  0.010107019429  0.019316993460  0.014182273202  
perdix_dauuricae 0.022479194253  0.017276620312  0.015226164185  0.006032385316  0.005021778262  0.000000000000  0.005021778262  0.009077202549  0.005021778262  0.005021778262  0.005021778262  0.020411959059  0.006032385316  0.018296018627  0.019370250216  0.015226164185  0.024510025491  0.019333047701  
syrmaticus_ellioti 0.017293677238  0.012141710064  0.010107019429  0.001001056599  0.000000000000  0.005021778262  0.000000000000  0.004016977393  0.000000000000  0.000000000000  0.000000000000  0.015242531864  0.001001056599  0.013155298015  0.014210967408  0.010107019429  0.019316993460  0.014182273202  
catreus_wallichi 0.021455962872  0.016258793164  0.014210967408  0.005026564820  0.004016977393  0.009077202549  0.004016977393  0.000000000000  0.004016977393  0.004016977393  0.004016977393  0.017312421941  0.005026564820  0.017276620312  0.018350767308  0.014210967408  0.023483127898  0.018312575775  
lophura_inornata 0.017293677238  0.012141710064  0.010107019429  0.001001056599  0.000000000000  0.005021778262  0.000000000000  0.004016977393  0.000000000000  0.000000000000  0.000000000000  0.015242531864  0.001001056599  0.013155298015  0.014210967408  0.010107019429  0.019316993460  0.014182273202  
lophura_nycthemera 0.017293677238  0.012141710064  0.010107019429  0.001001056599  0.000000000000  0.005021778262  0.000000000000  0.004016977393  0.000000000000  0.000000000000  0.000000000000  0.015242531864  0.001001056599  0.013155298015  0.014210967408  0.010107019429  0.019316993460  0.014182273202  
lophura_swinhoii 0.017293677238  0.012141710064  0.010107019429  0.001001056599  0.000000000000  0.005021778262  0.000000000000  0.004016977393  0.000000000000  0.000000000000  0.000000000000  0.015242531864  0.001001056599  0.013155298015  0.014210967408  0.010107019429  0.019316993460  0.014182273202  
crossoptilon_crossoptilon 0.033094420178  0.027768752399  0.025683596024  0.016276346761  0.015242531864  0.020411959059  0.015242531864  0.017312421941  0.015242531864  0.015242531864  0.015242531864  0.000000000000  0.016276346761  0.028798628387  0.029925298118  0.025683596024  0.035132528442  0.029860109374  
chrysolophus_pictus 0.016258793164  0.011118004030  0.009086561801  0.000000000000  0.001001056599  0.006032385316  0.001001056599  0.005026564820  0.001001056599  0.001001056599  0.001001056599  0.016276346761  0.000000000000  0.012130543623  0.013181643618  0.009086561801  0.018281157686  0.013155298015  
melgal2    0.016228743938  0.011099671368  0.009069509682  0.012130543623  0.013155298015  0.018296018627  0.013155298015  0.017276620312  0.013155298015  0.013155298015  0.013155298015  0.028798628387  0.012130543623  0.000000000000  0.017276620312  0.011108000441  0.020325709496  0.015187166527  
lophophorus_impejanus 0.019370250216  0.014195780493  0.012154550781  0.013181643618  0.014210967408  0.019370250216  0.014210967408  0.018350767308  0.014210967408  0.014210967408  0.014210967408  0.029925298118  0.013181643618  0.017276620312  0.000000000000  0.008068296899  0.021395482385  0.016242924609  
cyrtonyx_montezumae 0.013167632346  0.008060088178  0.006038307721  0.009086561801  0.010107019429  0.015226164185  0.010107019429  0.014210967408  0.010107019429  0.010107019429  0.010107019429  0.025683596024  0.009086561801  0.011108000441  0.008068296899  0.000000000000  0.015187166527  0.010087658948  
pavo_cristatus 0.016228743938  0.011099671368  0.015187166527  0.018281157686  0.019316993460  0.024510025491  0.019316993460  0.023483127898  0.019316993460  0.019316993460  0.019316993460  0.035132528442  0.018281157686  0.020325709496  0.021395482385  0.015187166527  0.000000000000  0.005018647800  
alectoris_rufa 0.011118004030  0.006032385316  0.010087658948  0.013155298015  0.014182273202  0.019333047701  0.014182273202  0.018312575775  0.014182273202  0.014182273202  0.014182273202  0.029860109374  0.013155298015  0.015187166527  0.016242924609  0.010087658948  0.005018647800  0.000000000000  

