18
cyrtonyx_montezumae 0.000000000000  0.007033381224  0.007033381224  0.007033381224  0.010069759903  0.007033381224  0.025434106883  0.018223814515  0.018223814515  0.018223814515  0.018223814515  0.018223814515  0.012104552641  0.007033381224  0.007033381224  0.014141702604  0.016199363426  0.009055545045  
lophura_swinhoii 0.007033381224  0.000000000000  0.000000000000  0.000000000000  0.003006810439  0.000000000000  0.019251707563  0.012100646696  0.012100646696  0.012100646696  0.012100646696  0.012100646696  0.005021013296  0.000000000000  0.000000000000  0.007038528697  0.009074134672  0.004010852780  
crossoptilon_crossoptilon 0.007033381224  0.000000000000  0.000000000000  0.000000000000  0.003006810439  0.000000000000  0.019251707563  0.012100646696  0.012100646696  0.012100646696  0.012100646696  0.012100646696  0.005021013296  0.000000000000  0.000000000000  0.007038528697  0.009074134672  0.004010852780  
tragopan_blythii 0.007033381224  0.000000000000  0.000000000000  0.000000000000  0.003006810439  0.000000000000  0.019251707563  0.012100646696  0.012100646696  0.012100646696  0.012100646696  0.012100646696  0.005021013296  0.000000000000  0.000000000000  0.007038528697  0.009074134672  0.004010852780  
perdix_dauuricae 0.010069759903  0.003006810439  0.003006810439  0.003006810439  0.000000000000  0.003006810439  0.021308323444  0.015159876503  0.015159876503  0.015159876503  0.015159876503  0.015159876503  0.008051794221  0.003006810439  0.003006810439  0.010078063108  0.012125692162  0.007033381224  
syrmaticus_ellioti 0.007033381224  0.000000000000  0.000000000000  0.000000000000  0.003006810439  0.000000000000  0.019251707563  0.012100646696  0.012100646696  0.012100646696  0.012100646696  0.012100646696  0.005021013296  0.000000000000  0.000000000000  0.007038528697  0.009074134672  0.004010852780  
phasianus_colchicus 0.025434106883  0.019251707563  0.019251707563  0.019251707563  0.021308323444  0.019251707563  0.000000000000  0.007033381224  0.007033381224  0.007033381224  0.007033381224  0.007033381224  0.024414521039  0.019251707563  0.019251707563  0.024407277352  0.026496183678  0.023366279083  
catreus_wallichi 0.018223814515  0.012100646696  0.012100646696  0.012100646696  0.015159876503  0.012100646696  0.007033381224  0.000000000000  0.000000000000  0.000000000000  0.000000000000  0.000000000000  0.017211470174  0.012100646696  0.012100646696  0.019263363037  0.021340302568  0.016176210910  
lophura_nycthemera 0.018223814515  0.012100646696  0.012100646696  0.012100646696  0.015159876503  0.012100646696  0.007033381224  0.000000000000  0.000000000000  0.000000000000  0.000000000000  0.000000000000  0.017211470174  0.012100646696  0.012100646696  0.019263363037  0.021340302568  0.016176210910  
chrysolophus_pictus 0.018223814515  0.012100646696  0.012100646696  0.012100646696  0.015159876503  0.012100646696  0.007033381224  0.000000000000  0.000000000000  0.000000000000  0.000000000000  0.000000000000  0.017211470174  0.012100646696  0.012100646696  0.019263363037  0.021340302568  0.016176210910  
syrmaticus_reevesii 0.018223814515  0.012100646696  0.012100646696  0.012100646696  0.015159876503  0.012100646696  0.007033381224  0.000000000000  0.000000000000  0.000000000000  0.000000000000  0.000000000000  0.017211470174  0.012100646696  0.012100646696  0.019263363037  0.021340302568  0.016176210910  
lophura_inornata 0.018223814515  0.012100646696  0.012100646696  0.012100646696  0.015159876503  0.012100646696  0.007033381224  0.000000000000  0.000000000000  0.000000000000  0.000000000000  0.000000000000  0.017211470174  0.012100646696  0.012100646696  0.019263363037  0.021340302568  0.016176210910  
melgal2    0.012104552641  0.005021013296  0.005021013296  0.005021013296  0.008051794221  0.005021013296  0.024414521039  0.017211470174  0.017211470174  0.017211470174  0.017211470174  0.017211470174  0.000000000000  0.005021013296  0.005021013296  0.012117078470  0.014175263166  0.009057807648  
pavo_cristatus 0.007033381224  0.000000000000  0.000000000000  0.000000000000  0.003006810439  0.000000000000  0.019251707563  0.012100646696  0.012100646696  0.012100646696  0.012100646696  0.012100646696  0.005021013296  0.000000000000  0.000000000000  0.007038528697  0.009074134672  0.004010852780  
lophophorus_impejanus 0.007033381224  0.000000000000  0.000000000000  0.000000000000  0.003006810439  0.000000000000  0.019251707563  0.012100646696  0.012100646696  0.012100646696  0.012100646696  0.012100646696  0.005021013296  0.000000000000  0.000000000000  0.007038528697  0.009074134672  0.004010852780  
galgal4    0.014141702604  0.007038528697  0.007038528697  0.007038528697  0.010078063108  0.007038528697  0.024407277352  0.019263363037  0.019263363037  0.019263363037  0.019263363037  0.019263363037  0.012117078470  0.007038528697  0.007038528697  0.000000000000  0.004012889027  0.011086112413  
rollulus_rouloul 0.016199363426  0.009074134672  0.009074134672  0.009074134672  0.012125692162  0.009074134672  0.026496183678  0.021340302568  0.021340302568  0.021340302568  0.021340302568  0.021340302568  0.014175263166  0.009074134672  0.009074134672  0.004012889027  0.000000000000  0.013131628560  
alectoris_rufa 0.009055545045  0.004010852780  0.004010852780  0.004010852780  0.007033381224  0.004010852780  0.023366279083  0.016176210910  0.016176210910  0.016176210910  0.016176210910  0.016176210910  0.009057807648  0.004010852780  0.004010852780  0.011086112413  0.013131628560  0.000000000000  

