18
rollulus_rouloul 0.000000000000  0.013145981735  0.005021983399  0.008049061663  0.016245416832  0.006032700436  0.006032700436  0.008060697712  0.009070154462  0.007040097596  0.007045602052  0.007045602052  0.007045602052  0.007045602052  0.010097509324  0.010097509324  0.005021983399  0.027645886869  
perdix_dauuricae 0.013145981735  0.000000000000  0.008054026778  0.013136843654  0.019336374715  0.009070154462  0.009070154462  0.011109043617  0.013145981735  0.011100556676  0.010088490203  0.010088490203  0.010088490203  0.010088490203  0.013156842250  0.013156842250  0.008054026778  0.041437921433  
phasianus_colchicus 0.005021983399  0.008054026778  0.000000000000  0.005018796825  0.011119244516  0.001001068462  0.001001068462  0.003009643655  0.005021983399  0.003007065510  0.002004279949  0.002004279949  0.002004279949  0.002004279949  0.005026864804  0.005026864804  0.000000000000  0.032916032488  
cyrtonyx_montezumae 0.008049061663  0.013136843654  0.005018796825  0.000000000000  0.014172051909  0.004011406436  0.004011406436  0.006028357422  0.008049061663  0.006025714888  0.007040097596  0.007040097596  0.007040097596  0.007040097596  0.010088490203  0.010088490203  0.005018796825  0.036062555623  
catreus_wallichi 0.016245416832  0.019336374715  0.011119244516  0.014172051909  0.000000000000  0.010097509324  0.010097509324  0.012143212228  0.014184107021  0.012131824385  0.013169422239  0.013169422239  0.013169422239  0.013169422239  0.016261604806  0.016261604806  0.011119244516  0.044731193523  
tragopan_blythii 0.006032700436  0.009070154462  0.001001068462  0.004011406436  0.010097509324  0.000000000000  0.000000000000  0.002004279949  0.004013441537  0.002002846033  0.003009643655  0.003009643655  0.003009643655  0.003009643655  0.006038740935  0.006038740935  0.001001068462  0.033981469749  
galgal4    0.006032700436  0.009070154462  0.001001068462  0.004011406436  0.010097509324  0.000000000000  0.000000000000  0.002004279949  0.004013441537  0.002002846033  0.003009643655  0.003009643655  0.003009643655  0.003009643655  0.006038740935  0.006038740935  0.001001068462  0.033981469749  
pavo_cristatus 0.008060697712  0.011109043617  0.003009643655  0.006028357422  0.012143212228  0.002004279949  0.002004279949  0.000000000000  0.006032700436  0.004013441537  0.005026864804  0.005026864804  0.005026864804  0.005026864804  0.008069071487  0.008069071487  0.003009643655  0.036119638798  
melgal2    0.009070154462  0.013145981735  0.005021983399  0.008049061663  0.014184107021  0.004013441537  0.004013441537  0.006032700436  0.000000000000  0.002004279949  0.007045602052  0.007045602052  0.007045602052  0.007045602052  0.010097509324  0.010097509324  0.005021983399  0.037161647524  
lophophorus_impejanus 0.007040097596  0.011100556676  0.003007065510  0.006025714888  0.012131824385  0.002002846033  0.002002846033  0.004013441537  0.002004279949  0.000000000000  0.005021983399  0.005021983399  0.005021983399  0.005021983399  0.008060697712  0.008060697712  0.003007065510  0.035021188903  
syrmaticus_ellioti 0.007045602052  0.010088490203  0.002004279949  0.007040097596  0.013169422239  0.003009643655  0.003009643655  0.005026864804  0.007045602052  0.005021983399  0.000000000000  0.000000000000  0.000000000000  0.000000000000  0.003009643655  0.003009643655  0.002004279949  0.032916032488  
chrysolophus_pictus 0.007045602052  0.010088490203  0.002004279949  0.007040097596  0.013169422239  0.003009643655  0.003009643655  0.005026864804  0.007045602052  0.005021983399  0.000000000000  0.000000000000  0.000000000000  0.000000000000  0.003009643655  0.003009643655  0.002004279949  0.032916032488  
lophura_swinhoii 0.007045602052  0.010088490203  0.002004279949  0.007040097596  0.013169422239  0.003009643655  0.003009643655  0.005026864804  0.007045602052  0.005021983399  0.000000000000  0.000000000000  0.000000000000  0.000000000000  0.003009643655  0.003009643655  0.002004279949  0.032916032488  
syrmaticus_reevesii 0.007045602052  0.010088490203  0.002004279949  0.007040097596  0.013169422239  0.003009643655  0.003009643655  0.005026864804  0.007045602052  0.005021983399  0.000000000000  0.000000000000  0.000000000000  0.000000000000  0.003009643655  0.003009643655  0.002004279949  0.032916032488  
crossoptilon_crossoptilon 0.010097509324  0.013156842250  0.005026864804  0.010088490203  0.016261604806  0.006038740935  0.006038740935  0.008069071487  0.010097509324  0.008060697712  0.003009643655  0.003009643655  0.003009643655  0.003009643655  0.000000000000  0.000000000000  0.005026864804  0.035049334822  
lophura_nycthemera 0.010097509324  0.013156842250  0.005026864804  0.010088490203  0.016261604806  0.006038740935  0.006038740935  0.008069071487  0.010097509324  0.008060697712  0.003009643655  0.003009643655  0.003009643655  0.003009643655  0.000000000000  0.000000000000  0.005026864804  0.035049334822  
lophura_inornata 0.005021983399  0.008054026778  0.000000000000  0.005018796825  0.011119244516  0.001001068462  0.001001068462  0.003009643655  0.005021983399  0.003007065510  0.002004279949  0.002004279949  0.002004279949  0.002004279949  0.005026864804  0.005026864804  0.000000000000  0.032916032488  
alectoris_rufa 0.027645886869  0.041437921433  0.032916032488  0.036062555623  0.044731193523  0.033981469749  0.033981469749  0.036119638798  0.037161647524  0.035021188903  0.032916032488  0.032916032488  0.032916032488  0.032916032488  0.035049334822  0.035049334822  0.032916032488  0.000000000000  

