18
lophura_swinhoii 0.000000000000  0.010094204308  0.007044136696  0.018252436290  0.017270101463  0.031827653928  0.004016533587  0.006037303541  0.004016533587  0.051117709689  0.012118747407  0.014166973883  0.004016533587  0.004016533587  0.013141782805  0.010085839628  0.006031681825  0.031707009878  
galgal4    0.010094204308  0.000000000000  0.003009287331  0.021344743783  0.019325585131  0.033926865665  0.006031681825  0.008058702842  0.006031681825  0.053278105332  0.014157459984  0.016212108816  0.006031681825  0.006031681825  0.015183699791  0.012118747407  0.008052528754  0.033801675007  
syrmaticus_reevesii 0.007044136696  0.003009287331  0.000000000000  0.018243414254  0.016223859550  0.030747960675  0.003006897444  0.005021329459  0.003006897444  0.049984871787  0.011091664850  0.013133380265  0.003006897444  0.003006897444  0.012111451560  0.009062485106  0.005018407194  0.030647535817  
melgal2    0.018252436290  0.021344743783  0.018243414254  0.000000000000  0.024451791271  0.041336690613  0.015167395962  0.017221914445  0.015167395962  0.061944636151  0.022360842473  0.025481867341  0.015167395962  0.015167395962  0.024439299594  0.021333999611  0.017214015349  0.043297417285  
pavo_cristatus 0.017270101463  0.019325585131  0.016223859550  0.024451791271  0.000000000000  0.039242556417  0.013151828265  0.015206607462  0.013151828265  0.061002650618  0.021371255164  0.023454429333  0.013151828265  0.013151828265  0.022411727314  0.019310443399  0.015194329744  0.041222498631  
rollulus_rouloul 0.031827653928  0.033926865665  0.030747960675  0.041336690613  0.039242556417  0.000000000000  0.027607347393  0.029712924669  0.027607347393  0.073281135973  0.034944374217  0.036008571713  0.027607347393  0.027607347393  0.037075102045  0.033903826031  0.029692924616  0.054088399886  
phasianus_colchicus 0.004016533587  0.006031681825  0.003006897444  0.015167395962  0.013151828265  0.027607347393  0.000000000000  0.002004122026  0.000000000000  0.046746296720  0.008047982526  0.010079107519  0.000000000000  0.000000000000  0.009062485106  0.006027680123  0.002002800527  0.027519442102  
lophura_inornata 0.006037303541  0.008058702842  0.005021329459  0.017221914445  0.015206607462  0.029712924669  0.002004122026  0.000000000000  0.002004122026  0.048927093665  0.010079107519  0.012118747407  0.002004122026  0.002004122026  0.011097858641  0.008052528754  0.004013070886  0.029608720719  
crossoptilon_crossoptilon 0.004016533587  0.006031681825  0.003006897444  0.015167395962  0.013151828265  0.027607347393  0.000000000000  0.002004122026  0.000000000000  0.046746296720  0.008047982526  0.010079107519  0.000000000000  0.000000000000  0.009062485106  0.006027680123  0.002002800527  0.027519442102  
cyrtonyx_montezumae 0.051117709689  0.053278105332  0.049984871787  0.061944636151  0.061002650618  0.073281135973  0.046746296720  0.048927093665  0.046746296720  0.000000000000  0.042443107379  0.057618771470  0.046746296720  0.046746296720  0.056511109090  0.053239750606  0.048892062315  0.074068946362  
catreus_wallichi 0.012118747407  0.014157459984  0.011091664850  0.022360842473  0.021371255164  0.034944374217  0.008047982526  0.010079107519  0.008047982526  0.042443107379  0.000000000000  0.018252436290  0.008047982526  0.008047982526  0.017221914445  0.014149594616  0.010074011175  0.035890907910  
perdix_dauuricae 0.014166973883  0.016212108816  0.013133380265  0.025481867341  0.023454429333  0.036008571713  0.010079107519  0.012118747407  0.010079107519  0.057618771470  0.018252436290  0.000000000000  0.010079107519  0.010079107519  0.019285145514  0.016202011473  0.012111451560  0.038009549812  
lophura_nycthemera 0.004016533587  0.006031681825  0.003006897444  0.015167395962  0.013151828265  0.027607347393  0.000000000000  0.002004122026  0.000000000000  0.046746296720  0.008047982526  0.010079107519  0.000000000000  0.000000000000  0.009062485106  0.006027680123  0.002002800527  0.027519442102  
syrmaticus_ellioti 0.004016533587  0.006031681825  0.003006897444  0.015167395962  0.013151828265  0.027607347393  0.000000000000  0.002004122026  0.000000000000  0.046746296720  0.008047982526  0.010079107519  0.000000000000  0.000000000000  0.009062485106  0.006027680123  0.002002800527  0.027519442102  
chrysolophus_pictus 0.013141782805  0.015183699791  0.012111451560  0.024439299594  0.022411727314  0.037075102045  0.009062485106  0.011097858641  0.009062485106  0.056511109090  0.017221914445  0.019285145514  0.009062485106  0.009062485106  0.000000000000  0.015174720790  0.011091664850  0.034835036618  
tragopan_blythii 0.010085839628  0.012118747407  0.009062485106  0.021333999611  0.019310443399  0.033903826031  0.006027680123  0.008052528754  0.006027680123  0.053239750606  0.014149594616  0.016202011473  0.006027680123  0.006027680123  0.015174720790  0.000000000000  0.006025301630  0.031688008150  
lophophorus_impejanus 0.006031681825  0.008052528754  0.005018407194  0.017214015349  0.015194329744  0.029692924616  0.002002800527  0.004013070886  0.002002800527  0.048892062315  0.010074011175  0.012111451560  0.002002800527  0.002002800527  0.011091664850  0.006025301630  0.000000000000  0.025444246890  
alectoris_rufa 0.031707009878  0.033801675007  0.030647535817  0.043297417285  0.041222498631  0.054088399886  0.027519442102  0.029608720719  0.027519442102  0.074068946362  0.035890907910  0.038009549812  0.027519442102  0.027519442102  0.034835036618  0.031688008150  0.025444246890  0.000000000000  

