18
cyrtonyx_montezumae 0.000000000000  0.008070682192  0.009079601698  0.005027488507  0.012146278455  0.005027488507  0.005027488507  0.005027488507  0.005027488507  0.005027488507  0.005027488507  0.005027488507  0.010090086001  0.005027488507  0.003009866889  0.003009866889  0.003009866889  0.006028743410  
catreus_wallichi 0.008070682192  0.000000000000  0.007046497368  0.003009866889  0.010099547801  0.003009866889  0.003009866889  0.003009866889  0.003009866889  0.003009866889  0.003009866889  0.003009866889  0.008054913652  0.003009866889  0.005027488507  0.005027488507  0.005027488507  0.014187759497  
tragopan_blythii 0.009079601698  0.007046497368  0.000000000000  0.004013660872  0.011111073033  0.004013660872  0.004013660872  0.004013660872  0.004013660872  0.004013660872  0.004013660872  0.004013660872  0.009064895878  0.004013660872  0.006033319116  0.006033319116  0.006033319116  0.015204014305  
syrmaticus_reevesii 0.005027488507  0.003009866889  0.004013660872  0.000000000000  0.007046497368  0.000000000000  0.000000000000  0.000000000000  0.000000000000  0.000000000000  0.000000000000  0.000000000000  0.005019009261  0.000000000000  0.002004378877  0.002004378877  0.002004378877  0.011111073033  
perdix_dauuricae 0.012146278455  0.010099547801  0.011111073033  0.007046497368  0.000000000000  0.007046497368  0.007046497368  0.007046497368  0.007046497368  0.007046497368  0.007046497368  0.007046497368  0.012124170545  0.007046497368  0.009079601698  0.009079601698  0.009079601698  0.018304705625  
syrmaticus_ellioti 0.005027488507  0.003009866889  0.004013660872  0.000000000000  0.007046497368  0.000000000000  0.000000000000  0.000000000000  0.000000000000  0.000000000000  0.000000000000  0.000000000000  0.005019009261  0.000000000000  0.002004378877  0.002004378877  0.002004378877  0.011111073033  
lophophorus_impejanus 0.005027488507  0.003009866889  0.004013660872  0.000000000000  0.007046497368  0.000000000000  0.000000000000  0.000000000000  0.000000000000  0.000000000000  0.000000000000  0.000000000000  0.005019009261  0.000000000000  0.002004378877  0.002004378877  0.002004378877  0.011111073033  
lophura_inornata 0.005027488507  0.003009866889  0.004013660872  0.000000000000  0.007046497368  0.000000000000  0.000000000000  0.000000000000  0.000000000000  0.000000000000  0.000000000000  0.000000000000  0.005019009261  0.000000000000  0.002004378877  0.002004378877  0.002004378877  0.011111073033  
phasianus_colchicus 0.005027488507  0.003009866889  0.004013660872  0.000000000000  0.007046497368  0.000000000000  0.000000000000  0.000000000000  0.000000000000  0.000000000000  0.000000000000  0.000000000000  0.005019009261  0.000000000000  0.002004378877  0.002004378877  0.002004378877  0.011111073033  
lophura_swinhoii 0.005027488507  0.003009866889  0.004013660872  0.000000000000  0.007046497368  0.000000000000  0.000000000000  0.000000000000  0.000000000000  0.000000000000  0.000000000000  0.000000000000  0.005019009261  0.000000000000  0.002004378877  0.002004378877  0.002004378877  0.011111073033  
crossoptilon_crossoptilon 0.005027488507  0.003009866889  0.004013660872  0.000000000000  0.007046497368  0.000000000000  0.000000000000  0.000000000000  0.000000000000  0.000000000000  0.000000000000  0.000000000000  0.005019009261  0.000000000000  0.002004378877  0.002004378877  0.002004378877  0.011111073033  
chrysolophus_pictus 0.005027488507  0.003009866889  0.004013660872  0.000000000000  0.007046497368  0.000000000000  0.000000000000  0.000000000000  0.000000000000  0.000000000000  0.000000000000  0.000000000000  0.005019009261  0.000000000000  0.002004378877  0.002004378877  0.002004378877  0.011111073033  
melgal2    0.010090086001  0.008054913652  0.009064895878  0.005019009261  0.012124170545  0.005019009261  0.005019009261  0.005019009261  0.005019009261  0.005019009261  0.005019009261  0.005019009261  0.000000000000  0.005019009261  0.007040708248  0.007040708248  0.007040708248  0.014164211093  
lophura_nycthemera 0.005027488507  0.003009866889  0.004013660872  0.000000000000  0.007046497368  0.000000000000  0.000000000000  0.000000000000  0.000000000000  0.000000000000  0.000000000000  0.000000000000  0.005019009261  0.000000000000  0.002004378877  0.002004378877  0.002004378877  0.011111073033  
galgal4    0.003009866889  0.005027488507  0.006033319116  0.002004378877  0.009079601698  0.002004378877  0.002004378877  0.002004378877  0.002004378877  0.002004378877  0.002004378877  0.002004378877  0.007040708248  0.002004378877  0.000000000000  0.000000000000  0.000000000000  0.009071369567  
pavo_cristatus 0.003009866889  0.005027488507  0.006033319116  0.002004378877  0.009079601698  0.002004378877  0.002004378877  0.002004378877  0.002004378877  0.002004378877  0.002004378877  0.002004378877  0.007040708248  0.002004378877  0.000000000000  0.000000000000  0.000000000000  0.009071369567  
rollulus_rouloul 0.003009866889  0.005027488507  0.006033319116  0.002004378877  0.009079601698  0.002004378877  0.002004378877  0.002004378877  0.002004378877  0.002004378877  0.002004378877  0.002004378877  0.007040708248  0.002004378877  0.000000000000  0.000000000000  0.000000000000  0.009071369567  
alectoris_rufa 0.006028743410  0.014187759497  0.015204014305  0.011111073033  0.018304705625  0.011111073033  0.011111073033  0.011111073033  0.011111073033  0.011111073033  0.011111073033  0.011111073033  0.014164211093  0.011111073033  0.009071369567  0.009071369567  0.009071369567  0.000000000000  

