18
cyrtonyx_montezumae 0.000000000000  0.030948261136  0.013173878549  0.017266154334  0.025627770352  0.019355120384  0.025627770352  0.019355120384  0.019355120384  0.019355120384  0.019355120384  0.021437178175  0.021437178175  0.024553395862  0.027709665636  0.024553395862  0.024553395862  0.009074290725  
rollulus_rouloul 0.030948261136  0.000000000000  0.025653877191  0.038378431065  0.047130393785  0.040580897103  0.047130393785  0.040580897103  0.040580897103  0.040580897103  0.040580897103  0.042754441504  0.042754441504  0.045985885052  0.047082278282  0.045985885052  0.045985885052  0.029854167547  
galgal4    0.013173878549  0.025653877191  0.000000000000  0.022460349262  0.028794178050  0.022481502658  0.028794178050  0.022481502658  0.022481502658  0.022481502658  0.022481502658  0.024576789348  0.024576789348  0.027709665636  0.030886204080  0.027709665636  0.029825089789  0.012136166223  
pavo_cristatus 0.017266154334  0.038378431065  0.022460349262  0.000000000000  0.018317368633  0.012136166223  0.018317368633  0.012136166223  0.012136166223  0.012136166223  0.012136166223  0.014187996772  0.014187996772  0.017266154334  0.018300639111  0.019337291858  0.019337291858  0.010092811488  
lophura_inornata 0.025627770352  0.047130393785  0.028794178050  0.018317368633  0.000000000000  0.006036685787  0.012147953032  0.006036685787  0.006036685787  0.006036685787  0.006036685787  0.008065397315  0.008065397315  0.015217112508  0.024576789348  0.023528036592  0.023528036592  0.016264483913  
crossoptilon_crossoptilon 0.019355120384  0.040580897103  0.022481502658  0.012136166223  0.006036685787  0.000000000000  0.006036685787  0.000000000000  0.000000000000  0.000000000000  0.000000000000  0.002004054135  0.002004054135  0.009074290725  0.018317368633  0.017281789445  0.017281789445  0.010102463365  
catreus_wallichi 0.025627770352  0.047130393785  0.028794178050  0.018317368633  0.012147953032  0.006036685787  0.000000000000  0.006036685787  0.006036685787  0.006036685787  0.006036685787  0.008065397315  0.008065397315  0.015217112508  0.022481502658  0.021437178175  0.023528036592  0.016264483913  
lophura_swinhoii 0.019355120384  0.040580897103  0.022481502658  0.012136166223  0.006036685787  0.000000000000  0.006036685787  0.000000000000  0.000000000000  0.000000000000  0.000000000000  0.002004054135  0.002004054135  0.009074290725  0.018317368633  0.017281789445  0.017281789445  0.010102463365  
lophura_nycthemera 0.019355120384  0.040580897103  0.022481502658  0.012136166223  0.006036685787  0.000000000000  0.006036685787  0.000000000000  0.000000000000  0.000000000000  0.000000000000  0.002004054135  0.002004054135  0.009074290725  0.018317368633  0.017281789445  0.017281789445  0.010102463365  
chrysolophus_pictus 0.019355120384  0.040580897103  0.022481502658  0.012136166223  0.006036685787  0.000000000000  0.006036685787  0.000000000000  0.000000000000  0.000000000000  0.000000000000  0.002004054135  0.002004054135  0.009074290725  0.018317368633  0.017281789445  0.017281789445  0.010102463365  
phasianus_colchicus 0.019355120384  0.040580897103  0.022481502658  0.012136166223  0.006036685787  0.000000000000  0.006036685787  0.000000000000  0.000000000000  0.000000000000  0.000000000000  0.002004054135  0.002004054135  0.009074290725  0.018317368633  0.017281789445  0.017281789445  0.010102463365  
syrmaticus_ellioti 0.021437178175  0.042754441504  0.024576789348  0.014187996772  0.008065397315  0.002004054135  0.008065397315  0.002004054135  0.002004054135  0.002004054135  0.002004054135  0.000000000000  0.004016260532  0.011113433758  0.019355120384  0.019355120384  0.019355120384  0.012147953032  
syrmaticus_reevesii 0.021437178175  0.042754441504  0.024576789348  0.014187996772  0.008065397315  0.002004054135  0.008065397315  0.002004054135  0.002004054135  0.002004054135  0.002004054135  0.004016260532  0.000000000000  0.011113433758  0.020395053834  0.019355120384  0.019355120384  0.012147953032  
lophophorus_impejanus 0.024553395862  0.045985885052  0.027709665636  0.017266154334  0.015217112508  0.009074290725  0.015217112508  0.009074290725  0.009074290725  0.009074290725  0.009074290725  0.011113433758  0.011113433758  0.000000000000  0.023505765523  0.022460349262  0.022460349262  0.015217112508  
melgal2    0.027709665636  0.047082278282  0.030886204080  0.018300639111  0.024576789348  0.018317368633  0.022481502658  0.018317368633  0.018317368633  0.018317368633  0.018317368633  0.019355120384  0.020395053834  0.023505765523  0.000000000000  0.015203652548  0.025603249679  0.018317368633  
tragopan_blythii 0.024553395862  0.045985885052  0.027709665636  0.019337291858  0.023528036592  0.017281789445  0.021437178175  0.017281789445  0.017281789445  0.017281789445  0.017281789445  0.019355120384  0.019355120384  0.022460349262  0.015203652548  0.000000000000  0.024553395862  0.017281789445  
perdix_dauuricae 0.024553395862  0.045985885052  0.029825089789  0.019337291858  0.023528036592  0.017281789445  0.023528036592  0.017281789445  0.017281789445  0.017281789445  0.017281789445  0.019355120384  0.019355120384  0.022460349262  0.025603249679  0.024553395862  0.000000000000  0.017281789445  
alectoris_rufa 0.009074290725  0.029854167547  0.012136166223  0.010092811488  0.016264483913  0.010102463365  0.016264483913  0.010102463365  0.010102463365  0.010102463365  0.010102463365  0.012147953032  0.012147953032  0.015217112508  0.018317368633  0.017281789445  0.017281789445  0.000000000000  

