18
cyrtonyx_montezumae 0.000000000000  0.013132106656  0.015181830567  0.030760756945  0.044529176517  0.035998325536  0.042427379062  0.047782415804  0.035998325536  0.035998325536  0.047782415804  0.041322796687  0.046695617751  0.049867852106  0.038132049566  0.037064034205  0.038086346156  0.035976972908  
lophophorus_impejanus 0.013132106656  0.000000000000  0.006036777702  0.021399514558  0.036046044828  0.027619782502  0.033966563029  0.039257157760  0.027619782502  0.027619782502  0.039257157760  0.032878559766  0.038184463214  0.041322796687  0.029726318376  0.028671926298  0.028633728752  0.026552226563  
galgal4    0.015181830567  0.006036777702  0.000000000000  0.023486109705  0.036046044828  0.027619782502  0.033966563029  0.039257157760  0.027619782502  0.027619782502  0.039257157760  0.032878559766  0.038184463214  0.041322796687  0.029726318376  0.028671926298  0.028633728752  0.026552226563  
pavo_cristatus 0.030760756945  0.021399514558  0.023486109705  0.000000000000  0.054394141216  0.045707331697  0.052271921863  0.057716807783  0.045707331697  0.045707331697  0.057716807783  0.051131865008  0.056606764384  0.059810086826  0.047885838912  0.046795383037  0.044558313627  0.044589147277  
melgal2    0.044529176517  0.036046044828  0.036046044828  0.054394141216  0.000000000000  0.016234323338  0.022423668826  0.025560148318  0.014175983550  0.014175983550  0.024512438377  0.019321705950  0.024512438377  0.027600998785  0.016234323338  0.015204080154  0.035998325536  0.036021350573  
phasianus_colchicus 0.035998325536  0.027619782502  0.027619782502  0.045707331697  0.016234323338  0.000000000000  0.016234323338  0.019338022489  0.008065561616  0.008065561616  0.019338022489  0.013161376087  0.018301285439  0.019293908992  0.010102721498  0.009083090240  0.027583857884  0.029705254409  
tragopan_blythii 0.042427379062  0.033966563029  0.033966563029  0.052271921863  0.022423668826  0.016234323338  0.000000000000  0.019307000407  0.008051986115  0.008051986115  0.019307000407  0.013140267076  0.016209894365  0.021341544109  0.010084885249  0.009067388759  0.033916853887  0.036072405139  
syrmaticus_reevesii 0.047782415804  0.039257157760  0.039257157760  0.057716807783  0.025560148318  0.019338022489  0.019307000407  0.000000000000  0.011104484239  0.011104484239  0.022423668826  0.016221306859  0.021382590501  0.024461345919  0.013150024601  0.012126194436  0.039202381628  0.040302775116  
lophura_nycthemera 0.035998325536  0.027619782502  0.027619782502  0.045707331697  0.014175983550  0.008065561616  0.008051986115  0.011104484239  0.000000000000  0.000000000000  0.011104484239  0.005021093896  0.010084885249  0.013125546518  0.002004064237  0.001001014684  0.027583857884  0.029705254409  
crossoptilon_crossoptilon 0.035998325536  0.027619782502  0.027619782502  0.045707331697  0.014175983550  0.008065561616  0.008051986115  0.011104484239  0.000000000000  0.000000000000  0.011104484239  0.005021093896  0.010084885249  0.013125546518  0.002004064237  0.001001014684  0.027583857884  0.029705254409  
chrysolophus_pictus 0.047782415804  0.039257157760  0.039257157760  0.057716807783  0.024512438377  0.019338022489  0.019307000407  0.022423668826  0.011104484239  0.011104484239  0.000000000000  0.016221306859  0.021382590501  0.024461345919  0.013150024601  0.012126194436  0.039202381628  0.039228931204  
syrmaticus_ellioti 0.041322796687  0.032878559766  0.032878559766  0.051131865008  0.019321705950  0.013161376087  0.013140267076  0.016221306859  0.005021093896  0.005021093896  0.016221306859  0.000000000000  0.005021093896  0.018250102276  0.007043609154  0.006031315270  0.032834486432  0.034980300907  
rollulus_rouloul 0.046695617751  0.038184463214  0.038184463214  0.056606764384  0.024512438377  0.018301285439  0.016209894365  0.021382590501  0.010084885249  0.010084885249  0.021382590501  0.005021093896  0.000000000000  0.023419218726  0.012126194436  0.011104484239  0.038132049566  0.038157419202  
perdix_dauuricae 0.049867852106  0.041322796687  0.041322796687  0.059810086826  0.027600998785  0.019293908992  0.021341544109  0.024461345919  0.013125546518  0.013125546518  0.024461345919  0.018250102276  0.023419218726  0.000000000000  0.013125546518  0.014148266901  0.041273386585  0.043449512453  
lophura_inornata 0.038132049566  0.029726318376  0.029726318376  0.047885838912  0.016234323338  0.010102721498  0.010084885249  0.013150024601  0.002004064237  0.002004064237  0.013150024601  0.007043609154  0.012126194436  0.013125546518  0.000000000000  0.003009156949  0.029685838190  0.031818522157  
lophura_swinhoii 0.037064034205  0.028671926298  0.028671926298  0.046795383037  0.015204080154  0.009083090240  0.009067388759  0.012126194436  0.001001014684  0.001001014684  0.012126194436  0.006031315270  0.011104484239  0.014148266901  0.003009156949  0.000000000000  0.028633728752  0.030760756945  
catreus_wallichi 0.038086346156  0.028633728752  0.028633728752  0.044558313627  0.035998325536  0.027583857884  0.033916853887  0.039202381628  0.027583857884  0.027583857884  0.039202381628  0.032834486432  0.038132049566  0.041273386585  0.029685838190  0.028633728752  0.000000000000  0.030721287987  
alectoris_rufa 0.035976972908  0.026552226563  0.026552226563  0.044589147277  0.036021350573  0.029705254409  0.036072405139  0.040302775116  0.029705254409  0.029705254409  0.039228931204  0.034980300907  0.038157419202  0.043449512453  0.031818522157  0.030760756945  0.030721287987  0.000000000000  

