18
cyrtonyx_montezumae 0.000000000000  0.011117270010  0.013166569026  0.012140819263  0.009076735405  0.011117270010  0.020388867116  0.009076735405  0.009076735405  0.009076735405  0.013166569026  0.015210224075  0.025599642207  0.015224708068  0.013166569026  0.018310659985  0.015224708068  0.026652449327  
syrmaticus_ellioti 0.011117270010  0.000000000000  0.012153484574  0.011128785902  0.008067828417  0.010106283237  0.019367813617  0.008067828417  0.008067828417  0.008067828417  0.012153484574  0.014194528780  0.024572636496  0.014209507809  0.012153484574  0.017291763733  0.014209507809  0.025624336372  
melgal2    0.013166569026  0.012153484574  0.000000000000  0.009085967186  0.006038045695  0.008067828417  0.017291763733  0.006038045695  0.006038045695  0.006038045695  0.010106283237  0.012140819263  0.022476165987  0.012153484574  0.010106283237  0.017291763733  0.012153484574  0.023523249752  
galgal4    0.012140819263  0.011128785902  0.009085967186  0.000000000000  0.005026383372  0.007051857658  0.016257116497  0.005026383372  0.005026383372  0.005026383372  0.009085967186  0.011117270010  0.021431375115  0.011128785902  0.009085967186  0.016257116497  0.011128785902  0.022476165987  
lophophorus_impejanus 0.009076735405  0.008067828417  0.006038045695  0.005026383372  0.000000000000  0.002004203573  0.011117270010  0.000000000000  0.000000000000  0.000000000000  0.004016861595  0.006032203739  0.016241465734  0.006038045695  0.004016861595  0.011117270010  0.006038045695  0.017274941138  
lophura_swinhoii 0.011117270010  0.010106283237  0.008067828417  0.007051857658  0.002004203573  0.000000000000  0.009076735405  0.002004203573  0.002004203573  0.002004203573  0.006038045695  0.008059731393  0.018310659985  0.008067828417  0.006038045695  0.013166569026  0.008067828417  0.019348632036  
pavo_cristatus 0.020388867116  0.019367813617  0.017291763733  0.016257116497  0.011117270010  0.009076735405  0.000000000000  0.011117270010  0.011117270010  0.011117270010  0.015224708068  0.017274941138  0.027707584700  0.017291763733  0.015224708068  0.022476165987  0.017291763733  0.028765058644  
crossoptilon_crossoptilon 0.009076735405  0.008067828417  0.006038045695  0.005026383372  0.000000000000  0.002004203573  0.011117270010  0.000000000000  0.000000000000  0.000000000000  0.004016861595  0.006032203739  0.016241465734  0.006038045695  0.004016861595  0.011117270010  0.006038045695  0.017274941138  
lophura_nycthemera 0.009076735405  0.008067828417  0.006038045695  0.005026383372  0.000000000000  0.002004203573  0.011117270010  0.000000000000  0.000000000000  0.000000000000  0.004016861595  0.006032203739  0.016241465734  0.006038045695  0.004016861595  0.011117270010  0.006038045695  0.017274941138  
tragopan_blythii 0.009076735405  0.008067828417  0.006038045695  0.005026383372  0.000000000000  0.002004203573  0.011117270010  0.000000000000  0.000000000000  0.000000000000  0.004016861595  0.006032203739  0.016241465734  0.006038045695  0.004016861595  0.011117270010  0.006038045695  0.017274941138  
perdix_dauuricae 0.013166569026  0.012153484574  0.010106283237  0.009085967186  0.004016861595  0.006038045695  0.015224708068  0.004016861595  0.004016861595  0.004016861595  0.000000000000  0.008059731393  0.018310659985  0.008067828417  0.006038045695  0.013166569026  0.008067828417  0.019348632036  
lophura_inornata 0.015210224075  0.014194528780  0.012140819263  0.011117270010  0.006032203739  0.008059731393  0.017274941138  0.006032203739  0.006032203739  0.006032203739  0.008059731393  0.000000000000  0.016227479852  0.004013255652  0.002002814830  0.010087186889  0.004013255652  0.015197402328  
rollulus_rouloul 0.025599642207  0.024572636496  0.022476165987  0.021431375115  0.016241465734  0.018310659985  0.027707584700  0.016241465734  0.016241465734  0.016241465734  0.018310659985  0.016227479852  0.000000000000  0.012129805526  0.014181206526  0.022455088172  0.016241465734  0.027682150719  
chrysolophus_pictus 0.015224708068  0.014209507809  0.012153484574  0.011128785902  0.006038045695  0.008067828417  0.017291763733  0.006038045695  0.006038045695  0.006038045695  0.008067828417  0.004013255652  0.012129805526  0.000000000000  0.002004203573  0.010095911844  0.004016861595  0.015210224075  
phasianus_colchicus 0.013166569026  0.012153484574  0.010106283237  0.009085967186  0.004016861595  0.006038045695  0.015224708068  0.004016861595  0.004016861595  0.004016861595  0.006038045695  0.002002814830  0.014181206526  0.002004203573  0.000000000000  0.008059731393  0.002004203573  0.013154403513  
syrmaticus_reevesii 0.018310659985  0.017291763733  0.017291763733  0.016257116497  0.011117270010  0.013166569026  0.022476165987  0.011117270010  0.011117270010  0.011117270010  0.013166569026  0.010087186889  0.022455088172  0.010095911844  0.008059731393  0.000000000000  0.006032203739  0.019331123343  
catreus_wallichi 0.015224708068  0.014209507809  0.012153484574  0.011128785902  0.006038045695  0.008067828417  0.017291763733  0.006038045695  0.006038045695  0.006038045695  0.008067828417  0.004013255652  0.016241465734  0.004016861595  0.002004203573  0.006032203739  0.000000000000  0.013154403513  
alectoris_rufa 0.026652449327  0.025624336372  0.023523249752  0.022476165987  0.017274941138  0.019348632036  0.028765058644  0.017274941138  0.017274941138  0.017274941138  0.019348632036  0.015197402328  0.027682150719  0.015210224075  0.013154403513  0.019331123343  0.013154403513  0.000000000000  

