18
cyrtonyx_montezumae 0.000000000000  0.042425595806  0.051019915174  0.049960741251  0.054312564966  0.057627298326  0.058695422165  0.057627298326  0.054312564966  0.058737168277  0.054312564966  0.054312564966  0.056480681707  0.054312564966  0.045580448812  0.044499702834  0.044499702834  0.046693445102  
pavo_cristatus 0.042425595806  0.000000000000  0.020359068037  0.018300890220  0.022441147776  0.025580806686  0.026609323997  0.025580806686  0.022441147776  0.026631807621  0.022441147776  0.022441147776  0.025559452232  0.022441147776  0.014164945423  0.013140097248  0.013140097248  0.015203822043  
galgal4    0.051019915174  0.020359068037  0.000000000000  0.022406753851  0.029725432258  0.032901970747  0.032877483601  0.032901970747  0.029725432258  0.033965370172  0.029725432258  0.029725432258  0.032877483601  0.029725432258  0.021353142882  0.020316509040  0.020316509040  0.023448864820  
rollulus_rouloul 0.049960741251  0.018300890220  0.022406753851  0.000000000000  0.028692637144  0.031865815638  0.032901970747  0.031865815638  0.028692637144  0.032928085420  0.028692637144  0.028692637144  0.031840854464  0.028692637144  0.020329100918  0.019293540597  0.019293540597  0.021382126162  
syrmaticus_reevesii 0.054312564966  0.022441147776  0.029725432258  0.028692637144  0.000000000000  0.005025463907  0.006031277401  0.003009142141  0.000000000000  0.004016274764  0.000000000000  0.000000000000  0.005021068744  0.018335967212  0.010102553789  0.009082954769  0.009082954769  0.025539702099  
syrmaticus_ellioti 0.057627298326  0.025580806686  0.032901970747  0.031865815638  0.005025463907  0.000000000000  0.011113528055  0.008065454870  0.005025463907  0.009082954769  0.005025463907  0.005025463907  0.010092888367  0.023552384956  0.015232341362  0.014202115468  0.014202115468  0.028692637144  
phasianus_colchicus 0.058695422165  0.026609323997  0.032877483601  0.032901970747  0.006031277401  0.011113528055  0.000000000000  0.009074352084  0.006031277401  0.010092888367  0.006031277401  0.006031277401  0.011104358328  0.024577290037  0.016248584143  0.015217295765  0.015217295765  0.029725432258  
lophura_swinhoii 0.057627298326  0.025580806686  0.032901970747  0.031865815638  0.003009142141  0.008065454870  0.009074352084  0.000000000000  0.003009142141  0.007050045466  0.003009142141  0.003009142141  0.008057910552  0.021459206311  0.013174032634  0.012148083962  0.012148083962  0.028692637144  
catreus_wallichi 0.054312564966  0.022441147776  0.029725432258  0.028692637144  0.000000000000  0.005025463907  0.006031277401  0.003009142141  0.000000000000  0.004016274764  0.000000000000  0.000000000000  0.005021068744  0.018335967212  0.010102553789  0.009082954769  0.009082954769  0.025539702099  
crossoptilon_crossoptilon 0.058737168277  0.026631807621  0.033965370172  0.032928085420  0.004016274764  0.009082954769  0.010092888367  0.007050045466  0.004016274764  0.000000000000  0.004016274764  0.004016274764  0.009074352084  0.022504687491  0.014202115468  0.013174032634  0.013174032634  0.029748101220  
lophura_nycthemera 0.054312564966  0.022441147776  0.029725432258  0.028692637144  0.000000000000  0.005025463907  0.006031277401  0.003009142141  0.000000000000  0.004016274764  0.000000000000  0.000000000000  0.005021068744  0.018335967212  0.010102553789  0.009082954769  0.009082954769  0.025539702099  
lophura_inornata 0.054312564966  0.022441147776  0.029725432258  0.028692637144  0.000000000000  0.005025463907  0.006031277401  0.003009142141  0.000000000000  0.004016274764  0.000000000000  0.000000000000  0.005021068744  0.018335967212  0.010102553789  0.009082954769  0.009082954769  0.025539702099  
chrysolophus_pictus 0.056480681707  0.025559452232  0.032877483601  0.031840854464  0.005021068744  0.010092888367  0.011104358328  0.008057910552  0.005021068744  0.009074352084  0.005021068744  0.005021068744  0.000000000000  0.021437554511  0.013161152516  0.012136279851  0.012136279851  0.028671106957  
tragopan_blythii 0.054312564966  0.022441147776  0.029725432258  0.028692637144  0.018335967212  0.023552384956  0.024577290037  0.021459206311  0.018335967212  0.022504687491  0.018335967212  0.018335967212  0.021437554511  0.000000000000  0.010102553789  0.009082954769  0.009082954769  0.023448864820  
perdix_dauuricae 0.045580448812  0.014164945423  0.021353142882  0.020329100918  0.010102553789  0.015232341362  0.016248584143  0.013174032634  0.010102553789  0.014202115468  0.010102553789  0.010102553789  0.013161152516  0.010102553789  0.000000000000  0.001001013047  0.001001013047  0.017228906778  
lophophorus_impejanus 0.044499702834  0.013140097248  0.020316509040  0.019293540597  0.009082954769  0.014202115468  0.015217295765  0.012148083962  0.009082954769  0.013174032634  0.009082954769  0.009082954769  0.012136279851  0.009082954769  0.001001013047  0.000000000000  0.000000000000  0.016199815265  
melgal2    0.044499702834  0.013140097248  0.020316509040  0.019293540597  0.009082954769  0.014202115468  0.015217295765  0.012148083962  0.009082954769  0.013174032634  0.009082954769  0.009082954769  0.012136279851  0.009082954769  0.001001013047  0.000000000000  0.000000000000  0.016199815265  
alectoris_rufa 0.046693445102  0.015203822043  0.023448864820  0.021382126162  0.025539702099  0.028692637144  0.029725432258  0.028692637144  0.025539702099  0.029748101220  0.025539702099  0.025539702099  0.028671106957  0.023448864820  0.017228906778  0.016199815265  0.016199815265  0.000000000000  

