18
cyrtonyx_montezumae 0.000000000000  0.050122711070  0.049024833903  0.039227168508  0.041378527414  0.039227168508  0.048985135563  0.046764204132  0.053302024166  0.047854485725  0.050965110389  0.050965110389  0.042457833521  0.047819714313  0.052162364571  0.072184357931  0.047854485725  0.038210681371  
pavo_cristatus 0.050122711070  0.000000000000  0.033988952376  0.024470264327  0.026563315913  0.024470264327  0.033961715214  0.033936238854  0.038181998345  0.032873549273  0.037019127987  0.037019127987  0.027613274161  0.032851065849  0.034953162925  0.058801482420  0.032873549273  0.029766514479  
rollulus_rouloul 0.049024833903  0.033988952376  0.000000000000  0.013143203431  0.015196378801  0.013143203431  0.022452451183  0.022433329115  0.026602469931  0.021391192223  0.026531126656  0.026531126656  0.016226269215  0.021374972704  0.025533160146  0.046836584150  0.021391192223  0.028709513916  
syrmaticus_reevesii 0.039227168508  0.024470264327  0.013143203431  0.000000000000  0.002004178186  0.000000000000  0.009085442870  0.009076287808  0.013153540122  0.008059388115  0.013122369483  0.013122369483  0.003009414042  0.008053035728  0.012119899693  0.032923796370  0.012106587728  0.019287655414  
lophophorus_impejanus 0.041378527414  0.026563315913  0.015196378801  0.002004178186  0.000000000000  0.002004178186  0.011127998202  0.011116572995  0.015209014428  0.010095346373  0.015168678796  0.015168678796  0.005026223364  0.010086738474  0.014168693346  0.035056477250  0.014150818418  0.021360474373  
tragopan_blythii 0.039227168508  0.024470264327  0.013143203431  0.000000000000  0.002004178186  0.000000000000  0.009085442870  0.009076287808  0.013153540122  0.008059388115  0.013122369483  0.013122369483  0.003009414042  0.008053035728  0.012119899693  0.032923796370  0.012106587728  0.019287655414  
lophura_swinhoii 0.048985135563  0.033961715214  0.022452451183  0.009085442870  0.011127998202  0.009085442870  0.000000000000  0.012139976920  0.016240061722  0.011116572995  0.016195114098  0.016195114098  0.006037814633  0.015209014428  0.019329265347  0.040430006721  0.021374972704  0.028686652260  
syrmaticus_ellioti 0.046764204132  0.033936238854  0.022433329115  0.009076287808  0.011116572995  0.009076287808  0.012139976920  0.000000000000  0.016226269215  0.011106830139  0.016188147375  0.016188147375  0.006032028889  0.015196378801  0.019313681637  0.040395245024  0.021360474373  0.028665534088  
lophura_nycthemera 0.053302024166  0.038181998345  0.026602469931  0.013153540122  0.015209014428  0.013153540122  0.016240061722  0.016226269215  0.000000000000  0.015196378801  0.020301466207  0.020301466207  0.010086738474  0.019313681637  0.023459145051  0.046875479973  0.025515649295  0.032873549273  
catreus_wallichi 0.047854485725  0.032873549273  0.021391192223  0.008059388115  0.010095346373  0.008059388115  0.011116572995  0.011106830139  0.015196378801  0.000000000000  0.015162858631  0.015162858631  0.005021551273  0.014168693346  0.018278288486  0.041475933475  0.020322946018  0.027613274161  
lophura_inornata 0.050965110389  0.037019127987  0.026531126656  0.013122369483  0.015168678796  0.013122369483  0.016195114098  0.016188147375  0.020301466207  0.015162858631  0.000000000000  0.000000000000  0.010069169726  0.019268505809  0.023402089348  0.046730726261  0.025463023338  0.032794215093  
chrysolophus_pictus 0.050965110389  0.037019127987  0.026531126656  0.013122369483  0.015168678796  0.013122369483  0.016195114098  0.016188147375  0.020301466207  0.015162858631  0.000000000000  0.000000000000  0.010069169726  0.019268505809  0.023402089348  0.046730726261  0.025463023338  0.032794215093  
crossoptilon_crossoptilon 0.042457833521  0.027613274161  0.016226269215  0.003009414042  0.005026223364  0.003009414042  0.006037814633  0.006032028889  0.010086738474  0.005021551273  0.010069169726  0.010069169726  0.000000000000  0.009068810056  0.013143203431  0.036126381551  0.015176207738  0.022400250174  
phasianus_colchicus 0.047819714313  0.032851065849  0.021374972704  0.008053035728  0.010086738474  0.008053035728  0.015209014428  0.015196378801  0.019313681637  0.014168693346  0.019268505809  0.019268505809  0.009068810056  0.000000000000  0.012119899693  0.041441679249  0.019277219391  0.027595107627  
perdix_dauuricae 0.052162364571  0.034953162925  0.025533160146  0.012119899693  0.014168693346  0.012119899693  0.019329265347  0.019313681637  0.023459145051  0.018278288486  0.023402089348  0.023402089348  0.013143203431  0.012119899693  0.000000000000  0.045746188825  0.023413752050  0.031791947262  
melgal2    0.072184357931  0.058801482420  0.046836584150  0.032923796370  0.035056477250  0.032923796370  0.040430006721  0.040395245024  0.046875479973  0.041475933475  0.046730726261  0.046730726261  0.036126381551  0.041441679249  0.045746188825  0.000000000000  0.045676393362  0.053302024166  
galgal4    0.047854485725  0.032873549273  0.021391192223  0.012106587728  0.014150818418  0.012106587728  0.021374972704  0.021360474373  0.025515649295  0.020322946018  0.025463023338  0.025463023338  0.015176207738  0.019277219391  0.023413752050  0.045676393362  0.000000000000  0.027613274161  
alectoris_rufa 0.038210681371  0.029766514479  0.028709513916  0.019287655414  0.021360474373  0.019287655414  0.028686652260  0.028665534088  0.032873549273  0.027613274161  0.032794215093  0.032794215093  0.022400250174  0.027595107627  0.031791947262  0.053302024166  0.027613274161  0.000000000000  

