18
galgal4    0.000000000000  0.011104229034  0.014164747404  0.011104229034  0.040245951785  0.026534921925  0.012125882159  0.014175537491  0.013139932751  0.015203557277  0.013149648724  0.012125882159  0.021381650343  0.017239530666  0.017228662140  0.015191688612  0.015191688612  0.014164747404  
syrmaticus_reevesii 0.011104229034  0.000000000000  0.003006818471  0.000000000000  0.029666454449  0.015165570776  0.001001011675  0.003009129719  0.002002771919  0.004016252620  0.002004052168  0.001001011675  0.010084680641  0.006027362103  0.006025042212  0.004012906175  0.004012906175  0.011096648005  
lophura_nycthemera 0.014164747404  0.003006818471  0.000000000000  0.003006818471  0.032812959208  0.018240726780  0.004012906175  0.006031238352  0.005018208616  0.007043499610  0.005021043347  0.004012906175  0.013139932751  0.009061764712  0.009057867051  0.007038577579  0.007038577579  0.014155534368  
tragopan_blythii 0.011104229034  0.000000000000  0.003006818471  0.000000000000  0.029666454449  0.015165570776  0.001001011675  0.003009129719  0.002002771919  0.004016252620  0.002004052168  0.001001011675  0.010084680641  0.006027362103  0.006025042212  0.004012906175  0.004012906175  0.011096648005  
cyrtonyx_montezumae 0.040245951785  0.029666454449  0.032812959208  0.029666454449  0.000000000000  0.040198974676  0.028615600229  0.030719544782  0.029650351580  0.031774880763  0.027566972645  0.028615600229  0.033892328126  0.033852653475  0.031756509468  0.029684188037  0.029684188037  0.040221630683  
rollulus_rouloul 0.026534921925  0.015165570776  0.018240726780  0.015165570776  0.040198974676  0.000000000000  0.014141851768  0.016191411790  0.015160037871  0.017219383623  0.015165570776  0.014141851768  0.023405569453  0.019263644399  0.019256993349  0.017211698226  0.017211698226  0.026520562282  
phasianus_colchicus 0.012125882159  0.001001011675  0.004012906175  0.001001011675  0.028615600229  0.014141851768  0.000000000000  0.002004052168  0.001000758252  0.003009129719  0.001001011675  0.000000000000  0.009067228326  0.005018208616  0.005016928099  0.003006818471  0.003006818471  0.012117235863  
chrysolophus_pictus 0.014175537491  0.003009129719  0.006031238352  0.003009129719  0.030719544782  0.016191411790  0.002004052168  0.000000000000  0.003006818471  0.005025429213  0.003009129719  0.002004052168  0.011104229034  0.007038577579  0.007035214064  0.005021043347  0.005021043347  0.014164747404  
lophura_swinhoii 0.013139932751  0.002002771919  0.005018208616  0.002002771919  0.029650351580  0.015160037871  0.001000758252  0.003006818471  0.000000000000  0.004012906175  0.002002771919  0.001000758252  0.010078160497  0.006025042212  0.006024281778  0.004011108727  0.004011108727  0.013131791582  
pavo_cristatus 0.015203557277  0.004016252620  0.007043499610  0.004016252620  0.031774880763  0.017219383623  0.003009129719  0.005025429213  0.004012906175  0.000000000000  0.004016252620  0.003009129719  0.012125882159  0.008051863488  0.008047452075  0.006031238352  0.006031238352  0.015191688612  
lophura_inornata 0.013149648724  0.002004052168  0.005021043347  0.002004052168  0.027566972645  0.015165570776  0.001001011675  0.003009129719  0.002002771919  0.004016252620  0.000000000000  0.001001011675  0.010084680641  0.006027362103  0.006025042212  0.004012906175  0.004012906175  0.013139932751  
catreus_wallichi 0.012125882159  0.001001011675  0.004012906175  0.001001011675  0.028615600229  0.014141851768  0.000000000000  0.002004052168  0.001000758252  0.003009129719  0.001001011675  0.000000000000  0.009067228326  0.005018208616  0.005016928099  0.003006818471  0.003006818471  0.012117235863  
melgal2    0.021381650343  0.010084680641  0.013139932751  0.010084680641  0.033892328126  0.023405569453  0.009067228326  0.011104229034  0.010078160497  0.012125882159  0.010084680641  0.009067228326  0.000000000000  0.014155534368  0.014147901455  0.012117235863  0.012117235863  0.021366404247  
perdix_dauuricae 0.017239530666  0.006027362103  0.009061764712  0.006027362103  0.033852653475  0.019263644399  0.005018208616  0.007038577579  0.006025042212  0.008051863488  0.006027362103  0.005018208616  0.014155534368  0.000000000000  0.010069827748  0.008047452075  0.008047452075  0.017228662140  
syrmaticus_ellioti 0.017228662140  0.006025042212  0.009057867051  0.006025042212  0.031756509468  0.019256993349  0.005016928099  0.007035214064  0.006024281778  0.008047452075  0.006025042212  0.005016928099  0.014147901455  0.010069827748  0.000000000000  0.002003036427  0.002003036427  0.017219383623  
crossoptilon_crossoptilon 0.015191688612  0.004012906175  0.007038577579  0.004012906175  0.029684188037  0.017211698226  0.003006818471  0.005021043347  0.004011108727  0.006031238352  0.004012906175  0.003006818471  0.012117235863  0.008047452075  0.002003036427  0.000000000000  0.000000000000  0.015181399257  
lophophorus_impejanus 0.015191688612  0.004012906175  0.007038577579  0.004012906175  0.029684188037  0.017211698226  0.003006818471  0.005021043347  0.004011108727  0.006031238352  0.004012906175  0.003006818471  0.012117235863  0.008047452075  0.002003036427  0.000000000000  0.000000000000  0.015181399257  
alectoris_rufa 0.014164747404  0.011096648005  0.014155534368  0.011096648005  0.040221630683  0.026520562282  0.012117235863  0.014164747404  0.013131791582  0.015191688612  0.013139932751  0.012117235863  0.021366404247  0.017228662140  0.017219383623  0.015181399257  0.015181399257  0.000000000000  

