18
cyrtonyx_montezumae 0.000000000000  0.055452506055  0.046822843259  0.075262322276  0.065310661621  0.061994402538  0.070909278294  0.069680810862  0.085575899690  0.084472642330  0.055338331146  0.067384488253  0.064103830863  0.057546877777  0.127570435408  0.055338331146  0.053285224308  0.044681733886  
pavo_cristatus 0.055452506055  0.000000000000  0.016193734729  0.049781413198  0.038057653134  0.037011890054  0.044467776494  0.044422202787  0.057474408785  0.055303800659  0.030667449908  0.042257175041  0.039087514335  0.032773046408  0.101990344928  0.030667449908  0.024439687343  0.030730065808  
rollulus_rouloul 0.046822843259  0.016193734729  0.000000000000  0.039105057479  0.031767080868  0.028624186221  0.037054132755  0.035948697591  0.053139805563  0.049890513628  0.022360912001  0.033814312770  0.030680573752  0.024439687343  0.093934043083  0.022360912001  0.016202397901  0.022412979115  
melgal2    0.075262322276  0.049781413198  0.039105057479  0.000000000000  0.033906146277  0.030749926565  0.040239449548  0.038098898662  0.055374627515  0.052110914253  0.024452524362  0.035948697591  0.032805710044  0.026542577611  0.096390468881  0.024452524362  0.047637205092  0.051984658002  
lophophorus_impejanus 0.065310661621  0.038057653134  0.031767080868  0.033906146277  0.000000000000  0.015194964906  0.028660856034  0.025512082680  0.043528483622  0.039246320568  0.015194964906  0.023410868851  0.019285680940  0.017256461963  0.083766791401  0.015194964906  0.038077420558  0.042363130135  
tragopan_blythii 0.061994402538  0.037011890054  0.028624186221  0.030749926565  0.015194964906  0.000000000000  0.027628650393  0.025529401927  0.042478905938  0.038201857749  0.012128134185  0.020309176688  0.016202397901  0.014178792826  0.082669540984  0.012128134185  0.034905699299  0.039167992057  
crossoptilon_crossoptilon 0.070909278294  0.044467776494  0.037054132755  0.040239449548  0.028660856034  0.027628650393  0.000000000000  0.012111625820  0.026559401839  0.024483178492  0.015184167459  0.026527419576  0.023424211303  0.017243406456  0.087069118236  0.015184167459  0.043414626533  0.047743260886  
phasianus_colchicus 0.069680810862  0.044422202787  0.035948697591  0.038098898662  0.025512082680  0.025529401927  0.012111625820  0.000000000000  0.018263759307  0.015184167459  0.013133643046  0.024439687343  0.021345298011  0.015184167459  0.087069118236  0.013133643046  0.042294367167  0.046603455905  
perdix_dauuricae 0.085575899690  0.057474408785  0.053139805563  0.055374627515  0.043528483622  0.042478905938  0.026559401839  0.018263759307  0.000000000000  0.026598037015  0.029715010834  0.041313281614  0.038146974820  0.031830225734  0.101106096936  0.029715010834  0.059651671864  0.064103830863  
syrmaticus_reevesii 0.084472642330  0.055303800659  0.049890513628  0.052110914253  0.039246320568  0.038201857749  0.024483178492  0.015184167459  0.026598037015  0.000000000000  0.026577889288  0.036035158585  0.033906146277  0.028681695127  0.097585835582  0.026577889288  0.056371471475  0.060798364745  
lophura_inornata 0.055338331146  0.030667449908  0.022360912001  0.024452524362  0.015194964906  0.012128134185  0.015184167459  0.013133643046  0.029715010834  0.026577889288  0.000000000000  0.011087038245  0.008048021522  0.002004139057  0.072267714807  0.000000000000  0.028581747219  0.032788531180  
chrysolophus_pictus 0.067384488253  0.042257175041  0.033814312770  0.035948697591  0.023410868851  0.020309176688  0.026527419576  0.024439687343  0.041313281614  0.036035158585  0.011087038245  0.000000000000  0.010074035856  0.013126706204  0.080139936840  0.011087038245  0.038008645738  0.042274904048  
catreus_wallichi 0.064103830863  0.039087514335  0.030680573752  0.032805710044  0.019285680940  0.016202397901  0.023424211303  0.021345298011  0.038146974820  0.033906146277  0.008048021522  0.010074035856  0.000000000000  0.010079271112  0.081299672418  0.008048021522  0.036976479153  0.041243027984  
lophura_nycthemera 0.057546877777  0.032773046408  0.024439687343  0.026542577611  0.017256461963  0.014178792826  0.017243406456  0.015184167459  0.031830225734  0.028681695127  0.002004139057  0.013126706204  0.010079271112  0.000000000000  0.074560010736  0.002004139057  0.030680573752  0.034905699299  
syrmaticus_ellioti 0.127570435408  0.101990344928  0.093934043083  0.096390468881  0.083766791401  0.082669540984  0.087069118236  0.087069118236  0.101106096936  0.097585835582  0.072267714807  0.080139936840  0.081299672418  0.074560010736  0.000000000000  0.072267714807  0.099668573264  0.103271917244  
lophura_swinhoii 0.055338331146  0.030667449908  0.022360912001  0.024452524362  0.015194964906  0.012128134185  0.015184167459  0.013133643046  0.029715010834  0.026577889288  0.000000000000  0.011087038245  0.008048021522  0.002004139057  0.072267714807  0.000000000000  0.028581747219  0.032788531180  
galgal4    0.053285224308  0.024439687343  0.016202397901  0.047637205092  0.038077420558  0.034905699299  0.043414626533  0.042294367167  0.059651671864  0.056371471475  0.028581747219  0.038008645738  0.036976479153  0.030680573752  0.099668573264  0.028581747219  0.000000000000  0.026542577611  
alectoris_rufa 0.044681733886  0.030730065808  0.022412979115  0.051984658002  0.042363130135  0.039167992057  0.047743260886  0.046603455905  0.064103830863  0.060798364745  0.032788531180  0.042274904048  0.041243027984  0.034905699299  0.103271917244  0.032788531180  0.026542577611  0.000000000000  

