18
cyrtonyx_montezumae 0.000000000000  0.018303058889  0.015234256091  0.017284206613  0.017284206613  0.021440999380  0.021463022825  0.020419384015  0.035129797157  0.015234256091  0.015234256091  0.020379201459  0.015234256091  0.018338747636  0.011125278937  0.018287611069  0.011125278937  0.014203778773  
rollulus_rouloul 0.018303058889  0.000000000000  0.015205237219  0.017253940177  0.017253940177  0.021401764607  0.021420579016  0.020379201459  0.035066899747  0.015205237219  0.015205237219  0.020345432971  0.015205237219  0.018303058889  0.011105023480  0.018261523160  0.011105023480  0.014176964540  
lophura_swinhoii 0.015234256091  0.015205237219  0.000000000000  0.002002779901  0.002002779901  0.006031480602  0.006037016818  0.005025670862  0.019323465929  0.000000000000  0.000000000000  0.005018289928  0.000000000000  0.007050453327  0.004016406854  0.011097267565  0.004016406854  0.011125278937  
lophura_inornata 0.017284206613  0.017253940177  0.002002779901  0.000000000000  0.000000000000  0.004016406854  0.006031480602  0.005021197574  0.019308504660  0.002002779901  0.002002779901  0.007035356045  0.002002779901  0.009074881221  0.006031480602  0.013132572516  0.006031480602  0.013162361473  
lophura_nycthemera 0.017284206613  0.017253940177  0.002002779901  0.000000000000  0.000000000000  0.004016406854  0.006031480602  0.005021197574  0.019308504660  0.002002779901  0.002002779901  0.007035356045  0.002002779901  0.009074881221  0.006031480602  0.013132572516  0.006031480602  0.013162361473  
catreus_wallichi 0.021440999380  0.021401764607  0.006031480602  0.004016406854  0.004016406854  0.000000000000  0.010093560897  0.009074881221  0.023469441930  0.006031480602  0.006031480602  0.011097267565  0.006031480602  0.013162361473  0.010093560897  0.017241204296  0.010093560897  0.017284206613  
melgal2    0.021463022825  0.021420579016  0.006037016818  0.006031480602  0.006031480602  0.010093560897  0.000000000000  0.009083632707  0.023488910907  0.006037016818  0.006037016818  0.011105023480  0.006037016818  0.013175462830  0.010103393061  0.017253940177  0.010103393061  0.017301731331  
perdix_dauuricae 0.020419384015  0.020379201459  0.005025670862  0.005021197574  0.005021197574  0.009074881221  0.009083632707  0.000000000000  0.014165939706  0.005025670862  0.005025670862  0.010085305673  0.005025670862  0.012149299215  0.009083632707  0.016222444065  0.009083632707  0.016266903889  
tragopan_blythii 0.035129797157  0.035066899747  0.019323465929  0.019308504660  0.019308504660  0.023469441930  0.023488910907  0.014165939706  0.000000000000  0.019323465929  0.019323465929  0.024496228801  0.019323465929  0.026636385407  0.023488910907  0.030786969236  0.023488910907  0.030864699068  
phasianus_colchicus 0.015234256091  0.015205237219  0.000000000000  0.002002779901  0.002002779901  0.006031480602  0.006037016818  0.005025670862  0.019323465929  0.000000000000  0.000000000000  0.005018289928  0.000000000000  0.007050453327  0.004016406854  0.011097267565  0.004016406854  0.011125278937  
crossoptilon_crossoptilon 0.015234256091  0.015205237219  0.000000000000  0.002002779901  0.002002779901  0.006031480602  0.006037016818  0.005025670862  0.019323465929  0.000000000000  0.000000000000  0.005018289928  0.000000000000  0.007050453327  0.004016406854  0.011097267565  0.004016406854  0.011125278937  
syrmaticus_ellioti 0.020379201459  0.020345432971  0.005018289928  0.007035356045  0.007035356045  0.011097267565  0.011105023480  0.010085305673  0.024496228801  0.005018289928  0.005018289928  0.000000000000  0.005018289928  0.012126866632  0.009067704388  0.016200783462  0.009067704388  0.016235671091  
chrysolophus_pictus 0.015234256091  0.015205237219  0.000000000000  0.002002779901  0.002002779901  0.006031480602  0.006037016818  0.005025670862  0.019323465929  0.000000000000  0.000000000000  0.005018289928  0.000000000000  0.007050453327  0.004016406854  0.011097267565  0.004016406854  0.011125278937  
lophophorus_impejanus 0.018338747636  0.018303058889  0.007050453327  0.009074881221  0.009074881221  0.013162361473  0.013175462830  0.012149299215  0.026636385407  0.007050453327  0.007050453327  0.012126866632  0.007050453327  0.000000000000  0.007050453327  0.014165939706  0.007050453327  0.014203778773  
galgal4    0.011125278937  0.011105023480  0.004016406854  0.006031480602  0.006031480602  0.010093560897  0.010103393061  0.009083632707  0.023488910907  0.004016406854  0.004016406854  0.009067704388  0.004016406854  0.007050453327  0.000000000000  0.007035356045  0.000000000000  0.007050453327  
pavo_cristatus 0.018287611069  0.018261523160  0.011097267565  0.013132572516  0.013132572516  0.017241204296  0.017253940177  0.016222444065  0.030786969236  0.011097267565  0.011097267565  0.016200783462  0.011097267565  0.014165939706  0.007035356045  0.000000000000  0.007035356045  0.014165939706  
syrmaticus_reevesii 0.011125278937  0.011105023480  0.004016406854  0.006031480602  0.006031480602  0.010093560897  0.010103393061  0.009083632707  0.023488910907  0.004016406854  0.004016406854  0.009067704388  0.004016406854  0.007050453327  0.000000000000  0.007035356045  0.000000000000  0.007050453327  
alectoris_rufa 0.014203778773  0.014176964540  0.011125278937  0.013162361473  0.013162361473  0.017284206613  0.017301731331  0.016266903889  0.030864699068  0.011125278937  0.011125278937  0.016235671091  0.011125278937  0.014203778773  0.007050453327  0.014165939706  0.007050453327  0.000000000000  

