18
cyrtonyx_montezumae 0.000000000000  0.059214988211  0.053677178981  0.068298452439  0.069518839305  0.071825096644  0.067153602116  0.066080037790  0.066080037790  0.066080037790  0.066080037790  0.074142455665  0.068298452439  0.074142455665  0.060341092372  0.052565332079  0.051456047154  0.051456047154  
melgal2    0.059214988211  0.000000000000  0.013165188228  0.037336794418  0.027756758264  0.029877846757  0.025619091444  0.024592546133  0.024592546133  0.024592546133  0.024592546133  0.032008322164  0.026672629384  0.032008322164  0.023518907289  0.012139663415  0.014192902342  0.022451577478  
galgal4    0.053677178981  0.013165188228  0.000000000000  0.027756758264  0.020427325518  0.022518552278  0.018325840066  0.017307420320  0.017307420320  0.017307420320  0.017307420320  0.024618902937  0.019364642411  0.024618902937  0.014192902342  0.005026146712  0.007051391185  0.017272774951  
rollulus_rouloul 0.068298452439  0.037336794418  0.027756758264  0.000000000000  0.044993052596  0.047191637132  0.042758792823  0.041713888625  0.041713888625  0.041713888625  0.041713888625  0.049400308665  0.043850559233  0.049400308665  0.040582659969  0.028816134319  0.030941905906  0.041626817844  
lophura_inornata 0.069518839305  0.027756758264  0.020427325518  0.044993052596  0.000000000000  0.008067217424  0.004013175139  0.003009386601  0.003009386601  0.003009386601  0.003009386601  0.010105323139  0.005021515708  0.014207604460  0.022494566979  0.015238660234  0.021471803368  0.031975183379  
phasianus_colchicus 0.071825096644  0.029877846757  0.022518552278  0.047191637132  0.008067217424  0.000000000000  0.006031972748  0.005026146712  0.005026146712  0.005026146712  0.005026146712  0.012152094152  0.007044555160  0.016271929014  0.022494566979  0.017307420320  0.023567582147  0.034112667446  
lophura_swinhoii 0.067153602116  0.025619091444  0.018325840066  0.042758792823  0.004013175139  0.006031972748  0.000000000000  0.001000764051  0.001000764051  0.001000764051  0.001000764051  0.008059271906  0.003006109670  0.012139663415  0.020385710963  0.013165188228  0.019364642411  0.029818130397  
crossoptilon_crossoptilon 0.066080037790  0.024592546133  0.017307420320  0.041713888625  0.003009386601  0.005026146712  0.001000764051  0.000000000000  0.000000000000  0.000000000000  0.000000000000  0.007051391185  0.002002808075  0.011127620881  0.019364642411  0.012152094152  0.018345143732  0.028786647446  
lophura_nycthemera 0.066080037790  0.024592546133  0.017307420320  0.041713888625  0.003009386601  0.005026146712  0.001000764051  0.000000000000  0.000000000000  0.000000000000  0.000000000000  0.007051391185  0.002002808075  0.011127620881  0.019364642411  0.012152094152  0.018345143732  0.028786647446  
catreus_wallichi 0.066080037790  0.024592546133  0.017307420320  0.041713888625  0.003009386601  0.005026146712  0.001000764051  0.000000000000  0.000000000000  0.000000000000  0.000000000000  0.007051391185  0.002002808075  0.011127620881  0.019364642411  0.012152094152  0.018345143732  0.028786647446  
chrysolophus_pictus 0.066080037790  0.024592546133  0.017307420320  0.041713888625  0.003009386601  0.005026146712  0.001000764051  0.000000000000  0.000000000000  0.000000000000  0.000000000000  0.007051391185  0.002002808075  0.011127620881  0.019364642411  0.012152094152  0.018345143732  0.028786647446  
syrmaticus_ellioti 0.074142455665  0.032008322164  0.024618902937  0.049400308665  0.010105323139  0.012152094152  0.008059271906  0.007051391185  0.007051391185  0.007051391185  0.007051391185  0.000000000000  0.009076132002  0.018345143732  0.026699708332  0.019385108896  0.025672524676  0.036259684433  
syrmaticus_reevesii 0.068298452439  0.026672629384  0.019364642411  0.043850559233  0.005021515708  0.007044555160  0.003006109670  0.002002808075  0.002002808075  0.002002808075  0.002002808075  0.009076132002  0.000000000000  0.013165188228  0.021427845590  0.014192902342  0.020405691176  0.030879757744  
perdix_dauuricae 0.074142455665  0.032008322164  0.024618902937  0.049400308665  0.014207604460  0.016271929014  0.012139663415  0.011127620881  0.011127620881  0.011127620881  0.011127620881  0.018345143732  0.013165188228  0.000000000000  0.026699708332  0.019385108896  0.025672524676  0.036259684433  
pavo_cristatus 0.060341092372  0.023518907289  0.014192902342  0.040582659969  0.022494566979  0.022494566979  0.020385710963  0.019364642411  0.019364642411  0.019364642411  0.019364642411  0.026699708332  0.021427845590  0.026699708332  0.000000000000  0.011116318596  0.017289274467  0.027701873473  
tragopan_blythii 0.052565332079  0.012139663415  0.005026146712  0.028816134319  0.015238660234  0.017307420320  0.013165188228  0.012152094152  0.012152094152  0.012152094152  0.012152094152  0.019385108896  0.014192902342  0.019385108896  0.011116318596  0.000000000000  0.006037703944  0.016239586765  
lophophorus_impejanus 0.051456047154  0.014192902342  0.007051391185  0.030941905906  0.021471803368  0.023567582147  0.019364642411  0.018345143732  0.018345143732  0.018345143732  0.018345143732  0.025672524676  0.020405691176  0.025672524676  0.017289274467  0.006037703944  0.000000000000  0.016239586765  
alectoris_rufa 0.051456047154  0.022451577478  0.017272774951  0.041626817844  0.031975183379  0.034112667446  0.029818130397  0.028786647446  0.028786647446  0.028786647446  0.028786647446  0.036259684433  0.030879757744  0.036259684433  0.027701873473  0.016239586765  0.016239586765  0.000000000000  

