18
cyrtonyx_montezumae 0.000000000000  0.113806255644  0.141307446910  0.105035060162  0.114346587487  0.125390488587  0.103716212810  0.119081478305  0.115427955823  0.127557034642  0.115427955823  0.107007578310  0.103657588994  0.078715377248  0.114785732318  0.103363258352  0.129488858287  0.101783438554  
rollulus_rouloul 0.113806255644  0.000000000000  0.125009326852  0.100155217092  0.115427955823  0.130045171189  0.098870334172  0.114093719460  0.110485234411  0.120037865854  0.112887934934  0.105714904978  0.098921170365  0.070658692990  0.100211388006  0.091316741075  0.125557207226  0.100589007531  
tragopan_blythii 0.141307446910  0.125009326852  0.000000000000  0.121324006378  0.132231266279  0.147245086311  0.124871186554  0.138192821719  0.133331849796  0.146901141607  0.137087343944  0.128241958142  0.127408427941  0.096781189365  0.126471308611  0.113643195766  0.137586326442  0.127878875641  
lophura_nycthemera 0.105035060162  0.100155217092  0.121324006378  0.000000000000  0.026593022143  0.046807357259  0.011105161537  0.024464023674  0.023421607202  0.039236719579  0.025508663333  0.019273985239  0.031823724719  0.035982552779  0.068487397066  0.076374741279  0.115852459307  0.081959434317  
syrmaticus_ellioti 0.114346587487  0.115427955823  0.132231266279  0.026593022143  0.000000000000  0.029655492920  0.024536433383  0.040282944929  0.037070428362  0.051070363854  0.038192137241  0.032819587635  0.044538440635  0.049849909662  0.085371759055  0.091136988446  0.126551185071  0.096838791472  
syrmaticus_reevesii 0.125390488587  0.130045171189  0.147245086311  0.046807357259  0.029655492920  0.000000000000  0.048917877371  0.061972656891  0.060858106861  0.072015442711  0.057606576655  0.053126469889  0.067583769023  0.068617815923  0.105310577723  0.104038558211  0.144059508641  0.116999266385  
chrysolophus_pictus 0.103716212810  0.098870334172  0.124871186554  0.011105161537  0.024536433383  0.048917877371  0.000000000000  0.023421607202  0.022381404475  0.038164689071  0.024464023674  0.018242544260  0.031781315829  0.034883881162  0.071787188017  0.075144147765  0.114485016782  0.084165779605  
lophura_inornata 0.119081478305  0.114093719460  0.138192821719  0.024464023674  0.040282944929  0.061972656891  0.023421607202  0.000000000000  0.026539269380  0.047793514018  0.036004254669  0.028605320518  0.042331135506  0.048712587614  0.079616916654  0.089968208452  0.131376234312  0.096725508400  
lophura_swinhoii 0.115427955823  0.110485234411  0.133331849796  0.023421607202  0.037070428362  0.060858106861  0.022381404475  0.026539269380  0.000000000000  0.046706084268  0.032819587635  0.026511706443  0.044484391048  0.047630107141  0.077333779031  0.083013496860  0.127634421476  0.094377014895  
phasianus_colchicus 0.127557034642  0.120037865854  0.146901141607  0.039236719579  0.051070363854  0.072015442711  0.038164689071  0.047793514018  0.046706084268  0.000000000000  0.039160932090  0.038092478798  0.056425095988  0.061819370777  0.094599712539  0.103903788032  0.138764474150  0.106104674411  
catreus_wallichi 0.115427955823  0.112887934934  0.137087343944  0.025508663333  0.038192137241  0.057606576655  0.024464023674  0.036004254669  0.032819587635  0.039160932090  0.000000000000  0.022351134741  0.044484391048  0.048712587614  0.081910746359  0.089860657405  0.127634421476  0.094377014895  
crossoptilon_crossoptilon 0.107007578310  0.105714904978  0.128241958142  0.019273985239  0.032819587635  0.053126469889  0.018242544260  0.028605320518  0.026511706443  0.038092478798  0.022351134741  0.000000000000  0.039118897289  0.041184985774  0.072876758669  0.079490213577  0.120235473026  0.087398349190  
perdix_dauuricae 0.103657588994  0.098921170365  0.127408427941  0.031823724719  0.044538440635  0.067583769023  0.031781315829  0.042331135506  0.044484391048  0.056425095988  0.044484391048  0.039118897289  0.000000000000  0.038052815573  0.070619817145  0.078518602064  0.113340745058  0.079530588785  
lophophorus_impejanus 0.078715377248  0.070658692990  0.096781189365  0.035982552779  0.049849909662  0.068617815923  0.034883881162  0.048712587614  0.047630107141  0.061819370777  0.048712587614  0.041184985774  0.038052815573  0.000000000000  0.034940396665  0.043486584623  0.079811788689  0.057529593091  
melgal2    0.114785732318  0.100211388006  0.126471308611  0.068487397066  0.085371759055  0.105310577723  0.071787188017  0.079616916654  0.077333779031  0.094599712539  0.081910746359  0.072876758669  0.070619817145  0.034940396665  0.000000000000  0.078715377248  0.111057964627  0.085371759055  
pavo_cristatus 0.103363258352  0.091316741075  0.113643195766  0.076374741279  0.091136988446  0.104038558211  0.075144147765  0.089968208452  0.083013496860  0.103903788032  0.089860657405  0.079490213577  0.078518602064  0.043486584623  0.078715377248  0.000000000000  0.093876696515  0.073315941746  
galgal4    0.129488858287  0.125557207226  0.137586326442  0.115852459307  0.126551185071  0.144059508641  0.114485016782  0.131376234312  0.127634421476  0.138764474150  0.127634421476  0.120235473026  0.113340745058  0.079811788689  0.111057964627  0.093876696515  0.000000000000  0.077517746077  
alectoris_rufa 0.101783438554  0.100589007531  0.127878875641  0.081959434317  0.096838791472  0.116999266385  0.084165779605  0.096725508400  0.094377014895  0.106104674411  0.094377014895  0.087398349190  0.079530588785  0.057529593091  0.085371759055  0.073315941746  0.077517746077  0.000000000000  

