18
cyrtonyx_montezumae 0.000000000000  0.051288735362  0.022456710306  0.021412944837  0.026630436579  0.026630436579  0.028741033926  0.035036878221  0.026630436579  0.035066067291  0.026630436579  0.031895723845  0.046778521984  0.028715873588  0.037119826954  0.021412944837  0.034983728552  0.042537095370  
galgal4    0.051288735362  0.000000000000  0.031895723845  0.030833407793  0.036136700707  0.036136700707  0.039363150148  0.044672705196  0.036136700707  0.045800102016  0.036136700707  0.041489488788  0.054384392297  0.038252231512  0.046778521984  0.030833407793  0.044603559858  0.051200142043  
tragopan_blythii 0.022456710306  0.031895723845  0.000000000000  0.001001053647  0.006032311640  0.006032311640  0.009077012344  0.014159998454  0.006032311640  0.015198042473  0.006032311640  0.011107758231  0.025502983489  0.008053434846  0.016196022073  0.001001053647  0.014144866230  0.023462955197  
pavo_cristatus 0.021412944837  0.030833407793  0.001001053647  0.000000000000  0.005021731060  0.005021731060  0.008059943053  0.013135417502  0.005021731060  0.014170081953  0.005021731060  0.010087467643  0.024458355702  0.007039674005  0.015169337470  0.000000000000  0.013122598829  0.022419303586  
lophura_inornata 0.026630436579  0.036136700707  0.006032311640  0.005021731060  0.000000000000  0.000000000000  0.003009509566  0.008048582528  0.000000000000  0.009069362963  0.000000000000  0.005021731060  0.021349729258  0.004013295025  0.012106945831  0.005021731060  0.018246365452  0.027638421140  
lophura_swinhoii 0.026630436579  0.036136700707  0.006032311640  0.005021731060  0.000000000000  0.000000000000  0.003009509566  0.008048582528  0.000000000000  0.009069362963  0.000000000000  0.005021731060  0.021349729258  0.004013295025  0.012106945831  0.005021731060  0.018246365452  0.027638421140  
lophura_nycthemera 0.028741033926  0.039363150148  0.009077012344  0.008059943053  0.003009509566  0.003009509566  0.000000000000  0.011099475390  0.003009509566  0.012130244134  0.003009509566  0.008059943053  0.024473492960  0.007045045905  0.015177223931  0.008059943053  0.021349729258  0.030807492919  
syrmaticus_reevesii 0.035036878221  0.044672705196  0.014159998454  0.013135417502  0.008048582528  0.008048582528  0.011099475390  0.000000000000  0.008048582528  0.017235152100  0.008048582528  0.013135417502  0.029667356396  0.012113040862  0.020302657757  0.013135417502  0.026519969007  0.036050577514  
syrmaticus_ellioti 0.026630436579  0.036136700707  0.006032311640  0.005021731060  0.000000000000  0.000000000000  0.003009509566  0.008048582528  0.000000000000  0.009069362963  0.000000000000  0.005021731060  0.021349729258  0.004013295025  0.012106945831  0.005021731060  0.018246365452  0.027638421140  
phasianus_colchicus 0.035066067291  0.045800102016  0.015198042473  0.014170081953  0.009069362963  0.009069362963  0.012130244134  0.017235152100  0.009069362963  0.000000000000  0.009069362963  0.014170081953  0.030740123478  0.013144340295  0.021349729258  0.014170081953  0.027582104859  0.037148052119  
catreus_wallichi 0.026630436579  0.036136700707  0.006032311640  0.005021731060  0.000000000000  0.000000000000  0.003009509566  0.008048582528  0.000000000000  0.009069362963  0.000000000000  0.005021731060  0.021349729258  0.004013295025  0.012106945831  0.005021731060  0.018246365452  0.027638421140  
chrysolophus_pictus 0.031895723845  0.041489488788  0.011107758231  0.010087467643  0.005021731060  0.005021731060  0.008059943053  0.013135417502  0.005021731060  0.014170081953  0.005021731060  0.000000000000  0.025502983489  0.008053434846  0.016196022073  0.010087467643  0.023416019232  0.032905332601  
perdix_dauuricae 0.046778521984  0.054384392297  0.025502983489  0.024458355702  0.021349729258  0.021349729258  0.024473492960  0.029667356396  0.021349729258  0.030740123478  0.021349729258  0.025502983489  0.000000000000  0.017224929623  0.025475455266  0.024458355702  0.038070418528  0.046711287304  
crossoptilon_crossoptilon 0.028715873588  0.038252231512  0.008053434846  0.007039674005  0.004013295025  0.004013295025  0.007045045905  0.012113040862  0.004013295025  0.013144340295  0.004013295025  0.008053434846  0.017224929623  0.000000000000  0.008045389031  0.007039674005  0.020302657757  0.029725834594  
melgal2    0.037119826954  0.046778521984  0.016196022073  0.015169337470  0.012106945831  0.012106945831  0.015177223931  0.020302657757  0.012106945831  0.021349729258  0.012106945831  0.016196022073  0.025475455266  0.008045389031  0.000000000000  0.015169337470  0.028588035540  0.038137770079  
lophophorus_impejanus 0.021412944837  0.030833407793  0.001001053647  0.000000000000  0.005021731060  0.005021731060  0.008059943053  0.013135417502  0.005021731060  0.014170081953  0.005021731060  0.010087467643  0.024458355702  0.007039674005  0.015169337470  0.000000000000  0.013122598829  0.022419303586  
rollulus_rouloul 0.034983728552  0.044603559858  0.014144866230  0.013122598829  0.018246365452  0.018246365452  0.021349729258  0.026519969007  0.018246365452  0.027582104859  0.018246365452  0.023416019232  0.038070418528  0.020302657757  0.028588035540  0.013122598829  0.000000000000  0.030703885421  
alectoris_rufa 0.042537095370  0.051200142043  0.023462955197  0.022419303586  0.027638421140  0.027638421140  0.030807492919  0.036050577514  0.027638421140  0.037148052119  0.027638421140  0.032905332601  0.046711287304  0.029725834594  0.038137770079  0.022419303586  0.030703885421  0.000000000000  

