18
cyrtonyx_montezumae 0.000000000000  0.040528404433  0.029832517449  0.036142091786  0.036142091786  0.036142091786  0.036142091786  0.042544050957  0.041460881740  0.041460881740  0.041427024873  0.043668025164  0.045808548722  0.053465958254  0.033028185683  0.035102493647  0.026658333652  0.040528404433  
rollulus_rouloul 0.040528404433  0.000000000000  0.014196391429  0.025581419028  0.025581419028  0.025581419028  0.025581419028  0.034002444486  0.032936246054  0.032936246054  0.035041403153  0.035102493647  0.039369854181  0.044757520485  0.021457498179  0.023505347339  0.015226880490  0.030926967954  
galgal4    0.029832517449  0.014196391429  0.000000000000  0.013144916278  0.013144916278  0.013144916278  0.013144916278  0.021379438196  0.020340156778  0.020340156778  0.022404629133  0.022439141505  0.026610439950  0.031872449912  0.009086885432  0.011108239457  0.003009571624  0.018331911594  
phasianus_colchicus 0.036142091786  0.025581419028  0.013144916278  0.000000000000  0.000000000000  0.000000000000  0.000000000000  0.008053637311  0.007039812493  0.007039812493  0.009063573154  0.011099834667  0.013155675494  0.018296714332  0.008048726223  0.018268431899  0.010080606155  0.025581419028  
tragopan_blythii 0.036142091786  0.025581419028  0.013144916278  0.000000000000  0.000000000000  0.000000000000  0.000000000000  0.008053637311  0.007039812493  0.007039812493  0.009063573154  0.011099834667  0.013155675494  0.018296714332  0.008048726223  0.018268431899  0.010080606155  0.025581419028  
perdix_dauuricae 0.036142091786  0.025581419028  0.013144916278  0.000000000000  0.000000000000  0.000000000000  0.000000000000  0.008053637311  0.007039812493  0.007039812493  0.009063573154  0.011099834667  0.013155675494  0.018296714332  0.008048726223  0.018268431899  0.010080606155  0.025581419028  
lophura_inornata 0.036142091786  0.025581419028  0.013144916278  0.000000000000  0.000000000000  0.000000000000  0.000000000000  0.008053637311  0.007039812493  0.007039812493  0.009063573154  0.011099834667  0.013155675494  0.018296714332  0.008048726223  0.018268431899  0.010080606155  0.025581419028  
lophophorus_impejanus 0.042544050957  0.034002444486  0.021379438196  0.008053637311  0.008053637311  0.008053637311  0.008053637311  0.000000000000  0.007039812493  0.007039812493  0.009063573154  0.011099834667  0.013155675494  0.018296714332  0.016205757923  0.026569576612  0.018268431899  0.034002444486  
catreus_wallichi 0.041460881740  0.032936246054  0.020340156778  0.007039812493  0.007039812493  0.007039812493  0.007039812493  0.007039812493  0.000000000000  0.000000000000  0.002002828207  0.004013345127  0.006038450329  0.011118350715  0.015177790377  0.025521207370  0.017235968493  0.032936246054  
crossoptilon_crossoptilon 0.041460881740  0.032936246054  0.020340156778  0.007039812493  0.007039812493  0.007039812493  0.007039812493  0.007039812493  0.000000000000  0.000000000000  0.002002828207  0.004013345127  0.006038450329  0.011118350715  0.015177790377  0.025521207370  0.017235968493  0.032936246054  
lophura_swinhoii 0.041427024873  0.035041403153  0.022404629133  0.009063573154  0.009063573154  0.009063573154  0.009063573154  0.009063573154  0.002002828207  0.002002828207  0.000000000000  0.006028159991  0.008060246856  0.013155675494  0.017225625139  0.027601250926  0.019290414611  0.035041403153  
lophura_nycthemera 0.043668025164  0.035102493647  0.022439141505  0.011099834667  0.011099834667  0.011099834667  0.011099834667  0.011099834667  0.004013345127  0.004013345127  0.006028159991  0.000000000000  0.010096780330  0.015212028913  0.017248043701  0.027641073292  0.019317638857  0.035102493647  
chrysolophus_pictus 0.045808548722  0.039369854181  0.026610439950  0.013155675494  0.013155675494  0.013155675494  0.013155675494  0.013155675494  0.006038450329  0.006038450329  0.008060246856  0.010096780330  0.000000000000  0.013168146605  0.021379438196  0.031846627655  0.023464889348  0.039369854181  
syrmaticus_reevesii 0.053465958254  0.044757520485  0.031872449912  0.018296714332  0.018296714332  0.018296714332  0.018296714332  0.018296714332  0.011118350715  0.011118350715  0.013155675494  0.015212028913  0.013168146605  0.000000000000  0.026589128021  0.037152884854  0.028695367567  0.044757520485  
melgal2    0.033028185683  0.021457498179  0.009086885432  0.008048726223  0.008048726223  0.008048726223  0.008048726223  0.016205757923  0.015177790377  0.015177790377  0.017225625139  0.017248043701  0.021379438196  0.026589128021  0.000000000000  0.014182732679  0.006038450329  0.021457498179  
pavo_cristatus 0.035102493647  0.023505347339  0.011108239457  0.018268431899  0.018268431899  0.018268431899  0.018268431899  0.026569576612  0.025521207370  0.025521207370  0.027601250926  0.027641073292  0.031846627655  0.037152884854  0.014182732679  0.000000000000  0.008053637311  0.023505347339  
syrmaticus_ellioti 0.026658333652  0.015226880490  0.003009571624  0.010080606155  0.010080606155  0.010080606155  0.010080606155  0.018268431899  0.017235968493  0.017235968493  0.019290414611  0.019317638857  0.023464889348  0.028695367567  0.006038450329  0.008053637311  0.000000000000  0.015226880490  
alectoris_rufa 0.040528404433  0.030926967954  0.018331911594  0.025581419028  0.025581419028  0.025581419028  0.025581419028  0.034002444486  0.032936246054  0.032936246054  0.035041403153  0.035102493647  0.039369854181  0.044757520485  0.021457498179  0.023505347339  0.015226880490  0.000000000000  

