18
lophura_inornata 0.000000000000  0.003009436126  0.009068966876  0.018293462312  0.010095598761  0.001001045533  0.003009436126  0.000000000000  0.008067574580  0.003009436126  0.005018543560  0.004016798848  0.001001045533  0.001001045533  0.000000000000  0.000000000000  0.000000000000  0.000000000000  
syrmaticus_reevesii 0.003009436126  0.000000000000  0.006027942220  0.021410220147  0.013166003425  0.004016798848  0.006037903716  0.003009436126  0.011128301883  0.006037903716  0.008053144823  0.007051663863  0.004016798848  0.004016798848  0.003009436126  0.003009436126  0.003009436126  0.003009436126  
rollulus_rouloul 0.009068966876  0.006027942220  0.000000000000  0.027656515584  0.019330129366  0.010086948265  0.012129425911  0.009068966876  0.017274059684  0.012129425911  0.014159179702  0.013153940745  0.010086948265  0.010086948265  0.009068966876  0.009068966876  0.009068966876  0.009068966876  
cyrtonyx_montezumae 0.018293462312  0.021410220147  0.027656515584  0.000000000000  0.026626314729  0.017259034507  0.017259034507  0.018293462312  0.024547395650  0.021410220147  0.021375804000  0.022453663497  0.019330129366  0.019330129366  0.018293462312  0.018293462312  0.018293462312  0.018293462312  
galgal4    0.010095598761  0.013166003425  0.019330129366  0.026626314729  0.000000000000  0.009076489644  0.011116881228  0.010095598761  0.018327500169  0.013166003425  0.015196858094  0.014193861914  0.011116881228  0.011116881228  0.010095598761  0.010095598761  0.010095598761  0.010095598761  
catreus_wallichi 0.001001045533  0.004016798848  0.010086948265  0.017259034507  0.009076489644  0.000000000000  0.002004187974  0.001001045533  0.009085645011  0.004016798848  0.006027942220  0.005026285054  0.002004187974  0.002004187974  0.001001045533  0.001001045533  0.001001045533  0.001001045533  
pavo_cristatus 0.003009436126  0.006037903716  0.012129425911  0.017259034507  0.011116881228  0.002004187974  0.000000000000  0.003009436126  0.011128301883  0.006037903716  0.008053144823  0.007051663863  0.004016798848  0.004016798848  0.003009436126  0.003009436126  0.003009436126  0.003009436126  
lophura_swinhoii 0.000000000000  0.003009436126  0.009068966876  0.018293462312  0.010095598761  0.001001045533  0.003009436126  0.000000000000  0.008067574580  0.003009436126  0.005018543560  0.004016798848  0.001001045533  0.001001045533  0.000000000000  0.000000000000  0.000000000000  0.000000000000  
lophophorus_impejanus 0.008067574580  0.011128301883  0.017274059684  0.024547395650  0.018327500169  0.009085645011  0.011128301883  0.008067574580  0.000000000000  0.009085645011  0.013153940745  0.012152906905  0.009085645011  0.009085645011  0.008067574580  0.008067574580  0.008067574580  0.008067574580  
perdix_dauuricae 0.003009436126  0.006037903716  0.012129425911  0.021410220147  0.013166003425  0.004016798848  0.006037903716  0.003009436126  0.009085645011  0.000000000000  0.008053144823  0.007051663863  0.004016798848  0.004016798848  0.003009436126  0.003009436126  0.003009436126  0.003009436126  
tragopan_blythii 0.005018543560  0.008053144823  0.014159179702  0.021375804000  0.015196858094  0.006027942220  0.008053144823  0.005018543560  0.013153940745  0.008053144823  0.000000000000  0.009068966876  0.006027942220  0.006027942220  0.005018543560  0.005018543560  0.005018543560  0.005018543560  
crossoptilon_crossoptilon 0.004016798848  0.007051663863  0.013153940745  0.022453663497  0.014193861914  0.005026285054  0.007051663863  0.004016798848  0.012152906905  0.007051663863  0.009068966876  0.000000000000  0.005026285054  0.005026285054  0.004016798848  0.004016798848  0.004016798848  0.004016798848  
syrmaticus_ellioti 0.001001045533  0.004016798848  0.010086948265  0.019330129366  0.011116881228  0.002004187974  0.004016798848  0.001001045533  0.009085645011  0.004016798848  0.006027942220  0.005026285054  0.000000000000  0.002004187974  0.001001045533  0.001001045533  0.001001045533  0.001001045533  
lophura_nycthemera 0.001001045533  0.004016798848  0.010086948265  0.019330129366  0.011116881228  0.002004187974  0.004016798848  0.001001045533  0.009085645011  0.004016798848  0.006027942220  0.005026285054  0.002004187974  0.000000000000  0.001001045533  0.001001045533  0.001001045533  0.001001045533  
phasianus_colchicus 0.000000000000  0.003009436126  0.009068966876  0.018293462312  0.010095598761  0.001001045533  0.003009436126  0.000000000000  0.008067574580  0.003009436126  0.005018543560  0.004016798848  0.001001045533  0.001001045533  0.000000000000  0.000000000000  0.000000000000  0.000000000000  
melgal2    0.000000000000  0.003009436126  0.009068966876  0.018293462312  0.010095598761  0.001001045533  0.003009436126  0.000000000000  0.008067574580  0.003009436126  0.005018543560  0.004016798848  0.001001045533  0.001001045533  0.000000000000  0.000000000000  0.000000000000  0.000000000000  
chrysolophus_pictus 0.000000000000  0.003009436126  0.009068966876  0.018293462312  0.010095598761  0.001001045533  0.003009436126  0.000000000000  0.008067574580  0.003009436126  0.005018543560  0.004016798848  0.001001045533  0.001001045533  0.000000000000  0.000000000000  0.000000000000  0.000000000000  
alectoris_rufa 0.000000000000  0.003009436126  0.009068966876  0.018293462312  0.010095598761  0.001001045533  0.003009436126  0.000000000000  0.008067574580  0.003009436126  0.005018543560  0.004016798848  0.001001045533  0.001001045533  0.000000000000  0.000000000000  0.000000000000  0.000000000000  

