18
rollulus_rouloul 0.000000000000  0.026598247723  0.020365380866  0.019326886106  0.020348888481  0.027628863951  0.027628863951  0.026578083145  0.026578083145  0.026578083145  0.024467165985  0.021388462885  0.027591175996  0.020348888481  0.033884662779  0.027650205358  0.020365380866  0.019326886106  
galgal4    0.026598247723  0.000000000000  0.008052687961  0.007039150925  0.008048034239  0.015175046458  0.015175046458  0.014149810138  0.014149810138  0.014149810138  0.016193786559  0.011098128549  0.015161583053  0.008048034239  0.023399289789  0.014157868823  0.008052687961  0.007039150925  
lophophorus_impejanus 0.020365380866  0.008052687961  0.000000000000  0.001001033767  0.002002795581  0.009062599623  0.009062599623  0.008048034239  0.008048034239  0.008048034239  0.010074054723  0.005021405253  0.009055931237  0.002002795581  0.018243621171  0.009068350409  0.002004140777  0.001001033767  
syrmaticus_ellioti 0.019326886106  0.007039150925  0.001001033767  0.000000000000  0.001000758694  0.008048034239  0.008048034239  0.007035589684  0.007035589684  0.007035589684  0.009058458902  0.004013110202  0.008043552888  0.001000758694  0.017214094441  0.008052687961  0.001001033767  0.000000000000  
crossoptilon_crossoptilon 0.020348888481  0.008048034239  0.002002795581  0.001000758694  0.000000000000  0.007039150925  0.007039150925  0.006027730426  0.006027730426  0.006027730426  0.008048034239  0.003009329636  0.007033633788  0.000000000000  0.018235975445  0.009062599623  0.002002795581  0.001000758694  
catreus_wallichi 0.027628863951  0.015175046458  0.009062599623  0.008048034239  0.007039150925  0.000000000000  0.000000000000  0.001001033767  0.001001033767  0.001001033767  0.015175046458  0.010086147204  0.014143379515  0.007039150925  0.023389257425  0.016202457594  0.009062599623  0.008048034239  
chrysolophus_pictus 0.027628863951  0.015175046458  0.009062599623  0.008048034239  0.007039150925  0.000000000000  0.000000000000  0.001001033767  0.001001033767  0.001001033767  0.015175046458  0.010086147204  0.014143379515  0.007039150925  0.023389257425  0.016202457594  0.009062599623  0.008048034239  
lophura_swinhoii 0.026578083145  0.014149810138  0.008048034239  0.007035589684  0.006027730426  0.001001033767  0.001001033767  0.000000000000  0.000000000000  0.000000000000  0.014149810138  0.009068350409  0.013121421943  0.006027730426  0.022352118061  0.015175046458  0.008048034239  0.007035589684  
lophura_nycthemera 0.026578083145  0.014149810138  0.008048034239  0.007035589684  0.006027730426  0.001001033767  0.001001033767  0.000000000000  0.000000000000  0.000000000000  0.014149810138  0.009068350409  0.013121421943  0.006027730426  0.022352118061  0.015175046458  0.008048034239  0.007035589684  
lophura_inornata 0.026578083145  0.014149810138  0.008048034239  0.007035589684  0.006027730426  0.001001033767  0.001001033767  0.000000000000  0.000000000000  0.000000000000  0.014149810138  0.009068350409  0.013121421943  0.006027730426  0.022352118061  0.015175046458  0.008048034239  0.007035589684  
melgal2    0.024467165985  0.016193786559  0.010074054723  0.009058458902  0.008048034239  0.015175046458  0.015175046458  0.014149810138  0.014149810138  0.014149810138  0.000000000000  0.005017027724  0.015161583053  0.008048034239  0.025459553341  0.016193786559  0.010074054723  0.009058458902  
phasianus_colchicus 0.021388462885  0.011098128549  0.005021405253  0.004013110202  0.003009329636  0.010086147204  0.010086147204  0.009068350409  0.009068350409  0.009068350409  0.005017027724  0.000000000000  0.010074054723  0.003009329636  0.021334341045  0.012119110068  0.005021405253  0.004013110202  
syrmaticus_reevesii 0.027591175996  0.015161583053  0.009055931237  0.008043552888  0.007033633788  0.014143379515  0.014143379515  0.013121421943  0.013121421943  0.013121421943  0.015161583053  0.010074054723  0.000000000000  0.007033633788  0.025450557756  0.016186751483  0.009055931237  0.008043552888  
tragopan_blythii 0.020348888481  0.008048034239  0.002002795581  0.001000758694  0.000000000000  0.007039150925  0.007039150925  0.006027730426  0.006027730426  0.006027730426  0.008048034239  0.003009329636  0.007033633788  0.000000000000  0.018235975445  0.009062599623  0.002002795581  0.001000758694  
cyrtonyx_montezumae 0.033884662779  0.023399289789  0.018243621171  0.017214094441  0.018235975445  0.023389257425  0.023389257425  0.022352118061  0.022352118061  0.022352118061  0.025459553341  0.021334341045  0.025450557756  0.018235975445  0.000000000000  0.015154665841  0.018243621171  0.017214094441  
pavo_cristatus 0.027650205358  0.014157868823  0.009068350409  0.008052687961  0.009062599623  0.016202457594  0.016202457594  0.015175046458  0.015175046458  0.015175046458  0.016193786559  0.012119110068  0.016186751483  0.009062599623  0.015154665841  0.000000000000  0.009068350409  0.008052687961  
perdix_dauuricae 0.020365380866  0.008052687961  0.002004140777  0.001001033767  0.002002795581  0.009062599623  0.009062599623  0.008048034239  0.008048034239  0.008048034239  0.010074054723  0.005021405253  0.009055931237  0.002002795581  0.018243621171  0.009068350409  0.000000000000  0.001001033767  
alectoris_rufa 0.019326886106  0.007039150925  0.001001033767  0.000000000000  0.001000758694  0.008048034239  0.008048034239  0.007035589684  0.007035589684  0.007035589684  0.009058458902  0.004013110202  0.008043552888  0.001000758694  0.017214094441  0.008052687961  0.001001033767  0.000000000000  

