18
cyrtonyx_montezumae 0.000000000000  0.046454441134  0.053997988723  0.052949941116  0.056199687761  0.052949941116  0.052949941116  0.052949941116  0.053997988723  0.057271297347  0.056177792100  0.057249914305  0.062721966795  0.051863603188  0.045478999394  0.042227024310  0.047594238949  0.041189811771  
pavo_cristatus 0.046454441134  0.000000000000  0.031688127154  0.030659402384  0.033804251065  0.030659402384  0.030659402384  0.030659402384  0.031688127154  0.034847005396  0.033791808697  0.034835076015  0.039059049672  0.029610881152  0.022366297625  0.022348034082  0.027529460556  0.021304013608  
tragopan_blythii 0.053997988723  0.031688127154  0.000000000000  0.005018181646  0.008047383040  0.005018181646  0.005018181646  0.005018181646  0.010073099671  0.009057776325  0.008044527471  0.009055430234  0.015165323752  0.008044527471  0.019271501991  0.032738852448  0.035904452097  0.032738852448  
catreus_wallichi 0.052949941116  0.030659402384  0.005018181646  0.000000000000  0.003006808756  0.000000000000  0.000000000000  0.000000000000  0.007038522076  0.004011089608  0.003006038596  0.004010829012  0.012110003939  0.005018181646  0.016199321873  0.031710145212  0.034875797910  0.031710145212  
syrmaticus_ellioti 0.056199687761  0.033804251065  0.008047383040  0.003006808756  0.000000000000  0.003006808756  0.003006808756  0.003006808756  0.010078048232  0.007035160121  0.006024999057  0.007033344650  0.015172443626  0.008047383040  0.019281348199  0.034860580427  0.038043136213  0.034860580427  
crossoptilon_crossoptilon 0.052949941116  0.030659402384  0.005018181646  0.000000000000  0.003006808756  0.000000000000  0.000000000000  0.000000000000  0.007038522076  0.004011089608  0.003006038596  0.004010829012  0.012110003939  0.005018181646  0.016199321873  0.031710145212  0.034875797910  0.031710145212  
syrmaticus_reevesii 0.052949941116  0.030659402384  0.005018181646  0.000000000000  0.003006808756  0.000000000000  0.000000000000  0.000000000000  0.007038522076  0.004011089608  0.003006038596  0.004010829012  0.012110003939  0.005018181646  0.016199321873  0.031710145212  0.034875797910  0.031710145212  
chrysolophus_pictus 0.052949941116  0.030659402384  0.005018181646  0.000000000000  0.003006808756  0.000000000000  0.000000000000  0.000000000000  0.007038522076  0.004011089608  0.003006038596  0.004010829012  0.012110003939  0.005018181646  0.016199321873  0.031710145212  0.034875797910  0.031710145212  
lophura_inornata 0.053997988723  0.031688127154  0.010073099671  0.007038522076  0.010078048232  0.007038522076  0.007038522076  0.007038522076  0.000000000000  0.005025376552  0.004016219009  0.005021011016  0.019281348199  0.012110003939  0.019271501991  0.032738852448  0.035904452097  0.030659402384  
lophura_swinhoii 0.057271297347  0.034847005396  0.009057776325  0.004011089608  0.007035160121  0.004011089608  0.004011089608  0.004011089608  0.005025376552  0.000000000000  0.001001009591  0.002002767154  0.016191131581  0.009057776325  0.020304782125  0.035904452097  0.039090388692  0.033818333450  
lophura_nycthemera 0.056177792100  0.033791808697  0.008044527471  0.003006038596  0.006024999057  0.003006038596  0.003006038596  0.003006038596  0.004016219009  0.001001009591  0.000000000000  0.001000754244  0.015165323752  0.008044527471  0.019271501991  0.034847005396  0.038026134036  0.032763119069  
phasianus_colchicus 0.057249914305  0.034835076015  0.009055430234  0.004010829012  0.007033344650  0.004010829012  0.004010829012  0.004010829012  0.005021011016  0.002002767154  0.001000754244  0.000000000000  0.016184516632  0.009055430234  0.020295437302  0.035891387657  0.039073889825  0.033804251065  
perdix_dauuricae 0.062721966795  0.039059049672  0.015165323752  0.012110003939  0.015172443626  0.012110003939  0.012110003939  0.012110003939  0.019281348199  0.016191131581  0.015165323752  0.016184516632  0.000000000000  0.015165323752  0.026519803634  0.041189811771  0.044403219615  0.041189811771  
melgal2    0.051863603188  0.029610881152  0.008044527471  0.005018181646  0.008047383040  0.005018181646  0.005018181646  0.005018181646  0.012110003939  0.009057776325  0.008044527471  0.009055430234  0.015165323752  0.000000000000  0.015172443626  0.030659402384  0.033818333450  0.030659402384  
lophophorus_impejanus 0.045478999394  0.022366297625  0.019271501991  0.016199321873  0.019281348199  0.016199321873  0.016199321873  0.016199321873  0.019271501991  0.020304782125  0.019271501991  0.020295437302  0.026519803634  0.015172443626  0.000000000000  0.023404979668  0.028631274969  0.023404979668  
galgal4    0.042227024310  0.022348034082  0.032738852448  0.031710145212  0.034860580427  0.031710145212  0.031710145212  0.031710145212  0.032738852448  0.035904452097  0.034847005396  0.035891387657  0.041189811771  0.030659402384  0.023404979668  0.000000000000  0.015155806440  0.018233188574  
rollulus_rouloul 0.047594238949  0.027529460556  0.035904452097  0.034875797910  0.038043136213  0.034875797910  0.034875797910  0.034875797910  0.035904452097  0.039090388692  0.038026134036  0.039073889825  0.044403219615  0.033818333450  0.028631274969  0.015155806440  0.000000000000  0.023404979668  
alectoris_rufa 0.041189811771  0.021304013608  0.032738852448  0.031710145212  0.034860580427  0.031710145212  0.031710145212  0.031710145212  0.030659402384  0.033818333450  0.032763119069  0.033804251065  0.041189811771  0.030659402384  0.023404979668  0.018233188574  0.023404979668  0.000000000000  

