18
cyrtonyx_montezumae 0.000000000000  0.010089663891  0.014154588215  0.014154588215  0.014154588215  0.014154588215  0.016199788588  0.016199788588  0.022429608906  0.014154588215  0.021356995151  0.014154588215  0.014154588215  0.014154588215  0.014154588215  0.014154588215  0.017240332999  0.018273523638  
rollulus_rouloul 0.010089663891  0.000000000000  0.008049506178  0.008049506178  0.008049506178  0.008049506178  0.010076228684  0.010076228684  0.016234112303  0.008049506178  0.015180875572  0.008049506178  0.008049506178  0.008049506178  0.008049506178  0.008049506178  0.011101723111  0.012123638001  
lophura_nycthemera 0.014154588215  0.008049506178  0.000000000000  0.000000000000  0.000000000000  0.000000000000  0.002002862990  0.002002862990  0.009089051469  0.000000000000  0.007040547573  0.000000000000  0.000000000000  0.000000000000  0.000000000000  0.000000000000  0.003009808154  0.004017462123  
galgal4    0.014154588215  0.008049506178  0.000000000000  0.000000000000  0.000000000000  0.000000000000  0.002002862990  0.002002862990  0.009089051469  0.000000000000  0.007040547573  0.000000000000  0.000000000000  0.000000000000  0.000000000000  0.000000000000  0.003009808154  0.004017462123  
crossoptilon_crossoptilon 0.014154588215  0.008049506178  0.000000000000  0.000000000000  0.000000000000  0.000000000000  0.002002862990  0.002002862990  0.009089051469  0.000000000000  0.007040547573  0.000000000000  0.000000000000  0.000000000000  0.000000000000  0.000000000000  0.003009808154  0.004017462123  
syrmaticus_reevesii 0.014154588215  0.008049506178  0.000000000000  0.000000000000  0.000000000000  0.000000000000  0.002002862990  0.002002862990  0.009089051469  0.000000000000  0.007040547573  0.000000000000  0.000000000000  0.000000000000  0.000000000000  0.000000000000  0.003009808154  0.004017462123  
perdix_dauuricae 0.016199788588  0.010076228684  0.002002862990  0.002002862990  0.002002862990  0.002002862990  0.000000000000  0.000000000000  0.011121102673  0.002002862990  0.009064667151  0.002002862990  0.002002862990  0.002002862990  0.002002862990  0.002002862990  0.005022272830  0.006033155432  
lophophorus_impejanus 0.016199788588  0.010076228684  0.002002862990  0.002002862990  0.002002862990  0.002002862990  0.000000000000  0.000000000000  0.011121102673  0.002002862990  0.009064667151  0.002002862990  0.002002862990  0.002002862990  0.002002862990  0.002002862990  0.005022272830  0.006033155432  
phasianus_colchicus 0.022429608906  0.016234112303  0.009089051469  0.009089051469  0.009089051469  0.009089051469  0.011121102673  0.011121102673  0.000000000000  0.009089051469  0.016249099985  0.009089051469  0.009089051469  0.009089051469  0.009089051469  0.009089051469  0.012159015716  0.013186899068  
lophura_swinhoii 0.014154588215  0.008049506178  0.000000000000  0.000000000000  0.000000000000  0.000000000000  0.002002862990  0.002002862990  0.009089051469  0.000000000000  0.007040547573  0.000000000000  0.000000000000  0.000000000000  0.000000000000  0.000000000000  0.003009808154  0.004017462123  
lophura_inornata 0.021356995151  0.015180875572  0.007040547573  0.007040547573  0.007040547573  0.007040547573  0.009064667151  0.009064667151  0.016249099985  0.007040547573  0.000000000000  0.007040547573  0.007040547573  0.007040547573  0.007040547573  0.007040547573  0.010089663891  0.011110536070  
catreus_wallichi 0.014154588215  0.008049506178  0.000000000000  0.000000000000  0.000000000000  0.000000000000  0.002002862990  0.002002862990  0.009089051469  0.000000000000  0.007040547573  0.000000000000  0.000000000000  0.000000000000  0.000000000000  0.000000000000  0.003009808154  0.004017462123  
melgal2    0.014154588215  0.008049506178  0.000000000000  0.000000000000  0.000000000000  0.000000000000  0.002002862990  0.002002862990  0.009089051469  0.000000000000  0.007040547573  0.000000000000  0.000000000000  0.000000000000  0.000000000000  0.000000000000  0.003009808154  0.004017462123  
chrysolophus_pictus 0.014154588215  0.008049506178  0.000000000000  0.000000000000  0.000000000000  0.000000000000  0.002002862990  0.002002862990  0.009089051469  0.000000000000  0.007040547573  0.000000000000  0.000000000000  0.000000000000  0.000000000000  0.000000000000  0.003009808154  0.004017462123  
syrmaticus_ellioti 0.014154588215  0.008049506178  0.000000000000  0.000000000000  0.000000000000  0.000000000000  0.002002862990  0.002002862990  0.009089051469  0.000000000000  0.007040547573  0.000000000000  0.000000000000  0.000000000000  0.000000000000  0.000000000000  0.003009808154  0.004017462123  
pavo_cristatus 0.014154588215  0.008049506178  0.000000000000  0.000000000000  0.000000000000  0.000000000000  0.002002862990  0.002002862990  0.009089051469  0.000000000000  0.007040547573  0.000000000000  0.000000000000  0.000000000000  0.000000000000  0.000000000000  0.003009808154  0.004017462123  
tragopan_blythii 0.017240332999  0.011101723111  0.003009808154  0.003009808154  0.003009808154  0.003009808154  0.005022272830  0.005022272830  0.012159015716  0.003009808154  0.010089663891  0.003009808154  0.003009808154  0.003009808154  0.003009808154  0.003009808154  0.000000000000  0.007053712708  
alectoris_rufa 0.018273523638  0.012123638001  0.004017462123  0.004017462123  0.004017462123  0.004017462123  0.006033155432  0.006033155432  0.013186899068  0.004017462123  0.011110536070  0.004017462123  0.004017462123  0.004017462123  0.004017462123  0.004017462123  0.007053712708  0.000000000000  

