18
cyrtonyx_montezumae 0.000000000000  0.008053498011  0.016216067373  0.008053498011  0.010080452804  0.015163608149  0.013135626308  0.016196423829  0.016196423829  0.016196423829  0.016196423829  0.016196423829  0.018246899467  0.016196423829  0.016196423829  0.016196423829  0.018256511793  0.010080452804  
rollulus_rouloul 0.008053498011  0.000000000000  0.008053498011  0.000000000000  0.008048681804  0.013119142559  0.011093040496  0.014145231039  0.014145231039  0.014145231039  0.014145231039  0.014145231039  0.016189149971  0.014145231039  0.014145231039  0.014145231039  0.016196423829  0.008048681804  
galgal4    0.016216067373  0.008053498011  0.000000000000  0.008053498011  0.016205397318  0.021329168313  0.019289915640  0.022376701575  0.022376701575  0.022376701575  0.022376701575  0.022376701575  0.024445849167  0.022376701575  0.022376701575  0.022376701575  0.024459148603  0.016205397318  
pavo_cristatus 0.008053498011  0.000000000000  0.008053498011  0.000000000000  0.008048681804  0.013119142559  0.011093040496  0.014145231039  0.014145231039  0.014145231039  0.014145231039  0.014145231039  0.016189149971  0.014145231039  0.014145231039  0.014145231039  0.016196423829  0.008048681804  
tragopan_blythii 0.010080452804  0.008048681804  0.016205397318  0.008048681804  0.000000000000  0.005017455725  0.003007006462  0.006025563634  0.006025563634  0.006025563634  0.006025563634  0.006025563634  0.008045535303  0.006025563634  0.006025563634  0.006025563634  0.008048681804  0.000000000000  
lophophorus_impejanus 0.015163608149  0.013119142559  0.021329168313  0.013119142559  0.005017455725  0.000000000000  0.008044061584  0.011083438032  0.011083438032  0.011083438032  0.011083438032  0.011083438032  0.013117033629  0.011083438032  0.011083438032  0.011083438032  0.013119142559  0.005017455725  
melgal2    0.013135626308  0.011093040496  0.019289915640  0.011093040496  0.003007006462  0.008044061584  0.000000000000  0.009059199678  0.009059199678  0.009059199678  0.009059199678  0.009059199678  0.011088155121  0.009059199678  0.009059199678  0.009059199678  0.011093040496  0.003007006462  
lophura_swinhoii 0.016196423829  0.014145231039  0.022376701575  0.014145231039  0.006025563634  0.011083438032  0.009059199678  0.000000000000  0.000000000000  0.000000000000  0.000000000000  0.000000000000  0.002002829373  0.000000000000  0.000000000000  0.000000000000  0.002004221946  0.006025563634  
lophura_nycthemera 0.016196423829  0.014145231039  0.022376701575  0.014145231039  0.006025563634  0.011083438032  0.009059199678  0.000000000000  0.000000000000  0.000000000000  0.000000000000  0.000000000000  0.002002829373  0.000000000000  0.000000000000  0.000000000000  0.002004221946  0.006025563634  
syrmaticus_ellioti 0.016196423829  0.014145231039  0.022376701575  0.014145231039  0.006025563634  0.011083438032  0.009059199678  0.000000000000  0.000000000000  0.000000000000  0.000000000000  0.000000000000  0.002002829373  0.000000000000  0.000000000000  0.000000000000  0.002004221946  0.006025563634  
chrysolophus_pictus 0.016196423829  0.014145231039  0.022376701575  0.014145231039  0.006025563634  0.011083438032  0.009059199678  0.000000000000  0.000000000000  0.000000000000  0.000000000000  0.000000000000  0.002002829373  0.000000000000  0.000000000000  0.000000000000  0.002004221946  0.006025563634  
crossoptilon_crossoptilon 0.016196423829  0.014145231039  0.022376701575  0.014145231039  0.006025563634  0.011083438032  0.009059199678  0.000000000000  0.000000000000  0.000000000000  0.000000000000  0.000000000000  0.002002829373  0.000000000000  0.000000000000  0.000000000000  0.002004221946  0.006025563634  
perdix_dauuricae 0.018246899467  0.016189149971  0.024445849167  0.016189149971  0.008045535303  0.013117033629  0.011088155121  0.002002829373  0.002002829373  0.002002829373  0.002002829373  0.002002829373  0.000000000000  0.002002829373  0.002002829373  0.002002829373  0.004013310716  0.008045535303  
syrmaticus_reevesii 0.016196423829  0.014145231039  0.022376701575  0.014145231039  0.006025563634  0.011083438032  0.009059199678  0.000000000000  0.000000000000  0.000000000000  0.000000000000  0.000000000000  0.002002829373  0.000000000000  0.000000000000  0.000000000000  0.002004221946  0.006025563634  
lophura_inornata 0.016196423829  0.014145231039  0.022376701575  0.014145231039  0.006025563634  0.011083438032  0.009059199678  0.000000000000  0.000000000000  0.000000000000  0.000000000000  0.000000000000  0.002002829373  0.000000000000  0.000000000000  0.000000000000  0.002004221946  0.006025563634  
catreus_wallichi 0.016196423829  0.014145231039  0.022376701575  0.014145231039  0.006025563634  0.011083438032  0.009059199678  0.000000000000  0.000000000000  0.000000000000  0.000000000000  0.000000000000  0.002002829373  0.000000000000  0.000000000000  0.000000000000  0.002004221946  0.006025563634  
phasianus_colchicus 0.018256511793  0.016196423829  0.024459148603  0.016196423829  0.008048681804  0.013119142559  0.011093040496  0.002004221946  0.002004221946  0.002004221946  0.002004221946  0.002004221946  0.004013310716  0.002004221946  0.002004221946  0.002004221946  0.000000000000  0.008048681804  
alectoris_rufa 0.010080452804  0.008048681804  0.016205397318  0.008048681804  0.000000000000  0.005017455725  0.003007006462  0.006025563634  0.006025563634  0.006025563634  0.006025563634  0.006025563634  0.008045535303  0.006025563634  0.006025563634  0.006025563634  0.008048681804  0.000000000000  

