18
cyrtonyx_montezumae 0.000000000000  0.036213927640  0.022468714706  0.027722881413  0.026667487609  0.029840579363  0.027696731231  0.029840579363  0.026667487609  0.026667487609  0.031936645453  0.031936645453  0.026667487609  0.026667487609  0.026667487609  0.029840579363  0.022468714706  0.024563560433  
rollulus_rouloul 0.036213927640  0.000000000000  0.021445464806  0.026694105346  0.025639826374  0.028809559014  0.026667487609  0.030934274082  0.025639826374  0.025639826374  0.030902903670  0.030902903670  0.025639826374  0.025639826374  0.025639826374  0.026694105346  0.021445464806  0.023538114402  
galgal4    0.022468714706  0.021445464806  0.000000000000  0.005025934475  0.004016575102  0.007050972873  0.005021380940  0.009084496328  0.004016575102  0.004016575102  0.009075588308  0.009075588308  0.004016575102  0.004016575102  0.004016575102  0.007050972873  0.000000000000  0.004016575102  
phasianus_colchicus 0.027722881413  0.026694105346  0.005025934475  0.000000000000  0.001001031665  0.004016575102  0.002002797402  0.006037397470  0.001001031665  0.001001031665  0.006031762123  0.006031762123  0.001001031665  0.001001031665  0.001001031665  0.004016575102  0.005025934475  0.009084496328  
lophura_swinhoii 0.026667487609  0.025639826374  0.004016575102  0.001001031665  0.000000000000  0.003009310619  0.001000760726  0.005025934475  0.000000000000  0.000000000000  0.005021380940  0.005021380940  0.000000000000  0.000000000000  0.000000000000  0.003009310619  0.004016575102  0.008066669526  
tragopan_blythii 0.029840579363  0.028809559014  0.007050972873  0.004016575102  0.003009310619  0.000000000000  0.004013098886  0.008066669526  0.003009310619  0.003009310619  0.008058856966  0.008058856966  0.003009310619  0.003009310619  0.003009310619  0.006037397470  0.007050972873  0.011126576245  
catreus_wallichi 0.027696731231  0.026667487609  0.005021380940  0.002002797402  0.001000760726  0.004013098886  0.000000000000  0.006031762123  0.001000760726  0.001000760726  0.006027719818  0.006027719818  0.001000760726  0.001000760726  0.001000760726  0.004013098886  0.005021380940  0.009075588308  
syrmaticus_reevesii 0.029840579363  0.030934274082  0.009084496328  0.006037397470  0.005025934475  0.008066669526  0.006031762123  0.000000000000  0.005025934475  0.005025934475  0.010094454144  0.010094454144  0.005025934475  0.005025934475  0.005025934475  0.008066669526  0.009084496328  0.013177284936  
crossoptilon_crossoptilon 0.026667487609  0.025639826374  0.004016575102  0.001001031665  0.000000000000  0.003009310619  0.001000760726  0.005025934475  0.000000000000  0.000000000000  0.005021380940  0.005021380940  0.000000000000  0.000000000000  0.000000000000  0.003009310619  0.004016575102  0.008066669526  
chrysolophus_pictus 0.026667487609  0.025639826374  0.004016575102  0.001001031665  0.000000000000  0.003009310619  0.001000760726  0.005025934475  0.000000000000  0.000000000000  0.005021380940  0.005021380940  0.000000000000  0.000000000000  0.000000000000  0.003009310619  0.004016575102  0.008066669526  
lophura_nycthemera 0.031936645453  0.030902903670  0.009075588308  0.006031762123  0.005021380940  0.008058856966  0.006027719818  0.010094454144  0.005021380940  0.005021380940  0.000000000000  0.004016575102  0.005021380940  0.005021380940  0.005021380940  0.008058856966  0.009075588308  0.013163948716  
lophura_inornata 0.031936645453  0.030902903670  0.009075588308  0.006031762123  0.005021380940  0.008058856966  0.006027719818  0.010094454144  0.005021380940  0.005021380940  0.004016575102  0.000000000000  0.005021380940  0.005021380940  0.005021380940  0.008058856966  0.009075588308  0.013163948716  
syrmaticus_ellioti 0.026667487609  0.025639826374  0.004016575102  0.001001031665  0.000000000000  0.003009310619  0.001000760726  0.005025934475  0.000000000000  0.000000000000  0.005021380940  0.005021380940  0.000000000000  0.000000000000  0.000000000000  0.003009310619  0.004016575102  0.008066669526  
lophophorus_impejanus 0.026667487609  0.025639826374  0.004016575102  0.001001031665  0.000000000000  0.003009310619  0.001000760726  0.005025934475  0.000000000000  0.000000000000  0.005021380940  0.005021380940  0.000000000000  0.000000000000  0.000000000000  0.003009310619  0.004016575102  0.008066669526  
perdix_dauuricae 0.026667487609  0.025639826374  0.004016575102  0.001001031665  0.000000000000  0.003009310619  0.001000760726  0.005025934475  0.000000000000  0.000000000000  0.005021380940  0.005021380940  0.000000000000  0.000000000000  0.000000000000  0.003009310619  0.004016575102  0.008066669526  
melgal2    0.029840579363  0.026694105346  0.007050972873  0.004016575102  0.003009310619  0.006037397470  0.004013098886  0.008066669526  0.003009310619  0.003009310619  0.008058856966  0.008058856966  0.003009310619  0.003009310619  0.003009310619  0.000000000000  0.007050972873  0.011126576245  
pavo_cristatus 0.022468714706  0.021445464806  0.000000000000  0.005025934475  0.004016575102  0.007050972873  0.005021380940  0.009084496328  0.004016575102  0.004016575102  0.009075588308  0.009075588308  0.004016575102  0.004016575102  0.004016575102  0.007050972873  0.000000000000  0.004016575102  
alectoris_rufa 0.024563560433  0.023538114402  0.004016575102  0.009084496328  0.008066669526  0.011126576245  0.009075588308  0.013177284936  0.008066669526  0.008066669526  0.013163948716  0.013163948716  0.008066669526  0.008066669526  0.008066669526  0.011126576245  0.004016575102  0.000000000000  

