18
galgal4    0.000000000000  0.004011139587  0.013120660640  0.003006855115  0.003006054926  0.007033156496  0.003006855115  0.004012990622  0.003006855115  0.003006855115  0.004012990622  0.018261495394  0.018261495394  0.007035352942  0.003006855115  0.003006855115  0.003006855115  0.005021194586  
pavo_cristatus 0.004011139587  0.000000000000  0.009058081278  0.003006855115  0.003006054926  0.007033156496  0.003006855115  0.004012990622  0.003006855115  0.003006855115  0.004012990622  0.018261495394  0.018261495394  0.006025112002  0.003006855115  0.003006855115  0.003006855115  0.005021194586  
rollulus_rouloul 0.013120660640  0.009058081278  0.000000000000  0.012105099965  0.012101028282  0.016176693909  0.012105099965  0.013125813826  0.012105099965  0.012105099965  0.013125813826  0.027570131905  0.027570131905  0.015160578080  0.012105099965  0.012105099965  0.012105099965  0.014148656582  
lophophorus_impejanus 0.003006855115  0.003006855115  0.012105099965  0.000000000000  0.002002779594  0.006024285124  0.002004089350  0.003009213606  0.002004089350  0.002004089350  0.003009213606  0.017241174258  0.017241174258  0.006027509806  0.002004089350  0.002004089350  0.002004089350  0.004016402160  
cyrtonyx_montezumae 0.003006054926  0.003006054926  0.012101028282  0.002002779594  0.000000000000  0.006025032207  0.002002779594  0.003006855115  0.002002779594  0.002002779594  0.003006855115  0.017230047501  0.017230047501  0.006025112002  0.002002779594  0.002002779594  0.002002779594  0.004012990622  
tragopan_blythii 0.007033156496  0.007033156496  0.016176693909  0.006024285124  0.006025032207  0.000000000000  0.006024285124  0.007033466629  0.006024285124  0.006024285124  0.007033466629  0.021331856335  0.021331856335  0.010068101508  0.006024285124  0.006024285124  0.006024285124  0.008044729147  
lophura_nycthemera 0.003006855115  0.003006855115  0.012105099965  0.002004089350  0.002002779594  0.006024285124  0.000000000000  0.001001020945  0.000000000000  0.000000000000  0.001001020945  0.015182564338  0.015182564338  0.004011139587  0.000000000000  0.000000000000  0.000000000000  0.004016402160  
perdix_dauuricae 0.004012990622  0.004012990622  0.013125813826  0.003009213606  0.003006855115  0.007033466629  0.001001020945  0.000000000000  0.001001020945  0.001001020945  0.002004089350  0.016210789110  0.016210789110  0.005018288381  0.001001020945  0.001001020945  0.001001020945  0.005025663507  
syrmaticus_ellioti 0.003006855115  0.003006855115  0.012105099965  0.002004089350  0.002002779594  0.006024285124  0.000000000000  0.001001020945  0.000000000000  0.000000000000  0.001001020945  0.015182564338  0.015182564338  0.004011139587  0.000000000000  0.000000000000  0.000000000000  0.004016402160  
syrmaticus_reevesii 0.003006855115  0.003006855115  0.012105099965  0.002004089350  0.002002779594  0.006024285124  0.000000000000  0.001001020945  0.000000000000  0.000000000000  0.001001020945  0.015182564338  0.015182564338  0.004011139587  0.000000000000  0.000000000000  0.000000000000  0.004016402160  
catreus_wallichi 0.004012990622  0.004012990622  0.013125813826  0.003009213606  0.003006855115  0.007033466629  0.001001020945  0.002004089350  0.001001020945  0.001001020945  0.000000000000  0.016210789110  0.016210789110  0.005018288381  0.001001020945  0.001001020945  0.001001020945  0.005025663507  
melgal2    0.018261495394  0.018261495394  0.027570131905  0.017241174258  0.017230047501  0.021331856335  0.015182564338  0.016210789110  0.015182564338  0.015182564338  0.016210789110  0.000000000000  0.000000000000  0.019283379251  0.015182564338  0.015182564338  0.015182564338  0.019308462127  
lophura_inornata 0.018261495394  0.018261495394  0.027570131905  0.017241174258  0.017230047501  0.021331856335  0.015182564338  0.016210789110  0.015182564338  0.015182564338  0.016210789110  0.000000000000  0.000000000000  0.019283379251  0.015182564338  0.015182564338  0.015182564338  0.019308462127  
crossoptilon_crossoptilon 0.007035352942  0.006025112002  0.015160578080  0.006027509806  0.006025112002  0.010068101508  0.004011139587  0.005018288381  0.004011139587  0.004011139587  0.005018288381  0.019283379251  0.019283379251  0.000000000000  0.004011139587  0.004011139587  0.004011139587  0.008052204789  
lophura_swinhoii 0.003006855115  0.003006855115  0.012105099965  0.002004089350  0.002002779594  0.006024285124  0.000000000000  0.001001020945  0.000000000000  0.000000000000  0.001001020945  0.015182564338  0.015182564338  0.004011139587  0.000000000000  0.000000000000  0.000000000000  0.004016402160  
phasianus_colchicus 0.003006855115  0.003006855115  0.012105099965  0.002004089350  0.002002779594  0.006024285124  0.000000000000  0.001001020945  0.000000000000  0.000000000000  0.001001020945  0.015182564338  0.015182564338  0.004011139587  0.000000000000  0.000000000000  0.000000000000  0.004016402160  
chrysolophus_pictus 0.003006855115  0.003006855115  0.012105099965  0.002004089350  0.002002779594  0.006024285124  0.000000000000  0.001001020945  0.000000000000  0.000000000000  0.001001020945  0.015182564338  0.015182564338  0.004011139587  0.000000000000  0.000000000000  0.000000000000  0.004016402160  
alectoris_rufa 0.005021194586  0.005021194586  0.014148656582  0.004016402160  0.004012990622  0.008044729147  0.004016402160  0.005025663507  0.004016402160  0.004016402160  0.005025663507  0.019308462127  0.019308462127  0.008052204789  0.004016402160  0.004016402160  0.004016402160  0.000000000000  

