18
tragopan_blythii 0.000000000000  0.021458524184  0.023551562101  0.031919351194  0.022503936747  0.022503936747  0.022503936747  0.022503936747  0.022503936747  0.022503936747  0.022503936747  0.022503936747  0.140424833968  0.030947693835  0.029884312719  0.026707809074  0.021458524184  0.020375935284  
syrmaticus_ellioti 0.021458524184  0.000000000000  0.002004051802  0.010078145827  0.001001011584  0.001001011584  0.001001011584  0.001001011584  0.001001011584  0.001001011584  0.001001011584  0.001001011584  0.118680576671  0.009082833581  0.008065359379  0.007049972555  0.000000000000  0.015203559608  
rollulus_rouloul 0.023551562101  0.002004051802  0.000000000000  0.012117226380  0.003009128894  0.003009128894  0.003009128894  0.003009128894  0.003009128894  0.003009128894  0.003009128894  0.003009128894  0.121189694273  0.011124078578  0.010102403764  0.009082833581  0.002004051802  0.017266027965  
phasianus_colchicus 0.031919351194  0.010078145827  0.012117226380  0.000000000000  0.011096636018  0.011096636018  0.011096636018  0.011096636018  0.011096636018  0.011096636018  0.011096636018  0.011096636018  0.128429902431  0.019320899616  0.018285361986  0.016220763937  0.010078145827  0.025539025924  
chrysolophus_pictus 0.022503936747  0.001001011584  0.003009128894  0.011096636018  0.000000000000  0.000000000000  0.000000000000  0.000000000000  0.000000000000  0.000000000000  0.000000000000  0.000000000000  0.117430771818  0.008065359379  0.007049972555  0.008065359379  0.001001011584  0.016233719474  
perdix_dauuricae 0.022503936747  0.001001011584  0.003009128894  0.011096636018  0.000000000000  0.000000000000  0.000000000000  0.000000000000  0.000000000000  0.000000000000  0.000000000000  0.000000000000  0.117430771818  0.008065359379  0.007049972555  0.008065359379  0.001001011584  0.016233719474  
lophura_nycthemera 0.022503936747  0.001001011584  0.003009128894  0.011096636018  0.000000000000  0.000000000000  0.000000000000  0.000000000000  0.000000000000  0.000000000000  0.000000000000  0.000000000000  0.117430771818  0.008065359379  0.007049972555  0.008065359379  0.001001011584  0.016233719474  
lophura_inornata 0.022503936747  0.001001011584  0.003009128894  0.011096636018  0.000000000000  0.000000000000  0.000000000000  0.000000000000  0.000000000000  0.000000000000  0.000000000000  0.000000000000  0.117430771818  0.008065359379  0.007049972555  0.008065359379  0.001001011584  0.016233719474  
lophura_swinhoii 0.022503936747  0.001001011584  0.003009128894  0.011096636018  0.000000000000  0.000000000000  0.000000000000  0.000000000000  0.000000000000  0.000000000000  0.000000000000  0.000000000000  0.117430771818  0.008065359379  0.007049972555  0.008065359379  0.001001011584  0.016233719474  
melgal2    0.022503936747  0.001001011584  0.003009128894  0.011096636018  0.000000000000  0.000000000000  0.000000000000  0.000000000000  0.000000000000  0.000000000000  0.000000000000  0.000000000000  0.117430771818  0.008065359379  0.007049972555  0.008065359379  0.001001011584  0.016233719474  
catreus_wallichi 0.022503936747  0.001001011584  0.003009128894  0.011096636018  0.000000000000  0.000000000000  0.000000000000  0.000000000000  0.000000000000  0.000000000000  0.000000000000  0.000000000000  0.117430771818  0.008065359379  0.007049972555  0.008065359379  0.001001011584  0.016233719474  
crossoptilon_crossoptilon 0.022503936747  0.001001011584  0.003009128894  0.011096636018  0.000000000000  0.000000000000  0.000000000000  0.000000000000  0.000000000000  0.000000000000  0.000000000000  0.000000000000  0.117430771818  0.008065359379  0.007049972555  0.008065359379  0.001001011584  0.016233719474  
syrmaticus_reevesii 0.140424833968  0.118680576671  0.121189694273  0.128429902431  0.117430771818  0.117430771818  0.117430771818  0.117430771818  0.117430771818  0.117430771818  0.117430771818  0.117430771818  0.000000000000  0.126246415060  0.121189694273  0.126246415060  0.118680576671  0.136252467787  
cyrtonyx_montezumae 0.030947693835  0.009082833581  0.011124078578  0.019320899616  0.008065359379  0.008065359379  0.008065359379  0.008065359379  0.008065359379  0.008065359379  0.008065359379  0.008065359379  0.126246415060  0.000000000000  0.015231999113  0.016264328783  0.009082833581  0.024553110518  
lophophorus_impejanus 0.029884312719  0.008065359379  0.010102403764  0.018285361986  0.007049972555  0.007049972555  0.007049972555  0.007049972555  0.007049972555  0.007049972555  0.007049972555  0.007049972555  0.121189694273  0.015231999113  0.000000000000  0.015231999113  0.008065359379  0.023505506976  
galgal4    0.026707809074  0.007049972555  0.009082833581  0.016220763937  0.008065359379  0.008065359379  0.008065359379  0.008065359379  0.008065359379  0.008065359379  0.008065359379  0.008065359379  0.126246415060  0.016264328783  0.015231999113  0.000000000000  0.007049972555  0.022460116131  
pavo_cristatus 0.021458524184  0.000000000000  0.002004051802  0.010078145827  0.001001011584  0.001001011584  0.001001011584  0.001001011584  0.001001011584  0.001001011584  0.001001011584  0.001001011584  0.118680576671  0.009082833581  0.008065359379  0.007049972555  0.000000000000  0.015203559608  
alectoris_rufa 0.020375935284  0.015203559608  0.017266027965  0.025539025924  0.016233719474  0.016233719474  0.016233719474  0.016233719474  0.016233719474  0.016233719474  0.016233719474  0.016233719474  0.136252467787  0.024553110518  0.023505506976  0.022460116131  0.015203559608  0.000000000000  

