18
galgal4    0.000000000000  0.033928993100  0.108766842941  0.059724514971  0.065308793047  0.051048785191  0.058693576747  0.044578744566  0.049889738276  0.041312694720  0.048862616971  0.041287683696  0.050981521128  0.045601724705  0.068320078992  0.061766467197  0.079954773785  0.033905660946  
pavo_cristatus 0.033928993100  0.000000000000  0.111349589137  0.058778894095  0.062129876208  0.047913378488  0.055535419286  0.039305952441  0.046750373988  0.038200975464  0.045731845572  0.038172813059  0.047839844700  0.042477828719  0.062876739672  0.057473510208  0.081231927962  0.048931767371  
cyrtonyx_montezumae 0.108766842941  0.111349589137  0.000000000000  0.136686492228  0.139235257680  0.124477193569  0.136884613188  0.122167685083  0.128044318846  0.118372476692  0.125723925078  0.118291143431  0.128044318846  0.119522059646  0.143673450832  0.141495290976  0.159502922435  0.129297398767  
syrmaticus_reevesii 0.059724514971  0.058778894095  0.136686492228  0.000000000000  0.042388840137  0.026542357529  0.043467377834  0.028641374309  0.038098506613  0.027574487366  0.033884012699  0.026513863407  0.042338083896  0.042388840137  0.072856458176  0.067383239768  0.097069165550  0.078802226092  
syrmaticus_ellioti 0.065308793047  0.062129876208  0.139235257680  0.042388840137  0.000000000000  0.024482886851  0.048896326131  0.036060282384  0.043467377834  0.032844711346  0.040291636683  0.032824254782  0.048830642848  0.045631672780  0.075123475709  0.065142104278  0.099589501983  0.085758942561  
phasianus_colchicus 0.051048785191  0.047913378488  0.124477193569  0.026542357529  0.024482886851  0.000000000000  0.032866849132  0.020348500987  0.027590730785  0.017231879311  0.024482886851  0.017222139909  0.032824254782  0.031807025351  0.062911273625  0.056404541828  0.085572899772  0.068740680643  
lophura_swinhoii 0.058693576747  0.055535419286  0.136884613188  0.043467377834  0.048896326131  0.032866849132  0.000000000000  0.019311207294  0.028641374309  0.018263626936  0.025529063809  0.020320592936  0.042388840137  0.039217805341  0.070678575674  0.061871527782  0.090249304185  0.074324266120  
lophura_nycthemera 0.044578744566  0.039305952441  0.122167685083  0.028641374309  0.036060282384  0.020348500987  0.019311207294  0.000000000000  0.015184068610  0.005021382045  0.012128023959  0.007039120923  0.028641374309  0.025529063809  0.056338559902  0.049889738276  0.076559695317  0.062082372534  
chrysolophus_pictus 0.049889738276  0.046750373988  0.128044318846  0.038098506613  0.043467377834  0.027590730785  0.028641374309  0.015184068610  0.000000000000  0.012105797998  0.019285575069  0.014143349086  0.035967483670  0.031766806650  0.061735039792  0.057440117076  0.084410807754  0.067513573784  
catreus_wallichi 0.041312694720  0.038200975464  0.118372476692  0.027574487366  0.032844711346  0.017231879311  0.018263626936  0.005021382045  0.012105797998  0.000000000000  0.007044257392  0.004010901598  0.025482323550  0.022383499716  0.053022303060  0.046603054508  0.073080202415  0.058693576747  
crossoptilon_crossoptilon 0.048862616971  0.045731845572  0.125723925078  0.033884012699  0.040291636683  0.024482886851  0.025529063809  0.012128023959  0.019285575069  0.007044257392  0.000000000000  0.011091741815  0.031766806650  0.029694297956  0.060690653478  0.054203780848  0.081051905394  0.066480906480  
lophura_inornata 0.041287683696  0.038172813059  0.118291143431  0.026513863407  0.032824254782  0.017222139909  0.020320592936  0.007039120923  0.014143349086  0.004010901598  0.011091741815  0.000000000000  0.025470065274  0.022371372323  0.052997558776  0.046578793546  0.073031793113  0.058653568480  
perdix_dauuricae 0.050981521128  0.047839844700  0.128044318846  0.042338083896  0.048830642848  0.032824254782  0.042388840137  0.028641374309  0.035967483670  0.025482323550  0.031766806650  0.025470065274  0.000000000000  0.031766806650  0.061735039792  0.056338559902  0.082094940943  0.066387695824  
melgal2    0.045601724705  0.042477828719  0.119522059646  0.042388840137  0.045631672780  0.031807025351  0.039217805341  0.025529063809  0.031766806650  0.022383499716  0.029694297956  0.022371372323  0.031766806650  0.000000000000  0.057378664775  0.048745160790  0.080941139767  0.063110858500  
lophophorus_impejanus 0.068320078992  0.062876739672  0.143673450832  0.072856458176  0.075123475709  0.062911273625  0.070678575674  0.056338559902  0.061735039792  0.053022303060  0.060690653478  0.052997558776  0.061735039792  0.057378664775  0.000000000000  0.032788397376  0.107222697952  0.087566800021  
tragopan_blythii 0.061766467197  0.057473510208  0.141495290976  0.067383239768  0.065142104278  0.056404541828  0.061871527782  0.049889738276  0.057440117076  0.046603054508  0.054203780848  0.046578793546  0.056338559902  0.048745160790  0.032788397376  0.000000000000  0.100310868861  0.080837801190  
rollulus_rouloul 0.079954773785  0.081231927962  0.159502922435  0.097069165550  0.099589501983  0.085572899772  0.090249304185  0.076559695317  0.084410807754  0.073080202415  0.081051905394  0.073031793113  0.082094940943  0.080941139767  0.107222697952  0.100310868861  0.000000000000  0.098697729729  
alectoris_rufa 0.033905660946  0.048931767371  0.129297398767  0.078802226092  0.085758942561  0.068740680643  0.074324266120  0.062082372534  0.067513573784  0.058693576747  0.066480906480  0.058653568480  0.066387695824  0.063110858500  0.087566800021  0.080837801190  0.098697729729  0.000000000000  

