18
cyrtonyx_montezumae 0.000000000000  0.024453476126  0.015165804759  0.024453476126  0.027594069284  0.037118031924  0.027594069284  0.027594069284  0.027594069284  0.030756169392  0.031815033170  0.030736018920  0.030736018920  0.027594069284  0.027594069284  0.027594069284  0.027594069284  0.016199745319  
galgal4    0.024453476126  0.000000000000  0.011110414282  0.020362967233  0.023494215862  0.032985569908  0.023494215862  0.023494215862  0.023494215862  0.026646843209  0.027702520448  0.026622850090  0.026622850090  0.023494215862  0.023494215862  0.023494215862  0.023494215862  0.020346614837  
pavo_cristatus 0.015165804759  0.011110414282  0.000000000000  0.009070985206  0.012133516630  0.021423744816  0.012133516630  0.012133516630  0.012133516630  0.015216495664  0.016248746606  0.015202845317  0.015202845317  0.012133516630  0.012133516630  0.012133516630  0.012133516630  0.009064642994  
rollulus_rouloul 0.024453476126  0.020362967233  0.009070985206  0.000000000000  0.019323918571  0.028734030003  0.019323918571  0.019323918571  0.019323918571  0.022448105248  0.023494215862  0.020346614837  0.022429228985  0.019323918571  0.019323918571  0.019323918571  0.019323918571  0.018273351599  
crossoptilon_crossoptilon 0.027594069284  0.023494215862  0.012133516630  0.019323918571  0.000000000000  0.009079060405  0.000000000000  0.000000000000  0.000000000000  0.003009787877  0.004017425971  0.003007133611  0.005022250646  0.000000000000  0.000000000000  0.000000000000  0.000000000000  0.021386747779  
lophophorus_impejanus 0.037118031924  0.032985569908  0.021423744816  0.028734030003  0.009079060405  0.000000000000  0.009079060405  0.009079060405  0.009079060405  0.012145230220  0.011120909703  0.012133516630  0.014186547175  0.009079060405  0.009079060405  0.009079060405  0.009079060405  0.030827507727  
catreus_wallichi 0.027594069284  0.023494215862  0.012133516630  0.019323918571  0.000000000000  0.009079060405  0.000000000000  0.000000000000  0.000000000000  0.003009787877  0.004017425971  0.003007133611  0.005022250646  0.000000000000  0.000000000000  0.000000000000  0.000000000000  0.021386747779  
perdix_dauuricae 0.027594069284  0.023494215862  0.012133516630  0.019323918571  0.000000000000  0.009079060405  0.000000000000  0.000000000000  0.000000000000  0.003009787877  0.004017425971  0.003007133611  0.005022250646  0.000000000000  0.000000000000  0.000000000000  0.000000000000  0.021386747779  
lophura_swinhoii 0.027594069284  0.023494215862  0.012133516630  0.019323918571  0.000000000000  0.009079060405  0.000000000000  0.000000000000  0.000000000000  0.003009787877  0.004017425971  0.003007133611  0.005022250646  0.000000000000  0.000000000000  0.000000000000  0.000000000000  0.021386747779  
chrysolophus_pictus 0.030756169392  0.026646843209  0.015216495664  0.022448105248  0.003009787877  0.012145230220  0.003009787877  0.003009787877  0.003009787877  0.000000000000  0.007053601017  0.006033116566  0.008061511661  0.003009787877  0.003009787877  0.003009787877  0.003009787877  0.024521278773  
syrmaticus_ellioti 0.031815033170  0.027702520448  0.016248746606  0.023494215862  0.004017425971  0.011120909703  0.004017425971  0.004017425971  0.004017425971  0.007053601017  0.000000000000  0.007046200320  0.009079060405  0.004017425971  0.004017425971  0.004017425971  0.004017425971  0.025570868826  
syrmaticus_reevesii 0.030736018920  0.026622850090  0.015202845317  0.020346614837  0.003007133611  0.012133516630  0.003007133611  0.003007133611  0.003007133611  0.006033116566  0.007046200320  0.000000000000  0.008054638586  0.003007133611  0.003007133611  0.003007133611  0.003007133611  0.024501641839  
melgal2    0.030736018920  0.026622850090  0.015202845317  0.022429228985  0.005022250646  0.014186547175  0.005022250646  0.005022250646  0.005022250646  0.008061511661  0.009079060405  0.008054638586  0.000000000000  0.005022250646  0.005022250646  0.005022250646  0.005022250646  0.024501641839  
lophura_nycthemera 0.027594069284  0.023494215862  0.012133516630  0.019323918571  0.000000000000  0.009079060405  0.000000000000  0.000000000000  0.000000000000  0.003009787877  0.004017425971  0.003007133611  0.005022250646  0.000000000000  0.000000000000  0.000000000000  0.000000000000  0.021386747779  
tragopan_blythii 0.027594069284  0.023494215862  0.012133516630  0.019323918571  0.000000000000  0.009079060405  0.000000000000  0.000000000000  0.000000000000  0.003009787877  0.004017425971  0.003007133611  0.005022250646  0.000000000000  0.000000000000  0.000000000000  0.000000000000  0.021386747779  
lophura_inornata 0.027594069284  0.023494215862  0.012133516630  0.019323918571  0.000000000000  0.009079060405  0.000000000000  0.000000000000  0.000000000000  0.003009787877  0.004017425971  0.003007133611  0.005022250646  0.000000000000  0.000000000000  0.000000000000  0.000000000000  0.021386747779  
phasianus_colchicus 0.027594069284  0.023494215862  0.012133516630  0.019323918571  0.000000000000  0.009079060405  0.000000000000  0.000000000000  0.000000000000  0.003009787877  0.004017425971  0.003007133611  0.005022250646  0.000000000000  0.000000000000  0.000000000000  0.000000000000  0.021386747779  
alectoris_rufa 0.016199745319  0.020346614837  0.009064642994  0.018273351599  0.021386747779  0.030827507727  0.021386747779  0.021386747779  0.021386747779  0.024521278773  0.025570868826  0.024501641839  0.024501641839  0.021386747779  0.021386747779  0.021386747779  0.021386747779  0.000000000000  

