18
perdix_dauuricae 0.000000000000  0.000000000000  0.000000000000  0.006028515374  0.000000000000  0.000000000000  0.040251892779  0.006025803574  0.006028515374  0.003009753803  0.000000000000  0.000000000000  0.005018882956  0.000000000000  0.009056055369  0.000000000000  0.005027172540  0.000000000000  
lophura_inornata 0.000000000000  0.000000000000  0.000000000000  0.006028515374  0.000000000000  0.000000000000  0.040251892779  0.006025803574  0.006028515374  0.003009753803  0.000000000000  0.000000000000  0.005018882956  0.000000000000  0.009056055369  0.000000000000  0.005027172540  0.000000000000  
syrmaticus_reevesii 0.000000000000  0.000000000000  0.000000000000  0.006028515374  0.000000000000  0.000000000000  0.040251892779  0.006025803574  0.006028515374  0.003009753803  0.000000000000  0.000000000000  0.005018882956  0.000000000000  0.009056055369  0.000000000000  0.005027172540  0.000000000000  
catreus_wallichi 0.006028515374  0.006028515374  0.006028515374  0.000000000000  0.006028515374  0.006028515374  0.046678748268  0.012108448390  0.011094268925  0.009070679687  0.006028515374  0.006028515374  0.011094268925  0.006028515374  0.014138124468  0.006028515374  0.011109942409  0.006028515374  
lophura_nycthemera 0.000000000000  0.000000000000  0.000000000000  0.006028515374  0.000000000000  0.000000000000  0.040251892779  0.006025803574  0.006028515374  0.003009753803  0.000000000000  0.000000000000  0.005018882956  0.000000000000  0.009056055369  0.000000000000  0.005027172540  0.000000000000  
lophura_swinhoii 0.000000000000  0.000000000000  0.000000000000  0.006028515374  0.000000000000  0.000000000000  0.040251892779  0.006025803574  0.006028515374  0.003009753803  0.000000000000  0.000000000000  0.005018882956  0.000000000000  0.009056055369  0.000000000000  0.005027172540  0.000000000000  
phasianus_colchicus 0.040251892779  0.040251892779  0.040251892779  0.046678748268  0.040251892779  0.040251892779  0.000000000000  0.040227486075  0.042405173286  0.043485577647  0.040251892779  0.040251892779  0.045593484085  0.040251892779  0.049829817529  0.040251892779  0.045653973324  0.040251892779  
lophophorus_impejanus 0.006025803574  0.006025803574  0.006025803574  0.012108448390  0.006025803574  0.006025803574  0.040227486075  0.000000000000  0.008049304665  0.009064378639  0.006025803574  0.006025803574  0.011089085723  0.006025803574  0.015157687317  0.006025803574  0.011101222158  0.006025803574  
tragopan_blythii 0.006028515374  0.006028515374  0.006028515374  0.011094268925  0.006028515374  0.006028515374  0.042405173286  0.008049304665  0.000000000000  0.009070679687  0.006028515374  0.006028515374  0.011094268925  0.006028515374  0.015160592983  0.006028515374  0.011109942409  0.006028515374  
melgal2    0.003009753803  0.003009753803  0.003009753803  0.009070679687  0.003009753803  0.003009753803  0.043485577647  0.009064378639  0.009070679687  0.000000000000  0.003009753803  0.003009753803  0.008054404058  0.003009753803  0.012103829304  0.003009753803  0.008069866172  0.003009753803  
crossoptilon_crossoptilon 0.000000000000  0.000000000000  0.000000000000  0.006028515374  0.000000000000  0.000000000000  0.040251892779  0.006025803574  0.006028515374  0.003009753803  0.000000000000  0.000000000000  0.005018882956  0.000000000000  0.009056055369  0.000000000000  0.005027172540  0.000000000000  
chrysolophus_pictus 0.000000000000  0.000000000000  0.000000000000  0.006028515374  0.000000000000  0.000000000000  0.040251892779  0.006025803574  0.006028515374  0.003009753803  0.000000000000  0.000000000000  0.005018882956  0.000000000000  0.009056055369  0.000000000000  0.005027172540  0.000000000000  
pavo_cristatus 0.005018882956  0.005018882956  0.005018882956  0.011094268925  0.005018882956  0.005018882956  0.045593484085  0.011089085723  0.011094268925  0.008054404058  0.005018882956  0.005018882956  0.000000000000  0.005018882956  0.014138124468  0.005018882956  0.010089189190  0.005018882956  
galgal4    0.000000000000  0.000000000000  0.000000000000  0.006028515374  0.000000000000  0.000000000000  0.040251892779  0.006025803574  0.006028515374  0.003009753803  0.000000000000  0.000000000000  0.005018882956  0.000000000000  0.009056055369  0.000000000000  0.005027172540  0.000000000000  
cyrtonyx_montezumae 0.009056055369  0.009056055369  0.009056055369  0.014138124468  0.009056055369  0.009056055369  0.049829817529  0.015157687317  0.015160592983  0.012103829304  0.009056055369  0.009056055369  0.014138124468  0.009056055369  0.000000000000  0.009056055369  0.014146873049  0.009056055369  
syrmaticus_ellioti 0.000000000000  0.000000000000  0.000000000000  0.006028515374  0.000000000000  0.000000000000  0.040251892779  0.006025803574  0.006028515374  0.003009753803  0.000000000000  0.000000000000  0.005018882956  0.000000000000  0.009056055369  0.000000000000  0.005027172540  0.000000000000  
rollulus_rouloul 0.005027172540  0.005027172540  0.005027172540  0.011109942409  0.005027172540  0.005027172540  0.045653973324  0.011101222158  0.011109942409  0.008069866172  0.005027172540  0.005027172540  0.010089189190  0.005027172540  0.014146873049  0.005027172540  0.000000000000  0.005027172540  
alectoris_rufa 0.000000000000  0.000000000000  0.000000000000  0.006028515374  0.000000000000  0.000000000000  0.040251892779  0.006025803574  0.006028515374  0.003009753803  0.000000000000  0.000000000000  0.005018882956  0.000000000000  0.009056055369  0.000000000000  0.005027172540  0.000000000000  

