18
galgal4    0.000000000000  0.004013314348  0.012120985129  0.010087599361  0.010087599361  0.010087599361  0.010087599361  0.010087599361  0.009069465769  0.006028111872  0.006028111872  0.006028111872  0.001001055590  0.016216129449  0.003009527143  0.001001055590  0.001001055590  0.004016961112  
melgal2    0.004013314348  0.000000000000  0.014160231296  0.012120985129  0.012120985129  0.012120985129  0.012120985129  0.012120985129  0.011099620048  0.008048654427  0.008048654427  0.008048654427  0.003007004554  0.018267859351  0.005021763582  0.003007004554  0.003007004554  0.008060039378  
pavo_cristatus 0.012120985129  0.014160231296  0.000000000000  0.020339353103  0.020339353103  0.020339353103  0.020339353103  0.020339353103  0.019302475413  0.016205372795  0.016205372795  0.016205372795  0.011099620048  0.026568308353  0.013144554214  0.011099620048  0.011099620048  0.016228581133  
lophura_swinhoii 0.010087599361  0.012120985129  0.020339353103  0.000000000000  0.000000000000  0.000000000000  0.000000000000  0.000000000000  0.005026539309  0.004016961112  0.004016961112  0.004016961112  0.009069465769  0.024491072621  0.011107923017  0.009069465769  0.009069465769  0.014182129106  
catreus_wallichi 0.010087599361  0.012120985129  0.020339353103  0.000000000000  0.000000000000  0.000000000000  0.000000000000  0.000000000000  0.005026539309  0.004016961112  0.004016961112  0.004016961112  0.009069465769  0.024491072621  0.011107923017  0.009069465769  0.009069465769  0.014182129106  
lophura_inornata 0.010087599361  0.012120985129  0.020339353103  0.000000000000  0.000000000000  0.000000000000  0.000000000000  0.000000000000  0.005026539309  0.004016961112  0.004016961112  0.004016961112  0.009069465769  0.024491072621  0.011107923017  0.009069465769  0.009069465769  0.014182129106  
crossoptilon_crossoptilon 0.010087599361  0.012120985129  0.020339353103  0.000000000000  0.000000000000  0.000000000000  0.000000000000  0.000000000000  0.005026539309  0.004016961112  0.004016961112  0.004016961112  0.009069465769  0.024491072621  0.011107923017  0.009069465769  0.009069465769  0.014182129106  
lophura_nycthemera 0.010087599361  0.012120985129  0.020339353103  0.000000000000  0.000000000000  0.000000000000  0.000000000000  0.000000000000  0.005026539309  0.004016961112  0.004016961112  0.004016961112  0.009069465769  0.024491072621  0.011107923017  0.009069465769  0.009069465769  0.014182129106  
syrmaticus_reevesii 0.009069465769  0.011099620048  0.019302475413  0.005026539309  0.005026539309  0.005026539309  0.005026539309  0.005026539309  0.000000000000  0.003009527143  0.003009527143  0.003009527143  0.008053512862  0.023446260569  0.010087599361  0.008053512862  0.008053512862  0.013155178355  
chrysolophus_pictus 0.006028111872  0.008048654427  0.016205372795  0.004016961112  0.004016961112  0.004016961112  0.004016961112  0.004016961112  0.003009527143  0.000000000000  0.000000000000  0.000000000000  0.005018645325  0.020325562197  0.007039731317  0.005018645325  0.005018645325  0.010087599361  
phasianus_colchicus 0.006028111872  0.008048654427  0.016205372795  0.004016961112  0.004016961112  0.004016961112  0.004016961112  0.004016961112  0.003009527143  0.000000000000  0.000000000000  0.000000000000  0.005018645325  0.020325562197  0.007039731317  0.005018645325  0.005018645325  0.010087599361  
syrmaticus_ellioti 0.006028111872  0.008048654427  0.016205372795  0.004016961112  0.004016961112  0.004016961112  0.004016961112  0.004016961112  0.003009527143  0.000000000000  0.000000000000  0.000000000000  0.005018645325  0.020325562197  0.007039731317  0.005018645325  0.005018645325  0.010087599361  
tragopan_blythii 0.001001055590  0.003007004554  0.011099620048  0.009069465769  0.009069465769  0.009069465769  0.009069465769  0.009069465769  0.008053512862  0.005018645325  0.005018645325  0.005018645325  0.000000000000  0.015187066522  0.002004228313  0.000000000000  0.000000000000  0.005026539309  
rollulus_rouloul 0.016216129449  0.018267859351  0.026568308353  0.024491072621  0.024491072621  0.024491072621  0.024491072621  0.024491072621  0.023446260569  0.020325562197  0.020325562197  0.020325562197  0.015187066522  0.000000000000  0.017247429765  0.015187066522  0.015187066522  0.020354852866  
cyrtonyx_montezumae 0.003009527143  0.005021763582  0.013144554214  0.011107923017  0.011107923017  0.011107923017  0.011107923017  0.011107923017  0.010087599361  0.007039731317  0.007039731317  0.007039731317  0.002004228313  0.017247429765  0.000000000000  0.002004228313  0.002004228313  0.007052165032  
lophophorus_impejanus 0.001001055590  0.003007004554  0.011099620048  0.009069465769  0.009069465769  0.009069465769  0.009069465769  0.009069465769  0.008053512862  0.005018645325  0.005018645325  0.005018645325  0.000000000000  0.015187066522  0.002004228313  0.000000000000  0.000000000000  0.005026539309  
perdix_dauuricae 0.001001055590  0.003007004554  0.011099620048  0.009069465769  0.009069465769  0.009069465769  0.009069465769  0.009069465769  0.008053512862  0.005018645325  0.005018645325  0.005018645325  0.000000000000  0.015187066522  0.002004228313  0.000000000000  0.000000000000  0.005026539309  
alectoris_rufa 0.004016961112  0.008060039378  0.016228581133  0.014182129106  0.014182129106  0.014182129106  0.014182129106  0.014182129106  0.013155178355  0.010087599361  0.010087599361  0.010087599361  0.005026539309  0.020354852866  0.007052165032  0.005026539309  0.005026539309  0.000000000000  

