18
cyrtonyx_montezumae 0.000000000000  0.060608430075  0.035895834756  0.045448081862  0.036941924436  0.043287547057  0.052960480985  0.040129199997  0.036941924436  0.036941924436  0.036941924436  0.037989657330  0.046474205730  0.039050911166  0.053934167863  0.042219408264  0.062736796607  0.057360009875  
rollulus_rouloul 0.060608430075  0.000000000000  0.043378963856  0.050878631349  0.042284395654  0.048684246229  0.055166516766  0.045510116308  0.042284395654  0.042284395654  0.042284395654  0.043337298046  0.051894539607  0.044411338459  0.059391977246  0.047603153401  0.068327418533  0.058490698428  
lophophorus_impejanus 0.035895834756  0.043378963856  0.000000000000  0.009062062478  0.005016949106  0.011083506883  0.020297078167  0.008047655953  0.005016949106  0.005016949106  0.005016949106  0.006024290266  0.014134737323  0.007033466874  0.023362629275  0.010068106430  0.032782331034  0.024462739045  
tragopan_blythii 0.045448081862  0.050878631349  0.009062062478  0.000000000000  0.014142367011  0.020289114066  0.029638667141  0.017220400499  0.014142367011  0.014142367011  0.014142367011  0.015160537136  0.023378468226  0.016185455931  0.032717520725  0.019257775122  0.042304882489  0.033876348962  
phasianus_colchicus 0.036941924436  0.042284395654  0.005016949106  0.014142367011  0.000000000000  0.006025107845  0.015173532233  0.003009201310  0.000000000000  0.000000000000  0.000000000000  0.001000756054  0.009055641906  0.002002779139  0.018221004818  0.005016949106  0.027569780314  0.019308179111  
catreus_wallichi 0.043287547057  0.048684246229  0.011083506883  0.020289114066  0.006025107845  0.000000000000  0.009067636317  0.005016949106  0.006025107845  0.006025107845  0.006025107845  0.007033466874  0.015156438866  0.008044721704  0.022333838738  0.011083506883  0.033839136502  0.025507278832  
galgal4    0.052960480985  0.055166516766  0.020297078167  0.029638667141  0.015173532233  0.009067636317  0.000000000000  0.014148576145  0.015173532233  0.015173532233  0.015173532233  0.016192244126  0.024425472447  0.017220400499  0.031691335338  0.020297078167  0.043402336815  0.034960019046  
chrysolophus_pictus 0.040129199997  0.045510116308  0.008047655953  0.017220400499  0.003009201310  0.005016949106  0.014148576145  0.000000000000  0.003009201310  0.003009201310  0.003009201310  0.004012980202  0.012105059669  0.005021175023  0.021305145237  0.008047655953  0.030723416655  0.022425404544  
lophura_nycthemera 0.036941924436  0.042284395654  0.005016949106  0.014142367011  0.000000000000  0.006025107845  0.015173532233  0.003009201310  0.000000000000  0.000000000000  0.000000000000  0.001000756054  0.009055641906  0.002002779139  0.018221004818  0.005016949106  0.027569780314  0.019308179111  
syrmaticus_ellioti 0.036941924436  0.042284395654  0.005016949106  0.014142367011  0.000000000000  0.006025107845  0.015173532233  0.003009201310  0.000000000000  0.000000000000  0.000000000000  0.001000756054  0.009055641906  0.002002779139  0.018221004818  0.005016949106  0.027569780314  0.019308179111  
lophura_inornata 0.036941924436  0.042284395654  0.005016949106  0.014142367011  0.000000000000  0.006025107845  0.015173532233  0.003009201310  0.000000000000  0.000000000000  0.000000000000  0.001000756054  0.009055641906  0.002002779139  0.018221004818  0.005016949106  0.027569780314  0.019308179111  
crossoptilon_crossoptilon 0.037989657330  0.043337298046  0.006024290266  0.015160537136  0.001000756054  0.007033466874  0.016192244126  0.004012980202  0.001000756054  0.001000756054  0.001000756054  0.000000000000  0.010068106430  0.003006056205  0.019246522970  0.006024290266  0.028603422834  0.020330650085  
melgal2    0.046474205730  0.051894539607  0.014134737323  0.023378468226  0.009055641906  0.015156438866  0.024425472447  0.012105059669  0.009055641906  0.009055641906  0.009055641906  0.010068106430  0.000000000000  0.007033466874  0.025431600149  0.010068106430  0.031727795015  0.024462739045  
syrmaticus_reevesii 0.039050911166  0.044411338459  0.007033466874  0.016185455931  0.002002779139  0.008044721704  0.017220400499  0.005021175023  0.002002779139  0.002002779139  0.002002779139  0.003006056205  0.007033466874  0.000000000000  0.018221916814  0.003006056205  0.025492101637  0.017253647572  
perdix_dauuricae 0.053934167863  0.059391977246  0.023362629275  0.032717520725  0.018221004818  0.022333838738  0.031691335338  0.021305145237  0.018221004818  0.018221004818  0.018221004818  0.019246522970  0.025431600149  0.018221916814  0.000000000000  0.015153944238  0.044374082398  0.035924373049  
lophura_swinhoii 0.042219408264  0.047603153401  0.010068106430  0.019257775122  0.005016949106  0.011083506883  0.020297078167  0.008047655953  0.005016949106  0.005016949106  0.005016949106  0.006024290266  0.010068106430  0.003006056205  0.015153944238  0.000000000000  0.028603422834  0.020330650085  
pavo_cristatus 0.062736796607  0.068327418533  0.032782331034  0.042304882489  0.027569780314  0.033839136502  0.043402336815  0.030723416655  0.027569780314  0.027569780314  0.027569780314  0.028603422834  0.031727795015  0.025492101637  0.044374082398  0.028603422834  0.000000000000  0.028618743714  
alectoris_rufa 0.057360009875  0.058490698428  0.024462739045  0.033876348962  0.019308179111  0.025507278832  0.034960019046  0.022425404544  0.019308179111  0.019308179111  0.019308179111  0.020330650085  0.024462739045  0.017253647572  0.035924373049  0.020330650085  0.028618743714  0.000000000000  

