18
cyrtonyx_montezumae 0.000000000000  0.000000000000  0.000000000000  0.003006205083  0.005022196981  0.007040460033  0.005027155847  0.000000000000  0.000000000000  0.000000000000  0.000000000000  0.000000000000  0.000000000000  0.007046064193  0.000000000000  0.006033026278  0.000000000000  0.000000000000  
syrmaticus_ellioti 0.000000000000  0.000000000000  0.000000000000  0.003006205083  0.005022196981  0.007040460033  0.005027155847  0.000000000000  0.000000000000  0.000000000000  0.000000000000  0.000000000000  0.000000000000  0.007046064193  0.000000000000  0.006033026278  0.000000000000  0.000000000000  
catreus_wallichi 0.000000000000  0.000000000000  0.000000000000  0.003006205083  0.005022196981  0.007040460033  0.005027155847  0.000000000000  0.000000000000  0.000000000000  0.000000000000  0.000000000000  0.000000000000  0.007046064193  0.000000000000  0.006033026278  0.000000000000  0.000000000000  
rollulus_rouloul 0.003006205083  0.003006205083  0.003006205083  0.000000000000  0.008049462491  0.010076187188  0.008054532568  0.003006205083  0.003006205083  0.003006205083  0.003006205083  0.003006205083  0.003006205083  0.010081908414  0.003006205083  0.009064571762  0.003006205083  0.003006205083  
lophophorus_impejanus 0.005022196981  0.005022196981  0.005022196981  0.008049462491  0.000000000000  0.012123303112  0.010098526689  0.005022196981  0.005022196981  0.005022196981  0.005022196981  0.005022196981  0.005022196981  0.012133148982  0.005022196981  0.011110126276  0.005022196981  0.005022196981  
pavo_cristatus 0.007040460033  0.007040460033  0.007040460033  0.010076187188  0.012123303112  0.000000000000  0.012133148982  0.007040460033  0.007040460033  0.007040460033  0.007040460033  0.007040460033  0.007040460033  0.014173725734  0.007040460033  0.013147380944  0.007040460033  0.007040460033  
chrysolophus_pictus 0.005027155847  0.005027155847  0.005027155847  0.008054532568  0.010098526689  0.012133148982  0.000000000000  0.005027155847  0.005027155847  0.005027155847  0.005027155847  0.005027155847  0.005027155847  0.012144723815  0.005027155847  0.011120496440  0.005027155847  0.005027155847  
syrmaticus_reevesii 0.000000000000  0.000000000000  0.000000000000  0.003006205083  0.005022196981  0.007040460033  0.005027155847  0.000000000000  0.000000000000  0.000000000000  0.000000000000  0.000000000000  0.000000000000  0.007046064193  0.000000000000  0.006033026278  0.000000000000  0.000000000000  
lophura_swinhoii 0.000000000000  0.000000000000  0.000000000000  0.003006205083  0.005022196981  0.007040460033  0.005027155847  0.000000000000  0.000000000000  0.000000000000  0.000000000000  0.000000000000  0.000000000000  0.007046064193  0.000000000000  0.006033026278  0.000000000000  0.000000000000  
perdix_dauuricae 0.000000000000  0.000000000000  0.000000000000  0.003006205083  0.005022196981  0.007040460033  0.005027155847  0.000000000000  0.000000000000  0.000000000000  0.000000000000  0.000000000000  0.000000000000  0.007046064193  0.000000000000  0.006033026278  0.000000000000  0.000000000000  
lophura_nycthemera 0.000000000000  0.000000000000  0.000000000000  0.003006205083  0.005022196981  0.007040460033  0.005027155847  0.000000000000  0.000000000000  0.000000000000  0.000000000000  0.000000000000  0.000000000000  0.007046064193  0.000000000000  0.006033026278  0.000000000000  0.000000000000  
melgal2    0.000000000000  0.000000000000  0.000000000000  0.003006205083  0.005022196981  0.007040460033  0.005027155847  0.000000000000  0.000000000000  0.000000000000  0.000000000000  0.000000000000  0.000000000000  0.007046064193  0.000000000000  0.006033026278  0.000000000000  0.000000000000  
crossoptilon_crossoptilon 0.000000000000  0.000000000000  0.000000000000  0.003006205083  0.005022196981  0.007040460033  0.005027155847  0.000000000000  0.000000000000  0.000000000000  0.000000000000  0.000000000000  0.000000000000  0.007046064193  0.000000000000  0.006033026278  0.000000000000  0.000000000000  
galgal4    0.007046064193  0.007046064193  0.007046064193  0.010081908414  0.012133148982  0.014173725734  0.012144723815  0.007046064193  0.007046064193  0.007046064193  0.007046064193  0.007046064193  0.007046064193  0.000000000000  0.007046064193  0.013158433971  0.007046064193  0.007046064193  
tragopan_blythii 0.000000000000  0.000000000000  0.000000000000  0.003006205083  0.005022196981  0.007040460033  0.005027155847  0.000000000000  0.000000000000  0.000000000000  0.000000000000  0.000000000000  0.000000000000  0.007046064193  0.000000000000  0.006033026278  0.000000000000  0.000000000000  
phasianus_colchicus 0.006033026278  0.006033026278  0.006033026278  0.009064571762  0.011110126276  0.013147380944  0.011120496440  0.006033026278  0.006033026278  0.006033026278  0.006033026278  0.006033026278  0.006033026278  0.013158433971  0.006033026278  0.000000000000  0.006033026278  0.006033026278  
lophura_inornata 0.000000000000  0.000000000000  0.000000000000  0.003006205083  0.005022196981  0.007040460033  0.005027155847  0.000000000000  0.000000000000  0.000000000000  0.000000000000  0.000000000000  0.000000000000  0.007046064193  0.000000000000  0.006033026278  0.000000000000  0.000000000000  
alectoris_rufa 0.000000000000  0.000000000000  0.000000000000  0.003006205083  0.005022196981  0.007040460033  0.005027155847  0.000000000000  0.000000000000  0.000000000000  0.000000000000  0.000000000000  0.000000000000  0.007046064193  0.000000000000  0.006033026278  0.000000000000  0.000000000000  

