18
cyrtonyx_montezumae 0.000000000000  0.002004059194  0.010092916331  0.003009145571  0.005021071449  0.008051922633  0.005025473487  0.006031283567  0.005025473487  0.005025473487  0.005025473487  0.005025473487  0.005025473487  0.005025473487  0.005025473487  0.005025473487  0.002004059194  0.003009145571  
pavo_cristatus 0.002004059194  0.000000000000  0.008057926013  0.001001013427  0.003006823182  0.006027381156  0.003009145571  0.004012920786  0.003009145571  0.003009145571  0.003009145571  0.003009145571  0.003009145571  0.003009145571  0.003009145571  0.003009145571  0.000000000000  0.001001013427  
melgal2    0.010092916331  0.008057926013  0.000000000000  0.009074373392  0.011104376087  0.014164961914  0.011113563489  0.012126066042  0.011113563489  0.011113563489  0.011113563489  0.011113563489  0.011113563489  0.011113563489  0.011113563489  0.011113563489  0.008057926013  0.009074373392  
syrmaticus_ellioti 0.003009145571  0.001001013427  0.009074373392  0.000000000000  0.002002770292  0.005018213087  0.002004059194  0.003006823182  0.002004059194  0.002004059194  0.002004059194  0.002004059194  0.002004059194  0.002004059194  0.002004059194  0.002004059194  0.001001013427  0.002004059194  
rollulus_rouloul 0.005021071449  0.003006823182  0.011104376087  0.002002770292  0.000000000000  0.007035215100  0.004012920786  0.005018213087  0.004012920786  0.004012920786  0.004012920786  0.004012920786  0.004012920786  0.004012920786  0.004012920786  0.004012920786  0.003006823182  0.004012920786  
chrysolophus_pictus 0.008051922633  0.006027381156  0.014164961914  0.005018213087  0.007035215100  0.000000000000  0.007038614846  0.008047472432  0.007038614846  0.007038614846  0.007038614846  0.007038614846  0.007038614846  0.007038614846  0.007038614846  0.007038614846  0.006027381156  0.007038614846  
lophura_inornata 0.005025473487  0.003009145571  0.011113563489  0.002004059194  0.004012920786  0.007038614846  0.000000000000  0.001000753821  0.000000000000  0.000000000000  0.000000000000  0.000000000000  0.000000000000  0.000000000000  0.000000000000  0.000000000000  0.003009145571  0.004016280879  
phasianus_colchicus 0.006031283567  0.004012920786  0.012126066042  0.003006823182  0.005018213087  0.008047472432  0.001000753821  0.000000000000  0.001000753821  0.001000753821  0.001000753821  0.001000753821  0.001000753821  0.001000753821  0.001000753821  0.001000753821  0.004012920786  0.005021071449  
catreus_wallichi 0.005025473487  0.003009145571  0.011113563489  0.002004059194  0.004012920786  0.007038614846  0.000000000000  0.001000753821  0.000000000000  0.000000000000  0.000000000000  0.000000000000  0.000000000000  0.000000000000  0.000000000000  0.000000000000  0.003009145571  0.004016280879  
perdix_dauuricae 0.005025473487  0.003009145571  0.011113563489  0.002004059194  0.004012920786  0.007038614846  0.000000000000  0.001000753821  0.000000000000  0.000000000000  0.000000000000  0.000000000000  0.000000000000  0.000000000000  0.000000000000  0.000000000000  0.003009145571  0.004016280879  
lophophorus_impejanus 0.005025473487  0.003009145571  0.011113563489  0.002004059194  0.004012920786  0.007038614846  0.000000000000  0.001000753821  0.000000000000  0.000000000000  0.000000000000  0.000000000000  0.000000000000  0.000000000000  0.000000000000  0.000000000000  0.003009145571  0.004016280879  
lophura_nycthemera 0.005025473487  0.003009145571  0.011113563489  0.002004059194  0.004012920786  0.007038614846  0.000000000000  0.001000753821  0.000000000000  0.000000000000  0.000000000000  0.000000000000  0.000000000000  0.000000000000  0.000000000000  0.000000000000  0.003009145571  0.004016280879  
lophura_swinhoii 0.005025473487  0.003009145571  0.011113563489  0.002004059194  0.004012920786  0.007038614846  0.000000000000  0.001000753821  0.000000000000  0.000000000000  0.000000000000  0.000000000000  0.000000000000  0.000000000000  0.000000000000  0.000000000000  0.003009145571  0.004016280879  
tragopan_blythii 0.005025473487  0.003009145571  0.011113563489  0.002004059194  0.004012920786  0.007038614846  0.000000000000  0.001000753821  0.000000000000  0.000000000000  0.000000000000  0.000000000000  0.000000000000  0.000000000000  0.000000000000  0.000000000000  0.003009145571  0.004016280879  
crossoptilon_crossoptilon 0.005025473487  0.003009145571  0.011113563489  0.002004059194  0.004012920786  0.007038614846  0.000000000000  0.001000753821  0.000000000000  0.000000000000  0.000000000000  0.000000000000  0.000000000000  0.000000000000  0.000000000000  0.000000000000  0.003009145571  0.004016280879  
galgal4    0.005025473487  0.003009145571  0.011113563489  0.002004059194  0.004012920786  0.007038614846  0.000000000000  0.001000753821  0.000000000000  0.000000000000  0.000000000000  0.000000000000  0.000000000000  0.000000000000  0.000000000000  0.000000000000  0.003009145571  0.004016280879  
syrmaticus_reevesii 0.002004059194  0.000000000000  0.008057926013  0.001001013427  0.003006823182  0.006027381156  0.003009145571  0.004012920786  0.003009145571  0.003009145571  0.003009145571  0.003009145571  0.003009145571  0.003009145571  0.003009145571  0.003009145571  0.000000000000  0.001001013427  
alectoris_rufa 0.003009145571  0.001001013427  0.009074373392  0.002004059194  0.004012920786  0.007038614846  0.004016280879  0.005021071449  0.004016280879  0.004016280879  0.004016280879  0.004016280879  0.004016280879  0.004016280879  0.004016280879  0.004016280879  0.001001013427  0.000000000000  

