18
cyrtonyx_montezumae 0.000000000000  0.056217698285  0.042269012124  0.072963217509  0.060820289784  0.055228086221  0.067252708529  0.068303955238  0.086428519932  0.081774297196  0.058467774306  0.079663960449  0.062799511748  0.066135597872  0.125314054619  0.054132128085  0.055147608931  0.047652524713  
pavo_cristatus 0.056217698285  0.000000000000  0.018234939151  0.044511346802  0.036054038238  0.032819898103  0.043383145427  0.046571065610  0.068488567972  0.062931871048  0.032784588535  0.054224621713  0.039099727127  0.039139108616  0.099270516052  0.028605218556  0.029615492803  0.041257978604  
rollulus_rouloul 0.042269012124  0.018234939151  0.000000000000  0.033948300313  0.021421968363  0.018274526744  0.030725835664  0.033859607744  0.054258944924  0.047733005566  0.019284098292  0.041359936937  0.025479962125  0.026524639970  0.087870496301  0.015183060023  0.016185919090  0.026539495565  
melgal2    0.072963217509  0.044511346802  0.033948300313  0.000000000000  0.030813719229  0.029710441647  0.041359936937  0.044539638477  0.066460192978  0.063137349196  0.029710441647  0.051110200747  0.036004943149  0.037071256228  0.097232176596  0.025544672137  0.043518479174  0.055436374061  
lophophorus_impejanus 0.060820289784  0.036054038238  0.021421968363  0.030813719229  0.000000000000  0.013151301356  0.029710441647  0.032840060256  0.052133135859  0.051072739435  0.018274526744  0.042501600253  0.024464298733  0.025509029992  0.086827223147  0.014177509585  0.031824775624  0.044669837458  
tragopan_blythii 0.055228086221  0.032819898103  0.018274526744  0.029710441647  0.013151301356  0.000000000000  0.026524639970  0.029640486925  0.048790780156  0.047733005566  0.015166682311  0.038139901885  0.021323448402  0.022359266051  0.085540294567  0.011091303116  0.028620721629  0.041359936937  
crossoptilon_crossoptilon 0.067252708529  0.043383145427  0.030725835664  0.041359936937  0.029710441647  0.026524639970  0.000000000000  0.013120915245  0.033879274148  0.030725835664  0.011097517458  0.035013534212  0.017221052440  0.018251486323  0.080966616717  0.015174064621  0.037026497128  0.050970706744  
phasianus_colchicus 0.068303955238  0.046571065610  0.033859607744  0.044539638477  0.032840060256  0.029640486925  0.013120915245  0.000000000000  0.028605218556  0.025479962125  0.014149010253  0.038166002737  0.020297880861  0.021332627740  0.084323352765  0.018242399557  0.040187102400  0.055290523864  
perdix_dauuricae 0.086428519932  0.068488567972  0.054258944924  0.066460192978  0.052133135859  0.048790780156  0.033879274148  0.028605218556  0.000000000000  0.035982911767  0.034963474606  0.057651007143  0.041305561849  0.040232276665  0.102916048192  0.039185272593  0.061893999228  0.075285145813  
syrmaticus_reevesii 0.081774297196  0.062931871048  0.047733005566  0.063137349196  0.051072739435  0.047733005566  0.030725835664  0.025479962125  0.035982911767  0.000000000000  0.031802458963  0.053270000355  0.037048034610  0.039185272593  0.101789972978  0.036004943149  0.056391480882  0.069658446188  
lophura_inornata 0.058467774306  0.032784588535  0.019284098292  0.029710441647  0.018274526744  0.015166682311  0.011097517458  0.014149010253  0.034963474606  0.031802458963  0.000000000000  0.023470847185  0.006025163188  0.007035429448  0.073106287345  0.004011162249  0.025479962125  0.042381210247  
chrysolophus_pictus 0.079663960449  0.054224621713  0.041359936937  0.051110200747  0.042501600253  0.038139901885  0.035013534212  0.038166002737  0.057651007143  0.053270000355  0.023470847185  0.000000000000  0.021403014150  0.030766464772  0.093745097101  0.027624524886  0.045592920393  0.060860551582  
catreus_wallichi 0.062799511748  0.039099727127  0.025479962125  0.036004943149  0.024464298733  0.021323448402  0.017221052440  0.020297880861  0.041305561849  0.037048034610  0.006025163188  0.021403014150  0.000000000000  0.013120915245  0.075335554462  0.010070166893  0.031729841700  0.046620537870  
lophura_nycthemera 0.066135597872  0.039139108616  0.026524639970  0.037071256228  0.025509029992  0.022359266051  0.018251486323  0.021332627740  0.040232276665  0.039185272593  0.007035429448  0.030766464772  0.013120915245  0.000000000000  0.078666520467  0.011086689443  0.032784588535  0.048790780156  
syrmaticus_ellioti 0.125314054619  0.099270516052  0.087870496301  0.097232176596  0.086827223147  0.085540294567  0.080966616717  0.084323352765  0.102916048192  0.101789972978  0.073106287345  0.093745097101  0.075335554462  0.078666520467  0.000000000000  0.073106287345  0.091198712759  0.107654931864  
lophura_swinhoii 0.054132128085  0.028605218556  0.015183060023  0.025544672137  0.014177509585  0.011091303116  0.015174064621  0.018242399557  0.039185272593  0.036004943149  0.004011162249  0.027624524886  0.010070166893  0.011086689443  0.073106287345  0.000000000000  0.021343443778  0.038139901885  
galgal4    0.055147608931  0.029615492803  0.016185919090  0.043518479174  0.031824775624  0.028620721629  0.037026497128  0.040187102400  0.061893999228  0.056391480882  0.025479962125  0.045592920393  0.031729841700  0.032784588535  0.091198712759  0.021343443778  0.000000000000  0.037006646843  
alectoris_rufa 0.047652524713  0.041257978604  0.026539495565  0.055436374061  0.044669837458  0.041359936937  0.050970706744  0.055290523864  0.075285145813  0.069658446188  0.042381210247  0.060860551582  0.046620537870  0.048790780156  0.107654931864  0.038139901885  0.037006646843  0.000000000000  

