18
lophophorus_impejanus 0.000000000000  0.001001056856  0.003009538603  0.000000000000  0.004016981543  0.002004233391  0.005026571323  0.002004233391  0.002004233391  0.007052228137  0.018350854790  0.000000000000  0.000000000000  0.005026571323  0.020412124961  0.017276799571  0.007045185942  0.000000000000  
syrmaticus_reevesii 0.001001056856  0.000000000000  0.004016981543  0.001001056856  0.005026571323  0.003009538603  0.006038317111  0.003009538603  0.003009538603  0.008068313687  0.019391490590  0.001001056856  0.001001056856  0.006038317111  0.021456143134  0.018312770377  0.008060128619  0.001001056856  
pavo_cristatus 0.003009538603  0.004016981543  0.000000000000  0.003009538603  0.007052228137  0.005026571323  0.008068313687  0.005026571323  0.005026571323  0.010107045812  0.021479644693  0.003009538603  0.003009538603  0.008068313687  0.023551106876  0.020391532809  0.010096560219  0.003009538603  
melgal2    0.000000000000  0.001001056856  0.003009538603  0.000000000000  0.004016981543  0.002004233391  0.005026571323  0.002004233391  0.002004233391  0.007052228137  0.018350854790  0.000000000000  0.000000000000  0.005026571323  0.020412124961  0.017276799571  0.007045185942  0.000000000000  
lophura_swinhoii 0.004016981543  0.005026571323  0.007052228137  0.004016981543  0.000000000000  0.002004233391  0.005026571323  0.002004233391  0.002004233391  0.011129711262  0.022527183277  0.004016981543  0.004016981543  0.009086583110  0.024602072927  0.021434344446  0.011118067954  0.004016981543  
lophura_nycthemera 0.002004233391  0.003009538603  0.005026571323  0.002004233391  0.002004233391  0.000000000000  0.003009538603  0.000000000000  0.000000000000  0.009086583110  0.020434417189  0.002004233391  0.002004233391  0.007052228137  0.022502467036  0.019351011466  0.009077250252  0.002004233391  
syrmaticus_ellioti 0.005026571323  0.006038317111  0.008068313687  0.005026571323  0.005026571323  0.003009538603  0.000000000000  0.003009538603  0.003009538603  0.012154588992  0.023577043185  0.005026571323  0.005026571323  0.010107045812  0.025655375533  0.022479456481  0.012141782958  0.005026571323  
lophura_inornata 0.002004233391  0.003009538603  0.005026571323  0.002004233391  0.002004233391  0.000000000000  0.003009538603  0.000000000000  0.000000000000  0.009086583110  0.020434417189  0.002004233391  0.002004233391  0.007052228137  0.022502467036  0.019351011466  0.009077250252  0.002004233391  
phasianus_colchicus 0.002004233391  0.003009538603  0.005026571323  0.002004233391  0.002004233391  0.000000000000  0.003009538603  0.000000000000  0.000000000000  0.009086583110  0.020434417189  0.002004233391  0.002004233391  0.007052228137  0.022502467036  0.019351011466  0.009077250252  0.002004233391  
perdix_dauuricae 0.007052228137  0.008068313687  0.010107045812  0.007052228137  0.011129711262  0.009086583110  0.012154588992  0.009086583110  0.009086583110  0.000000000000  0.011129711262  0.007052228137  0.007052228137  0.012154588992  0.027769032133  0.022479456481  0.014195873066  0.007052228137  
tragopan_blythii 0.018350854790  0.019391490590  0.021479644693  0.018350854790  0.022527183277  0.020434417189  0.023577043185  0.020434417189  0.020434417189  0.011129711262  0.000000000000  0.018350854790  0.018350854790  0.023577043185  0.039565770826  0.034130473316  0.025655375533  0.018350854790  
chrysolophus_pictus 0.000000000000  0.001001056856  0.003009538603  0.000000000000  0.004016981543  0.002004233391  0.005026571323  0.002004233391  0.002004233391  0.007052228137  0.018350854790  0.000000000000  0.000000000000  0.005026571323  0.020412124961  0.017276799571  0.007045185942  0.000000000000  
crossoptilon_crossoptilon 0.000000000000  0.001001056856  0.003009538603  0.000000000000  0.004016981543  0.002004233391  0.005026571323  0.002004233391  0.002004233391  0.007052228137  0.018350854790  0.000000000000  0.000000000000  0.005026571323  0.020412124961  0.017276799571  0.007045185942  0.000000000000  
catreus_wallichi 0.005026571323  0.006038317111  0.008068313687  0.005026571323  0.009086583110  0.007052228137  0.010107045812  0.007052228137  0.007052228137  0.012154588992  0.023577043185  0.005026571323  0.005026571323  0.000000000000  0.025655375533  0.022479456481  0.012141782958  0.005026571323  
galgal4    0.020412124961  0.021456143134  0.023551106876  0.020412124961  0.024602072927  0.022502467036  0.025655375533  0.022502467036  0.022502467036  0.027769032133  0.039565770826  0.020412124961  0.020412124961  0.025655375533  0.000000000000  0.015226267478  0.027739881005  0.020412124961  
rollulus_rouloul 0.017276799571  0.018312770377  0.020391532809  0.017276799571  0.021434344446  0.019351011466  0.022479456481  0.019351011466  0.019351011466  0.022479456481  0.034130473316  0.017276799571  0.017276799571  0.022479456481  0.015226267478  0.000000000000  0.024552886281  0.017276799571  
cyrtonyx_montezumae 0.007045185942  0.008060128619  0.010096560219  0.007045185942  0.011118067954  0.009077250252  0.012141782958  0.009077250252  0.009077250252  0.014195873066  0.025655375533  0.007045185942  0.007045185942  0.012141782958  0.027739881005  0.024552886281  0.000000000000  0.007045185942  
alectoris_rufa 0.000000000000  0.001001056856  0.003009538603  0.000000000000  0.004016981543  0.002004233391  0.005026571323  0.002004233391  0.002004233391  0.007052228137  0.018350854790  0.000000000000  0.000000000000  0.005026571323  0.020412124961  0.017276799571  0.007045185942  0.000000000000  

