18
syrmaticus_reevesii 0.000000000000  0.000000000000  0.014175298384  0.007043440897  0.003006810220  0.003006810220  0.023417701271  0.022422066855  0.007043440897  0.004012890572  0.004011091233  0.006027328913  0.003006810220  0.003006810220  0.007038531275  0.015191444824  0.003006810220  0.006031197546  
pavo_cristatus 0.000000000000  0.000000000000  0.014175298384  0.007043440897  0.003006810220  0.003006810220  0.023417701271  0.022422066855  0.007043440897  0.004012890572  0.004011091233  0.006027328913  0.003006810220  0.003006810220  0.007038531275  0.015191444824  0.003006810220  0.006031197546  
galgal4    0.014175298384  0.014175298384  0.000000000000  0.007043440897  0.011113210957  0.011113210957  0.029702670964  0.028713849971  0.015216669034  0.012135895495  0.012125716472  0.014175298384  0.011113210957  0.011113210957  0.015203275838  0.021397944771  0.011113210957  0.020358116937  
lophura_nycthemera 0.007043440897  0.007043440897  0.007043440897  0.000000000000  0.004016225092  0.004016225092  0.024475014234  0.023484166709  0.008065254005  0.005025386083  0.005021016901  0.007043440897  0.004016225092  0.004016225092  0.008057755395  0.014175298384  0.004016225092  0.013149448190  
syrmaticus_ellioti 0.003006810220  0.003006810220  0.011113210957  0.004016225092  0.000000000000  0.000000000000  0.020315788941  0.019320465640  0.004016225092  0.001001009968  0.001000754349  0.003006810220  0.000000000000  0.000000000000  0.004012890572  0.012125716472  0.000000000000  0.009067145120  
crossoptilon_crossoptilon 0.003006810220  0.003006810220  0.011113210957  0.004016225092  0.000000000000  0.000000000000  0.020315788941  0.019320465640  0.004016225092  0.001001009968  0.001000754349  0.003006810220  0.000000000000  0.000000000000  0.004012890572  0.012125716472  0.000000000000  0.009067145120  
cyrtonyx_montezumae 0.023417701271  0.023417701271  0.029702670964  0.024475014234  0.020315788941  0.020315788941  0.000000000000  0.023447754912  0.024475014234  0.021352328323  0.021340294599  0.023417701271  0.020315788941  0.020315788941  0.024459678335  0.032852559363  0.020315788941  0.029683347612  
rollulus_rouloul 0.022422066855  0.022422066855  0.028713849971  0.023484166709  0.019320465640  0.019320465640  0.023447754912  0.000000000000  0.023484166709  0.020358116937  0.020342427052  0.022422066855  0.019320465640  0.019320465640  0.023465167535  0.030803699896  0.019320465640  0.028690839848  
lophophorus_impejanus 0.007043440897  0.007043440897  0.015216669034  0.008065254005  0.004016225092  0.004016225092  0.024475014234  0.023484166709  0.000000000000  0.005025386083  0.005021016901  0.007043440897  0.004016225092  0.004016225092  0.008057755395  0.016233389395  0.004016225092  0.013149448190  
tragopan_blythii 0.004012890572  0.004012890572  0.012135895495  0.005025386083  0.001001009968  0.001001009968  0.021352328323  0.020358116937  0.005025386083  0.000000000000  0.002002767559  0.004012890572  0.001001009968  0.001001009968  0.005021016901  0.013149448190  0.001001009968  0.010084573588  
chrysolophus_pictus 0.004011091233  0.004011091233  0.012125716472  0.005021016901  0.001000754349  0.001000754349  0.021340294599  0.020342427052  0.005021016901  0.002002767559  0.000000000000  0.004011091233  0.001000754349  0.001000754349  0.005018185020  0.013139759909  0.001000754349  0.010078066407  
perdix_dauuricae 0.006027328913  0.006027328913  0.014175298384  0.007043440897  0.003006810220  0.003006810220  0.023417701271  0.022422066855  0.007043440897  0.004012890572  0.004011091233  0.000000000000  0.003006810220  0.003006810220  0.007038531275  0.015191444824  0.003006810220  0.012117092930  
melgal2    0.003006810220  0.003006810220  0.011113210957  0.004016225092  0.000000000000  0.000000000000  0.020315788941  0.019320465640  0.004016225092  0.001001009968  0.001000754349  0.003006810220  0.000000000000  0.000000000000  0.004012890572  0.012125716472  0.000000000000  0.009067145120  
lophura_swinhoii 0.003006810220  0.003006810220  0.011113210957  0.004016225092  0.000000000000  0.000000000000  0.020315788941  0.019320465640  0.004016225092  0.001001009968  0.001000754349  0.003006810220  0.000000000000  0.000000000000  0.004012890572  0.012125716472  0.000000000000  0.009067145120  
catreus_wallichi 0.007038531275  0.007038531275  0.015203275838  0.008057755395  0.004012890572  0.004012890572  0.024459678335  0.023465167535  0.008057755395  0.005021016901  0.005018185020  0.007038531275  0.004012890572  0.004012890572  0.000000000000  0.016220480331  0.004012890572  0.013139759909  
lophura_inornata 0.015191444824  0.015191444824  0.021397944771  0.014175298384  0.012125716472  0.012125716472  0.032852559363  0.030803699896  0.016233389395  0.013149448190  0.013139759909  0.015191444824  0.012125716472  0.012125716472  0.016220480331  0.000000000000  0.012125716472  0.021381156420  
phasianus_colchicus 0.003006810220  0.003006810220  0.011113210957  0.004016225092  0.000000000000  0.000000000000  0.020315788941  0.019320465640  0.004016225092  0.001001009968  0.001000754349  0.003006810220  0.000000000000  0.000000000000  0.004012890572  0.012125716472  0.000000000000  0.009067145120  
alectoris_rufa 0.006031197546  0.006031197546  0.020358116937  0.013149448190  0.009067145120  0.009067145120  0.029683347612  0.028690839848  0.013149448190  0.010084573588  0.010078066407  0.012117092930  0.009067145120  0.009067145120  0.013139759909  0.021381156420  0.009067145120  0.000000000000  

