18
phasianus_colchicus 0.000000000000  0.009067317686  0.012148155779  0.013174117152  0.019375039017  0.038242367632  0.019355582880  0.014188234417  0.007038617519  0.000000000000  0.000000000000  0.006027383169  0.001001013531  0.010067925679  0.016209651855  0.009074379416  0.009074379416  0.000000000000  
chrysolophus_pictus 0.009067317686  0.000000000000  0.015203890595  0.016234105234  0.022460923567  0.041408137276  0.024532225227  0.019321403013  0.016209651855  0.009067317686  0.009067317686  0.015181607250  0.010084800610  0.019263696468  0.025521616565  0.018285802154  0.018285802154  0.009067317686  
lophophorus_impejanus 0.012148155779  0.015203890595  0.000000000000  0.005025476138  0.015232454512  0.033965616978  0.017282152693  0.012136335352  0.019337703245  0.012148155779  0.012148155779  0.018301002513  0.013174117152  0.022391960872  0.027661641119  0.021437752573  0.021437752573  0.012148155779  
tragopan_blythii 0.013174117152  0.016234105234  0.005025476138  0.000000000000  0.016264848365  0.035031338452  0.018317779936  0.013161219510  0.020376584195  0.013174117152  0.013174117152  0.019337703245  0.014202213761  0.023432977905  0.028716016848  0.022482137817  0.022482137817  0.013174117152  
galgal4    0.019375039017  0.022460923567  0.015232454512  0.016264848365  0.000000000000  0.039317365779  0.024577555784  0.019355582880  0.026656173195  0.019375039017  0.019375039017  0.025604015900  0.020416136040  0.029725574889  0.035089972591  0.028795246823  0.028795246823  0.019375039017  
cyrtonyx_montezumae 0.038242367632  0.041408137276  0.033965616978  0.035031338452  0.039317365779  0.000000000000  0.043604546825  0.038211973600  0.045741042775  0.038242367632  0.038242367632  0.044654248239  0.039317365779  0.048869390551  0.054433588690  0.047961394819  0.047961394819  0.038242367632  
rollulus_rouloul 0.019355582880  0.024532225227  0.017282152693  0.018317779936  0.024577555784  0.043604546825  0.000000000000  0.009082994834  0.024532225227  0.019355582880  0.019355582880  0.025581018194  0.020395570686  0.029704459753  0.035059843095  0.028767234745  0.028767234745  0.019355582880  
melgal2    0.014188234417  0.019321403013  0.012136335352  0.013161219510  0.019355582880  0.038211973600  0.009082994834  0.000000000000  0.021399140659  0.014188234417  0.014188234417  0.020359179461  0.015217388951  0.024460718246  0.029748305235  0.023506400542  0.023506400542  0.014188234417  
lophura_inornata 0.007038617519  0.016209651855  0.019337703245  0.020376584195  0.026656173195  0.045741042775  0.024532225227  0.021399140659  0.000000000000  0.007038617519  0.007038617519  0.013131914250  0.008051926182  0.017205567550  0.023432977905  0.016221090853  0.016221090853  0.007038617519  
crossoptilon_crossoptilon 0.000000000000  0.009067317686  0.012148155779  0.013174117152  0.019375039017  0.038242367632  0.019355582880  0.014188234417  0.007038617519  0.000000000000  0.000000000000  0.006027383169  0.001001013531  0.010067925679  0.016209651855  0.009074379416  0.009074379416  0.000000000000  
lophura_nycthemera 0.000000000000  0.009067317686  0.012148155779  0.013174117152  0.019375039017  0.038242367632  0.019355582880  0.014188234417  0.007038617519  0.000000000000  0.000000000000  0.006027383169  0.001001013531  0.010067925679  0.016209651855  0.009074379416  0.009074379416  0.000000000000  
catreus_wallichi 0.006027383169  0.015181607250  0.018301002513  0.019337703245  0.025604015900  0.044654248239  0.025581018194  0.020359179461  0.013131914250  0.006027383169  0.006027383169  0.000000000000  0.005018214658  0.016179709748  0.022391960872  0.015191962375  0.015191962375  0.006027383169  
lophura_swinhoii 0.001001013531  0.010084800610  0.013174117152  0.014202213761  0.020416136040  0.039317365779  0.020395570686  0.015217388951  0.008051926182  0.001001013531  0.001001013531  0.005018214658  0.000000000000  0.011083266456  0.017239840384  0.010092924047  0.010092924047  0.001001013531  
pavo_cristatus 0.010067925679  0.019263696468  0.022391960872  0.023432977905  0.029725574889  0.048869390551  0.029704459753  0.024460718246  0.017205567550  0.010067925679  0.010067925679  0.016179709748  0.011083266456  0.000000000000  0.026508067134  0.019272055153  0.019272055153  0.010067925679  
perdix_dauuricae 0.016209651855  0.025521616565  0.027661641119  0.028716016848  0.035089972591  0.054433588690  0.035059843095  0.029748305235  0.023432977905  0.016209651855  0.016209651855  0.022391960872  0.017239840384  0.026508067134  0.000000000000  0.011096755155  0.011096755155  0.016209651855  
syrmaticus_ellioti 0.009074379416  0.018285802154  0.021437752573  0.022482137817  0.028795246823  0.047961394819  0.028767234745  0.023506400542  0.016221090853  0.009074379416  0.009074379416  0.015191962375  0.010092924047  0.019272055153  0.011096755155  0.000000000000  0.004016282571  0.009074379416  
syrmaticus_reevesii 0.009074379416  0.018285802154  0.021437752573  0.022482137817  0.028795246823  0.047961394819  0.028767234745  0.023506400542  0.016221090853  0.009074379416  0.009074379416  0.015191962375  0.010092924047  0.019272055153  0.011096755155  0.004016282571  0.000000000000  0.009074379416  
alectoris_rufa 0.000000000000  0.009067317686  0.012148155779  0.013174117152  0.019375039017  0.038242367632  0.019355582880  0.014188234417  0.007038617519  0.000000000000  0.000000000000  0.006027383169  0.001001013531  0.010067925679  0.016209651855  0.009074379416  0.009074379416  0.000000000000  

