18
galgal4    0.000000000000  0.008043434915  0.022330558215  0.004010819204  0.013114718404  0.004010819204  0.004012091077  0.004012091077  0.004012091077  0.004012091077  0.007033052037  0.019256555037  0.019256555037  0.006027266086  0.004012091077  0.004012091077  0.004012091077  0.008043200439  
pavo_cristatus 0.008043434915  0.000000000000  0.014134192338  0.006024995597  0.015155768538  0.006024995597  0.006024203376  0.006024203376  0.006024203376  0.006024203376  0.009055412783  0.021320975267  0.021320975267  0.008043434915  0.006024203376  0.006024203376  0.006024203376  0.010069697521  
rollulus_rouloul 0.022330558215  0.014134192338  0.000000000000  0.020276876424  0.029586828358  0.020276876424  0.020273869033  0.020273869033  0.020273869033  0.020273869033  0.023365759567  0.035879900057  0.035879900057  0.022330558215  0.020273869033  0.020273869033  0.020273869033  0.024401164665  
lophophorus_impejanus 0.004010819204  0.006024995597  0.020276876424  0.000000000000  0.011086063157  0.002004048010  0.002002766768  0.002002766768  0.002002766768  0.002002766768  0.005018184692  0.017219134029  0.017219134029  0.004010819204  0.002002766768  0.002002766768  0.002002766768  0.006027332794  
cyrtonyx_montezumae 0.013114718404  0.015155768538  0.029586828358  0.011086063157  0.000000000000  0.011086063157  0.011083157085  0.011083157085  0.011083157085  0.011083157085  0.014137131730  0.026496005624  0.026496005624  0.013114718404  0.011083157085  0.011083157085  0.011083157085  0.015159772081  
tragopan_blythii 0.004010819204  0.006024995597  0.020276876424  0.002004048010  0.011086063157  0.000000000000  0.002002766768  0.002002766768  0.002002766768  0.002002766768  0.005018184692  0.017219134029  0.017219134029  0.004010819204  0.002002766768  0.002002766768  0.002002766768  0.006027332794  
lophura_nycthemera 0.004012091077  0.006024203376  0.020273869033  0.002002766768  0.011083157085  0.002002766768  0.000000000000  0.000000000000  0.000000000000  0.000000000000  0.003006811177  0.015172506592  0.015172506592  0.002003016011  0.000000000000  0.000000000000  0.000000000000  0.006024995597  
perdix_dauuricae 0.004012091077  0.006024203376  0.020273869033  0.002002766768  0.011083157085  0.002002766768  0.000000000000  0.000000000000  0.000000000000  0.000000000000  0.003006811177  0.015172506592  0.015172506592  0.002003016011  0.000000000000  0.000000000000  0.000000000000  0.006024995597  
syrmaticus_ellioti 0.004012091077  0.006024203376  0.020273869033  0.002002766768  0.011083157085  0.002002766768  0.000000000000  0.000000000000  0.000000000000  0.000000000000  0.003006811177  0.015172506592  0.015172506592  0.002003016011  0.000000000000  0.000000000000  0.000000000000  0.006024995597  
syrmaticus_reevesii 0.004012091077  0.006024203376  0.020273869033  0.002002766768  0.011083157085  0.002002766768  0.000000000000  0.000000000000  0.000000000000  0.000000000000  0.003006811177  0.015172506592  0.015172506592  0.002003016011  0.000000000000  0.000000000000  0.000000000000  0.006024995597  
catreus_wallichi 0.007033052037  0.009055412783  0.023365759567  0.005018184692  0.014137131730  0.005018184692  0.003006811177  0.003006811177  0.003006811177  0.003006811177  0.000000000000  0.018249226530  0.018249226530  0.005016883765  0.003006811177  0.003006811177  0.003006811177  0.009057778395  
melgal2    0.019256555037  0.021320975267  0.035879900057  0.017219134029  0.026496005624  0.017219134029  0.015172506592  0.015172506592  0.015172506592  0.015172506592  0.018249226530  0.000000000000  0.000000000000  0.017211407631  0.015172506592  0.015172506592  0.015172506592  0.021329863676  
lophura_inornata 0.019256555037  0.021320975267  0.035879900057  0.017219134029  0.026496005624  0.017219134029  0.015172506592  0.015172506592  0.015172506592  0.015172506592  0.018249226530  0.000000000000  0.000000000000  0.017211407631  0.015172506592  0.015172506592  0.015172506592  0.021329863676  
crossoptilon_crossoptilon 0.006027266086  0.008043434915  0.022330558215  0.004010819204  0.013114718404  0.004010819204  0.002003016011  0.002003016011  0.002003016011  0.002003016011  0.005016883765  0.017211407631  0.017211407631  0.000000000000  0.002003016011  0.002003016011  0.002003016011  0.008043200439  
lophura_swinhoii 0.004012091077  0.006024203376  0.020273869033  0.002002766768  0.011083157085  0.002002766768  0.000000000000  0.000000000000  0.000000000000  0.000000000000  0.003006811177  0.015172506592  0.015172506592  0.002003016011  0.000000000000  0.000000000000  0.000000000000  0.006024995597  
phasianus_colchicus 0.004012091077  0.006024203376  0.020273869033  0.002002766768  0.011083157085  0.002002766768  0.000000000000  0.000000000000  0.000000000000  0.000000000000  0.003006811177  0.015172506592  0.015172506592  0.002003016011  0.000000000000  0.000000000000  0.000000000000  0.006024995597  
chrysolophus_pictus 0.004012091077  0.006024203376  0.020273869033  0.002002766768  0.011083157085  0.002002766768  0.000000000000  0.000000000000  0.000000000000  0.000000000000  0.003006811177  0.015172506592  0.015172506592  0.002003016011  0.000000000000  0.000000000000  0.000000000000  0.006024995597  
alectoris_rufa 0.008043200439  0.010069697521  0.024401164665  0.006027332794  0.015159772081  0.006027332794  0.006024995597  0.006024995597  0.006024995597  0.006024995597  0.009057778395  0.021329863676  0.021329863676  0.008043200439  0.006024995597  0.006024995597  0.006024995597  0.000000000000  

