18
pavo_cristatus 0.000000000000  0.030722390165  0.039204732999  0.040251192015  0.039204732999  0.041325234860  0.041325234860  0.039179489272  0.048875489633  0.036023395265  0.037090486380  0.042325207000  0.038134177304  0.035978320234  0.033896132874  0.035978320234  0.076455571476  0.020344537584  
rollulus_rouloul 0.030722390165  0.000000000000  0.026590642034  0.027621196218  0.026590642034  0.028673504986  0.028673504986  0.026571133901  0.036075074887  0.023468170625  0.024513805290  0.029669010284  0.025541680934  0.025523308465  0.021354186230  0.023434330254  0.060887283635  0.020330169672  
syrmaticus_reevesii 0.039204732999  0.026590642034  0.000000000000  0.013140568827  0.012126524649  0.014165522564  0.014165522564  0.012117746385  0.021383546133  0.009074663931  0.010093285000  0.021354186230  0.022424754036  0.023450445841  0.019294460744  0.025541680934  0.069829997896  0.030784900468  
catreus_wallichi 0.040251192015  0.027621196218  0.013140568827  0.000000000000  0.013140568827  0.015182162689  0.015182162689  0.013132288158  0.022408152949  0.010085087586  0.011104747058  0.022379774097  0.024494952029  0.024477710399  0.020317403749  0.026571133901  0.070913233411  0.031820378719  
crossoptilon_crossoptilon 0.039204732999  0.026590642034  0.012126524649  0.013140568827  0.000000000000  0.014165522564  0.014165522564  0.012117746385  0.021383546133  0.009074663931  0.010093285000  0.021354186230  0.023468170625  0.023450445841  0.019294460744  0.025541680934  0.069829997896  0.030784900468  
lophura_swinhoii 0.041325234860  0.028673504986  0.014165522564  0.015182162689  0.014165522564  0.000000000000  0.000000000000  0.002004077067  0.012136877337  0.007038730517  0.008052087998  0.023419826841  0.025541680934  0.025523308465  0.021354186230  0.027621196218  0.070913233411  0.032880607516  
lophura_nycthemera 0.041325234860  0.028673504986  0.014165522564  0.015182162689  0.014165522564  0.000000000000  0.000000000000  0.002004077067  0.012136877337  0.007038730517  0.008052087998  0.023419826841  0.025541680934  0.025523308465  0.021354186230  0.027621196218  0.070913233411  0.032880607516  
lophura_inornata 0.039179489272  0.026571133901  0.012117746385  0.013132288158  0.012117746385  0.002004077067  0.002004077067  0.000000000000  0.010093285000  0.005018257173  0.006027456425  0.021341915835  0.023450445841  0.023434330254  0.019282801987  0.025523308465  0.068649215298  0.030762430278  
phasianus_colchicus 0.048875489633  0.036075074887  0.021383546133  0.022408152949  0.021383546133  0.012136877337  0.012136877337  0.010093285000  0.000000000000  0.014165522564  0.015192616494  0.030741592518  0.032905398156  0.032880607516  0.028653335379  0.035007945652  0.078861289655  0.038187274000  
chrysolophus_pictus 0.036023395265  0.023468170625  0.009074663931  0.010085087586  0.009074663931  0.007038730517  0.007038730517  0.005018257173  0.014165522564  0.000000000000  0.003009185894  0.018260928026  0.020360504517  0.020344537584  0.016210312378  0.022424754036  0.066489573992  0.027641844872  
syrmaticus_ellioti 0.037090486380  0.024513805290  0.010093285000  0.011104747058  0.010093285000  0.008052087998  0.008052087998  0.006027456425  0.015192616494  0.003009185894  0.000000000000  0.019294460744  0.021400629688  0.021383546133  0.017240615642  0.023468170625  0.067617729830  0.028695299049  
perdix_dauuricae 0.042325207000  0.029669010284  0.021354186230  0.022379774097  0.021354186230  0.023419826841  0.023419826841  0.021341915835  0.030741592518  0.018260928026  0.019294460744  0.000000000000  0.026536979103  0.026522338431  0.022357846379  0.027568993986  0.071901568569  0.033875103560  
tragopan_blythii 0.038134177304  0.025541680934  0.022424754036  0.024494952029  0.023468170625  0.025541680934  0.025541680934  0.023450445841  0.032905398156  0.020360504517  0.021400629688  0.026536979103  0.000000000000  0.012117746385  0.020330169672  0.026590642034  0.066441696852  0.029728069838  
lophophorus_impejanus 0.035978320234  0.025523308465  0.023450445841  0.024477710399  0.023450445841  0.025523308465  0.025523308465  0.023434330254  0.032880607516  0.020344537584  0.021383546133  0.026522338431  0.012117746385  0.000000000000  0.020317403749  0.026571133901  0.066395570195  0.029706752407  
melgal2    0.033896132874  0.021354186230  0.019294460744  0.020317403749  0.019294460744  0.021354186230  0.021354186230  0.019282801987  0.028653335379  0.016210312378  0.017240615642  0.022357846379  0.020330169672  0.020317403749  0.000000000000  0.022393158641  0.066395570195  0.027602169532  
galgal4    0.035978320234  0.023434330254  0.025541680934  0.026571133901  0.025541680934  0.027621196218  0.027621196218  0.025523308465  0.035007945652  0.022424754036  0.023468170625  0.027568993986  0.026590642034  0.026571133901  0.022393158641  0.000000000000  0.065272607903  0.027602169532  
cyrtonyx_montezumae 0.076455571476  0.060887283635  0.069829997896  0.070913233411  0.069829997896  0.070913233411  0.070913233411  0.068649215298  0.078861289655  0.066489573992  0.067617729830  0.071901568569  0.066441696852  0.066395570195  0.066395570195  0.065272607903  0.000000000000  0.065317430084  
alectoris_rufa 0.020344537584  0.020330169672  0.030784900468  0.031820378719  0.030784900468  0.032880607516  0.032880607516  0.030762430278  0.038187274000  0.027641844872  0.028695299049  0.033875103560  0.029728069838  0.029706752407  0.027602169532  0.027602169532  0.065317430084  0.000000000000  

