18
galgal4    0.000000000000  0.011113413147  0.012136139864  0.015217065972  0.020394963653  0.025627623551  0.023527914032  0.023527914032  0.023527914032  0.025627623551  0.023527914032  0.026680829365  0.026680829365  0.022481391416  0.012136139864  0.012125938709  0.010102440760  0.011113413147  
pavo_cristatus 0.011113413147  0.000000000000  0.017266119460  0.020376057750  0.025603126867  0.030886008844  0.028766082269  0.028766082269  0.028766082269  0.030886008844  0.030886008844  0.031949388119  0.031949388119  0.027709515511  0.017266119460  0.017252105707  0.015217065972  0.016233802269  
lophophorus_impejanus 0.012136139864  0.017266119460  0.000000000000  0.003009132161  0.008065382927  0.013173840029  0.011124123467  0.011124123467  0.011124123467  0.013173840029  0.013173840029  0.014201891473  0.014201891473  0.010102440760  0.000000000000  0.010078234536  0.008057856591  0.017266119460  
melgal2    0.015217065972  0.020376057750  0.003009132161  0.000000000000  0.011124123467  0.016264425076  0.014201891473  0.014201891473  0.014201891473  0.016264425076  0.016264425076  0.017298925156  0.017298925156  0.013173840029  0.003009132161  0.013140022762  0.011113413147  0.020376057750  
perdix_dauuricae 0.020394963653  0.025603126867  0.008065382927  0.011124123467  0.000000000000  0.005025436033  0.003009132161  0.003009132161  0.003009132161  0.005025436033  0.005025436033  0.006036677737  0.006036677737  0.002004053250  0.008065382927  0.018285488766  0.016248319492  0.025603126867  
chrysolophus_pictus 0.025627623551  0.030886008844  0.013173840029  0.016264425076  0.005025436033  0.000000000000  0.002004053250  0.002004053250  0.002004053250  0.004016256973  0.004016256973  0.005025436033  0.005025436033  0.003009132161  0.013173840029  0.023485029542  0.021437077725  0.030886008844  
syrmaticus_reevesii 0.023527914032  0.028766082269  0.011124123467  0.014201891473  0.003009132161  0.002004053250  0.000000000000  0.000000000000  0.000000000000  0.002004053250  0.002004053250  0.003009132161  0.003009132161  0.001001011945  0.011124123467  0.021398651557  0.019355039953  0.028766082269  
phasianus_colchicus 0.023527914032  0.028766082269  0.011124123467  0.014201891473  0.003009132161  0.002004053250  0.000000000000  0.000000000000  0.000000000000  0.002004053250  0.002004053250  0.003009132161  0.003009132161  0.001001011945  0.011124123467  0.021398651557  0.019355039953  0.028766082269  
syrmaticus_ellioti 0.023527914032  0.028766082269  0.011124123467  0.014201891473  0.003009132161  0.002004053250  0.000000000000  0.000000000000  0.000000000000  0.002004053250  0.002004053250  0.003009132161  0.003009132161  0.001001011945  0.011124123467  0.021398651557  0.019355039953  0.028766082269  
crossoptilon_crossoptilon 0.025627623551  0.030886008844  0.013173840029  0.016264425076  0.005025436033  0.004016256973  0.002004053250  0.002004053250  0.002004053250  0.000000000000  0.004016256973  0.005025436033  0.005025436033  0.003009132161  0.013173840029  0.023485029542  0.021437077725  0.030886008844  
lophura_inornata 0.023527914032  0.030886008844  0.013173840029  0.016264425076  0.005025436033  0.004016256973  0.002004053250  0.002004053250  0.002004053250  0.004016256973  0.000000000000  0.005025436033  0.005025436033  0.003009132161  0.013173840029  0.023485029542  0.021437077725  0.030886008844  
lophura_swinhoii 0.026680829365  0.031949388119  0.014201891473  0.017298925156  0.006036677737  0.005025436033  0.003009132161  0.003009132161  0.003009132161  0.005025436033  0.005025436033  0.000000000000  0.000000000000  0.004016256973  0.014201891473  0.024531527110  0.022481391416  0.031949388119  
lophura_nycthemera 0.026680829365  0.031949388119  0.014201891473  0.017298925156  0.006036677737  0.005025436033  0.003009132161  0.003009132161  0.003009132161  0.005025436033  0.005025436033  0.000000000000  0.000000000000  0.004016256973  0.014201891473  0.024531527110  0.022481391416  0.031949388119  
catreus_wallichi 0.022481391416  0.027709515511  0.010102440760  0.013173840029  0.002004053250  0.003009132161  0.001001011945  0.001001011945  0.001001011945  0.003009132161  0.003009132161  0.004016256973  0.004016256973  0.000000000000  0.010102440760  0.020358752590  0.018317297437  0.027709515511  
tragopan_blythii 0.012136139864  0.017266119460  0.000000000000  0.003009132161  0.008065382927  0.013173840029  0.011124123467  0.011124123467  0.011124123467  0.013173840029  0.013173840029  0.014201891473  0.014201891473  0.010102440760  0.000000000000  0.010078234536  0.008057856591  0.017266119460  
cyrtonyx_montezumae 0.012125938709  0.017252105707  0.010078234536  0.013140022762  0.018285488766  0.023485029542  0.021398651557  0.021398651557  0.021398651557  0.023485029542  0.023485029542  0.024531527110  0.024531527110  0.020358752590  0.010078234536  0.000000000000  0.008051900679  0.017252105707  
rollulus_rouloul 0.010102440760  0.015217065972  0.008057856591  0.011113413147  0.016248319492  0.021437077725  0.019355039953  0.019355039953  0.019355039953  0.021437077725  0.021437077725  0.022481391416  0.022481391416  0.018317297437  0.008057856591  0.008051900679  0.000000000000  0.015217065972  
alectoris_rufa 0.011113413147  0.016233802269  0.017266119460  0.020376057750  0.025603126867  0.030886008844  0.028766082269  0.028766082269  0.028766082269  0.030886008844  0.030886008844  0.031949388119  0.031949388119  0.027709515511  0.017266119460  0.017252105707  0.015217065972  0.000000000000  

