18
pavo_cristatus 0.000000000000  0.011113043942  0.023526084882  0.016247483996  0.019353828371  0.020393610257  0.019353828371  0.019353828371  0.021415692174  0.019353828371  0.025625434606  0.021435574176  0.023526084882  0.016263471642  0.022458742813  0.023526084882  0.015216339611  0.009082567554  
galgal4    0.011113043942  0.000000000000  0.018299623215  0.011103957003  0.014175053676  0.015202988368  0.014175053676  0.014175053676  0.016220189418  0.014175053676  0.020374828118  0.016233055601  0.018299623215  0.011113043942  0.017251318684  0.018299623215  0.010084464902  0.004012875403  
cyrtonyx_montezumae 0.023526084882  0.018299623215  0.000000000000  0.017265264243  0.026652996189  0.027707119004  0.026652996189  0.026652996189  0.028737362548  0.026652996189  0.033011565817  0.028763484522  0.030882981983  0.023526084882  0.027682127490  0.026652996189  0.022458742813  0.016247483996  
rollulus_rouloul 0.016247483996  0.011103957003  0.017265264243  0.000000000000  0.019336141495  0.020374828118  0.019336141495  0.019336141495  0.021397383837  0.019336141495  0.025601106575  0.020374828118  0.023503989239  0.016247483996  0.022439332318  0.020374828118  0.015202988368  0.009074042812  
lophura_nycthemera 0.019353828371  0.014175053676  0.026652996189  0.019336141495  0.000000000000  0.001001008370  0.000000000000  0.000000000000  0.002002765903  0.000000000000  0.010102074434  0.006036547292  0.008065149758  0.003006803432  0.021397383837  0.024551440719  0.017265264243  0.010092496704  
lophura_swinhoii 0.020393610257  0.015202988368  0.027707119004  0.020374828118  0.001001008370  0.000000000000  0.001001008370  0.001001008370  0.003006803432  0.001001008370  0.011123678995  0.007049812501  0.009082567554  0.004012875403  0.022439332318  0.025601106575  0.018299623215  0.011113043942  
lophura_inornata 0.019353828371  0.014175053676  0.026652996189  0.019336141495  0.000000000000  0.001001008370  0.000000000000  0.000000000000  0.002002765903  0.000000000000  0.010102074434  0.006036547292  0.008065149758  0.003006803432  0.021397383837  0.024551440719  0.017265264243  0.010092496704  
syrmaticus_reevesii 0.019353828371  0.014175053676  0.026652996189  0.019336141495  0.000000000000  0.001001008370  0.000000000000  0.000000000000  0.002002765903  0.000000000000  0.010102074434  0.006036547292  0.008065149758  0.003006803432  0.021397383837  0.024551440719  0.017265264243  0.010092496704  
phasianus_colchicus 0.021415692174  0.016220189418  0.028737362548  0.021397383837  0.002002765903  0.003006803432  0.002002765903  0.002002765903  0.000000000000  0.002002765903  0.012135693148  0.008057673695  0.010092496704  0.005018169657  0.023464535937  0.026629130343  0.019320023659  0.012125546724  
syrmaticus_ellioti 0.019353828371  0.014175053676  0.026652996189  0.019336141495  0.000000000000  0.001001008370  0.000000000000  0.000000000000  0.002002765903  0.000000000000  0.010102074434  0.006036547292  0.008065149758  0.003006803432  0.021397383837  0.024551440719  0.017265264243  0.010092496704  
crossoptilon_crossoptilon 0.025625434606  0.020374828118  0.033011565817  0.025601106575  0.010102074434  0.011123678995  0.010102074434  0.010102074434  0.012135693148  0.010102074434  0.000000000000  0.012147389886  0.014201165529  0.009074042812  0.027682127490  0.028763484522  0.023503989239  0.016247483996  
chrysolophus_pictus 0.021435574176  0.016233055601  0.028763484522  0.020374828118  0.006036547292  0.007049812501  0.006036547292  0.006036547292  0.008057673695  0.006036547292  0.012147389886  0.000000000000  0.010102074434  0.005020990077  0.023483471945  0.024551440719  0.019336141495  0.012135693148  
catreus_wallichi 0.023526084882  0.018299623215  0.030882981983  0.023503989239  0.008065149758  0.009082567554  0.008065149758  0.008065149758  0.010092496704  0.008065149758  0.014201165529  0.010102074434  0.000000000000  0.007043380835  0.023483471945  0.028763484522  0.021415692174  0.014187332225  
perdix_dauuricae 0.016263471642  0.011113043942  0.023526084882  0.016247483996  0.003006803432  0.004012875403  0.003006803432  0.003006803432  0.005018169657  0.003006803432  0.009074042812  0.005020990077  0.007043380835  0.000000000000  0.018299623215  0.021435574176  0.015216339611  0.007049812501  
tragopan_blythii 0.022458742813  0.017251318684  0.027682127490  0.022439332318  0.021397383837  0.022439332318  0.021397383837  0.021397383837  0.023464535937  0.021397383837  0.027682127490  0.023483471945  0.023483471945  0.018299623215  0.000000000000  0.027682127490  0.021397383837  0.013149242714  
lophophorus_impejanus 0.023526084882  0.018299623215  0.026652996189  0.020374828118  0.024551440719  0.025601106575  0.024551440719  0.024551440719  0.026629130343  0.024551440719  0.028763484522  0.024551440719  0.028763484522  0.021435574176  0.027682127490  0.000000000000  0.022458742813  0.014187332225  
melgal2    0.015216339611  0.010084464902  0.022458742813  0.015202988368  0.017265264243  0.018299623215  0.017265264243  0.017265264243  0.019320023659  0.017265264243  0.023503989239  0.019336141495  0.021415692174  0.015216339611  0.021397383837  0.022458742813  0.000000000000  0.008057673695  
alectoris_rufa 0.009082567554  0.004012875403  0.016247483996  0.009074042812  0.010092496704  0.011113043942  0.010092496704  0.010092496704  0.012125546724  0.010092496704  0.016247483996  0.012135693148  0.014187332225  0.007049812501  0.013149242714  0.014187332225  0.008057673695  0.000000000000  

