18
lophura_swinhoii 0.000000000000  0.007049677914  0.007049677914  0.010084325022  0.012135369508  0.023482423635  0.013139389856  0.014174692584  0.018298945527  0.009073877582  0.012125307967  0.017264674818  0.011103770593  0.007049677914  0.007049677914  0.007049677914  0.007049677914  0.007049677914  
syrmaticus_ellioti 0.007049677914  0.000000000000  0.000000000000  0.003006064902  0.005020955632  0.016219800185  0.006025032215  0.008051675144  0.011103770593  0.002002770832  0.005018176807  0.010084325022  0.004011104334  0.000000000000  0.000000000000  0.000000000000  0.000000000000  0.000000000000  
catreus_wallichi 0.007049677914  0.000000000000  0.000000000000  0.003006064902  0.005020955632  0.016219800185  0.006025032215  0.008051675144  0.011103770593  0.002002770832  0.005018176807  0.010084325022  0.004011104334  0.000000000000  0.000000000000  0.000000000000  0.000000000000  0.000000000000  
perdix_dauuricae 0.010084325022  0.003006064902  0.003006064902  0.000000000000  0.006031097104  0.017250853759  0.005020955632  0.009066962704  0.012125307967  0.003006800738  0.006027290563  0.011103770593  0.007033431086  0.003006064902  0.003006064902  0.003006064902  0.003006064902  0.003006064902  
melgal2    0.012135369508  0.005020955632  0.005020955632  0.006031097104  0.000000000000  0.011103770593  0.009066962704  0.011112778944  0.014186873545  0.005025277397  0.008057549685  0.013160064814  0.009061602365  0.005020955632  0.005020955632  0.005020955632  0.005020955632  0.005020955632  
cyrtonyx_montezumae 0.023482423635  0.016219800185  0.016219800185  0.017250853759  0.011103770593  0.000000000000  0.020341403950  0.022438396878  0.025577068402  0.016232548330  0.019319389090  0.024528644396  0.020327504243  0.016219800185  0.016219800185  0.016219800185  0.016219800185  0.016219800185  
lophophorus_impejanus 0.013139389856  0.006025032215  0.006025032215  0.005020955632  0.009066962704  0.020341403950  0.000000000000  0.010077922228  0.013139389856  0.004011104334  0.007035165752  0.012116807425  0.010069799354  0.006025032215  0.006025032215  0.006025032215  0.006025032215  0.006025032215  
galgal4    0.014174692584  0.008051675144  0.008051675144  0.009066962704  0.011112778944  0.022438396878  0.010077922228  0.000000000000  0.009066962704  0.006031097104  0.009066962704  0.014174692584  0.012109871031  0.008051675144  0.008051675144  0.008051675144  0.008051675144  0.008051675144  
pavo_cristatus 0.018298945527  0.011103770593  0.011103770593  0.012125307967  0.014186873545  0.025577068402  0.013139389856  0.009066962704  0.000000000000  0.009073877582  0.012125307967  0.017264674818  0.015180768575  0.011103770593  0.011103770593  0.011103770593  0.011103770593  0.011103770593  
syrmaticus_reevesii 0.009073877582  0.002002770832  0.002002770832  0.003006800738  0.005025277397  0.016232548330  0.004011104334  0.006031097104  0.009073877582  0.000000000000  0.003006800738  0.008057549685  0.006025032215  0.002002770832  0.002002770832  0.002002770832  0.002002770832  0.002002770832  
tragopan_blythii 0.012125307967  0.005018176807  0.005018176807  0.006027290563  0.008057549685  0.019319389090  0.007035165752  0.009066962704  0.012125307967  0.003006800738  0.000000000000  0.011103770593  0.009057799731  0.005018176807  0.005018176807  0.005018176807  0.005018176807  0.005018176807  
rollulus_rouloul 0.017264674818  0.010084325022  0.010084325022  0.011103770593  0.013160064814  0.024528644396  0.012116807425  0.014174692584  0.017264674818  0.008057549685  0.011103770593  0.000000000000  0.014155029919  0.010084325022  0.010084325022  0.010084325022  0.010084325022  0.010084325022  
chrysolophus_pictus 0.011103770593  0.004011104334  0.004011104334  0.007033431086  0.009061602365  0.020327504243  0.010069799354  0.012109871031  0.015180768575  0.006025032215  0.009057799731  0.014155029919  0.000000000000  0.004011104334  0.004011104334  0.004011104334  0.004011104334  0.004011104334  
lophura_nycthemera 0.007049677914  0.000000000000  0.000000000000  0.003006064902  0.005020955632  0.016219800185  0.006025032215  0.008051675144  0.011103770593  0.002002770832  0.005018176807  0.010084325022  0.004011104334  0.000000000000  0.000000000000  0.000000000000  0.000000000000  0.000000000000  
phasianus_colchicus 0.007049677914  0.000000000000  0.000000000000  0.003006064902  0.005020955632  0.016219800185  0.006025032215  0.008051675144  0.011103770593  0.002002770832  0.005018176807  0.010084325022  0.004011104334  0.000000000000  0.000000000000  0.000000000000  0.000000000000  0.000000000000  
crossoptilon_crossoptilon 0.007049677914  0.000000000000  0.000000000000  0.003006064902  0.005020955632  0.016219800185  0.006025032215  0.008051675144  0.011103770593  0.002002770832  0.005018176807  0.010084325022  0.004011104334  0.000000000000  0.000000000000  0.000000000000  0.000000000000  0.000000000000  
lophura_inornata 0.007049677914  0.000000000000  0.000000000000  0.003006064902  0.005020955632  0.016219800185  0.006025032215  0.008051675144  0.011103770593  0.002002770832  0.005018176807  0.010084325022  0.004011104334  0.000000000000  0.000000000000  0.000000000000  0.000000000000  0.000000000000  
alectoris_rufa 0.007049677914  0.000000000000  0.000000000000  0.003006064902  0.005020955632  0.016219800185  0.006025032215  0.008051675144  0.011103770593  0.002002770832  0.005018176807  0.010084325022  0.004011104334  0.000000000000  0.000000000000  0.000000000000  0.000000000000  0.000000000000  

