18
rollulus_rouloul 0.000000000000  0.020327989522  0.019281555488  0.023431592338  0.025503660192  0.028631266217  0.021365497486  0.027657874767  0.018271062778  0.025519662164  0.024491063656  0.018271062778  0.018271062778  0.018271062778  0.021380367480  0.017238930262  0.014155315536  0.039172943673  
lophophorus_impejanus 0.020327989522  0.000000000000  0.011096485204  0.015191083435  0.017238930262  0.020327989522  0.013149065587  0.019353101429  0.010092339111  0.016220019063  0.015202701337  0.010092339111  0.010092339111  0.010092339111  0.013160150441  0.009073923849  0.006031124167  0.030736989769  
tragopan_blythii 0.019281555488  0.011096485204  0.000000000000  0.014155315536  0.016199454631  0.019281555488  0.012116980500  0.018299133826  0.009067045961  0.016208934091  0.015191083435  0.009067045961  0.009067045961  0.009067045961  0.012125417172  0.008051751710  0.005018239077  0.029665856974  
cyrtonyx_montezumae 0.023431592338  0.015191083435  0.014155315536  0.000000000000  0.020327989522  0.023431592338  0.016220019063  0.020374178342  0.013149065587  0.020341772423  0.019319653074  0.013149065587  0.013149065587  0.013149065587  0.016232706159  0.012125417172  0.009067045961  0.031773801460  
galgal4    0.025503660192  0.017238930262  0.016199454631  0.020327989522  0.000000000000  0.024459630873  0.018271062778  0.024529004728  0.015191083435  0.022405173102  0.021380367480  0.015191083435  0.015191083435  0.015191083435  0.018284295002  0.014164270952  0.011096485204  0.035994389793  
syrmaticus_reevesii 0.028631266217  0.020327989522  0.019281555488  0.023431592338  0.024459630873  0.000000000000  0.007035303883  0.019305340519  0.010073329879  0.015165842779  0.014147961226  0.010073329879  0.010073329879  0.010073329879  0.015181065439  0.011090691420  0.014155315536  0.037037884958  
lophura_swinhoii 0.021365497486  0.013149065587  0.012116980500  0.016220019063  0.018271062778  0.007035303883  0.000000000000  0.012135443797  0.003006817203  0.010078078399  0.009067045961  0.003006817203  0.003006817203  0.003006817203  0.008057588582  0.004012878653  0.007043324830  0.029683014179  
melgal2    0.027657874767  0.019353101429  0.018299133826  0.020374178342  0.024529004728  0.019305340519  0.012135443797  0.000000000000  0.009082381848  0.016232706159  0.015215915782  0.009082381848  0.009082381848  0.009082381848  0.014200709967  0.010101844541  0.013172824085  0.036066225009  
phasianus_colchicus 0.018271062778  0.010092339111  0.009067045961  0.013149065587  0.015191083435  0.010073329879  0.003006817203  0.009082381848  0.000000000000  0.007038524739  0.006031124167  0.000000000000  0.000000000000  0.000000000000  0.005025288995  0.001001006126  0.004016163124  0.026549884529  
perdix_dauuricae 0.025519662164  0.016220019063  0.016208934091  0.020341772423  0.022405173102  0.015165842779  0.010078078399  0.016232706159  0.007038524739  0.000000000000  0.001000775793  0.007038524739  0.007038524739  0.007038524739  0.012125417172  0.008051751710  0.011103870160  0.033890713267  
crossoptilon_crossoptilon 0.024491063656  0.015202701337  0.015191083435  0.019319653074  0.021380367480  0.014147961226  0.009067045961  0.015215915782  0.006031124167  0.001000775793  0.000000000000  0.006031124167  0.006031124167  0.006031124167  0.011112842899  0.007043324830  0.010092339111  0.032851661717  
lophura_nycthemera 0.018271062778  0.010092339111  0.009067045961  0.013149065587  0.015191083435  0.010073329879  0.003006817203  0.009082381848  0.000000000000  0.007038524739  0.006031124167  0.000000000000  0.000000000000  0.000000000000  0.005025288995  0.001001006126  0.004016163124  0.026549884529  
catreus_wallichi 0.018271062778  0.010092339111  0.009067045961  0.013149065587  0.015191083435  0.010073329879  0.003006817203  0.009082381848  0.000000000000  0.007038524739  0.006031124167  0.000000000000  0.000000000000  0.000000000000  0.005025288995  0.001001006126  0.004016163124  0.026549884529  
syrmaticus_ellioti 0.018271062778  0.010092339111  0.009067045961  0.013149065587  0.015191083435  0.010073329879  0.003006817203  0.009082381848  0.000000000000  0.007038524739  0.006031124167  0.000000000000  0.000000000000  0.000000000000  0.005025288995  0.001001006126  0.004016163124  0.026549884529  
lophura_inornata 0.021380367480  0.013160150441  0.012125417172  0.016232706159  0.018284295002  0.015181065439  0.008057588582  0.014200709967  0.005025288995  0.012125417172  0.011112842899  0.005025288995  0.005025288995  0.005025288995  0.000000000000  0.004016163124  0.007049700770  0.027598313132  
chrysolophus_pictus 0.017238930262  0.009073923849  0.008051751710  0.012125417172  0.014164270952  0.011090691420  0.004012878653  0.010101844541  0.001001006126  0.008051751710  0.007043324830  0.001001006126  0.001001006126  0.001001006126  0.004016163124  0.000000000000  0.003009079513  0.025503660192  
pavo_cristatus 0.014155315536  0.006031124167  0.005018239077  0.009067045961  0.011096485204  0.014155315536  0.007043324830  0.013172824085  0.004016163124  0.011103870160  0.010092339111  0.004016163124  0.004016163124  0.004016163124  0.007049700770  0.003009079513  0.000000000000  0.024459630873  
alectoris_rufa 0.039172943673  0.030736989769  0.029665856974  0.031773801460  0.035994389793  0.037037884958  0.029683014179  0.036066225009  0.026549884529  0.033890713267  0.032851661717  0.026549884529  0.026549884529  0.026549884529  0.027598313132  0.025503660192  0.024459630873  0.000000000000  

