18
cyrtonyx_montezumae 0.000000000000  0.047754365437  0.045710780809  0.061169684958  0.054282879405  0.056488472395  0.064240067637  0.056450691169  0.054282879405  0.056488472395  0.056488472395  0.055347913204  0.055384441098  0.054247599244  0.048875077625  0.052195763614  0.048909293228  0.018286653443  
pavo_cristatus 0.047754365437  0.000000000000  0.035093344253  0.048096713074  0.047889705960  0.050078314960  0.057768341869  0.050039486149  0.047889705960  0.050078314960  0.050078314960  0.048945199885  0.048982794602  0.045676855698  0.038215650485  0.044733093986  0.040398993998  0.032816170484  
galgal4    0.045710780809  0.035093344253  0.000000000000  0.037383731198  0.045863220323  0.048051964407  0.055738223548  0.048008886501  0.045863220323  0.048051964407  0.048051964407  0.046914532697  0.046956376357  0.043645987677  0.034055789433  0.042719050638  0.038384685775  0.030784525018  
rollulus_rouloul 0.061169684958  0.048096713074  0.037383731198  0.000000000000  0.061392740094  0.063651767458  0.071570654332  0.063590814603  0.061392740094  0.063651767458  0.063651767458  0.062461320394  0.062520958420  0.059088298835  0.049243648528  0.058196996038  0.053724863335  0.045822605437  
lophura_inornata 0.054282879405  0.047889705960  0.045863220323  0.061392740094  0.000000000000  0.002004072346  0.009074602534  0.002002779684  0.000000000000  0.002004072346  0.002004072346  0.003006843695  0.007038729994  0.012105009649  0.023467895350  0.025582792104  0.021400342814  0.039179465292  
catreus_wallichi 0.056488472395  0.050078314960  0.048051964407  0.063651767458  0.002004072346  0.000000000000  0.007043697789  0.004012959085  0.002004072346  0.004016333772  0.004016333772  0.005021134255  0.009067513975  0.014148438256  0.025561302143  0.027687413388  0.023487127215  0.041325096622  
crossoptilon_crossoptilon 0.064240067637  0.057768341869  0.055738223548  0.071570654332  0.009074602534  0.007043697789  0.000000000000  0.011104690661  0.009074602534  0.011113917575  0.009074602534  0.012126448023  0.016221744438  0.021354177036  0.032931193886  0.035093344253  0.030834086683  0.048875077625  
lophura_swinhoii 0.056450691169  0.050039486149  0.048008886501  0.063590814603  0.002002779684  0.004012959085  0.011104690661  0.000000000000  0.002002779684  0.004012959085  0.004012959085  0.005018269847  0.009061994964  0.014142311996  0.025541425097  0.027663645999  0.023467895350  0.041299330730  
phasianus_colchicus 0.054282879405  0.047889705960  0.045863220323  0.061392740094  0.000000000000  0.002004072346  0.009074602534  0.002002779684  0.000000000000  0.002004072346  0.002004072346  0.003006843695  0.007038729994  0.012105009649  0.023467895350  0.025582792104  0.021400342814  0.039179465292  
syrmaticus_reevesii 0.056488472395  0.050078314960  0.048051964407  0.063651767458  0.002004072346  0.004016333772  0.011113917575  0.004012959085  0.002004072346  0.000000000000  0.004016333772  0.005021134255  0.009067513975  0.014148438256  0.025561302143  0.027687413388  0.023487127215  0.041325096622  
syrmaticus_ellioti 0.056488472395  0.050078314960  0.048051964407  0.063651767458  0.002004072346  0.004016333772  0.009074602534  0.004012959085  0.002004072346  0.004016333772  0.000000000000  0.005021134255  0.009067513975  0.014148438256  0.025561302143  0.027687413388  0.023487127215  0.041325096622  
lophura_nycthemera 0.055347913204  0.048945199885  0.046914532697  0.062461320394  0.003006843695  0.005021134255  0.012126448023  0.005018269847  0.003006843695  0.005021134255  0.005021134255  0.000000000000  0.010078465148  0.015166134628  0.024494738330  0.026611352172  0.022424519671  0.040226532565  
chrysolophus_pictus 0.055384441098  0.048982794602  0.046956376357  0.062520958420  0.007038729994  0.009067513975  0.016221744438  0.009061994964  0.007038729994  0.009067513975  0.009067513975  0.010078465148  0.000000000000  0.013125664051  0.024513486366  0.026633978414  0.022442629660  0.040251112382  
perdix_dauuricae 0.054247599244  0.045676855698  0.043645987677  0.059088298835  0.012105009649  0.014148438256  0.021354177036  0.014142311996  0.012105009649  0.014148438256  0.014148438256  0.015166134628  0.013125664051  0.000000000000  0.021367960357  0.022424519671  0.019307591264  0.037022089651  
tragopan_blythii 0.048875077625  0.038215650485  0.034055789433  0.049243648528  0.023467895350  0.025561302143  0.032931193886  0.025541425097  0.023467895350  0.025561302143  0.025561302143  0.024494738330  0.024513486366  0.021367960357  0.000000000000  0.020396808838  0.016249461404  0.031778023790  
melgal2    0.052195763614  0.044733093986  0.042719050638  0.058196996038  0.025582792104  0.027687413388  0.035093344253  0.027663645999  0.025582792104  0.027687413388  0.027687413388  0.026611352172  0.026633978414  0.022424519671  0.020396808838  0.000000000000  0.018337209188  0.034982152360  
lophophorus_impejanus 0.048909293228  0.040398993998  0.038384685775  0.053724863335  0.021400342814  0.023487127215  0.030834086683  0.023467895350  0.021400342814  0.023487127215  0.023487127215  0.022424519671  0.022442629660  0.019307591264  0.016249461404  0.018337209188  0.000000000000  0.031798235860  
alectoris_rufa 0.018286653443  0.032816170484  0.030784525018  0.045822605437  0.039179465292  0.041325096622  0.048875077625  0.041299330730  0.039179465292  0.041325096622  0.041325096622  0.040226532565  0.040251112382  0.037022089651  0.031778023790  0.034982152360  0.031798235860  0.000000000000  

