18
pavo_cristatus 0.000000000000  0.012126090273  0.027685401966  0.013149902863  0.022460989008  0.018301043277  0.013149902863  0.012126090273  0.012126090273  0.017252397262  0.012126090273  0.017266508410  0.012126090273  0.012126090273  0.012126090273  0.020376636534  0.050389784997  0.009067324620  
galgal4    0.012126090273  0.000000000000  0.027685401966  0.015203916809  0.024554174943  0.020376636534  0.015203916809  0.014175842091  0.014175842091  0.019321442342  0.014175842091  0.019337749607  0.014175842091  0.014175842091  0.014175842091  0.020376636534  0.052605016568  0.011104395523  
rollulus_rouloul 0.027685401966  0.027685401966  0.000000000000  0.030858766802  0.040503059243  0.036193441444  0.030858766802  0.029798711488  0.029798711488  0.035090121636  0.029798711488  0.035121887021  0.029798711488  0.029798711488  0.029798711488  0.038343549915  0.067181626247  0.026632128413  
chrysolophus_pictus 0.013149902863  0.015203916809  0.030858766802  0.000000000000  0.009083008502  0.005025480311  0.000000000000  0.001001013697  0.001001013697  0.008057938078  0.001001013697  0.006036741671  0.001001013697  0.001001013697  0.001001013697  0.009083008502  0.049285883916  0.010084809868  
lophophorus_impejanus 0.022460989008  0.024554174943  0.040503059243  0.009083008502  0.000000000000  0.014202247293  0.009083008502  0.010102620309  0.010102620309  0.017282195028  0.010102620309  0.015232493112  0.010102620309  0.010102620309  0.010102620309  0.018336187565  0.059310955505  0.019337749607  
phasianus_colchicus 0.018301043277  0.020376636534  0.036193441444  0.005025480311  0.014202247293  0.000000000000  0.005025480311  0.006036741671  0.006036741671  0.013161242742  0.006036741671  0.009083008502  0.006036741671  0.006036741671  0.006036741671  0.014202247293  0.054830228415  0.015203916809  
syrmaticus_reevesii 0.013149902863  0.015203916809  0.030858766802  0.000000000000  0.009083008502  0.005025480311  0.000000000000  0.001001013697  0.001001013697  0.008057938078  0.001001013697  0.006036741671  0.001001013697  0.001001013697  0.001001013697  0.009083008502  0.049285883916  0.010084809868  
crossoptilon_crossoptilon 0.012126090273  0.014175842091  0.029798711488  0.001001013697  0.010102620309  0.006036741671  0.001001013697  0.000000000000  0.000000000000  0.007043574321  0.000000000000  0.005025480311  0.000000000000  0.000000000000  0.000000000000  0.008065497209  0.048184444575  0.009067324620  
melgal2    0.012126090273  0.014175842091  0.029798711488  0.001001013697  0.010102620309  0.006036741671  0.001001013697  0.000000000000  0.000000000000  0.007043574321  0.000000000000  0.005025480311  0.000000000000  0.000000000000  0.000000000000  0.008065497209  0.048184444575  0.009067324620  
lophura_inornata 0.017252397262  0.019321442342  0.035090121636  0.008057938078  0.017282195028  0.013161242742  0.008057938078  0.007043574321  0.007043574321  0.000000000000  0.007043574321  0.012136354725  0.007043574321  0.007043574321  0.007043574321  0.015217420996  0.053662234541  0.014164990887  
lophura_swinhoii 0.012126090273  0.014175842091  0.029798711488  0.001001013697  0.010102620309  0.006036741671  0.001001013697  0.000000000000  0.000000000000  0.007043574321  0.000000000000  0.005025480311  0.000000000000  0.000000000000  0.000000000000  0.008065497209  0.048184444575  0.009067324620  
catreus_wallichi 0.017266508410  0.019337749607  0.035121887021  0.006036741671  0.015232493112  0.009083008502  0.006036741671  0.005025480311  0.005025480311  0.012136354725  0.005025480311  0.000000000000  0.005025480311  0.005025480311  0.005025480311  0.013174145985  0.053716369340  0.014175842091  
perdix_dauuricae 0.012126090273  0.014175842091  0.029798711488  0.001001013697  0.010102620309  0.006036741671  0.001001013697  0.000000000000  0.000000000000  0.007043574321  0.000000000000  0.005025480311  0.000000000000  0.000000000000  0.000000000000  0.008065497209  0.048184444575  0.009067324620  
syrmaticus_ellioti 0.012126090273  0.014175842091  0.029798711488  0.001001013697  0.010102620309  0.006036741671  0.001001013697  0.000000000000  0.000000000000  0.007043574321  0.000000000000  0.005025480311  0.000000000000  0.000000000000  0.000000000000  0.008065497209  0.048184444575  0.009067324620  
lophura_nycthemera 0.012126090273  0.014175842091  0.029798711488  0.001001013697  0.010102620309  0.006036741671  0.001001013697  0.000000000000  0.000000000000  0.007043574321  0.000000000000  0.005025480311  0.000000000000  0.000000000000  0.000000000000  0.008065497209  0.048184444575  0.009067324620  
tragopan_blythii 0.020376636534  0.020376636534  0.038343549915  0.009083008502  0.018336187565  0.014202247293  0.009083008502  0.008065497209  0.008065497209  0.015217420996  0.008065497209  0.013174145985  0.008065497209  0.008065497209  0.008065497209  0.000000000000  0.057065510871  0.017266508410  
cyrtonyx_montezumae 0.050389784997  0.052605016568  0.067181626247  0.049285883916  0.059310955505  0.054830228415  0.049285883916  0.048184444575  0.048184444575  0.053662234541  0.048184444575  0.053716369340  0.048184444575  0.048184444575  0.048184444575  0.057065510871  0.000000000000  0.049285883916  
alectoris_rufa 0.009067324620  0.011104395523  0.026632128413  0.010084809868  0.019337749607  0.015203916809  0.010084809868  0.009067324620  0.009067324620  0.014164990887  0.009067324620  0.014175842091  0.009067324620  0.009067324620  0.009067324620  0.017266508410  0.049285883916  0.000000000000  

