18
cyrtonyx_montezumae 0.000000000000  0.015185243116  0.016239663916  0.022451732819  0.019345927025  0.019345927025  0.026672790409  0.022472365420  0.022472365420  0.022472365420  0.022472365420  0.020385818537  0.017272859327  0.020335904899  0.022415457032  0.017258031103  0.018277970728  0.014168497321  
rollulus_rouloul 0.015185243116  0.000000000000  0.011106692251  0.017258031103  0.014179902368  0.014179902368  0.021427961412  0.017272859327  0.017272859327  0.017272859327  0.017272859327  0.015208681416  0.012128917094  0.015175993191  0.017233325278  0.012119769921  0.013134409115  0.009062935938  
syrmaticus_ellioti 0.016239663916  0.011106692251  0.000000000000  0.007044570780  0.003009387538  0.003009387538  0.010105333765  0.006037707726  0.006037707726  0.006037707726  0.006037707726  0.004016712228  0.001001040165  0.004010959026  0.006025391677  0.013165227250  0.014179902368  0.010095170800  
syrmaticus_reevesii 0.022451732819  0.017258031103  0.007044570780  0.000000000000  0.004013182132  0.004013182132  0.011116348888  0.007044570780  0.007044570780  0.007044570780  0.007044570780  0.011116348888  0.008059290850  0.011092275638  0.013134409115  0.019345927025  0.020367522742  0.016239663916  
chrysolophus_pictus 0.019345927025  0.014179902368  0.003009387538  0.004013182132  0.000000000000  0.000000000000  0.007051396347  0.003009387538  0.003009387538  0.003009387538  0.003009387538  0.007051396347  0.004016712228  0.007035778156  0.009062935938  0.016254989906  0.017272859327  0.013165227250  
phasianus_colchicus 0.019345927025  0.014179902368  0.003009387538  0.004013182132  0.000000000000  0.000000000000  0.007051396347  0.003009387538  0.003009387538  0.003009387538  0.003009387538  0.007051396347  0.004016712228  0.007035778156  0.009062935938  0.016254989906  0.017272859327  0.013165227250  
catreus_wallichi 0.026672790409  0.021427961412  0.010105333765  0.011116348888  0.007051396347  0.007051396347  0.000000000000  0.004016712228  0.004016712228  0.004016712228  0.004016712228  0.014207625524  0.011127633774  0.014168497321  0.016225981641  0.023542510923  0.024567996230  0.020405768338  
lophura_nycthemera 0.022472365420  0.017272859327  0.006037707726  0.007044570780  0.003009387538  0.003009387538  0.004016712228  0.000000000000  0.000000000000  0.000000000000  0.000000000000  0.010105333765  0.007051396347  0.010079725217  0.012119769921  0.019364713386  0.020385818537  0.016254989906  
crossoptilon_crossoptilon 0.022472365420  0.017272859327  0.006037707726  0.007044570780  0.003009387538  0.003009387538  0.004016712228  0.000000000000  0.000000000000  0.000000000000  0.000000000000  0.010105333765  0.007051396347  0.010079725217  0.012119769921  0.019364713386  0.020385818537  0.016254989906  
lophura_inornata 0.022472365420  0.017272859327  0.006037707726  0.007044570780  0.003009387538  0.003009387538  0.004016712228  0.000000000000  0.000000000000  0.000000000000  0.000000000000  0.010105333765  0.007051396347  0.010079725217  0.012119769921  0.019364713386  0.020385818537  0.016254989906  
lophura_swinhoii 0.022472365420  0.017272859327  0.006037707726  0.007044570780  0.003009387538  0.003009387538  0.004016712228  0.000000000000  0.000000000000  0.000000000000  0.000000000000  0.010105333765  0.007051396347  0.010079725217  0.012119769921  0.019364713386  0.020385818537  0.016254989906  
perdix_dauuricae 0.020385818537  0.015208681416  0.004016712228  0.011116348888  0.007051396347  0.007051396347  0.014207625524  0.010105333765  0.010105333765  0.010105333765  0.010105333765  0.000000000000  0.005026149331  0.008048289923  0.010079725217  0.017289333814  0.016239663916  0.014192946084  
melgal2    0.017272859327  0.012128917094  0.001001040165  0.008059290850  0.004016712228  0.004016712228  0.011127633774  0.007051396347  0.007051396347  0.007051396347  0.007051396347  0.005026149331  0.000000000000  0.005017121583  0.007035778156  0.014192946084  0.015208681416  0.011116348888  
lophophorus_impejanus 0.020335904899  0.015175993191  0.004010959026  0.011092275638  0.007035778156  0.007035778156  0.014168497321  0.010079725217  0.010079725217  0.010079725217  0.010079725217  0.008048289923  0.005017121583  0.000000000000  0.002004166440  0.017244852093  0.018265298134  0.014158733919  
tragopan_blythii 0.022415457032  0.017233325278  0.006025391677  0.013134409115  0.009062935938  0.009062935938  0.016225981641  0.012119769921  0.012119769921  0.012119769921  0.012119769921  0.010079725217  0.007035778156  0.002004166440  0.000000000000  0.019313311463  0.020335904899  0.016213946042  
pavo_cristatus 0.017258031103  0.012119769921  0.013165227250  0.019345927025  0.016254989906  0.016254989906  0.023542510923  0.019364713386  0.019364713386  0.019364713386  0.019364713386  0.017289333814  0.014192946084  0.017244852093  0.019313311463  0.000000000000  0.015196140190  0.011106692251  
galgal4    0.018277970728  0.013134409115  0.014179902368  0.020367522742  0.017272859327  0.017272859327  0.024567996230  0.020385818537  0.020385818537  0.020385818537  0.020385818537  0.016239663916  0.015208681416  0.018265298134  0.020335904899  0.015196140190  0.000000000000  0.012119769921  
alectoris_rufa 0.014168497321  0.009062935938  0.010095170800  0.016239663916  0.013165227250  0.013165227250  0.020405768338  0.016254989906  0.016254989906  0.016254989906  0.016254989906  0.014192946084  0.011116348888  0.014158733919  0.016213946042  0.011106692251  0.012119769921  0.000000000000  

