18
cyrtonyx_montezumae 0.000000000000  0.007046951323  0.003007227893  0.008062531069  0.010077168351  0.008055433390  0.008055433390  0.010090952158  0.009072050524  0.008055433390  0.010090952158  0.014189610535  0.012135650152  0.012135650152  0.008055433390  0.009072050524  0.009072050524  0.006040052178  
galgal4    0.007046951323  0.000000000000  0.006029011800  0.009072050524  0.013132215048  0.011103106355  0.011103106355  0.013149906894  0.012125351678  0.011103106355  0.013149906894  0.017271437006  0.015205988925  0.015205988925  0.011103106355  0.012125351678  0.012125351678  0.009080390648  
pavo_cristatus 0.003007227893  0.006029011800  0.000000000000  0.007041090532  0.009057802790  0.007037017189  0.007037017189  0.009065503886  0.008050126167  0.007037017189  0.009065503886  0.013149906894  0.011103106355  0.011103106355  0.007037017189  0.008050126167  0.008050126167  0.005022590640  
rollulus_rouloul 0.008062531069  0.009072050524  0.007041090532  0.000000000000  0.014156564652  0.012125351678  0.012125351678  0.014176782465  0.013149906894  0.012125351678  0.014176782465  0.018307700058  0.016237536879  0.016237536879  0.012125351678  0.013149906894  0.013149906894  0.010100540320  
catreus_wallichi 0.010077168351  0.013132215048  0.009057802790  0.014156564652  0.000000000000  0.002003137418  0.002003137418  0.003006259834  0.005019187106  0.002003137418  0.004011606435  0.008055433390  0.006029011800  0.006029011800  0.002003137418  0.003006259834  0.003006259834  0.012116858791  
syrmaticus_reevesii 0.008055433390  0.011103106355  0.007037017189  0.012125351678  0.002003137418  0.000000000000  0.000000000000  0.002004423953  0.003009968608  0.000000000000  0.002004423953  0.006040052178  0.004017748215  0.004017748215  0.000000000000  0.001001104359  0.001001104359  0.010090952158  
lophura_swinhoii 0.008055433390  0.011103106355  0.007037017189  0.012125351678  0.002003137418  0.000000000000  0.000000000000  0.002004423953  0.003009968608  0.000000000000  0.002004423953  0.006040052178  0.004017748215  0.004017748215  0.000000000000  0.001001104359  0.001001104359  0.010090952158  
lophura_nycthemera 0.010090952158  0.013149906894  0.009065503886  0.014176782465  0.003006259834  0.002004423953  0.002004423953  0.000000000000  0.005027772730  0.002004423953  0.004017748215  0.008071416305  0.006040052178  0.006040052178  0.002004423953  0.003009968608  0.003009968608  0.012135650152  
crossoptilon_crossoptilon 0.009072050524  0.012125351678  0.008050126167  0.013149906894  0.005019187106  0.003009968608  0.003009968608  0.005027772730  0.000000000000  0.003009968608  0.005027772730  0.009090521369  0.007054596650  0.007054596650  0.003009968608  0.004017748215  0.004017748215  0.011112148580  
syrmaticus_ellioti 0.008055433390  0.011103106355  0.007037017189  0.012125351678  0.002003137418  0.000000000000  0.000000000000  0.002004423953  0.003009968608  0.000000000000  0.002004423953  0.006040052178  0.004017748215  0.004017748215  0.000000000000  0.001001104359  0.001001104359  0.010090952158  
tragopan_blythii 0.010090952158  0.013149906894  0.009065503886  0.014176782465  0.004011606435  0.002004423953  0.002004423953  0.004017748215  0.005027772730  0.002004423953  0.000000000000  0.008071416305  0.006040052178  0.006040052178  0.002004423953  0.003009968608  0.003009968608  0.012135650152  
melgal2    0.014189610535  0.017271437006  0.013149906894  0.018307700058  0.008055433390  0.006040052178  0.006040052178  0.008071416305  0.009090521369  0.006040052178  0.008071416305  0.000000000000  0.010111922140  0.010111922140  0.006040052178  0.007054596650  0.007054596650  0.016252917606  
lophophorus_impejanus 0.012135650152  0.015205988925  0.011103106355  0.016237536879  0.006029011800  0.004017748215  0.004017748215  0.006040052178  0.007054596650  0.004017748215  0.006040052178  0.010111922140  0.000000000000  0.000000000000  0.004017748215  0.005027772730  0.005027772730  0.014189610535  
lophura_inornata 0.012135650152  0.015205988925  0.011103106355  0.016237536879  0.006029011800  0.004017748215  0.004017748215  0.006040052178  0.007054596650  0.004017748215  0.006040052178  0.010111922140  0.000000000000  0.000000000000  0.004017748215  0.005027772730  0.005027772730  0.014189610535  
phasianus_colchicus 0.008055433390  0.011103106355  0.007037017189  0.012125351678  0.002003137418  0.000000000000  0.000000000000  0.002004423953  0.003009968608  0.000000000000  0.002004423953  0.006040052178  0.004017748215  0.004017748215  0.000000000000  0.001001104359  0.001001104359  0.010090952158  
perdix_dauuricae 0.009072050524  0.012125351678  0.008050126167  0.013149906894  0.003006259834  0.001001104359  0.001001104359  0.003009968608  0.004017748215  0.001001104359  0.003009968608  0.007054596650  0.005027772730  0.005027772730  0.001001104359  0.000000000000  0.000000000000  0.011112148580  
chrysolophus_pictus 0.009072050524  0.012125351678  0.008050126167  0.013149906894  0.003006259834  0.001001104359  0.001001104359  0.003009968608  0.004017748215  0.001001104359  0.003009968608  0.007054596650  0.005027772730  0.005027772730  0.001001104359  0.000000000000  0.000000000000  0.011112148580  
alectoris_rufa 0.006040052178  0.009080390648  0.005022590640  0.010100540320  0.012116858791  0.010090952158  0.010090952158  0.012135650152  0.011112148580  0.010090952158  0.012135650152  0.016252917606  0.014189610535  0.014189610535  0.010090952158  0.011112148580  0.011112148580  0.000000000000  

