18
galgal4    0.000000000000  0.016200680439  0.016200680439  0.040163870794  0.048913618242  0.018261379459  0.018261379459  0.018261379459  0.031821947854  0.025507434667  0.032837407851  0.030723613786  0.029688275702  0.031779372631  0.025507434667  0.020317934002  0.018261379459  0.028674809857  
melgal2    0.016200680439  0.000000000000  0.000000000000  0.027532144432  0.034984317284  0.005018281905  0.005018281905  0.005018281905  0.018273597169  0.012110717628  0.019283260852  0.017220436594  0.016200680439  0.018250764763  0.012110717628  0.007035341046  0.005018281905  0.020330768812  
pavo_cristatus 0.016200680439  0.000000000000  0.000000000000  0.027532144432  0.034984317284  0.005018281905  0.005018281905  0.005018281905  0.018273597169  0.012110717628  0.019283260852  0.017220436594  0.016200680439  0.018250764763  0.012110717628  0.007035341046  0.005018281905  0.020330768812  
cyrtonyx_montezumae 0.040163870794  0.027532144432  0.027532144432  0.000000000000  0.043578700655  0.025466667045  0.025466667045  0.025466667045  0.039157836039  0.032782430364  0.040183733119  0.038049467870  0.037003809156  0.039115440154  0.032782430364  0.027543086965  0.025466667045  0.040163870794  
rollulus_rouloul 0.048913618242  0.034984317284  0.034984317284  0.043578700655  0.000000000000  0.035037210309  0.035037210309  0.035037210309  0.046840802214  0.041415951953  0.046768044026  0.046768044026  0.045715033834  0.047857777309  0.041415951953  0.037146832021  0.035037210309  0.054404907051  
crossoptilon_crossoptilon 0.018261379459  0.005018281905  0.005018281905  0.025466667045  0.035037210309  0.000000000000  0.000000000000  0.000000000000  0.013150739342  0.007038795660  0.014156422740  0.012110717628  0.011097214088  0.013132504141  0.007038795660  0.002002778786  0.000000000000  0.022408922105  
lophura_swinhoii 0.018261379459  0.005018281905  0.005018281905  0.025466667045  0.035037210309  0.000000000000  0.000000000000  0.000000000000  0.013150739342  0.007038795660  0.014156422740  0.012110717628  0.011097214088  0.013132504141  0.007038795660  0.002002778786  0.000000000000  0.022408922105  
catreus_wallichi 0.018261379459  0.005018281905  0.005018281905  0.025466667045  0.035037210309  0.000000000000  0.000000000000  0.000000000000  0.013150739342  0.007038795660  0.014156422740  0.012110717628  0.011097214088  0.013132504141  0.007038795660  0.002002778786  0.000000000000  0.022408922105  
perdix_dauuricae 0.031821947854  0.018273597169  0.018273597169  0.039157836039  0.046840802214  0.013150739342  0.013150739342  0.013150739342  0.000000000000  0.019308311072  0.026572210534  0.024478582106  0.023451308488  0.025524279745  0.019308311072  0.015192990595  0.013150739342  0.036077222522  
phasianus_colchicus 0.025507434667  0.012110717628  0.012110717628  0.032782430364  0.041415951953  0.007038795660  0.007038795660  0.007038795660  0.019308311072  0.000000000000  0.007038795660  0.005018281905  0.004012984728  0.006027498833  0.004016392196  0.009062074750  0.007038795660  0.029708068745  
lophura_nycthemera 0.032837407851  0.019283260852  0.019283260852  0.040183733119  0.046768044026  0.014156422740  0.014156422740  0.014156422740  0.026572210534  0.007038795660  0.000000000000  0.008052180977  0.007043818990  0.009067663428  0.011104954577  0.016200680439  0.014156422740  0.037092510210  
syrmaticus_reevesii 0.030723613786  0.017220436594  0.017220436594  0.038049467870  0.046768044026  0.012110717628  0.012110717628  0.012110717628  0.024478582106  0.005018281905  0.008052180977  0.000000000000  0.005021184257  0.007038795660  0.009067663428  0.014148599067  0.012110717628  0.034960346836  
syrmaticus_ellioti 0.029688275702  0.016200680439  0.016200680439  0.037003809156  0.045715033834  0.011097214088  0.011097214088  0.011097214088  0.023451308488  0.004012984728  0.007043818990  0.005021184257  0.000000000000  0.006031459489  0.008058271376  0.013132504141  0.011097214088  0.033920526406  
chrysolophus_pictus 0.031779372631  0.018250764763  0.018250764763  0.039115440154  0.047857777309  0.013132504141  0.013132504141  0.013132504141  0.025524279745  0.006027498833  0.009067663428  0.007038795660  0.006031459489  0.000000000000  0.010085251711  0.015173567054  0.013132504141  0.036025270466  
lophura_inornata 0.025507434667  0.012110717628  0.012110717628  0.032782430364  0.041415951953  0.007038795660  0.007038795660  0.007038795660  0.019308311072  0.004016392196  0.011104954577  0.009067663428  0.008058271376  0.010085251711  0.000000000000  0.009062074750  0.007038795660  0.029708068745  
lophophorus_impejanus 0.020317934002  0.007035341046  0.007035341046  0.027543086965  0.037146832021  0.002002778786  0.002002778786  0.002002778786  0.015192990595  0.009062074750  0.016200680439  0.014148599067  0.013132504141  0.015173567054  0.009062074750  0.000000000000  0.002002778786  0.024478582106  
tragopan_blythii 0.018261379459  0.005018281905  0.005018281905  0.025466667045  0.035037210309  0.000000000000  0.000000000000  0.000000000000  0.013150739342  0.007038795660  0.014156422740  0.012110717628  0.011097214088  0.013132504141  0.007038795660  0.002002778786  0.000000000000  0.022408922105  
alectoris_rufa 0.028674809857  0.020330768812  0.020330768812  0.040163870794  0.054404907051  0.022408922105  0.022408922105  0.022408922105  0.036077222522  0.029708068745  0.037092510210  0.034960346836  0.033920526406  0.036025270466  0.029708068745  0.024478582106  0.022408922105  0.000000000000  

