18
perdix_dauuricae 0.000000000000  0.001001008978  0.001001008978  0.001001008978  0.006031172362  0.002004041352  0.002004041352  0.001001008978  0.001001008978  0.006024998895  0.004011089542  0.001001008978  0.001001008978  0.001001008978  0.001001008978  0.001001008978  0.009061656888  0.009074084188  
chrysolophus_pictus 0.001001008978  0.000000000000  0.000000000000  0.000000000000  0.005021000958  0.001001008978  0.001001008978  0.000000000000  0.000000000000  0.005016895161  0.003006040882  0.000000000000  0.000000000000  0.000000000000  0.000000000000  0.000000000000  0.008047371359  0.010092548922  
tragopan_blythii 0.001001008978  0.000000000000  0.000000000000  0.000000000000  0.005021000958  0.001001008978  0.001001008978  0.000000000000  0.000000000000  0.005016895161  0.003006040882  0.000000000000  0.000000000000  0.000000000000  0.000000000000  0.000000000000  0.008047371359  0.010092548922  
phasianus_colchicus 0.001001008978  0.000000000000  0.000000000000  0.000000000000  0.005021000958  0.001001008978  0.001001008978  0.000000000000  0.000000000000  0.005016895161  0.003006040882  0.000000000000  0.000000000000  0.000000000000  0.000000000000  0.000000000000  0.008047371359  0.010092548922  
crossoptilon_crossoptilon 0.006031172362  0.005021000958  0.005021000958  0.005021000958  0.000000000000  0.006031172362  0.006031172362  0.005021000958  0.005021000958  0.010073084746  0.008047371359  0.005021000958  0.005021000958  0.005021000958  0.005021000958  0.005021000958  0.013131555435  0.015203100699  
galgal4    0.002004041352  0.001001008978  0.001001008978  0.001001008978  0.006031172362  0.000000000000  0.002004041352  0.001001008978  0.001001008978  0.006024998895  0.004011089542  0.001001008978  0.001001008978  0.001001008978  0.001001008978  0.001001008978  0.009061656888  0.011113108309  
pavo_cristatus 0.002004041352  0.001001008978  0.001001008978  0.001001008978  0.006031172362  0.002004041352  0.000000000000  0.001001008978  0.001001008978  0.006024998895  0.004011089542  0.001001008978  0.001001008978  0.001001008978  0.001001008978  0.001001008978  0.009061656888  0.011113108309  
syrmaticus_ellioti 0.001001008978  0.000000000000  0.000000000000  0.000000000000  0.005021000958  0.001001008978  0.001001008978  0.000000000000  0.000000000000  0.005016895161  0.003006040882  0.000000000000  0.000000000000  0.000000000000  0.000000000000  0.000000000000  0.008047371359  0.010092548922  
syrmaticus_reevesii 0.001001008978  0.000000000000  0.000000000000  0.000000000000  0.005021000958  0.001001008978  0.001001008978  0.000000000000  0.000000000000  0.005016895161  0.003006040882  0.000000000000  0.000000000000  0.000000000000  0.000000000000  0.000000000000  0.008047371359  0.010092548922  
lophophorus_impejanus 0.006024998895  0.005016895161  0.005016895161  0.005016895161  0.010073084746  0.006024998895  0.006024998895  0.005016895161  0.005016895161  0.000000000000  0.002002767139  0.005016895161  0.005016895161  0.005016895161  0.005016895161  0.005016895161  0.013120041292  0.015181059182  
cyrtonyx_montezumae 0.004011089542  0.003006040882  0.003006040882  0.003006040882  0.008047371359  0.004011089542  0.004011089542  0.003006040882  0.003006040882  0.002002767139  0.000000000000  0.003006040882  0.003006040882  0.003006040882  0.003006040882  0.003006040882  0.011086053935  0.013139659346  
lophura_nycthemera 0.001001008978  0.000000000000  0.000000000000  0.000000000000  0.005021000958  0.001001008978  0.001001008978  0.000000000000  0.000000000000  0.005016895161  0.003006040882  0.000000000000  0.000000000000  0.000000000000  0.000000000000  0.000000000000  0.008047371359  0.010092548922  
catreus_wallichi 0.001001008978  0.000000000000  0.000000000000  0.000000000000  0.005021000958  0.001001008978  0.001001008978  0.000000000000  0.000000000000  0.005016895161  0.003006040882  0.000000000000  0.000000000000  0.000000000000  0.000000000000  0.000000000000  0.008047371359  0.010092548922  
lophura_inornata 0.001001008978  0.000000000000  0.000000000000  0.000000000000  0.005021000958  0.001001008978  0.001001008978  0.000000000000  0.000000000000  0.005016895161  0.003006040882  0.000000000000  0.000000000000  0.000000000000  0.000000000000  0.000000000000  0.008047371359  0.010092548922  
lophura_swinhoii 0.001001008978  0.000000000000  0.000000000000  0.000000000000  0.005021000958  0.001001008978  0.001001008978  0.000000000000  0.000000000000  0.005016895161  0.003006040882  0.000000000000  0.000000000000  0.000000000000  0.000000000000  0.000000000000  0.008047371359  0.010092548922  
melgal2    0.001001008978  0.000000000000  0.000000000000  0.000000000000  0.005021000958  0.001001008978  0.001001008978  0.000000000000  0.000000000000  0.005016895161  0.003006040882  0.000000000000  0.000000000000  0.000000000000  0.000000000000  0.000000000000  0.008047371359  0.010092548922  
rollulus_rouloul 0.009061656888  0.008047371359  0.008047371359  0.008047371359  0.013131555435  0.009061656888  0.009061656888  0.008047371359  0.008047371359  0.013120041292  0.011086053935  0.008047371359  0.008047371359  0.008047371359  0.008047371359  0.008047371359  0.000000000000  0.018271274551  
alectoris_rufa 0.009074084188  0.010092548922  0.010092548922  0.010092548922  0.015203100699  0.011113108309  0.011113108309  0.010092548922  0.010092548922  0.015181059182  0.013139659346  0.010092548922  0.010092548922  0.010092548922  0.010092548922  0.010092548922  0.018271274551  0.000000000000  

