18
cyrtonyx_montezumae 0.000000000000  0.022486123543  0.046704224751  0.038137654758  0.031823052528  0.030764883654  0.026592648748  0.037120365173  0.029708995579  0.034985626951  0.034985626951  0.049973725246  0.031823052528  0.031823052528  0.033946272236  0.033921736202  0.028675728464  0.028675728464  
rollulus_rouloul 0.022486123543  0.000000000000  0.044566449511  0.039235625821  0.033972459183  0.032908521502  0.028721330809  0.037148456760  0.031846889530  0.037148456760  0.037148456760  0.052204078510  0.033972459183  0.033972459183  0.036107291883  0.036078734476  0.030811863149  0.030811863149  
pavo_cristatus 0.046704224751  0.044566449511  0.000000000000  0.028604168915  0.032838441099  0.031780318650  0.027604022646  0.038137654758  0.029670905738  0.034939167185  0.034939167185  0.049906855981  0.030724476799  0.030724476799  0.030724476799  0.032818385479  0.028636666584  0.028636666584  
galgal4    0.038137654758  0.039235625821  0.028604168915  0.000000000000  0.025508055995  0.024463426006  0.020331190738  0.028636666584  0.022380825196  0.027586460587  0.027586460587  0.042378560270  0.022380825196  0.022380825196  0.024463426006  0.024449284120  0.021355221433  0.021355221433  
lophura_swinhoii 0.031823052528  0.033972459183  0.032838441099  0.025508055995  0.000000000000  0.007050494271  0.007038841587  0.017230220310  0.010073576766  0.014148755971  0.014148755971  0.029670905738  0.012110839302  0.012110839302  0.014156609662  0.014148755971  0.009062142699  0.009062142699  
perdix_dauuricae 0.030764883654  0.032908521502  0.031780318650  0.024463426006  0.007050494271  0.000000000000  0.006027528816  0.016200910325  0.009058113875  0.013125893596  0.013125893596  0.028619595720  0.011091148981  0.011091148981  0.013132656565  0.013125893596  0.008047709861  0.008047709861  
tragopan_blythii 0.026592648748  0.028721330809  0.027604022646  0.020331190738  0.007038841587  0.006027528816  0.000000000000  0.010078680579  0.003006057171  0.008047709861  0.008047709861  0.022380825196  0.005018299525  0.005018299525  0.007038841587  0.007035373367  0.002002780979  0.002002780979  
lophophorus_impejanus 0.037120365173  0.037148456760  0.038137654758  0.028636666584  0.017230220310  0.016200910325  0.010078680579  0.000000000000  0.013125893596  0.016192464230  0.016192464230  0.032818385479  0.015173758556  0.015173758556  0.017230220310  0.017220672057  0.012110839302  0.012110839302  
phasianus_colchicus 0.029708995579  0.031846889530  0.029670905738  0.022380825196  0.010073576766  0.009058113875  0.003006057171  0.013125893596  0.000000000000  0.005021212774  0.005021212774  0.021342835556  0.004011145149  0.004011145149  0.006027528816  0.006025124569  0.001000755936  0.001000755936  
syrmaticus_reevesii 0.034985626951  0.037148456760  0.034939167185  0.027586460587  0.014148755971  0.013125893596  0.008047709861  0.016192464230  0.005021212774  0.000000000000  0.000000000000  0.025492778916  0.009062142699  0.009062142699  0.011097332258  0.011091148981  0.006027528816  0.006027528816  
syrmaticus_ellioti 0.034985626951  0.037148456760  0.034939167185  0.027586460587  0.014148755971  0.013125893596  0.008047709861  0.016192464230  0.005021212774  0.000000000000  0.000000000000  0.025492778916  0.009062142699  0.009062142699  0.011097332258  0.011091148981  0.006027528816  0.006027528816  
melgal2    0.049973725246  0.052204078510  0.049906855981  0.042378560270  0.029670905738  0.028619595720  0.022380825196  0.032818385479  0.021342835556  0.025492778916  0.025492778916  0.000000000000  0.023421018886  0.023421018886  0.025508055995  0.025492778916  0.020318308030  0.020318308030  
crossoptilon_crossoptilon 0.031823052528  0.033972459183  0.030724476799  0.022380825196  0.012110839302  0.011091148981  0.005018299525  0.015173758556  0.004011145149  0.009062142699  0.009062142699  0.023421018886  0.000000000000  0.000000000000  0.002004093814  0.002002780979  0.003006859833  0.003006859833  
lophura_inornata 0.031823052528  0.033972459183  0.030724476799  0.022380825196  0.012110839302  0.011091148981  0.005018299525  0.015173758556  0.004011145149  0.009062142699  0.009062142699  0.023421018886  0.000000000000  0.000000000000  0.002004093814  0.002002780979  0.003006859833  0.003006859833  
lophura_nycthemera 0.033946272236  0.036107291883  0.030724476799  0.024463426006  0.014156609662  0.013132656565  0.007038841587  0.017230220310  0.006027528816  0.011097332258  0.011097332258  0.025508055995  0.002004093814  0.002004093814  0.000000000000  0.004013000935  0.005021212774  0.005021212774  
catreus_wallichi 0.033921736202  0.036078734476  0.032818385479  0.024449284120  0.014148755971  0.013125893596  0.007035373367  0.017220672057  0.006025124569  0.011091148981  0.011091148981  0.025492778916  0.002002780979  0.002002780979  0.004013000935  0.000000000000  0.005018299525  0.005018299525  
chrysolophus_pictus 0.028675728464  0.030811863149  0.028636666584  0.021355221433  0.009062142699  0.008047709861  0.002002780979  0.012110839302  0.001000755936  0.006027528816  0.006027528816  0.020318308030  0.003006859833  0.003006859833  0.005021212774  0.005018299525  0.000000000000  0.000000000000  
alectoris_rufa 0.028675728464  0.030811863149  0.028636666584  0.021355221433  0.009062142699  0.008047709861  0.002002780979  0.012110839302  0.001000755936  0.006027528816  0.006027528816  0.020318308030  0.003006859833  0.003006859833  0.005021212774  0.005018299525  0.000000000000  0.000000000000  

