18
cyrtonyx_montezumae 0.000000000000  0.009087755429  0.009070257177  0.006038833667  0.006038833667  0.013157135685  0.006038833667  0.006038833667  0.006038833667  0.010097714338  0.009087755429  0.006038833667  0.006038833667  0.008060818599  0.029784444987  0.010097714338  0.017280055417  0.012122309828  
perdix_dauuricae 0.009087755429  0.000000000000  0.006028373965  0.003009666639  0.003009666639  0.010088632380  0.003009666639  0.003009666639  0.003009666639  0.007045688983  0.006038833667  0.003009666639  0.003009666639  0.003007069583  0.024515739440  0.005022018398  0.014184461990  0.009064058294  
lophura_inornata 0.009070257177  0.006028373965  0.000000000000  0.003006154676  0.003006154676  0.010075582885  0.003006154676  0.003006154676  0.003006154676  0.006025682183  0.006028373965  0.003006154676  0.003006154676  0.005017262401  0.026574457182  0.007036281786  0.016218509652  0.009056775421  
chrysolophus_pictus 0.006038833667  0.003009666639  0.003006154676  0.000000000000  0.000000000000  0.007040137539  0.000000000000  0.000000000000  0.000000000000  0.004013458470  0.003009666639  0.000000000000  0.000000000000  0.002002842409  0.023469086114  0.004013458470  0.013157135685  0.006025682183  
tragopan_blythii 0.006038833667  0.003009666639  0.003006154676  0.000000000000  0.000000000000  0.007040137539  0.000000000000  0.000000000000  0.000000000000  0.004013458470  0.003009666639  0.000000000000  0.000000000000  0.002002842409  0.023469086114  0.004013458470  0.013157135685  0.006025682183  
melgal2    0.013157135685  0.010088632380  0.010075582885  0.007040137539  0.007040137539  0.000000000000  0.007040137539  0.007040137539  0.007040137539  0.011100668219  0.010088632380  0.007040137539  0.007040137539  0.009064058294  0.030793547654  0.011100668219  0.020359098737  0.013129443121  
catreus_wallichi 0.006038833667  0.003009666639  0.003006154676  0.000000000000  0.000000000000  0.007040137539  0.000000000000  0.000000000000  0.000000000000  0.004013458470  0.003009666639  0.000000000000  0.000000000000  0.002002842409  0.023469086114  0.004013458470  0.013157135685  0.006025682183  
lophura_nycthemera 0.006038833667  0.003009666639  0.003006154676  0.000000000000  0.000000000000  0.007040137539  0.000000000000  0.000000000000  0.000000000000  0.004013458470  0.003009666639  0.000000000000  0.000000000000  0.002002842409  0.023469086114  0.004013458470  0.013157135685  0.006025682183  
crossoptilon_crossoptilon 0.006038833667  0.003009666639  0.003006154676  0.000000000000  0.000000000000  0.007040137539  0.000000000000  0.000000000000  0.000000000000  0.004013458470  0.003009666639  0.000000000000  0.000000000000  0.002002842409  0.023469086114  0.004013458470  0.013157135685  0.006025682183  
phasianus_colchicus 0.010097714338  0.007045688983  0.006025682183  0.004013458470  0.004013458470  0.011100668219  0.004013458470  0.004013458470  0.004013458470  0.000000000000  0.007045688983  0.004013458470  0.004013458470  0.006028373965  0.027646866892  0.008054095431  0.017264276586  0.009059563404  
syrmaticus_ellioti 0.009087755429  0.006038833667  0.006028373965  0.003009666639  0.003009666639  0.010088632380  0.003009666639  0.003009666639  0.003009666639  0.007045688983  0.000000000000  0.003009666639  0.003009666639  0.005022018398  0.026616101974  0.007045688983  0.014184461990  0.009064058294  
lophura_swinhoii 0.006038833667  0.003009666639  0.003006154676  0.000000000000  0.000000000000  0.007040137539  0.000000000000  0.000000000000  0.000000000000  0.004013458470  0.003009666639  0.000000000000  0.000000000000  0.002002842409  0.023469086114  0.004013458470  0.013157135685  0.006025682183  
syrmaticus_reevesii 0.006038833667  0.003009666639  0.003006154676  0.000000000000  0.000000000000  0.007040137539  0.000000000000  0.000000000000  0.000000000000  0.004013458470  0.003009666639  0.000000000000  0.000000000000  0.002002842409  0.023469086114  0.004013458470  0.013157135685  0.006025682183  
pavo_cristatus 0.008060818599  0.003007069583  0.005017262401  0.002002842409  0.002002842409  0.009064058294  0.002002842409  0.002002842409  0.002002842409  0.006028373965  0.005022018398  0.002002842409  0.002002842409  0.000000000000  0.021400001355  0.002004290135  0.011119499792  0.006028373965  
rollulus_rouloul 0.029784444987  0.024515739440  0.026574457182  0.023469086114  0.023469086114  0.030793547654  0.023469086114  0.023469086114  0.023469086114  0.027646866892  0.026616101974  0.023469086114  0.023469086114  0.021400001355  0.000000000000  0.023488785007  0.030845348825  0.027646866892  
lophophorus_impejanus 0.010097714338  0.005022018398  0.007036281786  0.004013458470  0.004013458470  0.011100668219  0.004013458470  0.004013458470  0.004013458470  0.008054095431  0.007045688983  0.004013458470  0.004013458470  0.002004290135  0.023488785007  0.000000000000  0.013169794680  0.008054095431  
galgal4    0.017280055417  0.014184461990  0.016218509652  0.013157135685  0.013157135685  0.020359098737  0.013157135685  0.013157135685  0.013157135685  0.017264276586  0.014184461990  0.013157135685  0.013157135685  0.011119499792  0.030845348825  0.013169794680  0.000000000000  0.017264276586  
alectoris_rufa 0.012122309828  0.009064058294  0.009056775421  0.006025682183  0.006025682183  0.013129443121  0.006025682183  0.006025682183  0.006025682183  0.009059563404  0.009064058294  0.006025682183  0.006025682183  0.006028373965  0.027646866892  0.008054095431  0.017264276586  0.000000000000  

