18
cyrtonyx_montezumae 0.000000000000  0.058623749805  0.054315002170  0.055586518755  0.062237989730  0.064437204538  0.065621146349  0.072395984980  0.055498798821  0.058786276102  0.063164927293  0.055498798821  0.064196369032  0.061959619989  0.055498798821  0.056564623097  0.076628883727  0.050069752048  
galgal4    0.058623749805  0.000000000000  0.024421229024  0.030732036673  0.038149661592  0.040268216256  0.041371604293  0.049012671166  0.030697930554  0.033849016085  0.038061732744  0.030697930554  0.039092525992  0.036966199359  0.030697930554  0.031736336322  0.053114530715  0.024441351926  
pavo_cristatus 0.054315002170  0.024421229024  0.000000000000  0.024484197556  0.032892913275  0.033931480835  0.035022185978  0.044684305533  0.024453948889  0.027576479288  0.031752003066  0.024453948889  0.032776393013  0.030670669918  0.024453948889  0.025484140708  0.051020412885  0.017222955105  
crossoptilon_crossoptilon 0.055586518755  0.030732036673  0.024484197556  0.000000000000  0.012138931415  0.015207622097  0.014191866418  0.023516161729  0.004011269801  0.007035748013  0.012106273318  0.004011269801  0.014139400386  0.012099810819  0.004011269801  0.005017167676  0.042514554070  0.023516161729  
tragopan_blythii 0.062237989730  0.038149661592  0.032892913275  0.012138931415  0.000000000000  0.009062778081  0.014179006903  0.023494663555  0.012119322072  0.015184588484  0.020321593247  0.012119322072  0.022372785744  0.020300528677  0.012119322072  0.013134015458  0.044648846355  0.031938771481  
lophophorus_impejanus 0.064437204538  0.040268216256  0.033931480835  0.015207622097  0.009062778081  0.000000000000  0.016224958730  0.025569761895  0.015184588484  0.018264396763  0.023425378085  0.015184588484  0.025484140708  0.023400803902  0.015184588484  0.016202975269  0.047880523898  0.032974218797  
perdix_dauuricae 0.065621146349  0.041371604293  0.035022185978  0.014191866418  0.014179006903  0.016224958730  0.000000000000  0.011115718473  0.014167789234  0.017243881784  0.022398422648  0.014167789234  0.024453948889  0.022372785744  0.014167789234  0.015184588484  0.051209419661  0.034073007942  
melgal2    0.072395984980  0.049012671166  0.044684305533  0.023516161729  0.023494663555  0.025569761895  0.011115718473  0.000000000000  0.023474832985  0.026598974286  0.031831777655  0.023474832985  0.033908292090  0.031788475310  0.023474832985  0.023456673122  0.058927001045  0.043752362728  
catreus_wallichi 0.055498798821  0.030697930554  0.024453948889  0.004011269801  0.012119322072  0.015184588484  0.014167789234  0.023474832985  0.000000000000  0.003006929551  0.008048202412  0.000000000000  0.010070846253  0.008043938924  0.000000000000  0.001000772321  0.042450366729  0.023474832985  
phasianus_colchicus 0.058786276102  0.033849016085  0.027576479288  0.007035748013  0.015184588484  0.018264396763  0.017243881784  0.026598974286  0.003006929551  0.000000000000  0.010074345813  0.003006929551  0.011084535694  0.009055566617  0.003006929551  0.004011269801  0.045667922612  0.026598974286  
chrysolophus_pictus 0.063164927293  0.038061732744  0.031752003066  0.012106273318  0.020321593247  0.023425378085  0.022398422648  0.031831777655  0.008048202412  0.010074345813  0.000000000000  0.008048202412  0.018237101788  0.016182430141  0.008048202412  0.009058736985  0.049960173229  0.028662251626  
syrmaticus_reevesii 0.055498798821  0.030697930554  0.024453948889  0.004011269801  0.012119322072  0.015184588484  0.014167789234  0.023474832985  0.000000000000  0.003006929551  0.008048202412  0.000000000000  0.010070846253  0.008043938924  0.000000000000  0.001000772321  0.042450366729  0.023474832985  
lophura_nycthemera 0.064196369032  0.039092525992  0.032776393013  0.014139400386  0.022372785744  0.025484140708  0.024453948889  0.033908292090  0.010070846253  0.011084535694  0.018237101788  0.010070846253  0.000000000000  0.002004141559  0.010070846253  0.011084535694  0.050987921419  0.031788475310  
lophura_inornata 0.061959619989  0.036966199359  0.030670669918  0.012099810819  0.020300528677  0.023400803902  0.022372785744  0.031788475310  0.008043938924  0.009055566617  0.016182430141  0.008043938924  0.002004141559  0.000000000000  0.008043938924  0.009055566617  0.048806446663  0.029677897773  
syrmaticus_ellioti 0.055498798821  0.030697930554  0.024453948889  0.004011269801  0.012119322072  0.015184588484  0.014167789234  0.023474832985  0.000000000000  0.003006929551  0.008048202412  0.000000000000  0.010070846253  0.008043938924  0.000000000000  0.001000772321  0.042450366729  0.023474832985  
lophura_swinhoii 0.056564623097  0.031736336322  0.025484140708  0.005017167676  0.013134015458  0.016202975269  0.015184588484  0.023456673122  0.001000772321  0.004011269801  0.009058736985  0.001000772321  0.011084535694  0.009055566617  0.001000772321  0.000000000000  0.043500809403  0.024501842849  
rollulus_rouloul 0.076628883727  0.053114530715  0.051020412885  0.042514554070  0.044648846355  0.047880523898  0.051209419661  0.058927001045  0.042450366729  0.045667922612  0.049960173229  0.042450366729  0.050987921419  0.048806446663  0.042450366729  0.043500809403  0.000000000000  0.045701148551  
alectoris_rufa 0.050069752048  0.024441351926  0.017222955105  0.023516161729  0.031938771481  0.032974218797  0.034073007942  0.043752362728  0.023474832985  0.026598974286  0.028662251626  0.023474832985  0.031788475310  0.029677897773  0.023474832985  0.024501842849  0.045701148551  0.000000000000  

