18
cyrtonyx_montezumae 0.000000000000  0.055453170929  0.049885275300  0.056480840843  0.073063869165  0.079837792936  0.060887233494  0.053206634510  0.055453170929  0.063219701834  0.052180779107  0.052180779107  0.052143092644  0.038086272256  0.059857940484  0.032828859602  0.077816436865  0.029660852158  
galgal4    0.055453170929  0.000000000000  0.068768185773  0.067740286667  0.088184191048  0.091585149510  0.077878248092  0.072245276977  0.071159872154  0.080333054807  0.071220395970  0.071220395970  0.072305358777  0.058787038343  0.081500049215  0.048962647297  0.095390250880  0.051159481595  
catreus_wallichi 0.049885275300  0.068768185773  0.000000000000  0.014146738887  0.035995735003  0.040226979113  0.021355257760  0.011088982413  0.013137636179  0.022395032712  0.010081661942  0.010081661942  0.012114805365  0.017206540794  0.042404820819  0.038131872115  0.078911566810  0.033869389494  
syrmaticus_reevesii 0.056480840843  0.067740286667  0.014146738887  0.000000000000  0.038184822471  0.041354635563  0.025528414767  0.017239121276  0.017251662388  0.026577596485  0.016232791137  0.017265956180  0.018285895238  0.023409508694  0.048925378385  0.044599945371  0.084729842297  0.040277891426  
lophophorus_impejanus 0.073063869165  0.088184191048  0.035995735003  0.038184822471  0.000000000000  0.031752746232  0.047832233911  0.039230528554  0.039259254402  0.046741659378  0.036069965400  0.039289815535  0.039259254402  0.042352256982  0.066454101902  0.060887233494  0.102115958503  0.058659907880  
tragopan_blythii 0.079837792936  0.091585149510  0.040226979113  0.041354635563  0.031752746232  0.000000000000  0.052143092644  0.043485235297  0.043515650811  0.053243829793  0.042464799698  0.043547920634  0.044599945371  0.045539760197  0.068619106787  0.065281738919  0.106798702486  0.063038650469  
perdix_dauuricae 0.060887233494  0.077878248092  0.021355257760  0.025528414767  0.047832233911  0.052143092644  0.000000000000  0.022410262912  0.024518881158  0.033961503748  0.023491932261  0.024540187660  0.025568235802  0.029717100657  0.056605138313  0.048925378385  0.089364001041  0.046741659378  
chrysolophus_pictus 0.053206634510  0.072245276977  0.011088982413  0.017239121276  0.039230528554  0.043485235297  0.022410262912  0.000000000000  0.016232791137  0.025547434064  0.013158164187  0.014185691321  0.015201922051  0.020306845952  0.045686780326  0.039230528554  0.080132314408  0.037086807917  
lophura_nycthemera 0.055453170929  0.071159872154  0.013137636179  0.017251662388  0.039259254402  0.043515650811  0.024518881158  0.016232791137  0.000000000000  0.009064357116  0.009078698372  0.010098402356  0.011109912886  0.022395032712  0.044633576461  0.043582041988  0.084870266891  0.039259254402  
lophura_inornata 0.063219701834  0.080333054807  0.022395032712  0.026577596485  0.046741659378  0.053243829793  0.033961503748  0.025547434064  0.009064357116  0.000000000000  0.018285895238  0.019322439068  0.020345040192  0.030774566204  0.053366769040  0.052305153898  0.094275758637  0.047905872643  
crossoptilon_crossoptilon 0.052180779107  0.071220395970  0.010081661942  0.016232791137  0.036069965400  0.042464799698  0.023491932261  0.013158164187  0.009078698372  0.018285895238  0.000000000000  0.007053352268  0.008061230969  0.019294165470  0.043582041988  0.040368084620  0.081429566811  0.036069965400  
lophura_swinhoii 0.052180779107  0.071220395970  0.010081661942  0.017265956180  0.039289815535  0.043547920634  0.024540187660  0.014185691321  0.010098402356  0.019322439068  0.007053352268  0.000000000000  0.009078698372  0.020330540571  0.044669062504  0.041448865912  0.082597923760  0.037140767455  
phasianus_colchicus 0.052143092644  0.072305358777  0.012114805365  0.018285895238  0.039259254402  0.044599945371  0.025568235802  0.015201922051  0.011109912886  0.020345040192  0.008061230969  0.009078698372  0.000000000000  0.021355257760  0.045721779073  0.042497562733  0.081361083992  0.038184822471  
syrmaticus_ellioti 0.038086272256  0.058787038343  0.017206540794  0.023409508694  0.042352256982  0.045539760197  0.029717100657  0.020306845952  0.022395032712  0.030774566204  0.019294165470  0.020330540571  0.021355257760  0.000000000000  0.029677796376  0.026542376798  0.066502789813  0.022369903525  
melgal2    0.059857940484  0.081500049215  0.042404820819  0.048925378385  0.066454101902  0.068619106787  0.056605138313  0.045686780326  0.044633576461  0.053366769040  0.043582041988  0.044669062504  0.045721779073  0.029677796376  0.000000000000  0.051201416072  0.089513202656  0.045721779073  
pavo_cristatus 0.032828859602  0.048962647297  0.038131872115  0.044599945371  0.060887233494  0.065281738919  0.048925378385  0.039230528554  0.043582041988  0.052305153898  0.040368084620  0.041448865912  0.042497562733  0.026542376798  0.051201416072  0.000000000000  0.065639404595  0.017251662388  
rollulus_rouloul 0.077816436865  0.095390250880  0.078911566810  0.084729842297  0.102115958503  0.106798702486  0.089364001041  0.080132314408  0.084870266891  0.094275758637  0.081429566811  0.082597923760  0.081361083992  0.066502789813  0.089513202656  0.065639404595  0.000000000000  0.053411524153  
alectoris_rufa 0.029660852158  0.051159481595  0.033869389494  0.040277891426  0.058659907880  0.063038650469  0.046741659378  0.037086807917  0.039259254402  0.047905872643  0.036069965400  0.037140767455  0.038184822471  0.022369903525  0.045721779073  0.017251662388  0.053411524153  0.000000000000  

