18
tragopan_blythii 0.000000000000  0.001001080937  0.000000000000  0.002004329992  0.007046061325  0.001001080937  0.009088579076  0.003009756577  0.014215920299  0.007046061325  0.003009756577  0.003009756577  0.007053428611  0.003009756577  0.003009756577  0.006039196553  0.028848357355  0.005027180291  
pavo_cristatus 0.001001080937  0.000000000000  0.001001080937  0.003009756577  0.008061324451  0.002004329992  0.010109517125  0.004017370165  0.015248234259  0.008061324451  0.004017370165  0.004017370165  0.008069886189  0.004017370165  0.004017370165  0.007053428611  0.029912603435  0.006039196553  
rollulus_rouloul 0.000000000000  0.001001080937  0.000000000000  0.002004329992  0.007046061325  0.001001080937  0.009088579076  0.003009756577  0.014215920299  0.007046061325  0.003009756577  0.003009756577  0.007053428611  0.003009756577  0.003009756577  0.006039196553  0.028848357355  0.005027180291  
galgal4    0.002004329992  0.003009756577  0.002004329992  0.000000000000  0.005022186280  0.003009756577  0.011132710254  0.005027180291  0.016282853891  0.009078817629  0.005027180291  0.005027180291  0.009088579076  0.005027180291  0.005027180291  0.008069886189  0.030979300202  0.007053428611  
lophura_inornata 0.007046061325  0.008061324451  0.007046061325  0.005022186280  0.000000000000  0.008061324451  0.016264544352  0.010098550679  0.021466319961  0.014185980402  0.010098550679  0.010098550679  0.014200080239  0.010098550679  0.010098550679  0.013171288214  0.036308830018  0.012144775989  
melgal2    0.001001080937  0.002004329992  0.001001080937  0.003009756577  0.008061324451  0.000000000000  0.008069886189  0.002004329992  0.013185901757  0.006033018498  0.002004329992  0.002004329992  0.006039196553  0.002004329992  0.002004329992  0.005027180291  0.029912603435  0.006039196553  
syrmaticus_reevesii 0.009088579076  0.010109517125  0.009088579076  0.011132710254  0.016264544352  0.008069886189  0.000000000000  0.006039196553  0.017319789518  0.010098550679  0.006039196553  0.006039196553  0.010109517125  0.006039196553  0.006039196553  0.009088579076  0.036349943070  0.014215920299  
phasianus_colchicus 0.003009756577  0.004017370165  0.003009756577  0.005027180291  0.010098550679  0.002004329992  0.006039196553  0.000000000000  0.011132710254  0.004013555043  0.000000000000  0.000000000000  0.004017370165  0.000000000000  0.000000000000  0.003009756577  0.032048458971  0.008069886189  
lophura_swinhoii 0.014215920299  0.015248234259  0.014215920299  0.016282853891  0.021466319961  0.013185901757  0.017319789518  0.011132710254  0.000000000000  0.013171288214  0.011132710254  0.011132710254  0.015248234259  0.011132710254  0.011132710254  0.014215920299  0.041783583964  0.019400650392  
lophophorus_impejanus 0.007046061325  0.008061324451  0.007046061325  0.009078817629  0.014185980402  0.006033018498  0.010098550679  0.004013555043  0.013171288214  0.000000000000  0.004013555043  0.004013555043  0.008061324451  0.004013555043  0.004013555043  0.007046061325  0.034155781194  0.012144775989  
syrmaticus_ellioti 0.003009756577  0.004017370165  0.003009756577  0.005027180291  0.010098550679  0.002004329992  0.006039196553  0.000000000000  0.011132710254  0.004013555043  0.000000000000  0.000000000000  0.004017370165  0.000000000000  0.000000000000  0.003009756577  0.032048458971  0.008069886189  
perdix_dauuricae 0.003009756577  0.004017370165  0.003009756577  0.005027180291  0.010098550679  0.002004329992  0.006039196553  0.000000000000  0.011132710254  0.004013555043  0.000000000000  0.000000000000  0.004017370165  0.000000000000  0.000000000000  0.003009756577  0.032048458971  0.008069886189  
chrysolophus_pictus 0.007053428611  0.008069886189  0.007053428611  0.009088579076  0.014200080239  0.006039196553  0.010109517125  0.004017370165  0.015248234259  0.008061324451  0.004017370165  0.004017370165  0.000000000000  0.004017370165  0.004017370165  0.007053428611  0.032048458971  0.012158168448  
catreus_wallichi 0.003009756577  0.004017370165  0.003009756577  0.005027180291  0.010098550679  0.002004329992  0.006039196553  0.000000000000  0.011132710254  0.004013555043  0.000000000000  0.000000000000  0.004017370165  0.000000000000  0.000000000000  0.003009756577  0.032048458971  0.008069886189  
lophura_nycthemera 0.003009756577  0.004017370165  0.003009756577  0.005027180291  0.010098550679  0.002004329992  0.006039196553  0.000000000000  0.011132710254  0.004013555043  0.000000000000  0.000000000000  0.004017370165  0.000000000000  0.000000000000  0.003009756577  0.032048458971  0.008069886189  
crossoptilon_crossoptilon 0.006039196553  0.007053428611  0.006039196553  0.008069886189  0.013171288214  0.005027180291  0.009088579076  0.003009756577  0.014215920299  0.007046061325  0.003009756577  0.003009756577  0.007053428611  0.003009756577  0.003009756577  0.000000000000  0.035270821590  0.011132710254  
cyrtonyx_montezumae 0.028848357355  0.029912603435  0.028848357355  0.030979300202  0.036308830018  0.029912603435  0.036349943070  0.032048458971  0.041783583964  0.034155781194  0.032048458971  0.032048458971  0.032048458971  0.032048458971  0.032048458971  0.035270821590  0.000000000000  0.034194208154  
alectoris_rufa 0.005027180291  0.006039196553  0.005027180291  0.007053428611  0.012144775989  0.006039196553  0.014215920299  0.008069886189  0.019400650392  0.012144775989  0.008069886189  0.008069886189  0.012158168448  0.008069886189  0.008069886189  0.011132710254  0.034194208154  0.000000000000  

