18
cyrtonyx_montezumae 0.000000000000  0.017211763858  0.017228633124  0.020305247021  0.026496892038  0.026507928122  0.026507928122  0.020282201715  0.020282201715  0.020282201715  0.020282201715  0.023377555897  0.021314403982  0.021314403982  0.023385283844  0.020282201715  0.018228141428  0.018228141428  
pavo_cristatus 0.017211763858  0.000000000000  0.006027362588  0.009057892604  0.015156222806  0.015160122912  0.015160122912  0.009055698860  0.009055698860  0.009055698860  0.009055698860  0.012097787298  0.010067892887  0.010067892887  0.012098507245  0.009055698860  0.007034574834  0.007034574834  
galgal4    0.017228633124  0.006027362588  0.000000000000  0.009067204488  0.015165614550  0.015172694531  0.015172694531  0.009055588307  0.009055588307  0.009055588307  0.009055588307  0.012100812104  0.010069874389  0.010069874389  0.012104698665  0.009055588307  0.007033444309  0.007033444309  
rollulus_rouloul 0.020305247021  0.009057892604  0.009067204488  0.000000000000  0.018233659875  0.018240779798  0.018240779798  0.012098507245  0.012098507245  0.012098507245  0.012098507245  0.015156222806  0.013116944639  0.013116944639  0.015160122912  0.012098507245  0.010068094967  0.010068094967  
lophophorus_impejanus 0.026496892038  0.015156222806  0.015165614550  0.018233659875  0.000000000000  0.016220662902  0.014164684340  0.010078152514  0.010078152514  0.010078152514  0.010078152514  0.011090648812  0.011096629139  0.011096629139  0.013139886361  0.010078152514  0.008051849636  0.008051849636  
melgal2    0.026507928122  0.015160122912  0.015172694531  0.018240779798  0.016220662902  0.000000000000  0.016233569143  0.010084644917  0.010084644917  0.010084644917  0.010084644917  0.013139886361  0.011104179508  0.011104179508  0.013149565789  0.010084644917  0.008057799481  0.008057799481  
perdix_dauuricae 0.026507928122  0.015160122912  0.015172694531  0.018240779798  0.014164684340  0.016233569143  0.000000000000  0.010084644917  0.010084644917  0.010084644917  0.010084644917  0.013139886361  0.011104179508  0.011104179508  0.013149565789  0.010084644917  0.008057799481  0.008057799481  
syrmaticus_ellioti 0.020282201715  0.009055698860  0.009055588307  0.012098507245  0.010078152514  0.010084644917  0.010084644917  0.000000000000  0.000000000000  0.000000000000  0.000000000000  0.003006818603  0.001001010775  0.001001010775  0.003009121575  0.000000000000  0.002002773766  0.002002773766  
syrmaticus_reevesii 0.020282201715  0.009055698860  0.009055588307  0.012098507245  0.010078152514  0.010084644917  0.010084644917  0.000000000000  0.000000000000  0.000000000000  0.000000000000  0.003006818603  0.001001010775  0.001001010775  0.003009121575  0.000000000000  0.002002773766  0.002002773766  
phasianus_colchicus 0.020282201715  0.009055698860  0.009055588307  0.012098507245  0.010078152514  0.010084644917  0.010084644917  0.000000000000  0.000000000000  0.000000000000  0.000000000000  0.003006818603  0.001001010775  0.001001010775  0.003009121575  0.000000000000  0.002002773766  0.002002773766  
catreus_wallichi 0.020282201715  0.009055698860  0.009055588307  0.012098507245  0.010078152514  0.010084644917  0.010084644917  0.000000000000  0.000000000000  0.000000000000  0.000000000000  0.003006818603  0.001001010775  0.001001010775  0.003009121575  0.000000000000  0.002002773766  0.002002773766  
crossoptilon_crossoptilon 0.023377555897  0.012097787298  0.012100812104  0.015156222806  0.011090648812  0.013139886361  0.013139886361  0.003006818603  0.003006818603  0.003006818603  0.003006818603  0.000000000000  0.002002773766  0.002002773766  0.004012902767  0.003006818603  0.005018213482  0.005018213482  
chrysolophus_pictus 0.021314403982  0.010067892887  0.010069874389  0.013116944639  0.011096629139  0.011104179508  0.011104179508  0.001001010775  0.001001010775  0.001001010775  0.001001010775  0.002002773766  0.000000000000  0.000000000000  0.002004048558  0.001001010775  0.003006818603  0.003006818603  
lophura_nycthemera 0.021314403982  0.010067892887  0.010069874389  0.013116944639  0.011096629139  0.011104179508  0.011104179508  0.001001010775  0.001001010775  0.001001010775  0.001001010775  0.002002773766  0.000000000000  0.000000000000  0.002004048558  0.001001010775  0.003006818603  0.003006818603  
lophura_swinhoii 0.023385283844  0.012098507245  0.012104698665  0.015160122912  0.013139886361  0.013149565789  0.013149565789  0.003009121575  0.003009121575  0.003009121575  0.003009121575  0.004012902767  0.002004048558  0.002004048558  0.000000000000  0.003009121575  0.005021034559  0.005021034559  
lophura_inornata 0.020282201715  0.009055698860  0.009055588307  0.012098507245  0.010078152514  0.010084644917  0.010084644917  0.000000000000  0.000000000000  0.000000000000  0.000000000000  0.003006818603  0.001001010775  0.001001010775  0.003009121575  0.000000000000  0.002002773766  0.002002773766  
tragopan_blythii 0.018228141428  0.007034574834  0.007033444309  0.010068094967  0.008051849636  0.008057799481  0.008057799481  0.002002773766  0.002002773766  0.002002773766  0.002002773766  0.005018213482  0.003006818603  0.003006818603  0.005021034559  0.002002773766  0.000000000000  0.000000000000  
alectoris_rufa 0.018228141428  0.007034574834  0.007033444309  0.010068094967  0.008051849636  0.008057799481  0.008057799481  0.002002773766  0.002002773766  0.002002773766  0.002002773766  0.005018213482  0.003006818603  0.003006818603  0.005021034559  0.002002773766  0.000000000000  0.000000000000  

