18
pavo_cristatus 0.000000000000  0.043435125140  0.054196633942  0.068885526115  0.047905436330  0.057656558577  0.050018184807  0.035015594823  0.036083295410  0.044604638629  0.041392515985  0.045657085239  0.056726902666  0.041423989593  0.040345691638  0.032887181979  0.044673265202  0.042539066580  
galgal4    0.043435125140  0.000000000000  0.041308255035  0.068942247460  0.054377294709  0.059754068430  0.055402313039  0.041362733705  0.042440975523  0.051041242188  0.047798990514  0.052102242710  0.063288739050  0.047832759343  0.046743708813  0.041362733705  0.051114581692  0.057614833799  
cyrtonyx_montezumae 0.054196633942  0.041308255035  0.000000000000  0.082501336490  0.058644091327  0.070796681152  0.065252769264  0.049914539060  0.051007163951  0.059715023276  0.055329240482  0.060787660116  0.070995065749  0.054263670926  0.055364903572  0.049914539060  0.057656558577  0.070892276399  
rollulus_rouloul 0.068885526115  0.068942247460  0.082501336490  0.000000000000  0.070202350047  0.087330303254  0.074662075261  0.059009171198  0.060129590585  0.067863429782  0.065652938994  0.070080857883  0.075949462265  0.065710907957  0.064578813132  0.056776026525  0.064578813132  0.084979088242  
perdix_dauuricae 0.047905436330  0.054377294709  0.058644091327  0.070202350047  0.000000000000  0.046777945487  0.032863645019  0.020347118529  0.021386451661  0.029711881953  0.026575309611  0.030746836580  0.042575144019  0.026595138508  0.025545766292  0.020347118529  0.029756873761  0.066786318561  
melgal2    0.057656558577  0.059754068430  0.070796681152  0.087330303254  0.046777945487  0.000000000000  0.047798990514  0.033925505352  0.034989683166  0.042411668684  0.039213376814  0.043462247582  0.056679510676  0.040315437012  0.039240731989  0.033925505352  0.043553837897  0.076837987137  
phasianus_colchicus 0.050018184807  0.055402313039  0.065252769264  0.074662075261  0.032863645019  0.047798990514  0.000000000000  0.014157216978  0.015183425798  0.023422650005  0.020319540132  0.022370319419  0.037183320786  0.020332515687  0.019296520915  0.022395891664  0.029711881953  0.066672972091  
syrmaticus_ellioti 0.035015594823  0.041362733705  0.049914539060  0.059009171198  0.020347118529  0.033925505352  0.014157216978  0.000000000000  0.001001026831  0.009062375519  0.006027631603  0.010073843922  0.023512710000  0.006031635232  0.005021299008  0.008052452376  0.015194049733  0.053445369708  
chrysolophus_pictus 0.036083295410  0.042440975523  0.051007163951  0.060129590585  0.021386451661  0.034989683166  0.015183425798  0.001001026831  0.000000000000  0.010078981533  0.007038990954  0.011091485806  0.024561033835  0.007044069273  0.006031635232  0.009068024626  0.016223534045  0.054553062715  
crossoptilon_crossoptilon 0.044604638629  0.051041242188  0.059715023276  0.067863429782  0.029711881953  0.042411668684  0.023422650005  0.009062375519  0.010078981533  0.000000000000  0.009055865517  0.013117573336  0.030815357872  0.013133163386  0.012111255988  0.017231111532  0.024481122732  0.061094697846  
syrmaticus_reevesii 0.041392515985  0.047798990514  0.055329240482  0.065652938994  0.026575309611  0.039213376814  0.020319540132  0.006027631603  0.007038990954  0.009055865517  0.000000000000  0.010068372989  0.027669407214  0.010078981533  0.009062375519  0.014157216978  0.021370716297  0.057792199602  
catreus_wallichi 0.045657085239  0.052102242710  0.060787660116  0.070080857883  0.030746836580  0.043462247582  0.022370319419  0.010073843922  0.011091485806  0.013117573336  0.010068372989  0.000000000000  0.031850467977  0.014149309323  0.013126355217  0.018251992836  0.025510060241  0.061045562810  
lophura_swinhoii 0.056726902666  0.063288739050  0.070995065749  0.075949462265  0.042575144019  0.056679510676  0.037183320786  0.023512710000  0.024561033835  0.030815357872  0.027669407214  0.031850467977  0.000000000000  0.027693682422  0.026639720321  0.031903476793  0.039366981675  0.074794607985  
lophura_nycthemera 0.041423989593  0.047832759343  0.054263670926  0.065710907957  0.026595138508  0.040315437012  0.020332515687  0.006031635232  0.007044069273  0.013133163386  0.010078981533  0.014149309323  0.027693682422  0.000000000000  0.009068024626  0.014166734416  0.021386451661  0.058957433334  
lophura_inornata 0.040345691638  0.046743708813  0.055364903572  0.064578813132  0.025545766292  0.039240731989  0.019296520915  0.005021299008  0.006031635232  0.012111255988  0.009062375519  0.013126355217  0.026639720321  0.009068024626  0.000000000000  0.013141578972  0.020347118529  0.058957433334  
lophophorus_impejanus 0.032887181979  0.041362733705  0.049914539060  0.056776026525  0.020347118529  0.033925505352  0.022395891664  0.008052452376  0.009068024626  0.017231111532  0.014157216978  0.018251992836  0.031903476793  0.014166734416  0.013141578972  0.000000000000  0.013141578972  0.053445369708  
tragopan_blythii 0.044673265202  0.051114581692  0.057656558577  0.064578813132  0.029756873761  0.043553837897  0.029711881953  0.015194049733  0.016223534045  0.024481122732  0.021370716297  0.025510060241  0.039366981675  0.021386451661  0.020347118529  0.013141578972  0.000000000000  0.063449340673  
alectoris_rufa 0.042539066580  0.057614833799  0.070892276399  0.084979088242  0.066786318561  0.076837987137  0.066672972091  0.053445369708  0.054553062715  0.061094697846  0.057792199602  0.061045562810  0.074794607985  0.058957433334  0.058957433334  0.053445369708  0.063449340673  0.000000000000  

