18
pavo_cristatus 0.000000000000  0.018273652058  0.025507539968  0.017241108984  0.023420614658  0.022380471634  0.020306778093  0.020306778093  0.022380471634  0.020306778093  0.021354867082  0.021354867082  0.021331809280  0.019273209050  0.025492321369  0.018261433263  0.025524386250  0.012110741554  
galgal4    0.018273652058  0.000000000000  0.021401558293  0.013175343362  0.019323306414  0.018287472608  0.016222343087  0.016222343087  0.018287472608  0.016222343087  0.017268129882  0.017268129882  0.017241108984  0.015193029076  0.021384384601  0.014189465480  0.021420338020  0.008065944433  
cyrtonyx_montezumae 0.025507539968  0.021401558293  0.000000000000  0.018287472608  0.026572326564  0.025524386250  0.023435197161  0.023435197161  0.025524386250  0.023435197161  0.024496013826  0.024496013826  0.024462967633  0.022393929444  0.028654668158  0.021384384601  0.028696857125  0.015193029076  
rollulus_rouloul 0.017241108984  0.013175343362  0.018287472608  0.000000000000  0.018287472608  0.017253821225  0.015193029076  0.015193029076  0.017253821225  0.015193029076  0.016235545721  0.016235545721  0.016210734503  0.014165870128  0.020345280632  0.013162265873  0.020378986731  0.007050419260  
lophura_nycthemera 0.023420614658  0.019323306414  0.026572326564  0.018287472608  0.000000000000  0.005025653576  0.003009210051  0.003009210051  0.005025653576  0.003009210051  0.012137212494  0.014189465480  0.012117981462  0.010085268614  0.022380471634  0.017241108984  0.024496013826  0.011097233900  
lophura_swinhoii 0.022380471634  0.018287472608  0.025524386250  0.017253821225  0.005025653576  0.000000000000  0.002004087774  0.002004087774  0.004016395822  0.002004087774  0.011114296395  0.013162265873  0.011097233900  0.009067676873  0.021342529210  0.016210734503  0.023451399440  0.010078605718  
lophura_inornata 0.020306778093  0.016222343087  0.023435197161  0.015193029076  0.003009210051  0.002004087774  0.000000000000  0.000000000000  0.002004087774  0.000000000000  0.009074840511  0.011114296395  0.009062088133  0.007038803615  0.019273209050  0.014156455015  0.021368819876  0.008047672416  
syrmaticus_reevesii 0.020306778093  0.016222343087  0.023435197161  0.015193029076  0.003009210051  0.002004087774  0.000000000000  0.000000000000  0.002004087774  0.000000000000  0.009074840511  0.011114296395  0.009062088133  0.007038803615  0.019273209050  0.014156455015  0.021368819876  0.008047672416  
phasianus_colchicus 0.022380471634  0.018287472608  0.025524386250  0.017253821225  0.005025653576  0.004016395822  0.002004087774  0.002004087774  0.000000000000  0.002004087774  0.011114296395  0.013162265873  0.011097233900  0.009067676873  0.021342529210  0.016210734503  0.023451399440  0.010078605718  
syrmaticus_ellioti 0.020306778093  0.016222343087  0.023435197161  0.015193029076  0.003009210051  0.002004087774  0.000000000000  0.000000000000  0.002004087774  0.000000000000  0.009074840511  0.011114296395  0.009062088133  0.007038803615  0.019273209050  0.014156455015  0.021368819876  0.008047672416  
crossoptilon_crossoptilon 0.021354867082  0.017268129882  0.024496013826  0.016235545721  0.012137212494  0.011114296395  0.009074840511  0.009074840511  0.011114296395  0.009074840511  0.000000000000  0.012149197703  0.010085268614  0.008058283104  0.020318000755  0.015193029076  0.022425694103  0.009067676873  
chrysolophus_pictus 0.021354867082  0.017268129882  0.024496013826  0.016235545721  0.014189465480  0.013162265873  0.011114296395  0.011114296395  0.013162265873  0.011114296395  0.012149197703  0.000000000000  0.012126806099  0.010093508680  0.022393929444  0.017253821225  0.024514967295  0.011104975419  
catreus_wallichi 0.021331809280  0.017241108984  0.024462967633  0.016210734503  0.012117981462  0.011097233900  0.009062088133  0.009062088133  0.011097233900  0.009062088133  0.010085268614  0.012126806099  0.000000000000  0.008047672416  0.020297170978  0.015173604649  0.022393929444  0.009058077284  
perdix_dauuricae 0.019273209050  0.015193029076  0.022393929444  0.014165870128  0.010085268614  0.009067676873  0.007038803615  0.007038803615  0.009067676873  0.007038803615  0.008058283104  0.010093508680  0.008047672416  0.000000000000  0.018241812908  0.013132531998  0.020330835934  0.007035349894  
tragopan_blythii 0.025492321369  0.021384384601  0.028654668158  0.020345280632  0.022380471634  0.021342529210  0.019273209050  0.019273209050  0.021342529210  0.019273209050  0.020318000755  0.022393929444  0.020297170978  0.018241812908  0.000000000000  0.017229996125  0.026572326564  0.013132531998  
lophophorus_impejanus 0.018261433263  0.014189465480  0.021384384601  0.013162265873  0.017241108984  0.016210734503  0.014156455015  0.014156455015  0.016210734503  0.014156455015  0.015193029076  0.017253821225  0.015173604649  0.013132531998  0.017229996125  0.000000000000  0.019323306414  0.006031465714  
melgal2    0.025524386250  0.021420338020  0.028696857125  0.020378986731  0.024496013826  0.023451399440  0.021368819876  0.021368819876  0.023451399440  0.021368819876  0.022425694103  0.024514967295  0.022393929444  0.020330835934  0.026572326564  0.019323306414  0.000000000000  0.013150769520  
alectoris_rufa 0.012110741554  0.008065944433  0.015193029076  0.007050419260  0.011097233900  0.010078605718  0.008047672416  0.008047672416  0.010078605718  0.008047672416  0.009067676873  0.011104975419  0.009058077284  0.007035349894  0.013132531998  0.006031465714  0.013150769520  0.000000000000  

