18
galgal4    0.000000000000  0.009074798885  0.020397991770  0.026635674508  0.013150691642  0.013150691642  0.013150691642  0.013150691642  0.013150691642  0.013150691642  0.018273527371  0.013150691642  0.021401344106  0.022443754943  0.019339647390  0.013150691642  0.013150691642  0.016235416745  
pavo_cristatus 0.009074798885  0.000000000000  0.011125109503  0.017267980848  0.010093455538  0.010093455538  0.010093455538  0.010093455538  0.010093455538  0.010093455538  0.015192937597  0.010093455538  0.018302721332  0.019339647390  0.016250186185  0.010093455538  0.010093455538  0.013162169389  
cyrtonyx_montezumae 0.020397991770  0.011125109503  0.000000000000  0.020378768273  0.020397991770  0.020397991770  0.020397991770  0.020397991770  0.020397991770  0.020397991770  0.025584334143  0.020397991770  0.028771879023  0.029831179577  0.026686158585  0.020397991770  0.020397991770  0.023532007222  
rollulus_rouloul 0.026635674508  0.017267980848  0.020378768273  0.000000000000  0.027689271211  0.027689271211  0.027689271211  0.027689271211  0.027689271211  0.027689271211  0.032933488452  0.027689271211  0.036167103293  0.036167103293  0.031926416455  0.027689271211  0.027689271211  0.030863696715  
tragopan_blythii 0.013150691642  0.010093455538  0.020397991770  0.027689271211  0.000000000000  0.000000000000  0.000000000000  0.000000000000  0.000000000000  0.000000000000  0.005018280234  0.000000000000  0.008058251548  0.009074798885  0.006036967099  0.000000000000  0.000000000000  0.011125109503  
lophura_nycthemera 0.013150691642  0.010093455538  0.020397991770  0.027689271211  0.000000000000  0.000000000000  0.000000000000  0.000000000000  0.000000000000  0.000000000000  0.005018280234  0.000000000000  0.008058251548  0.009074798885  0.006036967099  0.000000000000  0.000000000000  0.011125109503  
crossoptilon_crossoptilon 0.013150691642  0.010093455538  0.020397991770  0.027689271211  0.000000000000  0.000000000000  0.000000000000  0.000000000000  0.000000000000  0.000000000000  0.005018280234  0.000000000000  0.008058251548  0.009074798885  0.006036967099  0.000000000000  0.000000000000  0.011125109503  
lophura_swinhoii 0.013150691642  0.010093455538  0.020397991770  0.027689271211  0.000000000000  0.000000000000  0.000000000000  0.000000000000  0.000000000000  0.000000000000  0.005018280234  0.000000000000  0.008058251548  0.009074798885  0.006036967099  0.000000000000  0.000000000000  0.011125109503  
syrmaticus_reevesii 0.013150691642  0.010093455538  0.020397991770  0.027689271211  0.000000000000  0.000000000000  0.000000000000  0.000000000000  0.000000000000  0.000000000000  0.005018280234  0.000000000000  0.008058251548  0.009074798885  0.006036967099  0.000000000000  0.000000000000  0.011125109503  
phasianus_colchicus 0.013150691642  0.010093455538  0.020397991770  0.027689271211  0.000000000000  0.000000000000  0.000000000000  0.000000000000  0.000000000000  0.000000000000  0.005018280234  0.000000000000  0.008058251548  0.009074798885  0.006036967099  0.000000000000  0.000000000000  0.011125109503  
lophura_inornata 0.018273527371  0.015192937597  0.025584334143  0.032933488452  0.005018280234  0.005018280234  0.005018280234  0.005018280234  0.005018280234  0.005018280234  0.000000000000  0.005018280234  0.013140794553  0.014165793788  0.011104924168  0.005018280234  0.005018280234  0.016235416745  
catreus_wallichi 0.013150691642  0.010093455538  0.020397991770  0.027689271211  0.000000000000  0.000000000000  0.000000000000  0.000000000000  0.000000000000  0.000000000000  0.005018280234  0.000000000000  0.008058251548  0.009074798885  0.006036967099  0.000000000000  0.000000000000  0.011125109503  
lophophorus_impejanus 0.021401344106  0.018302721332  0.028771879023  0.036167103293  0.008058251548  0.008058251548  0.008058251548  0.008058251548  0.008058251548  0.008058251548  0.013140794553  0.008058251548  0.000000000000  0.009067646413  0.012137131936  0.008058251548  0.008058251548  0.019357750305  
melgal2    0.022443754943  0.019339647390  0.029831179577  0.036167103293  0.009074798885  0.009074798885  0.009074798885  0.009074798885  0.009074798885  0.009074798885  0.014165793788  0.009074798885  0.009067646413  0.000000000000  0.015218687491  0.009074798885  0.009074798885  0.020397991770  
perdix_dauuricae 0.019339647390  0.016250186185  0.026686158585  0.031926416455  0.006036967099  0.006036967099  0.006036967099  0.006036967099  0.006036967099  0.006036967099  0.011104924168  0.006036967099  0.012137131936  0.015218687491  0.000000000000  0.006036967099  0.006036967099  0.017301319816  
syrmaticus_ellioti 0.013150691642  0.010093455538  0.020397991770  0.027689271211  0.000000000000  0.000000000000  0.000000000000  0.000000000000  0.000000000000  0.000000000000  0.005018280234  0.000000000000  0.008058251548  0.009074798885  0.006036967099  0.000000000000  0.000000000000  0.011125109503  
chrysolophus_pictus 0.013150691642  0.010093455538  0.020397991770  0.027689271211  0.000000000000  0.000000000000  0.000000000000  0.000000000000  0.000000000000  0.000000000000  0.005018280234  0.000000000000  0.008058251548  0.009074798885  0.006036967099  0.000000000000  0.000000000000  0.011125109503  
alectoris_rufa 0.016235416745  0.013162169389  0.023532007222  0.030863696715  0.011125109503  0.011125109503  0.011125109503  0.011125109503  0.011125109503  0.011125109503  0.016235416745  0.011125109503  0.019357750305  0.020397991770  0.017301319816  0.011125109503  0.011125109503  0.000000000000  

