18
galgal4    0.000000000000  0.072865626063  0.042327432596  0.032858906724  0.032858906724  0.038136098958  0.039206780690  0.032858906724  0.036025131373  0.032858906724  0.032858906724  0.038136098958  0.034960234849  0.041301473794  0.034960234849  0.046767648366  0.019283266915  0.042404015705  
cyrtonyx_montezumae 0.072865626063  0.000000000000  0.061811462694  0.067395215039  0.067395215039  0.072950824163  0.074085584891  0.067395215039  0.070731779325  0.067395215039  0.068519626224  0.075222974308  0.071862642392  0.073997724780  0.067354734408  0.072950824163  0.056351160960  0.082048869237  
rollulus_rouloul 0.042327432596  0.061811462694  0.000000000000  0.041355174063  0.041355174063  0.046701834475  0.047789071123  0.041355174063  0.044564183046  0.041355174063  0.042432906270  0.046701834475  0.043482911393  0.047789071123  0.043482911393  0.055467894607  0.029688216265  0.055427585133  
catreus_wallichi 0.032858906724  0.067395215039  0.041355174063  0.000000000000  0.000000000000  0.005018286710  0.006027500850  0.000000000000  0.003006852900  0.000000000000  0.001001019732  0.011104924048  0.008058248174  0.012110725521  0.006031449473  0.017267963201  0.013150686921  0.044699504746  
crossoptilon_crossoptilon 0.032858906724  0.067395215039  0.041355174063  0.000000000000  0.000000000000  0.005018286710  0.006027500850  0.000000000000  0.003006852900  0.000000000000  0.001001019732  0.011104924048  0.008058248174  0.012110725521  0.006031449473  0.017267963201  0.013150686921  0.044699504746  
syrmaticus_ellioti 0.038136098958  0.072950824163  0.046701834475  0.005018286710  0.005018286710  0.000000000000  0.001001019732  0.005018286710  0.008047670556  0.005018286710  0.006027500850  0.016210661798  0.013140802868  0.017220463923  0.011097205765  0.022425481833  0.018273540227  0.050083156396  
syrmaticus_reevesii 0.039206780690  0.074085584891  0.047789071123  0.006027500850  0.006027500850  0.001001019732  0.000000000000  0.006027500850  0.009062079239  0.006027500850  0.007038793662  0.017241017627  0.014165799979  0.018250782114  0.012117941090  0.023468976427  0.019308238727  0.048987363673  
chrysolophus_pictus 0.032858906724  0.067395215039  0.041355174063  0.000000000000  0.000000000000  0.005018286710  0.006027500850  0.000000000000  0.003006852900  0.000000000000  0.001001019732  0.011104924048  0.008058248174  0.012110725521  0.006031449473  0.017267963201  0.013150686921  0.044699504746  
lophura_inornata 0.036025131373  0.070731779325  0.044564183046  0.003006852900  0.003006852900  0.008047670556  0.009062079239  0.003006852900  0.000000000000  0.003006852900  0.004012982950  0.014165799979  0.011104924048  0.015173579246  0.009067649679  0.020361128887  0.016222235989  0.047932369378  
lophura_nycthemera 0.032858906724  0.067395215039  0.041355174063  0.000000000000  0.000000000000  0.005018286710  0.006027500850  0.000000000000  0.003006852900  0.000000000000  0.001001019732  0.011104924048  0.008058248174  0.012110725521  0.006031449473  0.017267963201  0.013150686921  0.044699504746  
phasianus_colchicus 0.032858906724  0.068519626224  0.042432906270  0.001001019732  0.001001019732  0.006027500850  0.007038793662  0.001001019732  0.004012982950  0.001001019732  0.000000000000  0.012126740003  0.009074793643  0.013132504457  0.007043803004  0.018302699662  0.014176773708  0.045788051521  
lophura_swinhoii 0.038136098958  0.075222974308  0.046701834475  0.011104924048  0.011104924048  0.016210661798  0.017241017627  0.011104924048  0.014165799979  0.011104924048  0.012126740003  0.000000000000  0.013140802868  0.019283266915  0.013140802868  0.024514693463  0.018273540227  0.048987363673  
melgal2    0.034960234849  0.071862642392  0.043482911393  0.008058248174  0.008058248174  0.013140802868  0.014165799979  0.008058248174  0.011104924048  0.008058248174  0.009074793643  0.013140802868  0.000000000000  0.016200683218  0.010085230206  0.021401326658  0.015192941355  0.046840211647  
perdix_dauuricae 0.041301473794  0.073997724780  0.047789071123  0.012110725521  0.012110725521  0.017220463923  0.018250782114  0.012110725521  0.015173579246  0.012110725521  0.013132504457  0.019283266915  0.016200683218  0.000000000000  0.006025119047  0.017241017627  0.021354772932  0.053301164354  
lophophorus_impejanus 0.034960234849  0.067354734408  0.043482911393  0.006031449473  0.006031449473  0.011097205765  0.012117941090  0.006031449473  0.009067649679  0.006031449473  0.007043803004  0.013140802868  0.010085230206  0.006025119047  0.000000000000  0.011114220394  0.015192941355  0.046840211647  
tragopan_blythii 0.046767648366  0.072950824163  0.055467894607  0.017267963201  0.017267963201  0.022425481833  0.023468976427  0.017267963201  0.020361128887  0.017267963201  0.018302699662  0.024514693463  0.021401326658  0.017241017627  0.011114220394  0.000000000000  0.026612832867  0.055599106738  
pavo_cristatus 0.019283266915  0.056351160960  0.029688216265  0.013150686921  0.013150686921  0.018273540227  0.019308238727  0.013150686921  0.016222235989  0.013150686921  0.014176773708  0.018273540227  0.015192941355  0.021354772932  0.015192941355  0.026612832867  0.000000000000  0.030810409652  
alectoris_rufa 0.042404015705  0.082048869237  0.055427585133  0.044699504746  0.044699504746  0.050083156396  0.048987363673  0.044699504746  0.047932369378  0.044699504746  0.045788051521  0.048987363673  0.046840211647  0.053301164354  0.046840211647  0.055599106738  0.030810409652  0.000000000000  

