18
syrmaticus_reevesii 0.000000000000  0.013177651739  0.019297903382  0.003009329615  0.016212807851  0.018323921055  0.004016608966  0.008058950679  0.004016608966  0.007044318453  0.007044318453  0.013164242030  0.012128194214  0.014167580713  0.007044318453  0.008058950679  0.009075712913  0.009075712913  
galgal4    0.013177651739  0.000000000000  0.032944636961  0.016270247734  0.029786442849  0.032002136411  0.017305516893  0.021446320240  0.017305516893  0.020403282316  0.020403282316  0.026695471678  0.025615495460  0.027697911109  0.020403282316  0.021446320240  0.020403282316  0.020403282316  
cyrtonyx_montezumae 0.019297903382  0.032944636961  0.000000000000  0.022413193987  0.036035734349  0.038264128852  0.023456093004  0.027628976078  0.023456093004  0.024483441125  0.024483441125  0.030795073418  0.029715394860  0.031807945486  0.024483441125  0.025529684553  0.026578192928  0.026578192928  
rollulus_rouloul 0.003009329615  0.016270247734  0.022413193987  0.000000000000  0.019311591427  0.021446320240  0.007051077450  0.011115663313  0.007051077450  0.010094614119  0.010094614119  0.016253448801  0.015207479529  0.017256584390  0.010094614119  0.011115663313  0.012138869572  0.012138869572  
pavo_cristatus 0.016212807851  0.029786442849  0.036035734349  0.019311591427  0.000000000000  0.022449111502  0.012111697786  0.016202522598  0.012111697786  0.015175109562  0.015175109562  0.021372535773  0.020320922538  0.022383880123  0.015175109562  0.016202522598  0.025548652194  0.025548652194  
syrmaticus_ellioti 0.018323921055  0.032002136411  0.038264128852  0.021446320240  0.022449111502  0.000000000000  0.014191789877  0.018306467487  0.014191789877  0.017271266754  0.017271266754  0.023515922515  0.022449111502  0.024520699926  0.017271266754  0.018306467487  0.027724209592  0.027724209592  
lophophorus_impejanus 0.004016608966  0.017305516893  0.023456093004  0.007051077450  0.012111697786  0.014191789877  0.000000000000  0.004013113052  0.000000000000  0.003006912360  0.003006912360  0.009075712913  0.008052699414  0.010079318404  0.003006912360  0.004013113052  0.013164242030  0.013164242030  
melgal2    0.008058950679  0.021446320240  0.027628976078  0.011115663313  0.016202522598  0.018306467487  0.004013113052  0.000000000000  0.004013113052  0.007039161645  0.007039161645  0.013152448934  0.012119135963  0.014157912068  0.007039161645  0.008052699414  0.017271266754  0.017271266754  
tragopan_blythii 0.004016608966  0.017305516893  0.023456093004  0.007051077450  0.012111697786  0.014191789877  0.000000000000  0.004013113052  0.000000000000  0.003006912360  0.003006912360  0.009075712913  0.008052699414  0.010079318404  0.003006912360  0.004013113052  0.013164242030  0.013164242030  
lophura_swinhoii 0.007044318453  0.020403282316  0.024483441125  0.010094614119  0.015175109562  0.017271266754  0.003006912360  0.007039161645  0.003006912360  0.000000000000  0.000000000000  0.006037474088  0.005021408462  0.007039161645  0.000000000000  0.001001033764  0.016238273901  0.016238273901  
phasianus_colchicus 0.007044318453  0.020403282316  0.024483441125  0.010094614119  0.015175109562  0.017271266754  0.003006912360  0.007039161645  0.003006912360  0.000000000000  0.000000000000  0.006037474088  0.005021408462  0.007039161645  0.000000000000  0.001001033764  0.016238273901  0.016238273901  
catreus_wallichi 0.013164242030  0.026695471678  0.030795073418  0.016253448801  0.021372535773  0.023515922515  0.009075712913  0.013152448934  0.009075712913  0.006037474088  0.006037474088  0.000000000000  0.005021408462  0.007039161645  0.006037474088  0.007051077450  0.022469539288  0.022469539288  
lophura_nycthemera 0.012128194214  0.025615495460  0.029715394860  0.015207479529  0.020320922538  0.022449111502  0.008052699414  0.012119135963  0.008052699414  0.005021408462  0.005021408462  0.005021408462  0.000000000000  0.006025276313  0.005021408462  0.006031807331  0.021406143036  0.021406143036  
lophura_inornata 0.014167580713  0.027697911109  0.031807945486  0.017256584390  0.022383880123  0.024520699926  0.010079318404  0.014157912068  0.010079318404  0.007039161645  0.007039161645  0.007039161645  0.006025276313  0.000000000000  0.007039161645  0.008052699414  0.023474386603  0.023474386603  
crossoptilon_crossoptilon 0.007044318453  0.020403282316  0.024483441125  0.010094614119  0.015175109562  0.017271266754  0.003006912360  0.007039161645  0.003006912360  0.000000000000  0.000000000000  0.006037474088  0.005021408462  0.007039161645  0.000000000000  0.001001033764  0.016238273901  0.016238273901  
chrysolophus_pictus 0.008058950679  0.021446320240  0.025529684553  0.011115663313  0.016202522598  0.018306467487  0.004013113052  0.008052699414  0.004013113052  0.001001033764  0.001001033764  0.007051077450  0.006031807331  0.008052699414  0.001001033764  0.000000000000  0.017271266754  0.017271266754  
perdix_dauuricae 0.009075712913  0.020403282316  0.026578192928  0.012138869572  0.025548652194  0.027724209592  0.013164242030  0.017271266754  0.013164242030  0.016238273901  0.016238273901  0.022469539288  0.021406143036  0.023474386603  0.016238273901  0.017271266754  0.000000000000  0.000000000000  
alectoris_rufa 0.009075712913  0.020403282316  0.026578192928  0.012138869572  0.025548652194  0.027724209592  0.013164242030  0.017271266754  0.013164242030  0.016238273901  0.016238273901  0.022469539288  0.021406143036  0.023474386603  0.016238273901  0.017271266754  0.000000000000  0.000000000000  

