18
catreus_wallichi 0.000000000000  0.012119104015  0.012119104015  0.012119104015  0.026530903198  0.018283403819  0.019305637395  0.026581428574  0.026624861780  0.011105389779  0.011105389779  0.015198075805  0.011105389779  0.020343799382  0.011105389779  0.011105389779  0.014169350631  0.022427517656  
lophura_nycthemera 0.012119104015  0.000000000000  0.000000000000  0.000000000000  0.021343146380  0.011105389779  0.012119104015  0.017236649661  0.021421569807  0.004014106311  0.004014106311  0.006029563949  0.004014106311  0.013143030440  0.004014106311  0.004014106311  0.007041969306  0.015198075805  
lophura_inornata 0.012119104015  0.000000000000  0.000000000000  0.000000000000  0.021343146380  0.011105389779  0.012119104015  0.017236649661  0.021421569807  0.004014106311  0.004014106311  0.006029563949  0.004014106311  0.013143030440  0.004014106311  0.004014106311  0.007041969306  0.015198075805  
lophura_swinhoii 0.012119104015  0.000000000000  0.000000000000  0.000000000000  0.021343146380  0.011105389779  0.012119104015  0.017236649661  0.021421569807  0.004014106311  0.004014106311  0.006029563949  0.004014106311  0.013143030440  0.004014106311  0.004014106311  0.007041969306  0.015198075805  
rollulus_rouloul 0.026530903198  0.021343146380  0.021343146380  0.021343146380  0.000000000000  0.021354975449  0.028630555714  0.033880259108  0.036059444283  0.020317110193  0.020317110193  0.024467386492  0.020317110193  0.029684159807  0.020317110193  0.020317110193  0.023423500722  0.031798984348  
perdix_dauuricae 0.018283403819  0.011105389779  0.011105389779  0.011105389779  0.021354975449  0.000000000000  0.017248764007  0.024501304626  0.026649495574  0.009073811276  0.009073811276  0.012128267554  0.009073811276  0.018283403819  0.009073811276  0.009073811276  0.012128267554  0.019320487810  
cyrtonyx_montezumae 0.019305637395  0.012119104015  0.012119104015  0.012119104015  0.028630555714  0.017248764007  0.000000000000  0.019337253495  0.026624861780  0.010084889756  0.010084889756  0.014169350631  0.010084889756  0.017236649661  0.010084889756  0.010084889756  0.013143030440  0.021384422238  
pavo_cristatus 0.026581428574  0.017236649661  0.017236649661  0.017236649661  0.033880259108  0.024501304626  0.019337253495  0.000000000000  0.035075372873  0.017248764007  0.017248764007  0.021384422238  0.017248764007  0.026581428574  0.017248764007  0.017248764007  0.020343799382  0.028689557331  
galgal4    0.026624861780  0.021421569807  0.021421569807  0.021421569807  0.036059444283  0.026649495574  0.026624861780  0.035075372873  0.000000000000  0.019355931889  0.019355931889  0.023515829285  0.019355931889  0.028738679486  0.019355931889  0.019355931889  0.022467450725  0.030862724510  
chrysolophus_pictus 0.011105389779  0.004014106311  0.004014106311  0.004014106311  0.020317110193  0.009073811276  0.010084889756  0.017248764007  0.019355931889  0.000000000000  0.000000000000  0.004014106311  0.000000000000  0.009066756456  0.000000000000  0.000000000000  0.005023161812  0.013153534188  
syrmaticus_reevesii 0.011105389779  0.004014106311  0.004014106311  0.004014106311  0.020317110193  0.009073811276  0.010084889756  0.017248764007  0.019355931889  0.000000000000  0.000000000000  0.004014106311  0.000000000000  0.009066756456  0.000000000000  0.000000000000  0.005023161812  0.013153534188  
melgal2    0.015198075805  0.006029563949  0.006029563949  0.006029563949  0.024467386492  0.012128267554  0.014169350631  0.021384422238  0.023515829285  0.004014106311  0.004014106311  0.000000000000  0.004014106311  0.013143030440  0.004014106311  0.004014106311  0.007041969306  0.017262786376  
tragopan_blythii 0.011105389779  0.004014106311  0.004014106311  0.004014106311  0.020317110193  0.009073811276  0.010084889756  0.017248764007  0.019355931889  0.000000000000  0.000000000000  0.004014106311  0.000000000000  0.009066756456  0.000000000000  0.000000000000  0.005023161812  0.013153534188  
syrmaticus_ellioti 0.020343799382  0.013143030440  0.013143030440  0.013143030440  0.029684159807  0.018283403819  0.017236649661  0.026581428574  0.028738679486  0.009066756456  0.009066756456  0.013143030440  0.009066756456  0.000000000000  0.009066756456  0.009066756456  0.014169350631  0.022427517656  
crossoptilon_crossoptilon 0.011105389779  0.004014106311  0.004014106311  0.004014106311  0.020317110193  0.009073811276  0.010084889756  0.017248764007  0.019355931889  0.000000000000  0.000000000000  0.004014106311  0.000000000000  0.009066756456  0.000000000000  0.000000000000  0.005023161812  0.013153534188  
phasianus_colchicus 0.011105389779  0.004014106311  0.004014106311  0.004014106311  0.020317110193  0.009073811276  0.010084889756  0.017248764007  0.019355931889  0.000000000000  0.000000000000  0.004014106311  0.000000000000  0.009066756456  0.000000000000  0.000000000000  0.005023161812  0.013153534188  
lophophorus_impejanus 0.014169350631  0.007041969306  0.007041969306  0.007041969306  0.023423500722  0.012128267554  0.013143030440  0.020343799382  0.022467450725  0.005023161812  0.005023161812  0.007041969306  0.005023161812  0.014169350631  0.005023161812  0.005023161812  0.000000000000  0.016229217261  
alectoris_rufa 0.022427517656  0.015198075805  0.015198075805  0.015198075805  0.031798984348  0.019320487810  0.021384422238  0.028689557331  0.030862724510  0.013153534188  0.013153534188  0.017262786376  0.013153534188  0.022427517656  0.013153534188  0.013153534188  0.016229217261  0.000000000000  

