18
catreus_wallichi 0.000000000000  0.000000000000  0.011105920070  0.005021372856  0.008044955595  0.005021372856  0.007044240374  0.005021372856  0.005021372856  0.005021372856  0.005021372856  0.005021372856  0.005021372856  0.005021372856  0.009075574830  0.013115617326  0.017256141135  0.005017018749  
cyrtonyx_montezumae 0.000000000000  0.000000000000  0.011105920070  0.005021372856  0.008044955595  0.005021372856  0.007044240374  0.005021372856  0.005021372856  0.005021372856  0.005021372856  0.005021372856  0.005021372856  0.005021372856  0.009075574830  0.013115617326  0.017256141135  0.005017018749  
galgal4    0.011105920070  0.011105920070  0.000000000000  0.006031752661  0.008052615203  0.006031752661  0.008058844807  0.006031752661  0.006031752661  0.006031752661  0.006031752661  0.006031752661  0.006031752661  0.006031752661  0.010094439369  0.014135335619  0.018290138266  0.015174843302  
lophophorus_impejanus 0.005021372856  0.005021372856  0.006031752661  0.000000000000  0.003006840495  0.000000000000  0.002004132398  0.000000000000  0.000000000000  0.000000000000  0.000000000000  0.000000000000  0.000000000000  0.000000000000  0.004016575303  0.008045510246  0.012127972120  0.009058408769  
melgal2    0.008044955595  0.008044955595  0.008052615203  0.003006840495  0.000000000000  0.003006840495  0.005017018749  0.003006840495  0.003006840495  0.003006840495  0.003006840495  0.003006840495  0.003006840495  0.003006840495  0.007035557832  0.011087768480  0.015174843302  0.012098977927  
phasianus_colchicus 0.005021372856  0.005021372856  0.006031752661  0.000000000000  0.003006840495  0.000000000000  0.002004132398  0.000000000000  0.000000000000  0.000000000000  0.000000000000  0.000000000000  0.000000000000  0.000000000000  0.004016575303  0.008045510246  0.012127972120  0.009058408769  
lophura_nycthemera 0.007044240374  0.007044240374  0.008058844807  0.002004132398  0.005017018749  0.002004132398  0.000000000000  0.002004132398  0.002004132398  0.002004132398  0.002004132398  0.002004132398  0.002004132398  0.002004132398  0.006037397925  0.010068012150  0.014178556174  0.011091686304  
chrysolophus_pictus 0.005021372856  0.005021372856  0.006031752661  0.000000000000  0.003006840495  0.000000000000  0.002004132398  0.000000000000  0.000000000000  0.000000000000  0.000000000000  0.000000000000  0.000000000000  0.000000000000  0.004016575303  0.008045510246  0.012127972120  0.009058408769  
crossoptilon_crossoptilon 0.005021372856  0.005021372856  0.006031752661  0.000000000000  0.003006840495  0.000000000000  0.002004132398  0.000000000000  0.000000000000  0.000000000000  0.000000000000  0.000000000000  0.000000000000  0.000000000000  0.004016575303  0.008045510246  0.012127972120  0.009058408769  
lophura_inornata 0.005021372856  0.005021372856  0.006031752661  0.000000000000  0.003006840495  0.000000000000  0.002004132398  0.000000000000  0.000000000000  0.000000000000  0.000000000000  0.000000000000  0.000000000000  0.000000000000  0.004016575303  0.008045510246  0.012127972120  0.009058408769  
syrmaticus_ellioti 0.005021372856  0.005021372856  0.006031752661  0.000000000000  0.003006840495  0.000000000000  0.002004132398  0.000000000000  0.000000000000  0.000000000000  0.000000000000  0.000000000000  0.000000000000  0.000000000000  0.004016575303  0.008045510246  0.012127972120  0.009058408769  
syrmaticus_reevesii 0.005021372856  0.005021372856  0.006031752661  0.000000000000  0.003006840495  0.000000000000  0.002004132398  0.000000000000  0.000000000000  0.000000000000  0.000000000000  0.000000000000  0.000000000000  0.000000000000  0.004016575303  0.008045510246  0.012127972120  0.009058408769  
lophura_swinhoii 0.005021372856  0.005021372856  0.006031752661  0.000000000000  0.003006840495  0.000000000000  0.002004132398  0.000000000000  0.000000000000  0.000000000000  0.000000000000  0.000000000000  0.000000000000  0.000000000000  0.004016575303  0.008045510246  0.012127972120  0.009058408769  
rollulus_rouloul 0.005021372856  0.005021372856  0.006031752661  0.000000000000  0.003006840495  0.000000000000  0.002004132398  0.000000000000  0.000000000000  0.000000000000  0.000000000000  0.000000000000  0.000000000000  0.000000000000  0.004016575303  0.008045510246  0.012127972120  0.009058408769  
tragopan_blythii 0.009075574830  0.009075574830  0.010094439369  0.004016575303  0.007035557832  0.004016575303  0.006037397925  0.004016575303  0.004016575303  0.004016575303  0.004016575303  0.004016575303  0.004016575303  0.004016575303  0.000000000000  0.012098977927  0.016237841277  0.013133518331  
pavo_cristatus 0.013115617326  0.013115617326  0.014135335619  0.008045510246  0.011087768480  0.008045510246  0.010068012150  0.008045510246  0.008045510246  0.008045510246  0.008045510246  0.008045510246  0.008045510246  0.008045510246  0.012098977927  0.000000000000  0.020290836726  0.016174959259  
perdix_dauuricae 0.017256141135  0.017256141135  0.018290138266  0.012127972120  0.015174843302  0.012127972120  0.014178556174  0.012127972120  0.012127972120  0.012127972120  0.012127972120  0.012127972120  0.012127972120  0.012127972120  0.016237841277  0.020290836726  0.000000000000  0.021357637662  
alectoris_rufa 0.005017018749  0.005017018749  0.015174843302  0.009058408769  0.012098977927  0.009058408769  0.011091686304  0.009058408769  0.009058408769  0.009058408769  0.009058408769  0.009058408769  0.009058408769  0.009058408769  0.013133518331  0.016174959259  0.021357637662  0.000000000000  

