18
cyrtonyx_montezumae 0.000000000000  0.019295479227  0.031806783364  0.032846819206  0.030747429426  0.027601463101  0.030747429426  0.030747429426  0.027601463101  0.027601463101  0.027601463101  0.027546961955  0.025489164978  0.018237116388  0.017213545994  0.015178990145  0.015178990145  0.021336132628  
rollulus_rouloul 0.019295479227  0.000000000000  0.031786339415  0.032826937880  0.030728448799  0.027584819542  0.030728448799  0.030728448799  0.027584819542  0.027584819542  0.027584819542  0.026511338320  0.023442357107  0.017213545994  0.016191621216  0.014160912991  0.014160912991  0.020309357314  
chrysolophus_pictus 0.031806783364  0.031786339415  0.000000000000  0.009067403242  0.007042395061  0.004014254159  0.007042395061  0.007042395061  0.004014254159  0.004014254159  0.004014254159  0.025518709502  0.024488152827  0.022414553069  0.021388398639  0.025489164978  0.027584819542  0.031737192728  
crossoptilon_crossoptilon 0.032846819206  0.032826937880  0.009067403242  0.000000000000  0.008051452383  0.005019664125  0.006026669220  0.006026669220  0.005019664125  0.005019664125  0.005019664125  0.026550929775  0.025518709502  0.023442357107  0.022414553069  0.026522527223  0.028620384738  0.032779519640  
syrmaticus_ellioti 0.030747429426  0.030728448799  0.007042395061  0.008051452383  0.000000000000  0.003007435606  0.006029849262  0.006029849262  0.003007435606  0.003007435606  0.003007435606  0.024471816578  0.023442357107  0.021372365047  0.020347297987  0.024445126401  0.026535725288  0.030683667923  
phasianus_colchicus 0.027601463101  0.027584819542  0.004014254159  0.005019664125  0.003007435606  0.000000000000  0.003007435606  0.003007435606  0.000000000000  0.000000000000  0.000000000000  0.021358307734  0.020332677757  0.018272571316  0.017251300469  0.021336132628  0.023414526195  0.027546961955  
lophura_nycthemera 0.030747429426  0.030728448799  0.007042395061  0.006026669220  0.006029849262  0.003007435606  0.000000000000  0.000000000000  0.003007435606  0.003007435606  0.003007435606  0.024471816578  0.022399079441  0.021372365047  0.020347297987  0.024445126401  0.026535725288  0.030683667923  
lophura_inornata 0.030747429426  0.030728448799  0.007042395061  0.006026669220  0.006029849262  0.003007435606  0.000000000000  0.000000000000  0.003007435606  0.003007435606  0.003007435606  0.024471816578  0.022399079441  0.021372365047  0.020347297987  0.024445126401  0.026535725288  0.030683667923  
syrmaticus_reevesii 0.027601463101  0.027584819542  0.004014254159  0.005019664125  0.003007435606  0.000000000000  0.003007435606  0.003007435606  0.000000000000  0.000000000000  0.000000000000  0.021358307734  0.020332677757  0.018272571316  0.017251300469  0.021336132628  0.023414526195  0.027546961955  
lophura_swinhoii 0.027601463101  0.027584819542  0.004014254159  0.005019664125  0.003007435606  0.000000000000  0.003007435606  0.003007435606  0.000000000000  0.000000000000  0.000000000000  0.021358307734  0.020332677757  0.018272571316  0.017251300469  0.021336132628  0.023414526195  0.027546961955  
catreus_wallichi 0.027601463101  0.027584819542  0.004014254159  0.005019664125  0.003007435606  0.000000000000  0.003007435606  0.003007435606  0.000000000000  0.000000000000  0.000000000000  0.021358307734  0.020332677757  0.018272571316  0.017251300469  0.021336132628  0.023414526195  0.027546961955  
perdix_dauuricae 0.027546961955  0.026511338320  0.025518709502  0.026550929775  0.024471816578  0.021358307734  0.024471816578  0.024471816578  0.021358307734  0.021358307734  0.021358307734  0.000000000000  0.017228500985  0.016191621216  0.016198697754  0.022357039817  0.022357039817  0.028576281511  
melgal2    0.025489164978  0.023442357107  0.024488152827  0.025518709502  0.023442357107  0.020332677757  0.022399079441  0.022399079441  0.020332677757  0.020332677757  0.020332677757  0.017228500985  0.000000000000  0.015188595023  0.014171085281  0.020309357314  0.020309357314  0.026511338320  
lophophorus_impejanus 0.018237116388  0.017213545994  0.022414553069  0.023442357107  0.021372365047  0.018272571316  0.021372365047  0.021372365047  0.018272571316  0.018272571316  0.018272571316  0.016191621216  0.015188595023  0.000000000000  0.007037878074  0.013120925258  0.013120925258  0.019258995130  
tragopan_blythii 0.017213545994  0.016191621216  0.021388398639  0.022414553069  0.020347297987  0.017251300469  0.020347297987  0.020347297987  0.017251300469  0.017251300469  0.017251300469  0.016198697754  0.014171085281  0.007037878074  0.000000000000  0.012103786926  0.012103786926  0.018233178500  
pavo_cristatus 0.015178990145  0.014160912991  0.025489164978  0.026522527223  0.024445126401  0.021336132628  0.024445126401  0.024445126401  0.021336132628  0.021336132628  0.021336132628  0.022357039817  0.020309357314  0.013120925258  0.012103786926  0.000000000000  0.010079100888  0.016191621216  
galgal4    0.015178990145  0.014160912991  0.027584819542  0.028620384738  0.026535725288  0.023414526195  0.026535725288  0.026535725288  0.023414526195  0.023414526195  0.023414526195  0.022357039817  0.020309357314  0.013120925258  0.012103786926  0.010079100888  0.000000000000  0.010071603765  
alectoris_rufa 0.021336132628  0.020309357314  0.031737192728  0.032779519640  0.030683667923  0.027546961955  0.030683667923  0.030683667923  0.027546961955  0.027546961955  0.027546961955  0.028576281511  0.026511338320  0.019258995130  0.018233178500  0.016191621216  0.010071603765  0.000000000000  

