18
tragopan_blythii 0.000000000000  0.005021060751  0.005025447525  0.004012917058  0.007043534574  0.013149770687  0.011113465847  0.011096730743  0.008065412589  0.008065412589  0.011124180010  0.007050013183  0.010092838639  0.008065412589  0.008065412589  0.009082901110  0.007050013183  0.000000000000  
lophophorus_impejanus 0.005021060751  0.000000000000  0.010092838639  0.009067284746  0.012125985370  0.018285595967  0.016233904819  0.016209574115  0.013161061125  0.013161061125  0.016248438242  0.012136203759  0.015203721555  0.013161061125  0.013161061125  0.014188046746  0.012136203759  0.005021060751  
pavo_cristatus 0.005025447525  0.010092838639  0.000000000000  0.007043534574  0.010092838639  0.016233904819  0.016248438242  0.016220949101  0.013173919439  0.013173919439  0.016264546370  0.012147987777  0.015217169481  0.013173919439  0.013173919439  0.014201983825  0.012147987777  0.005025447525  
galgal4    0.004012917058  0.009067284746  0.007043534574  0.000000000000  0.009067284746  0.015191849050  0.015203721555  0.015181555002  0.012136203759  0.012136203759  0.015217169481  0.011113465847  0.014175679806  0.012136203759  0.012136203759  0.013161061125  0.011113465847  0.004012917058  
rollulus_rouloul 0.007043534574  0.012125985370  0.010092838639  0.009067284746  0.000000000000  0.018285595967  0.018300731715  0.018272045545  0.015217169481  0.015217169481  0.018317449777  0.014188046746  0.017266238541  0.015217169481  0.015217169481  0.016248438242  0.014188046746  0.007043534574  
cyrtonyx_montezumae 0.013149770687  0.018285595967  0.016233904819  0.015191849050  0.018285595967  0.000000000000  0.022440929848  0.024492991467  0.021417258777  0.021417258777  0.024553550285  0.020376232694  0.023485241745  0.021417258777  0.021417258777  0.022460480870  0.020376232694  0.013149770687  
melgal2    0.011113465847  0.016233904819  0.016248438242  0.015203721555  0.018300731715  0.022440929848  0.000000000000  0.020343154462  0.019355210657  0.019355210657  0.022481623597  0.018317449777  0.021417258777  0.019355210657  0.019355210657  0.020395153779  0.018317449777  0.011113465847  
perdix_dauuricae 0.011096730743  0.016209574115  0.016220949101  0.015181555002  0.018272045545  0.024492991467  0.020343154462  0.000000000000  0.019321160774  0.019321160774  0.022440929848  0.018285595967  0.021381970646  0.019321160774  0.019321160774  0.020358898589  0.018285595967  0.011096730743  
syrmaticus_ellioti 0.008065412589  0.013161061125  0.013173919439  0.012136203759  0.015217169481  0.021417258777  0.019355210657  0.019321160774  0.000000000000  0.000000000000  0.003009136276  0.001001012399  0.004012917058  0.002004055074  0.002004055074  0.003009136276  0.001001012399  0.008065412589  
syrmaticus_reevesii 0.008065412589  0.013161061125  0.013173919439  0.012136203759  0.015217169481  0.021417258777  0.019355210657  0.019321160774  0.000000000000  0.000000000000  0.003009136276  0.001001012399  0.004012917058  0.002004055074  0.002004055074  0.003009136276  0.001001012399  0.008065412589  
phasianus_colchicus 0.011124180010  0.016248438242  0.016264546370  0.015217169481  0.018317449777  0.024553550285  0.022481623597  0.022440929848  0.003009136276  0.003009136276  0.000000000000  0.004016264309  0.007043534574  0.005025447525  0.005025447525  0.006036694331  0.004016264309  0.011124180010  
catreus_wallichi 0.007050013183  0.012136203759  0.012147987777  0.011113465847  0.014188046746  0.020376232694  0.018317449777  0.018285595967  0.001001012399  0.001001012399  0.004016264309  0.000000000000  0.003006824322  0.001001012399  0.001001012399  0.002004055074  0.000000000000  0.007050013183  
crossoptilon_crossoptilon 0.010092838639  0.015203721555  0.015217169481  0.014175679806  0.017266238541  0.023485241745  0.021417258777  0.021381970646  0.004012917058  0.004012917058  0.007043534574  0.003006824322  0.000000000000  0.002002774215  0.002002774215  0.003006824322  0.003006824322  0.010092838639  
chrysolophus_pictus 0.008065412589  0.013161061125  0.013173919439  0.012136203759  0.015217169481  0.021417258777  0.019355210657  0.019321160774  0.002004055074  0.002004055074  0.005025447525  0.001001012399  0.002002774215  0.000000000000  0.000000000000  0.001001012399  0.001001012399  0.008065412589  
lophura_nycthemera 0.008065412589  0.013161061125  0.013173919439  0.012136203759  0.015217169481  0.021417258777  0.019355210657  0.019321160774  0.002004055074  0.002004055074  0.005025447525  0.001001012399  0.002002774215  0.000000000000  0.000000000000  0.001001012399  0.001001012399  0.008065412589  
lophura_swinhoii 0.009082901110  0.014188046746  0.014201983825  0.013161061125  0.016248438242  0.022460480870  0.020395153779  0.020358898589  0.003009136276  0.003009136276  0.006036694331  0.002004055074  0.003006824322  0.001001012399  0.001001012399  0.000000000000  0.002004055074  0.009082901110  
lophura_inornata 0.007050013183  0.012136203759  0.012147987777  0.011113465847  0.014188046746  0.020376232694  0.018317449777  0.018285595967  0.001001012399  0.001001012399  0.004016264309  0.000000000000  0.003006824322  0.001001012399  0.001001012399  0.002004055074  0.000000000000  0.007050013183  
alectoris_rufa 0.000000000000  0.005021060751  0.005025447525  0.004012917058  0.007043534574  0.013149770687  0.011113465847  0.011096730743  0.008065412589  0.008065412589  0.011124180010  0.007050013183  0.010092838639  0.008065412589  0.008065412589  0.009082901110  0.007050013183  0.000000000000  

