18
melgal2    0.000000000000  0.005016896807  0.006027350051  0.008051849694  0.013149618618  0.014175502028  0.002003019901  0.002003019901  0.014147825831  0.016191302284  0.002003019901  0.003006039668  0.002003019901  0.002003019901  0.004011095750  0.002003019901  0.008047424869  0.009055453560  
tragopan_blythii 0.005016896807  0.000000000000  0.007043490872  0.009074239144  0.014187856363  0.015216948944  0.003006815465  0.003006815465  0.015181346529  0.017228583924  0.003006815465  0.004012902739  0.003006815465  0.003006815465  0.005021038815  0.003006815465  0.009067212647  0.008044552273  
syrmaticus_reevesii 0.006027350051  0.007043490872  0.000000000000  0.002004050855  0.015231943939  0.016264265833  0.004016247343  0.004016247343  0.016220719083  0.018271751648  0.004016247343  0.005025420945  0.004016247343  0.004016247343  0.006036655951  0.004016247343  0.010092745686  0.011096618869  
galgal4    0.008051849694  0.009074239144  0.002004050855  0.000000000000  0.017298744885  0.018335390130  0.006036655951  0.006036655951  0.018285302384  0.020342791779  0.006036655951  0.007049960801  0.006036655951  0.006036655951  0.008065343984  0.006036655951  0.012136066690  0.013139898911  
perdix_dauuricae 0.013149618618  0.014187856363  0.015231943939  0.017298744885  0.000000000000  0.003009126759  0.011124049233  0.011124049233  0.023484747113  0.023465688288  0.011124049233  0.012147831712  0.011124049233  0.011124049233  0.013173735773  0.011124049233  0.017281574065  0.018285302384  
cyrtonyx_montezumae 0.014175502028  0.015216948944  0.016264265833  0.018335390130  0.003009126759  0.000000000000  0.012147831712  0.012147831712  0.024531221327  0.024511046903  0.012147831712  0.013173735773  0.012147831712  0.012147831712  0.014201770227  0.012147831712  0.018317124560  0.019320831837  
crossoptilon_crossoptilon 0.002003019901  0.003006815465  0.004016247343  0.006036655951  0.011124049233  0.012147831712  0.000000000000  0.000000000000  0.012117204720  0.014155483770  0.000000000000  0.001001011348  0.000000000000  0.000000000000  0.002004050855  0.000000000000  0.006031232055  0.007035186158  
chrysolophus_pictus 0.002003019901  0.003006815465  0.004016247343  0.006036655951  0.011124049233  0.012147831712  0.000000000000  0.000000000000  0.012117204720  0.014155483770  0.000000000000  0.001001011348  0.000000000000  0.000000000000  0.002004050855  0.000000000000  0.006031232055  0.007035186158  
rollulus_rouloul 0.014147825831  0.015181346529  0.016220719083  0.018285302384  0.023484747113  0.024531221327  0.012117204720  0.012117204720  0.000000000000  0.026550740128  0.012117204720  0.013139898911  0.012117204720  0.012117204720  0.014164710171  0.012117204720  0.018271751648  0.019281644937  
pavo_cristatus 0.016191302284  0.017228583924  0.018271751648  0.020342791779  0.023465688288  0.024511046903  0.014155483770  0.014155483770  0.026550740128  0.000000000000  0.014155483770  0.015181346529  0.014155483770  0.014155483770  0.016209339509  0.014155483770  0.020328633818  0.021340563712  
phasianus_colchicus 0.002003019901  0.003006815465  0.004016247343  0.006036655951  0.011124049233  0.012147831712  0.000000000000  0.000000000000  0.012117204720  0.014155483770  0.000000000000  0.001001011348  0.000000000000  0.000000000000  0.002004050855  0.000000000000  0.006031232055  0.007035186158  
lophura_inornata 0.003006039668  0.004012902739  0.005025420945  0.007049960801  0.012147831712  0.013173735773  0.001001011348  0.001001011348  0.013139898911  0.015181346529  0.001001011348  0.000000000000  0.001001011348  0.001001011348  0.003009126759  0.001001011348  0.007043490872  0.008047424869  
lophura_nycthemera 0.002003019901  0.003006815465  0.004016247343  0.006036655951  0.011124049233  0.012147831712  0.000000000000  0.000000000000  0.012117204720  0.014155483770  0.000000000000  0.001001011348  0.000000000000  0.000000000000  0.002004050855  0.000000000000  0.006031232055  0.007035186158  
lophura_swinhoii 0.002003019901  0.003006815465  0.004016247343  0.006036655951  0.011124049233  0.012147831712  0.000000000000  0.000000000000  0.012117204720  0.014155483770  0.000000000000  0.001001011348  0.000000000000  0.000000000000  0.002004050855  0.000000000000  0.006031232055  0.007035186158  
lophophorus_impejanus 0.004011095750  0.005021038815  0.006036655951  0.008065343984  0.013173735773  0.014201770227  0.002004050855  0.002004050855  0.014164710171  0.016209339509  0.002004050855  0.003009126759  0.002004050855  0.002004050855  0.000000000000  0.002004050855  0.008057823730  0.009061737538  
catreus_wallichi 0.002003019901  0.003006815465  0.004016247343  0.006036655951  0.011124049233  0.012147831712  0.000000000000  0.000000000000  0.012117204720  0.014155483770  0.000000000000  0.001001011348  0.000000000000  0.000000000000  0.002004050855  0.000000000000  0.006031232055  0.007035186158  
syrmaticus_ellioti 0.008047424869  0.009067212647  0.010092745686  0.012136066690  0.017281574065  0.018317124560  0.006031232055  0.006031232055  0.018271751648  0.020328633818  0.006031232055  0.007043490872  0.006031232055  0.006031232055  0.008057823730  0.006031232055  0.000000000000  0.013131742421  
alectoris_rufa 0.009055453560  0.008044552273  0.011096618869  0.013139898911  0.018285302384  0.019320831837  0.007035186158  0.007035186158  0.019281644937  0.021340563712  0.007035186158  0.008047424869  0.007035186158  0.007035186158  0.009061737538  0.007035186158  0.013131742421  0.000000000000  

