18
pavo_cristatus 0.000000000000  0.010099991238  0.012146930151  0.025600107292  0.020385301181  0.020385301181  0.020385301181  0.028741972964  0.020385301181  0.020385301181  0.020385301181  0.020385301181  0.020385301181  0.020385301181  0.027738094150  0.032965827972  0.028741972964  0.010099991238  
galgal4    0.010099991238  0.000000000000  0.002004397851  0.015204943945  0.010090493854  0.010090493854  0.010090493854  0.018290105568  0.010090493854  0.010090493854  0.010090493854  0.010090493854  0.010090493854  0.010090493854  0.017286537353  0.022433564529  0.018290105568  0.000000000000  
cyrtonyx_montezumae 0.012146930151  0.002004397851  0.000000000000  0.016236319041  0.011111575076  0.011111575076  0.011111575076  0.019327245894  0.011111575076  0.011111575076  0.011111575076  0.011111575076  0.011111575076  0.011111575076  0.018323874705  0.023478925336  0.019327245894  0.002004397851  
rollulus_rouloul 0.025600107292  0.015204943945  0.016236319041  0.000000000000  0.012146930151  0.012146930151  0.012146930151  0.020385301181  0.012146930151  0.012146930151  0.012146930151  0.012146930151  0.012146930151  0.012146930151  0.019384437307  0.024548620953  0.020385301181  0.015204943945  
tragopan_blythii 0.020385301181  0.010090493854  0.011111575076  0.012146930151  0.000000000000  0.000000000000  0.000000000000  0.008055163660  0.000000000000  0.000000000000  0.000000000000  0.000000000000  0.000000000000  0.000000000000  0.007054272140  0.012124738654  0.008055163660  0.010090493854  
crossoptilon_crossoptilon 0.020385301181  0.010090493854  0.011111575076  0.012146930151  0.000000000000  0.000000000000  0.000000000000  0.008055163660  0.000000000000  0.000000000000  0.000000000000  0.000000000000  0.000000000000  0.000000000000  0.007054272140  0.012124738654  0.008055163660  0.010090493854  
catreus_wallichi 0.020385301181  0.010090493854  0.011111575076  0.012146930151  0.000000000000  0.000000000000  0.000000000000  0.008055163660  0.000000000000  0.000000000000  0.000000000000  0.000000000000  0.000000000000  0.000000000000  0.007054272140  0.012124738654  0.008055163660  0.010090493854  
melgal2    0.028741972964  0.018290105568  0.019327245894  0.020385301181  0.008055163660  0.008055163660  0.008055163660  0.000000000000  0.008055163660  0.008055163660  0.008055163660  0.008055163660  0.008055163660  0.008055163660  0.015218913759  0.020350003315  0.016222873354  0.018290105568  
chrysolophus_pictus 0.020385301181  0.010090493854  0.011111575076  0.012146930151  0.000000000000  0.000000000000  0.000000000000  0.008055163660  0.000000000000  0.000000000000  0.000000000000  0.000000000000  0.000000000000  0.000000000000  0.007054272140  0.012124738654  0.008055163660  0.010090493854  
phasianus_colchicus 0.020385301181  0.010090493854  0.011111575076  0.012146930151  0.000000000000  0.000000000000  0.000000000000  0.008055163660  0.000000000000  0.000000000000  0.000000000000  0.000000000000  0.000000000000  0.000000000000  0.007054272140  0.012124738654  0.008055163660  0.010090493854  
lophophorus_impejanus 0.020385301181  0.010090493854  0.011111575076  0.012146930151  0.000000000000  0.000000000000  0.000000000000  0.008055163660  0.000000000000  0.000000000000  0.000000000000  0.000000000000  0.000000000000  0.000000000000  0.007054272140  0.012124738654  0.008055163660  0.010090493854  
lophura_swinhoii 0.020385301181  0.010090493854  0.011111575076  0.012146930151  0.000000000000  0.000000000000  0.000000000000  0.008055163660  0.000000000000  0.000000000000  0.000000000000  0.000000000000  0.000000000000  0.000000000000  0.007054272140  0.012124738654  0.008055163660  0.010090493854  
perdix_dauuricae 0.020385301181  0.010090493854  0.011111575076  0.012146930151  0.000000000000  0.000000000000  0.000000000000  0.008055163660  0.000000000000  0.000000000000  0.000000000000  0.000000000000  0.000000000000  0.000000000000  0.007054272140  0.012124738654  0.008055163660  0.010090493854  
lophura_nycthemera 0.020385301181  0.010090493854  0.011111575076  0.012146930151  0.000000000000  0.000000000000  0.000000000000  0.008055163660  0.000000000000  0.000000000000  0.000000000000  0.000000000000  0.000000000000  0.000000000000  0.007054272140  0.012124738654  0.008055163660  0.010090493854  
lophura_inornata 0.027738094150  0.017286537353  0.018323874705  0.019384437307  0.007054272140  0.007054272140  0.007054272140  0.015218913759  0.007054272140  0.007054272140  0.007054272140  0.007054272140  0.007054272140  0.007054272140  0.000000000000  0.019344511998  0.015218913759  0.017286537353  
syrmaticus_ellioti 0.032965827972  0.022433564529  0.023478925336  0.024548620953  0.012124738654  0.012124738654  0.012124738654  0.020350003315  0.012124738654  0.012124738654  0.012124738654  0.012124738654  0.012124738654  0.012124738654  0.019344511998  0.000000000000  0.010082764570  0.022433564529  
syrmaticus_reevesii 0.028741972964  0.018290105568  0.019327245894  0.020385301181  0.008055163660  0.008055163660  0.008055163660  0.016222873354  0.008055163660  0.008055163660  0.008055163660  0.008055163660  0.008055163660  0.008055163660  0.015218913759  0.010082764570  0.000000000000  0.018290105568  
alectoris_rufa 0.010099991238  0.000000000000  0.002004397851  0.015204943945  0.010090493854  0.010090493854  0.010090493854  0.018290105568  0.010090493854  0.010090493854  0.010090493854  0.010090493854  0.010090493854  0.010090493854  0.017286537353  0.022433564529  0.018290105568  0.000000000000  

