18
cyrtonyx_montezumae 0.000000000000  0.037126220340  0.040350040880  0.043414663623  0.045524122620  0.045603666460  0.039215758513  0.041311891016  0.040290220830  0.039215758513  0.039215758513  0.039215758513  0.039215758513  0.039215758513  0.039165689630  0.037126220340  0.041429563519  0.029708412721  
melgal2    0.037126220340  0.000000000000  0.014183028715  0.014136839334  0.019256916360  0.017217267274  0.011093269959  0.013123035174  0.012113574019  0.011093269959  0.011093269959  0.011093269959  0.011093269959  0.011093269959  0.011084882972  0.008053727771  0.012131064679  0.015178063315  
pavo_cristatus 0.040350040880  0.014183028715  0.000000000000  0.016196874552  0.021339642161  0.019303674534  0.013155930705  0.015187797538  0.015212368453  0.013155930705  0.013155930705  0.013155930705  0.013155930705  0.013155930705  0.013136090216  0.014183028715  0.018313936425  0.019303674534  
perdix_dauuricae 0.043414663623  0.014136839334  0.016196874552  0.000000000000  0.018228093221  0.015163711880  0.010075168484  0.012102858054  0.012113574019  0.010075168484  0.010075168484  0.010075168484  0.010075168484  0.010075168484  0.010069100444  0.015159100581  0.019270448985  0.022349161584  
tragopan_blythii 0.045524122620  0.019256916360  0.021339642161  0.018228093221  0.000000000000  0.020295084622  0.014145423880  0.016183582469  0.016196874552  0.014145423880  0.014145423880  0.014145423880  0.014145423880  0.014145423880  0.014136839334  0.019256916360  0.023394800534  0.025448508585  
chrysolophus_pictus 0.045603666460  0.017217267274  0.019303674534  0.015163711880  0.020295084622  0.000000000000  0.006025563577  0.008043962374  0.008048791512  0.006025563577  0.006025563577  0.006025563577  0.006025563577  0.006025563577  0.012107367735  0.017217267274  0.021351399716  0.024434969255  
catreus_wallichi 0.039215758513  0.011093269959  0.013155930705  0.010075168484  0.014145423880  0.006025563577  0.000000000000  0.002003064745  0.002004252771  0.000000000000  0.000000000000  0.000000000000  0.000000000000  0.000000000000  0.006028202514  0.011093269959  0.015187797538  0.018247407908  
syrmaticus_reevesii 0.041311891016  0.013123035174  0.015187797538  0.012102858054  0.016183582469  0.008043962374  0.002003064745  0.000000000000  0.004011339430  0.002003064745  0.002003064745  0.002003064745  0.002003064745  0.002003064745  0.008045535399  0.013123035174  0.017225955926  0.020295084622  
lophura_inornata 0.040290220830  0.012113574019  0.015212368453  0.012113574019  0.016196874552  0.008048791512  0.002004252771  0.004011339430  0.000000000000  0.002004252771  0.002004252771  0.002004252771  0.002004252771  0.002004252771  0.008053727771  0.012113574019  0.016217008078  0.019279803586  
lophura_swinhoii 0.039215758513  0.011093269959  0.013155930705  0.010075168484  0.014145423880  0.006025563577  0.000000000000  0.002003064745  0.002004252771  0.000000000000  0.000000000000  0.000000000000  0.000000000000  0.000000000000  0.006028202514  0.011093269959  0.015187797538  0.018247407908  
lophura_nycthemera 0.039215758513  0.011093269959  0.013155930705  0.010075168484  0.014145423880  0.006025563577  0.000000000000  0.002003064745  0.002004252771  0.000000000000  0.000000000000  0.000000000000  0.000000000000  0.000000000000  0.006028202514  0.011093269959  0.015187797538  0.018247407908  
phasianus_colchicus 0.039215758513  0.011093269959  0.013155930705  0.010075168484  0.014145423880  0.006025563577  0.000000000000  0.002003064745  0.002004252771  0.000000000000  0.000000000000  0.000000000000  0.000000000000  0.000000000000  0.006028202514  0.011093269959  0.015187797538  0.018247407908  
syrmaticus_ellioti 0.039215758513  0.011093269959  0.013155930705  0.010075168484  0.014145423880  0.006025563577  0.000000000000  0.002003064745  0.002004252771  0.000000000000  0.000000000000  0.000000000000  0.000000000000  0.000000000000  0.006028202514  0.011093269959  0.015187797538  0.018247407908  
crossoptilon_crossoptilon 0.039215758513  0.011093269959  0.013155930705  0.010075168484  0.014145423880  0.006025563577  0.000000000000  0.002003064745  0.002004252771  0.000000000000  0.000000000000  0.000000000000  0.000000000000  0.000000000000  0.006028202514  0.011093269959  0.015187797538  0.018247407908  
lophophorus_impejanus 0.039165689630  0.011084882972  0.013136090216  0.010069100444  0.014136839334  0.012107367735  0.006028202514  0.008045535399  0.008053727771  0.006028202514  0.006028202514  0.006028202514  0.006028202514  0.006028202514  0.000000000000  0.011084882972  0.015170033782  0.018232807676  
galgal4    0.037126220340  0.008053727771  0.014183028715  0.015159100581  0.019256916360  0.017217267274  0.011093269959  0.013123035174  0.012113574019  0.011093269959  0.011093269959  0.011093269959  0.011093269959  0.011093269959  0.011084882972  0.000000000000  0.012131064679  0.015178063315  
rollulus_rouloul 0.041429563519  0.012131064679  0.018313936425  0.019270448985  0.023394800534  0.021351399716  0.015187797538  0.017225955926  0.016217008078  0.015187797538  0.015187797538  0.015187797538  0.015187797538  0.015187797538  0.015170033782  0.012131064679  0.000000000000  0.019303674534  
alectoris_rufa 0.029708412721  0.015178063315  0.019303674534  0.022349161584  0.025448508585  0.024434969255  0.018247407908  0.020295084622  0.019279803586  0.018247407908  0.018247407908  0.018247407908  0.018247407908  0.018247407908  0.018232807676  0.015178063315  0.019303674534  0.000000000000  

