18
cyrtonyx_montezumae 0.000000000000  0.029741106358  0.026583106633  0.037188328183  0.026603515974  0.029718947360  0.032946307899  0.031883568940  0.028708846706  0.026603515974  0.032946307899  0.028708846706  0.035078590737  0.027655072533  0.028708846706  0.035021405111  0.026603515974  0.030774947036  
rollulus_rouloul 0.029741106358  0.000000000000  0.017263755810  0.025597491235  0.017279063557  0.021395182629  0.023522797716  0.022476742388  0.019351651689  0.017279063557  0.023522797716  0.019351651689  0.025621500942  0.018314283036  0.019351651689  0.027678162769  0.019318290078  0.024488807366  
perdix_dauuricae 0.026583106633  0.017263755810  0.000000000000  0.012124880856  0.002002757322  0.006024909829  0.008057352660  0.007043145070  0.004012815353  0.002002757322  0.008057352660  0.004012815353  0.010091964432  0.003006775614  0.004012815353  0.020355657299  0.014163514569  0.019291142914  
lophura_nycthemera 0.037188328183  0.025597491235  0.012124880856  0.000000000000  0.010091964432  0.014163514569  0.016245984363  0.015215036624  0.012134894633  0.010091964432  0.014186211562  0.012134894633  0.018314283036  0.011112385480  0.012134894633  0.030849529024  0.022436875067  0.029741106358  
melgal2    0.026603515974  0.017279063557  0.002002757322  0.010091964432  0.000000000000  0.004011050116  0.006036313846  0.005025184015  0.002004013252  0.000000000000  0.006036313846  0.002004013252  0.008064732485  0.001001001972  0.002004013252  0.020372641437  0.014174093257  0.019303938196  
chrysolophus_pictus 0.029718947360  0.021395182629  0.006024909829  0.014163514569  0.004011050116  0.000000000000  0.010084038018  0.009066733875  0.006027189503  0.004011050116  0.010084038018  0.006027189503  0.012124880856  0.005018102960  0.006027189503  0.024507018502  0.018269792102  0.023429389904  
catreus_wallichi 0.032946307899  0.023522797716  0.008057352660  0.016245984363  0.006036313846  0.010084038018  0.000000000000  0.007049493893  0.008064732485  0.006036313846  0.012146440725  0.008064732485  0.014199866510  0.007049493893  0.008064732485  0.026649049265  0.020372641437  0.025554167716  
lophophorus_impejanus 0.031883568940  0.022476742388  0.007043145070  0.015215036624  0.005025184015  0.009066733875  0.007049493893  0.000000000000  0.007049493893  0.005025184015  0.011122883614  0.007049493893  0.013172098810  0.006036313846  0.007049493893  0.025597491235  0.019334195565  0.024507018502  
tragopan_blythii 0.028708846706  0.019351651689  0.004012815353  0.012134894633  0.002004013252  0.006027189503  0.008064732485  0.007049493893  0.000000000000  0.002004013252  0.008064732485  0.004016096117  0.010101418887  0.003009041923  0.004016096117  0.022456030019  0.016231744153  0.021378673441  
crossoptilon_crossoptilon 0.026603515974  0.017279063557  0.002002757322  0.010091964432  0.000000000000  0.004011050116  0.006036313846  0.005025184015  0.002004013252  0.000000000000  0.006036313846  0.002004013252  0.008064732485  0.001001001972  0.002004013252  0.020372641437  0.014174093257  0.019303938196  
phasianus_colchicus 0.032946307899  0.023522797716  0.008057352660  0.014186211562  0.006036313846  0.010084038018  0.012146440725  0.011122883614  0.008064732485  0.006036313846  0.000000000000  0.006036313846  0.012146440725  0.005025184015  0.006036313846  0.026649049265  0.020372641437  0.025554167716  
lophura_swinhoii 0.028708846706  0.019351651689  0.004012815353  0.012134894633  0.002004013252  0.006027189503  0.008064732485  0.007049493893  0.004016096117  0.002004013252  0.006036313846  0.000000000000  0.008064732485  0.001001001972  0.002004013252  0.022456030019  0.016231744153  0.021378673441  
syrmaticus_reevesii 0.035078590737  0.025621500942  0.010091964432  0.018314283036  0.008064732485  0.012124880856  0.014199866510  0.013172098810  0.010101418887  0.008064732485  0.012146440725  0.008064732485  0.000000000000  0.007049493893  0.008064732485  0.028758827560  0.022456030019  0.027655072533  
syrmaticus_ellioti 0.027655072533  0.018314283036  0.003006775614  0.011112385480  0.001001001972  0.005018102960  0.007049493893  0.006036313846  0.003009041923  0.001001001972  0.005025184015  0.001001001972  0.007049493893  0.000000000000  0.001001001972  0.021413249913  0.015201859552  0.020340229005  
lophura_inornata 0.028708846706  0.019351651689  0.004012815353  0.012134894633  0.002004013252  0.006027189503  0.008064732485  0.007049493893  0.004016096117  0.002004013252  0.006036313846  0.002004013252  0.008064732485  0.001001001972  0.000000000000  0.022456030019  0.016231744153  0.021378673441  
galgal4    0.035021405111  0.027678162769  0.020355657299  0.030849529024  0.020372641437  0.024507018502  0.026649049265  0.025597491235  0.022456030019  0.020372641437  0.026649049265  0.022456030019  0.028758827560  0.021413249913  0.022456030019  0.000000000000  0.024507018502  0.029718947360  
pavo_cristatus 0.026603515974  0.019318290078  0.014163514569  0.022436875067  0.014174093257  0.018269792102  0.020372641437  0.019334195565  0.016231744153  0.014174093257  0.020372641437  0.016231744153  0.022456030019  0.015201859552  0.016231744153  0.024507018502  0.000000000000  0.019303938196  
alectoris_rufa 0.030774947036  0.024488807366  0.019291142914  0.029741106358  0.019303938196  0.023429389904  0.025554167716  0.024507018502  0.021378673441  0.019303938196  0.025554167716  0.021378673441  0.027655072533  0.020340229005  0.021378673441  0.029718947360  0.019303938196  0.000000000000  

