18
cyrtonyx_montezumae 0.000000000000  0.010078382005  0.023395338180  0.016200158793  0.022379403846  0.018260654002  0.018260654002  0.018260654002  0.018260654002  0.019294142384  0.019294142384  0.021341593174  0.022379403846  0.018260654002  0.018260654002  0.018260654002  0.020329803392  0.017219905825  
galgal4    0.010078382005  0.000000000000  0.013120393214  0.006027431033  0.012110442458  0.008052031163  0.008052031163  0.008052031163  0.008052031163  0.009067459923  0.011104617973  0.011090841451  0.012110442458  0.008052031163  0.008052031163  0.008052031163  0.010084985966  0.007035269356  
pavo_cristatus 0.023395338180  0.013120393214  0.000000000000  0.015156157051  0.021314563337  0.017205841846  0.017205841846  0.017205841846  0.017205841846  0.018233891056  0.020296447871  0.021314563337  0.022349057105  0.017205841846  0.017205841846  0.017205841846  0.019264090062  0.016176381700  
catreus_wallichi 0.016200158793  0.006027431033  0.015156157051  0.000000000000  0.006027431033  0.002004070701  0.002004070701  0.002004070701  0.002004070701  0.003009171533  0.005025545996  0.006027431033  0.007038691058  0.002004070701  0.002004070701  0.002004070701  0.004016327158  0.009055544475  
phasianus_colchicus 0.022379403846  0.012110442458  0.021314563337  0.006027431033  0.000000000000  0.004011117187  0.004011117187  0.004011117187  0.004011117187  0.005018242566  0.007038691058  0.008044638780  0.009057948267  0.004011117187  0.004011117187  0.004011117187  0.006027431033  0.015160225358  
syrmaticus_ellioti 0.018260654002  0.008052031163  0.017205841846  0.002004070701  0.004011117187  0.000000000000  0.000000000000  0.000000000000  0.000000000000  0.001001016296  0.003009171533  0.004011117187  0.005018242566  0.000000000000  0.000000000000  0.000000000000  0.002004070701  0.011086311917  
lophura_nycthemera 0.018260654002  0.008052031163  0.017205841846  0.002004070701  0.004011117187  0.000000000000  0.000000000000  0.000000000000  0.000000000000  0.001001016296  0.003009171533  0.004011117187  0.005018242566  0.000000000000  0.000000000000  0.000000000000  0.002004070701  0.011086311917  
lophura_swinhoii 0.018260654002  0.008052031163  0.017205841846  0.002004070701  0.004011117187  0.000000000000  0.000000000000  0.000000000000  0.000000000000  0.001001016296  0.003009171533  0.004011117187  0.005018242566  0.000000000000  0.000000000000  0.000000000000  0.002004070701  0.011086311917  
crossoptilon_crossoptilon 0.018260654002  0.008052031163  0.017205841846  0.002004070701  0.004011117187  0.000000000000  0.000000000000  0.000000000000  0.000000000000  0.001001016296  0.003009171533  0.004011117187  0.005018242566  0.000000000000  0.000000000000  0.000000000000  0.002004070701  0.011086311917  
tragopan_blythii 0.019294142384  0.009067459923  0.018233891056  0.003009171533  0.005018242566  0.001001016296  0.001001016296  0.001001016296  0.001001016296  0.000000000000  0.004016327158  0.005018242566  0.006027431033  0.001001016296  0.001001016296  0.001001016296  0.003009171533  0.012104843449  
lophura_inornata 0.019294142384  0.011104617973  0.020296447871  0.005025545996  0.007038691058  0.003009171533  0.003009171533  0.003009171533  0.003009171533  0.004016327158  0.000000000000  0.007038691058  0.008052031163  0.003009171533  0.003009171533  0.003009171533  0.005025545996  0.014148245673  
rollulus_rouloul 0.021341593174  0.011090841451  0.021314563337  0.006027431033  0.008044638780  0.004011117187  0.004011117187  0.004011117187  0.004011117187  0.005018242566  0.007038691058  0.000000000000  0.005018242566  0.004011117187  0.004011117187  0.004011117187  0.006027431033  0.015160225358  
melgal2    0.022379403846  0.012110442458  0.022349057105  0.007038691058  0.009057948267  0.005018242566  0.005018242566  0.005018242566  0.005018242566  0.006027431033  0.008052031163  0.005018242566  0.000000000000  0.005018242566  0.005018242566  0.005018242566  0.007038691058  0.016185082307  
chrysolophus_pictus 0.018260654002  0.008052031163  0.017205841846  0.002004070701  0.004011117187  0.000000000000  0.000000000000  0.000000000000  0.000000000000  0.001001016296  0.003009171533  0.004011117187  0.005018242566  0.000000000000  0.000000000000  0.000000000000  0.002004070701  0.011086311917  
perdix_dauuricae 0.018260654002  0.008052031163  0.017205841846  0.002004070701  0.004011117187  0.000000000000  0.000000000000  0.000000000000  0.000000000000  0.001001016296  0.003009171533  0.004011117187  0.005018242566  0.000000000000  0.000000000000  0.000000000000  0.002004070701  0.011086311917  
syrmaticus_reevesii 0.018260654002  0.008052031163  0.017205841846  0.002004070701  0.004011117187  0.000000000000  0.000000000000  0.000000000000  0.000000000000  0.001001016296  0.003009171533  0.004011117187  0.005018242566  0.000000000000  0.000000000000  0.000000000000  0.002004070701  0.011086311917  
lophophorus_impejanus 0.020329803392  0.010084985966  0.019264090062  0.004016327158  0.006027431033  0.002004070701  0.002004070701  0.002004070701  0.002004070701  0.003009171533  0.005025545996  0.006027431033  0.007038691058  0.002004070701  0.002004070701  0.002004070701  0.000000000000  0.013125485114  
alectoris_rufa 0.017219905825  0.007035269356  0.016176381700  0.009055544475  0.015160225358  0.011086311917  0.011086311917  0.011086311917  0.011086311917  0.012104843449  0.014148245673  0.015160225358  0.016185082307  0.011086311917  0.011086311917  0.011086311917  0.013125485114  0.000000000000  

