18
cyrtonyx_montezumae 0.000000000000  0.024587827144  0.021442612194  0.025614897676  0.028756736983  0.025614897676  0.022488650884  0.024587827144  0.024563017505  0.021442612194  0.023537052301  0.021442612194  0.025640986182  0.032950722408  0.017281873269  0.011132441412  0.027650517543  0.026696540261  
tragopan_blythii 0.024587827144  0.000000000000  0.003009737042  0.007045971448  0.010089138039  0.007045971448  0.004017335335  0.006039117728  0.006032954228  0.003009737042  0.006039117728  0.003009737042  0.015215407274  0.022410153413  0.020361177767  0.015215407274  0.030774351416  0.027698949721  
lophura_swinhoii 0.021442612194  0.003009737042  0.000000000000  0.004013528501  0.007040334038  0.004013528501  0.001001078779  0.003009737042  0.003007100879  0.000000000000  0.003009737042  0.000000000000  0.012132856818  0.019294100778  0.017251585156  0.012132856818  0.027609225681  0.024539975397  
crossoptilon_crossoptilon 0.025614897676  0.007045971448  0.004013528501  0.000000000000  0.003007100879  0.000000000000  0.003007100879  0.005022143109  0.007040334038  0.004013528501  0.007045971448  0.004013528501  0.016232706702  0.023437041557  0.021384867310  0.016232706702  0.031811101051  0.028730339612  
catreus_wallichi 0.028756736983  0.010089138039  0.007040334038  0.003007100879  0.000000000000  0.003007100879  0.006028500108  0.008054378539  0.010081642930  0.007040334038  0.010089138039  0.007040334038  0.019322330435  0.026558961980  0.024499204704  0.019322330435  0.033911591255  0.031885828502  
phasianus_colchicus 0.025614897676  0.007045971448  0.004013528501  0.000000000000  0.003007100879  0.000000000000  0.003007100879  0.005022143109  0.007040334038  0.004013528501  0.007045971448  0.004013528501  0.016232706702  0.023437041557  0.021384867310  0.016232706702  0.031811101051  0.028730339612  
lophura_nycthemera 0.022488650884  0.004017335335  0.001001078779  0.003007100879  0.006028500108  0.003007100879  0.000000000000  0.002004321335  0.004013528501  0.001001078779  0.004017335335  0.001001078779  0.013158100661  0.020330462357  0.018285803011  0.013158100661  0.028661871256  0.025590579804  
lophura_inornata 0.024587827144  0.006039117728  0.003009737042  0.005022143109  0.008054378539  0.005022143109  0.002004321335  0.000000000000  0.006032954228  0.003009737042  0.006039117728  0.003009737042  0.015215407274  0.022410153413  0.020361177767  0.015215407274  0.030774351416  0.027698949721  
perdix_dauuricae 0.024563017505  0.006032954228  0.003007100879  0.007040334038  0.010081642930  0.007040334038  0.004013528501  0.006032954228  0.000000000000  0.003007100879  0.006032954228  0.003007100879  0.015201851944  0.022394946374  0.020344939612  0.015201851944  0.030752539761  0.027673842475  
syrmaticus_reevesii 0.021442612194  0.003009737042  0.000000000000  0.004013528501  0.007040334038  0.004013528501  0.001001078779  0.003009737042  0.003007100879  0.000000000000  0.003009737042  0.000000000000  0.012132856818  0.019294100778  0.017251585156  0.012132856818  0.027609225681  0.024539975397  
syrmaticus_ellioti 0.023537052301  0.006039117728  0.003009737042  0.007045971448  0.010089138039  0.007045971448  0.004017335335  0.006039117728  0.006032954228  0.003009737042  0.000000000000  0.003009737042  0.015215407274  0.021369143101  0.019322330435  0.014185614122  0.029716909534  0.026643567632  
chrysolophus_pictus 0.021442612194  0.003009737042  0.000000000000  0.004013528501  0.007040334038  0.004013528501  0.001001078779  0.003009737042  0.003007100879  0.000000000000  0.003009737042  0.000000000000  0.012132856818  0.019294100778  0.017251585156  0.012132856818  0.027609225681  0.024539975397  
lophophorus_impejanus 0.025640986182  0.015215407274  0.012132856818  0.016232706702  0.019322330435  0.016232706702  0.013158100661  0.015215407274  0.015201851944  0.012132856818  0.015215407274  0.012132856818  0.000000000000  0.019294100778  0.023491743646  0.016247490254  0.031834207880  0.028756736983  
melgal2    0.032950722408  0.022410153413  0.019294100778  0.023437041557  0.026558961980  0.023437041557  0.020330462357  0.022410153413  0.022394946374  0.019294100778  0.021369143101  0.019294100778  0.019294100778  0.000000000000  0.030774351416  0.023453503766  0.039203367606  0.036098001741  
galgal4    0.017281873269  0.020361177767  0.017251585156  0.021384867310  0.024499204704  0.021384867310  0.018285803011  0.020361177767  0.020344939612  0.017251585156  0.019322330435  0.017251585156  0.023491743646  0.030774351416  0.000000000000  0.010089138039  0.026558961980  0.025590579804  
rollulus_rouloul 0.011132441412  0.015215407274  0.012132856818  0.016232706702  0.019322330435  0.016232706702  0.013158100661  0.015215407274  0.015201851944  0.012132856818  0.014185614122  0.012132856818  0.016247490254  0.023453503766  0.010089138039  0.000000000000  0.018260048032  0.017281873269  
pavo_cristatus 0.027650517543  0.030774351416  0.027609225681  0.031811101051  0.033911591255  0.031811101051  0.028661871256  0.030774351416  0.030752539761  0.027609225681  0.029716909534  0.027609225681  0.031834207880  0.039203367606  0.026558961980  0.018260048032  0.000000000000  0.028705727699  
alectoris_rufa 0.026696540261  0.027698949721  0.024539975397  0.028730339612  0.031885828502  0.028730339612  0.025590579804  0.027698949721  0.027673842475  0.024539975397  0.026643567632  0.024539975397  0.028756736983  0.036098001741  0.025590579804  0.017281873269  0.028705727699  0.000000000000  

