18
galgal4    0.000000000000  0.005022151236  0.005022151236  0.006028554530  0.011120205203  0.015201924399  0.007045960653  0.005022151236  0.005022151236  0.005022151236  0.005022151236  0.005022151236  0.005022151236  0.005022151236  0.005022151236  0.008049389775  0.005022151236  0.005022151236  
melgal2    0.005022151236  0.000000000000  0.000000000000  0.001000774509  0.006039057577  0.010089170399  0.003009722134  0.000000000000  0.000000000000  0.000000000000  0.000000000000  0.000000000000  0.000000000000  0.000000000000  0.000000000000  0.003006201582  0.000000000000  0.000000000000  
lophura_swinhoii 0.005022151236  0.000000000000  0.000000000000  0.001000774509  0.006039057577  0.010089170399  0.003009722134  0.000000000000  0.000000000000  0.000000000000  0.000000000000  0.000000000000  0.000000000000  0.000000000000  0.000000000000  0.003006201582  0.000000000000  0.000000000000  
rollulus_rouloul 0.006028554530  0.001000774509  0.001000774509  0.000000000000  0.007045960653  0.011101296075  0.004013541013  0.001000774509  0.001000774509  0.001000774509  0.001000774509  0.001000774509  0.001000774509  0.001000774509  0.001000774509  0.004011101072  0.001000774509  0.001000774509  
lophophorus_impejanus 0.011120205203  0.006039057577  0.006039057577  0.007045960653  0.000000000000  0.016247384832  0.009088263632  0.006039057577  0.006039057577  0.006039057577  0.006039057577  0.006039057577  0.006039057577  0.006039057577  0.006039057577  0.009070686295  0.006039057577  0.006039057577  
pavo_cristatus 0.015201924399  0.010089170399  0.010089170399  0.011101296075  0.016247384832  0.000000000000  0.013158080156  0.010089170399  0.010089170399  0.010089170399  0.010089170399  0.010089170399  0.010089170399  0.010089170399  0.010089170399  0.013137825406  0.010089170399  0.010089170399  
chrysolophus_pictus 0.007045960653  0.003009722134  0.003009722134  0.004013541013  0.009088263632  0.013158080156  0.000000000000  0.003009722134  0.003009722134  0.003009722134  0.003009722134  0.003009722134  0.003009722134  0.003009722134  0.003009722134  0.006028554530  0.003009722134  0.003009722134  
syrmaticus_reevesii 0.005022151236  0.000000000000  0.000000000000  0.001000774509  0.006039057577  0.010089170399  0.003009722134  0.000000000000  0.000000000000  0.000000000000  0.000000000000  0.000000000000  0.000000000000  0.000000000000  0.000000000000  0.003006201582  0.000000000000  0.000000000000  
cyrtonyx_montezumae 0.005022151236  0.000000000000  0.000000000000  0.001000774509  0.006039057577  0.010089170399  0.003009722134  0.000000000000  0.000000000000  0.000000000000  0.000000000000  0.000000000000  0.000000000000  0.000000000000  0.000000000000  0.003006201582  0.000000000000  0.000000000000  
syrmaticus_ellioti 0.005022151236  0.000000000000  0.000000000000  0.001000774509  0.006039057577  0.010089170399  0.003009722134  0.000000000000  0.000000000000  0.000000000000  0.000000000000  0.000000000000  0.000000000000  0.000000000000  0.000000000000  0.003006201582  0.000000000000  0.000000000000  
catreus_wallichi 0.005022151236  0.000000000000  0.000000000000  0.001000774509  0.006039057577  0.010089170399  0.003009722134  0.000000000000  0.000000000000  0.000000000000  0.000000000000  0.000000000000  0.000000000000  0.000000000000  0.000000000000  0.003006201582  0.000000000000  0.000000000000  
perdix_dauuricae 0.005022151236  0.000000000000  0.000000000000  0.001000774509  0.006039057577  0.010089170399  0.003009722134  0.000000000000  0.000000000000  0.000000000000  0.000000000000  0.000000000000  0.000000000000  0.000000000000  0.000000000000  0.003006201582  0.000000000000  0.000000000000  
lophura_nycthemera 0.005022151236  0.000000000000  0.000000000000  0.001000774509  0.006039057577  0.010089170399  0.003009722134  0.000000000000  0.000000000000  0.000000000000  0.000000000000  0.000000000000  0.000000000000  0.000000000000  0.000000000000  0.003006201582  0.000000000000  0.000000000000  
crossoptilon_crossoptilon 0.005022151236  0.000000000000  0.000000000000  0.001000774509  0.006039057577  0.010089170399  0.003009722134  0.000000000000  0.000000000000  0.000000000000  0.000000000000  0.000000000000  0.000000000000  0.000000000000  0.000000000000  0.003006201582  0.000000000000  0.000000000000  
tragopan_blythii 0.005022151236  0.000000000000  0.000000000000  0.001000774509  0.006039057577  0.010089170399  0.003009722134  0.000000000000  0.000000000000  0.000000000000  0.000000000000  0.000000000000  0.000000000000  0.000000000000  0.000000000000  0.003006201582  0.000000000000  0.000000000000  
phasianus_colchicus 0.008049389775  0.003006201582  0.003006201582  0.004011101072  0.009070686295  0.013137825406  0.006028554530  0.003006201582  0.003006201582  0.003006201582  0.003006201582  0.003006201582  0.003006201582  0.003006201582  0.003006201582  0.000000000000  0.003006201582  0.003006201582  
lophura_inornata 0.005022151236  0.000000000000  0.000000000000  0.001000774509  0.006039057577  0.010089170399  0.003009722134  0.000000000000  0.000000000000  0.000000000000  0.000000000000  0.000000000000  0.000000000000  0.000000000000  0.000000000000  0.003006201582  0.000000000000  0.000000000000  
alectoris_rufa 0.005022151236  0.000000000000  0.000000000000  0.001000774509  0.006039057577  0.010089170399  0.003009722134  0.000000000000  0.000000000000  0.000000000000  0.000000000000  0.000000000000  0.000000000000  0.000000000000  0.000000000000  0.003006201582  0.000000000000  0.000000000000  

