18
galgal4    0.000000000000  0.056459201461  0.069599476081  0.069558172071  0.072944348399  0.059702736221  0.058595271735  0.074078191433  0.074078191433  0.067524471526  0.061966122367  0.069687259518  0.059665831225  0.067434897123  0.061925054599  0.149050692007  0.108710352874  0.067524471526  
pavo_cristatus 0.056459201461  0.000000000000  0.035948816120  0.033814730554  0.036992772382  0.024443632468  0.023403034332  0.039085563733  0.039085563733  0.032807530655  0.027563330346  0.033865754626  0.025473429873  0.031751542614  0.027578490236  0.114475386759  0.077399845823  0.035915163026  
perdix_dauuricae 0.069599476081  0.035948816120  0.000000000000  0.030682504809  0.031735156161  0.019279914506  0.018247910484  0.033814730554  0.033814730554  0.027578490236  0.022375899419  0.028627827732  0.019270260484  0.027549762053  0.024443632468  0.126288566587  0.088611754354  0.042209464049  
melgal2    0.069558172071  0.033814730554  0.030682504809  0.000000000000  0.030668833361  0.019270260484  0.018239321303  0.031695652397  0.031695652397  0.025473429873  0.020294176965  0.026517287708  0.020294176965  0.027537788489  0.024431747733  0.126213933807  0.087502324345  0.044332687200  
lophophorus_impejanus 0.072944348399  0.036992772382  0.031735156161  0.030668833361  0.000000000000  0.014147000077  0.013124496854  0.028572360562  0.028572360562  0.022375899419  0.017218033075  0.023415415805  0.015164623161  0.022354874392  0.025473429873  0.123750673398  0.090884495726  0.045403374832  
catreus_wallichi 0.059702736221  0.024443632468  0.019279914506  0.019270260484  0.014147000077  0.000000000000  0.001001001777  0.016183800913  0.016183800913  0.010084030272  0.005020882796  0.011103406458  0.003006775960  0.010072791937  0.013130926409  0.114334986332  0.075041219168  0.032726728768  
crossoptilon_crossoptilon 0.058595271735  0.023403034332  0.018247910484  0.018239321303  0.013124496854  0.001001001777  0.000000000000  0.015159202319  0.015159202319  0.009066729026  0.004012814776  0.010084030272  0.002002758198  0.009057558050  0.012109467661  0.113124240772  0.076175060083  0.031677394900  
lophura_nycthemera 0.074078191433  0.039085563733  0.033814730554  0.031695652397  0.028572360562  0.016183800913  0.015159202319  0.000000000000  0.000000000000  0.010069479266  0.011082941422  0.019255657646  0.017204538612  0.024412735700  0.027537788489  0.127303673761  0.092048708036  0.047522610412  
lophura_inornata 0.074078191433  0.039085563733  0.033814730554  0.031695652397  0.028572360562  0.016183800913  0.015159202319  0.000000000000  0.000000000000  0.010069479266  0.011082941422  0.019255657646  0.017204538612  0.024412735700  0.027537788489  0.127303673761  0.092048708036  0.047522610412  
lophura_swinhoii 0.067524471526  0.032807530655  0.027578490236  0.025473429873  0.022375899419  0.010084030272  0.009066729026  0.010069479266  0.010069479266  0.000000000000  0.005020882796  0.013130926409  0.011095980530  0.018247910484  0.021350337644  0.120285448841  0.086394692688  0.041169772716  
syrmaticus_reevesii 0.061966122367  0.027563330346  0.022375899419  0.020294176965  0.017218033075  0.005020882796  0.004012814776  0.011082941422  0.011082941422  0.005020882796  0.000000000000  0.008047172579  0.006027190881  0.013124496854  0.016198303844  0.115479846015  0.080690873421  0.035876887586  
chrysolophus_pictus 0.069687259518  0.033865754626  0.028627827732  0.026517287708  0.023415415805  0.011103406458  0.010084030272  0.019255657646  0.019255657646  0.013130926409  0.008047172579  0.000000000000  0.012116396934  0.019279914506  0.022388774527  0.122739641001  0.085239893883  0.042237032144  
syrmaticus_ellioti 0.059665831225  0.025473429873  0.019270260484  0.020294176965  0.015164623161  0.003006775960  0.002002758198  0.017204538612  0.017204538612  0.011095980530  0.006027190881  0.012116396934  0.000000000000  0.011085744930  0.014147000077  0.115479846015  0.078407649976  0.033769368565  
phasianus_colchicus 0.067434897123  0.031751542614  0.027549762053  0.027537788489  0.022354874392  0.010072791937  0.009057558050  0.024412735700  0.024412735700  0.018247910484  0.013124496854  0.019279914506  0.011085744930  0.000000000000  0.019262173821  0.122739641001  0.084087757224  0.040104787521  
tragopan_blythii 0.061925054599  0.027578490236  0.024443632468  0.024431747733  0.025473429873  0.013130926409  0.012109467661  0.027537788489  0.027537788489  0.021350337644  0.016198303844  0.022388774527  0.014147000077  0.019262173821  0.000000000000  0.117984921729  0.075041219168  0.035888014528  
cyrtonyx_montezumae 0.149050692007  0.114475386759  0.126288566587  0.126213933807  0.123750673398  0.114334986332  0.113124240772  0.127303673761  0.127303673761  0.120285448841  0.115479846015  0.122739641001  0.115479846015  0.122739641001  0.117984921729  0.000000000000  0.152425310147  0.125053894971  
rollulus_rouloul 0.108710352874  0.077399845823  0.088611754354  0.087502324345  0.090884495726  0.075041219168  0.076175060083  0.092048708036  0.092048708036  0.086394692688  0.080690873421  0.085239893883  0.078407649976  0.084087757224  0.075041219168  0.152425310147  0.000000000000  0.088611754354  
alectoris_rufa 0.067524471526  0.035915163026  0.042209464049  0.044332687200  0.045403374832  0.032726728768  0.031677394900  0.047522610412  0.047522610412  0.041169772716  0.035876887586  0.042237032144  0.033769368565  0.040104787521  0.035888014528  0.125053894971  0.088611754354  0.000000000000  

