18
galgal4    0.000000000000  0.022364953276  0.033810863857  0.026498057565  0.026507891917  0.026507891917  0.026507891917  0.031704616406  0.026507891917  0.029625539366  0.026507891917  0.027553164883  0.026507891917  0.023393726833  0.031741380279  0.032796954409  0.022375320652  0.020302566831  
pavo_cristatus 0.022364953276  0.000000000000  0.012099931028  0.004011135646  0.004011348956  0.004011348956  0.004011348956  0.009056055205  0.004011348956  0.007034145018  0.004011348956  0.005018613572  0.004011348956  0.001000784061  0.009063202231  0.010080029061  0.004013225830  0.002002831750  
cyrtonyx_montezumae 0.033810863857  0.012099931028  0.000000000000  0.014136288407  0.014137483790  0.014137483790  0.014137483790  0.019252334990  0.014137483790  0.017202648871  0.014137483790  0.015159513430  0.014137483790  0.011083926383  0.019262646469  0.020294522083  0.016180265246  0.014136288407  
tragopan_blythii 0.026498057565  0.004011135646  0.014136288407  0.000000000000  0.006025584769  0.006025584769  0.006025584769  0.011083926383  0.006025584769  0.009056752904  0.006025584769  0.007035989129  0.006025584769  0.003006194013  0.011092708421  0.012112734984  0.008045572640  0.006024844524  
phasianus_colchicus 0.026507891917  0.004011348956  0.014137483790  0.006025584769  0.000000000000  0.000000000000  0.000000000000  0.005017662232  0.000000000000  0.003006194013  0.000000000000  0.001001043307  0.000000000000  0.003006976076  0.009063202231  0.010080029061  0.008048525278  0.006025584769  
lophura_nycthemera 0.026507891917  0.004011348956  0.014137483790  0.006025584769  0.000000000000  0.000000000000  0.000000000000  0.005017662232  0.000000000000  0.003006194013  0.000000000000  0.001001043307  0.000000000000  0.003006976076  0.009063202231  0.010080029061  0.008048525278  0.006025584769  
lophura_inornata 0.026507891917  0.004011348956  0.014137483790  0.006025584769  0.000000000000  0.000000000000  0.000000000000  0.005017662232  0.000000000000  0.003006194013  0.000000000000  0.001001043307  0.000000000000  0.003006976076  0.009063202231  0.010080029061  0.008048525278  0.006025584769  
lophura_swinhoii 0.031704616406  0.009056055205  0.019252334990  0.011083926383  0.005017662232  0.005017662232  0.005017662232  0.000000000000  0.005017662232  0.006024844524  0.005017662232  0.006024844524  0.005017662232  0.008044299943  0.013119402785  0.015163549148  0.013119402785  0.011083926383  
crossoptilon_crossoptilon 0.026507891917  0.004011348956  0.014137483790  0.006025584769  0.000000000000  0.000000000000  0.000000000000  0.005017662232  0.000000000000  0.003006194013  0.000000000000  0.001001043307  0.000000000000  0.003006976076  0.009063202231  0.010080029061  0.008048525278  0.006025584769  
catreus_wallichi 0.029625539366  0.007034145018  0.017202648871  0.009056752904  0.003006194013  0.003006194013  0.003006194013  0.006024844524  0.003006194013  0.000000000000  0.003006194013  0.004011348956  0.003006194013  0.006025584769  0.011088089253  0.013128060256  0.011088089253  0.009056752904  
syrmaticus_ellioti 0.026507891917  0.004011348956  0.014137483790  0.006025584769  0.000000000000  0.000000000000  0.000000000000  0.005017662232  0.000000000000  0.003006194013  0.000000000000  0.001001043307  0.000000000000  0.003006976076  0.009063202231  0.010080029061  0.008048525278  0.006025584769  
syrmaticus_reevesii 0.027553164883  0.005018613572  0.015159513430  0.007035989129  0.001001043307  0.001001043307  0.001001043307  0.006024844524  0.001001043307  0.004011348956  0.001001043307  0.000000000000  0.001001043307  0.004013225830  0.010080029061  0.011099014896  0.009063202231  0.007035989129  
chrysolophus_pictus 0.026507891917  0.004011348956  0.014137483790  0.006025584769  0.000000000000  0.000000000000  0.000000000000  0.005017662232  0.000000000000  0.003006194013  0.000000000000  0.001001043307  0.000000000000  0.003006976076  0.009063202231  0.010080029061  0.008048525278  0.006025584769  
melgal2    0.023393726833  0.001000784061  0.011083926383  0.003006194013  0.003006976076  0.003006976076  0.003006976076  0.008044299943  0.003006976076  0.006025584769  0.003006976076  0.004013225830  0.003006976076  0.000000000000  0.008053154486  0.009068947104  0.005018613572  0.003006194013  
perdix_dauuricae 0.031741380279  0.009063202231  0.019262646469  0.011092708421  0.009063202231  0.009063202231  0.009063202231  0.013119402785  0.009063202231  0.011088089253  0.009063202231  0.010080029061  0.009063202231  0.008053154486  0.000000000000  0.015185887610  0.013134934177  0.011092708421  
lophophorus_impejanus 0.032796954409  0.010080029061  0.020294522083  0.012112734984  0.010080029061  0.010080029061  0.010080029061  0.015163549148  0.010080029061  0.013128060256  0.010080029061  0.011099014896  0.010080029061  0.009068947104  0.015185887610  0.000000000000  0.014159315274  0.012112734984  
rollulus_rouloul 0.022375320652  0.004013225830  0.016180265246  0.008045572640  0.008048525278  0.008048525278  0.008048525278  0.013119402785  0.008048525278  0.011088089253  0.008048525278  0.009063202231  0.008048525278  0.005018613572  0.013134934177  0.014159315274  0.000000000000  0.002004179046  
alectoris_rufa 0.020302566831  0.002002831750  0.014136288407  0.006024844524  0.006025584769  0.006025584769  0.006025584769  0.011083926383  0.006025584769  0.009056752904  0.006025584769  0.007035989129  0.006025584769  0.003006194013  0.011092708421  0.012112734984  0.002004179046  0.000000000000  

