18
cyrtonyx_montezumae 0.000000000000  0.006036297905  0.013172022537  0.016261649106  0.013172022537  0.022498785330  0.018332059956  0.013172022537  0.013172022537  0.021432687311  0.013172022537  0.019351502456  0.013172022537  0.013172022537  0.006036297905  0.007049472136  0.006036297905  0.006036297905  
pavo_cristatus 0.006036297905  0.000000000000  0.007049472136  0.010101374122  0.007049472136  0.016261649106  0.012146375913  0.007049472136  0.007049472136  0.015214946924  0.007049472136  0.013159434625  0.007049472136  0.007049472136  0.000000000000  0.001001001535  0.000000000000  0.000000000000  
lophura_swinhoii 0.013172022537  0.007049472136  0.000000000000  0.003009037970  0.000000000000  0.009082001844  0.005025172974  0.000000000000  0.000000000000  0.008057329806  0.000000000000  0.006030979668  0.000000000000  0.000000000000  0.007049472136  0.008064703991  0.007049472136  0.007049472136  
lophura_inornata 0.016261649106  0.010101374122  0.003009037970  0.000000000000  0.003009037970  0.012146375913  0.008064703991  0.003009037970  0.003009037970  0.011112339671  0.003009037970  0.009073593406  0.003009037970  0.003009037970  0.010101374122  0.011122829302  0.010101374122  0.010101374122  
lophura_nycthemera 0.013172022537  0.007049472136  0.000000000000  0.003009037970  0.000000000000  0.009082001844  0.005025172974  0.000000000000  0.000000000000  0.008057329806  0.000000000000  0.006030979668  0.000000000000  0.000000000000  0.007049472136  0.008064703991  0.007049472136  0.007049472136  
lophophorus_impejanus 0.022498785330  0.016261649106  0.009082001844  0.012146375913  0.009082001844  0.000000000000  0.004016089070  0.009082001844  0.009082001844  0.017278946077  0.009082001844  0.015214946924  0.009082001844  0.009082001844  0.016261649106  0.017295782668  0.016261649106  0.016261649106  
tragopan_blythii 0.018332059956  0.012146375913  0.005025172974  0.008064703991  0.005025172974  0.004016089070  0.000000000000  0.005025172974  0.005025172974  0.013159434625  0.005025172974  0.011112339671  0.005025172974  0.005025172974  0.012146375913  0.013172022537  0.012146375913  0.012146375913  
crossoptilon_crossoptilon 0.013172022537  0.007049472136  0.000000000000  0.003009037970  0.000000000000  0.009082001844  0.005025172974  0.000000000000  0.000000000000  0.008057329806  0.000000000000  0.006030979668  0.000000000000  0.000000000000  0.007049472136  0.008064703991  0.007049472136  0.007049472136  
phasianus_colchicus 0.013172022537  0.007049472136  0.000000000000  0.003009037970  0.000000000000  0.009082001844  0.005025172974  0.000000000000  0.000000000000  0.008057329806  0.000000000000  0.006030979668  0.000000000000  0.000000000000  0.007049472136  0.008064703991  0.007049472136  0.007049472136  
perdix_dauuricae 0.021432687311  0.015214946924  0.008057329806  0.011112339671  0.008057329806  0.017278946077  0.013159434625  0.008057329806  0.008057329806  0.000000000000  0.008057329806  0.014174023833  0.008057329806  0.008057329806  0.015214946924  0.016245881266  0.015214946924  0.015214946924  
melgal2    0.013172022537  0.007049472136  0.000000000000  0.003009037970  0.000000000000  0.009082001844  0.005025172974  0.000000000000  0.000000000000  0.008057329806  0.000000000000  0.006030979668  0.000000000000  0.000000000000  0.007049472136  0.008064703991  0.007049472136  0.007049472136  
chrysolophus_pictus 0.019351502456  0.013159434625  0.006030979668  0.009073593406  0.006030979668  0.015214946924  0.011112339671  0.006030979668  0.006030979668  0.014174023833  0.006030979668  0.000000000000  0.006030979668  0.006030979668  0.013159434625  0.014186134282  0.013159434625  0.013159434625  
catreus_wallichi 0.013172022537  0.007049472136  0.000000000000  0.003009037970  0.000000000000  0.009082001844  0.005025172974  0.000000000000  0.000000000000  0.008057329806  0.000000000000  0.006030979668  0.000000000000  0.000000000000  0.007049472136  0.008064703991  0.007049472136  0.007049472136  
syrmaticus_reevesii 0.013172022537  0.007049472136  0.000000000000  0.003009037970  0.000000000000  0.009082001844  0.005025172974  0.000000000000  0.000000000000  0.008057329806  0.000000000000  0.006030979668  0.000000000000  0.000000000000  0.007049472136  0.008064703991  0.007049472136  0.007049472136  
syrmaticus_ellioti 0.006036297905  0.000000000000  0.007049472136  0.010101374122  0.007049472136  0.016261649106  0.012146375913  0.007049472136  0.007049472136  0.015214946924  0.007049472136  0.013159434625  0.007049472136  0.007049472136  0.000000000000  0.001001001535  0.000000000000  0.000000000000  
rollulus_rouloul 0.007049472136  0.001001001535  0.008064703991  0.011122829302  0.008064703991  0.017295782668  0.013172022537  0.008064703991  0.008064703991  0.016245881266  0.008064703991  0.014186134282  0.008064703991  0.008064703991  0.001001001535  0.000000000000  0.001001001535  0.001001001535  
galgal4    0.006036297905  0.000000000000  0.007049472136  0.010101374122  0.007049472136  0.016261649106  0.012146375913  0.007049472136  0.007049472136  0.015214946924  0.007049472136  0.013159434625  0.007049472136  0.007049472136  0.000000000000  0.001001001535  0.000000000000  0.000000000000  
alectoris_rufa 0.006036297905  0.000000000000  0.007049472136  0.010101374122  0.007049472136  0.016261649106  0.012146375913  0.007049472136  0.007049472136  0.015214946924  0.007049472136  0.013159434625  0.007049472136  0.007049472136  0.000000000000  0.001001001535  0.000000000000  0.000000000000  

