18
cyrtonyx_montezumae 0.000000000000  0.041470859016  0.042592374040  0.042518863179  0.049066934286  0.047969209427  0.059009184968  0.047969209427  0.046874052334  0.047969209427  0.050167238981  0.047969209427  0.046874052334  0.050167238981  0.045781451022  0.049024779709  0.049066934286  0.045707221885  
pavo_cristatus 0.041470859016  0.000000000000  0.014197947930  0.018298782512  0.026663341482  0.023509093299  0.034072643657  0.023509093299  0.022462382047  0.025609562446  0.027719497704  0.025609562446  0.022462382047  0.025609562446  0.023509093299  0.024535406677  0.026663341482  0.020342224785  
galgal4    0.042592374040  0.014197947930  0.000000000000  0.018315820298  0.026690396512  0.023532349798  0.034106963082  0.023532349798  0.022484383687  0.025635345603  0.027747830356  0.025635345603  0.022484383687  0.025635345603  0.023532349798  0.024558149920  0.026690396512  0.020358206981  
rollulus_rouloul 0.042518863179  0.018298782512  0.018315820298  0.000000000000  0.016245374893  0.013156773995  0.021418005702  0.013156773995  0.012131751723  0.015213575656  0.017279453077  0.015213575656  0.012131751723  0.015213575656  0.013156773995  0.014171884234  0.016245374893  0.018283500645  
catreus_wallichi 0.049066934286  0.026663341482  0.026690396512  0.016245374893  0.000000000000  0.003009652907  0.013169467929  0.003009652907  0.004017185330  0.007052857616  0.009087629679  0.007052857616  0.004017185330  0.011131283710  0.009087629679  0.012143242293  0.014213589093  0.026638066306  
syrmaticus_ellioti 0.047969209427  0.023509093299  0.023532349798  0.013156773995  0.003009652907  0.000000000000  0.010097514736  0.000000000000  0.001001069484  0.004017185330  0.006038778261  0.004017185330  0.001001069484  0.008069138229  0.006038778261  0.009077993286  0.011131283710  0.023487607526  
lophura_swinhoii 0.059009184968  0.034072643657  0.034106963082  0.021418005702  0.013169467929  0.010097514736  0.000000000000  0.010097514736  0.011119261161  0.014197947930  0.016261710799  0.012143242293  0.011119261161  0.018334611103  0.016261710799  0.019354486710  0.021461272331  0.034040128882  
phasianus_colchicus 0.047969209427  0.023509093299  0.023532349798  0.013156773995  0.003009652907  0.000000000000  0.010097514736  0.000000000000  0.001001069484  0.004017185330  0.006038778261  0.004017185330  0.001001069484  0.008069138229  0.006038778261  0.009077993286  0.011131283710  0.023487607526  
crossoptilon_crossoptilon 0.046874052334  0.022462382047  0.022484383687  0.012131751723  0.004017185330  0.001001069484  0.011119261161  0.001001069484  0.000000000000  0.003009652907  0.005026890650  0.003009652907  0.000000000000  0.007052857616  0.005026890650  0.008060687141  0.010108341604  0.022442148132  
chrysolophus_pictus 0.047969209427  0.025609562446  0.025635345603  0.015213575656  0.007052857616  0.004017185330  0.014197947930  0.004017185330  0.003009652907  0.000000000000  0.008069138229  0.006038778261  0.003009652907  0.010108341604  0.008069138229  0.011119261161  0.013183897590  0.025585556081  
lophura_nycthemera 0.050167238981  0.027719497704  0.027747830356  0.017279453077  0.009087629679  0.006038778261  0.016261710799  0.006038778261  0.005026890650  0.008069138229  0.000000000000  0.004017185330  0.005026890650  0.012156465761  0.010108341604  0.013169467929  0.015245550231  0.027692947989  
lophura_inornata 0.047969209427  0.025609562446  0.025635345603  0.015213575656  0.007052857616  0.004017185330  0.012143242293  0.004017185330  0.003009652907  0.006038778261  0.004017185330  0.000000000000  0.003009652907  0.010108341604  0.008069138229  0.011119261161  0.013183897590  0.025585556081  
syrmaticus_reevesii 0.046874052334  0.022462382047  0.022484383687  0.012131751723  0.004017185330  0.001001069484  0.011119261161  0.001001069484  0.000000000000  0.003009652907  0.005026890650  0.003009652907  0.000000000000  0.007052857616  0.005026890650  0.008060687141  0.010108341604  0.022442148132  
perdix_dauuricae 0.050167238981  0.025609562446  0.025635345603  0.015213575656  0.011131283710  0.008069138229  0.018334611103  0.008069138229  0.007052857616  0.010108341604  0.012156465761  0.010108341604  0.007052857616  0.000000000000  0.008069138229  0.011119261161  0.013183897590  0.025585556081  
melgal2    0.045781451022  0.023509093299  0.023532349798  0.013156773995  0.009087629679  0.006038778261  0.016261710799  0.006038778261  0.005026890650  0.008069138229  0.010108341604  0.008069138229  0.005026890650  0.008069138229  0.000000000000  0.009077993286  0.011131283710  0.023487607526  
lophophorus_impejanus 0.049024779709  0.024535406677  0.024558149920  0.014171884234  0.012143242293  0.009077993286  0.019354486710  0.009077993286  0.008060687141  0.011119261161  0.013169467929  0.011119261161  0.008060687141  0.011119261161  0.009077993286  0.000000000000  0.010097514736  0.024514440048  
tragopan_blythii 0.049066934286  0.026663341482  0.026690396512  0.016245374893  0.014213589093  0.011131283710  0.021461272331  0.011131283710  0.010108341604  0.013183897590  0.015245550231  0.013183897590  0.010108341604  0.013183897590  0.011131283710  0.010097514736  0.000000000000  0.026638066306  
alectoris_rufa 0.045707221885  0.020342224785  0.020358206981  0.018283500645  0.026638066306  0.023487607526  0.034040128882  0.023487607526  0.022442148132  0.025585556081  0.027692947989  0.025585556081  0.022442148132  0.025585556081  0.023487607526  0.024514440048  0.026638066306  0.000000000000  

