18
galgal4    0.000000000000  0.066555512374  0.029741765766  0.020367731608  0.019328966618  0.019328966618  0.022432944292  0.022452018250  0.039254106583  0.025551911444  0.019328966618  0.021408745565  0.024523943704  0.016226068808  0.022432944292  0.021374605267  0.036095673688  0.030776251895  
cyrtonyx_montezumae 0.066555512374  0.000000000000  0.070985863208  0.068767201722  0.069902223393  0.069902223393  0.073266575949  0.073323453158  0.089183733326  0.069798711811  0.067634853020  0.067634853020  0.073266575949  0.066505164725  0.072124867319  0.074354557197  0.081145803792  0.075500295414  
rollulus_rouloul 0.029741765766  0.070985863208  0.000000000000  0.036095673688  0.035027071002  0.035027071002  0.038209568139  0.038240030202  0.054362814658  0.038180823069  0.035027071002  0.035027071002  0.040361030586  0.031835438759  0.038209568139  0.037109929952  0.050040570877  0.041348086323  
phasianus_colchicus 0.020367731608  0.068767201722  0.036095673688  0.000000000000  0.003009397946  0.003009397946  0.006032000461  0.006037749705  0.024486083945  0.009068745844  0.007051453646  0.005026178402  0.008059330194  0.008067299236  0.014193116809  0.015208814216  0.040361030586  0.037137436187  
lophura_inornata 0.019328966618  0.069902223393  0.035027071002  0.003009397946  0.000000000000  0.000000000000  0.003006943575  0.003009397946  0.023441806225  0.008052980992  0.006037749705  0.004016730781  0.007044596844  0.009085295544  0.015223065262  0.014180009083  0.039284096028  0.035000317521  
crossoptilon_crossoptilon 0.019328966618  0.069902223393  0.035027071002  0.003009397946  0.000000000000  0.000000000000  0.003006943575  0.003009397946  0.023441806225  0.008052980992  0.006037749705  0.004016730781  0.007044596844  0.009085295544  0.015223065262  0.014180009083  0.039284096028  0.035000317521  
lophura_swinhoii 0.022432944292  0.073266575949  0.038209568139  0.006032000461  0.003006943575  0.003006943575  0.000000000000  0.006032000461  0.026562683514  0.011098659009  0.009076209550  0.007044596844  0.010086661070  0.012139814899  0.018308503612  0.017258144821  0.042488406822  0.036041416607  
catreus_wallichi 0.022452018250  0.073323453158  0.038240030202  0.006037749705  0.003009397946  0.003009397946  0.006032000461  0.000000000000  0.026581468086  0.011106735796  0.009085295544  0.007051453646  0.010095244006  0.012152280322  0.018326214209  0.017273051969  0.042522163003  0.038209568139  
perdix_dauuricae 0.039254106583  0.089183733326  0.054362814658  0.024486083945  0.023441806225  0.023441806225  0.026562683514  0.026581468086  0.000000000000  0.025532634594  0.025532634594  0.025532634594  0.028664852213  0.030799831102  0.037166656546  0.033935309697  0.058754346586  0.055427505853  
syrmaticus_reevesii 0.025551911444  0.069798711811  0.038180823069  0.009068745844  0.008052980992  0.008052980992  0.011098659009  0.011106735796  0.025532634594  0.000000000000  0.012128979203  0.010086661070  0.013143066371  0.015208814216  0.021408745565  0.020350998730  0.045708776317  0.042456382147  
chrysolophus_pictus 0.019328966618  0.067634853020  0.035027071002  0.007051453646  0.006037749705  0.006037749705  0.009076209550  0.009085295544  0.025532634594  0.012128979203  0.000000000000  0.008067299236  0.011116442718  0.011127776873  0.017289604418  0.016239825351  0.039284096028  0.036067689511  
lophura_nycthemera 0.021408745565  0.067634853020  0.035027071002  0.005026178402  0.004016730781  0.004016730781  0.007044596844  0.007051453646  0.025532634594  0.010086661070  0.008067299236  0.000000000000  0.009076209550  0.011127776873  0.017289604418  0.016239825351  0.039284096028  0.038209568139  
syrmaticus_ellioti 0.024523943704  0.073266575949  0.040361030586  0.008059330194  0.007044596844  0.007044596844  0.010086661070  0.010095244006  0.028664852213  0.013143066371  0.011116442718  0.009076209550  0.000000000000  0.014193116809  0.020386120448  0.019328966618  0.044656756978  0.041407887656  
lophophorus_impejanus 0.016226068808  0.066505164725  0.031835438759  0.008067299236  0.009085295544  0.009085295544  0.012139814899  0.012152280322  0.030799831102  0.015208814216  0.011127776873  0.011127776873  0.014193116809  0.000000000000  0.006032000461  0.011106735796  0.036067689511  0.032872655590  
melgal2    0.022432944292  0.072124867319  0.038209568139  0.014193116809  0.015223065262  0.015223065262  0.018308503612  0.018326214209  0.037166656546  0.021408745565  0.017289604418  0.017289604418  0.020386120448  0.006032000461  0.000000000000  0.017258144821  0.042488406822  0.038180823069  
tragopan_blythii 0.021374605267  0.074354557197  0.037109929952  0.015208814216  0.014180009083  0.014180009083  0.017258144821  0.017273051969  0.033935309697  0.020350998730  0.016239825351  0.016239825351  0.019328966618  0.011106735796  0.017258144821  0.000000000000  0.041377121263  0.038153797873  
pavo_cristatus 0.036095673688  0.081145803792  0.050040570877  0.040361030586  0.039284096028  0.039284096028  0.042488406822  0.042522163003  0.058754346586  0.045708776317  0.039284096028  0.039284096028  0.044656756978  0.036067689511  0.042488406822  0.041377121263  0.000000000000  0.046728826893  
alectoris_rufa 0.030776251895  0.075500295414  0.041348086323  0.037137436187  0.035000317521  0.035000317521  0.036041416607  0.038209568139  0.055427505853  0.042456382147  0.036067689511  0.038209568139  0.041407887656  0.032872655590  0.038180823069  0.038153797873  0.046728826893  0.000000000000  

