18
galgal4    0.000000000000  0.009074204547  0.020358362517  0.026654530104  0.008057796823  0.008057796823  0.008057796823  0.008057796823  0.008057796823  0.008057796823  0.011104158800  0.008057796823  0.013139833049  0.011104158800  0.012136002956  0.008057796823  0.008057796823  0.016220615208  
pavo_cristatus 0.009074204547  0.000000000000  0.011104158800  0.018316974513  0.005025409057  0.005025409057  0.005025409057  0.005025409057  0.005025409057  0.005025409057  0.008057796823  0.005025409057  0.010084622801  0.008057796823  0.010102331371  0.005025409057  0.005025409057  0.011104158800  
cyrtonyx_montezumae 0.020358362517  0.011104158800  0.000000000000  0.021398223209  0.016233558791  0.016233558791  0.016233558791  0.016233558791  0.016233558791  0.016233558791  0.019320680452  0.016233558791  0.021381389257  0.019320680452  0.021416637434  0.016233558791  0.016233558791  0.022422332133  
rollulus_rouloul 0.026654530104  0.018316974513  0.021398223209  0.000000000000  0.023527368942  0.023527368942  0.023527368942  0.023527368942  0.023527368942  0.023527368942  0.026654530104  0.023527368942  0.028739027045  0.026654530104  0.026680120526  0.023527368942  0.023527368942  0.029796651714  
tragopan_blythii 0.008057796823  0.005025409057  0.016233558791  0.023527368942  0.000000000000  0.000000000000  0.000000000000  0.000000000000  0.000000000000  0.000000000000  0.003006812222  0.000000000000  0.005018187556  0.003006812222  0.005025409057  0.000000000000  0.000000000000  0.012125797819  
lophura_nycthemera 0.008057796823  0.005025409057  0.016233558791  0.023527368942  0.000000000000  0.000000000000  0.000000000000  0.000000000000  0.000000000000  0.000000000000  0.003006812222  0.000000000000  0.005018187556  0.003006812222  0.005025409057  0.000000000000  0.000000000000  0.012125797819  
crossoptilon_crossoptilon 0.008057796823  0.005025409057  0.016233558791  0.023527368942  0.000000000000  0.000000000000  0.000000000000  0.000000000000  0.000000000000  0.000000000000  0.003006812222  0.000000000000  0.005018187556  0.003006812222  0.005025409057  0.000000000000  0.000000000000  0.012125797819  
lophura_swinhoii 0.008057796823  0.005025409057  0.016233558791  0.023527368942  0.000000000000  0.000000000000  0.000000000000  0.000000000000  0.000000000000  0.000000000000  0.003006812222  0.000000000000  0.005018187556  0.003006812222  0.005025409057  0.000000000000  0.000000000000  0.012125797819  
syrmaticus_reevesii 0.008057796823  0.005025409057  0.016233558791  0.023527368942  0.000000000000  0.000000000000  0.000000000000  0.000000000000  0.000000000000  0.000000000000  0.003006812222  0.000000000000  0.005018187556  0.003006812222  0.005025409057  0.000000000000  0.000000000000  0.012125797819  
phasianus_colchicus 0.008057796823  0.005025409057  0.016233558791  0.023527368942  0.000000000000  0.000000000000  0.000000000000  0.000000000000  0.000000000000  0.000000000000  0.003006812222  0.000000000000  0.005018187556  0.003006812222  0.005025409057  0.000000000000  0.000000000000  0.012125797819  
lophura_inornata 0.011104158800  0.008057796823  0.019320680452  0.026654530104  0.003006812222  0.003006812222  0.003006812222  0.003006812222  0.003006812222  0.003006812222  0.000000000000  0.003006812222  0.008047401887  0.006027337000  0.008057796823  0.003006812222  0.003006812222  0.015191557121  
catreus_wallichi 0.008057796823  0.005025409057  0.016233558791  0.023527368942  0.000000000000  0.000000000000  0.000000000000  0.000000000000  0.000000000000  0.000000000000  0.003006812222  0.000000000000  0.005018187556  0.003006812222  0.005025409057  0.000000000000  0.000000000000  0.012125797819  
lophophorus_impejanus 0.013139833049  0.010084622801  0.021381389257  0.028739027045  0.005018187556  0.005018187556  0.005018187556  0.005018187556  0.005018187556  0.005018187556  0.008047401887  0.005018187556  0.000000000000  0.008047401887  0.010084622801  0.005018187556  0.005018187556  0.017239358251  
melgal2    0.011104158800  0.008057796823  0.019320680452  0.026654530104  0.003006812222  0.003006812222  0.003006812222  0.003006812222  0.003006812222  0.003006812222  0.006027337000  0.003006812222  0.008047401887  0.000000000000  0.008057796823  0.003006812222  0.003006812222  0.015191557121  
perdix_dauuricae 0.012136002956  0.010102331371  0.021416637434  0.026680120526  0.005025409057  0.005025409057  0.005025409057  0.005025409057  0.005025409057  0.005025409057  0.008057796823  0.005025409057  0.010084622801  0.008057796823  0.000000000000  0.005025409057  0.005025409057  0.015203420209  
syrmaticus_ellioti 0.008057796823  0.005025409057  0.016233558791  0.023527368942  0.000000000000  0.000000000000  0.000000000000  0.000000000000  0.000000000000  0.000000000000  0.003006812222  0.000000000000  0.005018187556  0.003006812222  0.005025409057  0.000000000000  0.000000000000  0.012125797819  
chrysolophus_pictus 0.008057796823  0.005025409057  0.016233558791  0.023527368942  0.000000000000  0.000000000000  0.000000000000  0.000000000000  0.000000000000  0.000000000000  0.003006812222  0.000000000000  0.005018187556  0.003006812222  0.005025409057  0.000000000000  0.000000000000  0.012125797819  
alectoris_rufa 0.016220615208  0.011104158800  0.022422332133  0.029796651714  0.012125797819  0.012125797819  0.012125797819  0.012125797819  0.012125797819  0.012125797819  0.015191557121  0.012125797819  0.017239358251  0.015191557121  0.015203420209  0.012125797819  0.012125797819  0.000000000000  

