18
pavo_cristatus 0.000000000000  0.014181626973  0.030920265744  0.017275600948  0.028740148727  0.024550473127  0.024574078337  0.022477351724  0.023502166678  0.026680084360  0.025625916292  0.026680084360  0.027683753099  0.025625916292  0.007044993700  0.013154756549  0.006032275508  0.000000000000  
rollulus_rouloul 0.014181626973  0.000000000000  0.045969428547  0.031923479851  0.043697371348  0.039397459051  0.039435128556  0.037276816615  0.038318363367  0.041603274304  0.040517966606  0.041603274304  0.042609702397  0.040517966606  0.021412456577  0.027683753099  0.020371032774  0.014181626973  
melgal2    0.030920265744  0.045969428547  0.000000000000  0.013180873979  0.024574078337  0.020410296300  0.020432449562  0.018349270277  0.019368762775  0.020432449562  0.021477469032  0.022524788470  0.023524560218  0.021477469032  0.034090626165  0.039435128556  0.035162546596  0.030920265744  
perdix_dauuricae 0.017275600948  0.031923479851  0.013180873979  0.000000000000  0.011107639578  0.007044993700  0.007051995971  0.005026453542  0.006032275508  0.009086197129  0.008068009585  0.009086197129  0.010087374089  0.008068009585  0.020371032774  0.028740148727  0.021412456577  0.017275600948  
syrmaticus_ellioti 0.028740148727  0.043697371348  0.024574078337  0.011107639578  0.000000000000  0.008048543903  0.008053382201  0.006028047265  0.007035929447  0.010087374089  0.009069291403  0.010087374089  0.015186612466  0.013154756549  0.031894677306  0.040441794385  0.032959287925  0.028740148727  
syrmaticus_reevesii 0.024550473127  0.039397459051  0.020410296300  0.007044993700  0.008048543903  0.000000000000  0.004013281998  0.002002818507  0.003006116384  0.006032275508  0.005021707979  0.006032275508  0.011099380612  0.009076918826  0.027683753099  0.036167485441  0.028740148727  0.024550473127  
lophura_swinhoii 0.024574078337  0.039435128556  0.020432449562  0.007051995971  0.008053382201  0.004013281998  0.000000000000  0.002004214706  0.003006988507  0.006038147025  0.005026453542  0.006038147025  0.011107639578  0.009086197129  0.027709320369  0.036201320525  0.028766946451  0.024574078337  
phasianus_colchicus 0.022477351724  0.037276816615  0.018349270277  0.005026453542  0.006028047265  0.002002818507  0.002004214706  0.000000000000  0.001000763054  0.004016906376  0.003009496441  0.004016906376  0.009069291403  0.007051995971  0.025601094052  0.034057593167  0.026654039696  0.022477351724  
chrysolophus_pictus 0.023502166678  0.038318363367  0.019368762775  0.006032275508  0.007035929447  0.003006116384  0.003006988507  0.001000763054  0.000000000000  0.005021707979  0.004013281998  0.005021707979  0.010080260227  0.008059871729  0.024574078337  0.035095681227  0.027683753099  0.023502166678  
catreus_wallichi 0.026680084360  0.041603274304  0.020432449562  0.009086197129  0.010087374089  0.006032275508  0.006038147025  0.004016906376  0.005021707979  0.000000000000  0.007051995971  0.008068009585  0.013154756549  0.011129131363  0.029826928391  0.038354748938  0.030889276707  0.026680084360  
lophura_nycthemera 0.025625916292  0.040517966606  0.021477469032  0.008068009585  0.009069291403  0.005021707979  0.005026453542  0.003009496441  0.004013281998  0.007051995971  0.000000000000  0.007051995971  0.012130097251  0.010106567927  0.028766946451  0.037276816615  0.029826928391  0.025625916292  
crossoptilon_crossoptilon 0.026680084360  0.041603274304  0.022524788470  0.009086197129  0.010087374089  0.006032275508  0.006038147025  0.004016906376  0.005021707979  0.008068009585  0.007051995971  0.000000000000  0.013154756549  0.011129131363  0.029826928391  0.036201320525  0.030889276707  0.026680084360  
lophophorus_impejanus 0.027683753099  0.042609702397  0.023524560218  0.010087374089  0.015186612466  0.011099380612  0.011107639578  0.009069291403  0.010080260227  0.013154756549  0.012130097251  0.013154756549  0.000000000000  0.012130097251  0.030832443141  0.039361532826  0.031894677306  0.027683753099  
tragopan_blythii 0.025625916292  0.040517966606  0.021477469032  0.008068009585  0.013154756549  0.009076918826  0.009086197129  0.007051995971  0.008059871729  0.011129131363  0.010106567927  0.011129131363  0.012130097251  0.000000000000  0.028766946451  0.037276816615  0.029826928391  0.025625916292  
lophura_inornata 0.007044993700  0.021412456577  0.034090626165  0.020371032774  0.031894677306  0.027683753099  0.027709320369  0.025601094052  0.024574078337  0.029826928391  0.028766946451  0.029826928391  0.030832443141  0.028766946451  0.000000000000  0.012120688257  0.011107639578  0.007044993700  
galgal4    0.013154756549  0.027683753099  0.039435128556  0.028740148727  0.040441794385  0.036167485441  0.036201320525  0.034057593167  0.035095681227  0.038354748938  0.037276816615  0.036201320525  0.039361532826  0.037276816615  0.012120688257  0.000000000000  0.017260366843  0.013154756549  
cyrtonyx_montezumae 0.006032275508  0.020371032774  0.035162546596  0.021412456577  0.032959287925  0.028740148727  0.028766946451  0.026654039696  0.027683753099  0.030889276707  0.029826928391  0.030889276707  0.031894677306  0.029826928391  0.011107639578  0.017260366843  0.000000000000  0.006032275508  
alectoris_rufa 0.000000000000  0.014181626973  0.030920265744  0.017275600948  0.028740148727  0.024550473127  0.024574078337  0.022477351724  0.023502166678  0.026680084360  0.025625916292  0.026680084360  0.027683753099  0.025625916292  0.007044993700  0.013154756549  0.006032275508  0.000000000000  

