18
galgal4    0.000000000000  0.019251787640  0.006024229821  0.004011104309  0.008047482632  0.004011104309  0.007035222249  0.004011104309  0.004011104309  0.009061821945  0.005018216887  0.008047482632  0.005018216887  0.004011104309  0.004011104309  0.004011104309  0.008047482632  0.006024229821  
cyrtonyx_montezumae 0.019251787640  0.000000000000  0.025434089491  0.023370947164  0.027521239236  0.023370947164  0.026479208511  0.023370947164  0.023370947164  0.028565473103  0.024407523654  0.027521239236  0.024407523654  0.023370947164  0.023370947164  0.023370947164  0.027521239236  0.025434089491  
pavo_cristatus 0.006024229821  0.025434089491  0.000000000000  0.006027387283  0.010078248746  0.006027387283  0.009061821945  0.006027387283  0.006027387283  0.011096771643  0.007038623923  0.010078248746  0.007038623923  0.006027387283  0.006027387283  0.006027387283  0.010078248746  0.008044586839  
catreus_wallichi 0.004011104309  0.023370947164  0.006027387283  0.000000000000  0.004012923919  0.000000000000  0.003006824703  0.000000000000  0.000000000000  0.005021076809  0.001001013727  0.004012923919  0.001001013727  0.000000000000  0.000000000000  0.000000000000  0.004012923919  0.006027387283  
phasianus_colchicus 0.008047482632  0.027521239236  0.010078248746  0.004012923919  0.000000000000  0.004012923919  0.007038623923  0.004012923919  0.004012923919  0.009067329904  0.005021076809  0.008051935286  0.005021076809  0.004012923919  0.004012923919  0.004012923919  0.008051935286  0.010078248746  
syrmaticus_ellioti 0.004011104309  0.023370947164  0.006027387283  0.000000000000  0.004012923919  0.000000000000  0.003006824703  0.000000000000  0.000000000000  0.005021076809  0.001001013727  0.004012923919  0.001001013727  0.000000000000  0.000000000000  0.000000000000  0.004012923919  0.006027387283  
lophura_nycthemera 0.007035222249  0.026479208511  0.009061821945  0.003006824703  0.007038623923  0.003006824703  0.000000000000  0.003006824703  0.003006824703  0.008051935286  0.004012923919  0.007038623923  0.004012923919  0.003006824703  0.003006824703  0.003006824703  0.007038623923  0.009061821945  
lophura_swinhoii 0.004011104309  0.023370947164  0.006027387283  0.000000000000  0.004012923919  0.000000000000  0.003006824703  0.000000000000  0.000000000000  0.005021076809  0.001001013727  0.004012923919  0.001001013727  0.000000000000  0.000000000000  0.000000000000  0.004012923919  0.006027387283  
crossoptilon_crossoptilon 0.004011104309  0.023370947164  0.006027387283  0.000000000000  0.004012923919  0.000000000000  0.003006824703  0.000000000000  0.000000000000  0.005021076809  0.001001013727  0.004012923919  0.001001013727  0.000000000000  0.000000000000  0.000000000000  0.004012923919  0.006027387283  
tragopan_blythii 0.009061821945  0.028565473103  0.011096771643  0.005021076809  0.009067329904  0.005021076809  0.008051935286  0.005021076809  0.005021076809  0.000000000000  0.006031291775  0.009067329904  0.006031291775  0.005021076809  0.005021076809  0.005021076809  0.009067329904  0.011096771643  
lophura_inornata 0.005018216887  0.024407523654  0.007038623923  0.001001013727  0.005021076809  0.001001013727  0.004012923919  0.001001013727  0.001001013727  0.006031291775  0.000000000000  0.005021076809  0.002004060399  0.001001013727  0.001001013727  0.001001013727  0.005021076809  0.007038623923  
rollulus_rouloul 0.008047482632  0.027521239236  0.010078248746  0.004012923919  0.008051935286  0.004012923919  0.007038623923  0.004012923919  0.004012923919  0.009067329904  0.005021076809  0.000000000000  0.005021076809  0.004012923919  0.004012923919  0.004012923919  0.008051935286  0.010078248746  
melgal2    0.005018216887  0.024407523654  0.007038623923  0.001001013727  0.005021076809  0.001001013727  0.004012923919  0.001001013727  0.001001013727  0.006031291775  0.002004060399  0.005021076809  0.000000000000  0.001001013727  0.001001013727  0.001001013727  0.005021076809  0.007038623923  
chrysolophus_pictus 0.004011104309  0.023370947164  0.006027387283  0.000000000000  0.004012923919  0.000000000000  0.003006824703  0.000000000000  0.000000000000  0.005021076809  0.001001013727  0.004012923919  0.001001013727  0.000000000000  0.000000000000  0.000000000000  0.004012923919  0.006027387283  
perdix_dauuricae 0.004011104309  0.023370947164  0.006027387283  0.000000000000  0.004012923919  0.000000000000  0.003006824703  0.000000000000  0.000000000000  0.005021076809  0.001001013727  0.004012923919  0.001001013727  0.000000000000  0.000000000000  0.000000000000  0.004012923919  0.006027387283  
syrmaticus_reevesii 0.004011104309  0.023370947164  0.006027387283  0.000000000000  0.004012923919  0.000000000000  0.003006824703  0.000000000000  0.000000000000  0.005021076809  0.001001013727  0.004012923919  0.001001013727  0.000000000000  0.000000000000  0.000000000000  0.004012923919  0.006027387283  
lophophorus_impejanus 0.008047482632  0.027521239236  0.010078248746  0.004012923919  0.008051935286  0.004012923919  0.007038623923  0.004012923919  0.004012923919  0.009067329904  0.005021076809  0.008051935286  0.005021076809  0.004012923919  0.004012923919  0.004012923919  0.000000000000  0.010078248746  
alectoris_rufa 0.006024229821  0.025434089491  0.008044586839  0.006027387283  0.010078248746  0.006027387283  0.009061821945  0.006027387283  0.006027387283  0.011096771643  0.007038623923  0.010078248746  0.007038623923  0.006027387283  0.006027387283  0.006027387283  0.010078248746  0.000000000000  

