18
rollulus_rouloul 0.000000000000  0.009088433521  0.009088433521  0.009088433521  0.009088433521  0.009088433521  0.011132491540  0.015230778976  0.009088433521  0.011132491540  0.009088433521  0.017319257780  0.014215562870  0.012157907393  0.018337687486  0.007053341072  0.008069771518  0.007053341072  
syrmaticus_reevesii 0.009088433521  0.000000000000  0.000000000000  0.000000000000  0.000000000000  0.000000000000  0.002004322949  0.006032963378  0.000000000000  0.002004322949  0.000000000000  0.008069771518  0.005027135888  0.003009740684  0.015230778976  0.002004322949  0.003009740684  0.002004322949  
catreus_wallichi 0.009088433521  0.000000000000  0.000000000000  0.000000000000  0.000000000000  0.000000000000  0.002004322949  0.006032963378  0.000000000000  0.002004322949  0.000000000000  0.008069771518  0.005027135888  0.003009740684  0.015230778976  0.002004322949  0.003009740684  0.002004322949  
chrysolophus_pictus 0.009088433521  0.000000000000  0.000000000000  0.000000000000  0.000000000000  0.000000000000  0.002004322949  0.006032963378  0.000000000000  0.002004322949  0.000000000000  0.008069771518  0.005027135888  0.003009740684  0.015230778976  0.002004322949  0.003009740684  0.002004322949  
crossoptilon_crossoptilon 0.009088433521  0.000000000000  0.000000000000  0.000000000000  0.000000000000  0.000000000000  0.002004322949  0.006032963378  0.000000000000  0.002004322949  0.000000000000  0.008069771518  0.005027135888  0.003009740684  0.015230778976  0.002004322949  0.003009740684  0.002004322949  
lophura_swinhoii 0.009088433521  0.000000000000  0.000000000000  0.000000000000  0.000000000000  0.000000000000  0.002004322949  0.006032963378  0.000000000000  0.002004322949  0.000000000000  0.008069771518  0.005027135888  0.003009740684  0.015230778976  0.002004322949  0.003009740684  0.002004322949  
lophura_nycthemera 0.011132491540  0.002004322949  0.002004322949  0.002004322949  0.002004322949  0.002004322949  0.000000000000  0.008061222946  0.002004322949  0.004017341829  0.002004322949  0.010109336900  0.007053341072  0.005027135888  0.017299737990  0.004017341829  0.005027135888  0.004017341829  
perdix_dauuricae 0.015230778976  0.006032963378  0.006032963378  0.006032963378  0.006032963378  0.006032963378  0.008061222946  0.000000000000  0.006032963378  0.008061222946  0.006032963378  0.014199748887  0.011120334307  0.009078687346  0.021442756766  0.008061222946  0.009078687346  0.008061222946  
syrmaticus_ellioti 0.009088433521  0.000000000000  0.000000000000  0.000000000000  0.000000000000  0.000000000000  0.002004322949  0.006032963378  0.000000000000  0.002004322949  0.000000000000  0.008069771518  0.005027135888  0.003009740684  0.015230778976  0.002004322949  0.003009740684  0.002004322949  
tragopan_blythii 0.011132491540  0.002004322949  0.002004322949  0.002004322949  0.002004322949  0.002004322949  0.004017341829  0.008061222946  0.002004322949  0.000000000000  0.002004322949  0.010109336900  0.007053341072  0.005027135888  0.017299737990  0.004017341829  0.005027135888  0.004017341829  
phasianus_colchicus 0.009088433521  0.000000000000  0.000000000000  0.000000000000  0.000000000000  0.000000000000  0.002004322949  0.006032963378  0.000000000000  0.002004322949  0.000000000000  0.008069771518  0.005027135888  0.003009740684  0.015230778976  0.002004322949  0.003009740684  0.002004322949  
lophura_inornata 0.017319257780  0.008069771518  0.008069771518  0.008069771518  0.008069771518  0.008069771518  0.010109336900  0.014199748887  0.008069771518  0.010109336900  0.008069771518  0.000000000000  0.013185594475  0.011132491540  0.023562552512  0.010109336900  0.011132491540  0.010109336900  
lophophorus_impejanus 0.014215562870  0.005027135888  0.005027135888  0.005027135888  0.005027135888  0.005027135888  0.007053341072  0.011120334307  0.005027135888  0.007053341072  0.005027135888  0.013185594475  0.000000000000  0.008069771518  0.020420578398  0.007053341072  0.008069771518  0.007053341072  
melgal2    0.012157907393  0.003009740684  0.003009740684  0.003009740684  0.003009740684  0.003009740684  0.005027135888  0.009078687346  0.003009740684  0.005027135888  0.003009740684  0.011132491540  0.008069771518  0.000000000000  0.018337687486  0.005027135888  0.006039132426  0.005027135888  
cyrtonyx_montezumae 0.018337687486  0.015230778976  0.015230778976  0.015230778976  0.015230778976  0.015230778976  0.017299737990  0.021442756766  0.015230778976  0.017299737990  0.015230778976  0.023562552512  0.020420578398  0.018337687486  0.000000000000  0.013171004811  0.014199748887  0.013171004811  
pavo_cristatus 0.007053341072  0.002004322949  0.002004322949  0.002004322949  0.002004322949  0.002004322949  0.004017341829  0.008061222946  0.002004322949  0.004017341829  0.002004322949  0.010109336900  0.007053341072  0.005027135888  0.013171004811  0.000000000000  0.001001079181  0.000000000000  
galgal4    0.008069771518  0.003009740684  0.003009740684  0.003009740684  0.003009740684  0.003009740684  0.005027135888  0.009078687346  0.003009740684  0.005027135888  0.003009740684  0.011132491540  0.008069771518  0.006039132426  0.014199748887  0.001001079181  0.000000000000  0.001001079181  
alectoris_rufa 0.007053341072  0.002004322949  0.002004322949  0.002004322949  0.002004322949  0.002004322949  0.004017341829  0.008061222946  0.002004322949  0.004017341829  0.002004322949  0.010109336900  0.007053341072  0.005027135888  0.013171004811  0.000000000000  0.001001079181  0.000000000000  

