18
syrmaticus_ellioti 0.000000000000  0.006027261714  0.011096191897  0.008051601510  0.008051601510  0.018248559758  0.012125093504  0.008051601510  0.017238249738  0.014147414052  0.012109753585  0.014163819713  0.013124880042  0.049827648283  0.029610872143  0.029680896936  0.017238249738  0.015180520042  
syrmaticus_reevesii 0.006027261714  0.000000000000  0.017227652423  0.014154829484  0.014154829484  0.024444797503  0.018270306383  0.014154829484  0.023430298988  0.020304167920  0.018248559758  0.018258639658  0.017211214886  0.054135707223  0.033791900788  0.033867845445  0.021351139873  0.019280610564  
catreus_wallichi 0.011096191897  0.017227652423  0.000000000000  0.003006793589  0.003006793589  0.013124880042  0.007043216002  0.003006793589  0.012116639923  0.009057774281  0.007035146919  0.009066860322  0.008044583158  0.044443063398  0.024407466263  0.022376842071  0.012116639923  0.010077827046  
lophura_swinhoii 0.008051601510  0.014154829484  0.003006793589  0.000000000000  0.000000000000  0.010073027444  0.004016123177  0.000000000000  0.009066860322  0.006025030402  0.004011103548  0.006031044338  0.005016955133  0.041243600086  0.021308616734  0.021351139873  0.009066860322  0.007038404760  
chrysolophus_pictus 0.008051601510  0.014154829484  0.003006793589  0.000000000000  0.000000000000  0.010073027444  0.004016123177  0.000000000000  0.009066860322  0.006025030402  0.004011103548  0.006031044338  0.005016955133  0.041243600086  0.021308616734  0.021351139873  0.009066860322  0.007038404760  
phasianus_colchicus 0.018248559758  0.024444797503  0.013124880042  0.010073027444  0.010073027444  0.000000000000  0.006024353646  0.010073027444  0.019280610564  0.016184477440  0.014141576671  0.016198791570  0.015159848900  0.051951953008  0.031688689040  0.031753460051  0.019280610564  0.017218639718  
lophura_nycthemera 0.012125093504  0.018270306383  0.007043216002  0.004016123177  0.004016123177  0.006024353646  0.000000000000  0.004016123177  0.013148685192  0.010077827046  0.008051601510  0.010092111915  0.009061536881  0.045545271868  0.025453935832  0.025518160145  0.013148685192  0.011103597831  
lophura_inornata 0.008051601510  0.014154829484  0.003006793589  0.000000000000  0.000000000000  0.010073027444  0.004016123177  0.000000000000  0.009066860322  0.006025030402  0.004011103548  0.006031044338  0.005016955133  0.041243600086  0.021308616734  0.021351139873  0.009066860322  0.007038404760  
perdix_dauuricae 0.017238249738  0.023430298988  0.012116639923  0.009066860322  0.009066860322  0.019280610564  0.013148685192  0.009066860322  0.000000000000  0.015172048346  0.013131243538  0.015190568715  0.014147414052  0.050915957472  0.030659168078  0.030734744481  0.018270306383  0.016208323884  
crossoptilon_crossoptilon 0.014147414052  0.020304167920  0.009057774281  0.006025030402  0.006025030402  0.016184477440  0.010077827046  0.006025030402  0.015172048346  0.000000000000  0.009055575777  0.012109753585  0.011083377665  0.047634674658  0.027513955529  0.027564811757  0.015172048346  0.013124880042  
lophophorus_impejanus 0.012109753585  0.018248559758  0.007035146919  0.004011103548  0.004011103548  0.014141576671  0.008051601510  0.004011103548  0.013131243538  0.009055575777  0.000000000000  0.010077827046  0.009055575777  0.045498000277  0.025439579715  0.025487629815  0.013131243538  0.011090351058  
melgal2    0.014163819713  0.018258639658  0.009066860322  0.006031044338  0.006031044338  0.016198791570  0.010092111915  0.006031044338  0.015190568715  0.012109753585  0.010077827046  0.000000000000  0.009057774281  0.045520795282  0.025445944867  0.025502090401  0.013139179664  0.011096191897  
tragopan_blythii 0.013124880042  0.017211214886  0.008044583158  0.005016955133  0.005016955133  0.015159848900  0.009061536881  0.005016955133  0.014147414052  0.011083377665  0.009055575777  0.009057774281  0.000000000000  0.044401488045  0.024398528449  0.024433041186  0.012104437724  0.010069794053  
cyrtonyx_montezumae 0.049827648283  0.054135707223  0.044443063398  0.041243600086  0.041243600086  0.051951953008  0.045545271868  0.041243600086  0.050915957472  0.047634674658  0.045498000277  0.045520795282  0.044401488045  0.000000000000  0.033791900788  0.048741708228  0.035951394437  0.033832530879  
rollulus_rouloul 0.029610872143  0.033791900788  0.024407466263  0.021308616734  0.021308616734  0.031688689040  0.025453935832  0.021308616734  0.030659168078  0.027513955529  0.025439579715  0.025445944867  0.024398528449  0.033791900788  0.000000000000  0.028564774511  0.016176519257  0.014133565805  
galgal4    0.029680896936  0.033867845445  0.022376842071  0.021351139873  0.021351139873  0.031753460051  0.025518160145  0.021351139873  0.030734744481  0.027564811757  0.025487629815  0.025502090401  0.024433041186  0.048741708228  0.028564774511  0.000000000000  0.016208323884  0.014154829484  
pavo_cristatus 0.017238249738  0.021351139873  0.012116639923  0.009066860322  0.009066860322  0.019280610564  0.013148685192  0.009066860322  0.018270306383  0.015172048346  0.013131243538  0.013139179664  0.012104437724  0.035951394437  0.016176519257  0.016208323884  0.000000000000  0.002004019981  
alectoris_rufa 0.015180520042  0.019280610564  0.010077827046  0.007038404760  0.007038404760  0.017218639718  0.011103597831  0.007038404760  0.016208323884  0.013124880042  0.011090351058  0.011096191897  0.010069794053  0.033832530879  0.014133565805  0.014154829484  0.002004019981  0.000000000000  

