18
galgal4    0.000000000000  0.015201783561  0.038146104985  0.018282995983  0.041426058500  0.033907928824  0.018282995983  0.030714955125  0.030774834852  0.024506879656  0.023461945538  0.032826894548  0.030798000970  0.026603322379  0.023461945538  0.028686061241  0.018282995983  0.010084027329  
pavo_cristatus 0.015201783561  0.000000000000  0.039273196862  0.019351455965  0.042575877408  0.035021154021  0.019351455965  0.031810354652  0.031883213108  0.025597183502  0.024547863256  0.033931253005  0.031910697828  0.027702453887  0.024547863256  0.029789799166  0.019351455965  0.009081988511  
rollulus_rouloul 0.038146104985  0.039273196862  0.000000000000  0.019280058277  0.043492114871  0.039166865470  0.021350456976  0.033830807983  0.033886219052  0.027595358911  0.026547138815  0.035949459138  0.033907928824  0.029698415076  0.026547138815  0.032847480879  0.021350456976  0.033931253005  
crossoptilon_crossoptilon 0.018282995983  0.019351455965  0.019280058277  0.000000000000  0.023461945538  0.019291198614  0.002004010854  0.014141262490  0.014163503907  0.008057330024  0.007043130374  0.016190447194  0.014174032944  0.010091922112  0.007043130374  0.013148390617  0.002004010854  0.014186114373  
tragopan_blythii 0.041426058500  0.042575877408  0.043492114871  0.023461945538  0.000000000000  0.043522514681  0.025554002208  0.038121480598  0.036061186464  0.031857325629  0.030798000970  0.040262816536  0.038229729068  0.033982732088  0.030798000970  0.037157914568  0.025554002208  0.037187879124  
melgal2    0.033907928824  0.035021154021  0.039166865470  0.019291198614  0.043522514681  0.000000000000  0.017227210017  0.029632660290  0.029679565743  0.023429464769  0.022388880264  0.031735716152  0.029698415076  0.025517153552  0.022388880264  0.027595358911  0.017227210017  0.029718866204  
perdix_dauuricae 0.018282995983  0.019351455965  0.021350456976  0.002004010854  0.025554002208  0.017227210017  0.000000000000  0.012100442154  0.012116416499  0.006030983841  0.005020882129  0.014141262490  0.012124847950  0.008057330024  0.005020882129  0.011103396363  0.000000000000  0.014186114373  
lophophorus_impejanus 0.030714955125  0.031810354652  0.033830807983  0.014141262490  0.038121480598  0.029632660290  0.012100442154  0.000000000000  0.024432140567  0.018239564672  0.017210756837  0.026485439489  0.024443907807  0.020303553123  0.017210756837  0.023403323376  0.012100442154  0.026547138815  
phasianus_colchicus 0.030774834852  0.031883213108  0.033886219052  0.014163503907  0.036061186464  0.029679565743  0.012116416499  0.024432140567  0.000000000000  0.010084027329  0.009066732373  0.018239564672  0.016219007240  0.012124847950  0.009066732373  0.015190199260  0.012116416499  0.026603322379  
lophura_nycthemera 0.024506879656  0.025597183502  0.027595358911  0.008057330024  0.031857325629  0.023429464769  0.006030983841  0.018239564672  0.010084027329  0.000000000000  0.001001001374  0.010069618621  0.008057330024  0.004016086472  0.001001001374  0.007043130374  0.006030983841  0.020372466892  
chrysolophus_pictus 0.023461945538  0.024547863256  0.026547138815  0.007043130374  0.030798000970  0.022388880264  0.005020882129  0.017210756837  0.009066732373  0.001001001374  0.000000000000  0.009055419112  0.007043130374  0.003009036512  0.000000000000  0.006030983841  0.005020882129  0.019334043457  
cyrtonyx_montezumae 0.032826894548  0.033931253005  0.035949459138  0.016190447194  0.040262816536  0.031735716152  0.014141262490  0.026485439489  0.018239564672  0.010069618621  0.009055419112  0.000000000000  0.016190447194  0.012104210425  0.009055419112  0.015164805013  0.014141262490  0.028645781241  
syrmaticus_reevesii 0.030798000970  0.031910697828  0.033907928824  0.014174032944  0.038229729068  0.029698415076  0.012124847950  0.024443907807  0.016219007240  0.008057330024  0.007043130374  0.016190447194  0.000000000000  0.006030983841  0.007043130374  0.013148390617  0.012124847950  0.026625225296  
lophura_inornata 0.026603322379  0.027702453887  0.029698415076  0.010091922112  0.033982732088  0.025517153552  0.008057330024  0.020303553123  0.012124847950  0.004016086472  0.003009036512  0.012104210425  0.006030983841  0.000000000000  0.003009036512  0.009073591137  0.008057330024  0.022455806435  
catreus_wallichi 0.023461945538  0.024547863256  0.026547138815  0.007043130374  0.030798000970  0.022388880264  0.005020882129  0.017210756837  0.009066732373  0.001001001374  0.000000000000  0.009055419112  0.007043130374  0.003009036512  0.000000000000  0.006030983841  0.005020882129  0.019334043457  
lophura_swinhoii 0.028686061241  0.029789799166  0.032847480879  0.013148390617  0.037157914568  0.027595358911  0.011103396363  0.023403323376  0.015190199260  0.007043130374  0.006030983841  0.015164805013  0.013148390617  0.009073591137  0.006030983841  0.000000000000  0.011103396363  0.024526582568  
syrmaticus_ellioti 0.018282995983  0.019351455965  0.021350456976  0.002004010854  0.025554002208  0.017227210017  0.000000000000  0.012100442154  0.012116416499  0.006030983841  0.005020882129  0.014141262490  0.012124847950  0.008057330024  0.005020882129  0.011103396363  0.000000000000  0.014186114373  
alectoris_rufa 0.010084027329  0.009081988511  0.033931253005  0.014186114373  0.037187879124  0.029718866204  0.014186114373  0.026547138815  0.026603322379  0.020372466892  0.019334043457  0.028645781241  0.026625225296  0.022455806435  0.019334043457  0.024526582568  0.014186114373  0.000000000000  

