18
melgal2    0.000000000000  0.024492313778  0.010069711390  0.000000000000  0.006027340313  0.003009124218  0.004016242813  0.005025413848  0.003009124218  0.003009124218  0.003009124218  0.003009124218  0.003009124218  0.004012898693  0.006027340313  0.003006813043  0.000000000000  0.001001011067  
cyrtonyx_montezumae 0.024492313778  0.000000000000  0.028631787574  0.024492313778  0.030758486396  0.027638290155  0.028691406110  0.029746766473  0.027638290155  0.027638290155  0.027638290155  0.027638290155  0.027638290155  0.026608231272  0.030758486396  0.027617940640  0.024492313778  0.025538753424  
rollulus_rouloul 0.010069711390  0.028631787574  0.000000000000  0.010069711390  0.016184569950  0.013125102998  0.014147770620  0.015172554611  0.013125102998  0.013125102998  0.013125102998  0.013125102998  0.013125102998  0.014141678606  0.016184569950  0.013120076056  0.010069711390  0.011086082026  
lophophorus_impejanus 0.000000000000  0.024492313778  0.010069711390  0.000000000000  0.006027340313  0.003009124218  0.004016242813  0.005025413848  0.003009124218  0.003009124218  0.003009124218  0.003009124218  0.003009124218  0.004012898693  0.006027340313  0.003006813043  0.000000000000  0.001001011067  
pavo_cristatus 0.006027340313  0.030758486396  0.016184569950  0.006027340313  0.000000000000  0.009067192157  0.010084637132  0.011104176895  0.009067192157  0.009067192157  0.009067192157  0.009067192157  0.009067192157  0.010078106258  0.012110074348  0.009061715508  0.006027340313  0.007038552259  
crossoptilon_crossoptilon 0.003009124218  0.027638290155  0.013125102998  0.003009124218  0.009067192157  0.000000000000  0.001001011067  0.002004049729  0.000000000000  0.000000000000  0.000000000000  0.000000000000  0.000000000000  0.001000753250  0.009067192157  0.006031223029  0.003009124218  0.004016242813  
chrysolophus_pictus 0.004016242813  0.028691406110  0.014147770620  0.004016242813  0.010084637132  0.001001011067  0.000000000000  0.003009124218  0.001001011067  0.001001011067  0.001001011067  0.001001011067  0.001001011067  0.002002767314  0.010084637132  0.007043478479  0.004016242813  0.005025413848  
syrmaticus_reevesii 0.005025413848  0.029746766473  0.015172554611  0.005025413848  0.011104176895  0.002004049729  0.003009124218  0.000000000000  0.002004049729  0.002004049729  0.002004049729  0.002004049729  0.002004049729  0.003006813043  0.011104176895  0.008057807380  0.005025413848  0.006036645703  
lophura_swinhoii 0.003009124218  0.027638290155  0.013125102998  0.003009124218  0.009067192157  0.000000000000  0.001001011067  0.002004049729  0.000000000000  0.000000000000  0.000000000000  0.000000000000  0.000000000000  0.001000753250  0.009067192157  0.006031223029  0.003009124218  0.004016242813  
syrmaticus_ellioti 0.003009124218  0.027638290155  0.013125102998  0.003009124218  0.009067192157  0.000000000000  0.001001011067  0.002004049729  0.000000000000  0.000000000000  0.000000000000  0.000000000000  0.000000000000  0.001000753250  0.009067192157  0.006031223029  0.003009124218  0.004016242813  
lophura_inornata 0.003009124218  0.027638290155  0.013125102998  0.003009124218  0.009067192157  0.000000000000  0.001001011067  0.002004049729  0.000000000000  0.000000000000  0.000000000000  0.000000000000  0.000000000000  0.001000753250  0.009067192157  0.006031223029  0.003009124218  0.004016242813  
lophura_nycthemera 0.003009124218  0.027638290155  0.013125102998  0.003009124218  0.009067192157  0.000000000000  0.001001011067  0.002004049729  0.000000000000  0.000000000000  0.000000000000  0.000000000000  0.000000000000  0.001000753250  0.009067192157  0.006031223029  0.003009124218  0.004016242813  
phasianus_colchicus 0.003009124218  0.027638290155  0.013125102998  0.003009124218  0.009067192157  0.000000000000  0.001001011067  0.002004049729  0.000000000000  0.000000000000  0.000000000000  0.000000000000  0.000000000000  0.001000753250  0.009067192157  0.006031223029  0.003009124218  0.004016242813  
catreus_wallichi 0.004012898693  0.026608231272  0.014141678606  0.004012898693  0.010078106258  0.001000753250  0.002002767314  0.003006813043  0.001000753250  0.001000753250  0.001000753250  0.001000753250  0.001000753250  0.000000000000  0.010078106258  0.007038552259  0.004012898693  0.005021032569  
perdix_dauuricae 0.006027340313  0.030758486396  0.016184569950  0.006027340313  0.012110074348  0.009067192157  0.010084637132  0.011104176895  0.009067192157  0.009067192157  0.009067192157  0.009067192157  0.009067192157  0.010078106258  0.000000000000  0.007035171138  0.006027340313  0.007038552259  
galgal4    0.003006813043  0.027617940640  0.013120076056  0.003006813043  0.009061715508  0.006031223029  0.007043478479  0.008057807380  0.006031223029  0.006031223029  0.006031223029  0.006031223029  0.006031223029  0.007038552259  0.007035171138  0.000000000000  0.003006813043  0.004012898693  
tragopan_blythii 0.000000000000  0.024492313778  0.010069711390  0.000000000000  0.006027340313  0.003009124218  0.004016242813  0.005025413848  0.003009124218  0.003009124218  0.003009124218  0.003009124218  0.003009124218  0.004012898693  0.006027340313  0.003006813043  0.000000000000  0.001001011067  
alectoris_rufa 0.001001011067  0.025538753424  0.011086082026  0.001001011067  0.007038552259  0.004016242813  0.005025413848  0.006036645703  0.004016242813  0.004016242813  0.004016242813  0.004016242813  0.004016242813  0.005021032569  0.007038552259  0.004012898693  0.001001011067  0.000000000000  

