18
cyrtonyx_montezumae 0.000000000000  0.005021365956  0.027627730208  0.021371827016  0.020320406744  0.027627730208  0.033863643109  0.023423793470  0.023423793470  0.023423793470  0.023423793470  0.026542051785  0.038076717095  0.026542051785  0.028640964699  0.023423793470  0.021357599046  0.030748993050  
perdix_dauuricae 0.005021365956  0.000000000000  0.030770367960  0.024482540299  0.023423793470  0.030770367960  0.037031332321  0.026542051785  0.026542051785  0.026542051785  0.026542051785  0.029675334399  0.041263874631  0.029675334399  0.031785581648  0.026542051785  0.024466520902  0.033905043265  
rollulus_rouloul 0.027627730208  0.030770367960  0.000000000000  0.029759465169  0.030793432894  0.037187459234  0.045662098450  0.035018879591  0.035018879591  0.035018879591  0.035018879591  0.036059468397  0.047772014480  0.036059468397  0.040350081053  0.032889975539  0.030793432894  0.039273867030  
lophophorus_impejanus 0.021371827016  0.024482540299  0.029759465169  0.000000000000  0.009075547822  0.017286933859  0.025528674147  0.015207029654  0.015207029654  0.015207029654  0.015207029654  0.016224264145  0.027590373742  0.016224264145  0.020364628354  0.015207029654  0.011115408114  0.021405261310  
galgal4    0.020320406744  0.023423793470  0.030793432894  0.009075547822  0.000000000000  0.016237753518  0.024466520902  0.014167251018  0.014167251018  0.014167251018  0.014167251018  0.017243071429  0.028623641193  0.017243071429  0.019310969708  0.014167251018  0.010085987749  0.020348231919  
pavo_cristatus 0.027627730208  0.030770367960  0.037187459234  0.017286933859  0.016237753518  0.000000000000  0.026558719914  0.016224264145  0.016224264145  0.016224264145  0.016224264145  0.019310969708  0.030729311238  0.019310969708  0.021387715457  0.016224264145  0.012127925682  0.022429429854  
chrysolophus_pictus 0.033863643109  0.037031332321  0.045662098450  0.025528674147  0.024466520902  0.026558719914  0.000000000000  0.010074026066  0.010074026066  0.010074026066  0.010074026066  0.013126669294  0.024428521105  0.013126669294  0.015174865621  0.014157649073  0.020308984167  0.028623641193  
lophura_swinhoii 0.023423793470  0.026542051785  0.035018879591  0.015207029654  0.014167251018  0.016224264145  0.010074026066  0.000000000000  0.000000000000  0.000000000000  0.000000000000  0.003006902964  0.014143368280  0.003006902964  0.005021365956  0.004016572579  0.010079193273  0.018263456904  
crossoptilon_crossoptilon 0.023423793470  0.026542051785  0.035018879591  0.015207029654  0.014167251018  0.016224264145  0.010074026066  0.000000000000  0.000000000000  0.000000000000  0.000000000000  0.003006902964  0.014143368280  0.003006902964  0.005021365956  0.004016572579  0.010079193273  0.018263456904  
catreus_wallichi 0.023423793470  0.026542051785  0.035018879591  0.015207029654  0.014167251018  0.016224264145  0.010074026066  0.000000000000  0.000000000000  0.000000000000  0.000000000000  0.003006902964  0.014143368280  0.003006902964  0.005021365956  0.004016572579  0.010079193273  0.018263456904  
lophura_nycthemera 0.023423793470  0.026542051785  0.035018879591  0.015207029654  0.014167251018  0.016224264145  0.010074026066  0.000000000000  0.000000000000  0.000000000000  0.000000000000  0.003006902964  0.014143368280  0.003006902964  0.005021365956  0.004016572579  0.010079193273  0.018263456904  
lophura_inornata 0.026542051785  0.029675334399  0.036059468397  0.016224264145  0.017243071429  0.019310969708  0.013126669294  0.003006902964  0.003006902964  0.003006902964  0.003006902964  0.000000000000  0.011087079357  0.000000000000  0.008052603801  0.007044224153  0.013133517972  0.021357599046  
syrmaticus_ellioti 0.038076717095  0.041263874631  0.047772014480  0.027590373742  0.028623641193  0.030729311238  0.024428521105  0.014143368280  0.014143368280  0.014143368280  0.014143368280  0.011087079357  0.000000000000  0.011087079357  0.019275140393  0.018252647394  0.024439508162  0.030695039363  
syrmaticus_reevesii 0.026542051785  0.029675334399  0.036059468397  0.016224264145  0.017243071429  0.019310969708  0.013126669294  0.003006902964  0.003006902964  0.003006902964  0.003006902964  0.000000000000  0.011087079357  0.000000000000  0.008052603801  0.007044224153  0.013133517972  0.021357599046  
phasianus_colchicus 0.028640964699  0.031785581648  0.040350081053  0.020364628354  0.019310969708  0.021387715457  0.015174865621  0.005021365956  0.005021365956  0.005021365956  0.005021365956  0.008052603801  0.019275140393  0.008052603801  0.000000000000  0.009075547822  0.015183945555  0.023438656260  
tragopan_blythii 0.023423793470  0.026542051785  0.032889975539  0.015207029654  0.014167251018  0.016224264145  0.014157649073  0.004016572579  0.004016572579  0.004016572579  0.004016572579  0.007044224153  0.018252647394  0.007044224153  0.009075547822  0.000000000000  0.010079193273  0.018263456904  
melgal2    0.021357599046  0.024466520902  0.030793432894  0.011115408114  0.010085987749  0.012127925682  0.020308984167  0.010079193273  0.010079193273  0.010079193273  0.010079193273  0.013133517972  0.024439508162  0.013133517972  0.015183945555  0.010079193273  0.000000000000  0.010085987749  
alectoris_rufa 0.030748993050  0.033905043265  0.039273867030  0.021405261310  0.020348231919  0.022429429854  0.028623641193  0.018263456904  0.018263456904  0.018263456904  0.018263456904  0.021357599046  0.030695039363  0.021357599046  0.023438656260  0.018263456904  0.010085987749  0.000000000000  

