18
cyrtonyx_montezumae 0.000000000000  0.020334491889  0.014179173697  0.014179173697  0.014179173697  0.014179173697  0.014179173697  0.014179173697  0.014179173697  0.016238696590  0.014179173697  0.016238696590  0.023475113833  0.020366019103  0.018291098908  0.019327445208  0.028682955797  0.028682955797  
lophura_inornata 0.020334491889  0.000000000000  0.006025284992  0.006025284992  0.006025284992  0.006025284992  0.006025284992  0.006025284992  0.006025284992  0.008048085698  0.006025284992  0.008048085698  0.014149974920  0.012111784520  0.010074132679  0.011091884454  0.020309608850  0.020309608850  
syrmaticus_reevesii 0.014179173697  0.006025284992  0.000000000000  0.000000000000  0.000000000000  0.000000000000  0.000000000000  0.000000000000  0.000000000000  0.002004150728  0.000000000000  0.002004150728  0.009068448660  0.006031856005  0.004013127718  0.005021437574  0.014158065943  0.014158065943  
catreus_wallichi 0.014179173697  0.006025284992  0.000000000000  0.000000000000  0.000000000000  0.000000000000  0.000000000000  0.000000000000  0.000000000000  0.002004150728  0.000000000000  0.002004150728  0.009068448660  0.006031856005  0.004013127718  0.005021437574  0.014158065943  0.014158065943  
lophura_swinhoii 0.014179173697  0.006025284992  0.000000000000  0.000000000000  0.000000000000  0.000000000000  0.000000000000  0.000000000000  0.000000000000  0.002004150728  0.000000000000  0.002004150728  0.009068448660  0.006031856005  0.004013127718  0.005021437574  0.014158065943  0.014158065943  
chrysolophus_pictus 0.014179173697  0.006025284992  0.000000000000  0.000000000000  0.000000000000  0.000000000000  0.000000000000  0.000000000000  0.000000000000  0.002004150728  0.000000000000  0.002004150728  0.009068448660  0.006031856005  0.004013127718  0.005021437574  0.014158065943  0.014158065943  
crossoptilon_crossoptilon 0.014179173697  0.006025284992  0.000000000000  0.000000000000  0.000000000000  0.000000000000  0.000000000000  0.000000000000  0.000000000000  0.002004150728  0.000000000000  0.002004150728  0.009068448660  0.006031856005  0.004013127718  0.005021437574  0.014158065943  0.014158065943  
lophura_nycthemera 0.014179173697  0.006025284992  0.000000000000  0.000000000000  0.000000000000  0.000000000000  0.000000000000  0.000000000000  0.000000000000  0.002004150728  0.000000000000  0.002004150728  0.009068448660  0.006031856005  0.004013127718  0.005021437574  0.014158065943  0.014158065943  
lophophorus_impejanus 0.014179173697  0.006025284992  0.000000000000  0.000000000000  0.000000000000  0.000000000000  0.000000000000  0.000000000000  0.000000000000  0.002004150728  0.000000000000  0.002004150728  0.009068448660  0.006031856005  0.004013127718  0.005021437574  0.014158065943  0.014158065943  
perdix_dauuricae 0.016238696590  0.008048085698  0.002004150728  0.002004150728  0.002004150728  0.002004150728  0.002004150728  0.002004150728  0.002004150728  0.000000000000  0.002004150728  0.004016649030  0.011106256333  0.008059053999  0.006031856005  0.007044391849  0.016213050351  0.016213050351  
phasianus_colchicus 0.014179173697  0.006025284992  0.000000000000  0.000000000000  0.000000000000  0.000000000000  0.000000000000  0.000000000000  0.000000000000  0.002004150728  0.000000000000  0.002004150728  0.009068448660  0.006031856005  0.004013127718  0.005021437574  0.014158065943  0.014158065943  
syrmaticus_ellioti 0.016238696590  0.008048085698  0.002004150728  0.002004150728  0.002004150728  0.002004150728  0.002004150728  0.002004150728  0.002004150728  0.004016649030  0.002004150728  0.000000000000  0.011106256333  0.008059053999  0.006031856005  0.007044391849  0.016213050351  0.016213050351  
galgal4    0.023475113833  0.014149974920  0.009068448660  0.009068448660  0.009068448660  0.009068448660  0.009068448660  0.009068448660  0.009068448660  0.011106256333  0.009068448660  0.011106256333  0.000000000000  0.007044391849  0.005021437574  0.006031856005  0.015184465649  0.015184465649  
melgal2    0.020366019103  0.012111784520  0.006031856005  0.006031856005  0.006031856005  0.006031856005  0.006031856005  0.006031856005  0.006031856005  0.008059053999  0.006031856005  0.008059053999  0.007044391849  0.000000000000  0.002004150728  0.003009352088  0.012119270874  0.012119270874  
tragopan_blythii 0.018291098908  0.010074132679  0.004013127718  0.004013127718  0.004013127718  0.004013127718  0.004013127718  0.004013127718  0.004013127718  0.006031856005  0.004013127718  0.006031856005  0.005021437574  0.002004150728  0.000000000000  0.001001036247  0.010079390391  0.010079390391  
rollulus_rouloul 0.019327445208  0.011091884454  0.005021437574  0.005021437574  0.005021437574  0.005021437574  0.005021437574  0.005021437574  0.005021437574  0.007044391849  0.005021437574  0.007044391849  0.006031856005  0.003009352088  0.001001036247  0.000000000000  0.011098254135  0.011098254135  
pavo_cristatus 0.028682955797  0.020309608850  0.014158065943  0.014158065943  0.014158065943  0.014158065943  0.014158065943  0.014158065943  0.014158065943  0.016213050351  0.014158065943  0.016213050351  0.015184465649  0.012119270874  0.010079390391  0.011098254135  0.000000000000  0.014143529821  
alectoris_rufa 0.028682955797  0.020309608850  0.014158065943  0.014158065943  0.014158065943  0.014158065943  0.014158065943  0.014158065943  0.014158065943  0.016213050351  0.014158065943  0.016213050351  0.015184465649  0.012119270874  0.010079390391  0.011098254135  0.014143529821  0.000000000000  

