18
cyrtonyx_montezumae 0.000000000000  0.019282373440  0.011101045649  0.021342710067  0.015179778232  0.017238773308  0.018271698759  0.019306923045  0.022381161145  0.018259775657  0.018259775657  0.018259775657  0.018259775657  0.020317438310  0.018259775657  0.018259775657  0.015179778232  0.008054303850  
rollulus_rouloul 0.019282373440  0.000000000000  0.008045870902  0.018234542940  0.012103619403  0.014146632083  0.015171513248  0.016198657543  0.019264863775  0.015164993762  0.015164993762  0.015164993762  0.015164993762  0.017211935001  0.015164993762  0.015164993762  0.012103619403  0.013129857130  
pavo_cristatus 0.011101045649  0.008045870902  0.000000000000  0.010071815277  0.004011422597  0.006028470894  0.007040284510  0.008054303850  0.011088930373  0.007036389861  0.007036389861  0.007036389861  0.007036389861  0.009059737288  0.007036389861  0.007036389861  0.004011422597  0.005022108670  
galgal4    0.021342710067  0.018234542940  0.010071815277  0.000000000000  0.014141318384  0.016190926942  0.017219127905  0.018249606700  0.021323816379  0.017211935001  0.017211935001  0.017211935001  0.017211935001  0.019264863775  0.017211935001  0.017211935001  0.014141318384  0.015171513248  
phasianus_colchicus 0.015179778232  0.012103619403  0.004011422597  0.014141318384  0.000000000000  0.002004312027  0.003009716038  0.004017297886  0.007036389861  0.003007093639  0.003007093639  0.003007093639  0.003007093639  0.005018853427  0.003007093639  0.003007093639  0.000000000000  0.009064277985  
perdix_dauuricae 0.017238773308  0.014146632083  0.006028470894  0.016190926942  0.002004312027  0.000000000000  0.005027067027  0.006039032978  0.009064277985  0.005022108670  0.005022108670  0.005022108670  0.005022108670  0.007040284510  0.005022108670  0.005022108670  0.002004312027  0.011101045649  
melgal2    0.018271698759  0.015171513248  0.007040284510  0.017219127905  0.003009716038  0.005027067027  0.000000000000  0.007053205318  0.010081547017  0.006032899014  0.006032899014  0.006032899014  0.006032899014  0.008054303850  0.006032899014  0.006032899014  0.003009716038  0.012122783676  
tragopan_blythii 0.019306923045  0.016198657543  0.008054303850  0.018249606700  0.004017297886  0.006039032978  0.007053205318  0.000000000000  0.011101045649  0.007045890619  0.007045890619  0.007045890619  0.007045890619  0.009070538552  0.007045890619  0.007045890619  0.004017297886  0.013146770958  
chrysolophus_pictus 0.022381161145  0.019264863775  0.011088930373  0.021323816379  0.007036389861  0.009064277985  0.010081547017  0.011101045649  0.000000000000  0.004011422597  0.004011422597  0.004011422597  0.004011422597  0.006025751498  0.004011422597  0.004011422597  0.007036389861  0.016198657543  
lophura_nycthemera 0.018259775657  0.015164993762  0.007036389861  0.017211935001  0.003007093639  0.005022108670  0.006032899014  0.007045890619  0.004011422597  0.000000000000  0.000000000000  0.000000000000  0.000000000000  0.002002850046  0.000000000000  0.000000000000  0.003007093639  0.012114663457  
lophura_swinhoii 0.018259775657  0.015164993762  0.007036389861  0.017211935001  0.003007093639  0.005022108670  0.006032899014  0.007045890619  0.004011422597  0.000000000000  0.000000000000  0.000000000000  0.000000000000  0.002002850046  0.000000000000  0.000000000000  0.003007093639  0.012114663457  
crossoptilon_crossoptilon 0.018259775657  0.015164993762  0.007036389861  0.017211935001  0.003007093639  0.005022108670  0.006032899014  0.007045890619  0.004011422597  0.000000000000  0.000000000000  0.000000000000  0.000000000000  0.002002850046  0.000000000000  0.000000000000  0.003007093639  0.012114663457  
syrmaticus_ellioti 0.018259775657  0.015164993762  0.007036389861  0.017211935001  0.003007093639  0.005022108670  0.006032899014  0.007045890619  0.004011422597  0.000000000000  0.000000000000  0.000000000000  0.000000000000  0.002002850046  0.000000000000  0.000000000000  0.003007093639  0.012114663457  
syrmaticus_reevesii 0.020317438310  0.017211935001  0.009059737288  0.019264863775  0.005018853427  0.007040284510  0.008054303850  0.009070538552  0.006025751498  0.002002850046  0.002002850046  0.002002850046  0.002002850046  0.000000000000  0.002002850046  0.002002850046  0.005018853427  0.014153688436  
lophura_inornata 0.018259775657  0.015164993762  0.007036389861  0.017211935001  0.003007093639  0.005022108670  0.006032899014  0.007045890619  0.004011422597  0.000000000000  0.000000000000  0.000000000000  0.000000000000  0.002002850046  0.000000000000  0.000000000000  0.003007093639  0.012114663457  
catreus_wallichi 0.018259775657  0.015164993762  0.007036389861  0.017211935001  0.003007093639  0.005022108670  0.006032899014  0.007045890619  0.004011422597  0.000000000000  0.000000000000  0.000000000000  0.000000000000  0.002002850046  0.000000000000  0.000000000000  0.003007093639  0.012114663457  
lophophorus_impejanus 0.015179778232  0.012103619403  0.004011422597  0.014141318384  0.000000000000  0.002004312027  0.003009716038  0.004017297886  0.007036389861  0.003007093639  0.003007093639  0.003007093639  0.003007093639  0.005018853427  0.003007093639  0.003007093639  0.000000000000  0.009064277985  
alectoris_rufa 0.008054303850  0.013129857130  0.005022108670  0.015171513248  0.009064277985  0.011101045649  0.012122783676  0.013146770958  0.016198657543  0.012114663457  0.012114663457  0.012114663457  0.012114663457  0.014153688436  0.012114663457  0.012114663457  0.009064277985  0.000000000000  

