18
perdix_dauuricae 0.000000000000  0.000000000000  0.000000000000  0.005018963808  0.000000000000  0.000000000000  0.035979776111  0.003009855006  0.004013618992  0.002002865883  0.000000000000  0.000000000000  0.008049529720  0.001001091810  0.008044538921  0.001001091810  0.007053970802  0.001001091810  
lophura_inornata 0.000000000000  0.000000000000  0.000000000000  0.005018963808  0.000000000000  0.000000000000  0.035979776111  0.003009855006  0.004013618992  0.002002865883  0.000000000000  0.000000000000  0.008049529720  0.001001091810  0.008044538921  0.001001091810  0.007053970802  0.001001091810  
syrmaticus_reevesii 0.000000000000  0.000000000000  0.000000000000  0.005018963808  0.000000000000  0.000000000000  0.035979776111  0.003009855006  0.004013618992  0.002002865883  0.000000000000  0.000000000000  0.008049529720  0.001001091810  0.008044538921  0.001001091810  0.007053970802  0.001001091810  
catreus_wallichi 0.005018963808  0.005018963808  0.005018963808  0.000000000000  0.005018963808  0.005018963808  0.041283755314  0.008054744271  0.009064705383  0.007036596222  0.005018963808  0.005018963808  0.013130642135  0.006028659506  0.013120586553  0.006028659506  0.012133965460  0.006028659506  
lophura_nycthemera 0.000000000000  0.000000000000  0.000000000000  0.005018963808  0.000000000000  0.000000000000  0.035979776111  0.003009855006  0.004013618992  0.002002865883  0.000000000000  0.000000000000  0.008049529720  0.001001091810  0.008044538921  0.001001091810  0.007053970802  0.001001091810  
lophura_swinhoii 0.000000000000  0.000000000000  0.000000000000  0.005018963808  0.000000000000  0.000000000000  0.035979776111  0.003009855006  0.004013618992  0.002002865883  0.000000000000  0.000000000000  0.008049529720  0.001001091810  0.008044538921  0.001001091810  0.007053970802  0.001001091810  
phasianus_colchicus 0.035979776111  0.035979776111  0.035979776111  0.041283755314  0.035979776111  0.035979776111  0.000000000000  0.032796711563  0.038091950535  0.038091950535  0.035979776111  0.035979776111  0.044491889788  0.037045725976  0.044444603153  0.037045725976  0.043493983297  0.037045725976  
lophophorus_impejanus 0.003009855006  0.003009855006  0.003009855006  0.008054744271  0.003009855006  0.003009855006  0.032796711563  0.000000000000  0.005022311172  0.005022311172  0.003009855006  0.003009855006  0.011101823065  0.004017545661  0.011089427307  0.004017545661  0.010110633448  0.004017545661  
tragopan_blythii 0.004013618992  0.004013618992  0.004013618992  0.009064705383  0.004013618992  0.004013618992  0.038091950535  0.005022311172  0.000000000000  0.006028659506  0.004013618992  0.004013618992  0.012115428714  0.005022311172  0.012104199419  0.005022311172  0.011121501924  0.005022311172  
melgal2    0.002002865883  0.002002865883  0.002002865883  0.007036596222  0.002002865883  0.002002865883  0.038091950535  0.005022311172  0.006028659506  0.000000000000  0.002002865883  0.002002865883  0.010076264517  0.003007140461  0.010069992721  0.003007140461  0.009079412527  0.003007140461  
crossoptilon_crossoptilon 0.000000000000  0.000000000000  0.000000000000  0.005018963808  0.000000000000  0.000000000000  0.035979776111  0.003009855006  0.004013618992  0.002002865883  0.000000000000  0.000000000000  0.008049529720  0.001001091810  0.008044538921  0.001001091810  0.007053970802  0.001001091810  
chrysolophus_pictus 0.000000000000  0.000000000000  0.000000000000  0.005018963808  0.000000000000  0.000000000000  0.035979776111  0.003009855006  0.004013618992  0.002002865883  0.000000000000  0.000000000000  0.008049529720  0.001001091810  0.008044538921  0.001001091810  0.007053970802  0.001001091810  
pavo_cristatus 0.008049529720  0.008049529720  0.008049529720  0.013130642135  0.008049529720  0.008049529720  0.044491889788  0.011101823065  0.012115428714  0.010076264517  0.008049529720  0.008049529720  0.000000000000  0.007036596222  0.014138594440  0.007036596222  0.013148029652  0.007036596222  
galgal4    0.001001091810  0.001001091810  0.001001091810  0.006028659506  0.001001091810  0.001001091810  0.037045725976  0.004017545661  0.005022311172  0.003007140461  0.001001091810  0.001001091810  0.007036596222  0.000000000000  0.007034051987  0.000000000000  0.006039593732  0.000000000000  
cyrtonyx_montezumae 0.008044538921  0.008044538921  0.008044538921  0.013120586553  0.008044538921  0.008044538921  0.044444603153  0.011089427307  0.012104199419  0.010069992721  0.008044538921  0.008044538921  0.014138594440  0.007034051987  0.000000000000  0.007034051987  0.013130642135  0.007034051987  
syrmaticus_ellioti 0.001001091810  0.001001091810  0.001001091810  0.006028659506  0.001001091810  0.001001091810  0.037045725976  0.004017545661  0.005022311172  0.003007140461  0.001001091810  0.001001091810  0.007036596222  0.000000000000  0.007034051987  0.000000000000  0.006039593732  0.000000000000  
rollulus_rouloul 0.007053970802  0.007053970802  0.007053970802  0.012133965460  0.007053970802  0.007053970802  0.043493983297  0.010110633448  0.011121501924  0.009079412527  0.007053970802  0.007053970802  0.013148029652  0.006039593732  0.013130642135  0.006039593732  0.000000000000  0.006039593732  
alectoris_rufa 0.001001091810  0.001001091810  0.001001091810  0.006028659506  0.001001091810  0.001001091810  0.037045725976  0.004017545661  0.005022311172  0.003007140461  0.001001091810  0.001001091810  0.007036596222  0.000000000000  0.007034051987  0.000000000000  0.006039593732  0.000000000000  

