18
cyrtonyx_montezumae 0.000000000000  0.030883196841  0.025621486434  0.034082987019  0.036228101742  0.033014016659  0.033014016659  0.033014016659  0.035120792531  0.035154345149  0.034082987019  0.028761801584  0.029821326356  0.037268221602  0.036160224625  0.031917569321  0.030883196841  0.019347160778  
galgal4    0.030883196841  0.000000000000  0.013165816541  0.029850438021  0.034117008547  0.030913527806  0.030913527806  0.030913527806  0.033014016659  0.030913527806  0.029850438021  0.024570049056  0.025621486434  0.030883196841  0.031917569321  0.027704612184  0.026675233814  0.015223663521  
pavo_cristatus 0.025621486434  0.013165816541  0.000000000000  0.026702404490  0.028819287344  0.025647456405  0.025647456405  0.025647456405  0.027731301368  0.025647456405  0.024594823582  0.019366035812  0.020407243105  0.027731301368  0.026649747884  0.022474063944  0.021450715618  0.010105718662  
rollulus_rouloul 0.034082987019  0.029850438021  0.026702404490  0.000000000000  0.033046802518  0.029850438021  0.029850438021  0.029850438021  0.031947423449  0.029850438021  0.028789699334  0.023520911572  0.024570049056  0.034082987019  0.032982935187  0.026649747884  0.027731301368  0.016255907436  
chrysolophus_pictus 0.036228101742  0.034117008547  0.028819287344  0.033046802518  0.000000000000  0.003009421504  0.003009421504  0.003009421504  0.003006971312  0.009085511177  0.006037844736  0.009085511177  0.010105718662  0.025647456405  0.023520911572  0.022496463229  0.021473603363  0.018327083925  
lophura_nycthemera 0.033014016659  0.030913527806  0.025647456405  0.029850438021  0.003009421504  0.000000000000  0.000000000000  0.000000000000  0.002002821579  0.006037844736  0.005026244210  0.006037844736  0.007051583358  0.024594823582  0.022474063944  0.019366035812  0.020428953459  0.015223663521  
lophura_swinhoii 0.033014016659  0.030913527806  0.025647456405  0.029850438021  0.003009421504  0.000000000000  0.000000000000  0.000000000000  0.002002821579  0.006037844736  0.005026244210  0.006037844736  0.007051583358  0.024594823582  0.022474063944  0.019366035812  0.020428953459  0.015223663521  
phasianus_colchicus 0.033014016659  0.030913527806  0.025647456405  0.029850438021  0.003009421504  0.000000000000  0.000000000000  0.000000000000  0.002002821579  0.006037844736  0.005026244210  0.006037844736  0.007051583358  0.024594823582  0.022474063944  0.019366035812  0.020428953459  0.015223663521  
lophura_inornata 0.035120792531  0.033014016659  0.027731301368  0.031947423449  0.003006971312  0.002002821579  0.002002821579  0.002002821579  0.000000000000  0.008059498240  0.005021599688  0.008059498240  0.009076422075  0.024570049056  0.022453338590  0.021429496197  0.020407243105  0.017273826814  
catreus_wallichi 0.035154345149  0.030913527806  0.025647456405  0.029850438021  0.009085511177  0.006037844736  0.006037844736  0.006037844736  0.008059498240  0.000000000000  0.007051583358  0.006037844736  0.007051583358  0.024594823582  0.023520911572  0.019366035812  0.020428953459  0.015223663521  
crossoptilon_crossoptilon 0.034082987019  0.029850438021  0.024594823582  0.028789699334  0.006037844736  0.005026244210  0.005026244210  0.005026244210  0.005021599688  0.007051583358  0.000000000000  0.007051583358  0.008067469133  0.021450715618  0.017273826814  0.018327083925  0.017308586401  0.014193636390  
syrmaticus_reevesii 0.028761801584  0.024570049056  0.019366035812  0.023520911572  0.009085511177  0.006037844736  0.006037844736  0.006037844736  0.008059498240  0.006037844736  0.007051583358  0.000000000000  0.001001043918  0.018327083925  0.017273826814  0.013165816541  0.014208388542  0.009076422075  
syrmaticus_ellioti 0.029821326356  0.025621486434  0.020407243105  0.024570049056  0.010105718662  0.007051583358  0.007051583358  0.007051583358  0.009076422075  0.007051583358  0.008067469133  0.001001043918  0.000000000000  0.019366035812  0.018309373481  0.014193636390  0.015239562901  0.010095506591  
melgal2    0.037268221602  0.030883196841  0.027731301368  0.034082987019  0.025647456405  0.024594823582  0.024594823582  0.024594823582  0.024570049056  0.024594823582  0.021450715618  0.018327083925  0.019366035812  0.000000000000  0.023499003871  0.019386573885  0.018327083925  0.017273826814  
perdix_dauuricae 0.036160224625  0.031917569321  0.026649747884  0.032982935187  0.023520911572  0.022474063944  0.022474063944  0.022474063944  0.022453338590  0.023520911572  0.017273826814  0.017273826814  0.018309373481  0.023499003871  0.000000000000  0.020368822373  0.017273826814  0.016226773042  
tragopan_blythii 0.031917569321  0.027704612184  0.022474063944  0.026649747884  0.022496463229  0.019366035812  0.019366035812  0.019366035812  0.021429496197  0.019366035812  0.018327083925  0.013165816541  0.014193636390  0.019386573885  0.020368822373  0.000000000000  0.015223663521  0.012129367200  
lophophorus_impejanus 0.030883196841  0.026675233814  0.021450715618  0.027731301368  0.021473603363  0.020428953459  0.020428953459  0.020428953459  0.020407243105  0.020428953459  0.017308586401  0.014208388542  0.015239562901  0.018327083925  0.017273826814  0.015223663521  0.000000000000  0.011116760992  
alectoris_rufa 0.019347160778  0.015223663521  0.010105718662  0.016255907436  0.018327083925  0.015223663521  0.015223663521  0.015223663521  0.017273826814  0.015223663521  0.014193636390  0.009076422075  0.010095506591  0.017273826814  0.016226773042  0.012129367200  0.011116760992  0.000000000000  

