18
cyrtonyx_montezumae 0.000000000000  0.042895753372  0.029931412537  0.073265455056  0.052858746663  0.055036887082  0.046193385358  0.057287689946  0.061750264465  0.055036887082  0.064105377624  0.062962219668  0.056160943722  0.057287689946  0.059413808676  0.048348317504  0.061821830121  0.063037094617  
rollulus_rouloul 0.042895753372  0.000000000000  0.026745338461  0.067472662242  0.045091606846  0.049456502479  0.040710091856  0.053915507216  0.056096571342  0.049456502479  0.056160943722  0.057287689946  0.052796791406  0.053915507216  0.054912805038  0.042846177190  0.056160943722  0.057355318466  
pavo_cristatus 0.029931412537  0.026745338461  0.000000000000  0.042798387246  0.023580676298  0.025659284138  0.017314449893  0.027773652783  0.031996424772  0.025659284138  0.034174324311  0.033101485758  0.028834407904  0.029897557887  0.030898105719  0.019372550070  0.032031085865  0.033139190244  
perdix_dauuricae 0.073265455056  0.067472662242  0.042798387246  0.000000000000  0.026686964164  0.041662308106  0.033065538654  0.043844993471  0.045989594989  0.039489693109  0.048240951776  0.044940141799  0.044940141799  0.043844993471  0.044848151398  0.035174305490  0.057157929143  0.053853964270  
lophophorus_impejanus 0.052858746663  0.045091606846  0.023580676298  0.026686964164  0.000000000000  0.022505425846  0.014212330812  0.024605649301  0.026686964164  0.020414527838  0.028834407904  0.025659284138  0.025659284138  0.024605649301  0.025606891201  0.016260379461  0.037407583683  0.034213323790  
chrysolophus_pictus 0.055036887082  0.049456502479  0.025659284138  0.041662308106  0.022505425846  0.000000000000  0.016260379461  0.028803570067  0.030898105719  0.024579829431  0.033065538654  0.031996424772  0.029865451389  0.028803570067  0.029806493917  0.018314414008  0.041706972218  0.036327362021  
tragopan_blythii 0.046193385358  0.040710091856  0.017314449893  0.033065538654  0.014212330812  0.016260379461  0.000000000000  0.012142557534  0.014183308767  0.008060432237  0.016260379461  0.015227543260  0.013168642136  0.012142557534  0.013145403565  0.010097071529  0.033101485758  0.029931412537  
catreus_wallichi 0.057287689946  0.053915507216  0.027773652783  0.043844993471  0.024605649301  0.028803570067  0.012142557534  0.000000000000  0.010097071529  0.004017085540  0.012155546681  0.011130513667  0.009087117173  0.008068734454  0.009069875626  0.022482081484  0.046087892460  0.042846177190  
lophura_nycthemera 0.061750264465  0.056096571342  0.031996424772  0.045989594989  0.026686964164  0.030898105719  0.014183308767  0.010097071529  0.000000000000  0.006032563463  0.014196967442  0.013168642136  0.011118703892  0.010097071529  0.011100176805  0.022460467286  0.048240951776  0.042798387246  
lophura_swinhoii 0.055036887082  0.049456502479  0.025659284138  0.039489693109  0.020414527838  0.024579829431  0.008060432237  0.004017085540  0.006032563463  0.000000000000  0.008068734454  0.007052549365  0.005026734281  0.004017085540  0.005018735283  0.018314414008  0.041706972218  0.038490289016  
syrmaticus_ellioti 0.064105377624  0.056160943722  0.034174324311  0.048240951776  0.028834407904  0.033065538654  0.016260379461  0.012155546681  0.014196967442  0.008068734454  0.000000000000  0.009087117173  0.007052549365  0.006038552442  0.007039948993  0.026686964164  0.050509952652  0.047242734333  
syrmaticus_reevesii 0.062962219668  0.057287689946  0.033101485758  0.044940141799  0.025659284138  0.031996424772  0.015227543260  0.011130513667  0.013168642136  0.007052549365  0.009087117173  0.000000000000  0.006038552442  0.005026734281  0.006028257700  0.025632218202  0.047189520544  0.046139740777  
lophura_inornata 0.056160943722  0.052796791406  0.028834407904  0.044940141799  0.025659284138  0.029865451389  0.013168642136  0.009087117173  0.011118703892  0.005026734281  0.007052549365  0.006038552442  0.000000000000  0.001001063300  0.004011372462  0.023529787339  0.047189520544  0.043941474182  
phasianus_colchicus 0.057287689946  0.053915507216  0.029897557887  0.043844993471  0.024605649301  0.028803570067  0.012142557534  0.008068734454  0.010097071529  0.004017085540  0.006038552442  0.005026734281  0.001001063300  0.000000000000  0.003006160019  0.022482081484  0.046087892460  0.042846177190  
crossoptilon_crossoptilon 0.059413808676  0.054912805038  0.030898105719  0.044848151398  0.025606891201  0.029806493917  0.013145403565  0.009069875626  0.011100176805  0.005018735283  0.007039948993  0.006028257700  0.004011372462  0.003006160019  0.000000000000  0.023485830683  0.047088502245  0.043844993471  
melgal2    0.048348317504  0.042846177190  0.019372550070  0.035174305490  0.016260379461  0.018314414008  0.010097071529  0.022482081484  0.022460467286  0.018314414008  0.026686964164  0.025632218202  0.023529787339  0.022482081484  0.023485830683  0.000000000000  0.035211075904  0.029897557887  
galgal4    0.061821830121  0.056160943722  0.032031085865  0.057157929143  0.037407583683  0.041706972218  0.033101485758  0.046087892460  0.048240951776  0.041706972218  0.050509952652  0.047189520544  0.047189520544  0.046087892460  0.047088502245  0.035211075904  0.000000000000  0.045039324732  
alectoris_rufa 0.063037094617  0.057355318466  0.033139190244  0.053853964270  0.034213323790  0.036327362021  0.029931412537  0.042846177190  0.042798387246  0.038490289016  0.047242734333  0.046139740777  0.043941474182  0.042846177190  0.043844993471  0.029897557887  0.045039324732  0.000000000000  

