18
phasianus_colchicus 0.000000000000  0.015174304744  0.014157077787  0.016211571951  0.027645869178  0.014157077787  0.016201528218  0.014157077787  0.014157077787  0.014157077787  0.014157077787  0.014157077787  0.014157077787  0.030814146132  0.015183244952  0.015183244952  0.015183244952  0.023436941565  
melgal2    0.015174304744  0.000000000000  0.003006881173  0.005021271647  0.016236496919  0.003006881173  0.005018361578  0.003006881173  0.003006881173  0.003006881173  0.003006881173  0.003006881173  0.003006881173  0.019341227261  0.004013038242  0.004013038242  0.004013038242  0.016201528218  
catreus_wallichi 0.014157077787  0.003006881173  0.000000000000  0.002004104764  0.013162928840  0.000000000000  0.002002791908  0.000000000000  0.000000000000  0.000000000000  0.000000000000  0.000000000000  0.000000000000  0.016251372099  0.001001024788  0.001001024788  0.001001024788  0.013133061402  
lophura_nycthemera 0.016211571951  0.005021271647  0.002004104764  0.000000000000  0.011114759818  0.002004104764  0.004013038242  0.002004104764  0.002004104764  0.002004104764  0.002004104764  0.002004104764  0.002004104764  0.018321234078  0.003009248383  0.003009248383  0.003009248383  0.015183244952  
tragopan_blythii 0.027645869178  0.016236496919  0.013162928840  0.011114759818  0.000000000000  0.013162928840  0.015205955741  0.013162928840  0.013162928840  0.013162928840  0.013162928840  0.013162928840  0.013162928840  0.027718277766  0.014190242212  0.014190242212  0.014190242212  0.026594326142  
lophophorus_impejanus 0.014157077787  0.003006881173  0.000000000000  0.002004104764  0.013162928840  0.000000000000  0.002002791908  0.000000000000  0.000000000000  0.000000000000  0.000000000000  0.000000000000  0.000000000000  0.016251372099  0.001001024788  0.001001024788  0.001001024788  0.013133061402  
rollulus_rouloul 0.016201528218  0.005018361578  0.002002791908  0.004013038242  0.015205955741  0.002002791908  0.000000000000  0.002002791908  0.002002791908  0.002002791908  0.002002791908  0.002002791908  0.002002791908  0.018304123422  0.003006881173  0.003006881173  0.003006881173  0.015174304744  
syrmaticus_ellioti 0.014157077787  0.003006881173  0.000000000000  0.002004104764  0.013162928840  0.000000000000  0.002002791908  0.000000000000  0.000000000000  0.000000000000  0.000000000000  0.000000000000  0.000000000000  0.016251372099  0.001001024788  0.001001024788  0.001001024788  0.013133061402  
syrmaticus_reevesii 0.014157077787  0.003006881173  0.000000000000  0.002004104764  0.013162928840  0.000000000000  0.002002791908  0.000000000000  0.000000000000  0.000000000000  0.000000000000  0.000000000000  0.000000000000  0.016251372099  0.001001024788  0.001001024788  0.001001024788  0.013133061402  
lophura_inornata 0.014157077787  0.003006881173  0.000000000000  0.002004104764  0.013162928840  0.000000000000  0.002002791908  0.000000000000  0.000000000000  0.000000000000  0.000000000000  0.000000000000  0.000000000000  0.016251372099  0.001001024788  0.001001024788  0.001001024788  0.013133061402  
lophura_swinhoii 0.014157077787  0.003006881173  0.000000000000  0.002004104764  0.013162928840  0.000000000000  0.002002791908  0.000000000000  0.000000000000  0.000000000000  0.000000000000  0.000000000000  0.000000000000  0.016251372099  0.001001024788  0.001001024788  0.001001024788  0.013133061402  
pavo_cristatus 0.014157077787  0.003006881173  0.000000000000  0.002004104764  0.013162928840  0.000000000000  0.002002791908  0.000000000000  0.000000000000  0.000000000000  0.000000000000  0.000000000000  0.000000000000  0.016251372099  0.001001024788  0.001001024788  0.001001024788  0.013133061402  
chrysolophus_pictus 0.014157077787  0.003006881173  0.000000000000  0.002004104764  0.013162928840  0.000000000000  0.002002791908  0.000000000000  0.000000000000  0.000000000000  0.000000000000  0.000000000000  0.000000000000  0.016251372099  0.001001024788  0.001001024788  0.001001024788  0.013133061402  
cyrtonyx_montezumae 0.030814146132  0.019341227261  0.016251372099  0.018321234078  0.027718277766  0.016251372099  0.018304123422  0.016251372099  0.016251372099  0.016251372099  0.016251372099  0.016251372099  0.016251372099  0.000000000000  0.017285206955  0.017285206955  0.017285206955  0.026638644460  
crossoptilon_crossoptilon 0.015183244952  0.004013038242  0.001001024788  0.003009248383  0.014190242212  0.001001024788  0.003006881173  0.001001024788  0.001001024788  0.001001024788  0.001001024788  0.001001024788  0.001001024788  0.017285206955  0.000000000000  0.002004104764  0.002004104764  0.014157077787  
perdix_dauuricae 0.015183244952  0.004013038242  0.001001024788  0.003009248383  0.014190242212  0.001001024788  0.003006881173  0.001001024788  0.001001024788  0.001001024788  0.001001024788  0.001001024788  0.001001024788  0.017285206955  0.002004104764  0.000000000000  0.000000000000  0.014157077787  
galgal4    0.015183244952  0.004013038242  0.001001024788  0.003009248383  0.014190242212  0.001001024788  0.003006881173  0.001001024788  0.001001024788  0.001001024788  0.001001024788  0.001001024788  0.001001024788  0.017285206955  0.002004104764  0.000000000000  0.000000000000  0.014157077787  
alectoris_rufa 0.023436941565  0.016201528218  0.013133061402  0.015183244952  0.026594326142  0.013133061402  0.015174304744  0.013133061402  0.013133061402  0.013133061402  0.013133061402  0.013133061402  0.013133061402  0.026638644460  0.014157077787  0.014157077787  0.014157077787  0.000000000000  

