18
cyrtonyx_montezumae 0.000000000000  0.007040105795  0.014161756559  0.010081192238  0.011100585306  0.011100585306  0.011100585306  0.015188907869  0.011100585306  0.011100585306  0.011100585306  0.013136854342  0.007040105795  0.007040105795  0.015188907869  0.012131928026  0.014172153225  0.002003078704  
crossoptilon_crossoptilon 0.007040105795  0.000000000000  0.007040105795  0.003007064795  0.004013446899  0.004013446899  0.004013446899  0.008054048626  0.004013446899  0.004013446899  0.004013446899  0.006028354647  0.000000000000  0.000000000000  0.008054048626  0.005026897193  0.007045641480  0.005026897193  
lophophorus_impejanus 0.014161756559  0.007040105795  0.000000000000  0.004013446899  0.005021997461  0.005021997461  0.005021997461  0.009070192654  0.005021997461  0.005021997461  0.005021997461  0.007040105795  0.007040105795  0.007040105795  0.015188907869  0.012131928026  0.014172153225  0.012131928026  
tragopan_blythii 0.010081192238  0.003007064795  0.004013446899  0.000000000000  0.001001069743  0.001001069743  0.001001069743  0.005021997461  0.001001069743  0.001001069743  0.001001069743  0.003007064795  0.003007064795  0.003007064795  0.011100585306  0.008060753850  0.010088547460  0.008060753850  
catreus_wallichi 0.011100585306  0.004013446899  0.005021997461  0.001001069743  0.000000000000  0.000000000000  0.000000000000  0.004013446899  0.000000000000  0.000000000000  0.000000000000  0.002002841844  0.004013446899  0.004013446899  0.012122203327  0.009078072504  0.011109122682  0.009078072504  
chrysolophus_pictus 0.011100585306  0.004013446899  0.005021997461  0.001001069743  0.000000000000  0.000000000000  0.000000000000  0.004013446899  0.000000000000  0.000000000000  0.000000000000  0.002002841844  0.004013446899  0.004013446899  0.012122203327  0.009078072504  0.011109122682  0.009078072504  
phasianus_colchicus 0.011100585306  0.004013446899  0.005021997461  0.001001069743  0.000000000000  0.000000000000  0.000000000000  0.004013446899  0.000000000000  0.000000000000  0.000000000000  0.002002841844  0.004013446899  0.004013446899  0.012122203327  0.009078072504  0.011109122682  0.009078072504  
lophura_inornata 0.015188907869  0.008054048626  0.009070192654  0.005021997461  0.004013446899  0.004013446899  0.004013446899  0.000000000000  0.004013446899  0.004013446899  0.004013446899  0.005018785727  0.008054048626  0.008054048626  0.016218318163  0.013156973259  0.015200504761  0.013156973259  
lophura_nycthemera 0.011100585306  0.004013446899  0.005021997461  0.001001069743  0.000000000000  0.000000000000  0.000000000000  0.004013446899  0.000000000000  0.000000000000  0.000000000000  0.002002841844  0.004013446899  0.004013446899  0.012122203327  0.009078072504  0.011109122682  0.009078072504  
lophura_swinhoii 0.011100585306  0.004013446899  0.005021997461  0.001001069743  0.000000000000  0.000000000000  0.000000000000  0.004013446899  0.000000000000  0.000000000000  0.000000000000  0.002002841844  0.004013446899  0.004013446899  0.012122203327  0.009078072504  0.011109122682  0.009078072504  
syrmaticus_ellioti 0.011100585306  0.004013446899  0.005021997461  0.001001069743  0.000000000000  0.000000000000  0.000000000000  0.004013446899  0.000000000000  0.000000000000  0.000000000000  0.002002841844  0.004013446899  0.004013446899  0.012122203327  0.009078072504  0.011109122682  0.009078072504  
syrmaticus_reevesii 0.013136854342  0.006028354647  0.007040105795  0.003007064795  0.002002841844  0.002002841844  0.002002841844  0.005018785727  0.002002841844  0.002002841844  0.002002841844  0.000000000000  0.006028354647  0.006028354647  0.014161756559  0.011109122682  0.013146056034  0.011109122682  
pavo_cristatus 0.007040105795  0.000000000000  0.007040105795  0.003007064795  0.004013446899  0.004013446899  0.004013446899  0.008054048626  0.004013446899  0.004013446899  0.004013446899  0.006028354647  0.000000000000  0.000000000000  0.008054048626  0.005026897193  0.007045641480  0.005026897193  
perdix_dauuricae 0.007040105795  0.000000000000  0.007040105795  0.003007064795  0.004013446899  0.004013446899  0.004013446899  0.008054048626  0.004013446899  0.004013446899  0.004013446899  0.006028354647  0.000000000000  0.000000000000  0.008054048626  0.005026897193  0.007045641480  0.005026897193  
rollulus_rouloul 0.015188907869  0.008054048626  0.015188907869  0.011100585306  0.012122203327  0.012122203327  0.012122203327  0.016218318163  0.012122203327  0.012122203327  0.012122203327  0.014161756559  0.008054048626  0.008054048626  0.000000000000  0.003006157059  0.011100585306  0.013156973259  
galgal4    0.012131928026  0.005026897193  0.012131928026  0.008060753850  0.009078072504  0.009078072504  0.009078072504  0.013156973259  0.009078072504  0.009078072504  0.009078072504  0.011109122682  0.005026897193  0.005026897193  0.003006157059  0.000000000000  0.008060753850  0.010108368156  
melgal2    0.014172153225  0.007045641480  0.014172153225  0.010088547460  0.011109122682  0.011109122682  0.011109122682  0.015200504761  0.011109122682  0.011109122682  0.011109122682  0.013146056034  0.007045641480  0.007045641480  0.011100585306  0.008060753850  0.000000000000  0.012143362606  
alectoris_rufa 0.002003078704  0.005026897193  0.012131928026  0.008060753850  0.009078072504  0.009078072504  0.009078072504  0.013156973259  0.009078072504  0.009078072504  0.009078072504  0.011109122682  0.005026897193  0.005026897193  0.013156973259  0.010108368156  0.012143362606  0.000000000000  

