18
melgal2    0.000000000000  0.004016529383  0.004016529383  0.007050831689  0.009084261638  0.010104171680  0.007044132196  0.006037294030  0.005025862841  0.008066484609  0.005025862841  0.011115148649  0.013176789755  0.008066484609  0.008066484609  0.008066484609  0.010104171680  0.001000757593  
galgal4    0.004016529383  0.000000000000  0.000000000000  0.003009284973  0.005025862841  0.006037294030  0.003006888695  0.002004120981  0.001001028831  0.004016529383  0.001001028831  0.007044132196  0.009084261638  0.004016529383  0.004016529383  0.004016529383  0.006037294030  0.005021323885  
perdix_dauuricae 0.004016529383  0.000000000000  0.000000000000  0.003009284973  0.005025862841  0.006037294030  0.003006888695  0.002004120981  0.001001028831  0.004016529383  0.001001028831  0.007044132196  0.009084261638  0.004016529383  0.004016529383  0.004016529383  0.006037294030  0.005021323885  
lophophorus_impejanus 0.007050831689  0.003009284973  0.003009284973  0.000000000000  0.008066484609  0.009084261638  0.006031677052  0.005025862841  0.004016529383  0.007050831689  0.004016529383  0.010094197404  0.012150426694  0.007050831689  0.007050831689  0.007050831689  0.009084261638  0.008058698080  
cyrtonyx_montezumae 0.009084261638  0.005025862841  0.005025862841  0.008066484609  0.000000000000  0.003009284973  0.008058698080  0.007050831689  0.006037294030  0.009084261638  0.006037294030  0.012138246245  0.012150426694  0.009084261638  0.009084261638  0.009084261638  0.011126223693  0.010094197404  
pavo_cristatus 0.010104171680  0.006037294030  0.006037294030  0.009084261638  0.003009284973  0.000000000000  0.009075383525  0.008066484609  0.007050831689  0.010104171680  0.007050831689  0.013163499237  0.015236032640  0.010104171680  0.010104171680  0.010104171680  0.012150426694  0.011115148649  
tragopan_blythii 0.007044132196  0.003006888695  0.003006888695  0.006031677052  0.008058698080  0.009075383525  0.000000000000  0.005021323885  0.004013063985  0.007044132196  0.004013063985  0.010085817479  0.012138246245  0.007044132196  0.007044132196  0.007044132196  0.009075383525  0.008052501210  
rollulus_rouloul 0.006037294030  0.002004120981  0.002004120981  0.005025862841  0.007050831689  0.008066484609  0.005021323885  0.000000000000  0.003009284973  0.006037294030  0.003009284973  0.009075383525  0.011126223693  0.006037294030  0.006037294030  0.006037294030  0.008066484609  0.007044132196  
lophura_swinhoii 0.005025862841  0.001001028831  0.001001028831  0.004016529383  0.006037294030  0.007050831689  0.004013063985  0.003009284973  0.000000000000  0.003009284973  0.000000000000  0.006031677052  0.008066484609  0.003009284973  0.003009284973  0.003009284973  0.005025862841  0.006031677052  
phasianus_colchicus 0.008066484609  0.004016529383  0.004016529383  0.007050831689  0.009084261638  0.010104171680  0.007044132196  0.006037294030  0.003009284973  0.000000000000  0.003009284973  0.009075383525  0.011126223693  0.006037294030  0.006037294030  0.006037294030  0.008066484609  0.009075383525  
syrmaticus_reevesii 0.005025862841  0.001001028831  0.001001028831  0.004016529383  0.006037294030  0.007050831689  0.004013063985  0.003009284973  0.000000000000  0.003009284973  0.000000000000  0.006031677052  0.008066484609  0.003009284973  0.003009284973  0.003009284973  0.005025862841  0.006031677052  
lophura_inornata 0.011115148649  0.007044132196  0.007044132196  0.010094197404  0.012138246245  0.013163499237  0.010085817479  0.009075383525  0.006031677052  0.009075383525  0.006031677052  0.000000000000  0.008058698080  0.003006888695  0.003006888695  0.003006888695  0.009075383525  0.012127664899  
catreus_wallichi 0.013176789755  0.009084261638  0.009084261638  0.012150426694  0.012150426694  0.015236032640  0.012138246245  0.011126223693  0.008066484609  0.011126223693  0.008066484609  0.008058698080  0.000000000000  0.005025862841  0.005025862841  0.005025862841  0.011126223693  0.014190916725  
crossoptilon_crossoptilon 0.008066484609  0.004016529383  0.004016529383  0.007050831689  0.009084261638  0.010104171680  0.007044132196  0.006037294030  0.003009284973  0.006037294030  0.003009284973  0.003006888695  0.005025862841  0.000000000000  0.000000000000  0.000000000000  0.006037294030  0.009075383525  
chrysolophus_pictus 0.008066484609  0.004016529383  0.004016529383  0.007050831689  0.009084261638  0.010104171680  0.007044132196  0.006037294030  0.003009284973  0.006037294030  0.003009284973  0.003006888695  0.005025862841  0.000000000000  0.000000000000  0.000000000000  0.006037294030  0.009075383525  
lophura_nycthemera 0.008066484609  0.004016529383  0.004016529383  0.007050831689  0.009084261638  0.010104171680  0.007044132196  0.006037294030  0.003009284973  0.006037294030  0.003009284973  0.003006888695  0.005025862841  0.000000000000  0.000000000000  0.000000000000  0.006037294030  0.009075383525  
syrmaticus_ellioti 0.010104171680  0.006037294030  0.006037294030  0.009084261638  0.011126223693  0.012150426694  0.009075383525  0.008066484609  0.005025862841  0.008066484609  0.005025862841  0.009075383525  0.011126223693  0.006037294030  0.006037294030  0.006037294030  0.000000000000  0.011115148649  
alectoris_rufa 0.001000757593  0.005021323885  0.005021323885  0.008058698080  0.010094197404  0.011115148649  0.008052501210  0.007044132196  0.006031677052  0.009075383525  0.006031677052  0.012127664899  0.014190916725  0.009075383525  0.009075383525  0.009075383525  0.011115148649  0.000000000000  

