18
cyrtonyx_montezumae 0.000000000000  0.041181800124  0.033809541397  0.038017376560  0.034852431671  0.034852431671  0.040130587892  0.047626487310  0.035910373528  0.034840186418  0.035910373528  0.032754989944  0.033809541397  0.033809541397  0.038033134777  0.032754989944  0.032754989944  0.033796769152  
galgal4    0.041181800124  0.000000000000  0.009054918916  0.014134954218  0.012098717537  0.012098717537  0.023396659168  0.026510607533  0.013117266912  0.012097899769  0.013117266912  0.010068225376  0.011083631756  0.011083631756  0.015160739706  0.010068225376  0.010068225376  0.013117266912  
pavo_cristatus 0.033809541397  0.009054918916  0.000000000000  0.008044781548  0.005016978601  0.005016978601  0.016200875956  0.019283538014  0.006025141404  0.005017238319  0.006025141404  0.003006069138  0.004011152622  0.004011152622  0.008047711495  0.003006069138  0.003006069138  0.006025141404  
perdix_dauuricae 0.038017376560  0.014134954218  0.008044781548  0.000000000000  0.007035382839  0.007035382839  0.018261632019  0.020345565000  0.008047711495  0.007033520500  0.008047711495  0.005018302046  0.006027525922  0.006027525922  0.010078665097  0.005018302046  0.005018302046  0.010070105695  
syrmaticus_reevesii 0.034852431671  0.012098717537  0.005016978601  0.007035382839  0.000000000000  0.000000000000  0.011105063655  0.014166002856  0.001001021840  0.004010885894  0.005018302046  0.002002782845  0.003006859129  0.003006859129  0.007038832813  0.002002782845  0.002002782845  0.007033520500  
syrmaticus_ellioti 0.034852431671  0.012098717537  0.005016978601  0.007035382839  0.000000000000  0.000000000000  0.011105063655  0.014166002856  0.001001021840  0.004010885894  0.005018302046  0.002002782845  0.003006859129  0.003006859129  0.007038832813  0.002002782845  0.002002782845  0.007033520500  
lophophorus_impejanus 0.040130587892  0.023396659168  0.016200875956  0.018261632019  0.011105063655  0.011105063655  0.000000000000  0.025543307045  0.012126915942  0.015173739009  0.016210896850  0.013140967480  0.014166002856  0.014166002856  0.018273869668  0.013140967480  0.013140967480  0.018251013674  
rollulus_rouloul 0.047626487310  0.026510607533  0.019283538014  0.020345565000  0.014166002856  0.014166002856  0.025543307045  0.000000000000  0.013140967480  0.018251013674  0.019295269359  0.016210896850  0.017241297538  0.017241297538  0.021369108660  0.016210896850  0.016210896850  0.021342795260  
melgal2    0.035910373528  0.013117266912  0.006025141404  0.008047711495  0.001001021840  0.001001021840  0.012126915942  0.013140967480  0.000000000000  0.005016978601  0.006027525922  0.003006859129  0.004012997211  0.004012997211  0.008052231335  0.003006859129  0.003006859129  0.008044781548  
phasianus_colchicus 0.034840186418  0.012097899769  0.005017238319  0.007033520500  0.004010885894  0.004010885894  0.015173739009  0.018251013674  0.005016978601  0.000000000000  0.005016978601  0.002003043136  0.003006069138  0.003006069138  0.007035382839  0.002003043136  0.002003043136  0.007033248890  
tragopan_blythii 0.035910373528  0.013117266912  0.006025141404  0.008047711495  0.005018302046  0.005018302046  0.016210896850  0.019295269359  0.006027525922  0.005016978601  0.000000000000  0.003006859129  0.004012997211  0.004012997211  0.008052231335  0.003006859129  0.003006859129  0.008044781548  
lophura_swinhoii 0.032754989944  0.010068225376  0.003006069138  0.005018302046  0.002002782845  0.002002782845  0.013140967480  0.016210896850  0.003006859129  0.002003043136  0.003006859129  0.000000000000  0.001001021840  0.001001021840  0.005021205576  0.000000000000  0.000000000000  0.005016978601  
lophura_nycthemera 0.033809541397  0.011083631756  0.004011152622  0.006027525922  0.003006859129  0.003006859129  0.014166002856  0.017241297538  0.004012997211  0.003006069138  0.004012997211  0.001001021840  0.000000000000  0.000000000000  0.004012997211  0.001001021840  0.001001021840  0.006025141404  
lophura_inornata 0.033809541397  0.011083631756  0.004011152622  0.006027525922  0.003006859129  0.003006859129  0.014166002856  0.017241297538  0.004012997211  0.003006069138  0.004012997211  0.001001021840  0.000000000000  0.000000000000  0.004012997211  0.001001021840  0.001001021840  0.006025141404  
crossoptilon_crossoptilon 0.038033134777  0.015160739706  0.008047711495  0.010078665097  0.007038832813  0.007038832813  0.018273869668  0.021369108660  0.008052231335  0.007035382839  0.008052231335  0.005021205576  0.004012997211  0.004012997211  0.000000000000  0.005021205576  0.005021205576  0.010073586636  
catreus_wallichi 0.032754989944  0.010068225376  0.003006069138  0.005018302046  0.002002782845  0.002002782845  0.013140967480  0.016210896850  0.003006859129  0.002003043136  0.003006859129  0.000000000000  0.001001021840  0.001001021840  0.005021205576  0.000000000000  0.000000000000  0.005016978601  
chrysolophus_pictus 0.032754989944  0.010068225376  0.003006069138  0.005018302046  0.002002782845  0.002002782845  0.013140967480  0.016210896850  0.003006859129  0.002003043136  0.003006859129  0.000000000000  0.001001021840  0.001001021840  0.005021205576  0.000000000000  0.000000000000  0.005016978601  
alectoris_rufa 0.033796769152  0.013117266912  0.006025141404  0.010070105695  0.007033520500  0.007033520500  0.018251013674  0.021342795260  0.008044781548  0.007033248890  0.008044781548  0.005016978601  0.006025141404  0.006025141404  0.010073586636  0.005016978601  0.005016978601  0.000000000000  

