18
melgal2    0.000000000000  0.013148327075  0.024503694587  0.038256717522  0.038256717522  0.026603259902  0.018304365547  0.018322063956  0.018322063956  0.018322063956  0.018322063956  0.018322063956  0.020364671078  0.025573570032  0.021372263765  0.014187551298  0.014187551298  0.005018997381  
tragopan_blythii 0.013148327075  0.000000000000  0.014154979829  0.026582488622  0.026582488622  0.015181362378  0.007040668473  0.007046446326  0.007046446326  0.007046446326  0.007046446326  0.007046446326  0.009064839708  0.014164048639  0.010072272219  0.003007155124  0.003007155124  0.008061853803  
galgal4    0.024503694587  0.014154979829  0.000000000000  0.016221619774  0.022413699586  0.011094901607  0.017241046017  0.017253878247  0.017253878247  0.017253878247  0.017253878247  0.017253878247  0.019296461756  0.024485529777  0.020308959222  0.015191680035  0.015191680035  0.019325393329  
rollulus_rouloul 0.038256717522  0.026582488622  0.016221619774  0.000000000000  0.035037984613  0.023457506254  0.031867230875  0.031894624151  0.031894624151  0.031894624151  0.031894624151  0.031894624151  0.033970075343  0.038224920423  0.034984425831  0.027656658896  0.027656658896  0.032960264357  
cyrtonyx_montezumae 0.038256717522  0.026582488622  0.022413699586  0.035037984613  0.000000000000  0.019325393329  0.031867230875  0.031894624151  0.031894624151  0.031894624151  0.031894624151  0.031894624151  0.033970075343  0.039301498192  0.034984425831  0.027656658896  0.027656658896  0.032960264357  
pavo_cristatus 0.026603259902  0.015181362378  0.011094901607  0.023457506254  0.019325393329  0.000000000000  0.020348024218  0.020364671078  0.020364671078  0.020364671078  0.020364671078  0.020364671078  0.022413699586  0.027634575393  0.023425591191  0.016221619774  0.016221619774  0.021406309848  
phasianus_colchicus 0.018304365547  0.007040668473  0.017241046017  0.031867230875  0.031867230875  0.020348024218  0.000000000000  0.004013646777  0.004013646777  0.004013646777  0.004013646777  0.004013646777  0.006025914603  0.011094901607  0.008044470578  0.008061853803  0.008061853803  0.013172898097  
crossoptilon_crossoptilon 0.018322063956  0.007046446326  0.017253878247  0.031894624151  0.031894624151  0.020364671078  0.004013646777  0.000000000000  0.000000000000  0.000000000000  0.000000000000  0.000000000000  0.002003106832  0.007036653349  0.004012455933  0.008070613789  0.008070613789  0.013187851672  
lophura_swinhoii 0.018322063956  0.007046446326  0.017253878247  0.031894624151  0.031894624151  0.020364671078  0.004013646777  0.000000000000  0.000000000000  0.000000000000  0.000000000000  0.000000000000  0.002003106832  0.007036653349  0.004012455933  0.008070613789  0.008070613789  0.013187851672  
syrmaticus_reevesii 0.018322063956  0.007046446326  0.017253878247  0.031894624151  0.031894624151  0.020364671078  0.004013646777  0.000000000000  0.000000000000  0.000000000000  0.000000000000  0.000000000000  0.002003106832  0.007036653349  0.004012455933  0.008070613789  0.008070613789  0.013187851672  
lophura_nycthemera 0.018322063956  0.007046446326  0.017253878247  0.031894624151  0.031894624151  0.020364671078  0.004013646777  0.000000000000  0.000000000000  0.000000000000  0.000000000000  0.000000000000  0.002003106832  0.007036653349  0.004012455933  0.008070613789  0.008070613789  0.013187851672  
lophura_inornata 0.018322063956  0.007046446326  0.017253878247  0.031894624151  0.031894624151  0.020364671078  0.004013646777  0.000000000000  0.000000000000  0.000000000000  0.000000000000  0.000000000000  0.002003106832  0.007036653349  0.004012455933  0.008070613789  0.008070613789  0.013187851672  
catreus_wallichi 0.020364671078  0.009064839708  0.019296461756  0.033970075343  0.033970075343  0.022413699586  0.006025914603  0.002003106832  0.002003106832  0.002003106832  0.002003106832  0.002003106832  0.000000000000  0.009057250384  0.006028090568  0.009071293039  0.009071293039  0.015217689529  
syrmaticus_ellioti 0.025573570032  0.014164048639  0.024485529777  0.038224920423  0.039301498192  0.027634575393  0.011094901607  0.007036653349  0.007036653349  0.007036653349  0.007036653349  0.007036653349  0.009057250384  0.000000000000  0.011084187482  0.015203790034  0.015203790034  0.020383125805  
chrysolophus_pictus 0.021372263765  0.010072272219  0.020308959222  0.034984425831  0.034984425831  0.023425591191  0.008044470578  0.004012455933  0.004012455933  0.004012455933  0.004012455933  0.004012455933  0.006028090568  0.011084187482  0.000000000000  0.011094901607  0.011094901607  0.016221619774  
perdix_dauuricae 0.014187551298  0.003007155124  0.015191680035  0.027656658896  0.027656658896  0.016221619774  0.008061853803  0.008070613789  0.008070613789  0.008070613789  0.008070613789  0.008070613789  0.009071293039  0.015203790034  0.011094901607  0.000000000000  0.000000000000  0.009089502658  
lophophorus_impejanus 0.014187551298  0.003007155124  0.015191680035  0.027656658896  0.027656658896  0.016221619774  0.008061853803  0.008070613789  0.008070613789  0.008070613789  0.008070613789  0.008070613789  0.009071293039  0.015203790034  0.011094901607  0.000000000000  0.000000000000  0.009089502658  
alectoris_rufa 0.005018997381  0.008061853803  0.019325393329  0.032960264357  0.032960264357  0.021406309848  0.013172898097  0.013187851672  0.013187851672  0.013187851672  0.013187851672  0.013187851672  0.015217689529  0.020383125805  0.016221619774  0.009089502658  0.009089502658  0.000000000000  

