18
cyrtonyx_montezumae 0.000000000000  0.021375191454  0.035028839708  0.035028839708  0.035028839708  0.042524878851  0.046838187432  0.040363396448  0.035028839708  0.037168725409  0.037139326986  0.035028839708  0.035028839708  0.043540554611  0.044591841426  0.046731439621  0.022433717727  0.022433717727  
rollulus_rouloul 0.021375191454  0.000000000000  0.025573941571  0.025573941571  0.025573941571  0.035087821149  0.039351833637  0.032952500742  0.025573941571  0.027678904019  0.027655421766  0.025573941571  0.025573941571  0.033962466246  0.035001924219  0.037111654975  0.015223563038  0.015223563038  
crossoptilon_crossoptilon 0.035028839708  0.025573941571  0.000000000000  0.000000000000  0.000000000000  0.009076364516  0.013153687952  0.007044681619  0.000000000000  0.002004181292  0.004013202277  0.000000000000  0.000000000000  0.008048306766  0.010074456791  0.012106383518  0.012119955830  0.012119955830  
phasianus_colchicus 0.035028839708  0.025573941571  0.000000000000  0.000000000000  0.000000000000  0.009076364516  0.013153687952  0.007044681619  0.000000000000  0.002004181292  0.004013202277  0.000000000000  0.000000000000  0.008048306766  0.010074456791  0.012106383518  0.012119955830  0.012119955830  
lophura_swinhoii 0.035028839708  0.025573941571  0.000000000000  0.000000000000  0.000000000000  0.009076364516  0.013153687952  0.007044681619  0.000000000000  0.002004181292  0.004013202277  0.000000000000  0.000000000000  0.008048306766  0.010074456791  0.012106383518  0.012119955830  0.012119955830  
syrmaticus_reevesii 0.042524878851  0.035087821149  0.009076364516  0.009076364516  0.009076364516  0.000000000000  0.010095442217  0.004016771968  0.009076364516  0.011116689667  0.013153687952  0.009076364516  0.009076364516  0.017245269408  0.019299922378  0.021360530575  0.021391528454  0.021391528454  
galgal4    0.046838187432  0.039351833637  0.013153687952  0.013153687952  0.013153687952  0.010095442217  0.000000000000  0.006032058198  0.013153687952  0.015209223806  0.017258608050  0.013153687952  0.013153687952  0.021375191454  0.023442461858  0.025515766108  0.025552861916  0.025552861916  
lophura_nycthemera 0.040363396448  0.032952500742  0.007044681619  0.007044681619  0.007044681619  0.004016771968  0.006032058198  0.000000000000  0.007044681619  0.009076364516  0.011106923414  0.007044681619  0.007044681619  0.015185503382  0.017233593469  0.019287596829  0.019313918780  0.019313918780  
catreus_wallichi 0.035028839708  0.025573941571  0.000000000000  0.000000000000  0.000000000000  0.009076364516  0.013153687952  0.007044681619  0.000000000000  0.002004181292  0.004013202277  0.000000000000  0.000000000000  0.008048306766  0.010074456791  0.012106383518  0.012119955830  0.012119955830  
chrysolophus_pictus 0.037168725409  0.027678904019  0.002004181292  0.002004181292  0.002004181292  0.011116689667  0.015209223806  0.009076364516  0.002004181292  0.000000000000  0.006032058198  0.002004181292  0.002004181292  0.010079810932  0.012112344699  0.014150695414  0.014168815278  0.014168815278  
perdix_dauuricae 0.037139326986  0.027655421766  0.004013202277  0.004013202277  0.004013202277  0.013153687952  0.017258608050  0.011106923414  0.004013202277  0.006032058198  0.000000000000  0.004013202277  0.004013202277  0.012112344699  0.014150695414  0.016194897472  0.016214280748  0.016214280748  
lophura_inornata 0.035028839708  0.025573941571  0.000000000000  0.000000000000  0.000000000000  0.009076364516  0.013153687952  0.007044681619  0.000000000000  0.002004181292  0.004013202277  0.000000000000  0.000000000000  0.008048306766  0.010074456791  0.012106383518  0.012119955830  0.012119955830  
lophophorus_impejanus 0.035028839708  0.025573941571  0.000000000000  0.000000000000  0.000000000000  0.009076364516  0.013153687952  0.007044681619  0.000000000000  0.002004181292  0.004013202277  0.000000000000  0.000000000000  0.008048306766  0.010074456791  0.012106383518  0.012119955830  0.012119955830  
melgal2    0.043540554611  0.033962466246  0.008048306766  0.008048306766  0.008048306766  0.017245269408  0.021375191454  0.015185503382  0.008048306766  0.010079810932  0.012112344699  0.008048306766  0.008048306766  0.000000000000  0.018244985584  0.020300994775  0.020322943873  0.020322943873  
syrmaticus_ellioti 0.044591841426  0.035001924219  0.010074456791  0.010074456791  0.010074456791  0.019299922378  0.023442461858  0.017233593469  0.010074456791  0.012112344699  0.014150695414  0.010074456791  0.010074456791  0.018244985584  0.000000000000  0.002002808070  0.021347548762  0.021347548762  
tragopan_blythii 0.046731439621  0.037111654975  0.012106383518  0.012106383518  0.012106383518  0.021360530575  0.025515766108  0.019287596829  0.012106383518  0.014150695414  0.016194897472  0.012106383518  0.012106383518  0.020300994775  0.002002808070  0.000000000000  0.023413484895  0.023413484895  
pavo_cristatus 0.022433717727  0.015223563038  0.012119955830  0.012119955830  0.012119955830  0.021391528454  0.025552861916  0.019313918780  0.012119955830  0.014168815278  0.016214280748  0.012119955830  0.012119955830  0.020322943873  0.021347548762  0.023413484895  0.000000000000  0.000000000000  
alectoris_rufa 0.022433717727  0.015223563038  0.012119955830  0.012119955830  0.012119955830  0.021391528454  0.025552861916  0.019313918780  0.012119955830  0.014168815278  0.016214280748  0.012119955830  0.012119955830  0.020322943873  0.021347548762  0.023413484895  0.000000000000  0.000000000000  

