18
cyrtonyx_montezumae 0.000000000000  0.043630662234  0.049043813205  0.041465318759  0.041465318759  0.051156680839  0.042546812334  0.054462201234  0.042546812334  0.046783212306  0.040386171287  0.047872980056  0.045767285330  0.041465318759  0.045767285330  0.036152890798  0.036122061265  0.034015435565  
lophura_inornata 0.043630662234  0.000000000000  0.009073917056  0.002004031234  0.002004031234  0.013139380056  0.009082409084  0.020357027765  0.009082409084  0.013139380056  0.011123440971  0.022438594546  0.018315640663  0.012147105841  0.037193082772  0.028762092349  0.027680940058  0.026651816124  
catreus_wallichi 0.049043813205  0.009073917056  0.000000000000  0.007043309972  0.007043309972  0.018270723767  0.012135454355  0.025556288505  0.014186997218  0.018270723767  0.016247035768  0.025556288505  0.023503092458  0.017280262972  0.042546812334  0.034045560598  0.032950142145  0.031914959765  
lophura_swinhoii 0.041465318759  0.002004031234  0.007043309972  0.000000000000  0.000000000000  0.011096284339  0.007049717157  0.018284134793  0.007049717157  0.011096284339  0.009082409084  0.020357027765  0.016247035768  0.010101878258  0.035053340694  0.026651816124  0.025577367818  0.024550454109  
lophura_nycthemera 0.041465318759  0.002004031234  0.007043309972  0.000000000000  0.000000000000  0.011096284339  0.007049717157  0.018284134793  0.007049717157  0.011096284339  0.009082409084  0.020357027765  0.016247035768  0.010101878258  0.035053340694  0.026651816124  0.025577367818  0.024550454109  
crossoptilon_crossoptilon 0.051156680839  0.013139380056  0.018270723767  0.011096284339  0.011096284339  0.000000000000  0.018284134793  0.029721529808  0.018284134793  0.022390024559  0.020357027765  0.031836246042  0.027657628049  0.021396722395  0.041400076094  0.036122061265  0.035025272259  0.033986911194  
syrmaticus_reevesii 0.042546812334  0.009082409084  0.012135454355  0.007049717157  0.007049717157  0.018284134793  0.000000000000  0.019319501573  0.008065024888  0.012116783310  0.010101878258  0.021396722395  0.017280262972  0.011123440971  0.036122061265  0.027705835236  0.026628042036  0.025600025550  
perdix_dauuricae 0.054462201234  0.020357027765  0.025556288505  0.018284134793  0.018284134793  0.029721529808  0.019319501573  0.000000000000  0.019319501573  0.021380052449  0.021396722395  0.032896984886  0.027657628049  0.022438594546  0.047910286037  0.039342068375  0.038234874087  0.037193082772  
syrmaticus_ellioti 0.042546812334  0.009082409084  0.014186997218  0.007049717157  0.007049717157  0.018284134793  0.008065024888  0.019319501573  0.000000000000  0.006024957340  0.010101878258  0.021396722395  0.015215950136  0.011123440971  0.036122061265  0.027705835236  0.026628042036  0.025600025550  
chrysolophus_pictus 0.046783212306  0.013139380056  0.018270723767  0.011096284339  0.011096284339  0.022390024559  0.012116783310  0.021380052449  0.006024957340  0.000000000000  0.014164083221  0.023430790273  0.019305008765  0.015190901500  0.038176644301  0.031860886260  0.030777764211  0.029743908798  
lophophorus_impejanus 0.040386171287  0.011123440971  0.016247035768  0.009082409084  0.009082409084  0.020357027765  0.010101878258  0.021396722395  0.010101878258  0.014164083221  0.000000000000  0.019319501573  0.015215950136  0.009082409084  0.033986911194  0.025600025550  0.024528908030  0.023503092458  
melgal2    0.047872980056  0.022438594546  0.025556288505  0.020357027765  0.020357027765  0.031836246042  0.021396722395  0.032896984886  0.021396722395  0.023430790273  0.019319501573  0.000000000000  0.026605848734  0.020357027765  0.043560693384  0.037193082772  0.036092840265  0.035053340694  
tragopan_blythii 0.045767285330  0.018315640663  0.023503092458  0.016247035768  0.016247035768  0.027657628049  0.017280262972  0.027657628049  0.015215950136  0.019305008765  0.015215950136  0.026605848734  0.000000000000  0.006031106311  0.041465318759  0.032979119523  0.031887125141  0.030853071587  
phasianus_colchicus 0.041465318759  0.012147105841  0.017280262972  0.010101878258  0.010101878258  0.021396722395  0.011123440971  0.022438594546  0.011123440971  0.015190901500  0.009082409084  0.020357027765  0.006031106311  0.000000000000  0.035053340694  0.026651816124  0.025577367818  0.024550454109  
galgal4    0.045767285330  0.037193082772  0.042546812334  0.035053340694  0.035053340694  0.041400076094  0.036122061265  0.047910286037  0.036122061265  0.038176644301  0.033986911194  0.043560693384  0.041465318759  0.035053340694  0.000000000000  0.028736071318  0.031887125141  0.028736071318  
pavo_cristatus 0.036152890798  0.028762092349  0.034045560598  0.026651816124  0.026651816124  0.036122061265  0.027705835236  0.039342068375  0.027705835236  0.031860886260  0.025600025550  0.037193082772  0.032979119523  0.026651816124  0.028736071318  0.000000000000  0.015215950136  0.012147105841  
rollulus_rouloul 0.036122061265  0.027680940058  0.032950142145  0.025577367818  0.025577367818  0.035025272259  0.026628042036  0.038234874087  0.026628042036  0.030777764211  0.024528908030  0.036092840265  0.031887125141  0.025577367818  0.031887125141  0.015215950136  0.000000000000  0.013160168207  
alectoris_rufa 0.034015435565  0.026651816124  0.031914959765  0.024550454109  0.024550454109  0.033986911194  0.025600025550  0.037193082772  0.025600025550  0.029743908798  0.023503092458  0.035053340694  0.030853071587  0.024550454109  0.028736071318  0.012147105841  0.013160168207  0.000000000000  

