18
cyrtonyx_montezumae 0.000000000000  0.000000000000  0.013164636640  0.012139195515  0.008059070788  0.009075874271  0.016225120541  0.014167863166  0.011106288304  0.011106288304  0.011106288304  0.011106288304  0.011106288304  0.011106288304  0.016238764756  0.011106288304  0.016238764756  0.012139195515  
rollulus_rouloul 0.000000000000  0.000000000000  0.013164636640  0.012139195515  0.008059070788  0.009075874271  0.016225120541  0.014167863166  0.011106288304  0.011106288304  0.011106288304  0.011106288304  0.011106288304  0.011106288304  0.016238764756  0.011106288304  0.016238764756  0.012139195515  
tragopan_blythii 0.013164636640  0.013164636640  0.000000000000  0.019383927011  0.015237931975  0.016271098053  0.023517138180  0.021426383708  0.018324765181  0.018324765181  0.018324765181  0.018324765181  0.018324765181  0.018324765181  0.021447521200  0.018324765181  0.023540635234  0.019383927011  
melgal2    0.012139195515  0.012139195515  0.019383927011  0.000000000000  0.008067014334  0.009084933949  0.016238764756  0.014179222863  0.011115927530  0.011115927530  0.011115927530  0.011115927530  0.011115927530  0.011115927530  0.016254091645  0.011115927530  0.016254091645  0.012151632018  
lophophorus_impejanus 0.008059070788  0.008059070788  0.015237931975  0.008067014334  0.000000000000  0.001001036949  0.008052786759  0.006027794380  0.003006925807  0.003006925807  0.003006925807  0.003006925807  0.003006925807  0.003006925807  0.008059070788  0.003006925807  0.008059070788  0.004016660349  
galgal4    0.009075874271  0.009075874271  0.016271098053  0.009084933949  0.001001036949  0.000000000000  0.009068476555  0.007039229011  0.004013134737  0.004013134737  0.004013134737  0.004013134737  0.004013134737  0.004013134737  0.009075874271  0.004013134737  0.009075874271  0.005026068043  
pavo_cristatus 0.016225120541  0.016225120541  0.023517138180  0.016238764756  0.008052786759  0.009068476555  0.000000000000  0.008052786759  0.005021444878  0.005021444878  0.005021444878  0.005021444878  0.005021444878  0.005021444878  0.010094823493  0.005021444878  0.010094823493  0.012128428404  
perdix_dauuricae 0.014167863166  0.014167863166  0.021426383708  0.014179222863  0.006027794380  0.007039229011  0.008052786759  0.000000000000  0.003006925807  0.003006925807  0.003006925807  0.003006925807  0.003006925807  0.003006925807  0.008059070788  0.003006925807  0.008059070788  0.010086307388  
lophura_swinhoii 0.011106288304  0.011106288304  0.018324765181  0.011115927530  0.003006925807  0.004013134737  0.005021444878  0.003006925807  0.000000000000  0.000000000000  0.000000000000  0.000000000000  0.000000000000  0.000000000000  0.005026068043  0.000000000000  0.005026068043  0.007044404026  
syrmaticus_reevesii 0.011106288304  0.011106288304  0.018324765181  0.011115927530  0.003006925807  0.004013134737  0.005021444878  0.003006925807  0.000000000000  0.000000000000  0.000000000000  0.000000000000  0.000000000000  0.000000000000  0.005026068043  0.000000000000  0.005026068043  0.007044404026  
lophura_nycthemera 0.011106288304  0.011106288304  0.018324765181  0.011115927530  0.003006925807  0.004013134737  0.005021444878  0.003006925807  0.000000000000  0.000000000000  0.000000000000  0.000000000000  0.000000000000  0.000000000000  0.005026068043  0.000000000000  0.005026068043  0.007044404026  
lophura_inornata 0.011106288304  0.011106288304  0.018324765181  0.011115927530  0.003006925807  0.004013134737  0.005021444878  0.003006925807  0.000000000000  0.000000000000  0.000000000000  0.000000000000  0.000000000000  0.000000000000  0.005026068043  0.000000000000  0.005026068043  0.007044404026  
crossoptilon_crossoptilon 0.011106288304  0.011106288304  0.018324765181  0.011115927530  0.003006925807  0.004013134737  0.005021444878  0.003006925807  0.000000000000  0.000000000000  0.000000000000  0.000000000000  0.000000000000  0.000000000000  0.005026068043  0.000000000000  0.005026068043  0.007044404026  
phasianus_colchicus 0.011106288304  0.011106288304  0.018324765181  0.011115927530  0.003006925807  0.004013134737  0.005021444878  0.003006925807  0.000000000000  0.000000000000  0.000000000000  0.000000000000  0.000000000000  0.000000000000  0.005026068043  0.000000000000  0.005026068043  0.007044404026  
catreus_wallichi 0.016238764756  0.016238764756  0.021447521200  0.016254091645  0.008059070788  0.009075874271  0.010094823493  0.008059070788  0.005026068043  0.005026068043  0.005026068043  0.005026068043  0.005026068043  0.005026068043  0.000000000000  0.005026068043  0.010105004021  0.012139195515  
syrmaticus_ellioti 0.011106288304  0.011106288304  0.018324765181  0.011115927530  0.003006925807  0.004013134737  0.005021444878  0.003006925807  0.000000000000  0.000000000000  0.000000000000  0.000000000000  0.000000000000  0.000000000000  0.005026068043  0.000000000000  0.005026068043  0.007044404026  
chrysolophus_pictus 0.016238764756  0.016238764756  0.023540635234  0.016254091645  0.008059070788  0.009075874271  0.010094823493  0.008059070788  0.005026068043  0.005026068043  0.005026068043  0.005026068043  0.005026068043  0.005026068043  0.010105004021  0.005026068043  0.000000000000  0.012139195515  
alectoris_rufa 0.012139195515  0.012139195515  0.019383927011  0.012151632018  0.004016660349  0.005026068043  0.012128428404  0.010086307388  0.007044404026  0.007044404026  0.007044404026  0.007044404026  0.007044404026  0.007044404026  0.012139195515  0.007044404026  0.012139195515  0.000000000000  

