18
cyrtonyx_montezumae 0.000000000000  0.065502743220  0.058772974457  0.048997501217  0.053357952499  0.071068329005  0.064374493564  0.055572877430  0.055484747824  0.055572877430  0.056684212969  0.055572877430  0.060033857237  0.067882249696  0.063407216411  0.053357952499  0.053357952499  0.057798146651  
rollulus_rouloul 0.065502743220  0.000000000000  0.027597838209  0.017246492751  0.025555817450  0.040308741423  0.039293189693  0.030831328148  0.028669163261  0.025555817450  0.026606257134  0.025555817450  0.029771542858  0.043695048349  0.032957996614  0.023461860052  0.023461860052  0.026606257134  
pavo_cristatus 0.058772974457  0.027597838209  0.000000000000  0.010074721868  0.018266875974  0.034957641216  0.031817553566  0.023461860052  0.021349000129  0.018266875974  0.019301351432  0.018266875974  0.022418322117  0.036133854882  0.025555817450  0.016204638605  0.016204638605  0.021377064655  
galgal4    0.048997501217  0.017246492751  0.010074721868  0.000000000000  0.008059793369  0.024489217476  0.021393640589  0.013166764085  0.011099256145  0.008059793369  0.009076817897  0.008059793369  0.012140981552  0.025625075611  0.015224978083  0.006032233659  0.006032233659  0.011117402632  
lophophorus_impejanus 0.053357952499  0.025555817450  0.018266875974  0.008059793369  0.000000000000  0.016204638605  0.017260025036  0.011128962375  0.009069202707  0.006038097458  0.007051928313  0.006038097458  0.008067920964  0.025651560166  0.013180636598  0.004016884471  0.004016884471  0.009086084649  
tragopan_blythii 0.071068329005  0.040308741423  0.034957641216  0.024489217476  0.016204638605  0.000000000000  0.031817553566  0.027659017732  0.025518169875  0.022418322117  0.023461860052  0.022418322117  0.022418322117  0.042607503832  0.029771542858  0.020338077720  0.020338077720  0.025555817450  
melgal2    0.064374493564  0.039293189693  0.031817553566  0.021393640589  0.017260025036  0.031817553566  0.000000000000  0.024549736777  0.022418322117  0.019331444461  0.020370540948  0.019331444461  0.023501496309  0.039433166948  0.026653161517  0.017260025036  0.017260025036  0.022455556891  
perdix_dauuricae 0.055572877430  0.030831328148  0.023461860052  0.013166764085  0.011128962375  0.027659017732  0.024549736777  0.000000000000  0.014181387887  0.011128962375  0.012153695192  0.011128962375  0.015241183401  0.028824551524  0.016274808066  0.009086084649  0.009086084649  0.014209796133  
syrmaticus_ellioti 0.055484747824  0.028669163261  0.021349000129  0.011099256145  0.009069202707  0.025518169875  0.022418322117  0.014181387887  0.000000000000  0.003006112791  0.004011285148  0.003006112791  0.007039588225  0.022455556891  0.010087261209  0.005018582494  0.005018582494  0.012129927213  
syrmaticus_reevesii 0.055572877430  0.025555817450  0.018266875974  0.008059793369  0.006038097458  0.022418322117  0.019331444461  0.011128962375  0.003006112791  0.000000000000  0.001001050840  0.000000000000  0.004016884471  0.019368271964  0.007051928313  0.002004209260  0.002004209260  0.009086084649  
crossoptilon_crossoptilon 0.056684212969  0.026606257134  0.019301351432  0.009076817897  0.007051928313  0.023461860052  0.020370540948  0.012153695192  0.004011285148  0.001001050840  0.000000000000  0.001001050840  0.005026419218  0.020409749512  0.008067920964  0.003009484154  0.003009484154  0.010106428667  
lophura_swinhoii 0.055572877430  0.025555817450  0.018266875974  0.008059793369  0.006038097458  0.022418322117  0.019331444461  0.011128962375  0.003006112791  0.000000000000  0.001001050840  0.000000000000  0.004016884471  0.019368271964  0.007051928313  0.002004209260  0.002004209260  0.009086084649  
catreus_wallichi 0.060033857237  0.029771542858  0.022418322117  0.012140981552  0.008067920964  0.022418322117  0.023501496309  0.015241183401  0.007039588225  0.004016884471  0.005026419218  0.004016884471  0.000000000000  0.023547910921  0.011128962375  0.006038097458  0.006038097458  0.013180636598  
lophura_nycthemera 0.067882249696  0.043695048349  0.036133854882  0.025625075611  0.025651560166  0.042607503832  0.039433166948  0.028824551524  0.022455556891  0.019368271964  0.020409749512  0.019368271964  0.023547910921  0.000000000000  0.020409749512  0.021453508499  0.021453508499  0.028824551524  
lophura_inornata 0.063407216411  0.032957996614  0.025555817450  0.015224978083  0.013180636598  0.029771542858  0.026653161517  0.016274808066  0.010087261209  0.007051928313  0.008067920964  0.007051928313  0.011128962375  0.020409749512  0.000000000000  0.009086084649  0.009086084649  0.016274808066  
chrysolophus_pictus 0.053357952499  0.023461860052  0.016204638605  0.006032233659  0.004016884471  0.020338077720  0.017260025036  0.009086084649  0.005018582494  0.002004209260  0.003009484154  0.002004209260  0.006038097458  0.021453508499  0.009086084649  0.000000000000  0.000000000000  0.007051928313  
phasianus_colchicus 0.053357952499  0.023461860052  0.016204638605  0.006032233659  0.004016884471  0.020338077720  0.017260025036  0.009086084649  0.005018582494  0.002004209260  0.003009484154  0.002004209260  0.006038097458  0.021453508499  0.009086084649  0.000000000000  0.000000000000  0.007051928313  
alectoris_rufa 0.057798146651  0.026606257134  0.021377064655  0.011117402632  0.009086084649  0.025555817450  0.022455556891  0.014209796133  0.012129927213  0.009086084649  0.010106428667  0.009086084649  0.013180636598  0.028824551524  0.016274808066  0.007051928313  0.007051928313  0.000000000000  

