18
cyrtonyx_montezumae 0.000000000000  0.023432826029  0.040273060106  0.040273060106  0.040273060106  0.039200487326  0.051019287432  0.060835791482  0.054275095556  0.072033887172  0.065305203929  0.067508260991  0.059764385815  0.061991558130  0.066383300291  0.072975530913  0.058544509410  0.051054103731  
rollulus_rouloul 0.023432826029  0.000000000000  0.018272078548  0.018272078548  0.018272078548  0.017239751932  0.028651012431  0.038130237276  0.033915474650  0.051090606959  0.044586781613  0.046724542847  0.039227094993  0.041376937125  0.045639027113  0.052047385101  0.038084320471  0.028670964011  
lophura_nycthemera 0.040273060106  0.018272078548  0.000000000000  0.000000000000  0.000000000000  0.005025464691  0.022406657775  0.031795574965  0.027618885488  0.044619337495  0.037169206146  0.040300847073  0.032877289810  0.035004059179  0.041376937125  0.047748448277  0.030702688298  0.020343223465  
lophura_inornata 0.040273060106  0.018272078548  0.000000000000  0.000000000000  0.000000000000  0.005025464691  0.022406657775  0.031795574965  0.027618885488  0.044619337495  0.037169206146  0.040300847073  0.032877289810  0.035004059179  0.041376937125  0.047748448277  0.030702688298  0.020343223465  
lophura_swinhoii 0.040273060106  0.018272078548  0.000000000000  0.000000000000  0.000000000000  0.005025464691  0.022406657775  0.031795574965  0.027618885488  0.044619337495  0.037169206146  0.040300847073  0.032877289810  0.035004059179  0.041376937125  0.047748448277  0.030702688298  0.020343223465  
tragopan_blythii 0.039200487326  0.017239751932  0.005025464691  0.005025464691  0.005025464691  0.000000000000  0.021366741587  0.030739025355  0.026569041873  0.043536172032  0.036098899870  0.039227094993  0.031817327400  0.033939530465  0.040300847073  0.046662961462  0.029650664103  0.019306566037  
galgal4    0.051019287432  0.028651012431  0.022406657775  0.022406657775  0.022406657775  0.021366741587  0.000000000000  0.015191886946  0.011113523159  0.025559380997  0.019321268244  0.021382059954  0.014175745563  0.016234004139  0.022423084684  0.030739025355  0.020305360047  0.012136275027  
phasianus_colchicus 0.060835791482  0.038130237276  0.031795574965  0.031795574965  0.031795574965  0.030739025355  0.015191886946  0.000000000000  0.012126023535  0.028692530056  0.022423084684  0.024493077808  0.017252264734  0.019321268244  0.025539600246  0.034955264651  0.028600874587  0.021382059954  
lophophorus_impejanus 0.054275095556  0.033915474650  0.027618885488  0.027618885488  0.027618885488  0.026569041873  0.011113523159  0.012126023535  0.000000000000  0.016221002122  0.010084767538  0.012117337063  0.005021064765  0.007043550636  0.013140063258  0.022378598061  0.027582861747  0.017266356911  
syrmaticus_ellioti 0.072033887172  0.051090606959  0.044619337495  0.044619337495  0.044619337495  0.043536172032  0.025559380997  0.028692530056  0.016221002122  0.000000000000  0.016221002122  0.018272078548  0.011104341656  0.017239751932  0.023432826029  0.033872264595  0.044555890444  0.031865703870  
syrmaticus_reevesii 0.065305203929  0.044586781613  0.037169206146  0.037169206146  0.037169206146  0.036098899870  0.019321268244  0.022423084684  0.010084767538  0.016221002122  0.000000000000  0.012117337063  0.005021064765  0.011096722935  0.021366741587  0.029666883899  0.038130237276  0.027661357352  
chrysolophus_pictus 0.067508260991  0.046724542847  0.040300847073  0.040300847073  0.040300847073  0.039227094993  0.021382059954  0.024493077808  0.012117337063  0.018272078548  0.012117337063  0.000000000000  0.007038605230  0.013131874869  0.023432826029  0.031756956704  0.040246927332  0.029747992510  
catreus_wallichi 0.059764385815  0.039227094993  0.032877289810  0.032877289810  0.032877289810  0.031817327400  0.014175745563  0.017252264734  0.005021064765  0.011104341656  0.005021064765  0.007038605230  0.000000000000  0.006027375902  0.016209577181  0.024446726367  0.032833116851  0.022441105642  
crossoptilon_crossoptilon 0.061991558130  0.041376937125  0.035004059179  0.035004059179  0.035004059179  0.033939530465  0.016234004139  0.019321268244  0.007043550636  0.017239751932  0.011096722935  0.013131874869  0.006027375902  0.000000000000  0.018272078548  0.024476021529  0.034955264651  0.024531992775  
perdix_dauuricae 0.066383300291  0.045639027113  0.041376937125  0.041376937125  0.041376937125  0.040300847073  0.022423084684  0.025539600246  0.013140063258  0.023432826029  0.021366741587  0.023432826029  0.016209577181  0.018272078548  0.000000000000  0.017219476447  0.041320651115  0.030805713884  
melgal2    0.072975530913  0.052047385101  0.047748448277  0.047748448277  0.047748448277  0.046662961462  0.030739025355  0.034955264651  0.022378598061  0.033872264595  0.029666883899  0.031756956704  0.024446726367  0.024476021529  0.017219476447  0.000000000000  0.049864480648  0.039227094993  
pavo_cristatus 0.058544509410  0.038084320471  0.030702688298  0.030702688298  0.030702688298  0.029650664103  0.020305360047  0.028600874587  0.027582861747  0.044555890444  0.038130237276  0.040246927332  0.032833116851  0.034955264651  0.041320651115  0.049864480648  0.000000000000  0.020316386839  
alectoris_rufa 0.051054103731  0.028670964011  0.020343223465  0.020343223465  0.020343223465  0.019306566037  0.012136275027  0.021382059954  0.017266356911  0.031865703870  0.027661357352  0.029747992510  0.022441105642  0.024531992775  0.030805713884  0.039227094993  0.020316386839  0.000000000000  

