18
crossoptilon_crossoptilon 0.000000000000  0.000000000000  0.008053916018  0.011108840588  0.004017145148  0.004017145148  0.007052733491  0.011130973628  0.007052733491  0.004017145148  0.004017145148  0.004017145148  0.004017145148  0.010097349554  0.010097349554  0.007045522420  0.011108840588  0.007052733491  
catreus_wallichi 0.000000000000  0.000000000000  0.008053916018  0.011108840588  0.004017145148  0.004017145148  0.007052733491  0.011130973628  0.007052733491  0.004017145148  0.004017145148  0.004017145148  0.004017145148  0.010097349554  0.010097349554  0.007045522420  0.011108840588  0.007052733491  
cyrtonyx_montezumae 0.008053916018  0.008053916018  0.000000000000  0.011093562538  0.004011375022  0.004011375022  0.007040011299  0.011108840588  0.007040011299  0.004011375022  0.004011375022  0.004011375022  0.004011375022  0.010081003659  0.010081003659  0.007036203084  0.011093562538  0.009070016111  
syrmaticus_ellioti 0.011108840588  0.011108840588  0.011093562538  0.000000000000  0.007040011299  0.007040011299  0.010088321104  0.014183782829  0.010088321104  0.007040011299  0.007040011299  0.007040011299  0.007040011299  0.013145689014  0.013145689014  0.010081003659  0.014161371498  0.012131584216  
lophura_inornata 0.004017145148  0.004017145148  0.004011375022  0.007040011299  0.000000000000  0.000000000000  0.003009630369  0.007052733491  0.003009630369  0.000000000000  0.000000000000  0.000000000000  0.000000000000  0.006032641270  0.006032641270  0.003007049376  0.007040011299  0.005026827685  
lophura_swinhoii 0.004017145148  0.004017145148  0.004011375022  0.007040011299  0.000000000000  0.000000000000  0.003009630369  0.007052733491  0.003009630369  0.000000000000  0.000000000000  0.000000000000  0.000000000000  0.006032641270  0.006032641270  0.003007049376  0.007040011299  0.005026827685  
pavo_cristatus 0.007052733491  0.007052733491  0.007040011299  0.010088321104  0.003009630369  0.003009630369  0.000000000000  0.010108086082  0.006038687330  0.003009630369  0.003009630369  0.003009630369  0.003009630369  0.009077867032  0.009077867032  0.006032641270  0.010088321104  0.008068975639  
galgal4    0.011130973628  0.011130973628  0.011108840588  0.014183782829  0.007052733491  0.007052733491  0.010108086082  0.000000000000  0.004017145148  0.007052733491  0.007052733491  0.007052733491  0.007052733491  0.013169153655  0.013169153655  0.010097349554  0.014183782829  0.012156095663  
phasianus_colchicus 0.007052733491  0.007052733491  0.007040011299  0.010088321104  0.003009630369  0.003009630369  0.006038687330  0.004017145148  0.000000000000  0.003009630369  0.003009630369  0.003009630369  0.003009630369  0.009077867032  0.009077867032  0.006032641270  0.010088321104  0.008068975639  
lophura_nycthemera 0.004017145148  0.004017145148  0.004011375022  0.007040011299  0.000000000000  0.000000000000  0.003009630369  0.007052733491  0.003009630369  0.000000000000  0.000000000000  0.000000000000  0.000000000000  0.006032641270  0.006032641270  0.003007049376  0.007040011299  0.005026827685  
chrysolophus_pictus 0.004017145148  0.004017145148  0.004011375022  0.007040011299  0.000000000000  0.000000000000  0.003009630369  0.007052733491  0.003009630369  0.000000000000  0.000000000000  0.000000000000  0.000000000000  0.006032641270  0.006032641270  0.003007049376  0.007040011299  0.005026827685  
lophophorus_impejanus 0.004017145148  0.004017145148  0.004011375022  0.007040011299  0.000000000000  0.000000000000  0.003009630369  0.007052733491  0.003009630369  0.000000000000  0.000000000000  0.000000000000  0.000000000000  0.006032641270  0.006032641270  0.003007049376  0.007040011299  0.005026827685  
perdix_dauuricae 0.004017145148  0.004017145148  0.004011375022  0.007040011299  0.000000000000  0.000000000000  0.003009630369  0.007052733491  0.003009630369  0.000000000000  0.000000000000  0.000000000000  0.000000000000  0.006032641270  0.006032641270  0.003007049376  0.007040011299  0.005026827685  
melgal2    0.010097349554  0.010097349554  0.010081003659  0.013145689014  0.006032641270  0.006032641270  0.009077867032  0.013169153655  0.009077867032  0.006032641270  0.006032641270  0.006032641270  0.006032641270  0.000000000000  0.000000000000  0.009070016111  0.011100343219  0.009077867032  
syrmaticus_reevesii 0.010097349554  0.010097349554  0.010081003659  0.013145689014  0.006032641270  0.006032641270  0.009077867032  0.013169153655  0.009077867032  0.006032641270  0.006032641270  0.006032641270  0.006032641270  0.000000000000  0.000000000000  0.009070016111  0.011100343219  0.009077867032  
rollulus_rouloul 0.007045522420  0.007045522420  0.007036203084  0.010081003659  0.003007049376  0.003007049376  0.006032641270  0.010097349554  0.006032641270  0.003007049376  0.003007049376  0.003007049376  0.003007049376  0.009070016111  0.009070016111  0.000000000000  0.010081003659  0.008060594507  
tragopan_blythii 0.011108840588  0.011108840588  0.011093562538  0.014161371498  0.007040011299  0.007040011299  0.010088321104  0.014183782829  0.010088321104  0.007040011299  0.007040011299  0.007040011299  0.007040011299  0.011100343219  0.011100343219  0.010081003659  0.000000000000  0.012131584216  
alectoris_rufa 0.007052733491  0.007052733491  0.009070016111  0.012131584216  0.005026827685  0.005026827685  0.008068975639  0.012156095663  0.008068975639  0.005026827685  0.005026827685  0.005026827685  0.005026827685  0.009077867032  0.009077867032  0.008060594507  0.012131584216  0.000000000000  

