18
cyrtonyx_montezumae 0.000000000000  0.014155772374  0.028633188994  0.028633188994  0.028633188994  0.030720657199  0.028633188994  0.031796153237  0.028633188994  0.033893739019  0.028633188994  0.028633188994  0.030739580258  0.028633188994  0.031796153237  0.010078278360  0.015181680687  0.015191997931  
rollulus_rouloul 0.014155772374  0.000000000000  0.032814208008  0.032814208008  0.032814208008  0.034913877977  0.032814208008  0.038131100666  0.032814208008  0.038107390381  0.032814208008  0.032814208008  0.034934103660  0.032814208008  0.035997472339  0.014148116265  0.019282180108  0.019293667062  
lophophorus_impejanus 0.028633188994  0.032814208008  0.000000000000  0.000000000000  0.000000000000  0.002002775406  0.000000000000  0.005025473147  0.000000000000  0.005021076872  0.000000000000  0.000000000000  0.002004059140  0.000000000000  0.003009145450  0.018260260672  0.025521776327  0.023449045072  
tragopan_blythii 0.028633188994  0.032814208008  0.000000000000  0.000000000000  0.000000000000  0.002002775406  0.000000000000  0.005025473147  0.000000000000  0.005021076872  0.000000000000  0.000000000000  0.002004059140  0.000000000000  0.003009145450  0.018260260672  0.025521776327  0.023449045072  
crossoptilon_crossoptilon 0.028633188994  0.032814208008  0.000000000000  0.000000000000  0.000000000000  0.002002775406  0.000000000000  0.005025473147  0.000000000000  0.005021076872  0.000000000000  0.000000000000  0.002004059140  0.000000000000  0.003009145450  0.018260260672  0.025521776327  0.023449045072  
lophura_nycthemera 0.030720657199  0.034913877977  0.002002775406  0.002002775406  0.002002775406  0.000000000000  0.002002775406  0.007043571083  0.002002775406  0.007038636104  0.002002775406  0.002002775406  0.004012926133  0.002002775406  0.005021076872  0.020316655725  0.027600503395  0.025521776327  
phasianus_colchicus 0.028633188994  0.032814208008  0.000000000000  0.000000000000  0.000000000000  0.002002775406  0.000000000000  0.005025473147  0.000000000000  0.005021076872  0.000000000000  0.000000000000  0.002004059140  0.000000000000  0.003009145450  0.018260260672  0.025521776327  0.023449045072  
perdix_dauuricae 0.031796153237  0.038131100666  0.005025473147  0.005025473147  0.005025473147  0.007043571083  0.005025473147  0.000000000000  0.005025473147  0.010092921726  0.005025473147  0.005025473147  0.007050063676  0.005025473147  0.008065478720  0.023449045072  0.028671376567  0.028692903982  
syrmaticus_ellioti 0.028633188994  0.032814208008  0.000000000000  0.000000000000  0.000000000000  0.002002775406  0.000000000000  0.005025473147  0.000000000000  0.005021076872  0.000000000000  0.000000000000  0.002004059140  0.000000000000  0.003009145450  0.018260260672  0.025521776327  0.023449045072  
melgal2    0.033893739019  0.038107390381  0.005021076872  0.005021076872  0.005021076872  0.007038636104  0.005021076872  0.010092921726  0.005021076872  0.000000000000  0.005021076872  0.005021076872  0.007043571083  0.005021076872  0.008057931502  0.023433142780  0.030760135759  0.028671376567  
lophura_inornata 0.028633188994  0.032814208008  0.000000000000  0.000000000000  0.000000000000  0.002002775406  0.000000000000  0.005025473147  0.000000000000  0.005021076872  0.000000000000  0.000000000000  0.002004059140  0.000000000000  0.003009145450  0.018260260672  0.025521776327  0.023449045072  
syrmaticus_reevesii 0.028633188994  0.032814208008  0.000000000000  0.000000000000  0.000000000000  0.002002775406  0.000000000000  0.005025473147  0.000000000000  0.005021076872  0.000000000000  0.000000000000  0.002004059140  0.000000000000  0.003009145450  0.018260260672  0.025521776327  0.023449045072  
catreus_wallichi 0.030739580258  0.034934103660  0.002004059140  0.002004059140  0.002004059140  0.004012926133  0.002004059140  0.007050063676  0.002004059140  0.007043571083  0.002004059140  0.002004059140  0.000000000000  0.002004059140  0.005025473147  0.020329239568  0.027619277249  0.025539914362  
lophura_swinhoii 0.028633188994  0.032814208008  0.000000000000  0.000000000000  0.000000000000  0.002002775406  0.000000000000  0.005025473147  0.000000000000  0.005021076872  0.000000000000  0.000000000000  0.002004059140  0.000000000000  0.003009145450  0.018260260672  0.025521776327  0.023449045072  
chrysolophus_pictus 0.031796153237  0.035997472339  0.003009145450  0.003009145450  0.003009145450  0.005021076872  0.003009145450  0.008065478720  0.003009145450  0.008057931502  0.003009145450  0.003009145450  0.005025473147  0.003009145450  0.000000000000  0.021366987291  0.028671376567  0.026588676692  
galgal4    0.010078278360  0.014148116265  0.018260260672  0.018260260672  0.018260260672  0.020316655725  0.018260260672  0.023449045072  0.018260260672  0.023433142780  0.018260260672  0.018260260672  0.020329239568  0.018260260672  0.021366987291  0.000000000000  0.007043571083  0.005025473147  
pavo_cristatus 0.015181680687  0.019282180108  0.025521776327  0.025521776327  0.025521776327  0.027600503395  0.025521776327  0.028671376567  0.025521776327  0.030760135759  0.025521776327  0.025521776327  0.027619277249  0.025521776327  0.028671376567  0.007043571083  0.000000000000  0.012136328766  
alectoris_rufa 0.015191997931  0.019293667062  0.023449045072  0.023449045072  0.023449045072  0.025521776327  0.023449045072  0.028692903982  0.023449045072  0.028671376567  0.023449045072  0.023449045072  0.025539914362  0.023449045072  0.026588676692  0.005025473147  0.012136328766  0.000000000000  

