18
pavo_cristatus 0.000000000000  0.000000000000  0.004012252451  0.011092130539  0.006025356383  0.006025356383  0.006025356383  0.006025356383  0.006025356383  0.005017099012  0.005017099012  0.005017099012  0.005017099012  0.002003056176  0.004010944532  0.004011247765  0.003006107009  0.004013159103  
tragopan_blythii 0.000000000000  0.000000000000  0.004012252451  0.011092130539  0.006025356383  0.006025356383  0.006025356383  0.006025356383  0.006025356383  0.005017099012  0.005017099012  0.005017099012  0.005017099012  0.002003056176  0.004010944532  0.004011247765  0.003006107009  0.004013159103  
galgal4    0.004012252451  0.004012252451  0.000000000000  0.011092130539  0.006025356383  0.006025356383  0.006025356383  0.006025356383  0.006025356383  0.005017099012  0.005017099012  0.005017099012  0.005017099012  0.002003056176  0.004010944532  0.004011247765  0.003006107009  0.008043739249  
cyrtonyx_montezumae 0.011092130539  0.011092130539  0.011092130539  0.000000000000  0.013142785900  0.013142785900  0.013142785900  0.013142785900  0.013142785900  0.012119558512  0.012119558512  0.012119558512  0.012119558512  0.009068607788  0.011098496856  0.011106490980  0.010086473293  0.015175706616  
lophura_nycthemera 0.006025356383  0.006025356383  0.006025356383  0.013142785900  0.000000000000  0.000000000000  0.000000000000  0.000000000000  0.000000000000  0.001001037890  0.001001037890  0.001001037890  0.001001037890  0.004013159103  0.006027834014  0.006031924449  0.005021485780  0.008045165355  
lophura_inornata 0.006025356383  0.006025356383  0.006025356383  0.013142785900  0.000000000000  0.000000000000  0.000000000000  0.000000000000  0.000000000000  0.001001037890  0.001001037890  0.001001037890  0.001001037890  0.004013159103  0.006027834014  0.006031924449  0.005021485780  0.008045165355  
catreus_wallichi 0.006025356383  0.006025356383  0.006025356383  0.013142785900  0.000000000000  0.000000000000  0.000000000000  0.000000000000  0.000000000000  0.001001037890  0.001001037890  0.001001037890  0.001001037890  0.004013159103  0.006027834014  0.006031924449  0.005021485780  0.008045165355  
crossoptilon_crossoptilon 0.006025356383  0.006025356383  0.006025356383  0.013142785900  0.000000000000  0.000000000000  0.000000000000  0.000000000000  0.000000000000  0.001001037890  0.001001037890  0.001001037890  0.001001037890  0.004013159103  0.006027834014  0.006031924449  0.005021485780  0.008045165355  
lophura_swinhoii 0.006025356383  0.006025356383  0.006025356383  0.013142785900  0.000000000000  0.000000000000  0.000000000000  0.000000000000  0.000000000000  0.001001037890  0.001001037890  0.001001037890  0.001001037890  0.004013159103  0.006027834014  0.006031924449  0.005021485780  0.008045165355  
phasianus_colchicus 0.005017099012  0.005017099012  0.005017099012  0.012119558512  0.001001037890  0.001001037890  0.001001037890  0.001001037890  0.001001037890  0.000000000000  0.000000000000  0.000000000000  0.000000000000  0.003006935604  0.005018487173  0.005021485780  0.004013159103  0.007033771982  
syrmaticus_reevesii 0.005017099012  0.005017099012  0.005017099012  0.012119558512  0.001001037890  0.001001037890  0.001001037890  0.001001037890  0.001001037890  0.000000000000  0.000000000000  0.000000000000  0.000000000000  0.003006935604  0.005018487173  0.005021485780  0.004013159103  0.007033771982  
rollulus_rouloul 0.005017099012  0.005017099012  0.005017099012  0.012119558512  0.001001037890  0.001001037890  0.001001037890  0.001001037890  0.001001037890  0.000000000000  0.000000000000  0.000000000000  0.000000000000  0.003006935604  0.005018487173  0.005021485780  0.004013159103  0.007033771982  
chrysolophus_pictus 0.005017099012  0.005017099012  0.005017099012  0.012119558512  0.001001037890  0.001001037890  0.001001037890  0.001001037890  0.001001037890  0.000000000000  0.000000000000  0.000000000000  0.000000000000  0.003006935604  0.005018487173  0.005021485780  0.004013159103  0.007033771982  
syrmaticus_ellioti 0.002003056176  0.002003056176  0.002003056176  0.009068607788  0.004013159103  0.004013159103  0.004013159103  0.004013159103  0.004013159103  0.003006935604  0.003006935604  0.003006935604  0.003006935604  0.000000000000  0.002002806531  0.002004157315  0.001001037890  0.006025356383  
melgal2    0.004010944532  0.004010944532  0.004010944532  0.011098496856  0.006027834014  0.006027834014  0.006027834014  0.006027834014  0.006027834014  0.005018487173  0.005018487173  0.005018487173  0.005018487173  0.002002806531  0.000000000000  0.004013159103  0.003006935604  0.008045165355  
perdix_dauuricae 0.004011247765  0.004011247765  0.004011247765  0.011106490980  0.006031924449  0.006031924449  0.006031924449  0.006031924449  0.006031924449  0.005021485780  0.005021485780  0.005021485780  0.005021485780  0.002004157315  0.004013159103  0.000000000000  0.003009366951  0.008048215088  
lophophorus_impejanus 0.003006107009  0.003006107009  0.003006107009  0.010086473293  0.005021485780  0.005021485780  0.005021485780  0.005021485780  0.005021485780  0.004013159103  0.004013159103  0.004013159103  0.004013159103  0.001001037890  0.003006935604  0.003009366951  0.000000000000  0.007035725454  
alectoris_rufa 0.004013159103  0.004013159103  0.008043739249  0.015175706616  0.008045165355  0.008045165355  0.008045165355  0.008045165355  0.008045165355  0.007033771982  0.007033771982  0.007033771982  0.007033771982  0.006025356383  0.008045165355  0.008048215088  0.007035725454  0.000000000000  

