18
pavo_cristatus 0.000000000000  0.003006936312  0.028580039070  0.012103064876  0.002003079293  0.004011362050  0.005017227867  0.005017227867  0.005017227867  0.005017227867  0.005017227867  0.005017227867  0.005017227867  0.005017227867  0.005017227867  0.005017227867  0.007034927912  0.006025614672  
tragopan_blythii 0.003006936312  0.000000000000  0.026499817988  0.011088420510  0.001000768948  0.003007046916  0.004011362050  0.004011362050  0.004011362050  0.004011362050  0.004011362050  0.004011362050  0.004011362050  0.004011362050  0.004011362050  0.004011362050  0.006025390652  0.009055614391  
melgal2    0.028580039070  0.026499817988  0.000000000000  0.026510796138  0.026510796138  0.026510796138  0.027544600890  0.027544600890  0.027544600890  0.027544600890  0.027544600890  0.027544600890  0.027544600890  0.027544600890  0.027544600890  0.027544600890  0.031706238079  0.034857807241  
rollulus_rouloul 0.012103064876  0.011088420510  0.026510796138  0.000000000000  0.010075351118  0.012113899308  0.013129038534  0.013129038534  0.013129038534  0.013129038534  0.013129038534  0.013129038534  0.013129038534  0.013129038534  0.013129038534  0.013129038534  0.014137100280  0.018233278635  
galgal4    0.002003079293  0.001000768948  0.026510796138  0.010075351118  0.000000000000  0.002004277179  0.003007046916  0.003007046916  0.003007046916  0.003007046916  0.003007046916  0.003007046916  0.003007046916  0.003007046916  0.003007046916  0.003007046916  0.005017418083  0.008044047515  
lophophorus_impejanus 0.004011362050  0.003007046916  0.026510796138  0.012113899308  0.002004277179  0.000000000000  0.005021945441  0.005021945441  0.005021945441  0.005021945441  0.005021945441  0.005021945441  0.005021945441  0.005021945441  0.005021945441  0.005021945441  0.007034049402  0.010071431873  
chrysolophus_pictus 0.005017227867  0.004011362050  0.027544600890  0.013129038534  0.003007046916  0.005021945441  0.000000000000  0.000000000000  0.000000000000  0.000000000000  0.000000000000  0.000000000000  0.000000000000  0.000000000000  0.000000000000  0.000000000000  0.008044047515  0.011085045963  
lophura_nycthemera 0.005017227867  0.004011362050  0.027544600890  0.013129038534  0.003007046916  0.005021945441  0.000000000000  0.000000000000  0.000000000000  0.000000000000  0.000000000000  0.000000000000  0.000000000000  0.000000000000  0.000000000000  0.000000000000  0.008044047515  0.011085045963  
phasianus_colchicus 0.005017227867  0.004011362050  0.027544600890  0.013129038534  0.003007046916  0.005021945441  0.000000000000  0.000000000000  0.000000000000  0.000000000000  0.000000000000  0.000000000000  0.000000000000  0.000000000000  0.000000000000  0.000000000000  0.008044047515  0.011085045963  
lophura_inornata 0.005017227867  0.004011362050  0.027544600890  0.013129038534  0.003007046916  0.005021945441  0.000000000000  0.000000000000  0.000000000000  0.000000000000  0.000000000000  0.000000000000  0.000000000000  0.000000000000  0.000000000000  0.000000000000  0.008044047515  0.011085045963  
catreus_wallichi 0.005017227867  0.004011362050  0.027544600890  0.013129038534  0.003007046916  0.005021945441  0.000000000000  0.000000000000  0.000000000000  0.000000000000  0.000000000000  0.000000000000  0.000000000000  0.000000000000  0.000000000000  0.000000000000  0.008044047515  0.011085045963  
crossoptilon_crossoptilon 0.005017227867  0.004011362050  0.027544600890  0.013129038534  0.003007046916  0.005021945441  0.000000000000  0.000000000000  0.000000000000  0.000000000000  0.000000000000  0.000000000000  0.000000000000  0.000000000000  0.000000000000  0.000000000000  0.008044047515  0.011085045963  
lophura_swinhoii 0.005017227867  0.004011362050  0.027544600890  0.013129038534  0.003007046916  0.005021945441  0.000000000000  0.000000000000  0.000000000000  0.000000000000  0.000000000000  0.000000000000  0.000000000000  0.000000000000  0.000000000000  0.000000000000  0.008044047515  0.011085045963  
syrmaticus_ellioti 0.005017227867  0.004011362050  0.027544600890  0.013129038534  0.003007046916  0.005021945441  0.000000000000  0.000000000000  0.000000000000  0.000000000000  0.000000000000  0.000000000000  0.000000000000  0.000000000000  0.000000000000  0.000000000000  0.008044047515  0.011085045963  
syrmaticus_reevesii 0.005017227867  0.004011362050  0.027544600890  0.013129038534  0.003007046916  0.005021945441  0.000000000000  0.000000000000  0.000000000000  0.000000000000  0.000000000000  0.000000000000  0.000000000000  0.000000000000  0.000000000000  0.000000000000  0.008044047515  0.011085045963  
perdix_dauuricae 0.005017227867  0.004011362050  0.027544600890  0.013129038534  0.003007046916  0.005021945441  0.000000000000  0.000000000000  0.000000000000  0.000000000000  0.000000000000  0.000000000000  0.000000000000  0.000000000000  0.000000000000  0.000000000000  0.008044047515  0.011085045963  
cyrtonyx_montezumae 0.007034927912  0.006025390652  0.031706238079  0.014137100280  0.005017418083  0.007034049402  0.008044047515  0.008044047515  0.008044047515  0.008044047515  0.008044047515  0.008044047515  0.008044047515  0.008044047515  0.008044047515  0.008044047515  0.000000000000  0.013116476369  
alectoris_rufa 0.006025614672  0.009055614391  0.034857807241  0.018233278635  0.008044047515  0.010071431873  0.011085045963  0.011085045963  0.011085045963  0.011085045963  0.011085045963  0.011085045963  0.011085045963  0.011085045963  0.011085045963  0.011085045963  0.013116476369  0.000000000000  

