18
cyrtonyx_montezumae 0.000000000000  0.026613543035  0.011091119209  0.007035368267  0.007035368267  0.007035368267  0.010073559851  0.018273796965  0.011091119209  0.011091119209  0.011091119209  0.017230109201  0.018273796965  0.019295192410  0.020289339458  0.012110795147  0.012110795147  0.011091119209  
perdix_dauuricae 0.026613543035  0.000000000000  0.015234282245  0.019358232299  0.019358232299  0.019358232299  0.022464215879  0.028772896395  0.023510040715  0.023510040715  0.023510040715  0.029804270821  0.030893961495  0.031927585818  0.031871783128  0.024558101482  0.024558101482  0.023510040715  
galgal4    0.011091119209  0.015234282245  0.000000000000  0.004012993858  0.004012993858  0.004012993858  0.007038822602  0.015205255957  0.008052217825  0.008052217825  0.008052217825  0.014165958523  0.015205255957  0.016222466917  0.016200820724  0.009067712322  0.009067712322  0.008052217825  
rollulus_rouloul 0.007035368267  0.019358232299  0.004012993858  0.000000000000  0.000000000000  0.000000000000  0.003006857153  0.011114371947  0.004012993858  0.004012993858  0.004012993858  0.010085314809  0.011114371947  0.012126878884  0.013120721312  0.005021199841  0.005021199841  0.004012993858  
pavo_cristatus 0.007035368267  0.019358232299  0.004012993858  0.000000000000  0.000000000000  0.000000000000  0.003006857153  0.011114371947  0.004012993858  0.004012993858  0.004012993858  0.010085314809  0.011114371947  0.012126878884  0.013120721312  0.005021199841  0.005021199841  0.004012993858  
syrmaticus_reevesii 0.007035368267  0.019358232299  0.004012993858  0.000000000000  0.000000000000  0.000000000000  0.003006857153  0.011114371947  0.004012993858  0.004012993858  0.004012993858  0.010085314809  0.011114371947  0.012126878884  0.013120721312  0.005021199841  0.005021199841  0.004012993858  
lophura_nycthemera 0.010073559851  0.022464215879  0.007038822602  0.003006857153  0.003006857153  0.003006857153  0.000000000000  0.008065996348  0.001001021348  0.001001021348  0.001001021348  0.007043853813  0.008065996348  0.009074887939  0.010070065448  0.002004090965  0.002004090965  0.001001021348  
lophura_inornata 0.018273796965  0.028772896395  0.015205255957  0.011114371947  0.011114371947  0.011114371947  0.008065996348  0.000000000000  0.009083641967  0.009083641967  0.009083641967  0.015218972916  0.016266933730  0.017284233763  0.018261563386  0.010103404524  0.010103404524  0.009083641967  
crossoptilon_crossoptilon 0.011091119209  0.023510040715  0.008052217825  0.004012993858  0.004012993858  0.004012993858  0.001001021348  0.009083641967  0.000000000000  0.000000000000  0.000000000000  0.006031483632  0.007050458898  0.008058319019  0.009055685964  0.001001021348  0.001001021348  0.000000000000  
phasianus_colchicus 0.011091119209  0.023510040715  0.008052217825  0.004012993858  0.004012993858  0.004012993858  0.001001021348  0.009083641967  0.000000000000  0.000000000000  0.000000000000  0.006031483632  0.007050458898  0.008058319019  0.009055685964  0.001001021348  0.001001021348  0.000000000000  
lophura_swinhoii 0.011091119209  0.023510040715  0.008052217825  0.004012993858  0.004012993858  0.004012993858  0.001001021348  0.009083641967  0.000000000000  0.000000000000  0.000000000000  0.006031483632  0.007050458898  0.008058319019  0.009055685964  0.001001021348  0.001001021348  0.000000000000  
catreus_wallichi 0.017230109201  0.029804270821  0.014165958523  0.010085314809  0.010085314809  0.010085314809  0.007043853813  0.015218972916  0.006031483632  0.006031483632  0.006031483632  0.000000000000  0.009074887939  0.010085314809  0.015166371125  0.007043853813  0.007043853813  0.006031483632  
syrmaticus_ellioti 0.018273796965  0.030893961495  0.015205255957  0.011114371947  0.011114371947  0.011114371947  0.008065996348  0.016266933730  0.007050458898  0.007050458898  0.007050458898  0.009074887939  0.000000000000  0.011114371947  0.016200820724  0.008065996348  0.008065996348  0.007050458898  
melgal2    0.019295192410  0.031927585818  0.016222466917  0.012126878884  0.012126878884  0.012126878884  0.009074887939  0.017284233763  0.008058319019  0.008058319019  0.008058319019  0.010085314809  0.011114371947  0.000000000000  0.017220593129  0.009074887939  0.009074887939  0.008058319019  
chrysolophus_pictus 0.020289339458  0.031871783128  0.016200820724  0.013120721312  0.013120721312  0.013120721312  0.010070065448  0.018261563386  0.009055685964  0.009055685964  0.009055685964  0.015166371125  0.016200820724  0.017220593129  0.000000000000  0.008043401152  0.008043401152  0.009055685964  
tragopan_blythii 0.012110795147  0.024558101482  0.009067712322  0.005021199841  0.005021199841  0.005021199841  0.002004090965  0.010103404524  0.001001021348  0.001001021348  0.001001021348  0.007043853813  0.008065996348  0.009074887939  0.008043401152  0.000000000000  0.000000000000  0.001001021348  
lophophorus_impejanus 0.012110795147  0.024558101482  0.009067712322  0.005021199841  0.005021199841  0.005021199841  0.002004090965  0.010103404524  0.001001021348  0.001001021348  0.001001021348  0.007043853813  0.008065996348  0.009074887939  0.008043401152  0.000000000000  0.000000000000  0.001001021348  
alectoris_rufa 0.011091119209  0.023510040715  0.008052217825  0.004012993858  0.004012993858  0.004012993858  0.001001021348  0.009083641967  0.000000000000  0.000000000000  0.000000000000  0.006031483632  0.007050458898  0.008058319019  0.009055685964  0.001001021348  0.001001021348  0.000000000000  

