18
cyrtonyx_montezumae 0.000000000000  0.014163252785  0.005022215738  0.005022215738  0.005022215738  0.005022215738  0.005022215738  0.007040473516  0.006033062252  0.005022215738  0.005022215738  0.005022215738  0.005022215738  0.005022215738  0.005022215738  0.011101523058  0.007046122989  0.010098688081  
catreus_wallichi 0.014163252785  0.000000000000  0.009064580376  0.009064580376  0.009064580376  0.009064580376  0.009064580376  0.011094571393  0.010081930298  0.009064580376  0.009064580376  0.009064580376  0.009064580376  0.009064580376  0.009064580376  0.015180629081  0.011101523058  0.014173857805  
crossoptilon_crossoptilon 0.005022215738  0.009064580376  0.000000000000  0.000000000000  0.000000000000  0.000000000000  0.000000000000  0.002002865274  0.001001082673  0.000000000000  0.000000000000  0.000000000000  0.000000000000  0.000000000000  0.000000000000  0.006028604435  0.002004336955  0.005027224191  
chrysolophus_pictus 0.005022215738  0.009064580376  0.000000000000  0.000000000000  0.000000000000  0.000000000000  0.000000000000  0.002002865274  0.001001082673  0.000000000000  0.000000000000  0.000000000000  0.000000000000  0.000000000000  0.000000000000  0.006028604435  0.002004336955  0.005027224191  
syrmaticus_ellioti 0.005022215738  0.009064580376  0.000000000000  0.000000000000  0.000000000000  0.000000000000  0.000000000000  0.002002865274  0.001001082673  0.000000000000  0.000000000000  0.000000000000  0.000000000000  0.000000000000  0.000000000000  0.006028604435  0.002004336955  0.005027224191  
lophura_nycthemera 0.005022215738  0.009064580376  0.000000000000  0.000000000000  0.000000000000  0.000000000000  0.000000000000  0.002002865274  0.001001082673  0.000000000000  0.000000000000  0.000000000000  0.000000000000  0.000000000000  0.000000000000  0.006028604435  0.002004336955  0.005027224191  
phasianus_colchicus 0.005022215738  0.009064580376  0.000000000000  0.000000000000  0.000000000000  0.000000000000  0.000000000000  0.002002865274  0.001001082673  0.000000000000  0.000000000000  0.000000000000  0.000000000000  0.000000000000  0.000000000000  0.006028604435  0.002004336955  0.005027224191  
galgal4    0.007040473516  0.011094571393  0.002002865274  0.002002865274  0.002002865274  0.002002865274  0.002002865274  0.000000000000  0.003007126813  0.002002865274  0.002002865274  0.002002865274  0.002002865274  0.002002865274  0.002002865274  0.008049463447  0.004013573790  0.007046122989  
tragopan_blythii 0.006033062252  0.010081930298  0.001001082673  0.001001082673  0.001001082673  0.001001082673  0.001001082673  0.003007126813  0.000000000000  0.001001082673  0.001001082673  0.001001082673  0.001001082673  0.001001082673  0.001001082673  0.007040473516  0.003009772290  0.006039259952  
lophura_inornata 0.005022215738  0.009064580376  0.000000000000  0.000000000000  0.000000000000  0.000000000000  0.000000000000  0.002002865274  0.001001082673  0.000000000000  0.000000000000  0.000000000000  0.000000000000  0.000000000000  0.000000000000  0.006028604435  0.002004336955  0.005027224191  
melgal2    0.005022215738  0.009064580376  0.000000000000  0.000000000000  0.000000000000  0.000000000000  0.000000000000  0.002002865274  0.001001082673  0.000000000000  0.000000000000  0.000000000000  0.000000000000  0.000000000000  0.000000000000  0.006028604435  0.002004336955  0.005027224191  
lophura_swinhoii 0.005022215738  0.009064580376  0.000000000000  0.000000000000  0.000000000000  0.000000000000  0.000000000000  0.002002865274  0.001001082673  0.000000000000  0.000000000000  0.000000000000  0.000000000000  0.000000000000  0.000000000000  0.006028604435  0.002004336955  0.005027224191  
pavo_cristatus 0.005022215738  0.009064580376  0.000000000000  0.000000000000  0.000000000000  0.000000000000  0.000000000000  0.002002865274  0.001001082673  0.000000000000  0.000000000000  0.000000000000  0.000000000000  0.000000000000  0.000000000000  0.006028604435  0.002004336955  0.005027224191  
perdix_dauuricae 0.005022215738  0.009064580376  0.000000000000  0.000000000000  0.000000000000  0.000000000000  0.000000000000  0.002002865274  0.001001082673  0.000000000000  0.000000000000  0.000000000000  0.000000000000  0.000000000000  0.000000000000  0.006028604435  0.002004336955  0.005027224191  
syrmaticus_reevesii 0.005022215738  0.009064580376  0.000000000000  0.000000000000  0.000000000000  0.000000000000  0.000000000000  0.002002865274  0.001001082673  0.000000000000  0.000000000000  0.000000000000  0.000000000000  0.000000000000  0.000000000000  0.006028604435  0.002004336955  0.005027224191  
rollulus_rouloul 0.011101523058  0.015180629081  0.006028604435  0.006028604435  0.006028604435  0.006028604435  0.006028604435  0.008049463447  0.007040473516  0.006028604435  0.006028604435  0.006028604435  0.006028604435  0.006028604435  0.006028604435  0.000000000000  0.008054561307  0.011110234780  
lophophorus_impejanus 0.007046122989  0.011101523058  0.002004336955  0.002004336955  0.002004336955  0.002004336955  0.002004336955  0.004013573790  0.003009772290  0.002004336955  0.002004336955  0.002004336955  0.002004336955  0.002004336955  0.002004336955  0.008054561307  0.000000000000  0.005027224191  
alectoris_rufa 0.010098688081  0.014173857805  0.005027224191  0.005027224191  0.005027224191  0.005027224191  0.005027224191  0.007046122989  0.006039259952  0.005027224191  0.005027224191  0.005027224191  0.005027224191  0.005027224191  0.005027224191  0.011110234780  0.005027224191  0.000000000000  

