18
lophura_nycthemera 0.000000000000  0.000000000000  0.002004073810  0.002004073810  0.002004073810  0.002004073810  0.002004073810  0.005021131802  0.019282681827  0.010078425555  0.006031377353  0.008058109485  0.006027445606  0.024494669851  0.014165430848  0.002004073810  0.002004073810  0.002004073810  
rollulus_rouloul 0.000000000000  0.000000000000  0.002004073810  0.002004073810  0.002004073810  0.002004073810  0.002004073810  0.005021131802  0.019282681827  0.010078425555  0.006031377353  0.008058109485  0.006027445606  0.024494669851  0.014165430848  0.002004073810  0.002004073810  0.002004073810  
catreus_wallichi 0.002004073810  0.002004073810  0.000000000000  0.000000000000  0.000000000000  0.000000000000  0.000000000000  0.003006839181  0.017220021491  0.008047577190  0.004012955230  0.006031377353  0.004011122130  0.022407931040  0.012117686778  0.000000000000  0.000000000000  0.000000000000  
lophura_swinhoii 0.002004073810  0.002004073810  0.000000000000  0.000000000000  0.000000000000  0.000000000000  0.000000000000  0.003006839181  0.017220021491  0.008047577190  0.004012955230  0.006031377353  0.004011122130  0.022407931040  0.012117686778  0.000000000000  0.000000000000  0.000000000000  
phasianus_colchicus 0.002004073810  0.002004073810  0.000000000000  0.000000000000  0.000000000000  0.000000000000  0.000000000000  0.003006839181  0.017220021491  0.008047577190  0.004012955230  0.006031377353  0.004011122130  0.022407931040  0.012117686778  0.000000000000  0.000000000000  0.000000000000  
crossoptilon_crossoptilon 0.002004073810  0.002004073810  0.000000000000  0.000000000000  0.000000000000  0.000000000000  0.000000000000  0.003006839181  0.017220021491  0.008047577190  0.004012955230  0.006031377353  0.004011122130  0.022407931040  0.012117686778  0.000000000000  0.000000000000  0.000000000000  
syrmaticus_reevesii 0.002004073810  0.002004073810  0.000000000000  0.000000000000  0.000000000000  0.000000000000  0.000000000000  0.003006839181  0.017220021491  0.008047577190  0.004012955230  0.006031377353  0.004011122130  0.022407931040  0.012117686778  0.000000000000  0.000000000000  0.000000000000  
melgal2    0.005021131802  0.005021131802  0.003006839181  0.003006839181  0.003006839181  0.003006839181  0.003006839181  0.000000000000  0.014148322981  0.005018251528  0.001001017071  0.003009178548  0.001000755079  0.021383319573  0.015182074034  0.003006839181  0.003006839181  0.003006839181  
galgal4    0.019282681827  0.019282681827  0.017220021491  0.017220021491  0.017220021491  0.017220021491  0.017220021491  0.014148322981  0.000000000000  0.010078425555  0.015173226934  0.017229458615  0.015165967775  0.032835540640  0.028617619891  0.017220021491  0.017220021491  0.017220021491  
pavo_cristatus 0.010078425555  0.010078425555  0.008047577190  0.008047577190  0.008047577190  0.008047577190  0.008047577190  0.005018251528  0.010078425555  0.000000000000  0.006027445606  0.008052061784  0.006025072552  0.026570824152  0.020317262077  0.008047577190  0.008047577190  0.008047577190  
lophophorus_impejanus 0.006031377353  0.006031377353  0.004012955230  0.004012955230  0.004012955230  0.004012955230  0.004012955230  0.001001017071  0.015173226934  0.006027445606  0.000000000000  0.004016339663  0.002002775249  0.022424498029  0.016210205279  0.004012955230  0.004012955230  0.004012955230  
tragopan_blythii 0.008058109485  0.008058109485  0.006031377353  0.006031377353  0.006031377353  0.006031377353  0.006031377353  0.003009178548  0.017229458615  0.008052061784  0.004016339663  0.000000000000  0.004012955230  0.024513484708  0.018272932135  0.006031377353  0.006031377353  0.006031377353  
perdix_dauuricae 0.006027445606  0.006027445606  0.004011122130  0.004011122130  0.004011122130  0.004011122130  0.004011122130  0.001000755079  0.015165967775  0.006025072552  0.002002775249  0.004012955230  0.000000000000  0.022407931040  0.016200269165  0.004011122130  0.004011122130  0.004011122130  
cyrtonyx_montezumae 0.024494669851  0.024494669851  0.022407931040  0.022407931040  0.022407931040  0.022407931040  0.022407931040  0.021383319573  0.032835540640  0.026570824152  0.022424498029  0.024513484708  0.022407931040  0.000000000000  0.033918318866  0.022407931040  0.022407931040  0.022407931040  
lophura_inornata 0.014165430848  0.014165430848  0.012117686778  0.012117686778  0.012117686778  0.012117686778  0.012117686778  0.015182074034  0.028617619891  0.020317262077  0.016210205279  0.018272932135  0.016200269165  0.033918318866  0.000000000000  0.012117686778  0.012117686778  0.012117686778  
syrmaticus_ellioti 0.002004073810  0.002004073810  0.000000000000  0.000000000000  0.000000000000  0.000000000000  0.000000000000  0.003006839181  0.017220021491  0.008047577190  0.004012955230  0.006031377353  0.004011122130  0.022407931040  0.012117686778  0.000000000000  0.000000000000  0.000000000000  
chrysolophus_pictus 0.002004073810  0.002004073810  0.000000000000  0.000000000000  0.000000000000  0.000000000000  0.000000000000  0.003006839181  0.017220021491  0.008047577190  0.004012955230  0.006031377353  0.004011122130  0.022407931040  0.012117686778  0.000000000000  0.000000000000  0.000000000000  
alectoris_rufa 0.002004073810  0.002004073810  0.000000000000  0.000000000000  0.000000000000  0.000000000000  0.000000000000  0.003006839181  0.017220021491  0.008047577190  0.004012955230  0.006031377353  0.004011122130  0.022407931040  0.012117686778  0.000000000000  0.000000000000  0.000000000000  

