18
cyrtonyx_montezumae 0.000000000000  0.022370074784  0.025494428109  0.033902151523  0.025494428109  0.022370074784  0.022370074784  0.025480626167  0.022370074784  0.021323803322  0.024427082177  0.019258609763  0.026540345287  0.018235179565  0.029711714859  0.022382098584  0.024465052689  0.023453698330  
syrmaticus_ellioti 0.022370074784  0.000000000000  0.003009269740  0.011114975982  0.003009269740  0.000000000000  0.000000000000  0.003006881601  0.000000000000  0.003006881601  0.014177864302  0.009075273577  0.016268481630  0.008066374780  0.022411052707  0.020332428276  0.021370632516  0.022446529076  
catreus_wallichi 0.025494428109  0.003009269740  0.000000000000  0.014190622502  0.006037232594  0.003009269740  0.003009269740  0.006031634305  0.003009269740  0.006031634305  0.017269686186  0.012138036754  0.019380205849  0.011126014305  0.025545704094  0.023453698330  0.024498578925  0.025588083635  
crossoptilon_crossoptilon 0.033902151523  0.011114975982  0.014190622502  0.000000000000  0.014190622502  0.011114975982  0.011114975982  0.014177864302  0.011114975982  0.014177864302  0.025588083635  0.020381244220  0.027747339729  0.019360222056  0.033976554451  0.029733454128  0.032912311716  0.034034470791  
syrmaticus_reevesii 0.025494428109  0.003009269740  0.006037232594  0.014190622502  0.000000000000  0.003009269740  0.003009269740  0.006031634305  0.003009269740  0.006031634305  0.015206294146  0.012138036754  0.019380205849  0.011126014305  0.025545704094  0.023453698330  0.022411052707  0.023491465891  
lophura_inornata 0.022370074784  0.000000000000  0.003009269740  0.011114975982  0.003009269740  0.000000000000  0.000000000000  0.003006881601  0.000000000000  0.003006881601  0.014177864302  0.009075273577  0.016268481630  0.008066374780  0.022411052707  0.020332428276  0.021370632516  0.022446529076  
lophura_nycthemera 0.022370074784  0.000000000000  0.003009269740  0.011114975982  0.003009269740  0.000000000000  0.000000000000  0.003006881601  0.000000000000  0.003006881601  0.014177864302  0.009075273577  0.016268481630  0.008066374780  0.022411052707  0.020332428276  0.021370632516  0.022446529076  
phasianus_colchicus 0.025480626167  0.003006881601  0.006031634305  0.014177864302  0.006031634305  0.003006881601  0.003006881601  0.000000000000  0.003006881601  0.006027616517  0.017255183255  0.012127491187  0.019360222056  0.011114975982  0.025526970053  0.023437262679  0.024480996543  0.024517796889  
lophura_swinhoii 0.022370074784  0.000000000000  0.003009269740  0.011114975982  0.003009269740  0.000000000000  0.000000000000  0.003006881601  0.000000000000  0.003006881601  0.014177864302  0.009075273577  0.016268481630  0.008066374780  0.022411052707  0.020332428276  0.021370632516  0.022446529076  
chrysolophus_pictus 0.021323803322  0.003006881601  0.006031634305  0.014177864302  0.006031634305  0.003006881601  0.003006881601  0.006027616517  0.003006881601  0.000000000000  0.013141549910  0.008052438496  0.015220165677  0.007044070593  0.020319403554  0.019284533173  0.020319403554  0.021386417432  
perdix_dauuricae 0.024427082177  0.014177864302  0.017269686186  0.025588083635  0.015206294146  0.014177864302  0.014177864302  0.017255183255  0.014177864302  0.013141549910  0.000000000000  0.011097678620  0.016236898370  0.010085706468  0.028657854921  0.022382098584  0.019274261892  0.020332428276  
lophophorus_impejanus 0.019258609763  0.009075273577  0.012138036754  0.020381244220  0.012138036754  0.009075273577  0.009075273577  0.012127491187  0.009075273577  0.008052438496  0.011097678620  0.000000000000  0.009075273577  0.001000757123  0.023437262679  0.017221360339  0.018251855192  0.019309951096  
melgal2    0.026540345287  0.016268481630  0.019380205849  0.027747339729  0.019380205849  0.016268481630  0.016268481630  0.019360222056  0.016268481630  0.015220165677  0.016236898370  0.009075273577  0.000000000000  0.008066374780  0.030815339004  0.024498578925  0.025545704094  0.026639783959  
tragopan_blythii 0.018235179565  0.008066374780  0.011126014305  0.019360222056  0.011126014305  0.008066374780  0.008066374780  0.011114975982  0.008066374780  0.007044070593  0.010085706468  0.001000757123  0.008066374780  0.000000000000  0.022411052707  0.016201583347  0.017231017375  0.018289038823  
galgal4    0.029711714859  0.022411052707  0.025545704094  0.033976554451  0.025545704094  0.022411052707  0.022411052707  0.025526970053  0.022411052707  0.020319403554  0.028657854921  0.023437262679  0.030815339004  0.022411052707  0.000000000000  0.021422859730  0.027669422399  0.029836895782  
rollulus_rouloul 0.022382098584  0.020332428276  0.023453698330  0.029733454128  0.023453698330  0.020332428276  0.020332428276  0.023437262679  0.020332428276  0.019284533173  0.022382098584  0.017221360339  0.024498578925  0.016201583347  0.021422859730  0.000000000000  0.022427977080  0.022466705795  
pavo_cristatus 0.024465052689  0.021370632516  0.024498578925  0.032912311716  0.022411052707  0.021370632516  0.021370632516  0.024480996543  0.021370632516  0.020319403554  0.019274261892  0.018251855192  0.025545704094  0.017231017375  0.027669422399  0.022427977080  0.000000000000  0.018304666869  
alectoris_rufa 0.023453698330  0.022446529076  0.025588083635  0.034034470791  0.023491465891  0.022446529076  0.022446529076  0.024517796889  0.022446529076  0.021386417432  0.020332428276  0.019309951096  0.026639783959  0.018289038823  0.029836895782  0.022466705795  0.018304666869  0.000000000000  

