18
cyrtonyx_montezumae 0.000000000000  0.104100037451  0.098411864447  0.105451317758  0.109080589184  0.112568304883  0.101922012125  0.103121524669  0.098340806139  0.097222419797  0.098340806139  0.100725397484  0.112407545785  0.102902017842  0.090208054810  0.090272805426  0.091135585782  0.111269834716  
rollulus_rouloul 0.104100037451  0.000000000000  0.040220570719  0.046632165712  0.049891668968  0.056402588291  0.043418544419  0.047745623252  0.042342655572  0.041292976723  0.043418544419  0.042342655572  0.059646445650  0.046580913495  0.031739050459  0.042422787218  0.041226319559  0.059682485552  
syrmaticus_reevesii 0.098411864447  0.040220570719  0.000000000000  0.006027337114  0.009067179191  0.017239351694  0.003006812252  0.007043468853  0.002002767534  0.001001010833  0.007043468853  0.009055431760  0.022366465224  0.016191212982  0.010078094911  0.035028987751  0.031739050459  0.052110837435  
chrysolophus_pictus 0.105451317758  0.046632165712  0.006027337114  0.000000000000  0.007033344558  0.015165384340  0.009061708231  0.013139829120  0.008047402937  0.007038546294  0.013139829120  0.015159811246  0.028600031204  0.022366465224  0.016199436332  0.041405007562  0.038062319036  0.058650101588  
lophura_swinhoii 0.109080589184  0.049891668968  0.009067179191  0.007033344558  0.000000000000  0.012125792882  0.012117146716  0.016220607140  0.011096571535  0.010084619922  0.016220607140  0.018240465154  0.031755830826  0.025489169242  0.019292979812  0.044650479826  0.041269098665  0.061986413708  
phasianus_colchicus 0.112568304883  0.056402588291  0.017239351694  0.015165384340  0.012125792882  0.000000000000  0.020328469550  0.024492213157  0.019292979812  0.018271614845  0.024492213157  0.025475885845  0.040220570719  0.033870923343  0.027599086774  0.051124903423  0.047688623870  0.066377588570  
lophura_nycthemera 0.101922012125  0.043418544419  0.003006812252  0.009061708231  0.012117146716  0.020328469550  0.000000000000  0.004016239051  0.005018188188  0.004012896416  0.010084619922  0.012100584657  0.025475885845  0.019271622477  0.013131678740  0.038209248870  0.034893095107  0.055372298985  
lophura_inornata 0.103121524669  0.047745623252  0.007043468853  0.013139829120  0.016220607140  0.024492213157  0.004016239051  0.000000000000  0.009067179191  0.008057794329  0.014175412370  0.016191212982  0.028615050437  0.023417853941  0.017239351694  0.042517781895  0.039150481597  0.057581644715  
catreus_wallichi 0.098340806139  0.042342655572  0.002002767534  0.008047402937  0.011096571535  0.019292979812  0.005018188188  0.009067179191  0.000000000000  0.001000754010  0.007038546294  0.011083184536  0.024433903336  0.018240465154  0.012110061270  0.037137946282  0.033834441835  0.054271310749  
crossoptilon_crossoptilon 0.097222419797  0.041292976723  0.001001010833  0.007038546294  0.010084619922  0.018271614845  0.004012896416  0.008057794329  0.001000754010  0.000000000000  0.006031216338  0.010069716874  0.023405180620  0.017219170619  0.011096571535  0.036096837079  0.032794331408  0.053208178705  
syrmaticus_ellioti 0.098340806139  0.043418544419  0.007043468853  0.013139829120  0.016220607140  0.024492213157  0.010084619922  0.014175412370  0.007038546294  0.006031216338  0.000000000000  0.014141675894  0.027566450085  0.021340399701  0.015181257027  0.040358830572  0.037017214107  0.057581644715  
perdix_dauuricae 0.100725397484  0.042342655572  0.009055431760  0.015159811246  0.018240465154  0.025475885845  0.012100584657  0.016191212982  0.011083184536  0.010069716874  0.014141675894  0.000000000000  0.027540267313  0.019256619708  0.013120078897  0.038153711630  0.034860883019  0.055301623832  
melgal2    0.112407545785  0.059646445650  0.022366465224  0.028600031204  0.031755830826  0.040220570719  0.025475885845  0.028615050437  0.024433903336  0.023405180620  0.027566450085  0.027540267313  0.000000000000  0.034893095107  0.028615050437  0.052146710186  0.049861598528  0.070795884168  
lophophorus_impejanus 0.102902017842  0.046580913495  0.016191212982  0.022366465224  0.025489169242  0.033870923343  0.019271622477  0.023417853941  0.018240465154  0.017219170619  0.021340399701  0.019256619708  0.034893095107  0.000000000000  0.016184568393  0.041345694465  0.040157418747  0.056368567801  
tragopan_blythii 0.090208054810  0.031739050459  0.010078094911  0.016199436332  0.019292979812  0.027599086774  0.013131678740  0.017239351694  0.012110061270  0.011096571535  0.015181257027  0.013120078897  0.028615050437  0.016184568393  0.000000000000  0.026587284688  0.025464211173  0.044524196899  
pavo_cristatus 0.090272805426  0.042422787218  0.035028987751  0.041405007562  0.044650479826  0.051124903423  0.038209248870  0.042517781895  0.037137946282  0.036096837079  0.040358830572  0.038153711630  0.052146710186  0.041345694465  0.026587284688  0.000000000000  0.024433903336  0.048899436603  
galgal4    0.091135585782  0.041226319559  0.031739050459  0.038062319036  0.041269098665  0.047688623870  0.034893095107  0.039150481597  0.033834441835  0.032794331408  0.037017214107  0.034860883019  0.049861598528  0.040157418747  0.025464211173  0.024433903336  0.000000000000  0.032900171001  
alectoris_rufa 0.111269834716  0.059682485552  0.052110837435  0.058650101588  0.061986413708  0.066377588570  0.055372298985  0.057581644715  0.054271310749  0.053208178705  0.057581644715  0.055301623832  0.070795884168  0.056368567801  0.044524196899  0.048899436603  0.032900171001  0.000000000000  

