18
cyrtonyx_montezumae 0.000000000000  0.005017069485  0.002004147648  0.009075831129  0.006031855095  0.002004147648  0.012151413831  0.023565003069  0.005026030900  0.005026030900  0.009084812251  0.005026030900  0.012151413831  0.005026030900  0.007039216789  0.004016636643  0.006037536709  0.005018451794  
melgal2    0.005017069485  0.000000000000  0.003006872829  0.010074192608  0.007033712801  0.003006872829  0.013142482972  0.024542666258  0.006025310391  0.006025310391  0.010079429756  0.006025310391  0.013142482972  0.006025310391  0.008043664287  0.004010926535  0.007035658021  0.010070579169  
rollulus_rouloul 0.002004147648  0.003006872829  0.000000000000  0.007044386085  0.004013131779  0.000000000000  0.010104853354  0.021469665691  0.003009345140  0.003009345140  0.007051162921  0.003009345140  0.010104853354  0.003009345140  0.005018451794  0.002004147648  0.004016636643  0.007039216789  
pavo_cristatus 0.009075831129  0.010074192608  0.007044386085  0.000000000000  0.011106259869  0.007044386085  0.017288048261  0.028812531993  0.010094763110  0.010094763110  0.014192099258  0.010094763110  0.017288048261  0.010094763110  0.012119307768  0.009075831129  0.011115846778  0.014167827841  
phasianus_colchicus 0.006031855095  0.007033712801  0.004013131779  0.011106259869  0.000000000000  0.004013131779  0.014192099258  0.025642152602  0.007044386085  0.007044386085  0.011115846778  0.007044386085  0.014192099258  0.007044386085  0.009062708798  0.006031855095  0.008059041785  0.011098293064  
tragopan_blythii 0.002004147648  0.003006872829  0.000000000000  0.007044386085  0.004013131779  0.000000000000  0.010104853354  0.021469665691  0.003009345140  0.003009345140  0.007051162921  0.003009345140  0.010104853354  0.003009345140  0.005018451794  0.002004147648  0.004016636643  0.007039216789  
catreus_wallichi 0.012151413831  0.013142482972  0.010104853354  0.017288048261  0.014192099258  0.010104853354  0.000000000000  0.011127050835  0.007051162921  0.007051162921  0.013177951537  0.007051162921  0.014206673205  0.007051162921  0.009068462320  0.012151413831  0.014206673205  0.017271693132  
perdix_dauuricae 0.023565003069  0.024542666258  0.021469665691  0.028812531993  0.025642152602  0.021469665691  0.011127050835  0.000000000000  0.018343586659  0.018343586659  0.024616086580  0.018343586659  0.023565003069  0.018343586659  0.020384142801  0.023565003069  0.025669459862  0.028783306181  
lophura_inornata 0.005026030900  0.006025310391  0.003009345140  0.010094763110  0.007044386085  0.003009345140  0.007051162921  0.018343586659  0.000000000000  0.000000000000  0.006037536709  0.000000000000  0.007051162921  0.000000000000  0.002003051138  0.005026030900  0.007051162921  0.010086287589  
crossoptilon_crossoptilon 0.005026030900  0.006025310391  0.003009345140  0.010094763110  0.007044386085  0.003009345140  0.007051162921  0.018343586659  0.000000000000  0.000000000000  0.006037536709  0.000000000000  0.007051162921  0.000000000000  0.002003051138  0.005026030900  0.007051162921  0.010086287589  
chrysolophus_pictus 0.009084812251  0.010079429756  0.007051162921  0.014192099258  0.011115846778  0.007051162921  0.013177951537  0.024616086580  0.006037536709  0.006037536709  0.000000000000  0.006037536709  0.013177951537  0.006037536709  0.008052775041  0.009084812251  0.011127050835  0.014179149826  
lophura_swinhoii 0.005026030900  0.006025310391  0.003009345140  0.010094763110  0.007044386085  0.003009345140  0.007051162921  0.018343586659  0.000000000000  0.000000000000  0.006037536709  0.000000000000  0.007051162921  0.000000000000  0.002003051138  0.005026030900  0.007051162921  0.010086287589  
syrmaticus_ellioti 0.012151413831  0.013142482972  0.010104853354  0.017288048261  0.014192099258  0.010104853354  0.014206673205  0.023565003069  0.007051162921  0.007051162921  0.013177951537  0.007051162921  0.000000000000  0.007051162921  0.009068462320  0.012151413831  0.014206673205  0.017271693132  
lophura_nycthemera 0.005026030900  0.006025310391  0.003009345140  0.010094763110  0.007044386085  0.003009345140  0.007051162921  0.018343586659  0.000000000000  0.000000000000  0.006037536709  0.000000000000  0.007051162921  0.000000000000  0.002003051138  0.005026030900  0.007051162921  0.010086287589  
syrmaticus_reevesii 0.007039216789  0.008043664287  0.005018451794  0.012119307768  0.009062708798  0.005018451794  0.009068462320  0.020384142801  0.002003051138  0.002003051138  0.008052775041  0.002003051138  0.009068462320  0.002003051138  0.000000000000  0.007039216789  0.009068462320  0.012111852817  
galgal4    0.004016636643  0.004010926535  0.002004147648  0.009075831129  0.006031855095  0.002004147648  0.012151413831  0.023565003069  0.005026030900  0.005026030900  0.009084812251  0.005026030900  0.012151413831  0.005026030900  0.007039216789  0.000000000000  0.006037536709  0.009068462320  
lophophorus_impejanus 0.006037536709  0.007035658021  0.004016636643  0.011115846778  0.008059041785  0.004016636643  0.014206673205  0.025669459862  0.007051162921  0.007051162921  0.011127050835  0.007051162921  0.014206673205  0.007051162921  0.009068462320  0.006037536709  0.000000000000  0.011106259869  
alectoris_rufa 0.005018451794  0.010070579169  0.007039216789  0.014167827841  0.011098293064  0.007039216789  0.017271693132  0.028783306181  0.010086287589  0.010086287589  0.014179149826  0.010086287589  0.017271693132  0.010086287589  0.012111852817  0.009068462320  0.011106259869  0.000000000000  

