18
cyrtonyx_montezumae 0.000000000000  0.044468450432  0.054144381938  0.058481765573  0.071854929282  0.061836960067  0.060726462287  0.067386089400  0.063957434975  0.060726462287  0.066153339128  0.060726462287  0.066346952713  0.064065625376  0.060726462287  0.060726462287  0.062913459916  0.057351924972  
pavo_cristatus 0.044468450432  0.000000000000  0.009058472020  0.015167530322  0.025512321907  0.016202489520  0.015175074975  0.021358160234  0.020299406484  0.015175074975  0.020291152869  0.015175074975  0.020348944097  0.018263881761  0.015175074975  0.015175074975  0.019285810453  0.012099071659  
rollulus_rouloul 0.054144381938  0.009058472020  0.000000000000  0.006027734927  0.016224731880  0.007044322214  0.006031809020  0.012128201179  0.011091800562  0.006031809020  0.011087078783  0.006031809020  0.012128201179  0.009075722424  0.006031809020  0.006031809020  0.010086160783  0.009062609795  
galgal4    0.058481765573  0.015167530322  0.006027734927  0.000000000000  0.022413181625  0.013142270194  0.012119128169  0.018276452734  0.017222292133  0.012119128169  0.017214137374  0.012119128169  0.018276452734  0.015195062826  0.012119128169  0.012119128169  0.016212794036  0.014149835792  
perdix_dauuricae 0.071854929282  0.025512321907  0.016224731880  0.022413181625  0.000000000000  0.009068360922  0.012128201179  0.018290662024  0.017232088679  0.012128201179  0.017222292133  0.012128201179  0.018290662024  0.015207500080  0.012128201179  0.012128201179  0.016224731880  0.023439417395  
tragopan_blythii 0.061836960067  0.016202489520  0.007044322214  0.013142270194  0.009068360922  0.000000000000  0.003009331930  0.009075722424  0.008048042833  0.003009331930  0.008045000705  0.003009331930  0.009075722424  0.006037483427  0.003009331930  0.003009331930  0.007044322214  0.016212794036  
syrmaticus_ellioti 0.060726462287  0.015175074975  0.006031809020  0.012119128169  0.012128201179  0.003009331930  0.000000000000  0.006031809020  0.005017034713  0.000000000000  0.005017252193  0.000000000000  0.006031809020  0.003009331930  0.000000000000  0.000000000000  0.006031809020  0.015184253472  
syrmaticus_reevesii 0.067386089400  0.021358160234  0.012128201179  0.018276452734  0.018290662024  0.009075722424  0.006031809020  0.000000000000  0.007039156903  0.006031809020  0.011087078783  0.006031809020  0.012128201179  0.009075722424  0.006031809020  0.006031809020  0.012128201179  0.021372518547  
lophura_inornata 0.063957434975  0.020299406484  0.011091800562  0.017222292133  0.017232088679  0.008048042833  0.005017034713  0.007039156903  0.000000000000  0.005017034713  0.010068079465  0.005017034713  0.011091800562  0.008048042833  0.005017034713  0.005017034713  0.011091800562  0.020309315437  
lophura_nycthemera 0.060726462287  0.015175074975  0.006031809020  0.012119128169  0.012128201179  0.003009331930  0.000000000000  0.006031809020  0.005017034713  0.000000000000  0.005017252193  0.000000000000  0.006031809020  0.003009331930  0.000000000000  0.000000000000  0.006031809020  0.015184253472  
chrysolophus_pictus 0.066153339128  0.020291152869  0.011087078783  0.017214137374  0.017222292133  0.008045000705  0.005017252193  0.011087078783  0.010068079465  0.005017252193  0.000000000000  0.005017252193  0.011087078783  0.008045000705  0.005017252193  0.005017252193  0.011087078783  0.020299406484  
phasianus_colchicus 0.060726462287  0.015175074975  0.006031809020  0.012119128169  0.012128201179  0.003009331930  0.000000000000  0.006031809020  0.005017034713  0.000000000000  0.005017252193  0.000000000000  0.006031809020  0.003009331930  0.000000000000  0.000000000000  0.006031809020  0.015184253472  
catreus_wallichi 0.066346952713  0.020348944097  0.012128201179  0.018276452734  0.018290662024  0.009075722424  0.006031809020  0.012128201179  0.011091800562  0.006031809020  0.011087078783  0.006031809020  0.000000000000  0.009075722424  0.006031809020  0.006031809020  0.010086160783  0.021372518547  
melgal2    0.064065625376  0.018263881761  0.009075722424  0.015195062826  0.015207500080  0.006037483427  0.003009331930  0.009075722424  0.008048042833  0.003009331930  0.008045000705  0.003009331930  0.009075722424  0.000000000000  0.003009331930  0.003009331930  0.009075722424  0.018276452734  
crossoptilon_crossoptilon 0.060726462287  0.015175074975  0.006031809020  0.012119128169  0.012128201179  0.003009331930  0.000000000000  0.006031809020  0.005017034713  0.000000000000  0.005017252193  0.000000000000  0.006031809020  0.003009331930  0.000000000000  0.000000000000  0.006031809020  0.015184253472  
lophura_swinhoii 0.060726462287  0.015175074975  0.006031809020  0.012119128169  0.012128201179  0.003009331930  0.000000000000  0.006031809020  0.005017034713  0.000000000000  0.005017252193  0.000000000000  0.006031809020  0.003009331930  0.000000000000  0.000000000000  0.006031809020  0.015184253472  
lophophorus_impejanus 0.062913459916  0.019285810453  0.010086160783  0.016212794036  0.016224731880  0.007044322214  0.006031809020  0.012128201179  0.011091800562  0.006031809020  0.011087078783  0.006031809020  0.010086160783  0.009075722424  0.006031809020  0.006031809020  0.000000000000  0.019297878136  
alectoris_rufa 0.057351924972  0.012099071659  0.009062609795  0.014149835792  0.023439417395  0.016212794036  0.015184253472  0.021372518547  0.020309315437  0.015184253472  0.020299406484  0.015184253472  0.021372518547  0.018276452734  0.015184253472  0.015184253472  0.019297878136  0.000000000000  

