18
galgal4    0.000000000000  0.002002846539  0.002002846539  0.006032626106  0.010088312892  0.017263222979  0.007045488998  0.002002846539  0.002002846539  0.002002846539  0.002002846539  0.002002846539  0.002002846539  0.002002846539  0.002002846539  0.013168903321  0.002002846539  0.002002846539  
melgal2    0.002002846539  0.000000000000  0.000000000000  0.004017106192  0.008060537789  0.015213074690  0.005026766643  0.000000000000  0.000000000000  0.000000000000  0.000000000000  0.000000000000  0.000000000000  0.000000000000  0.000000000000  0.011130673026  0.000000000000  0.000000000000  
lophura_swinhoii 0.002002846539  0.000000000000  0.000000000000  0.004017106192  0.008060537789  0.015213074690  0.005026766643  0.000000000000  0.000000000000  0.000000000000  0.000000000000  0.000000000000  0.000000000000  0.000000000000  0.000000000000  0.011130673026  0.000000000000  0.000000000000  
rollulus_rouloul 0.006032626106  0.004017106192  0.004017106192  0.000000000000  0.012142781970  0.019353471926  0.009087223236  0.004017106192  0.004017106192  0.004017106192  0.004017106192  0.004017106192  0.004017106192  0.004017106192  0.004017106192  0.015244401341  0.004017106192  0.004017106192  
lophophorus_impejanus 0.010088312892  0.008060537789  0.008060537789  0.012142781970  0.000000000000  0.023507854277  0.013168903321  0.008060537789  0.008060537789  0.008060537789  0.008060537789  0.008060537789  0.008060537789  0.008060537789  0.008060537789  0.019373092681  0.008060537789  0.008060537789  
pavo_cristatus 0.017263222979  0.015213074690  0.015213074690  0.019353471926  0.023507854277  0.000000000000  0.020394291441  0.015213074690  0.015213074690  0.015213074690  0.015213074690  0.015213074690  0.015213074690  0.015213074690  0.015213074690  0.026688045887  0.015213074690  0.015213074690  
chrysolophus_pictus 0.007045488998  0.005026766643  0.005026766643  0.009087223236  0.013168903321  0.020394291441  0.000000000000  0.005026766643  0.005026766643  0.005026766643  0.005026766643  0.005026766643  0.005026766643  0.005026766643  0.005026766643  0.016278480014  0.005026766643  0.005026766643  
syrmaticus_reevesii 0.002002846539  0.000000000000  0.000000000000  0.004017106192  0.008060537789  0.015213074690  0.005026766643  0.000000000000  0.000000000000  0.000000000000  0.000000000000  0.000000000000  0.000000000000  0.000000000000  0.000000000000  0.011130673026  0.000000000000  0.000000000000  
cyrtonyx_montezumae 0.002002846539  0.000000000000  0.000000000000  0.004017106192  0.008060537789  0.015213074690  0.005026766643  0.000000000000  0.000000000000  0.000000000000  0.000000000000  0.000000000000  0.000000000000  0.000000000000  0.000000000000  0.011130673026  0.000000000000  0.000000000000  
syrmaticus_ellioti 0.002002846539  0.000000000000  0.000000000000  0.004017106192  0.008060537789  0.015213074690  0.005026766643  0.000000000000  0.000000000000  0.000000000000  0.000000000000  0.000000000000  0.000000000000  0.000000000000  0.000000000000  0.011130673026  0.000000000000  0.000000000000  
catreus_wallichi 0.002002846539  0.000000000000  0.000000000000  0.004017106192  0.008060537789  0.015213074690  0.005026766643  0.000000000000  0.000000000000  0.000000000000  0.000000000000  0.000000000000  0.000000000000  0.000000000000  0.000000000000  0.011130673026  0.000000000000  0.000000000000  
perdix_dauuricae 0.002002846539  0.000000000000  0.000000000000  0.004017106192  0.008060537789  0.015213074690  0.005026766643  0.000000000000  0.000000000000  0.000000000000  0.000000000000  0.000000000000  0.000000000000  0.000000000000  0.000000000000  0.011130673026  0.000000000000  0.000000000000  
lophura_nycthemera 0.002002846539  0.000000000000  0.000000000000  0.004017106192  0.008060537789  0.015213074690  0.005026766643  0.000000000000  0.000000000000  0.000000000000  0.000000000000  0.000000000000  0.000000000000  0.000000000000  0.000000000000  0.011130673026  0.000000000000  0.000000000000  
crossoptilon_crossoptilon 0.002002846539  0.000000000000  0.000000000000  0.004017106192  0.008060537789  0.015213074690  0.005026766643  0.000000000000  0.000000000000  0.000000000000  0.000000000000  0.000000000000  0.000000000000  0.000000000000  0.000000000000  0.011130673026  0.000000000000  0.000000000000  
tragopan_blythii 0.002002846539  0.000000000000  0.000000000000  0.004017106192  0.008060537789  0.015213074690  0.005026766643  0.000000000000  0.000000000000  0.000000000000  0.000000000000  0.000000000000  0.000000000000  0.000000000000  0.000000000000  0.011130673026  0.000000000000  0.000000000000  
phasianus_colchicus 0.013168903321  0.011130673026  0.011130673026  0.015244401341  0.019373092681  0.026688045887  0.016278480014  0.011130673026  0.011130673026  0.011130673026  0.011130673026  0.011130673026  0.011130673026  0.011130673026  0.011130673026  0.000000000000  0.011130673026  0.011130673026  
lophura_inornata 0.002002846539  0.000000000000  0.000000000000  0.004017106192  0.008060537789  0.015213074690  0.005026766643  0.000000000000  0.000000000000  0.000000000000  0.000000000000  0.000000000000  0.000000000000  0.000000000000  0.000000000000  0.011130673026  0.000000000000  0.000000000000  
alectoris_rufa 0.002002846539  0.000000000000  0.000000000000  0.004017106192  0.008060537789  0.015213074690  0.005026766643  0.000000000000  0.000000000000  0.000000000000  0.000000000000  0.000000000000  0.000000000000  0.000000000000  0.000000000000  0.011130673026  0.000000000000  0.000000000000  

