18
cyrtonyx_montezumae 0.000000000000  0.014182771725  0.014170865465  0.024511305261  0.023484407599  0.018296805510  0.018296805510  0.018296805510  0.018296805510  0.018296805510  0.018296805510  0.019317779984  0.018296805510  0.016243607243  0.011099888413  0.016229330971  0.012142126868  0.015198976999  
pavo_cristatus 0.014182771725  0.000000000000  0.024511305261  0.035041863146  0.034002811831  0.028719430917  0.028719430917  0.028719430917  0.028719430917  0.028719430917  0.028719430917  0.028744910347  0.028719430917  0.026633674481  0.021379630132  0.026610682334  0.022459099547  0.025559827567  
tragopan_blythii 0.014170865465  0.024511305261  0.000000000000  0.020355996597  0.018296805510  0.014182771725  0.014182771725  0.014182771725  0.014182771725  0.014182771725  0.014182771725  0.015198976999  0.014182771725  0.014196365867  0.007039833963  0.015169883225  0.014160649945  0.017225735084  
crossoptilon_crossoptilon 0.024511305261  0.035041863146  0.020355996597  0.000000000000  0.011099888413  0.006028174284  0.006028174284  0.006028174284  0.006028174284  0.006028174284  0.006028174284  0.007036062784  0.006028174284  0.016229330971  0.017248167059  0.028653419567  0.024492502637  0.027601590287  
melgal2    0.023484407599  0.034002811831  0.018296805510  0.011099888413  0.000000000000  0.005021832151  0.005021832151  0.005021832151  0.005021832151  0.005021832151  0.005021832151  0.006028174284  0.005021832151  0.015212065682  0.016229330971  0.027620615777  0.023465105084  0.026569891138  
lophura_inornata 0.018296805510  0.028719430917  0.014182771725  0.006028174284  0.005021832151  0.000000000000  0.000000000000  0.000000000000  0.000000000000  0.000000000000  0.000000000000  0.001000764776  0.000000000000  0.010096782169  0.011108278071  0.022404851881  0.018281840125  0.021364476058  
lophura_nycthemera 0.018296805510  0.028719430917  0.014182771725  0.006028174284  0.005021832151  0.000000000000  0.000000000000  0.000000000000  0.000000000000  0.000000000000  0.000000000000  0.001000764776  0.000000000000  0.010096782169  0.011108278071  0.022404851881  0.018281840125  0.021364476058  
phasianus_colchicus 0.018296805510  0.028719430917  0.014182771725  0.006028174284  0.005021832151  0.000000000000  0.000000000000  0.000000000000  0.000000000000  0.000000000000  0.000000000000  0.001000764776  0.000000000000  0.010096782169  0.011108278071  0.022404851881  0.018281840125  0.021364476058  
chrysolophus_pictus 0.018296805510  0.028719430917  0.014182771725  0.006028174284  0.005021832151  0.000000000000  0.000000000000  0.000000000000  0.000000000000  0.000000000000  0.000000000000  0.001000764776  0.000000000000  0.010096782169  0.011108278071  0.022404851881  0.018281840125  0.021364476058  
syrmaticus_reevesii 0.018296805510  0.028719430917  0.014182771725  0.006028174284  0.005021832151  0.000000000000  0.000000000000  0.000000000000  0.000000000000  0.000000000000  0.000000000000  0.001000764776  0.000000000000  0.010096782169  0.011108278071  0.022404851881  0.018281840125  0.021364476058  
syrmaticus_ellioti 0.018296805510  0.028719430917  0.014182771725  0.006028174284  0.005021832151  0.000000000000  0.000000000000  0.000000000000  0.000000000000  0.000000000000  0.000000000000  0.001000764776  0.000000000000  0.010096782169  0.011108278071  0.022404851881  0.018281840125  0.021364476058  
lophura_swinhoii 0.019317779984  0.028744910347  0.015198976999  0.007036062784  0.006028174284  0.001000764776  0.001000764776  0.001000764776  0.001000764776  0.001000764776  0.001000764776  0.000000000000  0.001000764776  0.011108278071  0.012121330817  0.023431667276  0.019303321421  0.022390208477  
catreus_wallichi 0.018296805510  0.028719430917  0.014182771725  0.006028174284  0.005021832151  0.000000000000  0.000000000000  0.000000000000  0.000000000000  0.000000000000  0.000000000000  0.001000764776  0.000000000000  0.010096782169  0.011108278071  0.022404851881  0.018281840125  0.021364476058  
perdix_dauuricae 0.016243607243  0.026633674481  0.014196365867  0.016229330971  0.015212065682  0.010096782169  0.010096782169  0.010096782169  0.010096782169  0.010096782169  0.010096782169  0.011108278071  0.010096782169  0.000000000000  0.011118347547  0.022421216772  0.016229330971  0.019303321421  
lophophorus_impejanus 0.011099888413  0.021379630132  0.007039833963  0.017248167059  0.016229330971  0.011108278071  0.011108278071  0.011108278071  0.011108278071  0.011108278071  0.011108278071  0.012121330817  0.011108278071  0.011118347547  0.000000000000  0.015169883225  0.011093181461  0.014145302715  
rollulus_rouloul 0.016229330971  0.026610682334  0.015169883225  0.028653419567  0.027620615777  0.022404851881  0.022404851881  0.022404851881  0.022404851881  0.022404851881  0.022404851881  0.023431667276  0.022404851881  0.022421216772  0.015169883225  0.000000000000  0.016216750885  0.019290573061  
galgal4    0.012142126868  0.022459099547  0.014160649945  0.024492502637  0.023465105084  0.018281840125  0.018281840125  0.018281840125  0.018281840125  0.018281840125  0.018281840125  0.019303321421  0.018281840125  0.016229330971  0.011093181461  0.016216750885  0.000000000000  0.003006129768  
alectoris_rufa 0.015198976999  0.025559827567  0.017225735084  0.027601590287  0.026569891138  0.021364476058  0.021364476058  0.021364476058  0.021364476058  0.021364476058  0.021364476058  0.022390208477  0.021364476058  0.019303321421  0.014145302715  0.019290573061  0.003006129768  0.000000000000  

