18
rollulus_rouloul 0.000000000000  0.011086743739  0.016174628310  0.010070198602  0.017221267364  0.029615906054  0.029615906054  0.026500267525  0.022350827526  0.022350827526  0.022350827526  0.024417578910  0.032734462677  0.028591886974  0.022350827526  0.021323685308  0.014142831130  0.014149152571  
galgal4    0.011086743739  0.000000000000  0.025436309304  0.019265521684  0.026525168191  0.038019517224  0.038019517224  0.034868354851  0.030665033516  0.030665033516  0.030665033516  0.032756526388  0.041169578178  0.036989366359  0.030665033516  0.029627654019  0.023397627120  0.023387770238  
cyrtonyx_montezumae 0.016174628310  0.025436309304  0.000000000000  0.010068240795  0.017213244527  0.027516613966  0.027516613966  0.024409887867  0.020278691374  0.020278691374  0.020278691374  0.022338310038  0.030630178865  0.026490301293  0.020278691374  0.019253160647  0.014138122242  0.028547265944  
pavo_cristatus 0.010070198602  0.019265521684  0.010068240795  0.000000000000  0.011114906145  0.023409127465  0.023409127465  0.020319255801  0.016201492535  0.016201492535  0.016201492535  0.018251745464  0.026500267525  0.022395566998  0.016201492535  0.015183278850  0.008058579968  0.024426922064  
tragopan_blythii 0.017221267364  0.026525168191  0.017213244527  0.011114906145  0.000000000000  0.016186048156  0.016186048156  0.013126211810  0.009058243696  0.009058243696  0.009058243696  0.011086743739  0.019253160647  0.015174243128  0.009058243696  0.010078911702  0.003009263650  0.031746230001  
syrmaticus_reevesii 0.029615906054  0.038019517224  0.027516613966  0.023409127465  0.016186048156  0.000000000000  0.000000000000  0.007033538737  0.007035454755  0.007035454755  0.007035454755  0.009058243696  0.019258524322  0.013133042657  0.007035454755  0.014142831130  0.015161010412  0.042252611746  
syrmaticus_ellioti 0.029615906054  0.038019517224  0.027516613966  0.023409127465  0.016186048156  0.000000000000  0.000000000000  0.007033538737  0.007035454755  0.007035454755  0.007035454755  0.009058243696  0.019258524322  0.013133042657  0.007035454755  0.014142831130  0.015161010412  0.042252611746  
crossoptilon_crossoptilon 0.026500267525  0.034868354851  0.024409887867  0.020319255801  0.013126211810  0.007033538737  0.007033538737  0.000000000000  0.004013042070  0.004013042070  0.004013042070  0.006027604676  0.016186048156  0.008052412662  0.004013042070  0.011091388119  0.012105411847  0.038053340779  
lophura_swinhoii 0.022350827526  0.030665033516  0.020278691374  0.016201492535  0.009058243696  0.007035454755  0.007035454755  0.004013042070  0.000000000000  0.000000000000  0.000000000000  0.002002786476  0.012101281341  0.006031616853  0.000000000000  0.007035454755  0.008044840665  0.034854141295  
catreus_wallichi 0.022350827526  0.030665033516  0.020278691374  0.016201492535  0.009058243696  0.007035454755  0.007035454755  0.004013042070  0.000000000000  0.000000000000  0.000000000000  0.002002786476  0.012101281341  0.006031616853  0.000000000000  0.007035454755  0.008044840665  0.034854141295  
lophura_inornata 0.022350827526  0.030665033516  0.020278691374  0.016201492535  0.009058243696  0.007035454755  0.007035454755  0.004013042070  0.000000000000  0.000000000000  0.000000000000  0.002002786476  0.012101281341  0.006031616853  0.000000000000  0.007035454755  0.008044840665  0.034854141295  
phasianus_colchicus 0.024417578910  0.032756526388  0.022338310038  0.018251745464  0.011086743739  0.009058243696  0.009058243696  0.006027604676  0.002002786476  0.002002786476  0.002002786476  0.000000000000  0.014138122242  0.008052412662  0.002002786476  0.009058243696  0.010070198602  0.035898618767  
chrysolophus_pictus 0.032734462677  0.041169578178  0.030630178865  0.026500267525  0.019253160647  0.019258524322  0.019258524322  0.016186048156  0.012101281341  0.012101281341  0.012101281341  0.014138122242  0.000000000000  0.018242608638  0.012101281341  0.017202070124  0.018224961259  0.044347523962  
perdix_dauuricae 0.028591886974  0.036989366359  0.026490301293  0.022395566998  0.015174243128  0.013133042657  0.013133042657  0.008052412662  0.006031616853  0.006031616853  0.006031616853  0.008052412662  0.018242608638  0.000000000000  0.006031616853  0.013133042657  0.014149152571  0.041218257009  
lophura_nycthemera 0.022350827526  0.030665033516  0.020278691374  0.016201492535  0.009058243696  0.007035454755  0.007035454755  0.004013042070  0.000000000000  0.000000000000  0.000000000000  0.002002786476  0.012101281341  0.006031616853  0.000000000000  0.007035454755  0.008044840665  0.034854141295  
melgal2    0.021323685308  0.029627654019  0.019253160647  0.015183278850  0.010078911702  0.014142831130  0.014142831130  0.011091388119  0.007035454755  0.007035454755  0.007035454755  0.009058243696  0.017202070124  0.013133042657  0.007035454755  0.000000000000  0.007035454755  0.033811297712  
lophophorus_impejanus 0.014142831130  0.023397627120  0.014138122242  0.008058579968  0.003009263650  0.015161010412  0.015161010412  0.012105411847  0.008044840665  0.008044840665  0.008044840665  0.010070198602  0.018224961259  0.014149152571  0.008044840665  0.007035454755  0.000000000000  0.028591886974  
alectoris_rufa 0.014149152571  0.023387770238  0.028547265944  0.024426922064  0.031746230001  0.042252611746  0.042252611746  0.038053340779  0.034854141295  0.034854141295  0.034854141295  0.035898618767  0.044347523962  0.041218257009  0.034854141295  0.033811297712  0.028591886974  0.000000000000  

