18
cyrtonyx_montezumae 0.000000000000  0.037066440838  0.048729551925  0.057596832767  0.078455406002  0.049902031773  0.049902031773  0.052055219693  0.055249102237  0.054248746506  0.043452706372  0.049871436785  0.047755305327  0.043452706372  0.043452706372  0.038088217671  0.043377695323  0.054026427358  
rollulus_rouloul 0.037066440838  0.000000000000  0.029669315535  0.040400673185  0.061881178877  0.032905838203  0.032905838203  0.035008430283  0.039205296240  0.037145080551  0.026612069827  0.033943577485  0.030809398817  0.026612069827  0.026612069827  0.021383729513  0.026553499685  0.038031008272  
perdix_dauuricae 0.048729551925  0.029669315535  0.000000000000  0.026553499685  0.047646125065  0.019272869420  0.019272869420  0.021331406747  0.023378179866  0.023407122979  0.013125647042  0.020296826009  0.017220203271  0.013125647042  0.013125647042  0.018241525841  0.023407122979  0.036929996782  
phasianus_colchicus 0.057596832767  0.040400673185  0.026553499685  0.000000000000  0.040182459098  0.017240726881  0.017240726881  0.019294595402  0.023407122979  0.021368234707  0.013150502443  0.022408343638  0.017253382567  0.013150502443  0.013150502443  0.024514056493  0.032881026232  0.045532759087  
chrysolophus_pictus 0.078455406002  0.061881178877  0.047646125065  0.040182459098  0.000000000000  0.039078814377  0.039078814377  0.040128264853  0.045429659761  0.043336137886  0.036984840868  0.045486408230  0.041232037477  0.036984840868  0.036984840868  0.049842549085  0.056317099492  0.069378226944  
crossoptilon_crossoptilon 0.049902031773  0.032905838203  0.019272869420  0.017240726881  0.039078814377  0.000000000000  0.000000000000  0.002002777144  0.006024277741  0.004012967576  0.006027468647  0.015173373979  0.010078495200  0.006027468647  0.006027468647  0.019307863852  0.026553499685  0.038031008272  
lophura_nycthemera 0.049902031773  0.032905838203  0.019272869420  0.017240726881  0.039078814377  0.000000000000  0.000000000000  0.002002777144  0.006024277741  0.004012967576  0.006027468647  0.015173373979  0.010078495200  0.006027468647  0.006027468647  0.019307863852  0.026553499685  0.038031008272  
syrmaticus_ellioti 0.052055219693  0.035008430283  0.021331406747  0.019294595402  0.040128264853  0.002002777144  0.002002777144  0.000000000000  0.008043338285  0.006027468647  0.008047614851  0.017220203271  0.012110595013  0.008047614851  0.008047614851  0.021368234707  0.028635084130  0.040144644383  
lophura_swinhoii 0.055249102237  0.039205296240  0.023378179866  0.023407122979  0.045429659761  0.006024277741  0.006024277741  0.008043338285  0.000000000000  0.009055605410  0.012100937953  0.021322359685  0.016185307020  0.012100937953  0.012100937953  0.025491640660  0.032798214358  0.044372948420  
tragopan_blythii 0.054248746506  0.037145080551  0.023407122979  0.021368234707  0.043336137886  0.004012967576  0.004012967576  0.006027468647  0.009055605410  0.000000000000  0.010078495200  0.019282929586  0.014156228067  0.010078495200  0.010078495200  0.023450657818  0.030741935480  0.042283261842  
lophophorus_impejanus 0.043452706372  0.026612069827  0.013125647042  0.013150502443  0.036984840868  0.006027468647  0.006027468647  0.008047614851  0.012100937953  0.010078495200  0.000000000000  0.009062006309  0.004012967576  0.000000000000  0.000000000000  0.013150502443  0.020330321712  0.031713384132  
melgal2    0.049871436785  0.033943577485  0.020296826009  0.022408343638  0.045486408230  0.015173373979  0.015173373979  0.017220203271  0.021322359685  0.019282929586  0.009062006309  0.000000000000  0.013132347531  0.009062006309  0.009062006309  0.020330321712  0.027585034747  0.039078814377  
lophura_inornata 0.047755305327  0.030809398817  0.017220203271  0.017253382567  0.041232037477  0.010078495200  0.010078495200  0.012110595013  0.016185307020  0.014156228067  0.004012967576  0.013132347531  0.000000000000  0.004012967576  0.004012967576  0.016221965209  0.024477931416  0.035923573383  
syrmaticus_reevesii 0.043452706372  0.026612069827  0.013125647042  0.013150502443  0.036984840868  0.006027468647  0.006027468647  0.008047614851  0.012100937953  0.010078495200  0.000000000000  0.009062006309  0.004012967576  0.000000000000  0.000000000000  0.013150502443  0.020330321712  0.031713384132  
catreus_wallichi 0.043452706372  0.026612069827  0.013125647042  0.013150502443  0.036984840868  0.006027468647  0.006027468647  0.008047614851  0.012100937953  0.010078495200  0.000000000000  0.009062006309  0.004012967576  0.000000000000  0.000000000000  0.013150502443  0.020330321712  0.031713384132  
pavo_cristatus 0.038088217671  0.021383729513  0.018241525841  0.024514056493  0.049842549085  0.019307863852  0.019307863852  0.021368234707  0.025491640660  0.023450657818  0.013150502443  0.020330321712  0.016221965209  0.013150502443  0.013150502443  0.000000000000  0.015173373979  0.026480332284  
galgal4    0.043377695323  0.026553499685  0.023407122979  0.032881026232  0.056317099492  0.026553499685  0.026553499685  0.028635084130  0.032798214358  0.030741935480  0.020330321712  0.027585034747  0.024477931416  0.020330321712  0.020330321712  0.015173373979  0.000000000000  0.030651331699  
alectoris_rufa 0.054026427358  0.038031008272  0.036929996782  0.045532759087  0.069378226944  0.038031008272  0.038031008272  0.040144644383  0.044372948420  0.042283261842  0.031713384132  0.039078814377  0.035923573383  0.031713384132  0.031713384132  0.026480332284  0.030651331699  0.000000000000  

