18
lophura_nycthemera 0.000000000000  0.000000000000  0.005021272787  0.002004108757  0.000000000000  0.000000000000  0.000000000000  0.002002785950  0.002002785950  0.006031597552  0.002002785950  0.011097580633  0.007035443551  0.002002785950  0.006025169666  0.000000000000  0.000000000000  0.000000000000  
catreus_wallichi 0.000000000000  0.000000000000  0.005021272787  0.002004108757  0.000000000000  0.000000000000  0.000000000000  0.002002785950  0.002002785950  0.006031597552  0.002002785950  0.011097580633  0.007035443551  0.002002785950  0.006025169666  0.000000000000  0.000000000000  0.000000000000  
melgal2    0.005021272787  0.005021272787  0.000000000000  0.007044017944  0.005021272787  0.005021272787  0.005021272787  0.007038938181  0.007038938181  0.011105408543  0.007038938181  0.016211520770  0.012111096378  0.007038938181  0.011091350086  0.005021272787  0.005021272787  0.005021272787  
lophophorus_impejanus 0.002004108757  0.002004108757  0.007044017944  0.000000000000  0.002004108757  0.002004108757  0.002004108757  0.004013034992  0.004013034992  0.008058542675  0.004013034992  0.012118419249  0.008047812853  0.004013034992  0.008047812853  0.002004108757  0.002004108757  0.002004108757  
perdix_dauuricae 0.000000000000  0.000000000000  0.005021272787  0.002004108757  0.000000000000  0.000000000000  0.000000000000  0.002002785950  0.002002785950  0.006031597552  0.002002785950  0.011097580633  0.007035443551  0.002002785950  0.006025169666  0.000000000000  0.000000000000  0.000000000000  
phasianus_colchicus 0.000000000000  0.000000000000  0.005021272787  0.002004108757  0.000000000000  0.000000000000  0.000000000000  0.002002785950  0.002002785950  0.006031597552  0.002002785950  0.011097580633  0.007035443551  0.002002785950  0.006025169666  0.000000000000  0.000000000000  0.000000000000  
tragopan_blythii 0.000000000000  0.000000000000  0.005021272787  0.002004108757  0.000000000000  0.000000000000  0.000000000000  0.002002785950  0.002002785950  0.006031597552  0.002002785950  0.011097580633  0.007035443551  0.002002785950  0.006025169666  0.000000000000  0.000000000000  0.000000000000  
syrmaticus_ellioti 0.002002785950  0.002002785950  0.007038938181  0.004013034992  0.002002785950  0.002002785950  0.002002785950  0.000000000000  0.000000000000  0.004016480217  0.000000000000  0.009067938531  0.005018337368  0.000000000000  0.006027592181  0.002002785950  0.002002785950  0.002002785950  
crossoptilon_crossoptilon 0.002002785950  0.002002785950  0.007038938181  0.004013034992  0.002002785950  0.002002785950  0.002002785950  0.000000000000  0.000000000000  0.004016480217  0.000000000000  0.009067938531  0.005018337368  0.000000000000  0.006027592181  0.002002785950  0.002002785950  0.002002785950  
galgal4    0.006031597552  0.006031597552  0.011105408543  0.008058542675  0.006031597552  0.006031597552  0.006031597552  0.004016480217  0.004016480217  0.000000000000  0.004016480217  0.013151419222  0.009067938531  0.004016480217  0.010085610412  0.006031597552  0.006031597552  0.006031597552  
pavo_cristatus 0.002002785950  0.002002785950  0.007038938181  0.004013034992  0.002002785950  0.002002785950  0.002002785950  0.000000000000  0.000000000000  0.004016480217  0.000000000000  0.009067938531  0.005018337368  0.000000000000  0.006027592181  0.002002785950  0.002002785950  0.002002785950  
cyrtonyx_montezumae 0.011097580633  0.011097580633  0.016211520770  0.012118419249  0.011097580633  0.011097580633  0.011097580633  0.009067938531  0.009067938531  0.013151419222  0.009067938531  0.000000000000  0.008066285755  0.009067938531  0.015183180760  0.011097580633  0.011097580633  0.011097580633  
rollulus_rouloul 0.007035443551  0.007035443551  0.012111096378  0.008047812853  0.007035443551  0.007035443551  0.007035443551  0.005018337368  0.005018337368  0.009067938531  0.005018337368  0.008066285755  0.000000000000  0.005018337368  0.011091350086  0.007035443551  0.007035443551  0.007035443551  
lophura_swinhoii 0.002002785950  0.002002785950  0.007038938181  0.004013034992  0.002002785950  0.002002785950  0.002002785950  0.000000000000  0.000000000000  0.004016480217  0.000000000000  0.009067938531  0.005018337368  0.000000000000  0.006027592181  0.002002785950  0.002002785950  0.002002785950  
chrysolophus_pictus 0.006025169666  0.006025169666  0.011091350086  0.008047812853  0.006025169666  0.006025169666  0.006025169666  0.006027592181  0.006027592181  0.010085610412  0.006027592181  0.015183180760  0.011091350086  0.006027592181  0.000000000000  0.006025169666  0.006025169666  0.006025169666  
syrmaticus_reevesii 0.000000000000  0.000000000000  0.005021272787  0.002004108757  0.000000000000  0.000000000000  0.000000000000  0.002002785950  0.002002785950  0.006031597552  0.002002785950  0.011097580633  0.007035443551  0.002002785950  0.006025169666  0.000000000000  0.000000000000  0.000000000000  
lophura_inornata 0.000000000000  0.000000000000  0.005021272787  0.002004108757  0.000000000000  0.000000000000  0.000000000000  0.002002785950  0.002002785950  0.006031597552  0.002002785950  0.011097580633  0.007035443551  0.002002785950  0.006025169666  0.000000000000  0.000000000000  0.000000000000  
alectoris_rufa 0.000000000000  0.000000000000  0.005021272787  0.002004108757  0.000000000000  0.000000000000  0.000000000000  0.002002785950  0.002002785950  0.006031597552  0.002002785950  0.011097580633  0.007035443551  0.002002785950  0.006025169666  0.000000000000  0.000000000000  0.000000000000  

