18
cyrtonyx_montezumae 0.000000000000  0.019311608380  0.022430354382  0.017256600423  0.017256600423  0.017256600423  0.017256600423  0.019311608380  0.017256600423  0.025548681687  0.017256600423  0.018290665755  0.021388538606  0.021388538606  0.021388538606  0.017256600423  0.015195071923  0.017256600423  
pavo_cristatus 0.019311608380  0.000000000000  0.011106107384  0.006031809515  0.006031809515  0.006031809515  0.006031809515  0.008052703422  0.006031809515  0.014167590068  0.006031809515  0.007044322385  0.010086164941  0.010086164941  0.010086164941  0.006031809515  0.004013114066  0.007044322385  
rollulus_rouloul 0.022430354382  0.011106107384  0.000000000000  0.005021409676  0.009075722698  0.009075722698  0.009075722698  0.011106107384  0.009075722698  0.017256600423  0.009075722698  0.010094628021  0.012128203001  0.012128203001  0.012128203001  0.009075722698  0.007044322385  0.010094628021  
galgal4    0.017256600423  0.006031809515  0.005021409676  0.000000000000  0.004016615066  0.004016615066  0.004016615066  0.006031809515  0.004016615066  0.012128203001  0.004016615066  0.005025997091  0.008058957142  0.008058957142  0.008058957142  0.004016615066  0.002004142284  0.005025997091  
crossoptilon_crossoptilon 0.017256600423  0.006031809515  0.009075722698  0.004016615066  0.000000000000  0.000000000000  0.000000000000  0.002002800603  0.000000000000  0.008052703422  0.000000000000  0.001001034142  0.004013114066  0.004013114066  0.004013114066  0.000000000000  0.002004142284  0.005025997091  
lophura_nycthemera 0.017256600423  0.006031809515  0.009075722698  0.004016615066  0.000000000000  0.000000000000  0.000000000000  0.002002800603  0.000000000000  0.008052703422  0.000000000000  0.001001034142  0.004013114066  0.004013114066  0.004013114066  0.000000000000  0.002004142284  0.005025997091  
tragopan_blythii 0.017256600423  0.006031809515  0.009075722698  0.004016615066  0.000000000000  0.000000000000  0.000000000000  0.002002800603  0.000000000000  0.008052703422  0.000000000000  0.001001034142  0.004013114066  0.004013114066  0.004013114066  0.000000000000  0.002004142284  0.005025997091  
lophura_inornata 0.019311608380  0.008052703422  0.011106107384  0.006031809515  0.002002800603  0.002002800603  0.002002800603  0.000000000000  0.002002800603  0.010079330007  0.002002800603  0.003006913939  0.006027746704  0.006027746704  0.006027746704  0.002002800603  0.004013114066  0.007044322385  
melgal2    0.017256600423  0.006031809515  0.009075722698  0.004016615066  0.000000000000  0.000000000000  0.000000000000  0.002002800603  0.000000000000  0.008052703422  0.000000000000  0.001001034142  0.004013114066  0.004013114066  0.004013114066  0.000000000000  0.002004142284  0.005025997091  
perdix_dauuricae 0.025548681687  0.014167590068  0.017256600423  0.012128203001  0.008052703422  0.008052703422  0.008052703422  0.010079330007  0.008052703422  0.000000000000  0.008052703422  0.009068366619  0.012119144871  0.012119144871  0.012119144871  0.008052703422  0.010086164941  0.013152460902  
catreus_wallichi 0.017256600423  0.006031809515  0.009075722698  0.004016615066  0.000000000000  0.000000000000  0.000000000000  0.002002800603  0.000000000000  0.008052703422  0.000000000000  0.001001034142  0.004013114066  0.004013114066  0.004013114066  0.000000000000  0.002004142284  0.005025997091  
lophophorus_impejanus 0.018290665755  0.007044322385  0.010094628021  0.005025997091  0.001001034142  0.001001034142  0.001001034142  0.003006913939  0.001001034142  0.009068366619  0.001001034142  0.000000000000  0.005021409676  0.005021409676  0.005021409676  0.001001034142  0.003009333036  0.006037487888  
chrysolophus_pictus 0.021388538606  0.010086164941  0.012128203001  0.008058957142  0.004013114066  0.004013114066  0.004013114066  0.006027746704  0.004013114066  0.012119144871  0.004013114066  0.005021409676  0.000000000000  0.000000000000  0.000000000000  0.004013114066  0.006031809515  0.009075722698  
syrmaticus_reevesii 0.021388538606  0.010086164941  0.012128203001  0.008058957142  0.004013114066  0.004013114066  0.004013114066  0.006027746704  0.004013114066  0.012119144871  0.004013114066  0.005021409676  0.000000000000  0.000000000000  0.000000000000  0.004013114066  0.006031809515  0.009075722698  
syrmaticus_ellioti 0.021388538606  0.010086164941  0.012128203001  0.008058957142  0.004013114066  0.004013114066  0.004013114066  0.006027746704  0.004013114066  0.012119144871  0.004013114066  0.005021409676  0.000000000000  0.000000000000  0.000000000000  0.004013114066  0.006031809515  0.009075722698  
phasianus_colchicus 0.017256600423  0.006031809515  0.009075722698  0.004016615066  0.000000000000  0.000000000000  0.000000000000  0.002002800603  0.000000000000  0.008052703422  0.000000000000  0.001001034142  0.004013114066  0.004013114066  0.004013114066  0.000000000000  0.002004142284  0.005025997091  
lophura_swinhoii 0.015195071923  0.004013114066  0.007044322385  0.002004142284  0.002004142284  0.002004142284  0.002004142284  0.004013114066  0.002004142284  0.010086164941  0.002004142284  0.003009333036  0.006031809515  0.006031809515  0.006031809515  0.002004142284  0.000000000000  0.003009333036  
alectoris_rufa 0.017256600423  0.007044322385  0.010094628021  0.005025997091  0.005025997091  0.005025997091  0.005025997091  0.007044322385  0.005025997091  0.013152460902  0.005025997091  0.006037487888  0.009075722698  0.009075722698  0.009075722698  0.005025997091  0.003009333036  0.000000000000  

