18
cyrtonyx_montezumae 0.000000000000  0.009067022015  0.008043210988  0.005018162091  0.005018162091  0.005018162091  0.005018162091  0.005018162091  0.005018162091  0.007035125414  0.008047328198  0.005018162091  0.005018162091  0.005018162091  0.005018162091  0.037973976346  0.008047328198  0.008047328198  
rollulus_rouloul 0.009067022015  0.000000000000  0.007035125414  0.004016187828  0.004016187828  0.004016187828  0.004016187828  0.004016187828  0.004016187828  0.008057635764  0.010092434464  0.004016187828  0.004016187828  0.004016187828  0.004016187828  0.036936579328  0.007043352792  0.007043352792  
perdix_dauuricae 0.008043210988  0.007035125414  0.000000000000  0.003006809410  0.003006809410  0.003006809410  0.003006809410  0.003006809410  0.003006809410  0.007033328375  0.009057722153  0.003006809410  0.003006809410  0.003006809410  0.003006809410  0.036909187806  0.006024216116  0.006024216116  
lophura_nycthemera 0.005018162091  0.004016187828  0.003006809410  0.000000000000  0.000000000000  0.000000000000  0.000000000000  0.000000000000  0.000000000000  0.004012868099  0.006031136117  0.000000000000  0.000000000000  0.000000000000  0.000000000000  0.033771301658  0.003006800107  0.003006800107  
galgal4    0.005018162091  0.004016187828  0.003006809410  0.000000000000  0.000000000000  0.000000000000  0.000000000000  0.000000000000  0.000000000000  0.004012868099  0.006031136117  0.000000000000  0.000000000000  0.000000000000  0.000000000000  0.033771301658  0.003006800107  0.003006800107  
melgal2    0.005018162091  0.004016187828  0.003006809410  0.000000000000  0.000000000000  0.000000000000  0.000000000000  0.000000000000  0.000000000000  0.004012868099  0.006031136117  0.000000000000  0.000000000000  0.000000000000  0.000000000000  0.033771301658  0.003006800107  0.003006800107  
pavo_cristatus 0.005018162091  0.004016187828  0.003006809410  0.000000000000  0.000000000000  0.000000000000  0.000000000000  0.000000000000  0.000000000000  0.004012868099  0.006031136117  0.000000000000  0.000000000000  0.000000000000  0.000000000000  0.033771301658  0.003006800107  0.003006800107  
chrysolophus_pictus 0.005018162091  0.004016187828  0.003006809410  0.000000000000  0.000000000000  0.000000000000  0.000000000000  0.000000000000  0.000000000000  0.004012868099  0.006031136117  0.000000000000  0.000000000000  0.000000000000  0.000000000000  0.033771301658  0.003006800107  0.003006800107  
tragopan_blythii 0.005018162091  0.004016187828  0.003006809410  0.000000000000  0.000000000000  0.000000000000  0.000000000000  0.000000000000  0.000000000000  0.004012868099  0.006031136117  0.000000000000  0.000000000000  0.000000000000  0.000000000000  0.033771301658  0.003006800107  0.003006800107  
lophura_inornata 0.007035125414  0.008057635764  0.007033328375  0.004012868099  0.004012868099  0.004012868099  0.004012868099  0.004012868099  0.004012868099  0.000000000000  0.006027288156  0.004012868099  0.004012868099  0.004012868099  0.004012868099  0.037984241733  0.007038467906  0.007038467906  
syrmaticus_reevesii 0.008047328198  0.010092434464  0.009057722153  0.006031136117  0.006031136117  0.006031136117  0.006031136117  0.006031136117  0.006031136117  0.006027288156  0.000000000000  0.006031136117  0.006031136117  0.006031136117  0.006031136117  0.040107936628  0.009067022015  0.009067022015  
lophophorus_impejanus 0.005018162091  0.004016187828  0.003006809410  0.000000000000  0.000000000000  0.000000000000  0.000000000000  0.000000000000  0.000000000000  0.004012868099  0.006031136117  0.000000000000  0.000000000000  0.000000000000  0.000000000000  0.033771301658  0.003006800107  0.003006800107  
lophura_swinhoii 0.005018162091  0.004016187828  0.003006809410  0.000000000000  0.000000000000  0.000000000000  0.000000000000  0.000000000000  0.000000000000  0.004012868099  0.006031136117  0.000000000000  0.000000000000  0.000000000000  0.000000000000  0.033771301658  0.003006800107  0.003006800107  
phasianus_colchicus 0.005018162091  0.004016187828  0.003006809410  0.000000000000  0.000000000000  0.000000000000  0.000000000000  0.000000000000  0.000000000000  0.004012868099  0.006031136117  0.000000000000  0.000000000000  0.000000000000  0.000000000000  0.033771301658  0.003006800107  0.003006800107  
syrmaticus_ellioti 0.005018162091  0.004016187828  0.003006809410  0.000000000000  0.000000000000  0.000000000000  0.000000000000  0.000000000000  0.000000000000  0.004012868099  0.006031136117  0.000000000000  0.000000000000  0.000000000000  0.000000000000  0.033771301658  0.003006800107  0.003006800107  
catreus_wallichi 0.037973976346  0.036936579328  0.036909187806  0.033771301658  0.033771301658  0.033771301658  0.033771301658  0.033771301658  0.033771301658  0.037984241733  0.040107936628  0.033771301658  0.033771301658  0.033771301658  0.033771301658  0.000000000000  0.030631776239  0.030631776239  
crossoptilon_crossoptilon 0.008047328198  0.007043352792  0.006024216116  0.003006800107  0.003006800107  0.003006800107  0.003006800107  0.003006800107  0.003006800107  0.007038467906  0.009067022015  0.003006800107  0.003006800107  0.003006800107  0.003006800107  0.030631776239  0.000000000000  0.000000000000  
alectoris_rufa 0.008047328198  0.007043352792  0.006024216116  0.003006800107  0.003006800107  0.003006800107  0.003006800107  0.003006800107  0.003006800107  0.007038467906  0.009067022015  0.003006800107  0.003006800107  0.003006800107  0.003006800107  0.030631776239  0.000000000000  0.000000000000  

