18
perdix_dauuricae 0.000000000000  0.003006099969  0.003006099969  0.003006099969  0.003006099969  0.003006099969  0.003006099969  0.003006099969  0.003006099969  0.003006099969  0.009055886270  0.005017090436  0.004010924475  0.003006099969  0.003006099969  0.008043706129  0.204711027827  0.003006099969  
lophura_swinhoii 0.003006099969  0.000000000000  0.000000000000  0.000000000000  0.000000000000  0.000000000000  0.000000000000  0.000000000000  0.000000000000  0.000000000000  0.006025192588  0.002002808222  0.001000761073  0.000000000000  0.000000000000  0.005017090436  0.203494660350  0.000000000000  
crossoptilon_crossoptilon 0.003006099969  0.000000000000  0.000000000000  0.000000000000  0.000000000000  0.000000000000  0.000000000000  0.000000000000  0.000000000000  0.000000000000  0.006025192588  0.002002808222  0.001000761073  0.000000000000  0.000000000000  0.005017090436  0.203494660350  0.000000000000  
lophophorus_impejanus 0.003006099969  0.000000000000  0.000000000000  0.000000000000  0.000000000000  0.000000000000  0.000000000000  0.000000000000  0.000000000000  0.000000000000  0.006025192588  0.002002808222  0.001000761073  0.000000000000  0.000000000000  0.005017090436  0.203494660350  0.000000000000  
chrysolophus_pictus 0.003006099969  0.000000000000  0.000000000000  0.000000000000  0.000000000000  0.000000000000  0.000000000000  0.000000000000  0.000000000000  0.000000000000  0.006025192588  0.002002808222  0.001000761073  0.000000000000  0.000000000000  0.005017090436  0.203494660350  0.000000000000  
galgal4    0.003006099969  0.000000000000  0.000000000000  0.000000000000  0.000000000000  0.000000000000  0.000000000000  0.000000000000  0.000000000000  0.000000000000  0.006025192588  0.002002808222  0.001000761073  0.000000000000  0.000000000000  0.005017090436  0.203494660350  0.000000000000  
catreus_wallichi 0.003006099969  0.000000000000  0.000000000000  0.000000000000  0.000000000000  0.000000000000  0.000000000000  0.000000000000  0.000000000000  0.000000000000  0.006025192588  0.002002808222  0.001000761073  0.000000000000  0.000000000000  0.005017090436  0.203494660350  0.000000000000  
phasianus_colchicus 0.003006099969  0.000000000000  0.000000000000  0.000000000000  0.000000000000  0.000000000000  0.000000000000  0.000000000000  0.000000000000  0.000000000000  0.006025192588  0.002002808222  0.001000761073  0.000000000000  0.000000000000  0.005017090436  0.203494660350  0.000000000000  
tragopan_blythii 0.003006099969  0.000000000000  0.000000000000  0.000000000000  0.000000000000  0.000000000000  0.000000000000  0.000000000000  0.000000000000  0.000000000000  0.006025192588  0.002002808222  0.001000761073  0.000000000000  0.000000000000  0.005017090436  0.203494660350  0.000000000000  
pavo_cristatus 0.003006099969  0.000000000000  0.000000000000  0.000000000000  0.000000000000  0.000000000000  0.000000000000  0.000000000000  0.000000000000  0.000000000000  0.006025192588  0.002002808222  0.001000761073  0.000000000000  0.000000000000  0.005017090436  0.203494660350  0.000000000000  
cyrtonyx_montezumae 0.009055886270  0.006025192588  0.006025192588  0.006025192588  0.006025192588  0.006025192588  0.006025192588  0.006025192588  0.006025192588  0.006025192588  0.000000000000  0.008043858922  0.007034646679  0.006025192588  0.006025192588  0.011082865013  0.211373961352  0.006025192588  
syrmaticus_reevesii 0.005017090436  0.002002808222  0.002002808222  0.002002808222  0.002002808222  0.002002808222  0.002002808222  0.002002808222  0.002002808222  0.002002808222  0.008043858922  0.000000000000  0.001001044063  0.002002808222  0.002002808222  0.007033765349  0.206165157836  0.002002808222  
rollulus_rouloul 0.004010924475  0.001000761073  0.001000761073  0.001000761073  0.001000761073  0.001000761073  0.001000761073  0.001000761073  0.001000761073  0.001000761073  0.007034646679  0.001001044063  0.000000000000  0.001000761073  0.001000761073  0.006024466282  0.204788777239  0.001000761073  
lophura_inornata 0.003006099969  0.000000000000  0.000000000000  0.000000000000  0.000000000000  0.000000000000  0.000000000000  0.000000000000  0.000000000000  0.000000000000  0.006025192588  0.002002808222  0.001000761073  0.000000000000  0.000000000000  0.005017090436  0.203494660350  0.000000000000  
syrmaticus_ellioti 0.003006099969  0.000000000000  0.000000000000  0.000000000000  0.000000000000  0.000000000000  0.000000000000  0.000000000000  0.000000000000  0.000000000000  0.006025192588  0.002002808222  0.001000761073  0.000000000000  0.000000000000  0.005017090436  0.203494660350  0.000000000000  
lophura_nycthemera 0.008043706129  0.005017090436  0.005017090436  0.005017090436  0.005017090436  0.005017090436  0.005017090436  0.005017090436  0.005017090436  0.005017090436  0.011082865013  0.007033765349  0.006024466282  0.005017090436  0.005017090436  0.000000000000  0.207545500101  0.005017090436  
melgal2    0.204711027827  0.203494660350  0.203494660350  0.203494660350  0.203494660350  0.203494660350  0.203494660350  0.203494660350  0.203494660350  0.203494660350  0.211373961352  0.206165157836  0.204788777239  0.203494660350  0.203494660350  0.207545500101  0.000000000000  0.203494660350  
alectoris_rufa 0.003006099969  0.000000000000  0.000000000000  0.000000000000  0.000000000000  0.000000000000  0.000000000000  0.000000000000  0.000000000000  0.000000000000  0.006025192588  0.002002808222  0.001000761073  0.000000000000  0.000000000000  0.005017090436  0.203494660350  0.000000000000  

