18
galgal4    0.000000000000  0.011091066638  0.024448796991  0.034960191263  0.026554145896  0.020317913942  0.020317913942  0.020317913942  0.020317913942  0.020317913942  0.020317913942  0.020317913942  0.020317913942  0.020317913942  0.020317913942  0.019294937167  0.020306736301  0.009062077181  
pavo_cristatus 0.011091066638  0.000000000000  0.017220457949  0.027603154032  0.019294937167  0.013132499124  0.013132499124  0.013132499124  0.013132499124  0.013132499124  0.013132499124  0.013132499124  0.013132499124  0.013132499124  0.013132499124  0.012117936215  0.013125793535  0.002002780681  
cyrtonyx_montezumae 0.024448796991  0.017220457949  0.000000000000  0.019294937167  0.024495777490  0.018273530263  0.018273530263  0.018273530263  0.018273530263  0.018273530263  0.018273530263  0.018273530263  0.018273530263  0.018273530263  0.018273530263  0.017253687916  0.018261348079  0.015173573309  
rollulus_rouloul 0.034960191263  0.027603154032  0.019294937167  0.000000000000  0.035036861385  0.028696486640  0.028696486640  0.028696486640  0.028696486640  0.028696486640  0.028696486640  0.028696486640  0.028696486640  0.028696486640  0.028696486640  0.027665270937  0.028674630067  0.025524168443  
syrmaticus_ellioti 0.026554145896  0.019294937167  0.024495777490  0.035036861385  0.000000000000  0.006031449004  0.006031449004  0.006031449004  0.006031449004  0.006031449004  0.006031449004  0.006031449004  0.006031449004  0.006031449004  0.006031449004  0.007038792035  0.012110721791  0.017241008132  
phasianus_colchicus 0.020317913942  0.013132499124  0.018273530263  0.028696486640  0.006031449004  0.000000000000  0.000000000000  0.000000000000  0.000000000000  0.000000000000  0.000000000000  0.000000000000  0.000000000000  0.000000000000  0.000000000000  0.001000758026  0.006025121793  0.011097201605  
syrmaticus_reevesii 0.020317913942  0.013132499124  0.018273530263  0.028696486640  0.006031449004  0.000000000000  0.000000000000  0.000000000000  0.000000000000  0.000000000000  0.000000000000  0.000000000000  0.000000000000  0.000000000000  0.000000000000  0.001000758026  0.006025121793  0.011097201605  
lophura_swinhoii 0.020317913942  0.013132499124  0.018273530263  0.028696486640  0.006031449004  0.000000000000  0.000000000000  0.000000000000  0.000000000000  0.000000000000  0.000000000000  0.000000000000  0.000000000000  0.000000000000  0.000000000000  0.001000758026  0.006025121793  0.011097201605  
lophura_nycthemera 0.020317913942  0.013132499124  0.018273530263  0.028696486640  0.006031449004  0.000000000000  0.000000000000  0.000000000000  0.000000000000  0.000000000000  0.000000000000  0.000000000000  0.000000000000  0.000000000000  0.000000000000  0.001000758026  0.006025121793  0.011097201605  
crossoptilon_crossoptilon 0.020317913942  0.013132499124  0.018273530263  0.028696486640  0.006031449004  0.000000000000  0.000000000000  0.000000000000  0.000000000000  0.000000000000  0.000000000000  0.000000000000  0.000000000000  0.000000000000  0.000000000000  0.001000758026  0.006025121793  0.011097201605  
chrysolophus_pictus 0.020317913942  0.013132499124  0.018273530263  0.028696486640  0.006031449004  0.000000000000  0.000000000000  0.000000000000  0.000000000000  0.000000000000  0.000000000000  0.000000000000  0.000000000000  0.000000000000  0.000000000000  0.001000758026  0.006025121793  0.011097201605  
lophura_inornata 0.020317913942  0.013132499124  0.018273530263  0.028696486640  0.006031449004  0.000000000000  0.000000000000  0.000000000000  0.000000000000  0.000000000000  0.000000000000  0.000000000000  0.000000000000  0.000000000000  0.000000000000  0.001000758026  0.006025121793  0.011097201605  
tragopan_blythii 0.020317913942  0.013132499124  0.018273530263  0.028696486640  0.006031449004  0.000000000000  0.000000000000  0.000000000000  0.000000000000  0.000000000000  0.000000000000  0.000000000000  0.000000000000  0.000000000000  0.000000000000  0.001000758026  0.006025121793  0.011097201605  
lophophorus_impejanus 0.020317913942  0.013132499124  0.018273530263  0.028696486640  0.006031449004  0.000000000000  0.000000000000  0.000000000000  0.000000000000  0.000000000000  0.000000000000  0.000000000000  0.000000000000  0.000000000000  0.000000000000  0.001000758026  0.006025121793  0.011097201605  
catreus_wallichi 0.020317913942  0.013132499124  0.018273530263  0.028696486640  0.006031449004  0.000000000000  0.000000000000  0.000000000000  0.000000000000  0.000000000000  0.000000000000  0.000000000000  0.000000000000  0.000000000000  0.000000000000  0.001000758026  0.006025121793  0.011097201605  
perdix_dauuricae 0.019294937167  0.012117936215  0.017253687916  0.027665270937  0.007038792035  0.001000758026  0.001000758026  0.001000758026  0.001000758026  0.001000758026  0.001000758026  0.001000758026  0.001000758026  0.001000758026  0.001000758026  0.000000000000  0.005018286762  0.010085227732  
melgal2    0.020306736301  0.013125793535  0.018261348079  0.028674630067  0.012110721791  0.006025121793  0.006025121793  0.006025121793  0.006025121793  0.006025121793  0.006025121793  0.006025121793  0.006025121793  0.006025121793  0.006025121793  0.005018286762  0.000000000000  0.011091066638  
alectoris_rufa 0.009062077181  0.002002780681  0.015173573309  0.025524168443  0.017241008132  0.011097201605  0.011097201605  0.011097201605  0.011097201605  0.011097201605  0.011097201605  0.011097201605  0.011097201605  0.011097201605  0.011097201605  0.010085227732  0.011091066638  0.000000000000  

