18
syrmaticus_reevesii 0.000000000000  0.003006851813  0.001001019761  0.004012980486  0.000000000000  0.000000000000  0.000000000000  0.008052163756  0.005025633594  0.000000000000  0.006031444425  0.004016383068  0.003006851813  0.003006851813  0.000000000000  0.000000000000  0.000000000000  0.002004084603  
perdix_dauuricae 0.003006851813  0.000000000000  0.002002780718  0.007038786451  0.003006851813  0.003006851813  0.003006851813  0.011097187246  0.008058240763  0.003006851813  0.009067636998  0.007043796746  0.006027496448  0.006027496448  0.003006851813  0.003006851813  0.003006851813  0.005021175190  
pavo_cristatus 0.001001019761  0.002002780718  0.000000000000  0.005021175190  0.001001019761  0.001001019761  0.001001019761  0.009067636998  0.006036963003  0.001001019761  0.007043796746  0.005025633594  0.004012980486  0.004012980486  0.001001019761  0.001001019761  0.001001019761  0.003009202896  
rollulus_rouloul 0.004012980486  0.007038786451  0.005021175190  0.000000000000  0.004012980486  0.004012980486  0.004012980486  0.012117918385  0.009074785136  0.004012980486  0.010085214865  0.008058240763  0.007038786451  0.007038786451  0.004012980486  0.004012980486  0.004012980486  0.006031444425  
catreus_wallichi 0.000000000000  0.003006851813  0.001001019761  0.004012980486  0.000000000000  0.000000000000  0.000000000000  0.008052163756  0.005025633594  0.000000000000  0.006031444425  0.004016383068  0.003006851813  0.003006851813  0.000000000000  0.000000000000  0.000000000000  0.002004084603  
melgal2    0.000000000000  0.003006851813  0.001001019761  0.004012980486  0.000000000000  0.000000000000  0.000000000000  0.008052163756  0.005025633594  0.000000000000  0.006031444425  0.004016383068  0.003006851813  0.003006851813  0.000000000000  0.000000000000  0.000000000000  0.002004084603  
phasianus_colchicus 0.000000000000  0.003006851813  0.001001019761  0.004012980486  0.000000000000  0.000000000000  0.000000000000  0.008052163756  0.005025633594  0.000000000000  0.006031444425  0.004016383068  0.003006851813  0.003006851813  0.000000000000  0.000000000000  0.000000000000  0.002004084603  
lophophorus_impejanus 0.008052163756  0.011097187246  0.009067636998  0.012117918385  0.008052163756  0.008052163756  0.008052163756  0.000000000000  0.013150663909  0.008052163756  0.014165769040  0.012126719496  0.011097187246  0.011097187246  0.008052163756  0.008052163756  0.008052163756  0.010085214865  
cyrtonyx_montezumae 0.005025633594  0.008058240763  0.006036963003  0.009074785136  0.005025633594  0.005025633594  0.005025633594  0.013150663909  0.000000000000  0.005025633594  0.011114209866  0.009083510620  0.008058240763  0.008058240763  0.005025633594  0.005025633594  0.005025633594  0.007050379878  
lophura_inornata 0.000000000000  0.003006851813  0.001001019761  0.004012980486  0.000000000000  0.000000000000  0.000000000000  0.008052163756  0.005025633594  0.000000000000  0.006031444425  0.004016383068  0.003006851813  0.003006851813  0.000000000000  0.000000000000  0.000000000000  0.002004084603  
tragopan_blythii 0.006031444425  0.009067636998  0.007043796746  0.010085214865  0.006031444425  0.006031444425  0.006031444425  0.014165769040  0.011114209866  0.006031444425  0.000000000000  0.004012980486  0.009067636998  0.009067636998  0.006031444425  0.006031444425  0.006031444425  0.008058240763  
crossoptilon_crossoptilon 0.004016383068  0.007043796746  0.005025633594  0.008058240763  0.004016383068  0.004016383068  0.004016383068  0.012126719496  0.009083510620  0.004016383068  0.004012980486  0.000000000000  0.007043796746  0.007043796746  0.004016383068  0.004016383068  0.004016383068  0.006036963003  
chrysolophus_pictus 0.003006851813  0.006027496448  0.004012980486  0.007038786451  0.003006851813  0.003006851813  0.003006851813  0.011097187246  0.008058240763  0.003006851813  0.009067636998  0.007043796746  0.000000000000  0.000000000000  0.003006851813  0.003006851813  0.003006851813  0.005021175190  
galgal4    0.003006851813  0.006027496448  0.004012980486  0.007038786451  0.003006851813  0.003006851813  0.003006851813  0.011097187246  0.008058240763  0.003006851813  0.009067636998  0.007043796746  0.000000000000  0.000000000000  0.003006851813  0.003006851813  0.003006851813  0.005021175190  
lophura_nycthemera 0.000000000000  0.003006851813  0.001001019761  0.004012980486  0.000000000000  0.000000000000  0.000000000000  0.008052163756  0.005025633594  0.000000000000  0.006031444425  0.004016383068  0.003006851813  0.003006851813  0.000000000000  0.000000000000  0.000000000000  0.002004084603  
lophura_swinhoii 0.000000000000  0.003006851813  0.001001019761  0.004012980486  0.000000000000  0.000000000000  0.000000000000  0.008052163756  0.005025633594  0.000000000000  0.006031444425  0.004016383068  0.003006851813  0.003006851813  0.000000000000  0.000000000000  0.000000000000  0.002004084603  
syrmaticus_ellioti 0.000000000000  0.003006851813  0.001001019761  0.004012980486  0.000000000000  0.000000000000  0.000000000000  0.008052163756  0.005025633594  0.000000000000  0.006031444425  0.004016383068  0.003006851813  0.003006851813  0.000000000000  0.000000000000  0.000000000000  0.002004084603  
alectoris_rufa 0.002004084603  0.005021175190  0.003009202896  0.006031444425  0.002004084603  0.002004084603  0.002004084603  0.010085214865  0.007050379878  0.002004084603  0.008058240763  0.006036963003  0.005021175190  0.005021175190  0.002004084603  0.002004084603  0.002004084603  0.000000000000  

