18
rollulus_rouloul 0.000000000000  0.002002790719  0.014167046078  0.003009295337  0.009075452964  0.014191107702  0.014191107702  0.018275578221  0.014191107702  0.014191107702  0.014191107702  0.014191107702  0.016237456450  0.012127770515  0.007044170257  0.006031703037  0.008058750619  0.001001029977  
galgal4    0.002002790719  0.000000000000  0.012127770515  0.005021340176  0.011105754910  0.016237456450  0.016237456450  0.020333065719  0.016237456450  0.016237456450  0.016237456450  0.016237456450  0.018289677477  0.014167046078  0.009068147306  0.008052537408  0.010085883500  0.003006892665  
cyrtonyx_montezumae 0.014167046078  0.012127770515  0.000000000000  0.017255737203  0.023472804340  0.028726196895  0.028726196895  0.032888863884  0.028726196895  0.028726196895  0.028726196895  0.028726196895  0.030817171842  0.026596357377  0.021387241320  0.020347805601  0.022428904377  0.015194430770  
pavo_cristatus 0.003009295337  0.005021340176  0.017255737203  0.000000000000  0.010094286185  0.015220730707  0.015220730707  0.019310587716  0.015220730707  0.015220730707  0.015220730707  0.015220730707  0.017270329709  0.013151939351  0.008058750619  0.007044170257  0.009075452964  0.002004125575  
melgal2    0.009075452964  0.011105754910  0.023472804340  0.010094286185  0.000000000000  0.015236300567  0.015236300567  0.019325821574  0.015236300567  0.015236300567  0.015236300567  0.015236300567  0.017286542330  0.013163660899  0.008066559339  0.007050888745  0.009084356482  0.008058750619  
chrysolophus_pictus 0.014191107702  0.016237456450  0.028726196895  0.015220730707  0.015236300567  0.000000000000  0.000000000000  0.004010884830  0.000000000000  0.000000000000  0.000000000000  0.000000000000  0.002002790719  0.004013072944  0.007050888745  0.012150596726  0.014205554745  0.013163660899  
syrmaticus_reevesii 0.014191107702  0.016237456450  0.028726196895  0.015220730707  0.015236300567  0.000000000000  0.000000000000  0.004010884830  0.000000000000  0.000000000000  0.000000000000  0.000000000000  0.002002790719  0.004013072944  0.007050888745  0.012150596726  0.014205554745  0.013163660899  
phasianus_colchicus 0.018275578221  0.020333065719  0.032888863884  0.019310587716  0.019325821574  0.004010884830  0.004010884830  0.000000000000  0.004010884830  0.004010884830  0.004010884830  0.004010884830  0.006024361657  0.008044909377  0.011097856134  0.016223991400  0.018289677477  0.017242767732  
syrmaticus_ellioti 0.014191107702  0.016237456450  0.028726196895  0.015220730707  0.015236300567  0.000000000000  0.000000000000  0.004010884830  0.000000000000  0.000000000000  0.000000000000  0.000000000000  0.002002790719  0.004013072944  0.007050888745  0.012150596726  0.014205554745  0.013163660899  
lophura_swinhoii 0.014191107702  0.016237456450  0.028726196895  0.015220730707  0.015236300567  0.000000000000  0.000000000000  0.004010884830  0.000000000000  0.000000000000  0.000000000000  0.000000000000  0.002002790719  0.004013072944  0.007050888745  0.012150596726  0.014205554745  0.013163660899  
lophura_nycthemera 0.014191107702  0.016237456450  0.028726196895  0.015220730707  0.015236300567  0.000000000000  0.000000000000  0.004010884830  0.000000000000  0.000000000000  0.000000000000  0.000000000000  0.002002790719  0.004013072944  0.007050888745  0.012150596726  0.014205554745  0.013163660899  
catreus_wallichi 0.014191107702  0.016237456450  0.028726196895  0.015220730707  0.015236300567  0.000000000000  0.000000000000  0.004010884830  0.000000000000  0.000000000000  0.000000000000  0.000000000000  0.002002790719  0.004013072944  0.007050888745  0.012150596726  0.014205554745  0.013163660899  
crossoptilon_crossoptilon 0.016237456450  0.018289677477  0.030817171842  0.017270329709  0.017286542330  0.002002790719  0.002002790719  0.006024361657  0.002002790719  0.002002790719  0.002002790719  0.002002790719  0.000000000000  0.006027661088  0.009075452964  0.014191107702  0.016252539150  0.015206773139  
perdix_dauuricae 0.012127770515  0.014167046078  0.026596357377  0.013151939351  0.013163660899  0.004013072944  0.004013072944  0.008044909377  0.004013072944  0.004013072944  0.004013072944  0.004013072944  0.006027661088  0.000000000000  0.005021340176  0.010094286185  0.012138381116  0.011105754910  
lophura_inornata 0.007044170257  0.009068147306  0.021387241320  0.008058750619  0.008066559339  0.007050888745  0.007050888745  0.011097856134  0.007050888745  0.007050888745  0.007050888745  0.007050888745  0.009075452964  0.005021340176  0.000000000000  0.005025891790  0.007050888745  0.006031703037  
lophophorus_impejanus 0.006031703037  0.008052537408  0.020347805601  0.007044170257  0.007050888745  0.012150596726  0.012150596726  0.016223991400  0.012150596726  0.012150596726  0.012150596726  0.012150596726  0.014191107702  0.010094286185  0.005025891790  0.000000000000  0.006037335833  0.005021340176  
tragopan_blythii 0.008058750619  0.010085883500  0.022428904377  0.009075452964  0.009084356482  0.014205554745  0.014205554745  0.018289677477  0.014205554745  0.014205554745  0.014205554745  0.014205554745  0.016252539150  0.012138381116  0.007050888745  0.006037335833  0.000000000000  0.007044170257  
alectoris_rufa 0.001001029977  0.003006892665  0.015194430770  0.002004125575  0.008058750619  0.013163660899  0.013163660899  0.017242767732  0.013163660899  0.013163660899  0.013163660899  0.013163660899  0.015206773139  0.011105754910  0.006031703037  0.005021340176  0.007044170257  0.000000000000  

