18
tragopan_blythii 0.000000000000  0.022488504109  0.027747326599  0.028805933080  0.027747326599  0.027747326599  0.027747326599  0.027747326599  0.027747326599  0.027747326599  0.027747326599  0.027747326599  0.119096282386  0.039367341604  0.027747326599  0.025636985185  0.022488504109  0.019360227177  
syrmaticus_ellioti 0.022488504109  0.000000000000  0.005025818145  0.008066369231  0.005025818145  0.005025818145  0.005025818145  0.005025818145  0.005025818145  0.005025818145  0.005025818145  0.005025818145  0.100660795164  0.016211860904  0.005025818145  0.003009268971  0.000000000000  0.019380173569  
rollulus_rouloul 0.027747326599  0.005025818145  0.000000000000  0.011126003726  0.010103990396  0.010103990396  0.010103990396  0.010103990396  0.010103990396  0.010103990396  0.010103990396  0.010103990396  0.104315792740  0.021386557576  0.010103990396  0.008066369231  0.005025818145  0.024610914497  
phasianus_colchicus 0.028805933080  0.008066369231  0.011126003726  0.000000000000  0.013176480803  0.013176480803  0.013176480803  0.013176480803  0.013176480803  0.013176480803  0.013176480803  0.013176480803  0.105540240414  0.024517948474  0.013176480803  0.011126003726  0.008066369231  0.027776512967  
chrysolophus_pictus 0.027747326599  0.005025818145  0.010103990396  0.013176480803  0.000000000000  0.000000000000  0.000000000000  0.000000000000  0.000000000000  0.000000000000  0.000000000000  0.000000000000  0.097032997335  0.011091516883  0.002004113889  0.008066369231  0.005025818145  0.024610914497  
perdix_dauuricae 0.027747326599  0.005025818145  0.010103990396  0.013176480803  0.000000000000  0.000000000000  0.000000000000  0.000000000000  0.000000000000  0.000000000000  0.000000000000  0.000000000000  0.097032997335  0.011091516883  0.002004113889  0.008066369231  0.005025818145  0.024610914497  
lophura_nycthemera 0.027747326599  0.005025818145  0.010103990396  0.013176480803  0.000000000000  0.000000000000  0.000000000000  0.000000000000  0.000000000000  0.000000000000  0.000000000000  0.000000000000  0.097032997335  0.011091516883  0.002004113889  0.008066369231  0.005025818145  0.024610914497  
lophura_inornata 0.027747326599  0.005025818145  0.010103990396  0.013176480803  0.000000000000  0.000000000000  0.000000000000  0.000000000000  0.000000000000  0.000000000000  0.000000000000  0.000000000000  0.097032997335  0.011091516883  0.002004113889  0.008066369231  0.005025818145  0.024610914497  
lophura_swinhoii 0.027747326599  0.005025818145  0.010103990396  0.013176480803  0.000000000000  0.000000000000  0.000000000000  0.000000000000  0.000000000000  0.000000000000  0.000000000000  0.000000000000  0.097032997335  0.011091516883  0.002004113889  0.008066369231  0.005025818145  0.024610914497  
melgal2    0.027747326599  0.005025818145  0.010103990396  0.013176480803  0.000000000000  0.000000000000  0.000000000000  0.000000000000  0.000000000000  0.000000000000  0.000000000000  0.000000000000  0.097032997335  0.011091516883  0.002004113889  0.008066369231  0.005025818145  0.024610914497  
catreus_wallichi 0.027747326599  0.005025818145  0.010103990396  0.013176480803  0.000000000000  0.000000000000  0.000000000000  0.000000000000  0.000000000000  0.000000000000  0.000000000000  0.000000000000  0.097032997335  0.011091516883  0.002004113889  0.008066369231  0.005025818145  0.024610914497  
crossoptilon_crossoptilon 0.027747326599  0.005025818145  0.010103990396  0.013176480803  0.000000000000  0.000000000000  0.000000000000  0.000000000000  0.000000000000  0.000000000000  0.000000000000  0.000000000000  0.097032997335  0.011091516883  0.002004113889  0.008066369231  0.005025818145  0.024610914497  
syrmaticus_reevesii 0.119096282386  0.100660795164  0.104315792740  0.105540240414  0.097032997335  0.097032997335  0.097032997335  0.097032997335  0.097032997335  0.097032997335  0.097032997335  0.097032997335  0.000000000000  0.107588996268  0.099448527056  0.104315792740  0.100660795164  0.119216141971  
cyrtonyx_montezumae 0.039367341604  0.016211860904  0.021386557576  0.024517948474  0.011091516883  0.011091516883  0.011091516883  0.011091516883  0.011091516883  0.011091516883  0.011091516883  0.011091516883  0.107588996268  0.000000000000  0.013133205286  0.019310082778  0.016211860904  0.036174938305  
lophophorus_impejanus 0.027747326599  0.005025818145  0.010103990396  0.013176480803  0.002004113889  0.002004113889  0.002004113889  0.002004113889  0.002004113889  0.002004113889  0.002004113889  0.002004113889  0.099448527056  0.013133205286  0.000000000000  0.008066369231  0.005025818145  0.024610914497  
galgal4    0.025636985185  0.003009268971  0.008066369231  0.011126003726  0.008066369231  0.008066369231  0.008066369231  0.008066369231  0.008066369231  0.008066369231  0.008066369231  0.008066369231  0.104315792740  0.019310082778  0.008066369231  0.000000000000  0.003009268971  0.022511878294  
pavo_cristatus 0.022488504109  0.000000000000  0.005025818145  0.008066369231  0.005025818145  0.005025818145  0.005025818145  0.005025818145  0.005025818145  0.005025818145  0.005025818145  0.005025818145  0.100660795164  0.016211860904  0.005025818145  0.003009268971  0.000000000000  0.019380173569  
alectoris_rufa 0.019360227177  0.019380173569  0.024610914497  0.027776512967  0.024610914497  0.024610914497  0.024610914497  0.024610914497  0.024610914497  0.024610914497  0.024610914497  0.024610914497  0.119216141971  0.036174938305  0.024610914497  0.022511878294  0.019380173569  0.000000000000  

