18
pavo_cristatus 0.000000000000  0.007050090719  0.004016289420  0.003009150363  0.010084837058  0.005025486869  0.009074407611  0.005025486869  0.005025486869  0.006036751141  0.007050090719  0.005025486869  0.003009150363  0.003009150363  0.019337832637  0.013149943531  0.014165047238  0.019293706709  
galgal4    0.007050090719  0.000000000000  0.005025486869  0.004016289420  0.011104426647  0.006036751141  0.010092959274  0.006036751141  0.006036751141  0.007050090719  0.008065514138  0.006036751141  0.004016289420  0.004016289420  0.020376728677  0.016234195167  0.017252471244  0.022407001361  
lophophorus_impejanus 0.004016289420  0.005025486869  0.000000000000  0.001001013956  0.008051952114  0.003009150363  0.007043585732  0.003009150363  0.003009150363  0.004016289420  0.005025486869  0.003009150363  0.001001013956  0.001001013956  0.019337832637  0.013149943531  0.014165047238  0.019293706709  
perdix_dauuricae 0.003009150363  0.004016289420  0.001001013956  0.000000000000  0.007038639531  0.002004061318  0.006031298341  0.002004061318  0.002004061318  0.003009150363  0.004016289420  0.002004061318  0.000000000000  0.000000000000  0.018301117789  0.012126125889  0.013140180904  0.018260288645  
melgal2    0.010084837058  0.011104426647  0.008051952114  0.007038639531  0.000000000000  0.009067348428  0.013140180904  0.009067348428  0.009067348428  0.010084837058  0.011104426647  0.009067348428  0.007038639531  0.007038639531  0.025559841789  0.019306821321  0.020329292101  0.025505305952  
lophura_swinhoii 0.005025486869  0.006036751141  0.003009150363  0.002004061318  0.009067348428  0.000000000000  0.004012928110  0.000000000000  0.000000000000  0.001001013956  0.002004061318  0.000000000000  0.002004061318  0.002004061318  0.020376728677  0.014175888377  0.015192045140  0.020329292101  
syrmaticus_ellioti 0.009074407611  0.010092959274  0.007043585732  0.006031298341  0.013140180904  0.004012928110  0.000000000000  0.004012928110  0.004012928110  0.005021081952  0.006031298341  0.004012928110  0.006031298341  0.006031298341  0.024532431467  0.018285917385  0.019306821321  0.024476432641  
catreus_wallichi 0.005025486869  0.006036751141  0.003009150363  0.002004061318  0.009067348428  0.000000000000  0.004012928110  0.000000000000  0.000000000000  0.001001013956  0.002004061318  0.000000000000  0.002004061318  0.002004061318  0.020376728677  0.014175888377  0.015192045140  0.020329292101  
chrysolophus_pictus 0.005025486869  0.006036751141  0.003009150363  0.002004061318  0.009067348428  0.000000000000  0.004012928110  0.000000000000  0.000000000000  0.001001013956  0.002004061318  0.000000000000  0.002004061318  0.002004061318  0.020376728677  0.014175888377  0.015192045140  0.020329292101  
lophura_nycthemera 0.006036751141  0.007050090719  0.004016289420  0.003009150363  0.010084837058  0.001001013956  0.005021081952  0.001001013956  0.001001013956  0.000000000000  0.003009150363  0.001001013956  0.003009150363  0.003009150363  0.021417815106  0.015203969284  0.016221183495  0.021367053928  
phasianus_colchicus 0.007050090719  0.008065514138  0.005025486869  0.004016289420  0.011104426647  0.002004061318  0.006031298341  0.002004061318  0.002004061318  0.003009150363  0.000000000000  0.002004061318  0.004016289420  0.004016289420  0.022461101181  0.016234195167  0.017252471244  0.022407001361  
crossoptilon_crossoptilon 0.005025486869  0.006036751141  0.003009150363  0.002004061318  0.009067348428  0.000000000000  0.004012928110  0.000000000000  0.000000000000  0.001001013956  0.002004061318  0.000000000000  0.002004061318  0.002004061318  0.020376728677  0.014175888377  0.015192045140  0.020329292101  
lophura_inornata 0.003009150363  0.004016289420  0.001001013956  0.000000000000  0.007038639531  0.002004061318  0.006031298341  0.002004061318  0.002004061318  0.003009150363  0.004016289420  0.002004061318  0.000000000000  0.000000000000  0.018301117789  0.012126125889  0.013140180904  0.018260288645  
tragopan_blythii 0.003009150363  0.004016289420  0.001001013956  0.000000000000  0.007038639531  0.002004061318  0.006031298341  0.002004061318  0.002004061318  0.003009150363  0.004016289420  0.002004061318  0.000000000000  0.000000000000  0.018301117789  0.012126125889  0.013140180904  0.018260288645  
cyrtonyx_montezumae 0.019337832637  0.020376728677  0.019337832637  0.018301117789  0.025559841789  0.020376728677  0.024532431467  0.020376728677  0.020376728677  0.021417815106  0.022461101181  0.020376728677  0.018301117789  0.018301117789  0.000000000000  0.020376728677  0.025581243077  0.030806382054  
rollulus_rouloul 0.013149943531  0.016234195167  0.013149943531  0.012126125889  0.019306821321  0.014175888377  0.018285917385  0.014175888377  0.014175888377  0.015203969284  0.016234195167  0.014175888377  0.012126125889  0.012126125889  0.020376728677  0.000000000000  0.019321530970  0.024493489999  
syrmaticus_reevesii 0.014165047238  0.017252471244  0.014165047238  0.013140180904  0.020329292101  0.015192045140  0.019306821321  0.015192045140  0.015192045140  0.016221183495  0.017252471244  0.015192045140  0.013140180904  0.013140180904  0.025581243077  0.019321530970  0.000000000000  0.015165781471  
alectoris_rufa 0.019293706709  0.022407001361  0.019293706709  0.018260288645  0.025505305952  0.020329292101  0.024476432641  0.020329292101  0.020329292101  0.021367053928  0.022407001361  0.020329292101  0.018260288645  0.018260288645  0.030806382054  0.024493489999  0.015165781471  0.000000000000  

