18
phasianus_colchicus 0.000000000000  0.002002771453  0.000000000000  0.024423970242  0.001000755738  0.000000000000  0.011090686468  0.003006046664  0.000000000000  0.000000000000  0.000000000000  0.003006822971  0.004011106874  0.000000000000  0.004011106874  0.032715818849  0.000000000000  0.000000000000  
galgal4    0.002002771453  0.000000000000  0.002002771453  0.026496853378  0.003006046664  0.002002771453  0.013125284544  0.005016914799  0.002002771453  0.002002771453  0.002002771453  0.005018215289  0.006025038062  0.002002771453  0.006025038062  0.034810392895  0.002002771453  0.002002771453  
syrmaticus_reevesii 0.000000000000  0.002002771453  0.000000000000  0.024423970242  0.001000755738  0.000000000000  0.011090686468  0.003006046664  0.000000000000  0.000000000000  0.000000000000  0.003006822971  0.004011106874  0.000000000000  0.004011106874  0.032715818849  0.000000000000  0.000000000000  
cyrtonyx_montezumae 0.024423970242  0.026496853378  0.024423970242  0.000000000000  0.023394710941  0.024423970242  0.033805723852  0.027530388608  0.024423970242  0.024423970242  0.024423970242  0.027541087053  0.028575713371  0.024423970242  0.028575713371  0.058291006968  0.024423970242  0.024423970242  
lophophorus_impejanus 0.001000755738  0.003006046664  0.001000755738  0.023394710941  0.000000000000  0.001000755738  0.012104694673  0.004010843867  0.001000755738  0.001000755738  0.001000755738  0.004011106874  0.005016914799  0.001000755738  0.005016914799  0.033759605231  0.001000755738  0.001000755738  
crossoptilon_crossoptilon 0.000000000000  0.002002771453  0.000000000000  0.024423970242  0.001000755738  0.000000000000  0.011090686468  0.003006046664  0.000000000000  0.000000000000  0.000000000000  0.003006822971  0.004011106874  0.000000000000  0.004011106874  0.032715818849  0.000000000000  0.000000000000  
tragopan_blythii 0.011090686468  0.013125284544  0.011090686468  0.033805723852  0.012104694673  0.011090686468  0.000000000000  0.014141884944  0.011090686468  0.011090686468  0.011090686468  0.014147986471  0.015165633404  0.011090686468  0.015165633404  0.044327262633  0.011090686468  0.011090686468  
chrysolophus_pictus 0.003006046664  0.005016914799  0.003006046664  0.027530388608  0.004010843867  0.003006046664  0.014141884944  0.000000000000  0.003006046664  0.003006046664  0.003006046664  0.006025038062  0.007033392052  0.003006046664  0.007033392052  0.034805033865  0.003006046664  0.003006046664  
syrmaticus_ellioti 0.000000000000  0.002002771453  0.000000000000  0.024423970242  0.001000755738  0.000000000000  0.011090686468  0.003006046664  0.000000000000  0.000000000000  0.000000000000  0.003006822971  0.004011106874  0.000000000000  0.004011106874  0.032715818849  0.000000000000  0.000000000000  
catreus_wallichi 0.000000000000  0.002002771453  0.000000000000  0.024423970242  0.001000755738  0.000000000000  0.011090686468  0.003006046664  0.000000000000  0.000000000000  0.000000000000  0.003006822971  0.004011106874  0.000000000000  0.004011106874  0.032715818849  0.000000000000  0.000000000000  
lophura_swinhoii 0.000000000000  0.002002771453  0.000000000000  0.024423970242  0.001000755738  0.000000000000  0.011090686468  0.003006046664  0.000000000000  0.000000000000  0.000000000000  0.003006822971  0.004011106874  0.000000000000  0.004011106874  0.032715818849  0.000000000000  0.000000000000  
perdix_dauuricae 0.003006822971  0.005018215289  0.003006822971  0.027541087053  0.004011106874  0.003006822971  0.014147986471  0.006025038062  0.003006822971  0.003006822971  0.003006822971  0.000000000000  0.007035222046  0.003006822971  0.007035222046  0.035863419587  0.003006822971  0.003006822971  
pavo_cristatus 0.004011106874  0.006025038062  0.004011106874  0.028575713371  0.005016914799  0.004011106874  0.015165633404  0.007033392052  0.004011106874  0.004011106874  0.004011106874  0.007035222046  0.000000000000  0.004011106874  0.008044597094  0.036911062605  0.004011106874  0.004011106874  
lophura_inornata 0.000000000000  0.002002771453  0.000000000000  0.024423970242  0.001000755738  0.000000000000  0.011090686468  0.003006046664  0.000000000000  0.000000000000  0.000000000000  0.003006822971  0.004011106874  0.000000000000  0.004011106874  0.032715818849  0.000000000000  0.000000000000  
lophura_nycthemera 0.004011106874  0.006025038062  0.004011106874  0.028575713371  0.005016914799  0.004011106874  0.015165633404  0.007033392052  0.004011106874  0.004011106874  0.004011106874  0.007035222046  0.008044597094  0.004011106874  0.000000000000  0.036911062605  0.004011106874  0.004011106874  
melgal2    0.032715818849  0.034810392895  0.032715818849  0.058291006968  0.033759605231  0.032715818849  0.044327262633  0.034805033865  0.032715818849  0.032715818849  0.032715818849  0.035863419587  0.036911062605  0.032715818849  0.036911062605  0.000000000000  0.032715818849  0.032715818849  
rollulus_rouloul 0.000000000000  0.002002771453  0.000000000000  0.024423970242  0.001000755738  0.000000000000  0.011090686468  0.003006046664  0.000000000000  0.000000000000  0.000000000000  0.003006822971  0.004011106874  0.000000000000  0.004011106874  0.032715818849  0.000000000000  0.000000000000  
alectoris_rufa 0.000000000000  0.002002771453  0.000000000000  0.024423970242  0.001000755738  0.000000000000  0.011090686468  0.003006046664  0.000000000000  0.000000000000  0.000000000000  0.003006822971  0.004011106874  0.000000000000  0.004011106874  0.032715818849  0.000000000000  0.000000000000  

