18
pavo_cristatus 0.000000000000  0.019303793202  0.032945841610  0.016190147968  0.026516978517  0.022375695856  0.016190147968  0.016190147968  0.016190147968  0.018247769251  0.018239155163  0.018239155163  0.022388593091  0.018282937023  0.021363550079  0.027613323611  0.032826240188  0.002004011147  
tragopan_blythii 0.019303793202  0.000000000000  0.034010811956  0.023402792283  0.033846648216  0.029661656612  0.023402792283  0.023402792283  0.023402792283  0.025486136398  0.025473132779  0.025473132779  0.029679051764  0.025534603235  0.028645396865  0.034970135848  0.041364389564  0.021378492669  
rollulus_rouloul 0.032945841610  0.034010811956  0.000000000000  0.037102348957  0.047796146360  0.043521906856  0.037102348957  0.037102348957  0.037102348957  0.039243694709  0.039216143077  0.039216143077  0.043554099444  0.039335990988  0.042505650374  0.046811468004  0.054368043623  0.035078055723  
lophura_inornata 0.016190147968  0.023402792283  0.037102348957  0.000000000000  0.010077603950  0.006030977276  0.000000000000  0.000000000000  0.000000000000  0.002004011147  0.002002755382  0.002002755382  0.010083998371  0.014146909136  0.017210345728  0.027578198469  0.034905976294  0.018247769251  
chrysolophus_pictus 0.026516978517  0.033846648216  0.047796146360  0.010077603950  0.000000000000  0.004011042332  0.010077603950  0.010077603950  0.010077603950  0.012116346476  0.012109405442  0.012109405442  0.020326201581  0.024443379140  0.027549403770  0.038097495095  0.045540522017  0.028611231246  
syrmaticus_reevesii 0.022375695856  0.029661656612  0.043521906856  0.006030977276  0.004011042332  0.000000000000  0.006030977276  0.006030977276  0.006030977276  0.008057325253  0.008051472016  0.008051472016  0.016218943942  0.020313894099  0.023402792283  0.033885568513  0.041284516007  0.024456872062  
lophura_swinhoii 0.016190147968  0.023402792283  0.037102348957  0.000000000000  0.010077603950  0.006030977276  0.000000000000  0.000000000000  0.000000000000  0.002004011147  0.002002755382  0.002002755382  0.010083998371  0.014146909136  0.017210345728  0.027578198469  0.034905976294  0.018247769251  
catreus_wallichi 0.016190147968  0.023402792283  0.037102348957  0.000000000000  0.010077603950  0.006030977276  0.000000000000  0.000000000000  0.000000000000  0.002004011147  0.002002755382  0.002002755382  0.010083998371  0.014146909136  0.017210345728  0.027578198469  0.034905976294  0.018247769251  
phasianus_colchicus 0.016190147968  0.023402792283  0.037102348957  0.000000000000  0.010077603950  0.006030977276  0.000000000000  0.000000000000  0.000000000000  0.002004011147  0.002002755382  0.002002755382  0.010083998371  0.014146909136  0.017210345728  0.027578198469  0.034905976294  0.018247769251  
syrmaticus_ellioti 0.018247769251  0.025486136398  0.039243694709  0.002004011147  0.012116346476  0.008057325253  0.002004011147  0.002004011147  0.002004011147  0.000000000000  0.004012809245  0.004012809245  0.012124821718  0.016198198771  0.019270086099  0.029679051764  0.037031390130  0.020313894099  
crossoptilon_crossoptilon 0.018239155163  0.025473132779  0.039216143077  0.002002755382  0.012109405442  0.008051472016  0.002002755382  0.002002755382  0.002002755382  0.004012809245  0.000000000000  0.000000000000  0.012116346476  0.016190147968  0.019261969391  0.029661656612  0.037010959164  0.020303147302  
lophura_nycthemera 0.018239155163  0.025473132779  0.039216143077  0.002002755382  0.012109405442  0.008051472016  0.002002755382  0.002002755382  0.002002755382  0.004012809245  0.000000000000  0.000000000000  0.012116346476  0.016190147968  0.019261969391  0.029661656612  0.037010959164  0.020303147302  
perdix_dauuricae 0.022388593091  0.029679051764  0.043554099444  0.010083998371  0.020326201581  0.016218943942  0.010083998371  0.010083998371  0.010083998371  0.012124821718  0.012116346476  0.012116346476  0.000000000000  0.020326201581  0.023415201016  0.031788770480  0.041309518722  0.024471937685  
lophophorus_impejanus 0.018282937023  0.025534603235  0.039335990988  0.014146909136  0.024443379140  0.020313894099  0.014146909136  0.014146909136  0.014146909136  0.016198198771  0.016190147968  0.016190147968  0.020326201581  0.000000000000  0.019303793202  0.029740748624  0.037102348957  0.020355486526  
melgal2    0.021363550079  0.028645396865  0.042505650374  0.017210345728  0.027549403770  0.023402792283  0.017210345728  0.017210345728  0.017210345728  0.019270086099  0.019261969391  0.019261969391  0.023415201016  0.019303793202  0.000000000000  0.032869309751  0.040262022372  0.023444726763  
galgal4    0.027613323611  0.034970135848  0.046811468004  0.027578198469  0.038097495095  0.033885568513  0.027578198469  0.027578198469  0.027578198469  0.029679051764  0.029661656612  0.029661656612  0.031788770480  0.029740748624  0.032869309751  0.000000000000  0.044542312357  0.029718600773  
cyrtonyx_montezumae 0.032826240188  0.041364389564  0.054368043623  0.034905976294  0.045540522017  0.041284516007  0.034905976294  0.034905976294  0.034905976294  0.037031390130  0.037010959164  0.037010959164  0.041309518722  0.037102348957  0.040262022372  0.044542312357  0.000000000000  0.034947146209  
alectoris_rufa 0.002004011147  0.021378492669  0.035078055723  0.018247769251  0.028611231246  0.024456872062  0.018247769251  0.018247769251  0.018247769251  0.020313894099  0.020303147302  0.020303147302  0.024471937685  0.020355486526  0.023444726763  0.029718600773  0.034947146209  0.000000000000  

