18
galgal4    0.000000000000  0.031957170501  0.027689621094  0.041483435162  0.079800560272  0.067784522662  0.032962134226  0.051182481355  0.050125107653  0.040403197047  0.050167730637  0.049069378625  0.041448996505  0.043614198760  0.040474629180  0.037240893833  0.037207962586  0.034960561104  
pavo_cristatus 0.031957170501  0.000000000000  0.010093502320  0.023469205849  0.066274190970  0.057776346430  0.019339818751  0.041448996505  0.037176679309  0.026613152529  0.036135963319  0.035066301056  0.029752691258  0.029752691258  0.024557675657  0.021420307648  0.020361317458  0.055511073060  
tragopan_blythii 0.027689621094  0.010093502320  0.000000000000  0.013140857459  0.055222258082  0.047894907981  0.009074835926  0.030786605957  0.026591928796  0.016222338768  0.025562930371  0.026613152529  0.020345276039  0.019308370381  0.014189449174  0.011114287979  0.010085267521  0.050044933189  
lophophorus_impejanus 0.041483435162  0.023469205849  0.013140857459  0.000000000000  0.056290771537  0.046768403499  0.020345276039  0.042464100726  0.038189833647  0.027622508391  0.037147046864  0.038219003380  0.031822114227  0.030764027445  0.025562930371  0.022425684423  0.023451397213  0.062100067030  
cyrtonyx_montezumae 0.079800560272  0.066274190970  0.055222258082  0.056290771537  0.000000000000  0.087678594130  0.064038032639  0.086571543864  0.079698894269  0.070689981088  0.080898256230  0.077457992250  0.075177811024  0.074041681777  0.069647653776  0.064038032639  0.066234885922  0.102822168919  
rollulus_rouloul 0.067784522662  0.057776346430  0.047894907981  0.046768403499  0.087678594130  0.000000000000  0.055554912183  0.079055570356  0.074510875365  0.063270284442  0.073424918033  0.072280597902  0.065470161518  0.066598689919  0.063374335605  0.060007883823  0.057729950006  0.091788409184  
lophura_inornata 0.032962134226  0.019339818751  0.009074835926  0.020345276039  0.064038032639  0.055554912183  0.000000000000  0.025542849869  0.021384377613  0.011104973104  0.020361317458  0.021401540609  0.015193026555  0.014165869119  0.009083565119  0.006036987026  0.017253814820  0.055511073060  
perdix_dauuricae 0.051182481355  0.041448996505  0.030786605957  0.042464100726  0.086571543864  0.079055570356  0.025542849869  0.000000000000  0.018287463826  0.016222338768  0.023469205849  0.027665627428  0.020345276039  0.019308370381  0.030810819693  0.027643255557  0.038189833647  0.076687969365  
lophura_nycthemera 0.050125107653  0.037176679309  0.026591928796  0.038189833647  0.079698894269  0.074510875365  0.021384377613  0.018287463826  0.000000000000  0.010085267521  0.017253814820  0.019323294961  0.014165869119  0.013140857459  0.026613152529  0.023469205849  0.035010134121  0.073307339533  
catreus_wallichi 0.040403197047  0.026613152529  0.016222338768  0.027622508391  0.070689981088  0.063270284442  0.011104973104  0.016222338768  0.010085267521  0.000000000000  0.011114287979  0.011114287979  0.004012987451  0.003006854118  0.016235533036  0.013150763915  0.024496009185  0.063220861891  
syrmaticus_ellioti 0.050167730637  0.036135963319  0.025562930371  0.037147046864  0.080898256230  0.073424918033  0.020361317458  0.023469205849  0.017253814820  0.011114287979  0.000000000000  0.018302873091  0.015205120290  0.014176866927  0.025584627663  0.022443973764  0.033971240153  0.068809280166  
syrmaticus_reevesii 0.049069378625  0.035066301056  0.026613152529  0.038219003380  0.077457992250  0.072280597902  0.021401540609  0.027665627428  0.019323294961  0.011114287979  0.018302873091  0.000000000000  0.015205120290  0.014176866927  0.026635995547  0.023488626334  0.035037394808  0.072222280706  
crossoptilon_crossoptilon 0.041448996505  0.029752691258  0.020345276039  0.031822114227  0.075177811024  0.065470161518  0.015193026555  0.020345276039  0.014165869119  0.004012987451  0.015205120290  0.015205120290  0.000000000000  0.007038804526  0.020361317458  0.017253814820  0.028674942082  0.062053685562  
phasianus_colchicus 0.043614198760  0.029752691258  0.019308370381  0.030764027445  0.074041681777  0.066598689919  0.014165869119  0.019308370381  0.013140857459  0.003006854118  0.014176866927  0.014176866927  0.007038804526  0.000000000000  0.019323294961  0.016222338768  0.027622508391  0.066547064723  
lophura_swinhoii 0.040474629180  0.024557675657  0.014189449174  0.025562930371  0.069647653776  0.063374335605  0.009083565119  0.030810819693  0.026613152529  0.016235533036  0.025584627663  0.026635995547  0.020361317458  0.019323294961  0.000000000000  0.011125177411  0.022443973764  0.063321443286  
chrysolophus_pictus 0.037240893833  0.021420307648  0.011114287979  0.022425684423  0.064038032639  0.060007883823  0.006036987026  0.027643255557  0.023469205849  0.013150763915  0.022443973764  0.023488626334  0.017253814820  0.016222338768  0.011125177411  0.000000000000  0.019323294961  0.057729950006  
melgal2    0.037207962586  0.020361317458  0.010085267521  0.023451397213  0.066234885922  0.057729950006  0.017253814820  0.038189833647  0.035010134121  0.024496009185  0.033971240153  0.035037394808  0.028674942082  0.027622508391  0.022443973764  0.019323294961  0.000000000000  0.058797200296  
alectoris_rufa 0.034960561104  0.055511073060  0.050044933189  0.062100067030  0.102822168919  0.091788409184  0.055511073060  0.076687969365  0.073307339533  0.063220861891  0.068809280166  0.072222280706  0.062053685562  0.066547064723  0.063321443286  0.057729950006  0.058797200296  0.000000000000  

