18
chrysolophus_pictus 0.000000000000  0.002004042620  0.002004042620  0.004012882622  0.002004042620  0.005021003932  0.004016214221  0.002004042620  0.013139672982  0.006031178165  0.007049858533  0.027637372288  0.008065210045  0.002004042620  0.014175187667  0.003009108178  0.002002765516  0.000000000000  
phasianus_colchicus 0.002004042620  0.000000000000  0.000000000000  0.002002765516  0.000000000000  0.003006805909  0.002004042620  0.000000000000  0.011096471106  0.004012882622  0.005025369051  0.025537999078  0.006036581020  0.000000000000  0.012125637799  0.001001009294  0.004012882622  0.002004042620  
lophura_inornata 0.002004042620  0.000000000000  0.000000000000  0.002002765516  0.000000000000  0.003006805909  0.002004042620  0.000000000000  0.011096471106  0.004012882622  0.005025369051  0.025537999078  0.006036581020  0.000000000000  0.012125637799  0.001001009294  0.004012882622  0.002004042620  
lophura_swinhoii 0.004012882622  0.002002765516  0.002002765516  0.000000000000  0.002002765516  0.005018172939  0.004012882622  0.002002765516  0.013131549184  0.006027311564  0.007043413701  0.027617104828  0.008057718968  0.002002765516  0.014164438468  0.003006805909  0.006027311564  0.004012882622  
crossoptilon_crossoptilon 0.002004042620  0.000000000000  0.000000000000  0.002002765516  0.000000000000  0.003006805909  0.002004042620  0.000000000000  0.011096471106  0.004012882622  0.005025369051  0.025537999078  0.006036581020  0.000000000000  0.012125637799  0.001001009294  0.004012882622  0.002004042620  
lophura_nycthemera 0.005021003932  0.003006805909  0.003006805909  0.005018172939  0.003006805909  0.000000000000  0.005021003932  0.003006805909  0.014155248945  0.007038507263  0.008057718968  0.028669007337  0.009074102447  0.003006805909  0.015191325296  0.004012882622  0.007038507263  0.005021003932  
melgal2    0.004016214221  0.002004042620  0.002004042620  0.004012882622  0.002004042620  0.005021003932  0.000000000000  0.002004042620  0.013139672982  0.006031178165  0.007049858533  0.027637372288  0.008065210045  0.002004042620  0.014175187667  0.003009108178  0.006031178165  0.004016214221  
syrmaticus_reevesii 0.002004042620  0.000000000000  0.000000000000  0.002002765516  0.000000000000  0.003006805909  0.002004042620  0.000000000000  0.011096471106  0.004012882622  0.005025369051  0.025537999078  0.006036581020  0.000000000000  0.012125637799  0.001001009294  0.004012882622  0.002004042620  
galgal4    0.013139672982  0.011096471106  0.011096471106  0.013131549184  0.011096471106  0.014155248945  0.013139672982  0.011096471106  0.000000000000  0.013131549184  0.014164438468  0.034976057191  0.015191325296  0.011096471106  0.023447473142  0.012117020092  0.015181065633  0.013139672982  
pavo_cristatus 0.006031178165  0.004012882622  0.004012882622  0.006027311564  0.004012882622  0.007038507263  0.006031178165  0.004012882622  0.013131549184  0.000000000000  0.007043413701  0.027617104828  0.008057718968  0.004012882622  0.016220342269  0.005021003932  0.008051768439  0.006031178165  
tragopan_blythii 0.007049858533  0.005025369051  0.005025369051  0.007043413701  0.005025369051  0.008057718968  0.007049858533  0.005025369051  0.014164438468  0.007043413701  0.000000000000  0.028690400084  0.009082644064  0.005025369051  0.015203146871  0.006036581020  0.009074102447  0.007049858533  
cyrtonyx_montezumae 0.027637372288  0.025537999078  0.025537999078  0.027617104828  0.025537999078  0.028669007337  0.027637372288  0.025537999078  0.034976057191  0.027617104828  0.028690400084  0.000000000000  0.023447473142  0.025537999078  0.036067663544  0.026586575096  0.029723145149  0.027637372288  
rollulus_rouloul 0.008065210045  0.006036581020  0.006036581020  0.008057718968  0.006036581020  0.009074102447  0.008065210045  0.006036581020  0.015191325296  0.008057718968  0.009082644064  0.023447473142  0.000000000000  0.006036581020  0.016233240674  0.007049858533  0.010092572674  0.008065210045  
lophophorus_impejanus 0.002004042620  0.000000000000  0.000000000000  0.002002765516  0.000000000000  0.003006805909  0.002004042620  0.000000000000  0.011096471106  0.004012882622  0.005025369051  0.025537999078  0.006036581020  0.000000000000  0.012125637799  0.001001009294  0.004012882622  0.002004042620  
syrmaticus_ellioti 0.014175187667  0.012125637799  0.012125637799  0.014164438468  0.012125637799  0.015191325296  0.014175187667  0.012125637799  0.023447473142  0.016220342269  0.015203146871  0.036067663544  0.016233240674  0.012125637799  0.000000000000  0.011104029641  0.016220342269  0.014175187667  
perdix_dauuricae 0.003009108178  0.001001009294  0.001001009294  0.003006805909  0.001001009294  0.004012882622  0.003009108178  0.001001009294  0.012117020092  0.005021003932  0.006036581020  0.026586575096  0.007049858533  0.001001009294  0.011104029641  0.000000000000  0.005021003932  0.003009108178  
catreus_wallichi 0.002002765516  0.004012882622  0.004012882622  0.006027311564  0.004012882622  0.007038507263  0.006031178165  0.004012882622  0.015181065633  0.008051768439  0.009074102447  0.029723145149  0.010092572674  0.004012882622  0.016220342269  0.005021003932  0.000000000000  0.002002765516  
alectoris_rufa 0.000000000000  0.002004042620  0.002004042620  0.004012882622  0.002004042620  0.005021003932  0.004016214221  0.002004042620  0.013139672982  0.006031178165  0.007049858533  0.027637372288  0.008065210045  0.002004042620  0.014175187667  0.003009108178  0.002002765516  0.000000000000  

