18
cyrtonyx_montezumae 0.000000000000  0.010105533056  0.015230659839  0.019407212332  0.018341816163  0.030943354690  0.019362535446  0.018341816163  0.018341816163  0.018341816163  0.018341816163  0.018341816163  0.018341816163  0.033165768412  0.022525348211  0.018341816163  0.018341816163  0.018341816163  
pavo_cristatus 0.010105533056  0.000000000000  0.005023563246  0.009095508756  0.008065533049  0.020405700449  0.009075065061  0.008065533049  0.008065533049  0.008065533049  0.008065533049  0.008065533049  0.008065533049  0.022553023830  0.012155256094  0.008065533049  0.008065533049  0.008065533049  
galgal4    0.015230659839  0.005023563246  0.000000000000  0.014214795291  0.013168989617  0.025631714907  0.014184331519  0.013168989617  0.013168989617  0.013168989617  0.013168989617  0.013168989617  0.013168989617  0.027812651029  0.017302261262  0.013168989617  0.013168989617  0.013168989617  
syrmaticus_reevesii 0.019407212332  0.009095508756  0.014214795291  0.000000000000  0.009084323442  0.021451401961  0.010094898354  0.009084323442  0.009084323442  0.009084323442  0.009084323442  0.009084323442  0.009084323442  0.025722016285  0.013183792800  0.009084323442  0.009084323442  0.009084323442  
lophura_swinhoii 0.018341816163  0.008065533049  0.013168989617  0.009084323442  0.000000000000  0.012141849039  0.001000788023  0.000000000000  0.000000000000  0.000000000000  0.000000000000  0.000000000000  0.000000000000  0.016305230604  0.004018718410  0.000000000000  0.000000000000  0.000000000000  
catreus_wallichi 0.030943354690  0.020405700449  0.025631714907  0.021451401961  0.012141849039  0.000000000000  0.013156130866  0.012141849039  0.012141849039  0.012141849039  0.012141849039  0.012141849039  0.012141849039  0.026749977310  0.016265213174  0.012141849039  0.012141849039  0.012141849039  
chrysolophus_pictus 0.019362535446  0.009075065061  0.014184331519  0.010094898354  0.001000788023  0.013156130866  0.000000000000  0.001000788023  0.001000788023  0.001000788023  0.001000788023  0.001000788023  0.001000788023  0.017322716417  0.005023563246  0.001000788023  0.001000788023  0.001000788023  
melgal2    0.018341816163  0.008065533049  0.013168989617  0.009084323442  0.000000000000  0.012141849039  0.001000788023  0.000000000000  0.000000000000  0.000000000000  0.000000000000  0.000000000000  0.000000000000  0.016305230604  0.004018718410  0.000000000000  0.000000000000  0.000000000000  
lophophorus_impejanus 0.018341816163  0.008065533049  0.013168989617  0.009084323442  0.000000000000  0.012141849039  0.001000788023  0.000000000000  0.000000000000  0.000000000000  0.000000000000  0.000000000000  0.000000000000  0.016305230604  0.004018718410  0.000000000000  0.000000000000  0.000000000000  
crossoptilon_crossoptilon 0.018341816163  0.008065533049  0.013168989617  0.009084323442  0.000000000000  0.012141849039  0.001000788023  0.000000000000  0.000000000000  0.000000000000  0.000000000000  0.000000000000  0.000000000000  0.016305230604  0.004018718410  0.000000000000  0.000000000000  0.000000000000  
lophura_nycthemera 0.018341816163  0.008065533049  0.013168989617  0.009084323442  0.000000000000  0.012141849039  0.001000788023  0.000000000000  0.000000000000  0.000000000000  0.000000000000  0.000000000000  0.000000000000  0.016305230604  0.004018718410  0.000000000000  0.000000000000  0.000000000000  
phasianus_colchicus 0.018341816163  0.008065533049  0.013168989617  0.009084323442  0.000000000000  0.012141849039  0.001000788023  0.000000000000  0.000000000000  0.000000000000  0.000000000000  0.000000000000  0.000000000000  0.016305230604  0.004018718410  0.000000000000  0.000000000000  0.000000000000  
syrmaticus_ellioti 0.018341816163  0.008065533049  0.013168989617  0.009084323442  0.000000000000  0.012141849039  0.001000788023  0.000000000000  0.000000000000  0.000000000000  0.000000000000  0.000000000000  0.000000000000  0.016305230604  0.004018718410  0.000000000000  0.000000000000  0.000000000000  
rollulus_rouloul 0.033165768412  0.022553023830  0.027812651029  0.025722016285  0.016305230604  0.026749977310  0.017322716417  0.016305230604  0.016305230604  0.016305230604  0.016305230604  0.016305230604  0.016305230604  0.000000000000  0.012170601321  0.016305230604  0.016305230604  0.016305230604  
tragopan_blythii 0.022525348211  0.012155256094  0.017302261262  0.013183792800  0.004018718410  0.016265213174  0.005023563246  0.004018718410  0.004018718410  0.004018718410  0.004018718410  0.004018718410  0.004018718410  0.012170601321  0.000000000000  0.004018718410  0.004018718410  0.004018718410  
perdix_dauuricae 0.018341816163  0.008065533049  0.013168989617  0.009084323442  0.000000000000  0.012141849039  0.001000788023  0.000000000000  0.000000000000  0.000000000000  0.000000000000  0.000000000000  0.000000000000  0.016305230604  0.004018718410  0.000000000000  0.000000000000  0.000000000000  
lophura_inornata 0.018341816163  0.008065533049  0.013168989617  0.009084323442  0.000000000000  0.012141849039  0.001000788023  0.000000000000  0.000000000000  0.000000000000  0.000000000000  0.000000000000  0.000000000000  0.016305230604  0.004018718410  0.000000000000  0.000000000000  0.000000000000  
alectoris_rufa 0.018341816163  0.008065533049  0.013168989617  0.009084323442  0.000000000000  0.012141849039  0.001000788023  0.000000000000  0.000000000000  0.000000000000  0.000000000000  0.000000000000  0.000000000000  0.016305230604  0.004018718410  0.000000000000  0.000000000000  0.000000000000  

