18
catreus_wallichi 0.000000000000  0.007044517970  0.007044517970  0.009063078142  0.001001039396  0.005018605771  0.002004163357  0.005026129899  0.005018605771  0.023414334730  0.009059185449  0.009068703374  0.001001039396  0.001001039396  0.001001039396  0.013134602824  0.007036002156  0.001001039396  
lophura_inornata 0.007044517970  0.000000000000  0.000000000000  0.002003223672  0.006031952090  0.010079823888  0.007044517970  0.010095049072  0.010079823888  0.028628928561  0.014151079569  0.014168403950  0.006031952090  0.006031952090  0.006031952090  0.016203879313  0.012112511526  0.006031952090  
phasianus_colchicus 0.007044517970  0.000000000000  0.000000000000  0.002003223672  0.006031952090  0.010079823888  0.007044517970  0.010095049072  0.010079823888  0.028628928561  0.014151079569  0.014168403950  0.006031952090  0.006031952090  0.006031952090  0.016203879313  0.012112511526  0.006031952090  
syrmaticus_ellioti 0.009063078142  0.002003223672  0.002003223672  0.000000000000  0.008048473899  0.012106990595  0.009063078142  0.012119776182  0.012106990595  0.029649864240  0.016189007735  0.016203879313  0.008048473899  0.008048473899  0.008048473899  0.018245996480  0.014145044270  0.008048473899  
lophura_nycthemera 0.001001039396  0.006031952090  0.006031952090  0.008048473899  0.000000000000  0.004011379692  0.001001039396  0.004016699826  0.004011379692  0.022374793174  0.008045695739  0.008052982144  0.000000000000  0.000000000000  0.000000000000  0.012112511526  0.006025653969  0.000000000000  
perdix_dauuricae 0.005018605771  0.010079823888  0.010079823888  0.012106990595  0.004011379692  0.000000000000  0.003006255243  0.006027942289  0.006025090873  0.024433355792  0.010070008139  0.010074811954  0.004011379692  0.004011379692  0.004011379692  0.016195562841  0.010071538776  0.004011379692  
lophophorus_impejanus 0.002004163357  0.007044517970  0.007044517970  0.009063078142  0.001001039396  0.003006255243  0.000000000000  0.003009380582  0.003006255243  0.021337490119  0.007034333852  0.007039398107  0.001001039396  0.001001039396  0.001001039396  0.013134602824  0.007036002156  0.001001039396  
melgal2    0.005026129899  0.010095049072  0.010095049072  0.012119776182  0.004016699826  0.006027942289  0.003009380582  0.000000000000  0.006027942289  0.024456124468  0.010074811954  0.010086570830  0.004016699826  0.004016699826  0.004016699826  0.016213953376  0.010079823888  0.004016699826  
galgal4    0.005018605771  0.010079823888  0.010079823888  0.012106990595  0.004011379692  0.006025090873  0.003006255243  0.006027942289  0.000000000000  0.018254847185  0.004011379692  0.004016699826  0.004011379692  0.004011379692  0.004011379692  0.015169212501  0.010071538776  0.004011379692  
cyrtonyx_montezumae 0.023414334730  0.028628928561  0.028628928561  0.029649864240  0.022374793174  0.024433355792  0.021337490119  0.024456124468  0.018254847185  0.000000000000  0.020302415944  0.020322972567  0.022374793174  0.022374793174  0.022374793174  0.033853595125  0.028600280458  0.022374793174  
pavo_cristatus 0.009059185449  0.014151079569  0.014151079569  0.016189007735  0.008045695739  0.010070008139  0.007034333852  0.010074811954  0.004011379692  0.020302415944  0.000000000000  0.006027942289  0.008045695739  0.008045695739  0.008045695739  0.019269561091  0.014140765270  0.008045695739  
rollulus_rouloul 0.009068703374  0.014168403950  0.014168403950  0.016203879313  0.008052982144  0.010074811954  0.007039398107  0.010086570830  0.004016699826  0.020322972567  0.006027942289  0.000000000000  0.008052982144  0.008052982144  0.008052982144  0.019287800004  0.014151079569  0.008052982144  
lophura_swinhoii 0.001001039396  0.006031952090  0.006031952090  0.008048473899  0.000000000000  0.004011379692  0.001001039396  0.004016699826  0.004011379692  0.022374793174  0.008045695739  0.008052982144  0.000000000000  0.000000000000  0.000000000000  0.012112511526  0.006025653969  0.000000000000  
crossoptilon_crossoptilon 0.001001039396  0.006031952090  0.006031952090  0.008048473899  0.000000000000  0.004011379692  0.001001039396  0.004016699826  0.004011379692  0.022374793174  0.008045695739  0.008052982144  0.000000000000  0.000000000000  0.000000000000  0.012112511526  0.006025653969  0.000000000000  
chrysolophus_pictus 0.001001039396  0.006031952090  0.006031952090  0.008048473899  0.000000000000  0.004011379692  0.001001039396  0.004016699826  0.004011379692  0.022374793174  0.008045695739  0.008052982144  0.000000000000  0.000000000000  0.000000000000  0.012112511526  0.006025653969  0.000000000000  
tragopan_blythii 0.013134602824  0.016203879313  0.016203879313  0.018245996480  0.012112511526  0.016195562841  0.013134602824  0.016213953376  0.015169212501  0.033853595125  0.019269561091  0.019287800004  0.012112511526  0.012112511526  0.012112511526  0.000000000000  0.006031952090  0.012112511526  
syrmaticus_reevesii 0.007036002156  0.012112511526  0.012112511526  0.014145044270  0.006025653969  0.010071538776  0.007036002156  0.010079823888  0.010071538776  0.028600280458  0.014140765270  0.014151079569  0.006025653969  0.006025653969  0.006025653969  0.006031952090  0.000000000000  0.006025653969  
alectoris_rufa 0.001001039396  0.006031952090  0.006031952090  0.008048473899  0.000000000000  0.004011379692  0.001001039396  0.004016699826  0.004011379692  0.022374793174  0.008045695739  0.008052982144  0.000000000000  0.000000000000  0.000000000000  0.012112511526  0.006025653969  0.000000000000  

