18
cyrtonyx_montezumae 0.000000000000  0.014139941032  0.015159608259  0.017205983694  0.017210006536  0.025468459334  0.014139941032  0.014139941032  0.014139941032  0.014139941032  0.014139941032  0.014139941032  0.014139941032  0.017215880499  0.014139941032  0.014139941032  0.014139941032  0.015159608259  
phasianus_colchicus 0.014139941032  0.000000000000  0.002002899824  0.003006255060  0.005022705975  0.013140708139  0.000000000000  0.000000000000  0.000000000000  0.000000000000  0.000000000000  0.000000000000  0.000000000000  0.003010036680  0.000000000000  0.000000000000  0.000000000000  0.001000780831  
lophophorus_impejanus 0.015159608259  0.002002899824  0.000000000000  0.005017566215  0.007041261806  0.015183900850  0.002002899824  0.002002899824  0.002002899824  0.002002899824  0.002002899824  0.002002899824  0.002002899824  0.005022705975  0.002002899824  0.002002899824  0.002002899824  0.003006255060  
pavo_cristatus 0.017205983694  0.003006255060  0.005017566215  0.000000000000  0.008050279998  0.016202944792  0.003006255060  0.003006255060  0.003006255060  0.003006255060  0.003006255060  0.003006255060  0.003006255060  0.006029115814  0.003006255060  0.003006255060  0.003006255060  0.004011183012  
perdix_dauuricae 0.017210006536  0.005022705975  0.007041261806  0.008050279998  0.000000000000  0.008050279998  0.005022705975  0.005022705975  0.005022705975  0.005022705975  0.005022705975  0.005022705975  0.005022705975  0.008062897807  0.005022705975  0.005022705975  0.005022705975  0.006029115814  
rollulus_rouloul 0.025468459334  0.013140708139  0.015183900850  0.016202944792  0.008050279998  0.000000000000  0.013140708139  0.013140708139  0.013140708139  0.013140708139  0.013140708139  0.013140708139  0.013140708139  0.016225015017  0.013140708139  0.013140708139  0.013140708139  0.014157086447  
lophura_swinhoii 0.014139941032  0.000000000000  0.002002899824  0.003006255060  0.005022705975  0.013140708139  0.000000000000  0.000000000000  0.000000000000  0.000000000000  0.000000000000  0.000000000000  0.000000000000  0.003010036680  0.000000000000  0.000000000000  0.000000000000  0.001000780831  
galgal4    0.014139941032  0.000000000000  0.002002899824  0.003006255060  0.005022705975  0.013140708139  0.000000000000  0.000000000000  0.000000000000  0.000000000000  0.000000000000  0.000000000000  0.000000000000  0.003010036680  0.000000000000  0.000000000000  0.000000000000  0.001000780831  
chrysolophus_pictus 0.014139941032  0.000000000000  0.002002899824  0.003006255060  0.005022705975  0.013140708139  0.000000000000  0.000000000000  0.000000000000  0.000000000000  0.000000000000  0.000000000000  0.000000000000  0.003010036680  0.000000000000  0.000000000000  0.000000000000  0.001000780831  
melgal2    0.014139941032  0.000000000000  0.002002899824  0.003006255060  0.005022705975  0.013140708139  0.000000000000  0.000000000000  0.000000000000  0.000000000000  0.000000000000  0.000000000000  0.000000000000  0.003010036680  0.000000000000  0.000000000000  0.000000000000  0.001000780831  
lophura_nycthemera 0.014139941032  0.000000000000  0.002002899824  0.003006255060  0.005022705975  0.013140708139  0.000000000000  0.000000000000  0.000000000000  0.000000000000  0.000000000000  0.000000000000  0.000000000000  0.003010036680  0.000000000000  0.000000000000  0.000000000000  0.001000780831  
lophura_inornata 0.014139941032  0.000000000000  0.002002899824  0.003006255060  0.005022705975  0.013140708139  0.000000000000  0.000000000000  0.000000000000  0.000000000000  0.000000000000  0.000000000000  0.000000000000  0.003010036680  0.000000000000  0.000000000000  0.000000000000  0.001000780831  
tragopan_blythii 0.014139941032  0.000000000000  0.002002899824  0.003006255060  0.005022705975  0.013140708139  0.000000000000  0.000000000000  0.000000000000  0.000000000000  0.000000000000  0.000000000000  0.000000000000  0.003010036680  0.000000000000  0.000000000000  0.000000000000  0.001000780831  
catreus_wallichi 0.017215880499  0.003010036680  0.005022705975  0.006029115814  0.008062897807  0.016225015017  0.003010036680  0.003010036680  0.003010036680  0.003010036680  0.003010036680  0.003010036680  0.003010036680  0.000000000000  0.003010036680  0.003010036680  0.003010036680  0.004013852372  
crossoptilon_crossoptilon 0.014139941032  0.000000000000  0.002002899824  0.003006255060  0.005022705975  0.013140708139  0.000000000000  0.000000000000  0.000000000000  0.000000000000  0.000000000000  0.000000000000  0.000000000000  0.003010036680  0.000000000000  0.000000000000  0.000000000000  0.001000780831  
syrmaticus_ellioti 0.014139941032  0.000000000000  0.002002899824  0.003006255060  0.005022705975  0.013140708139  0.000000000000  0.000000000000  0.000000000000  0.000000000000  0.000000000000  0.000000000000  0.000000000000  0.003010036680  0.000000000000  0.000000000000  0.000000000000  0.001000780831  
syrmaticus_reevesii 0.014139941032  0.000000000000  0.002002899824  0.003006255060  0.005022705975  0.013140708139  0.000000000000  0.000000000000  0.000000000000  0.000000000000  0.000000000000  0.000000000000  0.000000000000  0.003010036680  0.000000000000  0.000000000000  0.000000000000  0.001000780831  
alectoris_rufa 0.015159608259  0.001000780831  0.003006255060  0.004011183012  0.006029115814  0.014157086447  0.001000780831  0.001000780831  0.001000780831  0.001000780831  0.001000780831  0.001000780831  0.001000780831  0.004013852372  0.001000780831  0.001000780831  0.001000780831  0.000000000000  

