18
galgal4    0.000000000000  0.020320503520  0.036033944650  0.025567891000  0.037101811363  0.034968419614  0.034992763971  0.041366984117  0.034992763971  0.034992763971  0.034992763971  0.038172030065  0.039244611141  0.042362343731  0.048895162660  0.023473280197  0.024519456941  0.015220864225  
pavo_cristatus 0.020320503520  0.000000000000  0.038040087265  0.028608301997  0.037011821569  0.034888001099  0.034905555651  0.041264465063  0.034905555651  0.034905555651  0.034905555651  0.038077223046  0.039144965656  0.044384879769  0.050894093975  0.025470298047  0.024428784027  0.017214163983  
cyrtonyx_montezumae 0.036033944650  0.038040087265  0.000000000000  0.025459867810  0.049920502365  0.047741993929  0.047772439146  0.054270759143  0.047772439146  0.047772439146  0.047772439146  0.051013430215  0.052108821874  0.056308710182  0.058614516733  0.037053407700  0.039144965656  0.030711619975  
rollulus_rouloul 0.025567891000  0.028608301997  0.025459867810  0.000000000000  0.045601167336  0.043439554668  0.043466775354  0.049920502365  0.043466775354  0.043466775354  0.043466775354  0.046685590456  0.047772439146  0.050921291661  0.054236239264  0.031806566596  0.031806566596  0.023455176628  
syrmaticus_reevesii 0.037101811363  0.037011821569  0.049920502365  0.045601167336  0.000000000000  0.006027713745  0.006031733554  0.012118932046  0.006031733554  0.006031733554  0.006031733554  0.009068231105  0.010085979574  0.025451113209  0.042362343731  0.019297419459  0.023423928002  0.023410789088  
catreus_wallichi 0.034968419614  0.034888001099  0.047741993929  0.043439554668  0.006027713745  0.000000000000  0.004013090939  0.010079217110  0.004013090939  0.004013090939  0.004013090939  0.007039107036  0.008052609883  0.024411885614  0.042362343731  0.017231806427  0.021345176519  0.021334317161  
syrmaticus_ellioti 0.034992763971  0.034905555651  0.047772439146  0.043466775354  0.006031733554  0.004013090939  0.000000000000  0.008052609883  0.004016554932  0.004016554932  0.004016554932  0.007044208417  0.008058797355  0.024419498259  0.042388337410  0.017243084521  0.019285527398  0.021345176519  
chrysolophus_pictus 0.041366984117  0.041264465063  0.054270759143  0.049920502365  0.012118932046  0.010079217110  0.008052609883  0.000000000000  0.010085979574  0.010085979574  0.010085979574  0.013142009346  0.014167245275  0.030668007471  0.046656391448  0.023438724878  0.027590544735  0.027574458862  
phasianus_colchicus 0.034992763971  0.034905555651  0.047772439146  0.043466775354  0.006031733554  0.004013090939  0.004016554932  0.010085979574  0.000000000000  0.000000000000  0.000000000000  0.003006905767  0.004013090939  0.024419498259  0.042388337410  0.017243084521  0.021357688829  0.021345176519  
lophura_swinhoii 0.034992763971  0.034905555651  0.047772439146  0.043466775354  0.006031733554  0.004013090939  0.004016554932  0.010085979574  0.000000000000  0.000000000000  0.000000000000  0.003006905767  0.004013090939  0.024419498259  0.042388337410  0.017243084521  0.021357688829  0.021345176519  
crossoptilon_crossoptilon 0.034992763971  0.034905555651  0.047772439146  0.043466775354  0.006031733554  0.004013090939  0.004016554932  0.010085979574  0.000000000000  0.000000000000  0.000000000000  0.003006905767  0.004013090939  0.024419498259  0.042388337410  0.017243084521  0.021357688829  0.021345176519  
lophura_nycthemera 0.038172030065  0.038077223046  0.051013430215  0.046685590456  0.009068231105  0.007039107036  0.007044208417  0.013142009346  0.003006905767  0.003006905767  0.003006905767  0.000000000000  0.007039107036  0.026492568199  0.045601167336  0.020333528207  0.024466648178  0.024452362145  
lophura_inornata 0.039244611141  0.039144965656  0.052108821874  0.047772439146  0.010085979574  0.008052609883  0.008058797355  0.014167245275  0.004013090939  0.004013090939  0.004013090939  0.007039107036  0.000000000000  0.028582198698  0.046685590456  0.021371850986  0.025511610760  0.025496172672  
perdix_dauuricae 0.042362343731  0.044384879769  0.056308710182  0.050921291661  0.025451113209  0.024411885614  0.024419498259  0.030668007471  0.024419498259  0.024419498259  0.024419498259  0.026492568199  0.028582198698  0.000000000000  0.049832135656  0.024439739714  0.028594408712  0.028582198698  
tragopan_blythii 0.048895162660  0.050894093975  0.058614516733  0.054236239264  0.042362343731  0.042362343731  0.042388337410  0.046656391448  0.042388337410  0.042388337410  0.042388337410  0.045601167336  0.046685590456  0.049832135656  0.000000000000  0.030749126738  0.037031760880  0.034924812350  
melgal2    0.023473280197  0.025470298047  0.037053407700  0.031806566596  0.019297419459  0.017231806427  0.017243084521  0.023438724878  0.017243084521  0.017243084521  0.017243084521  0.020333528207  0.021371850986  0.024439739714  0.030749126738  0.000000000000  0.011091760677  0.010079217110  
lophophorus_impejanus 0.024519456941  0.024428784027  0.039144965656  0.031806566596  0.023423928002  0.021345176519  0.019285527398  0.027590544735  0.021357688829  0.021357688829  0.021357688829  0.024466648178  0.025511610760  0.028594408712  0.037031760880  0.011091760677  0.000000000000  0.011098004305  
alectoris_rufa 0.015220864225  0.017214163983  0.030711619975  0.023455176628  0.023410789088  0.021334317161  0.021345176519  0.027574458862  0.021345176519  0.021345176519  0.021345176519  0.024452362145  0.025496172672  0.028582198698  0.034924812350  0.010079217110  0.011098004305  0.000000000000  

