18
cyrtonyx_montezumae 0.000000000000  0.029707089008  0.062050742414  0.050028717900  0.052187386483  0.053329989867  0.059774884917  0.050028717900  0.050028717900  0.050028717900  0.059860341020  0.058703596410  0.068712694631  0.050028717900  0.043494478869  0.055379961475  0.038167903043  0.038167903043  
rollulus_rouloul 0.029707089008  0.000000000000  0.042474988072  0.034001662326  0.036110427222  0.037214469409  0.045695986414  0.034001662326  0.034001662326  0.034001662326  0.043592321698  0.042474988072  0.052227004706  0.034001662326  0.027640761236  0.039241004343  0.022438806412  0.022438806412  
tragopan_blythii 0.062050742414  0.042474988072  0.000000000000  0.028743953971  0.030836630279  0.034063194127  0.039270220438  0.028743953971  0.028743953971  0.028743953971  0.035040770337  0.037152311937  0.046821639260  0.028743953971  0.022438806412  0.051126584685  0.037214469409  0.037214469409  
lophura_inornata 0.050028717900  0.034001662326  0.028743953971  0.000000000000  0.002002829179  0.007052294811  0.012107287142  0.000000000000  0.000000000000  0.000000000000  0.009063581175  0.008045532485  0.020326197402  0.004017003129  0.006038365957  0.036081509373  0.019351326363  0.019351326363  
lophura_nycthemera 0.052187386483  0.036110427222  0.030836630279  0.002002829179  0.000000000000  0.009077316475  0.014145328137  0.002002829179  0.002002829179  0.002002829179  0.011093161222  0.010071284104  0.022390018829  0.006032432512  0.008060176484  0.038195835756  0.021414555986  0.021414555986  
syrmaticus_ellioti 0.053329989867  0.037214469409  0.034063194127  0.007052294811  0.009077316475  0.000000000000  0.019303090326  0.007052294811  0.007052294811  0.007052294811  0.016229081029  0.015187443275  0.025539322350  0.011129877806  0.011129877806  0.041459920651  0.026683813577  0.026683813577  
phasianus_colchicus 0.059774884917  0.045695986414  0.039270220438  0.012107287142  0.014145328137  0.019303090326  0.000000000000  0.012107287142  0.012107287142  0.012107287142  0.021339283837  0.020294938989  0.031800258773  0.016205765354  0.018268394279  0.047806326554  0.031846232112  0.031846232112  
lophura_swinhoii 0.050028717900  0.034001662326  0.028743953971  0.000000000000  0.002002829179  0.007052294811  0.012107287142  0.000000000000  0.000000000000  0.000000000000  0.009063581175  0.008045532485  0.020326197402  0.004017003129  0.006038365957  0.036081509373  0.019351326363  0.019351326363  
chrysolophus_pictus 0.050028717900  0.034001662326  0.028743953971  0.000000000000  0.002002829179  0.007052294811  0.012107287142  0.000000000000  0.000000000000  0.000000000000  0.009063581175  0.008045532485  0.020326197402  0.004017003129  0.006038365957  0.036081509373  0.019351326363  0.019351326363  
syrmaticus_reevesii 0.050028717900  0.034001662326  0.028743953971  0.000000000000  0.002002829179  0.007052294811  0.012107287142  0.000000000000  0.000000000000  0.000000000000  0.009063581175  0.008045532485  0.020326197402  0.004017003129  0.006038365957  0.036081509373  0.019351326363  0.019351326363  
catreus_wallichi 0.059860341020  0.043592321698  0.035040770337  0.009063581175  0.011093161222  0.016229081029  0.021339283837  0.009063581175  0.009063581175  0.009063581175  0.000000000000  0.012107287142  0.029687466689  0.013144855941  0.015198770646  0.045695986414  0.028718604260  0.028718604260  
crossoptilon_crossoptilon 0.058703596410  0.042474988072  0.037152311937  0.008045532485  0.010071284104  0.015187443275  0.020294938989  0.008045532485  0.008045532485  0.008045532485  0.012107287142  0.000000000000  0.028617959049  0.012113415217  0.014160546665  0.044577271635  0.027640761236  0.027640761236  
perdix_dauuricae 0.068712694631  0.052227004706  0.046821639260  0.020326197402  0.022390018829  0.025539322350  0.031800258773  0.020326197402  0.020326197402  0.020326197402  0.029687466689  0.028617959049  0.000000000000  0.021364237690  0.024492092410  0.055458151404  0.038225543266  0.038225543266  
melgal2    0.050028717900  0.034001662326  0.028743953971  0.004017003129  0.006032432512  0.011129877806  0.016205765354  0.004017003129  0.004017003129  0.004017003129  0.013144855941  0.012113415217  0.021364237690  0.000000000000  0.006038365957  0.036081509373  0.019351326363  0.019351326363  
lophophorus_impejanus 0.043494478869  0.027640761236  0.022438806412  0.006038365957  0.008060176484  0.011129877806  0.018268394279  0.006038365957  0.006038365957  0.006038365957  0.015198770646  0.014160546665  0.024492092410  0.006038365957  0.000000000000  0.029707089008  0.015211792053  0.015211792053  
pavo_cristatus 0.055379961475  0.039241004343  0.051126584685  0.036081509373  0.038195835756  0.041459920651  0.047806326554  0.036081509373  0.036081509373  0.036081509373  0.045695986414  0.044577271635  0.055458151404  0.036081509373  0.029707089008  0.000000000000  0.026588875182  0.026588875182  
galgal4    0.038167903043  0.022438806412  0.037214469409  0.019351326363  0.021414555986  0.026683813577  0.031846232112  0.019351326363  0.019351326363  0.019351326363  0.028718604260  0.027640761236  0.038225543266  0.019351326363  0.015211792053  0.026588875182  0.000000000000  0.002004238757  
alectoris_rufa 0.038167903043  0.022438806412  0.037214469409  0.019351326363  0.021414555986  0.026683813577  0.031846232112  0.019351326363  0.019351326363  0.019351326363  0.028718604260  0.027640761236  0.038225543266  0.019351326363  0.015211792053  0.026588875182  0.002004238757  0.000000000000  

