18
cyrtonyx_montezumae 0.000000000000  0.018337450256  0.012157730080  0.012157730080  0.014199636102  0.018337450256  0.025568569651  0.016282065299  0.022427655874  0.021385386710  0.017251916782  0.021385386710  0.029764115149  0.025548017288  0.017251916782  0.017251916782  0.017251916782  0.012157730080  
rollulus_rouloul 0.018337450256  0.000000000000  0.006032974353  0.006032974353  0.008054459033  0.010089222023  0.017228919022  0.008061218171  0.018260694527  0.017228919022  0.013130372196  0.017228919022  0.025529245188  0.021356069525  0.013130372196  0.013130372196  0.013130372196  0.006032974353  
galgal4    0.012157730080  0.006032974353  0.000000000000  0.000000000000  0.004013548516  0.006032974353  0.013130372196  0.004017322583  0.012108734952  0.011089339834  0.007034405331  0.011089339834  0.019294767010  0.015172218283  0.007034405331  0.007034405331  0.007034405331  0.000000000000  
pavo_cristatus 0.012157730080  0.006032974353  0.000000000000  0.000000000000  0.004013548516  0.006032974353  0.013130372196  0.004017322583  0.012108734952  0.011089339834  0.007034405331  0.011089339834  0.019294767010  0.015172218283  0.007034405331  0.007034405331  0.007034405331  0.000000000000  
melgal2    0.014199636102  0.008054459033  0.004013548516  0.004013548516  0.000000000000  0.008054459033  0.015172218283  0.006032974353  0.014147272888  0.013124584146  0.009057236757  0.013124584146  0.021356069525  0.017220053557  0.009057236757  0.009057236757  0.009057236757  0.004013548516  
lophophorus_impejanus 0.018337450256  0.010089222023  0.006032974353  0.006032974353  0.008054459033  0.000000000000  0.017228919022  0.008061218171  0.018260694527  0.017228919022  0.013130372196  0.017228919022  0.025529245188  0.021356069525  0.013130372196  0.013130372196  0.013130372196  0.006032974353  
perdix_dauuricae 0.025568569651  0.017228919022  0.013130372196  0.013130372196  0.015172218283  0.017228919022  0.000000000000  0.013130372196  0.025483640190  0.024440581530  0.020298837826  0.024440581530  0.032830878879  0.028611551348  0.020298837826  0.020298837826  0.020298837826  0.013130372196  
tragopan_blythii 0.016282065299  0.008061218171  0.004017322583  0.004017322583  0.006032974353  0.008061218171  0.013130372196  0.000000000000  0.016208835851  0.015180412662  0.011094479261  0.015180412662  0.023454232754  0.019294767010  0.011094479261  0.011094479261  0.011094479261  0.004017322583  
catreus_wallichi 0.022427655874  0.018260694527  0.012108734952  0.012108734952  0.014147272888  0.018260694527  0.025483640190  0.016208835851  0.000000000000  0.009070726342  0.005022163982  0.009070726342  0.017266043099  0.013147171899  0.005022163982  0.005022163982  0.005022163982  0.012108734952  
crossoptilon_crossoptilon 0.021385386710  0.017228919022  0.011089339834  0.011089339834  0.013124584146  0.017228919022  0.024440581530  0.015180412662  0.009070726342  0.000000000000  0.004013548516  0.008054459033  0.016232896129  0.012123135759  0.004013548516  0.004013548516  0.004013548516  0.011089339834  
phasianus_colchicus 0.017251916782  0.013130372196  0.007034405331  0.007034405331  0.009057236757  0.013130372196  0.020298837826  0.011094479261  0.005022163982  0.004013548516  0.000000000000  0.004013548516  0.012132937741  0.008054459033  0.000000000000  0.000000000000  0.000000000000  0.007034405331  
lophura_inornata 0.021385386710  0.017228919022  0.011089339834  0.011089339834  0.013124584146  0.017228919022  0.024440581530  0.015180412662  0.009070726342  0.008054459033  0.004013548516  0.000000000000  0.015202042030  0.011101352273  0.004013548516  0.004013548516  0.004013548516  0.011089339834  
syrmaticus_ellioti 0.029764115149  0.025529245188  0.019294767010  0.019294767010  0.021356069525  0.025529245188  0.032830878879  0.023454232754  0.017266043099  0.016232896129  0.012132937741  0.015202042030  0.000000000000  0.004017322583  0.012132937741  0.012132937741  0.012132937741  0.019294767010  
syrmaticus_reevesii 0.025548017288  0.021356069525  0.015172218283  0.015172218283  0.017220053557  0.021356069525  0.028611551348  0.019294767010  0.013147171899  0.012123135759  0.008054459033  0.011101352273  0.004017322583  0.000000000000  0.008054459033  0.008054459033  0.008054459033  0.015172218283  
chrysolophus_pictus 0.017251916782  0.013130372196  0.007034405331  0.007034405331  0.009057236757  0.013130372196  0.020298837826  0.011094479261  0.005022163982  0.004013548516  0.000000000000  0.004013548516  0.012132937741  0.008054459033  0.000000000000  0.000000000000  0.000000000000  0.007034405331  
lophura_nycthemera 0.017251916782  0.013130372196  0.007034405331  0.007034405331  0.009057236757  0.013130372196  0.020298837826  0.011094479261  0.005022163982  0.004013548516  0.000000000000  0.004013548516  0.012132937741  0.008054459033  0.000000000000  0.000000000000  0.000000000000  0.007034405331  
lophura_swinhoii 0.017251916782  0.013130372196  0.007034405331  0.007034405331  0.009057236757  0.013130372196  0.020298837826  0.011094479261  0.005022163982  0.004013548516  0.000000000000  0.004013548516  0.012132937741  0.008054459033  0.000000000000  0.000000000000  0.000000000000  0.007034405331  
alectoris_rufa 0.012157730080  0.006032974353  0.000000000000  0.000000000000  0.004013548516  0.006032974353  0.013130372196  0.004017322583  0.012108734952  0.011089339834  0.007034405331  0.011089339834  0.019294767010  0.015172218283  0.007034405331  0.007034405331  0.007034405331  0.000000000000  

