18
cyrtonyx_montezumae 0.000000000000  0.083533151212  0.067576944579  0.068759325029  0.081335169343  0.083599378995  0.095181881104  0.089473350864  0.081335169343  0.084768364701  0.089473350864  0.080173275121  0.080173275121  0.075613624207  0.080173275121  0.074349847228  0.078891798485  0.086843555577  
rollulus_rouloul 0.083533151212  0.000000000000  0.058880081179  0.054476504761  0.063369776503  0.065574621400  0.079144292619  0.071267304424  0.063369776503  0.066707701933  0.071267304424  0.062243359758  0.062243359758  0.058929559450  0.065630672011  0.059949492963  0.062141564746  0.077920593844  
galgal4    0.067576944579  0.058880081179  0.000000000000  0.021413970541  0.029801870284  0.031897966293  0.042540951299  0.035099766201  0.029801870284  0.032962831778  0.037246377733  0.032993072843  0.028742892462  0.027712001503  0.030863219181  0.025558524952  0.027639976646  0.037122558051  
pavo_cristatus 0.068759325029  0.054476504761  0.021413970541  0.000000000000  0.027712001503  0.029801870284  0.040411492910  0.035132539446  0.027712001503  0.030863219181  0.035132539446  0.030892676634  0.027712001503  0.024576276934  0.029830078471  0.024530481578  0.026609228372  0.036080185637  
lophura_swinhoii 0.081335169343  0.063369776503  0.029801870284  0.027712001503  0.000000000000  0.002002826140  0.014160372151  0.007045155693  0.000000000000  0.003007010236  0.007045155693  0.003009533448  0.007039765869  0.017261295643  0.023483201980  0.018268097826  0.022404107824  0.044676890629  
catreus_wallichi 0.083599378995  0.065574621400  0.031897966293  0.029801870284  0.002002826140  0.000000000000  0.016205548589  0.009069528040  0.002002826140  0.005018658069  0.009069528040  0.005021782921  0.009063516069  0.019317069343  0.025558524952  0.020325847004  0.024474609963  0.044641303141  
syrmaticus_reevesii 0.095181881104  0.079144292619  0.042540951299  0.040411492910  0.014160372151  0.016205548589  0.000000000000  0.021378847066  0.014160372151  0.015198521288  0.021378847066  0.017247653913  0.019290123533  0.029727594600  0.038224004850  0.031799376632  0.037095990665  0.057718000055  
chrysolophus_pictus 0.089473350864  0.071267304424  0.035099766201  0.035132539446  0.007045155693  0.009069528040  0.021378847066  0.000000000000  0.007045155693  0.010087677738  0.014182287198  0.010096501568  0.014170490535  0.024530481578  0.030835487605  0.025538684045  0.028672330390  0.052308664189  
phasianus_colchicus 0.081335169343  0.063369776503  0.029801870284  0.027712001503  0.000000000000  0.002002826140  0.014160372151  0.007045155693  0.000000000000  0.003007010236  0.007045155693  0.003009533448  0.007039765869  0.017261295643  0.023483201980  0.018268097826  0.022404107824  0.044676890629  
lophura_inornata 0.084768364701  0.066707701933  0.032962831778  0.030863219181  0.003007010236  0.005018658069  0.015198521288  0.010087677738  0.003007010236  0.000000000000  0.010087677738  0.006032389710  0.010080518773  0.020355174818  0.026609228372  0.021363838450  0.025520560251  0.047912140737  
lophura_nycthemera 0.089473350864  0.071267304424  0.037246377733  0.035132539446  0.007045155693  0.009069528040  0.021378847066  0.014182287198  0.007045155693  0.010087677738  0.000000000000  0.010096501568  0.014170490535  0.024530481578  0.030835487605  0.025538684045  0.029727594600  0.052308664189  
syrmaticus_ellioti 0.080173275121  0.062243359758  0.032993072843  0.030892676634  0.003009533448  0.005021782921  0.017247653913  0.010096501568  0.003009533448  0.006032389710  0.010096501568  0.000000000000  0.010087677738  0.020372386266  0.026632007834  0.021378847066  0.025538684045  0.047951683259  
crossoptilon_crossoptilon 0.080173275121  0.062243359758  0.028742892462  0.027712001503  0.007039765869  0.009063516069  0.019290123533  0.014170490535  0.007039765869  0.010080518773  0.014170490535  0.010087677738  0.000000000000  0.016228786412  0.022438231080  0.016205548589  0.021363838450  0.041424566782  
tragopan_blythii 0.075613624207  0.058929559450  0.027712001503  0.024576276934  0.017261295643  0.019317069343  0.029727594600  0.024530481578  0.017261295643  0.020355174818  0.024530481578  0.020372386266  0.016228786412  0.000000000000  0.021413970541  0.016216324239  0.018268097826  0.044714257562  
melgal2    0.080173275121  0.065630672011  0.030863219181  0.029830078471  0.023483201980  0.025558524952  0.038224004850  0.030835487605  0.023483201980  0.026609228372  0.030835487605  0.026632007834  0.022438231080  0.021413970541  0.000000000000  0.019302747662  0.023446665145  0.047951683259  
lophophorus_impejanus 0.074349847228  0.059949492963  0.025558524952  0.024530481578  0.018268097826  0.020325847004  0.031799376632  0.025538684045  0.018268097826  0.021363838450  0.025538684045  0.021378847066  0.016205548589  0.016216324239  0.019302747662  0.000000000000  0.018246916236  0.041392880274  
perdix_dauuricae 0.078891798485  0.062141564746  0.027639976646  0.026609228372  0.022404107824  0.024474609963  0.037095990665  0.028672330390  0.022404107824  0.025520560251  0.029727594600  0.025538684045  0.021363838450  0.018268097826  0.023446665145  0.018246916236  0.000000000000  0.042442011442  
alectoris_rufa 0.086843555577  0.077920593844  0.037122558051  0.036080185637  0.044676890629  0.044641303141  0.057718000055  0.052308664189  0.044676890629  0.047912140737  0.052308664189  0.047951683259  0.041424566782  0.044714257562  0.047951683259  0.041392880274  0.042442011442  0.000000000000  

