18
catreus_wallichi 0.000000000000  0.009066949034  0.006027283999  0.007038444985  0.015165236321  0.006027283999  0.009061587489  0.011096299066  0.013120107947  0.009057787241  0.009057787241  0.010077903800  0.006027283999  0.006027283999  0.010084308937  0.010073062100  0.006027283999  0.006027283999  
lophura_swinhoii 0.009066949034  0.000000000000  0.003009075302  0.004016155617  0.012109844390  0.003009075302  0.006031091928  0.008057542055  0.010073062100  0.006027283999  0.006027283999  0.007043285938  0.003009075302  0.003009075302  0.007049677594  0.007038444985  0.003009075302  0.003009075302  
syrmaticus_reevesii 0.006027283999  0.003009075302  0.000000000000  0.001001005661  0.009057787241  0.000000000000  0.003006799109  0.005020951656  0.007033427868  0.003006065243  0.003006065243  0.004012856805  0.000000000000  0.000000000000  0.004016155617  0.004011102395  0.000000000000  0.000000000000  
tragopan_blythii 0.007038444985  0.004016155617  0.001001005661  0.000000000000  0.010073062100  0.001001005661  0.004012856805  0.006031091928  0.008044578628  0.004011102395  0.004011102395  0.005020951656  0.001001005661  0.001001005661  0.005025277235  0.005018172567  0.001001005661  0.001001005661  
cyrtonyx_montezumae 0.015165236321  0.012109844390  0.009057787241  0.010073062100  0.000000000000  0.009057787241  0.012104477914  0.013124950242  0.016179684754  0.012100685602  0.012100685602  0.013124950242  0.009057787241  0.009057787241  0.013131368866  0.013120107947  0.009057787241  0.009057787241  
lophophorus_impejanus 0.006027283999  0.003009075302  0.000000000000  0.001001005661  0.009057787241  0.000000000000  0.003006799109  0.005020951656  0.007033427868  0.003006065243  0.003006065243  0.004012856805  0.000000000000  0.000000000000  0.004016155617  0.004011102395  0.000000000000  0.000000000000  
rollulus_rouloul 0.009061587489  0.006031091928  0.003006799109  0.004012856805  0.012104477914  0.003006799109  0.000000000000  0.008051663865  0.010069787040  0.006025027830  0.006025027830  0.007038444985  0.003006799109  0.003006799109  0.007043285938  0.007035157897  0.003006799109  0.003006799109  
crossoptilon_crossoptilon 0.011096299066  0.008057542055  0.005020951656  0.006031091928  0.013124950242  0.005020951656  0.008051663865  0.000000000000  0.010069787040  0.006025027830  0.006025027830  0.009066949034  0.005020951656  0.005020951656  0.009073868698  0.009061587489  0.005020951656  0.005020951656  
phasianus_colchicus 0.013120107947  0.010073062100  0.007033427868  0.008044578628  0.016179684754  0.007033427868  0.010069787040  0.010069787040  0.000000000000  0.004011102395  0.004011102395  0.011086093021  0.007033427868  0.007033427868  0.011090411651  0.011083346402  0.007033427868  0.007033427868  
syrmaticus_ellioti 0.009057787241  0.006027283999  0.003006065243  0.004011102395  0.012100685602  0.003006065243  0.006025027830  0.006025027830  0.004011102395  0.000000000000  0.000000000000  0.007035157897  0.003006065243  0.003006065243  0.007038444985  0.007033427868  0.003006065243  0.003006065243  
pavo_cristatus 0.009057787241  0.006027283999  0.003006065243  0.004011102395  0.012100685602  0.003006065243  0.006025027830  0.006025027830  0.004011102395  0.000000000000  0.000000000000  0.007035157897  0.003006065243  0.003006065243  0.007038444985  0.007033427868  0.003006065243  0.003006065243  
melgal2    0.010077903800  0.007043285938  0.004012856805  0.005020951656  0.013124950242  0.004012856805  0.007038444985  0.009066949034  0.011086093021  0.007035157897  0.007035157897  0.000000000000  0.004012856805  0.004012856805  0.008057542055  0.008047341661  0.004012856805  0.004012856805  
lophura_inornata 0.006027283999  0.003009075302  0.000000000000  0.001001005661  0.009057787241  0.000000000000  0.003006799109  0.005020951656  0.007033427868  0.003006065243  0.003006065243  0.004012856805  0.000000000000  0.000000000000  0.004016155617  0.004011102395  0.000000000000  0.000000000000  
galgal4    0.006027283999  0.003009075302  0.000000000000  0.001001005661  0.009057787241  0.000000000000  0.003006799109  0.005020951656  0.007033427868  0.003006065243  0.003006065243  0.004012856805  0.000000000000  0.000000000000  0.004016155617  0.004011102395  0.000000000000  0.000000000000  
chrysolophus_pictus 0.010084308937  0.007049677594  0.004016155617  0.005025277235  0.013131368866  0.004016155617  0.007043285938  0.009073868698  0.011090411651  0.007038444985  0.007038444985  0.008057542055  0.004016155617  0.004016155617  0.000000000000  0.008051663865  0.004016155617  0.004016155617  
lophura_nycthemera 0.010073062100  0.007038444985  0.004011102395  0.005018172567  0.013120107947  0.004011102395  0.007035157897  0.009061587489  0.011083346402  0.007033427868  0.007033427868  0.008047341661  0.004011102395  0.004011102395  0.008051663865  0.000000000000  0.004011102395  0.004011102395  
perdix_dauuricae 0.006027283999  0.003009075302  0.000000000000  0.001001005661  0.009057787241  0.000000000000  0.003006799109  0.005020951656  0.007033427868  0.003006065243  0.003006065243  0.004012856805  0.000000000000  0.000000000000  0.004016155617  0.004011102395  0.000000000000  0.000000000000  
alectoris_rufa 0.006027283999  0.003009075302  0.000000000000  0.001001005661  0.009057787241  0.000000000000  0.003006799109  0.005020951656  0.007033427868  0.003006065243  0.003006065243  0.004012856805  0.000000000000  0.000000000000  0.004016155617  0.004011102395  0.000000000000  0.000000000000  

