18
syrmaticus_ellioti 0.000000000000  0.016233441401  0.013173541509  0.008065271419  0.014201544303  0.001001010235  0.003009116692  0.004016229399  0.000000000000  0.000000000000  0.000000000000  0.000000000000  0.000000000000  0.005021020556  0.000000000000  0.000000000000  0.003009116692  0.000000000000  
cyrtonyx_montezumae 0.016233441401  0.000000000000  0.022459541732  0.017265708220  0.023504872207  0.017265708220  0.019336714532  0.020375472108  0.016233441401  0.016233441401  0.016233441401  0.016233441401  0.016233441401  0.020358192348  0.016233441401  0.016233441401  0.019336714532  0.016233441401  
galgal4    0.013173541509  0.022459541732  0.000000000000  0.005025392830  0.011123910908  0.014201544303  0.016263969111  0.017298408982  0.013173541509  0.013173541509  0.013173541509  0.013173541509  0.013173541509  0.018316788473  0.013173541509  0.013173541509  0.016263969111  0.013173541509  
pavo_cristatus 0.008065271419  0.017265708220  0.005025392830  0.000000000000  0.006036615356  0.009082721953  0.011123910908  0.012147666641  0.008065271419  0.008065271419  0.008065271419  0.008065271419  0.008065271419  0.013160733349  0.008065271419  0.008065271419  0.011123910908  0.008065271419  
rollulus_rouloul 0.014201544303  0.023504872207  0.011123910908  0.006036615356  0.000000000000  0.015231683870  0.017298408982  0.018335012498  0.014201544303  0.014201544303  0.014201544303  0.014201544303  0.014201544303  0.019354467900  0.014201544303  0.014201544303  0.017298408982  0.014201544303  
perdix_dauuricae 0.001001010235  0.017265708220  0.014201544303  0.009082721953  0.015231683870  0.000000000000  0.004016229399  0.005025392830  0.001001010235  0.001001010235  0.001001010235  0.001001010235  0.001001010235  0.006031203664  0.001001010235  0.001001010235  0.004016229399  0.001001010235  
tragopan_blythii 0.003009116692  0.019336714532  0.016263969111  0.011123910908  0.017298408982  0.004016229399  0.000000000000  0.003009116692  0.003009116692  0.003009116692  0.003009116692  0.003009116692  0.003009116692  0.008057768110  0.003009116692  0.003009116692  0.006036615356  0.003009116692  
phasianus_colchicus 0.004016229399  0.020375472108  0.017298408982  0.012147666641  0.018335012498  0.005025392830  0.003009116692  0.000000000000  0.004016229399  0.004016229399  0.004016229399  0.004016229399  0.004016229399  0.009074166391  0.004016229399  0.004016229399  0.007049905395  0.004016229399  
catreus_wallichi 0.000000000000  0.016233441401  0.013173541509  0.008065271419  0.014201544303  0.001001010235  0.003009116692  0.004016229399  0.000000000000  0.000000000000  0.000000000000  0.000000000000  0.000000000000  0.005021020556  0.000000000000  0.000000000000  0.003009116692  0.000000000000  
melgal2    0.000000000000  0.016233441401  0.013173541509  0.008065271419  0.014201544303  0.001001010235  0.003009116692  0.004016229399  0.000000000000  0.000000000000  0.000000000000  0.000000000000  0.000000000000  0.005021020556  0.000000000000  0.000000000000  0.003009116692  0.000000000000  
lophura_inornata 0.000000000000  0.016233441401  0.013173541509  0.008065271419  0.014201544303  0.001001010235  0.003009116692  0.004016229399  0.000000000000  0.000000000000  0.000000000000  0.000000000000  0.000000000000  0.005021020556  0.000000000000  0.000000000000  0.003009116692  0.000000000000  
lophophorus_impejanus 0.000000000000  0.016233441401  0.013173541509  0.008065271419  0.014201544303  0.001001010235  0.003009116692  0.004016229399  0.000000000000  0.000000000000  0.000000000000  0.000000000000  0.000000000000  0.005021020556  0.000000000000  0.000000000000  0.003009116692  0.000000000000  
chrysolophus_pictus 0.000000000000  0.016233441401  0.013173541509  0.008065271419  0.014201544303  0.001001010235  0.003009116692  0.004016229399  0.000000000000  0.000000000000  0.000000000000  0.000000000000  0.000000000000  0.005021020556  0.000000000000  0.000000000000  0.003009116692  0.000000000000  
lophura_nycthemera 0.005021020556  0.020358192348  0.018316788473  0.013160733349  0.019354467900  0.006031203664  0.008057768110  0.009074166391  0.005021020556  0.005021020556  0.005021020556  0.005021020556  0.005021020556  0.000000000000  0.005021020556  0.005021020556  0.008057768110  0.005021020556  
crossoptilon_crossoptilon 0.000000000000  0.016233441401  0.013173541509  0.008065271419  0.014201544303  0.001001010235  0.003009116692  0.004016229399  0.000000000000  0.000000000000  0.000000000000  0.000000000000  0.000000000000  0.005021020556  0.000000000000  0.000000000000  0.003009116692  0.000000000000  
syrmaticus_reevesii 0.000000000000  0.016233441401  0.013173541509  0.008065271419  0.014201544303  0.001001010235  0.003009116692  0.004016229399  0.000000000000  0.000000000000  0.000000000000  0.000000000000  0.000000000000  0.005021020556  0.000000000000  0.000000000000  0.003009116692  0.000000000000  
lophura_swinhoii 0.003009116692  0.019336714532  0.016263969111  0.011123910908  0.017298408982  0.004016229399  0.006036615356  0.007049905395  0.003009116692  0.003009116692  0.003009116692  0.003009116692  0.003009116692  0.008057768110  0.003009116692  0.003009116692  0.000000000000  0.003009116692  
alectoris_rufa 0.000000000000  0.016233441401  0.013173541509  0.008065271419  0.014201544303  0.001001010235  0.003009116692  0.004016229399  0.000000000000  0.000000000000  0.000000000000  0.000000000000  0.000000000000  0.005021020556  0.000000000000  0.000000000000  0.003009116692  0.000000000000  

