18
pavo_cristatus 0.000000000000  0.015203523693  0.007038567597  0.012117210416  0.012117210416  0.015172634476  0.012117210416  0.012117210416  0.012117210416  0.008051852230  0.008051852230  0.008051852230  0.010078138693  0.009061744018  0.010084665415  0.016209349617  0.007043492484  0.009061744018  
cyrtonyx_montezumae 0.015203523693  0.000000000000  0.014175508560  0.021398426552  0.021398426552  0.024492481916  0.021398426552  0.021398426552  0.021398426552  0.017265981061  0.017265981061  0.017265981061  0.019320843148  0.018285312239  0.019337067662  0.025558637166  0.016248201226  0.022440497345  
rollulus_rouloul 0.007038567597  0.014175508560  0.000000000000  0.011096624618  0.011096624618  0.014147844899  0.011096624618  0.011096624618  0.011096624618  0.009067215321  0.009067215321  0.009067215321  0.011096624618  0.010078138693  0.011104211109  0.017239481861  0.008057826083  0.014164716393  
chrysolophus_pictus 0.012117210416  0.021398426552  0.011096624618  0.000000000000  0.000000000000  0.003006044589  0.000000000000  0.000000000000  0.000000000000  0.004012903374  0.004012903374  0.004012903374  0.006027352931  0.005018199791  0.006031233135  0.012117210416  0.013149623950  0.019306199992  
catreus_wallichi 0.012117210416  0.021398426552  0.011096624618  0.000000000000  0.000000000000  0.003006044589  0.000000000000  0.000000000000  0.000000000000  0.004012903374  0.004012903374  0.004012903374  0.006027352931  0.005018199791  0.006031233135  0.012117210416  0.013149623950  0.019306199992  
phasianus_colchicus 0.015172634476  0.024492481916  0.014147844899  0.003006044589  0.003006044589  0.000000000000  0.003006044589  0.003006044589  0.003006044589  0.007035194188  0.007035194188  0.007035194188  0.009057831577  0.008044568503  0.009061744018  0.015172634476  0.016209349617  0.022391422875  
syrmaticus_reevesii 0.012117210416  0.021398426552  0.011096624618  0.000000000000  0.000000000000  0.003006044589  0.000000000000  0.000000000000  0.000000000000  0.004012903374  0.004012903374  0.004012903374  0.006027352931  0.005018199791  0.006031233135  0.012117210416  0.013149623950  0.019306199992  
crossoptilon_crossoptilon 0.012117210416  0.021398426552  0.011096624618  0.000000000000  0.000000000000  0.003006044589  0.000000000000  0.000000000000  0.000000000000  0.004012903374  0.004012903374  0.004012903374  0.006027352931  0.005018199791  0.006031233135  0.012117210416  0.013149623950  0.019306199992  
syrmaticus_ellioti 0.012117210416  0.021398426552  0.011096624618  0.000000000000  0.000000000000  0.003006044589  0.000000000000  0.000000000000  0.000000000000  0.004012903374  0.004012903374  0.004012903374  0.006027352931  0.005018199791  0.006031233135  0.012117210416  0.013149623950  0.019306199992  
lophura_swinhoii 0.008051852230  0.017265981061  0.009067215321  0.004012903374  0.004012903374  0.007035194188  0.004012903374  0.004012903374  0.004012903374  0.000000000000  0.000000000000  0.000000000000  0.002002769690  0.001000755628  0.002004051260  0.008051852230  0.009074242451  0.015191654088  
lophura_nycthemera 0.008051852230  0.017265981061  0.009067215321  0.004012903374  0.004012903374  0.007035194188  0.004012903374  0.004012903374  0.004012903374  0.000000000000  0.000000000000  0.000000000000  0.002002769690  0.001000755628  0.002004051260  0.008051852230  0.009074242451  0.015191654088  
lophura_inornata 0.008051852230  0.017265981061  0.009067215321  0.004012903374  0.004012903374  0.007035194188  0.004012903374  0.004012903374  0.004012903374  0.000000000000  0.000000000000  0.000000000000  0.002002769690  0.001000755628  0.002004051260  0.008051852230  0.009074242451  0.015191654088  
perdix_dauuricae 0.010078138693  0.019320843148  0.011096624618  0.006027352931  0.006027352931  0.009057831577  0.006027352931  0.006027352931  0.006027352931  0.002002769690  0.002002769690  0.002002769690  0.000000000000  0.003006044589  0.004012903374  0.010078138693  0.011104211109  0.017239481861  
lophophorus_impejanus 0.009061744018  0.018285312239  0.010078138693  0.005018199791  0.005018199791  0.008044568503  0.005018199791  0.005018199791  0.005018199791  0.001000755628  0.001000755628  0.001000755628  0.003006044589  0.000000000000  0.003006816185  0.009061744018  0.010084665415  0.016209349617  
melgal2    0.010084665415  0.019337067662  0.011104211109  0.006031233135  0.006031233135  0.009061744018  0.006031233135  0.006031233135  0.006031233135  0.002004051260  0.002004051260  0.002004051260  0.004012903374  0.003006816185  0.000000000000  0.010084665415  0.011113357828  0.017251943087  
tragopan_blythii 0.016209349617  0.025558637166  0.017239481861  0.012117210416  0.012117210416  0.015172634476  0.012117210416  0.012117210416  0.012117210416  0.008051852230  0.008051852230  0.008051852230  0.010078138693  0.009061744018  0.010084665415  0.000000000000  0.017251943087  0.023448235664  
galgal4    0.007043492484  0.016248201226  0.008057826083  0.013149623950  0.013149623950  0.016209349617  0.013149623950  0.013149623950  0.013149623950  0.009074242451  0.009074242451  0.009074242451  0.011104211109  0.010084665415  0.011113357828  0.017251943087  0.000000000000  0.014175508560  
alectoris_rufa 0.009061744018  0.022440497345  0.014164716393  0.019306199992  0.019306199992  0.022391422875  0.019306199992  0.019306199992  0.019306199992  0.015191654088  0.015191654088  0.015191654088  0.017239481861  0.016209349617  0.017251943087  0.023448235664  0.014175508560  0.000000000000  

