18
cyrtonyx_montezumae 0.000000000000  0.087049206150  0.030740565874  0.033994838592  0.028652381746  0.030721517661  0.029705691012  0.032856193902  0.029705691012  0.030761256032  0.028652381746  0.028652381746  0.029686147484  0.031819086488  0.030740565874  0.029686147484  0.027620214967  0.050075792334  
rollulus_rouloul 0.087049206150  0.000000000000  0.087954272628  0.089327711348  0.084644968440  0.084519186610  0.083481201226  0.086914172330  0.083481201226  0.084644968440  0.082320175326  0.082320175326  0.083418795388  0.083481201226  0.084581169005  0.083418795388  0.081223320250  0.097323955358  
galgal4    0.030740565874  0.087954272628  0.000000000000  0.027601318613  0.028617215150  0.028588608962  0.027568423312  0.030704114487  0.027568423312  0.028617215150  0.026521858403  0.026521858403  0.027554430570  0.029668243413  0.030704114487  0.027554430570  0.025490886948  0.049999845261  
pavo_cristatus 0.033994838592  0.089327711348  0.027601318613  0.000000000000  0.029726870924  0.029686147484  0.028672417440  0.031819086488  0.028672417440  0.029726870924  0.027620214967  0.027620214967  0.027601318613  0.030783585070  0.031819086488  0.028652381746  0.026589641698  0.049019659554  
melgal2    0.028652381746  0.084644968440  0.028617215150  0.029726870924  0.000000000000  0.004011127886  0.004016319178  0.006031342166  0.003009167056  0.004016319178  0.002004068717  0.002004068717  0.003006835363  0.005025533492  0.006031342166  0.003006835363  0.003006835363  0.047851046056  
lophophorus_impejanus 0.030721517661  0.084519186610  0.028588608962  0.029686147484  0.004011127886  0.000000000000  0.004011127886  0.006025085503  0.003006061433  0.004011127886  0.002003040273  0.002003040273  0.003006848350  0.005018247992  0.006025085503  0.003006848350  0.003006848350  0.047783404590  
perdix_dauuricae 0.029705691012  0.083481201226  0.027568423312  0.028672417440  0.004016319178  0.004011127886  0.000000000000  0.006031342166  0.003009167056  0.004016319178  0.002004068717  0.002004068717  0.003006835363  0.005025533492  0.006031342166  0.003006835363  0.003006835363  0.046761708252  
tragopan_blythii 0.032856193902  0.086914172330  0.030704114487  0.031819086488  0.006031342166  0.006025085503  0.006031342166  0.000000000000  0.005021109692  0.006031342166  0.004012943570  0.004012943570  0.005018247992  0.007043649480  0.008052014575  0.005018247992  0.005018247992  0.049999845261  
catreus_wallichi 0.029705691012  0.083481201226  0.027568423312  0.028672417440  0.003009167056  0.003006061433  0.003009167056  0.005021109692  0.000000000000  0.003009167056  0.001001015801  0.001001015801  0.002002776688  0.004016319178  0.005021109692  0.002002776688  0.002002776688  0.046761708252  
chrysolophus_pictus 0.030761256032  0.084644968440  0.028617215150  0.029726870924  0.004016319178  0.004011127886  0.004016319178  0.006031342166  0.003009167056  0.000000000000  0.002004068717  0.002004068717  0.003006835363  0.005025533492  0.006031342166  0.003006835363  0.003006835363  0.047851046056  
lophura_swinhoii 0.028652381746  0.082320175326  0.026521858403  0.027620214967  0.002004068717  0.002003040273  0.002004068717  0.004012943570  0.001001015801  0.002004068717  0.000000000000  0.000000000000  0.001000759211  0.003009167056  0.004012943570  0.001000759211  0.001000759211  0.045674772693  
crossoptilon_crossoptilon 0.028652381746  0.082320175326  0.026521858403  0.027620214967  0.002004068717  0.002003040273  0.002004068717  0.004012943570  0.001001015801  0.002004068717  0.000000000000  0.000000000000  0.001000759211  0.003009167056  0.004012943570  0.001000759211  0.001000759211  0.045674772693  
phasianus_colchicus 0.029686147484  0.083418795388  0.027554430570  0.027601318613  0.003006835363  0.003006848350  0.003006835363  0.005018247992  0.002002776688  0.003006835363  0.001000759211  0.001000759211  0.000000000000  0.004012943570  0.005018247992  0.002003040273  0.002003040273  0.046728262154  
lophura_inornata 0.031819086488  0.083481201226  0.029668243413  0.030783585070  0.005025533492  0.005018247992  0.005025533492  0.007043649480  0.004016319178  0.005025533492  0.003009167056  0.003009167056  0.004012943570  0.000000000000  0.007043649480  0.004012943570  0.004012943570  0.048942796746  
syrmaticus_ellioti 0.030740565874  0.084581169005  0.030704114487  0.031819086488  0.006031342166  0.006025085503  0.006031342166  0.008052014575  0.005021109692  0.006031342166  0.004012943570  0.004012943570  0.005018247992  0.007043649480  0.000000000000  0.005018247992  0.005018247992  0.047816378824  
lophura_nycthemera 0.029686147484  0.083418795388  0.027554430570  0.028652381746  0.003006835363  0.003006848350  0.003006835363  0.005018247992  0.002002776688  0.003006835363  0.001000759211  0.001000759211  0.002003040273  0.004012943570  0.005018247992  0.000000000000  0.002003040273  0.046728262154  
syrmaticus_reevesii 0.027620214967  0.081223320250  0.025490886948  0.026589641698  0.003006835363  0.003006848350  0.003006835363  0.005018247992  0.002002776688  0.003006835363  0.001000759211  0.001000759211  0.002003040273  0.004012943570  0.005018247992  0.002003040273  0.000000000000  0.044622930533  
alectoris_rufa 0.050075792334  0.097323955358  0.049999845261  0.049019659554  0.047851046056  0.047783404590  0.046761708252  0.049999845261  0.046761708252  0.047851046056  0.045674772693  0.045674772693  0.046728262154  0.048942796746  0.047816378824  0.046728262154  0.044622930533  0.000000000000  

