18
galgal4    0.000000000000  0.101065695649  0.175664795360  0.151463695867  0.155049276792  0.120818518151  0.134043697536  0.148248638041  0.123571278641  0.144253075547  0.134421450705  0.149552418669  0.142764557339  0.133453736788  0.116137714937  0.090419947273  0.114749297993  0.094362949381  
pavo_cristatus 0.101065695649  0.000000000000  0.114383403683  0.093756354606  0.105341210393  0.070740845820  0.084079699835  0.092265592989  0.076477513766  0.095736177188  0.086595164642  0.099353764876  0.094445634729  0.089110493675  0.065159024934  0.038179193471  0.067401571458  0.073434499128  
tragopan_blythii 0.175664795360  0.114383403683  0.000000000000  0.147717219372  0.164952344931  0.142389522565  0.148435606280  0.160255631556  0.142667557477  0.156212658377  0.147331331070  0.162682345318  0.161257147004  0.152810215377  0.132526573682  0.108406968338  0.141028799569  0.145544579360  
cyrtonyx_montezumae 0.151463695867  0.093756354606  0.147717219372  0.000000000000  0.134940977777  0.117121249214  0.129018928912  0.139219550780  0.121080671337  0.137846931912  0.131888865700  0.140499116824  0.136392817969  0.133453736788  0.113685106198  0.091600217735  0.118602860375  0.123019042510  
rollulus_rouloul 0.155049276792  0.105341210393  0.164952344931  0.134940977777  0.000000000000  0.134323848081  0.140112250173  0.151828832142  0.135897733828  0.151719286144  0.146948372599  0.158409231655  0.154337008855  0.144686919958  0.124727007700  0.100756613274  0.127938637676  0.128591415783  
lophura_nycthemera 0.120818518151  0.070740845820  0.142389522565  0.117121249214  0.134323848081  0.000000000000  0.033818502383  0.046695322199  0.025550960466  0.044500523286  0.039224373307  0.048872713120  0.046611474402  0.039252298432  0.034929777545  0.040221519453  0.070698475374  0.092445316161  
syrmaticus_ellioti 0.134043697536  0.084079699835  0.148435606280  0.129018928912  0.140112250173  0.033818502383  0.000000000000  0.026562062087  0.022362731207  0.046564381236  0.035936062225  0.048754333930  0.044409277121  0.038044901128  0.045507042274  0.054100093002  0.085102253265  0.106331009343  
syrmaticus_reevesii 0.148248638041  0.092265592989  0.160255631556  0.139219550780  0.151828832142  0.046695322199  0.026562062087  0.000000000000  0.034998873681  0.059739325741  0.048872713120  0.062009208139  0.057453120022  0.051025181429  0.059779203537  0.067443547799  0.097980592812  0.116137714937  
chrysolophus_pictus 0.123571278641  0.076477513766  0.142667557477  0.121080671337  0.135897733828  0.025550960466  0.022362731207  0.034998873681  0.000000000000  0.032849195920  0.021374088777  0.033934023309  0.033868555838  0.024485462211  0.037135654073  0.045640499568  0.077472061858  0.098586993181  
lophura_inornata 0.144253075547  0.095736177188  0.156212658377  0.137846931912  0.151719286144  0.044500523286  0.046564381236  0.059739325741  0.032849195920  0.000000000000  0.031770808628  0.050992151245  0.049815202861  0.043447558142  0.059739325741  0.065159024934  0.096743294045  0.116054815662  
lophura_swinhoii 0.134421450705  0.086595164642  0.147331331070  0.131888865700  0.146948372599  0.039224373307  0.035936062225  0.048872713120  0.021374088777  0.031770808628  0.000000000000  0.037059252352  0.039129938195  0.030775127319  0.048872713120  0.055315258361  0.086437338883  0.110266190873  
phasianus_colchicus 0.149552418669  0.099353764876  0.162682345318  0.140499116824  0.158409231655  0.048872713120  0.048754333930  0.062009208139  0.033934023309  0.050992151245  0.037059252352  0.000000000000  0.040221519453  0.040245493146  0.060892916898  0.069699290822  0.101541653089  0.123571278641  
catreus_wallichi 0.142764557339  0.094445634729  0.161257147004  0.136392817969  0.154337008855  0.046611474402  0.044409277121  0.057453120022  0.033868555838  0.049815202861  0.039129938195  0.040221519453  0.000000000000  0.042322146092  0.058557780819  0.066203245199  0.093123915210  0.118350525458  
crossoptilon_crossoptilon 0.133453736788  0.089110493675  0.152810215377  0.133453736788  0.144686919958  0.039252298432  0.038044901128  0.051025181429  0.024485462211  0.043447558142  0.030775127319  0.040245493146  0.042322146092  0.000000000000  0.052195196822  0.059779203537  0.092323567183  0.108080101077  
perdix_dauuricae 0.116137714937  0.065159024934  0.132526573682  0.113685106198  0.124727007700  0.034929777545  0.045507042274  0.059779203537  0.037135654073  0.059739325741  0.048872713120  0.060892916898  0.058557780819  0.052195196822  0.000000000000  0.033850154531  0.061781170983  0.090284922565  
lophophorus_impejanus 0.090419947273  0.038179193471  0.108406968338  0.091600217735  0.100756613274  0.040221519453  0.054100093002  0.067443547799  0.045640499568  0.065159024934  0.055315258361  0.069699290822  0.066203245199  0.059779203537  0.033850154531  0.000000000000  0.033850154531  0.066655068571  
melgal2    0.114749297993  0.067401571458  0.141028799569  0.118602860375  0.127938637676  0.070698475374  0.085102253265  0.097980592812  0.077472061858  0.096743294045  0.086437338883  0.101541653089  0.093123915210  0.092323567183  0.061781170983  0.033850154531  0.000000000000  0.096058032982  
alectoris_rufa 0.094362949381  0.073434499128  0.145544579360  0.123019042510  0.128591415783  0.092445316161  0.106331009343  0.116137714937  0.098586993181  0.116054815662  0.110266190873  0.123571278641  0.118350525458  0.108080101077  0.090284922565  0.066655068571  0.096058032982  0.000000000000  

