18
pavo_cristatus 0.000000000000  0.011091766879  0.040352201703  0.012111632792  0.012119074498  0.021372344345  0.017243410071  0.017243410071  0.017243410071  0.026577896421  0.019311435425  0.021372344345  0.021388324351  0.039275839923  0.040321470111  0.011098101326  0.009058451967  0.003006080519  
rollulus_rouloul 0.011091766879  0.000000000000  0.035048467496  0.007039140598  0.007044297264  0.016224615479  0.012128132111  0.012128132111  0.012128132111  0.021388324351  0.014178788054  0.016224615479  0.016238158990  0.033981513125  0.037159011348  0.006031792027  0.004011203029  0.008052672324  
cyrtonyx_montezumae 0.040352201703  0.035048467496  0.000000000000  0.033981513125  0.034009986814  0.043631873088  0.039339933893  0.039339933893  0.039339933893  0.046861069161  0.041500003947  0.043631873088  0.041500003947  0.060041154327  0.065615750797  0.032944169936  0.032916902853  0.037189449979  
lophophorus_impejanus 0.012111632792  0.007039140598  0.033981513125  0.000000000000  0.006031792027  0.015194964629  0.011106049272  0.011106049272  0.011106049272  0.020348767196  0.013152375321  0.015194964629  0.015207379521  0.032916902853  0.033954718091  0.005021397979  0.005018414735  0.009068328387  
melgal2    0.012119074498  0.007044297264  0.034009986814  0.006031792027  0.000000000000  0.015207379521  0.011115607766  0.011115607766  0.011115607766  0.020365237918  0.013164162686  0.015207379521  0.015221414712  0.032944169936  0.036117776309  0.005025974632  0.005021397979  0.009075676727  
catreus_wallichi 0.021372344345  0.016224615479  0.043631873088  0.015194964629  0.015207379521  0.000000000000  0.004013106335  0.004013106335  0.004013106335  0.013142203349  0.006031792027  0.008052672324  0.018290504085  0.036088557573  0.043595707031  0.014178788054  0.014167496999  0.018290504085  
lophura_swinhoii 0.017243410071  0.012128132111  0.039339933893  0.011106049272  0.011115607766  0.004013106335  0.000000000000  0.000000000000  0.000000000000  0.009068328387  0.002004138720  0.004013106335  0.014178788054  0.031854626401  0.039307039204  0.010094568802  0.010086117709  0.014178788054  
crossoptilon_crossoptilon 0.017243410071  0.012128132111  0.039339933893  0.011106049272  0.011115607766  0.004013106335  0.000000000000  0.000000000000  0.000000000000  0.009068328387  0.002004138720  0.004013106335  0.014178788054  0.031854626401  0.039307039204  0.010094568802  0.010086117709  0.014178788054  
lophura_inornata 0.017243410071  0.012128132111  0.039339933893  0.011106049272  0.011115607766  0.004013106335  0.000000000000  0.000000000000  0.000000000000  0.009068328387  0.002004138720  0.004013106335  0.014178788054  0.031854626401  0.039307039204  0.010094568802  0.010086117709  0.014178788054  
chrysolophus_pictus 0.026577896421  0.021388324351  0.046861069161  0.020348767196  0.020365237918  0.013142203349  0.009068328387  0.009068328387  0.009068328387  0.000000000000  0.011106049272  0.013142203349  0.021388324351  0.038201863713  0.049009489369  0.019326760617  0.019311435425  0.023474153156  
phasianus_colchicus 0.019311435425  0.014178788054  0.041500003947  0.013152375321  0.013164162686  0.006031792027  0.002004138720  0.002004138720  0.002004138720  0.011106049272  0.000000000000  0.006031792027  0.016238158990  0.033981513125  0.041464631267  0.012138802686  0.012128132111  0.016238158990  
lophura_nycthemera 0.021372344345  0.016224615479  0.043631873088  0.015194964629  0.015207379521  0.008052672324  0.004013106335  0.004013106335  0.004013106335  0.013142203349  0.006031792027  0.000000000000  0.017256458845  0.035020463280  0.043595707031  0.014178788054  0.014167496999  0.018290504085  
syrmaticus_ellioti 0.021388324351  0.016238158990  0.041500003947  0.015207379521  0.015221414712  0.018290504085  0.014178788054  0.014178788054  0.014178788054  0.021388324351  0.016238158990  0.017256458845  0.000000000000  0.019311435425  0.043631873088  0.014191696948  0.014178788054  0.018306319310  
syrmaticus_reevesii 0.039275839923  0.033981513125  0.060041154327  0.032916902853  0.032944169936  0.036088557573  0.031854626401  0.031854626401  0.031854626401  0.038201863713  0.033981513125  0.035020463280  0.019311435425  0.000000000000  0.062232961046  0.031880692166  0.031854626401  0.036117776309  
perdix_dauuricae 0.040321470111  0.037159011348  0.065615750797  0.033954718091  0.036117776309  0.043595707031  0.039307039204  0.039307039204  0.039307039204  0.049009489369  0.041464631267  0.043595707031  0.043631873088  0.062232961046  0.000000000000  0.035048467496  0.035020463280  0.037159011348  
tragopan_blythii 0.011098101326  0.006031792027  0.032944169936  0.005021397979  0.005025974632  0.014178788054  0.010094568802  0.010094568802  0.010094568802  0.019326760617  0.012138802686  0.014178788054  0.014191696948  0.031880692166  0.035048467496  0.000000000000  0.004013106335  0.008058922532  
galgal4    0.009058451967  0.004011203029  0.032916902853  0.005018414735  0.005021397979  0.014167496999  0.010086117709  0.010086117709  0.010086117709  0.019311435425  0.012128132111  0.014167496999  0.014178788054  0.031854626401  0.035020463280  0.004013106335  0.000000000000  0.006027724339  
alectoris_rufa 0.003006080519  0.008052672324  0.037189449979  0.009068328387  0.009075676727  0.018290504085  0.014178788054  0.014178788054  0.014178788054  0.023474153156  0.016238158990  0.018290504085  0.018306319310  0.036117776309  0.037159011348  0.008058922532  0.006027724339  0.000000000000  

