18
syrmaticus_reevesii 0.000000000000  0.013154167067  0.003009453975  0.003009453975  0.009076611292  0.007044821302  0.010080016482  0.010080016482  0.005026334913  0.008053206576  0.012106605239  0.003009453975  0.003009453975  0.003009453975  0.003009453975  0.003009453975  0.003009453975  0.003009453975  
rollulus_rouloul 0.013154167067  0.000000000000  0.010087063161  0.010087063161  0.016227147618  0.014169307595  0.017234206504  0.017234206504  0.012129610816  0.015186008919  0.020311876990  0.010087063161  0.010087063161  0.010087063161  0.010087063161  0.010087063161  0.010087063161  0.010087063161  
phasianus_colchicus 0.003009453975  0.010087063161  0.000000000000  0.000000000000  0.006032155843  0.004013238541  0.007035844299  0.007035844299  0.002004195885  0.005018556600  0.010070867865  0.000000000000  0.000000000000  0.000000000000  0.000000000000  0.000000000000  0.000000000000  0.000000000000  
syrmaticus_ellioti 0.003009453975  0.010087063161  0.000000000000  0.000000000000  0.006032155843  0.004013238541  0.007035844299  0.007035844299  0.002004195885  0.005018556600  0.010070867865  0.000000000000  0.000000000000  0.000000000000  0.000000000000  0.000000000000  0.000000000000  0.000000000000  
galgal4    0.009076611292  0.016227147618  0.006032155843  0.006032155843  0.000000000000  0.008053206576  0.013134888499  0.013134888499  0.008059636736  0.011099064139  0.016195341971  0.006032155843  0.006032155843  0.006032155843  0.006032155843  0.006032155843  0.006032155843  0.006032155843  
cyrtonyx_montezumae 0.007044821302  0.014169307595  0.004013238541  0.004013238541  0.008053206576  0.000000000000  0.011092532099  0.011092532099  0.006032155843  0.009063136749  0.014144414414  0.004013238541  0.004013238541  0.004013238541  0.004013238541  0.004013238541  0.004013238541  0.004013238541  
catreus_wallichi 0.010080016482  0.017234206504  0.007035844299  0.007035844299  0.013134888499  0.011092532099  0.000000000000  0.000000000000  0.009063136749  0.011099064139  0.013122241208  0.007035844299  0.007035844299  0.007035844299  0.007035844299  0.007035844299  0.007035844299  0.007035844299  
crossoptilon_crossoptilon 0.010080016482  0.017234206504  0.007035844299  0.007035844299  0.013134888499  0.011092532099  0.000000000000  0.000000000000  0.009063136749  0.011099064139  0.013122241208  0.007035844299  0.007035844299  0.007035844299  0.007035844299  0.007035844299  0.007035844299  0.007035844299  
chrysolophus_pictus 0.005026334913  0.012129610816  0.002004195885  0.002004195885  0.008059636736  0.006032155843  0.009063136749  0.009063136749  0.000000000000  0.007039514382  0.012106605239  0.002004195885  0.002004195885  0.002004195885  0.002004195885  0.002004195885  0.002004195885  0.002004195885  
melgal2    0.008053206576  0.015186008919  0.005018556600  0.005018556600  0.011099064139  0.009063136749  0.011099064139  0.011099064139  0.007039514382  0.000000000000  0.014151049797  0.005018556600  0.005018556600  0.005018556600  0.005018556600  0.005018556600  0.005018556600  0.005018556600  
tragopan_blythii 0.012106605239  0.020311876990  0.010070867865  0.010070867865  0.016195341971  0.014144414414  0.013122241208  0.013122241208  0.012106605239  0.014151049797  0.000000000000  0.010070867865  0.010070867865  0.010070867865  0.010070867865  0.010070867865  0.010070867865  0.010070867865  
lophophorus_impejanus 0.003009453975  0.010087063161  0.000000000000  0.000000000000  0.006032155843  0.004013238541  0.007035844299  0.007035844299  0.002004195885  0.005018556600  0.010070867865  0.000000000000  0.000000000000  0.000000000000  0.000000000000  0.000000000000  0.000000000000  0.000000000000  
lophura_swinhoii 0.003009453975  0.010087063161  0.000000000000  0.000000000000  0.006032155843  0.004013238541  0.007035844299  0.007035844299  0.002004195885  0.005018556600  0.010070867865  0.000000000000  0.000000000000  0.000000000000  0.000000000000  0.000000000000  0.000000000000  0.000000000000  
pavo_cristatus 0.003009453975  0.010087063161  0.000000000000  0.000000000000  0.006032155843  0.004013238541  0.007035844299  0.007035844299  0.002004195885  0.005018556600  0.010070867865  0.000000000000  0.000000000000  0.000000000000  0.000000000000  0.000000000000  0.000000000000  0.000000000000  
lophura_inornata 0.003009453975  0.010087063161  0.000000000000  0.000000000000  0.006032155843  0.004013238541  0.007035844299  0.007035844299  0.002004195885  0.005018556600  0.010070867865  0.000000000000  0.000000000000  0.000000000000  0.000000000000  0.000000000000  0.000000000000  0.000000000000  
lophura_nycthemera 0.003009453975  0.010087063161  0.000000000000  0.000000000000  0.006032155843  0.004013238541  0.007035844299  0.007035844299  0.002004195885  0.005018556600  0.010070867865  0.000000000000  0.000000000000  0.000000000000  0.000000000000  0.000000000000  0.000000000000  0.000000000000  
perdix_dauuricae 0.003009453975  0.010087063161  0.000000000000  0.000000000000  0.006032155843  0.004013238541  0.007035844299  0.007035844299  0.002004195885  0.005018556600  0.010070867865  0.000000000000  0.000000000000  0.000000000000  0.000000000000  0.000000000000  0.000000000000  0.000000000000  
alectoris_rufa 0.003009453975  0.010087063161  0.000000000000  0.000000000000  0.006032155843  0.004013238541  0.007035844299  0.007035844299  0.002004195885  0.005018556600  0.010070867865  0.000000000000  0.000000000000  0.000000000000  0.000000000000  0.000000000000  0.000000000000  0.000000000000  

