18
catreus_wallichi 0.000000000000  0.017248375866  0.017248375866  0.017248375866  0.030677737063  0.018235222321  0.028647522233  0.020316850360  0.031819820828  0.016216247668  0.016216247668  0.022409866833  0.016216247668  0.025570633714  0.016216247668  0.016216247668  0.014159218525  0.021383795027  
lophura_nycthemera 0.017248375866  0.000000000000  0.000000000000  0.000000000000  0.021333150082  0.011091575294  0.021401244901  0.015210813648  0.025549554298  0.009093217729  0.009093217729  0.013165512251  0.009093217729  0.018355298493  0.009093217729  0.009093217729  0.007056217915  0.014209941415  
lophura_inornata 0.017248375866  0.000000000000  0.000000000000  0.000000000000  0.021333150082  0.011091575294  0.021401244901  0.015210813648  0.025549554298  0.009093217729  0.009093217729  0.013165512251  0.009093217729  0.018355298493  0.009093217729  0.009093217729  0.007056217915  0.014209941415  
lophura_swinhoii 0.017248375866  0.000000000000  0.000000000000  0.000000000000  0.021333150082  0.011091575294  0.021401244901  0.015210813648  0.025549554298  0.009093217729  0.009093217729  0.013165512251  0.009093217729  0.018355298493  0.009093217729  0.009093217729  0.007056217915  0.014209941415  
rollulus_rouloul 0.030677737063  0.021333150082  0.021333150082  0.021333150082  0.000000000000  0.020291580567  0.034904550411  0.028600805699  0.035934415000  0.022370653460  0.022370653460  0.028614424139  0.022370653460  0.029683486280  0.022370653460  0.022370653460  0.020298084707  0.027579021795  
perdix_dauuricae 0.018235222321  0.011091575294  0.011091575294  0.011091575294  0.020291580567  0.000000000000  0.022370653460  0.016189985927  0.026517762051  0.010073756849  0.010073756849  0.016196843054  0.010073756849  0.018269577583  0.010073756849  0.010073756849  0.008045148578  0.015177223487  
cyrtonyx_montezumae 0.028647522233  0.021401244901  0.021401244901  0.021401244901  0.034904550411  0.022370653460  0.000000000000  0.018298178251  0.037102321540  0.020359351215  0.020359351215  0.026601109770  0.020359351215  0.029797651512  0.020359351215  0.020359351215  0.018282928233  0.025570633714  
pavo_cristatus 0.020316850360  0.015210813648  0.015210813648  0.015210813648  0.028600805699  0.016189985927  0.018298178251  0.000000000000  0.030759847405  0.014180819960  0.014180819960  0.020359351215  0.014180819960  0.023514587646  0.014180819960  0.014180819960  0.012128030032  0.019336529750  
galgal4    0.031819820828  0.025549554298  0.025549554298  0.025549554298  0.035934415000  0.026517762051  0.037102321540  0.030759847405  0.000000000000  0.024500503237  0.024500503237  0.030782150583  0.024500503237  0.034002612483  0.024500503237  0.024500503237  0.022409866833  0.029746139563  
chrysolophus_pictus 0.016216247668  0.009093217729  0.009093217729  0.009093217729  0.022370653460  0.010073756849  0.020359351215  0.014180819960  0.024500503237  0.000000000000  0.000000000000  0.006029526832  0.000000000000  0.009082510794  0.000000000000  0.000000000000  0.004018272836  0.013179669250  
syrmaticus_reevesii 0.016216247668  0.009093217729  0.009093217729  0.009093217729  0.022370653460  0.010073756849  0.020359351215  0.014180819960  0.024500503237  0.000000000000  0.000000000000  0.006029526832  0.000000000000  0.009082510794  0.000000000000  0.000000000000  0.004018272836  0.013179669250  
melgal2    0.022409866833  0.013165512251  0.013165512251  0.013165512251  0.028614424139  0.016196843054  0.026601109770  0.020359351215  0.030782150583  0.006029526832  0.006029526832  0.000000000000  0.006029526832  0.015210813648  0.006029526832  0.006029526832  0.010093066035  0.019355043654  
tragopan_blythii 0.016216247668  0.009093217729  0.009093217729  0.009093217729  0.022370653460  0.010073756849  0.020359351215  0.014180819960  0.024500503237  0.000000000000  0.000000000000  0.006029526832  0.000000000000  0.009082510794  0.000000000000  0.000000000000  0.004018272836  0.013179669250  
syrmaticus_ellioti 0.025570633714  0.018355298493  0.018355298493  0.018355298493  0.029683486280  0.018269577583  0.029797651512  0.023514587646  0.034002612483  0.009082510794  0.009082510794  0.015210813648  0.009082510794  0.000000000000  0.009082510794  0.009082510794  0.013179669250  0.020419011204  
crossoptilon_crossoptilon 0.016216247668  0.009093217729  0.009093217729  0.009093217729  0.022370653460  0.010073756849  0.020359351215  0.014180819960  0.024500503237  0.000000000000  0.000000000000  0.006029526832  0.000000000000  0.009082510794  0.000000000000  0.000000000000  0.004018272836  0.013179669250  
phasianus_colchicus 0.016216247668  0.009093217729  0.009093217729  0.009093217729  0.022370653460  0.010073756849  0.020359351215  0.014180819960  0.024500503237  0.000000000000  0.000000000000  0.006029526832  0.000000000000  0.009082510794  0.000000000000  0.000000000000  0.004018272836  0.013179669250  
lophophorus_impejanus 0.014159218525  0.007056217915  0.007056217915  0.007056217915  0.020298084707  0.008045148578  0.018282928233  0.012128030032  0.022409866833  0.004018272836  0.004018272836  0.010093066035  0.004018272836  0.013179669250  0.004018272836  0.004018272836  0.000000000000  0.011126326253  
alectoris_rufa 0.021383795027  0.014209941415  0.014209941415  0.014209941415  0.027579021795  0.015177223487  0.025570633714  0.019336529750  0.029746139563  0.013179669250  0.013179669250  0.019355043654  0.013179669250  0.020419011204  0.013179669250  0.013179669250  0.011126326253  0.000000000000  

