18
syrmaticus_reevesii 0.000000000000  0.000000000000  0.000000000000  0.000000000000  0.000000000000  0.001001017866  0.000000000000  0.001000756388  0.001001017866  0.004012961783  0.000000000000  0.000000000000  0.002003028949  0.006036893832  0.000000000000  0.000000000000  0.002004077000  0.000000000000  
crossoptilon_crossoptilon 0.000000000000  0.000000000000  0.000000000000  0.000000000000  0.000000000000  0.001001017866  0.000000000000  0.001000756388  0.001001017866  0.004012961783  0.000000000000  0.000000000000  0.002003028949  0.006036893832  0.000000000000  0.000000000000  0.002004077000  0.000000000000  
lophophorus_impejanus 0.000000000000  0.000000000000  0.000000000000  0.000000000000  0.000000000000  0.001001017866  0.000000000000  0.001000756388  0.001001017866  0.004012961783  0.000000000000  0.000000000000  0.002003028949  0.006036893832  0.000000000000  0.000000000000  0.002004077000  0.000000000000  
melgal2    0.000000000000  0.000000000000  0.000000000000  0.000000000000  0.000000000000  0.001001017866  0.000000000000  0.001000756388  0.001001017866  0.004012961783  0.000000000000  0.000000000000  0.002003028949  0.006036893832  0.000000000000  0.000000000000  0.002004077000  0.000000000000  
galgal4    0.000000000000  0.000000000000  0.000000000000  0.000000000000  0.000000000000  0.001001017866  0.000000000000  0.001000756388  0.001001017866  0.004012961783  0.000000000000  0.000000000000  0.002003028949  0.006036893832  0.000000000000  0.000000000000  0.002004077000  0.000000000000  
phasianus_colchicus 0.001001017866  0.001001017866  0.001001017866  0.001001017866  0.001001017866  0.000000000000  0.001001017866  0.002002776701  0.002004077000  0.005021143337  0.001001017866  0.001001017866  0.003006053719  0.007050285469  0.001001017866  0.001001017866  0.003009185745  0.001001017866  
chrysolophus_pictus 0.000000000000  0.000000000000  0.000000000000  0.000000000000  0.000000000000  0.001001017866  0.000000000000  0.001000756388  0.001001017866  0.004012961783  0.000000000000  0.000000000000  0.002003028949  0.006036893832  0.000000000000  0.000000000000  0.002004077000  0.000000000000  
syrmaticus_ellioti 0.001000756388  0.001000756388  0.001000756388  0.001000756388  0.001000756388  0.002002776701  0.001000756388  0.000000000000  0.002002776701  0.005018260060  0.001000756388  0.001000756388  0.003006822797  0.007043726827  0.001000756388  0.001000756388  0.003006842377  0.001000756388  
rollulus_rouloul 0.001001017866  0.001001017866  0.001001017866  0.001001017866  0.001001017866  0.002004077000  0.001001017866  0.002002776701  0.000000000000  0.005021143337  0.001001017866  0.001001017866  0.003006053719  0.007050285469  0.001001017866  0.001001017866  0.003009185745  0.001001017866  
lophura_swinhoii 0.004012961783  0.004012961783  0.004012961783  0.004012961783  0.004012961783  0.005021143337  0.004012961783  0.005018260060  0.005021143337  0.000000000000  0.004012961783  0.004012961783  0.006025085709  0.010093281648  0.004012961783  0.004012961783  0.006031395511  0.004012961783  
lophura_nycthemera 0.000000000000  0.000000000000  0.000000000000  0.000000000000  0.000000000000  0.001001017866  0.000000000000  0.001000756388  0.001001017866  0.004012961783  0.000000000000  0.000000000000  0.002003028949  0.006036893832  0.000000000000  0.000000000000  0.002004077000  0.000000000000  
catreus_wallichi 0.000000000000  0.000000000000  0.000000000000  0.000000000000  0.000000000000  0.001001017866  0.000000000000  0.001000756388  0.001001017866  0.004012961783  0.000000000000  0.000000000000  0.002003028949  0.006036893832  0.000000000000  0.000000000000  0.002004077000  0.000000000000  
perdix_dauuricae 0.002003028949  0.002003028949  0.002003028949  0.002003028949  0.002003028949  0.003006053719  0.002003028949  0.003006822797  0.003006053719  0.006025085709  0.002003028949  0.002003028949  0.000000000000  0.008052088240  0.002003028949  0.002003028949  0.004011127959  0.002003028949  
pavo_cristatus 0.006036893832  0.006036893832  0.006036893832  0.006036893832  0.006036893832  0.007050285469  0.006036893832  0.007043726827  0.007050285469  0.010093281648  0.006036893832  0.006036893832  0.008052088240  0.000000000000  0.006036893832  0.006036893832  0.008065769205  0.006036893832  
tragopan_blythii 0.000000000000  0.000000000000  0.000000000000  0.000000000000  0.000000000000  0.001001017866  0.000000000000  0.001000756388  0.001001017866  0.004012961783  0.000000000000  0.000000000000  0.002003028949  0.006036893832  0.000000000000  0.000000000000  0.002004077000  0.000000000000  
lophura_inornata 0.000000000000  0.000000000000  0.000000000000  0.000000000000  0.000000000000  0.001001017866  0.000000000000  0.001000756388  0.001001017866  0.004012961783  0.000000000000  0.000000000000  0.002003028949  0.006036893832  0.000000000000  0.000000000000  0.002004077000  0.000000000000  
cyrtonyx_montezumae 0.002004077000  0.002004077000  0.002004077000  0.002004077000  0.002004077000  0.003009185745  0.002004077000  0.003006842377  0.003009185745  0.006031395511  0.002004077000  0.002004077000  0.004011127959  0.008065769205  0.002004077000  0.002004077000  0.000000000000  0.002004077000  
alectoris_rufa 0.000000000000  0.000000000000  0.000000000000  0.000000000000  0.000000000000  0.001001017866  0.000000000000  0.001000756388  0.001001017866  0.004012961783  0.000000000000  0.000000000000  0.002003028949  0.006036893832  0.000000000000  0.000000000000  0.002004077000  0.000000000000  

