18
cyrtonyx_montezumae 0.000000000000  0.023376512667  0.038031179478  0.021313027985  0.036942581557  0.026506011777  0.023383457217  0.023383457217  0.024413923769  0.023383457217  0.027515020443  0.023383457217  0.023383457217  0.023383457217  0.023383457217  0.024422044171  0.022347121735  0.022347121735  
perdix_dauuricae 0.023376512667  0.000000000000  0.021361498121  0.002002813212  0.019268554856  0.007044818268  0.004013238420  0.004013238420  0.005018558152  0.004013238420  0.008043773759  0.004013238420  0.004013238420  0.004013238420  0.004013238420  0.005021630457  0.003006968977  0.003006968977  
rollulus_rouloul 0.038031179478  0.021361498121  0.000000000000  0.019300747587  0.037041696516  0.024506515044  0.021376256953  0.021376256953  0.022401460091  0.021376256953  0.025486622213  0.021376256953  0.021376256953  0.021376256953  0.021376256953  0.022417400567  0.020337375897  0.020337375897  
syrmaticus_reevesii 0.021313027985  0.002002813212  0.019300747587  0.000000000000  0.017215717641  0.005026331447  0.002004195335  0.002004195335  0.003006968977  0.002004195335  0.006024502743  0.002004195335  0.002004195335  0.002004195335  0.002004195335  0.003009452734  0.001001047368  0.001001047368  
lophophorus_impejanus 0.036942581557  0.019268554856  0.037041696516  0.017215717641  0.000000000000  0.016188099414  0.015162685404  0.015162685404  0.016182517874  0.015162685404  0.019251527034  0.015162685404  0.015162685404  0.015162685404  0.015162685404  0.020311892902  0.018245549582  0.018245549582  
tragopan_blythii 0.026506011777  0.007044818268  0.024506515044  0.005026331447  0.016188099414  0.000000000000  0.003009452734  0.003009452734  0.004013238420  0.003009452734  0.006024502743  0.003009452734  0.003009452734  0.003009452734  0.003009452734  0.008067694357  0.006037970711  0.006037970711  
crossoptilon_crossoptilon 0.023383457217  0.004013238420  0.021376256953  0.002004195335  0.015162685404  0.003009452734  0.000000000000  0.000000000000  0.001000762263  0.000000000000  0.004012237596  0.000000000000  0.000000000000  0.000000000000  0.000000000000  0.005026331447  0.003009452734  0.003009452734  
lophura_nycthemera 0.023383457217  0.004013238420  0.021376256953  0.002004195335  0.015162685404  0.003009452734  0.000000000000  0.000000000000  0.001000762263  0.000000000000  0.004012237596  0.000000000000  0.000000000000  0.000000000000  0.000000000000  0.005026331447  0.003009452734  0.003009452734  
phasianus_colchicus 0.024413923769  0.005018558152  0.022401460091  0.003006968977  0.016182517874  0.004013238420  0.001000762263  0.001000762263  0.000000000000  0.001000762263  0.005019142918  0.001000762263  0.001000762263  0.001000762263  0.001000762263  0.006032154063  0.004013238420  0.004013238420  
syrmaticus_ellioti 0.023383457217  0.004013238420  0.021376256953  0.002004195335  0.015162685404  0.003009452734  0.000000000000  0.000000000000  0.001000762263  0.000000000000  0.004012237596  0.000000000000  0.000000000000  0.000000000000  0.000000000000  0.005026331447  0.003009452734  0.003009452734  
lophura_inornata 0.027515020443  0.008043773759  0.025486622213  0.006024502743  0.019251527034  0.006024502743  0.004012237596  0.004012237596  0.005019142918  0.004012237596  0.000000000000  0.004012237596  0.004012237596  0.004012237596  0.004012237596  0.009058871775  0.007033820580  0.007033820580  
lophura_swinhoii 0.023383457217  0.004013238420  0.021376256953  0.002004195335  0.015162685404  0.003009452734  0.000000000000  0.000000000000  0.001000762263  0.000000000000  0.004012237596  0.000000000000  0.000000000000  0.000000000000  0.000000000000  0.005026331447  0.003009452734  0.003009452734  
catreus_wallichi 0.023383457217  0.004013238420  0.021376256953  0.002004195335  0.015162685404  0.003009452734  0.000000000000  0.000000000000  0.001000762263  0.000000000000  0.004012237596  0.000000000000  0.000000000000  0.000000000000  0.000000000000  0.005026331447  0.003009452734  0.003009452734  
chrysolophus_pictus 0.023383457217  0.004013238420  0.021376256953  0.002004195335  0.015162685404  0.003009452734  0.000000000000  0.000000000000  0.001000762263  0.000000000000  0.004012237596  0.000000000000  0.000000000000  0.000000000000  0.000000000000  0.005026331447  0.003009452734  0.003009452734  
melgal2    0.023383457217  0.004013238420  0.021376256953  0.002004195335  0.015162685404  0.003009452734  0.000000000000  0.000000000000  0.001000762263  0.000000000000  0.004012237596  0.000000000000  0.000000000000  0.000000000000  0.000000000000  0.005026331447  0.003009452734  0.003009452734  
pavo_cristatus 0.024422044171  0.005021630457  0.022417400567  0.003009452734  0.020311892902  0.008067694357  0.005026331447  0.005026331447  0.006032154063  0.005026331447  0.009058871775  0.005026331447  0.005026331447  0.005026331447  0.005026331447  0.000000000000  0.002004195335  0.002004195335  
galgal4    0.022347121735  0.003006968977  0.020337375897  0.001001047368  0.018245549582  0.006037970711  0.003009452734  0.003009452734  0.004013238420  0.003009452734  0.007033820580  0.003009452734  0.003009452734  0.003009452734  0.003009452734  0.002004195335  0.000000000000  0.000000000000  
alectoris_rufa 0.022347121735  0.003006968977  0.020337375897  0.001001047368  0.018245549582  0.006037970711  0.003009452734  0.003009452734  0.004013238420  0.003009452734  0.007033820580  0.003009452734  0.003009452734  0.003009452734  0.003009452734  0.002004195335  0.000000000000  0.000000000000  

