18
cyrtonyx_montezumae 0.000000000000  0.064214209950  0.059638666721  0.061935518489  0.048792033566  0.057462089157  0.054226087345  0.049824165740  0.052033957311  0.047734122953  0.051004144472  0.047734122953  0.049851616664  0.047734122953  0.053161718315  0.064048800677  0.054333851963  0.043488732134  
rollulus_rouloul 0.064214209950  0.000000000000  0.071790732284  0.071877624523  0.059638666721  0.066285875476  0.065166057998  0.060679236112  0.062934091833  0.058566772137  0.061895883357  0.058566772137  0.060712273257  0.058566772137  0.061858016116  0.075148069178  0.066415143601  0.060747081545  
melgal2    0.059638666721  0.071790732284  0.000000000000  0.034941521014  0.022369886603  0.030692456935  0.028621157593  0.027557696596  0.025480366290  0.021343699104  0.024464574096  0.021343699104  0.023397663943  0.021343699104  0.026539847152  0.043433111732  0.046648960215  0.050795522066  
perdix_dauuricae 0.061935518489  0.071877624523  0.034941521014  0.000000000000  0.021385772482  0.029710735228  0.027645616336  0.026574366637  0.024497796000  0.020362662479  0.023490477542  0.020362662479  0.022410457508  0.021370122128  0.027624740630  0.041332615369  0.046708509812  0.050837232108  
crossoptilon_crossoptilon 0.048792033566  0.059638666721  0.022369886603  0.021385772482  0.000000000000  0.010070259700  0.008047831744  0.007033585232  0.005017009351  0.001000759808  0.004013032023  0.001000759808  0.003006853710  0.007035467628  0.015183151873  0.030726289102  0.033879833826  0.037993261281  
chrysolophus_pictus 0.057462089157  0.066285875476  0.030692456935  0.029710735228  0.010070259700  0.000000000000  0.016192959501  0.015161111710  0.013121059879  0.009058271261  0.012111116050  0.009058271261  0.011083802339  0.015166845920  0.023422066361  0.038093536810  0.040209746727  0.046494724964  
syrmaticus_reevesii 0.054226087345  0.065166057998  0.028621157593  0.027645616336  0.008047831744  0.016192959501  0.000000000000  0.013126218933  0.011091380643  0.007038935899  0.010085570807  0.007038935899  0.009058271261  0.013132983758  0.021370122128  0.037071840135  0.037048712220  0.043307238654  
phasianus_colchicus 0.049824165740  0.060679236112  0.027557696596  0.026574366637  0.007033585232  0.015161111710  0.013126218933  0.000000000000  0.004013032023  0.006025196376  0.009062297412  0.006025196376  0.008043518847  0.012105441047  0.020319096020  0.035983578486  0.038093536810  0.043292270573  
lophura_inornata 0.052033957311  0.062934091833  0.025480366290  0.024497796000  0.005017009351  0.013121059879  0.011091380643  0.004013032023  0.000000000000  0.004011176950  0.007038935899  0.004011176950  0.006024379219  0.010073768655  0.018262338478  0.033879833826  0.037048712220  0.041170376679  
catreus_wallichi 0.047734122953  0.058566772137  0.021343699104  0.020362662479  0.001000759808  0.009058271261  0.007038935899  0.006025196376  0.004011176950  0.000000000000  0.003009246138  0.000000000000  0.002003042657  0.006027597156  0.014166456972  0.029690835531  0.032840528126  0.036945362397  
syrmaticus_ellioti 0.051004144472  0.061895883357  0.024464574096  0.023490477542  0.004013032023  0.012111116050  0.010085570807  0.009062297412  0.007038935899  0.003009246138  0.000000000000  0.003009246138  0.005018347043  0.009067913981  0.017254739428  0.032862272830  0.036029136669  0.040133384091  
lophura_swinhoii 0.047734122953  0.058566772137  0.021343699104  0.020362662479  0.001000759808  0.009058271261  0.007038935899  0.006025196376  0.004011176950  0.000000000000  0.003009246138  0.000000000000  0.002003042657  0.006027597156  0.014166456972  0.029690835531  0.032840528126  0.036945362397  
lophura_nycthemera 0.049851616664  0.060712273257  0.023397663943  0.022410457508  0.003006853710  0.011083802339  0.009058271261  0.008043518847  0.006024379219  0.002003042657  0.005018347043  0.002003042657  0.000000000000  0.008044879692  0.016201408498  0.031763354086  0.034920761234  0.039042817740  
lophophorus_impejanus 0.047734122953  0.058566772137  0.021343699104  0.021370122128  0.007035467628  0.015166845920  0.013132983758  0.012105441047  0.010073768655  0.006027597156  0.009067913981  0.006027597156  0.008044879692  0.000000000000  0.014166456972  0.029690835531  0.032840528126  0.036945362397  
tragopan_blythii 0.053161718315  0.061858016116  0.026539847152  0.027624740630  0.015183151873  0.023422066361  0.021370122128  0.020319096020  0.018262338478  0.014166456972  0.017254739428  0.014166456972  0.016201408498  0.014166456972  0.000000000000  0.036029136669  0.039211486498  0.043323929484  
galgal4    0.064048800677  0.075148069178  0.043433111732  0.041332615369  0.030726289102  0.038093536810  0.037071840135  0.035983578486  0.033879833826  0.029690835531  0.032862272830  0.029690835531  0.031763354086  0.029690835531  0.036029136669  0.000000000000  0.050971991951  0.054035720784  
pavo_cristatus 0.054333851963  0.066415143601  0.046648960215  0.046708509812  0.033879833826  0.040209746727  0.037048712220  0.038093536810  0.037048712220  0.032840528126  0.036029136669  0.032840528126  0.034920761234  0.032840528126  0.039211486498  0.050971991951  0.000000000000  0.044438025226  
alectoris_rufa 0.043488732134  0.060747081545  0.050795522066  0.050837232108  0.037993261281  0.046494724964  0.043307238654  0.043292270573  0.041170376679  0.036945362397  0.040133384091  0.036945362397  0.039042817740  0.036945362397  0.043323929484  0.054035720784  0.044438025226  0.000000000000  

