18
cyrtonyx_montezumae 0.000000000000  0.031903598091  0.032887264652  0.035019338256  0.032887264652  0.032887264652  0.032887264652  0.034992798941  0.047864239273  0.032887264652  0.032887264652  0.032887264652  0.032887264652  0.032887264652  0.032887264652  0.033979108031  0.039281710636  0.031849296969  
pavo_cristatus 0.031903598091  0.000000000000  0.009057496627  0.011090059965  0.009057496627  0.009057496627  0.009057496627  0.011086355837  0.024457914732  0.009057496627  0.009057496627  0.009057496627  0.009057496627  0.009057496627  0.009057496627  0.009060511273  0.014148612740  0.008046395377  
tragopan_blythii 0.032887264652  0.009057496627  0.000000000000  0.002004427681  0.000000000000  0.000000000000  0.000000000000  0.002002882396  0.015193345825  0.000000000000  0.000000000000  0.000000000000  0.000000000000  0.000000000000  0.000000000000  0.011084469323  0.016182543173  0.011084469323  
chrysolophus_pictus 0.035019338256  0.011090059965  0.002004427681  0.000000000000  0.002004427681  0.002004427681  0.002004427681  0.004013766892  0.017256212925  0.002004427681  0.002004427681  0.002004427681  0.002004427681  0.002004427681  0.002004427681  0.013121157927  0.018237257876  0.013121157927  
syrmaticus_ellioti 0.032887264652  0.009057496627  0.000000000000  0.002004427681  0.000000000000  0.000000000000  0.000000000000  0.002002882396  0.015193345825  0.000000000000  0.000000000000  0.000000000000  0.000000000000  0.000000000000  0.000000000000  0.011084469323  0.016182543173  0.011084469323  
catreus_wallichi 0.032887264652  0.009057496627  0.000000000000  0.002004427681  0.000000000000  0.000000000000  0.000000000000  0.002002882396  0.015193345825  0.000000000000  0.000000000000  0.000000000000  0.000000000000  0.000000000000  0.000000000000  0.011084469323  0.016182543173  0.011084469323  
phasianus_colchicus 0.032887264652  0.009057496627  0.000000000000  0.002004427681  0.000000000000  0.000000000000  0.000000000000  0.002002882396  0.015193345825  0.000000000000  0.000000000000  0.000000000000  0.000000000000  0.000000000000  0.000000000000  0.011084469323  0.016182543173  0.011084469323  
perdix_dauuricae 0.034992798941  0.011086355837  0.002002882396  0.004013766892  0.002002882396  0.002002882396  0.002002882396  0.000000000000  0.015182750346  0.002002882396  0.002002882396  0.002002882396  0.002002882396  0.002002882396  0.002002882396  0.013118583759  0.018232007116  0.013118583759  
melgal2    0.047864239273  0.024457914732  0.015193345825  0.017256212925  0.015193345825  0.015193345825  0.015193345825  0.015182750346  0.000000000000  0.015193345825  0.015193345825  0.015193345825  0.015193345825  0.015193345825  0.015193345825  0.026521075691  0.031746653262  0.026521075691  
syrmaticus_reevesii 0.032887264652  0.009057496627  0.000000000000  0.002004427681  0.000000000000  0.000000000000  0.000000000000  0.002002882396  0.015193345825  0.000000000000  0.000000000000  0.000000000000  0.000000000000  0.000000000000  0.000000000000  0.011084469323  0.016182543173  0.011084469323  
lophura_inornata 0.032887264652  0.009057496627  0.000000000000  0.002004427681  0.000000000000  0.000000000000  0.000000000000  0.002002882396  0.015193345825  0.000000000000  0.000000000000  0.000000000000  0.000000000000  0.000000000000  0.000000000000  0.011084469323  0.016182543173  0.011084469323  
crossoptilon_crossoptilon 0.032887264652  0.009057496627  0.000000000000  0.002004427681  0.000000000000  0.000000000000  0.000000000000  0.002002882396  0.015193345825  0.000000000000  0.000000000000  0.000000000000  0.000000000000  0.000000000000  0.000000000000  0.011084469323  0.016182543173  0.011084469323  
lophura_swinhoii 0.032887264652  0.009057496627  0.000000000000  0.002004427681  0.000000000000  0.000000000000  0.000000000000  0.002002882396  0.015193345825  0.000000000000  0.000000000000  0.000000000000  0.000000000000  0.000000000000  0.000000000000  0.011084469323  0.016182543173  0.011084469323  
lophophorus_impejanus 0.032887264652  0.009057496627  0.000000000000  0.002004427681  0.000000000000  0.000000000000  0.000000000000  0.002002882396  0.015193345825  0.000000000000  0.000000000000  0.000000000000  0.000000000000  0.000000000000  0.000000000000  0.011084469323  0.016182543173  0.011084469323  
lophura_nycthemera 0.032887264652  0.009057496627  0.000000000000  0.002004427681  0.000000000000  0.000000000000  0.000000000000  0.002002882396  0.015193345825  0.000000000000  0.000000000000  0.000000000000  0.000000000000  0.000000000000  0.000000000000  0.011084469323  0.016182543173  0.011084469323  
galgal4    0.033979108031  0.009060511273  0.011084469323  0.013121157927  0.011084469323  0.011084469323  0.011084469323  0.013118583759  0.026521075691  0.011084469323  0.011084469323  0.011084469323  0.011084469323  0.011084469323  0.011084469323  0.000000000000  0.005019121158  0.012104809981  
rollulus_rouloul 0.039281710636  0.014148612740  0.016182543173  0.018237257876  0.016182543173  0.016182543173  0.016182543173  0.018232007116  0.031746653262  0.016182543173  0.016182543173  0.016182543173  0.016182543173  0.016182543173  0.016182543173  0.005019121158  0.000000000000  0.017214552327  
alectoris_rufa 0.031849296969  0.008046395377  0.011084469323  0.013121157927  0.011084469323  0.011084469323  0.011084469323  0.013118583759  0.026521075691  0.011084469323  0.011084469323  0.011084469323  0.011084469323  0.011084469323  0.011084469323  0.012104809981  0.017214552327  0.000000000000  

