18
cyrtonyx_montezumae 0.000000000000  0.058245064192  0.042258797913  0.058323783539  0.053998028427  0.060441891915  0.059399283167  0.063827957451  0.053964043035  0.065925020782  0.053980173664  0.051812213977  0.061521910788  0.055086780483  0.064936166786  0.045408458174  0.054017603970  0.052930036244  
rollulus_rouloul 0.058245064192  0.000000000000  0.056139118781  0.070321247033  0.065925020782  0.072471226937  0.069190149342  0.074744474121  0.065888683964  0.076922745884  0.065905963275  0.064802752648  0.073568493476  0.068141334371  0.080379599525  0.058287057118  0.068119780021  0.064802752648  
pavo_cristatus 0.042258797913  0.056139118781  0.000000000000  0.028586501553  0.024433806579  0.029593255816  0.031698343957  0.038026286037  0.024414283363  0.033780974465  0.024423242051  0.023384556296  0.032729117919  0.027566316256  0.042258797913  0.018249207781  0.026534328917  0.025489051281  
phasianus_colchicus 0.058323783539  0.070321247033  0.028586501553  0.000000000000  0.006027330797  0.019263268198  0.017211404288  0.023405087367  0.010073110398  0.023376694483  0.010078075694  0.009061693928  0.018227573187  0.014175349767  0.030671843237  0.014137138479  0.034847058479  0.031688097537  
lophura_nycthemera 0.053998028427  0.065925020782  0.024433806579  0.006027330797  0.000000000000  0.015165348418  0.013125066929  0.019281440417  0.006027330797  0.019256562743  0.006031205945  0.005021021884  0.014137138479  0.010102276592  0.026507167825  0.010069700958  0.030659454909  0.027520446145  
catreus_wallichi 0.060441891915  0.072471226937  0.029593255816  0.019263268198  0.015165348418  0.000000000000  0.022341273588  0.026486448873  0.015155779826  0.028549146461  0.015159776098  0.014137138479  0.023365794003  0.019281440417  0.034835068443  0.019247928688  0.037974573758  0.034809003392  
syrmaticus_ellioti 0.059399283167  0.069190149342  0.031698343957  0.017211404288  0.013125066929  0.022341273588  0.000000000000  0.010078075694  0.013116606878  0.026472197122  0.013120052634  0.012100561666  0.021303931934  0.017228414826  0.033791832432  0.017197750201  0.037985011294  0.033764200529  
syrmaticus_reevesii 0.063827957451  0.074744474121  0.038026286037  0.023405087367  0.019281440417  0.026486448873  0.010078075694  0.000000000000  0.019263268198  0.031710225385  0.019271561782  0.018240412442  0.027520446145  0.023432007787  0.038043354270  0.023376694483  0.043329970882  0.040096244396  
lophura_swinhoii 0.053964043035  0.065888683964  0.024414283363  0.010073110398  0.006027330797  0.015155779826  0.013116606878  0.019263268198  0.000000000000  0.019247928688  0.006024996832  0.005016885710  0.014132849403  0.010084593819  0.026486448873  0.010067561893  0.030639569732  0.027507232397  
chrysolophus_pictus 0.065925020782  0.076922745884  0.033780974465  0.023376694483  0.019256562743  0.028549146461  0.026472197122  0.031710225385  0.019247928688  0.000000000000  0.019251448527  0.018223535474  0.027503067028  0.023394021627  0.039059101956  0.021303931934  0.039074010378  0.039024360176  
lophura_inornata 0.053980173664  0.065905963275  0.024423242051  0.010078075694  0.006031205945  0.015159776098  0.013120052634  0.019271561782  0.006024996832  0.019251448527  0.000000000000  0.005018184270  0.014134205467  0.010092661775  0.026496001527  0.010067850429  0.030648696014  0.027513026513  
crossoptilon_crossoptilon 0.051812213977  0.064802752648  0.023384556296  0.009061693928  0.005021021884  0.014137138479  0.012100561666  0.018240412442  0.005016885710  0.018223535474  0.005018184270  0.000000000000  0.013114732754  0.009074172881  0.025454049326  0.009054613058  0.029601266689  0.026472197122  
tragopan_blythii 0.061521910788  0.073568493476  0.032729117919  0.018227573187  0.014137138479  0.023365794003  0.021303931934  0.027520446145  0.014132849403  0.027503067028  0.014134205467  0.013114732754  0.000000000000  0.017211404288  0.034824727084  0.018220239602  0.037965802019  0.035855445319  
perdix_dauuricae 0.055086780483  0.068141334371  0.027566316256  0.014175349767  0.010102276592  0.019281440417  0.017228414826  0.023432007787  0.010084593819  0.023394021627  0.010092661775  0.009074172881  0.017211404288  0.000000000000  0.026507167825  0.011086064580  0.031710225385  0.028564574648  
melgal2    0.064936166786  0.080379599525  0.042258797913  0.030671843237  0.026507167825  0.034835068443  0.033791832432  0.038043354270  0.026486448873  0.039059101956  0.026496001527  0.025454049326  0.034824727084  0.026507167825  0.000000000000  0.028549146461  0.048635818206  0.044314367403  
lophophorus_impejanus 0.045408458174  0.058287057118  0.018249207781  0.014137138479  0.010069700958  0.019247928688  0.017197750201  0.023376694483  0.010067561893  0.021303931934  0.010067850429  0.009054613058  0.018220239602  0.011086064580  0.028549146461  0.000000000000  0.022348043107  0.019251448527  
galgal4    0.054017603970  0.068119780021  0.026534328917  0.034847058479  0.030659454909  0.037974573758  0.037985011294  0.043329970882  0.030639569732  0.039074010378  0.030648696014  0.029601266689  0.037965802019  0.031710225385  0.048635818206  0.022348043107  0.000000000000  0.029622175942  
alectoris_rufa 0.052930036244  0.064802752648  0.025489051281  0.031688097537  0.027520446145  0.034809003392  0.033764200529  0.040096244396  0.027507232397  0.039024360176  0.027513026513  0.026472197122  0.035855445319  0.028564574648  0.044314367403  0.019251448527  0.029622175942  0.000000000000  

