18
pavo_cristatus 0.000000000000  0.010079599097  0.012112061901  0.011098524057  0.013134190756  0.013134190756  0.013134190756  0.013134190756  0.013134190756  0.013134190756  0.013134190756  0.014158493624  0.010079599097  0.010079599097  0.019267381726  0.016213658525  0.012112061901  0.016194437591  
cyrtonyx_montezumae 0.010079599097  0.000000000000  0.002002802682  0.003009383147  0.005021501361  0.005021501361  0.005021501361  0.005021501361  0.005021501361  0.005021501361  0.005021501361  0.006031953839  0.000000000000  0.000000000000  0.009056058306  0.006031953839  0.002002802682  0.006025321564  
galgal4    0.012112061901  0.002002802682  0.000000000000  0.005021501361  0.007039304394  0.007039304394  0.007039304394  0.007039304394  0.007039304394  0.007039304394  0.007039304394  0.008052907624  0.002002802682  0.002002802682  0.011084148521  0.008052907624  0.004011232330  0.008045103293  
tragopan_blythii 0.011098524057  0.003009383147  0.005021501361  0.000000000000  0.006031953839  0.006031953839  0.006031953839  0.006031953839  0.006031953839  0.006031953839  0.006031953839  0.007044530891  0.003009383147  0.003009383147  0.012106150219  0.009076094585  0.005021501361  0.009062825403  
phasianus_colchicus 0.013134190756  0.005021501361  0.007039304394  0.006031953839  0.000000000000  0.000000000000  0.000000000000  0.000000000000  0.000000000000  0.000000000000  0.000000000000  0.001001039679  0.005021501361  0.005021501361  0.014143810101  0.011106580670  0.007039304394  0.011092097848  
crossoptilon_crossoptilon 0.013134190756  0.005021501361  0.007039304394  0.006031953839  0.000000000000  0.000000000000  0.000000000000  0.000000000000  0.000000000000  0.000000000000  0.000000000000  0.001001039679  0.005021501361  0.005021501361  0.014143810101  0.011106580670  0.007039304394  0.011092097848  
lophura_nycthemera 0.013134190756  0.005021501361  0.007039304394  0.006031953839  0.000000000000  0.000000000000  0.000000000000  0.000000000000  0.000000000000  0.000000000000  0.000000000000  0.001001039679  0.005021501361  0.005021501361  0.014143810101  0.011106580670  0.007039304394  0.011092097848  
lophura_inornata 0.013134190756  0.005021501361  0.007039304394  0.006031953839  0.000000000000  0.000000000000  0.000000000000  0.000000000000  0.000000000000  0.000000000000  0.000000000000  0.001001039679  0.005021501361  0.005021501361  0.014143810101  0.011106580670  0.007039304394  0.011092097848  
lophura_swinhoii 0.013134190756  0.005021501361  0.007039304394  0.006031953839  0.000000000000  0.000000000000  0.000000000000  0.000000000000  0.000000000000  0.000000000000  0.000000000000  0.001001039679  0.005021501361  0.005021501361  0.014143810101  0.011106580670  0.007039304394  0.011092097848  
catreus_wallichi 0.013134190756  0.005021501361  0.007039304394  0.006031953839  0.000000000000  0.000000000000  0.000000000000  0.000000000000  0.000000000000  0.000000000000  0.000000000000  0.001001039679  0.005021501361  0.005021501361  0.014143810101  0.011106580670  0.007039304394  0.011092097848  
syrmaticus_reevesii 0.013134190756  0.005021501361  0.007039304394  0.006031953839  0.000000000000  0.000000000000  0.000000000000  0.000000000000  0.000000000000  0.000000000000  0.000000000000  0.001001039679  0.005021501361  0.005021501361  0.014143810101  0.011106580670  0.007039304394  0.011092097848  
chrysolophus_pictus 0.014158493624  0.006031953839  0.008052907624  0.007044530891  0.001001039679  0.001001039679  0.001001039679  0.001001039679  0.001001039679  0.001001039679  0.001001039679  0.000000000000  0.006031953839  0.006031953839  0.015168032378  0.012128789786  0.008052907624  0.012112061901  
lophophorus_impejanus 0.010079599097  0.000000000000  0.002002802682  0.003009383147  0.005021501361  0.005021501361  0.005021501361  0.005021501361  0.005021501361  0.005021501361  0.005021501361  0.006031953839  0.000000000000  0.000000000000  0.009056058306  0.006031953839  0.002002802682  0.006025321564  
syrmaticus_ellioti 0.010079599097  0.000000000000  0.002002802682  0.003009383147  0.005021501361  0.005021501361  0.005021501361  0.005021501361  0.005021501361  0.005021501361  0.005021501361  0.006031953839  0.000000000000  0.000000000000  0.009056058306  0.006031953839  0.002002802682  0.006025321564  
perdix_dauuricae 0.019267381726  0.009056058306  0.011084148521  0.012106150219  0.014143810101  0.014143810101  0.014143810101  0.014143810101  0.014143810101  0.014143810101  0.014143810101  0.015168032378  0.009056058306  0.009056058306  0.000000000000  0.011092097848  0.011084148521  0.015157682023  
melgal2    0.016213658525  0.006031953839  0.008052907624  0.009076094585  0.011106580670  0.011106580670  0.011106580670  0.011106580670  0.011106580670  0.011106580670  0.011106580670  0.012128789786  0.006031953839  0.006031953839  0.011092097848  0.000000000000  0.008052907624  0.012112061901  
rollulus_rouloul 0.012112061901  0.002002802682  0.004011232330  0.005021501361  0.007039304394  0.007039304394  0.007039304394  0.007039304394  0.007039304394  0.007039304394  0.007039304394  0.008052907624  0.002002802682  0.002002802682  0.011084148521  0.008052907624  0.000000000000  0.008045103293  
alectoris_rufa 0.016194437591  0.006025321564  0.008045103293  0.009062825403  0.011092097848  0.011092097848  0.011092097848  0.011092097848  0.011092097848  0.011092097848  0.011092097848  0.012112061901  0.006025321564  0.006025321564  0.015157682023  0.012112061901  0.008045103293  0.000000000000  

