18
galgal4    0.000000000000  0.047890904192  0.055429163019  0.066458971161  0.057603213184  0.056385777997  0.058633226945  0.058560224092  0.057455261114  0.063005688635  0.060816073716  0.046729979366  0.045556560109  0.047819019297  0.047854076967  0.047819019297  0.101085595294  0.055602565781  
pavo_cristatus 0.047890904192  0.000000000000  0.040362216981  0.051140003610  0.042489628815  0.041321535965  0.043507541668  0.043449431231  0.042371448754  0.049968664402  0.045643404624  0.035056560433  0.031791414621  0.031861007907  0.031887631420  0.036068523480  0.103676236052  0.047969855795  
chrysolophus_pictus 0.055429163019  0.040362216981  0.000000000000  0.020368122045  0.012140001854  0.011092254753  0.013143173381  0.013127366651  0.012106320442  0.020336157588  0.016214105355  0.021360242830  0.034892603897  0.034952489593  0.034975917912  0.043477606241  0.109409302669  0.053301591883  
catreus_wallichi 0.066458971161  0.051140003610  0.020368122045  0.000000000000  0.022433349858  0.021347289586  0.023442099053  0.023413183882  0.022373479866  0.030754858969  0.026563044072  0.031791414621  0.045531158756  0.045612686069  0.045643404624  0.054287665622  0.123992731884  0.066558294128  
syrmaticus_reevesii 0.057603213184  0.042489628815  0.012140001854  0.022433349858  0.000000000000  0.013127366651  0.013134441531  0.013121951754  0.012102036258  0.022400042295  0.018265432354  0.023426795502  0.036998619132  0.037060655693  0.034952489593  0.045612686069  0.112998420535  0.057688058190  
phasianus_colchicus 0.056385777997  0.041321535965  0.011092254753  0.021347289586  0.013127366651  0.000000000000  0.010079749351  0.010070720680  0.009056148823  0.017233409962  0.011092254753  0.022353686660  0.034837135812  0.035936195703  0.035953902604  0.044452118707  0.111505367248  0.055353251153  
lophura_nycthemera 0.058633226945  0.043507541668  0.013143173381  0.023442099053  0.013134441531  0.010079749351  0.000000000000  0.005018505542  0.006027879409  0.017245066440  0.015196371730  0.024442050620  0.038028325488  0.038083565588  0.038105480755  0.046639302643  0.114046115746  0.057603213184  
lophura_swinhoii 0.058560224092  0.043449431231  0.013127366651  0.023413183882  0.013121951754  0.010070720680  0.005018505542  0.000000000000  0.001001043087  0.017223423668  0.015175997924  0.024420967347  0.038000284487  0.038044984857  0.038063399261  0.046587738622  0.113869674907  0.057525606230  
lophura_inornata 0.057455261114  0.042371448754  0.012106320442  0.022373479866  0.012102036258  0.009056148823  0.006027879409  0.001001043087  0.000000000000  0.016194765544  0.014150589379  0.023382530939  0.036940405747  0.036981434320  0.036998619132  0.045507535912  0.112643986843  0.056420535444  
syrmaticus_ellioti 0.063005688635  0.049968664402  0.020336157588  0.030754858969  0.022400042295  0.017233409962  0.017245066440  0.017223423668  0.016194765544  0.000000000000  0.022415854421  0.030699209267  0.044409177142  0.044476254370  0.044502162492  0.053120505922  0.116330480367  0.061971507021  
crossoptilon_crossoptilon 0.060816073716  0.045643404624  0.016214105355  0.026563044072  0.018265432354  0.011092254753  0.015196371730  0.015175997924  0.014150589379  0.022415854421  0.000000000000  0.024430657119  0.040142686925  0.040200071606  0.040222719314  0.048782909379  0.112729558597  0.059783980147  
perdix_dauuricae 0.046729979366  0.035056560433  0.021360242830  0.031791414621  0.023426795502  0.022353686660  0.024442050620  0.024420967347  0.023382530939  0.030699209267  0.024430657119  0.000000000000  0.029647116593  0.029699148339  0.029719918690  0.038154545459  0.104713104401  0.050081623129  
tragopan_blythii 0.045556560109  0.031791414621  0.034892603897  0.045531158756  0.036998619132  0.034837135812  0.038028325488  0.038000284487  0.036940405747  0.044409177142  0.040142686925  0.029647116593  0.000000000000  0.018230933420  0.026516653493  0.033833646522  0.100846861150  0.046697980397  
lophophorus_impejanus 0.047819019297  0.031861007907  0.034952489593  0.045612686069  0.037060655693  0.035936195703  0.038083565588  0.038044984857  0.036981434320  0.044476254370  0.040200071606  0.029699148339  0.018230933420  0.000000000000  0.026563044072  0.034952489593  0.099882492000  0.046799282661  
melgal2    0.047854076967  0.031887631420  0.034975917912  0.045643404624  0.034952489593  0.035953902604  0.038105480755  0.038063399261  0.036998619132  0.044502162492  0.040222719314  0.029719918690  0.026516653493  0.026563044072  0.000000000000  0.032850570049  0.101169112335  0.046836581159  
rollulus_rouloul 0.047819019297  0.036068523480  0.043477606241  0.054287665622  0.045612686069  0.044452118707  0.046639302643  0.046587738622  0.045507535912  0.053120505922  0.048782909379  0.038154545459  0.033833646522  0.034952489593  0.032850570049  0.000000000000  0.103500886207  0.048985013892  
cyrtonyx_montezumae 0.101085595294  0.103676236052  0.109409302669  0.123992731884  0.112998420535  0.111505367248  0.114046115746  0.113869674907  0.112643986843  0.116330480367  0.112729558597  0.104713104401  0.100846861150  0.099882492000  0.101169112335  0.103500886207  0.000000000000  0.051101042722  
alectoris_rufa 0.055602565781  0.047969855795  0.053301591883  0.066558294128  0.057688058190  0.055353251153  0.057603213184  0.057525606230  0.056420535444  0.061971507021  0.059783980147  0.050081623129  0.046697980397  0.046799282661  0.046836581159  0.048985013892  0.051101042722  0.000000000000  

