18
cyrtonyx_montezumae 0.000000000000  0.063558316369  0.075894587053  0.084863837159  0.075894587053  0.072434836509  0.078144043285  0.070142366304  0.075894587053  0.079236337321  0.069000299417  0.069000299417  0.072371090441  0.070142366304  0.077941869719  0.070142366304  0.069061525948  0.069061525948  
pavo_cristatus 0.063558316369  0.000000000000  0.025540803756  0.030707455637  0.019291050033  0.016196980417  0.029730466037  0.016196980417  0.020326937131  0.024460819910  0.015170121510  0.015170121510  0.018247538442  0.016196980417  0.024435190001  0.014145495115  0.013128780963  0.013128780963  
galgal4    0.075894587053  0.025540803756  0.000000000000  0.044613760146  0.030812997855  0.027642609181  0.039338252932  0.025540803756  0.030812997855  0.036084619865  0.026590534780  0.026590534780  0.029730466037  0.027642609181  0.036031487153  0.025540803756  0.024512299781  0.024512299781  
rollulus_rouloul 0.084863837159  0.030707455637  0.044613760146  0.000000000000  0.029730466037  0.026570909184  0.041464450874  0.026570909184  0.031848666827  0.034989810407  0.025522413240  0.025522413240  0.028654560454  0.026570909184  0.034942780217  0.024476244776  0.023448330241  0.023448330241  
lophura_swinhoii 0.075894587053  0.019291050033  0.030812997855  0.029730466037  0.000000000000  0.007052506216  0.021458441366  0.007052506216  0.012155418033  0.015212513007  0.006038520831  0.006038520831  0.009077587204  0.007052506216  0.015187912970  0.005026712392  0.006032534884  0.006032534884  
catreus_wallichi 0.072434836509  0.016196980417  0.027642609181  0.026570909184  0.007052506216  0.000000000000  0.018332602264  0.004017071570  0.009087045433  0.012131151742  0.003009589100  0.003009589100  0.006032534884  0.004017071570  0.012113638433  0.002004255771  0.003007030970  0.003007030970  
perdix_dauuricae 0.078144043285  0.029730466037  0.039338252932  0.041464450874  0.021458441366  0.018332602264  0.000000000000  0.014196808137  0.019372246726  0.026659834179  0.017295246193  0.017295246193  0.020393312703  0.018332602264  0.026611899357  0.016260168461  0.017278003653  0.017278003653  
crossoptilon_crossoptilon 0.070142366304  0.016196980417  0.025540803756  0.026570909184  0.007052506216  0.004017071570  0.014196808137  0.000000000000  0.005026712392  0.012131151742  0.003009589100  0.003009589100  0.006032534884  0.004017071570  0.012113638433  0.002004255771  0.003007030970  0.003007030970  
melgal2    0.075894587053  0.020326937131  0.030812997855  0.031848666827  0.012155418033  0.009087045433  0.019372246726  0.005026712392  0.000000000000  0.017278003653  0.008068677933  0.008068677933  0.011118607665  0.009087045433  0.017248627312  0.007052506216  0.008060382125  0.008060382125  
tragopan_blythii 0.079236337321  0.024460819910  0.036084619865  0.034989810407  0.015212513007  0.012131151742  0.026659834179  0.012131151742  0.017278003653  0.000000000000  0.009069806319  0.009069806319  0.012121549534  0.010088046862  0.020326937131  0.010088046862  0.011100062174  0.011100062174  
lophura_nycthemera 0.069000299417  0.015170121510  0.026590534780  0.025522413240  0.006038520831  0.003009589100  0.017295246193  0.003009589100  0.008068677933  0.009069806319  0.000000000000  0.000000000000  0.003007030970  0.001001062435  0.011093320623  0.001001062435  0.002002830513  0.002002830513  
syrmaticus_reevesii 0.069000299417  0.015170121510  0.026590534780  0.025522413240  0.006038520831  0.003009589100  0.017295246193  0.003009589100  0.008068677933  0.009069806319  0.000000000000  0.000000000000  0.003007030970  0.001001062435  0.011093320623  0.001001062435  0.002002830513  0.002002830513  
phasianus_colchicus 0.072371090441  0.018247538442  0.029730466037  0.028654560454  0.009077587204  0.006032534884  0.020393312703  0.006032534884  0.011118607665  0.012121549534  0.003007030970  0.003007030970  0.000000000000  0.004013375722  0.014152358871  0.004013375722  0.005018702348  0.005018702348  
syrmaticus_ellioti 0.070142366304  0.016196980417  0.027642609181  0.026570909184  0.007052506216  0.004017071570  0.018332602264  0.004017071570  0.009087045433  0.010088046862  0.001001062435  0.001001062435  0.004013375722  0.000000000000  0.012113638433  0.002004255771  0.003007030970  0.003007030970  
lophophorus_impejanus 0.077941869719  0.024435190001  0.036031487153  0.034942780217  0.015187912970  0.012113638433  0.026611899357  0.012113638433  0.017248627312  0.020326937131  0.011093320623  0.011093320623  0.014152358871  0.012113638433  0.000000000000  0.010075207005  0.011088270404  0.011088270404  
lophura_inornata 0.070142366304  0.014145495115  0.025540803756  0.024476244776  0.005026712392  0.002004255771  0.016260168461  0.002004255771  0.007052506216  0.010088046862  0.001001062435  0.001001062435  0.004013375722  0.002004255771  0.010075207005  0.000000000000  0.001000765234  0.001000765234  
chrysolophus_pictus 0.069061525948  0.013128780963  0.024512299781  0.023448330241  0.006032534884  0.003007030970  0.017278003653  0.003007030970  0.008060382125  0.011100062174  0.002002830513  0.002002830513  0.005018702348  0.003007030970  0.011088270404  0.001000765234  0.000000000000  0.000000000000  
alectoris_rufa 0.069061525948  0.013128780963  0.024512299781  0.023448330241  0.006032534884  0.003007030970  0.017278003653  0.003007030970  0.008060382125  0.011100062174  0.002002830513  0.002002830513  0.005018702348  0.003007030970  0.011088270404  0.001000765234  0.000000000000  0.000000000000  

