18
catreus_wallichi 0.000000000000  0.000000000000  0.014151214397  0.007039568212  0.010080121055  0.007039568212  0.010080121055  0.009063210650  0.009063210650  0.009063210650  0.009063210650  0.010080121055  0.009063210650  0.011087723591  0.011099205580  0.015176769011  0.021319540158  0.005021669313  
cyrtonyx_montezumae 0.000000000000  0.000000000000  0.014151214397  0.007039568212  0.010080121055  0.007039568212  0.010080121055  0.009063210650  0.009063210650  0.009063210650  0.009063210650  0.010080121055  0.009063210650  0.011087723591  0.011099205580  0.015176769011  0.021319540158  0.005021669313  
galgal4    0.014151214397  0.014151214397  0.000000000000  0.007035875234  0.010074687504  0.007035875234  0.010074687504  0.009058913858  0.009058913858  0.009058913858  0.009058913858  0.010074687504  0.009058913858  0.011084488123  0.011092630407  0.013122338443  0.021313200159  0.019288690825  
lophophorus_impejanus 0.007039568212  0.007039568212  0.007035875234  0.000000000000  0.003006976779  0.000000000000  0.003006976779  0.002002814838  0.002002814838  0.002002814838  0.002002814838  0.003006976779  0.002002814838  0.004010948499  0.004013258615  0.008048465109  0.014136240698  0.012120473541  
melgal2    0.010080121055  0.010080121055  0.010074687504  0.003006976779  0.000000000000  0.003006976779  0.006028000010  0.005018574010  0.005018574010  0.005018574010  0.005018574010  0.006028000010  0.005018574010  0.007033837494  0.007039568212  0.011092630407  0.017204042181  0.015186281191  
phasianus_colchicus 0.007039568212  0.007039568212  0.007035875234  0.000000000000  0.003006976779  0.000000000000  0.003006976779  0.002002814838  0.002002814838  0.002002814838  0.002002814838  0.003006976779  0.002002814838  0.004010948499  0.004013258615  0.008048465109  0.014136240698  0.012120473541  
lophura_nycthemera 0.010080121055  0.010080121055  0.010074687504  0.003006976779  0.006028000010  0.003006976779  0.000000000000  0.001001050433  0.001001050433  0.001001050433  0.001001050433  0.002004207629  0.001001050433  0.005018574010  0.007039568212  0.011092630407  0.017204042181  0.015186281191  
chrysolophus_pictus 0.009063210650  0.009063210650  0.009058913858  0.002002814838  0.005018574010  0.002002814838  0.001001050433  0.000000000000  0.000000000000  0.000000000000  0.000000000000  0.001001050433  0.000000000000  0.004011281157  0.006028000010  0.010074687504  0.016178704321  0.014159567809  
crossoptilon_crossoptilon 0.009063210650  0.009063210650  0.009058913858  0.002002814838  0.005018574010  0.002002814838  0.001001050433  0.000000000000  0.000000000000  0.000000000000  0.000000000000  0.001001050433  0.000000000000  0.004011281157  0.006028000010  0.010074687504  0.016178704321  0.014159567809  
lophura_inornata 0.009063210650  0.009063210650  0.009058913858  0.002002814838  0.005018574010  0.002002814838  0.001001050433  0.000000000000  0.000000000000  0.000000000000  0.000000000000  0.001001050433  0.000000000000  0.004011281157  0.006028000010  0.010074687504  0.016178704321  0.014159567809  
syrmaticus_ellioti 0.009063210650  0.009063210650  0.009058913858  0.002002814838  0.005018574010  0.002002814838  0.001001050433  0.000000000000  0.000000000000  0.000000000000  0.000000000000  0.001001050433  0.000000000000  0.004011281157  0.006028000010  0.010074687504  0.016178704321  0.014159567809  
syrmaticus_reevesii 0.010080121055  0.010080121055  0.010074687504  0.003006976779  0.006028000010  0.003006976779  0.002004207629  0.001001050433  0.001001050433  0.001001050433  0.001001050433  0.000000000000  0.001001050433  0.005018574010  0.007039568212  0.011092630407  0.017204042181  0.015186281191  
lophura_swinhoii 0.009063210650  0.009063210650  0.009058913858  0.002002814838  0.005018574010  0.002002814838  0.001001050433  0.000000000000  0.000000000000  0.000000000000  0.000000000000  0.001001050433  0.000000000000  0.004011281157  0.006028000010  0.010074687504  0.016178704321  0.014159567809  
rollulus_rouloul 0.011087723591  0.011087723591  0.011084488123  0.004010948499  0.007033837494  0.004010948499  0.005018574010  0.004011281157  0.004011281157  0.004011281157  0.004011281157  0.005018574010  0.004011281157  0.000000000000  0.008045300244  0.012102324240  0.018224214095  0.016195543278  
tragopan_blythii 0.011099205580  0.011099205580  0.011092630407  0.004013258615  0.007039568212  0.004013258615  0.007039568212  0.006028000010  0.006028000010  0.006028000010  0.006028000010  0.007039568212  0.006028000010  0.008045300244  0.000000000000  0.012112751852  0.018231590386  0.016215210859  
pavo_cristatus 0.015176769011  0.015176769011  0.013122338443  0.008048465109  0.011092630407  0.008048465109  0.011092630407  0.010074687504  0.010074687504  0.010074687504  0.010074687504  0.011092630407  0.010074687504  0.012102324240  0.012112751852  0.000000000000  0.022347326716  0.020324216602  
perdix_dauuricae 0.021319540158  0.021319540158  0.021313200159  0.014136240698  0.017204042181  0.014136240698  0.017204042181  0.016178704321  0.016178704321  0.016178704321  0.016178704321  0.017204042181  0.016178704321  0.018224214095  0.018231590386  0.022347326716  0.000000000000  0.026506415651  
alectoris_rufa 0.005021669313  0.005021669313  0.019288690825  0.012120473541  0.015186281191  0.012120473541  0.015186281191  0.014159567809  0.014159567809  0.014159567809  0.014159567809  0.015186281191  0.014159567809  0.016195543278  0.016215210859  0.020324216602  0.026506415651  0.000000000000  

