18
cyrtonyx_montezumae 0.000000000000  0.021376803264  0.021376803264  0.021376803264  0.021376803264  0.022418028642  0.021376803264  0.021376803264  0.021376803264  0.024488880995  0.025555415909  0.029746443117  0.028690283095  0.021376803264  0.021376803264  0.026605815577  0.021376803264  0.025535766273  
melgal2    0.021376803264  0.000000000000  0.008053278914  0.008053278914  0.008053278914  0.009069154785  0.008053278914  0.008053278914  0.008053278914  0.011099190678  0.014181252728  0.018294392345  0.018294392345  0.008053278914  0.008053278914  0.013154439427  0.008053278914  0.012120453501  
syrmaticus_reevesii 0.021376803264  0.008053278914  0.000000000000  0.000000000000  0.000000000000  0.001001050003  0.000000000000  0.000000000000  0.000000000000  0.003006975973  0.006038066915  0.010095944588  0.010095944588  0.000000000000  0.000000000000  0.005026398067  0.000000000000  0.004013256434  
phasianus_colchicus 0.021376803264  0.008053278914  0.000000000000  0.000000000000  0.000000000000  0.001001050003  0.000000000000  0.000000000000  0.000000000000  0.003006975973  0.006038066915  0.010095944588  0.010095944588  0.000000000000  0.000000000000  0.005026398067  0.000000000000  0.004013256434  
lophophorus_impejanus 0.021376803264  0.008053278914  0.000000000000  0.000000000000  0.000000000000  0.001001050003  0.000000000000  0.000000000000  0.000000000000  0.003006975973  0.006038066915  0.010095944588  0.010095944588  0.000000000000  0.000000000000  0.005026398067  0.000000000000  0.004013256434  
syrmaticus_ellioti 0.022418028642  0.009069154785  0.001001050003  0.001001050003  0.001001050003  0.000000000000  0.001001050003  0.001001050003  0.001001050003  0.004013256434  0.007051886623  0.011117312379  0.011117312379  0.001001050003  0.001001050003  0.006038066915  0.001001050003  0.005021664881  
perdix_dauuricae 0.021376803264  0.008053278914  0.000000000000  0.000000000000  0.000000000000  0.001001050003  0.000000000000  0.000000000000  0.000000000000  0.003006975973  0.006038066915  0.010095944588  0.010095944588  0.000000000000  0.000000000000  0.005026398067  0.000000000000  0.004013256434  
lophura_inornata 0.021376803264  0.008053278914  0.000000000000  0.000000000000  0.000000000000  0.001001050003  0.000000000000  0.000000000000  0.000000000000  0.003006975973  0.006038066915  0.010095944588  0.010095944588  0.000000000000  0.000000000000  0.005026398067  0.000000000000  0.004013256434  
lophura_nycthemera 0.021376803264  0.008053278914  0.000000000000  0.000000000000  0.000000000000  0.001001050003  0.000000000000  0.000000000000  0.000000000000  0.003006975973  0.006038066915  0.010095944588  0.010095944588  0.000000000000  0.000000000000  0.005026398067  0.000000000000  0.004013256434  
lophura_swinhoii 0.024488880995  0.011099190678  0.003006975973  0.003006975973  0.003006975973  0.004013256434  0.003006975973  0.003006975973  0.003006975973  0.000000000000  0.009076759770  0.013154439427  0.013154439427  0.003006975973  0.003006975973  0.008059748613  0.003006975973  0.007039562627  
galgal4    0.025555415909  0.014181252728  0.006038066915  0.006038066915  0.006038066915  0.007051886623  0.006038066915  0.006038066915  0.006038066915  0.009076759770  0.000000000000  0.010095944588  0.010095944588  0.006038066915  0.006038066915  0.011128858247  0.006038066915  0.010095944588  
pavo_cristatus 0.029746443117  0.018294392345  0.010095944588  0.010095944588  0.010095944588  0.011117312379  0.010095944588  0.010095944588  0.010095944588  0.013154439427  0.010095944588  0.000000000000  0.014181252728  0.010095944588  0.010095944588  0.013166634422  0.010095944588  0.014181252728  
rollulus_rouloul 0.028690283095  0.018294392345  0.010095944588  0.010095944588  0.010095944588  0.011117312379  0.010095944588  0.010095944588  0.010095944588  0.013154439427  0.010095944588  0.014181252728  0.000000000000  0.010095944588  0.010095944588  0.015224801601  0.010095944588  0.014181252728  
crossoptilon_crossoptilon 0.021376803264  0.008053278914  0.000000000000  0.000000000000  0.000000000000  0.001001050003  0.000000000000  0.000000000000  0.000000000000  0.003006975973  0.006038066915  0.010095944588  0.010095944588  0.000000000000  0.000000000000  0.005026398067  0.000000000000  0.004013256434  
chrysolophus_pictus 0.021376803264  0.008053278914  0.000000000000  0.000000000000  0.000000000000  0.001001050003  0.000000000000  0.000000000000  0.000000000000  0.003006975973  0.006038066915  0.010095944588  0.010095944588  0.000000000000  0.000000000000  0.005026398067  0.000000000000  0.004013256434  
catreus_wallichi 0.026605815577  0.013154439427  0.005026398067  0.005026398067  0.005026398067  0.006038066915  0.005026398067  0.005026398067  0.005026398067  0.008059748613  0.011128858247  0.013166634422  0.015224801601  0.005026398067  0.005026398067  0.000000000000  0.005026398067  0.009076759770  
tragopan_blythii 0.021376803264  0.008053278914  0.000000000000  0.000000000000  0.000000000000  0.001001050003  0.000000000000  0.000000000000  0.000000000000  0.003006975973  0.006038066915  0.010095944588  0.010095944588  0.000000000000  0.000000000000  0.005026398067  0.000000000000  0.004013256434  
alectoris_rufa 0.025535766273  0.012120453501  0.004013256434  0.004013256434  0.004013256434  0.005021664881  0.004013256434  0.004013256434  0.004013256434  0.007039562627  0.010095944588  0.014181252728  0.014181252728  0.004013256434  0.004013256434  0.009076759770  0.004013256434  0.000000000000  

