18
cyrtonyx_montezumae 0.000000000000  0.019370974698  0.019370974698  0.019370974698  0.023551987701  0.021456861049  0.026712183428  0.021456861049  0.021456861049  0.036281971097  0.030925790744  0.021456861049  0.021434922243  0.021456861049  0.023551987701  0.023551987701  0.023551987701  0.037401328846  
syrmaticus_ellioti 0.019370974698  0.000000000000  0.000000000000  0.000000000000  0.010107233604  0.004017011079  0.009086734785  0.004017011079  0.004017011079  0.018331471235  0.013167951269  0.004017011079  0.005021813988  0.004017011079  0.006038383947  0.006038383947  0.006038383947  0.021480499740  
syrmaticus_reevesii 0.019370974698  0.000000000000  0.000000000000  0.000000000000  0.010107233604  0.004017011079  0.009086734785  0.004017011079  0.004017011079  0.018331471235  0.013167951269  0.004017011079  0.005021813988  0.004017011079  0.006038383947  0.006038383947  0.006038383947  0.021480499740  
melgal2    0.019370974698  0.000000000000  0.000000000000  0.000000000000  0.010107233604  0.004017011079  0.009086734785  0.004017011079  0.004017011079  0.018331471235  0.013167951269  0.004017011079  0.005021813988  0.004017011079  0.006038383947  0.006038383947  0.006038383947  0.021480499740  
galgal4    0.023551987701  0.010107233604  0.010107233604  0.010107233604  0.000000000000  0.006038383947  0.011129939145  0.006038383947  0.006038383947  0.020412767933  0.015226599370  0.006038383947  0.007045232067  0.006038383947  0.008068433187  0.008068433187  0.008068433187  0.023578074907  
lophophorus_impejanus 0.021456861049  0.004017011079  0.004017011079  0.004017011079  0.006038383947  0.000000000000  0.005026617605  0.000000000000  0.000000000000  0.014196155215  0.009077344123  0.000000000000  0.001000764404  0.000000000000  0.002004240734  0.002004240734  0.002004240734  0.017313053565  
catreus_wallichi 0.026712183428  0.009086734785  0.009086734785  0.009086734785  0.011129939145  0.005026617605  0.000000000000  0.005026617605  0.005026617605  0.019370974698  0.014196155215  0.005026617605  0.006032440932  0.005026617605  0.007052319368  0.007052319368  0.007052319368  0.022528124459  
crossoptilon_crossoptilon 0.021456861049  0.004017011079  0.004017011079  0.004017011079  0.006038383947  0.000000000000  0.005026617605  0.000000000000  0.000000000000  0.014196155215  0.009077344123  0.000000000000  0.001000764404  0.000000000000  0.002004240734  0.002004240734  0.002004240734  0.017313053565  
perdix_dauuricae 0.021456861049  0.004017011079  0.004017011079  0.004017011079  0.006038383947  0.000000000000  0.005026617605  0.000000000000  0.000000000000  0.014196155215  0.009077344123  0.000000000000  0.001000764404  0.000000000000  0.002004240734  0.002004240734  0.002004240734  0.017313053565  
tragopan_blythii 0.036281971097  0.018331471235  0.018331471235  0.018331471235  0.020412767933  0.014196155215  0.019370974698  0.014196155215  0.014196155215  0.000000000000  0.013182008716  0.014196155215  0.015211861178  0.014196155215  0.016259293515  0.016259293515  0.016259293515  0.027770291940  
pavo_cristatus 0.030925790744  0.013167951269  0.013167951269  0.013167951269  0.015226599370  0.009077344123  0.014196155215  0.009077344123  0.009077344123  0.013182008716  0.000000000000  0.009077344123  0.010087803790  0.009077344123  0.011118225187  0.011118225187  0.011118225187  0.026712183428  
phasianus_colchicus 0.021456861049  0.004017011079  0.004017011079  0.004017011079  0.006038383947  0.000000000000  0.005026617605  0.000000000000  0.000000000000  0.014196155215  0.009077344123  0.000000000000  0.001000764404  0.000000000000  0.002004240734  0.002004240734  0.002004240734  0.017313053565  
rollulus_rouloul 0.021434922243  0.005021813988  0.005021813988  0.005021813988  0.007045232067  0.001000764404  0.006032440932  0.001000764404  0.001000764404  0.015211861178  0.010087803790  0.001000764404  0.000000000000  0.001000764404  0.003007015811  0.003007015811  0.003007015811  0.018331471235  
chrysolophus_pictus 0.021456861049  0.004017011079  0.004017011079  0.004017011079  0.006038383947  0.000000000000  0.005026617605  0.000000000000  0.000000000000  0.014196155215  0.009077344123  0.000000000000  0.001000764404  0.000000000000  0.002004240734  0.002004240734  0.002004240734  0.017313053565  
lophura_nycthemera 0.023551987701  0.006038383947  0.006038383947  0.006038383947  0.008068433187  0.002004240734  0.007052319368  0.002004240734  0.002004240734  0.016259293515  0.011118225187  0.002004240734  0.003007015811  0.002004240734  0.000000000000  0.000000000000  0.000000000000  0.019392186437  
lophura_inornata 0.023551987701  0.006038383947  0.006038383947  0.006038383947  0.008068433187  0.002004240734  0.007052319368  0.002004240734  0.002004240734  0.016259293515  0.011118225187  0.002004240734  0.003007015811  0.002004240734  0.000000000000  0.000000000000  0.000000000000  0.019392186437  
lophura_swinhoii 0.023551987701  0.006038383947  0.006038383947  0.006038383947  0.008068433187  0.002004240734  0.007052319368  0.002004240734  0.002004240734  0.016259293515  0.011118225187  0.002004240734  0.003007015811  0.002004240734  0.000000000000  0.000000000000  0.000000000000  0.019392186437  
alectoris_rufa 0.037401328846  0.021480499740  0.021480499740  0.021480499740  0.023578074907  0.017313053565  0.022528124459  0.017313053565  0.017313053565  0.027770291940  0.026712183428  0.017313053565  0.018331471235  0.017313053565  0.019392186437  0.019392186437  0.019392186437  0.000000000000  

