18
rollulus_rouloul 0.000000000000  0.004010970605  0.004010970605  0.004010970605  0.006025486348  0.004010970605  0.004010970605  0.004010970605  0.006024564999  0.009056396125  0.005017364381  0.004010970605  0.006025486348  0.005017160275  0.008045397457  0.004010970605  0.004010970605  0.004010970605  
catreus_wallichi 0.004010970605  0.000000000000  0.000000000000  0.000000000000  0.002004223314  0.000000000000  0.000000000000  0.000000000000  0.002002820841  0.005018618132  0.001000765849  0.000000000000  0.002004223314  0.001001054343  0.004013296388  0.000000000000  0.000000000000  0.000000000000  
syrmaticus_reevesii 0.004010970605  0.000000000000  0.000000000000  0.000000000000  0.002004223314  0.000000000000  0.000000000000  0.000000000000  0.002002820841  0.005018618132  0.001000765849  0.000000000000  0.002004223314  0.001001054343  0.004013296388  0.000000000000  0.000000000000  0.000000000000  
perdix_dauuricae 0.004010970605  0.000000000000  0.000000000000  0.000000000000  0.002004223314  0.000000000000  0.000000000000  0.000000000000  0.002002820841  0.005018618132  0.001000765849  0.000000000000  0.002004223314  0.001001054343  0.004013296388  0.000000000000  0.000000000000  0.000000000000  
syrmaticus_ellioti 0.006025486348  0.002004223314  0.002004223314  0.002004223314  0.000000000000  0.002004223314  0.002004223314  0.002004223314  0.004013296388  0.007039676523  0.003006994694  0.002004223314  0.004016941004  0.003009515864  0.006032319505  0.002004223314  0.002004223314  0.002004223314  
lophura_nycthemera 0.004010970605  0.000000000000  0.000000000000  0.000000000000  0.002004223314  0.000000000000  0.000000000000  0.000000000000  0.002002820841  0.005018618132  0.001000765849  0.000000000000  0.002004223314  0.001001054343  0.004013296388  0.000000000000  0.000000000000  0.000000000000  
lophophorus_impejanus 0.004010970605  0.000000000000  0.000000000000  0.000000000000  0.002004223314  0.000000000000  0.000000000000  0.000000000000  0.002002820841  0.005018618132  0.001000765849  0.000000000000  0.002004223314  0.001001054343  0.004013296388  0.000000000000  0.000000000000  0.000000000000  
crossoptilon_crossoptilon 0.004010970605  0.000000000000  0.000000000000  0.000000000000  0.002004223314  0.000000000000  0.000000000000  0.000000000000  0.002002820841  0.005018618132  0.001000765849  0.000000000000  0.002004223314  0.001001054343  0.004013296388  0.000000000000  0.000000000000  0.000000000000  
melgal2    0.006024564999  0.002002820841  0.002002820841  0.002002820841  0.004013296388  0.002002820841  0.002002820841  0.002002820841  0.000000000000  0.007035957913  0.003006124514  0.002002820841  0.004013296388  0.003006994694  0.006028072177  0.002002820841  0.002002820841  0.002002820841  
cyrtonyx_montezumae 0.009056396125  0.005018618132  0.005018618132  0.005018618132  0.007039676523  0.005018618132  0.005018618132  0.005018618132  0.007035957913  0.000000000000  0.004013296388  0.005018618132  0.007039676523  0.006028072177  0.009063374181  0.005018618132  0.005018618132  0.005018618132  
tragopan_blythii 0.005017364381  0.001000765849  0.001000765849  0.001000765849  0.003006994694  0.001000765849  0.001000765849  0.001000765849  0.003006124514  0.004013296388  0.000000000000  0.001000765849  0.003006994694  0.002002820841  0.005018618132  0.001000765849  0.001000765849  0.001000765849  
phasianus_colchicus 0.004010970605  0.000000000000  0.000000000000  0.000000000000  0.002004223314  0.000000000000  0.000000000000  0.000000000000  0.002002820841  0.005018618132  0.001000765849  0.000000000000  0.002004223314  0.001001054343  0.004013296388  0.000000000000  0.000000000000  0.000000000000  
lophura_inornata 0.006025486348  0.002004223314  0.002004223314  0.002004223314  0.004016941004  0.002004223314  0.002004223314  0.002004223314  0.004013296388  0.007039676523  0.003006994694  0.002004223314  0.000000000000  0.003009515864  0.006032319505  0.002004223314  0.002004223314  0.002004223314  
pavo_cristatus 0.005017160275  0.001001054343  0.001001054343  0.001001054343  0.003009515864  0.001001054343  0.001001054343  0.001001054343  0.003006994694  0.006028072177  0.002002820841  0.001001054343  0.003009515864  0.000000000000  0.005021734961  0.001001054343  0.001001054343  0.001001054343  
galgal4    0.008045397457  0.004013296388  0.004013296388  0.004013296388  0.006032319505  0.004013296388  0.004013296388  0.004013296388  0.006028072177  0.009063374181  0.005018618132  0.004013296388  0.006032319505  0.005021734961  0.000000000000  0.004013296388  0.004013296388  0.004013296388  
lophura_swinhoii 0.004010970605  0.000000000000  0.000000000000  0.000000000000  0.002004223314  0.000000000000  0.000000000000  0.000000000000  0.002002820841  0.005018618132  0.001000765849  0.000000000000  0.002004223314  0.001001054343  0.004013296388  0.000000000000  0.000000000000  0.000000000000  
chrysolophus_pictus 0.004010970605  0.000000000000  0.000000000000  0.000000000000  0.002004223314  0.000000000000  0.000000000000  0.000000000000  0.002002820841  0.005018618132  0.001000765849  0.000000000000  0.002004223314  0.001001054343  0.004013296388  0.000000000000  0.000000000000  0.000000000000  
alectoris_rufa 0.004010970605  0.000000000000  0.000000000000  0.000000000000  0.002004223314  0.000000000000  0.000000000000  0.000000000000  0.002002820841  0.005018618132  0.001000765849  0.000000000000  0.002004223314  0.001001054343  0.004013296388  0.000000000000  0.000000000000  0.000000000000  

