18
cyrtonyx_montezumae 0.000000000000  0.008046238546  0.012104453480  0.014142458386  0.012104453480  0.017213724838  0.012104453480  0.012104453480  0.012104453480  0.016192626285  0.016182087906  0.012104453480  0.014142458386  0.022362929691  0.013138993277  0.018231402505  0.003007031170  0.004011125237  
pavo_cristatus 0.008046238546  0.000000000000  0.016200635203  0.018252034844  0.016200635203  0.022362929691  0.016200635203  0.016200635203  0.016200635203  0.020320767740  0.020300077118  0.016200635203  0.018252034844  0.026532156711  0.017254466339  0.020292496279  0.007036715179  0.008049713832  
crossoptilon_crossoptilon 0.012104453480  0.016200635203  0.000000000000  0.002002872743  0.000000000000  0.006024925095  0.000000000000  0.000000000000  0.000000000000  0.004013676926  0.004011125237  0.000000000000  0.002002872743  0.010076533807  0.015173141924  0.026507076640  0.011089695328  0.012109268628  
lophura_nycthemera 0.014142458386  0.018252034844  0.002002872743  0.000000000000  0.002002872743  0.008044555576  0.002002872743  0.002002872743  0.002002872743  0.006028773248  0.006024925095  0.002002872743  0.004011513754  0.012109268628  0.017221170279  0.028588447082  0.013125061351  0.014147954081  
lophophorus_impejanus 0.012104453480  0.016200635203  0.000000000000  0.002002872743  0.000000000000  0.006024925095  0.000000000000  0.000000000000  0.000000000000  0.004013676926  0.004011125237  0.000000000000  0.002002872743  0.010076533807  0.015173141924  0.026507076640  0.011089695328  0.012109268628  
catreus_wallichi 0.017213724838  0.022362929691  0.006024925095  0.008044555576  0.006024925095  0.000000000000  0.006024925095  0.006024925095  0.006024925095  0.010072392099  0.010069515444  0.006024925095  0.008044555576  0.016186442852  0.021326540243  0.032758019729  0.017208110977  0.018236443246  
syrmaticus_reevesii 0.012104453480  0.016200635203  0.000000000000  0.002002872743  0.000000000000  0.006024925095  0.000000000000  0.000000000000  0.000000000000  0.004013676926  0.004011125237  0.000000000000  0.002002872743  0.010076533807  0.015173141924  0.026507076640  0.011089695328  0.012109268628  
lophura_inornata 0.012104453480  0.016200635203  0.000000000000  0.002002872743  0.000000000000  0.006024925095  0.000000000000  0.000000000000  0.000000000000  0.004013676926  0.004011125237  0.000000000000  0.002002872743  0.010076533807  0.015173141924  0.026507076640  0.011089695328  0.012109268628  
phasianus_colchicus 0.012104453480  0.016200635203  0.000000000000  0.002002872743  0.000000000000  0.006024925095  0.000000000000  0.000000000000  0.000000000000  0.004013676926  0.004011125237  0.000000000000  0.002002872743  0.010076533807  0.015173141924  0.026507076640  0.011089695328  0.012109268628  
melgal2    0.016192626285  0.020320767740  0.004013676926  0.006028773248  0.004013676926  0.010072392099  0.004013676926  0.004013676926  0.004013676926  0.000000000000  0.008046238546  0.004013676926  0.004011513754  0.014155266122  0.019285230476  0.030689164875  0.015173141924  0.016200635203  
chrysolophus_pictus 0.016182087906  0.020300077118  0.004011125237  0.006024925095  0.004011125237  0.010069515444  0.004011125237  0.004011125237  0.004011125237  0.008046238546  0.000000000000  0.004011125237  0.006024925095  0.014142458386  0.019267095130  0.030664860298  0.015161465355  0.016186442852  
lophura_swinhoii 0.012104453480  0.016200635203  0.000000000000  0.002002872743  0.000000000000  0.006024925095  0.000000000000  0.000000000000  0.000000000000  0.004013676926  0.004011125237  0.000000000000  0.002002872743  0.010076533807  0.015173141924  0.026507076640  0.011089695328  0.012109268628  
perdix_dauuricae 0.014142458386  0.018252034844  0.002002872743  0.004011513754  0.002002872743  0.008044555576  0.002002872743  0.002002872743  0.002002872743  0.004011513754  0.006024925095  0.002002872743  0.000000000000  0.012109268628  0.017221170279  0.027565649483  0.013125061351  0.014147954081  
tragopan_blythii 0.022362929691  0.026532156711  0.010076533807  0.012109268628  0.010076533807  0.016186442852  0.010076533807  0.010076533807  0.010076533807  0.014155266122  0.014142458386  0.010076533807  0.012109268628  0.000000000000  0.025486277949  0.036992210500  0.021335399768  0.022373073714  
syrmaticus_ellioti 0.013138993277  0.017254466339  0.015173141924  0.017221170279  0.015173141924  0.021326540243  0.015173141924  0.015173141924  0.015173141924  0.019285230476  0.019267095130  0.015173141924  0.017221170279  0.025486277949  0.000000000000  0.026532156711  0.012124317821  0.013148671795  
galgal4    0.018231402505  0.020292496279  0.026507076640  0.028588447082  0.026507076640  0.032758019729  0.026507076640  0.026507076640  0.026507076640  0.030689164875  0.030664860298  0.026507076640  0.027565649483  0.036992210500  0.026532156711  0.000000000000  0.017208110977  0.018236443246  
rollulus_rouloul 0.003007031170  0.007036715179  0.011089695328  0.013125061351  0.011089695328  0.017208110977  0.011089695328  0.011089695328  0.011089695328  0.015173141924  0.015161465355  0.011089695328  0.013125061351  0.021335399768  0.012124317821  0.017208110977  0.000000000000  0.003006214043  
alectoris_rufa 0.004011125237  0.008049713832  0.012109268628  0.014147954081  0.012109268628  0.018236443246  0.012109268628  0.012109268628  0.012109268628  0.016200635203  0.016186442852  0.012109268628  0.014147954081  0.022373073714  0.013148671795  0.018236443246  0.003006214043  0.000000000000  

