18
galgal4    0.000000000000  0.017251924592  0.043739092678  0.015202135628  0.040369535682  0.024482133904  0.039291181260  0.066664480235  0.026559732575  0.021355695602  0.021355695602  0.021355695602  0.029717875603  0.033912845450  0.019294509622  0.021355695602  0.017228636536  0.010081753591  
cyrtonyx_montezumae 0.017251924592  0.000000000000  0.041644892992  0.012144756662  0.037203339179  0.021385387407  0.036129788966  0.066779553907  0.023454111519  0.018272412166  0.018272412166  0.018272412166  0.026598517647  0.030775394375  0.016219960134  0.018272412166  0.016219960134  0.007046043445  
tragopan_blythii 0.043739092678  0.041644892992  0.000000000000  0.039513745128  0.063615162476  0.046978958263  0.062481363456  0.089929953419  0.049132858559  0.043697435912  0.043697435912  0.043697435912  0.050235710940  0.054571458885  0.041561502257  0.041522602300  0.042649017485  0.034118965232  
pavo_cristatus 0.015202135628  0.012144756662  0.039513745128  0.000000000000  0.035089504260  0.019322778343  0.032952117194  0.064567533646  0.021385387407  0.016219960134  0.016219960134  0.016219960134  0.024519430702  0.028683825992  0.014173519842  0.016219960134  0.014173519842  0.005027188949  
rollulus_rouloul 0.040369535682  0.037203339179  0.063615162476  0.035089504260  0.000000000000  0.038246428101  0.051247677057  0.082905069799  0.040369535682  0.035029786256  0.035029786256  0.035029786256  0.043619747956  0.047907903347  0.032923990730  0.035029786256  0.032923990730  0.029764420885  
phasianus_colchicus 0.024482133904  0.021385387407  0.046978958263  0.019322778343  0.038246428101  0.000000000000  0.020399639026  0.050235710940  0.008061304871  0.003009759676  0.003009759676  0.003009759676  0.011120513021  0.015202135628  0.011120513021  0.013158343813  0.017239386750  0.014162904808  
syrmaticus_ellioti 0.039291181260  0.036129788966  0.062481363456  0.032952117194  0.051247677057  0.020399639026  0.000000000000  0.063553306681  0.020379768286  0.017282351283  0.017282351283  0.017282351283  0.025615946285  0.029790436579  0.025615946285  0.027700061101  0.031860304183  0.028706713094  
lophura_inornata 0.066664480235  0.066779553907  0.089929953419  0.064567533646  0.082905069799  0.050235710940  0.063553306681  0.000000000000  0.052400186896  0.046935002149  0.046935002149  0.046935002149  0.054621558759  0.057866744801  0.053509540858  0.057919269810  0.062251602109  0.058934569395  
catreus_wallichi 0.026559732575  0.023454111519  0.049132858559  0.021385387407  0.040369535682  0.008061304871  0.020379768286  0.052400186896  0.000000000000  0.005022173874  0.005022173874  0.005022173874  0.013158343813  0.017251924592  0.013158343813  0.015202135628  0.019294509622  0.016208660638  
syrmaticus_reevesii 0.021355695602  0.018272412166  0.043697435912  0.016219960134  0.035029786256  0.003009759676  0.017282351283  0.046935002149  0.005022173874  0.000000000000  0.000000000000  0.000000000000  0.008061304871  0.012123117404  0.008061304871  0.010089262594  0.014154065546  0.011094354076  
lophura_nycthemera 0.021355695602  0.018272412166  0.043697435912  0.016219960134  0.035029786256  0.003009759676  0.017282351283  0.046935002149  0.005022173874  0.000000000000  0.000000000000  0.000000000000  0.008061304871  0.012123117404  0.008061304871  0.010089262594  0.014154065546  0.011094354076  
crossoptilon_crossoptilon 0.021355695602  0.018272412166  0.043697435912  0.016219960134  0.035029786256  0.003009759676  0.017282351283  0.046935002149  0.005022173874  0.000000000000  0.000000000000  0.000000000000  0.008061304871  0.012123117404  0.008061304871  0.010089262594  0.014154065546  0.011094354076  
chrysolophus_pictus 0.029717875603  0.026598517647  0.050235710940  0.024519430702  0.043619747956  0.011120513021  0.025615946285  0.054621558759  0.013158343813  0.008061304871  0.008061304871  0.008061304871  0.000000000000  0.006024860096  0.016247901187  0.018301763260  0.022410702991  0.019307747170  
lophura_swinhoii 0.033912845450  0.030775394375  0.054571458885  0.028683825992  0.047907903347  0.015202135628  0.029790436579  0.057866744801  0.017251924592  0.012123117404  0.012123117404  0.012123117404  0.006024860096  0.000000000000  0.020361688343  0.022427713552  0.026559732575  0.023437640742  
perdix_dauuricae 0.019294509622  0.016219960134  0.041561502257  0.014173519842  0.032923990730  0.011120513021  0.025615946285  0.053509540858  0.013158343813  0.008061304871  0.008061304871  0.008061304871  0.016247901187  0.020361688343  0.000000000000  0.008061304871  0.012114946726  0.009064436335  
melgal2    0.021355695602  0.018272412166  0.041522602300  0.016219960134  0.035029786256  0.013158343813  0.027700061101  0.057919269810  0.015202135628  0.010089262594  0.010089262594  0.010089262594  0.018301763260  0.022427713552  0.008061304871  0.000000000000  0.014154065546  0.011094354076  
lophophorus_impejanus 0.017228636536  0.016219960134  0.042649017485  0.014173519842  0.032923990730  0.017239386750  0.031860304183  0.062251602109  0.019294509622  0.014154065546  0.014154065546  0.014154065546  0.022410702991  0.026559732575  0.012114946726  0.014154065546  0.000000000000  0.009064436335  
alectoris_rufa 0.010081753591  0.007046043445  0.034118965232  0.005027188949  0.029764420885  0.014162904808  0.028706713094  0.058934569395  0.016208660638  0.011094354076  0.011094354076  0.011094354076  0.019307747170  0.023437640742  0.009064436335  0.011094354076  0.009064436335  0.000000000000  

