18
cyrtonyx_montezumae 0.000000000000  0.013127134287  0.005018473059  0.014168221189  0.006037659608  0.010086495281  0.010079574770  0.015175638722  0.012112033856  0.009062809771  0.009062809771  0.010079574770  0.005026116009  0.005026116009  0.005026116009  0.005026116009  0.005026116009  0.005026116009  
rollulus_rouloul 0.013127134287  0.000000000000  0.018244379768  0.027593323561  0.017232887042  0.021346575281  0.021335399551  0.024429907737  0.023400536237  0.020300266489  0.020300266489  0.021335399551  0.016203165234  0.016203165234  0.016203165234  0.016203165234  0.016203165234  0.016203165234  
galgal4    0.005018473059  0.018244379768  0.000000000000  0.014150298167  0.005018473059  0.009058623241  0.009056061951  0.014138937010  0.011084153082  0.008043644278  0.008043644278  0.009056061951  0.004011232346  0.004011232346  0.004011232346  0.004011232346  0.004011232346  0.004011232346  
pavo_cristatus 0.014168221189  0.027593323561  0.014150298167  0.000000000000  0.015195825376  0.019298954212  0.019286763067  0.024454204972  0.021346575281  0.018253769919  0.018253769919  0.019286763067  0.014168221189  0.014168221189  0.014168221189  0.014168221189  0.014168221189  0.014168221189  
tragopan_blythii 0.006037659608  0.017232887042  0.005018473059  0.015195825376  0.000000000000  0.006027823156  0.006025321593  0.011087299722  0.008045103334  0.005017064684  0.005017064684  0.006025321593  0.001001038846  0.001001038846  0.001001038846  0.001001038846  0.001001038846  0.001001038846  
melgal2    0.010086495281  0.021346575281  0.009058623241  0.019298954212  0.006027823156  0.000000000000  0.010070610768  0.015162023885  0.012101877394  0.009056061951  0.009056061951  0.010070610768  0.005018473059  0.005018473059  0.005018473059  0.005018473059  0.005018473059  0.005018473059  
syrmaticus_reevesii 0.010079574770  0.021335399551  0.009056061951  0.019286763067  0.006025321593  0.010070610768  0.000000000000  0.005018473059  0.004013159456  0.001001038846  0.001001038846  0.002004161153  0.005017064684  0.005017064684  0.005017064684  0.005017064684  0.005017064684  0.005017064684  
phasianus_colchicus 0.015175638722  0.024429907737  0.014138937010  0.024454204972  0.011087299722  0.015162023885  0.005018473059  0.000000000000  0.009062809771  0.006027823156  0.006027823156  0.007039291489  0.010070610768  0.010070610768  0.010070610768  0.010070610768  0.010070610768  0.010070610768  
lophophorus_impejanus 0.012112033856  0.023400536237  0.011084153082  0.021346575281  0.008045103334  0.012101877394  0.004013159456  0.009062809771  0.000000000000  0.003006932890  0.003006932890  0.004013159456  0.007033710256  0.007033710256  0.007033710256  0.007033710256  0.007033710256  0.007033710256  
perdix_dauuricae 0.009062809771  0.020300266489  0.008043644278  0.018253769919  0.005017064684  0.009056061951  0.001001038846  0.006027823156  0.003006932890  0.000000000000  0.000000000000  0.001001038846  0.004010912596  0.004010912596  0.004010912596  0.004010912596  0.004010912596  0.004010912596  
syrmaticus_ellioti 0.009062809771  0.020300266489  0.008043644278  0.018253769919  0.005017064684  0.009056061951  0.001001038846  0.006027823156  0.003006932890  0.000000000000  0.000000000000  0.001001038846  0.004010912596  0.004010912596  0.004010912596  0.004010912596  0.004010912596  0.004010912596  
chrysolophus_pictus 0.010079574770  0.021335399551  0.009056061951  0.019286763067  0.006025321593  0.010070610768  0.002004161153  0.007039291489  0.004013159456  0.001001038846  0.001001038846  0.000000000000  0.005017064684  0.005017064684  0.005017064684  0.005017064684  0.005017064684  0.005017064684  
lophura_nycthemera 0.005026116009  0.016203165234  0.004011232346  0.014168221189  0.001001038846  0.005018473059  0.005017064684  0.010070610768  0.007033710256  0.004010912596  0.004010912596  0.005017064684  0.000000000000  0.000000000000  0.000000000000  0.000000000000  0.000000000000  0.000000000000  
lophura_inornata 0.005026116009  0.016203165234  0.004011232346  0.014168221189  0.001001038846  0.005018473059  0.005017064684  0.010070610768  0.007033710256  0.004010912596  0.004010912596  0.005017064684  0.000000000000  0.000000000000  0.000000000000  0.000000000000  0.000000000000  0.000000000000  
crossoptilon_crossoptilon 0.005026116009  0.016203165234  0.004011232346  0.014168221189  0.001001038846  0.005018473059  0.005017064684  0.010070610768  0.007033710256  0.004010912596  0.004010912596  0.005017064684  0.000000000000  0.000000000000  0.000000000000  0.000000000000  0.000000000000  0.000000000000  
catreus_wallichi 0.005026116009  0.016203165234  0.004011232346  0.014168221189  0.001001038846  0.005018473059  0.005017064684  0.010070610768  0.007033710256  0.004010912596  0.004010912596  0.005017064684  0.000000000000  0.000000000000  0.000000000000  0.000000000000  0.000000000000  0.000000000000  
lophura_swinhoii 0.005026116009  0.016203165234  0.004011232346  0.014168221189  0.001001038846  0.005018473059  0.005017064684  0.010070610768  0.007033710256  0.004010912596  0.004010912596  0.005017064684  0.000000000000  0.000000000000  0.000000000000  0.000000000000  0.000000000000  0.000000000000  
alectoris_rufa 0.005026116009  0.016203165234  0.004011232346  0.014168221189  0.001001038846  0.005018473059  0.005017064684  0.010070610768  0.007033710256  0.004010912596  0.004010912596  0.005017064684  0.000000000000  0.000000000000  0.000000000000  0.000000000000  0.000000000000  0.000000000000  

