18
galgal4    0.000000000000  0.009078189707  0.009078189707  0.009078189707  0.009078189707  0.014184529548  0.009078189707  0.009078189707  0.009078189707  0.009078189707  0.013169876556  0.009078189707  0.009078189707  0.009078189707  0.007045705538  0.010097757016  0.010088657652  0.006032769447  
tragopan_blythii 0.009078189707  0.000000000000  0.000000000000  0.000000000000  0.000000000000  0.005022024634  0.000000000000  0.000000000000  0.000000000000  0.000000000000  0.004017220728  0.000000000000  0.000000000000  0.000000000000  0.002004292848  0.005026946119  0.005022024634  0.011109264363  
syrmaticus_ellioti 0.009078189707  0.000000000000  0.000000000000  0.000000000000  0.000000000000  0.005022024634  0.000000000000  0.000000000000  0.000000000000  0.000000000000  0.004017220728  0.000000000000  0.000000000000  0.000000000000  0.002004292848  0.005026946119  0.005022024634  0.011109264363  
crossoptilon_crossoptilon 0.009078189707  0.000000000000  0.000000000000  0.000000000000  0.000000000000  0.005022024634  0.000000000000  0.000000000000  0.000000000000  0.000000000000  0.004017220728  0.000000000000  0.000000000000  0.000000000000  0.002004292848  0.005026946119  0.005022024634  0.011109264363  
syrmaticus_reevesii 0.009078189707  0.000000000000  0.000000000000  0.000000000000  0.000000000000  0.005022024634  0.000000000000  0.000000000000  0.000000000000  0.000000000000  0.004017220728  0.000000000000  0.000000000000  0.000000000000  0.002004292848  0.005026946119  0.005022024634  0.011109264363  
perdix_dauuricae 0.014184529548  0.005022024634  0.005022024634  0.005022024634  0.005022024634  0.000000000000  0.005022024634  0.005022024634  0.005022024634  0.005022024634  0.009078189707  0.005022024634  0.005022024634  0.005022024634  0.007045705538  0.010097757016  0.010088657652  0.016231419094  
lophura_inornata 0.009078189707  0.000000000000  0.000000000000  0.000000000000  0.000000000000  0.005022024634  0.000000000000  0.000000000000  0.000000000000  0.000000000000  0.004017220728  0.000000000000  0.000000000000  0.000000000000  0.002004292848  0.005026946119  0.005022024634  0.011109264363  
lophura_nycthemera 0.009078189707  0.000000000000  0.000000000000  0.000000000000  0.000000000000  0.005022024634  0.000000000000  0.000000000000  0.000000000000  0.000000000000  0.004017220728  0.000000000000  0.000000000000  0.000000000000  0.002004292848  0.005026946119  0.005022024634  0.011109264363  
catreus_wallichi 0.009078189707  0.000000000000  0.000000000000  0.000000000000  0.000000000000  0.005022024634  0.000000000000  0.000000000000  0.000000000000  0.000000000000  0.004017220728  0.000000000000  0.000000000000  0.000000000000  0.002004292848  0.005026946119  0.005022024634  0.011109264363  
phasianus_colchicus 0.009078189707  0.000000000000  0.000000000000  0.000000000000  0.000000000000  0.005022024634  0.000000000000  0.000000000000  0.000000000000  0.000000000000  0.004017220728  0.000000000000  0.000000000000  0.000000000000  0.002004292848  0.005026946119  0.005022024634  0.011109264363  
lophophorus_impejanus 0.013169876556  0.004017220728  0.004017220728  0.004017220728  0.004017220728  0.009078189707  0.004017220728  0.004017220728  0.004017220728  0.004017220728  0.000000000000  0.004017220728  0.004017220728  0.004017220728  0.006038858366  0.009087811486  0.009078189707  0.015214132524  
chrysolophus_pictus 0.009078189707  0.000000000000  0.000000000000  0.000000000000  0.000000000000  0.005022024634  0.000000000000  0.000000000000  0.000000000000  0.000000000000  0.004017220728  0.000000000000  0.000000000000  0.000000000000  0.002004292848  0.005026946119  0.005022024634  0.011109264363  
melgal2    0.009078189707  0.000000000000  0.000000000000  0.000000000000  0.000000000000  0.005022024634  0.000000000000  0.000000000000  0.000000000000  0.000000000000  0.004017220728  0.000000000000  0.000000000000  0.000000000000  0.002004292848  0.005026946119  0.005022024634  0.011109264363  
lophura_swinhoii 0.009078189707  0.000000000000  0.000000000000  0.000000000000  0.000000000000  0.005022024634  0.000000000000  0.000000000000  0.000000000000  0.000000000000  0.004017220728  0.000000000000  0.000000000000  0.000000000000  0.002004292848  0.005026946119  0.005022024634  0.011109264363  
pavo_cristatus 0.007045705538  0.002004292848  0.002004292848  0.002004292848  0.002004292848  0.007045705538  0.002004292848  0.002004292848  0.002004292848  0.002004292848  0.006038858366  0.002004292848  0.002004292848  0.002004292848  0.000000000000  0.003009672761  0.003007071065  0.009070275498  
rollulus_rouloul 0.010097757016  0.005026946119  0.005026946119  0.005026946119  0.005026946119  0.010097757016  0.005026946119  0.005026946119  0.005026946119  0.005026946119  0.009087811486  0.005026946119  0.005026946119  0.005026946119  0.003009672761  0.000000000000  0.006032769447  0.012132105369  
cyrtonyx_montezumae 0.010088657652  0.005022024634  0.005022024634  0.005022024634  0.005022024634  0.010088657652  0.005022024634  0.005022024634  0.005022024634  0.005022024634  0.009078189707  0.005022024634  0.005022024634  0.005022024634  0.003007071065  0.006032769447  0.000000000000  0.012122338864  
alectoris_rufa 0.006032769447  0.011109264363  0.011109264363  0.011109264363  0.011109264363  0.016231419094  0.011109264363  0.011109264363  0.011109264363  0.011109264363  0.015214132524  0.011109264363  0.011109264363  0.011109264363  0.009070275498  0.012132105369  0.012122338864  0.000000000000  

