18
tragopan_blythii 0.000000000000  0.000000000000  0.000000000000  0.000000000000  0.000000000000  0.000000000000  0.000000000000  0.004012837885  0.002004016410  0.000000000000  0.000000000000  0.000000000000  0.000000000000  0.005018173604  0.011086155994  0.012135005722  0.007043188367  0.017250289738  
phasianus_colchicus 0.000000000000  0.000000000000  0.000000000000  0.000000000000  0.000000000000  0.000000000000  0.000000000000  0.004012837885  0.002004016410  0.000000000000  0.000000000000  0.000000000000  0.000000000000  0.005018173604  0.011086155994  0.012135005722  0.007043188367  0.017250289738  
lophophorus_impejanus 0.000000000000  0.000000000000  0.000000000000  0.000000000000  0.000000000000  0.000000000000  0.000000000000  0.004012837885  0.002004016410  0.000000000000  0.000000000000  0.000000000000  0.000000000000  0.005018173604  0.011086155994  0.012135005722  0.007043188367  0.017250289738  
catreus_wallichi 0.000000000000  0.000000000000  0.000000000000  0.000000000000  0.000000000000  0.000000000000  0.000000000000  0.004012837885  0.002004016410  0.000000000000  0.000000000000  0.000000000000  0.000000000000  0.005018173604  0.011086155994  0.012135005722  0.007043188367  0.017250289738  
melgal2    0.000000000000  0.000000000000  0.000000000000  0.000000000000  0.000000000000  0.000000000000  0.000000000000  0.004012837885  0.002004016410  0.000000000000  0.000000000000  0.000000000000  0.000000000000  0.005018173604  0.011086155994  0.012135005722  0.007043188367  0.017250289738  
lophura_inornata 0.000000000000  0.000000000000  0.000000000000  0.000000000000  0.000000000000  0.000000000000  0.000000000000  0.004012837885  0.002004016410  0.000000000000  0.000000000000  0.000000000000  0.000000000000  0.005018173604  0.011086155994  0.012135005722  0.007043188367  0.017250289738  
syrmaticus_reevesii 0.000000000000  0.000000000000  0.000000000000  0.000000000000  0.000000000000  0.000000000000  0.000000000000  0.004012837885  0.002004016410  0.000000000000  0.000000000000  0.000000000000  0.000000000000  0.005018173604  0.011086155994  0.012135005722  0.007043188367  0.017250289738  
syrmaticus_ellioti 0.004012837885  0.004012837885  0.004012837885  0.004012837885  0.004012837885  0.004012837885  0.004012837885  0.000000000000  0.006031026594  0.004012837885  0.004012837885  0.004012837885  0.004012837885  0.009061544507  0.015165242792  0.014174268654  0.011103542881  0.021379154970  
crossoptilon_crossoptilon 0.002004016410  0.002004016410  0.002004016410  0.002004016410  0.002004016410  0.002004016410  0.002004016410  0.006031026594  0.000000000000  0.002004016410  0.002004016410  0.002004016410  0.002004016410  0.007038400265  0.013124932825  0.014186361700  0.009073688348  0.019318634109  
lophura_swinhoii 0.000000000000  0.000000000000  0.000000000000  0.000000000000  0.000000000000  0.000000000000  0.000000000000  0.004012837885  0.002004016410  0.000000000000  0.000000000000  0.000000000000  0.000000000000  0.005018173604  0.011086155994  0.012135005722  0.007043188367  0.017250289738  
perdix_dauuricae 0.000000000000  0.000000000000  0.000000000000  0.000000000000  0.000000000000  0.000000000000  0.000000000000  0.004012837885  0.002004016410  0.000000000000  0.000000000000  0.000000000000  0.000000000000  0.005018173604  0.011086155994  0.012135005722  0.007043188367  0.017250289738  
chrysolophus_pictus 0.000000000000  0.000000000000  0.000000000000  0.000000000000  0.000000000000  0.000000000000  0.000000000000  0.004012837885  0.002004016410  0.000000000000  0.000000000000  0.000000000000  0.000000000000  0.005018173604  0.011086155994  0.012135005722  0.007043188367  0.017250289738  
lophura_nycthemera 0.000000000000  0.000000000000  0.000000000000  0.000000000000  0.000000000000  0.000000000000  0.000000000000  0.004012837885  0.002004016410  0.000000000000  0.000000000000  0.000000000000  0.000000000000  0.005018173604  0.011086155994  0.012135005722  0.007043188367  0.017250289738  
rollulus_rouloul 0.005018173604  0.005018173604  0.005018173604  0.005018173604  0.005018173604  0.005018173604  0.005018173604  0.009061544507  0.007038400265  0.005018173604  0.005018173604  0.005018173604  0.005018173604  0.000000000000  0.012104503782  0.013159630203  0.008057406162  0.022403874790  
galgal4    0.011086155994  0.011086155994  0.011086155994  0.011086155994  0.011086155994  0.011086155994  0.011086155994  0.015165242792  0.013124932825  0.011086155994  0.011086155994  0.011086155994  0.011086155994  0.012104503782  0.000000000000  0.019304368118  0.014154810345  0.028629184668  
cyrtonyx_montezumae 0.012135005722  0.012135005722  0.012135005722  0.012135005722  0.012135005722  0.012135005722  0.012135005722  0.014174268654  0.014186361700  0.012135005722  0.012135005722  0.012135005722  0.012135005722  0.013159630203  0.019304368118  0.000000000000  0.009082103165  0.029765609513  
pavo_cristatus 0.007043188367  0.007043188367  0.007043188367  0.007043188367  0.007043188367  0.007043188367  0.007043188367  0.011103542881  0.009073688348  0.007043188367  0.007043188367  0.007043188367  0.007043188367  0.008057406162  0.014154810345  0.009082103165  0.000000000000  0.022419790519  
alectoris_rufa 0.017250289738  0.017250289738  0.017250289738  0.017250289738  0.017250289738  0.017250289738  0.017250289738  0.021379154970  0.019318634109  0.017250289738  0.017250289738  0.017250289738  0.017250289738  0.022403874790  0.028629184668  0.029765609513  0.022419790519  0.000000000000  

