18
cyrtonyx_montezumae 0.000000000000  0.005027649034  0.005027649034  0.005027649034  0.013174036243  0.012147077276  0.005027649034  0.005027649034  0.005027649034  0.005027649034  0.005027649034  0.005027649034  0.005027649034  0.010111419928  0.016222841692  0.013139406729  0.011122428803  0.013160707825  
lophura_nycthemera 0.005027649034  0.000000000000  0.000000000000  0.000000000000  0.008062242965  0.007046733431  0.000000000000  0.000000000000  0.000000000000  0.000000000000  0.000000000000  0.000000000000  0.000000000000  0.007054352761  0.013139406729  0.010076707407  0.008062242965  0.010090513373  
syrmaticus_reevesii 0.005027649034  0.000000000000  0.000000000000  0.000000000000  0.008062242965  0.007046733431  0.000000000000  0.000000000000  0.000000000000  0.000000000000  0.000000000000  0.000000000000  0.000000000000  0.007054352761  0.013139406729  0.010076707407  0.008062242965  0.010090513373  
perdix_dauuricae 0.005027649034  0.000000000000  0.000000000000  0.000000000000  0.008062242965  0.007046733431  0.000000000000  0.000000000000  0.000000000000  0.000000000000  0.000000000000  0.000000000000  0.000000000000  0.007054352761  0.013139406729  0.010076707407  0.008062242965  0.010090513373  
galgal4    0.013174036243  0.008062242965  0.008062242965  0.008062242965  0.000000000000  0.007040877456  0.008062242965  0.008062242965  0.008062242965  0.008062242965  0.008062242965  0.008062242965  0.008062242965  0.013174036243  0.019311706967  0.018275820723  0.016251739880  0.018306233082  
pavo_cristatus 0.012147077276  0.007046733431  0.007046733431  0.007046733431  0.007040877456  0.000000000000  0.007046733431  0.007046733431  0.007046733431  0.007046733431  0.007046733431  0.007046733431  0.007046733431  0.012147077276  0.020349954722  0.017242285272  0.015219063113  0.017270136957  
catreus_wallichi 0.005027649034  0.000000000000  0.000000000000  0.000000000000  0.008062242965  0.007046733431  0.000000000000  0.000000000000  0.000000000000  0.000000000000  0.000000000000  0.000000000000  0.000000000000  0.007054352761  0.013139406729  0.010076707407  0.008062242965  0.010090513373  
chrysolophus_pictus 0.005027649034  0.000000000000  0.000000000000  0.000000000000  0.008062242965  0.007046733431  0.000000000000  0.000000000000  0.000000000000  0.000000000000  0.000000000000  0.000000000000  0.000000000000  0.007054352761  0.013139406729  0.010076707407  0.008062242965  0.010090513373  
crossoptilon_crossoptilon 0.005027649034  0.000000000000  0.000000000000  0.000000000000  0.008062242965  0.007046733431  0.000000000000  0.000000000000  0.000000000000  0.000000000000  0.000000000000  0.000000000000  0.000000000000  0.007054352761  0.013139406729  0.010076707407  0.008062242965  0.010090513373  
lophura_inornata 0.005027649034  0.000000000000  0.000000000000  0.000000000000  0.008062242965  0.007046733431  0.000000000000  0.000000000000  0.000000000000  0.000000000000  0.000000000000  0.000000000000  0.000000000000  0.007054352761  0.013139406729  0.010076707407  0.008062242965  0.010090513373  
lophura_swinhoii 0.005027649034  0.000000000000  0.000000000000  0.000000000000  0.008062242965  0.007046733431  0.000000000000  0.000000000000  0.000000000000  0.000000000000  0.000000000000  0.000000000000  0.000000000000  0.007054352761  0.013139406729  0.010076707407  0.008062242965  0.010090513373  
syrmaticus_ellioti 0.005027649034  0.000000000000  0.000000000000  0.000000000000  0.008062242965  0.007046733431  0.000000000000  0.000000000000  0.000000000000  0.000000000000  0.000000000000  0.000000000000  0.000000000000  0.007054352761  0.013139406729  0.010076707407  0.008062242965  0.010090513373  
tragopan_blythii 0.005027649034  0.000000000000  0.000000000000  0.000000000000  0.008062242965  0.007046733431  0.000000000000  0.000000000000  0.000000000000  0.000000000000  0.000000000000  0.000000000000  0.000000000000  0.007054352761  0.013139406729  0.010076707407  0.008062242965  0.010090513373  
melgal2    0.010111419928  0.007054352761  0.007054352761  0.007054352761  0.013174036243  0.012147077276  0.007054352761  0.007054352761  0.007054352761  0.007054352761  0.007054352761  0.007054352761  0.007054352761  0.000000000000  0.014164900581  0.011095320436  0.009080021917  0.011111613577  
phasianus_colchicus 0.016222841692  0.013139406729  0.013139406729  0.013139406729  0.019311706967  0.020349954722  0.013139406729  0.013139406729  0.013139406729  0.013139406729  0.013139406729  0.013139406729  0.013139406729  0.014164900581  0.000000000000  0.003009924340  0.009065145008  0.011095320436  
lophophorus_impejanus 0.013139406729  0.010076707407  0.010076707407  0.010076707407  0.018275820723  0.017242285272  0.010076707407  0.010076707407  0.010076707407  0.010076707407  0.010076707407  0.010076707407  0.010076707407  0.011095320436  0.003009924340  0.000000000000  0.006025986521  0.008046290628  
rollulus_rouloul 0.011122428803  0.008062242965  0.008062242965  0.008062242965  0.016251739880  0.015219063113  0.008062242965  0.008062242965  0.008062242965  0.008062242965  0.008062242965  0.008062242965  0.008062242965  0.009080021917  0.009065145008  0.006025986521  0.000000000000  0.002002875925  
alectoris_rufa 0.013160707825  0.010090513373  0.010090513373  0.010090513373  0.018306233082  0.017270136957  0.010090513373  0.010090513373  0.010090513373  0.010090513373  0.010090513373  0.010090513373  0.010090513373  0.011111613577  0.011095320436  0.008046290628  0.002002875925  0.000000000000  

