18
galgal4    0.000000000000  0.050296561556  0.039401634726  0.034089981707  0.039440034639  0.057935100861  0.048137122290  0.042658055896  0.049240801520  0.039440034639  0.039440034639  0.039440034639  0.039440034639  0.039440034639  0.039440034639  0.051404116954  0.039440034639  0.030885827021  
perdix_dauuricae 0.050296561556  0.000000000000  0.032928619474  0.029794591169  0.030828764200  0.049013993622  0.039365085668  0.035064128562  0.040446630486  0.030828764200  0.030828764200  0.030828764200  0.030828764200  0.030828764200  0.030828764200  0.040344018636  0.030828764200  0.022429799196  
pavo_cristatus 0.039401634726  0.032928619474  0.000000000000  0.020363508816  0.023474728908  0.041423993549  0.031891686233  0.026601440059  0.032957067198  0.023474728908  0.023474728908  0.023474728908  0.023474728908  0.023474728908  0.023474728908  0.036076200352  0.023474728908  0.015191153533  
rollulus_rouloul 0.034089981707  0.029794591169  0.020363508816  0.000000000000  0.019341382608  0.037177609511  0.027703811303  0.022448827059  0.028762042209  0.019341382608  0.019341382608  0.019341382608  0.019341382608  0.019341382608  0.019341382608  0.031864566906  0.019341382608  0.011110588856  
syrmaticus_ellioti 0.039440034639  0.030828764200  0.023474728908  0.019341382608  0.000000000000  0.017240421062  0.008061629988  0.004013608526  0.009079219516  0.000000000000  0.000000000000  0.000000000000  0.000000000000  0.000000000000  0.000000000000  0.012115396840  0.000000000000  0.008061629988  
cyrtonyx_montezumae 0.057935100861  0.049013993622  0.041423993549  0.037177609511  0.017240421062  0.000000000000  0.011094692633  0.021371274707  0.026601440059  0.017240421062  0.017240421062  0.017240421062  0.017240421062  0.017240421062  0.017240421062  0.026545178913  0.017240421062  0.025550644366  
catreus_wallichi 0.048137122290  0.039365085668  0.031891686233  0.027703811303  0.008061629988  0.011094692633  0.000000000000  0.012133740601  0.017283876258  0.008061629988  0.008061629988  0.008061629988  0.008061629988  0.008061629988  0.008061629988  0.017240421062  0.008061629988  0.016249231300  
lophura_swinhoii 0.042658055896  0.035064128562  0.026601440059  0.022448827059  0.004013608526  0.021371274707  0.012133740601  0.000000000000  0.013159170516  0.004013608526  0.004013608526  0.004013608526  0.004013608526  0.004013608526  0.004013608526  0.016209525721  0.004013608526  0.012133740601  
syrmaticus_reevesii 0.049240801520  0.040446630486  0.032957067198  0.028762042209  0.009079219516  0.026601440059  0.017283876258  0.013159170516  0.000000000000  0.009079219516  0.009079219516  0.009079219516  0.009079219516  0.009079219516  0.009079219516  0.021387235022  0.009079219516  0.017283876258  
tragopan_blythii 0.039440034639  0.030828764200  0.023474728908  0.019341382608  0.000000000000  0.017240421062  0.008061629988  0.004013608526  0.009079219516  0.000000000000  0.000000000000  0.000000000000  0.000000000000  0.000000000000  0.000000000000  0.012115396840  0.000000000000  0.008061629988  
phasianus_colchicus 0.039440034639  0.030828764200  0.023474728908  0.019341382608  0.000000000000  0.017240421062  0.008061629988  0.004013608526  0.009079219516  0.000000000000  0.000000000000  0.000000000000  0.000000000000  0.000000000000  0.000000000000  0.012115396840  0.000000000000  0.008061629988  
chrysolophus_pictus 0.039440034639  0.030828764200  0.023474728908  0.019341382608  0.000000000000  0.017240421062  0.008061629988  0.004013608526  0.009079219516  0.000000000000  0.000000000000  0.000000000000  0.000000000000  0.000000000000  0.000000000000  0.012115396840  0.000000000000  0.008061629988  
crossoptilon_crossoptilon 0.039440034639  0.030828764200  0.023474728908  0.019341382608  0.000000000000  0.017240421062  0.008061629988  0.004013608526  0.009079219516  0.000000000000  0.000000000000  0.000000000000  0.000000000000  0.000000000000  0.000000000000  0.012115396840  0.000000000000  0.008061629988  
lophura_inornata 0.039440034639  0.030828764200  0.023474728908  0.019341382608  0.000000000000  0.017240421062  0.008061629988  0.004013608526  0.009079219516  0.000000000000  0.000000000000  0.000000000000  0.000000000000  0.000000000000  0.000000000000  0.012115396840  0.000000000000  0.008061629988  
lophophorus_impejanus 0.039440034639  0.030828764200  0.023474728908  0.019341382608  0.000000000000  0.017240421062  0.008061629988  0.004013608526  0.009079219516  0.000000000000  0.000000000000  0.000000000000  0.000000000000  0.000000000000  0.000000000000  0.012115396840  0.000000000000  0.008061629988  
melgal2    0.051404116954  0.040344018636  0.036076200352  0.031864566906  0.012115396840  0.026545178913  0.017240421062  0.016209525721  0.021387235022  0.012115396840  0.012115396840  0.012115396840  0.012115396840  0.012115396840  0.012115396840  0.000000000000  0.012115396840  0.020347025700  
lophura_nycthemera 0.039440034639  0.030828764200  0.023474728908  0.019341382608  0.000000000000  0.017240421062  0.008061629988  0.004013608526  0.009079219516  0.000000000000  0.000000000000  0.000000000000  0.000000000000  0.000000000000  0.000000000000  0.012115396840  0.000000000000  0.008061629988  
alectoris_rufa 0.030885827021  0.022429799196  0.015191153533  0.011110588856  0.008061629988  0.025550644366  0.016249231300  0.012133740601  0.017283876258  0.008061629988  0.008061629988  0.008061629988  0.008061629988  0.008061629988  0.008061629988  0.020347025700  0.008061629988  0.000000000000  

