18
galgal4    0.000000000000  0.017277108201  0.056908046132  0.041532682676  0.010087782488  0.008053607365  0.021434909527  0.010080565089  0.026610008267  0.008053607365  0.008053607365  0.009063540436  0.015187380148  0.013155547492  0.008053607365  0.008053607365  0.008053607365  0.009063540436  
pavo_cristatus 0.017277108201  0.000000000000  0.051345676315  0.040379251238  0.021396065331  0.019317432603  0.032994806283  0.021379215472  0.038257027862  0.019317432603  0.019317432603  0.020339964823  0.026588771227  0.024531248127  0.019317432603  0.019317432603  0.019317432603  0.026610008267  
cyrtonyx_montezumae 0.056908046132  0.051345676315  0.000000000000  0.062195270177  0.060161642307  0.057918543632  0.065816387789  0.060106652994  0.077107825482  0.057918543632  0.057918543632  0.058985180297  0.064560509014  0.063546368427  0.057918543632  0.057918543632  0.057918543632  0.066891925177  
rollulus_rouloul 0.041532682676  0.040379251238  0.062195270177  0.000000000000  0.047995910221  0.045807174175  0.060218475025  0.047954230535  0.064680015923  0.045807174175  0.045807174175  0.046859935447  0.053417369832  0.051298128033  0.045807174175  0.045807174175  0.045807174175  0.050150447410  
tragopan_blythii 0.010087782488  0.021396065331  0.060161642307  0.047995910221  0.000000000000  0.002004241545  0.015243068144  0.004013337703  0.020372961723  0.002004241545  0.002004241545  0.003007012883  0.009069601087  0.007052329452  0.002004241545  0.002004241545  0.002004241545  0.019302993229  
lophophorus_impejanus 0.008053607365  0.019317432603  0.057918543632  0.045807174175  0.002004241545  0.000000000000  0.013182044099  0.002002825143  0.018296482188  0.000000000000  0.000000000000  0.001000765425  0.007039791942  0.005026622720  0.000000000000  0.000000000000  0.000000000000  0.017235847374  
perdix_dauuricae 0.021434909527  0.032994806283  0.065816387789  0.060218475025  0.015243068144  0.013182044099  0.000000000000  0.015226607431  0.030894379550  0.013182044099  0.013182044099  0.014196160004  0.020392026765  0.018351546323  0.013182044099  0.013182044099  0.013182044099  0.030836707556  
syrmaticus_reevesii 0.010080565089  0.021379215472  0.060106652994  0.047954230535  0.004013337703  0.002002825143  0.015226607431  0.000000000000  0.020355606792  0.002002825143  0.002002825143  0.003006127718  0.009063540436  0.007045226085  0.002002825143  0.002002825143  0.002002825143  0.019290266915  
melgal2    0.026610008267  0.038257027862  0.077107825482  0.064680015923  0.020372961723  0.018296482188  0.030894379550  0.020355606792  0.000000000000  0.018296482188  0.018296482188  0.019317432603  0.025559210409  0.023504878938  0.018296482188  0.018296482188  0.018296482188  0.036081332110  
chrysolophus_pictus 0.008053607365  0.019317432603  0.057918543632  0.045807174175  0.002004241545  0.000000000000  0.013182044099  0.002002825143  0.018296482188  0.000000000000  0.000000000000  0.001000765425  0.007039791942  0.005026622720  0.000000000000  0.000000000000  0.000000000000  0.017235847374  
phasianus_colchicus 0.008053607365  0.019317432603  0.057918543632  0.045807174175  0.002004241545  0.000000000000  0.013182044099  0.002002825143  0.018296482188  0.000000000000  0.000000000000  0.001000765425  0.007039791942  0.005026622720  0.000000000000  0.000000000000  0.000000000000  0.017235847374  
lophura_swinhoii 0.009063540436  0.020339964823  0.058985180297  0.046859935447  0.003007012883  0.001000765425  0.014196160004  0.003006127718  0.019317432603  0.001000765425  0.001000765425  0.000000000000  0.006032435100  0.006032435100  0.001000765425  0.001000765425  0.001000765425  0.018256758971  
lophura_inornata 0.015187380148  0.026588771227  0.064560509014  0.053417369832  0.009069601087  0.007039791942  0.020392026765  0.009063540436  0.025559210409  0.007039791942  0.007039791942  0.006032435100  0.000000000000  0.012130746157  0.007039791942  0.007039791942  0.007039791942  0.024474915526  
crossoptilon_crossoptilon 0.013155547492  0.024531248127  0.063546368427  0.051298128033  0.007052329452  0.005026622720  0.018351546323  0.007045226085  0.023504878938  0.005026622720  0.005026622720  0.006032435100  0.012130746157  0.000000000000  0.005026622720  0.005026622720  0.005026622720  0.020339964823  
lophura_nycthemera 0.008053607365  0.019317432603  0.057918543632  0.045807174175  0.002004241545  0.000000000000  0.013182044099  0.002002825143  0.018296482188  0.000000000000  0.000000000000  0.001000765425  0.007039791942  0.005026622720  0.000000000000  0.000000000000  0.000000000000  0.017235847374  
catreus_wallichi 0.008053607365  0.019317432603  0.057918543632  0.045807174175  0.002004241545  0.000000000000  0.013182044099  0.002002825143  0.018296482188  0.000000000000  0.000000000000  0.001000765425  0.007039791942  0.005026622720  0.000000000000  0.000000000000  0.000000000000  0.017235847374  
syrmaticus_ellioti 0.008053607365  0.019317432603  0.057918543632  0.045807174175  0.002004241545  0.000000000000  0.013182044099  0.002002825143  0.018296482188  0.000000000000  0.000000000000  0.001000765425  0.007039791942  0.005026622720  0.000000000000  0.000000000000  0.000000000000  0.017235847374  
alectoris_rufa 0.009063540436  0.026610008267  0.066891925177  0.050150447410  0.019302993229  0.017235847374  0.030836707556  0.019290266915  0.036081332110  0.017235847374  0.017235847374  0.018256758971  0.024474915526  0.020339964823  0.017235847374  0.017235847374  0.017235847374  0.000000000000  

