18
lophophorus_impejanus 0.000000000000  0.012111687423  0.008048046469  0.006025262753  0.006025262753  0.006025262753  0.006025262753  0.011091808351  0.006025262753  0.006025262753  0.008044998289  0.006025262753  0.007035598235  0.010074073124  0.010074073124  0.006025262753  0.006025262753  0.006025262753  
lophura_nycthemera 0.012111687423  0.000000000000  0.012105851150  0.010070445940  0.010070445940  0.010070445940  0.010070445940  0.015167539867  0.010070445940  0.010070445940  0.012101639034  0.010070445940  0.011087078945  0.014143414241  0.014143414241  0.010070445940  0.010070445940  0.010070445940  
rollulus_rouloul 0.008048046469  0.012105851150  0.000000000000  0.002004142266  0.002004142266  0.002004142266  0.002004142266  0.007044328799  0.002004142266  0.002004142266  0.004013113992  0.002004142266  0.003009332996  0.006031813767  0.006031813767  0.002004142266  0.002004142266  0.002004142266  
lophura_swinhoii 0.006025262753  0.010070445940  0.002004142266  0.000000000000  0.000000000000  0.000000000000  0.000000000000  0.005021411765  0.000000000000  0.000000000000  0.002002796203  0.000000000000  0.001001034138  0.004013113992  0.004013113992  0.000000000000  0.000000000000  0.000000000000  
chrysolophus_pictus 0.006025262753  0.010070445940  0.002004142266  0.000000000000  0.000000000000  0.000000000000  0.000000000000  0.005021411765  0.000000000000  0.000000000000  0.002002796203  0.000000000000  0.001001034138  0.004013113992  0.004013113992  0.000000000000  0.000000000000  0.000000000000  
lophura_inornata 0.006025262753  0.010070445940  0.002004142266  0.000000000000  0.000000000000  0.000000000000  0.000000000000  0.005021411765  0.000000000000  0.000000000000  0.002002796203  0.000000000000  0.001001034138  0.004013113992  0.004013113992  0.000000000000  0.000000000000  0.000000000000  
syrmaticus_reevesii 0.006025262753  0.010070445940  0.002004142266  0.000000000000  0.000000000000  0.000000000000  0.000000000000  0.005021411765  0.000000000000  0.000000000000  0.002002796203  0.000000000000  0.001001034138  0.004013113992  0.004013113992  0.000000000000  0.000000000000  0.000000000000  
syrmaticus_ellioti 0.011091808351  0.015167539867  0.007044328799  0.005021411765  0.005021411765  0.005021411765  0.005021411765  0.000000000000  0.005021411765  0.005021411765  0.007039161874  0.005021411765  0.006031813767  0.009068370859  0.009068370859  0.005021411765  0.005021411765  0.005021411765  
crossoptilon_crossoptilon 0.006025262753  0.010070445940  0.002004142266  0.000000000000  0.000000000000  0.000000000000  0.000000000000  0.005021411765  0.000000000000  0.000000000000  0.002002796203  0.000000000000  0.001001034138  0.004013113992  0.004013113992  0.000000000000  0.000000000000  0.000000000000  
tragopan_blythii 0.006025262753  0.010070445940  0.002004142266  0.000000000000  0.000000000000  0.000000000000  0.000000000000  0.005021411765  0.000000000000  0.000000000000  0.002002796203  0.000000000000  0.001001034138  0.004013113992  0.004013113992  0.000000000000  0.000000000000  0.000000000000  
melgal2    0.008044998289  0.012101639034  0.004013113992  0.002002796203  0.002002796203  0.002002796203  0.002002796203  0.007039161874  0.002002796203  0.002002796203  0.000000000000  0.002002796203  0.003006911702  0.006027737791  0.006027737791  0.002002796203  0.002002796203  0.002002796203  
phasianus_colchicus 0.006025262753  0.010070445940  0.002004142266  0.000000000000  0.000000000000  0.000000000000  0.000000000000  0.005021411765  0.000000000000  0.000000000000  0.002002796203  0.000000000000  0.001001034138  0.004013113992  0.004013113992  0.000000000000  0.000000000000  0.000000000000  
galgal4    0.007035598235  0.011087078945  0.003009332996  0.001001034138  0.001001034138  0.001001034138  0.001001034138  0.006031813767  0.001001034138  0.001001034138  0.003006911702  0.001001034138  0.000000000000  0.005021411765  0.005021411765  0.001001034138  0.001001034138  0.001001034138  
perdix_dauuricae 0.010074073124  0.014143414241  0.006031813767  0.004013113992  0.004013113992  0.004013113992  0.004013113992  0.009068370859  0.004013113992  0.004013113992  0.006027737791  0.004013113992  0.005021411765  0.000000000000  0.000000000000  0.004013113992  0.004013113992  0.004013113992  
cyrtonyx_montezumae 0.010074073124  0.014143414241  0.006031813767  0.004013113992  0.004013113992  0.004013113992  0.004013113992  0.009068370859  0.004013113992  0.004013113992  0.006027737791  0.004013113992  0.005021411765  0.000000000000  0.000000000000  0.004013113992  0.004013113992  0.004013113992  
pavo_cristatus 0.006025262753  0.010070445940  0.002004142266  0.000000000000  0.000000000000  0.000000000000  0.000000000000  0.005021411765  0.000000000000  0.000000000000  0.002002796203  0.000000000000  0.001001034138  0.004013113992  0.004013113992  0.000000000000  0.000000000000  0.000000000000  
catreus_wallichi 0.006025262753  0.010070445940  0.002004142266  0.000000000000  0.000000000000  0.000000000000  0.000000000000  0.005021411765  0.000000000000  0.000000000000  0.002002796203  0.000000000000  0.001001034138  0.004013113992  0.004013113992  0.000000000000  0.000000000000  0.000000000000  
alectoris_rufa 0.006025262753  0.010070445940  0.002004142266  0.000000000000  0.000000000000  0.000000000000  0.000000000000  0.005021411765  0.000000000000  0.000000000000  0.002002796203  0.000000000000  0.001001034138  0.004013113992  0.004013113992  0.000000000000  0.000000000000  0.000000000000  

