18
cyrtonyx_montezumae 0.000000000000  0.029746268986  0.029702435106  0.027636311289  0.040205227323  0.041277506934  0.035999017035  0.035999017035  0.037065487293  0.035999017035  0.038134348625  0.037042802610  0.037042802610  0.037042802610  0.033893918462  0.041277506934  0.040228120610  0.031816828040  
pavo_cristatus 0.029746268986  0.000000000000  0.007039557878  0.003009478984  0.019268888577  0.020302027604  0.015176753587  0.015176753587  0.016204498563  0.015176753587  0.017234463937  0.017224365458  0.017224365458  0.017224365458  0.011092637173  0.022375046799  0.017215977487  0.007039557878  
rollulus_rouloul 0.029702435106  0.007039557878  0.000000000000  0.004011294336  0.020286812163  0.021319834563  0.016188347923  0.016188347923  0.017215977487  0.016188347923  0.018245826949  0.018237983637  0.018237983637  0.018237983637  0.012102443487  0.023392618978  0.018231859754  0.008045353102  
galgal4    0.027636311289  0.003009478984  0.004011294336  0.000000000000  0.016182837516  0.017209303143  0.012106745819  0.012106745819  0.013127886675  0.012106745819  0.014151219454  0.014144613601  0.014144613601  0.014144613601  0.008045353102  0.019268888577  0.014139710352  0.004011294336  
catreus_wallichi 0.040205227323  0.019268888577  0.020286812163  0.016182837516  0.000000000000  0.001001050269  0.004010999435  0.004010999435  0.005017166485  0.004010999435  0.006025461578  0.006024598082  0.006024598082  0.006024598082  0.008045353102  0.019268888577  0.014139710352  0.020286812163  
crossoptilon_crossoptilon 0.041277506934  0.020302027604  0.021319834563  0.017209303143  0.001001050269  0.000000000000  0.005017166485  0.005017166485  0.006025461578  0.005017166485  0.007035893735  0.007033904912  0.007033904912  0.007033904912  0.009058951756  0.020302027604  0.015162928707  0.021319834563  
lophura_nycthemera 0.035999017035  0.015176753587  0.016188347923  0.012106745819  0.004010999435  0.005017166485  0.000000000000  0.000000000000  0.001001050269  0.000000000000  0.002004206969  0.002002818128  0.002002818128  0.002002818128  0.004013253966  0.015176753587  0.010074710039  0.016188347923  
phasianus_colchicus 0.035999017035  0.015176753587  0.016188347923  0.012106745819  0.004010999435  0.005017166485  0.000000000000  0.000000000000  0.001001050269  0.000000000000  0.002004206969  0.002002818128  0.002002818128  0.002002818128  0.004013253966  0.015176753587  0.010074710039  0.016188347923  
chrysolophus_pictus 0.037065487293  0.016204498563  0.017215977487  0.013127886675  0.005017166485  0.006025461578  0.001001050269  0.001001050269  0.000000000000  0.001001050269  0.003009478984  0.003006976275  0.003006976275  0.003006976275  0.005021660170  0.016204498563  0.011092637173  0.017215977487  
syrmaticus_ellioti 0.035999017035  0.015176753587  0.016188347923  0.012106745819  0.004010999435  0.005017166485  0.000000000000  0.000000000000  0.001001050269  0.000000000000  0.002004206969  0.002002818128  0.002002818128  0.002002818128  0.004013253966  0.015176753587  0.010074710039  0.016188347923  
lophura_inornata 0.038134348625  0.017234463937  0.018245826949  0.014151219454  0.006025461578  0.007035893735  0.002004206969  0.002004206969  0.003009478984  0.002004206969  0.000000000000  0.004013253966  0.004013253966  0.004013253966  0.006032203909  0.017234463937  0.012112742441  0.018245826949  
perdix_dauuricae 0.037042802610  0.017224365458  0.018237983637  0.014144613601  0.006024598082  0.007033904912  0.002002818128  0.002002818128  0.003006976275  0.002002818128  0.004013253966  0.000000000000  0.000000000000  0.000000000000  0.006027997882  0.017224365458  0.012106745819  0.018237983637  
lophura_swinhoii 0.037042802610  0.017224365458  0.018237983637  0.014144613601  0.006024598082  0.007033904912  0.002002818128  0.002002818128  0.003006976275  0.002002818128  0.004013253966  0.000000000000  0.000000000000  0.000000000000  0.006027997882  0.017224365458  0.012106745819  0.018237983637  
syrmaticus_reevesii 0.037042802610  0.017224365458  0.018237983637  0.014144613601  0.006024598082  0.007033904912  0.002002818128  0.002002818128  0.003006976275  0.002002818128  0.004013253966  0.000000000000  0.000000000000  0.000000000000  0.006027997882  0.017224365458  0.012106745819  0.018237983637  
melgal2    0.033893918462  0.011092637173  0.012102443487  0.008045353102  0.008045353102  0.009058951756  0.004013253966  0.004013253966  0.005021660170  0.004013253966  0.006032203909  0.006027997882  0.006027997882  0.006027997882  0.000000000000  0.011092637173  0.006025461578  0.012102443487  
lophophorus_impejanus 0.041277506934  0.022375046799  0.023392618978  0.019268888577  0.019268888577  0.020302027604  0.015176753587  0.015176753587  0.016204498563  0.015176753587  0.017234463937  0.017224365458  0.017224365458  0.017224365458  0.011092637173  0.000000000000  0.011087787515  0.023392618978  
tragopan_blythii 0.040228120610  0.017215977487  0.018231859754  0.014139710352  0.014139710352  0.015162928707  0.010074710039  0.010074710039  0.011092637173  0.010074710039  0.012112742441  0.012106745819  0.012106745819  0.012106745819  0.006025461578  0.011087787515  0.000000000000  0.018231859754  
alectoris_rufa 0.031816828040  0.007039557878  0.008045353102  0.004011294336  0.020286812163  0.021319834563  0.016188347923  0.016188347923  0.017215977487  0.016188347923  0.018245826949  0.018237983637  0.018237983637  0.018237983637  0.012102443487  0.023392618978  0.018231859754  0.000000000000  

