18
tragopan_blythii 0.000000000000  0.000000000000  0.003009302047  0.003009302047  0.009075507978  0.009075507978  0.014178406611  0.012138480330  0.009075507978  0.009075507978  0.009075507978  0.009075507978  0.002003061139  0.004013085790  0.000000000000  0.005021358367  0.005021358367  0.006027697332  
lophophorus_impejanus 0.000000000000  0.000000000000  0.003009302047  0.003009302047  0.009075507978  0.009075507978  0.014178406611  0.012138480330  0.009075507978  0.009075507978  0.009075507978  0.009075507978  0.002003061139  0.004013085790  0.000000000000  0.005021358367  0.005021358367  0.006027697332  
galgal4    0.003009302047  0.003009302047  0.000000000000  0.000000000000  0.006031728104  0.006031728104  0.011105841627  0.009075507978  0.006031728104  0.006031728104  0.006031728104  0.006031728104  0.005018407905  0.007044203745  0.003009302047  0.008058794086  0.008058794086  0.009068209125  
perdix_dauuricae 0.003009302047  0.003009302047  0.000000000000  0.000000000000  0.006031728104  0.006031728104  0.011105841627  0.009075507978  0.006031728104  0.006031728104  0.006031728104  0.006031728104  0.005018407905  0.007044203745  0.003009302047  0.008058794086  0.008058794086  0.009068209125  
crossoptilon_crossoptilon 0.009075507978  0.009075507978  0.006031728104  0.006031728104  0.000000000000  0.000000000000  0.005021358367  0.003009302047  0.000000000000  0.000000000000  0.000000000000  0.000000000000  0.011097959988  0.013152057369  0.009075507978  0.014178406611  0.014178406611  0.015194597719  
phasianus_colchicus 0.009075507978  0.009075507978  0.006031728104  0.006031728104  0.000000000000  0.000000000000  0.005021358367  0.003009302047  0.000000000000  0.000000000000  0.000000000000  0.000000000000  0.011097959988  0.013152057369  0.009075507978  0.014178406611  0.014178406611  0.015194597719  
syrmaticus_reevesii 0.014178406611  0.014178406611  0.011105841627  0.011105841627  0.005021358367  0.005021358367  0.000000000000  0.008058794086  0.005021358367  0.005021358367  0.005021358367  0.005021358367  0.016212356737  0.018289908970  0.014178406611  0.019326077936  0.019326077936  0.020348105357  
lophura_nycthemera 0.012138480330  0.012138480330  0.009075507978  0.009075507978  0.003009302047  0.003009302047  0.008058794086  0.000000000000  0.003009302047  0.003009302047  0.003009302047  0.003009302047  0.014167194820  0.016237633657  0.012138480330  0.017270529964  0.017270529964  0.018289908970  
catreus_wallichi 0.009075507978  0.009075507978  0.006031728104  0.006031728104  0.000000000000  0.000000000000  0.005021358367  0.003009302047  0.000000000000  0.000000000000  0.000000000000  0.000000000000  0.011097959988  0.013152057369  0.009075507978  0.014178406611  0.014178406611  0.015194597719  
lophura_inornata 0.009075507978  0.009075507978  0.006031728104  0.006031728104  0.000000000000  0.000000000000  0.005021358367  0.003009302047  0.000000000000  0.000000000000  0.000000000000  0.000000000000  0.011097959988  0.013152057369  0.009075507978  0.014178406611  0.014178406611  0.015194597719  
chrysolophus_pictus 0.009075507978  0.009075507978  0.006031728104  0.006031728104  0.000000000000  0.000000000000  0.005021358367  0.003009302047  0.000000000000  0.000000000000  0.000000000000  0.000000000000  0.011097959988  0.013152057369  0.009075507978  0.014178406611  0.014178406611  0.015194597719  
lophura_swinhoii 0.009075507978  0.009075507978  0.006031728104  0.006031728104  0.000000000000  0.000000000000  0.005021358367  0.003009302047  0.000000000000  0.000000000000  0.000000000000  0.000000000000  0.011097959988  0.013152057369  0.009075507978  0.014178406611  0.014178406611  0.015194597719  
cyrtonyx_montezumae 0.002003061139  0.002003061139  0.005018407905  0.005018407905  0.011097959988  0.011097959988  0.016212356737  0.014167194820  0.011097959988  0.011097959988  0.011097959988  0.011097959988  0.000000000000  0.006025273643  0.002003061139  0.007035581972  0.007035581972  0.008045017574  
melgal2    0.004013085790  0.004013085790  0.007044203745  0.007044203745  0.013152057369  0.013152057369  0.018289908970  0.016237633657  0.013152057369  0.013152057369  0.013152057369  0.013152057369  0.006025273643  0.000000000000  0.004013085790  0.009068209125  0.009068209125  0.010079176078  
rollulus_rouloul 0.000000000000  0.000000000000  0.003009302047  0.003009302047  0.009075507978  0.009075507978  0.014178406611  0.012138480330  0.009075507978  0.009075507978  0.009075507978  0.009075507978  0.002003061139  0.004013085790  0.000000000000  0.005021358367  0.005021358367  0.006027697332  
syrmaticus_ellioti 0.005021358367  0.005021358367  0.008058794086  0.008058794086  0.014178406611  0.014178406611  0.019326077936  0.017270529964  0.014178406611  0.014178406611  0.014178406611  0.014178406611  0.007035581972  0.009068209125  0.005021358367  0.000000000000  0.000000000000  0.011097959988  
pavo_cristatus 0.005021358367  0.005021358367  0.008058794086  0.008058794086  0.014178406611  0.014178406611  0.019326077936  0.017270529964  0.014178406611  0.014178406611  0.014178406611  0.014178406611  0.007035581972  0.009068209125  0.005021358367  0.000000000000  0.000000000000  0.011097959988  
alectoris_rufa 0.006027697332  0.006027697332  0.009068209125  0.009068209125  0.015194597719  0.015194597719  0.020348105357  0.018289908970  0.015194597719  0.015194597719  0.015194597719  0.015194597719  0.008045017574  0.010079176078  0.006027697332  0.011097959988  0.011097959988  0.000000000000  

