18
galgal4    0.000000000000  0.009058716848  0.029610611687  0.016203506710  0.009058716848  0.009058716848  0.021312439055  0.015175927155  0.015175927155  0.015175927155  0.018265280789  0.019267777794  0.019276671640  0.015175927155  0.025452526643  0.018265280789  0.009058716848  0.012102049923  
tragopan_blythii 0.009058716848  0.000000000000  0.021318578699  0.007044603743  0.000000000000  0.000000000000  0.012099452529  0.006032004184  0.006032004184  0.006032004184  0.009076226036  0.010074396194  0.010079709667  0.006032004184  0.016182132476  0.009076226036  0.000000000000  0.003006107074  
cyrtonyx_montezumae 0.029610611687  0.021318578699  0.000000000000  0.028597190590  0.021318578699  0.021318578699  0.033783166955  0.027549726859  0.027549726859  0.027549726859  0.030698991980  0.029610611687  0.031722613415  0.027549726859  0.035883017547  0.030698991980  0.021318578699  0.024413038479  
lophophorus_impejanus 0.016203506710  0.007044603743  0.028597190590  0.000000000000  0.007044603743  0.007044603743  0.018237026513  0.012128994326  0.012128994326  0.012128994326  0.015208850564  0.016203506710  0.016213966607  0.012128994326  0.022362674680  0.015208850564  0.007044603743  0.010079709667  
pavo_cristatus 0.009058716848  0.000000000000  0.021318578699  0.007044603743  0.000000000000  0.000000000000  0.012099452529  0.006032004184  0.006032004184  0.006032004184  0.009076226036  0.010074396194  0.010079709667  0.006032004184  0.016182132476  0.009076226036  0.000000000000  0.003006107074  
rollulus_rouloul 0.009058716848  0.000000000000  0.021318578699  0.007044603743  0.000000000000  0.000000000000  0.012099452529  0.006032004184  0.006032004184  0.006032004184  0.009076226036  0.010074396194  0.010079709667  0.006032004184  0.016182132476  0.009076226036  0.000000000000  0.003006107074  
lophura_inornata 0.021312439055  0.012099452529  0.033783166955  0.018237026513  0.012099452529  0.012099452529  0.000000000000  0.007034751788  0.007034751788  0.007034751788  0.010068714701  0.011084855846  0.011083011603  0.007034751788  0.017200724708  0.010068714701  0.012099452529  0.015155325875  
catreus_wallichi 0.015175927155  0.006032004184  0.027549726859  0.012128994326  0.006032004184  0.006032004184  0.007034751788  0.000000000000  0.000000000000  0.000000000000  0.003009402626  0.004010946079  0.004011251265  0.000000000000  0.010068352832  0.003009402626  0.006032004184  0.009062912274  
lophura_nycthemera 0.015175927155  0.006032004184  0.027549726859  0.012128994326  0.006032004184  0.006032004184  0.007034751788  0.000000000000  0.000000000000  0.000000000000  0.003009402626  0.004010946079  0.004011251265  0.000000000000  0.010068352832  0.003009402626  0.006032004184  0.009062912274  
phasianus_colchicus 0.015175927155  0.006032004184  0.027549726859  0.012128994326  0.006032004184  0.006032004184  0.007034751788  0.000000000000  0.000000000000  0.000000000000  0.003009402626  0.004010946079  0.004011251265  0.000000000000  0.010068352832  0.003009402626  0.006032004184  0.009062912274  
melgal2    0.018265280789  0.009076226036  0.030698991980  0.015208850564  0.009076226036  0.009076226036  0.010068714701  0.003009402626  0.003009402626  0.003009402626  0.000000000000  0.007035748608  0.007039359142  0.003009402626  0.013118230454  0.006037768587  0.009076226036  0.012119781088  
syrmaticus_ellioti 0.019267777794  0.010074396194  0.029610611687  0.016203506710  0.010074396194  0.010074396194  0.011084855846  0.004010946079  0.004010946079  0.004010946079  0.007035748608  0.000000000000  0.008043739984  0.004010946079  0.012101642803  0.007035748608  0.010074396194  0.013121952731  
syrmaticus_reevesii 0.019276671640  0.010079709667  0.031722613415  0.016213966607  0.010079709667  0.010079709667  0.011083011603  0.004011251265  0.004011251265  0.004011251265  0.007039359142  0.008043739984  0.000000000000  0.004011251265  0.014134471706  0.007039359142  0.010079709667  0.013127336036  
lophura_swinhoii 0.015175927155  0.006032004184  0.027549726859  0.012128994326  0.006032004184  0.006032004184  0.007034751788  0.000000000000  0.000000000000  0.000000000000  0.003009402626  0.004010946079  0.004011251265  0.000000000000  0.010068352832  0.003009402626  0.006032004184  0.009062912274  
crossoptilon_crossoptilon 0.025452526643  0.016182132476  0.035883017547  0.022362674680  0.016182132476  0.016182132476  0.017200724708  0.010068352832  0.010068352832  0.010068352832  0.013118230454  0.012101642803  0.014134471706  0.010068352832  0.000000000000  0.013118230454  0.016182132476  0.019255040448  
perdix_dauuricae 0.018265280789  0.009076226036  0.030698991980  0.015208850564  0.009076226036  0.009076226036  0.010068714701  0.003009402626  0.003009402626  0.003009402626  0.006037768587  0.007035748608  0.007039359142  0.003009402626  0.013118230454  0.000000000000  0.009076226036  0.012119781088  
chrysolophus_pictus 0.009058716848  0.000000000000  0.021318578699  0.007044603743  0.000000000000  0.000000000000  0.012099452529  0.006032004184  0.006032004184  0.006032004184  0.009076226036  0.010074396194  0.010079709667  0.006032004184  0.016182132476  0.009076226036  0.000000000000  0.003006107074  
alectoris_rufa 0.012102049923  0.003006107074  0.024413038479  0.010079709667  0.003006107074  0.003006107074  0.015155325875  0.009062912274  0.009062912274  0.009062912274  0.012119781088  0.013121952731  0.013127336036  0.009062912274  0.019255040448  0.012119781088  0.003006107074  0.000000000000  

