18
galgal4    0.000000000000  0.017237718543  0.027578324716  0.023429272498  0.065367855247  0.044514162799  0.022388676815  0.031720046806  0.033846838093  0.037011186504  0.027595099726  0.026546866226  0.031751294881  0.029679199239  0.029679199239  0.030697537654  0.043409698807  0.038056221426  
lophophorus_impejanus 0.017237718543  0.000000000000  0.010072756581  0.006027181414  0.048920741017  0.031751294881  0.005018096819  0.014133751175  0.017210396125  0.019262033027  0.010077620654  0.009061355407  0.015155206824  0.013119538653  0.012109429529  0.013119538653  0.025473240472  0.028583555277  
tragopan_blythii 0.027578324716  0.010072756581  0.000000000000  0.015164543123  0.059781005063  0.040170134802  0.015164543123  0.024405307801  0.025451985174  0.027527097235  0.018239210932  0.019270147768  0.025443739344  0.023382793445  0.022364449826  0.023382793445  0.034871443550  0.035930783027  
pavo_cristatus 0.023429272498  0.006027181414  0.015164543123  0.000000000000  0.055431929440  0.038076169235  0.011090055683  0.020280378830  0.023392049062  0.025461819931  0.016198241959  0.015171539747  0.021312378880  0.019262033027  0.018247824085  0.019262033027  0.031734869481  0.034871443550  
cyrtonyx_montezumae 0.065367855247  0.048920741017  0.059781005063  0.055431929440  0.000000000000  0.073083985399  0.054329358526  0.062959531696  0.063081558036  0.067433989674  0.059823013586  0.058711864234  0.062959531696  0.060811939080  0.059781005063  0.063039189364  0.074171727743  0.078638219620  
rollulus_rouloul 0.044514162799  0.031751294881  0.040170134802  0.038076169235  0.073083985399  0.000000000000  0.037011186504  0.046528260165  0.047678345381  0.051945553627  0.042334406341  0.041261422228  0.046528260165  0.044416590654  0.044462094410  0.042270622307  0.058492406023  0.056292120947  
syrmaticus_ellioti 0.022388676815  0.005018096819  0.015164543123  0.011090055683  0.054329358526  0.037011186504  0.000000000000  0.009054460880  0.012104026624  0.014140995012  0.005020879301  0.004012811941  0.010067635030  0.008044348944  0.007038307348  0.012109429529  0.024456971333  0.033814344512  
phasianus_colchicus 0.031720046806  0.014133751175  0.024405307801  0.020280378830  0.062959531696  0.046528260165  0.009054460880  0.000000000000  0.020275911730  0.023369029221  0.014136596975  0.013116183643  0.019245267181  0.017197102183  0.016178754222  0.021312378880  0.032759476456  0.043290015554  
catreus_wallichi 0.033846838093  0.017210396125  0.025451985174  0.023392049062  0.063081558036  0.047678345381  0.012104026624  0.020275911730  0.000000000000  0.018226670371  0.013130886599  0.016190191572  0.022339913305  0.020286420570  0.019270147768  0.022354694019  0.035948468121  0.045451811767  
crossoptilon_crossoptilon 0.037011186504  0.019262033027  0.027527097235  0.025461819931  0.067433989674  0.051945553627  0.014140995012  0.023369029221  0.018226670371  0.000000000000  0.015171539747  0.018239210932  0.024405307801  0.022346514134  0.021328169783  0.026504585091  0.039122339565  0.048666515841  
chrysolophus_pictus 0.027595099726  0.010077620654  0.018239210932  0.016198241959  0.059823013586  0.042334406341  0.005020879301  0.014136596975  0.013130886599  0.015171539747  0.000000000000  0.009066716386  0.015159097784  0.013124440664  0.012116371173  0.017227057486  0.029679199239  0.039102878831  
lophura_inornata 0.026546866226  0.009061355407  0.019270147768  0.015171539747  0.058711864234  0.041261422228  0.004012811941  0.013116183643  0.016190191572  0.018239210932  0.009066716386  0.000000000000  0.010069427016  0.008047152283  0.007043133934  0.016198241959  0.028627658173  0.038037896873  
lophura_swinhoii 0.031751294881  0.015155206824  0.025443739344  0.021312378880  0.062959531696  0.046528260165  0.010067635030  0.019245267181  0.022339913305  0.024405307801  0.015159097784  0.010069427016  0.000000000000  0.006024139804  0.012100165514  0.022346514134  0.034871443550  0.044360698862  
lophura_nycthemera 0.029679199239  0.013119538653  0.023382793445  0.019262033027  0.060811939080  0.044416590654  0.008044348944  0.017197102183  0.020286420570  0.022346514134  0.013124440664  0.008047152283  0.006024139804  0.000000000000  0.011090055683  0.020294033802  0.032789738294  0.042252641719  
syrmaticus_reevesii 0.029679199239  0.012109429529  0.022364449826  0.018247824085  0.059781005063  0.044462094410  0.007038307348  0.016178754222  0.019270147768  0.021328169783  0.012116371173  0.007043133934  0.012100165514  0.011090055683  0.000000000000  0.019279825585  0.031769319906  0.041219560516  
perdix_dauuricae 0.030697537654  0.013119538653  0.023382793445  0.019262033027  0.063039189364  0.042270622307  0.012109429529  0.021312378880  0.022354694019  0.026504585091  0.017227057486  0.016198241959  0.022346514134  0.020294033802  0.019279825585  0.000000000000  0.032789738294  0.042252641719  
melgal2    0.043409698807  0.025473240472  0.034871443550  0.031734869481  0.074171727743  0.058492406023  0.024456971333  0.032759476456  0.035948468121  0.039122339565  0.029679199239  0.028627658173  0.034871443550  0.032789738294  0.031769319906  0.032789738294  0.000000000000  0.051896915190  
alectoris_rufa 0.038056221426  0.028583555277  0.035930783027  0.034871443550  0.078638219620  0.056292120947  0.033814344512  0.043290015554  0.045451811767  0.048666515841  0.039102878831  0.038037896873  0.044360698862  0.042252641719  0.041219560516  0.042252641719  0.051896915190  0.000000000000  

