18
catreus_wallichi 0.000000000000  0.002004125327  0.008058766796  0.019342758368  0.007044184783  0.011091666272  0.012111485523  0.014149607760  0.007044184783  0.006031715792  0.008058766796  0.007044184783  0.007044184783  0.013151994592  0.013163683507  0.020364307411  0.025547136562  0.009068187123  
phasianus_colchicus 0.002004125327  0.000000000000  0.006031715792  0.017270398550  0.005021351043  0.009058423465  0.010073981893  0.012105735608  0.005021351043  0.004013081805  0.006031715792  0.005021351043  0.005021351043  0.011105802663  0.011115279637  0.018289794696  0.023454884355  0.007039076380  
perdix_dauuricae 0.008058766796  0.006031715792  0.000000000000  0.015220755016  0.003009294779  0.007035563464  0.008047977194  0.010073981893  0.003009294779  0.002004125327  0.004016546864  0.003009294779  0.003009294779  0.009075470671  0.009084351374  0.016237522066  0.021387427945  0.005021351043  
lophophorus_impejanus 0.019342758368  0.017270398550  0.015220755016  0.000000000000  0.012138402685  0.016212291611  0.017242920998  0.021371598152  0.014191131224  0.013163683507  0.013163683507  0.014191131224  0.014191131224  0.020382260532  0.020401840464  0.027695619140  0.032941754756  0.016237522066  
lophura_inornata 0.007044184783  0.005021351043  0.003009294779  0.012138402685  0.000000000000  0.004010911485  0.005017039310  0.009058423465  0.002004125327  0.001001029915  0.003009294779  0.002004125327  0.002004125327  0.008058766796  0.008066555314  0.015206835412  0.020347984032  0.004013081805  
lophura_swinhoii 0.011091666272  0.009058423465  0.007035563464  0.016212291611  0.004010911485  0.000000000000  0.009055084640  0.013117754531  0.005017039310  0.005017039310  0.007035563464  0.006025253745  0.006025253745  0.012111485523  0.012118848684  0.019297201435  0.022383102804  0.008044982126  
chrysolophus_pictus 0.012111485523  0.010073981893  0.008047977194  0.017242920998  0.005017039310  0.009055084640  0.000000000000  0.014138560307  0.007035563464  0.006025253745  0.008047977194  0.007035563464  0.007035563464  0.013133448621  0.013141915302  0.020333293351  0.025511213690  0.009058423465  
tragopan_blythii 0.014149607760  0.012105735608  0.010073981893  0.021371598152  0.009058423465  0.013117754531  0.014138560307  0.000000000000  0.009058423465  0.008044982126  0.010073981893  0.009058423465  0.009058423465  0.015174775253  0.015183842547  0.022396792209  0.027590060623  0.011087012886  
crossoptilon_crossoptilon 0.007044184783  0.005021351043  0.003009294779  0.014191131224  0.002004125327  0.005017039310  0.007035563464  0.009058423465  0.000000000000  0.001001029915  0.003009294779  0.002004125327  0.002004125327  0.008058766796  0.008066555314  0.015206835412  0.020347984032  0.004013081805  
lophura_nycthemera 0.006031715792  0.004013081805  0.002004125327  0.013163683507  0.001001029915  0.005017039310  0.006025253745  0.008044982126  0.001001029915  0.000000000000  0.002004125327  0.001001029915  0.001001029915  0.007044184783  0.007050885672  0.014178329323  0.019310757855  0.003006899404  
rollulus_rouloul 0.008058766796  0.006031715792  0.004016546864  0.013163683507  0.003009294779  0.007035563464  0.008047977194  0.010073981893  0.003009294779  0.002004125327  0.000000000000  0.001001029915  0.001001029915  0.007044184783  0.007050885672  0.014178329323  0.019310757855  0.003006899404  
syrmaticus_ellioti 0.007044184783  0.005021351043  0.003009294779  0.014191131224  0.002004125327  0.006025253745  0.007035563464  0.009058423465  0.002004125327  0.001001029915  0.001001029915  0.000000000000  0.000000000000  0.006031715792  0.006037333582  0.013151994592  0.018275739971  0.002002795221  
pavo_cristatus 0.007044184783  0.005021351043  0.003009294779  0.014191131224  0.002004125327  0.006025253745  0.007035563464  0.009058423465  0.002004125327  0.001001029915  0.001001029915  0.000000000000  0.000000000000  0.006031715792  0.006037333582  0.013151994592  0.018275739971  0.002002795221  
syrmaticus_reevesii 0.013151994592  0.011105802663  0.009075470671  0.020382260532  0.008058766796  0.012111485523  0.013133448621  0.015174775253  0.008058766796  0.007044184783  0.007044184783  0.006031715792  0.006031715792  0.000000000000  0.008058766796  0.015194530266  0.020333293351  0.008052573091  
galgal4    0.013163683507  0.011115279637  0.009084351374  0.020401840464  0.008066555314  0.012118848684  0.013141915302  0.015183842547  0.008066555314  0.007050885672  0.007050885672  0.006037333582  0.006037333582  0.008058766796  0.000000000000  0.015206835412  0.019310757855  0.008058766796  
melgal2    0.020364307411  0.018289794696  0.016237522066  0.027695619140  0.015206835412  0.019297201435  0.020333293351  0.022396792209  0.015206835412  0.014178329323  0.014178329323  0.013151994592  0.013151994592  0.015194530266  0.015206835412  0.000000000000  0.021387427945  0.015194530266  
cyrtonyx_montezumae 0.025547136562  0.023454884355  0.021387427945  0.032941754756  0.020347984032  0.022383102804  0.025511213690  0.027590060623  0.020347984032  0.019310757855  0.019310757855  0.018275739971  0.018275739971  0.020333293351  0.019310757855  0.021387427945  0.000000000000  0.020333293351  
alectoris_rufa 0.009068187123  0.007039076380  0.005021351043  0.016237522066  0.004013081805  0.008044982126  0.009058423465  0.011087012886  0.004013081805  0.003006899404  0.003006899404  0.002002795221  0.002002795221  0.008052573091  0.008058766796  0.015194530266  0.020333293351  0.000000000000  

