18
cyrtonyx_montezumae 0.000000000000  0.041465842373  0.042625994284  0.045902836723  0.042625994284  0.042625994284  0.044766285910  0.042625994284  0.044766285910  0.042625994284  0.043715674212  0.053394868480  0.042709410924  0.036208634596  0.037285714734  0.044851519138  0.040492357191  0.053536821686  
rollulus_rouloul 0.041465842373  0.000000000000  0.019297540593  0.022414955028  0.019297540593  0.019297540593  0.021359362537  0.019297540593  0.021359362537  0.019297540593  0.020334324687  0.029668695463  0.019326123159  0.013139202138  0.014164573599  0.021389382283  0.019310923370  0.027616401442  
syrmaticus_reevesii 0.042625994284  0.019297540593  0.000000000000  0.003009860773  0.000000000000  0.000000000000  0.002002887232  0.000000000000  0.004013683740  0.000000000000  0.001001092447  0.012109653470  0.010090177572  0.006028830007  0.005019091187  0.012124378074  0.014175305712  0.024505073152  
lophura_nycthemera 0.045902836723  0.022414955028  0.003009860773  0.000000000000  0.003009860773  0.003009860773  0.005022399700  0.003009860773  0.007046515886  0.003009860773  0.004017555942  0.015182068612  0.013159980091  0.009071461975  0.008055005503  0.015204221188  0.017269007307  0.026604765986  
crossoptilon_crossoptilon 0.042625994284  0.019297540593  0.000000000000  0.003009860773  0.000000000000  0.000000000000  0.002002887232  0.000000000000  0.004013683740  0.000000000000  0.001001092447  0.012109653470  0.010090177572  0.006028830007  0.005019091187  0.012124378074  0.014175305712  0.024505073152  
syrmaticus_ellioti 0.042625994284  0.019297540593  0.000000000000  0.003009860773  0.000000000000  0.000000000000  0.002002887232  0.000000000000  0.004013683740  0.000000000000  0.001001092447  0.012109653470  0.010090177572  0.006028830007  0.005019091187  0.012124378074  0.014175305712  0.024505073152  
catreus_wallichi 0.044766285910  0.021359362537  0.002002887232  0.005022399700  0.002002887232  0.002002887232  0.000000000000  0.002002887232  0.006028830007  0.002002887232  0.003007182820  0.014148508649  0.012124378074  0.008049850055  0.007036852435  0.014164573599  0.016222223764  0.026584232426  
lophura_swinhoii 0.042625994284  0.019297540593  0.000000000000  0.003009860773  0.000000000000  0.000000000000  0.002002887232  0.000000000000  0.004013683740  0.000000000000  0.001001092447  0.012109653470  0.010090177572  0.006028830007  0.005019091187  0.012124378074  0.014175305712  0.024505073152  
phasianus_colchicus 0.044766285910  0.021359362537  0.004013683740  0.007046515886  0.004013683740  0.004013683740  0.006028830007  0.004013683740  0.000000000000  0.004013683740  0.005022399700  0.016201185519  0.014175305712  0.010082586534  0.009065091434  0.016222223764  0.016222223764  0.028690971823  
lophura_inornata 0.042625994284  0.019297540593  0.000000000000  0.003009860773  0.000000000000  0.000000000000  0.002002887232  0.000000000000  0.004013683740  0.000000000000  0.001001092447  0.012109653470  0.010090177572  0.006028830007  0.005019091187  0.012124378074  0.014175305712  0.024505073152  
chrysolophus_pictus 0.043715674212  0.020334324687  0.001001092447  0.004017555942  0.001001092447  0.001001092447  0.003007182820  0.001001092447  0.005022399700  0.001001092447  0.000000000000  0.013131505244  0.011111162358  0.007040798157  0.006028830007  0.013148694774  0.015204221188  0.025553717251  
perdix_dauuricae 0.053394868480  0.029668695463  0.012109653470  0.015182068612  0.012109653470  0.012109653470  0.014148508649  0.012109653470  0.016201185519  0.012109653470  0.013131505244  0.000000000000  0.020321497837  0.016193381243  0.015167135325  0.021347095159  0.024471029558  0.034964084679  
melgal2    0.042709410924  0.019326123159  0.010090177572  0.013159980091  0.010090177572  0.010090177572  0.012124378074  0.010090177572  0.014175305712  0.010090177572  0.011111162358  0.020321497837  0.000000000000  0.006039617001  0.005027471416  0.012146261519  0.014202153969  0.024546459745  
pavo_cristatus 0.036208634596  0.013139202138  0.006028830007  0.009071461975  0.006028830007  0.006028830007  0.008049850055  0.006028830007  0.010082586534  0.006028830007  0.007040798157  0.016193381243  0.006039617001  0.000000000000  0.001001092447  0.008061935850  0.010099549354  0.020365444834  
lophophorus_impejanus 0.037285714734  0.014164573599  0.005019091187  0.008055005503  0.005019091187  0.005019091187  0.007036852435  0.005019091187  0.009065091434  0.005019091187  0.006028830007  0.015167135325  0.005027471416  0.001001092447  0.000000000000  0.007046515886  0.009079610328  0.019326123159  
tragopan_blythii 0.044851519138  0.021389382283  0.012124378074  0.015204221188  0.012124378074  0.012124378074  0.014164573599  0.012124378074  0.016222223764  0.012124378074  0.013148694774  0.021347095159  0.012146261519  0.008061935850  0.007046515886  0.000000000000  0.016250481125  0.026627141703  
galgal4    0.040492357191  0.019310923370  0.014175305712  0.017269007307  0.014175305712  0.014175305712  0.016222223764  0.014175305712  0.016222223764  0.014175305712  0.015204221188  0.024471029558  0.014202153969  0.010099549354  0.009079610328  0.016250481125  0.000000000000  0.024524850082  
alectoris_rufa 0.053536821686  0.027616401442  0.024505073152  0.026604765986  0.024505073152  0.024505073152  0.026584232426  0.024505073152  0.028690971823  0.024505073152  0.025553717251  0.034964084679  0.024546459745  0.020365444834  0.019326123159  0.026627141703  0.024524850082  0.000000000000  

