18
cyrtonyx_montezumae 0.000000000000  0.054460558429  0.064256047231  0.060991588237  0.056587251911  0.063229758311  0.056545212082  0.056545212082  0.055480601431  0.057696367973  0.053314671780  0.067582680810  0.054376405595  0.050020325053  0.045661503070  0.048927036331  0.065378905842  0.059710033548  
rollulus_rouloul 0.054460558429  0.000000000000  0.042511201552  0.039341161818  0.035082279601  0.043666947701  0.033986259118  0.033986259118  0.032949502311  0.035082279601  0.030852487193  0.046818119046  0.032949502311  0.027680479611  0.023482333622  0.025536451401  0.048963855240  0.044547332776  
syrmaticus_ellioti 0.064256047231  0.042511201552  0.000000000000  0.014154862456  0.010077828626  0.018270556553  0.016190634694  0.016190634694  0.016198765030  0.018258722612  0.013131233690  0.030716417422  0.023446220998  0.018270556553  0.020341234289  0.041340515471  0.056466162481  0.056393839498  
crossoptilon_crossoptilon 0.060991588237  0.039341161818  0.014154862456  0.000000000000  0.004012849148  0.012125266168  0.011090269085  0.011090269085  0.011096226884  0.013139294911  0.008051633212  0.025502246824  0.018283952765  0.013148904337  0.015202517000  0.038175897293  0.055439795769  0.050975657186  
chrysolophus_pictus 0.056587251911  0.035082279601  0.010077828626  0.004012849148  0.000000000000  0.008057539860  0.007035074739  0.007035074739  0.007038412281  0.009066920595  0.004012849148  0.021351220798  0.014174651711  0.009073868266  0.011112771078  0.033934084174  0.051078437660  0.046654260511  
phasianus_colchicus 0.063229758311  0.043666947701  0.018270556553  0.012125266168  0.008057539860  0.000000000000  0.015180600389  0.015180600389  0.015190782395  0.017250759016  0.012125266168  0.029700313739  0.021396462749  0.017264636434  0.019335333408  0.042478254462  0.059876265467  0.055363206262  
lophura_nycthemera 0.056545212082  0.033986259118  0.016190634694  0.011090269085  0.007035074739  0.015180600389  0.000000000000  0.000000000000  0.006024942337  0.008047261000  0.003006025930  0.020303962962  0.013139294911  0.008051633212  0.010084282874  0.032849717988  0.049949236372  0.045545047780  
syrmaticus_reevesii 0.056545212082  0.033986259118  0.016190634694  0.011090269085  0.007035074739  0.015180600389  0.000000000000  0.000000000000  0.006024942337  0.008047261000  0.003006025930  0.020303962962  0.013139294911  0.008051633212  0.010084282874  0.032849717988  0.049949236372  0.045545047780  
lophura_swinhoii 0.055480601431  0.032949502311  0.016198765030  0.011096226884  0.007038412281  0.015190782395  0.006024942337  0.006024942337  0.000000000000  0.002004028347  0.003006790479  0.020314814938  0.013148904337  0.008057539860  0.010092275831  0.031812698101  0.048891868304  0.044491461729  
lophura_inornata 0.057696367973  0.035082279601  0.018258722612  0.013139294911  0.009066920595  0.017250759016  0.008047261000  0.008047261000  0.002004028347  0.000000000000  0.005020945128  0.022389788862  0.015202517000  0.010092275831  0.012135362586  0.033934084174  0.051078437660  0.046654260511  
catreus_wallichi 0.053314671780  0.030852487193  0.013131233690  0.008051633212  0.004012849148  0.012125266168  0.003006025930  0.003006025930  0.003006790479  0.005020945128  0.000000000000  0.017227678310  0.010092275831  0.005025279125  0.007049681319  0.029721073671  0.046747635782  0.042362789293  
perdix_dauuricae 0.067582680810  0.046818119046  0.030716417422  0.025502246824  0.021351220798  0.029700313739  0.020303962962  0.020303962962  0.020314814938  0.022389788862  0.017227678310  0.000000000000  0.025518556972  0.020327239722  0.022404387789  0.045629917239  0.059749055097  0.057461927440  
melgal2    0.054376405595  0.032949502311  0.023446220998  0.018283952765  0.014174651711  0.021396462749  0.013139294911  0.013139294911  0.013148904337  0.015202517000  0.010092275831  0.025518556972  0.000000000000  0.005020945128  0.009073868266  0.031812698101  0.051078437660  0.042338018769  
tragopan_blythii 0.050020325053  0.027680479611  0.018270556553  0.013148904337  0.009073868266  0.017264636434  0.008051633212  0.008051633212  0.008057539860  0.010092275831  0.005025279125  0.020327239722  0.005020945128  0.000000000000  0.004016156824  0.026565864831  0.045661503070  0.039146516009  
lophophorus_impejanus 0.045661503070  0.023482333622  0.020341234289  0.015202517000  0.011112771078  0.019335333408  0.010084282874  0.010084282874  0.010092275831  0.012135362586  0.007049681319  0.022404387789  0.009073868266  0.004016156824  0.000000000000  0.022389788862  0.041340515471  0.034890222434  
pavo_cristatus 0.048927036331  0.025536451401  0.041340515471  0.038175897293  0.033934084174  0.042478254462  0.032849717988  0.032849717988  0.031812698101  0.033934084174  0.029721073671  0.045629917239  0.031812698101  0.026565864831  0.022389788862  0.000000000000  0.030777269668  0.025487523972  
galgal4    0.065378905842  0.048963855240  0.056466162481  0.055439795769  0.051078437660  0.059876265467  0.049949236372  0.049949236372  0.048891868304  0.051078437660  0.046747635782  0.059749055097  0.051078437660  0.045661503070  0.041340515471  0.030777269668  0.000000000000  0.045599977399  
alectoris_rufa 0.059710033548  0.044547332776  0.056393839498  0.050975657186  0.046654260511  0.055363206262  0.045545047780  0.045545047780  0.044491461729  0.046654260511  0.042362789293  0.057461927440  0.042338018769  0.039146516009  0.034890222434  0.025487523972  0.045599977399  0.000000000000  

