18
cyrtonyx_montezumae 0.000000000000  0.003006981369  0.009069208109  0.009069208109  0.009069208109  0.009069208109  0.009069208109  0.009069208109  0.009069208109  0.010087265938  0.010087265938  0.007033849728  0.007035897723  0.007039593595  0.017224514624  0.011099268620  0.016204670579  0.011099268620  
perdix_dauuricae 0.003006981369  0.000000000000  0.006032234163  0.006032234163  0.006032234163  0.006032234163  0.006032234163  0.006032234163  0.006032234163  0.007044934401  0.007044934401  0.004010944947  0.004011287081  0.004013266706  0.014151315561  0.008053320405  0.013135150143  0.008053320405  
phasianus_colchicus 0.009069208109  0.006032234163  0.000000000000  0.000000000000  0.000000000000  0.000000000000  0.000000000000  0.000000000000  0.000000000000  0.001001050617  0.001001050617  0.006028018505  0.006032234163  0.006038089337  0.016215344139  0.010096011076  0.015197582571  0.010096011076  
chrysolophus_pictus 0.009069208109  0.006032234163  0.000000000000  0.000000000000  0.000000000000  0.000000000000  0.000000000000  0.000000000000  0.000000000000  0.001001050617  0.001001050617  0.006028018505  0.006032234163  0.006038089337  0.016215344139  0.010096011076  0.015197582571  0.010096011076  
catreus_wallichi 0.009069208109  0.006032234163  0.000000000000  0.000000000000  0.000000000000  0.000000000000  0.000000000000  0.000000000000  0.000000000000  0.001001050617  0.001001050617  0.006028018505  0.006032234163  0.006038089337  0.016215344139  0.010096011076  0.015197582571  0.010096011076  
crossoptilon_crossoptilon 0.009069208109  0.006032234163  0.000000000000  0.000000000000  0.000000000000  0.000000000000  0.000000000000  0.000000000000  0.000000000000  0.001001050617  0.001001050617  0.006028018505  0.006032234163  0.006038089337  0.016215344139  0.010096011076  0.015197582571  0.010096011076  
syrmaticus_ellioti 0.009069208109  0.006032234163  0.000000000000  0.000000000000  0.000000000000  0.000000000000  0.000000000000  0.000000000000  0.000000000000  0.001001050617  0.001001050617  0.006028018505  0.006032234163  0.006038089337  0.016215344139  0.010096011076  0.015197582571  0.010096011076  
lophura_swinhoii 0.009069208109  0.006032234163  0.000000000000  0.000000000000  0.000000000000  0.000000000000  0.000000000000  0.000000000000  0.000000000000  0.001001050617  0.001001050617  0.006028018505  0.006032234163  0.006038089337  0.016215344139  0.010096011076  0.015197582571  0.010096011076  
syrmaticus_reevesii 0.009069208109  0.006032234163  0.000000000000  0.000000000000  0.000000000000  0.000000000000  0.000000000000  0.000000000000  0.000000000000  0.001001050617  0.001001050617  0.006028018505  0.006032234163  0.006038089337  0.016215344139  0.010096011076  0.015197582571  0.010096011076  
lophura_nycthemera 0.010087265938  0.007044934401  0.001001050617  0.001001050617  0.001001050617  0.001001050617  0.001001050617  0.001001050617  0.001001050617  0.000000000000  0.000000000000  0.007039593595  0.007044934401  0.007051917228  0.017246515362  0.011117392833  0.016227691606  0.011117392833  
lophura_inornata 0.010087265938  0.007044934401  0.001001050617  0.001001050617  0.001001050617  0.001001050617  0.001001050617  0.001001050617  0.001001050617  0.000000000000  0.000000000000  0.007039593595  0.007044934401  0.007051917228  0.017246515362  0.011117392833  0.016227691606  0.011117392833  
lophophorus_impejanus 0.007033849728  0.004010944947  0.006028018505  0.006028018505  0.006028018505  0.006028018505  0.006028018505  0.006028018505  0.006028018505  0.007039593595  0.007039593595  0.000000000000  0.004010944947  0.004011287081  0.014144631640  0.008048497105  0.013127946165  0.008048497105  
melgal2    0.007035897723  0.004011287081  0.006032234163  0.006032234163  0.006032234163  0.006032234163  0.006032234163  0.006032234163  0.006032234163  0.007044934401  0.007044934401  0.004010944947  0.000000000000  0.004013266706  0.014151315561  0.008053320405  0.013135150143  0.008053320405  
tragopan_blythii 0.007039593595  0.004013266706  0.006038089337  0.006038089337  0.006038089337  0.006038089337  0.006038089337  0.006038089337  0.006038089337  0.007051917228  0.007051917228  0.004011287081  0.004013266706  0.000000000000  0.014159671091  0.008059791153  0.013144020192  0.008059791153  
rollulus_rouloul 0.017224514624  0.014151315561  0.016215344139  0.016215344139  0.016215344139  0.016215344139  0.016215344139  0.016215344139  0.016215344139  0.017246515362  0.017246515362  0.014144631640  0.014151315561  0.014159671091  0.000000000000  0.010070957358  0.015162888705  0.010070957358  
galgal4    0.011099268620  0.008053320405  0.010096011076  0.010096011076  0.010096011076  0.010096011076  0.010096011076  0.010096011076  0.010096011076  0.011117392833  0.011117392833  0.008048497105  0.008053320405  0.008059791153  0.010070957358  0.000000000000  0.005018586019  0.000000000000  
pavo_cristatus 0.016204670579  0.013135150143  0.015197582571  0.015197582571  0.015197582571  0.015197582571  0.015197582571  0.015197582571  0.015197582571  0.016227691606  0.016227691606  0.013127946165  0.013135150143  0.013144020192  0.015162888705  0.005018586019  0.000000000000  0.005018586019  
alectoris_rufa 0.011099268620  0.008053320405  0.010096011076  0.010096011076  0.010096011076  0.010096011076  0.010096011076  0.010096011076  0.010096011076  0.011117392833  0.011117392833  0.008048497105  0.008053320405  0.008059791153  0.010070957358  0.000000000000  0.005018586019  0.000000000000  

