18
cyrtonyx_montezumae 0.000000000000  0.037286968168  0.034062915799  0.037250807341  0.037250807341  0.043676092508  0.044809254635  0.037250807341  0.037250807341  0.044809254635  0.043716832626  0.043716832626  0.043716832626  0.042668260483  0.036246428676  0.039373056790  0.051368342067  0.048055806463  
melgal2    0.037286968168  0.000000000000  0.025598127622  0.028739500714  0.030861435789  0.037216545010  0.038329175580  0.030861435789  0.030861435789  0.038329175580  0.037250807341  0.037250807341  0.037250807341  0.038366723580  0.027735734122  0.030833462590  0.042627014173  0.041539786896  
pavo_cristatus 0.034062915799  0.025598127622  0.000000000000  0.015204273755  0.017269146852  0.023477346201  0.024546809342  0.017269146852  0.017269146852  0.024546809342  0.023497902597  0.023497902597  0.023497902597  0.024570526608  0.014202489142  0.017254491490  0.028739500714  0.032993263392  
galgal4    0.037250807341  0.028739500714  0.015204273755  0.000000000000  0.020365541569  0.026604726307  0.027682214266  0.020365541569  0.020365541569  0.027682214266  0.026627366778  0.026627366778  0.026627366778  0.027708043322  0.017285628552  0.020348876717  0.031896785354  0.035101670184  
chrysolophus_pictus 0.037250807341  0.030861435789  0.017269146852  0.020365541569  0.000000000000  0.012134509459  0.013173331286  0.006039711354  0.006039711354  0.013173331286  0.012146484484  0.012146484484  0.012146484484  0.015218212553  0.015218212553  0.022432143061  0.034030877530  0.039410092892  
syrmaticus_reevesii 0.043676092508  0.037216545010  0.023477346201  0.026604726307  0.012134509459  0.000000000000  0.013148682904  0.006028796937  0.006028796937  0.013148682904  0.012124342314  0.012124342314  0.012124342314  0.021407279635  0.021407279635  0.028690782618  0.040418617708  0.044767094631  
phasianus_colchicus 0.044809254635  0.038329175580  0.024546809342  0.027682214266  0.013173331286  0.013148682904  0.000000000000  0.007046556239  0.007046556239  0.014187999193  0.013160101624  0.013160101624  0.013160101624  0.022472494887  0.022472494887  0.029772606684  0.041539786896  0.045904292672  
crossoptilon_crossoptilon 0.037250807341  0.030861435789  0.017269146852  0.020365541569  0.006039711354  0.006028796937  0.007046556239  0.000000000000  0.000000000000  0.007046556239  0.006033360694  0.006033360694  0.006033360694  0.015218212553  0.015218212553  0.022432143061  0.034030877530  0.038329175580  
syrmaticus_ellioti 0.037250807341  0.030861435789  0.017269146852  0.020365541569  0.006039711354  0.006028796937  0.007046556239  0.000000000000  0.000000000000  0.007046556239  0.006033360694  0.006033360694  0.006033360694  0.015218212553  0.015218212553  0.022432143061  0.034030877530  0.038329175580  
catreus_wallichi 0.044809254635  0.038329175580  0.024546809342  0.027682214266  0.013173331286  0.013148682904  0.014187999193  0.007046556239  0.007046556239  0.000000000000  0.003009884154  0.003009884154  0.003009884154  0.022472494887  0.022472494887  0.029772606684  0.041539786896  0.045904292672  
lophura_inornata 0.043716832626  0.037250807341  0.023497902597  0.026627366778  0.012146484484  0.012124342314  0.013160101624  0.006033360694  0.006033360694  0.003009884154  0.000000000000  0.000000000000  0.000000000000  0.021427077775  0.021427077775  0.028714206215  0.040455138504  0.044809254635  
lophura_swinhoii 0.043716832626  0.037250807341  0.023497902597  0.026627366778  0.012146484484  0.012124342314  0.013160101624  0.006033360694  0.006033360694  0.003009884154  0.000000000000  0.000000000000  0.000000000000  0.021427077775  0.021427077775  0.028714206215  0.040455138504  0.044809254635  
lophura_nycthemera 0.043716832626  0.037250807341  0.023497902597  0.026627366778  0.012146484484  0.012124342314  0.013160101624  0.006033360694  0.006033360694  0.003009884154  0.000000000000  0.000000000000  0.000000000000  0.021427077775  0.021427077775  0.028714206215  0.040455138504  0.044809254635  
perdix_dauuricae 0.042668260483  0.038366723580  0.024570526608  0.027708043322  0.015218212553  0.021407279635  0.022472494887  0.015218212553  0.015218212553  0.022472494887  0.021427077775  0.021427077775  0.021427077775  0.000000000000  0.020404384766  0.029799237427  0.041579623133  0.047048913716  
lophophorus_impejanus 0.036246428676  0.027735734122  0.014202489142  0.017285628552  0.015218212553  0.021407279635  0.022472494887  0.015218212553  0.015218212553  0.022472494887  0.021427077775  0.021427077775  0.021427077775  0.020404384766  0.000000000000  0.019343386405  0.028766663201  0.036246428676  
tragopan_blythii 0.039373056790  0.030833462590  0.017254491490  0.020348876717  0.022432143061  0.028690782618  0.029772606684  0.022432143061  0.022432143061  0.029772606684  0.028714206215  0.028714206215  0.028714206215  0.029799237427  0.019343386405  0.000000000000  0.017269146852  0.039373056790  
rollulus_rouloul 0.051368342067  0.042627014173  0.028739500714  0.031896785354  0.034030877530  0.040418617708  0.041539786896  0.034030877530  0.034030877530  0.041539786896  0.040455138504  0.040455138504  0.040455138504  0.041579623133  0.028766663201  0.017269146852  0.000000000000  0.049157320897  
alectoris_rufa 0.048055806463  0.041539786896  0.032993263392  0.035101670184  0.039410092892  0.044767094631  0.045904292672  0.038329175580  0.038329175580  0.045904292672  0.044809254635  0.044809254635  0.044809254635  0.047048913716  0.036246428676  0.039373056790  0.049157320897  0.000000000000  

