18
cyrtonyx_montezumae 0.000000000000  0.095002203463  0.084560870133  0.095002203463  0.109189471758  0.114801053909  0.103141142919  0.107813778003  0.111544273525  0.118836873435  0.115223210922  0.107892816550  0.105713163382  0.105713163382  0.093817376252  0.085790265052  0.095002203463  0.081201177393  
rollulus_rouloul 0.095002203463  0.000000000000  0.071096847158  0.077738626985  0.097455575762  0.101940405753  0.097611408534  0.097455575762  0.099928462094  0.107278554281  0.101299510553  0.099928462094  0.094189426248  0.092848593508  0.085856396126  0.074467904196  0.084688428767  0.075443810917  
galgal4    0.084560870133  0.071096847158  0.000000000000  0.055398621091  0.085790265052  0.091264463484  0.082298954537  0.084499875832  0.086893897686  0.092704589296  0.084560870133  0.090414450078  0.084754987040  0.082298954537  0.074410263230  0.058762927645  0.070987935790  0.064214331129  
pavo_cristatus 0.095002203463  0.077738626985  0.055398621091  0.000000000000  0.099694293362  0.105251465228  0.094931991861  0.095980565948  0.102015718759  0.110408169834  0.102015718759  0.100816421905  0.091524022518  0.089171408014  0.084560870133  0.070936186845  0.079927955287  0.070791804075  
melgal2    0.109189471758  0.097455575762  0.085790265052  0.099694293362  0.000000000000  0.083281208883  0.075556384142  0.072021660248  0.076646623004  0.085856396126  0.075499186743  0.077796758936  0.073381176999  0.075556384142  0.064356329304  0.075443810917  0.084499875832  0.091665105299  
lophura_nycthemera 0.114801053909  0.101940405753  0.091264463484  0.105251465228  0.083281208883  0.000000000000  0.016193111118  0.022351550049  0.026525349594  0.038093976855  0.027545640601  0.027545640601  0.032862282577  0.034902220834  0.066327975255  0.074014744947  0.086486376370  0.094931991861  
crossoptilon_crossoptilon 0.103141142919  0.097611408534  0.082298954537  0.094931991861  0.075556384142  0.016193111118  0.000000000000  0.012111169767  0.016223099794  0.027624683392  0.018262378575  0.017230842440  0.022465515997  0.026574332224  0.059876499634  0.067495743116  0.081025292188  0.083588382495  
lophura_inornata 0.107813778003  0.097455575762  0.084499875832  0.095980565948  0.072021660248  0.022351550049  0.012111169767  0.000000000000  0.016201478439  0.028638364896  0.018242846199  0.017213530174  0.024516730644  0.026540014260  0.057571066824  0.067409293973  0.078620069486  0.089171408014  
chrysolophus_pictus 0.111544273525  0.099928462094  0.086893897686  0.102015718759  0.076646623004  0.026525349594  0.016223099794  0.016201478439  0.000000000000  0.030766718419  0.020319182260  0.021356164699  0.026638233560  0.028656997668  0.063282086856  0.069706675129  0.083281208883  0.091593624500  
lophura_swinhoii 0.118836873435  0.107278554281  0.092704589296  0.110408169834  0.085856396126  0.038093976855  0.027624683392  0.028638364896  0.030766718419  0.000000000000  0.020362563247  0.031825003045  0.038321159418  0.041421213039  0.071041490243  0.078776554801  0.092568126807  0.096263493297  
phasianus_colchicus 0.115223210922  0.101299510553  0.084560870133  0.102015718759  0.075499186743  0.027545640601  0.018262378575  0.018242846199  0.020319182260  0.020362563247  0.000000000000  0.021356164699  0.028748155869  0.030766718419  0.059832624687  0.068577845134  0.079819020356  0.089238113202  
catreus_wallichi 0.107892816550  0.099928462094  0.090414450078  0.100816421905  0.077796758936  0.027545640601  0.017230842440  0.017213530174  0.021356164699  0.031825003045  0.021356164699  0.000000000000  0.025586677657  0.027605541894  0.058720347615  0.068577845134  0.082124419370  0.088064600246  
syrmaticus_ellioti 0.105713163382  0.094189426248  0.084754987040  0.091524022518  0.073381176999  0.032862282577  0.022465515997  0.024516730644  0.026638233560  0.038321159418  0.028748155869  0.025586677657  0.000000000000  0.018274598466  0.057739742785  0.063094466245  0.075390259736  0.084754987040  
syrmaticus_reevesii 0.105713163382  0.092848593508  0.082298954537  0.089171408014  0.075556384142  0.034902220834  0.026574332224  0.026540014260  0.028656997668  0.041421213039  0.030766718419  0.027605541894  0.018274598466  0.000000000000  0.057651886592  0.060784478802  0.075288643782  0.084623722128  
perdix_dauuricae 0.093817376252  0.085856396126  0.074410263230  0.084560870133  0.064356329304  0.066327975255  0.059876499634  0.057571066824  0.063282086856  0.071041490243  0.059832624687  0.058720347615  0.057739742785  0.057651886592  0.000000000000  0.055361647010  0.067495743116  0.076705198531  
lophophorus_impejanus 0.085790265052  0.074467904196  0.058762927645  0.070936186845  0.075443810917  0.074014744947  0.067495743116  0.067409293973  0.069706675129  0.078776554801  0.068577845134  0.068577845134  0.063094466245  0.060784478802  0.055361647010  0.000000000000  0.044570409522  0.062020091865  
tragopan_blythii 0.095002203463  0.084688428767  0.070987935790  0.079927955287  0.084499875832  0.086486376370  0.081025292188  0.078620069486  0.083281208883  0.092568126807  0.079819020356  0.082124419370  0.075390259736  0.075288643782  0.067495743116  0.044570409522  0.000000000000  0.076589872353  
alectoris_rufa 0.081201177393  0.075443810917  0.064214331129  0.070791804075  0.091665105299  0.094931991861  0.083588382495  0.089171408014  0.091593624500  0.096263493297  0.089238113202  0.088064600246  0.084754987040  0.084623722128  0.076705198531  0.062020091865  0.076589872353  0.000000000000  

