18
cyrtonyx_montezumae 0.000000000000  0.002004219758  0.002004219758  0.003009507840  0.009086301484  0.026654946082  0.003009507840  0.002004219758  0.002004219758  0.010087510849  0.002004219758  0.005026485386  0.003009507840  0.019289778421  0.008068091803  0.008068091803  0.003009507840  0.003009507840  
syrmaticus_ellioti 0.002004219758  0.000000000000  0.000000000000  0.001001053457  0.007052058741  0.024551244362  0.001001053457  0.000000000000  0.000000000000  0.008053474561  0.000000000000  0.003009507840  0.001001053457  0.017225237743  0.006038193011  0.006038193011  0.001001053457  0.001001053457  
phasianus_colchicus 0.002004219758  0.000000000000  0.000000000000  0.001001053457  0.007052058741  0.024551244362  0.001001053457  0.000000000000  0.000000000000  0.008053474561  0.000000000000  0.003009507840  0.001001053457  0.017225237743  0.006038193011  0.006038193011  0.001001053457  0.001001053457  
galgal4    0.003009507840  0.001001053457  0.001001053457  0.000000000000  0.006038193011  0.023502874928  0.002004219758  0.001001053457  0.001001053457  0.009069404617  0.001001053457  0.004016926699  0.002004219758  0.018256387113  0.007052058741  0.007052058741  0.002004219758  0.002004219758  
perdix_dauuricae 0.009086301484  0.007052058741  0.007052058741  0.006038193011  0.000000000000  0.017260759812  0.008068091803  0.007052058741  0.007052058741  0.015211013788  0.007052058741  0.010106697129  0.008068091803  0.023445959401  0.013181094217  0.013181094217  0.008068091803  0.008068091803  
chrysolophus_pictus 0.026654946082  0.024551244362  0.024551244362  0.023502874928  0.017260759812  0.000000000000  0.025601931323  0.024551244362  0.024551244362  0.032960710195  0.024551244362  0.027710298974  0.025601931323  0.041421920851  0.030890490868  0.030890490868  0.025601931323  0.025601931323  
rollulus_rouloul 0.003009507840  0.001001053457  0.001001053457  0.002004219758  0.008068091803  0.025601931323  0.000000000000  0.001001053457  0.001001053457  0.009069404617  0.001001053457  0.004016926699  0.002004219758  0.018256387113  0.007052058741  0.007052058741  0.002004219758  0.002004219758  
syrmaticus_reevesii 0.002004219758  0.000000000000  0.000000000000  0.001001053457  0.007052058741  0.024551244362  0.001001053457  0.000000000000  0.000000000000  0.008053474561  0.000000000000  0.003009507840  0.001001053457  0.017225237743  0.006038193011  0.006038193011  0.001001053457  0.001001053457  
catreus_wallichi 0.002004219758  0.000000000000  0.000000000000  0.001001053457  0.007052058741  0.024551244362  0.001001053457  0.000000000000  0.000000000000  0.008053474561  0.000000000000  0.003009507840  0.001001053457  0.017225237743  0.006038193011  0.006038193011  0.001001053457  0.001001053457  
tragopan_blythii 0.010087510849  0.008053474561  0.008053474561  0.009069404617  0.015211013788  0.032960710195  0.009069404617  0.008053474561  0.008053474561  0.000000000000  0.008053474561  0.011107802601  0.009069404617  0.025503564461  0.014181885313  0.014181885313  0.009069404617  0.009069404617  
crossoptilon_crossoptilon 0.002004219758  0.000000000000  0.000000000000  0.001001053457  0.007052058741  0.024551244362  0.001001053457  0.000000000000  0.000000000000  0.008053474561  0.000000000000  0.003009507840  0.001001053457  0.017225237743  0.006038193011  0.006038193011  0.001001053457  0.001001053457  
lophura_nycthemera 0.005026485386  0.003009507840  0.003009507840  0.004016926699  0.010106697129  0.027710298974  0.004016926699  0.003009507840  0.003009507840  0.011107802601  0.003009507840  0.000000000000  0.002004219758  0.018256387113  0.007052058741  0.007052058741  0.002004219758  0.002004219758  
lophura_swinhoii 0.003009507840  0.001001053457  0.001001053457  0.002004219758  0.008068091803  0.025601931323  0.002004219758  0.001001053457  0.001001053457  0.009069404617  0.001001053457  0.002004219758  0.000000000000  0.016196320604  0.005026485386  0.005026485386  0.000000000000  0.000000000000  
pavo_cristatus 0.019289778421  0.017225237743  0.017225237743  0.018256387113  0.023445959401  0.041421920851  0.018256387113  0.017225237743  0.017225237743  0.025503564461  0.017225237743  0.018256387113  0.016196320604  0.000000000000  0.019289778421  0.019289778421  0.016196320604  0.016196320604  
lophophorus_impejanus 0.008068091803  0.006038193011  0.006038193011  0.007052058741  0.013181094217  0.030890490868  0.007052058741  0.006038193011  0.006038193011  0.014181885313  0.006038193011  0.007052058741  0.005026485386  0.019289778421  0.000000000000  0.000000000000  0.005026485386  0.005026485386  
lophura_inornata 0.008068091803  0.006038193011  0.006038193011  0.007052058741  0.013181094217  0.030890490868  0.007052058741  0.006038193011  0.006038193011  0.014181885313  0.006038193011  0.007052058741  0.005026485386  0.019289778421  0.000000000000  0.000000000000  0.005026485386  0.005026485386  
melgal2    0.003009507840  0.001001053457  0.001001053457  0.002004219758  0.008068091803  0.025601931323  0.002004219758  0.001001053457  0.001001053457  0.009069404617  0.001001053457  0.002004219758  0.000000000000  0.016196320604  0.005026485386  0.005026485386  0.000000000000  0.000000000000  
alectoris_rufa 0.003009507840  0.001001053457  0.001001053457  0.002004219758  0.008068091803  0.025601931323  0.002004219758  0.001001053457  0.001001053457  0.009069404617  0.001001053457  0.002004219758  0.000000000000  0.016196320604  0.005026485386  0.005026485386  0.000000000000  0.000000000000  

