18
phasianus_colchicus 0.000000000000  0.017217215886  0.004014020073  0.005017623860  0.003006269206  0.002002915301  0.002002915301  0.000000000000  0.024480631646  0.002003134634  0.008045012492  0.023408905001  0.012138388052  0.023435667095  0.021353117678  0.031774882947  0.026542932364  0.021366651745  
lophophorus_impejanus 0.017217215886  0.000000000000  0.017225333791  0.018240021866  0.017217215886  0.015169130063  0.015169130063  0.017217215886  0.042368162818  0.019264460325  0.024421404894  0.040217095355  0.028644693449  0.038076441979  0.035946102339  0.044477659870  0.043398501390  0.039167220059  
crossoptilon_crossoptilon 0.004014020073  0.017225333791  0.000000000000  0.005019391743  0.004014020073  0.002004536930  0.002004536930  0.004014020073  0.028664051170  0.006026344037  0.012106021655  0.027576560624  0.016242172060  0.027610519791  0.025510957971  0.036004364488  0.030736274310  0.025528071629  
lophura_swinhoii 0.005017623860  0.018240021866  0.005019391743  0.000000000000  0.005017623860  0.003006269206  0.003006269206  0.005017623860  0.029680525587  0.007034259768  0.013119642439  0.028598366938  0.017247290640  0.028627291676  0.026528320566  0.037028848051  0.031757188712  0.026542932364  
lophura_nycthemera 0.003006269206  0.017217215886  0.004014020073  0.005017623860  0.000000000000  0.002002915301  0.002002915301  0.003006269206  0.027592564097  0.005017712210  0.011085188398  0.026515660050  0.015196867337  0.026542932364  0.024451114521  0.034918758981  0.029663681256  0.024464903861  
catreus_wallichi 0.002002915301  0.015169130063  0.002004536930  0.003006269206  0.002002915301  0.000000000000  0.000000000000  0.002002915301  0.026559492683  0.004011199683  0.010070832292  0.025482559718  0.014180036776  0.025510957971  0.023421318644  0.033875677087  0.028627291676  0.023435667095  
lophura_inornata 0.002002915301  0.015169130063  0.002004536930  0.003006269206  0.002002915301  0.000000000000  0.000000000000  0.002002915301  0.026559492683  0.004011199683  0.010070832292  0.025482559718  0.014180036776  0.025510957971  0.023421318644  0.033875677087  0.028627291676  0.023435667095  
syrmaticus_reevesii 0.000000000000  0.017217215886  0.004014020073  0.005017623860  0.003006269206  0.002002915301  0.002002915301  0.000000000000  0.024480631646  0.002003134634  0.008045012492  0.023408905001  0.012138388052  0.023435667095  0.021353117678  0.031774882947  0.026542932364  0.021366651745  
chrysolophus_pictus 0.024480631646  0.042368162818  0.028664051170  0.029680525587  0.027592564097  0.026559492683  0.026559492683  0.024480631646  0.000000000000  0.026542932364  0.032815164133  0.046643910657  0.035010592815  0.044529746190  0.044529746190  0.049913317109  0.044477659870  0.041371354857  
syrmaticus_ellioti 0.002003134634  0.019264460325  0.006026344037  0.007034259768  0.005017712210  0.004011199683  0.004011199683  0.002003134634  0.026542932364  0.000000000000  0.010070069732  0.025471280637  0.014168341646  0.025495786421  0.023408905001  0.033857123786  0.028611848582  0.023421318644  
tragopan_blythii 0.008045012492  0.024421404894  0.012106021655  0.013119642439  0.011085188398  0.010070832292  0.010070832292  0.008045012492  0.032815164133  0.010070069732  0.000000000000  0.028598366938  0.018281689106  0.031757188712  0.029648802100  0.040195908723  0.034900767859  0.029663681256  
perdix_dauuricae 0.023408905001  0.040217095355  0.027576560624  0.028598366938  0.026515660050  0.025482559718  0.025482559718  0.023408905001  0.046643910657  0.025471280637  0.028598366938  0.000000000000  0.030756492755  0.046643910657  0.044477659870  0.048717383047  0.049854467948  0.044502686289  
melgal2    0.012138388052  0.028644693449  0.016242172060  0.017247290640  0.015196867337  0.014180036776  0.014180036776  0.012138388052  0.035010592815  0.014168341646  0.018281689106  0.030756492755  0.000000000000  0.033943224520  0.031816186796  0.042422446019  0.037097414776  0.031839790996  
rollulus_rouloul 0.023435667095  0.038076441979  0.027610519791  0.028627291676  0.026542932364  0.025510957971  0.025510957971  0.023435667095  0.044529746190  0.025495786421  0.031757188712  0.046643910657  0.033943224520  0.000000000000  0.031774882947  0.043447633593  0.042422446019  0.037072563605  
galgal4    0.021353117678  0.035946102339  0.025510957971  0.026528320566  0.024451114521  0.023421318644  0.023421318644  0.021353117678  0.044529746190  0.023408905001  0.029648802100  0.044477659870  0.031816186796  0.031774882947  0.000000000000  0.042368162818  0.039190974905  0.034938739775  
cyrtonyx_montezumae 0.031774882947  0.044477659870  0.036004364488  0.037028848051  0.034918758981  0.033875677087  0.033875677087  0.031774882947  0.049913317109  0.033857123786  0.040195908723  0.048717383047  0.042422446019  0.043447633593  0.042368162818  0.000000000000  0.047731028961  0.044502686289  
pavo_cristatus 0.026542932364  0.043398501390  0.030736274310  0.031757188712  0.029663681256  0.028627291676  0.028627291676  0.026542932364  0.044477659870  0.028611848582  0.034900767859  0.049854467948  0.037097414776  0.042422446019  0.039190974905  0.047731028961  0.000000000000  0.042394294445  
alectoris_rufa 0.021366651745  0.039167220059  0.025528071629  0.026542932364  0.024464903861  0.023435667095  0.023435667095  0.021366651745  0.041371354857  0.023421318644  0.029663681256  0.044502686289  0.031839790996  0.037072563605  0.034938739775  0.044502686289  0.042394294445  0.000000000000  

