18
pavo_cristatus 0.000000000000  0.017220488735  0.022368663111  0.018234577905  0.031714526889  0.030690155207  0.024436489348  0.024436489348  0.024436489348  0.024436489348  0.030706017359  0.035910011827  0.023407644423  0.028590099125  0.023396427965  0.028618900059  0.021309819150  0.004012980467  
rollulus_rouloul 0.017220488735  0.000000000000  0.025492223950  0.021331875013  0.033823518575  0.033857172213  0.027569953709  0.027569953709  0.027569953709  0.027569953709  0.032817399219  0.041233761639  0.026537840939  0.031743560133  0.026523242803  0.031779247761  0.024416734567  0.013125825966  
melgal2    0.022368663111  0.025492223950  0.000000000000  0.016210619716  0.028618900059  0.028654300117  0.022408738657  0.022408738657  0.022408738657  0.022408738657  0.028674467047  0.035979919274  0.021384082501  0.026554080772  0.021368597185  0.024495653314  0.029614552430  0.018241875140  
tragopan_blythii 0.018234577905  0.021331875013  0.016210619716  0.000000000000  0.025478757831  0.023420495256  0.018261324410  0.018261324410  0.018261324410  0.018261324410  0.024478413336  0.031743560133  0.017240961962  0.022380393830  0.017229919990  0.022408738657  0.025441349045  0.014137936983  
lophophorus_impejanus 0.031714526889  0.033823518575  0.028618900059  0.025478757831  0.000000000000  0.038089532103  0.031760573731  0.031760573731  0.031760573731  0.031760573731  0.038111880619  0.043358003860  0.030723537423  0.034937896750  0.030706017359  0.032817399219  0.037990877987  0.027532645166  
phasianus_colchicus 0.030690155207  0.033857172213  0.028654300117  0.023420495256  0.038089532103  0.000000000000  0.012110730217  0.012110730217  0.012110730217  0.012110730217  0.018261324410  0.024425790394  0.011097191934  0.016192342553  0.017220488735  0.034983893548  0.038016991288  0.026510289496  
syrmaticus_ellioti 0.024436489348  0.027569953709  0.022408738657  0.018261324410  0.031760573731  0.012110730217  0.000000000000  0.000000000000  0.000000000000  0.000000000000  0.006031439283  0.013120754784  0.001000760897  0.008044781353  0.011091083075  0.028674467047  0.029604822182  0.020297270891  
crossoptilon_crossoptilon 0.024436489348  0.027569953709  0.022408738657  0.018261324410  0.031760573731  0.012110730217  0.000000000000  0.000000000000  0.000000000000  0.000000000000  0.006031439283  0.013120754784  0.001000760897  0.008044781353  0.011091083075  0.028674467047  0.029604822182  0.020297270891  
lophura_nycthemera 0.024436489348  0.027569953709  0.022408738657  0.018261324410  0.031760573731  0.012110730217  0.000000000000  0.000000000000  0.000000000000  0.000000000000  0.006031439283  0.013120754784  0.001000760897  0.008044781353  0.011091083075  0.028674467047  0.029604822182  0.020297270891  
lophura_inornata 0.024436489348  0.027569953709  0.022408738657  0.018261324410  0.031760573731  0.012110730217  0.000000000000  0.000000000000  0.000000000000  0.000000000000  0.006031439283  0.013120754784  0.001000760897  0.008044781353  0.011091083075  0.028674467047  0.029604822182  0.020297270891  
lophura_swinhoii 0.030706017359  0.032817399219  0.028674467047  0.024478413336  0.038111880619  0.018261324410  0.006031439283  0.006031439283  0.006031439283  0.006031439283  0.000000000000  0.019273240183  0.007038789593  0.014148638890  0.017229919990  0.035009386370  0.035910011827  0.026523242803  
catreus_wallichi 0.035910011827  0.041233761639  0.035979919274  0.031743560133  0.043358003860  0.024425790394  0.013120754784  0.013120754784  0.013120754784  0.013120754784  0.019273240183  0.000000000000  0.014137936983  0.021315536228  0.024425790394  0.040228414493  0.043289033338  0.033809202703  
chrysolophus_pictus 0.023407644423  0.026537840939  0.021384082501  0.017240961962  0.030723537423  0.011097191934  0.001000760897  0.001000760897  0.001000760897  0.001000760897  0.007038789593  0.014137936983  0.000000000000  0.007035369840  0.010078582900  0.027642746325  0.028567922628  0.019273240183  
syrmaticus_reevesii 0.028590099125  0.031743560133  0.026554080772  0.022380393830  0.034937896750  0.016192342553  0.008044781353  0.008044781353  0.008044781353  0.008044781353  0.014148638890  0.021315536228  0.007035369840  0.000000000000  0.015166344127  0.032858725015  0.033785609031  0.024425790394  
perdix_dauuricae 0.023396427965  0.026523242803  0.021368597185  0.017229919990  0.030706017359  0.017220488735  0.011091083075  0.011091083075  0.011091083075  0.011091083075  0.017229919990  0.024425790394  0.010078582900  0.015166344127  0.000000000000  0.027622088082  0.030652548023  0.019264841563  
galgal4    0.028618900059  0.031779247761  0.024495653314  0.022408738657  0.032817399219  0.034983893548  0.028674467047  0.028674467047  0.028674467047  0.028674467047  0.035009386370  0.040228414493  0.027642746325  0.032858725015  0.027622088082  0.000000000000  0.035924966865  0.024448828251  
cyrtonyx_montezumae 0.021309819150  0.024416734567  0.029614552430  0.025441349045  0.037990877987  0.038016991288  0.029604822182  0.029604822182  0.029604822182  0.029604822182  0.035910011827  0.043289033338  0.028567922628  0.033785609031  0.030652548023  0.035924966865  0.000000000000  0.017198933557  
alectoris_rufa 0.004012980467  0.013125825966  0.018241875140  0.014137936983  0.027532645166  0.026510289496  0.020297270891  0.020297270891  0.020297270891  0.020297270891  0.026523242803  0.033809202703  0.019273240183  0.024425790394  0.019264841563  0.024448828251  0.017198933557  0.000000000000  

