18
galgal4    0.000000000000  0.026518493469  0.008048445399  0.011099136498  0.011099136498  0.026506251089  0.018255278040  0.022363952500  0.016195462938  0.019288527118  0.019288527118  0.016195462938  0.016195462938  0.019288527118  0.016204417439  0.013127811849  0.016195462938  0.016204417439  
cyrtonyx_montezumae 0.026518493469  0.000000000000  0.032779682511  0.035957438943  0.035957438943  0.049751729902  0.040204656727  0.044434860823  0.038067298034  0.041276934317  0.041276934317  0.038067298034  0.038067298034  0.041276934317  0.039114837324  0.038048598783  0.041233799628  0.041254483370  
pavo_cristatus 0.008048445399  0.032779682511  0.000000000000  0.015186146793  0.015186146793  0.030686471714  0.022387461837  0.026518493469  0.020312080165  0.023428544971  0.023428544971  0.020312080165  0.020312080165  0.023428544971  0.020324016761  0.017224259850  0.020312080165  0.020324016761  
tragopan_blythii 0.011099136498  0.035957438943  0.015186146793  0.000000000000  0.006027985812  0.021319454847  0.015176678211  0.017209064647  0.011087698851  0.014151146167  0.014151146167  0.011087698851  0.011087698851  0.014151146167  0.011092590213  0.008045288627  0.011087698851  0.017246160234  
lophophorus_impejanus 0.011099136498  0.035957438943  0.015186146793  0.006027985812  0.000000000000  0.021319454847  0.015176678211  0.017209064647  0.011087698851  0.014151146167  0.014151146167  0.011087698851  0.011087698851  0.014151146167  0.011092590213  0.008045288627  0.011087698851  0.017246160234  
rollulus_rouloul 0.026506251089  0.049751729902  0.030686471714  0.021319454847  0.021319454847  0.000000000000  0.030672866050  0.032742015130  0.026486915409  0.029622933307  0.029622933307  0.026486915409  0.026486915409  0.029622933307  0.026495724049  0.023376623790  0.026486915409  0.032795718522  
lophura_swinhoii 0.018255278040  0.040204656727  0.022387461837  0.015176678211  0.015176678211  0.030672866050  0.000000000000  0.010080072419  0.004016847297  0.007051813499  0.007051813499  0.004016847297  0.004016847297  0.007051813499  0.008059689298  0.007044859968  0.010087133500  0.026565482524  
syrmaticus_reevesii 0.022363952500  0.044434860823  0.026518493469  0.017209064647  0.017209064647  0.032742015130  0.010080072419  0.000000000000  0.006025425369  0.009063178461  0.009063178461  0.006025425369  0.006025425369  0.009063178461  0.010074660786  0.009058896655  0.010070901553  0.028614062460  
phasianus_colchicus 0.016195462938  0.038067298034  0.020312080165  0.011087698851  0.011087698851  0.026486915409  0.004016847297  0.006025425369  0.000000000000  0.003009463302  0.003009463302  0.000000000000  0.000000000000  0.003009463302  0.004013248446  0.003006973257  0.006027985812  0.022387461837  
lophura_nycthemera 0.019288527118  0.041276934317  0.023428544971  0.014151146167  0.014151146167  0.029622933307  0.007051813499  0.009063178461  0.003009463302  0.000000000000  0.000000000000  0.003009463302  0.003009463302  0.006038013343  0.007044859968  0.006032182779  0.009069107198  0.025517545320  
lophura_inornata 0.019288527118  0.041276934317  0.023428544971  0.014151146167  0.014151146167  0.029622933307  0.007051813499  0.009063178461  0.003009463302  0.000000000000  0.000000000000  0.003009463302  0.003009463302  0.006038013343  0.007044859968  0.006032182779  0.009069107198  0.025517545320  
chrysolophus_pictus 0.016195462938  0.038067298034  0.020312080165  0.011087698851  0.011087698851  0.026486915409  0.004016847297  0.006025425369  0.000000000000  0.003009463302  0.003009463302  0.000000000000  0.000000000000  0.003009463302  0.004013248446  0.003006973257  0.006027985812  0.022387461837  
crossoptilon_crossoptilon 0.016195462938  0.038067298034  0.020312080165  0.011087698851  0.011087698851  0.026486915409  0.004016847297  0.006025425369  0.000000000000  0.003009463302  0.003009463302  0.000000000000  0.000000000000  0.003009463302  0.004013248446  0.003006973257  0.006027985812  0.022387461837  
catreus_wallichi 0.019288527118  0.041276934317  0.023428544971  0.014151146167  0.014151146167  0.029622933307  0.007051813499  0.009063178461  0.003009463302  0.006038013343  0.006038013343  0.003009463302  0.003009463302  0.000000000000  0.007044859968  0.006032182779  0.009069107198  0.025517545320  
perdix_dauuricae 0.016204417439  0.039114837324  0.020324016761  0.011092590213  0.011092590213  0.026495724049  0.008059689298  0.010074660786  0.004013248446  0.007044859968  0.007044859968  0.004013248446  0.004013248446  0.007044859968  0.000000000000  0.003009463302  0.006032182779  0.022401756756  
syrmaticus_ellioti 0.013127811849  0.038048598783  0.017224259850  0.008045288627  0.008045288627  0.023376623790  0.007044859968  0.009058896655  0.003006973257  0.006032182779  0.006032182779  0.003006973257  0.003006973257  0.006032182779  0.003009463302  0.000000000000  0.003006973257  0.019288527118  
melgal2    0.016195462938  0.041233799628  0.020312080165  0.011087698851  0.011087698851  0.026486915409  0.010087133500  0.010070901553  0.006027985812  0.009069107198  0.009069107198  0.006027985812  0.006027985812  0.009069107198  0.006032182779  0.003006973257  0.000000000000  0.022387461837  
alectoris_rufa 0.016204417439  0.041254483370  0.020324016761  0.017246160234  0.017246160234  0.032795718522  0.026565482524  0.028614062460  0.022387461837  0.025517545320  0.025517545320  0.022387461837  0.022387461837  0.025517545320  0.022401756756  0.019288527118  0.022387461837  0.000000000000  

