18
pavo_cristatus 0.000000000000  0.051155420614  0.039213961702  0.038226686471  0.038226686471  0.039301531658  0.043554902617  0.042505818626  0.046815242474  0.045726035258  0.041458365773  0.048962351578  0.029692158370  0.033902846920  0.057658190116  0.037125758354  0.031904366531  0.036056842610  
cyrtonyx_montezumae 0.051155420614  0.000000000000  0.045626527518  0.051196599151  0.051196599151  0.052298125694  0.055526826528  0.053358411141  0.058861391829  0.058861391829  0.054508682275  0.059929944939  0.044605623314  0.046744699023  0.072191918245  0.050057651498  0.044750370779  0.053276123821  
rollulus_rouloul 0.039213961702  0.045626527518  0.000000000000  0.038169047922  0.038169047922  0.039241463878  0.042472955611  0.042441789706  0.046744699023  0.045657986315  0.041393407216  0.047799892008  0.029656901677  0.031747076118  0.059796286415  0.034943206388  0.029734062163  0.040287528793  
phasianus_colchicus 0.038226686471  0.051196599151  0.038169047922  0.000000000000  0.000000000000  0.001001028197  0.005018363085  0.004013058411  0.008052478675  0.007039004810  0.003009279234  0.018289286782  0.010094144473  0.018304946618  0.041493379304  0.017286077545  0.028750718336  0.038169047922  
lophura_swinhoii 0.038226686471  0.051196599151  0.038169047922  0.000000000000  0.000000000000  0.001001028197  0.005018363085  0.004013058411  0.008052478675  0.007039004810  0.003009279234  0.018289286782  0.010094144473  0.018304946618  0.041493379304  0.017286077545  0.028750718336  0.038169047922  
syrmaticus_ellioti 0.039301531658  0.052298125694  0.039241463878  0.001001028197  0.001001028197  0.000000000000  0.004011177830  0.003006886403  0.007039004810  0.006027635855  0.002004118438  0.019325374092  0.011115083111  0.019342166320  0.042576624447  0.018322222699  0.029809329584  0.039241463878  
lophura_inornata 0.043554902617  0.055526826528  0.042472955611  0.005018363085  0.005018363085  0.004011177830  0.000000000000  0.007035490681  0.011091488174  0.010073833898  0.006027635855  0.023454066694  0.015194186365  0.023472170937  0.046853078353  0.022446928867  0.034005579792  0.043491809438  
crossoptilon_crossoptilon 0.042505818626  0.053358411141  0.042441789706  0.004013058411  0.004013058411  0.003006886403  0.007035490681  0.000000000000  0.010079005129  0.009062385263  0.005021313731  0.022428339449  0.014178020546  0.022446928867  0.045800906648  0.021423257217  0.032968732096  0.042441789706  
lophura_nycthemera 0.046815242474  0.058861391829  0.046744699023  0.008052478675  0.008052478675  0.007039004810  0.011091488174  0.010079005129  0.000000000000  0.012111273632  0.009068066231  0.026595583654  0.018289286782  0.026617158206  0.046853078353  0.025588623096  0.037216138475  0.044573693371  
catreus_wallichi 0.045726035258  0.058861391829  0.045657986315  0.007039004810  0.007039004810  0.006027635855  0.010073833898  0.009062385263  0.012111273632  0.000000000000  0.006027635855  0.025546157830  0.017255399262  0.025566570629  0.049041349081  0.024539137928  0.036143598567  0.045657986315  
syrmaticus_reevesii 0.041458365773  0.054508682275  0.041393407216  0.003009279234  0.003009279234  0.002004118438  0.006027635855  0.005021313731  0.009068066231  0.006027635855  0.000000000000  0.021404185663  0.013163404343  0.021423257217  0.044750370779  0.020401150703  0.031933481273  0.041393407216  
chrysolophus_pictus 0.048962351578  0.059929944939  0.047799892008  0.018289286782  0.018289286782  0.019325374092  0.023454066694  0.022428339449  0.026595583654  0.025546157830  0.021404185663  0.000000000000  0.020347365227  0.027647275958  0.050097558716  0.027670017289  0.039334091454  0.048890222650  
perdix_dauuricae 0.029692158370  0.044605623314  0.029656901677  0.010094144473  0.010094144473  0.011115083111  0.015194186365  0.014178020546  0.018289286782  0.017255399262  0.013163404343  0.020347365227  0.000000000000  0.012118634319  0.035016312914  0.011105617810  0.020347365227  0.031764542101  
lophophorus_impejanus 0.033902846920  0.046744699023  0.031747076118  0.018304946618  0.018304946618  0.019342166320  0.023472170937  0.022446928867  0.026617158206  0.025566570629  0.021423257217  0.027647275958  0.012118634319  0.000000000000  0.037125758354  0.015194186365  0.024498988738  0.033861520331  
melgal2    0.057658190116  0.072191918245  0.059796286415  0.041493379304  0.041493379304  0.042576624447  0.046853078353  0.045800906648  0.046853078353  0.049041349081  0.044750370779  0.050097558716  0.035016312914  0.037125758354  0.000000000000  0.038226686471  0.046815242474  0.055365885909  
tragopan_blythii 0.037125758354  0.050057651498  0.034943206388  0.017286077545  0.017286077545  0.018322222699  0.022446928867  0.021423257217  0.025588623096  0.024539137928  0.020401150703  0.027670017289  0.011105617810  0.015194186365  0.038226686471  0.000000000000  0.025566570629  0.032821793075  
galgal4    0.031904366531  0.044750370779  0.029734062163  0.028750718336  0.028750718336  0.029809329584  0.034005579792  0.032968732096  0.037216138475  0.036143598567  0.031933481273  0.039334091454  0.020347365227  0.024498988738  0.046815242474  0.025566570629  0.000000000000  0.031851106024  
alectoris_rufa 0.036056842610  0.053276123821  0.040287528793  0.038169047922  0.038169047922  0.039241463878  0.043491809438  0.042441789706  0.044573693371  0.045657986315  0.041393407216  0.048890222650  0.031764542101  0.033861520331  0.055365885909  0.032821793075  0.031851106024  0.000000000000  

