18
galgal4    0.000000000000  0.013176132340  0.025509324983  0.025480342353  0.028638260811  0.019296086547  0.019284287808  0.017230789601  0.017230789601  0.023436746010  0.019296086547  0.020319097482  0.017230789601  0.022359605366  0.026556308689  0.058763433761  0.045796237696  0.027645726305  
pavo_cristatus 0.013176132340  0.000000000000  0.024464580718  0.024437879673  0.027587926126  0.018262346472  0.018251665854  0.016201406731  0.016201406731  0.022395317204  0.018262346472  0.019284287808  0.016201406731  0.021323774925  0.025509324983  0.056543706942  0.040375350159  0.026594182188  
lophura_swinhoii 0.025509324983  0.024464580718  0.000000000000  0.008052375362  0.019296086547  0.010085582829  0.011097571950  0.008052375362  0.008052375362  0.014166476768  0.010085582829  0.011097571950  0.008052375362  0.013121050829  0.017241978406  0.058640133039  0.046775097751  0.034901636627  
phasianus_colchicus 0.025480342353  0.024437879673  0.008052375362  0.000000000000  0.019274118554  0.010073763566  0.011086784371  0.008044877016  0.008044877016  0.014149126479  0.010073763566  0.011086784371  0.008044877016  0.013115579305  0.017221222389  0.058566726782  0.046708591869  0.034868484561  
perdix_dauuricae 0.028638260811  0.027587926126  0.019296086547  0.019274118554  0.000000000000  0.013141364536  0.014156995928  0.011097571950  0.011097571950  0.017241978406  0.013141364536  0.014156995928  0.011097571950  0.016186112030  0.020332019087  0.061935580653  0.050014963313  0.038072540573  
lophura_nycthemera 0.019296086547  0.018262346472  0.010085582829  0.010073763566  0.013141364536  0.000000000000  0.005021266017  0.002004105889  0.002004105889  0.008058513070  0.004016468680  0.005021266017  0.002004105889  0.007033585374  0.011105369231  0.052099096906  0.038194317075  0.028605693565  
lophura_inornata 0.019284287808  0.018251665854  0.011097571950  0.011086784371  0.014156995928  0.005021266017  0.000000000000  0.003006876621  0.003006876621  0.009067921152  0.005021266017  0.006027596380  0.003006876621  0.008043522513  0.012118399255  0.052065641058  0.040313368894  0.028591904666  
syrmaticus_reevesii 0.017230789601  0.016201406731  0.008052375362  0.008044877016  0.011097571950  0.002004105889  0.003006876621  0.000000000000  0.000000000000  0.006031584662  0.002004105889  0.003006876621  0.000000000000  0.005017262000  0.009067921152  0.049911734636  0.038194317075  0.026511880186  
syrmaticus_ellioti 0.017230789601  0.016201406731  0.008052375362  0.008044877016  0.011097571950  0.002004105889  0.003006876621  0.000000000000  0.000000000000  0.006031584662  0.002004105889  0.003006876621  0.000000000000  0.005017262000  0.009067921152  0.049911734636  0.038194317075  0.026511880186  
tragopan_blythii 0.023436746010  0.022395317204  0.014166476768  0.014149126479  0.017241978406  0.008058513070  0.009067921152  0.006031584662  0.006031584662  0.000000000000  0.004013032868  0.009067921152  0.006031584662  0.011086784371  0.015193744982  0.056464899709  0.044635449486  0.032802005593  
catreus_wallichi 0.019296086547  0.018262346472  0.010085582829  0.010073763566  0.013141364536  0.004016468680  0.005021266017  0.002004105889  0.002004105889  0.004013032868  0.000000000000  0.005021266017  0.002004105889  0.007033585374  0.011105369231  0.052099096906  0.040343515982  0.028605693565  
crossoptilon_crossoptilon 0.020319097482  0.019284287808  0.011097571950  0.011086784371  0.014156995928  0.005021266017  0.006027596380  0.003006876621  0.003006876621  0.009067921152  0.005021266017  0.000000000000  0.003006876621  0.008043522513  0.012118399255  0.053161746633  0.041390308858  0.029641032697  
chrysolophus_pictus 0.017230789601  0.016201406731  0.008052375362  0.008044877016  0.011097571950  0.002004105889  0.003006876621  0.000000000000  0.000000000000  0.006031584662  0.002004105889  0.003006876621  0.000000000000  0.005017262000  0.009067921152  0.049911734636  0.038194317075  0.026511880186  
lophophorus_impejanus 0.022359605366  0.021323774925  0.013121050829  0.013115579305  0.016186112030  0.007033585374  0.008043522513  0.005017262000  0.005017262000  0.011086784371  0.007033585374  0.008043522513  0.005017262000  0.000000000000  0.014142871489  0.055260106572  0.043460104885  0.029627759485  
melgal2    0.026556308689  0.025509324983  0.017241978406  0.017221222389  0.020332019087  0.011105369231  0.012118399255  0.009067921152  0.009067921152  0.015193744982  0.011105369231  0.012118399255  0.009067921152  0.014142871489  0.000000000000  0.059749907120  0.047865229531  0.035963279956  
cyrtonyx_montezumae 0.058763433761  0.056543706942  0.058640133039  0.058566726782  0.061935580653  0.052099096906  0.052065641058  0.049911734636  0.049911734636  0.056464899709  0.052099096906  0.053161746633  0.049911734636  0.055260106572  0.059749907120  0.000000000000  0.076829682039  0.070886196526  
rollulus_rouloul 0.045796237696  0.040375350159  0.046775097751  0.046708591869  0.050014963313  0.038194317075  0.040313368894  0.038194317075  0.038194317075  0.044635449486  0.040343515982  0.041390308858  0.038194317075  0.043460104885  0.047865229531  0.076829682039  0.000000000000  0.055478354325  
alectoris_rufa 0.027645726305  0.026594182188  0.034901636627  0.034868484561  0.038072540573  0.028605693565  0.028591904666  0.026511880186  0.026511880186  0.032802005593  0.028605693565  0.029641032697  0.026511880186  0.029627759485  0.035963279956  0.070886196526  0.055478354325  0.000000000000  

