18
cyrtonyx_montezumae 0.000000000000  0.006036756955  0.010102663234  0.010102663234  0.011124393402  0.012136414625  0.013174219132  0.013174219132  0.021438010972  0.030859156375  0.026632415849  0.015204009046  0.012136414625  0.010102663234  0.012148242433  0.008065524531  0.020395803822  0.025581360689  
rollulus_rouloul 0.006036756955  0.000000000000  0.004016291990  0.004016291990  0.005025490896  0.006031303753  0.007050098654  0.007050098654  0.015217516036  0.024532538372  0.020359389088  0.009067356078  0.006031303753  0.004016291990  0.006036756955  0.002004061957  0.014188344268  0.019321590175  
syrmaticus_ellioti 0.010102663234  0.004016291990  0.000000000000  0.000000000000  0.001001014115  0.002002772108  0.003009151805  0.003009151805  0.011113639028  0.020359389088  0.016221218636  0.005018224671  0.002002772108  0.000000000000  0.002004061957  0.002004061957  0.014188344268  0.017252514035  
phasianus_colchicus 0.010102663234  0.004016291990  0.000000000000  0.000000000000  0.001001014115  0.002002772108  0.003009151805  0.003009151805  0.011113639028  0.020359389088  0.016221218636  0.005018224671  0.002002772108  0.000000000000  0.002004061957  0.002004061957  0.014188344268  0.017252514035  
perdix_dauuricae 0.011124393402  0.005025490896  0.001001014115  0.001001014115  0.000000000000  0.003006827477  0.004016291990  0.004016291990  0.012136414625  0.021399374106  0.017252514035  0.006027398449  0.003006827477  0.001001014115  0.003009151805  0.003009151805  0.015217516036  0.018285968195  
syrmaticus_reevesii 0.012136414625  0.006031303753  0.002002772108  0.002002772108  0.003006827477  0.000000000000  0.005021084918  0.005021084918  0.013149971166  0.022423504176  0.018272338742  0.007035237694  0.004011109511  0.002002772108  0.004012928962  0.004012928962  0.016234241534  0.019306862473  
lophura_swinhoii 0.013174219132  0.007050098654  0.003009151805  0.003009151805  0.004016291990  0.005021084918  0.000000000000  0.006036756955  0.014188344268  0.023485939430  0.019321590175  0.008051955641  0.005021084918  0.003009151805  0.005025490896  0.005025490896  0.017282318188  0.020359389088  
chrysolophus_pictus 0.013174219132  0.007050098654  0.003009151805  0.003009151805  0.004016291990  0.005021084918  0.006036756955  0.000000000000  0.010092977857  0.023485939430  0.019321590175  0.008051955641  0.005021084918  0.003009151805  0.005025490896  0.005025490896  0.015217516036  0.020359389088  
galgal4    0.021438010972  0.015217516036  0.011113639028  0.011113639028  0.012136414625  0.013149971166  0.014188344268  0.010092977857  0.000000000000  0.030832036500  0.027662030900  0.016221218636  0.013149971166  0.011113639028  0.013161313427  0.013161313427  0.023506699257  0.028716439490  
tragopan_blythii 0.030859156375  0.024532538372  0.020359389088  0.020359389088  0.021399374106  0.022423504176  0.023485939430  0.023485939430  0.030832036500  0.000000000000  0.016234241534  0.015217516036  0.020376805164  0.020359389088  0.022441554457  0.022441554457  0.032956738134  0.036100016560  
lophophorus_impejanus 0.026632415849  0.020359389088  0.016221218636  0.016221218636  0.017252514035  0.018272338742  0.019321590175  0.019321590175  0.027662030900  0.016234241534  0.000000000000  0.011113639028  0.016234241534  0.016221218636  0.018285968195  0.018285968195  0.026609869408  0.033966187771  
melgal2    0.015204009046  0.009067356078  0.005018224671  0.005018224671  0.006027398449  0.007035237694  0.008051955641  0.008051955641  0.016221218636  0.015217516036  0.011113639028  0.000000000000  0.005021084918  0.005018224671  0.007038639277  0.007038639277  0.019321590175  0.022407047082  
lophura_inornata 0.012136414625  0.006031303753  0.002002772108  0.002002772108  0.003006827477  0.004011109511  0.005021084918  0.005021084918  0.013149971166  0.020376805164  0.016234241534  0.005021084918  0.000000000000  0.002002772108  0.004012928962  0.004012928962  0.016234241534  0.019306862473  
crossoptilon_crossoptilon 0.010102663234  0.004016291990  0.000000000000  0.000000000000  0.001001014115  0.002002772108  0.003009151805  0.003009151805  0.011113639028  0.020359389088  0.016221218636  0.005018224671  0.002002772108  0.000000000000  0.002004061957  0.002004061957  0.014188344268  0.017252514035  
catreus_wallichi 0.012148242433  0.006036756955  0.002004061957  0.002004061957  0.003009151805  0.004012928962  0.005025490896  0.005025490896  0.013161313427  0.022441554457  0.018285968195  0.007038639277  0.004012928962  0.002004061957  0.000000000000  0.004016291990  0.016248837676  0.019321590175  
lophura_nycthemera 0.008065524531  0.002004061957  0.002004061957  0.002004061957  0.003009151805  0.004012928962  0.005025490896  0.005025490896  0.013161313427  0.022441554457  0.018285968195  0.007038639277  0.004012928962  0.002004061957  0.004016291990  0.000000000000  0.012136414625  0.017252514035  
pavo_cristatus 0.020395803822  0.014188344268  0.014188344268  0.014188344268  0.015217516036  0.016234241534  0.017282318188  0.015217516036  0.023506699257  0.032956738134  0.026609869408  0.019321590175  0.016234241534  0.014188344268  0.016248837676  0.012136414625  0.000000000000  0.023506699257  
alectoris_rufa 0.025581360689  0.019321590175  0.017252514035  0.017252514035  0.018285968195  0.019306862473  0.020359389088  0.020359389088  0.028716439490  0.036100016560  0.033966187771  0.022407047082  0.019306862473  0.017252514035  0.019321590175  0.017252514035  0.023506699257  0.000000000000  

