18
cyrtonyx_montezumae 0.000000000000  0.011083490818  0.021306434709  0.006025666121  0.010071576148  0.010071576148  0.011088616864  0.010071576148  0.012100391657  0.010071576148  0.010071576148  0.012103273625  0.012107872449  0.014135525872  0.009064010918  0.008044186527  0.010071576148  0.008044100966  
tragopan_blythii 0.011083490818  0.000000000000  0.020279279922  0.005017410681  0.009055662767  0.009055662767  0.008044186527  0.009055662767  0.011083501979  0.009055662767  0.009055662767  0.011083490818  0.011085196775  0.013117664829  0.016197872213  0.014140845776  0.017211197990  0.019251093767  
perdix_dauuricae 0.021306434709  0.020279279922  0.000000000000  0.015155965530  0.019250314927  0.019250314927  0.020277955677  0.019250314927  0.021306777864  0.019250314927  0.019250314927  0.021306434709  0.021307857756  0.023369745843  0.026491639520  0.025436744631  0.027519591501  0.028548205504  
lophophorus_impejanus 0.006025666121  0.005017410681  0.015155965530  0.000000000000  0.004011384808  0.004011384808  0.005018782422  0.004011384808  0.006024671058  0.004011384808  0.004011384808  0.006025666121  0.006028353059  0.008044186527  0.011109132555  0.010071576148  0.012114185185  0.014137321674  
phasianus_colchicus 0.010071576148  0.009055662767  0.019250314927  0.004011384808  0.000000000000  0.000000000000  0.001001069832  0.000000000000  0.002003071370  0.000000000000  0.000000000000  0.002002840638  0.002004285445  0.012099229520  0.015188913685  0.014140845776  0.016197872213  0.018228926526  
catreus_wallichi 0.010071576148  0.009055662767  0.019250314927  0.004011384808  0.000000000000  0.000000000000  0.001001069832  0.000000000000  0.002003071370  0.000000000000  0.000000000000  0.002002840638  0.002004285445  0.012099229520  0.015188913685  0.014140845776  0.016197872213  0.018228926526  
syrmaticus_reevesii 0.011088616864  0.008044186527  0.020277955677  0.005018782422  0.001001069832  0.001001069832  0.000000000000  0.001001069832  0.003006150882  0.001001069832  0.001001069832  0.003007064393  0.003009656056  0.013117166208  0.016218328398  0.015164418448  0.017227143626  0.019257911455  
syrmaticus_ellioti 0.010071576148  0.009055662767  0.019250314927  0.004011384808  0.000000000000  0.000000000000  0.001001069832  0.000000000000  0.002003071370  0.000000000000  0.000000000000  0.002002840638  0.002004285445  0.012099229520  0.015188913685  0.014140845776  0.016197872213  0.018228926526  
chrysolophus_pictus 0.012100391657  0.011083501979  0.021306777864  0.006024671058  0.002003071370  0.002003071370  0.003006150882  0.002003071370  0.000000000000  0.002003071370  0.002003071370  0.004011005806  0.004011384808  0.014135461393  0.017227143626  0.016180154824  0.018240326141  0.020279935515  
lophura_nycthemera 0.010071576148  0.009055662767  0.019250314927  0.004011384808  0.000000000000  0.000000000000  0.001001069832  0.000000000000  0.002003071370  0.000000000000  0.000000000000  0.002002840638  0.002004285445  0.012099229520  0.015188913685  0.014140845776  0.016197872213  0.018228926526  
crossoptilon_crossoptilon 0.010071576148  0.009055662767  0.019250314927  0.004011384808  0.000000000000  0.000000000000  0.001001069832  0.000000000000  0.002003071370  0.000000000000  0.000000000000  0.002002840638  0.002004285445  0.012099229520  0.015188913685  0.014140845776  0.016197872213  0.018228926526  
lophura_inornata 0.012103273625  0.011083490818  0.021306434709  0.006025666121  0.002002840638  0.002002840638  0.003007064393  0.002002840638  0.004011005806  0.002002840638  0.002002840638  0.000000000000  0.004013447485  0.014135525872  0.017237714021  0.016184327775  0.018248636603  0.020283672523  
lophura_swinhoii 0.012107872449  0.011085196775  0.021307857756  0.006028353059  0.002004285445  0.002004285445  0.003009656056  0.002004285445  0.004011384808  0.002004285445  0.002004285445  0.004013447485  0.000000000000  0.014137321674  0.017250012264  0.016190234561  0.018258683558  0.020289163641  
melgal2    0.014135525872  0.013117664829  0.023369745843  0.008044186527  0.012099229520  0.012099229520  0.013117166208  0.012099229520  0.014135461393  0.012099229520  0.012099229520  0.014135525872  0.014137321674  0.000000000000  0.019271722180  0.018225843370  0.020289163641  0.022337399308  
rollulus_rouloul 0.009064010918  0.016197872213  0.026491639520  0.011109132555  0.015188913685  0.015188913685  0.016218328398  0.015188913685  0.017227143626  0.015188913685  0.015188913685  0.017237714021  0.017250012264  0.019271722180  0.000000000000  0.013129352571  0.015188913685  0.017211197990  
galgal4    0.008044186527  0.014140845776  0.025436744631  0.010071576148  0.014140845776  0.014140845776  0.015164418448  0.014140845776  0.016180154824  0.014140845776  0.014140845776  0.016184327775  0.016190234561  0.018225843370  0.013129352571  0.000000000000  0.014140845776  0.016177022466  
pavo_cristatus 0.010071576148  0.017211197990  0.027519591501  0.012114185185  0.016197872213  0.016197872213  0.017227143626  0.016197872213  0.018240326141  0.016197872213  0.016197872213  0.018248636603  0.018258683558  0.020289163641  0.015188913685  0.014140845776  0.000000000000  0.017202198905  
alectoris_rufa 0.008044100966  0.019251093767  0.028548205504  0.014137321674  0.018228926526  0.018228926526  0.019257911455  0.018228926526  0.020279935515  0.018228926526  0.018228926526  0.020283672523  0.020289163641  0.022337399308  0.017211197990  0.016177022466  0.017202198905  0.000000000000  

