18
cyrtonyx_montezumae 0.000000000000  0.019308893998  0.018274157433  0.026613846539  0.027666352734  0.029804360504  0.033972577010  0.029778167514  0.026636563267  0.027644163021  0.025585162751  0.025585162751  0.025585162751  0.026636563267  0.022464237207  0.023532670279  0.022444421513  0.027604839421  
rollulus_rouloul 0.019308893998  0.000000000000  0.009067802107  0.017268355546  0.018303136250  0.022444421513  0.026573451236  0.022426270780  0.019323670904  0.020331585586  0.018287819219  0.018287819219  0.018287819219  0.019323670904  0.015205322848  0.018287819219  0.013162373807  0.021369585899  
pavo_cristatus 0.018274157433  0.009067802107  0.000000000000  0.016235754132  0.017268355546  0.021401962715  0.025525489695  0.021384941366  0.018287819219  0.019295778131  0.017254151332  0.017254151332  0.017254151332  0.018287819219  0.014177052592  0.017254151332  0.012137306491  0.020331585586  
galgal4    0.026613846539  0.017268355546  0.016235754132  0.000000000000  0.021420646574  0.025585162751  0.029730842528  0.025563594853  0.022444421513  0.023452202375  0.021401962715  0.021401962715  0.021401962715  0.022444421513  0.018303136250  0.021401962715  0.016250497309  0.021369585899  
tragopan_blythii 0.027666352734  0.018303136250  0.017268355546  0.021420646574  0.000000000000  0.014166158867  0.018251813216  0.014156910914  0.009062334398  0.010070683138  0.008047914060  0.008047914060  0.008047914060  0.011097493249  0.007038916838  0.010078857881  0.005021221555  0.025543702710  
syrmaticus_ellioti 0.029804360504  0.022444421513  0.021401962715  0.025585162751  0.014166158867  0.000000000000  0.004011091271  0.010093578787  0.011105117816  0.011091507503  0.010085401780  0.010085401780  0.010085401780  0.011105117816  0.007043871801  0.010085401780  0.009067802107  0.029730842528  
syrmaticus_reevesii 0.033972577010  0.026573451236  0.025525489695  0.029730842528  0.018251813216  0.004011091271  0.000000000000  0.014156910914  0.015174292849  0.015161875432  0.014149312158  0.014149312158  0.014149312158  0.015174292849  0.011091507503  0.014149312158  0.013126469717  0.032839941775  
phasianus_colchicus 0.029778167514  0.022426270780  0.021384941366  0.025563594853  0.014156910914  0.010093578787  0.014156910914  0.000000000000  0.011097493249  0.012105756622  0.010078857881  0.010078857881  0.010078857881  0.011097493249  0.007038916838  0.010078857881  0.009062334398  0.029709717247  
chrysolophus_pictus 0.026636563267  0.019323670904  0.018287819219  0.022444421513  0.009062334398  0.011105117816  0.015174292849  0.011097493249  0.000000000000  0.003006160542  0.001001021162  0.001001021162  0.001001021162  0.008052310030  0.004013016858  0.007038916838  0.006027613871  0.026573451236  
perdix_dauuricae 0.027644163021  0.020331585586  0.019295778131  0.023452202375  0.010070683138  0.011091507503  0.015161875432  0.012105756622  0.003006160542  0.000000000000  0.002003132958  0.002003132958  0.002003132958  0.009058500947  0.005017185339  0.008045150088  0.007033889280  0.027587712352  
lophura_swinhoii 0.025585162751  0.018287819219  0.017254151332  0.021401962715  0.008047914060  0.010085401780  0.014149312158  0.010078857881  0.001001021162  0.002003132958  0.000000000000  0.000000000000  0.000000000000  0.007038916838  0.003006881061  0.006027613871  0.005018392525  0.025525489695  
crossoptilon_crossoptilon 0.025585162751  0.018287819219  0.017254151332  0.021401962715  0.008047914060  0.010085401780  0.014149312158  0.010078857881  0.001001021162  0.002003132958  0.000000000000  0.000000000000  0.000000000000  0.007038916838  0.003006881061  0.006027613871  0.005018392525  0.025525489695  
catreus_wallichi 0.025585162751  0.018287819219  0.017254151332  0.021401962715  0.008047914060  0.010085401780  0.014149312158  0.010078857881  0.001001021162  0.002003132958  0.000000000000  0.000000000000  0.000000000000  0.007038916838  0.003006881061  0.006027613871  0.005018392525  0.025525489695  
lophura_nycthemera 0.026636563267  0.019323670904  0.018287819219  0.022444421513  0.011097493249  0.011105117816  0.015174292849  0.011097493249  0.008052310030  0.009058500947  0.007038916838  0.007038916838  0.007038916838  0.000000000000  0.004013016858  0.007038916838  0.006027613871  0.026573451236  
lophura_inornata 0.022464237207  0.015205322848  0.014177052592  0.018303136250  0.007038916838  0.007043871801  0.011091507503  0.007038916838  0.004013016858  0.005017185339  0.003006881061  0.003006881061  0.003006881061  0.004013016858  0.000000000000  0.003006881061  0.002002805688  0.022409788374  
melgal2    0.023532670279  0.018287819219  0.017254151332  0.021401962715  0.010078857881  0.010085401780  0.014149312158  0.010078857881  0.007038916838  0.008045150088  0.006027613871  0.006027613871  0.006027613871  0.007038916838  0.003006881061  0.000000000000  0.005018392525  0.025525489695  
lophophorus_impejanus 0.022444421513  0.013162373807  0.012137306491  0.016250497309  0.005021221555  0.009067802107  0.013126469717  0.009062334398  0.006027613871  0.007033889280  0.005018392525  0.005018392525  0.005018392525  0.006027613871  0.002002805688  0.005018392525  0.000000000000  0.020345818884  
alectoris_rufa 0.027604839421  0.021369585899  0.020331585586  0.021369585899  0.025543702710  0.029730842528  0.032839941775  0.029709717247  0.026573451236  0.027587712352  0.025525489695  0.025525489695  0.025525489695  0.026573451236  0.022409788374  0.025525489695  0.020345818884  0.000000000000  

