18
galgal4    0.000000000000  0.007033479952  0.004010957438  0.006025422143  0.009058875720  0.004010957438  0.009056273839  0.016188109305  0.004010957438  0.004010957438  0.013122268333  0.008043991832  0.004010957438  0.004010957438  0.004010957438  0.004010957438  0.004010957438  0.009058875720  
phasianus_colchicus 0.007033479952  0.000000000000  0.003006115078  0.005018558398  0.008048418942  0.003006115078  0.009058875720  0.016195354323  0.003006115078  0.003006115078  0.008048418942  0.007033479952  0.003006115078  0.003006115078  0.003006115078  0.003006115078  0.003006115078  0.008048418942  
syrmaticus_ellioti 0.004010957438  0.003006115078  0.000000000000  0.002004198987  0.005021634956  0.000000000000  0.006027968661  0.013134894648  0.000000000000  0.000000000000  0.009063139521  0.004010957438  0.000000000000  0.000000000000  0.000000000000  0.000000000000  0.000000000000  0.005021634956  
lophura_inornata 0.006025422143  0.005018558398  0.002004198987  0.000000000000  0.003006969007  0.002004198987  0.008053211474  0.015186022545  0.002004198987  0.002004198987  0.011099070840  0.006025422143  0.002004198987  0.002004198987  0.002004198987  0.002004198987  0.002004198987  0.007044834706  
pavo_cristatus 0.009058875720  0.008048418942  0.005021634956  0.003006969007  0.000000000000  0.005021634956  0.011099070840  0.018266377353  0.005021634956  0.005021634956  0.014159357576  0.009058875720  0.005021634956  0.005021634956  0.005021634956  0.005021634956  0.005021634956  0.008053211474  
syrmaticus_reevesii 0.004010957438  0.003006115078  0.000000000000  0.002004198987  0.005021634956  0.000000000000  0.006027968661  0.013134894648  0.000000000000  0.000000000000  0.009063139521  0.004010957438  0.000000000000  0.000000000000  0.000000000000  0.000000000000  0.000000000000  0.005021634956  
lophophorus_impejanus 0.009056273839  0.009058875720  0.006027968661  0.008053211474  0.011099070840  0.006027968661  0.000000000000  0.007039516661  0.006027968661  0.006027968661  0.015176568073  0.010070892316  0.006027968661  0.006027968661  0.006027968661  0.006027968661  0.006027968661  0.011099070840  
rollulus_rouloul 0.016188109305  0.016195354323  0.013134894648  0.015186022545  0.018266377353  0.013134894648  0.007039516661  0.000000000000  0.013134894648  0.013134894648  0.022387210556  0.016188109305  0.013134894648  0.013134894648  0.013134894648  0.013134894648  0.013134894648  0.018266377353  
perdix_dauuricae 0.004010957438  0.003006115078  0.000000000000  0.002004198987  0.005021634956  0.000000000000  0.006027968661  0.013134894648  0.000000000000  0.000000000000  0.009063139521  0.004010957438  0.000000000000  0.000000000000  0.000000000000  0.000000000000  0.000000000000  0.005021634956  
lophura_swinhoii 0.004010957438  0.003006115078  0.000000000000  0.002004198987  0.005021634956  0.000000000000  0.006027968661  0.013134894648  0.000000000000  0.000000000000  0.009063139521  0.004010957438  0.000000000000  0.000000000000  0.000000000000  0.000000000000  0.000000000000  0.005021634956  
crossoptilon_crossoptilon 0.013122268333  0.008048418942  0.009063139521  0.011099070840  0.014159357576  0.009063139521  0.015176568073  0.022387210556  0.009063139521  0.009063139521  0.000000000000  0.013122268333  0.009063139521  0.009063139521  0.009063139521  0.009063139521  0.009063139521  0.014159357576  
cyrtonyx_montezumae 0.008043991832  0.007033479952  0.004010957438  0.006025422143  0.009058875720  0.004010957438  0.010070892316  0.016188109305  0.004010957438  0.004010957438  0.013122268333  0.000000000000  0.004010957438  0.004010957438  0.004010957438  0.004010957438  0.004010957438  0.009058875720  
melgal2    0.004010957438  0.003006115078  0.000000000000  0.002004198987  0.005021634956  0.000000000000  0.006027968661  0.013134894648  0.000000000000  0.000000000000  0.009063139521  0.004010957438  0.000000000000  0.000000000000  0.000000000000  0.000000000000  0.000000000000  0.005021634956  
lophura_nycthemera 0.004010957438  0.003006115078  0.000000000000  0.002004198987  0.005021634956  0.000000000000  0.006027968661  0.013134894648  0.000000000000  0.000000000000  0.009063139521  0.004010957438  0.000000000000  0.000000000000  0.000000000000  0.000000000000  0.000000000000  0.005021634956  
chrysolophus_pictus 0.004010957438  0.003006115078  0.000000000000  0.002004198987  0.005021634956  0.000000000000  0.006027968661  0.013134894648  0.000000000000  0.000000000000  0.009063139521  0.004010957438  0.000000000000  0.000000000000  0.000000000000  0.000000000000  0.000000000000  0.005021634956  
catreus_wallichi 0.004010957438  0.003006115078  0.000000000000  0.002004198987  0.005021634956  0.000000000000  0.006027968661  0.013134894648  0.000000000000  0.000000000000  0.009063139521  0.004010957438  0.000000000000  0.000000000000  0.000000000000  0.000000000000  0.000000000000  0.005021634956  
tragopan_blythii 0.004010957438  0.003006115078  0.000000000000  0.002004198987  0.005021634956  0.000000000000  0.006027968661  0.013134894648  0.000000000000  0.000000000000  0.009063139521  0.004010957438  0.000000000000  0.000000000000  0.000000000000  0.000000000000  0.000000000000  0.005021634956  
alectoris_rufa 0.009058875720  0.008048418942  0.005021634956  0.007044834706  0.008053211474  0.005021634956  0.011099070840  0.018266377353  0.005021634956  0.005021634956  0.014159357576  0.009058875720  0.005021634956  0.005021634956  0.005021634956  0.005021634956  0.005021634956  0.000000000000  

