18
galgal4    0.000000000000  0.052212126570  0.069963854265  0.100979988884  0.068674938556  0.085932268298  0.073272181302  0.081207694639  0.083732223182  0.081469285445  0.076771942255  0.079081015951  0.082431602732  0.089385563041  0.077802797291  0.072077896345  0.065436622935  0.066616513187  
pavo_cristatus 0.052212126570  0.000000000000  0.053398408947  0.082431602732  0.049981036830  0.067803546379  0.051113362110  0.058766346425  0.061143284007  0.061092515948  0.054460027843  0.056677619053  0.057698367502  0.066616513187  0.055480926328  0.051076063904  0.053398408947  0.054460027843  
rollulus_rouloul 0.069963854265  0.053398408947  0.000000000000  0.081469285445  0.065387774676  0.086074568263  0.068828100335  0.076711253855  0.079213611196  0.081469285445  0.072302162172  0.074595112530  0.077925112491  0.084831343962  0.073328702397  0.068775209051  0.066670352966  0.068882824712  
cyrtonyx_montezumae 0.100979988884  0.082431602732  0.081469285445  0.000000000000  0.100902030265  0.120484145941  0.098583570851  0.106853724906  0.104681366806  0.108240717570  0.102264073437  0.104681366806  0.103307224475  0.110506428160  0.103307224475  0.102103144613  0.099939048138  0.102264073437  
perdix_dauuricae 0.068674938556  0.049981036830  0.065387774676  0.100902030265  0.000000000000  0.046776918305  0.030727316675  0.038117729952  0.040344846251  0.042471125029  0.033925087360  0.036055630997  0.041362157438  0.048855465257  0.034942817684  0.039163907316  0.045723678954  0.068724154050  
melgal2    0.085932268298  0.067803546379  0.086074568263  0.120484145941  0.046776918305  0.000000000000  0.040314744949  0.045656368910  0.047942961208  0.050094438918  0.041423070444  0.043586696830  0.048959769143  0.056546456957  0.044603794255  0.053273521945  0.062320017764  0.083663020574  
catreus_wallichi 0.073272181302  0.051113362110  0.068828100335  0.098583570851  0.030727316675  0.040314744949  0.000000000000  0.013133179708  0.015220008617  0.017269484546  0.009075217826  0.011114890862  0.016223392346  0.023437256149  0.010078985557  0.039187569970  0.045759964979  0.069909602745  
chrysolophus_pictus 0.081207694639  0.058766346425  0.076711253855  0.106853724906  0.038117729952  0.045656368910  0.013133179708  0.000000000000  0.012118531666  0.014157202340  0.006025305065  0.008047933509  0.013126502565  0.020298906243  0.017231106202  0.046680134241  0.055567562977  0.077802797291  
syrmaticus_ellioti 0.083732223182  0.061143284007  0.079213611196  0.104681366806  0.040344846251  0.047942961208  0.015220008617  0.012118531666  0.000000000000  0.014190485101  0.006037214581  0.008066342579  0.013151496898  0.020332390201  0.019341591718  0.048959769143  0.057941376049  0.080306450645  
lophura_swinhoii 0.081469285445  0.061092515948  0.081469285445  0.108240717570  0.042471125029  0.050094438918  0.017269484546  0.014157202340  0.014190485101  0.000000000000  0.008058571401  0.010093988016  0.013141512253  0.022395804194  0.021403537436  0.051113362110  0.060127299635  0.080239665623  
lophura_nycthemera 0.076771942255  0.054460027843  0.072302162172  0.102264073437  0.033925087360  0.041423070444  0.009075217826  0.006025305065  0.006037214581  0.008058571401  0.000000000000  0.002004112250  0.007038987962  0.014149419296  0.013151496898  0.042440310693  0.051280262102  0.073387072929  
lophura_inornata 0.079081015951  0.056677619053  0.074595112530  0.104681366806  0.036055630997  0.043586696830  0.011114890862  0.008047933509  0.008066342579  0.010093988016  0.002004112250  0.000000000000  0.007038987962  0.016201712029  0.015206144229  0.042440310693  0.053490539738  0.075682641260  
phasianus_colchicus 0.082431602732  0.057698367502  0.077925112491  0.103307224475  0.041362157438  0.048959769143  0.016223392346  0.013126502565  0.013151496898  0.013141512253  0.007038987962  0.007038987962  0.000000000000  0.021344274943  0.020346907474  0.047798331365  0.055710880371  0.079017516404  
syrmaticus_reevesii 0.089385563041  0.066616513187  0.084831343962  0.110506428160  0.048855465257  0.056546456957  0.023437256149  0.020298906243  0.020332390201  0.022395804194  0.014149419296  0.016201712029  0.021344274943  0.000000000000  0.027606243589  0.055440290018  0.062266118915  0.085932268298  
crossoptilon_crossoptilon 0.077802797291  0.055480926328  0.073328702397  0.103307224475  0.034942817684  0.044603794255  0.010078985557  0.017231106202  0.019341591718  0.021403537436  0.013151496898  0.015206144229  0.020346907474  0.027606243589  0.000000000000  0.043462010636  0.050094438918  0.074415846297  
lophophorus_impejanus 0.072077896345  0.051076063904  0.068775209051  0.102103144613  0.039163907316  0.053273521945  0.039187569970  0.046680134241  0.048959769143  0.051113362110  0.042440310693  0.042440310693  0.047798331365  0.055440290018  0.043462010636  0.000000000000  0.045723678954  0.069857190761  
tragopan_blythii 0.065436622935  0.053398408947  0.066670352966  0.099939048138  0.045723678954  0.062320017764  0.045759964979  0.055567562977  0.057941376049  0.060127299635  0.051280262102  0.053490539738  0.055710880371  0.062266118915  0.050094438918  0.045723678954  0.000000000000  0.072302162172  
alectoris_rufa 0.066616513187  0.054460027843  0.068882824712  0.102264073437  0.068724154050  0.083663020574  0.069909602745  0.077802797291  0.080306450645  0.080239665623  0.073387072929  0.075682641260  0.079017516404  0.085932268298  0.074415846297  0.069857190761  0.072302162172  0.000000000000  

