18
galgal4    0.000000000000  0.067373090164  0.040198228539  0.028631665782  0.028631665782  0.031815593865  0.030758070642  0.037084453774  0.030758070642  0.051123772070  0.033937431063  0.036017850450  0.032852741115  0.026567867889  0.028631665782  0.015191453983  0.027598967204  0.021397907993  
cyrtonyx_montezumae 0.067373090164  0.000000000000  0.081820811412  0.073015078587  0.074058823684  0.079817580934  0.078669612331  0.083277520489  0.078669612331  0.101775291799  0.082121522576  0.084323310632  0.080914926611  0.074151221368  0.077475024805  0.063018453763  0.074200085032  0.069758391348  
rollulus_rouloul 0.040198228539  0.081820811412  0.000000000000  0.040158281755  0.044447549889  0.049891637886  0.048802833950  0.055301737077  0.048802833950  0.070795511974  0.052076444943  0.054203305486  0.050951837357  0.044496873057  0.047689028251  0.032812372341  0.045550694708  0.039198282273  
pavo_cristatus 0.028631665782  0.073015078587  0.040158281755  0.000000000000  0.032812372341  0.038153356479  0.037084453774  0.041373960558  0.037084453774  0.058689229564  0.040298099838  0.042394195185  0.039198282273  0.032852741115  0.035995046617  0.021366013163  0.033891502524  0.027637777520  
tragopan_blythii 0.028631665782  0.074058823684  0.044447549889  0.032812372341  0.000000000000  0.029665969122  0.028615188580  0.034911875475  0.028615188580  0.049891637886  0.031774234487  0.035973890081  0.030701882751  0.024446222178  0.027552897062  0.013125190169  0.025476142434  0.027637777520  
lophura_nycthemera 0.031815593865  0.079817580934  0.049891637886  0.038153356479  0.029665969122  0.000000000000  0.001001009774  0.007038546075  0.001001009774  0.021366013163  0.004016221959  0.008051812217  0.003006814589  0.005021018006  0.020305071239  0.016209185045  0.026534527651  0.028713781937  
lophura_swinhoii 0.030758070642  0.078669612331  0.048802833950  0.037084453774  0.028615188580  0.001001009774  0.000000000000  0.006027346408  0.000000000000  0.020328388811  0.003009112519  0.007038546075  0.002002772963  0.004012893508  0.019271790155  0.015181231926  0.027581987967  0.027659602400  
lophura_inornata 0.037084453774  0.083277520489  0.055301737077  0.041373960558  0.034911875475  0.007038546075  0.006027346408  0.000000000000  0.006027346408  0.026550389803  0.009067153299  0.013131697166  0.008047435368  0.010078101831  0.025476142434  0.021352461111  0.033870995462  0.033962846313  
crossoptilon_crossoptilon 0.030758070642  0.078669612331  0.048802833950  0.037084453774  0.028615188580  0.001001009774  0.000000000000  0.006027346408  0.000000000000  0.020328388811  0.003009112519  0.007038546075  0.002002772963  0.004012893508  0.019271790155  0.015181231926  0.027581987967  0.027659602400  
syrmaticus_ellioti 0.051123772070  0.101775291799  0.070795511974  0.058689229564  0.049891637886  0.021366013163  0.020328388811  0.026550389803  0.020328388811  0.000000000000  0.017228481188  0.027598967204  0.022391162996  0.024475117536  0.040220703946  0.036017850450  0.048833111452  0.046788561785  
syrmaticus_reevesii 0.033937431063  0.082121522576  0.052076444943  0.040298099838  0.031774234487  0.004016221959  0.003009112519  0.009067153299  0.003009112519  0.017228481188  0.000000000000  0.010084577835  0.005021018006  0.007043437126  0.022378115863  0.018271506942  0.030737711606  0.028713781937  
phasianus_colchicus 0.036017850450  0.084323310632  0.054203305486  0.042394195185  0.035973890081  0.008051812217  0.007038546075  0.013131697166  0.007038546075  0.027598967204  0.010084577835  0.000000000000  0.009061729023  0.011096562334  0.026520284586  0.022391162996  0.034931883650  0.032899644248  
chrysolophus_pictus 0.032852741115  0.080914926611  0.050951837357  0.039198282273  0.030701882751  0.003006814589  0.002002772963  0.008047435368  0.002002772963  0.022391162996  0.005021018006  0.009061729023  0.000000000000  0.006027346408  0.021330163383  0.017228481188  0.029665969122  0.029746119757  
catreus_wallichi 0.026567867889  0.074151221368  0.044496873057  0.032852741115  0.024446222178  0.005021018006  0.004012893508  0.010078101831  0.004012893508  0.024475117536  0.007043437126  0.011096562334  0.006027346408  0.000000000000  0.015165534396  0.011096562334  0.023417897522  0.023484110997  
perdix_dauuricae 0.028631665782  0.077475024805  0.047689028251  0.035995046617  0.027552897062  0.020305071239  0.019271790155  0.025476142434  0.019271790155  0.040220703946  0.022378115863  0.026520284586  0.021330163383  0.015165534396  0.000000000000  0.014147833811  0.026520284586  0.026586958786  
lophophorus_impejanus 0.015191453983  0.063018453763  0.032812372341  0.021366013163  0.013125190169  0.016209185045  0.015181231926  0.021352461111  0.015181231926  0.036017850450  0.018271506942  0.022391162996  0.017228481188  0.011096562334  0.014147833811  0.000000000000  0.012110098014  0.014201450640  
melgal2    0.027598967204  0.074200085032  0.045550694708  0.033891502524  0.025476142434  0.026534527651  0.027581987967  0.033870995462  0.027581987967  0.048833111452  0.030737711606  0.034931883650  0.029665969122  0.023417897522  0.026520284586  0.012110098014  0.000000000000  0.026607659403  
alectoris_rufa 0.021397907993  0.069758391348  0.039198282273  0.027637777520  0.027637777520  0.028713781937  0.027659602400  0.033962846313  0.027659602400  0.046788561785  0.028713781937  0.032899644248  0.029746119757  0.023484110997  0.026586958786  0.014201450640  0.026607659403  0.000000000000  

