18
cyrtonyx_montezumae 0.000000000000  0.050953718598  0.056444659391  0.065186503697  0.065186503697  0.065186503697  0.074128815841  0.075268129468  0.072992179599  0.065186503697  0.065186503697  0.068557077575  0.069641112620  0.073039185212  0.067520429220  0.067474777931  0.049862971329  0.035916657049  
galgal4    0.050953718598  0.000000000000  0.023474887424  0.033930912167  0.033930912167  0.033930912167  0.042449470418  0.041370650611  0.043530701870  0.033930912167  0.033930912167  0.037131915245  0.039248122062  0.041401040275  0.036119544338  0.036090205437  0.017243748796  0.041244484854  
rollulus_rouloul 0.056444659391  0.023474887424  0.000000000000  0.034995561095  0.034995561095  0.034995561095  0.041370650611  0.042449470418  0.044614355775  0.034995561095  0.034995561095  0.038203641306  0.040323383296  0.040323383296  0.036119544338  0.037160783904  0.022430773691  0.046631654493  
lophura_swinhoii 0.065186503697  0.033930912167  0.034995561095  0.000000000000  0.000000000000  0.000000000000  0.008052742871  0.009068424502  0.009068424502  0.000000000000  0.000000000000  0.003009342405  0.013126847197  0.015175208931  0.010086243474  0.010079371761  0.030750954369  0.055242797608  
crossoptilon_crossoptilon 0.065186503697  0.033930912167  0.034995561095  0.000000000000  0.000000000000  0.000000000000  0.008052742871  0.009068424502  0.009068424502  0.000000000000  0.000000000000  0.003009342405  0.013126847197  0.015175208931  0.010086243474  0.010079371761  0.030750954369  0.055242797608  
lophura_nycthemera 0.065186503697  0.033930912167  0.034995561095  0.000000000000  0.000000000000  0.000000000000  0.008052742871  0.009068424502  0.009068424502  0.000000000000  0.000000000000  0.003009342405  0.013126847197  0.015175208931  0.010086243474  0.010079371761  0.030750954369  0.055242797608  
syrmaticus_ellioti 0.074128815841  0.042449470418  0.041370650611  0.008052742871  0.008052742871  0.008052742871  0.000000000000  0.011106208803  0.011106208803  0.008052742871  0.008052742871  0.011106208803  0.021345720498  0.023424755818  0.018276713191  0.018264109184  0.039220203068  0.064030177499  
chrysolophus_pictus 0.075268129468  0.041370650611  0.042449470418  0.009068424502  0.009068424502  0.009068424502  0.011106208803  0.000000000000  0.012128329559  0.009068424502  0.009068424502  0.012128329559  0.022384121091  0.024467634313  0.019311888365  0.019298141911  0.036012353049  0.065147169379  
phasianus_colchicus 0.072992179599  0.043530701870  0.044614355775  0.009068424502  0.009068424502  0.009068424502  0.011106208803  0.012128329559  0.000000000000  0.009068424502  0.009068424502  0.012128329559  0.022384121091  0.024467634313  0.019311888365  0.019298141911  0.040294231715  0.065147169379  
catreus_wallichi 0.065186503697  0.033930912167  0.034995561095  0.000000000000  0.000000000000  0.000000000000  0.008052742871  0.009068424502  0.009068424502  0.000000000000  0.000000000000  0.003009342405  0.013126847197  0.015175208931  0.010086243474  0.010079371761  0.030750954369  0.055242797608  
lophura_inornata 0.065186503697  0.033930912167  0.034995561095  0.000000000000  0.000000000000  0.000000000000  0.008052742871  0.009068424502  0.009068424502  0.000000000000  0.000000000000  0.003009342405  0.013126847197  0.015175208931  0.010086243474  0.010079371761  0.030750954369  0.055242797608  
syrmaticus_reevesii 0.068557077575  0.037131915245  0.038203641306  0.003009342405  0.003009342405  0.003009342405  0.011106208803  0.012128329559  0.012128329559  0.003009342405  0.003009342405  0.000000000000  0.016202652056  0.018264109184  0.013152614872  0.013142401642  0.033930912167  0.058548231530  
perdix_dauuricae 0.069641112620  0.039248122062  0.040323383296  0.013126847197  0.013126847197  0.013126847197  0.021345720498  0.022384121091  0.022384121091  0.013126847197  0.013126847197  0.016202652056  0.000000000000  0.008043751163  0.015195251368  0.015184414706  0.036036606891  0.059620557381  
melgal2    0.073039185212  0.041401040275  0.040323383296  0.015175208931  0.015175208931  0.015175208931  0.023424755818  0.024467634313  0.024467634313  0.015175208931  0.015175208931  0.018264109184  0.008043751163  0.000000000000  0.017256851090  0.017243748796  0.038175245943  0.062952433231  
lophophorus_impejanus 0.067520429220  0.036119544338  0.036119544338  0.010086243474  0.010086243474  0.010086243474  0.018276713191  0.019311888365  0.019311888365  0.010086243474  0.010086243474  0.013152614872  0.015195251368  0.017256851090  0.000000000000  0.006031840607  0.032918312049  0.057513100238  
tragopan_blythii 0.067474777931  0.036090205437  0.037160783904  0.010079371761  0.010079371761  0.010079371761  0.018264109184  0.019298141911  0.019298141911  0.010079371761  0.010079371761  0.013142401642  0.015184414706  0.017243748796  0.006031840607  0.000000000000  0.032892614880  0.057477612801  
pavo_cristatus 0.049862971329  0.017243748796  0.022430773691  0.030750954369  0.030750954369  0.030750954369  0.039220203068  0.036012353049  0.040294231715  0.030750954369  0.030750954369  0.033930912167  0.036036606891  0.038175245943  0.032918312049  0.032892614880  0.000000000000  0.040174213943  
alectoris_rufa 0.035916657049  0.041244484854  0.046631654493  0.055242797608  0.055242797608  0.055242797608  0.064030177499  0.065147169379  0.065147169379  0.055242797608  0.055242797608  0.058548231530  0.059620557381  0.062952433231  0.057513100238  0.057477612801  0.040174213943  0.000000000000  

