18
syrmaticus_reevesii 0.000000000000  0.000000000000  0.000000000000  0.010106491100  0.019301639710  0.018294812725  0.005018613451  0.005018613451  0.005018613451  0.002004211701  0.010080250123  0.004016894292  0.011087941728  0.002004211701  0.002004211701  0.002004211701  0.002004211701  0.004011312849  
crossoptilon_crossoptilon 0.000000000000  0.000000000000  0.000000000000  0.010106491100  0.019301639710  0.018294812725  0.005018613451  0.005018613451  0.005018613451  0.002004211701  0.010080250123  0.004016894292  0.011087941728  0.002004211701  0.002004211701  0.002004211701  0.002004211701  0.004011312849  
chrysolophus_pictus 0.000000000000  0.000000000000  0.000000000000  0.010106491100  0.019301639710  0.018294812725  0.005018613451  0.005018613451  0.005018613451  0.002004211701  0.010080250123  0.004016894292  0.011087941728  0.002004211701  0.002004211701  0.002004211701  0.002004211701  0.004011312849  
cyrtonyx_montezumae 0.010106491100  0.010106491100  0.010106491100  0.000000000000  0.028714623534  0.028766386293  0.015210574050  0.015210574050  0.015210574050  0.012153785612  0.020370786994  0.014209919913  0.021377393103  0.012153785612  0.012153785612  0.012153785612  0.012153785612  0.014181505729  
pavo_cristatus 0.019301639710  0.019301639710  0.019301639710  0.028714623534  0.000000000000  0.033942346241  0.020312808260  0.020312808260  0.020312808260  0.017234895237  0.025502516610  0.019301639710  0.026519765167  0.017234895237  0.017234895237  0.017234895237  0.017234895237  0.023429509335  
lophophorus_impejanus 0.018294812725  0.018294812725  0.018294812725  0.028766386293  0.033942346241  0.000000000000  0.019301639710  0.019301639710  0.019301639710  0.016227849288  0.024489663456  0.018294812725  0.025502516610  0.016227849288  0.016227849288  0.016227849288  0.016227849288  0.022418672754  
lophura_inornata 0.005018613451  0.005018613451  0.005018613451  0.015210574050  0.020312808260  0.019301639710  0.000000000000  0.000000000000  0.000000000000  0.003006138476  0.011087941728  0.005018613451  0.012099974716  0.003006138476  0.003006138476  0.003006138476  0.003006138476  0.009059056085  
lophura_swinhoii 0.005018613451  0.005018613451  0.005018613451  0.015210574050  0.020312808260  0.019301639710  0.000000000000  0.000000000000  0.000000000000  0.003006138476  0.011087941728  0.005018613451  0.012099974716  0.003006138476  0.003006138476  0.003006138476  0.003006138476  0.009059056085  
lophura_nycthemera 0.005018613451  0.005018613451  0.005018613451  0.015210574050  0.020312808260  0.019301639710  0.000000000000  0.000000000000  0.000000000000  0.003006138476  0.011087941728  0.005018613451  0.012099974716  0.003006138476  0.003006138476  0.003006138476  0.003006138476  0.009059056085  
galgal4    0.002004211701  0.002004211701  0.002004211701  0.012153785612  0.017234895237  0.016227849288  0.003006138476  0.003006138476  0.003006138476  0.000000000000  0.008048561126  0.002004211701  0.009056464285  0.000000000000  0.000000000000  0.000000000000  0.000000000000  0.006028049298  
melgal2    0.010080250123  0.010080250123  0.010080250123  0.020370786994  0.025502516610  0.024489663456  0.011087941728  0.011087941728  0.011087941728  0.008048561126  0.000000000000  0.010080250123  0.017209666929  0.008048561126  0.008048561126  0.008048561126  0.008048561126  0.014151500204  
perdix_dauuricae 0.004016894292  0.004016894292  0.004016894292  0.014209919913  0.019301639710  0.018294812725  0.005018613451  0.005018613451  0.005018613451  0.002004211701  0.010080250123  0.000000000000  0.011087941728  0.002004211701  0.002004211701  0.002004211701  0.002004211701  0.008053363065  
rollulus_rouloul 0.011087941728  0.011087941728  0.011087941728  0.021377393103  0.026519765167  0.025502516610  0.012099974716  0.012099974716  0.012099974716  0.009056464285  0.017209666929  0.011087941728  0.000000000000  0.009056464285  0.009056464285  0.009056464285  0.009056464285  0.015163212514  
tragopan_blythii 0.002004211701  0.002004211701  0.002004211701  0.012153785612  0.017234895237  0.016227849288  0.003006138476  0.003006138476  0.003006138476  0.000000000000  0.008048561126  0.002004211701  0.009056464285  0.000000000000  0.000000000000  0.000000000000  0.000000000000  0.006028049298  
phasianus_colchicus 0.002004211701  0.002004211701  0.002004211701  0.012153785612  0.017234895237  0.016227849288  0.003006138476  0.003006138476  0.003006138476  0.000000000000  0.008048561126  0.002004211701  0.009056464285  0.000000000000  0.000000000000  0.000000000000  0.000000000000  0.006028049298  
catreus_wallichi 0.002004211701  0.002004211701  0.002004211701  0.012153785612  0.017234895237  0.016227849288  0.003006138476  0.003006138476  0.003006138476  0.000000000000  0.008048561126  0.002004211701  0.009056464285  0.000000000000  0.000000000000  0.000000000000  0.000000000000  0.006028049298  
syrmaticus_ellioti 0.002004211701  0.002004211701  0.002004211701  0.012153785612  0.017234895237  0.016227849288  0.003006138476  0.003006138476  0.003006138476  0.000000000000  0.008048561126  0.002004211701  0.009056464285  0.000000000000  0.000000000000  0.000000000000  0.000000000000  0.006028049298  
alectoris_rufa 0.004011312849  0.004011312849  0.004011312849  0.014181505729  0.023429509335  0.022418672754  0.009059056085  0.009059056085  0.009059056085  0.006028049298  0.014151500204  0.008053363065  0.015163212514  0.006028049298  0.006028049298  0.006028049298  0.006028049298  0.000000000000  

