18
cyrtonyx_montezumae 0.000000000000  0.056547515809  0.046819468374  0.052177280615  0.053276649553  0.057655446726  0.056589406186  0.053276649553  0.055403082923  0.054339027694  0.052177280615  0.054378452911  0.057698577930  0.049985803140  0.055403082923  0.060948937361  0.065532793062  0.040354036080  
pavo_cristatus 0.056547515809  0.000000000000  0.014155050875  0.019271279312  0.020304468439  0.024445297346  0.023416970907  0.020304468439  0.023393731910  0.021329562094  0.019271279312  0.021339807427  0.022377305242  0.017211315062  0.022356244489  0.030717354820  0.030756100181  0.018259025572  
tragopan_blythii 0.046819468374  0.014155050875  0.000000000000  0.006025021321  0.007035157781  0.011090428886  0.010077930127  0.007035157781  0.010069768957  0.008044567055  0.006025021321  0.008047349142  0.011096336661  0.004010879847  0.009055524251  0.017227967132  0.020357029385  0.006031108253  
chrysolophus_pictus 0.052177280615  0.019271279312  0.006025021321  0.000000000000  0.001001006237  0.005020961940  0.004016164913  0.001001006237  0.004011099503  0.002002769627  0.000000000000  0.002004030359  0.009082391031  0.002004030359  0.007038458961  0.015202641522  0.026566393111  0.012109873692  
phasianus_colchicus 0.053276649553  0.020304468439  0.007035157781  0.001001006237  0.000000000000  0.006031108253  0.005025291799  0.002004030359  0.005018174105  0.003006800878  0.001001006237  0.003009080517  0.010101855909  0.003009080517  0.008051685867  0.014174762686  0.027615932590  0.013131411485  
lophura_nycthemera 0.057655446726  0.024445297346  0.011090428886  0.005020961940  0.006031108253  0.000000000000  0.009073910401  0.006031108253  0.009061603781  0.007038458961  0.005020961940  0.007043309507  0.014186966884  0.007043309507  0.012116831915  0.020357029385  0.031813440322  0.017227967132  
syrmaticus_reevesii 0.056589406186  0.023416970907  0.010077930127  0.004016164913  0.005025291799  0.009073910401  0.000000000000  0.005025291799  0.008051685867  0.006031108253  0.004016164913  0.006036469476  0.013172843455  0.006036469476  0.011103805495  0.019335523385  0.030777899783  0.016208669161  
syrmaticus_ellioti 0.053276649553  0.020304468439  0.007035157781  0.001001006237  0.002004030359  0.006031108253  0.005025291799  0.000000000000  0.005018174105  0.003006800878  0.001001006237  0.003009080517  0.010101855909  0.003009080517  0.008051685867  0.016232648155  0.027615932590  0.013131411485  
catreus_wallichi 0.055403082923  0.023393731910  0.010069768957  0.004011099503  0.005018174105  0.009061603781  0.008051685867  0.005018174105  0.000000000000  0.006025021321  0.004011099503  0.006027291157  0.013149002873  0.006027291157  0.011090428886  0.019305076954  0.030735917479  0.016190990812  
lophura_inornata 0.054339027694  0.021329562094  0.008044567055  0.002002769627  0.003006800878  0.007038458961  0.006031108253  0.003006800878  0.006025021321  0.000000000000  0.002002769627  0.004012862240  0.011112832260  0.004012862240  0.009061603781  0.017250941348  0.028648136720  0.014147549508  
crossoptilon_crossoptilon 0.052177280615  0.019271279312  0.006025021321  0.000000000000  0.001001006237  0.005020961940  0.004016164913  0.001001006237  0.004011099503  0.002002769627  0.000000000000  0.002004030359  0.009082391031  0.002004030359  0.007038458961  0.015202641522  0.026566393111  0.012109873692  
lophura_swinhoii 0.054378452911  0.021339807427  0.008047349142  0.002004030359  0.003009080517  0.007043309507  0.006036469476  0.003009080517  0.006027291157  0.004012862240  0.002004030359  0.000000000000  0.011123413855  0.004016164913  0.009066980280  0.017264791412  0.026566393111  0.014155050875  
melgal2    0.057698577930  0.022377305242  0.011096336661  0.009082391031  0.010101855909  0.014186966884  0.013172843455  0.010101855909  0.013149002873  0.011112832260  0.009082391031  0.011123413855  0.000000000000  0.007049706295  0.012125353365  0.020374130034  0.029721676497  0.017238665549  
lophophorus_impejanus 0.049985803140  0.017211315062  0.004010879847  0.002004030359  0.003009080517  0.007043309507  0.006036469476  0.003009080517  0.006027291157  0.004012862240  0.002004030359  0.004016164913  0.007049706295  0.000000000000  0.005018174105  0.013149002873  0.024473932406  0.010073068507  
perdix_dauuricae 0.055403082923  0.022356244489  0.009055524251  0.007038458961  0.008051685867  0.012116831915  0.011103805495  0.008051685867  0.011090428886  0.009061603781  0.007038458961  0.009066980280  0.012125353365  0.005018174105  0.000000000000  0.018270798519  0.029681942294  0.015165251320  
galgal4    0.060948937361  0.030717354820  0.017227967132  0.015202641522  0.014174762686  0.020357029385  0.019335523385  0.016232648155  0.019305076954  0.017250941348  0.015202641522  0.017264791412  0.020374130034  0.013149002873  0.018270798519  0.000000000000  0.038176926327  0.023430992676  
rollulus_rouloul 0.065532793062  0.030756100181  0.020357029385  0.026566393111  0.027615932590  0.031813440322  0.030777899783  0.027615932590  0.030735917479  0.028648136720  0.026566393111  0.026566393111  0.029721676497  0.024473932406  0.029681942294  0.038176926327  0.000000000000  0.024508965888  
alectoris_rufa 0.040354036080  0.018259025572  0.006031108253  0.012109873692  0.013131411485  0.017227967132  0.016208669161  0.013131411485  0.016190990812  0.014147549508  0.012109873692  0.014155050875  0.017238665549  0.010073068507  0.015165251320  0.023430992676  0.024508965888  0.000000000000  

