18
pavo_cristatus 0.000000000000  0.010079716685  0.017223635554  0.015176071493  0.016213769971  0.013134409990  0.013134409990  0.013134409990  0.018277654226  0.013134409990  0.016195075423  0.019299288067  0.008045436733  0.010079716685  0.004013171821  0.007035870068  0.000000000000  0.000000000000  
tragopan_blythii 0.010079716685  0.000000000000  0.019277137258  0.017223635554  0.018265174458  0.015176071493  0.015176071493  0.015176071493  0.020335623785  0.015176071493  0.018245316109  0.021359953345  0.010071133063  0.012112310446  0.006027892110  0.017223635554  0.010079716685  0.010079716685  
chrysolophus_pictus 0.017223635554  0.019277137258  0.000000000000  0.006025508643  0.007039351338  0.004011315263  0.004011315263  0.004011315263  0.009068655892  0.004011315263  0.007034054234  0.026530794875  0.017209463511  0.019277137258  0.013127607340  0.024442741765  0.017223635554  0.017223635554  
perdix_dauuricae 0.015176071493  0.017223635554  0.006025508643  0.000000000000  0.005021497271  0.002002823362  0.002002823362  0.002002823362  0.007044494690  0.002002823362  0.005017259447  0.024455317391  0.015163032045  0.017223635554  0.011092372443  0.022373941286  0.015176071493  0.015176071493  
lophura_inornata 0.016213769971  0.018265174458  0.007039351338  0.005021497271  0.000000000000  0.003009369458  0.003009369458  0.003009369458  0.008067093801  0.003009369458  0.006027892110  0.025514856422  0.016195075423  0.018265174458  0.012119673003  0.023426639787  0.016213769971  0.016213769971  
crossoptilon_crossoptilon 0.013134409990  0.015176071493  0.004011315263  0.002002823362  0.003009369458  0.000000000000  0.000000000000  0.000000000000  0.005026098826  0.000000000000  0.003006180016  0.022385912328  0.013122491444  0.015176071493  0.009062965136  0.020311170662  0.013134409990  0.013134409990  
syrmaticus_reevesii 0.013134409990  0.015176071493  0.004011315263  0.002002823362  0.003009369458  0.000000000000  0.000000000000  0.000000000000  0.005026098826  0.000000000000  0.003006180016  0.022385912328  0.013122491444  0.015176071493  0.009062965136  0.020311170662  0.013134409990  0.013134409990  
lophura_nycthemera 0.013134409990  0.015176071493  0.004011315263  0.002002823362  0.003009369458  0.000000000000  0.000000000000  0.000000000000  0.005026098826  0.000000000000  0.003006180016  0.022385912328  0.013122491444  0.015176071493  0.009062965136  0.020311170662  0.013134409990  0.013134409990  
catreus_wallichi 0.018277654226  0.020335623785  0.009068655892  0.007044494690  0.008067093801  0.005026098826  0.005026098826  0.005026098826  0.000000000000  0.005026098826  0.008052936281  0.027612154033  0.018254393964  0.020335623785  0.014168294539  0.025514856422  0.018277654226  0.018277654226  
phasianus_colchicus 0.013134409990  0.015176071493  0.004011315263  0.002002823362  0.003009369458  0.000000000000  0.000000000000  0.000000000000  0.005026098826  0.000000000000  0.003006180016  0.022385912328  0.013122491444  0.015176071493  0.009062965136  0.020311170662  0.013134409990  0.013134409990  
lophura_swinhoii 0.016195075423  0.018245316109  0.007034054234  0.005017259447  0.006027892110  0.003006180016  0.003006180016  0.003006180016  0.008052936281  0.003006180016  0.000000000000  0.025485638292  0.016183171312  0.018245316109  0.012106628805  0.023402095540  0.016195075423  0.016195075423  
melgal2    0.019299288067  0.021359953345  0.026530794875  0.024455317391  0.025514856422  0.022385912328  0.022385912328  0.022385912328  0.027612154033  0.022385912328  0.025485638292  0.000000000000  0.019277137258  0.021359953345  0.015185130483  0.025532053378  0.019299288067  0.019299288067  
galgal4    0.008045436733  0.010071133063  0.017209463511  0.015163032045  0.016195075423  0.013122491444  0.013122491444  0.013122491444  0.018254393964  0.013122491444  0.016183171312  0.019277137258  0.000000000000  0.010071133063  0.004011113668  0.015163032045  0.008045436733  0.008045436733  
cyrtonyx_montezumae 0.010079716685  0.012112310446  0.019277137258  0.017223635554  0.018265174458  0.015176071493  0.015176071493  0.015176071493  0.020335623785  0.015176071493  0.018245316109  0.021359953345  0.010071133063  0.000000000000  0.006027892110  0.017223635554  0.010079716685  0.010079716685  
lophophorus_impejanus 0.004013171821  0.006027892110  0.013127607340  0.011092372443  0.012119673003  0.009062965136  0.009062965136  0.009062965136  0.014168294539  0.009062965136  0.012106628805  0.015185130483  0.004011113668  0.006027892110  0.000000000000  0.011092372443  0.004013171821  0.004013171821  
rollulus_rouloul 0.007035870068  0.017223635554  0.024442741765  0.022373941286  0.023426639787  0.020311170662  0.020311170662  0.020311170662  0.025514856422  0.020311170662  0.023402095540  0.025532053378  0.015163032045  0.017223635554  0.011092372443  0.000000000000  0.007035870068  0.007035870068  
syrmaticus_ellioti 0.000000000000  0.010079716685  0.017223635554  0.015176071493  0.016213769971  0.013134409990  0.013134409990  0.013134409990  0.018277654226  0.013134409990  0.016195075423  0.019299288067  0.008045436733  0.010079716685  0.004013171821  0.007035870068  0.000000000000  0.000000000000  
alectoris_rufa 0.000000000000  0.010079716685  0.017223635554  0.015176071493  0.016213769971  0.013134409990  0.013134409990  0.013134409990  0.018277654226  0.013134409990  0.016195075423  0.019299288067  0.008045436733  0.010079716685  0.004013171821  0.007035870068  0.000000000000  0.000000000000  

