18
cyrtonyx_montezumae 0.000000000000  0.020300596316  0.021327061209  0.021327061209  0.021327061209  0.021327061209  0.021327061209  0.021327061209  0.021327061209  0.021327061209  0.025455980997  0.021327061209  0.022355156912  0.021327061209  0.021327061209  0.014155589704  0.016210931384  0.013139300298  
rollulus_rouloul 0.020300596316  0.000000000000  0.019267523529  0.019267523529  0.019267523529  0.019267523529  0.019267523529  0.019267523529  0.019267523529  0.019267523529  0.023384889151  0.019267523529  0.020292922006  0.019267523529  0.019267523529  0.014164762198  0.014164762198  0.023442529031  
lophura_inornata 0.021327061209  0.019267523529  0.000000000000  0.000000000000  0.000000000000  0.000000000000  0.000000000000  0.000000000000  0.000000000000  0.000000000000  0.004011118864  0.000000000000  0.001000777146  0.000000000000  0.000000000000  0.013131383018  0.013131383018  0.024471132495  
phasianus_colchicus 0.021327061209  0.019267523529  0.000000000000  0.000000000000  0.000000000000  0.000000000000  0.000000000000  0.000000000000  0.000000000000  0.000000000000  0.004011118864  0.000000000000  0.001000777146  0.000000000000  0.000000000000  0.013131383018  0.013131383018  0.024471132495  
catreus_wallichi 0.021327061209  0.019267523529  0.000000000000  0.000000000000  0.000000000000  0.000000000000  0.000000000000  0.000000000000  0.000000000000  0.000000000000  0.004011118864  0.000000000000  0.001000777146  0.000000000000  0.000000000000  0.013131383018  0.013131383018  0.024471132495  
lophura_nycthemera 0.021327061209  0.019267523529  0.000000000000  0.000000000000  0.000000000000  0.000000000000  0.000000000000  0.000000000000  0.000000000000  0.000000000000  0.004011118864  0.000000000000  0.001000777146  0.000000000000  0.000000000000  0.013131383018  0.013131383018  0.024471132495  
lophophorus_impejanus 0.021327061209  0.019267523529  0.000000000000  0.000000000000  0.000000000000  0.000000000000  0.000000000000  0.000000000000  0.000000000000  0.000000000000  0.004011118864  0.000000000000  0.001000777146  0.000000000000  0.000000000000  0.013131383018  0.013131383018  0.024471132495  
syrmaticus_reevesii 0.021327061209  0.019267523529  0.000000000000  0.000000000000  0.000000000000  0.000000000000  0.000000000000  0.000000000000  0.000000000000  0.000000000000  0.004011118864  0.000000000000  0.001000777146  0.000000000000  0.000000000000  0.013131383018  0.013131383018  0.024471132495  
perdix_dauuricae 0.021327061209  0.019267523529  0.000000000000  0.000000000000  0.000000000000  0.000000000000  0.000000000000  0.000000000000  0.000000000000  0.000000000000  0.004011118864  0.000000000000  0.001000777146  0.000000000000  0.000000000000  0.013131383018  0.013131383018  0.024471132495  
syrmaticus_ellioti 0.021327061209  0.019267523529  0.000000000000  0.000000000000  0.000000000000  0.000000000000  0.000000000000  0.000000000000  0.000000000000  0.000000000000  0.004011118864  0.000000000000  0.001000777146  0.000000000000  0.000000000000  0.013131383018  0.013131383018  0.024471132495  
crossoptilon_crossoptilon 0.025455980997  0.023384889151  0.004011118864  0.004011118864  0.004011118864  0.004011118864  0.004011118864  0.004011118864  0.004011118864  0.004011118864  0.000000000000  0.004011118864  0.005017593188  0.004011118864  0.004011118864  0.017214070095  0.017214070095  0.028616254949  
chrysolophus_pictus 0.021327061209  0.019267523529  0.000000000000  0.000000000000  0.000000000000  0.000000000000  0.000000000000  0.000000000000  0.000000000000  0.000000000000  0.004011118864  0.000000000000  0.001000777146  0.000000000000  0.000000000000  0.013131383018  0.013131383018  0.024471132495  
melgal2    0.022355156912  0.020292922006  0.001000777146  0.001000777146  0.001000777146  0.001000777146  0.001000777146  0.001000777146  0.001000777146  0.001000777146  0.005017593188  0.001000777146  0.000000000000  0.001000777146  0.001000777146  0.014148222562  0.014148222562  0.025501366586  
lophura_swinhoii 0.021327061209  0.019267523529  0.000000000000  0.000000000000  0.000000000000  0.000000000000  0.000000000000  0.000000000000  0.000000000000  0.000000000000  0.004011118864  0.000000000000  0.001000777146  0.000000000000  0.000000000000  0.013131383018  0.013131383018  0.024471132495  
tragopan_blythii 0.021327061209  0.019267523529  0.000000000000  0.000000000000  0.000000000000  0.000000000000  0.000000000000  0.000000000000  0.000000000000  0.000000000000  0.004011118864  0.000000000000  0.001000777146  0.000000000000  0.000000000000  0.013131383018  0.013131383018  0.024471132495  
galgal4    0.014155589704  0.014164762198  0.013131383018  0.013131383018  0.013131383018  0.013131383018  0.013131383018  0.013131383018  0.013131383018  0.013131383018  0.017214070095  0.013131383018  0.014148222562  0.013131383018  0.013131383018  0.000000000000  0.002004399500  0.019344308572  
pavo_cristatus 0.016210931384  0.014164762198  0.013131383018  0.013131383018  0.013131383018  0.013131383018  0.013131383018  0.013131383018  0.013131383018  0.013131383018  0.017214070095  0.013131383018  0.014148222562  0.013131383018  0.013131383018  0.002004399500  0.000000000000  0.019344308572  
alectoris_rufa 0.013139300298  0.023442529031  0.024471132495  0.024471132495  0.024471132495  0.024471132495  0.024471132495  0.024471132495  0.024471132495  0.024471132495  0.028616254949  0.024471132495  0.025501366586  0.024471132495  0.024471132495  0.019344308572  0.019344308572  0.000000000000  

