18
rollulus_rouloul 0.000000000000  0.013124718039  0.019256095382  0.016179193631  0.017204888396  0.016179193631  0.016179193631  0.016179193631  0.020287090485  0.016179193631  0.016179193631  0.014136932239  0.014147267279  0.012104262256  0.012104262256  0.012104262256  0.012098119824  0.010067826997  
perdix_dauuricae 0.013124718039  0.000000000000  0.009057656519  0.005016879956  0.006024959783  0.005016879956  0.005016879956  0.005016879956  0.009057656519  0.005016879956  0.005016879956  0.003006037910  0.003009064527  0.001001004470  0.001001004470  0.001001004470  0.011090254668  0.009061490121  
lophura_inornata 0.019256095382  0.009057656519  0.000000000000  0.004012840464  0.005020927257  0.004012840464  0.004012840464  0.004012840464  0.008051598026  0.004012840464  0.004012840464  0.010067826997  0.010072919501  0.008044457297  0.008044457297  0.008044457297  0.018232698191  0.016184118421  
phasianus_colchicus 0.016179193631  0.005016879956  0.004012840464  0.000000000000  0.001001004470  0.000000000000  0.000000000000  0.000000000000  0.004012840464  0.000000000000  0.000000000000  0.006025014768  0.006024959783  0.004010834819  0.004010834819  0.004010834819  0.014136932239  0.012100410985  
syrmaticus_reevesii 0.017204888396  0.006024959783  0.005020927257  0.001001004470  0.000000000000  0.001001004470  0.001001004470  0.001001004470  0.005020927257  0.001001004470  0.001001004470  0.007033087629  0.007035082546  0.005016879956  0.005016879956  0.005016879956  0.015159474312  0.013119819688  
crossoptilon_crossoptilon 0.016179193631  0.005016879956  0.004012840464  0.000000000000  0.001001004470  0.000000000000  0.000000000000  0.000000000000  0.004012840464  0.000000000000  0.000000000000  0.006025014768  0.006024959783  0.004010834819  0.004010834819  0.004010834819  0.014136932239  0.012100410985  
syrmaticus_ellioti 0.016179193631  0.005016879956  0.004012840464  0.000000000000  0.001001004470  0.000000000000  0.000000000000  0.000000000000  0.004012840464  0.000000000000  0.000000000000  0.006025014768  0.006024959783  0.004010834819  0.004010834819  0.004010834819  0.014136932239  0.012100410985  
lophura_swinhoii 0.016179193631  0.005016879956  0.004012840464  0.000000000000  0.001001004470  0.000000000000  0.000000000000  0.000000000000  0.004012840464  0.000000000000  0.000000000000  0.006025014768  0.006024959783  0.004010834819  0.004010834819  0.004010834819  0.014136932239  0.012100410985  
chrysolophus_pictus 0.020287090485  0.009057656519  0.008051598026  0.004012840464  0.005020927257  0.004012840464  0.004012840464  0.004012840464  0.000000000000  0.004012840464  0.004012840464  0.010067826997  0.010072919501  0.008044457297  0.008044457297  0.008044457297  0.018232698191  0.016184118421  
catreus_wallichi 0.016179193631  0.005016879956  0.004012840464  0.000000000000  0.001001004470  0.000000000000  0.000000000000  0.000000000000  0.004012840464  0.000000000000  0.000000000000  0.006025014768  0.006024959783  0.004010834819  0.004010834819  0.004010834819  0.014136932239  0.012100410985  
lophura_nycthemera 0.016179193631  0.005016879956  0.004012840464  0.000000000000  0.001001004470  0.000000000000  0.000000000000  0.000000000000  0.004012840464  0.000000000000  0.000000000000  0.006025014768  0.006024959783  0.004010834819  0.004010834819  0.004010834819  0.014136932239  0.012100410985  
melgal2    0.014136932239  0.003006037910  0.010067826997  0.006025014768  0.007033087629  0.006025014768  0.006025014768  0.006025014768  0.010067826997  0.006025014768  0.006025014768  0.000000000000  0.004011072241  0.002003026005  0.002003026005  0.002003026005  0.012100410985  0.010069596899  
galgal4    0.014147267279  0.003009064527  0.010072919501  0.006024959783  0.007035082546  0.006024959783  0.006024959783  0.006024959783  0.010072919501  0.006024959783  0.006024959783  0.004011072241  0.000000000000  0.002004023271  0.002004023271  0.002004023271  0.012109670495  0.010077791679  
pavo_cristatus 0.012104262256  0.001001004470  0.008044457297  0.004010834819  0.005016879956  0.004010834819  0.004010834819  0.004010834819  0.008044457297  0.004010834819  0.004010834819  0.002003026005  0.002004023271  0.000000000000  0.000000000000  0.000000000000  0.010072919501  0.008047256543  
lophophorus_impejanus 0.012104262256  0.001001004470  0.008044457297  0.004010834819  0.005016879956  0.004010834819  0.004010834819  0.004010834819  0.008044457297  0.004010834819  0.004010834819  0.002003026005  0.002004023271  0.000000000000  0.000000000000  0.000000000000  0.010072919501  0.008047256543  
tragopan_blythii 0.012104262256  0.001001004470  0.008044457297  0.004010834819  0.005016879956  0.004010834819  0.004010834819  0.004010834819  0.008044457297  0.004010834819  0.004010834819  0.002003026005  0.002004023271  0.000000000000  0.000000000000  0.000000000000  0.010072919501  0.008047256543  
cyrtonyx_montezumae 0.012098119824  0.011090254668  0.018232698191  0.014136932239  0.015159474312  0.014136932239  0.014136932239  0.014136932239  0.018232698191  0.014136932239  0.014136932239  0.012100410985  0.012109670495  0.010072919501  0.010072919501  0.010072919501  0.000000000000  0.008043203398  
alectoris_rufa 0.010067826997  0.009061490121  0.016184118421  0.012100410985  0.013119819688  0.012100410985  0.012100410985  0.012100410985  0.016184118421  0.012100410985  0.012100410985  0.010069596899  0.010077791679  0.008047256543  0.008047256543  0.008047256543  0.008043203398  0.000000000000  

