18
galgal4    0.000000000000  0.010078319025  0.025455117709  0.019272306771  0.019272306771  0.019272306771  0.019272306771  0.019272306771  0.013116820119  0.007035246004  0.012104772298  0.007035246004  0.007035246004  0.010069840407  0.007035246004  0.007035246004  0.007035246004  0.014148135270  
rollulus_rouloul 0.010078319025  0.000000000000  0.029623739868  0.023406254578  0.023406254578  0.023406254578  0.023406254578  0.023406254578  0.017205712895  0.011090774698  0.016191685636  0.011090774698  0.011090774698  0.014141982802  0.011090774698  0.011090774698  0.011090774698  0.018249942650  
phasianus_colchicus 0.025455117709  0.029623739868  0.000000000000  0.006024240078  0.006024240078  0.006024240078  0.006024240078  0.006024240078  0.024407761616  0.018233738049  0.023385469919  0.018233738049  0.018233738049  0.021314367146  0.018233738049  0.018233738049  0.018233738049  0.025465306805  
catreus_wallichi 0.019272306771  0.023406254578  0.006024240078  0.000000000000  0.000000000000  0.000000000000  0.000000000000  0.000000000000  0.018233738049  0.012110357534  0.017219740410  0.012110357534  0.012110357534  0.015165769393  0.012110357534  0.012110357534  0.012110357534  0.019282301344  
lophura_nycthemera 0.019272306771  0.023406254578  0.006024240078  0.000000000000  0.000000000000  0.000000000000  0.000000000000  0.000000000000  0.018233738049  0.012110357534  0.017219740410  0.012110357534  0.012110357534  0.015165769393  0.012110357534  0.012110357534  0.012110357534  0.019282301344  
chrysolophus_pictus 0.019272306771  0.023406254578  0.006024240078  0.000000000000  0.000000000000  0.000000000000  0.000000000000  0.000000000000  0.018233738049  0.012110357534  0.017219740410  0.012110357534  0.012110357534  0.015165769393  0.012110357534  0.012110357534  0.012110357534  0.019282301344  
syrmaticus_reevesii 0.019272306771  0.023406254578  0.006024240078  0.000000000000  0.000000000000  0.000000000000  0.000000000000  0.000000000000  0.018233738049  0.012110357534  0.017219740410  0.012110357534  0.012110357534  0.015165769393  0.012110357534  0.012110357534  0.012110357534  0.019282301344  
lophura_inornata 0.019272306771  0.023406254578  0.006024240078  0.000000000000  0.000000000000  0.000000000000  0.000000000000  0.000000000000  0.018233738049  0.012110357534  0.017219740410  0.012110357534  0.012110357534  0.015165769393  0.012110357534  0.012110357534  0.012110357534  0.019282301344  
melgal2    0.013116820119  0.017205712895  0.024407761616  0.018233738049  0.018233738049  0.018233738049  0.018233738049  0.018233738049  0.000000000000  0.006024240078  0.011083312982  0.006024240078  0.006024240078  0.009054687718  0.006024240078  0.006024240078  0.006024240078  0.013120317039  
lophura_swinhoii 0.007035246004  0.011090774698  0.018233738049  0.012110357534  0.012110357534  0.012110357534  0.012110357534  0.012110357534  0.006024240078  0.000000000000  0.005018229970  0.000000000000  0.000000000000  0.003006043725  0.000000000000  0.000000000000  0.000000000000  0.007038659488  
cyrtonyx_montezumae 0.012104772298  0.016191685636  0.023385469919  0.017219740410  0.017219740410  0.017219740410  0.017219740410  0.017219740410  0.011083312982  0.005018229970  0.000000000000  0.005018229970  0.005018229970  0.008044612393  0.005018229970  0.005018229970  0.005018229970  0.012110357534  
crossoptilon_crossoptilon 0.007035246004  0.011090774698  0.018233738049  0.012110357534  0.012110357534  0.012110357534  0.012110357534  0.012110357534  0.006024240078  0.000000000000  0.005018229970  0.000000000000  0.000000000000  0.003006043725  0.000000000000  0.000000000000  0.000000000000  0.007038659488  
tragopan_blythii 0.007035246004  0.011090774698  0.018233738049  0.012110357534  0.012110357534  0.012110357534  0.012110357534  0.012110357534  0.006024240078  0.000000000000  0.005018229970  0.000000000000  0.000000000000  0.003006043725  0.000000000000  0.000000000000  0.000000000000  0.007038659488  
perdix_dauuricae 0.010069840407  0.014141982802  0.021314367146  0.015165769393  0.015165769393  0.015165769393  0.015165769393  0.015165769393  0.009054687718  0.003006043725  0.008044612393  0.003006043725  0.003006043725  0.000000000000  0.003006043725  0.003006043725  0.003006043725  0.010073295327  
syrmaticus_ellioti 0.007035246004  0.011090774698  0.018233738049  0.012110357534  0.012110357534  0.012110357534  0.012110357534  0.012110357534  0.006024240078  0.000000000000  0.005018229970  0.000000000000  0.000000000000  0.003006043725  0.000000000000  0.000000000000  0.000000000000  0.007038659488  
pavo_cristatus 0.007035246004  0.011090774698  0.018233738049  0.012110357534  0.012110357534  0.012110357534  0.012110357534  0.012110357534  0.006024240078  0.000000000000  0.005018229970  0.000000000000  0.000000000000  0.003006043725  0.000000000000  0.000000000000  0.000000000000  0.007038659488  
lophophorus_impejanus 0.007035246004  0.011090774698  0.018233738049  0.012110357534  0.012110357534  0.012110357534  0.012110357534  0.012110357534  0.006024240078  0.000000000000  0.005018229970  0.000000000000  0.000000000000  0.003006043725  0.000000000000  0.000000000000  0.000000000000  0.007038659488  
alectoris_rufa 0.014148135270  0.018249942650  0.025465306805  0.019282301344  0.019282301344  0.019282301344  0.019282301344  0.019282301344  0.013120317039  0.007038659488  0.012110357534  0.007038659488  0.007038659488  0.010073295327  0.007038659488  0.007038659488  0.007038659488  0.000000000000  

