18
cyrtonyx_montezumae 0.000000000000  0.039314995602  0.043685417657  0.035051803275  0.045713023660  0.042489885070  0.036122319228  0.040394085718  0.036122319228  0.036122319228  0.041475674255  0.043609192676  0.041475674255  0.042523917120  0.042559772810  0.043573819258  0.045749262172  0.046840794488  
perdix_dauuricae 0.039314995602  0.000000000000  0.012143629718  0.004013467654  0.018270870312  0.014146313436  0.007036311556  0.015189198049  0.007036311556  0.007036311556  0.011109306343  0.013146289392  0.011109306343  0.013129542522  0.013137053852  0.015171111751  0.015189198049  0.019292935422  
tragopan_blythii 0.043685417657  0.012143629718  0.000000000000  0.008069293049  0.020359348723  0.018270870312  0.011109306343  0.019337241876  0.011109306343  0.011109306343  0.015229294082  0.017280258468  0.015229294082  0.017250396949  0.017264461379  0.019305961033  0.019337241876  0.023469412720  
chrysolophus_pictus 0.035051803275  0.004013467654  0.008069293049  0.000000000000  0.014161999088  0.010071688960  0.003006163225  0.011100737876  0.003006163225  0.003006163225  0.007045721086  0.009070305285  0.007045721086  0.009059613776  0.009064104405  0.011088751092  0.011100737876  0.015179288529  
melgal2    0.045713023660  0.018270870312  0.020359348723  0.014161999088  0.000000000000  0.024449845726  0.017227477548  0.025525976945  0.017227477548  0.017227477548  0.021383048550  0.023451451510  0.021383048550  0.021341862839  0.023435249060  0.025493887543  0.025525976945  0.029693546029  
galgal4    0.042489885070  0.014146313436  0.018270870312  0.010071688960  0.024449845726  0.000000000000  0.007036311556  0.015189198049  0.007036311556  0.007036311556  0.012114352474  0.014153291295  0.012114352474  0.013129542522  0.013137053852  0.015171111751  0.016198163146  0.019292935422  
syrmaticus_ellioti 0.036122319228  0.007036311556  0.011109306343  0.003006163225  0.017227477548  0.007036311556  0.000000000000  0.008060861912  0.000000000000  0.000000000000  0.005022033451  0.007040165370  0.005022033451  0.006028394339  0.006032781441  0.008049107702  0.009064104405  0.012122394000  
lophophorus_impejanus 0.040394085718  0.015189198049  0.019337241876  0.011100737876  0.025525976945  0.015189198049  0.008060861912  0.000000000000  0.008060861912  0.008060861912  0.013157246240  0.015200837399  0.013157246240  0.014172433891  0.014184592811  0.015214203693  0.015189198049  0.018284416951  
lophura_inornata 0.036122319228  0.007036311556  0.011109306343  0.003006163225  0.017227477548  0.007036311556  0.000000000000  0.008060861912  0.000000000000  0.000000000000  0.005022033451  0.007040165370  0.005022033451  0.006028394339  0.006032781441  0.008049107702  0.009064104405  0.012122394000  
syrmaticus_reevesii 0.036122319228  0.007036311556  0.011109306343  0.003006163225  0.017227477548  0.007036311556  0.000000000000  0.008060861912  0.000000000000  0.000000000000  0.005022033451  0.007040165370  0.005022033451  0.006028394339  0.006032781441  0.008049107702  0.009064104405  0.012122394000  
phasianus_colchicus 0.041475674255  0.011109306343  0.015229294082  0.007045721086  0.021383048550  0.012114352474  0.005022033451  0.013157246240  0.005022033451  0.005022033451  0.000000000000  0.002002845087  0.000000000000  0.011100737876  0.011109306343  0.013137053852  0.012132154041  0.017250396949  
catreus_wallichi 0.043609192676  0.013146289392  0.017280258468  0.009070305285  0.023451451510  0.014153291295  0.007040165370  0.015200837399  0.007040165370  0.007040165370  0.002002845087  0.000000000000  0.002002845087  0.013137053852  0.013146289392  0.015179288529  0.014172433891  0.019305961033  
lophura_swinhoii 0.041475674255  0.011109306343  0.015229294082  0.007045721086  0.021383048550  0.012114352474  0.005022033451  0.013157246240  0.005022033451  0.005022033451  0.000000000000  0.002002845087  0.000000000000  0.011100737876  0.011109306343  0.013137053852  0.012132154041  0.017250396949  
crossoptilon_crossoptilon 0.042523917120  0.013129542522  0.017250396949  0.009059613776  0.021341862839  0.013129542522  0.006028394339  0.014172433891  0.006028394339  0.006028394339  0.011100737876  0.013137053852  0.011100737876  0.000000000000  0.012122394000  0.014153291295  0.015179288529  0.018270870312  
lophura_nycthemera 0.042559772810  0.013137053852  0.017264461379  0.009064104405  0.023435249060  0.013137053852  0.006032781441  0.014184592811  0.006032781441  0.006032781441  0.011109306343  0.013146289392  0.011109306343  0.012122394000  0.000000000000  0.014161999088  0.015189198049  0.018284416951  
rollulus_rouloul 0.043573819258  0.015171111751  0.019305961033  0.011088751092  0.025493887543  0.015171111751  0.008049107702  0.015214203693  0.008049107702  0.008049107702  0.013137053852  0.015179288529  0.013137053852  0.014153291295  0.014161999088  0.000000000000  0.015171111751  0.018259064953  
pavo_cristatus 0.045749262172  0.015189198049  0.019337241876  0.011100737876  0.025525976945  0.016198163146  0.009064104405  0.015189198049  0.009064104405  0.009064104405  0.012132154041  0.014172433891  0.012132154041  0.015179288529  0.015189198049  0.015171111751  0.000000000000  0.009059613776  
alectoris_rufa 0.046840794488  0.019292935422  0.023469412720  0.015179288529  0.029693546029  0.019292935422  0.012122394000  0.018284416951  0.012122394000  0.012122394000  0.017250396949  0.019305961033  0.017250396949  0.018270870312  0.018284416951  0.018259064953  0.009059613776  0.000000000000  

