18
galgal4    0.000000000000  0.025531250247  0.068705958251  0.057769680959  0.046829789847  0.047884129400  0.059906186980  0.052273882500  0.047922293718  0.050074012138  0.050074012138  0.052232295666  0.052232295666  0.066822930888  0.044652177733  0.032847932499  0.121543708460  0.048837510259  
pavo_cristatus 0.025531250247  0.000000000000  0.054439627244  0.040460694148  0.029816535882  0.030849559007  0.044726051820  0.035114203680  0.030878039492  0.032977168123  0.032977168123  0.035082527643  0.035082527643  0.049240607281  0.026645969926  0.015195676600  0.118858163244  0.047691831894  
rollulus_rouloul 0.068705958251  0.054439627244  0.000000000000  0.089599372414  0.079198335494  0.080291599362  0.090629354571  0.084962007732  0.080360353154  0.082621150774  0.082621150774  0.084889259797  0.084889259797  0.093245644986  0.075728985241  0.063217357088  0.163307284270  0.093549222282  
tragopan_blythii 0.057769680959  0.040460694148  0.089599372414  0.000000000000  0.020350049860  0.023457500899  0.036064836562  0.025550408993  0.021389775532  0.023457500899  0.023457500899  0.025531250247  0.025531250247  0.043716615584  0.040424509138  0.030797638357  0.147874769557  0.076470397572  
crossoptilon_crossoptilon 0.046829789847  0.029816535882  0.079198335494  0.020350049860  0.000000000000  0.003006928100  0.015184776161  0.005021475038  0.001001038040  0.003006928100  0.003006928100  0.005018461036  0.005018461036  0.022493596149  0.030849559007  0.022431747248  0.136428378323  0.067481716673  
chrysolophus_pictus 0.047884129400  0.030849559007  0.080291599362  0.023457500899  0.003006928100  0.000000000000  0.015175515509  0.006027803859  0.002002801090  0.004011225934  0.004011225934  0.006025307105  0.006025307105  0.022471326946  0.034014053114  0.025550408993  0.137598727479  0.067437607523  
syrmaticus_reevesii 0.059906186980  0.044726051820  0.090629354571  0.036064836562  0.015184776161  0.015175515509  0.000000000000  0.018264619486  0.014158326010  0.016203020207  0.016203020207  0.018253591211  0.018253591211  0.031884178516  0.046868410955  0.038206279770  0.150507707271  0.074090049433  
lophura_inornata 0.052273882500  0.035114203680  0.084962007732  0.025550408993  0.005021475038  0.006027803859  0.018264619486  0.000000000000  0.004013149830  0.006027803859  0.006027803859  0.008048152938  0.008048152938  0.025617884669  0.036153374284  0.027652437889  0.137598727479  0.073096352642  
syrmaticus_ellioti 0.047922293718  0.030878039492  0.080360353154  0.021389775532  0.001001038040  0.002002801090  0.014158326010  0.004013149830  0.000000000000  0.002002801090  0.002002801090  0.004011225934  0.004011225934  0.021448116672  0.031912190460  0.023475974733  0.137715117889  0.068609530786  
lophura_swinhoii 0.050074012138  0.032977168123  0.082621150774  0.023457500899  0.003006928100  0.004011225934  0.016203020207  0.006027803859  0.002002801090  0.000000000000  0.000000000000  0.006025307105  0.006025307105  0.022471326946  0.034014053114  0.025550408993  0.140178972531  0.068656831833  
lophura_nycthemera 0.050074012138  0.032977168123  0.082621150774  0.023457500899  0.003006928100  0.004011225934  0.016203020207  0.006027803859  0.002002801090  0.000000000000  0.000000000000  0.006025307105  0.006025307105  0.022471326946  0.034014053114  0.025550408993  0.140178972531  0.068656831833  
phasianus_colchicus 0.052232295666  0.035082527643  0.084889259797  0.025531250247  0.005018461036  0.006025307105  0.018253591211  0.008048152938  0.004011225934  0.006025307105  0.006025307105  0.000000000000  0.004012202741  0.025593729073  0.036122161978  0.027630910522  0.142651622524  0.073047205752  
catreus_wallichi 0.052232295666  0.035082527643  0.084889259797  0.025531250247  0.005018461036  0.006025307105  0.018253591211  0.008048152938  0.004011225934  0.006025307105  0.006025307105  0.004012202741  0.000000000000  0.025593729073  0.036122161978  0.027630910522  0.141354625635  0.073047205752  
perdix_dauuricae 0.066822930888  0.049240607281  0.093245644986  0.043716615584  0.022493596149  0.022471326946  0.031884178516  0.025617884669  0.021448116672  0.022471326946  0.022471326946  0.025593729073  0.025593729073  0.000000000000  0.051400341716  0.041543561110  0.154622453772  0.082290739926  
melgal2    0.044652177733  0.026645969926  0.075728985241  0.040424509138  0.030849559007  0.034014053114  0.046868410955  0.036153374284  0.031912190460  0.034014053114  0.034014053114  0.036122161978  0.036122161978  0.051400341716  0.000000000000  0.015184776161  0.127516051433  0.059660003257  
lophophorus_impejanus 0.032847932499  0.015195676600  0.063217357088  0.030797638357  0.022431747248  0.025550408993  0.038206279770  0.027652437889  0.023475974733  0.025550408993  0.025550408993  0.027630910522  0.027630910522  0.041543561110  0.015184776161  0.000000000000  0.123746323269  0.048701666346  
cyrtonyx_montezumae 0.121543708460  0.118858163244  0.163307284270  0.147874769557  0.136428378323  0.137598727479  0.150507707271  0.137598727479  0.137715117889  0.140178972531  0.140178972531  0.142651622524  0.141354625635  0.154622453772  0.127516051433  0.123746323269  0.000000000000  0.111644165286  
alectoris_rufa 0.048837510259  0.047691831894  0.093549222282  0.076470397572  0.067481716673  0.067437607523  0.074090049433  0.073096352642  0.068609530786  0.068656831833  0.068656831833  0.073047205752  0.073047205752  0.082290739926  0.059660003257  0.048701666346  0.111644165286  0.000000000000  

