18
cyrtonyx_montezumae 0.000000000000  0.020373815954  0.022441519536  0.022441519536  0.022441519536  0.024515479243  0.022441519536  0.031948704963  0.031948704963  0.027672772336  0.022441519536  0.037210690173  0.035063225418  0.028705303017  0.026617850051  0.026641876713  0.034089286191  0.042511939906  
phasianus_colchicus 0.020373815954  0.000000000000  0.008050524577  0.008050524577  0.008050524577  0.010077716222  0.008050524577  0.017275433170  0.017275433170  0.013141607264  0.008050524577  0.022422995363  0.020340305854  0.014157920729  0.012117964267  0.014179164363  0.017275433170  0.029717026556  
lophura_swinhoii 0.022441519536  0.008050524577  0.000000000000  0.000000000000  0.000000000000  0.002002906148  0.000000000000  0.009092267854  0.009092267854  0.005022900707  0.000000000000  0.014179164363  0.012126890735  0.006029283427  0.004013956637  0.006040821405  0.013193691143  0.024515479243  
lophura_nycthemera 0.022441519536  0.008050524577  0.000000000000  0.000000000000  0.000000000000  0.002002906148  0.000000000000  0.009092267854  0.009092267854  0.005022900707  0.000000000000  0.014179164363  0.012126890735  0.006029283427  0.004013956637  0.006040821405  0.013193691143  0.024515479243  
crossoptilon_crossoptilon 0.022441519536  0.008050524577  0.000000000000  0.000000000000  0.000000000000  0.002002906148  0.000000000000  0.009092267854  0.009092267854  0.005022900707  0.000000000000  0.014179164363  0.012126890735  0.006029283427  0.004013956637  0.006040821405  0.013193691143  0.024515479243  
tragopan_blythii 0.024515479243  0.010077716222  0.002002906148  0.002002906148  0.002002906148  0.000000000000  0.002002906148  0.011125086868  0.011125086868  0.007041542421  0.002002906148  0.016226742408  0.014167610667  0.008050524577  0.006029283427  0.008063532946  0.015240205550  0.026595734601  
lophura_inornata 0.022441519536  0.008050524577  0.000000000000  0.000000000000  0.000000000000  0.002002906148  0.000000000000  0.009092267854  0.009092267854  0.005022900707  0.000000000000  0.014179164363  0.012126890735  0.006029283427  0.004013956637  0.006040821405  0.013193691143  0.024515479243  
catreus_wallichi 0.031948704963  0.017275433170  0.009092267854  0.009092267854  0.009092267854  0.011125086868  0.009092267854  0.000000000000  0.000000000000  0.013177888889  0.009092267854  0.023533368195  0.019351647526  0.015223602750  0.013177888889  0.015258667635  0.022562501706  0.034055374941  
syrmaticus_ellioti 0.031948704963  0.017275433170  0.009092267854  0.009092267854  0.009092267854  0.011125086868  0.009092267854  0.000000000000  0.000000000000  0.013177888889  0.009092267854  0.023533368195  0.019351647526  0.015223602750  0.013177888889  0.015258667635  0.022562501706  0.034055374941  
pavo_cristatus 0.027672772336  0.013141607264  0.005022900707  0.005022900707  0.005022900707  0.007041542421  0.005022900707  0.013177888889  0.013177888889  0.000000000000  0.005022900707  0.019333418311  0.017259892796  0.011104292734  0.009072995370  0.011125086868  0.018351714665  0.028705303017  
syrmaticus_reevesii 0.022441519536  0.008050524577  0.000000000000  0.000000000000  0.000000000000  0.002002906148  0.000000000000  0.009092267854  0.009092267854  0.005022900707  0.000000000000  0.014179164363  0.012126890735  0.006029283427  0.004013956637  0.006040821405  0.013193691143  0.024515479243  
chrysolophus_pictus 0.037210690173  0.022422995363  0.014179164363  0.014179164363  0.014179164363  0.016226742408  0.014179164363  0.023533368195  0.023533368195  0.019333418311  0.014179164363  0.000000000000  0.017259892796  0.012126890735  0.010092210500  0.020393399037  0.027754762619  0.039333269440  
melgal2    0.035063225418  0.020340305854  0.012126890735  0.012126890735  0.012126890735  0.014167610667  0.012126890735  0.019351647526  0.019351647526  0.017259892796  0.012126890735  0.017259892796  0.000000000000  0.010084039515  0.008056109552  0.016240947721  0.025639059193  0.036104708213  
rollulus_rouloul 0.028705303017  0.014157920729  0.006029283427  0.006029283427  0.006029283427  0.008050524577  0.006029283427  0.015223602750  0.015223602750  0.011104292734  0.006029283427  0.012126890735  0.010084039515  0.000000000000  0.002002906148  0.012137671546  0.019371755103  0.030799141000  
lophophorus_impejanus 0.026617850051  0.012117964267  0.004013956637  0.004013956637  0.004013956637  0.006029283427  0.004013956637  0.013177888889  0.013177888889  0.009072995370  0.004013956637  0.010092210500  0.008056109552  0.002002906148  0.000000000000  0.010102226490  0.017312125461  0.028705303017  
perdix_dauuricae 0.026641876713  0.014179164363  0.006040821405  0.006040821405  0.006040821405  0.008063532946  0.006040821405  0.015258667635  0.015258667635  0.011125086868  0.006040821405  0.020393399037  0.016240947721  0.012137671546  0.010102226490  0.000000000000  0.019417595107  0.030852629291  
galgal4    0.034089286191  0.017275433170  0.013193691143  0.013193691143  0.013193691143  0.015240205550  0.013193691143  0.022562501706  0.022562501706  0.018351714665  0.013193691143  0.027754762619  0.025639059193  0.019371755103  0.017312125461  0.019417595107  0.000000000000  0.023468007252  
alectoris_rufa 0.042511939906  0.029717026556  0.024515479243  0.024515479243  0.024515479243  0.026595734601  0.024515479243  0.034055374941  0.034055374941  0.028705303017  0.024515479243  0.039333269440  0.036104708213  0.030799141000  0.028705303017  0.030852629291  0.023468007252  0.000000000000  

