18
cyrtonyx_montezumae 0.000000000000  0.009078798489  0.004017364302  0.008069862460  0.007040416300  0.008054484346  0.006028562593  0.011094426897  0.006028562593  0.013120289844  0.008049386596  0.006028562593  0.006028562593  0.006028562593  0.014163020564  0.009070776443  0.016233133551  0.019307951295  
galgal4    0.009078798489  0.000000000000  0.005022183708  0.009078798489  0.010081813405  0.011101379489  0.009064485710  0.014154185417  0.009064485710  0.018241976534  0.011094426897  0.009064485710  0.009064485710  0.009064485710  0.017239561440  0.012123193833  0.017252070430  0.022410986481  
pavo_cristatus 0.004017364302  0.005022183708  0.000000000000  0.004017364302  0.005018913576  0.006028562593  0.004011459660  0.009059929210  0.004011459660  0.013120289844  0.006025835206  0.004011459660  0.004011459660  0.004011459660  0.012115035266  0.007040416300  0.012123193833  0.017239561440  
rollulus_rouloul 0.008069862460  0.009078798489  0.004017364302  0.000000000000  0.009070776443  0.010089302369  0.008054484346  0.013137896499  0.008054484346  0.017219835615  0.010081813405  0.008054484346  0.008054484346  0.008054484346  0.016220097395  0.011110071965  0.016233133551  0.021385615158  
melgal2    0.007040416300  0.010081813405  0.005018913576  0.009070776443  0.000000000000  0.003009753289  0.001001080574  0.006028562593  0.001001080574  0.010072049572  0.003007116410  0.001001080574  0.001001080574  0.001001080574  0.011110071965  0.004017364302  0.011120501424  0.014173607117  
perdix_dauuricae 0.008054484346  0.011101379489  0.006028562593  0.010089302369  0.003009753289  0.000000000000  0.002004328535  0.007040416300  0.002004328535  0.011089217125  0.004013554722  0.002004328535  0.002004328535  0.002004328535  0.012133095138  0.005027171103  0.012144736289  0.015202226130  
syrmaticus_ellioti 0.006028562593  0.009064485710  0.004011459660  0.008054484346  0.001001080574  0.002004328535  0.000000000000  0.005018913576  0.000000000000  0.009057109900  0.002002859277  0.000000000000  0.000000000000  0.000000000000  0.010089302369  0.003009753289  0.010098525471  0.013147266374  
chrysolophus_pictus 0.011094426897  0.014154185417  0.009059929210  0.013137896499  0.006028562593  0.007040416300  0.005018913576  0.000000000000  0.005018913576  0.014141781124  0.007036506321  0.005018913576  0.005018913576  0.005018913576  0.013137896499  0.008054484346  0.015202226130  0.017266339585  
catreus_wallichi 0.006028562593  0.009064485710  0.004011459660  0.008054484346  0.001001080574  0.002004328535  0.000000000000  0.005018913576  0.000000000000  0.009057109900  0.002002859277  0.000000000000  0.000000000000  0.000000000000  0.010089302369  0.003009753289  0.010098525471  0.013147266374  
lophophorus_impejanus 0.013120289844  0.018241976534  0.013120289844  0.017219835615  0.010072049572  0.011089217125  0.009057109900  0.014141781124  0.009057109900  0.000000000000  0.007034324999  0.009057109900  0.009057109900  0.009057109900  0.019283289925  0.012108622362  0.019294734657  0.021343823078  
tragopan_blythii 0.008049386596  0.011094426897  0.006025835206  0.010081813405  0.003007116410  0.004013554722  0.002002859277  0.007036506321  0.002002859277  0.007034324999  0.000000000000  0.002002859277  0.002002859277  0.002002859277  0.012123193833  0.005022183708  0.012133095138  0.015190417496  
lophura_nycthemera 0.006028562593  0.009064485710  0.004011459660  0.008054484346  0.001001080574  0.002004328535  0.000000000000  0.005018913576  0.000000000000  0.009057109900  0.002002859277  0.000000000000  0.000000000000  0.000000000000  0.010089302369  0.003009753289  0.010098525471  0.013147266374  
phasianus_colchicus 0.006028562593  0.009064485710  0.004011459660  0.008054484346  0.001001080574  0.002004328535  0.000000000000  0.005018913576  0.000000000000  0.009057109900  0.002002859277  0.000000000000  0.000000000000  0.000000000000  0.010089302369  0.003009753289  0.010098525471  0.013147266374  
syrmaticus_reevesii 0.006028562593  0.009064485710  0.004011459660  0.008054484346  0.001001080574  0.002004328535  0.000000000000  0.005018913576  0.000000000000  0.009057109900  0.002002859277  0.000000000000  0.000000000000  0.000000000000  0.010089302369  0.003009753289  0.010098525471  0.013147266374  
lophura_swinhoii 0.014163020564  0.017239561440  0.012115035266  0.016220097395  0.011110071965  0.012133095138  0.010089302369  0.013137896499  0.010089302369  0.019283289925  0.012123193833  0.010089302369  0.010089302369  0.010089302369  0.000000000000  0.013158381861  0.020379852442  0.022427950904  
crossoptilon_crossoptilon 0.009070776443  0.012123193833  0.007040416300  0.011110071965  0.004017364302  0.005027171103  0.003009753289  0.008054484346  0.003009753289  0.012108622362  0.005022183708  0.003009753289  0.003009753289  0.003009753289  0.013158381861  0.000000000000  0.007046051996  0.010081813405  
lophura_inornata 0.016233133551  0.017252070430  0.012123193833  0.016233133551  0.011120501424  0.012144736289  0.010098525471  0.015202226130  0.010098525471  0.019294734657  0.012133095138  0.010098525471  0.010098525471  0.010098525471  0.020379852442  0.007046051996  0.000000000000  0.017252070430  
alectoris_rufa 0.019307951295  0.022410986481  0.017239561440  0.021385615158  0.014173607117  0.015202226130  0.013147266374  0.017266339585  0.013147266374  0.021343823078  0.015190417496  0.013147266374  0.013147266374  0.013147266374  0.022427950904  0.010081813405  0.017252070430  0.000000000000  

