18
cyrtonyx_montezumae 0.000000000000  0.009058523005  0.009058523005  0.022413731272  0.016194022847  0.017202900796  0.020284770243  0.022352504535  0.018230212119  0.017202900796  0.020279796267  0.019250369035  0.017202900796  0.022361426779  0.010074141288  0.013133860294  0.009058523005  0.013121552499  
pavo_cristatus 0.009058523005  0.000000000000  0.008052762735  0.021406767947  0.015184484019  0.016186960020  0.019266869059  0.021334747913  0.017214342710  0.016186960020  0.019259711013  0.018230212119  0.016186960020  0.021345845899  0.009068450769  0.012128380800  0.008052762735  0.012111800883  
galgal4    0.009058523005  0.008052762735  0.000000000000  0.013164517666  0.007039204033  0.008043590339  0.011084033271  0.013121552499  0.009055983753  0.008043590339  0.011082541975  0.010068093718  0.008043590339  0.013126891369  0.001001035627  0.004016639015  0.006027765752  0.011091897574  
melgal2    0.022413731272  0.021406767947  0.013164517666  0.000000000000  0.016225041929  0.019286143963  0.022384261947  0.024467809196  0.020321261425  0.019286143963  0.022372013595  0.021334747913  0.019286143963  0.024484036866  0.012139100319  0.015221900154  0.019327408360  0.024501925269  
tragopan_blythii 0.016194022847  0.015184484019  0.007039204033  0.016225041929  0.000000000000  0.013117846701  0.016181540642  0.018236236972  0.014138721206  0.013117846701  0.016177767765  0.015154803810  0.013117846701  0.018243913275  0.006027765752  0.009068450769  0.013133860294  0.018253237990  
lophura_inornata 0.017202900796  0.016186960020  0.008043590339  0.019286143963  0.013117846701  0.000000000000  0.003006918643  0.005021437312  0.001001035627  0.000000000000  0.003006085185  0.002003040608  0.000000000000  0.005026034616  0.007033312480  0.010070501600  0.014138721206  0.019259711013  
phasianus_colchicus 0.020284770243  0.019266869059  0.011084033271  0.022384261947  0.016181540642  0.003006918643  0.000000000000  0.008052762735  0.004013128710  0.003006918643  0.006025282624  0.005017042764  0.003006918643  0.008059042319  0.010068484730  0.013121552499  0.017207797269  0.022352504535  
lophura_swinhoii 0.022352504535  0.021334747913  0.013121552499  0.024467809196  0.018236236972  0.005021437312  0.008052762735  0.000000000000  0.006031853221  0.005021437312  0.008048092227  0.007035629504  0.005021437312  0.010094767289  0.012101719521  0.015167694999  0.019266869059  0.024429120309  
lophura_nycthemera 0.018230212119  0.017214342710  0.009055983753  0.020321261425  0.014138721206  0.001001035627  0.004013128710  0.006031853221  0.000000000000  0.001001035627  0.004011215099  0.003006085185  0.001001035627  0.006037542075  0.008043590339  0.011087152815  0.015161755925  0.020291406813  
syrmaticus_ellioti 0.017202900796  0.016186960020  0.008043590339  0.019286143963  0.013117846701  0.000000000000  0.003006918643  0.005021437312  0.001001035627  0.000000000000  0.003006085185  0.002003040608  0.000000000000  0.005026034616  0.007033312480  0.010070501600  0.014138721206  0.019259711013  
crossoptilon_crossoptilon 0.020279796267  0.019259711013  0.011082541975  0.022372013595  0.016177767765  0.003006085185  0.006025282624  0.008048092227  0.004011215099  0.003006085185  0.000000000000  0.005017251472  0.003006085185  0.008052762735  0.010068093718  0.013117846701  0.017202900796  0.022345249928  
chrysolophus_pictus 0.019250369035  0.018230212119  0.010068093718  0.021334747913  0.015154803810  0.002003040608  0.005017042764  0.007035629504  0.003006085185  0.002003040608  0.005017251472  0.000000000000  0.002003040608  0.007039204033  0.009055769604  0.012099123306  0.016177767765  0.021311420101  
catreus_wallichi 0.017202900796  0.016186960020  0.008043590339  0.019286143963  0.013117846701  0.000000000000  0.003006918643  0.005021437312  0.001001035627  0.000000000000  0.003006085185  0.002003040608  0.000000000000  0.005026034616  0.007033312480  0.010070501600  0.014138721206  0.019259711013  
syrmaticus_reevesii 0.022361426779  0.021345845899  0.013126891369  0.024484036866  0.018243913275  0.005026034616  0.008059042319  0.010094767289  0.006037542075  0.005026034616  0.008052762735  0.007039204033  0.005026034616  0.000000000000  0.012105946388  0.015175272031  0.019275681053  0.024440347915  
perdix_dauuricae 0.010074141288  0.009068450769  0.001001035627  0.012139100319  0.006027765752  0.007033312480  0.010068484730  0.012101719521  0.008043590339  0.007033312480  0.010068093718  0.009055769604  0.007033312480  0.012105946388  0.000000000000  0.003009346470  0.007039204033  0.012111800883  
lophophorus_impejanus 0.013133860294  0.012128380800  0.004016639015  0.015221900154  0.009068450769  0.010070501600  0.013121552499  0.015167694999  0.011087152815  0.010070501600  0.013117846701  0.012099123306  0.010070501600  0.015175272031  0.003009346470  0.000000000000  0.010086277100  0.014158084941  
rollulus_rouloul 0.009058523005  0.008052762735  0.006027765752  0.019327408360  0.013133860294  0.014138721206  0.017207797269  0.019266869059  0.015161755925  0.014138721206  0.017202900796  0.016177767765  0.014138721206  0.019275681053  0.007039204033  0.010086277100  0.000000000000  0.012111800883  
alectoris_rufa 0.013121552499  0.012111800883  0.011091897574  0.024501925269  0.018253237990  0.019259711013  0.022352504535  0.024429120309  0.020291406813  0.019259711013  0.022345249928  0.021311420101  0.019259711013  0.024440347915  0.012111800883  0.014158084941  0.012111800883  0.000000000000  

