18
cyrtonyx_montezumae 0.000000000000  0.043438088063  0.029647133655  0.033887429151  0.034927672557  0.037033508875  0.035969526355  0.035969526355  0.034889565840  0.033867081581  0.033867081581  0.032808741708  0.033848348211  0.038123048379  0.054260279842  0.032827961826  0.040215193307  0.032848790664  
pavo_cristatus 0.043438088063  0.000000000000  0.027579381876  0.029699534206  0.030734340150  0.032827961826  0.031770740841  0.031770740841  0.030698777190  0.029680467808  0.029680467808  0.028628818169  0.029662999932  0.033909387847  0.052135726681  0.028646771330  0.035990524233  0.034972245757  
galgal4    0.029647133655  0.027579381876  0.000000000000  0.016198594583  0.019280323678  0.021339017848  0.020303741325  0.020303741325  0.019262468535  0.018248258438  0.018248258438  0.017218324960  0.018239614513  0.020314529522  0.041339033329  0.017227468400  0.024444260402  0.027614661867  
rollulus_rouloul 0.033887429151  0.029699534206  0.016198594583  0.000000000000  0.019291606968  0.021350884869  0.020314529522  0.020314529522  0.019270609837  0.018258469590  0.018258469590  0.017227468400  0.018248258438  0.020326889405  0.043525319302  0.019304456648  0.026547890344  0.029742450416  
phasianus_colchicus 0.034927672557  0.030734340150  0.019280323678  0.019291606968  0.000000000000  0.006031046725  0.005020920137  0.005020920137  0.006027228415  0.003009061102  0.003009061102  0.002004021753  0.003006785276  0.013148706011  0.031834658931  0.008057459668  0.013148706011  0.026565219497  
lophura_nycthemera 0.037033508875  0.032827961826  0.021339017848  0.021350884869  0.006031046725  0.000000000000  0.001001004092  0.001001004092  0.008047231653  0.005020920137  0.005020920137  0.004012835735  0.005018126763  0.015190551352  0.033932954624  0.010084181564  0.015190551352  0.028646771330  
catreus_wallichi 0.035969526355  0.031770740841  0.020303741325  0.020314529522  0.005020920137  0.001001004092  0.000000000000  0.000000000000  0.007035060244  0.004012835735  0.004012835735  0.003006785276  0.004011063158  0.014163790329  0.032871225170  0.009066844562  0.014163790329  0.027596226485  
lophura_inornata 0.035969526355  0.031770740841  0.020303741325  0.020314529522  0.005020920137  0.001001004092  0.000000000000  0.000000000000  0.007035060244  0.004012835735  0.004012835735  0.003006785276  0.004011063158  0.014163790329  0.032871225170  0.009066844562  0.014163790329  0.027596226485  
crossoptilon_crossoptilon 0.034889565840  0.030698777190  0.019262468535  0.019270609837  0.006027228415  0.008047231653  0.007035060244  0.007035060244  0.000000000000  0.005018126763  0.005018126763  0.004011063158  0.005016860493  0.015180418117  0.031834658931  0.010077759247  0.015180418117  0.028628818169  
syrmaticus_ellioti 0.033867081581  0.029680467808  0.018248258438  0.018258469590  0.003009061102  0.005020920137  0.004012835735  0.004012835735  0.005018126763  0.000000000000  0.000000000000  0.001001004092  0.002002760570  0.012125103741  0.030776306696  0.007043223788  0.012125103741  0.025517981202  
syrmaticus_reevesii 0.033867081581  0.029680467808  0.018248258438  0.018258469590  0.003009061102  0.005020920137  0.004012835735  0.004012835735  0.005018126763  0.000000000000  0.000000000000  0.001001004092  0.002002760570  0.012125103741  0.030776306696  0.007043223788  0.012125103741  0.025517981202  
lophura_swinhoii 0.032808741708  0.028628818169  0.017218324960  0.017227468400  0.002004021753  0.004012835735  0.003006785276  0.003006785276  0.004011063158  0.001001004092  0.001001004092  0.000000000000  0.001000753475  0.011103598450  0.029720196080  0.006031046725  0.011103598450  0.024472937744  
chrysolophus_pictus 0.033848348211  0.029662999932  0.018239614513  0.018248258438  0.003006785276  0.005018126763  0.004011063158  0.004011063158  0.005016860493  0.002002760570  0.002002760570  0.001000753475  0.000000000000  0.011096132267  0.030754524497  0.007038376380  0.012116589414  0.025501753638  
perdix_dauuricae 0.038123048379  0.033909387847  0.020314529522  0.020326889405  0.013148706011  0.015190551352  0.014163790329  0.014163790329  0.015180418117  0.012125103741  0.012125103741  0.011103598450  0.011096132267  0.000000000000  0.035023261022  0.011112604395  0.018270244901  0.029720196080  
melgal2    0.054260279842  0.052135726681  0.041339033329  0.043525319302  0.031834658931  0.033932954624  0.032871225170  0.032871225170  0.031834658931  0.030776306696  0.030776306696  0.029720196080  0.030754524497  0.035023261022  0.000000000000  0.027634684990  0.034972245757  0.047833906142  
lophophorus_impejanus 0.032827961826  0.028646771330  0.017227468400  0.019304456648  0.008057459668  0.010084181564  0.009066844562  0.009066844562  0.010077759247  0.007043223788  0.007043223788  0.006031046725  0.007038376380  0.011112604395  0.027634684990  0.000000000000  0.007035060244  0.024489649103  
tragopan_blythii 0.040215193307  0.035990524233  0.024444260402  0.026547890344  0.013148706011  0.015190551352  0.014163790329  0.014163790329  0.015180418117  0.012125103741  0.012125103741  0.011103598450  0.012116589414  0.018270244901  0.034972245757  0.007035060244  0.000000000000  0.031790444610  
alectoris_rufa 0.032848790664  0.034972245757  0.027614661867  0.029742450416  0.026565219497  0.028646771330  0.027596226485  0.027596226485  0.028628818169  0.025517981202  0.025517981202  0.024472937744  0.025501753638  0.029720196080  0.047833906142  0.024489649103  0.031790444610  0.000000000000  

