18
lophophorus_impejanus 0.000000000000  0.003009596867  0.006032563399  0.006032563399  0.006032563399  0.009069875319  0.010088129552  0.007039948574  0.006032563399  0.007045406185  0.007045406185  0.008060432137  0.012142557173  0.010088129552  0.011108590369  0.030745326241  0.013128992729  0.011118703620  
melgal2    0.003009596867  0.000000000000  0.005021894409  0.005021894409  0.005021894409  0.008053818146  0.009069875319  0.006028257202  0.005021894409  0.006032563399  0.006032563399  0.007045406185  0.011118703620  0.009069875319  0.010088129552  0.029689880772  0.012107618756  0.010097071331  
perdix_dauuricae 0.006032563399  0.005021894409  0.000000000000  0.000000000000  0.000000000000  0.003007040631  0.004013389903  0.001000771076  0.000000000000  0.001001063293  0.001001063293  0.002004259213  0.006038552168  0.004013389903  0.005021894409  0.024461458782  0.007034100861  0.005026734091  
catreus_wallichi 0.006032563399  0.005021894409  0.000000000000  0.000000000000  0.000000000000  0.003007040631  0.004013389903  0.001000771076  0.000000000000  0.001001063293  0.001001063293  0.002004259213  0.006038552168  0.004013389903  0.005021894409  0.024461458782  0.007034100861  0.005026734091  
galgal4    0.006032563399  0.005021894409  0.000000000000  0.000000000000  0.000000000000  0.003007040631  0.004013389903  0.001000771076  0.000000000000  0.001001063293  0.001001063293  0.002004259213  0.006038552168  0.004013389903  0.005021894409  0.024461458782  0.007034100861  0.005026734091  
tragopan_blythii 0.009069875319  0.008053818146  0.003007040631  0.003007040631  0.003007040631  0.000000000000  0.007039948574  0.004011371762  0.003007040631  0.004013389903  0.004013389903  0.005021894409  0.009077650688  0.005018734691  0.006028257202  0.027586060197  0.010071492850  0.008060432137  
syrmaticus_ellioti 0.010088129552  0.009069875319  0.004013389903  0.004013389903  0.004013389903  0.007039948574  0.000000000000  0.005018734691  0.004013389903  0.005021894409  0.005021894409  0.006032563399  0.010097071331  0.008053818146  0.009069875319  0.028636795602  0.011088455312  0.009077650688  
chrysolophus_pictus 0.007039948574  0.006028257202  0.001000771076  0.001000771076  0.001000771076  0.004011371762  0.005018734691  0.000000000000  0.001000771076  0.002002837399  0.002002837399  0.003007040631  0.007045406185  0.005018734691  0.006028257202  0.025491596905  0.008044132989  0.006032563399  
syrmaticus_reevesii 0.006032563399  0.005021894409  0.000000000000  0.000000000000  0.000000000000  0.003007040631  0.004013389903  0.001000771076  0.000000000000  0.001001063293  0.001001063293  0.002004259213  0.006038552168  0.004013389903  0.005021894409  0.024461458782  0.007034100861  0.005026734091  
crossoptilon_crossoptilon 0.007045406185  0.006032563399  0.001001063293  0.001001063293  0.001001063293  0.004013389903  0.005021894409  0.002002837399  0.001001063293  0.000000000000  0.000000000000  0.001001063293  0.005026734091  0.003007040631  0.004013389903  0.025506432970  0.008045665561  0.006038552168  
lophura_inornata 0.007045406185  0.006032563399  0.001001063293  0.001001063293  0.001001063293  0.004013389903  0.005021894409  0.002002837399  0.001001063293  0.000000000000  0.000000000000  0.001001063293  0.005026734091  0.003007040631  0.004013389903  0.025506432970  0.008045665561  0.006038552168  
rollulus_rouloul 0.008060432137  0.007045406185  0.002004259213  0.002004259213  0.002004259213  0.005021894409  0.006032563399  0.003007040631  0.002004259213  0.001001063293  0.001001063293  0.000000000000  0.006038552168  0.004013389903  0.005021894409  0.026553731199  0.009059407914  0.007052548991  
phasianus_colchicus 0.012142557173  0.011118703620  0.006038552168  0.006038552168  0.006038552168  0.009077650688  0.010097071331  0.007045406185  0.006038552168  0.005026734091  0.005026734091  0.006038552168  0.000000000000  0.008060432137  0.009077650688  0.030766372771  0.013136342714  0.011130512734  
lophura_swinhoii 0.010088129552  0.009069875319  0.004013389903  0.004013389903  0.004013389903  0.005018734691  0.008053818146  0.005018734691  0.004013389903  0.003007040631  0.003007040631  0.004013389903  0.008060432137  0.000000000000  0.001001063293  0.026571556954  0.011088455312  0.009077650688  
lophura_nycthemera 0.011108590369  0.010088129552  0.005021894409  0.005021894409  0.005021894409  0.006028257202  0.009069875319  0.006028257202  0.005021894409  0.004013389903  0.004013389903  0.005021894409  0.009077650688  0.001001063293  0.000000000000  0.027622429032  0.012107618756  0.010097071331  
cyrtonyx_montezumae 0.030745326241  0.029689880772  0.024461458782  0.024461458782  0.024461458782  0.027586060197  0.028636795602  0.025491596905  0.024461458782  0.025506432970  0.025506432970  0.026553731199  0.030766372771  0.026571556954  0.027622429032  0.000000000000  0.031746896963  0.029709674079  
pavo_cristatus 0.013128992729  0.012107618756  0.007034100861  0.007034100861  0.007034100861  0.010071492850  0.011088455312  0.008044132989  0.007034100861  0.008045665561  0.008045665561  0.009059407914  0.013136342714  0.011088455312  0.012107618756  0.031746896963  0.000000000000  0.012113795169  
alectoris_rufa 0.011118703620  0.010097071331  0.005026734091  0.005026734091  0.005026734091  0.008060432137  0.009077650688  0.006032563399  0.005026734091  0.006038552168  0.006038552168  0.007052548991  0.011130512734  0.009077650688  0.010097071331  0.029709674079  0.012113795169  0.000000000000  

