18
cyrtonyx_montezumae 0.000000000000  0.319672469311  0.365307539528  0.365307539528  0.365307539528  0.365051989513  0.365566753069  0.363739396956  0.398092002204  0.366879134007  0.371090393835  0.367401003013  0.363998724612  0.378269530679  0.365566753069  0.363739396956  0.363483716353  0.371090393835  
rollulus_rouloul 0.319672469311  0.000000000000  0.337122533352  0.337122533352  0.337122533352  0.342115350321  0.342549368065  0.340803912209  0.357811310304  0.343860613101  0.347370045940  0.346059191253  0.342771614097  0.359611396218  0.342549368065  0.340803912209  0.335814270616  0.344301112587  
lophura_swinhoii 0.365307539528  0.337122533352  0.000000000000  0.000000000000  0.000000000000  0.008047928800  0.006031690955  0.005021332414  0.057468136052  0.008047928800  0.016201897209  0.012118731942  0.010085851928  0.032822482935  0.006031690955  0.005021332414  0.019266092285  0.018243109511  
lophura_nycthemera 0.365307539528  0.337122533352  0.000000000000  0.000000000000  0.000000000000  0.008047928800  0.006031690955  0.005021332414  0.057468136052  0.008047928800  0.016201897209  0.012118731942  0.010085851928  0.032822482935  0.006031690955  0.005021332414  0.019266092285  0.018243109511  
lophura_inornata 0.365307539528  0.337122533352  0.000000000000  0.000000000000  0.000000000000  0.008047928800  0.006031690955  0.005021332414  0.057468136052  0.008047928800  0.016201897209  0.012118731942  0.010085851928  0.032822482935  0.006031690955  0.005021332414  0.019266092285  0.018243109511  
phasianus_colchicus 0.365051989513  0.342115350321  0.008047928800  0.008047928800  0.008047928800  0.000000000000  0.004011195137  0.003006090400  0.055234981290  0.006024427789  0.014143140718  0.010073909863  0.008047928800  0.030693931876  0.004011195137  0.003006090400  0.021324389821  0.020298751404  
catreus_wallichi 0.365566753069  0.342549368065  0.006031690955  0.006031690955  0.006031690955  0.004011195137  0.000000000000  0.001001029780  0.053102641378  0.004011195137  0.012111369144  0.008052521715  0.006031690955  0.028622651509  0.002004124786  0.001001029780  0.019274706882  0.018252250771  
crossoptilon_crossoptilon 0.363739396956  0.340803912209  0.005021332414  0.005021332414  0.005021332414  0.003006090400  0.001001029780  0.000000000000  0.052008735555  0.003006090400  0.011091572254  0.007039036530  0.005021332414  0.027573311474  0.001001029780  0.000000000000  0.018243109511  0.017221712968  
pavo_cristatus 0.398092002204  0.357811310304  0.057468136052  0.057468136052  0.057468136052  0.055234981290  0.053102641378  0.052008735555  0.000000000000  0.048796487262  0.062905200878  0.055297864278  0.055331977370  0.079728074019  0.053102641378  0.052008735555  0.071758723386  0.069544060855  
lophophorus_impejanus 0.366879134007  0.343860613101  0.008047928800  0.008047928800  0.008047928800  0.006024427789  0.004011195137  0.003006090400  0.048796487262  0.000000000000  0.014143140718  0.008044952967  0.008047928800  0.030693931876  0.004011195137  0.003006090400  0.021324389821  0.019266092285  
chrysolophus_pictus 0.371090393835  0.347370045940  0.016201897209  0.016201897209  0.016201897209  0.014143140718  0.012111369144  0.011091572254  0.062905200878  0.014143140718  0.000000000000  0.015167167113  0.013126470457  0.035946735028  0.012111369144  0.011091572254  0.029642392329  0.025469275165  
perdix_dauuricae 0.367401003013  0.346059191253  0.012118731942  0.012118731942  0.012118731942  0.010073909863  0.008052521715  0.007039036530  0.055297864278  0.008044952967  0.015167167113  0.000000000000  0.002002793432  0.024438811530  0.008052521715  0.007039036530  0.025481401166  0.024451461348  
syrmaticus_ellioti 0.363998724612  0.342771614097  0.010085851928  0.010085851928  0.010085851928  0.008047928800  0.006031690955  0.005021332414  0.055331977370  0.008047928800  0.013126470457  0.002002793432  0.000000000000  0.022370672840  0.006031690955  0.005021332414  0.023409953969  0.022382696951  
galgal4    0.378269530679  0.359611396218  0.032822482935  0.032822482935  0.032822482935  0.030693931876  0.028622651509  0.027573311474  0.079728074019  0.030693931876  0.035946735028  0.024438811530  0.022370672840  0.000000000000  0.028622651509  0.027573311474  0.044441095044  0.043387378072  
syrmaticus_reevesii 0.365566753069  0.342549368065  0.006031690955  0.006031690955  0.006031690955  0.004011195137  0.002004124786  0.001001029780  0.053102641378  0.004011195137  0.012111369144  0.008052521715  0.006031690955  0.028622651509  0.000000000000  0.001001029780  0.019274706882  0.018252250771  
tragopan_blythii 0.363739396956  0.340803912209  0.005021332414  0.005021332414  0.005021332414  0.003006090400  0.001001029780  0.000000000000  0.052008735555  0.003006090400  0.011091572254  0.007039036530  0.005021332414  0.027573311474  0.001001029780  0.000000000000  0.018243109511  0.017221712968  
melgal2    0.363483716353  0.335814270616  0.019266092285  0.019266092285  0.019266092285  0.021324389821  0.019274706882  0.018243109511  0.071758723386  0.021324389821  0.029642392329  0.025481401166  0.023409953969  0.044441095044  0.019274706882  0.018243109511  0.000000000000  0.025510682147  
alectoris_rufa 0.371090393835  0.344301112587  0.018243109511  0.018243109511  0.018243109511  0.020298751404  0.018252250771  0.017221712968  0.069544060855  0.019266092285  0.025469275165  0.024451461348  0.022382696951  0.043387378072  0.018252250771  0.017221712968  0.025510682147  0.000000000000  

