18
lophura_nycthemera 0.000000000000  0.000000000000  0.000000000000  0.000000000000  0.005025462342  0.006027373693  0.030805693445  0.030858223951  0.003006821329  0.002002769770  0.006031272317  0.006031272317  0.006031272317  0.005021064239  0.013149817859  0.006031272317  0.006027373693  0.004011100126  
chrysolophus_pictus 0.000000000000  0.000000000000  0.000000000000  0.000000000000  0.005025462342  0.006027373693  0.030805693445  0.030858223951  0.003006821329  0.002002769770  0.006031272317  0.006031272317  0.006031272317  0.005021064239  0.013149817859  0.006031272317  0.006027373693  0.004011100126  
lophura_swinhoii 0.000000000000  0.000000000000  0.000000000000  0.000000000000  0.005025462342  0.006027373693  0.030805693445  0.030858223951  0.003006821329  0.002002769770  0.006031272317  0.006031272317  0.006031272317  0.005021064239  0.013149817859  0.006031272317  0.006027373693  0.004011100126  
syrmaticus_ellioti 0.000000000000  0.000000000000  0.000000000000  0.000000000000  0.005025462342  0.006027373693  0.030805693445  0.030858223951  0.003006821329  0.002002769770  0.006031272317  0.006031272317  0.006031272317  0.005021064239  0.013149817859  0.006031272317  0.006027373693  0.004011100126  
lophura_inornata 0.005025462342  0.005025462342  0.005025462342  0.005025462342  0.000000000000  0.011104339102  0.036128512720  0.036192664857  0.008057903920  0.007043549380  0.009074344482  0.009074344482  0.009074344482  0.008057903920  0.016233996353  0.009074344482  0.011104339102  0.009067290661  
galgal4    0.006027373693  0.006027373693  0.006027373693  0.006027373693  0.011104339102  0.000000000000  0.024531974919  0.026681538079  0.005021064239  0.004012916706  0.008057903920  0.008057903920  0.008057903920  0.007043549380  0.015203797001  0.008057903920  0.008051906150  0.006027373693  
cyrtonyx_montezumae 0.030805693445  0.030805693445  0.030805693445  0.030805693445  0.036128512720  0.024531974919  0.000000000000  0.037232431159  0.029772288536  0.028715686656  0.032955714705  0.032955714705  0.032955714705  0.031892292809  0.040428429943  0.030831154014  0.030805693445  0.030805693445  
rollulus_rouloul 0.030858223951  0.030858223951  0.030858223951  0.030858223951  0.036192664857  0.026681538079  0.037232431159  0.000000000000  0.029825735449  0.028766843939  0.030886900388  0.030886900388  0.030886900388  0.029825735449  0.034051974699  0.033016089751  0.030858223951  0.030858223951  
crossoptilon_crossoptilon 0.003006821329  0.003006821329  0.003006821329  0.003006821329  0.008057903920  0.005021064239  0.029772288536  0.029825735449  0.000000000000  0.001001012986  0.005025462342  0.005025462342  0.005025462342  0.004016273765  0.012136268542  0.005025462342  0.005021064239  0.003006821329  
tragopan_blythii 0.002002769770  0.002002769770  0.002002769770  0.002002769770  0.007043549380  0.004012916706  0.028715686656  0.028766843939  0.001001012986  0.000000000000  0.004016273765  0.004016273765  0.004016273765  0.003009141581  0.011113518116  0.004016273765  0.004012916706  0.002002769770  
perdix_dauuricae 0.006031272317  0.006031272317  0.006031272317  0.006031272317  0.009074344482  0.008057903920  0.032955714705  0.030886900388  0.005025462342  0.004016273765  0.000000000000  0.002004057425  0.002004057425  0.001001012986  0.009074344482  0.008065450830  0.008057903920  0.006031272317  
lophophorus_impejanus 0.006031272317  0.006031272317  0.006031272317  0.006031272317  0.009074344482  0.008057903920  0.032955714705  0.030886900388  0.005025462342  0.004016273765  0.002004057425  0.000000000000  0.000000000000  0.001001012986  0.009074344482  0.008065450830  0.008057903920  0.006031272317  
syrmaticus_reevesii 0.006031272317  0.006031272317  0.006031272317  0.006031272317  0.009074344482  0.008057903920  0.032955714705  0.030886900388  0.005025462342  0.004016273765  0.002004057425  0.000000000000  0.000000000000  0.001001012986  0.009074344482  0.008065450830  0.008057903920  0.006031272317  
phasianus_colchicus 0.005021064239  0.005021064239  0.005021064239  0.005021064239  0.008057903920  0.007043549380  0.031892292809  0.029825735449  0.004016273765  0.003009141581  0.001001012986  0.001001012986  0.001001012986  0.000000000000  0.008057903920  0.007050042382  0.007043549380  0.005021064239  
melgal2    0.013149817859  0.013149817859  0.013149817859  0.013149817859  0.016233996353  0.015203797001  0.040428429943  0.034051974699  0.012136268542  0.011113518116  0.009074344482  0.009074344482  0.009074344482  0.008057903920  0.000000000000  0.015217279530  0.015203797001  0.013149817859  
catreus_wallichi 0.006031272317  0.006031272317  0.006031272317  0.006031272317  0.009074344482  0.008057903920  0.030831154014  0.033016089751  0.005025462342  0.004016273765  0.008065450830  0.008065450830  0.008065450830  0.007050042382  0.015217279530  0.000000000000  0.006031272317  0.006031272317  
pavo_cristatus 0.006027373693  0.006027373693  0.006027373693  0.006027373693  0.011104339102  0.008051906150  0.030805693445  0.030858223951  0.005021064239  0.004012916706  0.008057903920  0.008057903920  0.008057903920  0.007043549380  0.015203797001  0.006031272317  0.000000000000  0.006027373693  
alectoris_rufa 0.004011100126  0.004011100126  0.004011100126  0.004011100126  0.009067290661  0.006027373693  0.030805693445  0.030858223951  0.003006821329  0.002002769770  0.006031272317  0.006031272317  0.006031272317  0.005021064239  0.013149817859  0.006031272317  0.006027373693  0.000000000000  

