18
cyrtonyx_montezumae 0.000000000000  0.078688220009  0.102814524066  0.097993132142  0.097821863538  0.104763575500  0.096644909266  0.103519026342  0.101256598091  0.108684193291  0.106016027245  0.102499271930  0.096644909266  0.102814524066  0.088887218057  0.078538932996  0.084293085033  0.079837792583  
rollulus_rouloul 0.078688220009  0.000000000000  0.083190304010  0.085452142698  0.089941202711  0.099177385347  0.086451882494  0.090897352393  0.090999812384  0.100428474439  0.095691260713  0.093396867839  0.086451882494  0.092666024425  0.073075746584  0.064099129647  0.067464551772  0.071006716506  
galgal4    0.102814524066  0.083190304010  0.000000000000  0.085566733006  0.091227600379  0.095751189031  0.087721243043  0.092168432289  0.087612205705  0.104011959698  0.094632976087  0.094695262917  0.087721243043  0.092530243056  0.076500388807  0.066429700926  0.070953822947  0.073287432999  
pavo_cristatus 0.097993132142  0.085452142698  0.085566733006  0.000000000000  0.088722193034  0.097934105786  0.085245482899  0.089687480059  0.089783250263  0.097877015203  0.095633254594  0.090999812384  0.085245482899  0.103027036693  0.076447880103  0.069675086291  0.070805995797  0.070953822947  
lophura_nycthemera 0.097821863538  0.089941202711  0.091227600379  0.088722193034  0.000000000000  0.008047963908  0.003009304856  0.011091645894  0.007039081226  0.021357454742  0.012127898070  0.009075529384  0.003009304856  0.059683836885  0.049919187038  0.050979399217  0.052073544799  0.074214612659  
phasianus_colchicus 0.104763575500  0.099177385347  0.095751189031  0.097934105786  0.008047963908  0.000000000000  0.011097948376  0.019274924936  0.015174761198  0.029675004035  0.020333388069  0.017243003809  0.011097948376  0.066257800738  0.057505969543  0.059683836885  0.060794135268  0.083245685565  
chrysolophus_pictus 0.096644909266  0.086451882494  0.087721243043  0.085245482899  0.003009304856  0.011097948376  0.000000000000  0.008044942109  0.004011192384  0.018252496903  0.009068213361  0.006031734438  0.000000000000  0.056368092176  0.046655020008  0.047711676431  0.050979399217  0.070805995797  
catreus_wallichi 0.103519026342  0.090897352393  0.092168432289  0.089687480059  0.011091645894  0.019274924936  0.008044942109  0.000000000000  0.012101511491  0.026513314003  0.017221907009  0.014149579248  0.008044942109  0.061763413080  0.053074833483  0.054140578083  0.057437456231  0.077442767009  
syrmaticus_reevesii 0.101256598091  0.090999812384  0.087612205705  0.089783250263  0.007039081226  0.015174761198  0.004011192384  0.012101511491  0.000000000000  0.022370979558  0.013133453039  0.010079156987  0.004011192384  0.059613695914  0.050948406937  0.052010778387  0.055300425564  0.075255740463  
syrmaticus_ellioti 0.108684193291  0.100428474439  0.104011959698  0.097877015203  0.021357454742  0.029675004035  0.018252496903  0.026513314003  0.022370979558  0.000000000000  0.027590115787  0.022383099954  0.018252496903  0.076301377733  0.060794135268  0.064099129647  0.065218347585  0.085508501998  
crossoptilon_crossoptilon 0.106016027245  0.095691260713  0.094632976087  0.095633254594  0.012127898070  0.020333388069  0.009068213361  0.017221907009  0.013133453039  0.027590115787  0.000000000000  0.015194622849  0.009068213361  0.066298074385  0.054234450509  0.057505969543  0.060833181786  0.078688220009  
lophura_swinhoii 0.102499271930  0.093396867839  0.094695262917  0.090999812384  0.009075529384  0.017243003809  0.006031734438  0.014149579248  0.010079156987  0.022383099954  0.015194622849  0.000000000000  0.006031734438  0.062982485265  0.053170161160  0.054234450509  0.057542881342  0.076447880103  
lophura_inornata 0.096644909266  0.086451882494  0.087721243043  0.085245482899  0.003009304856  0.011097948376  0.000000000000  0.008044942109  0.004011192384  0.018252496903  0.009068213361  0.006031734438  0.000000000000  0.056368092176  0.046655020008  0.047711676431  0.050979399217  0.070805995797  
perdix_dauuricae 0.102814524066  0.092666024425  0.092530243056  0.103027036693  0.059683836885  0.066257800738  0.056368092176  0.061763413080  0.059613695914  0.076301377733  0.066298074385  0.062982485265  0.056368092176  0.000000000000  0.059845433327  0.060916606654  0.064274716377  0.087057787130  
melgal2    0.088887218057  0.073075746584  0.076500388807  0.076447880103  0.049919187038  0.057505969543  0.046655020008  0.053074833483  0.050948406937  0.060794135268  0.054234450509  0.053170161160  0.046655020008  0.059845433327  0.000000000000  0.036033471355  0.039244200531  0.062175798339  
lophophorus_impejanus 0.078538932996  0.064099129647  0.066429700926  0.069675086291  0.050979399217  0.059683836885  0.047711676431  0.054140578083  0.052010778387  0.064099129647  0.057505969543  0.054234450509  0.047711676431  0.060916606654  0.036033471355  0.000000000000  0.027627570202  0.054426006508  
tragopan_blythii 0.084293085033  0.067464551772  0.070953822947  0.070805995797  0.052073544799  0.060794135268  0.050979399217  0.057437456231  0.055300425564  0.065218347585  0.060833181786  0.057542881342  0.050979399217  0.064274716377  0.039244200531  0.027627570202  0.000000000000  0.057753872794  
alectoris_rufa 0.079837792583  0.071006716506  0.073287432999  0.070953822947  0.074214612659  0.083245685565  0.070805995797  0.077442767009  0.075255740463  0.085508501998  0.078688220009  0.076447880103  0.070805995797  0.087057787130  0.062175798339  0.054426006508  0.057753872794  0.000000000000  

