18
pavo_cristatus 0.000000000000  0.043861354217  0.033023494905  0.042595701505  0.043726520205  0.043726520205  0.044864992332  0.044864992332  0.042720130346  0.048271814859  0.043769482460  0.044864992332  0.047016708032  0.037288810061  0.044911434382  0.052667466709  0.027789699529  0.065796813643  
rollulus_rouloul 0.043861354217  0.000000000000  0.018332780397  0.028734818741  0.030887368878  0.030887368878  0.031986976222  0.031986976222  0.029885079687  0.035287185125  0.030918781239  0.034131121480  0.034095431475  0.022486864666  0.035246170378  0.047165077913  0.051608706106  0.097412373984  
lophophorus_impejanus 0.033023494905  0.018332780397  0.000000000000  0.010078394116  0.012127735105  0.012127735105  0.013164845704  0.013164845704  0.011125696541  0.016295971932  0.012138451340  0.015224793510  0.015210128411  0.004014048769  0.016276235589  0.035169967108  0.040582076688  0.088947758659  
melgal2    0.042595701505  0.028734818741  0.010078394116  0.000000000000  0.022409468304  0.022409468304  0.023471221804  0.023471221804  0.021400207295  0.026671563701  0.022425962987  0.025569164621  0.025548574329  0.014159203584  0.025642417503  0.044778072833  0.050281487158  0.098232448932  
lophura_nycthemera 0.043726520205  0.030887368878  0.012127735105  0.022409468304  0.000000000000  0.000000000000  0.011091771271  0.011091771271  0.009061663067  0.014180280035  0.012111891491  0.015186417303  0.015177377003  0.016228257353  0.028790084504  0.048118887987  0.051441970783  0.100773735599  
lophura_inornata 0.043726520205  0.030887368878  0.012127735105  0.022409468304  0.000000000000  0.000000000000  0.011091771271  0.011091771271  0.009061663067  0.014180280035  0.012111891491  0.015186417303  0.015177377003  0.016228257353  0.028790084504  0.048118887987  0.051441970783  0.100773735599  
catreus_wallichi 0.044864992332  0.031986976222  0.013164845704  0.023471221804  0.011091771271  0.011091771271  0.000000000000  0.000000000000  0.010084652682  0.015224793510  0.013142658194  0.016228257353  0.014159203584  0.017277032596  0.029885079687  0.049274315004  0.052610337724  0.102105923867  
crossoptilon_crossoptilon 0.044864992332  0.031986976222  0.013164845704  0.023471221804  0.011091771271  0.011091771271  0.000000000000  0.000000000000  0.010084652682  0.015224793510  0.013142658194  0.016228257353  0.014159203584  0.017277032596  0.029885079687  0.049274315004  0.052610337724  0.102105923867  
lophura_swinhoii 0.042720130346  0.029885079687  0.011125696541  0.021400207295  0.009061663067  0.009061663067  0.010084652682  0.010084652682  0.000000000000  0.013178734635  0.011105016537  0.014180280035  0.014168806036  0.015224793510  0.027789699529  0.047113627362  0.050437571959  0.099754989011  
phasianus_colchicus 0.048271814859  0.035287185125  0.016295971932  0.026671563701  0.014180280035  0.014180280035  0.015224793510  0.015224793510  0.013178734635  0.000000000000  0.016258369205  0.019373638620  0.019353621759  0.020440204420  0.031024578847  0.052726610037  0.056097341561  0.106041817056  
syrmaticus_ellioti 0.043769482460  0.030918781239  0.012138451340  0.022425962987  0.012111891491  0.012111891491  0.013142658194  0.013142658194  0.011105016537  0.016258369205  0.000000000000  0.015197335396  0.015186417303  0.016242375531  0.028820600261  0.047064169902  0.051495537576  0.100876957566  
chrysolophus_pictus 0.044864992332  0.034131121480  0.015224793510  0.025569164621  0.015186417303  0.015186417303  0.016228257353  0.016228257353  0.014180280035  0.019373638620  0.015197335396  0.000000000000  0.018282421833  0.019353621759  0.032021739866  0.049274315004  0.054848386287  0.102105923867  
syrmaticus_reevesii 0.047016708032  0.034095431475  0.015210128411  0.025548574329  0.015177377003  0.015177377003  0.014159203584  0.014159203584  0.014168806036  0.019353621759  0.015186417303  0.018282421833  0.000000000000  0.019335490772  0.031986976222  0.051441970783  0.054790159725  0.104465240988  
perdix_dauuricae 0.037288810061  0.022486864666  0.004014048769  0.014159203584  0.016228257353  0.016228257353  0.017277032596  0.017277032596  0.015224793510  0.020440204420  0.016242375531  0.019353621759  0.019335490772  0.000000000000  0.020416947212  0.038369762069  0.044911434382  0.093668266371  
tragopan_blythii 0.044911434382  0.035246170378  0.016276235589  0.025642417503  0.028790084504  0.028790084504  0.029885079687  0.029885079687  0.027789699529  0.031024578847  0.028820600261  0.032021739866  0.031986976222  0.020416947212  0.000000000000  0.051551116827  0.054908638296  0.104685283108  
cyrtonyx_montezumae 0.052667466709  0.047165077913  0.035169967108  0.044778072833  0.048118887987  0.048118887987  0.049274315004  0.049274315004  0.047113627362  0.052726610037  0.047064169902  0.049274315004  0.051441970783  0.038369762069  0.051551116827  0.000000000000  0.060561660054  0.109671044336  
galgal4    0.027789699529  0.051608706106  0.040582076688  0.050281487158  0.051441970783  0.051441970783  0.052610337724  0.052610337724  0.050437571959  0.056097341561  0.051495537576  0.054848386287  0.054790159725  0.044911434382  0.054908638296  0.060561660054  0.000000000000  0.083253825711  
alectoris_rufa 0.065796813643  0.097412373984  0.088947758659  0.098232448932  0.100773735599  0.100773735599  0.102105923867  0.102105923867  0.099754989011  0.106041817056  0.100876957566  0.102105923867  0.104465240988  0.093668266371  0.104685283108  0.109671044336  0.083253825711  0.000000000000  

