18
lophophorus_impejanus 0.000000000000  0.016207841450  0.023415311184  0.019270182029  0.019270182029  0.022354759865  0.019270182029  0.019270182029  0.020303246394  0.019270182029  0.027563179073  0.027563179073  0.022375802065  0.029631876330  0.021350252651  0.014154439817  0.041394488093  0.016198253293  
melgal2    0.016207841450  0.000000000000  0.021363621610  0.017227065839  0.017227065839  0.020303246394  0.017227065839  0.017227065839  0.018258000147  0.017227065839  0.025500836941  0.023415311184  0.018258000147  0.035967823106  0.027613436643  0.020340123814  0.046811752058  0.022403131208  
syrmaticus_reevesii 0.023415311184  0.021363621610  0.000000000000  0.004016089544  0.004016089544  0.007038308479  0.004016089544  0.004016089544  0.005025173717  0.004016089544  0.014174033943  0.016231662622  0.011122832957  0.043385752678  0.034947356588  0.027595099987  0.052168198107  0.029679210161  
lophura_swinhoii 0.019270182029  0.017227065839  0.004016089544  0.000000000000  0.000000000000  0.003006022924  0.000000000000  0.000000000000  0.001001001564  0.000000000000  0.010084012407  0.012124840162  0.007049473600  0.039103016323  0.030714479712  0.023415311184  0.047796504402  0.025486275062  
tragopan_blythii 0.019270182029  0.017227065839  0.004016089544  0.000000000000  0.000000000000  0.003006022924  0.000000000000  0.000000000000  0.001001001564  0.000000000000  0.010084012407  0.012124840162  0.007049473600  0.039103016323  0.030714479712  0.023415311184  0.047796504402  0.025486275062  
phasianus_colchicus 0.022354759865  0.020303246394  0.007038308479  0.003006022924  0.003006022924  0.000000000000  0.003006022924  0.003006022924  0.004011049093  0.003006022924  0.013130893430  0.015180086279  0.010084012407  0.042270820033  0.033846905345  0.026517144770  0.051002228932  0.028596730607  
catreus_wallichi 0.019270182029  0.017227065839  0.004016089544  0.000000000000  0.000000000000  0.003006022924  0.000000000000  0.000000000000  0.001001001564  0.000000000000  0.010084012407  0.012124840162  0.007049473600  0.039103016323  0.030714479712  0.023415311184  0.047796504402  0.025486275062  
crossoptilon_crossoptilon 0.019270182029  0.017227065839  0.004016089544  0.000000000000  0.000000000000  0.003006022924  0.000000000000  0.000000000000  0.001001001564  0.000000000000  0.010084012407  0.012124840162  0.007049473600  0.039103016323  0.030714479712  0.023415311184  0.047796504402  0.025486275062  
chrysolophus_pictus 0.020303246394  0.018258000147  0.005025173717  0.001001001564  0.001001001564  0.004011049093  0.001001001564  0.001001001564  0.000000000000  0.001001001564  0.011103384803  0.013148387014  0.008064705908  0.040170265447  0.031769343424  0.024456986461  0.048885848791  0.026531216313  
lophura_inornata 0.019270182029  0.017227065839  0.004016089544  0.000000000000  0.000000000000  0.003006022924  0.000000000000  0.000000000000  0.001001001564  0.000000000000  0.010084012407  0.012124840162  0.007049473600  0.039103016323  0.030714479712  0.023415311184  0.047796504402  0.025486275062  
lophura_nycthemera 0.027563179073  0.025500836941  0.014174033943  0.010084012407  0.010084012407  0.013130893430  0.010084012407  0.010084012407  0.011103384803  0.010084012407  0.000000000000  0.020340123814  0.015201789582  0.047653076782  0.038097777864  0.031769343424  0.056496896513  0.033865535667  
syrmaticus_ellioti 0.027563179073  0.023415311184  0.016231662622  0.012124840162  0.012124840162  0.015180086279  0.012124840162  0.012124840162  0.013148387014  0.012124840162  0.020340123814  0.000000000000  0.007038308479  0.047653076782  0.039166168247  0.031769343424  0.056496896513  0.033865535667  
perdix_dauuricae 0.022375802065  0.018258000147  0.011122832957  0.007049473600  0.007049473600  0.010084012407  0.007049473600  0.007049473600  0.008064705908  0.007049473600  0.015201789582  0.007038308479  0.000000000000  0.041239798009  0.033885772378  0.026546871730  0.051071685195  0.028627674644  
cyrtonyx_montezumae 0.029631876330  0.035967823106  0.043385752678  0.039103016323  0.039103016323  0.042270820033  0.039103016323  0.039103016323  0.040170265447  0.039103016323  0.047653076782  0.047653076782  0.041239798009  0.000000000000  0.036992486489  0.029631876330  0.057525782033  0.030668621689  
galgal4    0.021350252651  0.027613436643  0.034947356588  0.030714479712  0.030714479712  0.033846905345  0.030714479712  0.030714479712  0.031769343424  0.030714479712  0.038097777864  0.039166168247  0.033885772378  0.036992486489  0.000000000000  0.021350252651  0.045656172672  0.019270182029  
pavo_cristatus 0.014154439817  0.020340123814  0.027595099987  0.023415311184  0.023415311184  0.026517144770  0.023415311184  0.023415311184  0.024456986461  0.023415311184  0.031769343424  0.031769343424  0.026546871730  0.029631876330  0.021350252651  0.000000000000  0.030822793984  0.016198253293  
rollulus_rouloul 0.041394488093  0.046811752058  0.052168198107  0.047796504402  0.047796504402  0.051002228932  0.047796504402  0.047796504402  0.048885848791  0.047796504402  0.056496896513  0.056496896513  0.051071685195  0.057525782033  0.045656172672  0.030822793984  0.000000000000  0.041364645258  
alectoris_rufa 0.016198253293  0.022403131208  0.029679210161  0.025486275062  0.025486275062  0.028596730607  0.025486275062  0.025486275062  0.026531216313  0.025486275062  0.033865535667  0.033865535667  0.028627674644  0.030668621689  0.019270182029  0.016198253293  0.041364645258  0.000000000000  

