18
cyrtonyx_montezumae 0.000000000000  0.035961127661  0.076322104633  0.053092801710  0.055286936870  0.058560918223  0.053092801710  0.053092801710  0.055254972341  0.054188640065  0.053092801710  0.053092801710  0.058526900803  0.051919993999  0.053035629630  0.051875755667  0.062927308193  0.055254972341  
rollulus_rouloul 0.035961127661  0.000000000000  0.048849043223  0.027604230848  0.029709252278  0.032860456649  0.027604230848  0.027604230848  0.030744109796  0.028655610159  0.027604230848  0.027604230848  0.032800218114  0.030706952855  0.029671111323  0.030676425999  0.037069526151  0.028636872472  
pavo_cristatus 0.076322104633  0.048849043223  0.000000000000  0.045683667897  0.047861096594  0.051106491742  0.044598574548  0.044598574548  0.047825829761  0.045683667897  0.044598574548  0.044598574548  0.052094423432  0.047760409258  0.044537132650  0.045536696908  0.055356087198  0.043485534400  
lophura_inornata 0.053092801710  0.027604230848  0.045683667897  0.000000000000  0.002004096470  0.005021221078  0.001001022720  0.001001022720  0.004013005389  0.002004096470  0.001001022720  0.001001022720  0.019308847554  0.016200970719  0.019308847554  0.021342935168  0.032838716512  0.022409616061  
chrysolophus_pictus 0.055286936870  0.029709252278  0.047861096594  0.002004096470  0.000000000000  0.007043902987  0.003009229672  0.003009229672  0.006031517409  0.004016430800  0.003009229672  0.003009229672  0.021385001540  0.018261782780  0.021385001540  0.023421148648  0.034961897264  0.024496786163  
lophura_nycthemera 0.058560918223  0.032860456649  0.051106491742  0.005021221078  0.007043902987  0.000000000000  0.006031517409  0.006031517409  0.009067777226  0.007043902987  0.006031517409  0.006031517409  0.024496786163  0.021355335322  0.023452088816  0.025492926317  0.038138041164  0.027623457095  
crossoptilon_crossoptilon 0.053092801710  0.027604230848  0.044598574548  0.001001022720  0.003009229672  0.006031517409  0.000000000000  0.000000000000  0.003006861790  0.001001022720  0.000000000000  0.000000000000  0.018274063013  0.015173808728  0.018274063013  0.020307127405  0.031780569211  0.021369358444  
catreus_wallichi 0.053092801710  0.027604230848  0.044598574548  0.001001022720  0.003009229672  0.006031517409  0.000000000000  0.000000000000  0.003006861790  0.001001022720  0.000000000000  0.000000000000  0.018274063013  0.015173808728  0.018274063013  0.020307127405  0.031780569211  0.021369358444  
syrmaticus_reevesii 0.055254972341  0.030744109796  0.047825829761  0.004013005389  0.006031517409  0.009067777226  0.003006861790  0.003006861790  0.000000000000  0.004013005389  0.003006861790  0.003006861790  0.021369358444  0.018251115258  0.021369358444  0.023408123376  0.034939467223  0.022394464894  
lophura_swinhoii 0.054188640065  0.028655610159  0.045683667897  0.002004096470  0.004016430800  0.007043902987  0.001001022720  0.001001022720  0.004013005389  0.000000000000  0.001001022720  0.001001022720  0.019308847554  0.016200970719  0.019308847554  0.021342935168  0.032838716512  0.022409616061  
phasianus_colchicus 0.053092801710  0.027604230848  0.044598574548  0.001001022720  0.003009229672  0.006031517409  0.000000000000  0.000000000000  0.003006861790  0.001001022720  0.000000000000  0.000000000000  0.018274063013  0.015173808728  0.018274063013  0.020307127405  0.031780569211  0.021369358444  
syrmaticus_ellioti 0.053092801710  0.027604230848  0.044598574548  0.001001022720  0.003009229672  0.006031517409  0.000000000000  0.000000000000  0.003006861790  0.001001022720  0.000000000000  0.000000000000  0.018274063013  0.015173808728  0.018274063013  0.020307127405  0.031780569211  0.021369358444  
perdix_dauuricae 0.058526900803  0.032800218114  0.052094423432  0.019308847554  0.021385001540  0.024496786163  0.018274063013  0.018274063013  0.021369358444  0.019308847554  0.018274063013  0.018274063013  0.000000000000  0.023396732017  0.025492926317  0.027543764467  0.039137403462  0.027570703882  
melgal2    0.051919993999  0.030706952855  0.047760409258  0.016200970719  0.018261782780  0.021355335322  0.015173808728  0.015173808728  0.018251115258  0.016200970719  0.015173808728  0.015173808728  0.023396732017  0.000000000000  0.019273506576  0.021315502880  0.034899613681  0.024449415072  
lophophorus_impejanus 0.053035629630  0.029671111323  0.044537132650  0.019308847554  0.021385001540  0.023452088816  0.018274063013  0.018274063013  0.021369358444  0.019308847554  0.018274063013  0.018274063013  0.025492926317  0.019273506576  0.000000000000  0.008047722800  0.033858315640  0.023421148648  
tragopan_blythii 0.051875755667  0.030676425999  0.045536696908  0.021342935168  0.023421148648  0.025492926317  0.020307127405  0.020307127405  0.023408123376  0.021342935168  0.020307127405  0.020307127405  0.027543764467  0.021315502880  0.008047722800  0.000000000000  0.035925623331  0.025467254704  
galgal4    0.062927308193  0.037069526151  0.055356087198  0.032838716512  0.034961897264  0.038138041164  0.031780569211  0.031780569211  0.034939467223  0.032838716512  0.031780569211  0.031780569211  0.039137403462  0.034899613681  0.033858315640  0.035925623331  0.000000000000  0.018251115258  
alectoris_rufa 0.055254972341  0.028636872472  0.043485534400  0.022409616061  0.024496786163  0.027623457095  0.021369358444  0.021369358444  0.022394464894  0.022409616061  0.021369358444  0.021369358444  0.027570703882  0.024449415072  0.023421148648  0.025467254704  0.018251115258  0.000000000000  

