18
perdix_dauuricae 0.000000000000  0.009075687262  0.021358336602  0.015184319603  0.017271177873  0.011106088326  0.025548620503  0.022430274046  0.020334167737  0.015184319603  0.016202632155  0.017243560091  0.015184319603  0.020334167737  0.017256547601  0.010079355330  0.013142287726  0.011098183210  
tragopan_blythii 0.009075687262  0.000000000000  0.024501231435  0.018290593807  0.018323771847  0.012138813391  0.026619990706  0.023494183887  0.021388480524  0.018290593807  0.019311588622  0.020365329413  0.018290593807  0.023474312101  0.022469353565  0.013152415598  0.016238200703  0.014178828863  
cyrtonyx_montezumae 0.021358336602  0.024501231435  0.000000000000  0.024483525109  0.026619990706  0.020348921906  0.035020940223  0.031854979682  0.031787223714  0.026543184298  0.027575430788  0.028642297630  0.026543184298  0.028661329441  0.032891782925  0.025512550925  0.028661329441  0.026559872040  
rollulus_rouloul 0.015184319603  0.018290593807  0.024483525109  0.000000000000  0.020383387223  0.014178828863  0.024501231435  0.025569160644  0.029715485486  0.024483525109  0.025512550925  0.026578237736  0.024483525109  0.029715485486  0.028704439583  0.019297976809  0.022413220423  0.020334167737  
galgal4    0.017271177873  0.018323771847  0.026619990706  0.020383387223  0.000000000000  0.006037454490  0.020365329413  0.017271177873  0.031880945362  0.026619990706  0.027650214695  0.028728511827  0.026619990706  0.031880945362  0.028754258178  0.021406037828  0.024541640917  0.022448986099  
syrmaticus_reevesii 0.011106088326  0.012138813391  0.020348921906  0.014178828863  0.006037454490  0.000000000000  0.014167582548  0.011106088326  0.025548620503  0.020348921906  0.021372579096  0.022430274046  0.020348921906  0.025548620503  0.022448986099  0.015195051299  0.018290593807  0.016224703217  
phasianus_colchicus 0.025548620503  0.026619990706  0.035020940223  0.024501231435  0.020365329413  0.014167582548  0.000000000000  0.024501231435  0.038202483070  0.032891782925  0.033930210153  0.035020940223  0.032891782925  0.037130878497  0.035048827365  0.025529749579  0.030795024543  0.028682044445  
pavo_cristatus 0.022430274046  0.023494183887  0.031854979682  0.025569160644  0.017271177873  0.011106088326  0.024501231435  0.000000000000  0.037159493813  0.031854979682  0.032891782925  0.033981870849  0.031854979682  0.037159493813  0.034010243083  0.026598278306  0.027650214695  0.027650214695  
lophura_swinhoii 0.020334167737  0.021388480524  0.031787223714  0.029715485486  0.031880945362  0.025548620503  0.038202483070  0.037159493813  0.000000000000  0.005021407532  0.006027759428  0.007044307414  0.005021407532  0.010086156073  0.017243560091  0.016212846012  0.019311588622  0.017243560091  
lophura_nycthemera 0.015184319603  0.018290593807  0.026543184298  0.024483525109  0.026619990706  0.020348921906  0.032891782925  0.031854979682  0.005021407532  0.000000000000  0.001000766518  0.002004138614  0.000000000000  0.005021407532  0.012119157654  0.011098183210  0.014167582548  0.012119157654  
syrmaticus_ellioti 0.016202632155  0.019311588622  0.027575430788  0.025512550925  0.027650214695  0.021372579096  0.033930210153  0.032891782925  0.006027759428  0.001000766518  0.000000000000  0.003006917109  0.001000766518  0.006027759428  0.013133792784  0.012111774016  0.015184319603  0.013133792784  
catreus_wallichi 0.017243560091  0.020365329413  0.028642297630  0.026578237736  0.028728511827  0.022430274046  0.035020940223  0.033981870849  0.007044307414  0.002004138614  0.003006917109  0.000000000000  0.002004138614  0.007044307414  0.014167582548  0.013142287726  0.016224703217  0.014167582548  
crossoptilon_crossoptilon 0.015184319603  0.018290593807  0.026543184298  0.024483525109  0.026619990706  0.020348921906  0.032891782925  0.031854979682  0.005021407532  0.000000000000  0.001000766518  0.002004138614  0.000000000000  0.005021407532  0.012119157654  0.011098183210  0.014167582548  0.012119157654  
chrysolophus_pictus 0.020334167737  0.023474312101  0.028661329441  0.029715485486  0.031880945362  0.025548620503  0.037130878497  0.037159493813  0.010086156073  0.005021407532  0.006027759428  0.007044307414  0.005021407532  0.000000000000  0.017243560091  0.016212846012  0.019311588622  0.017243560091  
melgal2    0.017256547601  0.022469353565  0.032891782925  0.028704439583  0.028754258178  0.022448986099  0.035048827365  0.034010243083  0.017243560091  0.012119157654  0.013133792784  0.014167582548  0.012119157654  0.017243560091  0.000000000000  0.015207420809  0.018306361708  0.016238200703  
lophophorus_impejanus 0.010079355330  0.013152415598  0.025512550925  0.019297976809  0.021406037828  0.015195051299  0.025529749579  0.026598278306  0.016212846012  0.011098183210  0.012111774016  0.013142287726  0.011098183210  0.016212846012  0.015207420809  0.000000000000  0.009068366009  0.007039176581  
lophura_inornata 0.013142287726  0.016238200703  0.028661329441  0.022413220423  0.024541640917  0.018290593807  0.030795024543  0.027650214695  0.019311588622  0.014167582548  0.015184319603  0.016224703217  0.014167582548  0.019311588622  0.018306361708  0.009068366009  0.000000000000  0.002004138614  
alectoris_rufa 0.011098183210  0.014178828863  0.026559872040  0.020334167737  0.022448986099  0.016224703217  0.028682044445  0.027650214695  0.017243560091  0.012119157654  0.013133792784  0.014167582548  0.012119157654  0.017243560091  0.016238200703  0.007039176581  0.002004138614  0.000000000000  

