18
cyrtonyx_montezumae 0.000000000000  0.027694149199  0.025610533516  0.036091195739  0.036257417115  0.034108566809  0.034108566809  0.035181758119  0.034108566809  0.035181758119  0.034108566809  0.037335555171  0.038376723721  0.038376723721  0.027669441872  0.031908128578  0.032891141389  0.009070217584  
tragopan_blythii 0.027694149199  0.000000000000  0.002002840791  0.014146110685  0.012143438210  0.010097656951  0.010097656951  0.013169693612  0.010097656951  0.013169693612  0.010097656951  0.013169693612  0.014184354795  0.014184354795  0.006025667515  0.012122241076  0.017227182240  0.018316304429  
lophophorus_impejanus 0.025610533516  0.002002840791  0.000000000000  0.012107884857  0.010108430848  0.008069195014  0.008069195014  0.011131392008  0.008069195014  0.011131392008  0.008069195014  0.011131392008  0.012143438210  0.012143438210  0.004011385424  0.010088582075  0.015179058876  0.016262037640  
melgal2    0.036091195739  0.014146110685  0.012107884857  0.000000000000  0.022424527702  0.020342917431  0.020342917431  0.023468816679  0.020342917431  0.023468816679  0.020342917431  0.023468816679  0.024496261126  0.024496261126  0.016190253498  0.022392879813  0.027572351823  0.026594057434  
catreus_wallichi 0.036257417115  0.012143438210  0.010108430848  0.022424527702  0.000000000000  0.002004287537  0.002004287537  0.005026912641  0.002004287537  0.005026912641  0.002004287537  0.005026912641  0.006032740069  0.006032740069  0.014184354795  0.020396046412  0.025564414356  0.026720026455  
crossoptilon_crossoptilon 0.034108566809  0.010097656951  0.008069195014  0.020342917431  0.002004287537  0.000000000000  0.000000000000  0.003009660778  0.000000000000  0.003009660778  0.000000000000  0.003009660778  0.004013450978  0.004013450978  0.012131985957  0.018316304429  0.023468816679  0.024609641481  
lophura_nycthemera 0.034108566809  0.010097656951  0.008069195014  0.020342917431  0.002004287537  0.000000000000  0.000000000000  0.003009660778  0.000000000000  0.003009660778  0.000000000000  0.003009660778  0.004013450978  0.004013450978  0.012131985957  0.018316304429  0.023468816679  0.024609641481  
lophura_swinhoii 0.035181758119  0.013169693612  0.011131392008  0.023468816679  0.005026912641  0.003009660778  0.003009660778  0.000000000000  0.003009660778  0.006038810019  0.003009660778  0.006038810019  0.007045662682  0.007045662682  0.015213925722  0.021439394984  0.026615744083  0.025663643902  
lophura_inornata 0.034108566809  0.010097656951  0.008069195014  0.020342917431  0.002004287537  0.000000000000  0.000000000000  0.003009660778  0.000000000000  0.003009660778  0.000000000000  0.003009660778  0.004013450978  0.004013450978  0.012131985957  0.018316304429  0.023468816679  0.024609641481  
perdix_dauuricae 0.035181758119  0.013169693612  0.011131392008  0.023468816679  0.005026912641  0.003009660778  0.003009660778  0.006038810019  0.003009660778  0.000000000000  0.003009660778  0.006038810019  0.007045662682  0.007045662682  0.015213925722  0.019355019664  0.024515442071  0.025663643902  
phasianus_colchicus 0.034108566809  0.010097656951  0.008069195014  0.020342917431  0.002004287537  0.000000000000  0.000000000000  0.003009660778  0.000000000000  0.003009660778  0.000000000000  0.003009660778  0.004013450978  0.004013450978  0.012131985957  0.018316304429  0.023468816679  0.024609641481  
chrysolophus_pictus 0.037335555171  0.013169693612  0.011131392008  0.023468816679  0.005026912641  0.003009660778  0.003009660778  0.006038810019  0.003009660778  0.006038810019  0.003009660778  0.000000000000  0.007045662682  0.007045662682  0.015213925722  0.021439394984  0.026615744083  0.027778799913  
syrmaticus_ellioti 0.038376723721  0.014184354795  0.012143438210  0.024496261126  0.006032740069  0.004013450978  0.004013450978  0.007045662682  0.004013450978  0.007045662682  0.004013450978  0.007045662682  0.000000000000  0.000000000000  0.016231216190  0.022463153314  0.027646493900  0.028808726860  
syrmaticus_reevesii 0.038376723721  0.014184354795  0.012143438210  0.024496261126  0.006032740069  0.004013450978  0.004013450978  0.007045662682  0.004013450978  0.007045662682  0.004013450978  0.007045662682  0.000000000000  0.000000000000  0.016231216190  0.022463153314  0.027646493900  0.028808726860  
rollulus_rouloul 0.027669441872  0.006025667515  0.004011385424  0.016190253498  0.014184354795  0.012131985957  0.012131985957  0.015213925722  0.012131985957  0.015213925722  0.012131985957  0.015213925722  0.016231216190  0.016231216190  0.000000000000  0.014161795420  0.019281286589  0.020376602860  
pavo_cristatus 0.031908128578  0.012122241076  0.010088582075  0.022392879813  0.020396046412  0.018316304429  0.018316304429  0.021439394984  0.018316304429  0.019355019664  0.018316304429  0.021439394984  0.022463153314  0.022463153314  0.014161795420  0.000000000000  0.020316186387  0.022463153314  
galgal4    0.032891141389  0.017227182240  0.015179058876  0.027572351823  0.025564414356  0.023468816679  0.023468816679  0.026615744083  0.023468816679  0.024515442071  0.023468816679  0.026615744083  0.027646493900  0.027646493900  0.019281286589  0.020316186387  0.000000000000  0.023450880192  
alectoris_rufa 0.009070217584  0.018316304429  0.016262037640  0.026594057434  0.026720026455  0.024609641481  0.024609641481  0.025663643902  0.024609641481  0.025663643902  0.024609641481  0.027778799913  0.028808726860  0.028808726860  0.020376602860  0.022463153314  0.023450880192  0.000000000000  

