18
pavo_cristatus 0.000000000000  0.007033478271  0.015181736864  0.015181736864  0.015181736864  0.015181736864  0.024461110043  0.017229091550  0.015181736864  0.017229091550  0.021353421462  0.011096827344  0.014155824878  0.019306821839  0.013132038817  0.010084834757  0.009057978782  0.013125467672  
rollulus_rouloul 0.007033478271  0.000000000000  0.012110369888  0.012110369888  0.012110369888  0.012110369888  0.021341361648  0.014148182597  0.012110369888  0.014148182597  0.018249968683  0.008047542109  0.011090809353  0.016209783623  0.010073348528  0.007038649081  0.006024330508  0.010069964360  
phasianus_colchicus 0.015181736864  0.012110369888  0.000000000000  0.000000000000  0.000000000000  0.000000000000  0.009061880822  0.002002777301  0.000000000000  0.002002777301  0.006027413378  0.004012929800  0.019306821839  0.022423396881  0.018272317123  0.015203924014  0.014155824878  0.018260345511  
crossoptilon_crossoptilon 0.015181736864  0.012110369888  0.000000000000  0.000000000000  0.000000000000  0.000000000000  0.009061880822  0.002002777301  0.000000000000  0.002002777301  0.006027413378  0.004012929800  0.019306821839  0.022423396881  0.018272317123  0.015203924014  0.014155824878  0.018260345511  
catreus_wallichi 0.015181736864  0.012110369888  0.000000000000  0.000000000000  0.000000000000  0.000000000000  0.009061880822  0.002002777301  0.000000000000  0.002002777301  0.006027413378  0.004012929800  0.019306821839  0.022423396881  0.018272317123  0.015203924014  0.014155824878  0.018260345511  
syrmaticus_reevesii 0.015181736864  0.012110369888  0.000000000000  0.000000000000  0.000000000000  0.000000000000  0.009061880822  0.002002777301  0.000000000000  0.002002777301  0.006027413378  0.004012929800  0.019306821839  0.022423396881  0.018272317123  0.015203924014  0.014155824878  0.018260345511  
syrmaticus_ellioti 0.024461110043  0.021341361648  0.009061880822  0.009061880822  0.009061880822  0.009061880822  0.000000000000  0.011090809353  0.009061880822  0.011090809353  0.015173018996  0.013132038817  0.028651657641  0.031818060414  0.025505419378  0.024493486569  0.023419003483  0.027583558840  
lophura_swinhoii 0.017229091550  0.014148182597  0.002002777301  0.002002777301  0.002002777301  0.002002777301  0.011090809353  0.000000000000  0.002002777301  0.004011130339  0.008047542109  0.006027413378  0.021367086132  0.024493486569  0.020329333730  0.017252445955  0.016199985689  0.020316769605  
chrysolophus_pictus 0.015181736864  0.012110369888  0.000000000000  0.000000000000  0.000000000000  0.000000000000  0.009061880822  0.002002777301  0.000000000000  0.002002777301  0.006027413378  0.004012929800  0.019306821839  0.022423396881  0.018272317123  0.015203924014  0.014155824878  0.018260345511  
lophura_nycthemera 0.017229091550  0.014148182597  0.002002777301  0.002002777301  0.002002777301  0.002002777301  0.011090809353  0.004011130339  0.002002777301  0.000000000000  0.004012929800  0.006027413378  0.021367086132  0.024493486569  0.020329333730  0.017252445955  0.016199985689  0.020316769605  
lophura_inornata 0.021353421462  0.018249968683  0.006027413378  0.006027413378  0.006027413378  0.006027413378  0.015173018996  0.008047542109  0.006027413378  0.004012929800  0.000000000000  0.010078306366  0.025521918543  0.028671535978  0.024476492336  0.021382352560  0.020316769605  0.024461110043  
perdix_dauuricae 0.011096827344  0.008047542109  0.004012929800  0.004012929800  0.004012929800  0.004012929800  0.013132038817  0.006027413378  0.004012929800  0.006027413378  0.010078306366  0.000000000000  0.015192039564  0.020359257166  0.014165049731  0.011113578542  0.010078306366  0.014155824878  
lophophorus_impejanus 0.014155824878  0.011090809353  0.019306821839  0.019306821839  0.019306821839  0.019306821839  0.028651657641  0.021367086132  0.019306821839  0.021367086132  0.025521918543  0.015192039564  0.000000000000  0.017266504183  0.017239974056  0.014175854067  0.013132038817  0.017229091550  
melgal2    0.019306821839  0.016209783623  0.022423396881  0.022423396881  0.022423396881  0.022423396881  0.031818060414  0.024493486569  0.022423396881  0.024493486569  0.028671535978  0.020359257166  0.017266504183  0.000000000000  0.022423396881  0.019337731395  0.018272317123  0.020329333730  
cyrtonyx_montezumae 0.013132038817  0.010073348528  0.018272317123  0.018272317123  0.018272317123  0.018272317123  0.025505419378  0.020329333730  0.018272317123  0.020329333730  0.024476492336  0.014165049731  0.017239974056  0.022423396881  0.000000000000  0.013149918988  0.012110369888  0.016199985689  
tragopan_blythii 0.010084834757  0.007038649081  0.015203924014  0.015203924014  0.015203924014  0.015203924014  0.024493486569  0.017252445955  0.015203924014  0.017252445955  0.021382352560  0.011113578542  0.014175854067  0.019337731395  0.013149918988  0.000000000000  0.009067351219  0.013140190288  
galgal4    0.009057978782  0.006024330508  0.014155824878  0.014155824878  0.014155824878  0.014155824878  0.023419003483  0.016199985689  0.014155824878  0.016199985689  0.020316769605  0.010078306366  0.013132038817  0.018272317123  0.012110369888  0.009067351219  0.000000000000  0.012104865455  
alectoris_rufa 0.013125467672  0.010069964360  0.018260345511  0.018260345511  0.018260345511  0.018260345511  0.027583558840  0.020316769605  0.018260345511  0.020316769605  0.024461110043  0.014155824878  0.017229091550  0.020329333730  0.016199985689  0.013140190288  0.012104865455  0.000000000000  

