18
perdix_dauuricae 0.000000000000  0.011105172972  0.012110895580  0.010085423878  0.010085423878  0.011105172972  0.010085423878  0.010085423878  0.010085423878  0.016211086988  0.011105172972  0.013132727663  0.015182814374  0.008052277761  0.008052277761  0.009067795074  0.010073609417  0.008058402728  
lophophorus_impejanus 0.011105172972  0.000000000000  0.007038863195  0.005025715379  0.005025715379  0.006037081098  0.005025715379  0.005025715379  0.005025715379  0.011105172972  0.006037081098  0.008052277761  0.010085423878  0.003009232178  0.004016435267  0.004016435267  0.005018307598  0.011097388165  
cyrtonyx_montezumae 0.012110895580  0.007038863195  0.000000000000  0.006027542686  0.006027542686  0.007038863195  0.006027542686  0.006027542686  0.006027542686  0.012110895580  0.007038863195  0.009058137686  0.011091192449  0.004011149349  0.005018307598  0.005018307598  0.006024303144  0.012105207872  
lophura_inornata 0.010085423878  0.005025715379  0.006027542686  0.000000000000  0.000000000000  0.001001022997  0.000000000000  0.000000000000  0.000000000000  0.006027542686  0.001001022997  0.007038863195  0.009067795074  0.002004097581  0.003009232178  0.003009232178  0.004011149349  0.010078723253  
lophura_nycthemera 0.010085423878  0.005025715379  0.006027542686  0.000000000000  0.000000000000  0.001001022997  0.000000000000  0.000000000000  0.000000000000  0.006027542686  0.001001022997  0.007038863195  0.009067795074  0.002004097581  0.003009232178  0.003009232178  0.004011149349  0.010078723253  
catreus_wallichi 0.011105172972  0.006037081098  0.007038863195  0.001001022997  0.001001022997  0.000000000000  0.001001022997  0.001001022997  0.001001022997  0.007038863195  0.002004097581  0.008052277761  0.010085423878  0.003009232178  0.004016435267  0.004016435267  0.005018307598  0.011097388165  
syrmaticus_ellioti 0.010085423878  0.005025715379  0.006027542686  0.000000000000  0.000000000000  0.001001022997  0.000000000000  0.000000000000  0.000000000000  0.006027542686  0.001001022997  0.007038863195  0.009067795074  0.002004097581  0.003009232178  0.003009232178  0.004011149349  0.010078723253  
crossoptilon_crossoptilon 0.010085423878  0.005025715379  0.006027542686  0.000000000000  0.000000000000  0.001001022997  0.000000000000  0.000000000000  0.000000000000  0.006027542686  0.001001022997  0.007038863195  0.009067795074  0.002004097581  0.003009232178  0.003009232178  0.004011149349  0.010078723253  
chrysolophus_pictus 0.010085423878  0.005025715379  0.006027542686  0.000000000000  0.000000000000  0.001001022997  0.000000000000  0.000000000000  0.000000000000  0.006027542686  0.001001022997  0.007038863195  0.009067795074  0.002004097581  0.003009232178  0.003009232178  0.004011149349  0.010078723253  
lophura_swinhoii 0.016211086988  0.011105172972  0.012110895580  0.006027542686  0.006027542686  0.007038863195  0.006027542686  0.006027542686  0.006027542686  0.000000000000  0.007038863195  0.013132727663  0.015182814374  0.008052277761  0.009067795074  0.009067795074  0.010073609417  0.016201017364  
phasianus_colchicus 0.011105172972  0.006037081098  0.007038863195  0.001001022997  0.001001022997  0.002004097581  0.001001022997  0.001001022997  0.001001022997  0.007038863195  0.000000000000  0.008052277761  0.010085423878  0.003009232178  0.004016435267  0.004016435267  0.005018307598  0.011097388165  
tragopan_blythii 0.013132727663  0.008052277761  0.009058137686  0.007038863195  0.007038863195  0.008052277761  0.007038863195  0.007038863195  0.007038863195  0.013132727663  0.008052277761  0.000000000000  0.012110895580  0.005018307598  0.006027542686  0.006027542686  0.007033493212  0.013125951341  
rollulus_rouloul 0.015182814374  0.010085423878  0.011091192449  0.009067795074  0.009067795074  0.010085423878  0.009067795074  0.009067795074  0.009067795074  0.015182814374  0.010085423878  0.012110895580  0.000000000000  0.007038863195  0.008052277761  0.008052277761  0.009058137686  0.015173847123  
syrmaticus_reevesii 0.008052277761  0.003009232178  0.004011149349  0.002004097581  0.002004097581  0.003009232178  0.002004097581  0.002004097581  0.002004097581  0.008052277761  0.003009232178  0.005018307598  0.007038863195  0.000000000000  0.001001022997  0.001001022997  0.002003029295  0.008047732025  
pavo_cristatus 0.008052277761  0.004016435267  0.005018307598  0.003009232178  0.003009232178  0.004016435267  0.003009232178  0.003009232178  0.003009232178  0.009067795074  0.004016435267  0.006027542686  0.008052277761  0.001001022997  0.000000000000  0.002004097581  0.003006059407  0.008047732025  
galgal4    0.009067795074  0.004016435267  0.005018307598  0.003009232178  0.003009232178  0.004016435267  0.003009232178  0.003009232178  0.003009232178  0.009067795074  0.004016435267  0.006027542686  0.008052277761  0.001001022997  0.002004097581  0.000000000000  0.003006059407  0.009062174130  
melgal2    0.010073609417  0.005018307598  0.006024303144  0.004011149349  0.004011149349  0.005018307598  0.004011149349  0.004011149349  0.004011149349  0.010073609417  0.005018307598  0.007033493212  0.009058137686  0.002003029295  0.003006059407  0.003006059407  0.000000000000  0.010070085377  
alectoris_rufa 0.008058402728  0.011097388165  0.012105207872  0.010078723253  0.010078723253  0.011097388165  0.010078723253  0.010078723253  0.010078723253  0.016201017364  0.011097388165  0.013125951341  0.015173847123  0.008047732025  0.008047732025  0.009062174130  0.010070085377  0.000000000000  

