18
galgal4    0.000000000000  0.048973877048  0.022440600709  0.034020231531  0.011113380935  0.018285383887  0.027638671996  0.011113380935  0.011113380935  0.011113380935  0.011113380935  0.012136101250  0.020358631702  0.017281644741  0.013160939254  0.011113380935  0.015217003534  0.023484878649  
cyrtonyx_montezumae 0.048973877048  0.000000000000  0.055536104238  0.067811475539  0.043567591376  0.051126695306  0.061006825567  0.043567591376  0.043567591376  0.043567591376  0.043567591376  0.044651848447  0.054430063708  0.047918944591  0.043567591376  0.043567591376  0.047918944591  0.056644621982  
pavo_cristatus 0.022440600709  0.055536104238  0.000000000000  0.021436946269  0.015203570706  0.022422656957  0.029724601120  0.015203570706  0.015203570706  0.015203570706  0.015203570706  0.016233731086  0.025558776442  0.021416943133  0.017266040110  0.015203570706  0.019337140075  0.029771422064  
rollulus_rouloul 0.034020231531  0.067811475539  0.021436946269  0.000000000000  0.026630997967  0.033991417698  0.039283930023  0.026630997967  0.026630997967  0.026630997967  0.026630997967  0.027684164295  0.037198632172  0.032983875666  0.028739576412  0.026630997967  0.030857176468  0.039348379704  
crossoptilon_crossoptilon 0.011113380935  0.043567591376  0.015203570706  0.026630997967  0.000000000000  0.007038579300  0.016209410794  0.000000000000  0.000000000000  0.000000000000  0.000000000000  0.001001011592  0.010084687998  0.006036664859  0.002004051835  0.000000000000  0.004016251281  0.018300506761  
tragopan_blythii 0.018285383887  0.051126695306  0.022422656957  0.033991417698  0.007038579300  0.000000000000  0.023432493156  0.007038579300  0.007038579300  0.007038579300  0.007038579300  0.008051867251  0.017239550349  0.013149660231  0.009067233968  0.007038579300  0.011104237941  0.025558776442  
perdix_dauuricae 0.027638671996  0.061006825567  0.029724601120  0.039283930023  0.016209410794  0.023432493156  0.000000000000  0.016209410794  0.016209410794  0.016209410794  0.016209410794  0.017239550349  0.026568548308  0.022422656957  0.018271838462  0.016209410794  0.020342896340  0.033964223357  
lophura_swinhoii 0.011113380935  0.043567591376  0.015203570706  0.026630997967  0.000000000000  0.007038579300  0.016209410794  0.000000000000  0.000000000000  0.000000000000  0.000000000000  0.001001011592  0.010084687998  0.006036664859  0.002004051835  0.000000000000  0.004016251281  0.018300506761  
catreus_wallichi 0.011113380935  0.043567591376  0.015203570706  0.026630997967  0.000000000000  0.007038579300  0.016209410794  0.000000000000  0.000000000000  0.000000000000  0.000000000000  0.001001011592  0.010084687998  0.006036664859  0.002004051835  0.000000000000  0.004016251281  0.018300506761  
lophura_nycthemera 0.011113380935  0.043567591376  0.015203570706  0.026630997967  0.000000000000  0.007038579300  0.016209410794  0.000000000000  0.000000000000  0.000000000000  0.000000000000  0.001001011592  0.010084687998  0.006036664859  0.002004051835  0.000000000000  0.004016251281  0.018300506761  
syrmaticus_ellioti 0.011113380935  0.043567591376  0.015203570706  0.026630997967  0.000000000000  0.007038579300  0.016209410794  0.000000000000  0.000000000000  0.000000000000  0.000000000000  0.001001011592  0.010084687998  0.006036664859  0.002004051835  0.000000000000  0.004016251281  0.018300506761  
chrysolophus_pictus 0.012136101250  0.044651848447  0.016233731086  0.027684164295  0.001001011592  0.008051867251  0.017239550349  0.001001011592  0.001001011592  0.001001011592  0.001001011592  0.000000000000  0.011104237941  0.007049972959  0.003009128968  0.001001011592  0.005025427114  0.019337140075  
melgal2    0.020358631702  0.054430063708  0.025558776442  0.037198632172  0.010084687998  0.017239550349  0.026568548308  0.010084687998  0.010084687998  0.010084687998  0.010084687998  0.011104237941  0.000000000000  0.016233731086  0.012125892450  0.010084687998  0.014175550044  0.028714894410  
lophophorus_impejanus 0.017281644741  0.047918944591  0.021416943133  0.032983875666  0.006036664859  0.013149660231  0.022422656957  0.006036664859  0.006036664859  0.006036664859  0.006036664859  0.007049972959  0.016233731086  0.000000000000  0.004016251281  0.006036664859  0.010102404594  0.024553126953  
phasianus_colchicus 0.013160939254  0.043567591376  0.017266040110  0.028739576412  0.002004051835  0.009067233968  0.018271838462  0.002004051835  0.002004051835  0.002004051835  0.002004051835  0.003009128968  0.012125892450  0.004016251281  0.000000000000  0.002004051835  0.006036664859  0.020375949148  
lophura_inornata 0.011113380935  0.043567591376  0.015203570706  0.026630997967  0.000000000000  0.007038579300  0.016209410794  0.000000000000  0.000000000000  0.000000000000  0.000000000000  0.001001011592  0.010084687998  0.006036664859  0.002004051835  0.000000000000  0.004016251281  0.018300506761  
syrmaticus_reevesii 0.015217003534  0.047918944591  0.019337140075  0.030857176468  0.004016251281  0.011104237941  0.020342896340  0.004016251281  0.004016251281  0.004016251281  0.004016251281  0.005025427114  0.014175550044  0.010102404594  0.006036664859  0.004016251281  0.000000000000  0.022460131240  
alectoris_rufa 0.023484878649  0.056644621982  0.029771422064  0.039348379704  0.018300506761  0.025558776442  0.033964223357  0.018300506761  0.018300506761  0.018300506761  0.018300506761  0.019337140075  0.028714894410  0.024553126953  0.020375949148  0.018300506761  0.022460131240  0.000000000000  

