18
cyrtonyx_montezumae 0.000000000000  0.029632086277  0.040134498239  0.040118910528  0.048647638371  0.043324078349  0.058381278432  0.045472330782  0.055169545875  0.053036859802  0.053036859802  0.057362561117  0.044397050608  0.042222625447  0.058525465981  0.037031858961  0.033865694133  0.023392252383  
pavo_cristatus 0.029632086277  0.000000000000  0.020286638030  0.022346784285  0.028562590522  0.023383058846  0.036946363767  0.025462074693  0.035931196093  0.032790014745  0.032790014745  0.036992776699  0.024421485995  0.024405710968  0.039166355280  0.017237734767  0.014163476287  0.006027190190  
tragopan_blythii 0.040134498239  0.020286638030  0.000000000000  0.026466575568  0.031665897974  0.026466575568  0.041134643559  0.028547753059  0.039042262159  0.035888154576  0.035888154576  0.040104969997  0.027506081291  0.029581046189  0.043343095416  0.019255705882  0.016178931556  0.016183824087  
chrysolophus_pictus 0.040118910528  0.022346784285  0.026466575568  0.000000000000  0.009055295003  0.004011056250  0.018232329236  0.006027190190  0.016183824087  0.013138881765  0.013138881765  0.017227104509  0.005018106835  0.013119635477  0.026582945100  0.020280657355  0.018226895391  0.016178931556  
syrmaticus_ellioti 0.048647638371  0.028562590522  0.031665897974  0.009055295003  0.000000000000  0.005016857918  0.023375452594  0.011085758270  0.022346784285  0.018247903432  0.018247903432  0.022364602445  0.010069495753  0.020286638030  0.031789031137  0.025437564873  0.023369436835  0.024412802118  
syrmaticus_reevesii 0.043324078349  0.023383058846  0.026466575568  0.004011056250  0.005016857918  0.000000000000  0.018232329236  0.006027190190  0.017210522055  0.013138881765  0.013138881765  0.017227104509  0.005018106835  0.015164634050  0.026582945100  0.020280657355  0.018226895391  0.019262199674  
rollulus_rouloul 0.058381278432  0.036946363767  0.041134643559  0.018232329236  0.023375452594  0.018232329236  0.000000000000  0.012100264750  0.029608622012  0.023392252383  0.023392252383  0.027537829065  0.017204576092  0.028572423252  0.037031858961  0.034832180680  0.030637630973  0.033801036059  
phasianus_colchicus 0.045472330782  0.025462074693  0.028547753059  0.006027190190  0.011085758270  0.006027190190  0.012100264750  0.000000000000  0.017210522055  0.013138881765  0.013138881765  0.017227104509  0.005018106835  0.017218032571  0.026582945100  0.022346784285  0.018226895391  0.021328327455  
lophura_swinhoii 0.055169545875  0.035931196093  0.039042262159  0.016183824087  0.022346784285  0.017210522055  0.029608622012  0.017210522055  0.000000000000  0.014154464122  0.014154464122  0.018247903432  0.016183824087  0.027537829065  0.039190610326  0.032759913548  0.028572423252  0.030682514137  
lophura_nycthemera 0.053036859802  0.032790014745  0.035888154576  0.013138881765  0.018247903432  0.013138881765  0.023392252383  0.013138881765  0.014154464122  0.000000000000  0.000000000000  0.004011056250  0.012116382923  0.024457062120  0.035021092762  0.029632086277  0.025462074693  0.028611538715  
crossoptilon_crossoptilon 0.053036859802  0.032790014745  0.035888154576  0.013138881765  0.018247903432  0.013138881765  0.023392252383  0.013138881765  0.014154464122  0.000000000000  0.000000000000  0.004011056250  0.012116382923  0.024457062120  0.035021092762  0.029632086277  0.025462074693  0.028611538715  
lophura_inornata 0.057362561117  0.036992776699  0.040104969997  0.017227104509  0.022364602445  0.017227104509  0.027537829065  0.017227104509  0.018247903432  0.004011056250  0.004011056250  0.000000000000  0.016198293175  0.028611538715  0.039243984642  0.033814774001  0.029619550491  0.032790014745  
catreus_wallichi 0.044397050608  0.024421485995  0.027506081291  0.005018106835  0.010069495753  0.005018106835  0.017204576092  0.005018106835  0.016183824087  0.012116382923  0.012116382923  0.016198293175  0.000000000000  0.016190279006  0.027633374280  0.021312653404  0.017200197844  0.020294196148  
perdix_dauuricae 0.042222625447  0.024405710968  0.029581046189  0.013119635477  0.020286638030  0.015164634050  0.028572423252  0.017218032571  0.027537829065  0.024457062120  0.024457062120  0.028611538715  0.016190279006  0.000000000000  0.029698239014  0.024405710968  0.021307189047  0.018223034618  
melgal2    0.058525465981  0.039166355280  0.043343095416  0.026582945100  0.031789031137  0.026582945100  0.037031858961  0.026582945100  0.039190610326  0.035021092762  0.035021092762  0.039243984642  0.027633374280  0.029698239014  0.000000000000  0.038097967893  0.034926149446  0.036011314518  
lophophorus_impejanus 0.037031858961  0.017237734767  0.019255705882  0.020280657355  0.025437564873  0.020280657355  0.034832180680  0.022346784285  0.032759913548  0.029632086277  0.029632086277  0.033814774001  0.021312653404  0.024405710968  0.038097967893  0.000000000000  0.011095971204  0.013148388319  
galgal4    0.033865694133  0.014163476287  0.016178931556  0.018226895391  0.023369436835  0.018226895391  0.030637630973  0.018226895391  0.028572423252  0.025462074693  0.025462074693  0.029619550491  0.017200197844  0.021307189047  0.034926149446  0.011095971204  0.000000000000  0.010091929007  
alectoris_rufa 0.023392252383  0.006027190190  0.016183824087  0.016178931556  0.024412802118  0.019262199674  0.033801036059  0.021328327455  0.030682514137  0.028611538715  0.028611538715  0.032790014745  0.020294196148  0.018223034618  0.036011314518  0.013148388319  0.010091929007  0.000000000000  

