18
perdix_dauuricae 0.000000000000  0.008058582684  0.011105539365  0.014166795059  0.045571147559  0.006031631614  0.006031631614  0.017231440065  0.011091724669  0.015183613509  0.012118669482  0.029674634879  0.018289008550  0.038169187168  0.019325024249  0.012137911259  0.006031631614  0.005021303658  
lophura_swinhoii 0.008058582684  0.000000000000  0.007044055052  0.010085734652  0.041285999184  0.002004108446  0.002004108446  0.013133381475  0.007035639734  0.011097820286  0.008052494728  0.023410495238  0.012127479098  0.032864315477  0.013151562809  0.008066280699  0.002004108446  0.011105539365  
catreus_wallichi 0.011105539365  0.007044055052  0.000000000000  0.005021303658  0.035966674229  0.005021303658  0.005021303658  0.016202023689  0.010074089619  0.014157421088  0.011097820286  0.028623134724  0.017255187026  0.034966382177  0.016223550404  0.011114878657  0.005021303658  0.014166795059  
crossoptilon_crossoptilon 0.014166795059  0.010085734652  0.005021303658  0.000000000000  0.039143965169  0.008052494728  0.008052494728  0.019285172464  0.013126736267  0.017231440065  0.014157421088  0.031765797971  0.020347187204  0.038143435985  0.019310093534  0.014177799511  0.008052494728  0.017242493110  
cyrtonyx_montezumae 0.045571147559  0.041285999184  0.035966674229  0.039143965169  0.000000000000  0.039143965169  0.039143965169  0.050919692284  0.044443689508  0.048770203925  0.043389435316  0.061797937181  0.049886606297  0.064022547759  0.046627211080  0.045598474112  0.039143965169  0.046627211080  
chrysolophus_pictus 0.006031631614  0.002004108446  0.005021303658  0.008052494728  0.039143965169  0.000000000000  0.000000000000  0.011091724669  0.005017156311  0.009062504428  0.006027688773  0.023410495238  0.012127479098  0.031804803815  0.013151562809  0.006037179965  0.000000000000  0.009068056055  
phasianus_colchicus 0.006031631614  0.002004108446  0.005021303658  0.008052494728  0.039143965169  0.000000000000  0.000000000000  0.011091724669  0.005017156311  0.009062504428  0.006027688773  0.023410495238  0.012127479098  0.031804803815  0.013151562809  0.006037179965  0.000000000000  0.009068056055  
rollulus_rouloul 0.017231440065  0.013133381475  0.016202023689  0.019285172464  0.050919692284  0.011091724669  0.011091724669  0.000000000000  0.006031631614  0.010093985639  0.017222031162  0.034904952673  0.023437800847  0.043464097455  0.024481501345  0.017242493110  0.011091724669  0.020320022362  
syrmaticus_reevesii 0.011091724669  0.007035639734  0.010074089619  0.013126736267  0.044443689508  0.005017156311  0.005017156311  0.006031631614  0.000000000000  0.004016478967  0.011087255798  0.028594465782  0.017231440065  0.037051845646  0.018263031938  0.011097820286  0.005017156311  0.014149680860  
lophura_inornata 0.015183613509  0.011097820286  0.014157421088  0.017231440065  0.048770203925  0.009062504428  0.009062504428  0.010093985639  0.004016478967  0.000000000000  0.015174773654  0.032804839506  0.021370952976  0.041336127242  0.022411339571  0.015194089468  0.009062504428  0.018263031938  
melgal2    0.012118669482  0.008052494728  0.011097820286  0.014157421088  0.043389435316  0.006027688773  0.006027688773  0.017222031162  0.011087255798  0.015174773654  0.000000000000  0.021334281071  0.012127479098  0.031804803815  0.013151562809  0.012127479098  0.006027688773  0.015183613509  
tragopan_blythii 0.029674634879  0.023410495238  0.028623134724  0.031765797971  0.061797937181  0.023410495238  0.023410495238  0.034904952673  0.028594465782  0.032804839506  0.021334281071  0.000000000000  0.018252511812  0.039165765424  0.020320022362  0.029692654727  0.023410495238  0.032822967919  
lophophorus_impejanus 0.018289008550  0.012127479098  0.017255187026  0.020347187204  0.049886606297  0.012127479098  0.012127479098  0.023437800847  0.017231440065  0.021370952976  0.012127479098  0.018252511812  0.000000000000  0.028678763246  0.009084002847  0.018304458546  0.012127479098  0.021386488976  
galgal4    0.038169187168  0.032864315477  0.034966382177  0.038143435985  0.064022547759  0.031804803815  0.031804803815  0.043464097455  0.037051845646  0.041336127242  0.031804803815  0.039165765424  0.028678763246  0.000000000000  0.029733742188  0.036056718930  0.031804803815  0.041363776771  
pavo_cristatus 0.019325024249  0.013151562809  0.016223550404  0.019310093534  0.046627211080  0.013151562809  0.013151562809  0.024481501345  0.018263031938  0.022411339571  0.013151562809  0.020320022362  0.009084002847  0.029733742188  0.000000000000  0.019341597443  0.013151562809  0.022428008272  
syrmaticus_ellioti 0.012137911259  0.008066280699  0.011114878657  0.014177799511  0.045598474112  0.006037179965  0.006037179965  0.017242493110  0.011097820286  0.015194089468  0.012127479098  0.029692654727  0.018304458546  0.036056718930  0.019341597443  0.000000000000  0.006037179965  0.015206198278  
lophura_nycthemera 0.006031631614  0.002004108446  0.005021303658  0.008052494728  0.039143965169  0.000000000000  0.000000000000  0.011091724669  0.005017156311  0.009062504428  0.006027688773  0.023410495238  0.012127479098  0.031804803815  0.013151562809  0.006037179965  0.000000000000  0.009068056055  
alectoris_rufa 0.005021303658  0.011105539365  0.014166795059  0.017242493110  0.046627211080  0.009068056055  0.009068056055  0.020320022362  0.014149680860  0.018263031938  0.015183613509  0.032822967919  0.021386488976  0.041363776771  0.022428008272  0.015206198278  0.009068056055  0.000000000000  

