18
pavo_cristatus 0.000000000000  0.046739096814  0.021376562760  0.013135298120  0.017217241880  0.016196433799  0.025502755205  0.022376539163  0.026534450839  0.032855372117  0.028649476232  0.038215403996  0.021349784449  0.016196433799  0.022434745973  0.012120430296  0.018279388300  0.004013254445  
cyrtonyx_montezumae 0.046739096814  0.000000000000  0.046843269779  0.037143055206  0.041356347639  0.040307665857  0.050014234867  0.046739096814  0.049979274628  0.056589548358  0.053311885049  0.061095712014  0.045683982779  0.042464257778  0.051188895916  0.042495701606  0.051188895916  0.048955521622  
lophophorus_impejanus 0.021376562760  0.046843269779  0.000000000000  0.009076448616  0.015186320154  0.016227027385  0.025554387166  0.022417613045  0.026584425008  0.032926928626  0.028711805466  0.038310688288  0.021392527502  0.018293583441  0.026649992348  0.018309479944  0.026649992348  0.023479233488  
tragopan_blythii 0.013135298120  0.037143055206  0.009076448616  0.000000000000  0.008048686662  0.007039605577  0.016215128728  0.013135298120  0.017234806032  0.023460927285  0.019314858408  0.028736055557  0.012120430296  0.009069080293  0.019347264012  0.009076448616  0.017273935920  0.015197077953  
lophura_inornata 0.017217241880  0.041356347639  0.015186320154  0.008048686662  0.000000000000  0.003006996434  0.012120430296  0.009063387396  0.013135298120  0.019314858408  0.015197077953  0.024547204993  0.008053269792  0.007044754203  0.021376562760  0.013135298120  0.021376562760  0.019289282126  
chrysolophus_pictus 0.016196433799  0.040307665857  0.016227027385  0.007039605577  0.003006996434  0.000000000000  0.009069080293  0.006028078598  0.010080238812  0.016227027385  0.012129480887  0.021429591189  0.005021627461  0.006037834951  0.022434745973  0.012120430296  0.020352568238  0.018266897907  
perdix_dauuricae 0.025502755205  0.050014234867  0.025554387166  0.016215128728  0.012120430296  0.009069080293  0.000000000000  0.011107176645  0.019301214900  0.025554387166  0.021392527502  0.030855019303  0.014169334906  0.015209529466  0.031864004665  0.021376562760  0.029745195666  0.027616119382  
phasianus_colchicus 0.022376539163  0.046739096814  0.022417613045  0.013135298120  0.009063387396  0.006028078598  0.011107176645  0.000000000000  0.016204929720  0.022417613045  0.018279388300  0.027680072992  0.011099250048  0.012129480887  0.028689289965  0.018266897907  0.026584425008  0.024472720992  
syrmaticus_reevesii 0.026534450839  0.049979274628  0.026584425008  0.017234806032  0.013135298120  0.010080238812  0.019301214900  0.016204929720  0.000000000000  0.006037834951  0.012120430296  0.021410204765  0.005018679861  0.016227027385  0.032901322976  0.022402198648  0.030780249525  0.028649476232  
catreus_wallichi 0.032855372117  0.056589548358  0.032926928626  0.023460927285  0.019314858408  0.016227027385  0.025554387166  0.022417613045  0.006037834951  0.000000000000  0.018293583441  0.027704852385  0.011107176645  0.022453594046  0.039321396196  0.028689289965  0.037171811715  0.035005521695  
crossoptilon_crossoptilon 0.028649476232  0.053311885049  0.028711805466  0.019314858408  0.015197077953  0.012129480887  0.021392527502  0.018279388300  0.012120430296  0.018293583441  0.000000000000  0.023520995911  0.007044754203  0.018309479944  0.035059867650  0.024506515348  0.032926928626  0.030780249525  
syrmaticus_ellioti 0.038215403996  0.061095712014  0.038310688288  0.028736055557  0.024547204993  0.021429591189  0.030855019303  0.027680072992  0.021410204765  0.027704852385  0.023520995911  0.000000000000  0.016255910073  0.027731357002  0.042600728716  0.034020790656  0.042600728716  0.040399811035  
lophura_swinhoii 0.021349784449  0.045683982779  0.021392527502  0.012120430296  0.008053269792  0.005021627461  0.014169334906  0.011099250048  0.005018679861  0.011107176645  0.007044754203  0.016255910073  0.000000000000  0.011116783576  0.027657022128  0.017246148268  0.025554387166  0.023444342246  
lophura_nycthemera 0.016196433799  0.042464257778  0.018293583441  0.009069080293  0.007044754203  0.006037834951  0.015209529466  0.012129480887  0.016227027385  0.022453594046  0.018309479944  0.027731357002  0.011116783576  0.000000000000  0.024525999947  0.014169334906  0.022434745973  0.018266897907  
rollulus_rouloul 0.022434745973  0.051188895916  0.026649992348  0.019347264012  0.021376562760  0.022434745973  0.031864004665  0.028689289965  0.032901322976  0.039321396196  0.035059867650  0.042600728716  0.027657022128  0.024525999947  0.000000000000  0.018327074459  0.024570127152  0.024547204993  
melgal2    0.012120430296  0.042495701606  0.018309479944  0.009076448616  0.013135298120  0.012120430296  0.021376562760  0.018266897907  0.022402198648  0.028689289965  0.024506515348  0.034020790656  0.017246148268  0.014169334906  0.018327074459  0.000000000000  0.014193648754  0.014180647924  
galgal4    0.018279388300  0.051188895916  0.026649992348  0.017273935920  0.021376562760  0.020352568238  0.029745195666  0.026584425008  0.030780249525  0.037171811715  0.032926928626  0.042600728716  0.025554387166  0.022434745973  0.024570127152  0.014193648754  0.000000000000  0.020369079764  
alectoris_rufa 0.004013254445  0.048955521622  0.023479233488  0.015197077953  0.019289282126  0.018266897907  0.027616119382  0.024472720992  0.028649476232  0.035005521695  0.030780249525  0.040399811035  0.023444342246  0.018266897907  0.024547204993  0.014180647924  0.020369079764  0.000000000000  

