18
chrysolophus_pictus 0.000000000000  0.002002872947  0.001000772611  0.010082583692  0.006028808656  0.004011514615  0.001000772611  0.003007177437  0.003007177437  0.022473290600  0.011122142691  0.008055054848  0.006033413330  0.001000772611  0.004013695798  0.004013695798  0.001000772611  0.001000772611  
lophura_swinhoii 0.002002872947  0.000000000000  0.001001096655  0.010090332997  0.006033413330  0.004013695798  0.001001096655  0.003009898861  0.003009898861  0.022496279806  0.011134668716  0.008062104582  0.006039770706  0.001001096655  0.004017623854  0.004017623854  0.001001096655  0.001001096655  
lophura_inornata 0.001000772611  0.001001096655  0.000000000000  0.009071559898  0.005022437814  0.003007177437  0.000000000000  0.002004393046  0.002004393046  0.021449478962  0.010111130903  0.007046632260  0.005027577842  0.000000000000  0.003009898861  0.003009898861  0.000000000000  0.000000000000  
galgal4    0.010082583692  0.010090332997  0.009071559898  0.000000000000  0.014175572048  0.012124491651  0.009071559898  0.011111384288  0.011111384288  0.030892808383  0.019363049582  0.016235907662  0.014188309781  0.009071559898  0.012134723984  0.012134723984  0.009071559898  0.009071559898  
perdix_dauuricae 0.006028808656  0.006033413330  0.005022437814  0.014175572048  0.000000000000  0.006039770706  0.005022437814  0.007046632260  0.007046632260  0.026679391198  0.015234358186  0.012134723984  0.010099849651  0.005022437814  0.008062104582  0.008062104582  0.005022437814  0.005022437814  
melgal2    0.004011514615  0.004013695798  0.003007177437  0.012124491651  0.006039770706  0.000000000000  0.003007177437  0.005022437814  0.005022437814  0.024571497693  0.013173621031  0.010090332997  0.008062104582  0.003007177437  0.006033413330  0.006033413330  0.003007177437  0.003007177437  
syrmaticus_reevesii 0.001000772611  0.001001096655  0.000000000000  0.009071559898  0.005022437814  0.003007177437  0.000000000000  0.002004393046  0.002004393046  0.021449478962  0.010111130903  0.007046632260  0.005027577842  0.000000000000  0.003009898861  0.003009898861  0.000000000000  0.000000000000  
lophophorus_impejanus 0.003007177437  0.003009898861  0.002004393046  0.011111384288  0.007046632260  0.005022437814  0.002004393046  0.000000000000  0.000000000000  0.019363049582  0.008070912926  0.005022437814  0.005027577842  0.002004393046  0.005027577842  0.005027577842  0.002004393046  0.002004393046  
tragopan_blythii 0.003007177437  0.003009898861  0.002004393046  0.011111384288  0.007046632260  0.005022437814  0.002004393046  0.000000000000  0.000000000000  0.019363049582  0.008070912926  0.005022437814  0.005027577842  0.002004393046  0.005027577842  0.005027577842  0.002004393046  0.002004393046  
cyrtonyx_montezumae 0.022473290600  0.022496279806  0.021449478962  0.030892808383  0.026679391198  0.024571497693  0.021449478962  0.019363049582  0.019363049582  0.000000000000  0.023545486067  0.020384681304  0.024597108825  0.021449478962  0.024597108825  0.024597108825  0.021449478962  0.021449478962  
pavo_cristatus 0.011122142691  0.011134668716  0.010111130903  0.019363049582  0.015234358186  0.013173621031  0.010111130903  0.008070912926  0.008070912926  0.023545486067  0.000000000000  0.009079840341  0.013188653428  0.010111130903  0.013188653428  0.013188653428  0.010111130903  0.010111130903  
rollulus_rouloul 0.008055054848  0.008062104582  0.007046632260  0.016235907662  0.012134723984  0.010090332997  0.007046632260  0.005022437814  0.005022437814  0.020384681304  0.009079840341  0.000000000000  0.010099849651  0.007046632260  0.010099849651  0.010099849651  0.007046632260  0.007046632260  
phasianus_colchicus 0.006033413330  0.006039770706  0.005027577842  0.014188309781  0.010099849651  0.008062104582  0.005027577842  0.005027577842  0.005027577842  0.024597108825  0.013188653428  0.010099849651  0.000000000000  0.005027577842  0.008070912926  0.008070912926  0.005027577842  0.005027577842  
syrmaticus_ellioti 0.001000772611  0.001001096655  0.000000000000  0.009071559898  0.005022437814  0.003007177437  0.000000000000  0.002004393046  0.002004393046  0.021449478962  0.010111130903  0.007046632260  0.005027577842  0.000000000000  0.003009898861  0.003009898861  0.000000000000  0.000000000000  
catreus_wallichi 0.004013695798  0.004017623854  0.003009898861  0.012134723984  0.008062104582  0.006033413330  0.003009898861  0.005027577842  0.005027577842  0.024597108825  0.013188653428  0.010099849651  0.008070912926  0.003009898861  0.000000000000  0.000000000000  0.003009898861  0.003009898861  
crossoptilon_crossoptilon 0.004013695798  0.004017623854  0.003009898861  0.012134723984  0.008062104582  0.006033413330  0.003009898861  0.005027577842  0.005027577842  0.024597108825  0.013188653428  0.010099849651  0.008070912926  0.003009898861  0.000000000000  0.000000000000  0.003009898861  0.003009898861  
lophura_nycthemera 0.001000772611  0.001001096655  0.000000000000  0.009071559898  0.005022437814  0.003007177437  0.000000000000  0.002004393046  0.002004393046  0.021449478962  0.010111130903  0.007046632260  0.005027577842  0.000000000000  0.003009898861  0.003009898861  0.000000000000  0.000000000000  
alectoris_rufa 0.001000772611  0.001001096655  0.000000000000  0.009071559898  0.005022437814  0.003007177437  0.000000000000  0.002004393046  0.002004393046  0.021449478962  0.010111130903  0.007046632260  0.005027577842  0.000000000000  0.003009898861  0.003009898861  0.000000000000  0.000000000000  

