18
pavo_cristatus 0.000000000000  0.054475067558  0.050149492360  0.078984415280  0.053246785091  0.057669587891  0.053246785091  0.075472763276  0.056518894715  0.062039310322  0.058737799812  0.058695751465  0.060966921404  0.059766125656  0.054389061676  0.049991198297  0.059851077670  0.101701271909  
galgal4    0.054475067558  0.000000000000  0.018276394614  0.063255522162  0.036035402315  0.040321817197  0.036035402315  0.056518894715  0.039218784332  0.045664800763  0.041369039415  0.042417902922  0.043528887234  0.043468413374  0.033929825065  0.030750093745  0.040292718110  0.080840494896  
rollulus_rouloul 0.050149492360  0.018276394614  0.000000000000  0.057759938071  0.030771670240  0.035020784581  0.030771670240  0.052185136307  0.033929825065  0.040321817197  0.036061307645  0.037103453432  0.038202215829  0.038147227513  0.030794932967  0.025529537350  0.034994393344  0.076355760607  
perdix_dauuricae 0.078984415280  0.063255522162  0.057759938071  0.000000000000  0.027673248545  0.032973624051  0.027673248545  0.049010206364  0.030819878980  0.037189942199  0.032944584500  0.033981878702  0.035078655650  0.035020784581  0.043710271921  0.036149229210  0.045809647775  0.102695523363  
phasianus_colchicus 0.053246785091  0.036035402315  0.030771670240  0.027673248545  0.000000000000  0.005025998110  0.000000000000  0.020334008255  0.003006909166  0.009068346704  0.005021404692  0.006027727556  0.007044317517  0.007035589511  0.015221568025  0.008058952456  0.017256555271  0.075004393494  
catreus_wallichi 0.057669587891  0.040321817197  0.035020784581  0.032973624051  0.005025998110  0.000000000000  0.005025998110  0.024501143074  0.008058952456  0.014178870725  0.010094623952  0.011106087370  0.012138891017  0.012119100308  0.019362576753  0.012138891017  0.021406135401  0.077274072023  
lophura_swinhoii 0.053246785091  0.036035402315  0.030771670240  0.027673248545  0.000000000000  0.005025998110  0.000000000000  0.020334008255  0.003006909166  0.009068346704  0.005021404692  0.006027727556  0.007044317517  0.007035589511  0.015221568025  0.008058952456  0.017256555271  0.075004393494  
cyrtonyx_montezumae 0.075472763276  0.056518894715  0.052185136307  0.049010206364  0.020334008255  0.024501143074  0.020334008255  0.000000000000  0.019311527942  0.025548555329  0.021388457962  0.022413092213  0.023474336274  0.023439309410  0.036118224006  0.028681897945  0.036061307645  0.096709070372  
crossoptilon_crossoptilon 0.056518894715  0.039218784332  0.033929825065  0.030819878980  0.003006909166  0.008058952456  0.003006909166  0.019311527942  0.000000000000  0.008058952456  0.004016615716  0.005021404692  0.006037489360  0.006027727556  0.018306489937  0.011106087370  0.020348879216  0.078372201558  
syrmaticus_reevesii 0.062039310322  0.045664800763  0.040321817197  0.037189942199  0.009068346704  0.014178870725  0.009068346704  0.025548555329  0.008058952456  0.000000000000  0.010094623952  0.011106087370  0.012138891017  0.012119100308  0.024541828778  0.017256555271  0.026598238520  0.082904539263  
syrmaticus_ellioti 0.058737799812  0.041369039415  0.036061307645  0.032944584500  0.005021404692  0.010094623952  0.005021404692  0.021388457962  0.004016615716  0.010094623952  0.000000000000  0.007044317517  0.008066833800  0.008052683682  0.020383571505  0.013152441125  0.022430273765  0.080655167445  
chrysolophus_pictus 0.058695751465  0.042417902922  0.037103453432  0.033981878702  0.006027727556  0.011106087370  0.006027727556  0.022413092213  0.005021404692  0.011106087370  0.007044317517  0.000000000000  0.009075718278  0.009062593069  0.021406135401  0.014167545016  0.023455991949  0.081757695955  
lophura_inornata 0.060966921404  0.043528887234  0.038202215829  0.035078655650  0.007044317517  0.012138891017  0.007044317517  0.023474336274  0.006037489360  0.012138891017  0.008066833800  0.009075718278  0.000000000000  0.010086144935  0.022469602674  0.015207481090  0.024520655200  0.082948949691  
lophura_nycthemera 0.059766125656  0.043468413374  0.038147227513  0.035020784581  0.007035589511  0.012119100308  0.007035589511  0.023439309410  0.006027727556  0.012119100308  0.008052683682  0.009062593069  0.010086144935  0.000000000000  0.022430273765  0.015184207968  0.024483295337  0.082862033061  
melgal2    0.054389061676  0.033929825065  0.030794932967  0.043710271921  0.015221568025  0.019362576753  0.015221568025  0.036118224006  0.018306489937  0.024541828778  0.020383571505  0.021406135401  0.022469602674  0.022430273765  0.000000000000  0.009084704819  0.018306489937  0.075042849357  
lophophorus_impejanus 0.049991198297  0.030750093745  0.025529537350  0.036149229210  0.008058952456  0.012138891017  0.008058952456  0.028681897945  0.011106087370  0.017256555271  0.013152441125  0.014167545016  0.015207481090  0.015184207968  0.009084704819  0.000000000000  0.009068346704  0.069407999417  
tragopan_blythii 0.059851077670  0.040292718110  0.034994393344  0.045809647775  0.017256555271  0.021406135401  0.017256555271  0.036061307645  0.020348879216  0.026598238520  0.022430273765  0.023455991949  0.024520655200  0.024483295337  0.018306489937  0.009068346704  0.000000000000  0.074967811693  
alectoris_rufa 0.101701271909  0.080840494896  0.076355760607  0.102695523363  0.075004393494  0.077274072023  0.075004393494  0.096709070372  0.078372201558  0.082904539263  0.080655167445  0.081757695955  0.082948949691  0.082862033061  0.075042849357  0.069407999417  0.074967811693  0.000000000000  

