18
lophura_inornata 0.000000000000  0.003009180447  0.009067517977  0.003006841016  0.022393072194  0.011090913286  0.005021137005  0.020397008827  0.020397008827  0.009074630430  0.006031384891  0.003006841016  0.001000755259  0.002002776044  0.006025079765  0.001000755259  0.001000755259  0.001000755259  
syrmaticus_ellioti 0.003009180447  0.000000000000  0.010085060214  0.006031384891  0.025523167044  0.014156126790  0.008058123011  0.023530677657  0.023530677657  0.012136810349  0.009074630430  0.006031384891  0.004012958534  0.005021137005  0.009061970835  0.004012958534  0.004012958534  0.004012958534  
rollulus_rouloul 0.009067517977  0.010085060214  0.000000000000  0.012117717050  0.031798189360  0.020317347094  0.014165472436  0.029801392540  0.029801392540  0.018286721743  0.015192554006  0.012117717050  0.010078446346  0.011097025510  0.015173274003  0.010078446346  0.010078446346  0.010078446346  
melgal2    0.003006841016  0.006031384891  0.012117717050  0.000000000000  0.023450309357  0.012117717050  0.006036872466  0.021461179086  0.021461179086  0.010102987640  0.007050256308  0.004016343049  0.002004074652  0.003009180447  0.007038722986  0.002004074652  0.002004074652  0.002004074652  
cyrtonyx_montezumae 0.022393072194  0.025523167044  0.031798189360  0.023450309357  0.000000000000  0.026658518908  0.024494795114  0.039355226112  0.039355226112  0.029750733884  0.026590440038  0.023450309357  0.021367964209  0.022408035504  0.026553119743  0.021367964209  0.021367964209  0.021367964209  
tragopan_blythii 0.011090913286  0.014156126790  0.020317347094  0.012117717050  0.026658518908  0.000000000000  0.014165472436  0.029801392540  0.029801392540  0.018286721743  0.015192554006  0.012117717050  0.010078446346  0.011097025510  0.015173274003  0.010078446346  0.010078446346  0.010078446346  
chrysolophus_pictus 0.005021137005  0.008058123011  0.014165472436  0.006036872466  0.024494795114  0.014165472436  0.000000000000  0.023554764772  0.023554764772  0.012148712164  0.009083305222  0.006036872466  0.004016343049  0.005025570893  0.009067517977  0.004016343049  0.004016343049  0.004016343049  
phasianus_colchicus 0.020397008827  0.023530677657  0.029801392540  0.021461179086  0.039355226112  0.029801392540  0.023554764772  0.000000000000  0.000000000000  0.017300536601  0.018337404452  0.021461179086  0.019376461298  0.020417716403  0.022462539800  0.019376461298  0.019376461298  0.019376461298  
galgal4    0.020397008827  0.023530677657  0.029801392540  0.021461179086  0.039355226112  0.029801392540  0.023554764772  0.000000000000  0.000000000000  0.017300536601  0.018337404452  0.021461179086  0.019376461298  0.020417716403  0.022462539800  0.019376461298  0.019376461298  0.019376461298  
pavo_cristatus 0.009074630430  0.012136810349  0.018286721743  0.010102987640  0.029750733884  0.018286721743  0.012148712164  0.017300536601  0.017300536601  0.000000000000  0.007050256308  0.010102987640  0.008065731012  0.009083305222  0.011104710524  0.008065731012  0.008065731012  0.008065731012  
perdix_dauuricae 0.006031384891  0.009074630430  0.015192554006  0.007050256308  0.026590440038  0.015192554006  0.009083305222  0.018337404452  0.018337404452  0.007050256308  0.000000000000  0.007050256308  0.005025570893  0.006036872466  0.010085060214  0.005025570893  0.005025570893  0.005025570893  
lophura_nycthemera 0.003006841016  0.006031384891  0.012117717050  0.004016343049  0.023450309357  0.012117717050  0.006036872466  0.021461179086  0.021461179086  0.010102987640  0.007050256308  0.000000000000  0.002004074652  0.003009180447  0.007038722986  0.002004074652  0.002004074652  0.002004074652  
crossoptilon_crossoptilon 0.001000755259  0.004012958534  0.010078446346  0.002004074652  0.021367964209  0.010078446346  0.004016343049  0.019376461298  0.019376461298  0.008065731012  0.005025570893  0.002004074652  0.000000000000  0.001001017281  0.005018256602  0.000000000000  0.000000000000  0.000000000000  
syrmaticus_reevesii 0.002002776044  0.005021137005  0.011097025510  0.003009180447  0.022408035504  0.011097025510  0.005025570893  0.020417716403  0.020417716403  0.009083305222  0.006036872466  0.003009180447  0.001001017281  0.000000000000  0.006027452994  0.001001017281  0.001001017281  0.001001017281  
lophophorus_impejanus 0.006025079765  0.009061970835  0.015173274003  0.007038722986  0.026553119743  0.015173274003  0.009067517977  0.022462539800  0.022462539800  0.011104710524  0.010085060214  0.007038722986  0.005018256602  0.006027452994  0.000000000000  0.005018256602  0.005018256602  0.005018256602  
catreus_wallichi 0.001000755259  0.004012958534  0.010078446346  0.002004074652  0.021367964209  0.010078446346  0.004016343049  0.019376461298  0.019376461298  0.008065731012  0.005025570893  0.002004074652  0.000000000000  0.001001017281  0.005018256602  0.000000000000  0.000000000000  0.000000000000  
lophura_swinhoii 0.001000755259  0.004012958534  0.010078446346  0.002004074652  0.021367964209  0.010078446346  0.004016343049  0.019376461298  0.019376461298  0.008065731012  0.005025570893  0.002004074652  0.000000000000  0.001001017281  0.005018256602  0.000000000000  0.000000000000  0.000000000000  
alectoris_rufa 0.001000755259  0.004012958534  0.010078446346  0.002004074652  0.021367964209  0.010078446346  0.004016343049  0.019376461298  0.019376461298  0.008065731012  0.005025570893  0.002004074652  0.000000000000  0.001001017281  0.005018256602  0.000000000000  0.000000000000  0.000000000000  

