18
cyrtonyx_montezumae 0.000000000000  0.069574669612  0.070583804997  0.070583804997  0.069460284803  0.075103910740  0.073930143121  0.086288949870  0.072800156100  0.067254646147  0.067254646147  0.084120702944  0.079531974659  0.065055817753  0.068306171549  0.076157321998  0.060617611769  0.082881020516  
rollulus_rouloul 0.069574669612  0.000000000000  0.046529634871  0.046529634871  0.045452990733  0.050860103102  0.047588859980  0.059463239355  0.049751628028  0.043323480898  0.043323480898  0.062801388099  0.055200823155  0.041200291622  0.046511056833  0.055174102175  0.038035423710  0.062746223120  
crossoptilon_crossoptilon 0.070583804997  0.046529634871  0.000000000000  0.000000000000  0.005018341323  0.011091354300  0.008047817537  0.020298079144  0.009062281598  0.003006875080  0.003006875080  0.025480227043  0.019274052515  0.005018341323  0.008047817537  0.032785053927  0.018235130356  0.041200291622  
chrysolophus_pictus 0.070583804997  0.046529634871  0.000000000000  0.000000000000  0.005018341323  0.011091354300  0.008047817537  0.020298079144  0.009062281598  0.003006875080  0.003006875080  0.025480227043  0.019274052515  0.005018341323  0.008047817537  0.032785053927  0.018235130356  0.041200291622  
catreus_wallichi 0.069460284803  0.045452990733  0.005018341323  0.005018341323  0.000000000000  0.010073745495  0.009062281598  0.019265515557  0.008047817537  0.002002788092  0.002002788092  0.024437772746  0.018242552730  0.004011173694  0.007035456241  0.031730299956  0.017206914370  0.040133001102  
syrmaticus_ellioti 0.075103910740  0.050860103102  0.011091354300  0.011091354300  0.010073745495  0.000000000000  0.012105407178  0.025468212870  0.014149091285  0.008047817537  0.008047817537  0.030692250330  0.022359515538  0.010073745495  0.013126180286  0.037026996736  0.022369778459  0.045492930693  
syrmaticus_reevesii 0.073930143121  0.047588859980  0.008047817537  0.008047817537  0.009062281598  0.012105407178  0.000000000000  0.024437772746  0.013132954732  0.007038928867  0.007038928867  0.029655821159  0.023408932823  0.009062281598  0.012111087749  0.035944447237  0.021323693811  0.044396605461  
lophura_inornata 0.086288949870  0.059463239355  0.020298079144  0.020298079144  0.019265515557  0.025468212870  0.024437772746  0.000000000000  0.023397538724  0.017213226850  0.017213226850  0.040167790960  0.033825841952  0.019265515557  0.022359515538  0.045472093081  0.032756584575  0.056219373336  
phasianus_colchicus 0.072800156100  0.049751628028  0.009062281598  0.009062281598  0.008047817537  0.014149091285  0.013132954732  0.023397538724  0.000000000000  0.006027590174  0.006027590174  0.028605548220  0.022369778459  0.008047817537  0.011091354300  0.034883995838  0.021323693811  0.044396605461  
lophura_swinhoii 0.067254646147  0.043323480898  0.003006875080  0.003006875080  0.002002788092  0.008047817537  0.007038928867  0.017213226850  0.006027590174  0.000000000000  0.000000000000  0.022369778459  0.016192901579  0.002002788092  0.005018341323  0.029640874493  0.015161060288  0.038019552680  
lophura_nycthemera 0.067254646147  0.043323480898  0.003006875080  0.003006875080  0.002002788092  0.008047817537  0.007038928867  0.017213226850  0.006027590174  0.000000000000  0.000000000000  0.022369778459  0.016192901579  0.002002788092  0.005018341323  0.029640874493  0.015161060288  0.038019552680  
melgal2    0.084120702944  0.062801388099  0.025480227043  0.025480227043  0.024437772746  0.030692250330  0.029655821159  0.040167790960  0.028605548220  0.022369778459  0.022369778459  0.000000000000  0.034901420046  0.020307735407  0.025468212870  0.046572011522  0.033825841952  0.055200823155  
perdix_dauuricae 0.079531974659  0.055200823155  0.019274052515  0.019274052515  0.018242552730  0.022359515538  0.023408932823  0.033825841952  0.022369778459  0.016192901579  0.016192901579  0.034901420046  0.000000000000  0.014149091285  0.019265515557  0.042309508893  0.025457858631  0.046511056833  
tragopan_blythii 0.065055817753  0.041200291622  0.005018341323  0.005018341323  0.004011173694  0.010073745495  0.009062281598  0.019265515557  0.008047817537  0.002002788092  0.002002788092  0.020307735407  0.014149091285  0.000000000000  0.005017007201  0.027557528949  0.013121021127  0.035912325849  
lophophorus_impejanus 0.068306171549  0.046511056833  0.008047817537  0.008047817537  0.007035456241  0.013126180286  0.012111087749  0.022359515538  0.011091354300  0.005018341323  0.005018341323  0.025468212870  0.019265515557  0.005017007201  0.000000000000  0.032769975647  0.018229344499  0.041184279562  
galgal4    0.076157321998  0.055174102175  0.032785053927  0.032785053927  0.031730299956  0.037026996736  0.035944447237  0.045472093081  0.034883995838  0.029640874493  0.029640874493  0.046572011522  0.042309508893  0.027557528949  0.032769975647  0.000000000000  0.025468212870  0.046572011522  
pavo_cristatus 0.060617611769  0.038035423710  0.018235130356  0.018235130356  0.017206914370  0.022369778459  0.021323693811  0.032756584575  0.021323693811  0.015161060288  0.015161060288  0.033825841952  0.025457858631  0.013121021127  0.018229344499  0.025468212870  0.000000000000  0.032744883920  
alectoris_rufa 0.082881020516  0.062746223120  0.041200291622  0.041200291622  0.040133001102  0.045492930693  0.044396605461  0.056219373336  0.044396605461  0.038019552680  0.038019552680  0.055200823155  0.046511056833  0.035912325849  0.041184279562  0.046572011522  0.032744883920  0.000000000000  

