18
perdix_dauuricae 0.000000000000  0.044691266401  0.025517208837  0.029749006348  0.097904323956  0.045782193620  0.044729640576  0.073273930779  0.035042168046  0.038261792324  0.027637110201  0.027637110201  0.022415339760  0.068872757223  0.032935265255  0.024487455101  0.031799336857  0.055527670251  
melgal2    0.044691266401  0.000000000000  0.045708317206  0.050128546033  0.116163935590  0.066768498167  0.066828551775  0.095248772669  0.058870979518  0.060094769451  0.049028535938  0.049028535938  0.043602937473  0.090714143073  0.052336542369  0.045744305222  0.052208645013  0.072494337413  
catreus_wallichi 0.025517208837  0.045708317206  0.000000000000  0.015204586101  0.082604180984  0.027659276488  0.029800464529  0.058777879167  0.020334500030  0.021407906229  0.011102436141  0.011102436141  0.006028828565  0.054462250287  0.017269554001  0.009065088775  0.015173482897  0.046729952959  
syrmaticus_ellioti 0.029749006348  0.050128546033  0.015204586101  0.000000000000  0.088577135579  0.032994762870  0.033027275930  0.061063016229  0.022432809381  0.023521045008  0.014188269177  0.014188269177  0.009079812608  0.058971895066  0.020404909400  0.012134709268  0.018275449319  0.052249350332  
cyrtonyx_montezumae 0.097904323956  0.116163935590  0.082604180984  0.088577135579  0.000000000000  0.058920461703  0.084004013787  0.114294792274  0.079104747432  0.083926166970  0.074668951609  0.074668951609  0.078077560131  0.124663508494  0.089766505225  0.080337117114  0.085982784567  0.111175381087  
tragopan_blythii 0.045782193620  0.066768498167  0.027659276488  0.032994762870  0.058920461703  0.000000000000  0.028796758325  0.062136894360  0.022415339760  0.026652839978  0.018305547894  0.018305547894  0.023498661038  0.070132681400  0.035136768317  0.026628340955  0.032908286065  0.065520784485  
rollulus_rouloul 0.044729640576  0.066828551775  0.029800464529  0.033027275930  0.084004013787  0.028796758325  0.000000000000  0.064443080065  0.023478086393  0.024571326060  0.018323284588  0.018323284588  0.023521045008  0.069050231343  0.033027275930  0.026652839978  0.032935265255  0.063313611798  
pavo_cristatus 0.073273930779  0.095248772669  0.058777879167  0.061063016229  0.114294792274  0.062136894360  0.064443080065  0.000000000000  0.050009279382  0.050086871755  0.048949965114  0.048949965114  0.054418647732  0.092787781052  0.066710426575  0.057707771307  0.064289882919  0.092715418495  
lophura_swinhoii 0.035042168046  0.058870979518  0.020334500030  0.022432809381  0.079104747432  0.022415339760  0.023478086393  0.050009279382  0.000000000000  0.011111379786  0.009065088775  0.009065088775  0.014164691162  0.062186928418  0.025575841127  0.017241992529  0.023427246009  0.055443375861  
lophura_inornata 0.038261792324  0.060094769451  0.021407906229  0.023521045008  0.083926166970  0.026652839978  0.024571326060  0.050086871755  0.011111379786  0.000000000000  0.010099810284  0.010099810284  0.015218520343  0.063422598397  0.026679158116  0.018305547894  0.024505698504  0.056639390932  
phasianus_colchicus 0.027637110201  0.049028535938  0.011102436141  0.014188269177  0.074668951609  0.018305547894  0.018323284588  0.048949965114  0.009065088775  0.010099810284  0.000000000000  0.000000000000  0.005022438839  0.053398542984  0.016251099591  0.008055070261  0.014155572448  0.047855442905  
chrysolophus_pictus 0.027637110201  0.049028535938  0.011102436141  0.014188269177  0.074668951609  0.018305547894  0.018323284588  0.048949965114  0.009065088775  0.010099810284  0.000000000000  0.000000000000  0.005022438839  0.053398542984  0.016251099591  0.008055070261  0.014155572448  0.047855442905  
lophura_nycthemera 0.022415339760  0.043602937473  0.006028828565  0.009079812608  0.078077560131  0.023498661038  0.023521045008  0.054418647732  0.014164691162  0.015218520343  0.005022438839  0.005022438839  0.000000000000  0.049028535938  0.011122089883  0.003007182395  0.009060370436  0.042451716860  
galgal4    0.068872757223  0.090714143073  0.054462250287  0.058971895066  0.124663508494  0.070132681400  0.069050231343  0.092787781052  0.062186928418  0.063422598397  0.053398542984  0.053398542984  0.049028535938  0.000000000000  0.045708317206  0.045782193620  0.054376983479  0.089377267648  
lophophorus_impejanus 0.032935265255  0.052336542369  0.017269554001  0.020404909400  0.089766505225  0.035136768317  0.033027275930  0.066710426575  0.025575841127  0.026679158116  0.016251099591  0.016251099591  0.011122089883  0.045708317206  0.000000000000  0.010090336910  0.020349401372  0.053354460741  
syrmaticus_reevesii 0.024487455101  0.045744305222  0.009065088775  0.012134709268  0.080337117114  0.026628340955  0.026652839978  0.057707771307  0.017241992529  0.018305547894  0.008055070261  0.008055070261  0.003007182395  0.045782193620  0.010090336910  0.000000000000  0.012109480172  0.044587519031  
crossoptilon_crossoptilon 0.031799336857  0.052208645013  0.015173482897  0.018275449319  0.085982784567  0.032908286065  0.032935265255  0.064289882919  0.023427246009  0.024505698504  0.014155572448  0.014155572448  0.009060370436  0.054376983479  0.020349401372  0.012109480172  0.000000000000  0.051034888321  
alectoris_rufa 0.055527670251  0.072494337413  0.046729952959  0.052249350332  0.111175381087  0.065520784485  0.063313611798  0.092715418495  0.055443375861  0.056639390932  0.047855442905  0.047855442905  0.042451716860  0.089377267648  0.053354460741  0.044587519031  0.051034888321  0.000000000000  

