18
galgal4    0.000000000000  0.003009169248  0.007043663230  0.006031351640  0.006031351640  0.006031351640  0.006031351640  0.006031351640  0.018318545918  0.017229305715  0.006031351640  0.006031351640  0.007050194665  0.012126342585  0.009074546693  0.015217905106  0.005025539614  0.007050194665  
pavo_cristatus 0.003009169248  0.000000000000  0.005021115399  0.004012946016  0.004012946016  0.004012946016  0.004012946016  0.004012946016  0.016249285785  0.015173120625  0.004012946016  0.004012946016  0.004016323085  0.009067450247  0.006031351640  0.012136652351  0.002004069688  0.008065650277  
lophura_inornata 0.007043663230  0.005021115399  0.000000000000  0.001001016043  0.001001016043  0.001001016043  0.001001016043  0.001001016043  0.013174555790  0.012110434021  0.001001016043  0.001001016043  0.007043663230  0.012117602150  0.009067450247  0.015204341732  0.005021115399  0.012136652351  
phasianus_colchicus 0.006031351640  0.004012946016  0.001001016043  0.000000000000  0.000000000000  0.000000000000  0.000000000000  0.000000000000  0.012148528497  0.011090836316  0.000000000000  0.000000000000  0.006031351640  0.011096933410  0.008052024552  0.014176204304  0.004012946016  0.011113834779  
lophura_nycthemera 0.006031351640  0.004012946016  0.001001016043  0.000000000000  0.000000000000  0.000000000000  0.000000000000  0.000000000000  0.012148528497  0.011090836316  0.000000000000  0.000000000000  0.006031351640  0.011096933410  0.008052024552  0.014176204304  0.004012946016  0.011113834779  
crossoptilon_crossoptilon 0.006031351640  0.004012946016  0.001001016043  0.000000000000  0.000000000000  0.000000000000  0.000000000000  0.000000000000  0.012148528497  0.011090836316  0.000000000000  0.000000000000  0.006031351640  0.011096933410  0.008052024552  0.014176204304  0.004012946016  0.011113834779  
syrmaticus_ellioti 0.006031351640  0.004012946016  0.001001016043  0.000000000000  0.000000000000  0.000000000000  0.000000000000  0.000000000000  0.012148528497  0.011090836316  0.000000000000  0.000000000000  0.006031351640  0.011096933410  0.008052024552  0.014176204304  0.004012946016  0.011113834779  
lophura_swinhoii 0.006031351640  0.004012946016  0.001001016043  0.000000000000  0.000000000000  0.000000000000  0.000000000000  0.000000000000  0.012148528497  0.011090836316  0.000000000000  0.000000000000  0.006031351640  0.011096933410  0.008052024552  0.014176204304  0.004012946016  0.011113834779  
chrysolophus_pictus 0.018318545918  0.016249285785  0.013174555790  0.012148528497  0.012148528497  0.012148528497  0.012148528497  0.012148528497  0.000000000000  0.017240309542  0.012148528497  0.012148528497  0.016249285785  0.023486744331  0.020377454327  0.026657739166  0.016249285785  0.023530034180  
tragopan_blythii 0.017229305715  0.015173120625  0.012110434021  0.011090836316  0.011090836316  0.011090836316  0.011090836316  0.011090836316  0.017240309542  0.000000000000  0.011090836316  0.011090836316  0.015173120625  0.022379370475  0.019282500950  0.025522641524  0.015173120625  0.020329760577  
syrmaticus_reevesii 0.006031351640  0.004012946016  0.001001016043  0.000000000000  0.000000000000  0.000000000000  0.000000000000  0.000000000000  0.012148528497  0.011090836316  0.000000000000  0.000000000000  0.006031351640  0.011096933410  0.008052024552  0.014176204304  0.004012946016  0.011113834779  
catreus_wallichi 0.006031351640  0.004012946016  0.001001016043  0.000000000000  0.000000000000  0.000000000000  0.000000000000  0.000000000000  0.012148528497  0.011090836316  0.000000000000  0.000000000000  0.006031351640  0.011096933410  0.008052024552  0.014176204304  0.004012946016  0.011113834779  
melgal2    0.007050194665  0.004016323085  0.007043663230  0.006031351640  0.006031351640  0.006031351640  0.006031351640  0.006031351640  0.016249285785  0.015173120625  0.006031351640  0.006031351640  0.000000000000  0.011104600559  0.008058058716  0.014188678618  0.004016323085  0.012148528497  
perdix_dauuricae 0.012126342585  0.009067450247  0.012117602150  0.011096933410  0.011096933410  0.011096933410  0.011096933410  0.011096933410  0.023486744331  0.022379370475  0.011096933410  0.011096933410  0.011104600559  0.000000000000  0.011096933410  0.015192354552  0.009067450247  0.017267074486  
lophophorus_impejanus 0.009074546693  0.006031351640  0.009067450247  0.008052024552  0.008052024552  0.008052024552  0.008052024552  0.008052024552  0.020377454327  0.019282500950  0.008052024552  0.008052024552  0.008058058716  0.011096933410  0.000000000000  0.008065650277  0.006031351640  0.014188678618  
cyrtonyx_montezumae 0.015217905106  0.012136652351  0.015204341732  0.014176204304  0.014176204304  0.014176204304  0.014176204304  0.014176204304  0.026657739166  0.025522641524  0.014176204304  0.014176204304  0.014188678618  0.015192354552  0.008065650277  0.000000000000  0.012136652351  0.020396531995  
rollulus_rouloul 0.005025539614  0.002004069688  0.005021115399  0.004012946016  0.004012946016  0.004012946016  0.004012946016  0.004012946016  0.016249285785  0.015173120625  0.004012946016  0.004012946016  0.004016323085  0.009067450247  0.006031351640  0.012136652351  0.000000000000  0.010102860796  
alectoris_rufa 0.007050194665  0.008065650277  0.012136652351  0.011113834779  0.011113834779  0.011113834779  0.011113834779  0.011113834779  0.023530034180  0.020329760577  0.011113834779  0.011113834779  0.012148528497  0.017267074486  0.014188678618  0.020396531995  0.010102860796  0.000000000000  

