18
syrmaticus_reevesii 0.000000000000  0.000000000000  0.000000000000  0.000000000000  0.000000000000  0.008071591988  0.010112198297  0.004017791615  0.012148021842  0.010112198297  0.019410594353  0.004017791615  0.004017791615  0.006040150412  0.004017791615  0.000000000000  0.000000000000  0.011112246011  
chrysolophus_pictus 0.000000000000  0.000000000000  0.000000000000  0.000000000000  0.000000000000  0.008071591988  0.010112198297  0.004017791615  0.012148021842  0.010112198297  0.019410594353  0.004017791615  0.004017791615  0.006040150412  0.004017791615  0.000000000000  0.000000000000  0.011112246011  
lophura_nycthemera 0.000000000000  0.000000000000  0.000000000000  0.000000000000  0.000000000000  0.008071591988  0.010112198297  0.004017791615  0.012148021842  0.010112198297  0.019410594353  0.004017791615  0.004017791615  0.006040150412  0.004017791615  0.000000000000  0.000000000000  0.011112246011  
crossoptilon_crossoptilon 0.000000000000  0.000000000000  0.000000000000  0.000000000000  0.000000000000  0.008071591988  0.010112198297  0.004017791615  0.012148021842  0.010112198297  0.019410594353  0.004017791615  0.004017791615  0.006040150412  0.004017791615  0.000000000000  0.000000000000  0.011112246011  
lophura_swinhoii 0.000000000000  0.000000000000  0.000000000000  0.000000000000  0.000000000000  0.008071591988  0.010112198297  0.004017791615  0.012148021842  0.010112198297  0.019410594353  0.004017791615  0.004017791615  0.006040150412  0.004017791615  0.000000000000  0.000000000000  0.011112246011  
cyrtonyx_montezumae 0.008071591988  0.008071591988  0.008071591988  0.008071591988  0.008071591988  0.000000000000  0.002004434739  0.004017791615  0.012148021842  0.010112198297  0.019410594353  0.004017791615  0.004017791615  0.006040150412  0.012162052406  0.008071591988  0.008071591988  0.019366196674  
pavo_cristatus 0.010112198297  0.010112198297  0.010112198297  0.010112198297  0.010112198297  0.002004434739  0.000000000000  0.006040150412  0.014204643473  0.012162052406  0.021503122429  0.006040150412  0.006040150412  0.008071591988  0.014221238516  0.010112198297  0.010112198297  0.021453435152  
syrmaticus_ellioti 0.004017791615  0.004017791615  0.004017791615  0.004017791615  0.004017791615  0.004017791615  0.006040150412  0.000000000000  0.008062621166  0.006040150412  0.015254357700  0.000000000000  0.000000000000  0.002004434739  0.008071591988  0.004017791615  0.004017791615  0.015220394251  
rollulus_rouloul 0.012148021842  0.012148021842  0.012148021842  0.012148021842  0.012148021842  0.012148021842  0.014204643473  0.008062621166  0.000000000000  0.008062621166  0.017307216305  0.008062621166  0.008062621166  0.010100709036  0.016270658966  0.012148021842  0.012148021842  0.023525592380  
lophophorus_impejanus 0.010112198297  0.010112198297  0.010112198297  0.010112198297  0.010112198297  0.010112198297  0.012162052406  0.006040150412  0.008062621166  0.000000000000  0.013190473653  0.006040150412  0.006040150412  0.008071591988  0.014221238516  0.010112198297  0.010112198297  0.021453435152  
galgal4    0.019410594353  0.019410594353  0.019410594353  0.019410594353  0.019410594353  0.019410594353  0.021503122429  0.015254357700  0.017307216305  0.013190473653  0.000000000000  0.015254357700  0.015254357700  0.017327702223  0.023605376021  0.019410594353  0.019410594353  0.028835565284  
tragopan_blythii 0.004017791615  0.004017791615  0.004017791615  0.004017791615  0.004017791615  0.004017791615  0.006040150412  0.000000000000  0.008062621166  0.006040150412  0.015254357700  0.000000000000  0.000000000000  0.002004434739  0.008071591988  0.004017791615  0.004017791615  0.015220394251  
melgal2    0.004017791615  0.004017791615  0.004017791615  0.004017791615  0.004017791615  0.004017791615  0.006040150412  0.000000000000  0.008062621166  0.006040150412  0.015254357700  0.000000000000  0.000000000000  0.002004434739  0.008071591988  0.004017791615  0.004017791615  0.015220394251  
perdix_dauuricae 0.006040150412  0.006040150412  0.006040150412  0.006040150412  0.006040150412  0.006040150412  0.008071591988  0.002004434739  0.010100709036  0.008071591988  0.017327702223  0.002004434739  0.002004434739  0.000000000000  0.010112198297  0.006040150412  0.006040150412  0.017288545599  
lophura_inornata 0.004017791615  0.004017791615  0.004017791615  0.004017791615  0.004017791615  0.012162052406  0.014221238516  0.008071591988  0.016270658966  0.014221238516  0.023605376021  0.008071591988  0.008071591988  0.010112198297  0.000000000000  0.004017791615  0.004017791615  0.015220394251  
catreus_wallichi 0.000000000000  0.000000000000  0.000000000000  0.000000000000  0.000000000000  0.008071591988  0.010112198297  0.004017791615  0.012148021842  0.010112198297  0.019410594353  0.004017791615  0.004017791615  0.006040150412  0.004017791615  0.000000000000  0.000000000000  0.011112246011  
phasianus_colchicus 0.000000000000  0.000000000000  0.000000000000  0.000000000000  0.000000000000  0.008071591988  0.010112198297  0.004017791615  0.012148021842  0.010112198297  0.019410594353  0.004017791615  0.004017791615  0.006040150412  0.004017791615  0.000000000000  0.000000000000  0.011112246011  
alectoris_rufa 0.011112246011  0.011112246011  0.011112246011  0.011112246011  0.011112246011  0.019366196674  0.021453435152  0.015220394251  0.023525592380  0.021453435152  0.028835565284  0.015220394251  0.015220394251  0.017288545599  0.015220394251  0.011112246011  0.011112246011  0.000000000000  

