18
cyrtonyx_montezumae 0.000000000000  0.054019487697  0.068257553842  0.066005517275  0.075971601417  0.071504693303  0.073747429796  0.071504693303  0.092863096416  0.155467229992  0.087267686276  0.092934439129  0.082686476977  0.080412222565  0.073721067628  0.066005517275  0.065000969768  0.055109368508  
pavo_cristatus 0.054019487697  0.000000000000  0.031815660187  0.025517090230  0.034933988518  0.030718494577  0.032832427070  0.030718494577  0.050885073390  0.136842134933  0.046673535731  0.050939810042  0.043427959693  0.040204258478  0.032813130018  0.025517090230  0.026650953343  0.015209763832  
rollulus_rouloul 0.068257553842  0.031815660187  0.000000000000  0.031756216932  0.041254242526  0.037002139191  0.039134501684  0.037002139191  0.057400765619  0.136646423210  0.053097051595  0.058503432534  0.049822507085  0.046570228290  0.039114832530  0.031756216932  0.036100418544  0.024488063440  
lophophorus_impejanus 0.066005517275  0.025517090230  0.031756216932  0.000000000000  0.010074667842  0.006025455614  0.008048439030  0.006025455614  0.026496080045  0.113737450312  0.021348468956  0.026518453301  0.018245673595  0.016188269506  0.008045342458  0.000000000000  0.029744929428  0.018266321802  
phasianus_colchicus 0.075971601417  0.034933988518  0.041254242526  0.010074667842  0.000000000000  0.008059600141  0.010095692296  0.008059600141  0.029665021601  0.116369068162  0.023460642902  0.028647944134  0.020337286006  0.019300683044  0.010087024166  0.010074667842  0.040305644331  0.028630040007  
syrmaticus_reevesii 0.071504693303  0.030718494577  0.037002139191  0.006025455614  0.008059600141  0.000000000000  0.002004193137  0.000000000000  0.021327608545  0.109099883018  0.015185972444  0.020311965772  0.012112639857  0.011092568418  0.002002817471  0.006025455614  0.036045691082  0.024456695196  
lophura_swinhoii 0.073747429796  0.032832427070  0.039134501684  0.008048439030  0.010095692296  0.002004193137  0.000000000000  0.002004193137  0.023402665986  0.111540676995  0.017245886872  0.022387223163  0.014159332501  0.013134891438  0.004013235129  0.008048439030  0.038185738840  0.026547728828  
lophura_nycthemera 0.071504693303  0.030718494577  0.037002139191  0.006025455614  0.008059600141  0.000000000000  0.002004193137  0.000000000000  0.021327608545  0.109099883018  0.015185972444  0.020311965772  0.012112639857  0.011092568418  0.002002817471  0.006025455614  0.036045691082  0.024456695196  
melgal2    0.092863096416  0.050885073390  0.057400765619  0.026496080045  0.029665021601  0.021327608545  0.023402665986  0.021327608545  0.000000000000  0.118488278449  0.028599418677  0.033821314781  0.025463318720  0.024422504929  0.023392449802  0.026496080045  0.054193567244  0.044434849819  
syrmaticus_ellioti 0.155467229992  0.136842134933  0.136646423210  0.113737450312  0.116369068162  0.109099883018  0.111540676995  0.109099883018  0.118488278449  0.000000000000  0.094979761316  0.099529759640  0.111374147625  0.107727317529  0.110236063599  0.113737450312  0.139503590007  0.129436184737  
chrysolophus_pictus 0.087267686276  0.046673535731  0.053097051595  0.021348468956  0.023460642902  0.015185972444  0.017245886872  0.015185972444  0.028599418677  0.094979761316  0.000000000000  0.005017163460  0.019288346272  0.018255151825  0.017234192603  0.021348468956  0.052169085460  0.040251414139  
lophura_inornata 0.092934439129  0.050939810042  0.058503432534  0.026518453301  0.028647944134  0.020311965772  0.022387223163  0.020311965772  0.033821314781  0.099529759640  0.005017163460  0.000000000000  0.024443580386  0.021327608545  0.022374763307  0.026518453301  0.056465696521  0.045561986496  
perdix_dauuricae 0.082686476977  0.043427959693  0.049822507085  0.018245673595  0.020337286006  0.012112639857  0.014159332501  0.012112639857  0.025463318720  0.111374147625  0.019288346272  0.024443580386  0.000000000000  0.015168892327  0.012106693000  0.018245673595  0.048882457652  0.037041814204  
crossoptilon_crossoptilon 0.080412222565  0.040204258478  0.046570228290  0.016188269506  0.019300683044  0.011092568418  0.013134891438  0.011092568418  0.024422504929  0.107727317529  0.018255151825  0.021327608545  0.015168892327  0.000000000000  0.013127804931  0.016188269506  0.043512733975  0.033853608427  
tragopan_blythii 0.073721067628  0.032813130018  0.039114832530  0.008045342458  0.010087024166  0.002002817471  0.004013235129  0.002002817471  0.023392449802  0.110236063599  0.017234192603  0.022374763307  0.012106693000  0.013127804931  0.000000000000  0.008045342458  0.038158498095  0.026532229846  
catreus_wallichi 0.066005517275  0.025517090230  0.031756216932  0.000000000000  0.010074667842  0.006025455614  0.008048439030  0.006025455614  0.026496080045  0.113737450312  0.021348468956  0.026518453301  0.018245673595  0.016188269506  0.008045342458  0.000000000000  0.029744929428  0.018266321802  
galgal4    0.065000969768  0.026650953343  0.036100418544  0.029744929428  0.040305644331  0.036045691082  0.038185738840  0.036045691082  0.054193567244  0.139503590007  0.052169085460  0.056465696521  0.048882457652  0.043512733975  0.038158498095  0.029744929428  0.000000000000  0.011116997917  
alectoris_rufa 0.055109368508  0.015209763832  0.024488063440  0.018266321802  0.028630040007  0.024456695196  0.026547728828  0.024456695196  0.044434849819  0.129436184737  0.040251414139  0.045561986496  0.037041814204  0.033853608427  0.026532229846  0.018266321802  0.011116997917  0.000000000000  

