18
galgal4    0.000000000000  0.000000000000  0.010088431061  0.002002839240  0.009059482180  0.004013430305  0.016207000999  0.010075465714  0.004013430305  0.006028322826  0.004013430305  0.004013430305  0.004013430305  0.002002839240  0.002002839240  0.002002839240  0.002002839240  0.000000000000  
lophura_inornata 0.000000000000  0.000000000000  0.010088431061  0.002002839240  0.009059482180  0.004013430305  0.016207000999  0.010075465714  0.004013430305  0.006028322826  0.004013430305  0.004013430305  0.004013430305  0.002002839240  0.002002839240  0.002002839240  0.002002839240  0.000000000000  
rollulus_rouloul 0.010088431061  0.010088431061  0.000000000000  0.008060667882  0.015188675746  0.010097465223  0.022423825945  0.016218044355  0.010097465223  0.012131747928  0.010097465223  0.010097465223  0.010097465223  0.008060667882  0.008060667882  0.008060667882  0.008060667882  0.010088431061  
lophura_swinhoii 0.002002839240  0.002002839240  0.008060667882  0.000000000000  0.007036230049  0.002004278379  0.014161562422  0.008048989879  0.002004278379  0.004013430305  0.002004278379  0.002004278379  0.002004278379  0.000000000000  0.000000000000  0.000000000000  0.000000000000  0.002002839240  
catreus_wallichi 0.009059482180  0.009059482180  0.015188675746  0.007036230049  0.000000000000  0.009063942333  0.021352927986  0.015170710207  0.009063942333  0.011093655867  0.009063942333  0.009063942333  0.009063942333  0.007036230049  0.007036230049  0.007036230049  0.007036230049  0.009059482180  
syrmaticus_ellioti 0.004013430305  0.004013430305  0.010097465223  0.002004278379  0.009063942333  0.000000000000  0.012114062246  0.006025653390  0.000000000000  0.002002839240  0.000000000000  0.000000000000  0.000000000000  0.002004278379  0.002004278379  0.002004278379  0.002004278379  0.004013430305  
cyrtonyx_montezumae 0.016207000999  0.016207000999  0.022423825945  0.014161562422  0.021352927986  0.012114062246  0.000000000000  0.012122050896  0.012114062246  0.014152912490  0.012114062246  0.012114062246  0.012114062246  0.014161562422  0.014161562422  0.014161562422  0.014161562422  0.016207000999  
pavo_cristatus 0.010075465714  0.010075465714  0.016218044355  0.008048989879  0.015170710207  0.006025653390  0.012122050896  0.000000000000  0.006025653390  0.008045695723  0.006025653390  0.006025653390  0.006025653390  0.008048989879  0.008048989879  0.008048989879  0.008048989879  0.010075465714  
lophophorus_impejanus 0.004013430305  0.004013430305  0.010097465223  0.002004278379  0.009063942333  0.000000000000  0.012114062246  0.006025653390  0.000000000000  0.002002839240  0.000000000000  0.000000000000  0.000000000000  0.002004278379  0.002004278379  0.002004278379  0.002004278379  0.004013430305  
perdix_dauuricae 0.006028322826  0.006028322826  0.012131747928  0.004013430305  0.011093655867  0.002002839240  0.014152912490  0.008045695723  0.002002839240  0.000000000000  0.002002839240  0.002002839240  0.002002839240  0.004013430305  0.004013430305  0.004013430305  0.004013430305  0.006028322826  
syrmaticus_reevesii 0.004013430305  0.004013430305  0.010097465223  0.002004278379  0.009063942333  0.000000000000  0.012114062246  0.006025653390  0.000000000000  0.002002839240  0.000000000000  0.000000000000  0.000000000000  0.002004278379  0.002004278379  0.002004278379  0.002004278379  0.004013430305  
tragopan_blythii 0.004013430305  0.004013430305  0.010097465223  0.002004278379  0.009063942333  0.000000000000  0.012114062246  0.006025653390  0.000000000000  0.002002839240  0.000000000000  0.000000000000  0.000000000000  0.002004278379  0.002004278379  0.002004278379  0.002004278379  0.004013430305  
phasianus_colchicus 0.004013430305  0.004013430305  0.010097465223  0.002004278379  0.009063942333  0.000000000000  0.012114062246  0.006025653390  0.000000000000  0.002002839240  0.000000000000  0.000000000000  0.000000000000  0.002004278379  0.002004278379  0.002004278379  0.002004278379  0.004013430305  
melgal2    0.002002839240  0.002002839240  0.008060667882  0.000000000000  0.007036230049  0.002004278379  0.014161562422  0.008048989879  0.002004278379  0.004013430305  0.002004278379  0.002004278379  0.002004278379  0.000000000000  0.000000000000  0.000000000000  0.000000000000  0.002002839240  
crossoptilon_crossoptilon 0.002002839240  0.002002839240  0.008060667882  0.000000000000  0.007036230049  0.002004278379  0.014161562422  0.008048989879  0.002004278379  0.004013430305  0.002004278379  0.002004278379  0.002004278379  0.000000000000  0.000000000000  0.000000000000  0.000000000000  0.002002839240  
lophura_nycthemera 0.002002839240  0.002002839240  0.008060667882  0.000000000000  0.007036230049  0.002004278379  0.014161562422  0.008048989879  0.002004278379  0.004013430305  0.002004278379  0.002004278379  0.002004278379  0.000000000000  0.000000000000  0.000000000000  0.000000000000  0.002002839240  
chrysolophus_pictus 0.002002839240  0.002002839240  0.008060667882  0.000000000000  0.007036230049  0.002004278379  0.014161562422  0.008048989879  0.002004278379  0.004013430305  0.002004278379  0.002004278379  0.002004278379  0.000000000000  0.000000000000  0.000000000000  0.000000000000  0.002002839240  
alectoris_rufa 0.000000000000  0.000000000000  0.010088431061  0.002002839240  0.009059482180  0.004013430305  0.016207000999  0.010075465714  0.004013430305  0.006028322826  0.004013430305  0.004013430305  0.004013430305  0.002002839240  0.002002839240  0.002002839240  0.002002839240  0.000000000000  

