18
cyrtonyx_montezumae 0.000000000000  0.061680170823  0.058396935100  0.046524414570  0.050833919744  0.050833919744  0.050833919744  0.050833919744  0.054105041140  0.050833919744  0.054059366252  0.051921705614  0.048666050704  0.046524414570  0.052969211530  0.065008953233  0.048649201589  0.062717150612  
galgal4    0.061680170823  0.000000000000  0.029636266298  0.018242817394  0.022372277951  0.022372277951  0.022372277951  0.022372277951  0.025499168006  0.022372277951  0.024431020722  0.023412209809  0.020299455344  0.018242817394  0.023391284412  0.031727209801  0.020291885871  0.031695303100  
perdix_dauuricae 0.058396935100  0.029636266298  0.000000000000  0.011089511117  0.015172771686  0.015172771686  0.015172771686  0.015172771686  0.018261956694  0.015172771686  0.018242817394  0.016200191862  0.013124804348  0.011089511117  0.017213284242  0.029665323533  0.013120553522  0.028576767628  
rollulus_rouloul 0.046524414570  0.018242817394  0.011089511117  0.000000000000  0.004013639076  0.004013639076  0.004013639076  0.004013639076  0.007046409320  0.004013639076  0.007036639196  0.005022337834  0.002002866827  0.000000000000  0.006025903841  0.018261956694  0.002003099721  0.017207666245  
lophura_nycthemera 0.050833919744  0.022372277951  0.015172771686  0.004013639076  0.000000000000  0.000000000000  0.000000000000  0.000000000000  0.003009845911  0.000000000000  0.003006196488  0.001001090806  0.004011490012  0.004013639076  0.010076370971  0.022397930638  0.006025903841  0.020291885871  
chrysolophus_pictus 0.050833919744  0.022372277951  0.015172771686  0.004013639076  0.000000000000  0.000000000000  0.000000000000  0.000000000000  0.003009845911  0.000000000000  0.003006196488  0.001001090806  0.004011490012  0.004013639076  0.010076370971  0.022397930638  0.006025903841  0.020291885871  
catreus_wallichi 0.050833919744  0.022372277951  0.015172771686  0.004013639076  0.000000000000  0.000000000000  0.000000000000  0.000000000000  0.003009845911  0.000000000000  0.003006196488  0.001001090806  0.004011490012  0.004013639076  0.010076370971  0.022397930638  0.006025903841  0.020291885871  
lophura_swinhoii 0.050833919744  0.022372277951  0.015172771686  0.004013639076  0.000000000000  0.000000000000  0.000000000000  0.000000000000  0.003009845911  0.000000000000  0.003006196488  0.001001090806  0.004011490012  0.004013639076  0.010076370971  0.022397930638  0.006025903841  0.020291885871  
syrmaticus_ellioti 0.054105041140  0.025499168006  0.018261956694  0.007046409320  0.003009845911  0.003009845911  0.003009845911  0.003009845911  0.000000000000  0.003009845911  0.006028705965  0.004017529444  0.007040647870  0.007046409320  0.013138648911  0.025532528970  0.009064810905  0.023400835015  
phasianus_colchicus 0.050833919744  0.022372277951  0.015172771686  0.004013639076  0.000000000000  0.000000000000  0.000000000000  0.000000000000  0.003009845911  0.000000000000  0.003006196488  0.001001090806  0.004011490012  0.004013639076  0.010076370971  0.022397930638  0.006025903841  0.020291885871  
crossoptilon_crossoptilon 0.054059366252  0.024431020722  0.018242817394  0.007036639196  0.003006196488  0.003006196488  0.003006196488  0.003006196488  0.006028705965  0.003006196488  0.000000000000  0.004011490012  0.007034386174  0.007036639196  0.013124804348  0.024454502912  0.009057222540  0.022362177334  
lophura_inornata 0.051921705614  0.023412209809  0.016200191862  0.005022337834  0.001001090806  0.001001090806  0.001001090806  0.001001090806  0.004017529444  0.001001090806  0.004011490012  0.000000000000  0.005018989935  0.005022337834  0.011094862142  0.023440420252  0.007036639196  0.021325864474  
tragopan_blythii 0.048666050704  0.020299455344  0.013124804348  0.002002866827  0.004011490012  0.004011490012  0.004011490012  0.004011490012  0.007040647870  0.004011490012  0.007034386174  0.005018989935  0.000000000000  0.002002866827  0.008046142915  0.020320027132  0.004011085127  0.019260231033  
lophophorus_impejanus 0.046524414570  0.018242817394  0.011089511117  0.000000000000  0.004013639076  0.004013639076  0.004013639076  0.004013639076  0.007046409320  0.004013639076  0.007036639196  0.005022337834  0.002002866827  0.000000000000  0.006025903841  0.018261956694  0.002003099721  0.017207666245  
syrmaticus_reevesii 0.052969211530  0.023391284412  0.017213284242  0.006025903841  0.010076370971  0.010076370971  0.010076370971  0.010076370971  0.013138648911  0.010076370971  0.013124804348  0.011094862142  0.008046142915  0.006025903841  0.000000000000  0.020347823293  0.004013639076  0.019274664752  
melgal2    0.065008953233  0.031727209801  0.029665323533  0.018261956694  0.022397930638  0.022397930638  0.022397930638  0.022397930638  0.025532528970  0.022397930638  0.024454502912  0.023440420252  0.020320027132  0.018261956694  0.020347823293  0.000000000000  0.016221492565  0.030719384573  
pavo_cristatus 0.048649201589  0.020291885871  0.013120553522  0.002003099721  0.006025903841  0.006025903841  0.006025903841  0.006025903841  0.009064810905  0.006025903841  0.009057222540  0.007036639196  0.004011085127  0.002003099721  0.004013639076  0.016221492565  0.000000000000  0.015166050019  
alectoris_rufa 0.062717150612  0.031695303100  0.028576767628  0.017207666245  0.020291885871  0.020291885871  0.020291885871  0.020291885871  0.023400835015  0.020291885871  0.022362177334  0.021325864474  0.019260231033  0.017207666245  0.019274664752  0.030719384573  0.015166050019  0.000000000000  

