18
pavo_cristatus 0.000000000000  0.069237360978  0.046984230713  0.039367407605  0.037247167607  0.049136768224  0.054433752292  0.041531168812  0.045846214612  0.066826705826  0.047952722848  0.044795464109  0.036140193344  0.044715189664  0.051295957301  0.036140193344  0.035100439164  0.029751011968  
cyrtonyx_montezumae 0.069237360978  0.000000000000  0.075001323835  0.068092940743  0.067016383752  0.074927796669  0.076896247938  0.069237360978  0.076087556886  0.091067540407  0.078265289180  0.075001323835  0.065812365055  0.074856175537  0.081848643141  0.065812365055  0.069305379640  0.063542721054  
rollulus_rouloul 0.046984230713  0.075001323835  0.000000000000  0.051392352979  0.052553124915  0.063666152536  0.063371576483  0.054725586872  0.056904841220  0.078339501570  0.062411965786  0.058082451960  0.049183162052  0.057969476828  0.064738400230  0.049183162052  0.048129275168  0.049183162052  
perdix_dauuricae 0.039367407605  0.068092940743  0.051392352979  0.000000000000  0.014195920922  0.024552890995  0.030763077252  0.016243090710  0.020372607553  0.038256035489  0.023464314585  0.019351044164  0.011108076578  0.017247778798  0.023483468163  0.011108076578  0.034030713751  0.036140193344  
tragopan_blythii 0.037247167607  0.067016383752  0.052553124915  0.014195920922  0.000000000000  0.024576734604  0.030785610544  0.014195920922  0.018312791347  0.036140193344  0.021395767201  0.017293893345  0.011118086139  0.019333277890  0.025603753964  0.011118086139  0.034062320512  0.036172586785  
lophophorus_impejanus 0.049136768224  0.074927796669  0.063666152536  0.024552890995  0.024576734604  0.000000000000  0.040346081701  0.026656954378  0.030863774075  0.051295957301  0.034000872642  0.029830684858  0.021414223581  0.029775816871  0.036172586785  0.021414223581  0.044795464109  0.046940526928  
melgal2    0.054433752292  0.076896247938  0.063371576483  0.030763077252  0.030785610544  0.040346081701  0.000000000000  0.032882978601  0.036053672647  0.055498238822  0.039212896750  0.036080733329  0.027600915459  0.034962612759  0.041393593245  0.027600915459  0.048969378232  0.048932091453  
phasianus_colchicus 0.041531168812  0.069237360978  0.054725586872  0.016243090710  0.014195920922  0.026656954378  0.032882978601  0.000000000000  0.008060128887  0.027662621226  0.011099761498  0.007052258530  0.005026586741  0.013155404441  0.017276810168  0.005026586741  0.036172586785  0.038289223692  
crossoptilon_crossoptilon 0.045846214612  0.076087556886  0.056904841220  0.020372607553  0.018312791347  0.030863774075  0.036053672647  0.008060128887  0.000000000000  0.019317230782  0.009069562975  0.011118086139  0.009077255205  0.017261437659  0.019333277890  0.009077255205  0.040448052225  0.042578370950  
lophura_swinhoii 0.066826705826  0.091067540407  0.078339501570  0.038256035489  0.036140193344  0.051295957301  0.055498238822  0.027662621226  0.019317230782  0.000000000000  0.028694480267  0.030835961922  0.028718040158  0.035039981982  0.037181588722  0.028718040158  0.058982544524  0.062298840390  
chrysolophus_pictus 0.047952722848  0.078265289180  0.062411965786  0.023464314585  0.021395767201  0.034000872642  0.039212896750  0.011099761498  0.009069562975  0.028694480267  0.000000000000  0.014170576783  0.012121155355  0.020339834295  0.024510406579  0.012121155355  0.043627232510  0.045766898896  
lophura_inornata 0.044795464109  0.075001323835  0.058082451960  0.019351044164  0.017293893345  0.029830684858  0.036080733329  0.007052258530  0.011118086139  0.030835961922  0.014170576783  0.000000000000  0.008068353497  0.016243090710  0.020391578605  0.008068353497  0.039403673208  0.041531168812  
lophura_nycthemera 0.036140193344  0.065812365055  0.049183162052  0.011108076578  0.011118086139  0.021414223581  0.027600915459  0.005026586741  0.009077255205  0.028718040158  0.012121155355  0.008068353497  0.000000000000  0.008053587867  0.014182397605  0.000000000000  0.030835961922  0.032934826067  
syrmaticus_ellioti 0.044715189664  0.074856175537  0.057969476828  0.017247778798  0.019333277890  0.029775816871  0.034962612759  0.013155404441  0.017261437659  0.035039981982  0.020339834295  0.016243090710  0.008053587867  0.000000000000  0.006038339377  0.008053587867  0.039332925917  0.041458789046  
syrmaticus_reevesii 0.051295957301  0.081848643141  0.064738400230  0.023483468163  0.025603753964  0.036172586785  0.041393593245  0.017276810168  0.019333277890  0.037181588722  0.024510406579  0.020391578605  0.014182397605  0.006038339377  0.000000000000  0.014182397605  0.045846214612  0.047994140914  
catreus_wallichi 0.036140193344  0.065812365055  0.049183162052  0.011108076578  0.011118086139  0.021414223581  0.027600915459  0.005026586741  0.009077255205  0.028718040158  0.012121155355  0.008068353497  0.000000000000  0.008053587867  0.014182397605  0.000000000000  0.030835961922  0.032934826067  
galgal4    0.035100439164  0.069305379640  0.048129275168  0.034030713751  0.034062320512  0.044795464109  0.048969378232  0.036172586785  0.040448052225  0.058982544524  0.043627232510  0.039403673208  0.030835961922  0.039332925917  0.045846214612  0.030835961922  0.000000000000  0.034030713751  
alectoris_rufa 0.029751011968  0.063542721054  0.049183162052  0.036140193344  0.036172586785  0.046940526928  0.048932091453  0.038289223692  0.042578370950  0.062298840390  0.045766898896  0.041531168812  0.032934826067  0.041458789046  0.047994140914  0.032934826067  0.034030713751  0.000000000000  

