18
cyrtonyx_montezumae 0.000000000000  0.033950810188  0.032912718174  0.038169536058  0.030768683012  0.028678966396  0.028678966396  0.031850830150  0.030747819915  0.028678966396  0.028678966396  0.028678966396  0.039270522110  0.041393560440  0.038169536058  0.030747819915  0.037099579416  0.029712570493  
lophura_nycthemera 0.033950810188  0.000000000000  0.010094028096  0.012111533734  0.017269631040  0.015220055682  0.015220055682  0.018321730405  0.016223620390  0.015220055682  0.015220055682  0.015220055682  0.023491410478  0.025566162822  0.024517912239  0.017255269665  0.021386609494  0.016236863378  
perdix_dauuricae 0.032912718174  0.010094028096  0.000000000000  0.014166844693  0.017285645844  0.015235478895  0.015235478895  0.018340523401  0.017269631040  0.015235478895  0.015235478895  0.015235478895  0.023512582969  0.025587968175  0.023491410478  0.017269631040  0.021403825650  0.016251757366  
galgal4    0.038169536058  0.012111533734  0.014166844693  0.000000000000  0.021386609494  0.019325137214  0.019325137214  0.022446501259  0.020332879362  0.019325137214  0.019325137214  0.019325137214  0.027647001819  0.029733964228  0.028678966396  0.021371063196  0.024481646353  0.020347293051  
crossoptilon_crossoptilon 0.030768683012  0.017269631040  0.017285645844  0.021386609494  0.000000000000  0.002002809959  0.002002809959  0.005021310094  0.004011079401  0.002002809959  0.002002809959  0.002002809959  0.018289105510  0.020347293051  0.017242565015  0.011097851569  0.020347293051  0.012127521600  
syrmaticus_ellioti 0.028678966396  0.015220055682  0.015235478895  0.019325137214  0.002002809959  0.000000000000  0.000000000000  0.003009263551  0.002003123625  0.000000000000  0.000000000000  0.000000000000  0.016236863378  0.018289105510  0.015194148457  0.009068076174  0.018289105510  0.010094028096  
syrmaticus_reevesii 0.028678966396  0.015220055682  0.015235478895  0.019325137214  0.002002809959  0.000000000000  0.000000000000  0.003009263551  0.002003123625  0.000000000000  0.000000000000  0.000000000000  0.016236863378  0.018289105510  0.015194148457  0.009068076174  0.018289105510  0.010094028096  
chrysolophus_pictus 0.031850830150  0.018321730405  0.018340523401  0.022446501259  0.005021310094  0.003009263551  0.003009263551  0.000000000000  0.005018439111  0.003009263551  0.003009263551  0.003009263551  0.019341749641  0.021403825650  0.018289105510  0.012127521600  0.021403825650  0.013163175825  
phasianus_colchicus 0.030747819915  0.016223620390  0.017269631040  0.020332879362  0.004011079401  0.002003123625  0.002003123625  0.005018439111  0.000000000000  0.002003123625  0.002003123625  0.002003123625  0.018275280159  0.020332879362  0.017231520422  0.011091772773  0.020332879362  0.012118705277  
lophura_swinhoii 0.028678966396  0.015220055682  0.015235478895  0.019325137214  0.002002809959  0.000000000000  0.000000000000  0.003009263551  0.002003123625  0.000000000000  0.000000000000  0.000000000000  0.016236863378  0.018289105510  0.015194148457  0.009068076174  0.018289105510  0.010094028096  
catreus_wallichi 0.028678966396  0.015220055682  0.015235478895  0.019325137214  0.002002809959  0.000000000000  0.000000000000  0.003009263551  0.002003123625  0.000000000000  0.000000000000  0.000000000000  0.016236863378  0.018289105510  0.015194148457  0.009068076174  0.018289105510  0.010094028096  
lophura_inornata 0.028678966396  0.015220055682  0.015235478895  0.019325137214  0.002002809959  0.000000000000  0.000000000000  0.003009263551  0.002003123625  0.000000000000  0.000000000000  0.000000000000  0.016236863378  0.018289105510  0.015194148457  0.009068076174  0.018289105510  0.010094028096  
pavo_cristatus 0.039270522110  0.023491410478  0.023512582969  0.027647001819  0.018289105510  0.016236863378  0.016236863378  0.019341749641  0.018275280159  0.016236863378  0.016236863378  0.016236863378  0.000000000000  0.006031642096  0.015194148457  0.013133431109  0.028700887314  0.021403825650  
rollulus_rouloul 0.041393560440  0.025566162822  0.025587968175  0.029733964228  0.020347293051  0.018289105510  0.018289105510  0.021403825650  0.020332879362  0.018289105510  0.018289105510  0.018289105510  0.006031642096  0.000000000000  0.017242565015  0.015174848873  0.030791248834  0.023471909560  
lophophorus_impejanus 0.038169536058  0.024517912239  0.023491410478  0.028678966396  0.017242565015  0.015194148457  0.015194148457  0.018289105510  0.017231520422  0.015194148457  0.015194148457  0.015194148457  0.015194148457  0.017242565015  0.000000000000  0.012106010339  0.027626245468  0.020347293051  
tragopan_blythii 0.030747819915  0.017255269665  0.017269631040  0.021371063196  0.011097851569  0.009068076174  0.009068076174  0.012127521600  0.011091772773  0.009068076174  0.009068076174  0.009068076174  0.013133431109  0.015174848873  0.012106010339  0.000000000000  0.020332879362  0.013141699985  
melgal2    0.037099579416  0.021386609494  0.021403825650  0.024481646353  0.020347293051  0.018289105510  0.018289105510  0.021403825650  0.020332879362  0.018289105510  0.018289105510  0.018289105510  0.028700887314  0.030791248834  0.027626245468  0.020332879362  0.000000000000  0.019310186398  
alectoris_rufa 0.029712570493  0.016236863378  0.016251757366  0.020347293051  0.012127521600  0.010094028096  0.010094028096  0.013163175825  0.012118705277  0.010094028096  0.010094028096  0.010094028096  0.021403825650  0.023471909560  0.020347293051  0.013141699985  0.019310186398  0.000000000000  

