18
cyrtonyx_montezumae 0.000000000000  0.024567992544  0.030824367150  0.025619248137  0.023497122857  0.021390502224  0.024503736719  0.025572356806  0.025572356806  0.029741111896  0.021408386840  0.027701992968  0.030799123190  0.032979207906  0.021408386840  0.021374284811  0.031859465862  0.015208632829  
lophophorus_impejanus 0.024567992544  0.000000000000  0.030879935463  0.026728786502  0.027757033475  0.021427935747  0.024544900697  0.025619248137  0.025619248137  0.029790872633  0.021449146062  0.027757033475  0.030851305528  0.033043054308  0.021449146062  0.021408386840  0.035054585456  0.015238766335  
rollulus_rouloul 0.030824367150  0.030879935463  0.000000000000  0.024544900697  0.025572356806  0.023497122857  0.028685421749  0.029765146440  0.029765146440  0.033959987906  0.025572356806  0.031914080496  0.033959987906  0.037229126517  0.025572356806  0.025532176906  0.039253004985  0.021408386840  
melgal2    0.025619248137  0.026728786502  0.024544900697  0.000000000000  0.021449146062  0.019345890647  0.023497122857  0.024567992544  0.024567992544  0.028732771512  0.020405824039  0.026699959926  0.029790872633  0.031975472575  0.020405824039  0.021408386840  0.032922150208  0.017307557380  
tragopan_blythii 0.023497122857  0.027757033475  0.025572356806  0.021449146062  0.000000000000  0.024544900697  0.027676991933  0.028758976864  0.028758976864  0.032949829052  0.024567992544  0.030910254126  0.034016090979  0.035150105771  0.024567992544  0.024523481127  0.036094696838  0.018325941879  
pavo_cristatus 0.021390502224  0.021427935747  0.023497122857  0.019345890647  0.024544900697  0.000000000000  0.017233091848  0.018277789593  0.018277789593  0.022399460513  0.014168394110  0.020367408985  0.021359737545  0.025572356806  0.014168394110  0.012106220404  0.027593849626  0.010086586527  
lophura_swinhoii 0.024503736719  0.024544900697  0.028685421749  0.023497122857  0.027676991933  0.017233091848  0.000000000000  0.005017082274  0.005017082274  0.009056113695  0.005018487376  0.011106643401  0.014150418827  0.017257919302  0.005018487376  0.017223166343  0.030733586891  0.013142944764  
crossoptilon_crossoptilon 0.025572356806  0.025619248137  0.029765146440  0.024567992544  0.028758976864  0.018277789593  0.005017082274  0.000000000000  0.000000000000  0.004011241622  0.006031972902  0.012139696669  0.015185082726  0.018308236597  0.006031972902  0.018265053718  0.031811651604  0.014179852611  
lophura_nycthemera 0.025572356806  0.025619248137  0.029765146440  0.024567992544  0.028758976864  0.018277789593  0.005017082274  0.000000000000  0.000000000000  0.004011241622  0.006031972902  0.012139696669  0.015185082726  0.018308236597  0.006031972902  0.018265053718  0.031811651604  0.014179852611  
lophura_inornata 0.029741111896  0.029790872633  0.033959987906  0.028732771512  0.032949829052  0.022399460513  0.009056113695  0.004011241622  0.004011241622  0.000000000000  0.010079643486  0.016225871975  0.019287007007  0.022432563706  0.010079643486  0.022385421042  0.036016012652  0.018277789593  
catreus_wallichi 0.021408386840  0.021449146062  0.025572356806  0.020405824039  0.024567992544  0.014168394110  0.005018487376  0.006031972902  0.006031972902  0.010079643486  0.000000000000  0.006037720493  0.009062861326  0.012139696669  0.000000000000  0.014158581857  0.027612100088  0.010095162890  
syrmaticus_reevesii 0.027701992968  0.027757033475  0.031914080496  0.026699959926  0.030910254126  0.020367408985  0.011106643401  0.012139696669  0.012139696669  0.016225871975  0.006037720493  0.000000000000  0.013142944764  0.018325941879  0.006037720493  0.020350692507  0.031834707233  0.016255010912  
phasianus_colchicus 0.030799123190  0.030851305528  0.033959987906  0.029790872633  0.034016090979  0.021359737545  0.014150418827  0.015185082726  0.015185082726  0.019287007007  0.009062861326  0.013142944764  0.000000000000  0.021390502224  0.009062861326  0.021346863399  0.034951158266  0.019313124846  
syrmaticus_ellioti 0.032979207906  0.033043054308  0.037229126517  0.031975472575  0.035150105771  0.025572356806  0.017257919302  0.018308236597  0.018308236597  0.022432563706  0.012139696669  0.018325941879  0.021390502224  0.000000000000  0.012139696669  0.025551426477  0.037136430657  0.021427935747  
chrysolophus_pictus 0.021408386840  0.021449146062  0.025572356806  0.020405824039  0.024567992544  0.014168394110  0.005018487376  0.006031972902  0.006031972902  0.010079643486  0.000000000000  0.006037720493  0.009062861326  0.012139696669  0.000000000000  0.014158581857  0.027612100088  0.010095162890  
perdix_dauuricae 0.021374284811  0.021408386840  0.025532176906  0.021408386840  0.024523481127  0.012106220404  0.017223166343  0.018265053718  0.018265053718  0.022385421042  0.014158581857  0.020350692507  0.021346863399  0.025551426477  0.014158581857  0.000000000000  0.025484542276  0.010079643486  
galgal4    0.031859465862  0.035054585456  0.039253004985  0.032922150208  0.036094696838  0.027593849626  0.030733586891  0.031811651604  0.031811651604  0.036016012652  0.027612100088  0.031834707233  0.034951158266  0.037136430657  0.027612100088  0.025484542276  0.000000000000  0.023441434871  
alectoris_rufa 0.015208632829  0.015238766335  0.021408386840  0.017307557380  0.018325941879  0.010086586527  0.013142944764  0.014179852611  0.014179852611  0.018277789593  0.010095162890  0.016255010912  0.019313124846  0.021427935747  0.010095162890  0.010079643486  0.023441434871  0.000000000000  

