18
chrysolophus_pictus 0.000000000000  0.004012840039  0.004012840039  0.006031061907  0.004012840039  0.005020929192  0.007035055066  0.004012840039  0.017218344637  0.007038386281  0.009066870957  0.029663140934  0.021328731129  0.004012840039  0.016198633989  0.010092195203  0.003009067143  0.000000000000  
phasianus_colchicus 0.004012840039  0.000000000000  0.000000000000  0.002004024431  0.000000000000  0.001001004759  0.003006022915  0.000000000000  0.013124649377  0.003006786198  0.005020929192  0.025487202311  0.017210727849  0.000000000000  0.012109635516  0.006036415545  0.007043246488  0.004012840039  
lophura_inornata 0.004012840039  0.000000000000  0.000000000000  0.002004024431  0.000000000000  0.001001004759  0.003006022915  0.000000000000  0.013124649377  0.003006786198  0.005020929192  0.025487202311  0.017210727849  0.000000000000  0.012109635516  0.006036415545  0.007043246488  0.004012840039  
lophura_swinhoii 0.006031061907  0.002004024431  0.002004024431  0.000000000000  0.002004024431  0.003009067143  0.005018125740  0.002004024431  0.015171863976  0.005020929192  0.007043246488  0.027579524674  0.019270622414  0.002004024431  0.014154756708  0.008064914265  0.009073804706  0.006031061907  
crossoptilon_crossoptilon 0.004012840039  0.000000000000  0.000000000000  0.002004024431  0.000000000000  0.001001004759  0.003006022915  0.000000000000  0.013124649377  0.003006786198  0.005020929192  0.025487202311  0.017210727849  0.000000000000  0.012109635516  0.006036415545  0.007043246488  0.004012840039  
lophura_nycthemera 0.005020929192  0.001001004759  0.001001004759  0.003009067143  0.001001004759  0.000000000000  0.004011058733  0.001001004759  0.014147205327  0.004012840039  0.006031061907  0.026532265303  0.018239610719  0.001001004759  0.013131146912  0.007049632691  0.008057491286  0.005020929192  
melgal2    0.007035055066  0.003006022915  0.003006022915  0.005018125740  0.003006022915  0.004011058733  0.000000000000  0.003006022915  0.016183965033  0.006024929315  0.008047232653  0.028597753976  0.020286830261  0.003006022915  0.015164809628  0.009066870957  0.010077776799  0.007035055066  
syrmaticus_reevesii 0.004012840039  0.000000000000  0.000000000000  0.002004024431  0.000000000000  0.001001004759  0.003006022915  0.000000000000  0.013124649377  0.003006786198  0.005020929192  0.025487202311  0.017210727849  0.000000000000  0.012109635516  0.006036415545  0.007043246488  0.004012840039  
galgal4    0.017218344637  0.013124649377  0.013124649377  0.015171863976  0.013124649377  0.014147205327  0.016183965033  0.013124649377  0.000000000000  0.010072873633  0.012109635516  0.032791232392  0.024421887810  0.013124649377  0.025474095294  0.019291699670  0.020314602643  0.017218344637  
pavo_cristatus 0.007038386281  0.003006786198  0.003006786198  0.005020929192  0.003006786198  0.004012840039  0.006024929315  0.003006786198  0.010072873633  0.000000000000  0.002004024431  0.022376519007  0.014141206984  0.003006786198  0.015171863976  0.009073804706  0.010084218323  0.007038386281  
tragopan_blythii 0.009066870957  0.005020929192  0.005020929192  0.007043246488  0.005020929192  0.006031061907  0.008047232653  0.005020929192  0.012109635516  0.002004024431  0.000000000000  0.024457924181  0.016190519282  0.005020929192  0.017227524084  0.011112671285  0.012125165518  0.009066870957  
cyrtonyx_montezumae 0.029663140934  0.025487202311  0.025487202311  0.027579524674  0.025487202311  0.026532265303  0.028597753976  0.025487202311  0.032791232392  0.022376519007  0.024457924181  0.000000000000  0.014147205327  0.025487202311  0.038078307614  0.031790711866  0.032828198819  0.029663140934  
rollulus_rouloul 0.021328731129  0.017210727849  0.017210727849  0.019270622414  0.017210727849  0.018239610719  0.020286830261  0.017210727849  0.024421887810  0.014141206984  0.016190519282  0.014147205327  0.000000000000  0.017210727849  0.029632884268  0.023416134834  0.024444326505  0.021328731129  
lophophorus_impejanus 0.004012840039  0.000000000000  0.000000000000  0.002004024431  0.000000000000  0.001001004759  0.003006022915  0.000000000000  0.013124649377  0.003006786198  0.005020929192  0.025487202311  0.017210727849  0.000000000000  0.012109635516  0.006036415545  0.007043246488  0.004012840039  
syrmaticus_ellioti 0.016198633989  0.012109635516  0.012109635516  0.014154756708  0.012109635516  0.013131146912  0.015164809628  0.012109635516  0.025474095294  0.015171863976  0.017227524084  0.038078307614  0.029632884268  0.012109635516  0.000000000000  0.006024156389  0.019291699670  0.016198633989  
perdix_dauuricae 0.010092195203  0.006036415545  0.006036415545  0.008064914265  0.006036415545  0.007049632691  0.009066870957  0.006036415545  0.019291699670  0.009073804706  0.011112671285  0.031790711866  0.023416134834  0.006036415545  0.006024156389  0.000000000000  0.013159914493  0.010092195203  
catreus_wallichi 0.003009067143  0.007043246488  0.007043246488  0.009073804706  0.007043246488  0.008057491286  0.010077776799  0.007043246488  0.020314602643  0.010084218323  0.012125165518  0.032828198819  0.024444326505  0.007043246488  0.019291699670  0.013159914493  0.000000000000  0.003009067143  
alectoris_rufa 0.000000000000  0.004012840039  0.004012840039  0.006031061907  0.004012840039  0.005020929192  0.007035055066  0.004012840039  0.017218344637  0.007038386281  0.009066870957  0.029663140934  0.021328731129  0.004012840039  0.016198633989  0.010092195203  0.003009067143  0.000000000000  

