18
galgal4    0.000000000000  0.009076744819  0.010087216365  0.011117278877  0.012140827449  0.009076744819  0.012129838767  0.012129838767  0.010087216365  0.010087216365  0.010080158565  0.013154438242  0.010087216365  0.009076744819  0.024507440514  0.008059740677  0.009069174723  0.001001049292  
pavo_cristatus 0.009076744819  0.000000000000  0.017259859004  0.018310698105  0.019348670009  0.016241503316  0.019331201246  0.019331201246  0.017259859004  0.017259859004  0.017246406840  0.020370253894  0.017259859004  0.016241503316  0.029746608048  0.015210260976  0.016227549896  0.008059740677  
rollulus_rouloul 0.010087216365  0.017259859004  0.000000000000  0.015224712547  0.016257119179  0.011117278877  0.014181242475  0.014181242475  0.012129838767  0.012129838767  0.014169607389  0.015210260976  0.012129838767  0.011117278877  0.026605911132  0.010095921120  0.011107434604  0.009069174723  
perdix_dauuricae 0.011117278877  0.018310698105  0.015224712547  0.000000000000  0.001001049292  0.004016859500  0.007044899453  0.007044899453  0.005021669097  0.005021669097  0.007039584216  0.008059740677  0.005021669097  0.004016859500  0.021393414728  0.011128769747  0.012140827449  0.010095921120  
melgal2    0.012140827449  0.019348670009  0.016257119179  0.001001049292  0.000000000000  0.005026380091  0.008059740677  0.008059740677  0.006032211967  0.006032211967  0.008053300409  0.009076744819  0.006032211967  0.005026380091  0.022435822576  0.012153465293  0.013166576255  0.011117278877  
lophura_nycthemera 0.009076744819  0.016241503316  0.011117278877  0.004016859500  0.005026380091  0.000000000000  0.003006981004  0.003006981004  0.001000763346  0.001000763346  0.003006118520  0.004013261778  0.001000763346  0.000000000000  0.017246406840  0.007051851190  0.008059740677  0.008059740677  
crossoptilon_crossoptilon 0.012129838767  0.019331201246  0.014181242475  0.007044899453  0.008059740677  0.003006981004  0.000000000000  0.004016859500  0.002004203052  0.002004203052  0.004013261778  0.005026380091  0.002004203052  0.003006981004  0.020337983106  0.010095921120  0.011107434604  0.011107434604  
catreus_wallichi 0.012129838767  0.019331201246  0.014181242475  0.007044899453  0.008059740677  0.003006981004  0.004016859500  0.000000000000  0.002004203052  0.002004203052  0.004013261778  0.005026380091  0.002004203052  0.003006981004  0.020337983106  0.010095921120  0.011107434604  0.011107434604  
lophura_swinhoii 0.010087216365  0.017259859004  0.012129838767  0.005021669097  0.006032211967  0.001000763346  0.002004203052  0.002004203052  0.000000000000  0.000000000000  0.002002817825  0.003009470147  0.000000000000  0.001000763346  0.018266837145  0.008059740677  0.009069174723  0.009069174723  
lophura_inornata 0.010087216365  0.017259859004  0.012129838767  0.005021669097  0.006032211967  0.001000763346  0.002004203052  0.002004203052  0.000000000000  0.000000000000  0.002002817825  0.003009470147  0.000000000000  0.001000763346  0.018266837145  0.008059740677  0.009069174723  0.009069174723  
syrmaticus_ellioti 0.010080158565  0.017246406840  0.014169607389  0.007039584216  0.008053300409  0.003006118520  0.004013261778  0.004013261778  0.002002817825  0.002002817825  0.000000000000  0.005021669097  0.002002817825  0.003006118520  0.020324368874  0.010087216365  0.011099239827  0.009063249057  
chrysolophus_pictus 0.013154438242  0.020370253894  0.015210260976  0.008059740677  0.009076744819  0.004013261778  0.005026380091  0.005026380091  0.003009470147  0.003009470147  0.005021669097  0.000000000000  0.003009470147  0.004013261778  0.021376936972  0.011117278877  0.012129838767  0.012129838767  
syrmaticus_reevesii 0.010087216365  0.017259859004  0.012129838767  0.005021669097  0.006032211967  0.001000763346  0.002004203052  0.002004203052  0.000000000000  0.000000000000  0.002002817825  0.003009470147  0.000000000000  0.001000763346  0.018266837145  0.008059740677  0.009069174723  0.009069174723  
phasianus_colchicus 0.009076744819  0.016241503316  0.011117278877  0.004016859500  0.005026380091  0.000000000000  0.003006981004  0.003006981004  0.001000763346  0.001000763346  0.003006118520  0.004013261778  0.001000763346  0.000000000000  0.017246406840  0.007051851190  0.008059740677  0.008059740677  
cyrtonyx_montezumae 0.024507440514  0.029746608048  0.026605911132  0.021393414728  0.022435822576  0.017246406840  0.020337983106  0.020337983106  0.018266837145  0.018266837145  0.020324368874  0.021376936972  0.018266837145  0.017246406840  0.000000000000  0.022435822576  0.023461655728  0.023461655728  
tragopan_blythii 0.008059740677  0.015210260976  0.010095921120  0.011128769747  0.012153465293  0.007051851190  0.010095921120  0.010095921120  0.008059740677  0.008059740677  0.010087216365  0.011117278877  0.008059740677  0.007051851190  0.022435822576  0.000000000000  0.007044899453  0.007044899453  
lophophorus_impejanus 0.009069174723  0.016227549896  0.011107434604  0.012140827449  0.013166576255  0.008059740677  0.011107434604  0.011107434604  0.009069174723  0.009069174723  0.011099239827  0.012129838767  0.009069174723  0.008059740677  0.023461655728  0.007044899453  0.000000000000  0.008053300409  
alectoris_rufa 0.001001049292  0.008059740677  0.009069174723  0.010095921120  0.011117278877  0.008059740677  0.011107434604  0.011107434604  0.009069174723  0.009069174723  0.009063249057  0.012129838767  0.009069174723  0.008059740677  0.023461655728  0.007044899453  0.008053300409  0.000000000000  

