18
crossoptilon_crossoptilon 0.000000000000  0.005022745095  0.002002895625  0.005019223062  0.012126053599  0.013132513528  0.013132513528  0.012110344312  0.008055741566  0.004013865641  0.007047344038  0.007047344038  0.010101498058  0.005022745095  0.005022745095  0.004013865641  0.010083517294  0.004013865641  
chrysolophus_pictus 0.005022745095  0.000000000000  0.003010087450  0.006033901129  0.013162784338  0.014166543561  0.014166543561  0.013140732552  0.009081132029  0.005028104822  0.008072274140  0.008072274140  0.011137265572  0.006040531824  0.006040531824  0.005028104822  0.011112977295  0.005028104822  
melgal2    0.002002895625  0.003010087450  0.000000000000  0.003007252537  0.010091579354  0.011096128768  0.011096128768  0.010077314709  0.006033901129  0.002004476615  0.005028104822  0.005028104822  0.008072274140  0.003010087450  0.003010087450  0.002004476615  0.008055741566  0.002004476615  
lophophorus_impejanus 0.005019223062  0.006033901129  0.003007252537  0.000000000000  0.011103621657  0.012110344312  0.012110344312  0.011090501480  0.009072504291  0.005022745095  0.008063084193  0.008063084193  0.011124192861  0.006033901129  0.006033901129  0.005022745095  0.011103621657  0.005022745095  
galgal4    0.012126053599  0.013162784338  0.010091579354  0.011103621657  0.000000000000  0.015194708293  0.015194708293  0.014166543561  0.016239271169  0.012136708727  0.015222011210  0.015222011210  0.018328704289  0.013162784338  0.013162784338  0.012136708727  0.018293433462  0.012136708727  
pavo_cristatus 0.013132513528  0.014166543561  0.011096128768  0.012110344312  0.015194708293  0.000000000000  0.016202819933  0.015174920881  0.017244668082  0.013140732552  0.016225237574  0.016225237574  0.019331122098  0.014166543561  0.014166543561  0.013140732552  0.019300740689  0.013140732552  
cyrtonyx_montezumae 0.013132513528  0.014166543561  0.011096128768  0.012110344312  0.015194708293  0.016202819933  0.000000000000  0.005019223062  0.017244668082  0.013140732552  0.016225237574  0.016225237574  0.019331122098  0.014166543561  0.014166543561  0.013140732552  0.019300740689  0.013140732552  
rollulus_rouloul 0.012110344312  0.013140732552  0.010077314709  0.011090501480  0.014166543561  0.015174920881  0.005019223062  0.000000000000  0.016213086220  0.012117264514  0.015194708293  0.015194708293  0.018293433462  0.013140732552  0.013140732552  0.012117264514  0.018265718907  0.012117264514  
perdix_dauuricae 0.008055741566  0.009081132029  0.006033901129  0.009072504291  0.016239271169  0.017244668082  0.017244668082  0.016213086220  0.000000000000  0.008063084193  0.011124192861  0.011124192861  0.014206356820  0.009081132029  0.009081132029  0.008063084193  0.014177942874  0.008063084193  
tragopan_blythii 0.004013865641  0.005028104822  0.002004476615  0.005022745095  0.012136708727  0.013140732552  0.013140732552  0.012117264514  0.008063084193  0.000000000000  0.003010087450  0.003010087450  0.006040531824  0.001001117485  0.001001117485  0.000000000000  0.006029111315  0.000000000000  
phasianus_colchicus 0.007047344038  0.008072274140  0.005028104822  0.008063084193  0.015222011210  0.016225237574  0.016225237574  0.015194708293  0.011124192861  0.003010087450  0.000000000000  0.000000000000  0.003010087450  0.004017960120  0.004017960120  0.003010087450  0.008055741566  0.003010087450  
syrmaticus_ellioti 0.007047344038  0.008072274140  0.005028104822  0.008063084193  0.015222011210  0.016225237574  0.016225237574  0.015194708293  0.011124192861  0.003010087450  0.000000000000  0.000000000000  0.003010087450  0.004017960120  0.004017960120  0.003010087450  0.008055741566  0.003010087450  
syrmaticus_reevesii 0.010101498058  0.011137265572  0.008072274140  0.011124192861  0.018328704289  0.019331122098  0.019331122098  0.018293433462  0.014206356820  0.006040531824  0.003010087450  0.003010087450  0.000000000000  0.007055251461  0.007055251461  0.006040531824  0.011112977295  0.006040531824  
lophura_nycthemera 0.005022745095  0.006040531824  0.003010087450  0.006033901129  0.013162784338  0.014166543561  0.014166543561  0.013140732552  0.009081132029  0.001001117485  0.004017960120  0.004017960120  0.007055251461  0.000000000000  0.000000000000  0.001001117485  0.007041280706  0.001001117485  
lophura_swinhoii 0.005022745095  0.006040531824  0.003010087450  0.006033901129  0.013162784338  0.014166543561  0.014166543561  0.013140732552  0.009081132029  0.001001117485  0.004017960120  0.004017960120  0.007055251461  0.000000000000  0.000000000000  0.001001117485  0.007041280706  0.001001117485  
catreus_wallichi 0.004013865641  0.005028104822  0.002004476615  0.005022745095  0.012136708727  0.013140732552  0.013140732552  0.012117264514  0.008063084193  0.000000000000  0.003010087450  0.003010087450  0.006040531824  0.001001117485  0.001001117485  0.000000000000  0.006029111315  0.000000000000  
lophura_inornata 0.010083517294  0.011112977295  0.008055741566  0.011103621657  0.018293433462  0.019300740689  0.019300740689  0.018265718907  0.014177942874  0.006029111315  0.008055741566  0.008055741566  0.011112977295  0.007041280706  0.007041280706  0.006029111315  0.000000000000  0.006029111315  
alectoris_rufa 0.004013865641  0.005028104822  0.002004476615  0.005022745095  0.012136708727  0.013140732552  0.013140732552  0.012117264514  0.008063084193  0.000000000000  0.003010087450  0.003010087450  0.006040531824  0.001001117485  0.001001117485  0.000000000000  0.006029111315  0.000000000000  

