18
cyrtonyx_montezumae 0.000000000000  0.017205922517  0.028601926142  0.031741396773  0.031741396773  0.031741396773  0.031741396773  0.022357572179  0.029637184583  0.025490761037  0.029685979792  0.024461396606  0.027601173888  0.027601173888  0.048906441211  0.031797052344  0.029685979792  0.020305891042  
pavo_cristatus 0.017205922517  0.000000000000  0.011104545721  0.014165222892  0.014165222892  0.014165222892  0.014165222892  0.005021104842  0.016200083246  0.014176106802  0.018301517470  0.015217783927  0.018318369514  0.018318369514  0.037202581230  0.020377240417  0.020377240417  0.007043639322  
galgal4    0.028601926142  0.011104545721  0.000000000000  0.023449624438  0.023449624438  0.023449624438  0.023449624438  0.016221434388  0.027601173888  0.025560524079  0.029773942116  0.026633129438  0.029800002159  0.029800002159  0.049060119709  0.031894231708  0.031894231708  0.018286257548  
crossoptilon_crossoptilon 0.031741396773  0.014165222892  0.023449624438  0.000000000000  0.000000000000  0.000000000000  0.000000000000  0.009067418266  0.030740386137  0.028693920242  0.032929895375  0.029773942116  0.030832947093  0.030832947093  0.051214859552  0.035061609737  0.035061609737  0.021382809622  
lophura_nycthemera 0.031741396773  0.014165222892  0.023449624438  0.000000000000  0.000000000000  0.000000000000  0.000000000000  0.009067418266  0.030740386137  0.028693920242  0.032929895375  0.029773942116  0.030832947093  0.030832947093  0.051214859552  0.035061609737  0.035061609737  0.021382809622  
syrmaticus_reevesii 0.031741396773  0.014165222892  0.023449624438  0.000000000000  0.000000000000  0.000000000000  0.000000000000  0.009067418266  0.030740386137  0.028693920242  0.032929895375  0.029773942116  0.030832947093  0.030832947093  0.051214859552  0.035061609737  0.035061609737  0.021382809622  
chrysolophus_pictus 0.031741396773  0.014165222892  0.023449624438  0.000000000000  0.000000000000  0.000000000000  0.000000000000  0.009067418266  0.030740386137  0.028693920242  0.032929895375  0.029773942116  0.030832947093  0.030832947093  0.051214859552  0.035061609737  0.035061609737  0.021382809622  
lophophorus_impejanus 0.022357572179  0.005021104842  0.016221434388  0.009067418266  0.009067418266  0.009067418266  0.009067418266  0.000000000000  0.021353651850  0.019321921103  0.023486469113  0.020377240417  0.023507303507  0.023507303507  0.042559090097  0.025582009602  0.025582009602  0.012126274652  
rollulus_rouloul 0.029637184583  0.016200083246  0.027601173888  0.030740386137  0.030740386137  0.030740386137  0.030740386137  0.021353651850  0.000000000000  0.018260526080  0.022407426289  0.019307153142  0.022423924099  0.022423924099  0.041410364693  0.024494030365  0.024494030365  0.011090825883  
melgal2    0.025490761037  0.014176106802  0.025560524079  0.028693920242  0.028693920242  0.028693920242  0.028693920242  0.019321921103  0.018260526080  0.000000000000  0.004016314841  0.009074505118  0.012136576031  0.012136576031  0.030807358438  0.014176106802  0.014176106802  0.007043639322  
tragopan_blythii 0.029685979792  0.018301517470  0.029773942116  0.032929895375  0.032929895375  0.032929895375  0.032929895375  0.023486469113  0.022407426289  0.004016314841  0.000000000000  0.013161507204  0.016249147362  0.016249147362  0.035061609737  0.018301517470  0.018301517470  0.011113771152  
phasianus_colchicus 0.024461396606  0.015217783927  0.026633129438  0.029773942116  0.029773942116  0.029773942116  0.029773942116  0.020377240417  0.019307153142  0.009074505118  0.013161507204  0.000000000000  0.003009164623  0.003009164623  0.023467241761  0.007043639322  0.005021104842  0.008065616939  
syrmaticus_ellioti 0.027601173888  0.018318369514  0.029800002159  0.030832947093  0.030832947093  0.030832947093  0.030832947093  0.023507303507  0.022423924099  0.012136576031  0.016249147362  0.003009164623  0.000000000000  0.000000000000  0.026610507603  0.010093083764  0.008058026518  0.011124569558  
lophura_swinhoii 0.027601173888  0.018318369514  0.029800002159  0.030832947093  0.030832947093  0.030832947093  0.030832947093  0.023507303507  0.022423924099  0.012136576031  0.016249147362  0.003009164623  0.000000000000  0.000000000000  0.026610507603  0.010093083764  0.008058026518  0.011124569558  
perdix_dauuricae 0.048906441211  0.037202581230  0.049060119709  0.051214859552  0.051214859552  0.051214859552  0.051214859552  0.042559090097  0.041410364693  0.030807358438  0.035061609737  0.023467241761  0.026610507603  0.026610507603  0.000000000000  0.016221434388  0.028693920242  0.029773942116  
lophura_inornata 0.031797052344  0.020377240417  0.031894231708  0.035061609737  0.035061609737  0.035061609737  0.035061609737  0.025582009602  0.024494030365  0.014176106802  0.018301517470  0.007043639322  0.010093083764  0.010093083764  0.016221434388  0.000000000000  0.012126274652  0.013161507204  
catreus_wallichi 0.029685979792  0.020377240417  0.031894231708  0.035061609737  0.035061609737  0.035061609737  0.035061609737  0.025582009602  0.024494030365  0.014176106802  0.018301517470  0.005021104842  0.008058026518  0.008058026518  0.028693920242  0.012126274652  0.000000000000  0.013161507204  
alectoris_rufa 0.020305891042  0.007043639322  0.018286257548  0.021382809622  0.021382809622  0.021382809622  0.021382809622  0.012126274652  0.011090825883  0.007043639322  0.011113771152  0.008065616939  0.011124569558  0.011124569558  0.029773942116  0.013161507204  0.013161507204  0.000000000000  

