18
galgal4    0.000000000000  0.031834237581  0.031885476555  0.034046207590  0.026647028582  0.026672522172  0.028758633741  0.023518805736  0.029847037205  0.026672522172  0.033042626990  0.025618985885  0.039498163260  0.026647028582  0.030850898017  0.025594689548  0.025594689548  0.027701673271  
rollulus_rouloul 0.031834237581  0.000000000000  0.022399223485  0.038179107242  0.029697710310  0.031834237581  0.036066145204  0.030775135860  0.035025596608  0.033959457598  0.038238255377  0.032895674719  0.044728622860  0.033933958142  0.036039907306  0.030753282242  0.034998871100  0.037135790947  
pavo_cristatus 0.031885476555  0.022399223485  0.000000000000  0.041472500115  0.033986667582  0.031885476555  0.033986667582  0.028707884074  0.032949352606  0.031885476555  0.036155161946  0.030823946655  0.044809858009  0.031859006059  0.036094102209  0.030798691638  0.035054035470  0.037195897982  
melgal2    0.034046207590  0.038179107242  0.041472500115  0.000000000000  0.017289247146  0.023518805736  0.025594689548  0.020385617137  0.026672522172  0.023518805736  0.029847037205  0.022472141884  0.036259573216  0.023496888277  0.027676659511  0.022451406118  0.026647028582  0.035149603499  
syrmaticus_reevesii 0.026647028582  0.029697710310  0.033986667582  0.017289247146  0.000000000000  0.016254908604  0.018308097764  0.013165161981  0.019364615953  0.016254908604  0.022494543612  0.015222787879  0.026699692528  0.016239506366  0.018292037908  0.015208534741  0.021427748962  0.027728369370  
lophura_swinhoii 0.026672522172  0.031834237581  0.031885476555  0.023518805736  0.016254908604  0.000000000000  0.008059252092  0.003009387590  0.009085200767  0.006037707936  0.012152110396  0.005026149477  0.018345180911  0.006031957040  0.020385617137  0.015222787879  0.021448971460  0.027756744980  
syrmaticus_ellioti 0.028758633741  0.036066145204  0.033986667582  0.025594689548  0.018308097764  0.008059252092  0.000000000000  0.005021502376  0.011116294255  0.008059252092  0.014192875481  0.007044537292  0.018325813058  0.008052906939  0.022451406118  0.017272690867  0.023518805736  0.029847037205  
crossoptilon_crossoptilon 0.023518805736  0.030775135860  0.028707884074  0.020385617137  0.013165161981  0.003009387590  0.005021502376  0.000000000000  0.006037707936  0.003009387590  0.009085200767  0.002004166463  0.015238685833  0.003006934244  0.017272690867  0.012139638009  0.018325813058  0.024592526049  
chrysolophus_pictus 0.029847037205  0.035025596608  0.032949352606  0.026672522172  0.019364615953  0.009085200767  0.011116294255  0.006037707936  0.000000000000  0.009085200767  0.015238685833  0.008067224562  0.021471854411  0.009076110459  0.023518805736  0.018325813058  0.024592526049  0.030941901725  
lophura_inornata 0.026672522172  0.033959457598  0.031885476555  0.023518805736  0.016254908604  0.006037707936  0.008059252092  0.003009387590  0.009085200767  0.000000000000  0.006037707936  0.001001040170  0.014207626696  0.006031957040  0.020385617137  0.015222787879  0.021448971460  0.027756744980  
catreus_wallichi 0.033042626990  0.038238255377  0.036155161946  0.029847037205  0.022494543612  0.012152110396  0.014192875481  0.009085200767  0.015238685833  0.006037707936  0.000000000000  0.007051396635  0.020427371683  0.012139638009  0.026672522172  0.021448971460  0.027756744980  0.034148275226  
phasianus_colchicus 0.025618985885  0.032895674719  0.030823946655  0.022472141884  0.015222787879  0.005026149477  0.007044537292  0.002004166463  0.008067224562  0.001001040170  0.007051396635  0.000000000000  0.013178771350  0.005021502376  0.019345736640  0.014192875481  0.020405665507  0.026699692528  
perdix_dauuricae 0.039498163260  0.044728622860  0.044809858009  0.036259573216  0.026699692528  0.018345180911  0.018325813058  0.015238685833  0.021471854411  0.014207626696  0.020427371683  0.013178771350  0.000000000000  0.018325813058  0.033042626990  0.027756744980  0.034148275226  0.040625816467  
lophura_nycthemera 0.026647028582  0.033933958142  0.031859006059  0.023496888277  0.016239506366  0.006031957040  0.008052906939  0.003006934244  0.009076110459  0.006031957040  0.012139638009  0.005021502376  0.018325813058  0.000000000000  0.019328515370  0.014179766535  0.019345736640  0.026672522172  
tragopan_blythii 0.030850898017  0.036039907306  0.036094102209  0.027676659511  0.018292037908  0.020385617137  0.022451406118  0.017272690867  0.023518805736  0.020385617137  0.026672522172  0.019345736640  0.033042626990  0.019328515370  0.000000000000  0.005021502376  0.025594689548  0.029817920186  
lophophorus_impejanus 0.025594689548  0.030753282242  0.030798691638  0.022451406118  0.015208534741  0.015222787879  0.017272690867  0.012139638009  0.018325813058  0.015222787879  0.021448971460  0.014192875481  0.027756744980  0.014179766535  0.005021502376  0.000000000000  0.020385617137  0.024567750416  
cyrtonyx_montezumae 0.025594689548  0.034998871100  0.035054035470  0.026647028582  0.021427748962  0.021448971460  0.023518805736  0.018325813058  0.024592526049  0.021448971460  0.027756744980  0.020405665507  0.034148275226  0.019345736640  0.025594689548  0.020385617137  0.000000000000  0.028786537638  
alectoris_rufa 0.027701673271  0.037135790947  0.037195897982  0.035149603499  0.027728369370  0.027756744980  0.029847037205  0.024592526049  0.030941901725  0.027756744980  0.034148275226  0.026699692528  0.040625816467  0.026672522172  0.029817920186  0.024567750416  0.028786537638  0.000000000000  

