18
cyrtonyx_montezumae 0.000000000000  0.012126365086  0.019272545992  0.009067462193  0.009067462193  0.010078388713  0.009067462193  0.009067462193  0.013140414376  0.020344127313  0.009067462193  0.009067462193  0.009067462193  0.009067462193  0.009067462193  0.009067462193  0.014148265103  0.003009171016  
pavo_cristatus 0.012126365086  0.000000000000  0.007033131026  0.009067462193  0.009067462193  0.010078388713  0.009067462193  0.009067462193  0.013140414376  0.020344127313  0.009067462193  0.009067462193  0.009067462193  0.009067462193  0.009067462193  0.009067462193  0.014148265103  0.009067462193  
rollulus_rouloul 0.019272545992  0.007033131026  0.000000000000  0.016185120349  0.016185120349  0.017205891153  0.016185120349  0.016185120349  0.020296498104  0.027568515770  0.016185120349  0.016185120349  0.016185120349  0.016185120349  0.016185120349  0.016185120349  0.021314640672  0.016185120349  
chrysolophus_pictus 0.009067462193  0.009067462193  0.016185120349  0.000000000000  0.000000000000  0.001000755291  0.000000000000  0.000000000000  0.004012948311  0.011104619122  0.000000000000  0.000000000000  0.000000000000  0.000000000000  0.000000000000  0.000000000000  0.011086331114  0.006027434089  
syrmaticus_reevesii 0.009067462193  0.009067462193  0.016185120349  0.000000000000  0.000000000000  0.001000755291  0.000000000000  0.000000000000  0.004012948311  0.011104619122  0.000000000000  0.000000000000  0.000000000000  0.000000000000  0.000000000000  0.000000000000  0.011086331114  0.006027434089  
lophophorus_impejanus 0.010078388713  0.010078388713  0.017205891153  0.001000755291  0.001000755291  0.000000000000  0.001000755291  0.001000755291  0.005018245650  0.012117623173  0.001000755291  0.001000755291  0.001000755291  0.001000755291  0.001000755291  0.001000755291  0.012100850477  0.007035276278  
phasianus_colchicus 0.009067462193  0.009067462193  0.016185120349  0.000000000000  0.000000000000  0.001000755291  0.000000000000  0.000000000000  0.004012948311  0.011104619122  0.000000000000  0.000000000000  0.000000000000  0.000000000000  0.000000000000  0.000000000000  0.011086331114  0.006027434089  
syrmaticus_ellioti 0.009067462193  0.009067462193  0.016185120349  0.000000000000  0.000000000000  0.001000755291  0.000000000000  0.000000000000  0.004012948311  0.011104619122  0.000000000000  0.000000000000  0.000000000000  0.000000000000  0.000000000000  0.000000000000  0.011086331114  0.006027434089  
perdix_dauuricae 0.013140414376  0.013140414376  0.020296498104  0.004012948311  0.004012948311  0.005018245650  0.004012948311  0.004012948311  0.000000000000  0.015192388807  0.004012948311  0.004012948311  0.004012948311  0.004012948311  0.004012948311  0.004012948311  0.015165913432  0.010078388713  
melgal2    0.020344127313  0.020344127313  0.027568515770  0.011104619122  0.011104619122  0.012117623173  0.011104619122  0.011104619122  0.015192388807  0.000000000000  0.011104619122  0.011104619122  0.011104619122  0.011104619122  0.011104619122  0.011104619122  0.022379441458  0.017240352570  
lophura_swinhoii 0.009067462193  0.009067462193  0.016185120349  0.000000000000  0.000000000000  0.001000755291  0.000000000000  0.000000000000  0.004012948311  0.011104619122  0.000000000000  0.000000000000  0.000000000000  0.000000000000  0.000000000000  0.000000000000  0.011086331114  0.006027434089  
lophura_nycthemera 0.009067462193  0.009067462193  0.016185120349  0.000000000000  0.000000000000  0.001000755291  0.000000000000  0.000000000000  0.004012948311  0.011104619122  0.000000000000  0.000000000000  0.000000000000  0.000000000000  0.000000000000  0.000000000000  0.011086331114  0.006027434089  
crossoptilon_crossoptilon 0.009067462193  0.009067462193  0.016185120349  0.000000000000  0.000000000000  0.001000755291  0.000000000000  0.000000000000  0.004012948311  0.011104619122  0.000000000000  0.000000000000  0.000000000000  0.000000000000  0.000000000000  0.000000000000  0.011086331114  0.006027434089  
lophura_inornata 0.009067462193  0.009067462193  0.016185120349  0.000000000000  0.000000000000  0.001000755291  0.000000000000  0.000000000000  0.004012948311  0.011104619122  0.000000000000  0.000000000000  0.000000000000  0.000000000000  0.000000000000  0.000000000000  0.011086331114  0.006027434089  
tragopan_blythii 0.009067462193  0.009067462193  0.016185120349  0.000000000000  0.000000000000  0.001000755291  0.000000000000  0.000000000000  0.004012948311  0.011104619122  0.000000000000  0.000000000000  0.000000000000  0.000000000000  0.000000000000  0.000000000000  0.011086331114  0.006027434089  
catreus_wallichi 0.009067462193  0.009067462193  0.016185120349  0.000000000000  0.000000000000  0.001000755291  0.000000000000  0.000000000000  0.004012948311  0.011104619122  0.000000000000  0.000000000000  0.000000000000  0.000000000000  0.000000000000  0.000000000000  0.011086331114  0.006027434089  
galgal4    0.014148265103  0.014148265103  0.021314640672  0.011086331114  0.011086331114  0.012100850477  0.011086331114  0.011086331114  0.015165913432  0.022379441458  0.011086331114  0.011086331114  0.011086331114  0.011086331114  0.011086331114  0.011086331114  0.000000000000  0.011086331114  
alectoris_rufa 0.003009171016  0.009067462193  0.016185120349  0.006027434089  0.006027434089  0.007035276278  0.006027434089  0.006027434089  0.010078388713  0.017240352570  0.006027434089  0.006027434089  0.006027434089  0.006027434089  0.006027434089  0.006027434089  0.011086331114  0.000000000000  

