18
cyrtonyx_montezumae 0.000000000000  0.004016334592  0.006036853333  0.005025557642  0.008058100340  0.004016334592  0.006036853333  0.005025557642  0.008058100340  0.012117696762  0.012110534982  0.015192501227  0.008052066255  0.008052066255  0.007043694797  0.013161712179  0.014165431633  0.018272937744  
lophura_nycthemera 0.004016334592  0.000000000000  0.002004072549  0.001001016756  0.004012956356  0.000000000000  0.002004072549  0.003009175703  0.004012956356  0.008047597567  0.008044697315  0.011097013781  0.004011131728  0.004011131728  0.003006841259  0.009074599886  0.010078442056  0.014156112466  
phasianus_colchicus 0.006036853333  0.002004072549  0.000000000000  0.003009175703  0.006031374647  0.002004072549  0.004016334592  0.005025557642  0.006031374647  0.010078442056  0.010073419841  0.013140499771  0.006027453931  0.006027453931  0.005021131335  0.011113915696  0.012117696762  0.016210222891  
lophura_swinhoii 0.005025557642  0.001001016756  0.003009175703  0.000000000000  0.003006841259  0.001001016756  0.003009175703  0.004016334592  0.005021131335  0.009061972872  0.009058013826  0.011097013781  0.004011131728  0.004011131728  0.004012956356  0.010093202099  0.011097013781  0.015182096613  
tragopan_blythii 0.008058100340  0.004012956356  0.006031374647  0.003006841259  0.000000000000  0.004012956356  0.006031374647  0.007043694797  0.008052066255  0.012110534982  0.012104953621  0.014156112466  0.007035307531  0.007035307531  0.007038719569  0.013150317652  0.014156112466  0.018260843652  
catreus_wallichi 0.004016334592  0.000000000000  0.002004072549  0.001001016756  0.004012956356  0.000000000000  0.002004072549  0.003009175703  0.004012956356  0.008047597567  0.008044697315  0.011097013781  0.004011131728  0.004011131728  0.003006841259  0.009074599886  0.010078442056  0.014156112466  
crossoptilon_crossoptilon 0.006036853333  0.002004072549  0.004016334592  0.003009175703  0.006031374647  0.002004072549  0.000000000000  0.005025557642  0.006031374647  0.010078442056  0.010073419841  0.013140499771  0.006027453931  0.006027453931  0.005021131335  0.011113915696  0.012117696762  0.016210222891  
lophura_inornata 0.005025557642  0.003009175703  0.005025557642  0.004016334592  0.007043694797  0.003009175703  0.005025557642  0.000000000000  0.007043694797  0.011097013781  0.011090923997  0.014165431633  0.007038719569  0.007038719569  0.006031374647  0.012136749447  0.013140499771  0.017240500261  
rollulus_rouloul 0.008058100340  0.004012956356  0.006031374647  0.005021131335  0.008052066255  0.004012956356  0.006031374647  0.007043694797  0.000000000000  0.008044697315  0.008043368567  0.011090923997  0.004010863746  0.004010863746  0.003006058261  0.009067502570  0.010073419841  0.014148378258  
lophophorus_impejanus 0.012117696762  0.008047597567  0.010078442056  0.009061972872  0.012110534982  0.008047597567  0.010078442056  0.011097013781  0.008044697315  0.000000000000  0.012098544459  0.015166052187  0.008043368567  0.008043368567  0.007033461728  0.013132261539  0.014142232064  0.018241450238  
galgal4    0.012110534982  0.008044697315  0.010073419841  0.009058013826  0.012104953621  0.008044697315  0.010073419841  0.011090923997  0.008043368567  0.012098544459  0.000000000000  0.015160418499  0.008043614419  0.008043614419  0.007033185233  0.012104953621  0.012098544459  0.016180170613  
perdix_dauuricae 0.015192501227  0.011097013781  0.013140499771  0.011097013781  0.014156112466  0.011097013781  0.013140499771  0.014165431633  0.011090923997  0.015166052187  0.015160418499  0.000000000000  0.007043694797  0.007043694797  0.010073419841  0.016210222891  0.017220100619  0.021341880919  
syrmaticus_ellioti 0.008052066255  0.004011131728  0.006027453931  0.004011131728  0.007035307531  0.004011131728  0.006027453931  0.007038719569  0.004010863746  0.008043368567  0.008043614419  0.007043694797  0.000000000000  0.000000000000  0.003006829753  0.009061972872  0.010069973560  0.014142232064  
syrmaticus_reevesii 0.008052066255  0.004011131728  0.006027453931  0.004011131728  0.007035307531  0.004011131728  0.006027453931  0.007038719569  0.004010863746  0.008043368567  0.008043614419  0.007043694797  0.000000000000  0.000000000000  0.003006829753  0.009061972872  0.010069973560  0.014142232064  
chrysolophus_pictus 0.007043694797  0.003006841259  0.005021131335  0.004012956356  0.007038719569  0.003006841259  0.005021131335  0.006031374647  0.003006058261  0.007033461728  0.007033185233  0.010073419841  0.003006829753  0.003006829753  0.000000000000  0.008052066255  0.009058013826  0.013125605990  
melgal2    0.013161712179  0.009074599886  0.011113915696  0.010093202099  0.013150317652  0.009074599886  0.011113915696  0.012136749447  0.009067502570  0.013132261539  0.012104953621  0.016210222891  0.009061972872  0.009061972872  0.008052066255  0.000000000000  0.009067502570  0.013140499771  
pavo_cristatus 0.014165431633  0.010078442056  0.012117696762  0.011097013781  0.014156112466  0.010078442056  0.012117696762  0.013140499771  0.010073419841  0.014142232064  0.012098544459  0.017220100619  0.010069973560  0.010069973560  0.009058013826  0.009067502570  0.000000000000  0.004012956356  
alectoris_rufa 0.018272937744  0.014156112466  0.016210222891  0.015182096613  0.018260843652  0.014156112466  0.016210222891  0.017240500261  0.014148378258  0.018241450238  0.016180170613  0.021341880919  0.014142232064  0.014142232064  0.013125605990  0.013140499771  0.004012956356  0.000000000000  

