18
cyrtonyx_montezumae 0.000000000000  0.013150151336  0.015192284042  0.017219814774  0.016200070256  0.027568206110  0.020316939777  0.019282401276  0.018250029294  0.018250029294  0.018250029294  0.018250029294  0.025477279360  0.018250029294  0.022367525783  0.019272397452  0.011113790761  0.025505779487  
rollulus_rouloul 0.013150151336  0.000000000000  0.006025053467  0.010067973238  0.009055528419  0.020288436717  0.013120352193  0.012100791126  0.011083334364  0.011083334364  0.011083334364  0.011083334364  0.018228096187  0.011083334364  0.015156109947  0.014137452143  0.002002773145  0.016185016269  
pavo_cristatus 0.015192284042  0.006025053467  0.000000000000  0.012098357460  0.011083334364  0.022348935400  0.015160171131  0.014137452143  0.013116850503  0.013116850503  0.013116850503  0.013116850503  0.020282146689  0.013116850503  0.017201146103  0.016179875968  0.004011113681  0.017205772499  
lophophorus_impejanus 0.017219814774  0.010067973238  0.012098357460  0.000000000000  0.001000754467  0.012104804826  0.005018235705  0.004011113681  0.003006044980  0.003006044980  0.003006044980  0.003006044980  0.010069859624  0.003006044980  0.006027419460  0.006025053467  0.008043280007  0.022342061668  
tragopan_blythii 0.016200070256  0.009055528419  0.011083334364  0.001000754467  0.000000000000  0.011090804801  0.004012941432  0.003006832690  0.002002773145  0.002002773145  0.002002773145  0.002002773145  0.009057928013  0.002002773145  0.006025053467  0.005018235705  0.007033399848  0.021314457913  
perdix_dauuricae 0.027568206110  0.020288436717  0.022348935400  0.012104804826  0.011090804801  0.000000000000  0.007035256710  0.010078346904  0.009061894865  0.009061894865  0.009061894865  0.009061894865  0.016191748719  0.009061894865  0.013125436160  0.012110395501  0.018233808427  0.032752244407  
lophura_nycthemera 0.020316939777  0.013120352193  0.015160171131  0.005018235705  0.004012941432  0.007035256710  0.000000000000  0.003009165544  0.002004068047  0.002004068047  0.002004068047  0.002004068047  0.009061894865  0.002004068047  0.006027419460  0.005021107754  0.011086282213  0.025455256763  
lophura_inornata 0.019282401276  0.012100791126  0.014137452143  0.004011113681  0.003006832690  0.010078346904  0.003009165544  0.000000000000  0.001001015634  0.001001015634  0.001001015634  0.001001015634  0.008047534330  0.001001015634  0.005018235705  0.004012941432  0.010069859624  0.024415339047  
lophura_swinhoii 0.018250029294  0.011083334364  0.013116850503  0.003006044980  0.002002773145  0.009061894865  0.002004068047  0.001001015634  0.000000000000  0.000000000000  0.000000000000  0.000000000000  0.007035256710  0.000000000000  0.004011113681  0.003006832690  0.009055528419  0.023377610414  
phasianus_colchicus 0.018250029294  0.011083334364  0.013116850503  0.003006044980  0.002002773145  0.009061894865  0.002004068047  0.001001015634  0.000000000000  0.000000000000  0.000000000000  0.000000000000  0.007035256710  0.000000000000  0.004011113681  0.003006832690  0.009055528419  0.023377610414  
catreus_wallichi 0.018250029294  0.011083334364  0.013116850503  0.003006044980  0.002002773145  0.009061894865  0.002004068047  0.001001015634  0.000000000000  0.000000000000  0.000000000000  0.000000000000  0.007035256710  0.000000000000  0.004011113681  0.003006832690  0.009055528419  0.023377610414  
melgal2    0.018250029294  0.011083334364  0.013116850503  0.003006044980  0.002002773145  0.009061894865  0.002004068047  0.001001015634  0.000000000000  0.000000000000  0.000000000000  0.000000000000  0.007035256710  0.000000000000  0.004011113681  0.003006832690  0.009055528419  0.023377610414  
syrmaticus_reevesii 0.025477279360  0.018228096187  0.020282146689  0.010069859624  0.009057928013  0.016191748719  0.009061894865  0.008047534330  0.007035256710  0.007035256710  0.007035256710  0.007035256710  0.000000000000  0.007035256710  0.011086282213  0.010073318528  0.016179875968  0.030650330190  
syrmaticus_ellioti 0.018250029294  0.011083334364  0.013116850503  0.003006044980  0.002002773145  0.009061894865  0.002004068047  0.001001015634  0.000000000000  0.000000000000  0.000000000000  0.000000000000  0.007035256710  0.000000000000  0.004011113681  0.003006832690  0.009055528419  0.023377610414  
crossoptilon_crossoptilon 0.022367525783  0.015156109947  0.017201146103  0.006027419460  0.006025053467  0.013125436160  0.006027419460  0.005018235705  0.004011113681  0.004011113681  0.004011113681  0.004011113681  0.011086282213  0.004011113681  0.000000000000  0.007035256710  0.013116850503  0.027521708464  
chrysolophus_pictus 0.019272397452  0.014137452143  0.016179875968  0.006025053467  0.005018235705  0.012110395501  0.005021107754  0.004012941432  0.003006832690  0.003006832690  0.003006832690  0.003006832690  0.010073318528  0.003006832690  0.007035256710  0.000000000000  0.012100791126  0.026487682542  
galgal4    0.011113790761  0.002002773145  0.004011113681  0.008043280007  0.007033399848  0.018233808427  0.011086282213  0.010069859624  0.009055528419  0.009055528419  0.009055528419  0.009055528419  0.016179875968  0.009055528419  0.013116850503  0.012100791126  0.000000000000  0.014142026288  
alectoris_rufa 0.025505779487  0.016185016269  0.017205772499  0.022342061668  0.021314457913  0.032752244407  0.025455256763  0.024415339047  0.023377610414  0.023377610414  0.023377610414  0.023377610414  0.030650330190  0.023377610414  0.027521708464  0.026487682542  0.014142026288  0.000000000000  

