18
cyrtonyx_montezumae 0.000000000000  0.086854976727  0.074388930269  0.068756127870  0.088942127221  0.084525932974  0.086854976727  0.082328400118  0.077770971664  0.077770971664  0.089002657975  0.087959090416  0.081052629196  0.083306420465  0.094949421246  0.076622527301  0.076622527301  0.081170630205  
rollulus_rouloul 0.086854976727  0.000000000000  0.044712460364  0.037190040377  0.059785130373  0.050016815624  0.054413325994  0.047905548422  0.043590893910  0.043590893910  0.056500668995  0.053270728292  0.046744674923  0.047799194764  0.062103887098  0.044675682739  0.043590893910  0.046814832878  
tragopan_blythii 0.074388930269  0.044712460364  0.000000000000  0.011112553337  0.032808288826  0.025517725324  0.029719851681  0.023462673906  0.019318723431  0.019318723431  0.031770327320  0.030754153199  0.022389197337  0.025501490430  0.034971764456  0.020356148857  0.021395736174  0.020340657359  
lophophorus_impejanus 0.068756127870  0.037190040377  0.011112553337  0.000000000000  0.026517689847  0.018258335218  0.022403729278  0.016219329055  0.012125046583  0.012125046583  0.024444001865  0.023429861535  0.015171739926  0.018248114497  0.029699186818  0.013148638361  0.014174334700  0.013139071999  
galgal4    0.088942127221  0.059785130373  0.032808288826  0.026517689847  0.000000000000  0.040171465184  0.044463901170  0.038077491271  0.033847851727  0.033847851727  0.046550904422  0.044440205708  0.036976203502  0.040152392046  0.050912713759  0.035968980387  0.037032936391  0.038077491271  
lophura_nycthemera 0.084525932974  0.050016815624  0.025517725324  0.018258335218  0.040171465184  0.000000000000  0.008044381197  0.002003009402  0.006024917103  0.006024917103  0.018226837380  0.017210598575  0.009054481106  0.012097901869  0.023403342631  0.019291458830  0.026547607792  0.027579068510  
lophura_swinhoii 0.086854976727  0.054413325994  0.029719851681  0.022403729278  0.044463901170  0.008044381197  0.000000000000  0.006027212742  0.010077717385  0.010077717385  0.022355040196  0.021338820921  0.013119637669  0.016183858787  0.027579068510  0.023445482542  0.030754153199  0.031790042271  
chrysolophus_pictus 0.082328400118  0.047905548422  0.023462673906  0.016219329055  0.038077491271  0.002003009402  0.006027212742  0.000000000000  0.004012829417  0.004012829417  0.016183858787  0.015171739926  0.007033242318  0.010069477639  0.021350699506  0.017250322420  0.024489415791  0.025517725324  
lophura_inornata 0.077770971664  0.043590893910  0.019318723431  0.012125046583  0.033847851727  0.006024917103  0.010077717385  0.004012829417  0.000000000000  0.000000000000  0.012100238739  0.011090153005  0.003006778718  0.006024148745  0.017227346726  0.013148638361  0.020340657359  0.021364146915  
syrmaticus_ellioti 0.077770971664  0.043590893910  0.019318723431  0.012125046583  0.033847851727  0.006024917103  0.010077717385  0.004012829417  0.000000000000  0.000000000000  0.012100238739  0.011090153005  0.003006778718  0.006024148745  0.017227346726  0.013148638361  0.020340657359  0.021364146915  
catreus_wallichi 0.089002657975  0.056500668995  0.031770327320  0.024444001865  0.046550904422  0.018226837380  0.022355040196  0.016183858787  0.012100238739  0.012100238739  0.000000000000  0.011090153005  0.015152950337  0.018222883670  0.029632460643  0.025486836504  0.032808288826  0.033847851727  
crossoptilon_crossoptilon 0.087959090416  0.053270728292  0.030754153199  0.023429861535  0.044440205708  0.017210598575  0.021338820921  0.015171739926  0.011090153005  0.011090153005  0.011090153005  0.000000000000  0.014136697093  0.017204567453  0.028612112824  0.024472701160  0.031790042271  0.032827524273  
syrmaticus_reevesii 0.081052629196  0.046744674923  0.022389197337  0.015171739926  0.036976203502  0.009054481106  0.013119637669  0.007033242318  0.003006778718  0.003006778718  0.015152950337  0.014136697093  0.000000000000  0.003006781377  0.020294327067  0.016198484546  0.023415813888  0.024444001865  
phasianus_colchicus 0.083306420465  0.047799194764  0.025501490430  0.018248114497  0.040152392046  0.012097901869  0.016183858787  0.010069477639  0.006024148745  0.006024148745  0.018222883670  0.017204567453  0.003006781377  0.000000000000  0.023392450821  0.019280167003  0.026531855662  0.027563802192  
perdix_dauuricae 0.094949421246  0.062103887098  0.034971764456  0.029699186818  0.050912713759  0.023403342631  0.027579068510  0.021350699506  0.017227346726  0.017227346726  0.029632460643  0.028612112824  0.020294327067  0.023392450821  0.000000000000  0.030754153199  0.038147378637  0.039192125114  
melgal2    0.076622527301  0.044675682739  0.020356148857  0.013148638361  0.035968980387  0.019291458830  0.023445482542  0.017250322420  0.013148638361  0.013148638361  0.025486836504  0.024472701160  0.016198484546  0.019280167003  0.030754153199  0.000000000000  0.021379160133  0.022403729278  
pavo_cristatus 0.076622527301  0.043590893910  0.021395736174  0.014174334700  0.037032936391  0.026547607792  0.030754153199  0.024489415791  0.020340657359  0.020340657359  0.032808288826  0.031790042271  0.023415813888  0.026531855662  0.038147378637  0.021379160133  0.000000000000  0.023445482542  
alectoris_rufa 0.081170630205  0.046814832878  0.020340657359  0.013139071999  0.038077491271  0.027579068510  0.031790042271  0.025517725324  0.021364146915  0.021364146915  0.033847851727  0.032827524273  0.024444001865  0.027563802192  0.039192125114  0.022403729278  0.023445482542  0.000000000000  

