18
cyrtonyx_montezumae 0.000000000000  0.002004125444  0.012127934526  0.004011267496  0.007039158644  0.002002811463  0.005025890966  0.004013103731  0.004013103731  0.003009295042  0.003009295042  0.004013103731  0.007050887120  0.004016547333  0.003009295042  0.003009295042  0.002004125444  0.001001029944  
pavo_cristatus 0.002004125444  0.000000000000  0.012127934526  0.004011267496  0.007039158644  0.002002811463  0.005025890966  0.004013103731  0.004013103731  0.003009295042  0.003009295042  0.004013103731  0.007050887120  0.004016547333  0.003009295042  0.003009295042  0.002004125444  0.001001029944  
tragopan_blythii 0.012127934526  0.012127934526  0.000000000000  0.008066557211  0.017243289236  0.012119047956  0.015206967024  0.014167356918  0.014167356918  0.013152113346  0.013152113346  0.014167356918  0.016237660240  0.014178454462  0.013152113346  0.013152113346  0.012127934526  0.011105908910  
rollulus_rouloul 0.004011267496  0.004011267496  0.008066557211  0.000000000000  0.009058696984  0.004011041872  0.007039158644  0.006025400783  0.006025400783  0.005018470508  0.005018470508  0.006025400783  0.008052661225  0.006027764657  0.005018470508  0.005018470508  0.004011267496  0.003006146973  
melgal2    0.007039158644  0.007039158644  0.017243289236  0.009058696984  0.000000000000  0.007035718968  0.010086027464  0.009062676438  0.009062676438  0.008052661225  0.008052661225  0.009062676438  0.012127934526  0.009068281209  0.008052661225  0.008052661225  0.007039158644  0.006027764657  
lophophorus_impejanus 0.002002811463  0.002002811463  0.012119047956  0.004011041872  0.007035718968  0.000000000000  0.005021375917  0.004011267496  0.004011267496  0.003006918453  0.003006918453  0.004011267496  0.007044215769  0.004013103731  0.003006918453  0.003006918453  0.002002811463  0.001000774192  
lophura_nycthemera 0.005025890966  0.005025890966  0.015206967024  0.007039158644  0.010086027464  0.005021375917  0.000000000000  0.003006918453  0.003006918453  0.002004125444  0.002004125444  0.003006918453  0.006037334643  0.003009295042  0.002004125444  0.006037334643  0.005025890966  0.004016547333  
catreus_wallichi 0.004013103731  0.004013103731  0.014167356918  0.006025400783  0.009062676438  0.004011267496  0.003006918453  0.000000000000  0.000000000000  0.001000774192  0.001000774192  0.002003100346  0.005021375917  0.002002811463  0.001000774192  0.005021375917  0.004013103731  0.003006918453  
syrmaticus_reevesii 0.004013103731  0.004013103731  0.014167356918  0.006025400783  0.009062676438  0.004011267496  0.003006918453  0.000000000000  0.000000000000  0.001000774192  0.001000774192  0.002003100346  0.005021375917  0.002002811463  0.001000774192  0.005021375917  0.004013103731  0.003006918453  
chrysolophus_pictus 0.003009295042  0.003009295042  0.013152113346  0.005018470508  0.008052661225  0.003006918453  0.002004125444  0.001000774192  0.001000774192  0.000000000000  0.000000000000  0.001000774192  0.004016547333  0.001001029944  0.000000000000  0.004016547333  0.003009295042  0.002004125444  
lophura_inornata 0.003009295042  0.003009295042  0.013152113346  0.005018470508  0.008052661225  0.003006918453  0.002004125444  0.001000774192  0.001000774192  0.000000000000  0.000000000000  0.001000774192  0.004016547333  0.001001029944  0.000000000000  0.004016547333  0.003009295042  0.002004125444  
syrmaticus_ellioti 0.004013103731  0.004013103731  0.014167356918  0.006025400783  0.009062676438  0.004011267496  0.003006918453  0.002003100346  0.002003100346  0.001000774192  0.001000774192  0.000000000000  0.005021375917  0.002002811463  0.001000774192  0.005021375917  0.004013103731  0.003006918453  
lophura_swinhoii 0.007050887120  0.007050887120  0.016237660240  0.008052661225  0.012127934526  0.007044215769  0.006037334643  0.005021375917  0.005021375917  0.004016547333  0.004016547333  0.005021375917  0.000000000000  0.005025890966  0.004016547333  0.008066557211  0.007050887120  0.006037334643  
crossoptilon_crossoptilon 0.004016547333  0.004016547333  0.014178454462  0.006027764657  0.009068281209  0.004013103731  0.003009295042  0.002002811463  0.002002811463  0.001001029944  0.001001029944  0.002002811463  0.005025890966  0.000000000000  0.001001029944  0.005025890966  0.004016547333  0.003009295042  
phasianus_colchicus 0.003009295042  0.003009295042  0.013152113346  0.005018470508  0.008052661225  0.003006918453  0.002004125444  0.001000774192  0.001000774192  0.000000000000  0.000000000000  0.001000774192  0.004016547333  0.001001029944  0.000000000000  0.004016547333  0.003009295042  0.002004125444  
perdix_dauuricae 0.003009295042  0.003009295042  0.013152113346  0.005018470508  0.008052661225  0.003006918453  0.006037334643  0.005021375917  0.005021375917  0.004016547333  0.004016547333  0.005021375917  0.008066557211  0.005025890966  0.004016547333  0.000000000000  0.003009295042  0.002004125444  
galgal4    0.002004125444  0.002004125444  0.012127934526  0.004011267496  0.007039158644  0.002002811463  0.005025890966  0.004013103731  0.004013103731  0.003009295042  0.003009295042  0.004013103731  0.007050887120  0.004016547333  0.003009295042  0.003009295042  0.000000000000  0.001001029944  
alectoris_rufa 0.001001029944  0.001001029944  0.011105908910  0.003006146973  0.006027764657  0.001000774192  0.004016547333  0.003006918453  0.003006918453  0.002004125444  0.002004125444  0.003006918453  0.006037334643  0.003009295042  0.002004125444  0.002004125444  0.001001029944  0.000000000000  

