18
cyrtonyx_montezumae 0.000000000000  0.058390846203  0.068278661534  0.058390846203  0.058390846203  0.067133918442  0.062723695713  0.057293534887  0.057293534887  0.062748989292  0.056198690465  0.056198690465  0.052928848252  0.047572023284  0.045436754748  0.043363915295  0.044418031003  0.044418031003  
syrmaticus_ellioti 0.058390846203  0.000000000000  0.010079001283  0.000000000000  0.000000000000  0.008044880770  0.006025196935  0.001001028094  0.001001028094  0.006027634560  0.004016517487  0.004016517487  0.011091483914  0.012118627987  0.026475771192  0.017207036828  0.022359914882  0.022359914882  
crossoptilon_crossoptilon 0.068278661534  0.010079001283  0.000000000000  0.010079001283  0.010079001283  0.018242857121  0.016193162299  0.011097746862  0.011097746862  0.016201719364  0.014166832818  0.014166832818  0.020308208801  0.021356724435  0.035887444249  0.026500763633  0.031731251454  0.031731251454  
chrysolophus_pictus 0.058390846203  0.000000000000  0.010079001283  0.000000000000  0.000000000000  0.008044880770  0.006025196935  0.001001028094  0.001001028094  0.006027634560  0.004016517487  0.004016517487  0.011091483914  0.012118627987  0.026475771192  0.017207036828  0.022359914882  0.022359914882  
phasianus_colchicus 0.058390846203  0.000000000000  0.010079001283  0.000000000000  0.000000000000  0.008044880770  0.006025196935  0.001001028094  0.001001028094  0.006027634560  0.004016517487  0.004016517487  0.011091483914  0.012118627987  0.026475771192  0.017207036828  0.022359914882  0.022359914882  
catreus_wallichi 0.067133918442  0.008044880770  0.018242857121  0.008044880770  0.008044880770  0.000000000000  0.014138246550  0.009058298962  0.009058298962  0.014142969927  0.012111268393  0.012111268393  0.019265783500  0.020308208801  0.034822388690  0.025449402546  0.030665688070  0.030665688070  
lophura_inornata 0.062723695713  0.006025196935  0.016193162299  0.006025196935  0.006025196935  0.014138246550  0.000000000000  0.005016996452  0.005016996452  0.012105515494  0.010079001283  0.010079001283  0.015161160482  0.018252022090  0.032726608408  0.023379912394  0.028580198393  0.028580198393  
lophura_swinhoii 0.057293534887  0.001001028094  0.011097746862  0.001001028094  0.001001028094  0.009058298962  0.005016996452  0.000000000000  0.000000000000  0.007039002876  0.005025844201  0.005025844201  0.010073830399  0.013141653629  0.027517077205  0.018235322278  0.023398035592  0.023398035592  
lophura_nycthemera 0.057293534887  0.001001028094  0.011097746862  0.001001028094  0.001001028094  0.009058298962  0.005016996452  0.000000000000  0.000000000000  0.007039002876  0.005025844201  0.005025844201  0.010073830399  0.013141653629  0.027517077205  0.018235322278  0.023398035592  0.023398035592  
perdix_dauuricae 0.062748989292  0.006027634560  0.016201719364  0.006027634560  0.006027634560  0.014142969927  0.012105515494  0.007039002876  0.007039002876  0.000000000000  0.010085771167  0.010085771167  0.016193162299  0.018262814156  0.032735136399  0.023388148188  0.028592497495  0.028592497495  
lophophorus_impejanus 0.056198690465  0.004016517487  0.014166832818  0.004016517487  0.004016517487  0.012111268393  0.010079001283  0.005025844201  0.005025844201  0.010085771167  0.000000000000  0.000000000000  0.007033567047  0.008047881153  0.022332670430  0.015156956625  0.018229420620  0.018229420620  
syrmaticus_reevesii 0.056198690465  0.004016517487  0.014166832818  0.004016517487  0.004016517487  0.012111268393  0.010079001283  0.005025844201  0.005025844201  0.010085771167  0.000000000000  0.000000000000  0.007033567047  0.008047881153  0.022332670430  0.015156956625  0.018229420620  0.018229420620  
melgal2    0.052928848252  0.011091483914  0.020308208801  0.011091483914  0.011091483914  0.019265783500  0.015161160482  0.010073830399  0.010073830399  0.016193162299  0.007033567047  0.007033567047  0.000000000000  0.007035488937  0.021302379208  0.014135143707  0.017202247772  0.017202247772  
tragopan_blythii 0.047572023284  0.012118627987  0.021356724435  0.012118627987  0.012118627987  0.020308208801  0.018252022090  0.013141653629  0.013141653629  0.018262814156  0.008047881153  0.008047881153  0.007035488937  0.000000000000  0.015154113478  0.009055815268  0.010068297666  0.010068297666  
rollulus_rouloul 0.045436754748  0.026475771192  0.035887444249  0.026475771192  0.026475771192  0.034822388690  0.032726608408  0.027517077205  0.027517077205  0.032735136399  0.022332670430  0.022332670430  0.021302379208  0.015154113478  0.000000000000  0.010068297666  0.011082333231  0.011082333231  
galgal4    0.043363915295  0.017207036828  0.026500763633  0.017207036828  0.017207036828  0.025449402546  0.023379912394  0.018235322278  0.018235322278  0.023388148188  0.015156956625  0.015156956625  0.014135143707  0.009055815268  0.010068297666  0.000000000000  0.005021312461  0.005021312461  
pavo_cristatus 0.044418031003  0.022359914882  0.031731251454  0.022359914882  0.022359914882  0.030665688070  0.028580198393  0.023398035592  0.023398035592  0.028592497495  0.018229420620  0.018229420620  0.017202247772  0.010068297666  0.011082333231  0.005021312461  0.000000000000  0.000000000000  
alectoris_rufa 0.044418031003  0.022359914882  0.031731251454  0.022359914882  0.022359914882  0.030665688070  0.028580198393  0.023398035592  0.023398035592  0.028592497495  0.018229420620  0.018229420620  0.017202247772  0.010068297666  0.011082333231  0.005021312461  0.000000000000  0.000000000000  

