18
galgal4    0.000000000000  0.016204053095  0.033891920513  0.019277308958  0.019277308958  0.012120147489  0.014180689474  0.007039470151  0.009068969834  0.007039470151  0.010079928230  0.010079928230  0.013127611234  0.015196875436  0.010079928230  0.010079928230  0.010079928230  0.009076510589  
pavo_cristatus 0.016204053095  0.000000000000  0.042374579492  0.027564199543  0.029664158779  0.022400992597  0.022416900585  0.017233943583  0.019300396490  0.017233943583  0.020323425126  0.020323425126  0.023414053010  0.025534350540  0.020323425126  0.020323425126  0.020323425126  0.018278946560  
cyrtonyx_montezumae 0.033891920513  0.042374579492  0.000000000000  0.039202860057  0.046642962894  0.040276335632  0.042461149373  0.034954721656  0.037087429912  0.034954721656  0.038131786625  0.038131786625  0.041298795922  0.043511283569  0.038131786625  0.038131786625  0.038131786625  0.037113492856  
rollulus_rouloul 0.019277308958  0.027564199543  0.039202860057  0.000000000000  0.032794412495  0.025500480166  0.025516566406  0.020311553600  0.022386771451  0.020311553600  0.023414053010  0.023414053010  0.026517664788  0.028647273421  0.023414053010  0.023414053010  0.023414053010  0.022400992597  
perdix_dauuricae 0.019277308958  0.029664158779  0.046642962894  0.032794412495  0.000000000000  0.007033795389  0.019300396490  0.012106509101  0.014150896365  0.012106509101  0.015168619834  0.015168619834  0.018237431365  0.020323425126  0.015168619834  0.015168619834  0.015168619834  0.022400992597  
tragopan_blythii 0.012120147489  0.022400992597  0.040276335632  0.025500480166  0.007033795389  0.000000000000  0.012140393635  0.005021604776  0.007044763727  0.005021604776  0.008053144333  0.008053144333  0.011092439557  0.013153968934  0.008053144333  0.008053144333  0.008053144333  0.015209617127  
lophura_swinhoii 0.014180689474  0.022416900585  0.042461149373  0.025516566406  0.019300396490  0.012140393635  0.000000000000  0.007051690844  0.009085689865  0.007051690844  0.010095627330  0.010095627330  0.013143527573  0.015224015541  0.010095627330  0.010095627330  0.010095627330  0.017290855717  
catreus_wallichi 0.007039470151  0.017233943583  0.034954721656  0.020311553600  0.012106509101  0.005021604776  0.007051690844  0.000000000000  0.002004190146  0.000000000000  0.003006961440  0.003006961440  0.006025395104  0.008059559115  0.003006961440  0.003006961440  0.003006961440  0.010095627330  
lophura_nycthemera 0.009068969834  0.019300396490  0.037087429912  0.022386771451  0.014150896365  0.007044763727  0.009085689865  0.002004190146  0.000000000000  0.002004190146  0.005021604776  0.005021604776  0.008048368501  0.010095627330  0.005021604776  0.005021604776  0.005021604776  0.012140393635  
melgal2    0.007039470151  0.017233943583  0.034954721656  0.020311553600  0.012106509101  0.005021604776  0.007051690844  0.000000000000  0.002004190146  0.000000000000  0.003006961440  0.003006961440  0.006025395104  0.008059559115  0.003006961440  0.003006961440  0.003006961440  0.010095627330  
lophura_inornata 0.010079928230  0.020323425126  0.038131786625  0.023414053010  0.015168619834  0.008053144333  0.010095627330  0.003006961440  0.005021604776  0.003006961440  0.000000000000  0.006027938195  0.009058815597  0.011107111458  0.006027938195  0.006027938195  0.006027938195  0.013153968934  
chrysolophus_pictus 0.010079928230  0.020323425126  0.038131786625  0.023414053010  0.015168619834  0.008053144333  0.010095627330  0.003006961440  0.005021604776  0.003006961440  0.006027938195  0.000000000000  0.003006105619  0.005026298742  0.000000000000  0.000000000000  0.000000000000  0.013153968934  
syrmaticus_reevesii 0.013127611234  0.023414053010  0.041298795922  0.026517664788  0.018237431365  0.011092439557  0.013143527573  0.006025395104  0.008048368501  0.006025395104  0.009058815597  0.003006105619  0.000000000000  0.008053144333  0.003006105619  0.003006105619  0.003006105619  0.016214625033  
phasianus_colchicus 0.015196875436  0.025534350540  0.043511283569  0.028647273421  0.020323425126  0.013153968934  0.015224015541  0.008059559115  0.010095627330  0.008059559115  0.011107111458  0.005026298742  0.008053144333  0.000000000000  0.005026298742  0.005026298742  0.005026298742  0.018309738165  
syrmaticus_ellioti 0.010079928230  0.020323425126  0.038131786625  0.023414053010  0.015168619834  0.008053144333  0.010095627330  0.003006961440  0.005021604776  0.003006961440  0.006027938195  0.000000000000  0.003006105619  0.005026298742  0.000000000000  0.000000000000  0.000000000000  0.013153968934  
lophophorus_impejanus 0.010079928230  0.020323425126  0.038131786625  0.023414053010  0.015168619834  0.008053144333  0.010095627330  0.003006961440  0.005021604776  0.003006961440  0.006027938195  0.000000000000  0.003006105619  0.005026298742  0.000000000000  0.000000000000  0.000000000000  0.013153968934  
crossoptilon_crossoptilon 0.010079928230  0.020323425126  0.038131786625  0.023414053010  0.015168619834  0.008053144333  0.010095627330  0.003006961440  0.005021604776  0.003006961440  0.006027938195  0.000000000000  0.003006105619  0.005026298742  0.000000000000  0.000000000000  0.000000000000  0.013153968934  
alectoris_rufa 0.009076510589  0.018278946560  0.037113492856  0.022400992597  0.022400992597  0.015209617127  0.017290855717  0.010095627330  0.012140393635  0.010095627330  0.013153968934  0.013153968934  0.016214625033  0.018309738165  0.013153968934  0.013153968934  0.013153968934  0.000000000000  

