18
cyrtonyx_montezumae 0.000000000000  0.029698802591  0.065236127321  0.050940971079  0.049912176827  0.049912176827  0.064038502863  0.052032792956  0.064077097547  0.057528005700  0.057528005700  0.056424113984  0.053127007640  0.053095593623  0.056460835657  0.047766092733  0.042335530375  0.024472450866  
pavo_cristatus 0.029698802591  0.000000000000  0.040213993047  0.026504986433  0.027578811513  0.025486644831  0.039103774514  0.027549970817  0.039123265389  0.032807953494  0.032807953494  0.033866227492  0.028597146910  0.028584018779  0.031769973696  0.023415637437  0.019262237370  0.005020897935  
tragopan_blythii 0.065236127321  0.040213993047  0.000000000000  0.035949247473  0.037054575037  0.034926749358  0.049823700091  0.038077066733  0.048764464042  0.043436629786  0.043436629786  0.044515481020  0.038077066733  0.038057086684  0.037032489666  0.030715052113  0.031720621919  0.039167135146  
chrysolophus_pictus 0.050940971079  0.026504986433  0.035949247473  0.000000000000  0.007033250093  0.005017106505  0.019250701678  0.008043377856  0.018226846660  0.013119630851  0.013119630851  0.014141104247  0.008043377856  0.021319736692  0.024457356023  0.019270362705  0.018222926119  0.025473621124  
syrmaticus_ellioti 0.049912176827  0.027578811513  0.037054575037  0.007033250093  0.000000000000  0.002004016472  0.020294264799  0.009057568041  0.019270362705  0.014154564516  0.014154564516  0.015180237691  0.009057568041  0.022376087798  0.025535208247  0.020326554584  0.019262237370  0.026547336370  
syrmaticus_reevesii 0.049912176827  0.025486644831  0.034926749358  0.005017106505  0.002004016472  0.000000000000  0.018232338761  0.007033250093  0.017210560287  0.012109517700  0.012109517700  0.013130994054  0.007033250093  0.020303459361  0.023445221708  0.018258213133  0.017204560206  0.024457356023  
rollulus_rouloul 0.064038502863  0.039103774514  0.049823700091  0.019250701678  0.020294264799  0.018232338761  0.000000000000  0.011090126904  0.023392359039  0.018248025097  0.018248025097  0.019280055546  0.013119630851  0.034872143308  0.035968579639  0.032790384654  0.029619663957  0.038057086684  
phasianus_colchicus 0.052032792956  0.027549970817  0.038077066733  0.008043377856  0.009057568041  0.007033250093  0.011090126904  0.000000000000  0.012104107282  0.007038339109  0.007038339109  0.008051526929  0.002003013126  0.023392359039  0.026547336370  0.021338698091  0.018232338761  0.026517514637  
lophura_swinhoii 0.064077097547  0.039123265389  0.048764464042  0.018226846660  0.019270362705  0.017210560287  0.023392359039  0.012104107282  0.000000000000  0.013124538315  0.013124538315  0.014147059169  0.012104107282  0.033830457973  0.035989528663  0.031751917856  0.030656911818  0.038077066733  
lophura_nycthemera 0.057528005700  0.032807953494  0.043436629786  0.013119630851  0.014154564516  0.012109517700  0.018248025097  0.007038339109  0.013124538315  0.000000000000  0.000000000000  0.001001002775  0.007038339109  0.028611872234  0.031810885715  0.026547336370  0.025462184601  0.031769973696  
crossoptilon_crossoptilon 0.057528005700  0.032807953494  0.043436629786  0.013119630851  0.014154564516  0.012109517700  0.018248025097  0.007038339109  0.013124538315  0.000000000000  0.000000000000  0.001001002775  0.007038339109  0.028611872234  0.031810885715  0.026547336370  0.025462184601  0.031769973696  
lophura_inornata 0.056424113984  0.033866227492  0.044515481020  0.014141104247  0.015180237691  0.013130994054  0.019280055546  0.008051526929  0.014147059169  0.001001002775  0.001001002775  0.000000000000  0.008051526929  0.029662354745  0.032870287228  0.027595616441  0.026504986433  0.032827128913  
catreus_wallichi 0.053127007640  0.028597146910  0.038077066733  0.008043377856  0.009057568041  0.007033250093  0.013119630851  0.002003013126  0.012104107282  0.007038339109  0.007038339109  0.008051526929  0.000000000000  0.023392359039  0.026547336370  0.021338698091  0.020280597280  0.027563595279  
perdix_dauuricae 0.053095593623  0.028584018779  0.038057086684  0.021319736692  0.022376087798  0.020303459361  0.034872143308  0.023392359039  0.033830457973  0.028611872234  0.028611872234  0.029662354745  0.023392359039  0.000000000000  0.023403208468  0.021328429867  0.020276130612  0.027549970817  
melgal2    0.056460835657  0.031769973696  0.037032489666  0.024457356023  0.025535208247  0.023445221708  0.035968579639  0.026547336370  0.035989528663  0.031810885715  0.031810885715  0.032870287228  0.026547336370  0.023403208468  0.000000000000  0.024472450866  0.023392359039  0.030733591866  
lophophorus_impejanus 0.047766092733  0.023415637437  0.030715052113  0.019270362705  0.020326554584  0.018258213133  0.032790384654  0.021338698091  0.031751917856  0.026547336370  0.026547336370  0.027595616441  0.021338698091  0.021328429867  0.024472450866  0.000000000000  0.015159220722  0.022389008350  
galgal4    0.042335530375  0.019262237370  0.031720621919  0.018222926119  0.019262237370  0.017204560206  0.029619663957  0.018232338761  0.030656911818  0.025462184601  0.025462184601  0.026504986433  0.020280597280  0.020276130612  0.023392359039  0.015159220722  0.000000000000  0.018239399278  
alectoris_rufa 0.024472450866  0.005020897935  0.039167135146  0.025473621124  0.026547336370  0.024457356023  0.038057086684  0.026517514637  0.038077066733  0.031769973696  0.031769973696  0.032827128913  0.027563595279  0.027549970817  0.030733591866  0.022389008350  0.018239399278  0.000000000000  

