18
rollulus_rouloul 0.000000000000  0.045630986307  0.046749493464  0.048861849216  0.046716696730  0.042445732180  0.045662535230  0.042445732180  0.043526674628  0.048967773854  0.043439467774  0.041367190372  0.036010120995  0.032824016849  0.026527185013  0.031785796887  0.054345458405  0.028623801737  
perdix_dauuricae 0.045630986307  0.000000000000  0.015194702320  0.015174906447  0.016212469117  0.009068245472  0.012118947528  0.009068245472  0.010086002826  0.015207031464  0.011087067420  0.008052616584  0.009068245472  0.012127938747  0.018290061413  0.028660143510  0.049006537874  0.027649024854  
syrmaticus_reevesii 0.046749493464  0.015194702320  0.000000000000  0.010074032129  0.018290061413  0.012138539551  0.015207031464  0.012138539551  0.013163846516  0.016252819867  0.014157690334  0.011115392712  0.012138539551  0.015220977446  0.019343093911  0.029736045570  0.052348855958  0.028680812687  
phasianus_colchicus 0.048861849216  0.015174906447  0.010074032129  0.000000000000  0.018263526351  0.011098009657  0.014157690334  0.011098009657  0.012118947528  0.015194702320  0.013121440612  0.011098009657  0.012118947528  0.015194702320  0.021387777056  0.031806661846  0.054470526673  0.031806661846  
tragopan_blythii 0.046716696730  0.016212469117  0.018290061413  0.018263526351  0.000000000000  0.013152135363  0.016224298107  0.013152135363  0.014178496546  0.019343093911  0.014167284750  0.012127938747  0.013152135363  0.016237749344  0.022448137862  0.032890167371  0.053501822112  0.031829202221  
syrmaticus_ellioti 0.042445732180  0.009068245472  0.012138539551  0.011098009657  0.013152135363  0.000000000000  0.003006904504  0.000000000000  0.001001030989  0.006037372772  0.006025268423  0.005025917371  0.006037372772  0.009084440292  0.015220977446  0.025547627175  0.047992321004  0.025547627175  
chrysolophus_pictus 0.045662535230  0.012118947528  0.015207031464  0.014157690334  0.016224298107  0.003006904504  0.000000000000  0.003006904504  0.004013092570  0.009075543140  0.009058460558  0.008058822412  0.009075543140  0.012138539551  0.018305771192  0.028680812687  0.049047024945  0.028680812687  
crossoptilon_crossoptilon 0.042445732180  0.009068245472  0.012138539551  0.011098009657  0.013152135363  0.000000000000  0.003006904504  0.000000000000  0.001001030989  0.006037372772  0.006025268423  0.005025917371  0.006037372772  0.009084440292  0.015220977446  0.025547627175  0.047992321004  0.025547627175  
catreus_wallichi 0.043526674628  0.010086002826  0.013163846516  0.012118947528  0.014178496546  0.001001030989  0.004013092570  0.001001030989  0.000000000000  0.007050939163  0.007035586532  0.006037372772  0.007050939163  0.010104392857  0.016252819867  0.026597189400  0.049089232204  0.026597189400  
lophura_inornata 0.048967773854  0.015207031464  0.016252819867  0.015194702320  0.019343093911  0.006037372772  0.009075543140  0.006037372772  0.007050939163  0.000000000000  0.012118947528  0.011126492068  0.012150746979  0.015236537329  0.021445175984  0.031879297308  0.054611262788  0.031879297308  
lophura_nycthemera 0.043439467774  0.011087067420  0.014157690334  0.013121440612  0.014167284750  0.006025268423  0.009058460558  0.006025268423  0.007035586532  0.012118947528  0.000000000000  0.007035586532  0.008048010882  0.011098009657  0.017243127965  0.027590533258  0.047951384500  0.026542195583  
lophophorus_impejanus 0.041367190372  0.008052616584  0.011115392712  0.011098009657  0.012127938747  0.005025917371  0.008058822412  0.005025917371  0.006037372772  0.011126492068  0.007035586532  0.000000000000  0.005025917371  0.008066625375  0.014191322748  0.024500328375  0.046897881815  0.024500328375  
lophura_swinhoii 0.036010120995  0.009068245472  0.012138539551  0.012118947528  0.013152135363  0.006037372772  0.009075543140  0.006037372772  0.007050939163  0.012150746979  0.008048010882  0.005025917371  0.000000000000  0.003009304496  0.009075543140  0.019297446991  0.041462379554  0.019297446991  
melgal2    0.032824016849  0.012127938747  0.015220977446  0.015194702320  0.016237749344  0.009084440292  0.012138539551  0.009084440292  0.010104392857  0.015236537329  0.011098009657  0.008066625375  0.003009304496  0.000000000000  0.006031744508  0.016202265363  0.038230042231  0.016202265363  
galgal4    0.026527185013  0.018290061413  0.019343093911  0.021387777056  0.022448137862  0.015220977446  0.018305771192  0.015220977446  0.016252819867  0.021445175984  0.017243127965  0.014191322748  0.009075543140  0.006031744508  0.000000000000  0.010074032129  0.031853415026  0.010074032129  
pavo_cristatus 0.031785796887  0.028660143510  0.029736045570  0.031806661846  0.032890167371  0.025547627175  0.028680812687  0.025547627175  0.026597189400  0.031879297308  0.027590533258  0.024500328375  0.019297446991  0.016202265363  0.010074032129  0.000000000000  0.033928532128  0.016193689863  
cyrtonyx_montezumae 0.054345458405  0.049006537874  0.052348855958  0.054470526673  0.053501822112  0.047992321004  0.049047024945  0.047992321004  0.049089232204  0.054611262788  0.047951384500  0.046897881815  0.041462379554  0.038230042231  0.031853415026  0.033928532128  0.000000000000  0.037128822526  
alectoris_rufa 0.028623801737  0.027649024854  0.028680812687  0.031806661846  0.031829202221  0.025547627175  0.028680812687  0.025547627175  0.026597189400  0.031879297308  0.026542195583  0.024500328375  0.019297446991  0.016202265363  0.010074032129  0.016193689863  0.037128822526  0.000000000000  

