18
perdix_dauuricae 0.000000000000  0.023403333978  0.051039081089  0.035050639043  0.019304300504  0.025535517104  0.026604324603  0.023445466024  0.024489397071  0.024489397071  0.036012591180  0.021364134377  0.021364134377  0.027634360981  0.025517707506  0.021364134377  0.026531841694  0.016208124160  
rollulus_rouloul 0.023403333978  0.000000000000  0.054332794548  0.037189983708  0.023462654282  0.029742071951  0.028709816619  0.027634360981  0.028687103400  0.028687103400  0.040291260235  0.025535517104  0.025535517104  0.032870769944  0.029719823804  0.025535517104  0.030733938728  0.020340644062  
cyrtonyx_montezumae 0.051039081089  0.054332794548  0.000000000000  0.055562357725  0.039245826991  0.045691720923  0.046814754120  0.043524516541  0.044606941943  0.044606941943  0.056500579023  0.041366685780  0.041366685780  0.046711992855  0.045658651964  0.041366685780  0.046681018276  0.036036826315  
tragopan_blythii 0.035050639043  0.037189983708  0.055562357725  0.000000000000  0.015215358232  0.023501729281  0.030908590112  0.025598382417  0.026650022527  0.026650022527  0.038231751589  0.023501729281  0.023501729281  0.030824232110  0.027679135233  0.023501729281  0.028687103400  0.018314761364  
galgal4    0.019304300504  0.023462654282  0.039245826991  0.015215358232  0.000000000000  0.008057431106  0.015230121969  0.010092095226  0.011112547530  0.011112547530  0.022403714821  0.008057431106  0.008057431106  0.015190454645  0.012125041257  0.008057431106  0.013131044381  0.003009056227  
melgal2    0.025535517104  0.029742071951  0.045691720923  0.023501729281  0.008057431106  0.000000000000  0.021433540020  0.016232064692  0.017264125176  0.017264125176  0.028665971918  0.014174326750  0.014174326750  0.021379144868  0.018283438742  0.014174326750  0.019291449712  0.009073725914  
pavo_cristatus 0.026604324603  0.028709816619  0.046814754120  0.030908590112  0.015230121969  0.021433540020  0.000000000000  0.019352189470  0.020391779346  0.020391779346  0.031858725254  0.017279486058  0.017279486058  0.024527534490  0.021413850634  0.017279486058  0.021379144868  0.012146675237  
phasianus_colchicus 0.023445466024  0.027634360981  0.043524516541  0.025598382417  0.010092095226  0.016232064692  0.019352189470  0.000000000000  0.005025223963  0.005025223963  0.016208124160  0.002004019593  0.002004019593  0.009066810313  0.006031031321  0.002004019593  0.015171736008  0.007043202370  
catreus_wallichi 0.024489397071  0.028687103400  0.044606941943  0.026650022527  0.011112547530  0.017264125176  0.020391779346  0.005025223963  0.000000000000  0.000000000000  0.011090151270  0.003009056227  0.003009056227  0.010084139057  0.007043202370  0.003009056227  0.016198479530  0.008057431106  
crossoptilon_crossoptilon 0.024489397071  0.028687103400  0.044606941943  0.026650022527  0.011112547530  0.017264125176  0.020391779346  0.005025223963  0.000000000000  0.000000000000  0.011090151270  0.003009056227  0.003009056227  0.010084139057  0.007043202370  0.003009056227  0.016198479530  0.008057431106  
lophura_swinhoii 0.036012591180  0.040291260235  0.056500579023  0.038231751589  0.022403714821  0.028665971918  0.031858725254  0.016208124160  0.011090151270  0.011090151270  0.000000000000  0.014154630341  0.014154630341  0.021350689454  0.018258327604  0.014154630341  0.027563789066  0.019291449712  
chrysolophus_pictus 0.021364134377  0.025535517104  0.041366685780  0.023501729281  0.008057431106  0.014174326750  0.017279486058  0.002004019593  0.003009056227  0.003009056227  0.014154630341  0.000000000000  0.000000000000  0.007038355233  0.004012829005  0.000000000000  0.013124566505  0.005020909627  
lophura_nycthemera 0.021364134377  0.025535517104  0.041366685780  0.023501729281  0.008057431106  0.014174326750  0.017279486058  0.002004019593  0.003009056227  0.003009056227  0.014154630341  0.000000000000  0.000000000000  0.007038355233  0.004012829005  0.000000000000  0.013124566505  0.005020909627  
syrmaticus_ellioti 0.027634360981  0.032870769944  0.046711992855  0.030824232110  0.015190454645  0.021379144868  0.024527534490  0.009066810313  0.010084139057  0.010084139057  0.021350689454  0.007038355233  0.007038355233  0.000000000000  0.011096080114  0.007038355233  0.020303551837  0.012116527875  
lophura_inornata 0.025517707506  0.029719823804  0.045658651964  0.027679135233  0.012125041257  0.018283438742  0.021413850634  0.006031031321  0.007043202370  0.007043202370  0.018258327604  0.004012829005  0.004012829005  0.011096080114  0.000000000000  0.004012829005  0.017218188183  0.009066810313  
syrmaticus_reevesii 0.021364134377  0.025535517104  0.041366685780  0.023501729281  0.008057431106  0.014174326750  0.017279486058  0.002004019593  0.003009056227  0.003009056227  0.014154630341  0.000000000000  0.000000000000  0.007038355233  0.004012829005  0.000000000000  0.013124566505  0.005020909627  
lophophorus_impejanus 0.026531841694  0.030733938728  0.046681018276  0.028687103400  0.013131044381  0.019291449712  0.021379144868  0.015171736008  0.016198479530  0.016198479530  0.027563789066  0.013124566505  0.013124566505  0.020303551837  0.017218188183  0.013124566505  0.000000000000  0.010072827042  
alectoris_rufa 0.016208124160  0.020340644062  0.036036826315  0.018314761364  0.003009056227  0.009073725914  0.012146675237  0.007043202370  0.008057431106  0.008057431106  0.019291449712  0.005020909627  0.005020909627  0.012116527875  0.009066810313  0.005020909627  0.010072827042  0.000000000000  

