18
pavo_cristatus 0.000000000000  0.016251717159  0.012137943273  0.007044041117  0.033924693059  0.010085650855  0.009067969248  0.010078903843  0.011091383642  0.007035456161  0.010078903843  0.005018343915  0.007035456161  0.005018343915  0.005018343915  0.005018343915  0.005018343915  0.003009263749  
galgal4    0.016251717159  0.000000000000  0.006037208428  0.017269502266  0.043552560152  0.020363104748  0.019324872040  0.020346850087  0.023453403324  0.017242139806  0.020346850087  0.015193900382  0.017242139806  0.015193900382  0.015193900382  0.015193900382  0.015193900382  0.013163138641  
tragopan_blythii 0.012137943273  0.006037208428  0.000000000000  0.013151497876  0.039239653240  0.016223367998  0.015193900382  0.016211612461  0.019296250580  0.013133029870  0.016211612461  0.011097621039  0.013133029870  0.011097621039  0.011097621039  0.011097621039  0.011097621039  0.009075222765  
lophophorus_impejanus 0.007044041117  0.017269502266  0.013151497876  0.000000000000  0.037097416794  0.011097621039  0.010078903843  0.011091383642  0.014149144112  0.008044848691  0.011091383642  0.006025178980  0.008044848691  0.006025178980  0.006025178980  0.006025178980  0.006025178980  0.004013040557  
cyrtonyx_montezumae 0.033924693059  0.043552560152  0.039239653240  0.037097416794  0.000000000000  0.032862873238  0.037072423932  0.040258773592  0.041306932724  0.037049116666  0.039186539505  0.034941943428  0.037049116666  0.034941943428  0.034941943428  0.034941943428  0.034941943428  0.032862873238  
rollulus_rouloul 0.010085650855  0.020363104748  0.016223367998  0.011097621039  0.032862873238  0.000000000000  0.013133029870  0.014149144112  0.017221253673  0.011086751031  0.014149144112  0.009058247549  0.011086751031  0.009058247549  0.009058247549  0.009058247549  0.009058247549  0.007038953891  
perdix_dauuricae 0.009067969248  0.019324872040  0.015193900382  0.010078903843  0.037072423932  0.013133029870  0.000000000000  0.007044041117  0.010085650855  0.004013040557  0.007044041117  0.004016491547  0.006031613399  0.004016491547  0.004016491547  0.004016491547  0.004016491547  0.006027602585  
melgal2    0.010078903843  0.020346850087  0.016211612461  0.011091383642  0.040258773592  0.014149144112  0.007044041117  0.000000000000  0.009075222765  0.003009263749  0.006037208428  0.005021282769  0.007038953891  0.005021282769  0.005021282769  0.005021282769  0.005021282769  0.007035456161  
crossoptilon_crossoptilon 0.011091383642  0.023453403324  0.019296250580  0.014149144112  0.041306932724  0.017221253673  0.010085650855  0.009075222765  0.000000000000  0.006031613399  0.009075222765  0.008052406529  0.010078903843  0.008052406529  0.008052406529  0.008052406529  0.008052406529  0.010073756265  
chrysolophus_pictus 0.007035456161  0.017242139806  0.013133029870  0.008044848691  0.037049116666  0.011086751031  0.004013040557  0.003009263749  0.006031613399  0.000000000000  0.003009263749  0.002002786978  0.004011169237  0.002002786978  0.002002786978  0.002002786978  0.002002786978  0.004010880596  
catreus_wallichi 0.010078903843  0.020346850087  0.016211612461  0.011091383642  0.039186539505  0.014149144112  0.007044041117  0.006037208428  0.009075222765  0.003009263749  0.000000000000  0.005021282769  0.007038953891  0.005021282769  0.005021282769  0.005021282769  0.005021282769  0.007035456161  
syrmaticus_reevesii 0.005018343915  0.015193900382  0.011097621039  0.006025178980  0.034941943428  0.009058247549  0.004016491547  0.005021282769  0.008052406529  0.002002786978  0.005021282769  0.000000000000  0.002002786978  0.000000000000  0.000000000000  0.000000000000  0.000000000000  0.002003037562  
lophura_inornata 0.007035456161  0.017242139806  0.013133029870  0.008044848691  0.037049116666  0.011086751031  0.006031613399  0.007038953891  0.010078903843  0.004011169237  0.007038953891  0.002002786978  0.000000000000  0.002002786978  0.002002786978  0.002002786978  0.002002786978  0.004010880596  
phasianus_colchicus 0.005018343915  0.015193900382  0.011097621039  0.006025178980  0.034941943428  0.009058247549  0.004016491547  0.005021282769  0.008052406529  0.002002786978  0.005021282769  0.000000000000  0.002002786978  0.000000000000  0.000000000000  0.000000000000  0.000000000000  0.002003037562  
syrmaticus_ellioti 0.005018343915  0.015193900382  0.011097621039  0.006025178980  0.034941943428  0.009058247549  0.004016491547  0.005021282769  0.008052406529  0.002002786978  0.005021282769  0.000000000000  0.002002786978  0.000000000000  0.000000000000  0.000000000000  0.000000000000  0.002003037562  
lophura_swinhoii 0.005018343915  0.015193900382  0.011097621039  0.006025178980  0.034941943428  0.009058247549  0.004016491547  0.005021282769  0.008052406529  0.002002786978  0.005021282769  0.000000000000  0.002002786978  0.000000000000  0.000000000000  0.000000000000  0.000000000000  0.002003037562  
lophura_nycthemera 0.005018343915  0.015193900382  0.011097621039  0.006025178980  0.034941943428  0.009058247549  0.004016491547  0.005021282769  0.008052406529  0.002002786978  0.005021282769  0.000000000000  0.002002786978  0.000000000000  0.000000000000  0.000000000000  0.000000000000  0.002003037562  
alectoris_rufa 0.003009263749  0.013163138641  0.009075222765  0.004013040557  0.032862873238  0.007038953891  0.006027602585  0.007035456161  0.010073756265  0.004010880596  0.007035456161  0.002003037562  0.004010880596  0.002003037562  0.002003037562  0.002003037562  0.002003037562  0.000000000000  

