18
cyrtonyx_montezumae 0.000000000000  0.016233305624  0.019336504956  0.016233305624  0.029823022576  0.029823022576  0.031947199246  0.028764336325  0.028764336325  0.028764336325  0.028764336325  0.034018315342  0.028764336325  0.028764336325  0.030883973646  0.030883973646  0.037262374755  0.028764336325  
rollulus_rouloul 0.016233305624  0.000000000000  0.003009110436  0.000000000000  0.013173420778  0.017298200228  0.017298200228  0.014201403897  0.014201403897  0.014201403897  0.014201403897  0.019336504956  0.014201403897  0.014201403897  0.016263784706  0.016263784706  0.022480272884  0.014201403897  
pavo_cristatus 0.019336504956  0.003009110436  0.000000000000  0.003009110436  0.016263784706  0.020414455442  0.020414455442  0.017298200228  0.017298200228  0.017298200228  0.017298200228  0.022459243975  0.017298200228  0.017298200228  0.019373526511  0.019373526511  0.025626150405  0.017298200228  
galgal4    0.016233305624  0.000000000000  0.003009110436  0.000000000000  0.013173420778  0.017298200228  0.017298200228  0.014201403897  0.014201403897  0.014201403897  0.014201403897  0.019336504956  0.014201403897  0.014201403897  0.016263784706  0.016263784706  0.022480272884  0.014201403897  
melgal2    0.029823022576  0.013173420778  0.016263784706  0.013173420778  0.000000000000  0.010102194721  0.010102194721  0.007049870961  0.007049870961  0.007049870961  0.007049870961  0.012125682219  0.007049870961  0.007049870961  0.009082664720  0.009082664720  0.015216577670  0.007049870961  
lophophorus_impejanus 0.029823022576  0.017298200228  0.020414455442  0.017298200228  0.010102194721  0.000000000000  0.014201403897  0.011123824942  0.011123824942  0.011123824942  0.011123824942  0.016233305624  0.011123824942  0.011123824942  0.013173420778  0.013173420778  0.019354224769  0.011123824942  
tragopan_blythii 0.031947199246  0.017298200228  0.020414455442  0.017298200228  0.010102194721  0.014201403897  0.000000000000  0.005025375357  0.005025375357  0.005025375357  0.005025375357  0.010084558491  0.005025375357  0.005025375357  0.007049870961  0.007049870961  0.013160627736  0.005025375357  
lophura_inornata 0.028764336325  0.014201403897  0.017298200228  0.014201403897  0.007049870961  0.011123824942  0.005025375357  0.000000000000  0.000000000000  0.000000000000  0.000000000000  0.005018201953  0.000000000000  0.000000000000  0.002004043620  0.002004043620  0.008057734983  0.000000000000  
lophura_swinhoii 0.028764336325  0.014201403897  0.017298200228  0.014201403897  0.007049870961  0.011123824942  0.005025375357  0.000000000000  0.000000000000  0.000000000000  0.000000000000  0.005018201953  0.000000000000  0.000000000000  0.002004043620  0.002004043620  0.008057734983  0.000000000000  
lophura_nycthemera 0.028764336325  0.014201403897  0.017298200228  0.014201403897  0.007049870961  0.011123824942  0.005025375357  0.000000000000  0.000000000000  0.000000000000  0.000000000000  0.005018201953  0.000000000000  0.000000000000  0.002004043620  0.002004043620  0.008057734983  0.000000000000  
syrmaticus_ellioti 0.028764336325  0.014201403897  0.017298200228  0.014201403897  0.007049870961  0.011123824942  0.005025375357  0.000000000000  0.000000000000  0.000000000000  0.000000000000  0.005018201953  0.000000000000  0.000000000000  0.002004043620  0.002004043620  0.008057734983  0.000000000000  
phasianus_colchicus 0.034018315342  0.019336504956  0.022459243975  0.019336504956  0.012125682219  0.016233305624  0.010084558491  0.005018201953  0.005018201953  0.005018201953  0.005018201953  0.000000000000  0.005018201953  0.005018201953  0.007038538079  0.007038538079  0.013139749556  0.005018201953  
crossoptilon_crossoptilon 0.028764336325  0.014201403897  0.017298200228  0.014201403897  0.007049870961  0.011123824942  0.005025375357  0.000000000000  0.000000000000  0.000000000000  0.000000000000  0.005018201953  0.000000000000  0.000000000000  0.002004043620  0.002004043620  0.008057734983  0.000000000000  
syrmaticus_reevesii 0.028764336325  0.014201403897  0.017298200228  0.014201403897  0.007049870961  0.011123824942  0.005025375357  0.000000000000  0.000000000000  0.000000000000  0.000000000000  0.005018201953  0.000000000000  0.000000000000  0.002004043620  0.002004043620  0.008057734983  0.000000000000  
catreus_wallichi 0.030883973646  0.016263784706  0.019373526511  0.016263784706  0.009082664720  0.013173420778  0.007049870961  0.002004043620  0.002004043620  0.002004043620  0.002004043620  0.007038538079  0.002004043620  0.002004043620  0.000000000000  0.000000000000  0.006031189185  0.002004043620  
chrysolophus_pictus 0.030883973646  0.016263784706  0.019373526511  0.016263784706  0.009082664720  0.013173420778  0.007049870961  0.002004043620  0.002004043620  0.002004043620  0.002004043620  0.007038538079  0.002004043620  0.002004043620  0.000000000000  0.000000000000  0.006031189185  0.002004043620  
perdix_dauuricae 0.037262374755  0.022480272884  0.025626150405  0.022480272884  0.015216577670  0.019354224769  0.013160627736  0.008057734983  0.008057734983  0.008057734983  0.008057734983  0.013139749556  0.008057734983  0.008057734983  0.006031189185  0.006031189185  0.000000000000  0.008057734983  
alectoris_rufa 0.028764336325  0.014201403897  0.017298200228  0.014201403897  0.007049870961  0.011123824942  0.005025375357  0.000000000000  0.000000000000  0.000000000000  0.000000000000  0.005018201953  0.000000000000  0.000000000000  0.002004043620  0.002004043620  0.008057734983  0.000000000000  

