18
cyrtonyx_montezumae 0.000000000000  0.053109515555  0.047718279122  0.075565796905  0.045579155348  0.037061756139  0.040299928278  0.040246307533  0.037061756139  0.037061756139  0.037061756139  0.041347110280  0.060795264717  0.060834222392  0.068633510724  0.035996192224  0.035996192224  0.054273791572  
galgal4    0.053109515555  0.000000000000  0.026508000643  0.053286408257  0.034912761390  0.024446627124  0.029666651635  0.027567147288  0.024446627124  0.024446627124  0.024446627124  0.028632384246  0.046607695564  0.046634088982  0.056441018516  0.024446627124  0.024446627124  0.040221993154  
pavo_cristatus 0.047718279122  0.026508000643  0.000000000000  0.040360184436  0.030719754252  0.020316264396  0.025504608752  0.023418332894  0.020316264396  0.020316264396  0.020316264396  0.024475730629  0.043420207175  0.040221993154  0.049925521552  0.018249571551  0.018249571551  0.038129619921  
rollulus_rouloul 0.075565796905  0.053286408257  0.040360184436  0.000000000000  0.059985677990  0.049053746932  0.054519023989  0.051208148676  0.049053746932  0.049053746932  0.049053746932  0.053458491498  0.071052963051  0.067703176725  0.075625208722  0.046865993398  0.046865993398  0.066679525866  
perdix_dauuricae 0.045579155348  0.034912761390  0.030719754252  0.059985677990  0.000000000000  0.010078182923  0.015181449040  0.013131829965  0.010078182923  0.010078182923  0.010078182923  0.014164790381  0.031756738471  0.033892578571  0.043503787324  0.013139969669  0.013139969669  0.036019155319  
chrysolophus_pictus 0.037061756139  0.024446627124  0.020316264396  0.049053746932  0.010078182923  0.000000000000  0.005021048743  0.003006820540  0.000000000000  0.000000000000  0.000000000000  0.004016257199  0.022378484714  0.023432581143  0.032876642123  0.003009132288  0.003009132288  0.025521084142  
crossoptilon_crossoptilon 0.040299928278  0.029666651635  0.025504608752  0.054519023989  0.015181449040  0.005021048743  0.000000000000  0.008051877365  0.005021048743  0.005021048743  0.005021048743  0.009074273933  0.027582620377  0.027599719199  0.037111657446  0.008057850382  0.008057850382  0.030759114355  
catreus_wallichi 0.040246307533  0.027567147288  0.023418332894  0.051208148676  0.013131829965  0.003006820540  0.008051877365  0.000000000000  0.003006820540  0.003006820540  0.003006820540  0.007043510677  0.025489751178  0.025504608752  0.034978176559  0.006031246288  0.006031246288  0.028650610837  
phasianus_colchicus 0.037061756139  0.024446627124  0.020316264396  0.049053746932  0.010078182923  0.000000000000  0.005021048743  0.003006820540  0.000000000000  0.000000000000  0.000000000000  0.004016257199  0.022378484714  0.023432581143  0.032876642123  0.003009132288  0.003009132288  0.025521084142  
syrmaticus_ellioti 0.037061756139  0.024446627124  0.020316264396  0.049053746932  0.010078182923  0.000000000000  0.005021048743  0.003006820540  0.000000000000  0.000000000000  0.000000000000  0.004016257199  0.022378484714  0.023432581143  0.032876642123  0.003009132288  0.003009132288  0.025521084142  
lophura_inornata 0.037061756139  0.024446627124  0.020316264396  0.049053746932  0.010078182923  0.000000000000  0.005021048743  0.003006820540  0.000000000000  0.000000000000  0.000000000000  0.004016257199  0.022378484714  0.023432581143  0.032876642123  0.003009132288  0.003009132288  0.025521084142  
lophura_nycthemera 0.041347110280  0.028632384246  0.024475730629  0.053458491498  0.014164790381  0.004016257199  0.009074273933  0.007043510677  0.004016257199  0.004016257199  0.004016257199  0.000000000000  0.026551054978  0.027618440641  0.037139081729  0.007049991230  0.007049991230  0.029724726024  
melgal2    0.060795264717  0.046607695564  0.043420207175  0.071052963051  0.031756738471  0.022378484714  0.027582620377  0.025489751178  0.022378484714  0.022378484714  0.022378484714  0.026551054978  0.000000000000  0.045579155348  0.054273791572  0.025504608752  0.025504608752  0.045579155348  
lophophorus_impejanus 0.060834222392  0.046634088982  0.040221993154  0.067703176725  0.033892578571  0.023432581143  0.027599719199  0.025504608752  0.023432581143  0.023432581143  0.023432581143  0.027618440641  0.045579155348  0.000000000000  0.009074273933  0.024475730629  0.024475730629  0.047778541979  
tragopan_blythii 0.068633510724  0.056441018516  0.049925521552  0.075625208722  0.043503787324  0.032876642123  0.037111657446  0.034978176559  0.032876642123  0.032876642123  0.032876642123  0.037139081729  0.054273791572  0.009074273933  0.000000000000  0.033938814305  0.033938814305  0.053210538077  
lophura_swinhoii 0.035996192224  0.024446627124  0.018249571551  0.046865993398  0.013139969669  0.003009132288  0.008057850382  0.006031246288  0.003009132288  0.003009132288  0.003009132288  0.007049991230  0.025504608752  0.024475730629  0.033938814305  0.000000000000  0.000000000000  0.025521084142  
syrmaticus_reevesii 0.035996192224  0.024446627124  0.018249571551  0.046865993398  0.013139969669  0.003009132288  0.008057850382  0.006031246288  0.003009132288  0.003009132288  0.003009132288  0.007049991230  0.025504608752  0.024475730629  0.033938814305  0.000000000000  0.000000000000  0.025521084142  
alectoris_rufa 0.054273791572  0.040221993154  0.038129619921  0.066679525866  0.036019155319  0.025521084142  0.030759114355  0.028650610837  0.025521084142  0.025521084142  0.025521084142  0.029724726024  0.045579155348  0.047778541979  0.053210538077  0.025521084142  0.025521084142  0.000000000000  

