18
galgal4    0.000000000000  0.000000000000  0.008050214953  0.008050214953  0.008050214953  0.008050214953  0.008050214953  0.008050214953  0.008050214953  0.014149309912  0.013132430957  0.008050214953  0.010083406795  0.010072943467  0.000000000000  0.014156892860  0.011086687912  0.000000000000  
pavo_cristatus 0.000000000000  0.000000000000  0.008050214953  0.008050214953  0.008050214953  0.008050214953  0.008050214953  0.008050214953  0.008050214953  0.014149309912  0.013132430957  0.008050214953  0.010083406795  0.010072943467  0.000000000000  0.014156892860  0.011086687912  0.000000000000  
melgal2    0.008050214953  0.008050214953  0.000000000000  0.000000000000  0.000000000000  0.000000000000  0.000000000000  0.000000000000  0.000000000000  0.006026154038  0.005019212691  0.000000000000  0.002004450711  0.002003109704  0.008050214953  0.022389106741  0.019269310369  0.008050214953  
lophophorus_impejanus 0.008050214953  0.008050214953  0.000000000000  0.000000000000  0.000000000000  0.000000000000  0.000000000000  0.000000000000  0.000000000000  0.006026154038  0.005019212691  0.000000000000  0.002004450711  0.002003109704  0.008050214953  0.022389106741  0.019269310369  0.008050214953  
phasianus_colchicus 0.008050214953  0.008050214953  0.000000000000  0.000000000000  0.000000000000  0.000000000000  0.000000000000  0.000000000000  0.000000000000  0.006026154038  0.005019212691  0.000000000000  0.002004450711  0.002003109704  0.008050214953  0.022389106741  0.019269310369  0.008050214953  
perdix_dauuricae 0.008050214953  0.008050214953  0.000000000000  0.000000000000  0.000000000000  0.000000000000  0.000000000000  0.000000000000  0.000000000000  0.006026154038  0.005019212691  0.000000000000  0.002004450711  0.002003109704  0.008050214953  0.022389106741  0.019269310369  0.008050214953  
chrysolophus_pictus 0.008050214953  0.008050214953  0.000000000000  0.000000000000  0.000000000000  0.000000000000  0.000000000000  0.000000000000  0.000000000000  0.006026154038  0.005019212691  0.000000000000  0.002004450711  0.002003109704  0.008050214953  0.022389106741  0.019269310369  0.008050214953  
tragopan_blythii 0.008050214953  0.008050214953  0.000000000000  0.000000000000  0.000000000000  0.000000000000  0.000000000000  0.000000000000  0.000000000000  0.006026154038  0.005019212691  0.000000000000  0.002004450711  0.002003109704  0.008050214953  0.022389106741  0.019269310369  0.008050214953  
lophura_nycthemera 0.008050214953  0.008050214953  0.000000000000  0.000000000000  0.000000000000  0.000000000000  0.000000000000  0.000000000000  0.000000000000  0.006026154038  0.005019212691  0.000000000000  0.002004450711  0.002003109704  0.008050214953  0.022389106741  0.019269310369  0.008050214953  
catreus_wallichi 0.014149309912  0.014149309912  0.006026154038  0.006026154038  0.006026154038  0.006026154038  0.006026154038  0.006026154038  0.006026154038  0.000000000000  0.011090466739  0.006026154038  0.008050214953  0.008044762733  0.014149309912  0.028621202692  0.025467620679  0.014149309912  
crossoptilon_crossoptilon 0.013132430957  0.013132430957  0.005019212691  0.005019212691  0.005019212691  0.005019212691  0.005019212691  0.005019212691  0.005019212691  0.011090466739  0.000000000000  0.005019212691  0.007041219966  0.007034668909  0.013132430957  0.027586498780  0.024435667673  0.013132430957  
syrmaticus_reevesii 0.008050214953  0.008050214953  0.000000000000  0.000000000000  0.000000000000  0.000000000000  0.000000000000  0.000000000000  0.000000000000  0.006026154038  0.005019212691  0.000000000000  0.002004450711  0.002003109704  0.008050214953  0.022389106741  0.019269310369  0.008050214953  
lophura_swinhoii 0.010083406795  0.010083406795  0.002004450711  0.002004450711  0.002004450711  0.002004450711  0.002004450711  0.002004450711  0.002004450711  0.008050214953  0.007041219966  0.002004450711  0.000000000000  0.004011600711  0.010083406795  0.024475290775  0.021338504818  0.010083406795  
lophura_inornata 0.010072943467  0.010072943467  0.002003109704  0.002003109704  0.002003109704  0.002003109704  0.002003109704  0.002003109704  0.002003109704  0.008044762733  0.007034668909  0.002003109704  0.004011600711  0.000000000000  0.010072943467  0.024447009769  0.021321829029  0.010072943467  
syrmaticus_ellioti 0.000000000000  0.000000000000  0.008050214953  0.008050214953  0.008050214953  0.008050214953  0.008050214953  0.008050214953  0.008050214953  0.014149309912  0.013132430957  0.008050214953  0.010083406795  0.010072943467  0.000000000000  0.014156892860  0.011086687912  0.000000000000  
rollulus_rouloul 0.014156892860  0.014156892860  0.022389106741  0.022389106741  0.022389106741  0.022389106741  0.022389106741  0.022389106741  0.022389106741  0.028621202692  0.027586498780  0.022389106741  0.024475290775  0.024447009769  0.014156892860  0.000000000000  0.025478413012  0.014156892860  
cyrtonyx_montezumae 0.011086687912  0.011086687912  0.019269310369  0.019269310369  0.019269310369  0.019269310369  0.019269310369  0.019269310369  0.019269310369  0.025467620679  0.024435667673  0.019269310369  0.021338504818  0.021321829029  0.011086687912  0.025478413012  0.000000000000  0.011086687912  
alectoris_rufa 0.000000000000  0.000000000000  0.008050214953  0.008050214953  0.008050214953  0.008050214953  0.008050214953  0.008050214953  0.008050214953  0.014149309912  0.013132430957  0.008050214953  0.010083406795  0.010072943467  0.000000000000  0.014156892860  0.011086687912  0.000000000000  

