18
cyrtonyx_montezumae 0.000000000000  0.007034082868  0.005017286596  0.017204879583  0.019267783673  0.015159031755  0.017214975728  0.014139820149  0.014139820149  0.014139820149  0.019275905456  0.014139820149  0.023383817697  0.020282899722  0.014157676338  0.010079240942  0.010079240942  0.010079240942  
galgal4    0.007034082868  0.000000000000  0.002002820546  0.014139820149  0.016194244725  0.012102525253  0.014150046927  0.011087612683  0.011087612683  0.011087612683  0.016202406160  0.011087612683  0.020292862629  0.017204879583  0.011105639731  0.007044092019  0.007044092019  0.007044092019  
lophophorus_impejanus 0.005017286596  0.002002820546  0.000000000000  0.012102525253  0.014150046927  0.010071059991  0.012111723796  0.009058799480  0.009058799480  0.009058799480  0.014157676338  0.009058799480  0.018237345786  0.015159031755  0.009075283490  0.005025808461  0.005025808461  0.005025808461  
tragopan_blythii 0.017204879583  0.014139820149  0.012102525253  0.000000000000  0.025462104962  0.022347985995  0.024430481386  0.021319594734  0.021319594734  0.021319594734  0.026515485507  0.021319594734  0.030660775051  0.027523521275  0.021345581741  0.017222561358  0.017222561358  0.017222561358  
chrysolophus_pictus 0.019267783673  0.016194244725  0.014150046927  0.025462104962  0.000000000000  0.008052564276  0.008058630250  0.005021325513  0.005021325513  0.005021325513  0.006031660016  0.005021325513  0.014150046927  0.024440827058  0.023438416386  0.019297231373  0.019297231373  0.019297231373  
perdix_dauuricae 0.015159031755  0.012102525253  0.010071059991  0.022347985995  0.008052564276  0.000000000000  0.006031660016  0.003006914371  0.003006914371  0.003006914371  0.008058630250  0.003006914371  0.012106288800  0.020292862629  0.019285722553  0.015175146883  0.015175146883  0.015175146883  
lophura_inornata 0.017214975728  0.014150046927  0.012111723796  0.024430481386  0.008058630250  0.006031660016  0.000000000000  0.003009265504  0.003009265504  0.003009265504  0.008066344235  0.003009265504  0.012111723796  0.022372225786  0.021371413473  0.017242789709  0.017242789709  0.017242789709  
crossoptilon_crossoptilon 0.014139820149  0.011087612683  0.009058799480  0.021319594734  0.005021325513  0.003006914371  0.003009265504  0.000000000000  0.000000000000  0.000000000000  0.005025808461  0.000000000000  0.009058799480  0.019267783673  0.018263439202  0.014157676338  0.014157676338  0.014157676338  
syrmaticus_reevesii 0.014139820149  0.011087612683  0.009058799480  0.021319594734  0.005021325513  0.003006914371  0.003009265504  0.000000000000  0.000000000000  0.000000000000  0.005025808461  0.000000000000  0.009058799480  0.019267783673  0.018263439202  0.014157676338  0.014157676338  0.014157676338  
lophura_nycthemera 0.014139820149  0.011087612683  0.009058799480  0.021319594734  0.005021325513  0.003006914371  0.003009265504  0.000000000000  0.000000000000  0.000000000000  0.005025808461  0.000000000000  0.009058799480  0.019267783673  0.018263439202  0.014157676338  0.014157676338  0.014157676338  
catreus_wallichi 0.019275905456  0.016202406160  0.014157676338  0.026515485507  0.006031660016  0.008058630250  0.008066344235  0.005025808461  0.005025808461  0.005025808461  0.000000000000  0.005025808461  0.014157676338  0.024452887575  0.023454455218  0.019310428364  0.019310428364  0.019310428364  
phasianus_colchicus 0.014139820149  0.011087612683  0.009058799480  0.021319594734  0.005021325513  0.003006914371  0.003009265504  0.000000000000  0.000000000000  0.000000000000  0.005025808461  0.000000000000  0.009058799480  0.019267783673  0.018263439202  0.014157676338  0.014157676338  0.014157676338  
lophura_swinhoii 0.023383817697  0.020292862629  0.018237345786  0.030660775051  0.014150046927  0.012106288800  0.012111723796  0.009058799480  0.009058799480  0.009058799480  0.014157676338  0.009058799480  0.000000000000  0.028584765076  0.027575118896  0.023411447037  0.023411447037  0.023411447037  
melgal2    0.020282899722  0.017204879583  0.015159031755  0.027523521275  0.024440827058  0.020292862629  0.022372225786  0.019267783673  0.019267783673  0.019267783673  0.024452887575  0.019267783673  0.028584765076  0.000000000000  0.024440827058  0.020300403453  0.020300403453  0.020300403453  
rollulus_rouloul 0.014157676338  0.011105639731  0.009075283490  0.021345581741  0.023438416386  0.019285722553  0.021371413473  0.018263439202  0.018263439202  0.018263439202  0.023454455218  0.018263439202  0.027575118896  0.024440827058  0.000000000000  0.004013079838  0.004013079838  0.004013079838  
syrmaticus_ellioti 0.010079240942  0.007044092019  0.005025808461  0.017222561358  0.019297231373  0.015175146883  0.017242789709  0.014157676338  0.014157676338  0.014157676338  0.019310428364  0.014157676338  0.023411447037  0.020300403453  0.004013079838  0.000000000000  0.000000000000  0.000000000000  
pavo_cristatus 0.010079240942  0.007044092019  0.005025808461  0.017222561358  0.019297231373  0.015175146883  0.017242789709  0.014157676338  0.014157676338  0.014157676338  0.019310428364  0.014157676338  0.023411447037  0.020300403453  0.004013079838  0.000000000000  0.000000000000  0.000000000000  
alectoris_rufa 0.010079240942  0.007044092019  0.005025808461  0.017222561358  0.019297231373  0.015175146883  0.017242789709  0.014157676338  0.014157676338  0.014157676338  0.019310428364  0.014157676338  0.023411447037  0.020300403453  0.004013079838  0.000000000000  0.000000000000  0.000000000000  

