18
galgal4    0.000000000000  0.010085107167  0.006036906810  0.006031403606  0.004016358230  0.003009188963  0.003009188963  0.003009188963  0.003009188963  0.000000000000  0.007038741277  0.000000000000  0.006025095978  0.001000757585  0.001000757585  0.005025594678  0.002002777836  0.000000000000  
crossoptilon_crossoptilon 0.010085107167  0.000000000000  0.010085107167  0.010078483030  0.008052100989  0.007038741277  0.007038741277  0.007038741277  0.007038741277  0.010085107167  0.017240673927  0.010085107167  0.016200416427  0.011097072223  0.011097072223  0.015204703324  0.012117775791  0.010085107167  
melgal2    0.006036906810  0.010085107167  0.000000000000  0.006031403606  0.004016358230  0.003009188963  0.003009188963  0.003009188963  0.003009188963  0.006036906810  0.013150464046  0.006036906810  0.012117775791  0.007043738493  0.007043738493  0.011124904053  0.008058161842  0.006036906810  
catreus_wallichi 0.006031403606  0.010078483030  0.006031403606  0.000000000000  0.004012964944  0.003006844165  0.003006844165  0.003006844165  0.003006844165  0.006031403606  0.013140602529  0.006031403606  0.012110582669  0.007038741277  0.007038741277  0.011114049282  0.008052100989  0.006031403606  
chrysolophus_pictus 0.004016358230  0.008052100989  0.004016358230  0.004012964944  0.000000000000  0.001001018222  0.001001018222  0.001001018222  0.001001018222  0.004016358230  0.011104771009  0.004016358230  0.010078483030  0.005021148599  0.005021148599  0.009083383137  0.006031403606  0.004016358230  
syrmaticus_reevesii 0.003009188963  0.007038741277  0.003009188963  0.003006844165  0.001001018222  0.000000000000  0.000000000000  0.000000000000  0.000000000000  0.003009188963  0.010085107167  0.003009188963  0.009061999470  0.004012964944  0.004012964944  0.008065792404  0.005021148599  0.003009188963  
lophura_inornata 0.003009188963  0.007038741277  0.003009188963  0.003006844165  0.001001018222  0.000000000000  0.000000000000  0.000000000000  0.000000000000  0.003009188963  0.010085107167  0.003009188963  0.009061999470  0.004012964944  0.004012964944  0.008065792404  0.005021148599  0.003009188963  
lophura_nycthemera 0.003009188963  0.007038741277  0.003009188963  0.003006844165  0.001001018222  0.000000000000  0.000000000000  0.000000000000  0.000000000000  0.003009188963  0.010085107167  0.003009188963  0.009061999470  0.004012964944  0.004012964944  0.008065792404  0.005021148599  0.003009188963  
lophura_swinhoii 0.003009188963  0.007038741277  0.003009188963  0.003006844165  0.001001018222  0.000000000000  0.000000000000  0.000000000000  0.000000000000  0.003009188963  0.010085107167  0.003009188963  0.009061999470  0.004012964944  0.004012964944  0.008065792404  0.005021148599  0.003009188963  
syrmaticus_ellioti 0.000000000000  0.010085107167  0.006036906810  0.006031403606  0.004016358230  0.003009188963  0.003009188963  0.003009188963  0.003009188963  0.000000000000  0.007038741277  0.000000000000  0.006025095978  0.001000757585  0.001000757585  0.005025594678  0.002002777836  0.000000000000  
cyrtonyx_montezumae 0.007038741277  0.017240673927  0.013150464046  0.013140602529  0.011104771009  0.010085107167  0.010085107167  0.010085107167  0.010085107167  0.007038741277  0.000000000000  0.007038741277  0.013125643746  0.008047612855  0.008047612855  0.012126553694  0.009061999470  0.007038741277  
tragopan_blythii 0.000000000000  0.010085107167  0.006036906810  0.006031403606  0.004016358230  0.003009188963  0.003009188963  0.003009188963  0.003009188963  0.000000000000  0.007038741277  0.000000000000  0.006025095978  0.001000757585  0.001000757585  0.005025594678  0.002002777836  0.000000000000  
rollulus_rouloul 0.006025095978  0.016200416427  0.012117775791  0.012110582669  0.010078483030  0.009061999470  0.009061999470  0.009061999470  0.009061999470  0.006025095978  0.013125643746  0.006025095978  0.000000000000  0.007033461363  0.007033461363  0.011097072223  0.008044700479  0.006025095978  
pavo_cristatus 0.001000757585  0.011097072223  0.007043738493  0.007038741277  0.005021148599  0.004012964944  0.004012964944  0.004012964944  0.004012964944  0.001000757585  0.008047612855  0.001000757585  0.007033461363  0.000000000000  0.000000000000  0.006031403606  0.003006058036  0.001000757585  
phasianus_colchicus 0.001000757585  0.011097072223  0.007043738493  0.007038741277  0.005021148599  0.004012964944  0.004012964944  0.004012964944  0.004012964944  0.001000757585  0.008047612855  0.001000757585  0.007033461363  0.000000000000  0.000000000000  0.006031403606  0.003006058036  0.001000757585  
lophophorus_impejanus 0.005025594678  0.015204703324  0.011124904053  0.011114049282  0.009083383137  0.008065792404  0.008065792404  0.008065792404  0.008065792404  0.005025594678  0.012126553694  0.005025594678  0.011097072223  0.006031403606  0.006031403606  0.000000000000  0.007043738493  0.005025594678  
perdix_dauuricae 0.002002777836  0.012117775791  0.008058161842  0.008052100989  0.006031403606  0.005021148599  0.005021148599  0.005021148599  0.005021148599  0.002002777836  0.009061999470  0.002002777836  0.008044700479  0.003006058036  0.003006058036  0.007043738493  0.000000000000  0.002002777836  
alectoris_rufa 0.000000000000  0.010085107167  0.006036906810  0.006031403606  0.004016358230  0.003009188963  0.003009188963  0.003009188963  0.003009188963  0.000000000000  0.007038741277  0.000000000000  0.006025095978  0.001000757585  0.001000757585  0.005025594678  0.002002777836  0.000000000000  

