18
cyrtonyx_montezumae 0.000000000000  0.036132540617  0.043616557405  0.056681612649  0.052252452780  0.054506920325  0.054461897030  0.062276471915  0.050092893273  0.050092893273  0.055665000232  0.051235395275  0.077891748690  0.060030655146  0.060082462951  0.053492330716  0.033994294746  0.027681949879  
pavo_cristatus 0.036132540617  0.000000000000  0.015210151777  0.034023576911  0.029770664517  0.029796724842  0.030830346558  0.037238306523  0.025576500089  0.025576500089  0.030886636438  0.026652173893  0.052252452780  0.034023576911  0.036197836067  0.028792959728  0.008067777000  0.012129779051  
rollulus_rouloul 0.043616557405  0.015210151777  0.000000000000  0.041484041672  0.037173959599  0.037205265126  0.038247838157  0.044742329000  0.032928751944  0.032928751944  0.038314710880  0.034023576911  0.059932490930  0.041484041672  0.043692721114  0.036197836067  0.015210151777  0.019315288327  
lophura_swinhoii 0.056681612649  0.034023576911  0.041484041672  0.000000000000  0.004016848885  0.012140745700  0.013154363484  0.019348474150  0.008059709277  0.008059709277  0.017246331091  0.017246331091  0.040253607007  0.022402099253  0.022418018589  0.015197391549  0.029770664517  0.036102490848  
lophura_nycthemera 0.052252452780  0.029770664517  0.037173959599  0.004016848885  0.000000000000  0.008059709277  0.009069151566  0.015210151777  0.004013258392  0.004013258392  0.013135118925  0.013135118925  0.035978338147  0.018255570847  0.018266788620  0.011099220746  0.025555298818  0.031840499158  
catreus_wallichi 0.054506920325  0.029796724842  0.037205265126  0.012140745700  0.008059709277  0.000000000000  0.009076702956  0.015224577917  0.004016848885  0.004016848885  0.013143909355  0.013143909355  0.035999679296  0.018266788620  0.018279689085  0.011107388494  0.025576500089  0.031865581723  
crossoptilon_crossoptilon 0.054461897030  0.030830346558  0.038247838157  0.013154363484  0.009069151566  0.009076702956  0.000000000000  0.016241374693  0.005021660760  0.005021660760  0.014159608106  0.012112823212  0.037043571953  0.019288831951  0.019301217472  0.012120470562  0.026605656475  0.032902435878  
lophura_inornata 0.062276471915  0.037238306523  0.044742329000  0.019348474150  0.015210151777  0.015224577917  0.016241374693  0.000000000000  0.011117211851  0.011117211851  0.020353138560  0.020353138560  0.043485368970  0.025535799103  0.023461489940  0.018294269253  0.032956792211  0.039324137384  
phasianus_colchicus 0.050092893273  0.025576500089  0.032928751944  0.008059709277  0.004013258392  0.004016848885  0.005021660760  0.011117211851  0.000000000000  0.000000000000  0.009063250730  0.009063250730  0.031757441309  0.014151338950  0.014159608106  0.007039578412  0.021393249590  0.027636416851  
syrmaticus_reevesii 0.050092893273  0.025576500089  0.032928751944  0.008059709277  0.004013258392  0.004016848885  0.005021660760  0.011117211851  0.000000000000  0.000000000000  0.009063250730  0.009063250730  0.031757441309  0.014151338950  0.014159608106  0.007039578412  0.021393249590  0.027636416851  
syrmaticus_ellioti 0.055665000232  0.030886636438  0.038314710880  0.017246331091  0.013135118925  0.013143909355  0.014159608106  0.020353138560  0.009063250730  0.009063250730  0.000000000000  0.014181151227  0.037090487201  0.019315288327  0.019331041536  0.012140745700  0.026652173893  0.032956792211  
lophophorus_impejanus 0.051235395275  0.026652173893  0.034023576911  0.017246331091  0.013135118925  0.013143909355  0.012112823212  0.020353138560  0.009063250730  0.009063250730  0.014181151227  0.000000000000  0.034957431360  0.019315288327  0.019331041536  0.012140745700  0.022454934404  0.028713329058  
melgal2    0.077891748690  0.052252452780  0.059932490930  0.040253607007  0.035978338147  0.035999679296  0.037043571953  0.043485368970  0.031757441309  0.031757441309  0.037090487201  0.034957431360  0.000000000000  0.041328432394  0.042434555091  0.034981023471  0.047864001206  0.054377252418  
perdix_dauuricae 0.060030655146  0.034023576911  0.041484041672  0.022402099253  0.018255570847  0.018266788620  0.019288831951  0.025535799103  0.014151338950  0.014151338950  0.019315288327  0.019315288327  0.041328432394  0.000000000000  0.024507246672  0.017259743292  0.029770664517  0.036102490848  
tragopan_blythii 0.060082462951  0.036197836067  0.043692721114  0.022418018589  0.018266788620  0.018279689085  0.019301217472  0.023461489940  0.014159608106  0.014159608106  0.019331041536  0.019331041536  0.042434555091  0.024507246672  0.000000000000  0.017274829595  0.031920907950  0.037205265126  
chrysolophus_pictus 0.053492330716  0.028792959728  0.036197836067  0.015197391549  0.011099220746  0.011107388494  0.012120470562  0.018294269253  0.007039578412  0.007039578412  0.012140745700  0.012140745700  0.034981023471  0.017259743292  0.017274829595  0.000000000000  0.024572330891  0.030857635149  
galgal4    0.033994294746  0.008067777000  0.015210151777  0.029770664517  0.025555298818  0.025576500089  0.026605656475  0.032956792211  0.021393249590  0.021393249590  0.026652173893  0.022454934404  0.047864001206  0.029770664517  0.031920907950  0.024572330891  0.000000000000  0.010087182438  
alectoris_rufa 0.027681949879  0.012129779051  0.019315288327  0.036102490848  0.031840499158  0.031865581723  0.032902435878  0.039324137384  0.027636416851  0.027636416851  0.032956792211  0.028713329058  0.054377252418  0.036102490848  0.037205265126  0.030857635149  0.010087182438  0.000000000000  

