18
galgal4    0.000000000000  0.055575390064  0.103171474981  0.068839110774  0.107845569096  0.067653159176  0.068785449172  0.078969662263  0.073283820513  0.062173079475  0.062173079475  0.062173079475  0.065497457928  0.067759552881  0.065497457928  0.064320299927  0.105749164151  0.088021725897  
pavo_cristatus 0.055575390064  0.000000000000  0.083241498409  0.048892819352  0.089992956717  0.051044997612  0.046683173322  0.056473001551  0.054303998771  0.040289273008  0.040289273008  0.040289273008  0.043493819235  0.047836430512  0.043493819235  0.040289273008  0.081042262830  0.062980213042  
rollulus_rouloul 0.103171474981  0.083241498409  0.000000000000  0.089064266751  0.128020299867  0.091347689952  0.086667224573  0.095936832033  0.091284219758  0.079888700217  0.079888700217  0.079888700217  0.083298638610  0.084459047510  0.082140993289  0.077589755404  0.118975643640  0.114598212538  
lophophorus_impejanus 0.068839110774  0.048892819352  0.089064266751  0.000000000000  0.055235428921  0.023454709081  0.019297042955  0.028659259818  0.026576454326  0.013151963440  0.013151963440  0.013151963440  0.016224030433  0.021404821449  0.016224030433  0.015183742394  0.091549401073  0.077487655242  
melgal2    0.107845569096  0.089992956717  0.128020299867  0.055235428921  0.000000000000  0.062942177266  0.060719376573  0.070713693464  0.068501185811  0.054199755331  0.054199755331  0.054199755331  0.057468975949  0.060791998765  0.057468975949  0.056334300365  0.131787580313  0.120417676169  
phasianus_colchicus 0.067653159176  0.051044997612  0.091347689952  0.023454709081  0.062942177266  0.000000000000  0.010085898760  0.019310644667  0.027607542788  0.014167076712  0.014167076712  0.014167076712  0.017242813852  0.022428978671  0.017242813852  0.016201965739  0.093843414955  0.079729958279  
syrmaticus_ellioti 0.068785449172  0.046683173322  0.086667224573  0.019297042955  0.060719376573  0.010085898760  0.000000000000  0.015183742394  0.023423283357  0.010079099457  0.010079099457  0.010079099457  0.013133356399  0.018275629684  0.013133356399  0.012105615439  0.089128584868  0.077439364453  
syrmaticus_reevesii 0.078969662263  0.056473001551  0.095936832033  0.028659259818  0.070713693464  0.019310644667  0.015183742394  0.000000000000  0.032843188856  0.019297042955  0.019297042955  0.019297042955  0.022396567408  0.027627066395  0.022396567408  0.021344583424  0.097262368638  0.087716755076  
tragopan_blythii 0.073283820513  0.054303998771  0.091284219758  0.026576454326  0.068501185811  0.027607542788  0.023423283357  0.032843188856  0.000000000000  0.017242813852  0.017242813852  0.017242813852  0.020333130317  0.025546954333  0.020333130317  0.019285072065  0.096144927551  0.085447857573  
lophura_nycthemera 0.062173079475  0.040289273008  0.079888700217  0.013151963440  0.054199755331  0.014167076712  0.010079099457  0.019297042955  0.017242813852  0.000000000000  0.000000000000  0.000000000000  0.003006893979  0.008058758983  0.003006893979  0.006027666384  0.082319263900  0.070757446745  
lophura_inornata 0.062173079475  0.040289273008  0.079888700217  0.013151963440  0.054199755331  0.014167076712  0.010079099457  0.019297042955  0.017242813852  0.000000000000  0.000000000000  0.000000000000  0.003006893979  0.008058758983  0.003006893979  0.006027666384  0.082319263900  0.070757446745  
lophura_swinhoii 0.062173079475  0.040289273008  0.079888700217  0.013151963440  0.054199755331  0.014167076712  0.010079099457  0.019297042955  0.017242813852  0.000000000000  0.000000000000  0.000000000000  0.003006893979  0.008058758983  0.003006893979  0.006027666384  0.082319263900  0.070757446745  
crossoptilon_crossoptilon 0.065497457928  0.043493819235  0.083298638610  0.016224030433  0.057468975949  0.017242813852  0.013133356399  0.022396567408  0.020333130317  0.003006893979  0.003006893979  0.003006893979  0.000000000000  0.011105772982  0.006027666384  0.009062454474  0.085747796739  0.074113764845  
catreus_wallichi 0.067759552881  0.047836430512  0.084459047510  0.021404821449  0.060791998765  0.022428978671  0.018275629684  0.027627066395  0.025546954333  0.008058758983  0.008058758983  0.008058758983  0.011105772982  0.000000000000  0.011105772982  0.014167076712  0.088088329266  0.077537786559  
chrysolophus_pictus 0.065497457928  0.043493819235  0.082140993289  0.016224030433  0.057468975949  0.017242813852  0.013133356399  0.022396567408  0.020333130317  0.003006893979  0.003006893979  0.003006893979  0.006027666384  0.011105772982  0.000000000000  0.009062454474  0.085747796739  0.074113764845  
perdix_dauuricae 0.064320299927  0.040289273008  0.077589755404  0.015183742394  0.056334300365  0.016201965739  0.012105615439  0.021344583424  0.019285072065  0.006027666384  0.006027666384  0.006027666384  0.009062454474  0.014167076712  0.009062454474  0.000000000000  0.084519467697  0.070671757977  
cyrtonyx_montezumae 0.105749164151  0.081042262830  0.118975643640  0.091549401073  0.131787580313  0.093843414955  0.089128584868  0.097262368638  0.096144927551  0.082319263900  0.082319263900  0.082319263900  0.085747796739  0.088088329266  0.085747796739  0.084519467697  0.000000000000  0.106408895848  
alectoris_rufa 0.088021725897  0.062980213042  0.114598212538  0.077487655242  0.120417676169  0.079729958279  0.077439364453  0.087716755076  0.085447857573  0.070757446745  0.070757446745  0.070757446745  0.074113764845  0.077537786559  0.074113764845  0.070671757977  0.106408895848  0.000000000000  

