18
galgal4    0.000000000000  0.041411742882  0.036262875795  0.050225767256  0.039425420959  0.040549450597  0.040469897259  0.032977732678  0.041554419824  0.035054432771  0.032977732678  0.037231400831  0.032977732678  0.033009113383  0.062465176586  0.023512004341  0.070250886950  0.028754535649  
pavo_cristatus 0.041411742882  0.000000000000  0.049169616203  0.061166221774  0.052389746212  0.051330699204  0.053450474712  0.043613208591  0.052343094166  0.047900478993  0.043613208591  0.045753542721  0.043613208591  0.043650666858  0.075948272366  0.033986164637  0.071147675520  0.043650666858  
melgal2    0.036262875795  0.049169616203  0.000000000000  0.051483139073  0.041726185679  0.040682344786  0.039505897584  0.033077231322  0.041680526312  0.037302917207  0.033077231322  0.037341375830  0.033077231322  0.032042736632  0.061520507943  0.022536590092  0.068158280277  0.039593588080  
perdix_dauuricae 0.050225767256  0.061166221774  0.051483139073  0.000000000000  0.011100952295  0.023490395028  0.024498020145  0.022426071068  0.030821193659  0.025527103209  0.024517364860  0.024498020145  0.022426071068  0.034015268553  0.069170222294  0.032977732678  0.082878361568  0.055887968439  
crossoptilon_crossoptilon 0.039425420959  0.052389746212  0.041726185679  0.011100952295  0.000000000000  0.013170412833  0.015201329968  0.012132493974  0.020378096701  0.014162335929  0.014185085465  0.014172846104  0.012132493974  0.024561344139  0.059139506404  0.023535369286  0.077257962207  0.046060485351  
syrmaticus_ellioti 0.040549450597  0.051330699204  0.040682344786  0.023490395028  0.013170412833  0.000000000000  0.018317608803  0.011119926986  0.019356494762  0.015201329968  0.013170412833  0.013157658914  0.011119926986  0.023535369286  0.059198469987  0.022510986513  0.073847240063  0.045011407019  
catreus_wallichi 0.040469897259  0.053450474712  0.039505897584  0.024498020145  0.015201329968  0.018317608803  0.000000000000  0.013146628503  0.021401286992  0.015179621638  0.015201329968  0.015189608355  0.013146628503  0.025588916504  0.061334859733  0.024561344139  0.074860549692  0.047111210967  
chrysolophus_pictus 0.032977732678  0.043613208591  0.033077231322  0.022426071068  0.012132493974  0.011119926986  0.013146628503  0.000000000000  0.008061026800  0.006028446366  0.004017276627  0.006032865023  0.000000000000  0.018300479794  0.051330699204  0.015214783629  0.070317050111  0.037341375830  
phasianus_colchicus 0.041554419824  0.052343094166  0.041680526312  0.030821193659  0.020378096701  0.019356494762  0.021401286992  0.008061026800  0.000000000000  0.014172846104  0.012144041422  0.014185085465  0.008061026800  0.026641733868  0.060207279542  0.023512004341  0.079516294851  0.046011143875  
lophura_nycthemera 0.035054432771  0.047900478993  0.037302917207  0.025527103209  0.014162335929  0.015201329968  0.015179621638  0.006028446366  0.014172846104  0.000000000000  0.008054252609  0.010081473954  0.006028446366  0.022426071068  0.055673166544  0.019321508320  0.073635063829  0.041594640803  
lophura_inornata 0.032977732678  0.043613208591  0.033077231322  0.024517364860  0.014185085465  0.013170412833  0.015201329968  0.004017276627  0.012144041422  0.008054252609  0.000000000000  0.008061026800  0.004017276627  0.018300479794  0.051330699204  0.015214783629  0.070317050111  0.037341375830  
lophura_swinhoii 0.037231400831  0.045753542721  0.037341375830  0.024498020145  0.014172846104  0.013157658914  0.015189608355  0.006032865023  0.014185085465  0.010081473954  0.008061026800  0.000000000000  0.006032865023  0.020360236696  0.055724062433  0.019338129700  0.072550015105  0.041636677165  
syrmaticus_reevesii 0.032977732678  0.043613208591  0.033077231322  0.022426071068  0.012132493974  0.011119926986  0.013146628503  0.000000000000  0.008061026800  0.006028446366  0.004017276627  0.006032865023  0.000000000000  0.018300479794  0.051330699204  0.015214783629  0.070317050111  0.037341375830  
lophophorus_impejanus 0.033009113383  0.043650666858  0.032042736632  0.034015268553  0.024561344139  0.023535369286  0.025588916504  0.018300479794  0.026641733868  0.022426071068  0.018300479794  0.020360236696  0.018300479794  0.000000000000  0.040508767920  0.015229966521  0.064671557061  0.037381631247  
cyrtonyx_montezumae 0.062465176586  0.075948272366  0.061520507943  0.069170222294  0.059139506404  0.059198469987  0.061334859733  0.051330699204  0.060207279542  0.055673166544  0.051330699204  0.055724062433  0.051330699204  0.040508767920  0.000000000000  0.045917943095  0.099532576017  0.064864808790  
tragopan_blythii 0.023512004341  0.033986164637  0.022536590092  0.032977732678  0.023535369286  0.022510986513  0.024561344139  0.015214783629  0.023512004341  0.019321508320  0.015214783629  0.019338129700  0.015214783629  0.015229966521  0.045917943095  0.000000000000  0.059082422794  0.027782301119  
rollulus_rouloul 0.070250886950  0.071147675520  0.068158280277  0.082878361568  0.077257962207  0.073847240063  0.074860549692  0.070317050111  0.079516294851  0.073635063829  0.070317050111  0.072550015105  0.070317050111  0.064671557061  0.099532576017  0.059082422794  0.000000000000  0.077335270402  
alectoris_rufa 0.028754535649  0.043650666858  0.039593588080  0.055887968439  0.046060485351  0.045011407019  0.047111210967  0.037341375830  0.046011143875  0.041594640803  0.037341375830  0.041636677165  0.037341375830  0.037381631247  0.064864808790  0.027782301119  0.077335270402  0.000000000000  

