18
cyrtonyx_montezumae 0.000000000000  0.034941961514  0.028677985912  0.025509583865  0.023437003070  0.025545344207  0.024498254912  0.020332227938  0.020332227938  0.021370404199  0.020332227938  0.019296256278  0.026540050082  0.022369895532  0.027588182364  0.021310115284  0.033880197617  0.021370404199  
rollulus_rouloul 0.034941961514  0.000000000000  0.052172765370  0.048854182789  0.046709610802  0.046742187950  0.047831179037  0.043489724300  0.043489724300  0.044571471326  0.043489724300  0.042410370592  0.048822547514  0.045566729336  0.051005227392  0.043342030944  0.054227006199  0.043489724300  
catreus_wallichi 0.028677985912  0.052172765370  0.000000000000  0.006031612934  0.009067970021  0.013163123628  0.012137931522  0.008058571977  0.008058571977  0.009075218415  0.008058571977  0.009075218415  0.021386160242  0.018274852309  0.021386160242  0.029641027221  0.040285722445  0.034003962212  
chrysolophus_pictus 0.025509583865  0.048854182789  0.006031612934  0.000000000000  0.009062309849  0.011105459595  0.010085651128  0.006027602571  0.006027602571  0.007038954517  0.006027602571  0.007038954517  0.018262479874  0.015174229656  0.018262479874  0.027533818403  0.040258800931  0.030790246339  
lophura_swinhoii 0.023437003070  0.046709610802  0.009067970021  0.009062309849  0.000000000000  0.008058571977  0.007044039742  0.003006878140  0.003006878140  0.004013040773  0.003006878140  0.004013040773  0.017242143544  0.013133031450  0.018274852309  0.024417559558  0.034941961514  0.028700164334  
syrmaticus_ellioti 0.025545344207  0.046742187950  0.013163123628  0.011105459595  0.008058571977  0.000000000000  0.001001026301  0.005025798877  0.005025798877  0.006037201667  0.005025798877  0.006037201667  0.019324865262  0.015193901034  0.020363095099  0.026511857761  0.039239675287  0.030840940752  
syrmaticus_reevesii 0.024498254912  0.047831179037  0.012137931522  0.010085651128  0.007044039742  0.001001026301  0.000000000000  0.004016488559  0.004016488559  0.005025798877  0.004016488559  0.005025798877  0.018288840252  0.014166602477  0.019324865262  0.025468264084  0.038167381259  0.029781315255  
phasianus_colchicus 0.020332227938  0.043489724300  0.008058571977  0.006027602571  0.003006878140  0.005025798877  0.004016488559  0.000000000000  0.000000000000  0.001001026301  0.000000000000  0.001001026301  0.014166602477  0.010078904915  0.015193901034  0.021316071214  0.033901619727  0.025565679620  
crossoptilon_crossoptilon 0.020332227938  0.043489724300  0.008058571977  0.006027602571  0.003006878140  0.005025798877  0.004016488559  0.000000000000  0.000000000000  0.001001026301  0.000000000000  0.001001026301  0.014166602477  0.010078904915  0.015193901034  0.021316071214  0.033901619727  0.025565679620  
lophura_nycthemera 0.021370404199  0.044571471326  0.009075218415  0.007038954517  0.004013040773  0.006037201667  0.005025798877  0.001001026301  0.001001026301  0.000000000000  0.001001026301  0.002004110831  0.015193901034  0.011097622798  0.016223367394  0.022350811015  0.034964568374  0.026616178313  
lophura_inornata 0.020332227938  0.043489724300  0.008058571977  0.006027602571  0.003006878140  0.005025798877  0.004016488559  0.000000000000  0.000000000000  0.001001026301  0.000000000000  0.001001026301  0.014166602477  0.010078904915  0.015193901034  0.021316071214  0.033901619727  0.025565679620  
tragopan_blythii 0.019296256278  0.042410370592  0.009075218415  0.007038954517  0.004013040773  0.006037201667  0.005025798877  0.001001026301  0.001001026301  0.002004110831  0.001001026301  0.000000000000  0.013141462611  0.009062309849  0.014166602477  0.020283521458  0.032840982027  0.024517438114  
lophophorus_impejanus 0.026540050082  0.048822547514  0.021386160242  0.018262479874  0.017242143544  0.019324865262  0.018288840252  0.014166602477  0.014166602477  0.015193901034  0.014166602477  0.013141462611  0.000000000000  0.016192948924  0.020319227920  0.029615875863  0.041306957674  0.031825767605  
melgal2    0.022369895532  0.045566729336  0.018274852309  0.015174229656  0.013133031450  0.015193901034  0.014166602477  0.010078904915  0.010078904915  0.011097622798  0.010078904915  0.009062309849  0.016192948924  0.000000000000  0.013133031450  0.025441802067  0.038093853318  0.027605905455  
perdix_dauuricae 0.027588182364  0.051005227392  0.021386160242  0.018262479874  0.018274852309  0.020363095099  0.019324865262  0.015193901034  0.015193901034  0.016223367394  0.015193901034  0.014166602477  0.020319227920  0.013133031450  0.000000000000  0.030664998498  0.043460844562  0.030767375149  
galgal4    0.021310115284  0.043342030944  0.029641027221  0.027533818403  0.024417559558  0.026511857761  0.025468264084  0.021316071214  0.021316071214  0.022350811015  0.021316071214  0.020283521458  0.029615875863  0.025441802067  0.030664998498  0.000000000000  0.031746175355  0.026511857761  
pavo_cristatus 0.033880197617  0.054227006199  0.040285722445  0.040258800931  0.034941961514  0.039239675287  0.038167381259  0.033901619727  0.033901619727  0.034964568374  0.033901619727  0.032840982027  0.041306957674  0.038093853318  0.043460844562  0.031746175355  0.000000000000  0.037097438948  
alectoris_rufa 0.021370404199  0.043489724300  0.034003962212  0.030790246339  0.028700164334  0.030840940752  0.029781315255  0.025565679620  0.025565679620  0.026616178313  0.025565679620  0.024517438114  0.031825767605  0.027605905455  0.030767375149  0.026511857761  0.037097438948  0.000000000000  

