18
cyrtonyx_montezumae 0.000000000000  0.021464683315  0.008066221415  0.010103758145  0.010103758145  0.013162913552  0.012149827869  0.018288559437  0.010103758145  0.010103758145  0.012149827869  0.016251353541  0.010103758145  0.010103758145  0.010103758145  0.012149827869  0.008066221415  0.010103758145  
rollulus_rouloul 0.021464683315  0.000000000000  0.017302807271  0.019379313679  0.019379313679  0.022487427808  0.021464683315  0.025586962059  0.019379313679  0.019379313679  0.023558992167  0.025635570115  0.019379313679  0.019379313679  0.019379313679  0.021464683315  0.017302807271  0.019379313679  
galgal4    0.008066221415  0.017302807271  0.000000000000  0.002004104802  0.002004104802  0.005021265742  0.004016464308  0.010078883260  0.002004104802  0.002004104802  0.006037146802  0.010093874290  0.002004104802  0.002004104802  0.002004104802  0.004016464308  0.000000000000  0.002004104802  
phasianus_colchicus 0.010103758145  0.019379313679  0.002004104802  0.000000000000  0.000000000000  0.003006877759  0.002004104802  0.008047839512  0.000000000000  0.000000000000  0.004016464308  0.008058506495  0.000000000000  0.000000000000  0.000000000000  0.002004104802  0.002004104802  0.004016464308  
lophura_swinhoii 0.010103758145  0.019379313679  0.002004104802  0.000000000000  0.000000000000  0.003006877759  0.002004104802  0.008047839512  0.000000000000  0.000000000000  0.004016464308  0.008058506495  0.000000000000  0.000000000000  0.000000000000  0.002004104802  0.002004104802  0.004016464308  
tragopan_blythii 0.013162913552  0.022487427808  0.005021265742  0.003006877759  0.003006877759  0.000000000000  0.005021265742  0.011091394751  0.003006877759  0.003006877759  0.007043993534  0.011105365205  0.003006877759  0.003006877759  0.003006877759  0.005021265742  0.005021265742  0.005021265742  
catreus_wallichi 0.012149827869  0.021464683315  0.004016464308  0.002004104802  0.002004104802  0.005021265742  0.000000000000  0.010078883260  0.002004104802  0.002004104802  0.006037146802  0.010093874290  0.002004104802  0.002004104802  0.002004104802  0.004016464308  0.004016464308  0.006037146802  
syrmaticus_reevesii 0.018288559437  0.025586962059  0.010078883260  0.008047839512  0.008047839512  0.011091394751  0.010078883260  0.000000000000  0.008047839512  0.008047839512  0.012118405592  0.016211495664  0.008047839512  0.008047839512  0.008047839512  0.010078883260  0.010078883260  0.012118405592  
crossoptilon_crossoptilon 0.010103758145  0.019379313679  0.002004104802  0.000000000000  0.000000000000  0.003006877759  0.002004104802  0.008047839512  0.000000000000  0.000000000000  0.004016464308  0.008058506495  0.000000000000  0.000000000000  0.000000000000  0.002004104802  0.002004104802  0.004016464308  
chrysolophus_pictus 0.010103758145  0.019379313679  0.002004104802  0.000000000000  0.000000000000  0.003006877759  0.002004104802  0.008047839512  0.000000000000  0.000000000000  0.004016464308  0.008058506495  0.000000000000  0.000000000000  0.000000000000  0.002004104802  0.002004104802  0.004016464308  
lophura_nycthemera 0.012149827869  0.023558992167  0.006037146802  0.004016464308  0.004016464308  0.007043993534  0.006037146802  0.012118405592  0.004016464308  0.004016464308  0.000000000000  0.006031582848  0.004016464308  0.004016464308  0.004016464308  0.006037146802  0.006037146802  0.008066221415  
lophura_inornata 0.016251353541  0.025635570115  0.010093874290  0.008058506495  0.008058506495  0.011105365205  0.010093874290  0.016211495664  0.008058506495  0.008058506495  0.006031582848  0.000000000000  0.008058506495  0.008058506495  0.008058506495  0.010093874290  0.010093874290  0.012137756884  
syrmaticus_ellioti 0.010103758145  0.019379313679  0.002004104802  0.000000000000  0.000000000000  0.003006877759  0.002004104802  0.008047839512  0.000000000000  0.000000000000  0.004016464308  0.008058506495  0.000000000000  0.000000000000  0.000000000000  0.002004104802  0.002004104802  0.004016464308  
lophophorus_impejanus 0.010103758145  0.019379313679  0.002004104802  0.000000000000  0.000000000000  0.003006877759  0.002004104802  0.008047839512  0.000000000000  0.000000000000  0.004016464308  0.008058506495  0.000000000000  0.000000000000  0.000000000000  0.002004104802  0.002004104802  0.004016464308  
perdix_dauuricae 0.010103758145  0.019379313679  0.002004104802  0.000000000000  0.000000000000  0.003006877759  0.002004104802  0.008047839512  0.000000000000  0.000000000000  0.004016464308  0.008058506495  0.000000000000  0.000000000000  0.000000000000  0.002004104802  0.002004104802  0.004016464308  
melgal2    0.012149827869  0.021464683315  0.004016464308  0.002004104802  0.002004104802  0.005021265742  0.004016464308  0.010078883260  0.002004104802  0.002004104802  0.006037146802  0.010093874290  0.002004104802  0.002004104802  0.002004104802  0.000000000000  0.004016464308  0.006037146802  
pavo_cristatus 0.008066221415  0.017302807271  0.000000000000  0.002004104802  0.002004104802  0.005021265742  0.004016464308  0.010078883260  0.002004104802  0.002004104802  0.006037146802  0.010093874290  0.002004104802  0.002004104802  0.002004104802  0.004016464308  0.000000000000  0.002004104802  
alectoris_rufa 0.010103758145  0.019379313679  0.002004104802  0.004016464308  0.004016464308  0.005021265742  0.006037146802  0.012118405592  0.004016464308  0.004016464308  0.008066221415  0.012137756884  0.004016464308  0.004016464308  0.004016464308  0.006037146802  0.002004104802  0.000000000000  

