18
pavo_cristatus 0.000000000000  0.020304080990  0.015171995023  0.015171995023  0.015171995023  0.027539477237  0.021329238999  0.030699396090  0.020295071302  0.020295071302  0.020314685412  0.018248482326  0.024432933736  0.025517916198  0.026565101394  0.017205359383  0.065198899146  0.011090327567  
rollulus_rouloul 0.020304080990  0.000000000000  0.017238137109  0.017238137109  0.017238137109  0.029647805154  0.023416266906  0.032828184796  0.022376714559  0.022376714559  0.022403831442  0.020326881293  0.026532456020  0.027634324986  0.026626099766  0.019270981909  0.067485025508  0.019291637319  
perdix_dauuricae 0.015171995023  0.017238137109  0.000000000000  0.000000000000  0.000000000000  0.012100688796  0.006025028735  0.017227567064  0.005016955764  0.005016955764  0.005020911305  0.003006791525  0.009057766205  0.010092048447  0.011112486349  0.008047301559  0.055397609928  0.016219314314  
lophura_nycthemera 0.015171995023  0.017238137109  0.000000000000  0.000000000000  0.000000000000  0.012100688796  0.006025028735  0.017227567064  0.005016955764  0.005016955764  0.005020911305  0.003006791525  0.009057766205  0.010092048447  0.011112486349  0.008047301559  0.055397609928  0.016219314314  
lophura_swinhoii 0.015171995023  0.017238137109  0.000000000000  0.000000000000  0.000000000000  0.012100688796  0.006025028735  0.017227567064  0.005016955764  0.005016955764  0.005020911305  0.003006791525  0.009057766205  0.010092048447  0.011112486349  0.008047301559  0.055397609928  0.016219314314  
chrysolophus_pictus 0.027539477237  0.029647805154  0.012100688796  0.012100688796  0.012100688796  0.000000000000  0.018227858060  0.029633835996  0.017201135299  0.017201135299  0.017211174918  0.015159831145  0.021313876653  0.022376714559  0.023416266906  0.020287659658  0.068523283172  0.027564633060  
crossoptilon_crossoptilon 0.021329238999  0.023416266906  0.006025028735  0.006025028735  0.006025028735  0.018227858060  0.000000000000  0.023404023142  0.011083376397  0.011083376397  0.011090327567  0.009057766205  0.015159831145  0.016208230665  0.017238137109  0.014141553495  0.060817860197  0.022389475026  
phasianus_colchicus 0.030699396090  0.032828184796  0.017227567064  0.017227567064  0.017227567064  0.029633835996  0.023404023142  0.000000000000  0.022365553302  0.022365553302  0.022389475026  0.020314685412  0.025474652367  0.026565101394  0.028666084194  0.025487465430  0.074229970876  0.031790471412  
lophura_inornata 0.020295071302  0.022376714559  0.005016955764  0.005016955764  0.005016955764  0.017201135299  0.011083376397  0.022365553302  0.000000000000  0.000000000000  0.010073012537  0.008044580173  0.014137311286  0.015180444391  0.016208230665  0.013120078329  0.060817860197  0.021351002445  
tragopan_blythii 0.020295071302  0.022376714559  0.005016955764  0.005016955764  0.005016955764  0.017201135299  0.011083376397  0.022365553302  0.000000000000  0.000000000000  0.010073012537  0.008044580173  0.014137311286  0.015180444391  0.016208230665  0.013120078329  0.060817860197  0.021351002445  
catreus_wallichi 0.020314685412  0.022403831442  0.005020911305  0.005020911305  0.005020911305  0.017211174918  0.011090327567  0.022389475026  0.010073012537  0.010073012537  0.000000000000  0.008051578708  0.014147374021  0.015202061735  0.016231970875  0.013131197560  0.060898700732  0.021379140707  
syrmaticus_ellioti 0.018248482326  0.020326881293  0.003006791525  0.003006791525  0.003006791525  0.015159831145  0.009057766205  0.020314685412  0.008044580173  0.008044580173  0.008051578708  0.000000000000  0.006025028735  0.013148595286  0.014174272775  0.011090327567  0.058676154662  0.019304345621  
syrmaticus_reevesii 0.024432933736  0.026532456020  0.009057766205  0.009057766205  0.009057766205  0.021313876653  0.015159831145  0.025474652367  0.014137311286  0.014137311286  0.014147374021  0.006025028735  0.000000000000  0.019291637319  0.020326881293  0.017211174918  0.063005029044  0.025501887798  
lophophorus_impejanus 0.025517916198  0.027634324986  0.010092048447  0.010092048447  0.010092048447  0.022376714559  0.016208230665  0.026565101394  0.015180444391  0.015180444391  0.015202061735  0.013148595286  0.019291637319  0.000000000000  0.021413627989  0.018270172488  0.064251181902  0.026604167195  
melgal2    0.026565101394  0.026626099766  0.011112486349  0.011112486349  0.011112486349  0.023416266906  0.017238137109  0.028666084194  0.016208230665  0.016208230665  0.016231970875  0.014174272775  0.020326881293  0.021413627989  0.000000000000  0.019304345621  0.066498741363  0.027655766564  
galgal4    0.017205359383  0.019270981909  0.008047301559  0.008047301559  0.008047301559  0.020287659658  0.014141553495  0.025487465430  0.013120078329  0.013120078329  0.013131197560  0.011090327567  0.017211174918  0.018270172488  0.019304345621  0.000000000000  0.048856268943  0.018248482326  
cyrtonyx_montezumae 0.065198899146  0.067485025508  0.055397609928  0.055397609928  0.055397609928  0.068523283172  0.060817860197  0.074229970876  0.060817860197  0.060817860197  0.060898700732  0.058676154662  0.063005029044  0.064251181902  0.066498741363  0.048856268943  0.000000000000  0.066405350267  
alectoris_rufa 0.011090327567  0.019291637319  0.016219314314  0.016219314314  0.016219314314  0.027564633060  0.022389475026  0.031790471412  0.021351002445  0.021351002445  0.021379140707  0.019304345621  0.025501887798  0.026604167195  0.027655766564  0.018248482326  0.066405350267  0.000000000000  

