18
cyrtonyx_montezumae 0.000000000000  0.014167475052  0.032867458235  0.024467241571  0.035048123098  0.031854407398  0.024483227723  0.024483227723  0.047953741744  0.024483227723  0.030794494333  0.025529415685  0.024483227723  0.037130129201  0.037130129201  0.029659688294  0.028681595549  0.024500902297  
lophophorus_impejanus 0.014167475052  0.000000000000  0.020333963964  0.010074177026  0.020365094335  0.017256380000  0.010079316817  0.010079316817  0.032943801608  0.012119086222  0.018290404542  0.013142198658  0.010079316817  0.024500902297  0.024500902297  0.017214489030  0.014167475052  0.010086100579  
galgal4    0.032867458235  0.020333963964  0.000000000000  0.016202539965  0.030794494333  0.027628589757  0.020320909676  0.020320909676  0.041430617121  0.022397601211  0.028681595549  0.023439292792  0.020320909676  0.034994108213  0.034994108213  0.027560814581  0.022397601211  0.027649782211  
pavo_cristatus 0.024467241571  0.010074177026  0.016202539965  0.000000000000  0.020333963964  0.017232099584  0.010070684421  0.010070684421  0.032891194235  0.012106030043  0.018263850549  0.013126916583  0.010070684421  0.024467241571  0.024467241571  0.017203574271  0.016202539965  0.018276294162  
melgal2    0.035048123098  0.020365094335  0.030794494333  0.020333963964  0.000000000000  0.023473999545  0.020348693240  0.020348693240  0.043669021227  0.022429990316  0.028728041914  0.021388224755  0.020348693240  0.033981211545  0.031854407398  0.027591296846  0.026619586411  0.028753805691  
tragopan_blythii 0.031854407398  0.017256380000  0.027628589757  0.017232099584  0.023473999545  0.000000000000  0.017243407660  0.017243407660  0.040418191205  0.019311386209  0.025568787813  0.018276294162  0.017243407660  0.031854407398  0.031854407398  0.024452947041  0.023473999545  0.025591002549  
crossoptilon_crossoptilon 0.024483227723  0.010079316817  0.020320909676  0.010070684421  0.020348693240  0.017243407660  0.000000000000  0.000000000000  0.022469087203  0.002004137241  0.008066749124  0.003009321658  0.000000000000  0.014178715838  0.014178715838  0.007033813381  0.006037441995  0.018290404542  
catreus_wallichi 0.024483227723  0.010079316817  0.020320909676  0.010070684421  0.020348693240  0.017243407660  0.000000000000  0.000000000000  0.022469087203  0.002004137241  0.008066749124  0.003009321658  0.000000000000  0.014178715838  0.014178715838  0.007033813381  0.006037441995  0.018290404542  
rollulus_rouloul 0.047953741744  0.032943801608  0.041430617121  0.032891194235  0.043669021227  0.040418191205  0.022469087203  0.022469087203  0.000000000000  0.024564025055  0.028781259097  0.025614898933  0.022469087203  0.037254787627  0.035108998832  0.029736893740  0.028781259097  0.040453925700  
chrysolophus_pictus 0.024483227723  0.012119086222  0.022397601211  0.012106030043  0.022429990316  0.019311386209  0.002004137241  0.002004137241  0.024564025055  0.000000000000  0.006037441995  0.001001032885  0.002004137241  0.016238054208  0.016238054208  0.009058602190  0.008066749124  0.020365094335  
syrmaticus_reevesii 0.030794494333  0.018290404542  0.028681595549  0.018263850549  0.028728041914  0.025568787813  0.008066749124  0.008066749124  0.028781259097  0.006037441995  0.000000000000  0.007051033645  0.008066749124  0.022469087203  0.022469087203  0.015184213835  0.014206145828  0.026642979023  
syrmaticus_ellioti 0.025529415685  0.013142198658  0.023439292792  0.013126916583  0.021388224755  0.018276294162  0.003009321658  0.003009321658  0.025614898933  0.001001032885  0.007051033645  0.000000000000  0.003009321658  0.017271013444  0.017271013444  0.010074177026  0.009084597351  0.021405778589  
phasianus_colchicus 0.024483227723  0.010079316817  0.020320909676  0.010070684421  0.020348693240  0.017243407660  0.000000000000  0.000000000000  0.022469087203  0.002004137241  0.008066749124  0.003009321658  0.000000000000  0.014178715838  0.014178715838  0.007033813381  0.006037441995  0.018290404542  
perdix_dauuricae 0.037130129201  0.024500902297  0.034994108213  0.024467241571  0.033981211545  0.031854407398  0.014178715838  0.014178715838  0.037254787627  0.016238054208  0.022469087203  0.017271013444  0.014178715838  0.000000000000  0.012151028553  0.015207291446  0.020383164114  0.032943801608  
lophura_swinhoii 0.037130129201  0.024500902297  0.034994108213  0.024467241571  0.031854407398  0.031854407398  0.014178715838  0.014178715838  0.035108998832  0.016238054208  0.022469087203  0.017271013444  0.014178715838  0.012151028553  0.000000000000  0.015207291446  0.020383164114  0.032943801608  
lophura_inornata 0.029659688294  0.017214489030  0.027560814581  0.017203574271  0.027591296846  0.024452947041  0.007033813381  0.007033813381  0.029736893740  0.009058602190  0.015184213835  0.010074177026  0.007033813381  0.015207291446  0.015207291446  0.000000000000  0.013133730414  0.025512264578  
lophura_nycthemera 0.028681595549  0.014167475052  0.022397601211  0.016202539965  0.026619586411  0.023473999545  0.006037441995  0.006037441995  0.028781259097  0.008066749124  0.014206145828  0.009084597351  0.006037441995  0.020383164114  0.020383164114  0.013133730414  0.000000000000  0.022448701850  
alectoris_rufa 0.024500902297  0.010086100579  0.027649782211  0.018276294162  0.028753805691  0.025591002549  0.018290404542  0.018290404542  0.040453925700  0.020365094335  0.026642979023  0.021405778589  0.018290404542  0.032943801608  0.032943801608  0.025512264578  0.022448701850  0.000000000000  

