18
cyrtonyx_montezumae 0.000000000000  0.006037895928  0.006037895928  0.006037895928  0.007051653232  0.041380929650  0.006037895928  0.008067560656  0.006037895928  0.006037895928  0.006037895928  0.008067560656  0.006037895928  0.007051653232  0.006027934120  0.007039457554  0.006032095850  0.004013217545  
lophura_inornata 0.006037895928  0.000000000000  0.000000000000  0.000000000000  0.001001045320  0.034954416515  0.000000000000  0.002004187118  0.000000000000  0.000000000000  0.000000000000  0.002004187118  0.000000000000  0.001001045320  0.012129366841  0.013153871495  0.012140294345  0.010095561137  
crossoptilon_crossoptilon 0.006037895928  0.000000000000  0.000000000000  0.000000000000  0.001001045320  0.034954416515  0.000000000000  0.002004187118  0.000000000000  0.000000000000  0.000000000000  0.002004187118  0.000000000000  0.001001045320  0.012129366841  0.013153871495  0.012140294345  0.010095561137  
chrysolophus_pictus 0.006037895928  0.000000000000  0.000000000000  0.000000000000  0.001001045320  0.034954416515  0.000000000000  0.002004187118  0.000000000000  0.000000000000  0.000000000000  0.002004187118  0.000000000000  0.001001045320  0.012129366841  0.013153871495  0.012140294345  0.010095561137  
lophura_nycthemera 0.007051653232  0.001001045320  0.001001045320  0.001001045320  0.000000000000  0.036019532141  0.001001045320  0.003009434195  0.001001045320  0.001001045320  0.001001045320  0.003009434195  0.001001045320  0.002004187118  0.013153871495  0.014180572148  0.013165943538  0.011116836659  
melgal2    0.041380929650  0.034954416515  0.034954416515  0.034954416515  0.036019532141  0.000000000000  0.034954416515  0.037087021515  0.034954416515  0.034954416515  0.034954416515  0.037087021515  0.034954416515  0.036019532141  0.047822768152  0.048914482062  0.047857914983  0.045679341867  
syrmaticus_ellioti 0.006037895928  0.000000000000  0.000000000000  0.000000000000  0.001001045320  0.034954416515  0.000000000000  0.002004187118  0.000000000000  0.000000000000  0.000000000000  0.002004187118  0.000000000000  0.001001045320  0.012129366841  0.013153871495  0.012140294345  0.010095561137  
lophophorus_impejanus 0.008067560656  0.002004187118  0.002004187118  0.002004187118  0.003009434195  0.037087021515  0.002004187118  0.000000000000  0.002004187118  0.002004187118  0.002004187118  0.004016795405  0.002004187118  0.003009434195  0.014180572148  0.015209478234  0.014193793645  0.012140294345  
tragopan_blythii 0.006037895928  0.000000000000  0.000000000000  0.000000000000  0.001001045320  0.034954416515  0.000000000000  0.002004187118  0.000000000000  0.000000000000  0.000000000000  0.002004187118  0.000000000000  0.001001045320  0.012129366841  0.013153871495  0.012140294345  0.010095561137  
phasianus_colchicus 0.006037895928  0.000000000000  0.000000000000  0.000000000000  0.001001045320  0.034954416515  0.000000000000  0.002004187118  0.000000000000  0.000000000000  0.000000000000  0.002004187118  0.000000000000  0.001001045320  0.012129366841  0.013153871495  0.012140294345  0.010095561137  
catreus_wallichi 0.006037895928  0.000000000000  0.000000000000  0.000000000000  0.001001045320  0.034954416515  0.000000000000  0.002004187118  0.000000000000  0.000000000000  0.000000000000  0.002004187118  0.000000000000  0.001001045320  0.012129366841  0.013153871495  0.012140294345  0.010095561137  
lophura_swinhoii 0.008067560656  0.002004187118  0.002004187118  0.002004187118  0.003009434195  0.037087021515  0.002004187118  0.004016795405  0.002004187118  0.002004187118  0.002004187118  0.000000000000  0.002004187118  0.003009434195  0.014180572148  0.015209478234  0.014193793645  0.012140294345  
syrmaticus_reevesii 0.006037895928  0.000000000000  0.000000000000  0.000000000000  0.001001045320  0.034954416515  0.000000000000  0.002004187118  0.000000000000  0.000000000000  0.000000000000  0.002004187118  0.000000000000  0.001001045320  0.012129366841  0.013153871495  0.012140294345  0.010095561137  
perdix_dauuricae 0.007051653232  0.001001045320  0.001001045320  0.001001045320  0.002004187118  0.036019532141  0.001001045320  0.003009434195  0.001001045320  0.001001045320  0.001001045320  0.003009434195  0.001001045320  0.000000000000  0.013153871495  0.014180572148  0.013165943538  0.011116836659  
rollulus_rouloul 0.006027934120  0.012129366841  0.012129366841  0.012129366841  0.013153871495  0.047822768152  0.012129366841  0.014180572148  0.012129366841  0.012129366841  0.012129366841  0.014180572148  0.012129366841  0.013153871495  0.000000000000  0.007039457554  0.006032095850  0.004013217545  
galgal4    0.007039457554  0.013153871495  0.013153871495  0.013153871495  0.014180572148  0.048914482062  0.013153871495  0.015209478234  0.013153871495  0.013153871495  0.013153871495  0.015209478234  0.013153871495  0.014180572148  0.007039457554  0.000000000000  0.005021593034  0.003006960445  
pavo_cristatus 0.006032095850  0.012140294345  0.012140294345  0.012140294345  0.013165943538  0.047857914983  0.012140294345  0.014193793645  0.012140294345  0.012140294345  0.012140294345  0.014193793645  0.012140294345  0.013165943538  0.006032095850  0.005021593034  0.000000000000  0.002004187118  
alectoris_rufa 0.004013217545  0.010095561137  0.010095561137  0.010095561137  0.011116836659  0.045679341867  0.010095561137  0.012140294345  0.010095561137  0.010095561137  0.010095561137  0.012140294345  0.010095561137  0.011116836659  0.004013217545  0.003006960445  0.002004187118  0.000000000000  

