18
cyrtonyx_montezumae 0.000000000000  0.017205174340  0.018245070249  0.017205174340  0.019277349212  0.028605366293  0.016187568456  0.020311994595  0.018245070249  0.016187568456  0.017209238901  0.021328688599  0.022365480685  0.029610982516  0.030680709650  0.014139403697  0.010072825275  0.007034616920  
tragopan_blythii 0.017205174340  0.000000000000  0.007041149771  0.007034616920  0.008055541694  0.017232481758  0.005019180092  0.009072218647  0.007041149771  0.005019180092  0.006026111857  0.010077141015  0.011095890681  0.018232526379  0.019277349212  0.003006228445  0.015167509423  0.012105080355  
lophophorus_impejanus 0.018245070249  0.007041149771  0.000000000000  0.008055541694  0.009090945269  0.018292261034  0.006040238894  0.010112447049  0.008071750235  0.006040238894  0.007047105929  0.011112468986  0.012136063219  0.019277349212  0.020337117703  0.004017830707  0.016212461005  0.013140314648  
pavo_cristatus 0.017205174340  0.007034616920  0.008055541694  0.000000000000  0.009072218647  0.018264989310  0.006029032630  0.010091190949  0.008055541694  0.006029032630  0.007036985837  0.011095890681  0.012116945075  0.019262222276  0.020311994595  0.004011582045  0.016194032411  0.013125911203  
galgal4    0.019277349212  0.008055541694  0.009090945269  0.009072218647  0.000000000000  0.013140314648  0.007054851552  0.011136266039  0.009090945269  0.007054851552  0.008062749685  0.012136063219  0.013161984176  0.019277349212  0.021376760384  0.005027902008  0.017243902950  0.014166009923  
melgal2    0.028605366293  0.017232481758  0.018292261034  0.018264989310  0.013140314648  0.000000000000  0.016224420032  0.020369619746  0.018292261034  0.016224420032  0.017243902950  0.021376760384  0.022418803406  0.028605366293  0.028636752334  0.014166009923  0.026552467110  0.023430238388  
lophura_nycthemera 0.016187568456  0.005019180092  0.006040238894  0.006029032630  0.007054851552  0.016224420032  0.000000000000  0.004017830707  0.002004444454  0.000000000000  0.001000776440  0.005019180092  0.006029032630  0.013118796297  0.014149056215  0.002004444454  0.014156621831  0.011095890681  
syrmaticus_ellioti 0.020311994595  0.009072218647  0.010112447049  0.010091190949  0.011136266039  0.020369619746  0.004017830707  0.000000000000  0.002004444454  0.004017830707  0.005022649380  0.009072218647  0.010091190949  0.017215146906  0.018264989310  0.006040238894  0.018277707475  0.015194041495  
lophura_inornata 0.018245070249  0.007041149771  0.008071750235  0.008055541694  0.009090945269  0.018292261034  0.002004444454  0.002004444454  0.000000000000  0.002004444454  0.003007233010  0.007041149771  0.008055541694  0.015162324247  0.016202330869  0.004017830707  0.016212461005  0.013140314648  
chrysolophus_pictus 0.016187568456  0.005019180092  0.006040238894  0.006029032630  0.007054851552  0.016224420032  0.000000000000  0.004017830707  0.002004444454  0.000000000000  0.001000776440  0.005019180092  0.006029032630  0.013118796297  0.014149056215  0.002004444454  0.014156621831  0.011095890681  
syrmaticus_reevesii 0.017209238901  0.006026111857  0.007047105929  0.007036985837  0.008062749685  0.017243902950  0.001000776440  0.005022649380  0.003007233010  0.001000776440  0.000000000000  0.006026111857  0.007036985837  0.014137322522  0.015167509423  0.003007233010  0.015174525908  0.012110104640  
lophura_swinhoii 0.021328688599  0.010077141015  0.011112468986  0.011095890681  0.012136063219  0.021376760384  0.005019180092  0.009072218647  0.007041149771  0.005019180092  0.006026111857  0.000000000000  0.001001109469  0.008044690766  0.009060685695  0.007041149771  0.019287684664  0.016202330869  
phasianus_colchicus 0.022365480685  0.011095890681  0.012136063219  0.012116945075  0.013161984176  0.022418803406  0.006029032630  0.010091190949  0.008055541694  0.006029032630  0.007036985837  0.001001109469  0.000000000000  0.009056368702  0.010077141015  0.008055541694  0.020323632400  0.017232481758  
catreus_wallichi 0.029610982516  0.018232526379  0.019277349212  0.019262222276  0.019277349212  0.028605366293  0.013118796297  0.017215146906  0.015162324247  0.013118796297  0.014137322522  0.008044690766  0.009056368702  0.000000000000  0.007034616920  0.015162324247  0.027545235850  0.024425492877  
crossoptilon_crossoptilon 0.030680709650  0.019277349212  0.020337117703  0.020311994595  0.021376760384  0.028636752334  0.014149056215  0.018264989310  0.016202330869  0.014149056215  0.015167509423  0.009060685695  0.010077141015  0.007034616920  0.000000000000  0.016202330869  0.028620116497  0.025490224180  
perdix_dauuricae 0.014139403697  0.003006228445  0.004017830707  0.004011582045  0.005027902008  0.014166009923  0.002004444454  0.006040238894  0.004017830707  0.002004444454  0.003007233010  0.007041149771  0.008055541694  0.015162324247  0.016202330869  0.000000000000  0.012110104640  0.009060685695  
rollulus_rouloul 0.010072825275  0.015167509423  0.016212461005  0.016194032411  0.017243902950  0.026552467110  0.014156621831  0.018277707475  0.016212461005  0.014156621831  0.015174525908  0.019287684664  0.020323632400  0.027545235850  0.028620116497  0.012110104640  0.000000000000  0.003007233010  
alectoris_rufa 0.007034616920  0.012105080355  0.013140314648  0.013125911203  0.014166009923  0.023430238388  0.011095890681  0.015194041495  0.013140314648  0.011095890681  0.012110104640  0.016202330869  0.017232481758  0.024425492877  0.025490224180  0.009060685695  0.003007233010  0.000000000000  

