18
melgal2    0.000000000000  0.016212271379  0.016212271379  0.017242831619  0.035044466132  0.041426151680  0.031827991865  0.031805988632  0.017242831619  0.017242831619  0.017242831619  0.019310509751  0.025483035848  0.021357621322  0.017242831619  0.017242831619  0.024482195598  0.016212271379  
lophophorus_impejanus 0.016212271379  0.000000000000  0.000000000000  0.003009267139  0.020381396855  0.030792062378  0.017255512537  0.017242831619  0.003009267139  0.003009267139  0.003009267139  0.005025813029  0.011087454894  0.007039101444  0.003009267139  0.003009267139  0.008052569413  0.012127638849  
tragopan_blythii 0.016212271379  0.000000000000  0.000000000000  0.003009267139  0.020381396855  0.030792062378  0.017255512537  0.017242831619  0.003009267139  0.003009267139  0.003009267139  0.005025813029  0.011087454894  0.007039101444  0.003009267139  0.003009267139  0.008052569413  0.012127638849  
syrmaticus_ellioti 0.017242831619  0.003009267139  0.003009267139  0.000000000000  0.017269841527  0.027626922071  0.014167019223  0.014157662513  0.000000000000  0.000000000000  0.000000000000  0.002004113077  0.008044075008  0.004011275737  0.000000000000  0.000000000000  0.011105674122  0.015206448217  
cyrtonyx_montezumae 0.035044466132  0.020381396855  0.020381396855  0.017269841527  0.000000000000  0.037127073948  0.029757776012  0.029734731045  0.017269841527  0.017269841527  0.017269841527  0.019342003908  0.025511453617  0.021386993491  0.017269841527  0.017269841527  0.028725126997  0.032968469616  
pavo_cristatus 0.041426151680  0.030792062378  0.030792062378  0.027626922071  0.037127073948  0.000000000000  0.038170871703  0.038145167358  0.027626922071  0.027626922071  0.027626922071  0.029734731045  0.035988257610  0.031805988632  0.027626922071  0.027626922071  0.037127073948  0.041426151680  
galgal4    0.031827991865  0.017255512537  0.017255512537  0.014167019223  0.029757776012  0.038170871703  0.000000000000  0.012118838872  0.014167019223  0.014167019223  0.014167019223  0.016223839546  0.022371965864  0.018263430062  0.014167019223  0.014167019223  0.023454566622  0.029757776012  
rollulus_rouloul 0.031805988632  0.017242831619  0.017242831619  0.014157662513  0.029734731045  0.038145167358  0.012118838872  0.000000000000  0.014157662513  0.014157662513  0.014157662513  0.016212271379  0.022362001198  0.018252942607  0.014157662513  0.014157662513  0.021357621322  0.028679687570  
lophura_swinhoii 0.017242831619  0.003009267139  0.003009267139  0.000000000000  0.017269841527  0.027626922071  0.014167019223  0.014157662513  0.000000000000  0.000000000000  0.000000000000  0.002004113077  0.008044075008  0.004011275737  0.000000000000  0.000000000000  0.011105674122  0.015206448217  
lophura_nycthemera 0.017242831619  0.003009267139  0.003009267139  0.000000000000  0.017269841527  0.027626922071  0.014167019223  0.014157662513  0.000000000000  0.000000000000  0.000000000000  0.002004113077  0.008044075008  0.004011275737  0.000000000000  0.000000000000  0.011105674122  0.015206448217  
crossoptilon_crossoptilon 0.017242831619  0.003009267139  0.003009267139  0.000000000000  0.017269841527  0.027626922071  0.014167019223  0.014157662513  0.000000000000  0.000000000000  0.000000000000  0.002004113077  0.008044075008  0.004011275737  0.000000000000  0.000000000000  0.011105674122  0.015206448217  
lophura_inornata 0.019310509751  0.005025813029  0.005025813029  0.002004113077  0.019342003908  0.029734731045  0.016223839546  0.016212271379  0.002004113077  0.002004113077  0.002004113077  0.000000000000  0.010070882817  0.006027735635  0.002004113077  0.002004113077  0.013151750074  0.017269841527  
chrysolophus_pictus 0.025483035848  0.011087454894  0.011087454894  0.008044075008  0.025511453617  0.035988257610  0.022371965864  0.022362001198  0.008044075008  0.008044075008  0.008044075008  0.010070882817  0.000000000000  0.012100034590  0.008044075008  0.008044075008  0.019275698626  0.023423995068  
phasianus_colchicus 0.021357621322  0.007039101444  0.007039101444  0.004011275737  0.021386993491  0.031805988632  0.018263430062  0.018252942607  0.004011275737  0.004011275737  0.004011275737  0.006027735635  0.012100034590  0.000000000000  0.004011275737  0.004011275737  0.015183884727  0.019310509751  
syrmaticus_reevesii 0.017242831619  0.003009267139  0.003009267139  0.000000000000  0.017269841527  0.027626922071  0.014167019223  0.014157662513  0.000000000000  0.000000000000  0.000000000000  0.002004113077  0.008044075008  0.004011275737  0.000000000000  0.000000000000  0.011105674122  0.015206448217  
catreus_wallichi 0.017242831619  0.003009267139  0.003009267139  0.000000000000  0.017269841527  0.027626922071  0.014167019223  0.014157662513  0.000000000000  0.000000000000  0.000000000000  0.002004113077  0.008044075008  0.004011275737  0.000000000000  0.000000000000  0.011105674122  0.015206448217  
perdix_dauuricae 0.024482195598  0.008052569413  0.008052569413  0.011105674122  0.028725126997  0.037127073948  0.023454566622  0.021357621322  0.011105674122  0.011105674122  0.011105674122  0.013151750074  0.019275698626  0.015183884727  0.011105674122  0.011105674122  0.000000000000  0.020347646235  
alectoris_rufa 0.016212271379  0.012127638849  0.012127638849  0.015206448217  0.032968469616  0.041426151680  0.029757776012  0.028679687570  0.015206448217  0.015206448217  0.015206448217  0.017269841527  0.023423995068  0.019310509751  0.015206448217  0.015206448217  0.020347646235  0.000000000000  

