18
lophophorus_impejanus 0.000000000000  0.019353927375  0.021417506582  0.025608685752  0.018333901365  0.019319523653  0.021381665057  0.024607553804  0.019373705097  0.024557377750  0.018333901365  0.021438016031  0.017296395670  0.021381665057  0.037223053518  0.016261177877  0.012156037330  0.015244874915  
rollulus_rouloul 0.019353927375  0.000000000000  0.018269957517  0.022423501373  0.015200073309  0.017226802337  0.020315649705  0.021417506582  0.016230610601  0.019304903290  0.015200073309  0.018283367651  0.014171793322  0.017218038389  0.033953130388  0.013145760773  0.009070049188  0.012131627243  
lophura_nycthemera 0.021417506582  0.018269957517  0.000000000000  0.012114004067  0.005018758955  0.007033645460  0.010069302069  0.011108881101  0.006028308502  0.011093613458  0.005018758955  0.012121965859  0.009070049188  0.014145929983  0.033928069859  0.013136617438  0.009063909857  0.014171793322  
phasianus_colchicus 0.025608685752  0.022423501373  0.012114004067  0.000000000000  0.009070049188  0.011088527862  0.014145929983  0.015213303111  0.010088358298  0.015188551353  0.009070049188  0.016230610601  0.013156606433  0.018258269369  0.038203426321  0.017249493609  0.013145760773  0.018298496895  
syrmaticus_ellioti 0.018333901365  0.015200073309  0.005018758955  0.009070049188  0.000000000000  0.004011005950  0.007034086747  0.008068950012  0.003009626816  0.008053944190  0.002004272486  0.009077877118  0.006038672998  0.011093613458  0.030791176041  0.010088358298  0.006032651881  0.011119057355  
lophura_swinhoii 0.019319523653  0.017226802337  0.007033645460  0.011088527862  0.004011005950  0.000000000000  0.003007053342  0.010081050045  0.005017245117  0.010071518994  0.004011005950  0.011093613458  0.008048968728  0.013119430472  0.032843277277  0.012107744769  0.008045682101  0.013136617438  
syrmaticus_reevesii 0.021381665057  0.020315649705  0.010069302069  0.014145929983  0.007034086747  0.003007053342  0.000000000000  0.013136617438  0.008045682101  0.013123449347  0.007034086747  0.014152841193  0.011093613458  0.016184179180  0.036010974234  0.015170642505  0.011088527862  0.016206885892  
lophura_inornata 0.024607553804  0.021417506582  0.011108881101  0.015213303111  0.008068950012  0.010081050045  0.013136617438  0.000000000000  0.009087390776  0.014183828443  0.008068950012  0.015228237917  0.012156037330  0.015188551353  0.037190563910  0.016245040338  0.012142985347  0.017296395670  
catreus_wallichi 0.019373705097  0.016230610601  0.006028308502  0.010088358298  0.003009626816  0.005017245117  0.008045682101  0.009087390776  0.000000000000  0.009070049188  0.003009626816  0.010097357838  0.007052713927  0.012114004067  0.031851701020  0.011108881101  0.007045533662  0.012142985347  
chrysolophus_pictus 0.024557377750  0.019304903290  0.011093613458  0.015188551353  0.008053944190  0.010071518994  0.013123449347  0.014183828443  0.009070049188  0.000000000000  0.008053944190  0.015200073309  0.012131627243  0.017226802337  0.037130931348  0.016217891497  0.012121965859  0.017263415130  
crossoptilon_crossoptilon 0.018333901365  0.015200073309  0.005018758955  0.009070049188  0.002004272486  0.004011005950  0.007034086747  0.008068950012  0.003009626816  0.008053944190  0.000000000000  0.009077877118  0.006038672998  0.011093613458  0.030791176041  0.010088358298  0.006032651881  0.011119057355  
melgal2    0.021438016031  0.018283367651  0.012121965859  0.016230610601  0.009077877118  0.011093613458  0.014152841193  0.015228237917  0.010097357838  0.015200073309  0.009077877118  0.000000000000  0.009077877118  0.014152841193  0.033953130388  0.013145760773  0.009070049188  0.014183828443  
tragopan_blythii 0.017296395670  0.014171793322  0.009070049188  0.013156606433  0.006038672998  0.008048968728  0.011093613458  0.012156037330  0.007052713927  0.012131627243  0.006038672998  0.009077877118  0.000000000000  0.011093613458  0.029733041497  0.009070049188  0.005021950804  0.010097357838  
perdix_dauuricae 0.021381665057  0.017218038389  0.014145929983  0.018258269369  0.011093613458  0.013119430472  0.016184179180  0.015188551353  0.012114004067  0.017226802337  0.011093613458  0.014152841193  0.011093613458  0.000000000000  0.030791176041  0.012103190898  0.009056708617  0.014152841193  
cyrtonyx_montezumae 0.037223053518  0.033953130388  0.033928069859  0.038203426321  0.030791176041  0.032843277277  0.036010974234  0.037190563910  0.031851701020  0.037130931348  0.030791176041  0.033953130388  0.029733041497  0.030791176041  0.000000000000  0.028677286636  0.024495122815  0.027644899870  
galgal4    0.016261177877  0.013145760773  0.013136617438  0.017249493609  0.010088358298  0.012107744769  0.015170642505  0.016245040338  0.011108881101  0.016217891497  0.010088358298  0.013145760773  0.009070049188  0.012103190898  0.028677286636  0.000000000000  0.004013421061  0.009077877118  
pavo_cristatus 0.012156037330  0.009070049188  0.009063909857  0.013145760773  0.006032651881  0.008045682101  0.011088527862  0.012142985347  0.007045533662  0.012121965859  0.006032651881  0.009070049188  0.005021950804  0.009056708617  0.024495122815  0.004013421061  0.000000000000  0.005026817761  
alectoris_rufa 0.015244874915  0.012131627243  0.014171793322  0.018298496895  0.011119057355  0.013136617438  0.016206885892  0.017296395670  0.012142985347  0.017263415130  0.011119057355  0.014183828443  0.010097357838  0.014152841193  0.027644899870  0.009077877118  0.005026817761  0.000000000000  

