18
pavo_cristatus 0.000000000000  0.005017611870  0.005017611870  0.005017509758  0.009057668596  0.003006232589  0.003006232589  0.003006232589  0.014137160380  0.015159091070  0.015157565314  0.005017611870  0.003006232589  0.006026133296  0.003006232589  0.003006232589  0.003006232589  0.003006232589  
catreus_wallichi 0.005017611870  0.000000000000  0.000000000000  0.004011137383  0.008044732506  0.002003110276  0.002003110276  0.002003110276  0.013119059447  0.014137418287  0.014137160380  0.004012469677  0.002003110276  0.006026133296  0.002003110276  0.002003110276  0.002003110276  0.002003110276  
lophura_nycthemera 0.005017611870  0.000000000000  0.000000000000  0.004011137383  0.008044732506  0.002003110276  0.002003110276  0.002003110276  0.013119059447  0.014137418287  0.014137160380  0.004012469677  0.002003110276  0.006026133296  0.002003110276  0.002003110276  0.002003110276  0.002003110276  
lophura_swinhoii 0.005017509758  0.004011137383  0.004011137383  0.000000000000  0.004011591532  0.002002892093  0.002002892093  0.002002892093  0.013118055228  0.014139510681  0.014137418287  0.004011137383  0.002002892093  0.006029059364  0.002002892093  0.002002892093  0.002002892093  0.002002892093  
tragopan_blythii 0.009057668596  0.008044732506  0.008044732506  0.004011591532  0.000000000000  0.006026133296  0.006026133296  0.006026133296  0.017203097215  0.018232708999  0.018229195106  0.008044732506  0.006026133296  0.010077209853  0.006026133296  0.006026133296  0.006026133296  0.006026133296  
chrysolophus_pictus 0.003006232589  0.002003110276  0.002003110276  0.002002892093  0.006026133296  0.000000000000  0.000000000000  0.000000000000  0.011084530365  0.012101951939  0.012100559053  0.002003110276  0.000000000000  0.004013829301  0.000000000000  0.000000000000  0.000000000000  0.000000000000  
lophura_inornata 0.003006232589  0.002003110276  0.002003110276  0.002002892093  0.006026133296  0.000000000000  0.000000000000  0.000000000000  0.011084530365  0.012101951939  0.012100559053  0.002003110276  0.000000000000  0.004013829301  0.000000000000  0.000000000000  0.000000000000  0.000000000000  
crossoptilon_crossoptilon 0.003006232589  0.002003110276  0.002003110276  0.002002892093  0.006026133296  0.000000000000  0.000000000000  0.000000000000  0.011084530365  0.012101951939  0.012100559053  0.002003110276  0.000000000000  0.004013829301  0.000000000000  0.000000000000  0.000000000000  0.000000000000  
cyrtonyx_montezumae 0.014137160380  0.013119059447  0.013119059447  0.013118055228  0.017203097215  0.011084530365  0.011084530365  0.011084530365  0.000000000000  0.021312374558  0.020281304923  0.011084530365  0.011084530365  0.013118055228  0.011084530365  0.011084530365  0.011084530365  0.011084530365  
perdix_dauuricae 0.015159091070  0.014137418287  0.014137418287  0.014139510681  0.018232708999  0.012101951939  0.012101951939  0.012101951939  0.021312374558  0.000000000000  0.020288422726  0.010072885344  0.012101951939  0.016187724251  0.012101951939  0.012101951939  0.012101951939  0.012101951939  
melgal2    0.015157565314  0.014137160380  0.014137160380  0.014137418287  0.018229195106  0.012100559053  0.012100559053  0.012100559053  0.020281304923  0.020288422726  0.000000000000  0.010070371286  0.012100559053  0.016183084068  0.012100559053  0.012100559053  0.012100559053  0.012100559053  
galgal4    0.005017611870  0.004012469677  0.004012469677  0.004011137383  0.008044732506  0.002003110276  0.002003110276  0.002003110276  0.011084530365  0.010072885344  0.010070371286  0.000000000000  0.002003110276  0.006026133296  0.002003110276  0.002003110276  0.002003110276  0.002003110276  
syrmaticus_reevesii 0.003006232589  0.002003110276  0.002003110276  0.002002892093  0.006026133296  0.000000000000  0.000000000000  0.000000000000  0.011084530365  0.012101951939  0.012100559053  0.002003110276  0.000000000000  0.004013829301  0.000000000000  0.000000000000  0.000000000000  0.000000000000  
rollulus_rouloul 0.006026133296  0.006026133296  0.006026133296  0.006029059364  0.010077209853  0.004013829301  0.004013829301  0.004013829301  0.013118055228  0.016187724251  0.016183084068  0.006026133296  0.004013829301  0.000000000000  0.004013829301  0.004013829301  0.004013829301  0.004013829301  
lophophorus_impejanus 0.003006232589  0.002003110276  0.002003110276  0.002002892093  0.006026133296  0.000000000000  0.000000000000  0.000000000000  0.011084530365  0.012101951939  0.012100559053  0.002003110276  0.000000000000  0.004013829301  0.000000000000  0.000000000000  0.000000000000  0.000000000000  
syrmaticus_ellioti 0.003006232589  0.002003110276  0.002003110276  0.002002892093  0.006026133296  0.000000000000  0.000000000000  0.000000000000  0.011084530365  0.012101951939  0.012100559053  0.002003110276  0.000000000000  0.004013829301  0.000000000000  0.000000000000  0.000000000000  0.000000000000  
phasianus_colchicus 0.003006232589  0.002003110276  0.002003110276  0.002002892093  0.006026133296  0.000000000000  0.000000000000  0.000000000000  0.011084530365  0.012101951939  0.012100559053  0.002003110276  0.000000000000  0.004013829301  0.000000000000  0.000000000000  0.000000000000  0.000000000000  
alectoris_rufa 0.003006232589  0.002003110276  0.002003110276  0.002002892093  0.006026133296  0.000000000000  0.000000000000  0.000000000000  0.011084530365  0.012101951939  0.012100559053  0.002003110276  0.000000000000  0.004013829301  0.000000000000  0.000000000000  0.000000000000  0.000000000000  

