18
galgal4    0.000000000000  0.004017541790  0.004017541790  0.004017541790  0.007046429881  0.004017541790  0.006033271265  0.006033271265  0.008061831168  0.004017541790  0.016234908789  0.011134035121  0.014154930527  0.009089460751  0.008061831168  0.041461786200  0.027656445878  0.021425896948  
lophura_swinhoii 0.004017541790  0.000000000000  0.000000000000  0.000000000000  0.003007152914  0.000000000000  0.002002866780  0.002002866780  0.004013642569  0.000000000000  0.012124002143  0.007053958843  0.010072240939  0.005027449239  0.004013642569  0.037150496769  0.023457363200  0.023518852472  
lophura_nycthemera 0.004017541790  0.000000000000  0.000000000000  0.000000000000  0.003007152914  0.000000000000  0.002002866780  0.002002866780  0.004013642569  0.000000000000  0.012124002143  0.007053958843  0.010072240939  0.005027449239  0.004013642569  0.037150496769  0.023457363200  0.023518852472  
crossoptilon_crossoptilon 0.004017541790  0.000000000000  0.000000000000  0.000000000000  0.003007152914  0.000000000000  0.002002866780  0.002002866780  0.004013642569  0.000000000000  0.012124002143  0.007053958843  0.010072240939  0.005027449239  0.004013642569  0.037150496769  0.023457363200  0.023518852472  
tragopan_blythii 0.007046429881  0.003007152914  0.003007152914  0.003007152914  0.000000000000  0.003007152914  0.005018990973  0.005018990973  0.007040656060  0.003007152914  0.015191620773  0.010099401618  0.013124804779  0.008061831168  0.007040656060  0.040347513024  0.026582306667  0.026650065728  
lophura_inornata 0.004017541790  0.000000000000  0.000000000000  0.000000000000  0.003007152914  0.000000000000  0.002002866780  0.002002866780  0.004013642569  0.000000000000  0.012124002143  0.007053958843  0.010072240939  0.005027449239  0.004013642569  0.037150496769  0.023457363200  0.023518852472  
catreus_wallichi 0.006033271265  0.002002866780  0.002002866780  0.002002866780  0.005018990973  0.002002866780  0.000000000000  0.000000000000  0.006028709791  0.002002866780  0.013138672627  0.009079485074  0.012104235043  0.007046429881  0.006028709791  0.039269805538  0.025532644785  0.025596480719  
syrmaticus_ellioti 0.006033271265  0.002002866780  0.002002866780  0.002002866780  0.005018990973  0.002002866780  0.000000000000  0.000000000000  0.006028709791  0.002002866780  0.013138672627  0.009079485074  0.012104235043  0.007046429881  0.006028709791  0.039269805538  0.025532644785  0.025596480719  
pavo_cristatus 0.008061831168  0.004013642569  0.004013642569  0.004013642569  0.007040656060  0.004013642569  0.006028709791  0.006028709791  0.000000000000  0.004013642569  0.016221550539  0.011121590884  0.014147650152  0.009079485074  0.008054839629  0.041427758403  0.027634375925  0.027706076163  
syrmaticus_reevesii 0.004017541790  0.000000000000  0.000000000000  0.000000000000  0.003007152914  0.000000000000  0.002002866780  0.002002866780  0.004013642569  0.000000000000  0.012124002143  0.007053958843  0.010072240939  0.005027449239  0.004013642569  0.037150496769  0.023457363200  0.023518852472  
chrysolophus_pictus 0.016234908789  0.012124002143  0.012124002143  0.012124002143  0.015191620773  0.012124002143  0.013138672627  0.013138672627  0.016221550539  0.012124002143  0.000000000000  0.009064819596  0.012099973545  0.007036640228  0.016221550539  0.043595910856  0.031817748186  0.036171714348  
melgal2    0.011134035121  0.007053958843  0.007053958843  0.007053958843  0.010099401618  0.007053958843  0.009079485074  0.009079485074  0.011121590884  0.007053958843  0.009064819596  0.000000000000  0.007033894085  0.002004372650  0.011121590884  0.042545969621  0.028712250069  0.030920324877  
rollulus_rouloul 0.014154930527  0.010072240939  0.010072240939  0.010072240939  0.013124804779  0.010072240939  0.012104235043  0.012104235043  0.014147650152  0.010072240939  0.012099973545  0.007033894085  0.000000000000  0.005019452499  0.014147650152  0.045634913695  0.030719453675  0.033969764536  
lophophorus_impejanus 0.009089460751  0.005027449239  0.005027449239  0.005027449239  0.008061831168  0.005027449239  0.007046429881  0.007046429881  0.009079485074  0.005027449239  0.007036640228  0.002004372650  0.005019452499  0.000000000000  0.009079485074  0.040380159190  0.026603066167  0.028793404474  
perdix_dauuricae 0.008061831168  0.004013642569  0.004013642569  0.004013642569  0.007040656060  0.004013642569  0.006028709791  0.006028709791  0.008054839629  0.004013642569  0.016221550539  0.011121590884  0.014147650152  0.009079485074  0.000000000000  0.041427758403  0.027634375925  0.027706076163  
cyrtonyx_montezumae 0.041461786200  0.037150496769  0.037150496769  0.037150496769  0.040347513024  0.037150496769  0.039269805538  0.039269805538  0.041427758403  0.037150496769  0.043595910856  0.042545969621  0.045634913695  0.040380159190  0.041427758403  0.000000000000  0.027634375925  0.062333808078  
phasianus_colchicus 0.027656445878  0.023457363200  0.023457363200  0.023457363200  0.026582306667  0.023457363200  0.025532644785  0.025532644785  0.027634375925  0.023457363200  0.031817748186  0.028712250069  0.030719453675  0.026603066167  0.027634375925  0.027634375925  0.000000000000  0.048005659859  
alectoris_rufa 0.021425896948  0.023518852472  0.023518852472  0.023518852472  0.026650065728  0.023518852472  0.025596480719  0.025596480719  0.027706076163  0.023518852472  0.036171714348  0.030920324877  0.033969764536  0.028793404474  0.027706076163  0.062333808078  0.048005659859  0.000000000000  

