18
cyrtonyx_montezumae 0.000000000000  0.016186280628  0.027626523752  0.031827416050  0.032864546762  0.053359821544  0.042413027521  0.032864546762  0.027626523752  0.031827416050  0.039188706519  0.033951409489  0.043436174656  0.031804895177  0.030768885949  0.026557643329  0.027589214964  0.028592709605  
rollulus_rouloul 0.016186280628  0.000000000000  0.026595928888  0.030791888090  0.031827416050  0.052299541150  0.041364178822  0.032888253868  0.026595928888  0.030791888090  0.039214571832  0.032913628623  0.042385205108  0.030768885949  0.029734477102  0.024481617419  0.025510502834  0.026512612171  
crossoptilon_crossoptilon 0.027626523752  0.026595928888  0.000000000000  0.004013064848  0.005018368358  0.024518559144  0.016201813761  0.007039022343  0.000000000000  0.004013064848  0.012105548611  0.008058703556  0.017213525751  0.006027646475  0.011115160296  0.018322451136  0.017270107222  0.029673988570  
phasianus_colchicus 0.031827416050  0.030791888090  0.004013064848  0.000000000000  0.009062409356  0.026595928888  0.020319779137  0.011097797718  0.004013064848  0.008052504700  0.016193235161  0.012127675716  0.021333394027  0.010079039309  0.015206608535  0.022467465695  0.021404439982  0.033881736610  
catreus_wallichi 0.032864546762  0.031827416050  0.005018368358  0.009062409356  0.000000000000  0.029734477102  0.019274544764  0.012111316819  0.005018368358  0.009062409356  0.017213525751  0.013141735683  0.022360033787  0.011091519658  0.016223831168  0.023492226452  0.022428591335  0.032803460813  
perdix_dauuricae 0.053359821544  0.052299541150  0.024518559144  0.026595928888  0.029734477102  0.000000000000  0.039242129844  0.031851601913  0.024518559144  0.026595928888  0.034966378663  0.032940668125  0.039188706519  0.029734477102  0.034006214623  0.041531097440  0.042577640688  0.054340219937  
chrysolophus_pictus 0.042413027521  0.041364178822  0.016201813761  0.020319779137  0.019274544764  0.039242129844  0.000000000000  0.023422957924  0.016201813761  0.018252132814  0.026512612171  0.024481617419  0.033843679041  0.022382534299  0.025527662742  0.032913628623  0.031827416050  0.042334684111  
lophura_nycthemera 0.032864546762  0.032888253868  0.007039022343  0.011097797718  0.012111316819  0.031851601913  0.023422957924  0.000000000000  0.007039022343  0.011097797718  0.019274544764  0.015194295380  0.024438541459  0.013133255732  0.018289460711  0.023492226452  0.024518559144  0.032842510237  
syrmaticus_ellioti 0.027626523752  0.026595928888  0.000000000000  0.004013064848  0.005018368358  0.024518559144  0.016201813761  0.007039022343  0.000000000000  0.004013064848  0.012105548611  0.008058703556  0.017213525751  0.006027646475  0.011115160296  0.018322451136  0.017270107222  0.029673988570  
lophura_swinhoii 0.031827416050  0.030791888090  0.004013064848  0.008052504700  0.009062409356  0.026595928888  0.018252132814  0.011097797718  0.004013064848  0.000000000000  0.008044889384  0.012127675716  0.021333394027  0.010079039309  0.015206608535  0.022467465695  0.021404439982  0.033881736610  
lophura_inornata 0.039188706519  0.039214571832  0.012105548611  0.016193235161  0.017213525751  0.034966378663  0.026512612171  0.019274544764  0.012105548611  0.008044889384  0.000000000000  0.020319779137  0.029628491276  0.018242944058  0.021356906346  0.030791888090  0.029712653548  0.041261195392  
syrmaticus_reevesii 0.033951409489  0.032913628623  0.008058703556  0.012127675716  0.013141735683  0.032940668125  0.024481617419  0.015194295380  0.008058703556  0.012127675716  0.020319779137  0.000000000000  0.025494992321  0.014166933272  0.019342393807  0.024562053022  0.019325573079  0.036007862465  
melgal2    0.043436174656  0.042385205108  0.017213525751  0.021333394027  0.022360033787  0.039188706519  0.033843679041  0.024438541459  0.017213525751  0.021333394027  0.029628491276  0.025494992321  0.000000000000  0.020290366742  0.026540977001  0.033926510963  0.032842510237  0.045518419745  
tragopan_blythii 0.031804895177  0.030768885949  0.006027646475  0.010079039309  0.011091519658  0.029734477102  0.022382534299  0.013133255732  0.006027646475  0.010079039309  0.018242944058  0.014166933272  0.020290366742  0.000000000000  0.015194295380  0.021404439982  0.021386964027  0.033861866723  
lophophorus_impejanus 0.030768885949  0.029734477102  0.011115160296  0.015206608535  0.016223831168  0.034006214623  0.025527662742  0.018289460711  0.011115160296  0.015206608535  0.021356906346  0.019342393807  0.026540977001  0.015194295380  0.000000000000  0.021423543462  0.022447213490  0.027558536215  
galgal4    0.026557643329  0.024481617419  0.018322451136  0.022467465695  0.023492226452  0.041531097440  0.032913628623  0.023492226452  0.018322451136  0.022467465695  0.030791888090  0.024562053022  0.033926510963  0.021404439982  0.021423543462  0.000000000000  0.019325573079  0.027558536215  
pavo_cristatus 0.027589214964  0.025510502834  0.017270107222  0.021404439982  0.022428591335  0.042577640688  0.031827416050  0.024518559144  0.017270107222  0.021404439982  0.029712653548  0.019325573079  0.032842510237  0.021386964027  0.022447213490  0.019325573079  0.000000000000  0.026500919731  
alectoris_rufa 0.028592709605  0.026512612171  0.029673988570  0.033881736610  0.032803460813  0.054340219937  0.042334684111  0.032842510237  0.029673988570  0.033881736610  0.041261195392  0.036007862465  0.045518419745  0.033861866723  0.027558536215  0.027558536215  0.026500919731  0.000000000000  

