18
cyrtonyx_montezumae 0.000000000000  0.020303268011  0.035930967881  0.035930967881  0.044462307894  0.039103093706  0.044416872943  0.036992557064  0.035930967881  0.035930967881  0.035930967881  0.027537649206  0.025473328007  0.025500878416  0.029646105463  0.017217987559  0.025473328007  0.025500878416  
rollulus_rouloul 0.020303268011  0.000000000000  0.021328238944  0.021328238944  0.029661889202  0.024431649251  0.029631919057  0.022364518841  0.021328238944  0.021328238944  0.021328238944  0.013119577638  0.011090072757  0.012124852512  0.017227083933  0.003006774656  0.011090072757  0.011103394777  
syrmaticus_ellioti 0.035930967881  0.021328238944  0.000000000000  0.000000000000  0.008057338706  0.003006774656  0.011095965852  0.004016091502  0.000000000000  0.000000000000  0.000000000000  0.022388714806  0.020340156074  0.026531258025  0.032789869444  0.018239263790  0.026504693776  0.026531258025  
lophura_swinhoii 0.035930967881  0.021328238944  0.000000000000  0.000000000000  0.008057338706  0.003006774656  0.011095965852  0.004016091502  0.000000000000  0.000000000000  0.000000000000  0.022388714806  0.020340156074  0.026531258025  0.032789869444  0.018239263790  0.026504693776  0.026531258025  
crossoptilon_crossoptilon 0.044462307894  0.029661889202  0.008057338706  0.008057338706  0.000000000000  0.011103394777  0.017237735159  0.010091941079  0.008057338706  0.008057338706  0.008057338706  0.030753106474  0.028686064898  0.034947438371  0.041284955782  0.026531258025  0.034906309054  0.034947438371  
phasianus_colchicus 0.039103093706  0.024431649251  0.003006774656  0.003006774656  0.011103394777  0.000000000000  0.014154452276  0.007043134906  0.003006774656  0.003006774656  0.003006774656  0.025500878416  0.023444848114  0.029661889202  0.035948624590  0.021328238944  0.029631919057  0.029661889202  
catreus_wallichi 0.044416872943  0.029631919057  0.011095965852  0.011095965852  0.017237735159  0.014154452276  0.000000000000  0.007035012571  0.011095965852  0.011095965852  0.011095965852  0.030714537004  0.028645587708  0.034906309054  0.041239888847  0.026504693776  0.034871628652  0.033846969029  
syrmaticus_reevesii 0.036992557064  0.022364518841  0.004016091502  0.004016091502  0.010091941079  0.007043134906  0.007035012571  0.000000000000  0.004016091502  0.004016091502  0.004016091502  0.023429310369  0.021378590465  0.027578392967  0.033846969029  0.019270200501  0.027549638780  0.027578392967  
lophura_nycthemera 0.035930967881  0.021328238944  0.000000000000  0.000000000000  0.008057338706  0.003006774656  0.011095965852  0.004016091502  0.000000000000  0.000000000000  0.000000000000  0.022388714806  0.020340156074  0.026531258025  0.032789869444  0.018239263790  0.026504693776  0.026531258025  
lophura_inornata 0.035930967881  0.021328238944  0.000000000000  0.000000000000  0.008057338706  0.003006774656  0.011095965852  0.004016091502  0.000000000000  0.000000000000  0.000000000000  0.022388714806  0.020340156074  0.026531258025  0.032789869444  0.018239263790  0.026504693776  0.026531258025  
chrysolophus_pictus 0.035930967881  0.021328238944  0.000000000000  0.000000000000  0.008057338706  0.003006774656  0.011095965852  0.004016091502  0.000000000000  0.000000000000  0.000000000000  0.022388714806  0.020340156074  0.026531258025  0.032789869444  0.018239263790  0.026504693776  0.026531258025  
perdix_dauuricae 0.027537649206  0.013119577638  0.022388714806  0.022388714806  0.030753106474  0.025500878416  0.030714537004  0.023429310369  0.022388714806  0.022388714806  0.022388714806  0.000000000000  0.012124852512  0.018247862538  0.024431649251  0.010069454087  0.018232228246  0.018247862538  
melgal2    0.025473328007  0.011090072757  0.020340156074  0.020340156074  0.028686064898  0.023444848114  0.028645587708  0.021378590465  0.020340156074  0.020340156074  0.020340156074  0.012124852512  0.000000000000  0.016207859428  0.022375830791  0.008047161875  0.016190230243  0.016207859428  
galgal4    0.025500878416  0.012124852512  0.026531258025  0.026531258025  0.034947438371  0.029661889202  0.034906309054  0.027578392967  0.026531258025  0.026531258025  0.026531258025  0.018247862538  0.016207859428  0.000000000000  0.017249938196  0.009073604630  0.017237735159  0.017263690030  
pavo_cristatus 0.029646105463  0.017227083933  0.032789869444  0.032789869444  0.041284955782  0.035948624590  0.041239888847  0.033846969029  0.032789869444  0.032789869444  0.032789869444  0.024431649251  0.022375830791  0.017249938196  0.000000000000  0.014154452276  0.022375830791  0.022403167820  
tragopan_blythii 0.017217987559  0.003006774656  0.018239263790  0.018239263790  0.026531258025  0.021328238944  0.026504693776  0.019270200501  0.018239263790  0.018239263790  0.018239263790  0.010069454087  0.008047161875  0.009073604630  0.014154452276  0.000000000000  0.008047161875  0.008057338706  
lophophorus_impejanus 0.025473328007  0.011090072757  0.026504693776  0.026504693776  0.034906309054  0.029631919057  0.034871628652  0.027549638780  0.026504693776  0.026504693776  0.026504693776  0.018232228246  0.016190230243  0.017237735159  0.022375830791  0.008047161875  0.000000000000  0.014154452276  
alectoris_rufa 0.025500878416  0.011103394777  0.026531258025  0.026531258025  0.034947438371  0.029661889202  0.033846969029  0.027578392967  0.026531258025  0.026531258025  0.026531258025  0.018247862538  0.016207859428  0.017263690030  0.022403167820  0.008057338706  0.014154452276  0.000000000000  

