18
cyrtonyx_montezumae 0.000000000000  0.137375204011  0.154234873982  0.123452898902  0.113823060488  0.134397990567  0.139614227139  0.133329279072  0.132161909474  0.115866083592  0.120706952447  0.114881769974  0.111375758397  0.125954219839  0.113576623337  0.126051146323  0.120286958182  0.085635235508  
melgal2    0.137375204011  0.000000000000  0.083991138834  0.064473351989  0.055662353660  0.076793546437  0.080335758250  0.074615957955  0.073529783288  0.059881983413  0.064317016792  0.056678414735  0.053442541693  0.071175233100  0.073344940562  0.092980587783  0.101291350740  0.098714860444  
perdix_dauuricae 0.154234873982  0.083991138834  0.000000000000  0.060027222630  0.054600015519  0.078014201175  0.082742067707  0.074680901733  0.073595146755  0.059928566750  0.064367282338  0.056726372041  0.052382655445  0.072381433266  0.083695301545  0.097847825216  0.113433121714  0.108317535516  
lophophorus_impejanus 0.123452898902  0.064473351989  0.060027222630  0.000000000000  0.027615300781  0.049941505909  0.054373782916  0.045649484819  0.045682365997  0.032795142307  0.037020651876  0.029682372476  0.025517177736  0.044564973187  0.055361576339  0.070900286069  0.081169851371  0.078744300127  
lophura_swinhoii 0.113823060488  0.055662353660  0.054600015519  0.027615300781  0.000000000000  0.025517177736  0.029745431196  0.022417476833  0.021392822579  0.010070873503  0.015168764337  0.006027965849  0.002004200324  0.037114959582  0.047792233090  0.060908966001  0.075580494232  0.068634349572  
chrysolophus_pictus 0.134397990567  0.076793546437  0.078014201175  0.049941505909  0.025517177736  0.000000000000  0.028629956250  0.021336982765  0.020311853710  0.024456591332  0.029682372476  0.021376311637  0.023428233714  0.057572804367  0.069815795270  0.081109407914  0.099756022717  0.087787876657  
syrmaticus_reevesii 0.139614227139  0.080335758250  0.082742067707  0.054373782916  0.029745431196  0.028629956250  0.000000000000  0.013143721320  0.012129656601  0.029722683871  0.035004991519  0.025575972698  0.027635607084  0.062071871553  0.070900286069  0.083368666989  0.098635448469  0.093726631463  
phasianus_colchicus 0.133329279072  0.074615957955  0.074680901733  0.045649484819  0.022417476833  0.021336982765  0.013143721320  0.000000000000  0.005021636363  0.022401475642  0.027615300781  0.018293990334  0.020337411772  0.056545444245  0.067552413560  0.078799898081  0.095129402129  0.087909162782  
syrmaticus_ellioti 0.132161909474  0.073529783288  0.073595146755  0.045682365997  0.021392822579  0.020311853710  0.012129656601  0.005021636363  0.000000000000  0.021376311637  0.026584180683  0.017274645700  0.019314910563  0.055479582045  0.066472216807  0.076556112643  0.094015336003  0.086802555265  
catreus_wallichi 0.115866083592  0.059881983413  0.059928566750  0.032795142307  0.010070873503  0.024456591332  0.029722683871  0.022401475642  0.021376311637  0.000000000000  0.006025415417  0.006025415417  0.008043791632  0.042350605507  0.053096303452  0.066293487821  0.081050885326  0.074070333701  
crossoptilon_crossoptilon 0.120706952447  0.064317016792  0.064367282338  0.037020651876  0.015168764337  0.029682372476  0.035004991519  0.027615300781  0.026584180683  0.006025415417  0.000000000000  0.011092524751  0.013122239674  0.045618389530  0.055260006543  0.070757883692  0.083309122550  0.078589016261  
lophura_nycthemera 0.114881769974  0.056678414735  0.056726372041  0.029682372476  0.006027965849  0.021376311637  0.025575972698  0.018293990334  0.017274645700  0.006025415417  0.011092524751  0.000000000000  0.004011273878  0.039204269000  0.049908797368  0.063057584645  0.077763337489  0.070803463861  
lophura_inornata 0.111375758397  0.053442541693  0.052382655445  0.025517177736  0.002004200324  0.023428233714  0.027635607084  0.020337411772  0.019314910563  0.008043791632  0.013122239674  0.004011273878  0.000000000000  0.034979531363  0.045618389530  0.058682270320  0.073287084629  0.066379115401  
tragopan_blythii 0.125954219839  0.071175233100  0.072381433266  0.044564973187  0.037114959582  0.057572804367  0.062071871553  0.056545444245  0.055479582045  0.042350605507  0.045618389530  0.039204269000  0.034979531363  0.000000000000  0.058604673516  0.075356444136  0.088038258222  0.083251512268  
galgal4    0.113576623337  0.073344940562  0.083695301545  0.055361576339  0.047792233090  0.069815795270  0.070900286069  0.067552413560  0.066472216807  0.053096303452  0.055260006543  0.049908797368  0.045618389530  0.058604673516  0.000000000000  0.054373782916  0.073124830914  0.066253484203  
pavo_cristatus 0.126051146323  0.092980587783  0.097847825216  0.070900286069  0.060908966001  0.081109407914  0.083368666989  0.078799898081  0.076556112643  0.066293487821  0.070757883692  0.063057584645  0.058682270320  0.075356444136  0.054373782916  0.000000000000  0.088105727272  0.082150301747  
rollulus_rouloul 0.120286958182  0.101291350740  0.113433121714  0.081169851371  0.075580494232  0.099756022717  0.098635448469  0.095129402129  0.094015336003  0.081050885326  0.083309122550  0.077763337489  0.073287084629  0.088038258222  0.073124830914  0.088105727272  0.000000000000  0.072319388761  
alectoris_rufa 0.085635235508  0.098714860444  0.108317535516  0.078744300127  0.068634349572  0.087787876657  0.093726631463  0.087909162782  0.086802555265  0.074070333701  0.078589016261  0.070803463861  0.066379115401  0.083251512268  0.066253484203  0.082150301747  0.072319388761  0.000000000000  

