18
rollulus_rouloul 0.000000000000  0.034958449971  0.029686964636  0.029686964636  0.029686964636  0.029686964636  0.029686964636  0.032857282786  0.029706599843  0.027602061796  0.027602061796  0.027602061796  0.027602061796  0.027602061796  0.026611534161  0.023468010620  0.030808709288  0.021354142988  
tragopan_blythii 0.034958449971  0.000000000000  0.005021137768  0.005021137768  0.005021137768  0.005021137768  0.005021137768  0.012117723983  0.009067521060  0.007038726014  0.007038726014  0.007038726014  0.007038726014  0.007038726014  0.014148382173  0.011086394394  0.022393099990  0.023419791513  
syrmaticus_reevesii 0.029686964636  0.005021137768  0.000000000000  0.000000000000  0.000000000000  0.000000000000  0.000000000000  0.007038726014  0.004012959299  0.002002776723  0.002002776723  0.002002776723  0.002002776723  0.002002776723  0.009058003241  0.006024278543  0.017229538730  0.018250366501  
syrmaticus_ellioti 0.029686964636  0.005021137768  0.000000000000  0.000000000000  0.000000000000  0.000000000000  0.000000000000  0.007038726014  0.004012959299  0.002002776723  0.002002776723  0.002002776723  0.002002776723  0.002002776723  0.009058003241  0.006024278543  0.017229538730  0.018250366501  
crossoptilon_crossoptilon 0.029686964636  0.005021137768  0.000000000000  0.000000000000  0.000000000000  0.000000000000  0.000000000000  0.007038726014  0.004012959299  0.002002776723  0.002002776723  0.002002776723  0.002002776723  0.002002776723  0.009058003241  0.006024278543  0.017229538730  0.018250366501  
perdix_dauuricae 0.029686964636  0.005021137768  0.000000000000  0.000000000000  0.000000000000  0.000000000000  0.000000000000  0.007038726014  0.004012959299  0.002002776723  0.002002776723  0.002002776723  0.002002776723  0.002002776723  0.009058003241  0.006024278543  0.017229538730  0.018250366501  
lophophorus_impejanus 0.029686964636  0.005021137768  0.000000000000  0.000000000000  0.000000000000  0.000000000000  0.000000000000  0.007038726014  0.004012959299  0.002002776723  0.002002776723  0.002002776723  0.002002776723  0.002002776723  0.009058003241  0.006024278543  0.017229538730  0.018250366501  
phasianus_colchicus 0.032857282786  0.012117723983  0.007038726014  0.007038726014  0.007038726014  0.007038726014  0.007038726014  0.000000000000  0.007043711376  0.005021137768  0.005021137768  0.005021137768  0.005021137768  0.005021137768  0.012110543393  0.009058003241  0.020330105579  0.021354142988  
melgal2    0.029706599843  0.009067521060  0.004012959299  0.004012959299  0.004012959299  0.004012959299  0.004012959299  0.007043711376  0.000000000000  0.002004074594  0.002004074594  0.002004074594  0.002004074594  0.002004074594  0.009061977508  0.006025085914  0.017240562295  0.018260892256  
lophura_swinhoii 0.027602061796  0.007038726014  0.002002776723  0.002002776723  0.002002776723  0.002002776723  0.002002776723  0.005021137768  0.002004074594  0.000000000000  0.000000000000  0.000000000000  0.000000000000  0.000000000000  0.007035302488  0.004010852076  0.015182133849  0.016200341865  
lophura_nycthemera 0.027602061796  0.007038726014  0.002002776723  0.002002776723  0.002002776723  0.002002776723  0.002002776723  0.005021137768  0.002004074594  0.000000000000  0.000000000000  0.000000000000  0.000000000000  0.000000000000  0.007035302488  0.004010852076  0.015182133849  0.016200341865  
lophura_inornata 0.027602061796  0.007038726014  0.002002776723  0.002002776723  0.002002776723  0.002002776723  0.002002776723  0.005021137768  0.002004074594  0.000000000000  0.000000000000  0.000000000000  0.000000000000  0.000000000000  0.007035302488  0.004010852076  0.015182133849  0.016200341865  
catreus_wallichi 0.027602061796  0.007038726014  0.002002776723  0.002002776723  0.002002776723  0.002002776723  0.002002776723  0.005021137768  0.002004074594  0.000000000000  0.000000000000  0.000000000000  0.000000000000  0.000000000000  0.007035302488  0.004010852076  0.015182133849  0.016200341865  
chrysolophus_pictus 0.027602061796  0.007038726014  0.002002776723  0.002002776723  0.002002776723  0.002002776723  0.002002776723  0.005021137768  0.002004074594  0.000000000000  0.000000000000  0.000000000000  0.000000000000  0.000000000000  0.007035302488  0.004010852076  0.015182133849  0.016200341865  
galgal4    0.026611534161  0.014148382173  0.009058003241  0.009058003241  0.009058003241  0.009058003241  0.009058003241  0.012110543393  0.009061977508  0.007035302488  0.007035302488  0.007035302488  0.007035302488  0.007035302488  0.000000000000  0.003009180315  0.014188899011  0.015204570904  
pavo_cristatus 0.023468010620  0.011086394394  0.006024278543  0.006024278543  0.006024278543  0.006024278543  0.006024278543  0.009058003241  0.006025085914  0.004010852076  0.004010852076  0.004010852076  0.004010852076  0.004010852076  0.003009180315  0.000000000000  0.011113965469  0.012126480601  
cyrtonyx_montezumae 0.030808709288  0.022393099990  0.017229538730  0.017229538730  0.017229538730  0.017229538730  0.017229538730  0.020330105579  0.017240562295  0.015182133849  0.015182133849  0.015182133849  0.015182133849  0.015182133849  0.014188899011  0.011113965469  0.000000000000  0.019322455330  
alectoris_rufa 0.021354142988  0.023419791513  0.018250366501  0.018250366501  0.018250366501  0.018250366501  0.018250366501  0.021354142988  0.018260892256  0.016200341865  0.016200341865  0.016200341865  0.016200341865  0.016200341865  0.015204570904  0.012126480601  0.019322455330  0.000000000000  

