18
cyrtonyx_montezumae 0.000000000000  0.006034905340  0.013167704449  0.010094235542  0.010094235542  0.010094235542  0.010094235542  0.010094235542  0.012140794587  0.010094235542  0.014171017826  0.011116308757  0.010094235542  0.010094235542  0.010094235542  0.015228842344  0.010094235542  0.010094235542  
pavo_cristatus 0.006034905340  0.000000000000  0.007048773632  0.004014246541  0.004014246541  0.004014246541  0.004014246541  0.004014246541  0.006034905340  0.004014246541  0.008051449686  0.005023399973  0.004014246541  0.004014246541  0.004014246541  0.009083643330  0.004014246541  0.004014246541  
perdix_dauuricae 0.013167704449  0.007048773632  0.000000000000  0.003010416445  0.003010416445  0.003010416445  0.003010416445  0.003010416445  0.005029024286  0.003010416445  0.007042378623  0.006041859908  0.003010416445  0.003010416445  0.003010416445  0.008074649714  0.003010416445  0.003010416445  
syrmaticus_ellioti 0.010094235542  0.004014246541  0.003010416445  0.000000000000  0.000000000000  0.000000000000  0.000000000000  0.000000000000  0.002004622391  0.000000000000  0.004011831869  0.003010416445  0.000000000000  0.000000000000  0.000000000000  0.005029024286  0.000000000000  0.000000000000  
catreus_wallichi 0.010094235542  0.004014246541  0.003010416445  0.000000000000  0.000000000000  0.000000000000  0.000000000000  0.000000000000  0.002004622391  0.000000000000  0.004011831869  0.003010416445  0.000000000000  0.000000000000  0.000000000000  0.005029024286  0.000000000000  0.000000000000  
syrmaticus_reevesii 0.010094235542  0.004014246541  0.003010416445  0.000000000000  0.000000000000  0.000000000000  0.000000000000  0.000000000000  0.002004622391  0.000000000000  0.004011831869  0.003010416445  0.000000000000  0.000000000000  0.000000000000  0.005029024286  0.000000000000  0.000000000000  
lophura_inornata 0.010094235542  0.004014246541  0.003010416445  0.000000000000  0.000000000000  0.000000000000  0.000000000000  0.000000000000  0.002004622391  0.000000000000  0.004011831869  0.003010416445  0.000000000000  0.000000000000  0.000000000000  0.005029024286  0.000000000000  0.000000000000  
phasianus_colchicus 0.010094235542  0.004014246541  0.003010416445  0.000000000000  0.000000000000  0.000000000000  0.000000000000  0.000000000000  0.002004622391  0.000000000000  0.004011831869  0.003010416445  0.000000000000  0.000000000000  0.000000000000  0.005029024286  0.000000000000  0.000000000000  
crossoptilon_crossoptilon 0.012140794587  0.006034905340  0.005029024286  0.002004622391  0.002004622391  0.002004622391  0.002004622391  0.002004622391  0.000000000000  0.002004622391  0.006029843297  0.005029024286  0.002004622391  0.002004622391  0.002004622391  0.007057064681  0.002004622391  0.002004622391  
lophura_swinhoii 0.010094235542  0.004014246541  0.003010416445  0.000000000000  0.000000000000  0.000000000000  0.000000000000  0.000000000000  0.002004622391  0.000000000000  0.004011831869  0.003010416445  0.000000000000  0.000000000000  0.000000000000  0.005029024286  0.000000000000  0.000000000000  
lophophorus_impejanus 0.014171017826  0.008051449686  0.007042378623  0.004011831869  0.004011831869  0.004011831869  0.004011831869  0.004011831869  0.006029843297  0.004011831869  0.000000000000  0.007042378623  0.004011831869  0.004011831869  0.004011831869  0.009074563606  0.004011831869  0.004011831869  
tragopan_blythii 0.011116308757  0.005023399973  0.006041859908  0.003010416445  0.003010416445  0.003010416445  0.003010416445  0.003010416445  0.005029024286  0.003010416445  0.007042378623  0.000000000000  0.003010416445  0.003010416445  0.003010416445  0.008074649714  0.003010416445  0.003010416445  
lophura_nycthemera 0.010094235542  0.004014246541  0.003010416445  0.000000000000  0.000000000000  0.000000000000  0.000000000000  0.000000000000  0.002004622391  0.000000000000  0.004011831869  0.003010416445  0.000000000000  0.000000000000  0.000000000000  0.005029024286  0.000000000000  0.000000000000  
galgal4    0.010094235542  0.004014246541  0.003010416445  0.000000000000  0.000000000000  0.000000000000  0.000000000000  0.000000000000  0.002004622391  0.000000000000  0.004011831869  0.003010416445  0.000000000000  0.000000000000  0.000000000000  0.005029024286  0.000000000000  0.000000000000  
melgal2    0.010094235542  0.004014246541  0.003010416445  0.000000000000  0.000000000000  0.000000000000  0.000000000000  0.000000000000  0.002004622391  0.000000000000  0.004011831869  0.003010416445  0.000000000000  0.000000000000  0.000000000000  0.005029024286  0.000000000000  0.000000000000  
chrysolophus_pictus 0.015228842344  0.009083643330  0.008074649714  0.005029024286  0.005029024286  0.005029024286  0.005029024286  0.005029024286  0.007057064681  0.005029024286  0.009074563606  0.008074649714  0.005029024286  0.005029024286  0.005029024286  0.000000000000  0.005029024286  0.005029024286  
rollulus_rouloul 0.010094235542  0.004014246541  0.003010416445  0.000000000000  0.000000000000  0.000000000000  0.000000000000  0.000000000000  0.002004622391  0.000000000000  0.004011831869  0.003010416445  0.000000000000  0.000000000000  0.000000000000  0.005029024286  0.000000000000  0.000000000000  
alectoris_rufa 0.010094235542  0.004014246541  0.003010416445  0.000000000000  0.000000000000  0.000000000000  0.000000000000  0.000000000000  0.002004622391  0.000000000000  0.004011831869  0.003010416445  0.000000000000  0.000000000000  0.000000000000  0.005029024286  0.000000000000  0.000000000000  

