18
cyrtonyx_montezumae 0.000000000000  0.040135968662  0.042259052441  0.043316669124  0.058535814141  0.058535814141  0.058535814141  0.050925800459  0.049861106437  0.055227672335  0.050876531768  0.054184605457  0.055227672335  0.058505752186  0.057430346425  0.050925800459  0.053060460186  0.033829162806  
rollulus_rouloul 0.040135968662  0.000000000000  0.039096608020  0.040149028133  0.053115743014  0.053115743014  0.050983293078  0.045564951850  0.046623780592  0.049889376611  0.046599974302  0.049889376611  0.052019415241  0.053087068040  0.052019415241  0.045564951850  0.047684346690  0.030704268093  
galgal4    0.042259052441  0.039096608020  0.000000000000  0.019256134092  0.031744213116  0.031744213116  0.031744213116  0.024440894269  0.027564565296  0.032800930806  0.027552523690  0.028614034408  0.030690016144  0.029651187165  0.030690016144  0.024440894269  0.026506917478  0.008045144015  
pavo_cristatus 0.043316669124  0.040149028133  0.019256134092  0.000000000000  0.033843684146  0.033843684146  0.033843684146  0.026517582479  0.029651187165  0.032785842686  0.027542429990  0.030704268093  0.032817988126  0.033829162806  0.032785842686  0.026517582479  0.028589136450  0.011085537820  
phasianus_colchicus 0.058535814141  0.053115743014  0.031744213116  0.033843684146  0.000000000000  0.000000000000  0.004012598484  0.007037501533  0.010078259889  0.015177073639  0.010073757356  0.011097347146  0.013142598841  0.014145158714  0.014151152785  0.007037501533  0.009058312965  0.023437008774  
chrysolophus_pictus 0.058535814141  0.053115743014  0.031744213116  0.033843684146  0.000000000000  0.000000000000  0.004012598484  0.007037501533  0.010078259889  0.015177073639  0.010073757356  0.011097347146  0.013142598841  0.014145158714  0.014151152785  0.007037501533  0.009058312965  0.023437008774  
lophura_inornata 0.058535814141  0.050983293078  0.031744213116  0.033843684146  0.004012598484  0.004012598484  0.000000000000  0.007037501533  0.010078259889  0.014168785183  0.010073757356  0.011097347146  0.014151152785  0.014145158714  0.014151152785  0.007037501533  0.009058312965  0.023437008774  
syrmaticus_ellioti 0.050925800459  0.045564951850  0.024440894269  0.026517582479  0.007037501533  0.007037501533  0.007037501533  0.000000000000  0.003007345734  0.008050876954  0.003006294669  0.004014053120  0.007037501533  0.007035022648  0.007037501533  0.000000000000  0.002003142334  0.016215914695  
lophura_swinhoii 0.049861106437  0.046623780592  0.027564565296  0.029651187165  0.010078259889  0.010078259889  0.010078259889  0.003007345734  0.000000000000  0.010078259889  0.006026444520  0.007041831007  0.010078259889  0.010073757356  0.010078259889  0.003007345734  0.005017695328  0.019304740346  
catreus_wallichi 0.055227672335  0.049889376611  0.032800930806  0.032785842686  0.015177073639  0.015177073639  0.014168785183  0.008050876954  0.010078259889  0.000000000000  0.009058312965  0.012118789825  0.015177073639  0.015169757758  0.015177073639  0.008050876954  0.010073757356  0.024482067585  
crossoptilon_crossoptilon 0.050876531768  0.046599974302  0.027552523690  0.027542429990  0.010073757356  0.010073757356  0.010073757356  0.003006294669  0.006026444520  0.009058312965  0.000000000000  0.007037501533  0.010073757356  0.010071120911  0.010073757356  0.003006294669  0.005017778214  0.019292075243  
lophophorus_impejanus 0.054184605457  0.049889376611  0.028614034408  0.030704268093  0.011097347146  0.011097347146  0.011097347146  0.004014053120  0.007041831007  0.012118789825  0.007037501533  0.000000000000  0.011097347146  0.011091540341  0.011097347146  0.004014053120  0.006026444520  0.020342709109  
perdix_dauuricae 0.055227672335  0.052019415241  0.030690016144  0.032817988126  0.013142598841  0.013142598841  0.014151152785  0.007037501533  0.010078259889  0.015177073639  0.010073757356  0.011097347146  0.000000000000  0.014145158714  0.014151152785  0.007037501533  0.009058312965  0.022394415429  
lophura_nycthemera 0.058505752186  0.053087068040  0.029651187165  0.033829162806  0.014145158714  0.014145158714  0.014145158714  0.007035022648  0.010073757356  0.015169757758  0.010071120911  0.011091540341  0.014145158714  0.000000000000  0.014145158714  0.007035022648  0.009056971491  0.023422729211  
tragopan_blythii 0.057430346425  0.052019415241  0.030690016144  0.032785842686  0.014151152785  0.014151152785  0.014151152785  0.007037501533  0.010078259889  0.015177073639  0.010073757356  0.011097347146  0.014151152785  0.014145158714  0.000000000000  0.007037501533  0.009058312965  0.022394415429  
melgal2    0.050925800459  0.045564951850  0.024440894269  0.026517582479  0.007037501533  0.007037501533  0.007037501533  0.000000000000  0.003007345734  0.008050876954  0.003006294669  0.004014053120  0.007037501533  0.007035022648  0.007037501533  0.000000000000  0.002003142334  0.016215914695  
syrmaticus_reevesii 0.053060460186  0.047684346690  0.026506917478  0.028589136450  0.009058312965  0.009058312965  0.009058312965  0.002003142334  0.005017695328  0.010073757356  0.005017778214  0.006026444520  0.009058312965  0.009056971491  0.009058312965  0.002003142334  0.000000000000  0.018257885335  
alectoris_rufa 0.033829162806  0.030704268093  0.008045144015  0.011085537820  0.023437008774  0.023437008774  0.023437008774  0.016215914695  0.019304740346  0.024482067585  0.019292075243  0.020342709109  0.022394415429  0.023422729211  0.022394415429  0.016215914695  0.018257885335  0.000000000000  

