18
pavo_cristatus 0.000000000000  0.004013241320  0.016256741468  0.004016839101  0.010095771570  0.013166325324  0.007051788187  0.007051788187  0.007051788187  0.007051788187  0.007051788187  0.007051788187  0.007051788187  0.011128612389  0.007051788187  0.009085851693  0.003009458705  0.000000000000  
galgal4    0.004013241320  0.000000000000  0.016274056901  0.008059644918  0.014180945170  0.017274536361  0.011117098316  0.011117098316  0.011117098316  0.011117098316  0.011117098316  0.011117098316  0.011117098316  0.015224379959  0.011117098316  0.013166325324  0.007044826520  0.004013241320  
rollulus_rouloul 0.016256741468  0.016274056901  0.000000000000  0.020408641140  0.024571783636  0.027733621124  0.021452278463  0.021452278463  0.021452278463  0.021452278463  0.021452278463  0.021452278463  0.021452278463  0.025649776202  0.021452278463  0.023546417492  0.019367278642  0.016256741468  
phasianus_colchicus 0.004016839101  0.008059644918  0.020408641140  0.000000000000  0.006032159178  0.009076623529  0.003009458705  0.003009458705  0.003009458705  0.003009458705  0.003009458705  0.003009458705  0.003009458705  0.007051788187  0.003009458705  0.005026348128  0.007051788187  0.004016839101  
tragopan_blythii 0.010095771570  0.014180945170  0.024571783636  0.006032159178  0.000000000000  0.007039527528  0.003006972776  0.003006972776  0.003006972776  0.003006972776  0.003006972776  0.003006972776  0.003006972776  0.007044826520  0.003006972776  0.005021633792  0.013166325324  0.010095771570  
chrysolophus_pictus 0.013166325324  0.017274536361  0.027733621124  0.009076623529  0.007039527528  0.000000000000  0.006032159178  0.006032159178  0.006032159178  0.006032159178  0.006032159178  0.006032159178  0.006032159178  0.010095771570  0.006032159178  0.008059644918  0.016256741468  0.013166325324  
crossoptilon_crossoptilon 0.007051788187  0.011117098316  0.021452278463  0.003009458705  0.003006972776  0.006032159178  0.000000000000  0.000000000000  0.000000000000  0.000000000000  0.000000000000  0.000000000000  0.000000000000  0.004016839101  0.000000000000  0.002004197981  0.010106140246  0.007051788187  
lophophorus_impejanus 0.007051788187  0.011117098316  0.021452278463  0.003009458705  0.003006972776  0.006032159178  0.000000000000  0.000000000000  0.000000000000  0.000000000000  0.000000000000  0.000000000000  0.000000000000  0.004016839101  0.000000000000  0.002004197981  0.010106140246  0.007051788187  
lophura_swinhoii 0.007051788187  0.011117098316  0.021452278463  0.003009458705  0.003006972776  0.006032159178  0.000000000000  0.000000000000  0.000000000000  0.000000000000  0.000000000000  0.000000000000  0.000000000000  0.004016839101  0.000000000000  0.002004197981  0.010106140246  0.007051788187  
lophura_inornata 0.007051788187  0.011117098316  0.021452278463  0.003009458705  0.003006972776  0.006032159178  0.000000000000  0.000000000000  0.000000000000  0.000000000000  0.000000000000  0.000000000000  0.000000000000  0.004016839101  0.000000000000  0.002004197981  0.010106140246  0.007051788187  
lophura_nycthemera 0.007051788187  0.011117098316  0.021452278463  0.003009458705  0.003006972776  0.006032159178  0.000000000000  0.000000000000  0.000000000000  0.000000000000  0.000000000000  0.000000000000  0.000000000000  0.004016839101  0.000000000000  0.002004197981  0.010106140246  0.007051788187  
syrmaticus_reevesii 0.007051788187  0.011117098316  0.021452278463  0.003009458705  0.003006972776  0.006032159178  0.000000000000  0.000000000000  0.000000000000  0.000000000000  0.000000000000  0.000000000000  0.000000000000  0.004016839101  0.000000000000  0.002004197981  0.010106140246  0.007051788187  
syrmaticus_ellioti 0.007051788187  0.011117098316  0.021452278463  0.003009458705  0.003006972776  0.006032159178  0.000000000000  0.000000000000  0.000000000000  0.000000000000  0.000000000000  0.000000000000  0.000000000000  0.004016839101  0.000000000000  0.002004197981  0.010106140246  0.007051788187  
melgal2    0.011128612389  0.015224379959  0.025649776202  0.007051788187  0.007044826520  0.010095771570  0.004016839101  0.004016839101  0.004016839101  0.004016839101  0.004016839101  0.004016839101  0.004016839101  0.000000000000  0.004016839101  0.006037994799  0.014209224323  0.011128612389  
perdix_dauuricae 0.007051788187  0.011117098316  0.021452278463  0.003009458705  0.003006972776  0.006032159178  0.000000000000  0.000000000000  0.000000000000  0.000000000000  0.000000000000  0.000000000000  0.000000000000  0.004016839101  0.000000000000  0.002004197981  0.010106140246  0.007051788187  
catreus_wallichi 0.009085851693  0.013166325324  0.023546417492  0.005026348128  0.005021633792  0.008059644918  0.002004197981  0.002004197981  0.002004197981  0.002004197981  0.002004197981  0.002004197981  0.002004197981  0.006037994799  0.002004197981  0.000000000000  0.012153277488  0.009085851693  
cyrtonyx_montezumae 0.003009458705  0.007044826520  0.019367278642  0.007051788187  0.013166325324  0.016256741468  0.010106140246  0.010106140246  0.010106140246  0.010106140246  0.010106140246  0.010106140246  0.010106140246  0.014209224323  0.010106140246  0.012153277488  0.000000000000  0.003009458705  
alectoris_rufa 0.000000000000  0.004013241320  0.016256741468  0.004016839101  0.010095771570  0.013166325324  0.007051788187  0.007051788187  0.007051788187  0.007051788187  0.007051788187  0.007051788187  0.007051788187  0.011128612389  0.007051788187  0.009085851693  0.003009458705  0.000000000000  

