18
cyrtonyx_montezumae 0.000000000000  0.135967075063  0.135410543221  0.143843549993  0.150288899020  0.132532765882  0.137308292096  0.136218546052  0.131537564586  0.126711973107  0.153108123555  0.156595557432  0.123242810427  0.139925555392  0.123156630610  0.142660663437  0.143472804952  0.100464786384  
chrysolophus_pictus 0.135967075063  0.000000000000  0.026508166101  0.035937639156  0.041228542556  0.026487282994  0.034848578854  0.030660649485  0.021321554142  0.025476755573  0.065998364830  0.083178955797  0.042370588393  0.068422734742  0.050955732125  0.077302379003  0.096847061599  0.051960501589  
catreus_wallichi 0.135410543221  0.026508166101  0.000000000000  0.031775850759  0.039227798043  0.023433059270  0.026521041379  0.026551643942  0.018285857924  0.022441384420  0.060627688071  0.080057956294  0.038242616949  0.064185869181  0.046793909098  0.073024153046  0.094735761581  0.049961309777  
phasianus_colchicus 0.143843549993  0.035937639156  0.031775850759  0.000000000000  0.049895697062  0.032795841460  0.041249247708  0.037019195452  0.027583157263  0.031796010884  0.073863399704  0.087882119673  0.051091847094  0.077534711793  0.059807396784  0.086656812715  0.098220742067  0.061993279671  
syrmaticus_reevesii 0.150288899020  0.041228542556  0.039227798043  0.049895697062  0.000000000000  0.040247589620  0.045553550800  0.043447860459  0.034979403042  0.037169937405  0.080682739409  0.088008681744  0.051091847094  0.079829109188  0.059807396784  0.092381341766  0.111136852153  0.063025356721  
syrmaticus_ellioti 0.132532765882  0.026487282994  0.023433059270  0.032795841460  0.040247589620  0.000000000000  0.028587641784  0.025476755573  0.019293607409  0.023449025544  0.067230430076  0.077640157395  0.040331083529  0.065220067929  0.048903863142  0.078629186270  0.095789145303  0.052081170478  
lophura_swinhoii 0.137308292096  0.034848578854  0.026521041379  0.041249247708  0.045553550800  0.028587641784  0.000000000000  0.032779441711  0.026535535012  0.028633006457  0.071681890722  0.084510141760  0.044556761774  0.070714788394  0.050987224904  0.083074321981  0.102850374964  0.058580817280  
lophura_inornata 0.136218546052  0.030660649485  0.026551643942  0.037019195452  0.043447860459  0.025476755573  0.032779441711  0.000000000000  0.022392034322  0.024476283173  0.068314782629  0.082311372958  0.044620309645  0.068546554350  0.053250533224  0.080873916361  0.099276299379  0.054241173121  
crossoptilon_crossoptilon 0.131537564586  0.021321554142  0.018285857924  0.027583157263  0.034979403042  0.019293607409  0.026535535012  0.022392034322  0.000000000000  0.016234152309  0.059553443178  0.077811656835  0.036129267984  0.059765948040  0.044654577263  0.074210404940  0.091269438867  0.047813495402  
lophura_nycthemera 0.126711973107  0.025476755573  0.022441384420  0.031796010884  0.037169937405  0.023449025544  0.028633006457  0.024476283173  0.016234152309  0.000000000000  0.061765624350  0.078964291691  0.035060057435  0.060878358240  0.047922218168  0.075351011373  0.092443865107  0.048903863142  
perdix_dauuricae 0.153108123555  0.065998364830  0.060627688071  0.073863399704  0.080682739409  0.067230430076  0.071681890722  0.068314782629  0.059553443178  0.061765624350  0.000000000000  0.108644617381  0.065140000216  0.089767108666  0.075157949489  0.100102221226  0.115357084262  0.077302379003  
pavo_cristatus 0.156595557432  0.083178955797  0.080057956294  0.087882119673  0.088008681744  0.077640157395  0.084510141760  0.082311372958  0.077811656835  0.078964291691  0.108644617381  0.000000000000  0.044556761774  0.069587234535  0.062037273689  0.106679221524  0.117411078249  0.078903991552  
lophophorus_impejanus 0.123242810427  0.042370588393  0.038242616949  0.051091847094  0.051091847094  0.040331083529  0.044556761774  0.044620309645  0.036129267984  0.035060057435  0.065140000216  0.044556761774  0.000000000000  0.030703017478  0.022441384420  0.066527460423  0.083409876977  0.038242616949  
melgal2    0.139925555392  0.068422734742  0.064185869181  0.077534711793  0.079829109188  0.065220067929  0.070714788394  0.068546554350  0.059765948040  0.060878358240  0.089767108666  0.069587234535  0.030703017478  0.000000000000  0.045580677188  0.093621090735  0.100399659703  0.061951009609  
tragopan_blythii 0.123156630610  0.050955732125  0.046793909098  0.059807396784  0.059807396784  0.048903863142  0.050987224904  0.053250533224  0.044654577263  0.047922218168  0.075157949489  0.062037273689  0.022441384420  0.045580677188  0.000000000000  0.070900863206  0.087882119673  0.040362214665  
galgal4    0.142660663437  0.077302379003  0.073024153046  0.086656812715  0.092381341766  0.078629186270  0.083074321981  0.080873916361  0.074210404940  0.075351011373  0.100102221226  0.106679221524  0.066527460423  0.093621090735  0.070900863206  0.000000000000  0.096847061599  0.052017432985  
rollulus_rouloul 0.143472804952  0.096847061599  0.094735761581  0.098220742067  0.111136852153  0.095789145303  0.102850374964  0.099276299379  0.091269438867  0.092443865107  0.115357084262  0.117411078249  0.083409876977  0.100399659703  0.087882119673  0.096847061599  0.000000000000  0.067339820329  
alectoris_rufa 0.100464786384  0.051960501589  0.049961309777  0.061993279671  0.063025356721  0.052081170478  0.058580817280  0.054241173121  0.047813495402  0.048903863142  0.077302379003  0.078903991552  0.038242616949  0.061951009609  0.040362214665  0.052017432985  0.067339820329  0.000000000000  

