18
cyrtonyx_montezumae 0.000000000000  0.016239277446  0.030878620189  0.025571572029  0.027652805325  0.024522770759  0.024522770759  0.028707301000  0.024522770759  0.024522770759  0.035053152946  0.027652805325  0.024522770759  0.023476246760  0.019345385223  0.018307790232  0.018307790232  0.018307790232  
pavo_cristatus 0.016239277446  0.000000000000  0.014192662132  0.009068602669  0.011098464552  0.008052874100  0.008052874100  0.013142769451  0.008052874100  0.008052874100  0.018277442672  0.011098464552  0.008052874100  0.007039281589  0.003009375434  0.002004161075  0.002004161075  0.002004161075  
galgal4    0.030878620189  0.014192662132  0.000000000000  0.017257577242  0.025571572029  0.022450985213  0.022450985213  0.027676046174  0.022450985213  0.022450985213  0.032948506992  0.025571572029  0.022450985213  0.020366902042  0.017288915131  0.016254619171  0.016254619171  0.016254619171  
rollulus_rouloul 0.025571572029  0.009068602669  0.017257577242  0.000000000000  0.020335235610  0.017244377290  0.017244377290  0.022414657932  0.017244377290  0.017244377290  0.027631243520  0.020335235610  0.017244377290  0.016213521428  0.012128695240  0.011106504131  0.011106504131  0.011106504131  
phasianus_colchicus 0.027652805325  0.011098464552  0.025571572029  0.020335235610  0.000000000000  0.003006931159  0.003006931159  0.008052874100  0.003006931159  0.003006931159  0.012119533142  0.006027816173  0.003006931159  0.010079554517  0.014168182703  0.013142769451  0.013142769451  0.013142769451  
lophura_inornata 0.024522770759  0.008052874100  0.022450985213  0.017244377290  0.003006931159  0.000000000000  0.000000000000  0.005021486471  0.000000000000  0.000000000000  0.010086476320  0.003006931159  0.000000000000  0.007039281589  0.011106504131  0.010086476320  0.010086476320  0.010086476320  
chrysolophus_pictus 0.024522770759  0.008052874100  0.022450985213  0.017244377290  0.003006931159  0.000000000000  0.000000000000  0.005021486471  0.000000000000  0.000000000000  0.010086476320  0.003006931159  0.000000000000  0.007039281589  0.011106504131  0.010086476320  0.010086476320  0.010086476320  
crossoptilon_crossoptilon 0.028707301000  0.013142769451  0.027676046174  0.022414657932  0.008052874100  0.005021486471  0.005021486471  0.000000000000  0.005021486471  0.005021486471  0.015195782181  0.008052874100  0.005021486471  0.012119533142  0.016225577226  0.015195782181  0.015195782181  0.015195782181  
catreus_wallichi 0.024522770759  0.008052874100  0.022450985213  0.017244377290  0.003006931159  0.000000000000  0.000000000000  0.005021486471  0.000000000000  0.000000000000  0.010086476320  0.003006931159  0.000000000000  0.007039281589  0.011106504131  0.010086476320  0.010086476320  0.010086476320  
lophura_swinhoii 0.024522770759  0.008052874100  0.022450985213  0.017244377290  0.003006931159  0.000000000000  0.000000000000  0.005021486471  0.000000000000  0.000000000000  0.010086476320  0.003006931159  0.000000000000  0.007039281589  0.011106504131  0.010086476320  0.010086476320  0.010086476320  
syrmaticus_ellioti 0.035053152946  0.018277442672  0.032948506992  0.027631243520  0.012119533142  0.010086476320  0.010086476320  0.015195782181  0.010086476320  0.010086476320  0.000000000000  0.011116172702  0.010086476320  0.017244377290  0.021389991165  0.020350240025  0.020350240025  0.020350240025  
lophura_nycthemera 0.027652805325  0.011098464552  0.025571572029  0.020335235610  0.006027816173  0.003006931159  0.003006931159  0.008052874100  0.003006931159  0.003006931159  0.011116172702  0.000000000000  0.003006931159  0.010079554517  0.012119533142  0.013142769451  0.013142769451  0.013142769451  
syrmaticus_reevesii 0.024522770759  0.008052874100  0.022450985213  0.017244377290  0.003006931159  0.000000000000  0.000000000000  0.005021486471  0.000000000000  0.000000000000  0.010086476320  0.003006931159  0.000000000000  0.007039281589  0.011106504131  0.010086476320  0.010086476320  0.010086476320  
perdix_dauuricae 0.023476246760  0.007039281589  0.020366902042  0.016213521428  0.010079554517  0.007039281589  0.007039281589  0.012119533142  0.007039281589  0.007039281589  0.017244377290  0.010079554517  0.007039281589  0.000000000000  0.010086476320  0.009068602669  0.009068602669  0.009068602669  
melgal2    0.019345385223  0.003009375434  0.017288915131  0.012128695240  0.014168182703  0.011106504131  0.011106504131  0.016225577226  0.011106504131  0.011106504131  0.021389991165  0.012119533142  0.011106504131  0.010086476320  0.000000000000  0.005026115519  0.005026115519  0.005026115519  
tragopan_blythii 0.018307790232  0.002004161075  0.016254619171  0.011106504131  0.013142769451  0.010086476320  0.010086476320  0.015195782181  0.010086476320  0.010086476320  0.020350240025  0.013142769451  0.010086476320  0.009068602669  0.005026115519  0.000000000000  0.004016690648  0.004016690648  
lophophorus_impejanus 0.018307790232  0.002004161075  0.016254619171  0.011106504131  0.013142769451  0.010086476320  0.010086476320  0.015195782181  0.010086476320  0.010086476320  0.020350240025  0.013142769451  0.010086476320  0.009068602669  0.005026115519  0.004016690648  0.000000000000  0.000000000000  
alectoris_rufa 0.018307790232  0.002004161075  0.016254619171  0.011106504131  0.013142769451  0.010086476320  0.010086476320  0.015195782181  0.010086476320  0.010086476320  0.020350240025  0.013142769451  0.010086476320  0.009068602669  0.005026115519  0.004016690648  0.000000000000  0.000000000000  

