18
cyrtonyx_montezumae 0.000000000000  0.062076124911  0.068887405796  0.065442800711  0.073113846518  0.076710101983  0.072245603064  0.073330105477  0.066519584941  0.063244206307  0.067648187324  0.063244206307  0.089445213217  0.066622403503  0.070023803607  0.067700034198  0.062030721427  0.058775494271  
pavo_cristatus 0.062076124911  0.000000000000  0.028739110057  0.021381440837  0.031774417811  0.037110736442  0.029770930496  0.028691372312  0.023448073357  0.019320719334  0.023448073357  0.019320719334  0.043601064991  0.022440322606  0.025579702069  0.023465526735  0.018259707892  0.017251848129  
tragopan_blythii 0.068887405796  0.028739110057  0.000000000000  0.011113311413  0.021352549555  0.026587386303  0.017281472908  0.016233585170  0.013149566422  0.009082785656  0.013149566422  0.009082785656  0.037230161748  0.016264174362  0.019374080590  0.021436679553  0.028714438871  0.027708868719  
lophura_nycthemera 0.065442800711  0.021381440837  0.011113311413  0.000000000000  0.010069754687  0.017239397712  0.008065321615  0.007043475697  0.006025016063  0.002002769030  0.006025016063  0.002002769030  0.028691372312  0.009074212744  0.012136017930  0.014175440174  0.021366199747  0.020358405117  
lophura_inornata 0.073113846518  0.031774417811  0.021352549555  0.010069754687  0.000000000000  0.027566606061  0.018259707892  0.017219235873  0.016179603267  0.012100639261  0.016179603267  0.012100639261  0.038128643868  0.019281580468  0.022391290884  0.022378135482  0.031756030330  0.030737985857  
catreus_wallichi 0.076710101983  0.037110736442  0.026587386303  0.017239397712  0.027566606061  0.000000000000  0.015181295600  0.014147800941  0.021340493302  0.019293041499  0.023417956397  0.019293041499  0.046789858325  0.026587386303  0.029746726923  0.031839330030  0.039225230827  0.038209458500  
crossoptilon_crossoptilon 0.072245603064  0.029770930496  0.017281472908  0.008065321615  0.018259707892  0.015181295600  0.000000000000  0.005021031975  0.014164657244  0.010092712574  0.014164657244  0.010092712574  0.035057501334  0.017281472908  0.020394604778  0.022459845012  0.029746726923  0.028739110057  
lophura_swinhoii 0.073330105477  0.028691372312  0.016233585170  0.007043475697  0.017219235873  0.014147800941  0.005021031975  0.000000000000  0.013131711363  0.009067191573  0.013131711363  0.009067191573  0.036097021017  0.016233585170  0.019336930118  0.021398269818  0.028669913337  0.027660196325  
phasianus_colchicus 0.066519584941  0.023448073357  0.013149566422  0.006025016063  0.016179603267  0.021340493302  0.014164657244  0.013131711363  0.000000000000  0.004011097139  0.008044557814  0.004011097139  0.031839330030  0.011104172385  0.014175440174  0.016220644654  0.023432215569  0.022422387462  
syrmaticus_ellioti 0.063244206307  0.019320719334  0.009082785656  0.002002769030  0.012100639261  0.019293041499  0.010092712574  0.009067191573  0.004011097139  0.000000000000  0.004011097139  0.000000000000  0.027660196325  0.007049943721  0.010102344434  0.012136017930  0.019306088795  0.018300319495  
chrysolophus_pictus 0.067648187324  0.023448073357  0.013149566422  0.006025016063  0.016179603267  0.023417956397  0.014164657244  0.013131711363  0.008044557814  0.004011097139  0.000000000000  0.004011097139  0.031839330030  0.011104172385  0.014175440174  0.016220644654  0.023432215569  0.022422387462  
syrmaticus_reevesii 0.063244206307  0.019320719334  0.009082785656  0.002002769030  0.012100639261  0.019293041499  0.010092712574  0.009067191573  0.004011097139  0.000000000000  0.004011097139  0.000000000000  0.027660196325  0.007049943721  0.010102344434  0.012136017930  0.019306088795  0.018300319495  
rollulus_rouloul 0.089445213217  0.043601064991  0.037230161748  0.028691372312  0.038128643868  0.046789858325  0.035057501334  0.036097021017  0.031839330030  0.027660196325  0.031839330030  0.027660196325  0.000000000000  0.020342677662  0.023465526735  0.035057501334  0.041405257242  0.039314485048  
lophophorus_impejanus 0.066622403503  0.022440322606  0.016264174362  0.009074212744  0.019281580468  0.026587386303  0.017281472908  0.016233585170  0.011104172385  0.007049943721  0.011104172385  0.007049943721  0.020342677662  0.000000000000  0.003009123656  0.015216871053  0.022422387462  0.021416683707  
perdix_dauuricae 0.070023803607  0.025579702069  0.019374080590  0.012136017930  0.022391290884  0.029746726923  0.020394604778  0.019336930118  0.014175440174  0.010102344434  0.014175440174  0.010102344434  0.023465526735  0.003009123656  0.000000000000  0.018317010597  0.025558420311  0.024552782933  
melgal2    0.067700034198  0.023465526735  0.021436679553  0.014175440174  0.022378135482  0.031839330030  0.022459845012  0.021398269818  0.016220644654  0.012136017930  0.016220644654  0.012136017930  0.035057501334  0.015216871053  0.018317010597  0.000000000000  0.023448073357  0.022440322606  
galgal4    0.062030721427  0.018259707892  0.028714438871  0.021366199747  0.031756030330  0.039225230827  0.029746726923  0.028669913337  0.023432215569  0.019306088795  0.023432215569  0.019306088795  0.041405257242  0.022422387462  0.025558420311  0.023448073357  0.000000000000  0.014155443156  
alectoris_rufa 0.058775494271  0.017251848129  0.027708868719  0.020358405117  0.030737985857  0.038209458500  0.028739110057  0.027660196325  0.022422387462  0.018300319495  0.022422387462  0.018300319495  0.039314485048  0.021416683707  0.024552782933  0.022440322606  0.014155443156  0.000000000000  

