18
phasianus_colchicus 0.000000000000  0.010076264100  0.003007138646  0.014154647850  0.000000000000  0.016192005148  0.009060068971  0.009060068971  0.009060068971  0.009060068971  0.009060068971  0.009060068971  0.008049526892  0.009064688985  0.011101744586  0.009089016595  0.000000000000  0.000000000000  
cyrtonyx_montezumae 0.010076264100  0.000000000000  0.007036595455  0.022371770337  0.010076264100  0.026516926077  0.019274315431  0.019274315431  0.019274315431  0.019274315431  0.019274315431  0.019274315431  0.018251110102  0.019284121975  0.021357116388  0.019324255429  0.010076264100  0.010076264100  
pavo_cristatus 0.003007138646  0.007036595455  0.000000000000  0.017229512053  0.003007138646  0.019274315431  0.012108899106  0.012108899106  0.012108899106  0.012108899106  0.012108899106  0.012108899106  0.011094704298  0.012115399506  0.014163595052  0.012145437652  0.003007138646  0.003007138646  
rollulus_rouloul 0.014154647850  0.022371770337  0.017229512053  0.000000000000  0.014154647850  0.030701604131  0.023411593773  0.023411593773  0.023411593773  0.023411593773  0.023411593773  0.023411593773  0.022383545298  0.023424633038  0.025513888811  0.023474555515  0.014154647850  0.014154647850  
syrmaticus_reevesii 0.000000000000  0.010076264100  0.003007138646  0.014154647850  0.000000000000  0.016192005148  0.009060068971  0.009060068971  0.009060068971  0.009060068971  0.009060068971  0.009060068971  0.008049526892  0.009064688985  0.011101744586  0.009089016595  0.000000000000  0.000000000000  
perdix_dauuricae 0.016192005148  0.026516926077  0.019274315431  0.030701604131  0.016192005148  0.000000000000  0.007036595455  0.007036595455  0.007036595455  0.007036595455  0.007036595455  0.007036595455  0.008046109035  0.009060068971  0.011094704298  0.013120491148  0.016192005148  0.016192005148  
syrmaticus_ellioti 0.009060068971  0.019274315431  0.012108899106  0.023411593773  0.009060068971  0.007036595455  0.000000000000  0.000000000000  0.000000000000  0.000000000000  0.000000000000  0.000000000000  0.001000773958  0.002002864745  0.004013605191  0.008046109035  0.009060068971  0.009060068971  
lophura_swinhoii 0.009060068971  0.019274315431  0.012108899106  0.023411593773  0.009060068971  0.007036595455  0.000000000000  0.000000000000  0.000000000000  0.000000000000  0.000000000000  0.000000000000  0.001000773958  0.002002864745  0.004013605191  0.008046109035  0.009060068971  0.009060068971  
crossoptilon_crossoptilon 0.009060068971  0.019274315431  0.012108899106  0.023411593773  0.009060068971  0.007036595455  0.000000000000  0.000000000000  0.000000000000  0.000000000000  0.000000000000  0.000000000000  0.001000773958  0.002002864745  0.004013605191  0.008046109035  0.009060068971  0.009060068971  
catreus_wallichi 0.009060068971  0.019274315431  0.012108899106  0.023411593773  0.009060068971  0.007036595455  0.000000000000  0.000000000000  0.000000000000  0.000000000000  0.000000000000  0.000000000000  0.001000773958  0.002002864745  0.004013605191  0.008046109035  0.009060068971  0.009060068971  
chrysolophus_pictus 0.009060068971  0.019274315431  0.012108899106  0.023411593773  0.009060068971  0.007036595455  0.000000000000  0.000000000000  0.000000000000  0.000000000000  0.000000000000  0.000000000000  0.001000773958  0.002002864745  0.004013605191  0.008046109035  0.009060068971  0.009060068971  
lophura_nycthemera 0.009060068971  0.019274315431  0.012108899106  0.023411593773  0.009060068971  0.007036595455  0.000000000000  0.000000000000  0.000000000000  0.000000000000  0.000000000000  0.000000000000  0.001000773958  0.002002864745  0.004013605191  0.008046109035  0.009060068971  0.009060068971  
lophophorus_impejanus 0.008049526892  0.018251110102  0.011094704298  0.022383545298  0.008049526892  0.008046109035  0.001000773958  0.001000773958  0.001000773958  0.001000773958  0.001000773958  0.001000773958  0.000000000000  0.001001086214  0.003009804346  0.007036595455  0.008049526892  0.008049526892  
melgal2    0.009064688985  0.019284121975  0.012115399506  0.023424633038  0.009064688985  0.009060068971  0.002002864745  0.002002864745  0.002002864745  0.002002864745  0.002002864745  0.002002864745  0.001001086214  0.000000000000  0.002004351161  0.008049526892  0.009064688985  0.009064688985  
lophura_inornata 0.011101744586  0.021357116388  0.014163595052  0.025513888811  0.011101744586  0.011094704298  0.004013605191  0.004013605191  0.004013605191  0.004013605191  0.004013605191  0.004013605191  0.003009804346  0.002004351161  0.000000000000  0.010082091579  0.011101744586  0.011101744586  
tragopan_blythii 0.009089016595  0.019324255429  0.012145437652  0.023474555515  0.009089016595  0.013120491148  0.008046109035  0.008046109035  0.008046109035  0.008046109035  0.008046109035  0.008046109035  0.007036595455  0.008049526892  0.010082091579  0.000000000000  0.009089016595  0.009089016595  
galgal4    0.000000000000  0.010076264100  0.003007138646  0.014154647850  0.000000000000  0.016192005148  0.009060068971  0.009060068971  0.009060068971  0.009060068971  0.009060068971  0.009060068971  0.008049526892  0.009064688985  0.011101744586  0.009089016595  0.000000000000  0.000000000000  
alectoris_rufa 0.000000000000  0.010076264100  0.003007138646  0.014154647850  0.000000000000  0.016192005148  0.009060068971  0.009060068971  0.009060068971  0.009060068971  0.009060068971  0.009060068971  0.008049526892  0.009064688985  0.011101744586  0.009089016595  0.000000000000  0.000000000000  

