18
cyrtonyx_montezumae 0.000000000000  0.031930217669  0.018297027016  0.017262137294  0.017262137294  0.017262137294  0.017262137294  0.017262137294  0.017262137294  0.023465508301  0.022439641850  0.017262137294  0.017262137294  0.021415378718  0.022439641850  0.022439641850  0.024532231017  0.031823864208  
rollulus_rouloul 0.031930217669  0.000000000000  0.019371640383  0.018332063085  0.018332063085  0.018332063085  0.018332063085  0.018332063085  0.018332063085  0.024554466598  0.023528523401  0.018332063085  0.018332063085  0.023552995445  0.023528523401  0.023528523401  0.025630695982  0.032937351129  
lophura_swinhoii 0.018297027016  0.019371640383  0.000000000000  0.001001060675  0.001001060675  0.001001060675  0.001001060675  0.001001060675  0.001001060675  0.007039878764  0.006032493917  0.001001060675  0.001001060675  0.006038456579  0.006032493917  0.006032493917  0.008060296354  0.016206130362  
lophura_inornata 0.017262137294  0.018332063085  0.001001060675  0.000000000000  0.000000000000  0.000000000000  0.000000000000  0.000000000000  0.000000000000  0.006028213313  0.005021849861  0.000000000000  0.000000000000  0.005026667899  0.005021849861  0.005021849861  0.007045306307  0.015178129662  
tragopan_blythii 0.017262137294  0.018332063085  0.001001060675  0.000000000000  0.000000000000  0.000000000000  0.000000000000  0.000000000000  0.000000000000  0.006028213313  0.005021849861  0.000000000000  0.000000000000  0.005026667899  0.005021849861  0.005021849861  0.007045306307  0.015178129662  
catreus_wallichi 0.017262137294  0.018332063085  0.001001060675  0.000000000000  0.000000000000  0.000000000000  0.000000000000  0.000000000000  0.000000000000  0.006028213313  0.005021849861  0.000000000000  0.000000000000  0.005026667899  0.005021849861  0.005021849861  0.007045306307  0.015178129662  
melgal2    0.017262137294  0.018332063085  0.001001060675  0.000000000000  0.000000000000  0.000000000000  0.000000000000  0.000000000000  0.000000000000  0.006028213313  0.005021849861  0.000000000000  0.000000000000  0.005026667899  0.005021849861  0.005021849861  0.007045306307  0.015178129662  
lophura_nycthemera 0.017262137294  0.018332063085  0.001001060675  0.000000000000  0.000000000000  0.000000000000  0.000000000000  0.000000000000  0.000000000000  0.006028213313  0.005021849861  0.000000000000  0.000000000000  0.005026667899  0.005021849861  0.005021849861  0.007045306307  0.015178129662  
chrysolophus_pictus 0.017262137294  0.018332063085  0.001001060675  0.000000000000  0.000000000000  0.000000000000  0.000000000000  0.000000000000  0.000000000000  0.006028213313  0.005021849861  0.000000000000  0.000000000000  0.005026667899  0.005021849861  0.005021849861  0.007045306307  0.015178129662  
galgal4    0.023465508301  0.024554466598  0.007039878764  0.006028213313  0.006028213313  0.006028213313  0.006028213313  0.006028213313  0.006028213313  0.000000000000  0.011099994880  0.006028213313  0.006028213313  0.011108361622  0.011099994880  0.011099994880  0.013145117786  0.021351528174  
crossoptilon_crossoptilon 0.022439641850  0.023528523401  0.006032493917  0.005021849861  0.005021849861  0.005021849861  0.005021849861  0.005021849861  0.005021849861  0.011099994880  0.000000000000  0.005021849861  0.005021849861  0.010096847017  0.010087948923  0.010087948923  0.012130984820  0.020326777864  
pavo_cristatus 0.017262137294  0.018332063085  0.001001060675  0.000000000000  0.000000000000  0.000000000000  0.000000000000  0.000000000000  0.000000000000  0.006028213313  0.005021849861  0.000000000000  0.000000000000  0.005026667899  0.005021849861  0.005021849861  0.007045306307  0.015178129662  
phasianus_colchicus 0.017262137294  0.018332063085  0.001001060675  0.000000000000  0.000000000000  0.000000000000  0.000000000000  0.000000000000  0.000000000000  0.006028213313  0.005021849861  0.000000000000  0.000000000000  0.005026667899  0.005021849861  0.005021849861  0.007045306307  0.015178129662  
perdix_dauuricae 0.021415378718  0.023552995445  0.006038456579  0.005026667899  0.005026667899  0.005026667899  0.005026667899  0.005026667899  0.005026667899  0.011108361622  0.010096847017  0.005026667899  0.005026667899  0.000000000000  0.010096847017  0.010096847017  0.012142221718  0.020340666947  
lophophorus_impejanus 0.022439641850  0.023528523401  0.006032493917  0.005021849861  0.005021849861  0.005021849861  0.005021849861  0.005021849861  0.005021849861  0.011099994880  0.010087948923  0.005021849861  0.005021849861  0.010096847017  0.000000000000  0.000000000000  0.002004248713  0.014160830913  
syrmaticus_reevesii 0.022439641850  0.023528523401  0.006032493917  0.005021849861  0.005021849861  0.005021849861  0.005021849861  0.005021849861  0.005021849861  0.011099994880  0.010087948923  0.005021849861  0.005021849861  0.010096847017  0.000000000000  0.000000000000  0.002004248713  0.014160830913  
syrmaticus_ellioti 0.024532231017  0.025630695982  0.008060296354  0.007045306307  0.007045306307  0.007045306307  0.007045306307  0.007045306307  0.007045306307  0.013145117786  0.012130984820  0.007045306307  0.007045306307  0.012142221718  0.002004248713  0.002004248713  0.000000000000  0.016216961983  
alectoris_rufa 0.031823864208  0.032937351129  0.016206130362  0.015178129662  0.015178129662  0.015178129662  0.015178129662  0.015178129662  0.015178129662  0.021351528174  0.020326777864  0.015178129662  0.015178129662  0.020340666947  0.014160830913  0.014160830913  0.016216961983  0.000000000000  

