18
melgal2    0.000000000000  0.009073980143  0.006031130285  0.010092417675  0.007038456852  0.007038456852  0.005025322066  0.004016184232  0.007049765942  0.007049765942  0.009067007354  0.009067007354  0.009067007354  0.013139474025  0.009067007354  0.007049765942  0.010084396116  0.005020973079  
galgal4    0.009073980143  0.000000000000  0.005018152802  0.011103871904  0.008047306860  0.008047306860  0.006031130285  0.005020973079  0.008057625393  0.008057625393  0.010077916929  0.010077916929  0.010077916929  0.014155043872  0.010077916929  0.008057625393  0.011096341808  0.010084396116  
rollulus_rouloul 0.006031130285  0.005018152802  0.000000000000  0.008051697092  0.005016864238  0.005016864238  0.003006797629  0.002002762842  0.005020973079  0.005020973079  0.007035104719  0.007035104719  0.007035104719  0.011090359248  0.007035104719  0.005020973079  0.008047306860  0.007038456852  
perdix_dauuricae 0.010092417675  0.011103871904  0.008051697092  0.000000000000  0.007043344924  0.007043344924  0.007043344924  0.006031130285  0.009073980143  0.009073980143  0.011096341808  0.011096341808  0.011096341808  0.015180819596  0.011096341808  0.009073980143  0.012116857971  0.011103871904  
cyrtonyx_montezumae 0.007038456852  0.008047306860  0.005016864238  0.007043344924  0.000000000000  0.004011072296  0.004011072296  0.003006028427  0.006027278213  0.006027278213  0.008044457709  0.008044457709  0.008044457709  0.012104339470  0.008044457709  0.006027278213  0.009057685425  0.008047306860  
tragopan_blythii 0.007038456852  0.008047306860  0.005016864238  0.007043344924  0.004011072296  0.000000000000  0.004011072296  0.003006028427  0.006027278213  0.006027278213  0.008044457709  0.008044457709  0.008044457709  0.012104339470  0.008044457709  0.006027278213  0.009057685425  0.008047306860  
pavo_cristatus 0.005025322066  0.006031130285  0.003006797629  0.007043344924  0.004011072296  0.004011072296  0.000000000000  0.001001007435  0.004016184232  0.004016184232  0.006027278213  0.006027278213  0.006027278213  0.010077916929  0.006027278213  0.004016184232  0.007038456852  0.006031130285  
syrmaticus_reevesii 0.004016184232  0.005020973079  0.002002762842  0.006031130285  0.003006028427  0.003006028427  0.001001007435  0.000000000000  0.003009091355  0.003009091355  0.005018152802  0.005018152802  0.005018152802  0.009061574780  0.005018152802  0.003009091355  0.006027278213  0.005020973079  
phasianus_colchicus 0.007049765942  0.008057625393  0.005020973079  0.009073980143  0.006027278213  0.006027278213  0.004016184232  0.003009091355  0.000000000000  0.000000000000  0.002003012972  0.002003012972  0.002003012972  0.006024959961  0.002003012972  0.000000000000  0.009067007354  0.008057625393  
syrmaticus_ellioti 0.007049765942  0.008057625393  0.005020973079  0.009073980143  0.006027278213  0.006027278213  0.004016184232  0.003009091355  0.000000000000  0.000000000000  0.002003012972  0.002003012972  0.002003012972  0.006024959961  0.002003012972  0.000000000000  0.009067007354  0.008057625393  
lophura_swinhoii 0.009067007354  0.010077916929  0.007035104719  0.011096341808  0.008044457709  0.008044457709  0.006027278213  0.005018152802  0.002003012972  0.002003012972  0.000000000000  0.000000000000  0.000000000000  0.004012864959  0.000000000000  0.002003012972  0.011090359248  0.010077916929  
crossoptilon_crossoptilon 0.009067007354  0.010077916929  0.007035104719  0.011096341808  0.008044457709  0.008044457709  0.006027278213  0.005018152802  0.002003012972  0.002003012972  0.000000000000  0.000000000000  0.000000000000  0.004012864959  0.000000000000  0.002003012972  0.011090359248  0.010077916929  
lophura_nycthemera 0.009067007354  0.010077916929  0.007035104719  0.011096341808  0.008044457709  0.008044457709  0.006027278213  0.005018152802  0.002003012972  0.002003012972  0.000000000000  0.000000000000  0.000000000000  0.004012864959  0.000000000000  0.002003012972  0.011090359248  0.010077916929  
catreus_wallichi 0.013139474025  0.014155043872  0.011090359248  0.015180819596  0.012104339470  0.012104339470  0.010077916929  0.009061574780  0.006024959961  0.006024959961  0.004012864959  0.004012864959  0.004012864959  0.000000000000  0.004012864959  0.006024959961  0.015172158020  0.014155043872  
lophura_inornata 0.009067007354  0.010077916929  0.007035104719  0.011096341808  0.008044457709  0.008044457709  0.006027278213  0.005018152802  0.002003012972  0.002003012972  0.000000000000  0.000000000000  0.000000000000  0.004012864959  0.000000000000  0.002003012972  0.011090359248  0.010077916929  
chrysolophus_pictus 0.007049765942  0.008057625393  0.005020973079  0.009073980143  0.006027278213  0.006027278213  0.004016184232  0.003009091355  0.000000000000  0.000000000000  0.002003012972  0.002003012972  0.002003012972  0.006024959961  0.002003012972  0.000000000000  0.009067007354  0.008057625393  
lophophorus_impejanus 0.010084396116  0.011096341808  0.008047306860  0.012116857971  0.009057685425  0.009057685425  0.007038456852  0.006027278213  0.009067007354  0.009067007354  0.011090359248  0.011090359248  0.011090359248  0.015172158020  0.011090359248  0.009067007354  0.000000000000  0.011096341808  
alectoris_rufa 0.005020973079  0.010084396116  0.007038456852  0.011103871904  0.008047306860  0.008047306860  0.006031130285  0.005020973079  0.008057625393  0.008057625393  0.010077916929  0.010077916929  0.010077916929  0.014155043872  0.010077916929  0.008057625393  0.011096341808  0.000000000000  

