18
cyrtonyx_montezumae 0.000000000000  0.042551030164  0.030855399297  0.050105182683  0.036188603686  0.035056186510  0.031917463201  0.031917463201  0.038269860168  0.039416266103  0.037262159496  0.031917463201  0.031917463201  0.035117366110  0.063450185908  0.042625414441  0.039345727771  0.034048436777  
pavo_cristatus 0.042551030164  0.000000000000  0.023483944311  0.043564932329  0.029795604314  0.027637598239  0.024530326776  0.024530326776  0.028690628454  0.033989571708  0.031863197462  0.024530326776  0.024530326776  0.027682782476  0.056732811731  0.035085965904  0.030803418484  0.022439764330  
crossoptilon_crossoptilon 0.030855399297  0.023483944311  0.000000000000  0.019292870886  0.006036579577  0.004011110576  0.001001009255  0.001001009255  0.007038538795  0.010084555933  0.008051801150  0.001001009255  0.001001009255  0.008065207466  0.039345727771  0.018316507077  0.013149391681  0.005025368052  
perdix_dauuricae 0.050105182683  0.043564932329  0.019292870886  0.000000000000  0.017228438696  0.021340452611  0.018259580907  0.018259580907  0.024459777445  0.024459777445  0.023417821638  0.018259580907  0.018259580907  0.027637598239  0.055531696591  0.038238214066  0.032875160091  0.024491853100  
melgal2    0.036188603686  0.029795604314  0.006036579577  0.017228438696  0.000000000000  0.008051801150  0.005025368052  0.005025368052  0.011104065428  0.014175225825  0.012125674455  0.005025368052  0.005025368052  0.014201345195  0.043672683766  0.024575174099  0.019336459288  0.011123788999  
lophura_inornata 0.035056186510  0.027637598239  0.004011110576  0.021340452611  0.008051801150  0.000000000000  0.003006059613  0.003006059613  0.009057859521  0.012110079545  0.010073181041  0.003006059613  0.003006059613  0.012125674455  0.043599200151  0.022439764330  0.017239219144  0.009067137360  
syrmaticus_reevesii 0.031917463201  0.024530326776  0.001001009255  0.018259580907  0.005025368052  0.003006059613  0.000000000000  0.000000000000  0.006027341841  0.009067137360  0.007038538795  0.000000000000  0.000000000000  0.009082640791  0.040423933712  0.019354150235  0.014175225825  0.006036579577  
lophura_nycthemera 0.031917463201  0.024530326776  0.001001009255  0.018259580907  0.005025368052  0.003006059613  0.000000000000  0.000000000000  0.006027341841  0.009067137360  0.007038538795  0.000000000000  0.000000000000  0.009082640791  0.040423933712  0.019354150235  0.014175225825  0.006036579577  
phasianus_colchicus 0.038269860168  0.028690628454  0.007038538795  0.024459777445  0.011104065428  0.009057859521  0.006027341841  0.006027341841  0.000000000000  0.015181195137  0.013131673699  0.006027341841  0.006027341841  0.015203185659  0.045850397372  0.025578921035  0.020342352676  0.012125674455  
syrmaticus_ellioti 0.039416266103  0.033989571708  0.010084555933  0.024459777445  0.014175225825  0.012110079545  0.009067137360  0.009067137360  0.015181195137  0.000000000000  0.008051801150  0.009067137360  0.009067137360  0.018299907860  0.050146694876  0.028738068578  0.023465019442  0.015203185659  
chrysolophus_pictus 0.037262159496  0.031863197462  0.008051801150  0.023417821638  0.012125674455  0.010073181041  0.007038538795  0.007038538795  0.013131673699  0.008051801150  0.000000000000  0.007038538795  0.007038538795  0.016233280012  0.047954580761  0.026629736459  0.021381059115  0.013149391681  
lophura_swinhoii 0.031917463201  0.024530326776  0.001001009255  0.018259580907  0.005025368052  0.003006059613  0.000000000000  0.000000000000  0.006027341841  0.009067137360  0.007038538795  0.000000000000  0.000000000000  0.009082640791  0.040423933712  0.019354150235  0.014175225825  0.006036579577  
catreus_wallichi 0.031917463201  0.024530326776  0.001001009255  0.018259580907  0.005025368052  0.003006059613  0.000000000000  0.000000000000  0.006027341841  0.009067137360  0.007038538795  0.000000000000  0.000000000000  0.009082640791  0.040423933712  0.019354150235  0.014175225825  0.006036579577  
galgal4    0.035117366110  0.027682782476  0.008065207466  0.027637598239  0.014201345195  0.012125674455  0.009082640791  0.009082640791  0.015203185659  0.018299907860  0.016233280012  0.009082640791  0.009082640791  0.000000000000  0.041504488179  0.020393968357  0.013149391681  0.005025368052  
rollulus_rouloul 0.063450185908  0.056732811731  0.039345727771  0.055531696591  0.043672683766  0.043599200151  0.040423933712  0.040423933712  0.045850397372  0.050146694876  0.047954580761  0.040423933712  0.040423933712  0.041504488179  0.000000000000  0.020342352676  0.038269860168  0.038269860168  
lophophorus_impejanus 0.042625414441  0.035085965904  0.018316507077  0.038238214066  0.024575174099  0.022439764330  0.019354150235  0.019354150235  0.025578921035  0.028738068578  0.026629736459  0.019354150235  0.019354150235  0.020393968357  0.020342352676  0.000000000000  0.017281029803  0.017281029803  
tragopan_blythii 0.039345727771  0.030803418484  0.013149391681  0.032875160091  0.019336459288  0.017239219144  0.014175225825  0.014175225825  0.020342352676  0.023465019442  0.021381059115  0.014175225825  0.014175225825  0.013149391681  0.038269860168  0.017281029803  0.000000000000  0.010084555933  
alectoris_rufa 0.034048436777  0.022439764330  0.005025368052  0.024491853100  0.011123788999  0.009067137360  0.006036579577  0.006036579577  0.012125674455  0.015203185659  0.013149391681  0.006036579577  0.006036579577  0.005025368052  0.038269860168  0.017281029803  0.010084555933  0.000000000000  

