18
pavo_cristatus 0.000000000000  0.009087966180  0.013157502197  0.022510256374  0.016280876542  0.016280876542  0.016280876542  0.027781157350  0.016280876542  0.016280876542  0.016280876542  0.016280876542  0.016280876542  0.016280876542  0.019397837055  0.029813641944  0.025638102417  0.009087966180  
galgal4    0.009087966180  0.000000000000  0.004011441881  0.013170188702  0.007053060001  0.007053060001  0.007053060001  0.018336007393  0.007053060001  0.007053060001  0.007053060001  0.007053060001  0.007053060001  0.007053060001  0.010108758248  0.020359967988  0.016246483004  0.000000000000  
cyrtonyx_montezumae 0.013157502197  0.004011441881  0.000000000000  0.017264903231  0.011109488874  0.011109488874  0.011109488874  0.022464513199  0.011109488874  0.011109488874  0.011109488874  0.011109488874  0.011109488874  0.011109488874  0.014184891053  0.024497818673  0.020359967988  0.004011441881  
rollulus_rouloul 0.022510256374  0.013170188702  0.017264903231  0.000000000000  0.010097939313  0.010097939313  0.010097939313  0.021440685673  0.010097939313  0.010097939313  0.010097939313  0.010097939313  0.010097939313  0.010097939313  0.013170188702  0.023470243751  0.019337796553  0.013170188702  
tragopan_blythii 0.016280876542  0.007053060001  0.011109488874  0.010097939313  0.000000000000  0.000000000000  0.000000000000  0.011119775560  0.000000000000  0.000000000000  0.000000000000  0.000000000000  0.000000000000  0.000000000000  0.003009689654  0.013137339131  0.009070429032  0.007053060001  
crossoptilon_crossoptilon 0.016280876542  0.007053060001  0.011109488874  0.010097939313  0.000000000000  0.000000000000  0.000000000000  0.011119775560  0.000000000000  0.000000000000  0.000000000000  0.000000000000  0.000000000000  0.000000000000  0.003009689654  0.013137339131  0.009070429032  0.007053060001  
catreus_wallichi 0.016280876542  0.007053060001  0.011109488874  0.010097939313  0.000000000000  0.000000000000  0.000000000000  0.011119775560  0.000000000000  0.000000000000  0.000000000000  0.000000000000  0.000000000000  0.000000000000  0.003009689654  0.013137339131  0.009070429032  0.007053060001  
melgal2    0.027781157350  0.018336007393  0.022464513199  0.021440685673  0.011119775560  0.011119775560  0.011119775560  0.000000000000  0.011119775560  0.011119775560  0.011119775560  0.011119775560  0.011119775560  0.011119775560  0.014198785410  0.024517002454  0.020377708208  0.018336007393  
chrysolophus_pictus 0.016280876542  0.007053060001  0.011109488874  0.010097939313  0.000000000000  0.000000000000  0.000000000000  0.011119775560  0.000000000000  0.000000000000  0.000000000000  0.000000000000  0.000000000000  0.000000000000  0.003009689654  0.013137339131  0.009070429032  0.007053060001  
phasianus_colchicus 0.016280876542  0.007053060001  0.011109488874  0.010097939313  0.000000000000  0.000000000000  0.000000000000  0.011119775560  0.000000000000  0.000000000000  0.000000000000  0.000000000000  0.000000000000  0.000000000000  0.003009689654  0.013137339131  0.009070429032  0.007053060001  
lophophorus_impejanus 0.016280876542  0.007053060001  0.011109488874  0.010097939313  0.000000000000  0.000000000000  0.000000000000  0.011119775560  0.000000000000  0.000000000000  0.000000000000  0.000000000000  0.000000000000  0.000000000000  0.003009689654  0.013137339131  0.009070429032  0.007053060001  
lophura_swinhoii 0.016280876542  0.007053060001  0.011109488874  0.010097939313  0.000000000000  0.000000000000  0.000000000000  0.011119775560  0.000000000000  0.000000000000  0.000000000000  0.000000000000  0.000000000000  0.000000000000  0.003009689654  0.013137339131  0.009070429032  0.007053060001  
perdix_dauuricae 0.016280876542  0.007053060001  0.011109488874  0.010097939313  0.000000000000  0.000000000000  0.000000000000  0.011119775560  0.000000000000  0.000000000000  0.000000000000  0.000000000000  0.000000000000  0.000000000000  0.003009689654  0.013137339131  0.009070429032  0.007053060001  
lophura_nycthemera 0.016280876542  0.007053060001  0.011109488874  0.010097939313  0.000000000000  0.000000000000  0.000000000000  0.011119775560  0.000000000000  0.000000000000  0.000000000000  0.000000000000  0.000000000000  0.000000000000  0.003009689654  0.013137339131  0.009070429032  0.007053060001  
lophura_inornata 0.019397837055  0.010108758248  0.014184891053  0.013170188702  0.003009689654  0.003009689654  0.003009689654  0.014198785410  0.003009689654  0.003009689654  0.003009689654  0.003009689654  0.003009689654  0.003009689654  0.000000000000  0.016219066341  0.012132371439  0.010108758248  
syrmaticus_ellioti 0.029813641944  0.020359967988  0.024497818673  0.023470243751  0.013137339131  0.013137339131  0.013137339131  0.024517002454  0.013137339131  0.013137339131  0.013137339131  0.013137339131  0.013137339131  0.013137339131  0.016219066341  0.000000000000  0.010075840172  0.020359967988  
syrmaticus_reevesii 0.025638102417  0.016246483004  0.020359967988  0.019337796553  0.009070429032  0.009070429032  0.009070429032  0.020377708208  0.009070429032  0.009070429032  0.009070429032  0.009070429032  0.009070429032  0.009070429032  0.012132371439  0.010075840172  0.000000000000  0.016246483004  
alectoris_rufa 0.009087966180  0.000000000000  0.004011441881  0.013170188702  0.007053060001  0.007053060001  0.007053060001  0.018336007393  0.007053060001  0.007053060001  0.007053060001  0.007053060001  0.007053060001  0.007053060001  0.010108758248  0.020359967988  0.016246483004  0.000000000000  

