18
lophophorus_impejanus 0.000000000000  0.008044010120  0.002002791762  0.003006864432  0.005017059588  0.004010961882  0.001000767191  0.004011188386  0.001000767191  0.001000767191  0.001001019219  0.000000000000  0.000000000000  0.002002791762  0.004011188386  0.012101472215  0.014142840327  0.000000000000  
melgal2    0.008044010120  0.000000000000  0.010068377861  0.011082721992  0.013115802549  0.012099391698  0.009056123904  0.012098470336  0.009056123904  0.009056123904  0.009055238104  0.008044010120  0.008044010120  0.010068377861  0.012098470336  0.020276757040  0.022339357037  0.008044010120  
lophura_inornata 0.002002791762  0.010068377861  0.000000000000  0.003009197986  0.005018333194  0.004011188386  0.001001019219  0.004012993593  0.001001019219  0.001001019219  0.003006864432  0.002002791762  0.002002791762  0.004011188386  0.006025222095  0.014138382198  0.016186099896  0.002002791762  
tragopan_blythii 0.003006864432  0.011082721992  0.003009197986  0.000000000000  0.006027547108  0.005018333194  0.002004082426  0.005021187685  0.002004082426  0.002004082426  0.004012993593  0.003006864432  0.003006864432  0.005018333194  0.007035457897  0.015161174064  0.017213168617  0.003006864432  
chrysolophus_pictus 0.005017059588  0.013115802549  0.005018333194  0.006027547108  0.000000000000  0.007033665632  0.004011188386  0.007035457897  0.004011188386  0.004011188386  0.006025222095  0.005017059588  0.005017059588  0.007033665632  0.009055954968  0.017202607744  0.019258831360  0.005017059588  
syrmaticus_reevesii 0.004010961882  0.012099391698  0.004011188386  0.005018333194  0.007033665632  0.000000000000  0.003006104218  0.006025222095  0.003006104218  0.003006104218  0.005017059588  0.004010961882  0.004010961882  0.006024483366  0.008043669170  0.016177714553  0.018229643686  0.004010961882  
catreus_wallichi 0.001000767191  0.009056123904  0.001001019219  0.002004082426  0.004011188386  0.003006104218  0.000000000000  0.003006864432  0.000000000000  0.000000000000  0.002002791762  0.001000767191  0.001000767191  0.003006104218  0.005017059588  0.013117715430  0.015161174064  0.001000767191  
lophura_nycthemera 0.004011188386  0.012098470336  0.004012993593  0.005021187685  0.007035457897  0.006025222095  0.003006864432  0.000000000000  0.003006864432  0.003006864432  0.005018333194  0.004011188386  0.004011188386  0.006025222095  0.008044925393  0.016181094697  0.018235201604  0.004011188386  
crossoptilon_crossoptilon 0.001000767191  0.009056123904  0.001001019219  0.002004082426  0.004011188386  0.003006104218  0.000000000000  0.003006864432  0.000000000000  0.000000000000  0.002002791762  0.001000767191  0.001000767191  0.003006104218  0.005017059588  0.013117715430  0.015161174064  0.001000767191  
phasianus_colchicus 0.001000767191  0.009056123904  0.001001019219  0.002004082426  0.004011188386  0.003006104218  0.000000000000  0.003006864432  0.000000000000  0.000000000000  0.002002791762  0.001000767191  0.001000767191  0.003006104218  0.005017059588  0.013117715430  0.015161174064  0.001000767191  
pavo_cristatus 0.001001019219  0.009055238104  0.003006864432  0.004012993593  0.006025222095  0.005017059588  0.002002791762  0.005018333194  0.002002791762  0.002002791762  0.000000000000  0.001001019219  0.001001019219  0.003006864432  0.005018333194  0.013121095895  0.015166714351  0.001001019219  
lophura_swinhoii 0.000000000000  0.008044010120  0.002002791762  0.003006864432  0.005017059588  0.004010961882  0.001000767191  0.004011188386  0.001000767191  0.001000767191  0.001001019219  0.000000000000  0.000000000000  0.002002791762  0.004011188386  0.012101472215  0.014142840327  0.000000000000  
syrmaticus_ellioti 0.000000000000  0.008044010120  0.002002791762  0.003006864432  0.005017059588  0.004010961882  0.001000767191  0.004011188386  0.001000767191  0.001000767191  0.001001019219  0.000000000000  0.000000000000  0.002002791762  0.004011188386  0.012101472215  0.014142840327  0.000000000000  
galgal4    0.002002791762  0.010068377861  0.004011188386  0.005018333194  0.007033665632  0.006024483366  0.003006104218  0.006025222095  0.003006104218  0.003006104218  0.003006864432  0.002002791762  0.002002791762  0.000000000000  0.002002791762  0.010070331072  0.012105388854  0.002002791762  
rollulus_rouloul 0.004011188386  0.012098470336  0.006025222095  0.007035457897  0.009055954968  0.008043669170  0.005017059588  0.008044925393  0.005017059588  0.005017059588  0.005018333194  0.004011188386  0.004011188386  0.002002791762  0.000000000000  0.010073711738  0.012110911612  0.004011188386  
perdix_dauuricae 0.012101472215  0.020276757040  0.014138382198  0.015161174064  0.017202607744  0.016177714553  0.013117715430  0.016181094697  0.013117715430  0.013117715430  0.013121095895  0.012101472215  0.012101472215  0.010070331072  0.010073711738  0.000000000000  0.008044925393  0.012101472215  
cyrtonyx_montezumae 0.014142840327  0.022339357037  0.016186099896  0.017213168617  0.019258831360  0.018229643686  0.015161174064  0.018235201604  0.015161174064  0.015161174064  0.015166714351  0.014142840327  0.014142840327  0.012105388854  0.012110911612  0.008044925393  0.000000000000  0.014142840327  
alectoris_rufa 0.000000000000  0.008044010120  0.002002791762  0.003006864432  0.005017059588  0.004010961882  0.001000767191  0.004011188386  0.001000767191  0.001000767191  0.001001019219  0.000000000000  0.000000000000  0.002002791762  0.004011188386  0.012101472215  0.014142840327  0.000000000000  

