18
galgal4    0.000000000000  0.004011150747  0.000000000000  0.000000000000  0.008044774133  0.013141109128  0.013141109128  0.013141109128  0.017241538883  0.017254324581  0.017254324581  0.017254324581  0.010073615151  0.006027544394  0.006027544394  0.013125960553  0.000000000000  0.000000000000  
rollulus_rouloul 0.004011150747  0.000000000000  0.004011150747  0.004011150747  0.012101130290  0.017230361308  0.017230361308  0.017230361308  0.021355443446  0.021369477691  0.021369477691  0.021369477691  0.014142573311  0.010073615151  0.010073615151  0.016185718626  0.004011150747  0.004011150747  
chrysolophus_pictus 0.000000000000  0.004011150747  0.000000000000  0.000000000000  0.008044774133  0.013141109128  0.013141109128  0.013141109128  0.017241538883  0.017254324581  0.017254324581  0.017254324581  0.010073615151  0.006027544394  0.006027544394  0.013125960553  0.000000000000  0.000000000000  
crossoptilon_crossoptilon 0.000000000000  0.004011150747  0.000000000000  0.000000000000  0.008044774133  0.013141109128  0.013141109128  0.013141109128  0.017241538883  0.017254324581  0.017254324581  0.017254324581  0.010073615151  0.006027544394  0.006027544394  0.013125960553  0.000000000000  0.000000000000  
tragopan_blythii 0.008044774133  0.012101130290  0.008044774133  0.008044774133  0.000000000000  0.009062177986  0.009062177986  0.009062177986  0.013132735506  0.013141109128  0.013141109128  0.013141109128  0.008044774133  0.002003031386  0.002003031386  0.009055697933  0.008044774133  0.008044774133  
syrmaticus_reevesii 0.013141109128  0.017230361308  0.013141109128  0.013141109128  0.009062177986  0.000000000000  0.000000000000  0.000000000000  0.004013009435  0.004016437271  0.004016437271  0.004016437271  0.005021228081  0.007043918397  0.007043918397  0.014156706677  0.013141109128  0.013141109128  
perdix_dauuricae 0.013141109128  0.017230361308  0.013141109128  0.013141109128  0.009062177986  0.000000000000  0.000000000000  0.000000000000  0.004013009435  0.004016437271  0.004016437271  0.004016437271  0.005021228081  0.007043918397  0.007043918397  0.014156706677  0.013141109128  0.013141109128  
phasianus_colchicus 0.013141109128  0.017230361308  0.013141109128  0.013141109128  0.009062177986  0.000000000000  0.000000000000  0.000000000000  0.004013009435  0.004016437271  0.004016437271  0.004016437271  0.005021228081  0.007043918397  0.007043918397  0.014156706677  0.013141109128  0.013141109128  
lophura_nycthemera 0.017241538883  0.021355443446  0.017241538883  0.017241538883  0.013132735506  0.004013009435  0.004013009435  0.004013009435  0.000000000000  0.004013009435  0.004013009435  0.004013009435  0.009067799160  0.011105179945  0.011105179945  0.018261862935  0.017241538883  0.017241538883  
syrmaticus_ellioti 0.017254324581  0.021369477691  0.017254324581  0.017254324581  0.013141109128  0.004016437271  0.004016437271  0.004016437271  0.004013009435  0.000000000000  0.000000000000  0.000000000000  0.009075003762  0.011114554154  0.011114554154  0.018274152783  0.017254324581  0.017254324581  
catreus_wallichi 0.017254324581  0.021369477691  0.017254324581  0.017254324581  0.013141109128  0.004016437271  0.004016437271  0.004016437271  0.004013009435  0.000000000000  0.000000000000  0.000000000000  0.009075003762  0.011114554154  0.011114554154  0.018274152783  0.017254324581  0.017254324581  
lophura_inornata 0.017254324581  0.021369477691  0.017254324581  0.017254324581  0.013141109128  0.004016437271  0.004016437271  0.004016437271  0.004013009435  0.000000000000  0.000000000000  0.000000000000  0.009075003762  0.011114554154  0.011114554154  0.018274152783  0.017254324581  0.017254324581  
cyrtonyx_montezumae 0.010073615151  0.014142573311  0.010073615151  0.010073615151  0.008044774133  0.005021228081  0.005021228081  0.005021228081  0.009067799160  0.009075003762  0.009075003762  0.009075003762  0.000000000000  0.006027544394  0.006027544394  0.013125960553  0.010073615151  0.010073615151  
lophophorus_impejanus 0.006027544394  0.010073615151  0.006027544394  0.006027544394  0.002003031386  0.007043918397  0.007043918397  0.007043918397  0.011105179945  0.011114554154  0.011114554154  0.011114554154  0.006027544394  0.000000000000  0.000000000000  0.007035391354  0.006027544394  0.006027544394  
melgal2    0.006027544394  0.010073615151  0.006027544394  0.006027544394  0.002003031386  0.007043918397  0.007043918397  0.007043918397  0.011105179945  0.011114554154  0.011114554154  0.011114554154  0.006027544394  0.000000000000  0.000000000000  0.007035391354  0.006027544394  0.006027544394  
pavo_cristatus 0.013125960553  0.016185718626  0.013125960553  0.013125960553  0.009055697933  0.014156706677  0.014156706677  0.014156706677  0.018261862935  0.018274152783  0.018274152783  0.018274152783  0.013125960553  0.007035391354  0.007035391354  0.000000000000  0.013125960553  0.013125960553  
lophura_swinhoii 0.000000000000  0.004011150747  0.000000000000  0.000000000000  0.008044774133  0.013141109128  0.013141109128  0.013141109128  0.017241538883  0.017254324581  0.017254324581  0.017254324581  0.010073615151  0.006027544394  0.006027544394  0.013125960553  0.000000000000  0.000000000000  
alectoris_rufa 0.000000000000  0.004011150747  0.000000000000  0.000000000000  0.008044774133  0.013141109128  0.013141109128  0.013141109128  0.017241538883  0.017254324581  0.017254324581  0.017254324581  0.010073615151  0.006027544394  0.006027544394  0.013125960553  0.000000000000  0.000000000000  

