18
lophura_nycthemera 0.000000000000  0.000000000000  0.004016610449  0.004016610449  0.001001033856  0.000000000000  0.000000000000  0.000000000000  0.000000000000  0.013152443928  0.021388486746  0.012119116220  0.020348909375  0.004013110871  0.000000000000  0.003009330447  0.010094616142  0.000000000000  
perdix_dauuricae 0.000000000000  0.000000000000  0.004016610449  0.004016610449  0.001001033856  0.000000000000  0.000000000000  0.000000000000  0.000000000000  0.013152443928  0.021388486746  0.012119116220  0.020348909375  0.004013110871  0.000000000000  0.003009330447  0.010094616142  0.000000000000  
syrmaticus_reevesii 0.004016610449  0.004016610449  0.000000000000  0.000000000000  0.005025989858  0.004016610449  0.004016610449  0.004016610449  0.004016610449  0.017271268295  0.025569256420  0.016224709387  0.024520675564  0.008058950534  0.004016610449  0.007051082029  0.014191798604  0.004016610449  
tragopan_blythii 0.004016610449  0.004016610449  0.000000000000  0.000000000000  0.005025989858  0.004016610449  0.004016610449  0.004016610449  0.004016610449  0.017271268295  0.025569256420  0.016224709387  0.024520675564  0.008058950534  0.004016610449  0.007051082029  0.014191798604  0.004016610449  
catreus_wallichi 0.001001033856  0.001001033856  0.005025989858  0.005025989858  0.000000000000  0.001001033856  0.001001033856  0.001001033856  0.001001033856  0.014178870628  0.022430300463  0.013142256141  0.021388486746  0.005021406506  0.001001033856  0.004016610449  0.011115666714  0.001001033856  
lophura_swinhoii 0.000000000000  0.000000000000  0.004016610449  0.004016610449  0.001001033856  0.000000000000  0.000000000000  0.000000000000  0.000000000000  0.013152443928  0.021388486746  0.012119116220  0.020348909375  0.004013110871  0.000000000000  0.003009330447  0.010094616142  0.000000000000  
chrysolophus_pictus 0.000000000000  0.000000000000  0.004016610449  0.004016610449  0.001001033856  0.000000000000  0.000000000000  0.000000000000  0.000000000000  0.013152443928  0.021388486746  0.012119116220  0.020348909375  0.004013110871  0.000000000000  0.003009330447  0.010094616142  0.000000000000  
crossoptilon_crossoptilon 0.000000000000  0.000000000000  0.004016610449  0.004016610449  0.001001033856  0.000000000000  0.000000000000  0.000000000000  0.000000000000  0.013152443928  0.021388486746  0.012119116220  0.020348909375  0.004013110871  0.000000000000  0.003009330447  0.010094616142  0.000000000000  
phasianus_colchicus 0.000000000000  0.000000000000  0.004016610449  0.004016610449  0.001001033856  0.000000000000  0.000000000000  0.000000000000  0.000000000000  0.013152443928  0.021388486746  0.012119116220  0.020348909375  0.004013110871  0.000000000000  0.003009330447  0.010094616142  0.000000000000  
galgal4    0.013152443928  0.013152443928  0.017271268295  0.017271268295  0.014178870628  0.013152443928  0.013152443928  0.013152443928  0.013152443928  0.000000000000  0.022430300463  0.013142256141  0.021388486746  0.009075713755  0.013152443928  0.016238273502  0.023494327531  0.013152443928  
melgal2    0.021388486746  0.021388486746  0.025569256420  0.025569256420  0.022430300463  0.021388486746  0.021388486746  0.021388486746  0.021388486746  0.022430300463  0.000000000000  0.015195043504  0.021388486746  0.017256569130  0.021388486746  0.024520675564  0.031881092892  0.021388486746  
rollulus_rouloul 0.012119116220  0.012119116220  0.016224709387  0.016224709387  0.013142256141  0.012119116220  0.012119116220  0.012119116220  0.012119116220  0.013142256141  0.015195043504  0.000000000000  0.008058950534  0.008052690666  0.012119116220  0.015195043504  0.022430300463  0.012119116220  
cyrtonyx_montezumae 0.020348909375  0.020348909375  0.024520675564  0.024520675564  0.021388486746  0.020348909375  0.020348909375  0.020348909375  0.020348909375  0.021388486746  0.021388486746  0.008058950534  0.000000000000  0.016224709387  0.020348909375  0.021388486746  0.030819911059  0.020348909375  
pavo_cristatus 0.004013110871  0.004013110871  0.008058950534  0.008058950534  0.005021406506  0.004013110871  0.004013110871  0.004013110871  0.004013110871  0.009075713755  0.017256569130  0.008052690666  0.016224709387  0.000000000000  0.004013110871  0.007044317514  0.014178870628  0.004013110871  
lophura_inornata 0.000000000000  0.000000000000  0.004016610449  0.004016610449  0.001001033856  0.000000000000  0.000000000000  0.000000000000  0.000000000000  0.013152443928  0.021388486746  0.012119116220  0.020348909375  0.004013110871  0.000000000000  0.003009330447  0.010094616142  0.000000000000  
syrmaticus_ellioti 0.003009330447  0.003009330447  0.007051082029  0.007051082029  0.004016610449  0.003009330447  0.003009330447  0.003009330447  0.003009330447  0.016238273502  0.024520675564  0.015195043504  0.021388486746  0.007044317514  0.003009330447  0.000000000000  0.009075713755  0.003009330447  
lophophorus_impejanus 0.010094616142  0.010094616142  0.014191798604  0.014191798604  0.011115666714  0.010094616142  0.010094616142  0.010094616142  0.010094616142  0.023494327531  0.031881092892  0.022430300463  0.030819911059  0.014178870628  0.010094616142  0.009075713755  0.000000000000  0.010094616142  
alectoris_rufa 0.000000000000  0.000000000000  0.004016610449  0.004016610449  0.001001033856  0.000000000000  0.000000000000  0.000000000000  0.000000000000  0.013152443928  0.021388486746  0.012119116220  0.020348909375  0.004013110871  0.000000000000  0.003009330447  0.010094616142  0.000000000000  

