18
galgal4    0.000000000000  0.002002773179  0.002002773179  0.002002773179  0.002002773179  0.003006828227  0.006027401447  0.002002773179  0.002002773179  0.005018228511  0.005021083876  0.019306849694  0.020329316661  0.002002773179  0.000000000000  0.000000000000  0.003009150101  0.003009150101  
chrysolophus_pictus 0.002002773179  0.000000000000  0.000000000000  0.000000000000  0.000000000000  0.001001013927  0.004012929008  0.000000000000  0.000000000000  0.003006828227  0.003009150101  0.017252495362  0.018272330745  0.000000000000  0.002002773179  0.002002773179  0.005021083876  0.005021083876  
perdix_dauuricae 0.002002773179  0.000000000000  0.000000000000  0.000000000000  0.000000000000  0.001001013927  0.004012929008  0.000000000000  0.000000000000  0.003006828227  0.003009150101  0.017252495362  0.018272330745  0.000000000000  0.002002773179  0.002002773179  0.005021083876  0.005021083876  
syrmaticus_ellioti 0.002002773179  0.000000000000  0.000000000000  0.000000000000  0.000000000000  0.001001013927  0.004012929008  0.000000000000  0.000000000000  0.003006828227  0.003009150101  0.017252495362  0.018272330745  0.000000000000  0.002002773179  0.002002773179  0.005021083876  0.005021083876  
catreus_wallichi 0.002002773179  0.000000000000  0.000000000000  0.000000000000  0.000000000000  0.001001013927  0.004012929008  0.000000000000  0.000000000000  0.003006828227  0.003009150101  0.017252495362  0.018272330745  0.000000000000  0.002002773179  0.002002773179  0.005021083876  0.005021083876  
tragopan_blythii 0.003006828227  0.001001013927  0.001001013927  0.001001013927  0.001001013927  0.000000000000  0.005021083876  0.001001013927  0.001001013927  0.004012929008  0.004016288953  0.018285944489  0.019306849694  0.001001013927  0.003006828227  0.003006828227  0.006031301236  0.006031301236  
phasianus_colchicus 0.006027401447  0.004012929008  0.004012929008  0.004012929008  0.004012929008  0.005021083876  0.000000000000  0.004012929008  0.004012929008  0.007038641046  0.007043589543  0.021382412400  0.022407036999  0.004012929008  0.006027401447  0.006027401447  0.009067354215  0.007038641046  
lophura_nycthemera 0.002002773179  0.000000000000  0.000000000000  0.000000000000  0.000000000000  0.001001013927  0.004012929008  0.000000000000  0.000000000000  0.003006828227  0.003009150101  0.017252495362  0.018272330745  0.000000000000  0.002002773179  0.002002773179  0.005021083876  0.005021083876  
lophura_swinhoii 0.002002773179  0.000000000000  0.000000000000  0.000000000000  0.000000000000  0.001001013927  0.004012929008  0.000000000000  0.000000000000  0.003006828227  0.003009150101  0.017252495362  0.018272330745  0.000000000000  0.002002773179  0.002002773179  0.005021083876  0.005021083876  
melgal2    0.005018228511  0.003006828227  0.003006828227  0.003006828227  0.003006828227  0.004012929008  0.007038641046  0.003006828227  0.003006828227  0.000000000000  0.006031301236  0.020343540533  0.021367084047  0.003006828227  0.005018228511  0.005018228511  0.008051955791  0.008051955791  
lophophorus_impejanus 0.005021083876  0.003009150101  0.003009150101  0.003009150101  0.003009150101  0.004016288953  0.007043589543  0.003009150101  0.003009150101  0.006031301236  0.000000000000  0.020359354040  0.021382412400  0.003009150101  0.005021083876  0.005021083876  0.008057957306  0.008057957306  
cyrtonyx_montezumae 0.019306849694  0.017252495362  0.017252495362  0.017252495362  0.017252495362  0.018285944489  0.021382412400  0.017252495362  0.017252495362  0.020343540533  0.020359354040  0.000000000000  0.019293725672  0.017252495362  0.019306849694  0.019306849694  0.022423474492  0.022423474492  
rollulus_rouloul 0.020329316661  0.018272330745  0.018272330745  0.018272330745  0.018272330745  0.019306849694  0.022407036999  0.018272330745  0.018272330745  0.021367084047  0.021382412400  0.019293725672  0.000000000000  0.018272330745  0.020329316661  0.020329316661  0.023449184741  0.023449184741  
crossoptilon_crossoptilon 0.002002773179  0.000000000000  0.000000000000  0.000000000000  0.000000000000  0.001001013927  0.004012929008  0.000000000000  0.000000000000  0.003006828227  0.003009150101  0.017252495362  0.018272330745  0.000000000000  0.002002773179  0.002002773179  0.005021083876  0.005021083876  
lophura_inornata 0.000000000000  0.002002773179  0.002002773179  0.002002773179  0.002002773179  0.003006828227  0.006027401447  0.002002773179  0.002002773179  0.005018228511  0.005021083876  0.019306849694  0.020329316661  0.002002773179  0.000000000000  0.000000000000  0.003009150101  0.003009150101  
syrmaticus_reevesii 0.000000000000  0.002002773179  0.002002773179  0.002002773179  0.002002773179  0.003006828227  0.006027401447  0.002002773179  0.002002773179  0.005018228511  0.005021083876  0.019306849694  0.020329316661  0.002002773179  0.000000000000  0.000000000000  0.003009150101  0.003009150101  
pavo_cristatus 0.003009150101  0.005021083876  0.005021083876  0.005021083876  0.005021083876  0.006031301236  0.009067354215  0.005021083876  0.005021083876  0.008051955791  0.008057957306  0.022423474492  0.023449184741  0.005021083876  0.003009150101  0.003009150101  0.000000000000  0.006036750084  
alectoris_rufa 0.003009150101  0.005021083876  0.005021083876  0.005021083876  0.005021083876  0.006031301236  0.007038641046  0.005021083876  0.005021083876  0.008051955791  0.008057957306  0.022423474492  0.023449184741  0.005021083876  0.003009150101  0.003009150101  0.006036750084  0.000000000000  

