18
cyrtonyx_montezumae 0.000000000000  0.031873075035  0.032885904024  0.045647685229  0.043508428163  0.043508428163  0.044562165450  0.044562165450  0.041375811777  0.048956043840  0.040357408565  0.042456393588  0.042521544234  0.041406055715  0.048885537448  0.042556962482  0.043644288401  0.095046005721  
rollulus_rouloul 0.031873075035  0.000000000000  0.015193002708  0.030764336812  0.027618754888  0.027618754888  0.028652589031  0.028652589031  0.023443819253  0.030786674206  0.022433979918  0.024488999131  0.024527119951  0.026607322072  0.031802077368  0.034035011339  0.030836898218  0.086969974754  
lophophorus_impejanus 0.032885904024  0.015193002708  0.000000000000  0.017242759118  0.012116517948  0.012116517948  0.013131893876  0.013131893876  0.008050000889  0.015193002708  0.007046723168  0.011102742748  0.009079972324  0.011111646136  0.018264008617  0.035045075028  0.031847554140  0.086840364833  
melgal2    0.045647685229  0.030764336812  0.017242759118  0.000000000000  0.029707241177  0.029707241177  0.030743853027  0.030743853027  0.025518962814  0.032885904024  0.024507146903  0.028672285932  0.026607322072  0.027638981487  0.036034387387  0.048956043840  0.047861304848  0.101941246115  
lophura_nycthemera 0.043508428163  0.027618754888  0.012116517948  0.029707241177  0.000000000000  0.000000000000  0.011090267773  0.011090267773  0.007036942400  0.013139709689  0.011102742748  0.015182696702  0.013149310714  0.022416594591  0.030743853027  0.047898027090  0.044625265210  0.097361410121  
lophura_inornata 0.043508428163  0.027618754888  0.012116517948  0.029707241177  0.000000000000  0.000000000000  0.011090267773  0.011090267773  0.007036942400  0.013139709689  0.011102742748  0.015182696702  0.013149310714  0.022416594591  0.030743853027  0.047898027090  0.044625265210  0.097361410121  
catreus_wallichi 0.044562165450  0.028652589031  0.013131893876  0.030743853027  0.011090267773  0.011090267773  0.000000000000  0.000000000000  0.008046543441  0.014156143046  0.012116517948  0.016201802958  0.014165201155  0.024488999131  0.029670766870  0.048956043840  0.045679675543  0.100887292101  
crossoptilon_crossoptilon 0.044562165450  0.028652589031  0.013131893876  0.030743853027  0.011090267773  0.011090267773  0.000000000000  0.000000000000  0.008046543441  0.014156143046  0.012116517948  0.016201802958  0.014165201155  0.024488999131  0.029670766870  0.048956043840  0.045679675543  0.100887292101  
lophura_swinhoii 0.041375811777  0.023443819253  0.008050000889  0.025518962814  0.007036942400  0.007036942400  0.008046543441  0.008046543441  0.000000000000  0.010082890974  0.008055225775  0.012116517948  0.010090562716  0.019312165120  0.026550570205  0.043572556772  0.040326650779  0.093855752179  
phasianus_colchicus 0.048956043840  0.030786674206  0.015193002708  0.032885904024  0.013139709689  0.013139709689  0.014156143046  0.014156143046  0.010082890974  0.000000000000  0.014176047494  0.018276288877  0.016236478645  0.026607322072  0.032910906541  0.051194434218  0.047898027090  0.100964714639  
syrmaticus_ellioti 0.040357408565  0.022433979918  0.007046723168  0.024507146903  0.011102742748  0.011102742748  0.012116517948  0.012116517948  0.008055225775  0.014176047494  0.000000000000  0.010090562716  0.008070966073  0.018306256734  0.025536578753  0.042556962482  0.039310446197  0.094000965878  
chrysolophus_pictus 0.042456393588  0.024488999131  0.011102742748  0.028672285932  0.015182696702  0.015182696702  0.016201802958  0.016201802958  0.012116517948  0.018276288877  0.010090562716  0.000000000000  0.012135019803  0.022433979918  0.029707241177  0.043572556772  0.040326650779  0.096239372416  
syrmaticus_reevesii 0.042521544234  0.024527119951  0.009079972324  0.026607322072  0.013149310714  0.013149310714  0.014165201155  0.014165201155  0.010090562716  0.016236478645  0.008070966073  0.012135019803  0.000000000000  0.020385466951  0.027638981487  0.044734211742  0.041472221636  0.094000965878  
perdix_dauuricae 0.041406055715  0.026607322072  0.011111646136  0.027638981487  0.022416594591  0.022416594591  0.024488999131  0.024488999131  0.019312165120  0.026607322072  0.018306256734  0.022433979918  0.020385466951  0.000000000000  0.029728255267  0.041438193285  0.041438193285  0.097361410121  
tragopan_blythii 0.048885537448  0.031802077368  0.018264008617  0.036034387387  0.030743853027  0.030743853027  0.029670766870  0.029670766870  0.026550570205  0.032910906541  0.025536578753  0.029707241177  0.027638981487  0.029728255267  0.000000000000  0.053319509224  0.047826503537  0.106702842127  
galgal4    0.042556962482  0.034035011339  0.035045075028  0.048956043840  0.047898027090  0.047898027090  0.048956043840  0.048956043840  0.043572556772  0.051194434218  0.042556962482  0.043572556772  0.044734211742  0.041438193285  0.053319509224  0.000000000000  0.031960733518  0.077775547893  
pavo_cristatus 0.043644288401  0.030836898218  0.031847554140  0.047861304848  0.044625265210  0.044625265210  0.045679675543  0.045679675543  0.040326650779  0.047898027090  0.039310446197  0.040326650779  0.041472221636  0.041438193285  0.047826503537  0.031960733518  0.000000000000  0.066461896180  
alectoris_rufa 0.095046005721  0.086969974754  0.086840364833  0.101941246115  0.097361410121  0.097361410121  0.100887292101  0.100887292101  0.093855752179  0.100964714639  0.094000965878  0.096239372416  0.094000965878  0.097361410121  0.106702842127  0.077775547893  0.066461896180  0.000000000000  

