18
cyrtonyx_montezumae 0.000000000000  0.002002829375  0.005021815084  0.007033697725  0.008044058879  0.007033697725  0.010071288425  0.007033697725  0.007033697725  0.007033697725  0.005017478482  0.005017478482  0.011108197095  0.002002829375  0.002002829375  0.004013340870  0.004013340870  0.004013340870  
perdix_dauuricae 0.002002829375  0.000000000000  0.003009568124  0.005017478482  0.006024675281  0.005017478482  0.008045535346  0.005017478482  0.005017478482  0.005017478482  0.003006980969  0.003006980969  0.009077383643  0.000000000000  0.000000000000  0.002004246475  0.002004246475  0.002004246475  
melgal2    0.005021815084  0.003009568124  0.000000000000  0.008045535346  0.009059217112  0.008045535346  0.011093130801  0.008045535346  0.008045535346  0.008045535346  0.006025563657  0.006025563657  0.012142077841  0.003009568124  0.003009568124  0.005026653793  0.005026653793  0.005026653793  
crossoptilon_crossoptilon 0.007033697725  0.005017478482  0.008045535346  0.000000000000  0.001001060117  0.000000000000  0.003009568124  0.000000000000  0.000000000000  0.000000000000  0.002002829375  0.002002829375  0.014152039168  0.005017478482  0.005017478482  0.007034024496  0.007034024496  0.007034024496  
catreus_wallichi 0.008044058879  0.006024675281  0.009059217112  0.001001060117  0.000000000000  0.001001060117  0.004017034174  0.001001060117  0.001001060117  0.001001060117  0.003007015346  0.003007015346  0.015177759723  0.006024675281  0.006024675281  0.008045535346  0.008045535346  0.008045535346  
lophura_swinhoii 0.007033697725  0.005017478482  0.008045535346  0.000000000000  0.001001060117  0.000000000000  0.003009568124  0.000000000000  0.000000000000  0.000000000000  0.002002829375  0.002002829375  0.014152039168  0.005017478482  0.005017478482  0.007034024496  0.007034024496  0.007034024496  
chrysolophus_pictus 0.010071288425  0.008045535346  0.011093130801  0.003009568124  0.004017034174  0.003009568124  0.000000000000  0.003009568124  0.003009568124  0.003009568124  0.005021815084  0.005021815084  0.017235907784  0.008045535346  0.008045535346  0.010075079130  0.010075079130  0.010075079130  
lophura_nycthemera 0.007033697725  0.005017478482  0.008045535346  0.000000000000  0.001001060117  0.000000000000  0.003009568124  0.000000000000  0.000000000000  0.000000000000  0.002002829375  0.002002829375  0.014152039168  0.005017478482  0.005017478482  0.007034024496  0.007034024496  0.007034024496  
lophura_inornata 0.007033697725  0.005017478482  0.008045535346  0.000000000000  0.001001060117  0.000000000000  0.003009568124  0.000000000000  0.000000000000  0.000000000000  0.002002829375  0.002002829375  0.014152039168  0.005017478482  0.005017478482  0.007034024496  0.007034024496  0.007034024496  
phasianus_colchicus 0.007033697725  0.005017478482  0.008045535346  0.000000000000  0.001001060117  0.000000000000  0.003009568124  0.000000000000  0.000000000000  0.000000000000  0.002002829375  0.002002829375  0.014152039168  0.005017478482  0.005017478482  0.007034024496  0.007034024496  0.007034024496  
syrmaticus_ellioti 0.005017478482  0.003006980969  0.006025563657  0.002002829375  0.003007015346  0.002002829375  0.005021815084  0.002002829375  0.002002829375  0.002002829375  0.000000000000  0.000000000000  0.012113381583  0.003006980969  0.003006980969  0.005017224356  0.005017224356  0.005017224356  
syrmaticus_reevesii 0.005017478482  0.003006980969  0.006025563657  0.002002829375  0.003007015346  0.002002829375  0.005021815084  0.002002829375  0.002002829375  0.002002829375  0.000000000000  0.000000000000  0.012113381583  0.003006980969  0.003006980969  0.005017224356  0.005017224356  0.005017224356  
pavo_cristatus 0.011108197095  0.009077383643  0.012142077841  0.014152039168  0.015177759723  0.014152039168  0.017235907784  0.014152039168  0.014152039168  0.014152039168  0.012113381583  0.012113381583  0.000000000000  0.009077383643  0.009077383643  0.011118301977  0.011118301977  0.011118301977  
lophophorus_impejanus 0.002002829375  0.000000000000  0.003009568124  0.005017478482  0.006024675281  0.005017478482  0.008045535346  0.005017478482  0.005017478482  0.005017478482  0.003006980969  0.003006980969  0.009077383643  0.000000000000  0.000000000000  0.002004246475  0.002004246475  0.002004246475  
galgal4    0.002002829375  0.000000000000  0.003009568124  0.005017478482  0.006024675281  0.005017478482  0.008045535346  0.005017478482  0.005017478482  0.005017478482  0.003006980969  0.003006980969  0.009077383643  0.000000000000  0.000000000000  0.002004246475  0.002004246475  0.002004246475  
tragopan_blythii 0.004013340870  0.002004246475  0.005026653793  0.007034024496  0.008045535346  0.007034024496  0.010075079130  0.007034024496  0.007034024496  0.007034024496  0.005017224356  0.005017224356  0.011118301977  0.002004246475  0.002004246475  0.000000000000  0.000000000000  0.000000000000  
rollulus_rouloul 0.004013340870  0.002004246475  0.005026653793  0.007034024496  0.008045535346  0.007034024496  0.010075079130  0.007034024496  0.007034024496  0.007034024496  0.005017224356  0.005017224356  0.011118301977  0.002004246475  0.002004246475  0.000000000000  0.000000000000  0.000000000000  
alectoris_rufa 0.004013340870  0.002004246475  0.005026653793  0.007034024496  0.008045535346  0.007034024496  0.010075079130  0.007034024496  0.007034024496  0.007034024496  0.005017224356  0.005017224356  0.011118301977  0.002004246475  0.002004246475  0.000000000000  0.000000000000  0.000000000000  

