18
galgal4    0.000000000000  0.026517246284  0.012120018714  0.020311284167  0.026582712292  0.018254608292  0.016214393695  0.015185600727  0.015185600727  0.018278625932  0.015185600727  0.015185600727  0.021375390671  0.016203862129  0.015185600727  0.015196639036  0.013143366817  0.006032074485  
cyrtonyx_montezumae 0.026517246284  0.000000000000  0.026531068942  0.034893647178  0.043479626103  0.032793751945  0.030716950645  0.029663570826  0.029663570826  0.032830678656  0.029663570826  0.029663570826  0.035995849746  0.030700048812  0.029663570826  0.029680978817  0.027578741258  0.032811355133  
pavo_cristatus 0.012120018714  0.026531068942  0.000000000000  0.020323112027  0.026603308717  0.017233715004  0.014168903796  0.015196639036  0.015196639036  0.018293129062  0.015196639036  0.015196639036  0.021391733993  0.016214393695  0.015196639036  0.015209328577  0.013153766043  0.018278625932  
tragopan_blythii 0.020311284167  0.034893647178  0.020323112027  0.000000000000  0.016226581979  0.020292659319  0.018245099660  0.017215336838  0.017215336838  0.020311284167  0.017215336838  0.017215336838  0.023413691788  0.018237261792  0.017215336838  0.017223693323  0.016194990223  0.026546589475  
rollulus_rouloul 0.026582712292  0.043479626103  0.026603308717  0.016226581979  0.000000000000  0.026546589475  0.024487085508  0.025533753957  0.025533753957  0.028687538852  0.025533753957  0.025533753957  0.031837255425  0.026563804907  0.025533753957  0.025553154857  0.024505296099  0.032898941554  
perdix_dauuricae 0.018254608292  0.032793751945  0.017233715004  0.020292659319  0.026546589475  0.000000000000  0.012112400928  0.011092362853  0.011092362853  0.014159010542  0.011092362853  0.011092362853  0.017233715004  0.012106429698  0.011092362853  0.011098850163  0.014150768893  0.024470558537  
melgal2    0.016214393695  0.030716950645  0.014168903796  0.018245099660  0.024487085508  0.012112400928  0.000000000000  0.009068891572  0.009068891572  0.012129280110  0.009068891572  0.009068891572  0.015196639036  0.010079851900  0.009068891572  0.009076401616  0.012120018714  0.022416423919  
lophura_nycthemera 0.015185600727  0.029663570826  0.015196639036  0.017215336838  0.025533753957  0.011092362853  0.009068891572  0.000000000000  0.000000000000  0.003009424866  0.000000000000  0.000000000000  0.006032074485  0.001000761190  0.000000000000  0.004013209123  0.011098850163  0.021375390671  
phasianus_colchicus 0.015185600727  0.029663570826  0.015196639036  0.017215336838  0.025533753957  0.011092362853  0.009068891572  0.000000000000  0.000000000000  0.003009424866  0.000000000000  0.000000000000  0.006032074485  0.001000761190  0.000000000000  0.004013209123  0.011098850163  0.021375390671  
catreus_wallichi 0.018278625932  0.032830678656  0.018293129062  0.020311284167  0.028687538852  0.014159010542  0.012129280110  0.003009424866  0.003009424866  0.000000000000  0.003009424866  0.003009424866  0.009076401616  0.004013209123  0.003009424866  0.007044703950  0.014168903796  0.024505296099  
syrmaticus_reevesii 0.015185600727  0.029663570826  0.015196639036  0.017215336838  0.025533753957  0.011092362853  0.009068891572  0.000000000000  0.000000000000  0.003009424866  0.000000000000  0.000000000000  0.006032074485  0.001000761190  0.000000000000  0.004013209123  0.011098850163  0.021375390671  
lophura_inornata 0.015185600727  0.029663570826  0.015196639036  0.017215336838  0.025533753957  0.011092362853  0.009068891572  0.000000000000  0.000000000000  0.003009424866  0.000000000000  0.000000000000  0.006032074485  0.001000761190  0.000000000000  0.004013209123  0.011098850163  0.021375390671  
crossoptilon_crossoptilon 0.021375390671  0.035995849746  0.021391733993  0.023413691788  0.031837255425  0.017233715004  0.015196639036  0.006032074485  0.006032074485  0.009076401616  0.006032074485  0.006032074485  0.000000000000  0.007039431378  0.006032074485  0.010086852141  0.017245398918  0.027633970554  
lophura_swinhoii 0.016203862129  0.030700048812  0.016214393695  0.018237261792  0.026563804907  0.012106429698  0.010079851900  0.001000761190  0.001000761190  0.004013209123  0.001000761190  0.001000761190  0.007039431378  0.000000000000  0.001000761190  0.005018525271  0.012112400928  0.022400578430  
syrmaticus_ellioti 0.015185600727  0.029663570826  0.015196639036  0.017215336838  0.025533753957  0.011092362853  0.009068891572  0.000000000000  0.000000000000  0.003009424866  0.000000000000  0.000000000000  0.006032074485  0.001000761190  0.000000000000  0.004013209123  0.011098850163  0.021375390671  
chrysolophus_pictus 0.015196639036  0.029680978817  0.015209328577  0.017223693323  0.025553154857  0.011098850163  0.009076401616  0.004013209123  0.004013209123  0.007044703950  0.004013209123  0.004013209123  0.010086852141  0.005018525271  0.004013209123  0.000000000000  0.011106978575  0.021391733993  
lophophorus_impejanus 0.013143366817  0.027578741258  0.013153766043  0.016194990223  0.024505296099  0.014150768893  0.012120018714  0.011098850163  0.011098850163  0.014168903796  0.011098850163  0.011098850163  0.017245398918  0.012112400928  0.011098850163  0.011106978575  0.000000000000  0.019314084332  
alectoris_rufa 0.006032074485  0.032811355133  0.018278625932  0.026546589475  0.032898941554  0.024470558537  0.022416423919  0.021375390671  0.021375390671  0.024505296099  0.021375390671  0.021375390671  0.027633970554  0.022400578430  0.021375390671  0.021391733993  0.019314084332  0.000000000000  

