18
galgal4    0.000000000000  0.025608716485  0.045819385350  0.037159439925  0.037159439925  0.044728109416  0.044585988005  0.038233231038  0.036117605016  0.033979647149  0.033979647149  0.033001925898  0.035019203119  0.023531511889  0.027746589157  0.065603008389  0.041505519217  0.035047408169  
pavo_cristatus 0.025608716485  0.000000000000  0.046795756928  0.038147747090  0.038147747090  0.045705997191  0.045580616306  0.039220070169  0.037103247365  0.034968199328  0.034968199328  0.033979647149  0.033882798909  0.025562796828  0.028723398944  0.067704907792  0.043567318908  0.044728109416  
chrysolophus_pictus 0.045819385350  0.046795756928  0.000000000000  0.008068997178  0.008068997178  0.017315667716  0.020357871339  0.013183519679  0.014171737470  0.011119079695  0.011119079695  0.033001925898  0.035019203119  0.032888686087  0.036088101011  0.090557302837  0.063239064886  0.067759524092  
lophura_swinhoii 0.037159439925  0.038147747090  0.008068997178  0.000000000000  0.000000000000  0.009087450644  0.012113944047  0.005026836027  0.006025643285  0.003007049696  0.003007049696  0.024534805271  0.026554580700  0.024462075677  0.027604343690  0.081181808699  0.054326760297  0.058761748867  
lophura_inornata 0.037159439925  0.038147747090  0.008068997178  0.000000000000  0.000000000000  0.009087450644  0.012113944047  0.005026836027  0.006025643285  0.003007049696  0.003007049696  0.024534805271  0.026554580700  0.024462075677  0.027604343690  0.081181808699  0.054326760297  0.058761748867  
lophura_nycthemera 0.044728109416  0.045705997191  0.017315667716  0.009087450644  0.009087450644  0.000000000000  0.013136547144  0.006038699377  0.013145706422  0.010097371651  0.010097371651  0.031935140691  0.033952735152  0.031827044975  0.035019203119  0.089375068035  0.062115723472  0.066625319120  
syrmaticus_ellioti 0.044585988005  0.045580616306  0.020357871339  0.012113944047  0.012113944047  0.013136547144  0.000000000000  0.007034099675  0.016189955132  0.013129115350  0.013129115350  0.033952735152  0.035988156967  0.033863096594  0.037054307882  0.089100477123  0.064175566610  0.066424240553  
crossoptilon_crossoptilon 0.038233231038  0.039220070169  0.013183519679  0.005026836027  0.005026836027  0.006038699377  0.007034099675  0.000000000000  0.009063876416  0.006032646798  0.006032646798  0.027692094049  0.029710943192  0.027604343690  0.030767800944  0.082343549821  0.057649064880  0.059877078207  
catreus_wallichi 0.036117605016  0.037103247365  0.014171737470  0.006025643285  0.006025643285  0.013145706422  0.016189955132  0.009063876416  0.000000000000  0.003006157661  0.003006157661  0.023508419371  0.025523936840  0.023433610291  0.026572603276  0.080084202401  0.052161577440  0.057692691338  
syrmaticus_reevesii 0.033979647149  0.034968199328  0.011119079695  0.003007049696  0.003007049696  0.010097371651  0.013129115350  0.006032646798  0.003006157661  0.000000000000  0.000000000000  0.021417483442  0.023433610291  0.021352556454  0.024477609315  0.077771981270  0.051063137376  0.055472414115  
phasianus_colchicus 0.033979647149  0.034968199328  0.011119079695  0.003007049696  0.003007049696  0.010097371651  0.013129115350  0.006032646798  0.003006157661  0.000000000000  0.000000000000  0.021417483442  0.023433610291  0.021352556454  0.024477609315  0.077771981270  0.051063137376  0.055472414115  
melgal2    0.033001925898  0.033979647149  0.033001925898  0.024534805271  0.024534805271  0.031935140691  0.033952735152  0.027692094049  0.023508419371  0.021417483442  0.021417483442  0.000000000000  0.020357871339  0.018283268270  0.019319423003  0.075648575249  0.050080307692  0.054495789960  
perdix_dauuricae 0.035019203119  0.033882798909  0.035019203119  0.026554580700  0.026554580700  0.033952735152  0.035988156967  0.029710943192  0.025523936840  0.023433610291  0.023433610291  0.020357871339  0.000000000000  0.020304859490  0.023419312828  0.074271136618  0.052124890178  0.056539013729  
lophophorus_impejanus 0.023531511889  0.025562796828  0.032888686087  0.024462075677  0.024462075677  0.031827044975  0.033863096594  0.027604343690  0.023433610291  0.021352556454  0.021352556454  0.018283268270  0.020304859490  0.000000000000  0.013156590220  0.067759524092  0.041435162068  0.045779751941  
tragopan_blythii 0.027746589157  0.028723398944  0.036088101011  0.027604343690  0.027604343690  0.035019203119  0.037054307882  0.030767800944  0.026572603276  0.024477609315  0.024477609315  0.019319423003  0.023419312828  0.013156590220  0.000000000000  0.071178685332  0.044689826604  0.049064804160  
cyrtonyx_montezumae 0.065603008389  0.067704907792  0.090557302837  0.081181808699  0.081181808699  0.089375068035  0.089100477123  0.082343549821  0.080084202401  0.077771981270  0.077771981270  0.075648575249  0.074271136618  0.067759524092  0.071178685332  0.000000000000  0.082407876394  0.084743117271  
rollulus_rouloul 0.041505519217  0.043567318908  0.063239064886  0.054326760297  0.054326760297  0.062115723472  0.064175566610  0.057649064880  0.052161577440  0.051063137376  0.051063137376  0.050080307692  0.052124890178  0.041435162068  0.044689826604  0.082407876394  0.000000000000  0.063289797008  
alectoris_rufa 0.035047408169  0.044728109416  0.067759524092  0.058761748867  0.058761748867  0.066625319120  0.066424240553  0.059877078207  0.057692691338  0.055472414115  0.055472414115  0.054495789960  0.056539013729  0.045779751941  0.049064804160  0.084743117271  0.063289797008  0.000000000000  

