18
lophura_nycthemera 0.000000000000  0.000000000000  0.000000000000  0.000000000000  0.013153982483  0.006025665697  0.009059285216  0.000000000000  0.000000000000  0.004011384823  0.000000000000  0.012103266293  0.000000000000  0.000000000000  0.000000000000  0.006032123254  0.020312888397  0.010075003119  
catreus_wallichi 0.000000000000  0.000000000000  0.000000000000  0.000000000000  0.013153982483  0.006025665697  0.009059285216  0.000000000000  0.000000000000  0.004011384823  0.000000000000  0.012103266293  0.000000000000  0.000000000000  0.000000000000  0.006032123254  0.020312888397  0.010075003119  
galgal4    0.000000000000  0.000000000000  0.000000000000  0.000000000000  0.013153982483  0.006025665697  0.009059285216  0.000000000000  0.000000000000  0.004011384823  0.000000000000  0.012103266293  0.000000000000  0.000000000000  0.000000000000  0.006032123254  0.020312888397  0.010075003119  
melgal2    0.000000000000  0.000000000000  0.000000000000  0.000000000000  0.013153982483  0.006025665697  0.009059285216  0.000000000000  0.000000000000  0.004011384823  0.000000000000  0.012103266293  0.000000000000  0.000000000000  0.000000000000  0.006032123254  0.020312888397  0.010075003119  
lophophorus_impejanus 0.013153982483  0.013153982483  0.013153982483  0.013153982483  0.000000000000  0.019300960216  0.022401830767  0.013153982483  0.013153982483  0.017245992178  0.013153982483  0.025502149511  0.013153982483  0.013153982483  0.013153982483  0.019330228255  0.033916156887  0.023443972768  
pavo_cristatus 0.006025665697  0.006025665697  0.006025665697  0.006025665697  0.019300960216  0.000000000000  0.009076488531  0.006025665697  0.006025665697  0.010071572377  0.006025665697  0.018233725482  0.006025665697  0.006025665697  0.006025665697  0.012112924330  0.025476301832  0.016189359726  
rollulus_rouloul 0.009059285216  0.009059285216  0.009059285216  0.009059285216  0.022401830767  0.009076488531  0.000000000000  0.009059285216  0.009059285216  0.013123214250  0.009059285216  0.021322072783  0.009059285216  0.009059285216  0.009059285216  0.015177036754  0.029651841465  0.019270156046  
crossoptilon_crossoptilon 0.000000000000  0.000000000000  0.000000000000  0.000000000000  0.013153982483  0.006025665697  0.009059285216  0.000000000000  0.000000000000  0.004011384823  0.000000000000  0.012103266293  0.000000000000  0.000000000000  0.000000000000  0.006032123254  0.020312888397  0.010075003119  
lophura_swinhoii 0.000000000000  0.000000000000  0.000000000000  0.000000000000  0.013153982483  0.006025665697  0.009059285216  0.000000000000  0.000000000000  0.004011384823  0.000000000000  0.012103266293  0.000000000000  0.000000000000  0.000000000000  0.006032123254  0.020312888397  0.010075003119  
lophura_inornata 0.004011384823  0.004011384823  0.004011384823  0.004011384823  0.017245992178  0.010071572377  0.013123214250  0.004011384823  0.004011384823  0.000000000000  0.004011384823  0.015160094466  0.004011384823  0.004011384823  0.004011384823  0.010080152418  0.024445212465  0.014145338982  
syrmaticus_ellioti 0.000000000000  0.000000000000  0.000000000000  0.000000000000  0.013153982483  0.006025665697  0.009059285216  0.000000000000  0.000000000000  0.004011384823  0.000000000000  0.012103266293  0.000000000000  0.000000000000  0.000000000000  0.006032123254  0.020312888397  0.010075003119  
cyrtonyx_montezumae 0.012103266293  0.012103266293  0.012103266293  0.012103266293  0.025502149511  0.018233725482  0.021322072783  0.012103266293  0.012103266293  0.015160094466  0.012103266293  0.000000000000  0.012103266293  0.012103266293  0.012103266293  0.018246686156  0.032783421186  0.022357256746  
syrmaticus_reevesii 0.000000000000  0.000000000000  0.000000000000  0.000000000000  0.013153982483  0.006025665697  0.009059285216  0.000000000000  0.000000000000  0.004011384823  0.000000000000  0.012103266293  0.000000000000  0.000000000000  0.000000000000  0.006032123254  0.020312888397  0.010075003119  
phasianus_colchicus 0.000000000000  0.000000000000  0.000000000000  0.000000000000  0.013153982483  0.006025665697  0.009059285216  0.000000000000  0.000000000000  0.004011384823  0.000000000000  0.012103266293  0.000000000000  0.000000000000  0.000000000000  0.006032123254  0.020312888397  0.010075003119  
chrysolophus_pictus 0.000000000000  0.000000000000  0.000000000000  0.000000000000  0.013153982483  0.006025665697  0.009059285216  0.000000000000  0.000000000000  0.004011384823  0.000000000000  0.012103266293  0.000000000000  0.000000000000  0.000000000000  0.006032123254  0.020312888397  0.010075003119  
perdix_dauuricae 0.006032123254  0.006032123254  0.006032123254  0.006032123254  0.019330228255  0.012112924330  0.015177036754  0.006032123254  0.006032123254  0.010080152418  0.006032123254  0.018246686156  0.006032123254  0.006032123254  0.006032123254  0.000000000000  0.022401830767  0.012120340504  
tragopan_blythii 0.020312888397  0.020312888397  0.020312888397  0.020312888397  0.033916156887  0.025476301832  0.029651841465  0.020312888397  0.020312888397  0.024445212465  0.020312888397  0.032783421186  0.020312888397  0.020312888397  0.020312888397  0.022401830767  0.000000000000  0.024445212465  
alectoris_rufa 0.010075003119  0.010075003119  0.010075003119  0.010075003119  0.023443972768  0.016189359726  0.019270156046  0.010075003119  0.010075003119  0.014145338982  0.010075003119  0.022357256746  0.010075003119  0.010075003119  0.010075003119  0.012120340504  0.024445212465  0.000000000000  

