18
rollulus_rouloul 0.000000000000  0.024570788024  0.017249888214  0.018297775317  0.022455830920  0.018297775317  0.018297775317  0.018297775317  0.020372480011  0.020372480011  0.019334051375  0.019334051375  0.018297775317  0.018297775317  0.018297775317  0.021413070187  0.024547900410  0.011112337115  
cyrtonyx_montezumae 0.024570788024  0.000000000000  0.015201773830  0.014186130080  0.016245875715  0.014186130080  0.014186130080  0.014186130080  0.016245875715  0.016245875715  0.015214942073  0.015214942073  0.014186130080  0.014186130080  0.014186130080  0.017278939776  0.020391002970  0.013172018573  
pavo_cristatus 0.017249888214  0.015201773830  0.000000000000  0.009061343910  0.013138850226  0.009061343910  0.009061343910  0.009061343910  0.011095939831  0.011095939831  0.010077606794  0.010077606794  0.009061343910  0.009061343910  0.009061343910  0.012116351474  0.015190143328  0.008051474213  
syrmaticus_reevesii 0.018297775317  0.014186130080  0.009061343910  0.000000000000  0.004016088704  0.000000000000  0.000000000000  0.000000000000  0.002004011409  0.002004011409  0.001001001512  0.001001001512  0.000000000000  0.000000000000  0.000000000000  0.003009037765  0.008064702510  0.007043126962  
crossoptilon_crossoptilon 0.022455830920  0.016245875715  0.013138850226  0.004016088704  0.000000000000  0.004016088704  0.004016088704  0.004016088704  0.006036297076  0.006036297076  0.005025172400  0.005025172400  0.004016088704  0.004016088704  0.004016088704  0.007049471005  0.012146372545  0.011112337115  
lophura_nycthemera 0.018297775317  0.014186130080  0.009061343910  0.000000000000  0.004016088704  0.000000000000  0.000000000000  0.000000000000  0.002004011409  0.002004011409  0.001001001512  0.001001001512  0.000000000000  0.000000000000  0.000000000000  0.003009037765  0.008064702510  0.007043126962  
syrmaticus_ellioti 0.018297775317  0.014186130080  0.009061343910  0.000000000000  0.004016088704  0.000000000000  0.000000000000  0.000000000000  0.002004011409  0.002004011409  0.001001001512  0.001001001512  0.000000000000  0.000000000000  0.000000000000  0.003009037765  0.008064702510  0.007043126962  
chrysolophus_pictus 0.018297775317  0.014186130080  0.009061343910  0.000000000000  0.004016088704  0.000000000000  0.000000000000  0.000000000000  0.002004011409  0.002004011409  0.001001001512  0.001001001512  0.000000000000  0.000000000000  0.000000000000  0.003009037765  0.008064702510  0.007043126962  
perdix_dauuricae 0.020372480011  0.016245875715  0.011095939831  0.002004011409  0.006036297076  0.002004011409  0.002004011409  0.002004011409  0.000000000000  0.000000000000  0.003009037765  0.003009037765  0.002004011409  0.002004011409  0.002004011409  0.005025172400  0.010101371796  0.009073591701  
melgal2    0.020372480011  0.016245875715  0.011095939831  0.002004011409  0.006036297076  0.002004011409  0.002004011409  0.002004011409  0.000000000000  0.000000000000  0.003009037765  0.003009037765  0.002004011409  0.002004011409  0.002004011409  0.005025172400  0.010101371796  0.009073591701  
lophophorus_impejanus 0.019334051375  0.015214942073  0.010077606794  0.001001001512  0.005025172400  0.001001001512  0.001001001512  0.001001001512  0.003009037765  0.003009037765  0.000000000000  0.002004011409  0.001001001512  0.001001001512  0.001001001512  0.004016088704  0.009081999965  0.008057328453  
tragopan_blythii 0.019334051375  0.015214942073  0.010077606794  0.001001001512  0.005025172400  0.001001001512  0.001001001512  0.001001001512  0.003009037765  0.003009037765  0.002004011409  0.000000000000  0.001001001512  0.001001001512  0.001001001512  0.004016088704  0.009081999965  0.008057328453  
phasianus_colchicus 0.018297775317  0.014186130080  0.009061343910  0.000000000000  0.004016088704  0.000000000000  0.000000000000  0.000000000000  0.002004011409  0.002004011409  0.001001001512  0.001001001512  0.000000000000  0.000000000000  0.000000000000  0.003009037765  0.008064702510  0.007043126962  
lophura_inornata 0.018297775317  0.014186130080  0.009061343910  0.000000000000  0.004016088704  0.000000000000  0.000000000000  0.000000000000  0.002004011409  0.002004011409  0.001001001512  0.001001001512  0.000000000000  0.000000000000  0.000000000000  0.003009037765  0.008064702510  0.007043126962  
lophura_swinhoii 0.018297775317  0.014186130080  0.009061343910  0.000000000000  0.004016088704  0.000000000000  0.000000000000  0.000000000000  0.002004011409  0.002004011409  0.001001001512  0.001001001512  0.000000000000  0.000000000000  0.000000000000  0.003009037765  0.008064702510  0.007043126962  
catreus_wallichi 0.021413070187  0.017278939776  0.012116351474  0.003009037765  0.007049471005  0.003009037765  0.003009037765  0.003009037765  0.005025172400  0.005025172400  0.004016088704  0.004016088704  0.003009037765  0.003009037765  0.003009037765  0.000000000000  0.011122826479  0.010091925105  
galgal4    0.024547900410  0.020391002970  0.015190143328  0.008064702510  0.012146372545  0.008064702510  0.008064702510  0.008064702510  0.010101371796  0.010101371796  0.009081999965  0.009081999965  0.008064702510  0.008064702510  0.008064702510  0.011122826479  0.000000000000  0.013159431021  
alectoris_rufa 0.011112337115  0.013172018573  0.008051474213  0.007043126962  0.011112337115  0.007043126962  0.007043126962  0.007043126962  0.009073591701  0.009073591701  0.008057328453  0.008057328453  0.007043126962  0.007043126962  0.007043126962  0.010091925105  0.013159431021  0.000000000000  

