18
lophophorus_impejanus 0.000000000000  0.018246904843  0.022419621558  0.017235426028  0.024490768611  0.018295508061  0.011117774954  0.011117774954  0.036078357842  0.011117774954  0.020390542418  0.014181943099  0.011117774954  0.027618494051  0.025537825310  0.017276094765  0.015198173546  0.006025586468  
cyrtonyx_montezumae 0.018246904843  0.000000000000  0.035981787345  0.032799636430  0.042383508153  0.036026484270  0.028651427786  0.028651427786  0.052108671377  0.028651427786  0.037120792641  0.031798375826  0.028651427786  0.045597705493  0.043462230724  0.034984661060  0.031820183295  0.023394427423  
galgal4    0.022419621558  0.035981787345  0.000000000000  0.017247259296  0.032817335831  0.026550612192  0.019289842771  0.019289842771  0.038092959959  0.019289842771  0.028671292403  0.022389236263  0.019289842771  0.035981787345  0.033876929465  0.025519874790  0.022376662831  0.026550612192  
pavo_cristatus 0.017235426028  0.032799636430  0.017247259296  0.000000000000  0.027554549630  0.021338883639  0.014145270342  0.014145270342  0.035962138090  0.014145270342  0.023430490566  0.017216944171  0.014145270342  0.029638670501  0.027554549630  0.019279104600  0.019270105394  0.021338883639  
melgal2    0.024490768611  0.042383508153  0.032817335831  0.027554549630  0.000000000000  0.024474033381  0.021350260457  0.021350260457  0.044515360632  0.021350260457  0.030761579973  0.024459050931  0.021350260457  0.034900302470  0.035981787345  0.027599858082  0.026534961040  0.026534961040  
tragopan_blythii 0.018295508061  0.036026484270  0.026550612192  0.021338883639  0.024474033381  0.000000000000  0.015186974380  0.015186974380  0.039210660133  0.015186974380  0.024509253470  0.018267746684  0.015186974380  0.030722225741  0.029686003087  0.021378244225  0.018280764005  0.022403556896  
crossoptilon_crossoptilon 0.011117774954  0.028651427786  0.019289842771  0.014145270342  0.021350260457  0.015186974380  0.000000000000  0.000000000000  0.024474033381  0.000000000000  0.009077056395  0.003007005159  0.000000000000  0.016196415103  0.014151862989  0.006032330643  0.005018661096  0.015186974380  
catreus_wallichi 0.011117774954  0.028651427786  0.019289842771  0.014145270342  0.021350260457  0.015186974380  0.000000000000  0.000000000000  0.024474033381  0.000000000000  0.009077056395  0.003007005159  0.000000000000  0.016196415103  0.014151862989  0.006032330643  0.005018661096  0.015186974380  
rollulus_rouloul 0.036078357842  0.052108671377  0.038092959959  0.035962138090  0.044515360632  0.039210660133  0.024474033381  0.024474033381  0.000000000000  0.024474033381  0.033944497019  0.027599858082  0.024474033381  0.037026353689  0.037047261337  0.028651427786  0.029686003087  0.040284634153  
chrysolophus_pictus 0.011117774954  0.028651427786  0.019289842771  0.014145270342  0.021350260457  0.015186974380  0.000000000000  0.000000000000  0.024474033381  0.000000000000  0.009077056395  0.003007005159  0.000000000000  0.016196415103  0.014151862989  0.006032330643  0.005018661096  0.015186974380  
syrmaticus_reevesii 0.020390542418  0.037120792641  0.028671292403  0.023430490566  0.030761579973  0.024509253470  0.009077056395  0.009077056395  0.033944497019  0.009077056395  0.000000000000  0.012130320873  0.009077056395  0.025519874790  0.023446015845  0.015211088207  0.014170202527  0.024509253470  
syrmaticus_ellioti 0.014181943099  0.031798375826  0.022389236263  0.017216944171  0.024459050931  0.018267746684  0.003007005159  0.003007005159  0.027599858082  0.003007005159  0.012130320873  0.000000000000  0.003007005159  0.019279104600  0.017225319925  0.009069414327  0.008048680164  0.018267746684  
phasianus_colchicus 0.011117774954  0.028651427786  0.019289842771  0.014145270342  0.021350260457  0.015186974380  0.000000000000  0.000000000000  0.024474033381  0.000000000000  0.009077056395  0.003007005159  0.000000000000  0.016196415103  0.014151862989  0.006032330643  0.005018661096  0.015186974380  
perdix_dauuricae 0.027618494051  0.045597705493  0.035981787345  0.029638670501  0.034900302470  0.030722225741  0.016196415103  0.016196415103  0.037026353689  0.016196415103  0.025519874790  0.019279104600  0.016196415103  0.000000000000  0.018233008062  0.014140400046  0.021338883639  0.031778347524  
lophura_swinhoii 0.025537825310  0.043462230724  0.033876929465  0.027554549630  0.035981787345  0.029686003087  0.014151862989  0.014151862989  0.037047261337  0.014151862989  0.023446015845  0.017225319925  0.014151862989  0.018233008062  0.000000000000  0.013123011263  0.019279104600  0.029686003087  
lophura_inornata 0.017276094765  0.034984661060  0.025519874790  0.019279104600  0.027599858082  0.021378244225  0.006032330643  0.006032330643  0.028651427786  0.006032330643  0.015211088207  0.009069414327  0.006032330643  0.014140400046  0.013123011263  0.000000000000  0.011099576010  0.021378244225  
lophura_nycthemera 0.015198173546  0.031820183295  0.022376662831  0.019270105394  0.026534961040  0.018280764005  0.005018661096  0.005018661096  0.029686003087  0.005018661096  0.014170202527  0.008048680164  0.005018661096  0.021338883639  0.019279104600  0.011099576010  0.000000000000  0.019289842771  
alectoris_rufa 0.006025586468  0.023394427423  0.026550612192  0.021338883639  0.026534961040  0.022403556896  0.015186974380  0.015186974380  0.040284634153  0.015186974380  0.024509253470  0.018267746684  0.015186974380  0.031778347524  0.029686003087  0.021378244225  0.019289842771  0.000000000000  

