18
lophura_nycthemera 0.000000000000  0.000000000000  0.000000000000  0.000000000000  0.009059339475  0.004011392768  0.006037960114  0.000000000000  0.000000000000  0.004013263199  0.000000000000  0.011099296768  0.000000000000  0.000000000000  0.000000000000  0.003006230390  0.013135323489  0.003006996392  
catreus_wallichi 0.000000000000  0.000000000000  0.000000000000  0.000000000000  0.009059339475  0.004011392768  0.006037960114  0.000000000000  0.000000000000  0.004013263199  0.000000000000  0.011099296768  0.000000000000  0.000000000000  0.000000000000  0.003006230390  0.013135323489  0.003006996392  
galgal4    0.000000000000  0.000000000000  0.000000000000  0.000000000000  0.009059339475  0.004011392768  0.006037960114  0.000000000000  0.000000000000  0.004013263199  0.000000000000  0.011099296768  0.000000000000  0.000000000000  0.000000000000  0.003006230390  0.013135323489  0.003006996392  
melgal2    0.000000000000  0.000000000000  0.000000000000  0.000000000000  0.009059339475  0.004011392768  0.006037960114  0.000000000000  0.000000000000  0.004013263199  0.000000000000  0.011099296768  0.000000000000  0.000000000000  0.000000000000  0.003006230390  0.013135323489  0.003006996392  
lophophorus_impejanus 0.009059339475  0.009059339475  0.009059339475  0.009059339475  0.000000000000  0.013123320079  0.015186418614  0.009059339475  0.009059339475  0.012107340535  0.009059339475  0.020313271678  0.009059339475  0.009059339475  0.009059339475  0.012103339331  0.021338876075  0.012107340535  
pavo_cristatus 0.004011392768  0.004011392768  0.004011392768  0.004011392768  0.013123320079  0.000000000000  0.008053305300  0.004011392768  0.004011392768  0.008048673705  0.004011392768  0.015177259389  0.004011392768  0.004011392768  0.004011392768  0.007034302508  0.017225139697  0.007036108892  
rollulus_rouloul 0.006037960114  0.006037960114  0.006037960114  0.006037960114  0.015186418614  0.008053305300  0.000000000000  0.006037960114  0.006037960114  0.010095741839  0.006037960114  0.017259556111  0.006037960114  0.006037960114  0.006037960114  0.009069144311  0.019315192489  0.009076607387  
crossoptilon_crossoptilon 0.000000000000  0.000000000000  0.000000000000  0.000000000000  0.009059339475  0.004011392768  0.006037960114  0.000000000000  0.000000000000  0.004013263199  0.000000000000  0.011099296768  0.000000000000  0.000000000000  0.000000000000  0.003006230390  0.013135323489  0.003006996392  
lophura_swinhoii 0.000000000000  0.000000000000  0.000000000000  0.000000000000  0.009059339475  0.004011392768  0.006037960114  0.000000000000  0.000000000000  0.004013263199  0.000000000000  0.011099296768  0.000000000000  0.000000000000  0.000000000000  0.003006230390  0.013135323489  0.003006996392  
lophura_inornata 0.004013263199  0.004013263199  0.004013263199  0.004013263199  0.012107340535  0.008048673705  0.010095741839  0.004013263199  0.004013263199  0.000000000000  0.004013263199  0.015186418614  0.004013263199  0.004013263199  0.004013263199  0.007036108892  0.017234876169  0.007039619723  
syrmaticus_ellioti 0.000000000000  0.000000000000  0.000000000000  0.000000000000  0.009059339475  0.004011392768  0.006037960114  0.000000000000  0.000000000000  0.004013263199  0.000000000000  0.011099296768  0.000000000000  0.000000000000  0.000000000000  0.003006230390  0.013135323489  0.003006996392  
cyrtonyx_montezumae 0.011099296768  0.011099296768  0.011099296768  0.011099296768  0.020313271678  0.015177259389  0.017259556111  0.011099296768  0.011099296768  0.015186418614  0.011099296768  0.000000000000  0.011099296768  0.011099296768  0.011099296768  0.014151761695  0.024472875071  0.014159771326  
syrmaticus_reevesii 0.000000000000  0.000000000000  0.000000000000  0.000000000000  0.009059339475  0.004011392768  0.006037960114  0.000000000000  0.000000000000  0.004013263199  0.000000000000  0.011099296768  0.000000000000  0.000000000000  0.000000000000  0.003006230390  0.013135323489  0.003006996392  
phasianus_colchicus 0.000000000000  0.000000000000  0.000000000000  0.000000000000  0.009059339475  0.004011392768  0.006037960114  0.000000000000  0.000000000000  0.004013263199  0.000000000000  0.011099296768  0.000000000000  0.000000000000  0.000000000000  0.003006230390  0.013135323489  0.003006996392  
chrysolophus_pictus 0.000000000000  0.000000000000  0.000000000000  0.000000000000  0.009059339475  0.004011392768  0.006037960114  0.000000000000  0.000000000000  0.004013263199  0.000000000000  0.011099296768  0.000000000000  0.000000000000  0.000000000000  0.003006230390  0.013135323489  0.003006996392  
perdix_dauuricae 0.003006230390  0.003006230390  0.003006230390  0.003006230390  0.012103339331  0.007034302508  0.009069144311  0.003006230390  0.003006230390  0.007036108892  0.003006230390  0.014151761695  0.003006230390  0.003006230390  0.003006230390  0.000000000000  0.012113065700  0.002002842668  
tragopan_blythii 0.013135323489  0.013135323489  0.013135323489  0.013135323489  0.021338876075  0.017225139697  0.019315192489  0.013135323489  0.013135323489  0.017234876169  0.013135323489  0.024472875071  0.013135323489  0.013135323489  0.013135323489  0.012113065700  0.000000000000  0.012120511320  
alectoris_rufa 0.003006996392  0.003006996392  0.003006996392  0.003006996392  0.012107340535  0.007036108892  0.009076607387  0.003006996392  0.003006996392  0.007039619723  0.003006996392  0.014159771326  0.003006996392  0.003006996392  0.003006996392  0.002002842668  0.012120511320  0.000000000000  

