18
lophophorus_impejanus 0.000000000000  0.010089965151  0.006024839692  0.011094869849  0.008046132194  0.008046132194  0.008046132194  0.017213249467  0.008046132194  0.008046132194  0.013124786559  0.010069851487  0.009057201971  0.030738112987  0.004011487340  0.006025897820  0.028629735731  0.012134156531  
tragopan_blythii 0.010089965151  0.000000000000  0.016200203435  0.021372166870  0.018261996443  0.018261996443  0.018261996443  0.025485229389  0.018261996443  0.018261996443  0.023425457813  0.020308837428  0.019284613001  0.040347603130  0.014164006013  0.016209989328  0.039212945466  0.022450202816  
perdix_dauuricae 0.006024839692  0.016200203435  0.000000000000  0.011085904262  0.008044472833  0.008044472833  0.008044472833  0.017203762501  0.008044472833  0.008044472833  0.013118029413  0.010070430265  0.009056658275  0.031757821708  0.006024839692  0.008044419622  0.030702626428  0.018261996443  
melgal2    0.011094869849  0.021372166870  0.011085904262  0.000000000000  0.012104212607  0.012104212607  0.012104212607  0.021325807238  0.012104212607  0.012104212607  0.017213249467  0.014138411959  0.014142129445  0.038140480889  0.011094869849  0.013130841672  0.036003044802  0.021372166870  
phasianus_colchicus 0.008046132194  0.018261996443  0.008044472833  0.012104212607  0.000000000000  0.000000000000  0.000000000000  0.009060128316  0.000000000000  0.000000000000  0.005018989880  0.002003096623  0.003007152998  0.034938050086  0.008046132194  0.010072225378  0.032815449901  0.020333098555  
lophura_nycthemera 0.008046132194  0.018261996443  0.008044472833  0.012104212607  0.000000000000  0.000000000000  0.000000000000  0.009060128316  0.000000000000  0.000000000000  0.005018989880  0.002003096623  0.003007152998  0.034938050086  0.008046132194  0.010072225378  0.032815449901  0.020333098555  
lophura_inornata 0.008046132194  0.018261996443  0.008044472833  0.012104212607  0.000000000000  0.000000000000  0.000000000000  0.009060128316  0.000000000000  0.000000000000  0.005018989880  0.002003096623  0.003007152998  0.034938050086  0.008046132194  0.010072225378  0.032815449901  0.020333098555  
syrmaticus_ellioti 0.017213249467  0.025485229389  0.017203762501  0.021325807238  0.009060128316  0.009060128316  0.009060128316  0.000000000000  0.009060128316  0.009060128316  0.014147636222  0.011085904262  0.012109035188  0.044494481711  0.017213249467  0.019266498145  0.042337794030  0.029682713017  
crossoptilon_crossoptilon 0.008046132194  0.018261996443  0.008044472833  0.012104212607  0.000000000000  0.000000000000  0.000000000000  0.009060128316  0.000000000000  0.000000000000  0.005018989880  0.002003096623  0.003007152998  0.034938050086  0.008046132194  0.010072225378  0.032815449901  0.020333098555  
chrysolophus_pictus 0.008046132194  0.018261996443  0.008044472833  0.012104212607  0.000000000000  0.000000000000  0.000000000000  0.009060128316  0.000000000000  0.000000000000  0.005018989880  0.002003096623  0.003007152998  0.034938050086  0.008046132194  0.010072225378  0.032815449901  0.020333098555  
syrmaticus_reevesii 0.013124786559  0.023425457813  0.013118029413  0.017213249467  0.005018989880  0.005018989880  0.005018989880  0.014147636222  0.005018989880  0.005018989880  0.000000000000  0.007034372601  0.008049607635  0.038093775148  0.013124786559  0.015166024419  0.037026511467  0.025515031276  
catreus_wallichi 0.010069851487  0.020308837428  0.010070430265  0.014138411959  0.002003096623  0.002003096623  0.002003096623  0.011085904262  0.002003096623  0.002003096623  0.007034372601  0.000000000000  0.003007152998  0.037026511467  0.010069851487  0.012101170439  0.034899404811  0.022384229773  
lophura_swinhoii 0.009057201971  0.019284613001  0.009056658275  0.014142129445  0.003007152998  0.003007152998  0.003007152998  0.012109035188  0.003007152998  0.003007152998  0.008049607635  0.003007152998  0.000000000000  0.035981448244  0.009057201971  0.011085904262  0.033856597213  0.021357858010  
cyrtonyx_montezumae 0.030738112987  0.040347603130  0.031757821708  0.038140480889  0.034938050086  0.034938050086  0.034938050086  0.044494481711  0.034938050086  0.034938050086  0.038093775148  0.037026511467  0.035981448244  0.000000000000  0.026563398380  0.030719444173  0.054253817218  0.043528055201  
galgal4    0.004011487340  0.014164006013  0.006024839692  0.011094869849  0.008046132194  0.008046132194  0.008046132194  0.017213249467  0.008046132194  0.008046132194  0.013124786559  0.010069851487  0.009057201971  0.026563398380  0.000000000000  0.005017381117  0.028629735731  0.016221564772  
pavo_cristatus 0.006025897820  0.016209989328  0.008044419622  0.013130841672  0.010072225378  0.010072225378  0.010072225378  0.019266498145  0.010072225378  0.010072225378  0.015166024419  0.012101170439  0.011085904262  0.030719444173  0.005017381117  0.000000000000  0.030719444173  0.018274297550  
rollulus_rouloul 0.028629735731  0.039212945466  0.030702626428  0.036003044802  0.032815449901  0.032815449901  0.032815449901  0.042337794030  0.032815449901  0.032815449901  0.037026511467  0.034899404811  0.033856597213  0.054253817218  0.028629735731  0.030719444173  0.000000000000  0.039212945466  
alectoris_rufa 0.012134156531  0.022450202816  0.018261996443  0.021372166870  0.020333098555  0.020333098555  0.020333098555  0.029682713017  0.020333098555  0.020333098555  0.025515031276  0.022384229773  0.021357858010  0.043528055201  0.016221564772  0.018274297550  0.039212945466  0.000000000000  

