18
cyrtonyx_montezumae 0.000000000000  0.016211662237  0.018262543911  0.027646392653  0.015183303892  0.017230949388  0.015183303892  0.027625396146  0.015183303892  0.013133067668  0.014157108730  0.013133067668  0.013133067668  0.013133067668  0.022395624039  0.016201531668  0.019284461660  0.016201531668  
crossoptilon_crossoptilon 0.016211662237  0.000000000000  0.002002787672  0.011114898697  0.001001026319  0.003006880175  0.001001026319  0.017269515820  0.005025799345  0.003009262240  0.004016488857  0.003009262240  0.003009262240  0.003009262240  0.018251801080  0.012105446346  0.015166870420  0.012105446346  
lophophorus_impejanus 0.018262543911  0.002002787672  0.000000000000  0.009084053615  0.003006880175  0.005018349557  0.003006880175  0.019324909437  0.007044045136  0.005021286466  0.006031617427  0.005021286466  0.005021286466  0.005021286466  0.020307951471  0.014142880100  0.017213313157  0.014142880100  
tragopan_blythii 0.027646392653  0.011114898697  0.009084053615  0.000000000000  0.012137942059  0.014177760447  0.012137942059  0.028749520598  0.016251705352  0.014190487540  0.015220007827  0.014190487540  0.014190487540  0.014190487540  0.029711424030  0.023437102955  0.026556750576  0.023437102955  
phasianus_colchicus 0.015183303892  0.001001026319  0.003006880175  0.012137942059  0.000000000000  0.002002787672  0.000000000000  0.016236752026  0.004016488857  0.002004110905  0.003009262240  0.002004110905  0.002004110905  0.002004110905  0.017221321801  0.011086776285  0.014142880100  0.011086776285  
perdix_dauuricae 0.017230949388  0.003006880175  0.005018349557  0.014177760447  0.002002787672  0.000000000000  0.002002787672  0.018288881634  0.006031617427  0.004013043586  0.005021286466  0.004013043586  0.004013043586  0.004013043586  0.019274222630  0.013121034643  0.016186114135  0.013121034643  
syrmaticus_reevesii 0.015183303892  0.001001026319  0.003006880175  0.012137942059  0.000000000000  0.002002787672  0.000000000000  0.016236752026  0.004016488857  0.002004110905  0.003009262240  0.002004110905  0.002004110905  0.002004110905  0.017221321801  0.011086776285  0.014142880100  0.011086776285  
melgal2    0.027625396146  0.017269515820  0.019324909437  0.028749520598  0.016236752026  0.018288881634  0.016236752026  0.000000000000  0.016236752026  0.014177760447  0.015206169968  0.014177760447  0.014177760447  0.014177760447  0.029691395355  0.023422345988  0.026540198318  0.023422345988  
lophura_swinhoii 0.015183303892  0.005025799345  0.007044045136  0.016251705352  0.004016488857  0.006031617427  0.004016488857  0.016236752026  0.000000000000  0.002004110905  0.003009262240  0.002004110905  0.002004110905  0.002004110905  0.017221321801  0.011086776285  0.014142880100  0.011086776285  
syrmaticus_ellioti 0.013133067668  0.003009262240  0.005021286466  0.014190487540  0.002004110905  0.004013043586  0.002004110905  0.014177760447  0.002004110905  0.000000000000  0.001001026319  0.000000000000  0.000000000000  0.000000000000  0.015166870420  0.009055795304  0.012101325084  0.009055795304  
chrysolophus_pictus 0.014157108730  0.004016488857  0.006031617427  0.015220007827  0.003009262240  0.005021286466  0.003009262240  0.015206169968  0.003009262240  0.001001026319  0.000000000000  0.001001026319  0.001001026319  0.001001026319  0.016193014627  0.010070228880  0.013121034643  0.010070228880  
lophura_nycthemera 0.013133067668  0.003009262240  0.005021286466  0.014190487540  0.002004110905  0.004013043586  0.002004110905  0.014177760447  0.002004110905  0.000000000000  0.001001026319  0.000000000000  0.000000000000  0.000000000000  0.015166870420  0.009055795304  0.012101325084  0.009055795304  
catreus_wallichi 0.013133067668  0.003009262240  0.005021286466  0.014190487540  0.002004110905  0.004013043586  0.002004110905  0.014177760447  0.002004110905  0.000000000000  0.001001026319  0.000000000000  0.000000000000  0.000000000000  0.015166870420  0.009055795304  0.012101325084  0.009055795304  
lophura_inornata 0.013133067668  0.003009262240  0.005021286466  0.014190487540  0.002004110905  0.004013043586  0.002004110905  0.014177760447  0.002004110905  0.000000000000  0.001001026319  0.000000000000  0.000000000000  0.000000000000  0.015166870420  0.009055795304  0.012101325084  0.009055795304  
galgal4    0.022395624039  0.018251801080  0.020307951471  0.029711424030  0.017221321801  0.019274222630  0.017221321801  0.029691395355  0.017221321801  0.015166870420  0.016193014627  0.015166870420  0.015166870420  0.015166870420  0.000000000000  0.012118498069  0.015183303892  0.012118498069  
rollulus_rouloul 0.016201531668  0.012105446346  0.014142880100  0.023437102955  0.011086776285  0.013121034643  0.011086776285  0.023422345988  0.011086776285  0.009055795304  0.010070228880  0.009055795304  0.009055795304  0.009055795304  0.012118498069  0.000000000000  0.003006880175  0.000000000000  
pavo_cristatus 0.019284461660  0.015166870420  0.017213313157  0.026556750576  0.014142880100  0.016186114135  0.014142880100  0.026540198318  0.014142880100  0.012101325084  0.013121034643  0.012101325084  0.012101325084  0.012101325084  0.015183303892  0.003006880175  0.000000000000  0.003006880175  
alectoris_rufa 0.016201531668  0.012105446346  0.014142880100  0.023437102955  0.011086776285  0.013121034643  0.011086776285  0.023422345988  0.011086776285  0.009055795304  0.010070228880  0.009055795304  0.009055795304  0.009055795304  0.012118498069  0.000000000000  0.003006880175  0.000000000000  

