18
cyrtonyx_montezumae 0.000000000000  0.000000000000  0.000000000000  0.004013200558  0.002003053055  0.000000000000  0.000000000000  0.000000000000  0.004011251352  0.007033399569  0.003006101050  0.000000000000  0.000000000000  0.000000000000  0.000000000000  0.000000000000  0.000000000000  0.000000000000  
lophura_nycthemera 0.000000000000  0.000000000000  0.000000000000  0.004013200558  0.002003053055  0.000000000000  0.000000000000  0.000000000000  0.004011251352  0.007033399569  0.003006101050  0.000000000000  0.000000000000  0.000000000000  0.000000000000  0.000000000000  0.000000000000  0.000000000000  
lophura_inornata 0.000000000000  0.000000000000  0.000000000000  0.004013200558  0.002003053055  0.000000000000  0.000000000000  0.000000000000  0.004011251352  0.007033399569  0.003006101050  0.000000000000  0.000000000000  0.000000000000  0.000000000000  0.000000000000  0.000000000000  0.000000000000  
catreus_wallichi 0.004013200558  0.004013200558  0.004013200558  0.000000000000  0.006025364534  0.004013200558  0.004013200558  0.004013200558  0.008048296187  0.011084284978  0.007035763726  0.004013200558  0.004013200558  0.004013200558  0.004013200558  0.004013200558  0.004013200558  0.004013200558  
pavo_cristatus 0.002003053055  0.002003053055  0.002003053055  0.006025364534  0.000000000000  0.002003053055  0.002003053055  0.002003053055  0.006024470625  0.009055922503  0.005017299879  0.002003053055  0.002003053055  0.002003053055  0.002003053055  0.002003053055  0.002003053055  0.002003053055  
rollulus_rouloul 0.000000000000  0.000000000000  0.000000000000  0.004013200558  0.002003053055  0.000000000000  0.000000000000  0.000000000000  0.004011251352  0.007033399569  0.003006101050  0.000000000000  0.000000000000  0.000000000000  0.000000000000  0.000000000000  0.000000000000  0.000000000000  
syrmaticus_reevesii 0.000000000000  0.000000000000  0.000000000000  0.004013200558  0.002003053055  0.000000000000  0.000000000000  0.000000000000  0.004011251352  0.007033399569  0.003006101050  0.000000000000  0.000000000000  0.000000000000  0.000000000000  0.000000000000  0.000000000000  0.000000000000  
melgal2    0.000000000000  0.000000000000  0.000000000000  0.004013200558  0.002003053055  0.000000000000  0.000000000000  0.000000000000  0.004011251352  0.007033399569  0.003006101050  0.000000000000  0.000000000000  0.000000000000  0.000000000000  0.000000000000  0.000000000000  0.000000000000  
lophophorus_impejanus 0.004011251352  0.004011251352  0.004011251352  0.008048296187  0.006024470625  0.004011251352  0.004011251352  0.004011251352  0.000000000000  0.011082762394  0.006027894259  0.004011251352  0.004011251352  0.004011251352  0.004011251352  0.004011251352  0.004011251352  0.004011251352  
tragopan_blythii 0.007033399569  0.007033399569  0.007033399569  0.011084284978  0.009055922503  0.007033399569  0.007033399569  0.007033399569  0.011082762394  0.000000000000  0.010068271689  0.007033399569  0.007033399569  0.007033399569  0.007033399569  0.007033399569  0.007033399569  0.007033399569  
perdix_dauuricae 0.003006101050  0.003006101050  0.003006101050  0.007035763726  0.005017299879  0.003006101050  0.003006101050  0.003006101050  0.006027894259  0.010068271689  0.000000000000  0.003006101050  0.003006101050  0.003006101050  0.003006101050  0.003006101050  0.003006101050  0.003006101050  
lophura_swinhoii 0.000000000000  0.000000000000  0.000000000000  0.004013200558  0.002003053055  0.000000000000  0.000000000000  0.000000000000  0.004011251352  0.007033399569  0.003006101050  0.000000000000  0.000000000000  0.000000000000  0.000000000000  0.000000000000  0.000000000000  0.000000000000  
syrmaticus_ellioti 0.000000000000  0.000000000000  0.000000000000  0.004013200558  0.002003053055  0.000000000000  0.000000000000  0.000000000000  0.004011251352  0.007033399569  0.003006101050  0.000000000000  0.000000000000  0.000000000000  0.000000000000  0.000000000000  0.000000000000  0.000000000000  
crossoptilon_crossoptilon 0.000000000000  0.000000000000  0.000000000000  0.004013200558  0.002003053055  0.000000000000  0.000000000000  0.000000000000  0.004011251352  0.007033399569  0.003006101050  0.000000000000  0.000000000000  0.000000000000  0.000000000000  0.000000000000  0.000000000000  0.000000000000  
chrysolophus_pictus 0.000000000000  0.000000000000  0.000000000000  0.004013200558  0.002003053055  0.000000000000  0.000000000000  0.000000000000  0.004011251352  0.007033399569  0.003006101050  0.000000000000  0.000000000000  0.000000000000  0.000000000000  0.000000000000  0.000000000000  0.000000000000  
phasianus_colchicus 0.000000000000  0.000000000000  0.000000000000  0.004013200558  0.002003053055  0.000000000000  0.000000000000  0.000000000000  0.004011251352  0.007033399569  0.003006101050  0.000000000000  0.000000000000  0.000000000000  0.000000000000  0.000000000000  0.000000000000  0.000000000000  
galgal4    0.000000000000  0.000000000000  0.000000000000  0.004013200558  0.002003053055  0.000000000000  0.000000000000  0.000000000000  0.004011251352  0.007033399569  0.003006101050  0.000000000000  0.000000000000  0.000000000000  0.000000000000  0.000000000000  0.000000000000  0.000000000000  
alectoris_rufa 0.000000000000  0.000000000000  0.000000000000  0.004013200558  0.002003053055  0.000000000000  0.000000000000  0.000000000000  0.004011251352  0.007033399569  0.003006101050  0.000000000000  0.000000000000  0.000000000000  0.000000000000  0.000000000000  0.000000000000  0.000000000000  

