18
syrmaticus_reevesii 0.000000000000  0.001001024028  0.004013019686  0.009083863870  0.004016451891  0.011125626177  0.007050592395  0.005025741426  0.008066171195  0.005025741426  0.005025741426  0.005025741426  0.005025741426  0.005025741426  0.005025741426  0.005025741426  0.005025741426  0.003006868500  
pavo_cristatus 0.001001024028  0.000000000000  0.003006868500  0.008066171195  0.003009241504  0.010103679239  0.006037118709  0.004016451891  0.007050592395  0.004016451891  0.004016451891  0.004016451891  0.004016451891  0.004016451891  0.004016451891  0.004016451891  0.004016451891  0.004013019686  
cyrtonyx_montezumae 0.004013019686  0.003006868500  0.000000000000  0.011114655521  0.006031554949  0.013162785321  0.009075069484  0.007043956227  0.010093798990  0.007043956227  0.007043956227  0.007043956227  0.007043956227  0.007043956227  0.007043956227  0.007043956227  0.007043956227  0.007038894869  
melgal2    0.009083863870  0.008066171195  0.011114655521  0.000000000000  0.011125626177  0.018339695834  0.014204345968  0.012149713611  0.015234909033  0.012149713611  0.012149713611  0.012149713611  0.012149713611  0.012149713611  0.012149713611  0.012149713611  0.012149713611  0.012137647979  
syrmaticus_ellioti 0.004016451891  0.003009241504  0.006031554949  0.011125626177  0.000000000000  0.007050592395  0.003009241504  0.001001024028  0.004016451891  0.001001024028  0.001001024028  0.001001024028  0.001001024028  0.001001024028  0.001001024028  0.001001024028  0.001001024028  0.007043956227  
rollulus_rouloul 0.011125626177  0.010103679239  0.013162785321  0.018339695834  0.007050592395  0.000000000000  0.010103679239  0.008066171195  0.011125626177  0.008066171195  0.008066171195  0.008066171195  0.008066171195  0.008066171195  0.008066171195  0.008066171195  0.008066171195  0.014190076559  
chrysolophus_pictus 0.007050592395  0.006037118709  0.009075069484  0.014204345968  0.003009241504  0.010103679239  0.000000000000  0.004016451891  0.007050592395  0.004016451891  0.004016451891  0.004016451891  0.004016451891  0.004016451891  0.004016451891  0.004016451891  0.004016451891  0.010093798990  
lophura_inornata 0.005025741426  0.004016451891  0.007043956227  0.012149713611  0.001001024028  0.008066171195  0.004016451891  0.000000000000  0.003009241504  0.000000000000  0.000000000000  0.000000000000  0.000000000000  0.000000000000  0.000000000000  0.000000000000  0.000000000000  0.008058458160  
phasianus_colchicus 0.008066171195  0.007050592395  0.010093798990  0.015234909033  0.004016451891  0.011125626177  0.007050592395  0.003009241504  0.000000000000  0.003009241504  0.003009241504  0.003009241504  0.003009241504  0.003009241504  0.003009241504  0.003009241504  0.003009241504  0.011114655521  
catreus_wallichi 0.005025741426  0.004016451891  0.007043956227  0.012149713611  0.001001024028  0.008066171195  0.004016451891  0.000000000000  0.003009241504  0.000000000000  0.000000000000  0.000000000000  0.000000000000  0.000000000000  0.000000000000  0.000000000000  0.000000000000  0.008058458160  
perdix_dauuricae 0.005025741426  0.004016451891  0.007043956227  0.012149713611  0.001001024028  0.008066171195  0.004016451891  0.000000000000  0.003009241504  0.000000000000  0.000000000000  0.000000000000  0.000000000000  0.000000000000  0.000000000000  0.000000000000  0.000000000000  0.008058458160  
lophophorus_impejanus 0.005025741426  0.004016451891  0.007043956227  0.012149713611  0.001001024028  0.008066171195  0.004016451891  0.000000000000  0.003009241504  0.000000000000  0.000000000000  0.000000000000  0.000000000000  0.000000000000  0.000000000000  0.000000000000  0.000000000000  0.008058458160  
lophura_nycthemera 0.005025741426  0.004016451891  0.007043956227  0.012149713611  0.001001024028  0.008066171195  0.004016451891  0.000000000000  0.003009241504  0.000000000000  0.000000000000  0.000000000000  0.000000000000  0.000000000000  0.000000000000  0.000000000000  0.000000000000  0.008058458160  
lophura_swinhoii 0.005025741426  0.004016451891  0.007043956227  0.012149713611  0.001001024028  0.008066171195  0.004016451891  0.000000000000  0.003009241504  0.000000000000  0.000000000000  0.000000000000  0.000000000000  0.000000000000  0.000000000000  0.000000000000  0.000000000000  0.008058458160  
tragopan_blythii 0.005025741426  0.004016451891  0.007043956227  0.012149713611  0.001001024028  0.008066171195  0.004016451891  0.000000000000  0.003009241504  0.000000000000  0.000000000000  0.000000000000  0.000000000000  0.000000000000  0.000000000000  0.000000000000  0.000000000000  0.008058458160  
crossoptilon_crossoptilon 0.005025741426  0.004016451891  0.007043956227  0.012149713611  0.001001024028  0.008066171195  0.004016451891  0.000000000000  0.003009241504  0.000000000000  0.000000000000  0.000000000000  0.000000000000  0.000000000000  0.000000000000  0.000000000000  0.000000000000  0.008058458160  
galgal4    0.005025741426  0.004016451891  0.007043956227  0.012149713611  0.001001024028  0.008066171195  0.004016451891  0.000000000000  0.003009241504  0.000000000000  0.000000000000  0.000000000000  0.000000000000  0.000000000000  0.000000000000  0.000000000000  0.000000000000  0.008058458160  
alectoris_rufa 0.003006868500  0.004013019686  0.007038894869  0.012137647979  0.007043956227  0.014190076559  0.010093798990  0.008058458160  0.011114655521  0.008058458160  0.008058458160  0.008058458160  0.008058458160  0.008058458160  0.008058458160  0.008058458160  0.008058458160  0.000000000000  

