18
phasianus_colchicus 0.000000000000  0.000000000000  0.000000000000  0.010069911117  0.003006808199  0.000000000000  0.000000000000  0.000000000000  0.000000000000  0.009054726080  0.003006047942  0.000000000000  0.002003022478  0.012098416708  0.002003022478  0.000000000000  0.000000000000  0.000000000000  
lophura_inornata 0.000000000000  0.000000000000  0.000000000000  0.010069911117  0.003006808199  0.000000000000  0.000000000000  0.000000000000  0.000000000000  0.009054726080  0.003006047942  0.000000000000  0.002003022478  0.012098416708  0.002003022478  0.000000000000  0.000000000000  0.000000000000  
tragopan_blythii 0.000000000000  0.000000000000  0.000000000000  0.010069911117  0.003006808199  0.000000000000  0.000000000000  0.000000000000  0.000000000000  0.009054726080  0.003006047942  0.000000000000  0.002003022478  0.012098416708  0.002003022478  0.000000000000  0.000000000000  0.000000000000  
galgal4    0.010069911117  0.010069911117  0.010069911117  0.000000000000  0.013114998251  0.010069911117  0.010069911117  0.010069911117  0.010069911117  0.019248556056  0.011082007695  0.010069911117  0.012098416708  0.021304716356  0.012098416708  0.010069911117  0.010069911117  0.010069911117  
perdix_dauuricae 0.003006808199  0.003006808199  0.003006808199  0.013114998251  0.000000000000  0.003006808199  0.003006808199  0.003006808199  0.003006808199  0.012098283836  0.006025006986  0.003006808199  0.005018954183  0.015152845281  0.005018954183  0.003006808199  0.003006808199  0.003006808199  
chrysolophus_pictus 0.000000000000  0.000000000000  0.000000000000  0.010069911117  0.003006808199  0.000000000000  0.000000000000  0.000000000000  0.000000000000  0.009054726080  0.003006047942  0.000000000000  0.002003022478  0.012098416708  0.002003022478  0.000000000000  0.000000000000  0.000000000000  
lophophorus_impejanus 0.000000000000  0.000000000000  0.000000000000  0.010069911117  0.003006808199  0.000000000000  0.000000000000  0.000000000000  0.000000000000  0.009054726080  0.003006047942  0.000000000000  0.002003022478  0.012098416708  0.002003022478  0.000000000000  0.000000000000  0.000000000000  
lophura_nycthemera 0.000000000000  0.000000000000  0.000000000000  0.010069911117  0.003006808199  0.000000000000  0.000000000000  0.000000000000  0.000000000000  0.009054726080  0.003006047942  0.000000000000  0.002003022478  0.012098416708  0.002003022478  0.000000000000  0.000000000000  0.000000000000  
rollulus_rouloul 0.000000000000  0.000000000000  0.000000000000  0.010069911117  0.003006808199  0.000000000000  0.000000000000  0.000000000000  0.000000000000  0.009054726080  0.003006047942  0.000000000000  0.002003022478  0.012098416708  0.002003022478  0.000000000000  0.000000000000  0.000000000000  
cyrtonyx_montezumae 0.009054726080  0.009054726080  0.009054726080  0.019248556056  0.012098283836  0.009054726080  0.009054726080  0.009054726080  0.009054726080  0.000000000000  0.012097555083  0.009054726080  0.011082211002  0.021302155028  0.011082211002  0.009054726080  0.009054726080  0.009054726080  
catreus_wallichi 0.003006047942  0.003006047942  0.003006047942  0.011082007695  0.006025006986  0.003006047942  0.003006047942  0.003006047942  0.003006047942  0.012097555083  0.000000000000  0.003006047942  0.005017158713  0.015153730849  0.005017158713  0.003006047942  0.003006047942  0.003006047942  
syrmaticus_reevesii 0.000000000000  0.000000000000  0.000000000000  0.010069911117  0.003006808199  0.000000000000  0.000000000000  0.000000000000  0.000000000000  0.009054726080  0.003006047942  0.000000000000  0.002003022478  0.012098416708  0.002003022478  0.000000000000  0.000000000000  0.000000000000  
melgal2    0.002003022478  0.002003022478  0.002003022478  0.012098416708  0.005018954183  0.002003022478  0.002003022478  0.002003022478  0.002003022478  0.011082211002  0.005017158713  0.002003022478  0.000000000000  0.010069911117  0.004012117053  0.002003022478  0.002003022478  0.002003022478  
pavo_cristatus 0.012098416708  0.012098416708  0.012098416708  0.021304716356  0.015152845281  0.012098416708  0.012098416708  0.012098416708  0.012098416708  0.021302155028  0.015153730849  0.012098416708  0.010069911117  0.000000000000  0.014133139336  0.012098416708  0.012098416708  0.012098416708  
lophura_swinhoii 0.002003022478  0.002003022478  0.002003022478  0.012098416708  0.005018954183  0.002003022478  0.002003022478  0.002003022478  0.002003022478  0.011082211002  0.005017158713  0.002003022478  0.004012117053  0.014133139336  0.000000000000  0.002003022478  0.002003022478  0.002003022478  
syrmaticus_ellioti 0.000000000000  0.000000000000  0.000000000000  0.010069911117  0.003006808199  0.000000000000  0.000000000000  0.000000000000  0.000000000000  0.009054726080  0.003006047942  0.000000000000  0.002003022478  0.012098416708  0.002003022478  0.000000000000  0.000000000000  0.000000000000  
crossoptilon_crossoptilon 0.000000000000  0.000000000000  0.000000000000  0.010069911117  0.003006808199  0.000000000000  0.000000000000  0.000000000000  0.000000000000  0.009054726080  0.003006047942  0.000000000000  0.002003022478  0.012098416708  0.002003022478  0.000000000000  0.000000000000  0.000000000000  
alectoris_rufa 0.000000000000  0.000000000000  0.000000000000  0.010069911117  0.003006808199  0.000000000000  0.000000000000  0.000000000000  0.000000000000  0.009054726080  0.003006047942  0.000000000000  0.002003022478  0.012098416708  0.002003022478  0.000000000000  0.000000000000  0.000000000000  

