18
galgal4    0.000000000000  0.013143446738  0.010079885217  0.027595714254  0.030659745563  0.028574216844  0.020285900568  0.020285900568  0.024421414536  0.031738348179  0.025452926301  0.019268143713  0.010074508297  0.010074508297  0.022386562149  0.010074508297  0.015185690965  0.022400770532  
cyrtonyx_montezumae 0.013143446738  0.000000000000  0.020323249075  0.035996254929  0.041212403434  0.039094405428  0.030671526240  0.030671526240  0.034877271943  0.042324945333  0.035921373443  0.029648056016  0.020311387118  0.020311387118  0.032831017790  0.020311387118  0.025516280530  0.036044113455  
pavo_cristatus 0.010079885217  0.020323249075  0.000000000000  0.017233816310  0.036953286744  0.034849243018  0.026486051085  0.026486051085  0.030659745563  0.038046399122  0.031699398620  0.025462190043  0.016187816360  0.016187816360  0.027563897038  0.016187816360  0.021347850779  0.032852120076  
rollulus_rouloul 0.027595714254  0.035996254929  0.017233816310  0.000000000000  0.054078187979  0.051920786396  0.044411014922  0.044411014922  0.048708306894  0.056325319173  0.049769932424  0.043377529806  0.033851952762  0.033851952762  0.045559124640  0.033851952762  0.039177133214  0.049938120700  
lophura_inornata 0.030659745563  0.041212403434  0.036953286744  0.054078187979  0.000000000000  0.010079885217  0.010074508297  0.010074508297  0.014150816364  0.021360883407  0.015168530639  0.017208678898  0.020285900568  0.020285900568  0.033834810885  0.020285900568  0.025473160369  0.051945107703  
syrmaticus_reevesii 0.028574216844  0.039094405428  0.034849243018  0.051920786396  0.010079885217  0.000000000000  0.008048343078  0.008048343078  0.012112440969  0.019300229759  0.013127543867  0.015162446886  0.018231123656  0.018231123656  0.031738348179  0.018231123656  0.023401823003  0.049793481708  
syrmaticus_ellioti 0.020285900568  0.030671526240  0.026486051085  0.044411014922  0.010074508297  0.008048343078  0.000000000000  0.000000000000  0.004013215870  0.011107048919  0.005018529717  0.007033775803  0.010068697489  0.010068697489  0.023401823003  0.010068697489  0.015168530639  0.043377529806  
crossoptilon_crossoptilon 0.020285900568  0.030671526240  0.026486051085  0.044411014922  0.010074508297  0.008048343078  0.000000000000  0.000000000000  0.004013215870  0.011107048919  0.005018529717  0.007033775803  0.010068697489  0.010068697489  0.023401823003  0.010068697489  0.015168530639  0.043377529806  
lophura_swinhoii 0.024421414536  0.034877271943  0.030659745563  0.048708306894  0.014150816364  0.012112440969  0.004013215870  0.004013215870  0.000000000000  0.007044736827  0.009063037057  0.011087533965  0.014139267810  0.014139267810  0.027563897038  0.014139267810  0.019277161458  0.047672943471  
lophura_nycthemera 0.031738348179  0.042324945333  0.038046399122  0.056325319173  0.021360883407  0.019300229759  0.011107048919  0.011107048919  0.007044736827  0.000000000000  0.016214505324  0.018254699900  0.021336502006  0.021336502006  0.034932361641  0.021336502006  0.024455883746  0.055288395626  
catreus_wallichi 0.025452926301  0.035921373443  0.031699398620  0.049769932424  0.015168530639  0.013127543867  0.005018529717  0.005018529717  0.009063037057  0.016214505324  0.000000000000  0.012102119357  0.015158031410  0.015158031410  0.028598155015  0.015158031410  0.020301206376  0.048732369736  
perdix_dauuricae 0.019268143713  0.029648056016  0.025462190043  0.043377529806  0.017208678898  0.015162446886  0.007033775803  0.007033775803  0.011087533965  0.018254699900  0.012102119357  0.000000000000  0.009058784400  0.009058784400  0.022386562149  0.009058784400  0.014159081731  0.042348501750  
chrysolophus_pictus 0.010074508297  0.020311387118  0.016187816360  0.033851952762  0.020285900568  0.018231123656  0.010068697489  0.010068697489  0.014139267810  0.021336502006  0.015158031410  0.009058784400  0.000000000000  0.000000000000  0.013143446738  0.000000000000  0.005026280675  0.032831017790  
lophophorus_impejanus 0.010074508297  0.020311387118  0.016187816360  0.033851952762  0.020285900568  0.018231123656  0.010068697489  0.010068697489  0.014139267810  0.021336502006  0.015158031410  0.009058784400  0.000000000000  0.000000000000  0.013143446738  0.000000000000  0.005026280675  0.032831017790  
melgal2    0.022386562149  0.032831017790  0.027563897038  0.045559124640  0.033834810885  0.031738348179  0.023401823003  0.023401823003  0.027563897038  0.034932361641  0.028598155015  0.022386562149  0.013143446738  0.013143446738  0.000000000000  0.013143446738  0.018293333384  0.045615606591  
phasianus_colchicus 0.010074508297  0.020311387118  0.016187816360  0.033851952762  0.020285900568  0.018231123656  0.010068697489  0.010068697489  0.014139267810  0.021336502006  0.015158031410  0.009058784400  0.000000000000  0.000000000000  0.013143446738  0.000000000000  0.005026280675  0.032831017790  
tragopan_blythii 0.015185690965  0.025516280530  0.021347850779  0.039177133214  0.025473160369  0.023401823003  0.015168530639  0.015168530639  0.019277161458  0.024455883746  0.020301206376  0.014159081731  0.005026280675  0.005026280675  0.018293333384  0.005026280675  0.000000000000  0.038156704354  
alectoris_rufa 0.022400770532  0.036044113455  0.032852120076  0.049938120700  0.051945107703  0.049793481708  0.043377529806  0.043377529806  0.047672943471  0.055288395626  0.048732369736  0.042348501750  0.032831017790  0.032831017790  0.045615606591  0.032831017790  0.038156704354  0.000000000000  

