18
chrysolophus_pictus 0.000000000000  0.000000000000  0.000000000000  0.003006900285  0.013142008122  0.000000000000  0.014178513350  0.012118915480  0.009068234013  0.009068234013  0.000000000000  0.000000000000  0.004016571527  0.004016571527  0.003009308614  0.003009308614  0.003009308614  0.002003036112  
tragopan_blythii 0.000000000000  0.000000000000  0.000000000000  0.003006900285  0.013142008122  0.000000000000  0.014178513350  0.012118915480  0.009068234013  0.009068234013  0.000000000000  0.000000000000  0.004016571527  0.004016571527  0.003009308614  0.003009308614  0.003009308614  0.002003036112  
crossoptilon_crossoptilon 0.000000000000  0.000000000000  0.000000000000  0.003006900285  0.013142008122  0.000000000000  0.014178513350  0.012118915480  0.009068234013  0.009068234013  0.000000000000  0.000000000000  0.004016571527  0.004016571527  0.003009308614  0.003009308614  0.003009308614  0.002003036112  
perdix_dauuricae 0.003006900285  0.003006900285  0.003006900285  0.000000000000  0.016212412068  0.003006900285  0.017256078967  0.015183931702  0.012118915480  0.012118915480  0.003006900285  0.003006900285  0.007044229857  0.007044229857  0.006031745077  0.006031745077  0.006031745077  0.005017014470  
phasianus_colchicus 0.013142008122  0.013142008122  0.013142008122  0.016212412068  0.000000000000  0.013142008122  0.027649002570  0.025528681161  0.022412406889  0.022412406889  0.013142008122  0.013142008122  0.017256078967  0.017256078967  0.016224287803  0.016224287803  0.016224287803  0.015174799598  
lophura_nycthemera 0.000000000000  0.000000000000  0.000000000000  0.003006900285  0.013142008122  0.000000000000  0.014178513350  0.012118915480  0.009068234013  0.009068234013  0.000000000000  0.000000000000  0.004016571527  0.004016571527  0.003009308614  0.003009308614  0.003009308614  0.002003036112  
galgal4    0.014178513350  0.014178513350  0.014178513350  0.017256078967  0.027649002570  0.014178513350  0.000000000000  0.010094417081  0.009084477978  0.011126548680  0.014178513350  0.014178513350  0.018305828423  0.018305828423  0.017270705077  0.017270705077  0.017270705077  0.016212412068  
cyrtonyx_montezumae 0.012118915480  0.012118915480  0.012118915480  0.015183931702  0.025528681161  0.012118915480  0.010094417081  0.000000000000  0.007044229857  0.009075556966  0.012118915480  0.012118915480  0.014167261615  0.016224287803  0.015194685107  0.015194685107  0.015194685107  0.014149608850  
pavo_cristatus 0.009068234013  0.009068234013  0.009068234013  0.012118915480  0.022412406889  0.009068234013  0.009084477978  0.007044229857  0.000000000000  0.006037389382  0.009068234013  0.009068234013  0.013152144563  0.013152144563  0.012127941326  0.012127941326  0.012127941326  0.011091663378  
rollulus_rouloul 0.009068234013  0.009068234013  0.009068234013  0.012118915480  0.022412406889  0.009068234013  0.011126548680  0.009075556966  0.006037389382  0.000000000000  0.009068234013  0.009068234013  0.013152144563  0.013152144563  0.012127941326  0.012127941326  0.012127941326  0.011091663378  
catreus_wallichi 0.000000000000  0.000000000000  0.000000000000  0.003006900285  0.013142008122  0.000000000000  0.014178513350  0.012118915480  0.009068234013  0.009068234013  0.000000000000  0.000000000000  0.004016571527  0.004016571527  0.003009308614  0.003009308614  0.003009308614  0.002003036112  
lophura_inornata 0.000000000000  0.000000000000  0.000000000000  0.003006900285  0.013142008122  0.000000000000  0.014178513350  0.012118915480  0.009068234013  0.009068234013  0.000000000000  0.000000000000  0.004016571527  0.004016571527  0.003009308614  0.003009308614  0.003009308614  0.002003036112  
lophophorus_impejanus 0.004016571527  0.004016571527  0.004016571527  0.007044229857  0.017256078967  0.004016571527  0.018305828423  0.014167261615  0.013152144563  0.013152144563  0.004016571527  0.004016571527  0.000000000000  0.008066655068  0.007050961834  0.007050961834  0.007050961834  0.006027691791  
lophura_swinhoii 0.004016571527  0.004016571527  0.004016571527  0.007044229857  0.017256078967  0.004016571527  0.018305828423  0.016224287803  0.013152144563  0.013152144563  0.004016571527  0.004016571527  0.008066655068  0.000000000000  0.001001031444  0.001001031444  0.001001031444  0.006027691791  
syrmaticus_ellioti 0.003009308614  0.003009308614  0.003009308614  0.006031745077  0.016224287803  0.003009308614  0.017270705077  0.015194685107  0.012127941326  0.012127941326  0.003009308614  0.003009308614  0.007050961834  0.001001031444  0.000000000000  0.000000000000  0.000000000000  0.005018395259  
syrmaticus_reevesii 0.003009308614  0.003009308614  0.003009308614  0.006031745077  0.016224287803  0.003009308614  0.017270705077  0.015194685107  0.012127941326  0.012127941326  0.003009308614  0.003009308614  0.007050961834  0.001001031444  0.000000000000  0.000000000000  0.000000000000  0.005018395259  
melgal2    0.003009308614  0.003009308614  0.003009308614  0.006031745077  0.016224287803  0.003009308614  0.017270705077  0.015194685107  0.012127941326  0.012127941326  0.003009308614  0.003009308614  0.007050961834  0.001001031444  0.000000000000  0.000000000000  0.000000000000  0.005018395259  
alectoris_rufa 0.002003036112  0.002003036112  0.002003036112  0.005017014470  0.015174799598  0.002003036112  0.016212412068  0.014149608850  0.011091663378  0.011091663378  0.002003036112  0.002003036112  0.006027691791  0.006027691791  0.005018395259  0.005018395259  0.005018395259  0.000000000000  

