18
galgal4    0.000000000000  0.047793887089  0.058598929743  0.091317230374  0.045537915148  0.043405786825  0.058528947994  0.055288845243  0.049909136224  0.049909136224  0.047703217832  0.047703217832  0.046619368153  0.045563975522  0.047606345929  0.039081800270  0.044458848241  0.064007288342  
pavo_cristatus 0.047793887089  0.000000000000  0.043618645043  0.076823432417  0.035012705478  0.033973814314  0.047899907646  0.043549385101  0.040407125445  0.040407125445  0.038222212638  0.038222212638  0.037150034943  0.036108862314  0.041330901242  0.030744762072  0.036080202636  0.053229995140  
rollulus_rouloul 0.058598929743  0.043618645043  0.000000000000  0.078944173253  0.045621211538  0.041330901242  0.054222978034  0.053193530356  0.047827525507  0.047827525507  0.044538482612  0.045621211538  0.044538482612  0.043486868047  0.049848883821  0.039138294849  0.046706342802  0.066365748787  
cyrtonyx_montezumae 0.091317230374  0.076823432417  0.078944173253  0.000000000000  0.081134392032  0.078884304834  0.094922917815  0.091516130857  0.085850122749  0.085850122749  0.081134392032  0.081134392032  0.079978957126  0.078884304834  0.084375183270  0.074191612016  0.082292563154  0.094787189382  
tragopan_blythii 0.045537915148  0.035012705478  0.045621211538  0.081134392032  0.000000000000  0.016222908247  0.030744762072  0.026573703113  0.022445219879  0.022445219879  0.020346146346  0.020346146346  0.019309132139  0.018288228440  0.021332393998  0.012105256720  0.019309132139  0.053125781437  
lophura_inornata 0.043405786825  0.033973814314  0.041330901242  0.078884304834  0.016222908247  0.000000000000  0.014148906421  0.011097446424  0.006037108625  0.006037108625  0.004013016618  0.004013016618  0.003006866985  0.002004100606  0.020307357984  0.010073644787  0.017254478117  0.050969253731  
phasianus_colchicus 0.058528947994  0.047899907646  0.054222978034  0.094922917815  0.030744762072  0.014148906421  0.000000000000  0.013115259163  0.008043399500  0.008043399500  0.018251309556  0.018251309556  0.017220897945  0.016201131714  0.034900299184  0.024437205683  0.031801850906  0.066281143040  
catreus_wallichi 0.055288845243  0.043549385101  0.053193530356  0.091516130857  0.026573703113  0.011097446424  0.013115259163  0.000000000000  0.005016965060  0.005016965060  0.015182925221  0.015182925221  0.014156790077  0.013141189846  0.031762268634  0.021343201681  0.028676619654  0.059670139368  
crossoptilon_crossoptilon 0.049909136224  0.040407125445  0.047827525507  0.085850122749  0.022445219879  0.006037108625  0.008043399500  0.005016965060  0.000000000000  0.000000000000  0.010093774539  0.010093774539  0.009075050057  0.008066153169  0.026555586761  0.016211217879  0.023490012204  0.057567495680  
lophura_nycthemera 0.049909136224  0.040407125445  0.047827525507  0.085850122749  0.022445219879  0.006037108625  0.008043399500  0.005016965060  0.000000000000  0.000000000000  0.010093774539  0.010093774539  0.009075050057  0.008066153169  0.026555586761  0.016211217879  0.023490012204  0.057567495680  
syrmaticus_ellioti 0.047703217832  0.038222212638  0.044538482612  0.081134392032  0.020346146346  0.004013016618  0.018251309556  0.015182925221  0.010093774539  0.010093774539  0.000000000000  0.004011153430  0.003006060371  0.002002783040  0.024449765885  0.014148906421  0.021385364105  0.055322641673  
syrmaticus_reevesii 0.047703217832  0.038222212638  0.045621211538  0.081134392032  0.020346146346  0.004013016618  0.018251309556  0.015182925221  0.010093774539  0.010093774539  0.004011153430  0.000000000000  0.003006060371  0.002002783040  0.024449765885  0.014148906421  0.021385364105  0.055322641673  
chrysolophus_pictus 0.046619368153  0.037150034943  0.044538482612  0.079978957126  0.019309132139  0.003006866985  0.017220897945  0.014156790077  0.009075050057  0.009075050057  0.003006060371  0.003006060371  0.000000000000  0.001000756319  0.023408432525  0.013126014103  0.020346146346  0.054222978034  
lophura_swinhoii 0.045563975522  0.036108862314  0.043486868047  0.078884304834  0.018288228440  0.002004100606  0.016201131714  0.013141189846  0.008066153169  0.008066153169  0.002002783040  0.002002783040  0.001000756319  0.000000000000  0.022381243954  0.012110956247  0.019324168451  0.053158791459  
perdix_dauuricae 0.047606345929  0.041330901242  0.049848883821  0.084375183270  0.021332393998  0.020307357984  0.034900299184  0.031762268634  0.026555586761  0.026555586761  0.024449765885  0.024449765885  0.023408432525  0.022381243954  0.000000000000  0.010078768515  0.023408432525  0.056295001129  
melgal2    0.039081800270  0.030744762072  0.039138294849  0.074191612016  0.012105256720  0.010073644787  0.024437205683  0.021343201681  0.016211217879  0.016211217879  0.014148906421  0.014148906421  0.013126014103  0.012110956247  0.010078768515  0.000000000000  0.013126014103  0.046569939606  
lophophorus_impejanus 0.044458848241  0.036080202636  0.046706342802  0.082292563154  0.019309132139  0.017254478117  0.031801850906  0.028676619654  0.023490012204  0.023490012204  0.021385364105  0.021385364105  0.020346146346  0.019324168451  0.023408432525  0.013126014103  0.000000000000  0.054222978034  
alectoris_rufa 0.064007288342  0.053229995140  0.066365748787  0.094787189382  0.053125781437  0.050969253731  0.066281143040  0.059670139368  0.057567495680  0.057567495680  0.055322641673  0.055322641673  0.054222978034  0.053158791459  0.056295001129  0.046569939606  0.054222978034  0.000000000000  

