18
cyrtonyx_montezumae 0.000000000000  0.075808720258  0.072245224638  0.077860858382  0.101033864494  0.089372612097  0.098715714847  0.101197474638  0.100078159827  0.092991734052  0.095291557214  0.094026249196  0.106821636878  0.085854892662  0.075620955575  0.089372612097  0.087237617727  0.086957344666  
rollulus_rouloul 0.075808720258  0.000000000000  0.056735651683  0.061101122572  0.080170522978  0.068886957464  0.077922599801  0.075681773874  0.074594850601  0.070080963465  0.074594850601  0.073388094509  0.083460358342  0.065493522133  0.063398843086  0.076896548886  0.074657859153  0.075681773874  
pavo_cristatus 0.072245224638  0.056735651683  0.000000000000  0.041405227307  0.060959226131  0.050029136353  0.056556376242  0.056598627167  0.055534200633  0.048972441424  0.053324829154  0.054386814757  0.064180339935  0.046755222006  0.043600796392  0.057753468817  0.056598627167  0.062076326814  
perdix_dauuricae 0.077860858382  0.061101122572  0.041405227307  0.000000000000  0.043533791605  0.028669955041  0.041405227307  0.042517808220  0.041470800658  0.035057257054  0.037166998245  0.038209374726  0.047777594226  0.028669955041  0.027638211894  0.040391339989  0.064318113138  0.063104919100  
melgal2    0.101033864494  0.080170522978  0.060959226131  0.043533791605  0.000000000000  0.048972441424  0.055491486671  0.052223827173  0.053366760357  0.049011145259  0.053366760357  0.052223827173  0.060873281702  0.042453189433  0.051125266507  0.061052097253  0.091658723401  0.085662476658  
catreus_wallichi 0.089372612097  0.068886957464  0.050029136353  0.028669955041  0.048972441424  0.000000000000  0.017239443477  0.019320661135  0.018300223277  0.012135967262  0.016233518932  0.015191584134  0.024446621217  0.013149537820  0.039282975651  0.053410390972  0.077860858382  0.078893508467  
chrysolophus_pictus 0.098715714847  0.077922599801  0.056556376242  0.041405227307  0.055491486671  0.017239443477  0.000000000000  0.020328627910  0.019306104238  0.013139879063  0.017239443477  0.016199637894  0.024424286213  0.019306104238  0.045702092489  0.059982722770  0.089372612097  0.086891814948  
syrmaticus_ellioti 0.101197474638  0.075681773874  0.056598627167  0.042517808220  0.052223827173  0.019320661135  0.020328627910  0.000000000000  0.011096635489  0.007038576105  0.011096635489  0.012110196010  0.021321821077  0.020358329849  0.050107299934  0.063398843086  0.088267828428  0.088128513495  
lophura_swinhoii 0.100078159827  0.074594850601  0.055534200633  0.041470800658  0.053366760357  0.018300223277  0.019306104238  0.011096635489  0.000000000000  0.006031217092  0.010084635077  0.011096635489  0.020296143339  0.019336817419  0.047956578774  0.062327835326  0.088340211036  0.089372612097  
lophura_nycthemera 0.092991734052  0.070080963465  0.048972441424  0.035057257054  0.049011145259  0.012135967262  0.013139879063  0.007038576105  0.006031217092  0.000000000000  0.004012902799  0.005018224984  0.014137659654  0.013160779166  0.042552618399  0.055672578880  0.083723930184  0.082425590034  
lophura_inornata 0.095291557214  0.074594850601  0.053324829154  0.037166998245  0.053366760357  0.016233518932  0.017239443477  0.011096635489  0.010084635077  0.004012902799  0.000000000000  0.009061783903  0.018233870835  0.017265793454  0.044686157080  0.057849050124  0.081329405626  0.084687848070  
phasianus_colchicus 0.094026249196  0.073388094509  0.054386814757  0.038209374726  0.052223827173  0.015191584134  0.016199637894  0.012110196010  0.011096635489  0.005018224984  0.009061783903  0.000000000000  0.017201589247  0.016220631687  0.045737157995  0.058915042347  0.087093856373  0.085788937847  
syrmaticus_reevesii 0.106821636878  0.083460358342  0.064180339935  0.047777594226  0.060873281702  0.024446621217  0.024424286213  0.021321821077  0.020296143339  0.014137659654  0.018233870835  0.017201589247  0.000000000000  0.025489696384  0.055411195427  0.066519838421  0.097369422354  0.096039208121  
crossoptilon_crossoptilon 0.085854892662  0.065493522133  0.046755222006  0.028669955041  0.042453189433  0.013149537820  0.019306104238  0.020358329849  0.019336817419  0.013160779166  0.017265793454  0.016220631687  0.025489696384  0.000000000000  0.036069127174  0.049011145259  0.076710051336  0.075449156445  
lophophorus_impejanus 0.075620955575  0.063398843086  0.043600796392  0.027638211894  0.051125266507  0.039282975651  0.045702092489  0.050107299934  0.047956578774  0.042552618399  0.044686157080  0.045737157995  0.055411195427  0.036069127174  0.000000000000  0.043600796392  0.063244076238  0.066519838421  
tragopan_blythii 0.089372612097  0.076896548886  0.057753468817  0.040391339989  0.061052097253  0.053410390972  0.059982722770  0.063398843086  0.062327835326  0.055672578880  0.057849050124  0.058915042347  0.066519838421  0.049011145259  0.043600796392  0.000000000000  0.083655335029  0.082361973869  
galgal4    0.087237617727  0.074657859153  0.056598627167  0.064318113138  0.091658723401  0.077860858382  0.089372612097  0.088267828428  0.088340211036  0.083723930184  0.081329405626  0.087093856373  0.097369422354  0.076710051336  0.063244076238  0.083655335029  0.000000000000  0.068779492030  
alectoris_rufa 0.086957344666  0.075681773874  0.062076326814  0.063104919100  0.085662476658  0.078893508467  0.086891814948  0.088128513495  0.089372612097  0.082425590034  0.084687848070  0.085788937847  0.096039208121  0.075449156445  0.066519838421  0.082361973869  0.068779492030  0.000000000000  

