18
galgal4    0.000000000000  0.040258504384  0.012120992658  0.038165585605  0.023463671573  0.033945199754  0.040410169947  0.039330961156  0.034029109410  0.034029109410  0.034029109410  0.034029109410  0.034029109410  0.028716985339  0.040376308383  0.028716985339  0.028616868221  0.016228580693  
cyrtonyx_montezumae 0.040258504384  0.000000000000  0.028633433998  0.062044512017  0.046781356506  0.057671205909  0.068978226609  0.065571267855  0.060046497375  0.060046497375  0.060046497375  0.060046497375  0.060046497375  0.052263504106  0.064388355415  0.052263504106  0.052075583192  0.057628687402  
pavo_cristatus 0.012120992658  0.028633433998  0.000000000000  0.031844453206  0.017276356372  0.027661659593  0.038358589314  0.035131417661  0.029859122938  0.029859122938  0.029859122938  0.029859122938  0.029859122938  0.022478688053  0.034029109410  0.022478688053  0.022389305938  0.028693510085  
tragopan_blythii 0.038165585605  0.062044512017  0.031844453206  0.000000000000  0.016205389410  0.026550768612  0.035038504528  0.031844453206  0.026608675679  0.026608675679  0.026608675679  0.026608675679  0.026608675679  0.019302497072  0.030762037985  0.019302497072  0.042411423823  0.053284283687  
lophophorus_impejanus 0.023463671573  0.046781356506  0.017276356372  0.016205389410  0.000000000000  0.010080455902  0.020390906177  0.017276356372  0.012154340566  0.012154340566  0.012154340566  0.012154340566  0.012154340566  0.005026529048  0.016228580693  0.005026529048  0.027618889313  0.040376308383  
syrmaticus_reevesii 0.033945199754  0.057671205909  0.027661659593  0.026550768612  0.010080455902  0.000000000000  0.024509691937  0.021378523031  0.016228580693  0.016228580693  0.016228580693  0.016228580693  0.016228580693  0.009063468661  0.020325589148  0.009063468661  0.038165585605  0.051161996017  
syrmaticus_ellioti 0.040410169947  0.068978226609  0.038358589314  0.035038504528  0.020390906177  0.024509691937  0.000000000000  0.009069468460  0.008053516154  0.008053516154  0.008053516154  0.008053516154  0.008053516154  0.015211289216  0.026608675679  0.015211289216  0.049046410204  0.057859549062  
crossoptilon_crossoptilon 0.039330961156  0.065571267855  0.035131417661  0.031844453206  0.017276356372  0.021378523031  0.009069468460  0.000000000000  0.005018645442  0.005018645442  0.005018645442  0.005018645442  0.005018645442  0.012130441990  0.023463671573  0.012130441990  0.044675360731  0.056743731073  
chrysolophus_pictus 0.034029109410  0.060046497375  0.029859122938  0.026608675679  0.012154340566  0.016228580693  0.008053516154  0.005018645442  0.000000000000  0.000000000000  0.000000000000  0.000000000000  0.000000000000  0.007052144806  0.018295785872  0.007052144806  0.040410169947  0.051292388207  
catreus_wallichi 0.034029109410  0.060046497375  0.029859122938  0.026608675679  0.012154340566  0.016228580693  0.008053516154  0.005018645442  0.000000000000  0.000000000000  0.000000000000  0.000000000000  0.000000000000  0.007052144806  0.018295785872  0.007052144806  0.040410169947  0.051292388207  
lophura_nycthemera 0.034029109410  0.060046497375  0.029859122938  0.026608675679  0.012154340566  0.016228580693  0.008053516154  0.005018645442  0.000000000000  0.000000000000  0.000000000000  0.000000000000  0.000000000000  0.007052144806  0.018295785872  0.007052144806  0.040410169947  0.051292388207  
lophura_inornata 0.034029109410  0.060046497375  0.029859122938  0.026608675679  0.012154340566  0.016228580693  0.008053516154  0.005018645442  0.000000000000  0.000000000000  0.000000000000  0.000000000000  0.000000000000  0.007052144806  0.018295785872  0.007052144806  0.040410169947  0.051292388207  
lophura_swinhoii 0.034029109410  0.060046497375  0.029859122938  0.026608675679  0.012154340566  0.016228580693  0.008053516154  0.005018645442  0.000000000000  0.000000000000  0.000000000000  0.000000000000  0.000000000000  0.007052144806  0.018295785872  0.007052144806  0.040410169947  0.051292388207  
melgal2    0.028716985339  0.052263504106  0.022478688053  0.019302497072  0.005026529048  0.009063468661  0.015211289216  0.012130441990  0.007052144806  0.007052144806  0.007052144806  0.007052144806  0.007052144806  0.000000000000  0.011099627434  0.000000000000  0.032906749921  0.045802959024  
perdix_dauuricae 0.040376308383  0.064388355415  0.034029109410  0.030762037985  0.016228580693  0.020325589148  0.026608675679  0.023463671573  0.018295785872  0.018295785872  0.018295785872  0.018295785872  0.018295785872  0.011099627434  0.000000000000  0.011099627434  0.044639845344  0.055583453695  
phasianus_colchicus 0.028716985339  0.052263504106  0.022478688053  0.019302497072  0.005026529048  0.009063468661  0.015211289216  0.012130441990  0.007052144806  0.007052144806  0.007052144806  0.007052144806  0.007052144806  0.000000000000  0.011099627434  0.000000000000  0.032906749921  0.045802959024  
rollulus_rouloul 0.028616868221  0.052075583192  0.022389305938  0.042411423823  0.027618889313  0.038165585605  0.049046410204  0.044675360731  0.040410169947  0.040410169947  0.040410169947  0.040410169947  0.040410169947  0.032906749921  0.044639845344  0.032906749921  0.000000000000  0.044543987249  
alectoris_rufa 0.016228580693  0.057628687402  0.028693510085  0.053284283687  0.040376308383  0.051161996017  0.057859549062  0.056743731073  0.051292388207  0.051292388207  0.051292388207  0.051292388207  0.051292388207  0.045802959024  0.055583453695  0.045802959024  0.044543987249  0.000000000000  

