18
phasianus_colchicus 0.000000000000  0.004011159692  0.012101211914  0.027571323712  0.014156834774  0.001001024328  0.000000000000  0.000000000000  0.000000000000  0.022369431304  0.000000000000  0.005021247016  0.015173994947  0.019283979821  0.043406212804  0.017230548806  0.010068231193  0.005021247016  
chrysolophus_pictus 0.004011159692  0.000000000000  0.008044810160  0.031745200927  0.017220967409  0.005018323016  0.004011159692  0.004011159692  0.004011159692  0.026511252046  0.004011159692  0.009062226687  0.017230548806  0.023408559502  0.047676943694  0.021343305083  0.014134987853  0.009062226687  
lophura_nycthemera 0.012101211914  0.008044810160  0.000000000000  0.040166636276  0.025467739594  0.013120881928  0.012101211914  0.012101211914  0.012101211914  0.034867359137  0.012101211914  0.017213007007  0.025479778304  0.031729578142  0.055198656785  0.029640251585  0.022338155902  0.017213007007  
melgal2    0.027571323712  0.031745200927  0.040166636276  0.000000000000  0.042354774345  0.028620462172  0.027571323712  0.027571323712  0.027571323712  0.046570471478  0.027571323712  0.032819547375  0.043406212804  0.047703728438  0.068407895772  0.045564438994  0.038034356967  0.032819547375  
tragopan_blythii 0.014156834774  0.017220967409  0.025467739594  0.042354774345  0.000000000000  0.015182977441  0.014156834774  0.014156834774  0.014156834774  0.037026073158  0.014156834774  0.019295792028  0.028620462172  0.033878890838  0.056357115410  0.031781456768  0.024426450171  0.019295792028  
catreus_wallichi 0.001001024328  0.005018323016  0.013120881928  0.028620462172  0.015182977441  0.000000000000  0.001001024328  0.001001024328  0.001001024328  0.023408559502  0.001001024328  0.006031557651  0.016201190279  0.020318760451  0.044484134713  0.018262079660  0.011083664609  0.006031557651  
lophura_swinhoii 0.000000000000  0.004011159692  0.012101211914  0.027571323712  0.014156834774  0.001001024328  0.000000000000  0.000000000000  0.000000000000  0.022369431304  0.000000000000  0.005021247016  0.015173994947  0.019283979821  0.043406212804  0.017230548806  0.010068231193  0.005021247016  
syrmaticus_ellioti 0.000000000000  0.004011159692  0.012101211914  0.027571323712  0.014156834774  0.001001024328  0.000000000000  0.000000000000  0.000000000000  0.022369431304  0.000000000000  0.005021247016  0.015173994947  0.019283979821  0.043406212804  0.017230548806  0.010068231193  0.005021247016  
syrmaticus_reevesii 0.000000000000  0.004011159692  0.012101211914  0.027571323712  0.014156834774  0.001001024328  0.000000000000  0.000000000000  0.000000000000  0.022369431304  0.000000000000  0.005021247016  0.015173994947  0.019283979821  0.043406212804  0.017230548806  0.010068231193  0.005021247016  
lophura_inornata 0.022369431304  0.026511252046  0.034867359137  0.046570471478  0.037026073158  0.023408559502  0.022369431304  0.022369431304  0.022369431304  0.000000000000  0.022369431304  0.027571323712  0.038071287745  0.042330662782  0.067324327349  0.040208338813  0.032755751300  0.027571323712  
crossoptilon_crossoptilon 0.000000000000  0.004011159692  0.012101211914  0.027571323712  0.014156834774  0.001001024328  0.000000000000  0.000000000000  0.000000000000  0.022369431304  0.000000000000  0.005021247016  0.015173994947  0.019283979821  0.043406212804  0.017230548806  0.010068231193  0.005021247016  
lophophorus_impejanus 0.005021247016  0.009062226687  0.017213007007  0.032819547375  0.019295792028  0.006031557651  0.005021247016  0.005021247016  0.005021247016  0.027571323712  0.005021247016  0.000000000000  0.020318760451  0.024464094972  0.045538388204  0.022394916932  0.015160872569  0.010085505971  
galgal4    0.015173994947  0.017230548806  0.025479778304  0.043406212804  0.028620462172  0.016201190279  0.015173994947  0.015173994947  0.015173994947  0.038071287745  0.015173994947  0.020318760451  0.000000000000  0.026499727134  0.050858239802  0.024426450171  0.023379252037  0.020318760451  
rollulus_rouloul 0.019283979821  0.023408559502  0.031729578142  0.047703728438  0.033878890838  0.020318760451  0.019283979821  0.019283979821  0.019283979821  0.042330662782  0.019283979821  0.024464094972  0.026499727134  0.000000000000  0.036004490390  0.027544328209  0.027533320333  0.024464094972  
cyrtonyx_montezumae 0.043406212804  0.047676943694  0.055198656785  0.068407895772  0.056357115410  0.044484134713  0.043406212804  0.043406212804  0.043406212804  0.067324327349  0.043406212804  0.045538388204  0.050858239802  0.036004490390  0.000000000000  0.051946822299  0.050834695927  0.048790006369  
pavo_cristatus 0.017230548806  0.021343305083  0.029640251585  0.045564438994  0.031781456768  0.018262079660  0.017230548806  0.017230548806  0.017230548806  0.040208338813  0.017230548806  0.022394916932  0.024426450171  0.027544328209  0.051946822299  0.000000000000  0.025457353724  0.022394916932  
perdix_dauuricae 0.010068231193  0.014134987853  0.022338155902  0.038034356967  0.024426450171  0.011083664609  0.010068231193  0.010068231193  0.010068231193  0.032755751300  0.010068231193  0.015160872569  0.023379252037  0.027533320333  0.050834695927  0.025457353724  0.000000000000  0.015160872569  
alectoris_rufa 0.005021247016  0.009062226687  0.017213007007  0.032819547375  0.019295792028  0.006031557651  0.005021247016  0.005021247016  0.005021247016  0.027571323712  0.005021247016  0.010085505971  0.020318760451  0.024464094972  0.048790006369  0.022394916932  0.015160872569  0.000000000000  

