18
melgal2    0.000000000000  0.013116425577  0.004011070067  0.011083036730  0.008044448699  0.013116425577  0.004011070067  0.005016862925  0.004011070067  0.006024954919  0.004011070067  0.004011070067  0.007038438729  0.017204896921  0.008047289706  0.004011070067  0.009055334977  0.006024940773  
perdix_dauuricae 0.013116425577  0.000000000000  0.009055334977  0.016175721492  0.013116425577  0.018223198816  0.009055334977  0.010067758408  0.009055334977  0.011083036730  0.009055334977  0.009055334977  0.012104306958  0.022340690498  0.013119832331  0.009055334977  0.022335588564  0.019245691337  
chrysolophus_pictus 0.004011070067  0.009055334977  0.000000000000  0.007033287791  0.004011070067  0.009055334977  0.000000000000  0.001000752575  0.000000000000  0.002002762288  0.000000000000  0.000000000000  0.003009084546  0.013119832331  0.004012858392  0.000000000000  0.013116425577  0.010067486573  
tragopan_blythii 0.011083036730  0.016175721492  0.007033287791  0.000000000000  0.003006028416  0.008043150575  0.007033287791  0.008043150575  0.007033287791  0.007035094401  0.007033287791  0.007033287791  0.010072958886  0.020281018390  0.011085904707  0.007033287791  0.020276476568  0.017196131198  
lophophorus_impejanus 0.008044448699  0.013116425577  0.004011070067  0.003006028416  0.000000000000  0.005016862925  0.004011070067  0.005016862925  0.004011070067  0.006024954919  0.004011070067  0.004011070067  0.007038438729  0.017204896921  0.008047289706  0.004011070067  0.017200396111  0.014132683934  
pavo_cristatus 0.013116425577  0.018223198816  0.009055334977  0.008043150575  0.005016862925  0.000000000000  0.009055334977  0.010067758408  0.009055334977  0.011083036730  0.009055334977  0.009055334977  0.012104306958  0.022340690498  0.013119832331  0.009055334977  0.022335588564  0.019245691337  
phasianus_colchicus 0.004011070067  0.009055334977  0.000000000000  0.007033287791  0.004011070067  0.009055334977  0.000000000000  0.001000752575  0.000000000000  0.002002762288  0.000000000000  0.000000000000  0.003009084546  0.013119832331  0.004012858392  0.000000000000  0.013116425577  0.010067486573  
lophura_swinhoii 0.005016862925  0.010067758408  0.001000752575  0.008043150575  0.005016862925  0.010067758408  0.001000752575  0.000000000000  0.001000752575  0.003006028416  0.001000752575  0.001000752575  0.004012858392  0.014136906374  0.005018146822  0.001000752575  0.014134011081  0.011081970202  
syrmaticus_reevesii 0.004011070067  0.009055334977  0.000000000000  0.007033287791  0.004011070067  0.009055334977  0.000000000000  0.001000752575  0.000000000000  0.002002762288  0.000000000000  0.000000000000  0.003009084546  0.013119832331  0.004012858392  0.000000000000  0.013116425577  0.010067486573  
catreus_wallichi 0.006024954919  0.011083036730  0.002002762288  0.007035094401  0.006024954919  0.011083036730  0.002002762288  0.003006028416  0.002002762288  0.000000000000  0.002002762288  0.002002762288  0.005020961201  0.015159485346  0.006027266940  0.002002762288  0.015155534336  0.012097237554  
lophura_inornata 0.004011070067  0.009055334977  0.000000000000  0.007033287791  0.004011070067  0.009055334977  0.000000000000  0.001000752575  0.000000000000  0.002002762288  0.000000000000  0.000000000000  0.003009084546  0.013119832331  0.004012858392  0.000000000000  0.013116425577  0.010067486573  
syrmaticus_ellioti 0.004011070067  0.009055334977  0.000000000000  0.007033287791  0.004011070067  0.009055334977  0.000000000000  0.001000752575  0.000000000000  0.002002762288  0.000000000000  0.000000000000  0.003009084546  0.013119832331  0.004012858392  0.000000000000  0.013116425577  0.010067486573  
galgal4    0.007038438729  0.012104306958  0.003009084546  0.010072958886  0.007038438729  0.012104306958  0.003009084546  0.004012858392  0.003009084546  0.005020961201  0.003009084546  0.003009084546  0.000000000000  0.010067758408  0.001000752575  0.003009084546  0.016184171139  0.013116425577  
cyrtonyx_montezumae 0.017204896921  0.022340690498  0.013119832331  0.020281018390  0.017204896921  0.022340690498  0.013119832331  0.014136906374  0.013119832331  0.015159485346  0.013119832331  0.013119832331  0.010067758408  0.000000000000  0.011081724190  0.013119832331  0.026477691525  0.023365251670  
crossoptilon_crossoptilon 0.008047289706  0.013119832331  0.004012858392  0.011085904707  0.008047289706  0.013119832331  0.004012858392  0.005018146822  0.004012858392  0.006027266940  0.004012858392  0.004012858392  0.001000752575  0.011081724190  0.000000000000  0.004012858392  0.017204896921  0.014134011081  
lophura_nycthemera 0.004011070067  0.009055334977  0.000000000000  0.007033287791  0.004011070067  0.009055334977  0.000000000000  0.001000752575  0.000000000000  0.002002762288  0.000000000000  0.000000000000  0.003009084546  0.013119832331  0.004012858392  0.000000000000  0.013116425577  0.010067486573  
rollulus_rouloul 0.009055334977  0.022335588564  0.013116425577  0.020276476568  0.017200396111  0.022335588564  0.013116425577  0.014134011081  0.013116425577  0.015155534336  0.013116425577  0.013116425577  0.016184171139  0.026477691525  0.017204896921  0.013116425577  0.000000000000  0.015152346428  
alectoris_rufa 0.006024940773  0.019245691337  0.010067486573  0.017196131198  0.014132683934  0.019245691337  0.010067486573  0.011081970202  0.010067486573  0.012097237554  0.010067486573  0.010067486573  0.013116425577  0.023365251670  0.014134011081  0.010067486573  0.015152346428  0.000000000000  

