18
cyrtonyx_montezumae 0.000000000000  0.015230415547  0.011120150705  0.015230415547  0.011120150705  0.011120150705  0.011120150705  0.011120150705  0.011120150705  0.011120150705  0.017265613653  0.011120150705  0.011120150705  0.013170738670  0.011120150705  0.016263687575  0.012132730151  0.007053258480  
perdix_dauuricae 0.015230415547  0.000000000000  0.004017315094  0.008069663328  0.004017315094  0.004017315094  0.004017315094  0.004017315094  0.004017315094  0.004017315094  0.010089071624  0.004017315094  0.004017315094  0.006039071922  0.004017315094  0.009088296192  0.005022126876  0.008061136055  
lophura_swinhoii 0.011120150705  0.004017315094  0.000000000000  0.004017315094  0.000000000000  0.000000000000  0.000000000000  0.000000000000  0.000000000000  0.000000000000  0.006028521740  0.000000000000  0.000000000000  0.002004316304  0.000000000000  0.005027093993  0.001000785664  0.004013524398  
galgal4    0.015230415547  0.008069663328  0.004017315094  0.000000000000  0.004017315094  0.004017315094  0.004017315094  0.004017315094  0.004017315094  0.004017315094  0.010089071624  0.004017315094  0.004017315094  0.006039071922  0.004017315094  0.009088296192  0.005022126876  0.008061136055  
lophura_nycthemera 0.011120150705  0.004017315094  0.000000000000  0.004017315094  0.000000000000  0.000000000000  0.000000000000  0.000000000000  0.000000000000  0.000000000000  0.006028521740  0.000000000000  0.000000000000  0.002004316304  0.000000000000  0.005027093993  0.001000785664  0.004013524398  
lophophorus_impejanus 0.011120150705  0.004017315094  0.000000000000  0.004017315094  0.000000000000  0.000000000000  0.000000000000  0.000000000000  0.000000000000  0.000000000000  0.006028521740  0.000000000000  0.000000000000  0.002004316304  0.000000000000  0.005027093993  0.001000785664  0.004013524398  
phasianus_colchicus 0.011120150705  0.004017315094  0.000000000000  0.004017315094  0.000000000000  0.000000000000  0.000000000000  0.000000000000  0.000000000000  0.000000000000  0.006028521740  0.000000000000  0.000000000000  0.002004316304  0.000000000000  0.005027093993  0.001000785664  0.004013524398  
pavo_cristatus 0.011120150705  0.004017315094  0.000000000000  0.004017315094  0.000000000000  0.000000000000  0.000000000000  0.000000000000  0.000000000000  0.000000000000  0.006028521740  0.000000000000  0.000000000000  0.002004316304  0.000000000000  0.005027093993  0.001000785664  0.004013524398  
tragopan_blythii 0.011120150705  0.004017315094  0.000000000000  0.004017315094  0.000000000000  0.000000000000  0.000000000000  0.000000000000  0.000000000000  0.000000000000  0.006028521740  0.000000000000  0.000000000000  0.002004316304  0.000000000000  0.005027093993  0.001000785664  0.004013524398  
syrmaticus_ellioti 0.011120150705  0.004017315094  0.000000000000  0.004017315094  0.000000000000  0.000000000000  0.000000000000  0.000000000000  0.000000000000  0.000000000000  0.006028521740  0.000000000000  0.000000000000  0.002004316304  0.000000000000  0.005027093993  0.001000785664  0.004013524398  
melgal2    0.017265613653  0.010089071624  0.006028521740  0.010089071624  0.006028521740  0.006028521740  0.006028521740  0.006028521740  0.006028521740  0.006028521740  0.000000000000  0.006028521740  0.006028521740  0.008054361494  0.006028521740  0.011109777422  0.007036505250  0.010081664629  
lophura_inornata 0.011120150705  0.004017315094  0.000000000000  0.004017315094  0.000000000000  0.000000000000  0.000000000000  0.000000000000  0.000000000000  0.000000000000  0.006028521740  0.000000000000  0.000000000000  0.002004316304  0.000000000000  0.005027093993  0.001000785664  0.004013524398  
chrysolophus_pictus 0.011120150705  0.004017315094  0.000000000000  0.004017315094  0.000000000000  0.000000000000  0.000000000000  0.000000000000  0.000000000000  0.000000000000  0.006028521740  0.000000000000  0.000000000000  0.002004316304  0.000000000000  0.005027093993  0.001000785664  0.004013524398  
crossoptilon_crossoptilon 0.013170738670  0.006039071922  0.002004316304  0.006039071922  0.002004316304  0.002004316304  0.002004316304  0.002004316304  0.002004316304  0.002004316304  0.008054361494  0.002004316304  0.002004316304  0.000000000000  0.002004316304  0.007053258480  0.003007106321  0.006032923257  
syrmaticus_reevesii 0.011120150705  0.004017315094  0.000000000000  0.004017315094  0.000000000000  0.000000000000  0.000000000000  0.000000000000  0.000000000000  0.000000000000  0.006028521740  0.000000000000  0.000000000000  0.002004316304  0.000000000000  0.005027093993  0.001000785664  0.004013524398  
catreus_wallichi 0.016263687575  0.009088296192  0.005027093993  0.009088296192  0.005027093993  0.005027093993  0.005027093993  0.005027093993  0.005027093993  0.005027093993  0.011109777422  0.005027093993  0.005027093993  0.007053258480  0.005027093993  0.000000000000  0.006032923257  0.009078571789  
rollulus_rouloul 0.012132730151  0.005022126876  0.001000785664  0.005022126876  0.001000785664  0.001000785664  0.001000785664  0.001000785664  0.001000785664  0.001000785664  0.007036505250  0.001000785664  0.001000785664  0.003007106321  0.001000785664  0.006032923257  0.000000000000  0.005018904150  
alectoris_rufa 0.007053258480  0.008061136055  0.004013524398  0.008061136055  0.004013524398  0.004013524398  0.004013524398  0.004013524398  0.004013524398  0.004013524398  0.010081664629  0.004013524398  0.004013524398  0.006032923257  0.004013524398  0.009078571789  0.005018904150  0.000000000000  

