18
galgal4    0.000000000000  0.009074844549  0.009074844549  0.021368823444  0.012126810359  0.012126810359  0.015193033332  0.016222348967  0.012126810359  0.012126810359  0.012126810359  0.012126810359  0.012126810359  0.022444015231  0.012126810359  0.009074844549  0.009074844549  0.003006853746  
pavo_cristatus 0.009074844549  0.000000000000  0.007050424168  0.019308378630  0.010093514132  0.010093514132  0.013150775297  0.014176882110  0.010093514132  0.010093514132  0.010093514132  0.010093514132  0.010093514132  0.020379009203  0.010093514132  0.007050424168  0.007050424168  0.007050424168  
syrmaticus_ellioti 0.009074844549  0.007050424168  0.000000000000  0.012110739686  0.003006853746  0.003006853746  0.006027504285  0.007038803426  0.003006853746  0.003006853746  0.003006853746  0.003006853746  0.003006853746  0.013150775297  0.003006853746  0.000000000000  0.000000000000  0.006036995454  
melgal2    0.021368823444  0.019308378630  0.012110739686  0.000000000000  0.009062087087  0.009062087087  0.012110739686  0.013132530587  0.009062087087  0.009062087087  0.009062087087  0.009062087087  0.009062087087  0.022393929078  0.015173601718  0.012110739686  0.012110739686  0.018273656085  
lophophorus_impejanus 0.012126810359  0.010093514132  0.003006853746  0.009062087087  0.000000000000  0.000000000000  0.003006853746  0.004012987392  0.000000000000  0.000000000000  0.000000000000  0.000000000000  0.000000000000  0.015193033332  0.006027504285  0.003006853746  0.003006853746  0.009074844549  
lophura_nycthemera 0.012126810359  0.010093514132  0.003006853746  0.009062087087  0.000000000000  0.000000000000  0.003006853746  0.004012987392  0.000000000000  0.000000000000  0.000000000000  0.000000000000  0.000000000000  0.015193033332  0.006027504285  0.003006853746  0.003006853746  0.009074844549  
perdix_dauuricae 0.015193033332  0.013150775297  0.006027504285  0.012110739686  0.003006853746  0.003006853746  0.000000000000  0.001001020651  0.003006853746  0.003006853746  0.003006853746  0.003006853746  0.003006853746  0.018273656085  0.009062087087  0.006027504285  0.006027504285  0.012126810359  
cyrtonyx_montezumae 0.016222348967  0.014176882110  0.007038803426  0.013132530587  0.004012987392  0.004012987392  0.001001020651  0.000000000000  0.004012987392  0.004012987392  0.004012987392  0.004012987392  0.004012987392  0.017241111497  0.010078605037  0.007038803426  0.007038803426  0.013150775297  
syrmaticus_reevesii 0.012126810359  0.010093514132  0.003006853746  0.009062087087  0.000000000000  0.000000000000  0.003006853746  0.004012987392  0.000000000000  0.000000000000  0.000000000000  0.000000000000  0.000000000000  0.015193033332  0.006027504285  0.003006853746  0.003006853746  0.009074844549  
tragopan_blythii 0.012126810359  0.010093514132  0.003006853746  0.009062087087  0.000000000000  0.000000000000  0.003006853746  0.004012987392  0.000000000000  0.000000000000  0.000000000000  0.000000000000  0.000000000000  0.015193033332  0.006027504285  0.003006853746  0.003006853746  0.009074844549  
lophura_inornata 0.012126810359  0.010093514132  0.003006853746  0.009062087087  0.000000000000  0.000000000000  0.003006853746  0.004012987392  0.000000000000  0.000000000000  0.000000000000  0.000000000000  0.000000000000  0.015193033332  0.006027504285  0.003006853746  0.003006853746  0.009074844549  
chrysolophus_pictus 0.012126810359  0.010093514132  0.003006853746  0.009062087087  0.000000000000  0.000000000000  0.003006853746  0.004012987392  0.000000000000  0.000000000000  0.000000000000  0.000000000000  0.000000000000  0.015193033332  0.006027504285  0.003006853746  0.003006853746  0.009074844549  
phasianus_colchicus 0.012126810359  0.010093514132  0.003006853746  0.009062087087  0.000000000000  0.000000000000  0.003006853746  0.004012987392  0.000000000000  0.000000000000  0.000000000000  0.000000000000  0.000000000000  0.015193033332  0.006027504285  0.003006853746  0.003006853746  0.009074844549  
rollulus_rouloul 0.022444015231  0.020379009203  0.013150775297  0.022393929078  0.015193033332  0.015193033332  0.018273656085  0.017241111497  0.015193033332  0.015193033332  0.015193033332  0.015193033332  0.015193033332  0.000000000000  0.012117982127  0.013150775297  0.013150775297  0.019339860574  
lophura_swinhoii 0.012126810359  0.010093514132  0.003006853746  0.015173601718  0.006027504285  0.006027504285  0.009062087087  0.010078605037  0.006027504285  0.006027504285  0.006027504285  0.006027504285  0.006027504285  0.012117982127  0.000000000000  0.003006853746  0.003006853746  0.009074844549  
catreus_wallichi 0.009074844549  0.007050424168  0.000000000000  0.012110739686  0.003006853746  0.003006853746  0.006027504285  0.007038803426  0.003006853746  0.003006853746  0.003006853746  0.003006853746  0.003006853746  0.013150775297  0.003006853746  0.000000000000  0.000000000000  0.006036995454  
crossoptilon_crossoptilon 0.009074844549  0.007050424168  0.000000000000  0.012110739686  0.003006853746  0.003006853746  0.006027504285  0.007038803426  0.003006853746  0.003006853746  0.003006853746  0.003006853746  0.003006853746  0.013150775297  0.003006853746  0.000000000000  0.000000000000  0.006036995454  
alectoris_rufa 0.003006853746  0.007050424168  0.006036995454  0.018273656085  0.009074844549  0.009074844549  0.012126810359  0.013150775297  0.009074844549  0.009074844549  0.009074844549  0.009074844549  0.009074844549  0.019339860574  0.009074844549  0.006036995454  0.006036995454  0.000000000000  

