18
cyrtonyx_montezumae 0.000000000000  0.037239921250  0.040442617020  0.073809758330  0.055743331555  0.047952335583  0.044712432417  0.050194962017  0.056861046085  0.047994137097  0.051299318339  0.051299318339  0.056861046085  0.055743331555  0.050194962017  0.052358859912  0.055743331555  0.063688738629  
rollulus_rouloul 0.037239921250  0.000000000000  0.023515655862  0.055852575070  0.038354323244  0.029766258124  0.027676483210  0.032984556787  0.039435806467  0.030854003777  0.034053528945  0.034053528945  0.039435806467  0.038354323244  0.034053528945  0.035092224354  0.040519827127  0.050446181627  
pavo_cristatus 0.040442617020  0.023515655862  0.000000000000  0.044928429883  0.028818531367  0.021423330866  0.018319914113  0.023539403075  0.029881634232  0.021444526402  0.024590414148  0.024590414148  0.029881634232  0.028818531367  0.024590414148  0.025617499349  0.028818531367  0.038519786181  
perdix_dauuricae 0.073809758330  0.055852575070  0.044928429883  0.000000000000  0.030947188919  0.031981016774  0.028818531367  0.034158677668  0.038475684968  0.032015206765  0.035234153793  0.037392645665  0.040649409822  0.039561269025  0.035234153793  0.036272581563  0.048231167098  0.048284159829  
lophophorus_impejanus 0.055743331555  0.038354323244  0.028818531367  0.030947188919  0.000000000000  0.017300973188  0.012158588958  0.017320646073  0.023592222424  0.015248897169  0.018360014692  0.020445792867  0.023592222424  0.022541029926  0.018360014692  0.020422334142  0.030947188919  0.037435379451  
chrysolophus_pictus 0.047952335583  0.029766258124  0.021423330866  0.031981016774  0.017300973188  0.000000000000  0.005022225560  0.010098772865  0.014200558341  0.008061455527  0.011120810355  0.013171692990  0.016265188133  0.015231719965  0.011120810355  0.016248517561  0.023515655862  0.032015206765  
tragopan_blythii 0.044712432417  0.027676483210  0.018319914113  0.028818531367  0.012158588958  0.005022225560  0.000000000000  0.005027251814  0.011133062559  0.003009782176  0.006039299846  0.008070070897  0.011133062559  0.010109807430  0.006039299846  0.011120810355  0.020400639267  0.028850552160  
catreus_wallichi 0.050194962017  0.032984556787  0.023539403075  0.034158677668  0.017320646073  0.010098772865  0.005027251814  0.000000000000  0.010109807430  0.002004341337  0.005027251814  0.007053569615  0.010109807430  0.009088813533  0.005027251814  0.016265188133  0.025643821524  0.034197347349  
lophura_nycthemera 0.056861046085  0.039435806467  0.029881634232  0.038475684968  0.023592222424  0.014200558341  0.011133062559  0.010109807430  0.000000000000  0.008070070897  0.011133062559  0.013186396733  0.016283610381  0.015248897169  0.011133062559  0.022515018646  0.029881634232  0.038519786181  
lophura_swinhoii 0.047994137097  0.030854003777  0.021444526402  0.032015206765  0.015248897169  0.008061455527  0.003009782176  0.002004341337  0.008070070897  0.000000000000  0.003009782176  0.005027251814  0.008070070897  0.007053569615  0.003009782176  0.014200558341  0.023539403075  0.032051198414  
syrmaticus_ellioti 0.051299318339  0.034053528945  0.024590414148  0.035234153793  0.018360014692  0.011120810355  0.006039299846  0.005027251814  0.011133062559  0.003009782176  0.000000000000  0.004017415807  0.007053569615  0.006039299846  0.002004341337  0.017300973188  0.026699636155  0.035274171858  
syrmaticus_reevesii 0.051299318339  0.034053528945  0.024590414148  0.037392645665  0.020445792867  0.013171692990  0.008070070897  0.007053569615  0.013186396733  0.005027251814  0.004017415807  0.000000000000  0.009088813533  0.008070070897  0.004017415807  0.017300973188  0.028818531367  0.037435379451  
lophura_inornata 0.056861046085  0.039435806467  0.029881634232  0.040649409822  0.023592222424  0.016265188133  0.011133062559  0.010109807430  0.016283610381  0.008070070897  0.007053569615  0.009088813533  0.000000000000  0.001001083765  0.007053569615  0.022515018646  0.032015206765  0.038519786181  
phasianus_colchicus 0.055743331555  0.038354323244  0.028818531367  0.039561269025  0.022541029926  0.015231719965  0.010109807430  0.009088813533  0.015248897169  0.007053569615  0.006039299846  0.008070070897  0.001001083765  0.000000000000  0.006039299846  0.021467491566  0.030947188919  0.037435379451  
crossoptilon_crossoptilon 0.050194962017  0.034053528945  0.024590414148  0.035234153793  0.018360014692  0.011120810355  0.006039299846  0.005027251814  0.011133062559  0.003009782176  0.002004341337  0.004017415807  0.007053569615  0.006039299846  0.000000000000  0.017300973188  0.026699636155  0.035274171858  
melgal2    0.052358859912  0.035092224354  0.025617499349  0.036272581563  0.020422334142  0.016248517561  0.011120810355  0.016265188133  0.022515018646  0.014200558341  0.017300973188  0.017300973188  0.022515018646  0.021467491566  0.017300973188  0.000000000000  0.029850090997  0.038475684968  
galgal4    0.055743331555  0.040519827127  0.028818531367  0.048231167098  0.030947188919  0.023515655862  0.020400639267  0.025643821524  0.029881634232  0.023539403075  0.026699636155  0.028818531367  0.032015206765  0.030947188919  0.026699636155  0.029850090997  0.000000000000  0.034197347349  
alectoris_rufa 0.063688738629  0.050446181627  0.038519786181  0.048284159829  0.037435379451  0.032015206765  0.028850552160  0.034197347349  0.038519786181  0.032051198414  0.035274171858  0.037435379451  0.038519786181  0.037435379451  0.035274171858  0.038475684968  0.034197347349  0.000000000000  

