18
cyrtonyx_montezumae 0.000000000000  0.017251778666  0.019320621393  0.019320621393  0.038239290857  0.023484402865  0.020358291084  0.020358291084  0.023465395180  0.032900086501  0.020358291084  0.026630362888  0.024510717569  0.020358291084  0.020358291084  0.025558249900  0.024510717569  0.024475252134  
lophura_inornata 0.017251778666  0.000000000000  0.002004047283  0.002004047283  0.020358291084  0.006036623445  0.003009118698  0.003009118698  0.006031212490  0.015191538127  0.003009118698  0.009082740304  0.007043461676  0.003009118698  0.003009118698  0.008057783035  0.007043461676  0.007035186202  
lophura_swinhoii 0.019320621393  0.002004047283  0.000000000000  0.000000000000  0.018285120268  0.004016232974  0.001001010457  0.001001010457  0.004012896892  0.013139828537  0.001001010457  0.007049916435  0.005021027028  0.001001010457  0.001001010457  0.006031212490  0.005021027028  0.005016905427  
lophura_nycthemera 0.019320621393  0.002004047283  0.000000000000  0.000000000000  0.018285120268  0.004016232974  0.001001010457  0.001001010457  0.004012896892  0.013139828537  0.001001010457  0.007049916435  0.005021027028  0.001001010457  0.001001010457  0.006031212490  0.005021027028  0.005016905427  
rollulus_rouloul 0.038239290857  0.020358291084  0.018285120268  0.018285120268  0.000000000000  0.014164621381  0.017251778666  0.017251778666  0.020342594904  0.029723963231  0.017251778666  0.020358291084  0.021381343064  0.017251778666  0.017251778666  0.022422273427  0.021381343064  0.021352507434  
melgal2    0.023484402865  0.006036623445  0.004016232974  0.004016232974  0.014164621381  0.000000000000  0.003009118698  0.003009118698  0.006031212490  0.015191538127  0.003009118698  0.009082740304  0.007043461676  0.003009118698  0.003009118698  0.008057783035  0.007043461676  0.007035186202  
syrmaticus_ellioti 0.020358291084  0.003009118698  0.001001010457  0.001001010457  0.017251778666  0.003009118698  0.000000000000  0.000000000000  0.003006813736  0.012117150827  0.000000000000  0.006036623445  0.004012896892  0.000000000000  0.000000000000  0.005021027028  0.004012896892  0.004010839576  
lophophorus_impejanus 0.020358291084  0.003009118698  0.001001010457  0.001001010457  0.017251778666  0.003009118698  0.000000000000  0.000000000000  0.003006813736  0.012117150827  0.000000000000  0.006036623445  0.004012896892  0.000000000000  0.000000000000  0.005021027028  0.004012896892  0.004010839576  
perdix_dauuricae 0.023465395180  0.006031212490  0.004012896892  0.004012896892  0.020342594904  0.006031212490  0.003006813736  0.003006813736  0.000000000000  0.015181269566  0.003006813736  0.009074185069  0.006027343062  0.003006813736  0.003006813736  0.006027343062  0.007038550591  0.007033371556  
tragopan_blythii 0.032900086501  0.015191538127  0.013139828537  0.013139828537  0.029723963231  0.015191538127  0.012117150827  0.012117150827  0.015181269566  0.000000000000  0.012117150827  0.018285120268  0.016209242534  0.012117150827  0.012117150827  0.017239352619  0.016209242534  0.016191273186  
phasianus_colchicus 0.020358291084  0.003009118698  0.001001010457  0.001001010457  0.017251778666  0.003009118698  0.000000000000  0.000000000000  0.003006813736  0.012117150827  0.000000000000  0.006036623445  0.004012896892  0.000000000000  0.000000000000  0.005021027028  0.004012896892  0.004010839576  
catreus_wallichi 0.026630362888  0.009082740304  0.007049916435  0.007049916435  0.020358291084  0.009082740304  0.006036623445  0.006036623445  0.009074185069  0.018285120268  0.006036623445  0.000000000000  0.010092676331  0.006036623445  0.006036623445  0.011113265428  0.010092676331  0.010078106011  
crossoptilon_crossoptilon 0.024510717569  0.007043461676  0.005021027028  0.005021027028  0.021381343064  0.007043461676  0.004012896892  0.004012896892  0.006027343062  0.016209242534  0.004012896892  0.010092676331  0.000000000000  0.004012896892  0.004012896892  0.008051826028  0.008051826028  0.008044561604  
syrmaticus_reevesii 0.020358291084  0.003009118698  0.001001010457  0.001001010457  0.017251778666  0.003009118698  0.000000000000  0.000000000000  0.003006813736  0.012117150827  0.000000000000  0.006036623445  0.004012896892  0.000000000000  0.000000000000  0.005021027028  0.004012896892  0.004010839576  
chrysolophus_pictus 0.020358291084  0.003009118698  0.001001010457  0.001001010457  0.017251778666  0.003009118698  0.000000000000  0.000000000000  0.003006813736  0.012117150827  0.000000000000  0.006036623445  0.004012896892  0.000000000000  0.000000000000  0.005021027028  0.004012896892  0.004010839576  
pavo_cristatus 0.025558249900  0.008057783035  0.006031212490  0.006031212490  0.022422273427  0.008057783035  0.005021027028  0.005021027028  0.006027343062  0.017239352619  0.005021027028  0.011113265428  0.008051826028  0.005021027028  0.005021027028  0.000000000000  0.009067177845  0.009057819486  
galgal4    0.024510717569  0.007043461676  0.005021027028  0.005021027028  0.021381343064  0.007043461676  0.004012896892  0.004012896892  0.007038550591  0.016209242534  0.004012896892  0.010092676331  0.008051826028  0.004012896892  0.004012896892  0.009067177845  0.000000000000  0.008044561604  
alectoris_rufa 0.024475252134  0.007035186202  0.005016905427  0.005016905427  0.021352507434  0.007035186202  0.004010839576  0.004010839576  0.007033371556  0.016191273186  0.004010839576  0.010078106011  0.008044561604  0.004010839576  0.004010839576  0.009057819486  0.008044561604  0.000000000000  

