18
galgal4    0.000000000000  0.013161374340  0.026682587790  0.013161374340  0.014202435458  0.013161374340  0.020376956211  0.017282426326  0.015204108783  0.016234349290  0.015204108783  0.015204108783  0.015204108783  0.019321782969  0.015204108783  0.019355930687  0.009083085198  0.025540609054  
pavo_cristatus 0.013161374340  0.000000000000  0.019375453075  0.006036775479  0.011113682998  0.010084925199  0.017252693949  0.014176014718  0.012117612344  0.013140362600  0.012117612344  0.012117612344  0.012117612344  0.016210069093  0.012117612344  0.016234349290  0.006031324244  0.022392859728  
cyrtonyx_montezumae 0.026682587790  0.019375453075  0.000000000000  0.019375453075  0.024578133431  0.023506894818  0.030859502134  0.027711269700  0.025581619301  0.026632689495  0.025581619301  0.025581619301  0.025581619301  0.026610220847  0.024532783127  0.029826967159  0.019355930687  0.036100755163  
rollulus_rouloul 0.013161374340  0.006036775479  0.019375453075  0.000000000000  0.011113682998  0.010084925199  0.017252693949  0.014176014718  0.012117612344  0.013140362600  0.012117612344  0.012117612344  0.012117612344  0.016210069093  0.012117612344  0.016234349290  0.006031324244  0.022392859728  
tragopan_blythii 0.014202435458  0.011113682998  0.024578133431  0.011113682998  0.000000000000  0.009074453766  0.016234349290  0.013161374340  0.011104522198  0.012126230268  0.011104522198  0.011104522198  0.011104522198  0.015192244443  0.011104522198  0.015217598313  0.005025503725  0.021367554373  
syrmaticus_ellioti 0.013161374340  0.010084925199  0.023506894818  0.010084925199  0.009074453766  0.000000000000  0.007043616992  0.004016300178  0.002002792657  0.003006846476  0.002002792657  0.002002792657  0.002002792657  0.006027474610  0.002002792657  0.008065557643  0.004012947429  0.022392859728  
syrmaticus_reevesii 0.020376956211  0.017252693949  0.030859502134  0.017252693949  0.016234349290  0.007043616992  0.000000000000  0.011113682998  0.009067430567  0.008052029648  0.009067430567  0.009067430567  0.009067430567  0.013140362600  0.009067430567  0.013161374340  0.011104522198  0.029705785890  
phasianus_colchicus 0.017282426326  0.014176014718  0.027711269700  0.014176014718  0.013161374340  0.004016300178  0.011113682998  0.000000000000  0.006031324244  0.007043616992  0.006031324244  0.006031324244  0.006031324244  0.010084925199  0.006031324244  0.012148317759  0.008057990641  0.026570261027  
chrysolophus_pictus 0.015204108783  0.012117612344  0.025581619301  0.012117612344  0.011104522198  0.002002792657  0.009067430567  0.006031324244  0.000000000000  0.001001014623  0.000000000000  0.000000000000  0.000000000000  0.008047678028  0.004011191924  0.010093014992  0.006027474610  0.024461907438  
perdix_dauuricae 0.016234349290  0.013140362600  0.026632689495  0.013140362600  0.012126230268  0.003006846476  0.008052029648  0.007043616992  0.001001014623  0.000000000000  0.001001014623  0.001001014623  0.001001014623  0.009062018958  0.005018303450  0.011113682998  0.007038713844  0.025506234575  
lophura_swinhoii 0.015204108783  0.012117612344  0.025581619301  0.012117612344  0.011104522198  0.002002792657  0.009067430567  0.006031324244  0.000000000000  0.001001014623  0.000000000000  0.000000000000  0.000000000000  0.008047678028  0.004011191924  0.010093014992  0.006027474610  0.024461907438  
crossoptilon_crossoptilon 0.015204108783  0.012117612344  0.025581619301  0.012117612344  0.011104522198  0.002002792657  0.009067430567  0.006031324244  0.000000000000  0.001001014623  0.000000000000  0.000000000000  0.000000000000  0.008047678028  0.004011191924  0.010093014992  0.006027474610  0.024461907438  
catreus_wallichi 0.015204108783  0.012117612344  0.025581619301  0.012117612344  0.011104522198  0.002002792657  0.009067430567  0.006031324244  0.000000000000  0.001001014623  0.000000000000  0.000000000000  0.000000000000  0.008047678028  0.004011191924  0.010093014992  0.006027474610  0.024461907438  
lophura_nycthemera 0.019321782969  0.016210069093  0.026610220847  0.016210069093  0.015192244443  0.006027474610  0.013140362600  0.010084925199  0.008047678028  0.009062018958  0.008047678028  0.008047678028  0.008047678028  0.000000000000  0.004012947429  0.014176014718  0.010078449229  0.028634460018  
lophura_inornata 0.015204108783  0.012117612344  0.024532783127  0.012117612344  0.011104522198  0.002002792657  0.009067430567  0.006031324244  0.004011191924  0.005018303450  0.004011191924  0.004011191924  0.004011191924  0.004012947429  0.000000000000  0.010093014992  0.006027474610  0.024461907438  
melgal2    0.019355930687  0.016234349290  0.029826967159  0.016234349290  0.015217598313  0.008065557643  0.013161374340  0.012148317759  0.010093014992  0.011113682998  0.010093014992  0.010093014992  0.010093014992  0.014176014718  0.010093014992  0.000000000000  0.010093014992  0.028672298411  
lophophorus_impejanus 0.009083085198  0.006031324244  0.019355930687  0.006031324244  0.005025503725  0.004012947429  0.011104522198  0.008057990641  0.006027474610  0.007038713844  0.006027474610  0.006027474610  0.006027474610  0.010078449229  0.006027474610  0.010093014992  0.000000000000  0.018260760641  
alectoris_rufa 0.025540609054  0.022392859728  0.036100755163  0.022392859728  0.021367554373  0.022392859728  0.029705785890  0.026570261027  0.024461907438  0.025506234575  0.024461907438  0.024461907438  0.024461907438  0.028634460018  0.024461907438  0.028672298411  0.018260760641  0.000000000000  

