18
cyrtonyx_montezumae 0.000000000000  0.000000000000  0.000000000000  0.000000000000  0.002002789202  0.000000000000  0.001001024640  0.001001024640  0.001001024640  0.001001024640  0.001001024640  0.001001024640  0.004016461761  0.002004104168  0.000000000000  0.003006079500  0.005021264461  0.012111123600  
syrmaticus_ellioti 0.000000000000  0.000000000000  0.000000000000  0.000000000000  0.002002789202  0.000000000000  0.001001024640  0.001001024640  0.001001024640  0.001001024640  0.001001024640  0.001001024640  0.004016461761  0.002004104168  0.000000000000  0.003006079500  0.005021264461  0.012111123600  
tragopan_blythii 0.000000000000  0.000000000000  0.000000000000  0.000000000000  0.002002789202  0.000000000000  0.001001024640  0.001001024640  0.001001024640  0.001001024640  0.001001024640  0.001001024640  0.004016461761  0.002004104168  0.000000000000  0.003006079500  0.005021264461  0.012111123600  
syrmaticus_reevesii 0.000000000000  0.000000000000  0.000000000000  0.000000000000  0.002002789202  0.000000000000  0.001001024640  0.001001024640  0.001001024640  0.001001024640  0.001001024640  0.001001024640  0.004016461761  0.002004104168  0.000000000000  0.003006079500  0.005021264461  0.012111123600  
galgal4    0.002002789202  0.002002789202  0.002002789202  0.002002789202  0.000000000000  0.002002789202  0.003006877279  0.003006877279  0.003006877279  0.003006877279  0.003006877279  0.003006877279  0.006031580682  0.004013032855  0.002002789202  0.005017011978  0.007038938407  0.014149144064  
rollulus_rouloul 0.000000000000  0.000000000000  0.000000000000  0.000000000000  0.002002789202  0.000000000000  0.001001024640  0.001001024640  0.001001024640  0.001001024640  0.001001024640  0.001001024640  0.004016461761  0.002004104168  0.000000000000  0.003006079500  0.005021264461  0.012111123600  
phasianus_colchicus 0.001001024640  0.001001024640  0.001001024640  0.001001024640  0.003006877279  0.001001024640  0.000000000000  0.000000000000  0.000000000000  0.000000000000  0.000000000000  0.000000000000  0.003009247040  0.003009247040  0.001001024640  0.004011178156  0.006031580682  0.013132992507  
lophura_nycthemera 0.001001024640  0.001001024640  0.001001024640  0.001001024640  0.003006877279  0.001001024640  0.000000000000  0.000000000000  0.000000000000  0.000000000000  0.000000000000  0.000000000000  0.003009247040  0.003009247040  0.001001024640  0.004011178156  0.006031580682  0.013132992507  
lophura_inornata 0.001001024640  0.001001024640  0.001001024640  0.001001024640  0.003006877279  0.001001024640  0.000000000000  0.000000000000  0.000000000000  0.000000000000  0.000000000000  0.000000000000  0.003009247040  0.003009247040  0.001001024640  0.004011178156  0.006031580682  0.013132992507  
lophura_swinhoii 0.001001024640  0.001001024640  0.001001024640  0.001001024640  0.003006877279  0.001001024640  0.000000000000  0.000000000000  0.000000000000  0.000000000000  0.000000000000  0.000000000000  0.003009247040  0.003009247040  0.001001024640  0.004011178156  0.006031580682  0.013132992507  
chrysolophus_pictus 0.001001024640  0.001001024640  0.001001024640  0.001001024640  0.003006877279  0.001001024640  0.000000000000  0.000000000000  0.000000000000  0.000000000000  0.000000000000  0.000000000000  0.003009247040  0.003009247040  0.001001024640  0.004011178156  0.006031580682  0.013132992507  
catreus_wallichi 0.001001024640  0.001001024640  0.001001024640  0.001001024640  0.003006877279  0.001001024640  0.000000000000  0.000000000000  0.000000000000  0.000000000000  0.000000000000  0.000000000000  0.003009247040  0.003009247040  0.001001024640  0.004011178156  0.006031580682  0.013132992507  
crossoptilon_crossoptilon 0.004016461761  0.004016461761  0.004016461761  0.004016461761  0.006031580682  0.004016461761  0.003009247040  0.003009247040  0.003009247040  0.003009247040  0.003009247040  0.003009247040  0.000000000000  0.006037141039  0.004016461761  0.007038938407  0.009075123689  0.016211483960  
melgal2    0.002004104168  0.002004104168  0.002004104168  0.002004104168  0.004013032855  0.002004104168  0.003009247040  0.003009247040  0.003009247040  0.003009247040  0.003009247040  0.003009247040  0.006037141039  0.000000000000  0.002004104168  0.005018348478  0.007043990157  0.014157002864  
lophophorus_impejanus 0.000000000000  0.000000000000  0.000000000000  0.000000000000  0.002002789202  0.000000000000  0.001001024640  0.001001024640  0.001001024640  0.001001024640  0.001001024640  0.001001024640  0.004016461761  0.002004104168  0.000000000000  0.003006079500  0.005021264461  0.012111123600  
pavo_cristatus 0.003006079500  0.003006079500  0.003006079500  0.003006079500  0.005017011978  0.003006079500  0.004011178156  0.004011178156  0.004011178156  0.004011178156  0.004011178156  0.004011178156  0.007038938407  0.005018348478  0.003006079500  0.000000000000  0.008047835262  0.015166859023  
perdix_dauuricae 0.005021264461  0.005021264461  0.005021264461  0.005021264461  0.007038938407  0.005021264461  0.006031580682  0.006031580682  0.006031580682  0.006031580682  0.006031580682  0.006031580682  0.009075123689  0.007043990157  0.005021264461  0.008047835262  0.000000000000  0.007035470645  
alectoris_rufa 0.012111123600  0.012111123600  0.012111123600  0.012111123600  0.014149144064  0.012111123600  0.013132992507  0.013132992507  0.013132992507  0.013132992507  0.013132992507  0.013132992507  0.016211483960  0.014157002864  0.012111123600  0.015166859023  0.007035470645  0.000000000000  

