18
rollulus_rouloul 0.000000000000  0.011083283766  0.011083283766  0.011083283766  0.011083283766  0.011083283766  0.011083283766  0.011083283766  0.011083283766  0.011083283766  0.011083283766  0.011083283766  0.035863222436  0.011083283766  0.015153581528  0.014134397566  0.011083283766  0.005016909587  
syrmaticus_ellioti 0.011083283766  0.000000000000  0.000000000000  0.000000000000  0.000000000000  0.000000000000  0.000000000000  0.000000000000  0.000000000000  0.000000000000  0.000000000000  0.000000000000  0.024401783265  0.000000000000  0.004010838265  0.003006044229  0.000000000000  0.006025033923  
lophura_inornata 0.011083283766  0.000000000000  0.000000000000  0.000000000000  0.000000000000  0.000000000000  0.000000000000  0.000000000000  0.000000000000  0.000000000000  0.000000000000  0.000000000000  0.024401783265  0.000000000000  0.004010838265  0.003006044229  0.000000000000  0.006025033923  
lophura_swinhoii 0.011083283766  0.000000000000  0.000000000000  0.000000000000  0.000000000000  0.000000000000  0.000000000000  0.000000000000  0.000000000000  0.000000000000  0.000000000000  0.000000000000  0.024401783265  0.000000000000  0.004010838265  0.003006044229  0.000000000000  0.006025033923  
crossoptilon_crossoptilon 0.011083283766  0.000000000000  0.000000000000  0.000000000000  0.000000000000  0.000000000000  0.000000000000  0.000000000000  0.000000000000  0.000000000000  0.000000000000  0.000000000000  0.024401783265  0.000000000000  0.004010838265  0.003006044229  0.000000000000  0.006025033923  
lophophorus_impejanus 0.011083283766  0.000000000000  0.000000000000  0.000000000000  0.000000000000  0.000000000000  0.000000000000  0.000000000000  0.000000000000  0.000000000000  0.000000000000  0.000000000000  0.024401783265  0.000000000000  0.004010838265  0.003006044229  0.000000000000  0.006025033923  
syrmaticus_reevesii 0.011083283766  0.000000000000  0.000000000000  0.000000000000  0.000000000000  0.000000000000  0.000000000000  0.000000000000  0.000000000000  0.000000000000  0.000000000000  0.000000000000  0.024401783265  0.000000000000  0.004010838265  0.003006044229  0.000000000000  0.006025033923  
chrysolophus_pictus 0.011083283766  0.000000000000  0.000000000000  0.000000000000  0.000000000000  0.000000000000  0.000000000000  0.000000000000  0.000000000000  0.000000000000  0.000000000000  0.000000000000  0.024401783265  0.000000000000  0.004010838265  0.003006044229  0.000000000000  0.006025033923  
perdix_dauuricae 0.011083283766  0.000000000000  0.000000000000  0.000000000000  0.000000000000  0.000000000000  0.000000000000  0.000000000000  0.000000000000  0.000000000000  0.000000000000  0.000000000000  0.024401783265  0.000000000000  0.004010838265  0.003006044229  0.000000000000  0.006025033923  
lophura_nycthemera 0.011083283766  0.000000000000  0.000000000000  0.000000000000  0.000000000000  0.000000000000  0.000000000000  0.000000000000  0.000000000000  0.000000000000  0.000000000000  0.000000000000  0.024401783265  0.000000000000  0.004010838265  0.003006044229  0.000000000000  0.006025033923  
catreus_wallichi 0.011083283766  0.000000000000  0.000000000000  0.000000000000  0.000000000000  0.000000000000  0.000000000000  0.000000000000  0.000000000000  0.000000000000  0.000000000000  0.000000000000  0.024401783265  0.000000000000  0.004010838265  0.003006044229  0.000000000000  0.006025033923  
tragopan_blythii 0.011083283766  0.000000000000  0.000000000000  0.000000000000  0.000000000000  0.000000000000  0.000000000000  0.000000000000  0.000000000000  0.000000000000  0.000000000000  0.000000000000  0.024401783265  0.000000000000  0.004010838265  0.003006044229  0.000000000000  0.006025033923  
melgal2    0.035863222436  0.024401783265  0.024401783265  0.024401783265  0.024401783265  0.024401783265  0.024401783265  0.024401783265  0.024401783265  0.024401783265  0.024401783265  0.024401783265  0.000000000000  0.024401783265  0.028544666059  0.027507971611  0.024401783265  0.030633014612  
cyrtonyx_montezumae 0.011083283766  0.000000000000  0.000000000000  0.000000000000  0.000000000000  0.000000000000  0.000000000000  0.000000000000  0.000000000000  0.000000000000  0.000000000000  0.000000000000  0.024401783265  0.000000000000  0.004010838265  0.003006044229  0.000000000000  0.006025033923  
galgal4    0.015153581528  0.004010838265  0.004010838265  0.004010838265  0.004010838265  0.004010838265  0.004010838265  0.004010838265  0.004010838265  0.004010838265  0.004010838265  0.004010838265  0.028544666059  0.004010838265  0.000000000000  0.001000755151  0.004010838265  0.010067946803  
pavo_cristatus 0.014134397566  0.003006044229  0.003006044229  0.003006044229  0.003006044229  0.003006044229  0.003006044229  0.003006044229  0.003006044229  0.003006044229  0.003006044229  0.003006044229  0.027507971611  0.003006044229  0.001000755151  0.000000000000  0.003006044229  0.009055497032  
phasianus_colchicus 0.011083283766  0.000000000000  0.000000000000  0.000000000000  0.000000000000  0.000000000000  0.000000000000  0.000000000000  0.000000000000  0.000000000000  0.000000000000  0.000000000000  0.024401783265  0.000000000000  0.004010838265  0.003006044229  0.000000000000  0.006025033923  
alectoris_rufa 0.005016909587  0.006025033923  0.006025033923  0.006025033923  0.006025033923  0.006025033923  0.006025033923  0.006025033923  0.006025033923  0.006025033923  0.006025033923  0.006025033923  0.030633014612  0.006025033923  0.010067946803  0.009055497032  0.006025033923  0.000000000000  

