18
pavo_cristatus 0.000000000000  0.040576181161  0.027725597130  0.015221944024  0.014192151870  0.021426193601  0.015221944024  0.015221944024  0.019363193758  0.014192151870  0.017288133758  0.015221944024  0.018324550217  0.017288133758  0.018307013566  0.015221944024  0.015221944024  0.018291111654  
cyrtonyx_montezumae 0.040576181161  0.000000000000  0.035112068213  0.036218446733  0.035145289443  0.042665968597  0.036218446733  0.036218446733  0.040535062374  0.035145289443  0.038371935848  0.036218446733  0.039452289046  0.038371935848  0.039414116611  0.036218446733  0.036218446733  0.038299774788  
rollulus_rouloul 0.027725597130  0.035112068213  0.000000000000  0.023495188162  0.022449880788  0.029787800221  0.023495188162  0.023495188162  0.027699171364  0.022449880788  0.025592609243  0.023495188162  0.026644742696  0.025592609243  0.026621165080  0.023495188162  0.023495188162  0.027651306015  
crossoptilon_crossoptilon 0.015221944024  0.036218446733  0.023495188162  0.000000000000  0.001001035868  0.008059051694  0.002004149207  0.002004149207  0.006037550897  0.001001035868  0.004016642914  0.002004149207  0.005026040726  0.004016642914  0.005021439646  0.002004149207  0.006037550897  0.015184496152  
catreus_wallichi 0.014192151870  0.035145289443  0.022449880788  0.001001035868  0.000000000000  0.007044391785  0.001001035868  0.001001035868  0.005026040726  0.000000000000  0.003009348658  0.001001035868  0.004016642914  0.003009348658  0.004013129698  0.001001035868  0.005026040726  0.014158093273  
lophophorus_impejanus 0.021426193601  0.042665968597  0.029787800221  0.008059051694  0.007044391785  0.000000000000  0.008059051694  0.008059051694  0.012139126247  0.007044391785  0.010094783903  0.008059051694  0.011115874259  0.010094783903  0.011106263736  0.008059051694  0.012139126247  0.021373038994  
melgal2    0.015221944024  0.036218446733  0.023495188162  0.002004149207  0.001001035868  0.008059051694  0.000000000000  0.002004149207  0.006037550897  0.001001035868  0.004016642914  0.002004149207  0.005026040726  0.004016642914  0.005021439646  0.002004149207  0.006037550897  0.015184496152  
syrmaticus_ellioti 0.015221944024  0.036218446733  0.023495188162  0.002004149207  0.001001035868  0.008059051694  0.002004149207  0.000000000000  0.006037550897  0.001001035868  0.004016642914  0.002004149207  0.005026040726  0.004016642914  0.005021439646  0.002004149207  0.006037550897  0.015184496152  
perdix_dauuricae 0.019363193758  0.040535062374  0.027699171364  0.006037550897  0.005026040726  0.012139126247  0.006037550897  0.006037550897  0.000000000000  0.005026040726  0.008066943812  0.006037550897  0.009084844444  0.008066943812  0.009075846067  0.006037550897  0.010104893210  0.019312043214  
syrmaticus_reevesii 0.014192151870  0.035145289443  0.022449880788  0.001001035868  0.000000000000  0.007044391785  0.001001035868  0.001001035868  0.005026040726  0.000000000000  0.003009348658  0.001001035868  0.004016642914  0.003009348658  0.004013129698  0.001001035868  0.005026040726  0.014158093273  
tragopan_blythii 0.017288133758  0.038371935848  0.025592609243  0.004016642914  0.003009348658  0.010094783903  0.004016642914  0.004016642914  0.008066943812  0.003009348658  0.000000000000  0.002004149207  0.005026040726  0.004016642914  0.005021439646  0.002004149207  0.008066943812  0.017243863852  
lophura_swinhoii 0.015221944024  0.036218446733  0.023495188162  0.002004149207  0.001001035868  0.008059051694  0.002004149207  0.002004149207  0.006037550897  0.001001035868  0.002004149207  0.000000000000  0.003009348658  0.002004149207  0.003006918778  0.000000000000  0.006037550897  0.015184496152  
lophura_inornata 0.018324550217  0.039452289046  0.026644742696  0.005026040726  0.004016642914  0.011115874259  0.005026040726  0.005026040726  0.009084844444  0.004016642914  0.005026040726  0.003009348658  0.000000000000  0.005026040726  0.006031857398  0.003009348658  0.009084844444  0.018276847365  
phasianus_colchicus 0.017288133758  0.038371935848  0.025592609243  0.004016642914  0.003009348658  0.010094783903  0.004016642914  0.004016642914  0.008066943812  0.003009348658  0.004016642914  0.002004149207  0.005026040726  0.000000000000  0.005021439646  0.002004149207  0.008066943812  0.017243863852  
chrysolophus_pictus 0.018307013566  0.039414116611  0.026621165080  0.005021439646  0.004013129698  0.011106263736  0.005021439646  0.005021439646  0.009075846067  0.004013129698  0.005021439646  0.003006918778  0.006031857398  0.005021439646  0.000000000000  0.003006918778  0.009075846067  0.018264223613  
lophura_nycthemera 0.015221944024  0.036218446733  0.023495188162  0.002004149207  0.001001035868  0.008059051694  0.002004149207  0.002004149207  0.006037550897  0.001001035868  0.002004149207  0.000000000000  0.003009348658  0.002004149207  0.003006918778  0.000000000000  0.006037550897  0.015184496152  
galgal4    0.015221944024  0.036218446733  0.023495188162  0.006037550897  0.005026040726  0.012139126247  0.006037550897  0.006037550897  0.010104893210  0.005026040726  0.008066943812  0.006037550897  0.009084844444  0.008066943812  0.009075846067  0.006037550897  0.000000000000  0.015184496152  
alectoris_rufa 0.018291111654  0.038299774788  0.027651306015  0.015184496152  0.014158093273  0.021373038994  0.015184496152  0.015184496152  0.019312043214  0.014158093273  0.017243863852  0.015184496152  0.018276847365  0.017243863852  0.018264223613  0.015184496152  0.015184496152  0.000000000000  

