18
cyrtonyx_montezumae 0.000000000000  0.057692161966  0.058945929607  0.056766613944  0.062152452225  0.069838336441  0.062202001640  0.068918549937  0.068918549937  0.063377107445  0.062202001640  0.057782943104  0.071079975644  0.076741178586  0.053439959454  0.081296649635  0.058896769590  0.061131909671  
pavo_cristatus 0.057692161966  0.000000000000  0.034996724168  0.028666194723  0.040264742908  0.045544273401  0.038147888063  0.044575712450  0.046745245680  0.039246216383  0.038147888063  0.033909335358  0.046682048209  0.051006194611  0.027614570800  0.057568646379  0.032848775182  0.037104609054  
tragopan_blythii 0.058945929607  0.034996724168  0.000000000000  0.018314731455  0.029742191200  0.034949207843  0.027656013568  0.033984485601  0.036119235977  0.028734093433  0.027656013568  0.023481426084  0.032871078252  0.039246216383  0.015215340480  0.054372916676  0.030799388081  0.033984485601  
phasianus_colchicus 0.056766613944  0.028666194723  0.018314731455  0.000000000000  0.011090275577  0.016179410301  0.009061493433  0.015180433799  0.017238155327  0.010084162413  0.009061493433  0.005018145685  0.021350952052  0.032871078252  0.007049566725  0.050017336463  0.024507753342  0.028709863524  
catreus_wallichi 0.062152452225  0.040264742908  0.029742191200  0.011090275577  0.000000000000  0.011083214820  0.004012835833  0.010084162413  0.012125059609  0.011103567517  0.010077781717  0.006027242464  0.031752960260  0.043465578359  0.018270207178  0.059786373544  0.036037242618  0.040320477003  
syrmaticus_ellioti 0.069838336441  0.045544273401  0.034949207843  0.016179410301  0.011083214820  0.000000000000  0.007033191001  0.012100532322  0.014141411163  0.016190672114  0.015159625035  0.011083214820  0.036977768082  0.046599731845  0.023403831176  0.065198462644  0.041287516883  0.045598465950  
lophura_nycthemera 0.062202001640  0.038147888063  0.027656013568  0.009061493433  0.004012835833  0.007033191001  0.000000000000  0.006031035942  0.008057432535  0.009073725370  0.008051579186  0.004012835833  0.029663225232  0.041338998443  0.016219369123  0.057608126655  0.033932769254  0.038202269461  
chrysolophus_pictus 0.068918549937  0.044575712450  0.033984485601  0.015180433799  0.010084162413  0.012100532322  0.006031035942  0.000000000000  0.004016119708  0.015202143716  0.014163762298  0.010084162413  0.035990701272  0.047799943298  0.022419895193  0.062014001957  0.040320477003  0.044640799007  
lophura_swinhoii 0.068918549937  0.046745245680  0.036119235977  0.017238155327  0.012125059609  0.014141411163  0.008057432535  0.004016119708  0.000000000000  0.017264126469  0.016219369123  0.012125059609  0.035990701272  0.049981327568  0.024507753342  0.066499318948  0.042475961955  0.046815069667  
crossoptilon_crossoptilon 0.063377107445  0.039246216383  0.028734093433  0.010084162413  0.011103567517  0.016190672114  0.009073725370  0.015202143716  0.017264126469  0.000000000000  0.009073725370  0.005025220974  0.028628934607  0.042444945273  0.017264126469  0.058759400716  0.035022913363  0.039306167961  
syrmaticus_reevesii 0.062202001640  0.038147888063  0.027656013568  0.009061493433  0.010077781717  0.015159625035  0.008051579186  0.014163762298  0.016219369123  0.009073725370  0.000000000000  0.004012835833  0.029663225232  0.041338998443  0.016219369123  0.057608126655  0.033932769254  0.036062952672  
lophura_inornata 0.057782943104  0.033909335358  0.023481426084  0.005018145685  0.006027242464  0.011083214820  0.004012835833  0.010084162413  0.012125059609  0.005025220974  0.004012835833  0.000000000000  0.025487311031  0.037079381264  0.012125059609  0.053233429357  0.029720039785  0.033957820368  
perdix_dauuricae 0.071079975644  0.046682048209  0.032871078252  0.021350952052  0.031752960260  0.036977768082  0.029663225232  0.035990701272  0.035990701272  0.028628934607  0.029663225232  0.025487311031  0.000000000000  0.047737699807  0.022389443306  0.065282890163  0.038123145685  0.042475961955  
melgal2    0.076741178586  0.051006194611  0.039246216383  0.032871078252  0.043465578359  0.046599731845  0.041338998443  0.047799943298  0.049981327568  0.042444945273  0.041338998443  0.037079381264  0.047737699807  0.000000000000  0.029699492894  0.075423529176  0.049981327568  0.052172290530  
lophophorus_impejanus 0.053439959454  0.027614570800  0.015215340480  0.007049566725  0.018270207178  0.023403831176  0.016219369123  0.022419895193  0.024507753342  0.017264126469  0.016219369123  0.012125059609  0.022389443306  0.029699492894  0.000000000000  0.046745245680  0.021379233214  0.025554967790  
rollulus_rouloul 0.081296649635  0.057568646379  0.054372916676  0.050017336463  0.059786373544  0.065198462644  0.057608126655  0.062014001957  0.066499318948  0.058759400716  0.057608126655  0.053233429357  0.065282890163  0.075423529176  0.046745245680  0.000000000000  0.028666194723  0.054333738425  
galgal4    0.058896769590  0.032848775182  0.030799388081  0.024507753342  0.036037242618  0.041287516883  0.033932769254  0.040320477003  0.042475961955  0.035022913363  0.033932769254  0.029720039785  0.038123145685  0.049981327568  0.021379233214  0.028666194723  0.000000000000  0.030776115388  
alectoris_rufa 0.061131909671  0.037104609054  0.033984485601  0.028709863524  0.040320477003  0.045598465950  0.038202269461  0.044640799007  0.046815069667  0.039306167961  0.036062952672  0.033957820368  0.042475961955  0.052172290530  0.025554967790  0.054333738425  0.030776115388  0.000000000000  

