18
perdix_dauuricae 0.000000000000  0.013127175553  0.011098438410  0.020321856479  0.024484882349  0.017232793839  0.017232793839  0.017232793839  0.017232793839  0.020335100202  0.022372804080  0.018253737648  0.018253737648  0.022384998360  0.019298779928  0.018277294202  0.016213436461  0.015184809073  
cyrtonyx_montezumae 0.013127175553  0.000000000000  0.023440753255  0.032848134406  0.037107126189  0.029697114442  0.029697114442  0.029697114442  0.029697114442  0.032870467130  0.034928586275  0.030732655410  0.030732655410  0.034949894403  0.029697114442  0.030774217593  0.027611140380  0.027611140380  
tragopan_blythii 0.011098438410  0.023440753255  0.000000000000  0.009062802773  0.013142699702  0.006027820199  0.006027820199  0.006027820199  0.006027820199  0.009068566871  0.011087394682  0.007035720305  0.007035720305  0.011092091877  0.008052853681  0.007044462015  0.005021473381  0.004013151267  
catreus_wallichi 0.020321856479  0.032848134406  0.009062802773  0.000000000000  0.006037622450  0.003006932189  0.003006932189  0.003006932189  0.003006932189  0.006031907343  0.010074314645  0.004011251209  0.004011251209  0.008048196887  0.009062802773  0.008052853681  0.006027820199  0.005018482068  
galgal4    0.024484882349  0.037107126189  0.013142699702  0.006037622450  0.000000000000  0.007044462015  0.007044462015  0.007044462015  0.007044462015  0.010094939790  0.014158370184  0.008052853681  0.008052853681  0.012119486283  0.011098438410  0.012128600461  0.010086423014  0.009068566871  
chrysolophus_pictus 0.017232793839  0.029697114442  0.006027820199  0.003006932189  0.007044462015  0.000000000000  0.000000000000  0.000000000000  0.000000000000  0.003009366397  0.007035720305  0.001000768183  0.001000768183  0.005018482068  0.006027820199  0.005021473381  0.003006932189  0.002002807395  
syrmaticus_ellioti 0.017232793839  0.029697114442  0.006027820199  0.003006932189  0.007044462015  0.000000000000  0.000000000000  0.000000000000  0.000000000000  0.003009366397  0.007035720305  0.001000768183  0.001000768183  0.005018482068  0.006027820199  0.005021473381  0.003006932189  0.002002807395  
lophura_nycthemera 0.017232793839  0.029697114442  0.006027820199  0.003006932189  0.007044462015  0.000000000000  0.000000000000  0.000000000000  0.000000000000  0.003009366397  0.007035720305  0.001000768183  0.001000768183  0.005018482068  0.006027820199  0.005021473381  0.003006932189  0.002002807395  
phasianus_colchicus 0.017232793839  0.029697114442  0.006027820199  0.003006932189  0.007044462015  0.000000000000  0.000000000000  0.000000000000  0.000000000000  0.003009366397  0.007035720305  0.001000768183  0.001000768183  0.005018482068  0.006027820199  0.005021473381  0.003006932189  0.002002807395  
lophura_swinhoii 0.020335100202  0.032870467130  0.009068566871  0.006031907343  0.010094939790  0.003009366397  0.003009366397  0.003009366397  0.003009366397  0.000000000000  0.010079546936  0.004013151267  0.004013151267  0.008052853681  0.009068566871  0.008059146320  0.006031907343  0.005021473381  
melgal2    0.022372804080  0.034928586275  0.011087394682  0.010074314645  0.014158370184  0.007035720305  0.007035720305  0.007035720305  0.007035720305  0.010079546936  0.000000000000  0.008045179040  0.008045179040  0.012106207085  0.011087394682  0.010074314645  0.008045179040  0.007033802720  
lophura_inornata 0.018253737648  0.030732655410  0.007035720305  0.004011251209  0.008052853681  0.001000768183  0.001000768183  0.001000768183  0.001000768183  0.004013151267  0.008045179040  0.000000000000  0.000000000000  0.006025364107  0.007035720305  0.006027820199  0.004011251209  0.003006118843  
rollulus_rouloul 0.018253737648  0.030732655410  0.007035720305  0.004011251209  0.008052853681  0.001000768183  0.001000768183  0.001000768183  0.001000768183  0.004013151267  0.008045179040  0.000000000000  0.000000000000  0.006025364107  0.007035720305  0.006027820199  0.004011251209  0.003006118843  
lophophorus_impejanus 0.022384998360  0.034949894403  0.011092091877  0.008048196887  0.012119486283  0.005018482068  0.005018482068  0.005018482068  0.005018482068  0.008052853681  0.012106207085  0.006025364107  0.006025364107  0.000000000000  0.011092091877  0.010079546936  0.008048196887  0.007035720305  
pavo_cristatus 0.019298779928  0.029697114442  0.008052853681  0.009062802773  0.011098438410  0.006027820199  0.006027820199  0.006027820199  0.006027820199  0.009068566871  0.011087394682  0.007035720305  0.007035720305  0.011092091877  0.000000000000  0.007044462015  0.005021473381  0.004013151267  
syrmaticus_reevesii 0.018277294202  0.030774217593  0.007044462015  0.008052853681  0.012128600461  0.005021473381  0.005021473381  0.005021473381  0.005021473381  0.008059146320  0.010074314645  0.006027820199  0.006027820199  0.010079546936  0.007044462015  0.000000000000  0.004016674539  0.003009366397  
crossoptilon_crossoptilon 0.016213436461  0.027611140380  0.005021473381  0.006027820199  0.010086423014  0.003006932189  0.003006932189  0.003006932189  0.003006932189  0.006031907343  0.008045179040  0.004011251209  0.004011251209  0.008048196887  0.005021473381  0.004016674539  0.000000000000  0.001001037829  
alectoris_rufa 0.015184809073  0.027611140380  0.004013151267  0.005018482068  0.009068566871  0.002002807395  0.002002807395  0.002002807395  0.002002807395  0.005021473381  0.007033802720  0.003006118843  0.003006118843  0.007035720305  0.004013151267  0.003009366397  0.001001037829  0.000000000000  

