18
cyrtonyx_montezumae 0.000000000000  0.132915828572  0.217529810652  0.146271801045  0.170892908745  0.155907793176  0.143560300839  0.146153024472  0.142382663152  0.143560300839  0.148759374146  0.170750297782  0.138861531580  0.142269004409  0.154819584234  0.140510123184  0.130369481458  0.133964424123  
galgal4    0.132915828572  0.000000000000  0.156007667868  0.077855007402  0.096396231899  0.094913732603  0.075498851413  0.080101535547  0.079008357602  0.080101535547  0.088260474252  0.113084923091  0.072299038722  0.082418996290  0.075869804502  0.070197268016  0.054425510893  0.090768981201  
rollulus_rouloul 0.217529810652  0.156007667868  0.000000000000  0.156588457991  0.176253533043  0.169057076599  0.153771434871  0.155104496451  0.157930553152  0.153771434871  0.153771434871  0.180261099384  0.145076026356  0.159125316644  0.141420405931  0.142868555247  0.150653433262  0.188222613888  
lophura_nycthemera 0.146271801045  0.077855007402  0.156588457991  0.000000000000  0.027598543815  0.032831057748  0.015191364452  0.017251552406  0.026607453510  0.022405583457  0.033890813240  0.062027161287  0.023447562297  0.036017142310  0.063290249887  0.052221230290  0.081323136132  0.110632947301  
lophura_inornata 0.170892908745  0.096396231899  0.176253533043  0.027598543815  0.000000000000  0.049889985238  0.032852175843  0.034976246670  0.042451383540  0.040269763805  0.049889985238  0.076479615901  0.041344437051  0.054269212652  0.080101535547  0.070990672520  0.099824465965  0.132579470614  
phasianus_colchicus 0.155907793176  0.094913732603  0.169057076599  0.032831057748  0.049889985238  0.000000000000  0.023404855597  0.027552116428  0.037037190646  0.032777434946  0.044423379899  0.070703688733  0.033833776924  0.045500329901  0.071972888151  0.060789557009  0.091375736576  0.116146231204  
crossoptilon_crossoptilon 0.143560300839  0.075498851413  0.153771434871  0.015191364452  0.032852175843  0.023404855597  0.000000000000  0.010073071491  0.019292718457  0.015165259914  0.028599552309  0.056436082370  0.016191065378  0.027552116428  0.055447344895  0.044551836029  0.072074656393  0.105681731230  
lophura_swinhoii 0.146153024472  0.080101535547  0.155104496451  0.017251552406  0.034976246670  0.027552116428  0.010073071491  0.000000000000  0.021365789288  0.017218997066  0.030701084283  0.058647635321  0.018249063813  0.030701084283  0.057661426492  0.046719959151  0.076645523913  0.107064248541  
catreus_wallichi 0.142382663152  0.079008357602  0.157930553152  0.026607453510  0.042451383540  0.037037190646  0.019292718457  0.021365789288  0.000000000000  0.020328170650  0.031773562026  0.058687454890  0.020328170650  0.032831057748  0.061048626595  0.050026703810  0.075556322749  0.105765067912  
chrysolophus_pictus 0.143560300839  0.080101535547  0.153771434871  0.022405583457  0.040269763805  0.032777434946  0.015165259914  0.017218997066  0.020328170650  0.000000000000  0.029649205126  0.057540626069  0.017218997066  0.029649205126  0.055447344895  0.043471318642  0.074354824097  0.103268556252  
syrmaticus_reevesii 0.148759374146  0.088260474252  0.153771434871  0.033890813240  0.049889985238  0.044423379899  0.028599552309  0.030701084283  0.031773562026  0.029649205126  0.000000000000  0.061983567074  0.021352163552  0.035994208546  0.058772185149  0.047807585607  0.076645523913  0.114221532768  
perdix_dauuricae 0.170750297782  0.113084923091  0.180261099384  0.062027161287  0.076479615901  0.070703688733  0.056436082370  0.058647635321  0.058687454890  0.057540626069  0.061983567074  0.000000000000  0.041373196159  0.054305764325  0.087017305490  0.077794853857  0.109411490618  0.133742734875  
syrmaticus_ellioti 0.138861531580  0.072299038722  0.145076026356  0.023447562297  0.041344437051  0.033833776924  0.016191065378  0.018249063813  0.020328170650  0.017218997066  0.021352163552  0.041373196159  0.000000000000  0.014155274212  0.046824093059  0.033936954262  0.064363605074  0.099985580383  
melgal2    0.142269004409  0.082418996290  0.159125316644  0.036017142310  0.054269212652  0.045500329901  0.027552116428  0.030701084283  0.032831057748  0.029649205126  0.035994208546  0.054305764325  0.014155274212  0.000000000000  0.058772185149  0.047807585607  0.078946853591  0.111766547184  
lophophorus_impejanus 0.154819584234  0.075869804502  0.141420405931  0.063290249887  0.080101535547  0.071972888151  0.055447344895  0.057661426492  0.061048626595  0.055447344895  0.058772185149  0.087017305490  0.046824093059  0.058772185149  0.000000000000  0.041580088951  0.071277515449  0.111107623201  
tragopan_blythii 0.140510123184  0.070197268016  0.142868555247  0.052221230290  0.070990672520  0.060789557009  0.044551836029  0.046719959151  0.050026703810  0.043471318642  0.047807585607  0.077794853857  0.033936954262  0.047807585607  0.041580088951  0.000000000000  0.064522516109  0.096638433118  
pavo_cristatus 0.130369481458  0.054425510893  0.150653433262  0.081323136132  0.099824465965  0.091375736576  0.072074656393  0.076645523913  0.075556322749  0.074354824097  0.076645523913  0.109411490618  0.064363605074  0.078946853591  0.071277515449  0.064522516109  0.000000000000  0.092983708132  
alectoris_rufa 0.133964424123  0.090768981201  0.188222613888  0.110632947301  0.132579470614  0.116146231204  0.105681731230  0.107064248541  0.105765067912  0.103268556252  0.114221532768  0.133742734875  0.099985580383  0.111766547184  0.111107623201  0.096638433118  0.092983708132  0.000000000000  

