18
pavo_cristatus 0.000000000000  0.026539399627  0.023397234961  0.023397234961  0.028656542435  0.026574004480  0.024480042568  0.024480042568  0.024480042568  0.024480042568  0.029710268063  0.027605083502  0.027605083502  0.048790469992  0.027587451611  0.018251447013  0.020318839232  0.020297844645  
galgal4    0.026539399627  0.000000000000  0.019258349245  0.027571466291  0.032885143372  0.030789033103  0.028676975374  0.028676975374  0.028676975374  0.028676975374  0.033948034357  0.031824558641  0.031824558641  0.055359470169  0.031802276984  0.022395012778  0.024480042568  0.024450013215  
rollulus_rouloul 0.023397234961  0.019258349245  0.000000000000  0.022369520016  0.029690321318  0.027605083502  0.025508926858  0.025508926858  0.025508926858  0.025508926858  0.030745158501  0.028637755608  0.028637755608  0.052032174294  0.028620617887  0.019273858324  0.021343389903  0.021323411352  
lophophorus_impejanus 0.023397234961  0.027571466291  0.022369520016  0.000000000000  0.015183021083  0.013141262948  0.011097497412  0.011097497412  0.011097497412  0.011097497412  0.016211328068  0.014156872866  0.014156872866  0.034900807127  0.014148989323  0.005016978686  0.007035425417  0.019258349245  
lophura_swinhoii 0.028656542435  0.032885143372  0.029690321318  0.015183021083  0.000000000000  0.006031563279  0.004013023324  0.004013023324  0.004013023324  0.004013023324  0.009067873002  0.007038906304  0.007038906304  0.042437662057  0.019324338024  0.010093824058  0.012137685173  0.024464209872  
syrmaticus_reevesii 0.026574004480  0.030789033103  0.027605083502  0.013141262948  0.006031563279  0.000000000000  0.002004102888  0.002004102888  0.002004102888  0.002004102888  0.007043967816  0.005021251326  0.005021251326  0.040312402870  0.017269024914  0.008066190285  0.010103709234  0.022395012778  
crossoptilon_crossoptilon 0.024480042568  0.028676975374  0.025508926858  0.011097497412  0.004013023324  0.002004102888  0.000000000000  0.000000000000  0.000000000000  0.000000000000  0.005021251326  0.003006870692  0.003006870692  0.038165716774  0.015205800774  0.006037129388  0.008066190285  0.020318839232  
catreus_wallichi 0.024480042568  0.028676975374  0.025508926858  0.011097497412  0.004013023324  0.002004102888  0.000000000000  0.000000000000  0.000000000000  0.000000000000  0.005021251326  0.003006870692  0.003006870692  0.038165716774  0.015205800774  0.006037129388  0.008066190285  0.020318839232  
lophura_inornata 0.024480042568  0.028676975374  0.025508926858  0.011097497412  0.004013023324  0.002004102888  0.000000000000  0.000000000000  0.000000000000  0.000000000000  0.005021251326  0.003006870692  0.003006870692  0.038165716774  0.015205800774  0.006037129388  0.008066190285  0.020318839232  
syrmaticus_ellioti 0.024480042568  0.028676975374  0.025508926858  0.011097497412  0.004013023324  0.002004102888  0.000000000000  0.000000000000  0.000000000000  0.000000000000  0.005021251326  0.003006870692  0.003006870692  0.038165716774  0.015205800774  0.006037129388  0.008066190285  0.020318839232  
phasianus_colchicus 0.029710268063  0.033948034357  0.030745158501  0.016211328068  0.009067873002  0.007043967816  0.005021251326  0.005021251326  0.005021251326  0.005021251326  0.000000000000  0.002004102888  0.002004102888  0.043518094821  0.018321051851  0.011114686335  0.013162829535  0.025508926858  
chrysolophus_pictus 0.027605083502  0.031824558641  0.028637755608  0.014156872866  0.007038906304  0.005021251326  0.003006870692  0.003006870692  0.003006870692  0.003006870692  0.002004102888  0.000000000000  0.000000000000  0.041359612215  0.016251226233  0.009075089437  0.011114686335  0.023421721031  
lophura_nycthemera 0.027605083502  0.031824558641  0.028637755608  0.014156872866  0.007038906304  0.005021251326  0.003006870692  0.003006870692  0.003006870692  0.003006870692  0.002004102888  0.000000000000  0.000000000000  0.041359612215  0.016251226233  0.009075089437  0.011114686335  0.023421721031  
cyrtonyx_montezumae 0.048790469992  0.055359470169  0.052032174294  0.034900807127  0.042437662057  0.040312402870  0.038165716774  0.038165716774  0.038165716774  0.038165716774  0.043518094821  0.041359612215  0.041359612215  0.000000000000  0.039185038759  0.031781652135  0.033900422605  0.046620276061  
perdix_dauuricae 0.027587451611  0.031802276984  0.028620617887  0.014148989323  0.019324338024  0.017269024914  0.015205800774  0.015205800774  0.015205800774  0.015205800774  0.018321051851  0.016251226233  0.016251226233  0.039185038759  0.000000000000  0.009067873002  0.011105296964  0.023408659698  
melgal2    0.018251447013  0.022395012778  0.019273858324  0.005016978686  0.010093824058  0.008066190285  0.006037129388  0.006037129388  0.006037129388  0.006037129388  0.011114686335  0.009075089437  0.009075089437  0.031781652135  0.009067873002  0.000000000000  0.002004102888  0.014142711607  
tragopan_blythii 0.020318839232  0.024480042568  0.021343389903  0.007035425417  0.012137685173  0.010103709234  0.008066190285  0.008066190285  0.008066190285  0.008066190285  0.013162829535  0.011114686335  0.011114686335  0.033900422605  0.011105296964  0.002004102888  0.000000000000  0.014142711607  
alectoris_rufa 0.020297844645  0.024450013215  0.021323411352  0.019258349245  0.024464209872  0.022395012778  0.020318839232  0.020318839232  0.020318839232  0.020318839232  0.025508926858  0.023421721031  0.023421721031  0.046620276061  0.023408659698  0.014142711607  0.014142711607  0.000000000000  

