18
cyrtonyx_montezumae 0.000000000000  0.063040169980  0.077507369825  0.064292539955  0.066401595043  0.066401595043  0.066401595043  0.070823066975  0.066401595043  0.066401595043  0.067527194957  0.067527194957  0.065322911806  0.065322911806  0.065369027135  0.075424879407  0.074282300737  0.063125453416  
lophophorus_impejanus 0.063040169980  0.000000000000  0.033857872727  0.020360780337  0.021354871624  0.021354871624  0.021354871624  0.025492567108  0.021354871624  0.021354871624  0.022393864223  0.022393864223  0.020330685786  0.020330685786  0.020344923839  0.031821478131  0.030763503573  0.018273438227  
galgal4    0.077507369825  0.033857872727  0.000000000000  0.029688322061  0.030690946000  0.030690946000  0.030690946000  0.034882570329  0.030690946000  0.030690946000  0.031744324012  0.031744324012  0.029654328476  0.029654328476  0.029670497143  0.039158560030  0.039158560030  0.027570421610  
melgal2    0.064292539955  0.020360780337  0.029688322061  0.000000000000  0.013140762997  0.013140762997  0.013140762997  0.017230028038  0.013140762997  0.013140762997  0.014165727365  0.014165727365  0.012126635119  0.012126635119  0.012136933518  0.023468603953  0.024514255054  0.010093330339  
phasianus_colchicus 0.066401595043  0.021354871624  0.030690946000  0.013140762997  0.000000000000  0.000000000000  0.000000000000  0.004011181444  0.000000000000  0.000000000000  0.001001018023  0.001001018023  0.007035433264  0.007035433264  0.007038805322  0.023420728996  0.025507502035  0.011091185296  
crossoptilon_crossoptilon 0.066401595043  0.021354871624  0.030690946000  0.013140762997  0.000000000000  0.000000000000  0.000000000000  0.004011181444  0.000000000000  0.000000000000  0.001001018023  0.001001018023  0.007035433264  0.007035433264  0.007038805322  0.023420728996  0.025507502035  0.011091185296  
syrmaticus_ellioti 0.066401595043  0.021354871624  0.030690946000  0.013140762997  0.000000000000  0.000000000000  0.000000000000  0.004011181444  0.000000000000  0.000000000000  0.001001018023  0.001001018023  0.007035433264  0.007035433264  0.007038805322  0.023420728996  0.025507502035  0.011091185296  
syrmaticus_reevesii 0.070823066975  0.025492567108  0.034882570329  0.017230028038  0.004011181444  0.004011181444  0.004011181444  0.000000000000  0.004011181444  0.004011181444  0.005018319919  0.005018319919  0.011086747927  0.011086747927  0.011091185296  0.027570421610  0.029670497143  0.015166592159  
chrysolophus_pictus 0.066401595043  0.021354871624  0.030690946000  0.013140762997  0.000000000000  0.000000000000  0.000000000000  0.004011181444  0.000000000000  0.000000000000  0.001001018023  0.001001018023  0.007035433264  0.007035433264  0.007038805322  0.023420728996  0.025507502035  0.011091185296  
lophura_swinhoii 0.066401595043  0.021354871624  0.030690946000  0.013140762997  0.000000000000  0.000000000000  0.000000000000  0.004011181444  0.000000000000  0.000000000000  0.001001018023  0.001001018023  0.007035433264  0.007035433264  0.007038805322  0.023420728996  0.025507502035  0.011091185296  
catreus_wallichi 0.067527194957  0.022393864223  0.031744324012  0.014165727365  0.001001018023  0.001001018023  0.001001018023  0.005018319919  0.001001018023  0.001001018023  0.000000000000  0.000000000000  0.008047739477  0.008047739477  0.008052169300  0.024463008743  0.026554218295  0.012110822102  
lophura_nycthemera 0.067527194957  0.022393864223  0.031744324012  0.014165727365  0.001001018023  0.001001018023  0.001001018023  0.005018319919  0.001001018023  0.001001018023  0.000000000000  0.000000000000  0.008047739477  0.008047739477  0.008052169300  0.024463008743  0.026554218295  0.012110822102  
lophura_inornata 0.065322911806  0.020330685786  0.029654328476  0.012126635119  0.007035433264  0.007035433264  0.007035433264  0.011086747927  0.007035433264  0.007035433264  0.008047739477  0.008047739477  0.000000000000  0.006027525045  0.006031423818  0.022393864223  0.024478457527  0.010078624339  
tragopan_blythii 0.065322911806  0.020330685786  0.029654328476  0.012126635119  0.007035433264  0.007035433264  0.007035433264  0.011086747927  0.007035433264  0.007035433264  0.008047739477  0.008047739477  0.006027525045  0.000000000000  0.006031423818  0.022393864223  0.024478457527  0.010078624339  
perdix_dauuricae 0.065369027135  0.020344923839  0.029670497143  0.012136933518  0.007038805322  0.007038805322  0.007038805322  0.011091185296  0.007038805322  0.007038805322  0.008052169300  0.008052169300  0.006031423818  0.006031423818  0.000000000000  0.022408704574  0.024495540685  0.010085182831  
pavo_cristatus 0.075424879407  0.031821478131  0.039158560030  0.023468603953  0.023420728996  0.023420728996  0.023420728996  0.027570421610  0.023420728996  0.023420728996  0.024463008743  0.024463008743  0.022393864223  0.022393864223  0.022408704574  0.000000000000  0.021354871624  0.021368597674  
rollulus_rouloul 0.074282300737  0.030763503573  0.039158560030  0.024514255054  0.025507502035  0.025507502035  0.025507502035  0.029670497143  0.025507502035  0.025507502035  0.026554218295  0.026554218295  0.024478457527  0.024478457527  0.024495540685  0.021354871624  0.000000000000  0.022408704574  
alectoris_rufa 0.063125453416  0.018273438227  0.027570421610  0.010093330339  0.011091185296  0.011091185296  0.011091185296  0.015166592159  0.011091185296  0.011091185296  0.012110822102  0.012110822102  0.010078624339  0.010078624339  0.010085182831  0.021368597674  0.022408704574  0.000000000000  

