18
cyrtonyx_montezumae 0.000000000000  0.065937308397  0.059100323499  0.077296714860  0.081732505444  0.081732505444  0.087612740492  0.080564872760  0.080564872760  0.080564872760  0.080564872760  0.082902925026  0.086271835839  0.079328062332  0.070242112619  0.056863382395  0.059045727790  0.060222632328  
melgal2    0.065937308397  0.000000000000  0.018320044860  0.040553525327  0.038282935177  0.040438791166  0.041520283826  0.037208551013  0.037208551013  0.037208551013  0.037208551013  0.039359678434  0.042531157237  0.036106413185  0.032962603536  0.014189545529  0.016235645783  0.025633209486  
galgal4    0.059100323499  0.018320044860  0.000000000000  0.027742875056  0.027665948226  0.029777750051  0.032962603536  0.026613447994  0.026613447994  0.026613447994  0.026613447994  0.028720712325  0.031846278707  0.025543122855  0.022444186807  0.006037008918  0.008058307658  0.017268243340  
rollulus_rouloul 0.077296714860  0.040553525327  0.027742875056  0.000000000000  0.050259179828  0.052468456115  0.055801146101  0.049158263047  0.049158263047  0.049158263047  0.049158263047  0.051362573793  0.054587177250  0.048016285346  0.049204735541  0.029861655977  0.029832051733  0.040513615547  
lophura_inornata 0.081732505444  0.038282935177  0.027665948226  0.050259179828  0.000000000000  0.004016403363  0.007050442545  0.001001021020  0.001001021020  0.001001021020  0.001001021020  0.003009214281  0.006027526992  0.014189545529  0.032934400002  0.023469433836  0.027643572801  0.039325979094  
phasianus_colchicus 0.081732505444  0.040438791166  0.029777750051  0.052468456115  0.004016403363  0.000000000000  0.009083614785  0.003009214281  0.003009214281  0.003009214281  0.003009214281  0.005025665391  0.008052221283  0.016250446219  0.035066818773  0.025563201931  0.029753058465  0.041484160099  
lophura_swinhoii 0.087612740492  0.041520283826  0.032962603536  0.055801146101  0.007050442545  0.009083614785  0.000000000000  0.006037008918  0.006037008918  0.006037008918  0.006037008918  0.008065974931  0.011105024023  0.019358128917  0.038282935177  0.028720712325  0.032934400002  0.044739346228  
crossoptilon_crossoptilon 0.080564872760  0.037208551013  0.026613447994  0.049158263047  0.001001021020  0.003009214281  0.006037008918  0.000000000000  0.000000000000  0.000000000000  0.000000000000  0.002004089649  0.005018306139  0.013162334128  0.031871657924  0.022425892717  0.026592223204  0.038250440060  
lophura_nycthemera 0.080564872760  0.037208551013  0.026613447994  0.049158263047  0.001001021020  0.003009214281  0.006037008918  0.000000000000  0.000000000000  0.000000000000  0.000000000000  0.002004089649  0.005018306139  0.013162334128  0.031871657924  0.022425892717  0.026592223204  0.038250440060  
catreus_wallichi 0.080564872760  0.037208551013  0.026613447994  0.049158263047  0.001001021020  0.003009214281  0.006037008918  0.000000000000  0.000000000000  0.000000000000  0.000000000000  0.002004089649  0.005018306139  0.013162334128  0.031871657924  0.022425892717  0.026592223204  0.038250440060  
chrysolophus_pictus 0.080564872760  0.037208551013  0.026613447994  0.049158263047  0.001001021020  0.003009214281  0.006037008918  0.000000000000  0.000000000000  0.000000000000  0.000000000000  0.002004089649  0.005018306139  0.013162334128  0.031871657924  0.022425892717  0.026592223204  0.038250440060  
syrmaticus_ellioti 0.082902925026  0.039359678434  0.028720712325  0.051362573793  0.003009214281  0.005025665391  0.008065974931  0.002004089649  0.002004089649  0.002004089649  0.002004089649  0.000000000000  0.007038829172  0.015218913202  0.033999450269  0.024515200403  0.028697181312  0.040403882302  
syrmaticus_reevesii 0.086271835839  0.042531157237  0.031846278707  0.054587177250  0.006027526992  0.008052221283  0.011105024023  0.005018306139  0.005018306139  0.005018306139  0.005018306139  0.007038829172  0.000000000000  0.018287602111  0.037147623375  0.027622835756  0.031822551073  0.043579788150  
perdix_dauuricae 0.079328062332  0.036106413185  0.025543122855  0.048016285346  0.014189545529  0.016250446219  0.019358128917  0.013162334128  0.013162334128  0.013162334128  0.013162334128  0.015218913202  0.018287602111  0.000000000000  0.030787002894  0.021369022796  0.025524677150  0.036077972775  
pavo_cristatus 0.070242112619  0.032962603536  0.022444186807  0.049204735541  0.032934400002  0.035066818773  0.038282935177  0.031871657924  0.031871657924  0.031871657924  0.031871657924  0.033999450269  0.037147623375  0.030787002894  0.000000000000  0.018287602111  0.022425892717  0.033999450269  
tragopan_blythii 0.056863382395  0.014189545529  0.006037008918  0.029861655977  0.023469433836  0.025563201931  0.028720712325  0.022425892717  0.022425892717  0.022425892717  0.022425892717  0.024515200403  0.027622835756  0.021369022796  0.018287602111  0.000000000000  0.004012994738  0.015205218037  
lophophorus_impejanus 0.059045727790  0.016235645783  0.008058307658  0.029832051733  0.027643572801  0.029753058465  0.032934400002  0.026592223204  0.026592223204  0.026592223204  0.026592223204  0.028697181312  0.031822551073  0.025524677150  0.022425892717  0.004012994738  0.000000000000  0.017253937815  
alectoris_rufa 0.060222632328  0.025633209486  0.017268243340  0.040513615547  0.039325979094  0.041484160099  0.044739346228  0.038250440060  0.038250440060  0.038250440060  0.038250440060  0.040403882302  0.043579788150  0.036077972775  0.033999450269  0.015205218037  0.017253937815  0.000000000000  

