18
tragopan_blythii 0.000000000000  0.018352870373  0.021458538027  0.018352870373  0.018352870373  0.022481743750  0.018352870373  0.018352870373  0.021482412375  0.018352870373  0.018352870373  0.014212224898  0.011130448848  0.013168530319  0.010107653633  0.010107653633  0.010107653633  0.012155469318  
syrmaticus_reevesii 0.018352870373  0.000000000000  0.003007032712  0.000000000000  0.000000000000  0.004011357589  0.000000000000  0.000000000000  0.003009592223  0.000000000000  0.014212224898  0.010107653633  0.007052523417  0.019372320661  0.016277998772  0.016277998772  0.016277998772  0.018352870373  
catreus_wallichi 0.021458538027  0.003007032712  0.000000000000  0.003007032712  0.003007032712  0.007036134825  0.003007032712  0.003007032712  0.006032535947  0.003007032712  0.017295300570  0.013168530319  0.010097002637  0.022481743750  0.019372320661  0.019372320661  0.019372320661  0.021458538027  
lophura_nycthemera 0.018352870373  0.000000000000  0.003007032712  0.000000000000  0.000000000000  0.004011357589  0.000000000000  0.000000000000  0.003009592223  0.000000000000  0.014212224898  0.010107653633  0.007052523417  0.019372320661  0.016277998772  0.016277998772  0.016277998772  0.018352870373  
phasianus_colchicus 0.018352870373  0.000000000000  0.003007032712  0.000000000000  0.000000000000  0.004011357589  0.000000000000  0.000000000000  0.003009592223  0.000000000000  0.014212224898  0.010107653633  0.007052523417  0.019372320661  0.016277998772  0.016277998772  0.016277998772  0.018352870373  
lophura_inornata 0.022481743750  0.004011357589  0.007036134825  0.004011357589  0.004011357589  0.000000000000  0.004011357589  0.004011357589  0.007039906214  0.004011357589  0.018314181286  0.014183161504  0.011108495025  0.023506542798  0.020393354321  0.020393354321  0.020393354321  0.022481743750  
syrmaticus_ellioti 0.018352870373  0.000000000000  0.003007032712  0.000000000000  0.000000000000  0.004011357589  0.000000000000  0.000000000000  0.003009592223  0.000000000000  0.014212224898  0.010107653633  0.007052523417  0.019372320661  0.016277998772  0.016277998772  0.016277998772  0.018352870373  
crossoptilon_crossoptilon 0.018352870373  0.000000000000  0.003007032712  0.000000000000  0.000000000000  0.004011357589  0.000000000000  0.000000000000  0.003009592223  0.000000000000  0.014212224898  0.010107653633  0.007052523417  0.019372320661  0.016277998772  0.016277998772  0.016277998772  0.018352870373  
chrysolophus_pictus 0.021482412375  0.003009592223  0.006032535947  0.003009592223  0.003009592223  0.007039906214  0.003009592223  0.003009592223  0.000000000000  0.003009592223  0.017314292351  0.013182724745  0.010107653633  0.022505121214  0.019393742933  0.019393742933  0.019393742933  0.021482412375  
lophura_swinhoii 0.018352870373  0.000000000000  0.003007032712  0.000000000000  0.000000000000  0.004011357589  0.000000000000  0.000000000000  0.003009592223  0.000000000000  0.014212224898  0.010107653633  0.007052523417  0.019372320661  0.016277998772  0.016277998772  0.016277998772  0.018352870373  
lophophorus_impejanus 0.018352870373  0.014212224898  0.017295300570  0.014212224898  0.014212224898  0.018314181286  0.014212224898  0.014212224898  0.017314292351  0.014212224898  0.000000000000  0.004017077139  0.007052523417  0.019372320661  0.016277998772  0.016277998772  0.016277998772  0.018352870373  
perdix_dauuricae 0.014212224898  0.010107653633  0.013168530319  0.010107653633  0.010107653633  0.014183161504  0.010107653633  0.010107653633  0.013182724745  0.010107653633  0.004017077139  0.000000000000  0.003009592223  0.015227397016  0.012155469318  0.012155469318  0.012155469318  0.014212224898  
melgal2    0.011130448848  0.007052523417  0.010097002637  0.007052523417  0.007052523417  0.011108495025  0.007052523417  0.007052523417  0.010107653633  0.007052523417  0.007052523417  0.003009592223  0.000000000000  0.012142461177  0.009087074032  0.009087074032  0.009087074032  0.011130448848  
rollulus_rouloul 0.013168530319  0.019372320661  0.022481743750  0.019372320661  0.019372320661  0.023506542798  0.019372320661  0.019372320661  0.022505121214  0.019372320661  0.019372320661  0.015227397016  0.012142461177  0.000000000000  0.004013376541  0.004013376541  0.004013376541  0.006032535947  
pavo_cristatus 0.010107653633  0.016277998772  0.019372320661  0.016277998772  0.016277998772  0.020393354321  0.016277998772  0.016277998772  0.019393742933  0.016277998772  0.016277998772  0.012155469318  0.009087074032  0.004013376541  0.000000000000  0.000000000000  0.000000000000  0.002004257155  
cyrtonyx_montezumae 0.010107653633  0.016277998772  0.019372320661  0.016277998772  0.016277998772  0.020393354321  0.016277998772  0.016277998772  0.019393742933  0.016277998772  0.016277998772  0.012155469318  0.009087074032  0.004013376541  0.000000000000  0.000000000000  0.000000000000  0.002004257155  
galgal4    0.010107653633  0.016277998772  0.019372320661  0.016277998772  0.016277998772  0.020393354321  0.016277998772  0.016277998772  0.019393742933  0.016277998772  0.016277998772  0.012155469318  0.009087074032  0.004013376541  0.000000000000  0.000000000000  0.000000000000  0.002004257155  
alectoris_rufa 0.012155469318  0.018352870373  0.021458538027  0.018352870373  0.018352870373  0.022481743750  0.018352870373  0.018352870373  0.021482412375  0.018352870373  0.018352870373  0.014212224898  0.011130448848  0.006032535947  0.002004257155  0.002004257155  0.002004257155  0.000000000000  

