18
cyrtonyx_montezumae 0.000000000000  0.042294315766  0.046580607439  0.046580607439  0.046580607439  0.046580607439  0.046580607439  0.054178342781  0.054178342781  0.054149209818  0.054096488890  0.049809342069  0.054149209818  0.057387844399  0.058461149694  0.064004191940  0.073973700430  0.073898140226  
lophura_swinhoii 0.042294315766  0.000000000000  0.004013334124  0.004013334124  0.004013334124  0.004013334124  0.004013334124  0.011108051350  0.011108051350  0.011099779201  0.011088266526  0.007039796941  0.011099779201  0.016205739875  0.015169965185  0.023446956339  0.032838482061  0.031744771650  
phasianus_colchicus 0.046580607439  0.004013334124  0.000000000000  0.000000000000  0.000000000000  0.000000000000  0.000000000000  0.007045162768  0.007045162768  0.007039796941  0.007034057082  0.003007017610  0.007039796941  0.012113418048  0.011088266526  0.019302948580  0.028634550697  0.027555287789  
catreus_wallichi 0.046580607439  0.004013334124  0.000000000000  0.000000000000  0.000000000000  0.000000000000  0.000000000000  0.007045162768  0.007045162768  0.007039796941  0.007034057082  0.003007017610  0.007039796941  0.012113418048  0.011088266526  0.019302948580  0.028634550697  0.027555287789  
lophura_nycthemera 0.046580607439  0.004013334124  0.000000000000  0.000000000000  0.000000000000  0.000000000000  0.000000000000  0.007045162768  0.007045162768  0.007039796941  0.007034057082  0.003007017610  0.007039796941  0.012113418048  0.011088266526  0.019302948580  0.028634550697  0.027555287789  
lophura_inornata 0.046580607439  0.004013334124  0.000000000000  0.000000000000  0.000000000000  0.000000000000  0.000000000000  0.007045162768  0.007045162768  0.007039796941  0.007034057082  0.003007017610  0.007039796941  0.012113418048  0.011088266526  0.019302948580  0.028634550697  0.027555287789  
crossoptilon_crossoptilon 0.046580607439  0.004013334124  0.000000000000  0.000000000000  0.000000000000  0.000000000000  0.000000000000  0.007045162768  0.007045162768  0.007039796941  0.007034057082  0.003007017610  0.007039796941  0.012113418048  0.011088266526  0.019302948580  0.028634550697  0.027555287789  
melgal2    0.054178342781  0.011108051350  0.007045162768  0.007045162768  0.007045162768  0.007045162768  0.007045162768  0.000000000000  0.000000000000  0.008060095963  0.009063582938  0.004016968719  0.008060095963  0.011099779201  0.012113418048  0.020355306902  0.027601073553  0.028618069203  
tragopan_blythii 0.054178342781  0.011108051350  0.007045162768  0.007045162768  0.007045162768  0.007045162768  0.007045162768  0.000000000000  0.000000000000  0.008060095963  0.009063582938  0.004016968719  0.008060095963  0.011099779201  0.012113418048  0.020355306902  0.027601073553  0.028618069203  
lophophorus_impejanus 0.054149209818  0.011099779201  0.007039796941  0.007039796941  0.007039796941  0.007039796941  0.007039796941  0.008060095963  0.008060095963  0.000000000000  0.005018685764  0.004013334124  0.008053592608  0.013135852950  0.012107351886  0.020339863960  0.029687361108  0.028603331297  
chrysolophus_pictus 0.054096488890  0.011088266526  0.007034057082  0.007034057082  0.007034057082  0.007034057082  0.007034057082  0.009063582938  0.009063582938  0.005018685764  0.000000000000  0.005017238344  0.009059276250  0.013123099301  0.013119256740  0.021350905402  0.030706394069  0.028579098640  
syrmaticus_reevesii 0.049809342069  0.007039796941  0.003007017610  0.003007017610  0.003007017610  0.003007017610  0.003007017610  0.004016968719  0.004016968719  0.004013334124  0.005017238344  0.000000000000  0.004013334124  0.009063582938  0.008045585328  0.016216453702  0.025504648062  0.024434893092  
perdix_dauuricae 0.054149209818  0.011099779201  0.007039796941  0.007039796941  0.007039796941  0.007039796941  0.007039796941  0.008060095963  0.008060095963  0.008053592608  0.009059276250  0.004013334124  0.000000000000  0.013135852950  0.012107351886  0.018268295998  0.029687361108  0.028603331297  
syrmaticus_ellioti 0.057387844399  0.016205739875  0.012113418048  0.012113418048  0.012113418048  0.012113418048  0.012113418048  0.011099779201  0.011099779201  0.013135852950  0.013123099301  0.009063582938  0.013135852950  0.000000000000  0.017217216771  0.025520951125  0.029653696621  0.033842073075  
pavo_cristatus 0.058461149694  0.015169965185  0.011088266526  0.011088266526  0.011088266526  0.011088266526  0.011088266526  0.012113418048  0.012113418048  0.012107351886  0.013119256740  0.008045585328  0.012107351886  0.017217216771  0.000000000000  0.016216453702  0.025504648062  0.025477232089  
rollulus_rouloul 0.064004191940  0.023446956339  0.019302948580  0.019302948580  0.019302948580  0.019302948580  0.019302948580  0.020355306902  0.020355306902  0.020339863960  0.021350905402  0.016216453702  0.018268295998  0.025520951125  0.016216453702  0.000000000000  0.032883054526  0.032838482061  
galgal4    0.073973700430  0.032838482061  0.028634550697  0.028634550697  0.028634550697  0.028634550697  0.028634550697  0.027601073553  0.027601073553  0.029687361108  0.030706394069  0.025504648062  0.029687361108  0.029653696621  0.025504648062  0.032883054526  0.000000000000  0.022438361574  
alectoris_rufa 0.073898140226  0.031744771650  0.027555287789  0.027555287789  0.027555287789  0.027555287789  0.027555287789  0.028618069203  0.028618069203  0.028603331297  0.028579098640  0.024434893092  0.028603331297  0.033842073075  0.025477232089  0.032838482061  0.022438361574  0.000000000000  

