18
cyrtonyx_montezumae 0.000000000000  0.066231658677  0.054248398407  0.058625975295  0.056415631799  0.052087735850  0.056451363324  0.049901839410  0.056528037284  0.056528037284  0.050962306300  0.049901839410  0.049901839410  0.049901839410  0.052024465911  0.052024465911  0.053118594620  0.067313962952  
rollulus_rouloul 0.066231658677  0.000000000000  0.037022845097  0.041325452913  0.040204512006  0.034916646880  0.039156744506  0.032798766381  0.043452464960  0.043452464960  0.033839221573  0.032798766381  0.032798766381  0.032798766381  0.034881319580  0.034881319580  0.035941368000  0.049768856920  
tragopan_blythii 0.054248398407  0.037022845097  0.000000000000  0.026590215721  0.023450236186  0.021367976580  0.025523191002  0.019294478158  0.029727643160  0.029727643160  0.020317572590  0.019294478158  0.019294478158  0.019294478158  0.021342259989  0.021342259989  0.022380071412  0.035941368000  
galgal4    0.058625975295  0.041325452913  0.026590215721  0.000000000000  0.023434340452  0.030784385037  0.035007333290  0.028673162443  0.039289358825  0.039289358825  0.029706598825  0.028673162443  0.028673162443  0.028673162443  0.030741652037  0.030741652037  0.031798364548  0.045558920586  
pavo_cristatus 0.056415631799  0.040204512006  0.023450236186  0.023434340452  0.000000000000  0.027620933230  0.029706598825  0.025523191002  0.036074356592  0.036074356592  0.026553311657  0.025523191002  0.025523191002  0.025523191002  0.027585042153  0.027585042153  0.028635000464  0.042326664789  
melgal2    0.052087735850  0.034916646880  0.021367976580  0.030784385037  0.027620933230  0.000000000000  0.010093153295  0.004016321935  0.016221694384  0.016221694384  0.005021131022  0.004016321935  0.004016321935  0.004016321935  0.006027484660  0.006027484660  0.007038744653  0.020297310861  
lophophorus_impejanus 0.056451363324  0.039156744506  0.025523191002  0.035007333290  0.029706598825  0.010093153295  0.000000000000  0.008058075890  0.020344319044  0.020344319044  0.009067511458  0.008058075890  0.008058075890  0.008058075890  0.010078503144  0.010078503144  0.011097065060  0.024436408945  
phasianus_colchicus 0.049901839410  0.032798766381  0.019294478158  0.028673162443  0.025523191002  0.004016321935  0.008058075890  0.000000000000  0.012117736562  0.012117736562  0.001000766450  0.000000000000  0.000000000000  0.000000000000  0.002003069303  0.002003069303  0.003006096276  0.018234744696  
syrmaticus_reevesii 0.056528037284  0.043452464960  0.029727643160  0.039289358825  0.036074356592  0.016221694384  0.020344319044  0.012117736562  0.000000000000  0.000000000000  0.013132374095  0.012117736562  0.012117736562  0.012117736562  0.014148582746  0.014148582746  0.015173472120  0.028590116697  
perdix_dauuricae 0.056528037284  0.043452464960  0.029727643160  0.039289358825  0.036074356592  0.016221694384  0.020344319044  0.012117736562  0.000000000000  0.000000000000  0.013132374095  0.012117736562  0.012117736562  0.012117736562  0.014148582746  0.014148582746  0.015173472120  0.028590116697  
crossoptilon_crossoptilon 0.050962306300  0.033839221573  0.020317572590  0.029706598825  0.026553311657  0.005021131022  0.009067511458  0.001000766450  0.013132374095  0.013132374095  0.000000000000  0.001000766450  0.001000766450  0.001000766450  0.003006913841  0.003006913841  0.004010949347  0.019258351901  
lophura_swinhoii 0.049901839410  0.032798766381  0.019294478158  0.028673162443  0.025523191002  0.004016321935  0.008058075890  0.000000000000  0.012117736562  0.012117736562  0.001000766450  0.000000000000  0.000000000000  0.000000000000  0.002003069303  0.002003069303  0.003006096276  0.018234744696  
catreus_wallichi 0.049901839410  0.032798766381  0.019294478158  0.028673162443  0.025523191002  0.004016321935  0.008058075890  0.000000000000  0.012117736562  0.012117736562  0.001000766450  0.000000000000  0.000000000000  0.000000000000  0.002003069303  0.002003069303  0.003006096276  0.018234744696  
chrysolophus_pictus 0.049901839410  0.032798766381  0.019294478158  0.028673162443  0.025523191002  0.004016321935  0.008058075890  0.000000000000  0.012117736562  0.012117736562  0.001000766450  0.000000000000  0.000000000000  0.000000000000  0.002003069303  0.002003069303  0.003006096276  0.018234744696  
lophura_inornata 0.052024465911  0.034881319580  0.021342259989  0.030741652037  0.027585042153  0.006027484660  0.010078503144  0.002003069303  0.014148582746  0.014148582746  0.003006913841  0.002003069303  0.002003069303  0.002003069303  0.000000000000  0.000000000000  0.001001015972  0.016192310315  
syrmaticus_ellioti 0.052024465911  0.034881319580  0.021342259989  0.030741652037  0.027585042153  0.006027484660  0.010078503144  0.002003069303  0.014148582746  0.014148582746  0.003006913841  0.002003069303  0.002003069303  0.002003069303  0.000000000000  0.000000000000  0.001001015972  0.016192310315  
lophura_nycthemera 0.053118594620  0.035941368000  0.022380071412  0.031798364548  0.028635000464  0.007038744653  0.011097065060  0.003006096276  0.015173472120  0.015173472120  0.004010949347  0.003006096276  0.003006096276  0.003006096276  0.001001015972  0.001001015972  0.000000000000  0.015166367940  
alectoris_rufa 0.067313962952  0.049768856920  0.035941368000  0.045558920586  0.042326664789  0.020297310861  0.024436408945  0.018234744696  0.028590116697  0.028590116697  0.019258351901  0.018234744696  0.018234744696  0.018234744696  0.016192310315  0.016192310315  0.015166367940  0.000000000000  

