18
cyrtonyx_montezumae 0.000000000000  0.020358542922  0.053247057050  0.052225004406  0.048936382763  0.052185878595  0.050030164696  0.054388016041  0.050030164696  0.050030164696  0.059845959677  0.058692303469  0.069915224417  0.048973517221  0.042485451773  0.035057905894  0.022440481615  0.013160885943  
rollulus_rouloul 0.020358542922  0.000000000000  0.042453871934  0.041438004141  0.038210026922  0.041405955240  0.039283682639  0.043567307092  0.039283682639  0.039283682639  0.048936382763  0.047810771463  0.061053813044  0.038240183084  0.028691679246  0.018300416162  0.006036651936  0.019306247889  
phasianus_colchicus 0.053247057050  0.042453871934  0.000000000000  0.005018218309  0.004011118551  0.005016949355  0.005018218309  0.007035236256  0.003006063168  0.003006063168  0.012104725782  0.013120335946  0.035996075166  0.011086262369  0.016191497768  0.040299596296  0.038154653536  0.056516906994  
perdix_dauuricae 0.052225004406  0.041438004141  0.005018218309  0.000000000000  0.003009125763  0.004012907171  0.004016245569  0.006031234330  0.002004050414  0.002004050414  0.010078177375  0.011090674696  0.032853681549  0.010078177375  0.015181420936  0.039283682639  0.037138694410  0.055492768664  
crossoptilon_crossoptilon 0.048936382763  0.038210026922  0.004011118551  0.003009125763  0.000000000000  0.003006820635  0.003009125763  0.005021042282  0.001001011238  0.001001011238  0.010078177375  0.011090674696  0.033914671736  0.009061784266  0.014155561365  0.036069675069  0.033938536099  0.052185878595  
chrysolophus_pictus 0.052185878595  0.041405955240  0.005016949355  0.004012907171  0.003006820635  0.000000000000  0.004012907171  0.006027370776  0.002002774367  0.002002774367  0.011090674696  0.012104725782  0.034954562696  0.010073247488  0.015172746819  0.039253997545  0.037111352698  0.055451621861  
catreus_wallichi 0.050030164696  0.039283682639  0.005018218309  0.004016245569  0.003009125763  0.004012907171  0.000000000000  0.006031234330  0.002004050414  0.002004050414  0.011096661290  0.012110196971  0.034977940441  0.010078177375  0.015181420936  0.037138694410  0.037138694410  0.053285722994  
lophura_nycthemera 0.054388016041  0.043567307092  0.007035236256  0.006031234330  0.005021042282  0.006027370776  0.006031234330  0.000000000000  0.004012907171  0.004012907171  0.013131822961  0.014147959308  0.037085656783  0.012110196971  0.017228707241  0.041405955240  0.039253997545  0.057666046797  
lophura_inornata 0.050030164696  0.039283682639  0.003006063168  0.002004050414  0.001001011238  0.002002774367  0.002004050414  0.004012907171  0.000000000000  0.000000000000  0.009061784266  0.010073247488  0.032853681549  0.008047473398  0.013131822961  0.037138694410  0.035002958934  0.053285722994  
lophura_swinhoii 0.050030164696  0.039283682639  0.003006063168  0.002004050414  0.001001011238  0.002002774367  0.002004050414  0.004012907171  0.000000000000  0.000000000000  0.009061784266  0.010073247488  0.032853681549  0.008047473398  0.013131822961  0.037138694410  0.035002958934  0.053285722994  
syrmaticus_ellioti 0.059845959677  0.048936382763  0.012104725782  0.010078177375  0.010078177375  0.011090674696  0.011096661290  0.013131822961  0.009061784266  0.009061784266  0.000000000000  0.007043491724  0.042395700609  0.016191497768  0.022378473220  0.046756041356  0.044585259540  0.063150991073  
syrmaticus_reevesii 0.058692303469  0.047810771463  0.013120335946  0.011090674696  0.011090674696  0.012104725782  0.012110196971  0.014147959308  0.010073247488  0.010073247488  0.007043491724  0.000000000000  0.043446217460  0.017211819573  0.023405715669  0.043473987129  0.041319757354  0.061988995996  
melgal2    0.069915224417  0.061053813044  0.035996075166  0.032853681549  0.033914671736  0.034954562696  0.034977940441  0.037085656783  0.032853681549  0.032853681549  0.042395700609  0.043446217460  0.000000000000  0.032876396727  0.039253997545  0.059936596041  0.056599991863  0.075564314555  
lophophorus_impejanus 0.048973517221  0.038240183084  0.011086262369  0.010078177375  0.009061784266  0.010073247488  0.010078177375  0.012110196971  0.008047473398  0.008047473398  0.016191497768  0.017211819573  0.032876396727  0.000000000000  0.014164744343  0.036097492865  0.033964035627  0.052225004406  
tragopan_blythii 0.042485451773  0.028691679246  0.016191497768  0.015181420936  0.014155561365  0.015172746819  0.015181420936  0.017228707241  0.013131822961  0.013131822961  0.022378473220  0.023405715669  0.039253997545  0.014164744343  0.000000000000  0.026587665372  0.024492554862  0.044617562022  
galgal4    0.035057905894  0.018300416162  0.040299596296  0.039283682639  0.036069675069  0.039253997545  0.037138694410  0.041405955240  0.037138694410  0.037138694410  0.046756041356  0.043473987129  0.059936596041  0.036097492865  0.026587665372  0.000000000000  0.014175505135  0.033964035627  
pavo_cristatus 0.022440481615  0.006036651936  0.038154653536  0.037138694410  0.033938536099  0.037111352698  0.037138694410  0.039253997545  0.035002958934  0.035002958934  0.044585259540  0.041319757354  0.056599991863  0.033964035627  0.024492554862  0.014175505135  0.000000000000  0.021381620019  
alectoris_rufa 0.013160885943  0.019306247889  0.056516906994  0.055492768664  0.052185878595  0.055451621861  0.053285722994  0.057666046797  0.053285722994  0.053285722994  0.063150991073  0.061988995996  0.075564314555  0.052225004406  0.044617562022  0.033964035627  0.021381620019  0.000000000000  

