18
pavo_cristatus 0.000000000000  0.036033506681  0.052055597834  0.040293564109  0.036009581469  0.036009581469  0.036009581469  0.036009581469  0.036009581469  0.047781573445  0.039168710259  0.034904688069  0.049869684410  0.034967302826  0.039246690999  0.029641263842  0.037129118836  0.015188269213  
rollulus_rouloul 0.036033506681  0.000000000000  0.059708182429  0.047814457449  0.043471726788  0.043471726788  0.043471726788  0.043471726788  0.043471726788  0.055390451929  0.046663726491  0.038099076677  0.054186355208  0.040266274436  0.044584378795  0.037012023797  0.042450271007  0.020327569925  
phasianus_colchicus 0.052055597834  0.059708182429  0.000000000000  0.013123340065  0.015170460870  0.015170460870  0.015170460870  0.015170460870  0.015170460870  0.026537951764  0.018239845385  0.024461727992  0.039192911795  0.032821997772  0.037076926120  0.055224919420  0.060860363830  0.038099076677  
lophura_swinhoii 0.040293564109  0.047814457449  0.013123340065  0.000000000000  0.004017098819  0.004017098819  0.004017098819  0.004017098819  0.004017098819  0.015199728746  0.007039977108  0.013156313239  0.027643818538  0.021381051600  0.025561971278  0.043418344832  0.048942477572  0.026572006948  
syrmaticus_ellioti 0.036009581469  0.043471726788  0.015170460870  0.004017098819  0.000000000000  0.000000000000  0.000000000000  0.000000000000  0.000000000000  0.011100251530  0.003006146722  0.009069934844  0.023449185905  0.017236954205  0.021381051600  0.039125698003  0.044584378795  0.022391613055  
crossoptilon_crossoptilon 0.036009581469  0.043471726788  0.015170460870  0.004017098819  0.000000000000  0.000000000000  0.000000000000  0.000000000000  0.000000000000  0.011100251530  0.003006146722  0.009069934844  0.023449185905  0.017236954205  0.021381051600  0.039125698003  0.044584378795  0.022391613055  
chrysolophus_pictus 0.036009581469  0.043471726788  0.015170460870  0.004017098819  0.000000000000  0.000000000000  0.000000000000  0.000000000000  0.000000000000  0.011100251530  0.003006146722  0.009069934844  0.023449185905  0.017236954205  0.021381051600  0.039125698003  0.044584378795  0.022391613055  
lophura_nycthemera 0.036009581469  0.043471726788  0.015170460870  0.004017098819  0.000000000000  0.000000000000  0.000000000000  0.000000000000  0.000000000000  0.011100251530  0.003006146722  0.009069934844  0.023449185905  0.017236954205  0.021381051600  0.039125698003  0.044584378795  0.022391613055  
catreus_wallichi 0.036009581469  0.043471726788  0.015170460870  0.004017098819  0.000000000000  0.000000000000  0.000000000000  0.000000000000  0.000000000000  0.011100251530  0.003006146722  0.009069934844  0.023449185905  0.017236954205  0.021381051600  0.039125698003  0.044584378795  0.022391613055  
syrmaticus_reevesii 0.047781573445  0.055390451929  0.026537951764  0.015199728746  0.011100251530  0.011100251530  0.011100251530  0.011100251530  0.011100251530  0.000000000000  0.014152658377  0.020341600568  0.033926662590  0.028655831384  0.032887655127  0.050931811619  0.056536376494  0.033903509452  
lophura_inornata 0.039168710259  0.046663726491  0.018239845385  0.007039977108  0.003006146722  0.003006146722  0.003006146722  0.003006146722  0.003006146722  0.014152658377  0.000000000000  0.012113859383  0.026554106719  0.020315261575  0.024477167532  0.042297979453  0.047781573445  0.025491829541  
perdix_dauuricae 0.034904688069  0.038099076677  0.024461727992  0.013156313239  0.009069934844  0.009069934844  0.009069934844  0.009069934844  0.009069934844  0.020341600568  0.012113859383  0.000000000000  0.020304678444  0.014140621754  0.018248032226  0.035903531968  0.041290310427  0.019263472331  
melgal2    0.049869684410  0.054186355208  0.039192911795  0.027643818538  0.023449185905  0.023449185905  0.023449185905  0.023449185905  0.023449185905  0.033926662590  0.026554106719  0.020304678444  0.000000000000  0.028605200931  0.032821997772  0.048683998940  0.056421790373  0.033844692893  
lophophorus_impejanus 0.034967302826  0.040266274436  0.032821997772  0.021381051600  0.017236954205  0.017236954205  0.017236954205  0.017236954205  0.017236954205  0.028655831384  0.020315261575  0.014140621754  0.028605200931  0.000000000000  0.018282898902  0.035948502700  0.041370681901  0.019291616428  
tragopan_blythii 0.039246690999  0.044584378795  0.037076926120  0.025561971278  0.021381051600  0.021381051600  0.021381051600  0.021381051600  0.021381051600  0.032887655127  0.024477167532  0.018248032226  0.032821997772  0.018282898902  0.000000000000  0.040217086403  0.045703980269  0.023449185905  
cyrtonyx_montezumae 0.029641263842  0.037012023797  0.055224919420  0.043418344832  0.039125698003  0.039125698003  0.039125698003  0.039125698003  0.039125698003  0.050931811619  0.042297979453  0.035903531968  0.048683998940  0.035948502700  0.040217086403  0.000000000000  0.038099076677  0.016184033749  
galgal4    0.037129118836  0.042450271007  0.060860363830  0.048942477572  0.044584378795  0.044584378795  0.044584378795  0.044584378795  0.044584378795  0.056536376494  0.047781573445  0.041290310427  0.056421790373  0.041370681901  0.045703980269  0.038099076677  0.000000000000  0.021381051600  
alectoris_rufa 0.015188269213  0.020327569925  0.038099076677  0.026572006948  0.022391613055  0.022391613055  0.022391613055  0.022391613055  0.022391613055  0.033903509452  0.025491829541  0.019263472331  0.033844692893  0.019291616428  0.023449185905  0.016184033749  0.021381051600  0.000000000000  

