18
melgal2    0.000000000000  0.020338654612  0.018280404125  0.021394396715  0.033918703301  0.031842664510  0.029704176736  0.016242237842  0.012130184665  0.012130184665  0.012130184665  0.016215686652  0.016228119132  0.027684267739  0.016228119132  0.016228119132  0.012141303642  0.009076984896  
pavo_cristatus 0.020338654612  0.000000000000  0.024473196019  0.027617557857  0.040255697661  0.038163032147  0.036001254859  0.022419071459  0.018267304794  0.018267304794  0.018267304794  0.022388452855  0.022402906498  0.033969387160  0.022402906498  0.022402906498  0.018280404125  0.019316136300  
lophophorus_impejanus 0.018280404125  0.024473196019  0.000000000000  0.007052061575  0.025556872102  0.023502573208  0.021394396715  0.018280404125  0.014159900174  0.014159900174  0.014159900174  0.018255902912  0.018267304794  0.029748389446  0.018267304794  0.017235005389  0.014169991667  0.017260534771  
galgal4    0.021394396715  0.027617557857  0.007052061575  0.000000000000  0.028715526755  0.026654606944  0.024528927018  0.021394396715  0.017246924167  0.017246924167  0.017246924167  0.021362758321  0.021377724699  0.032931542666  0.021377724699  0.021377724699  0.017260534771  0.020371306435  
perdix_dauuricae 0.033918703301  0.040255697661  0.025556872102  0.028715526755  0.000000000000  0.010087423216  0.031796973855  0.033918703301  0.029684674301  0.029684674301  0.029684674301  0.033875025381  0.033895987136  0.043518872329  0.033895987136  0.033895987136  0.029704176736  0.032879872606  
cyrtonyx_montezumae 0.031842664510  0.038163032147  0.023502573208  0.026654606944  0.010087423216  0.000000000000  0.029725416088  0.031842664510  0.027617557857  0.027617557857  0.027617557857  0.031796973855  0.031818947829  0.039264840520  0.031818947829  0.031818947829  0.027638070065  0.030807073460  
rollulus_rouloul 0.029704176736  0.036001254859  0.021394396715  0.024528927018  0.031796973855  0.029725416088  0.000000000000  0.029704176736  0.025502656749  0.025502656749  0.025502656749  0.029666911724  0.029684674301  0.041388646617  0.029684674301  0.029684674301  0.025519006892  0.028670318408  
chrysolophus_pictus 0.016242237842  0.022419071459  0.018280404125  0.021394396715  0.033918703301  0.031842664510  0.029704176736  0.000000000000  0.004016927617  0.004016927617  0.004016927617  0.008053404229  0.008059920162  0.019349795236  0.008059920162  0.008059920162  0.006032296981  0.015225508006  
lophura_swinhoii 0.012130184665  0.018267304794  0.014159900174  0.017246924167  0.029684674301  0.027617557857  0.025502656749  0.004016927617  0.000000000000  0.000000000000  0.000000000000  0.004011296546  0.004013287442  0.015210884331  0.004013287442  0.004013287442  0.002002818669  0.011117667231  
crossoptilon_crossoptilon 0.012130184665  0.018267304794  0.014159900174  0.017246924167  0.029684674301  0.027617557857  0.025502656749  0.004016927617  0.000000000000  0.000000000000  0.000000000000  0.004011296546  0.004013287442  0.015210884331  0.004013287442  0.004013287442  0.002002818669  0.011117667231  
catreus_wallichi 0.012130184665  0.018267304794  0.014159900174  0.017246924167  0.029684674301  0.027617557857  0.025502656749  0.004016927617  0.000000000000  0.000000000000  0.000000000000  0.004011296546  0.004013287442  0.015210884331  0.004013287442  0.004013287442  0.002002818669  0.011117667231  
lophura_nycthemera 0.016215686652  0.022388452855  0.018255902912  0.021362758321  0.033875025381  0.031796973855  0.029666911724  0.008053404229  0.004011296546  0.004011296546  0.004011296546  0.000000000000  0.008048550637  0.019316136300  0.008048550637  0.008048550637  0.006025466660  0.015197941324  
lophura_inornata 0.016228119132  0.022402906498  0.018267304794  0.021377724699  0.033895987136  0.031818947829  0.029684674301  0.008059920162  0.004013287442  0.004013287442  0.004013287442  0.008048550637  0.000000000000  0.011117667231  0.000000000000  0.008053404229  0.006028053194  0.015210884331  
syrmaticus_ellioti 0.027684267739  0.033969387160  0.029748389446  0.032931542666  0.043518872329  0.039264840520  0.041388646617  0.019349795236  0.015210884331  0.015210884331  0.015210884331  0.019316136300  0.011117667231  0.000000000000  0.011117667231  0.019332118583  0.017260534771  0.026654606944  
syrmaticus_reevesii 0.016228119132  0.022402906498  0.018267304794  0.021377724699  0.033895987136  0.031818947829  0.029684674301  0.008059920162  0.004013287442  0.004013287442  0.004013287442  0.008048550637  0.000000000000  0.011117667231  0.000000000000  0.008053404229  0.006028053194  0.015210884331  
phasianus_colchicus 0.016228119132  0.022402906498  0.017235005389  0.021377724699  0.033895987136  0.031818947829  0.029684674301  0.008059920162  0.004013287442  0.004013287442  0.004013287442  0.008048550637  0.008053404229  0.019332118583  0.008053404229  0.000000000000  0.006028053194  0.015210884331  
tragopan_blythii 0.012141303642  0.018280404125  0.014169991667  0.017260534771  0.029704176736  0.027638070065  0.025519006892  0.006032296981  0.002002818669  0.002002818669  0.002002818669  0.006025466660  0.006028053194  0.017260534771  0.006028053194  0.006028053194  0.000000000000  0.011129295224  
alectoris_rufa 0.009076984896  0.019316136300  0.017260534771  0.020371306435  0.032879872606  0.030807073460  0.028670318408  0.015225508006  0.011117667231  0.011117667231  0.011117667231  0.015197941324  0.015210884331  0.026654606944  0.015210884331  0.015210884331  0.011129295224  0.000000000000  

