18
cyrtonyx_montezumae 0.000000000000  0.013150950743  0.014166083276  0.011105104954  0.011105104954  0.011105104954  0.011105104954  0.011105104954  0.019308769370  0.011105104954  0.011105104954  0.011105104954  0.014156676650  0.014177085300  0.015205372942  0.011105104954  0.013150950743  0.010085375893  
lophura_swinhoii 0.013150950743  0.000000000000  0.003006864236  0.002004092191  0.002004092191  0.002004092191  0.002004092191  0.002004092191  0.010085375893  0.002004092191  0.002004092191  0.002004092191  0.005018317365  0.005025681410  0.004016413587  0.002004092191  0.004016413587  0.003009220016  
perdix_dauuricae 0.014166083276  0.003006864236  0.000000000000  0.003006864236  0.003006864236  0.003006864236  0.003006864236  0.003006864236  0.011097368665  0.003006864236  0.003006864236  0.003006864236  0.006025163368  0.006031503718  0.007043879517  0.003006864236  0.005021214955  0.004013004639  
phasianus_colchicus 0.011105104954  0.002004092191  0.003006864236  0.000000000000  0.000000000000  0.000000000000  0.000000000000  0.000000000000  0.008052261291  0.000000000000  0.000000000000  0.000000000000  0.003006072908  0.003009220016  0.004016413587  0.000000000000  0.002004092191  0.001001021653  
lophophorus_impejanus 0.011105104954  0.002004092191  0.003006864236  0.000000000000  0.000000000000  0.000000000000  0.000000000000  0.000000000000  0.008052261291  0.000000000000  0.000000000000  0.000000000000  0.003006072908  0.003009220016  0.004016413587  0.000000000000  0.002004092191  0.001001021653  
tragopan_blythii 0.011105104954  0.002004092191  0.003006864236  0.000000000000  0.000000000000  0.000000000000  0.000000000000  0.000000000000  0.008052261291  0.000000000000  0.000000000000  0.000000000000  0.003006072908  0.003009220016  0.004016413587  0.000000000000  0.002004092191  0.001001021653  
pavo_cristatus 0.011105104954  0.002004092191  0.003006864236  0.000000000000  0.000000000000  0.000000000000  0.000000000000  0.000000000000  0.008052261291  0.000000000000  0.000000000000  0.000000000000  0.003006072908  0.003009220016  0.004016413587  0.000000000000  0.002004092191  0.001001021653  
chrysolophus_pictus 0.011105104954  0.002004092191  0.003006864236  0.000000000000  0.000000000000  0.000000000000  0.000000000000  0.000000000000  0.008052261291  0.000000000000  0.000000000000  0.000000000000  0.003006072908  0.003009220016  0.004016413587  0.000000000000  0.002004092191  0.001001021653  
rollulus_rouloul 0.019308769370  0.010085375893  0.011097368665  0.008052261291  0.008052261291  0.008052261291  0.008052261291  0.008052261291  0.000000000000  0.008052261291  0.008052261291  0.008052261291  0.011091220838  0.011105104954  0.012126960275  0.008052261291  0.010085375893  0.009067764264  
lophura_nycthemera 0.011105104954  0.002004092191  0.003006864236  0.000000000000  0.000000000000  0.000000000000  0.000000000000  0.000000000000  0.008052261291  0.000000000000  0.000000000000  0.000000000000  0.003006072908  0.003009220016  0.004016413587  0.000000000000  0.002004092191  0.001001021653  
lophura_inornata 0.011105104954  0.002004092191  0.003006864236  0.000000000000  0.000000000000  0.000000000000  0.000000000000  0.000000000000  0.008052261291  0.000000000000  0.000000000000  0.000000000000  0.003006072908  0.003009220016  0.004016413587  0.000000000000  0.002004092191  0.001001021653  
galgal4    0.011105104954  0.002004092191  0.003006864236  0.000000000000  0.000000000000  0.000000000000  0.000000000000  0.000000000000  0.008052261291  0.000000000000  0.000000000000  0.000000000000  0.003006072908  0.003009220016  0.004016413587  0.000000000000  0.002004092191  0.001001021653  
syrmaticus_ellioti 0.014156676650  0.005018317365  0.006025163368  0.003006072908  0.003006072908  0.003006072908  0.003006072908  0.003006072908  0.011091220838  0.003006072908  0.003006072908  0.003006072908  0.000000000000  0.006027546481  0.007038858252  0.003006072908  0.005018317365  0.004011162343  
crossoptilon_crossoptilon 0.014177085300  0.005025681410  0.006031503718  0.003009220016  0.003009220016  0.003009220016  0.003009220016  0.003009220016  0.011105104954  0.003009220016  0.003009220016  0.003009220016  0.006027546481  0.000000000000  0.005025681410  0.003009220016  0.005025681410  0.004016413587  
syrmaticus_reevesii 0.015205372942  0.004016413587  0.007043879517  0.004016413587  0.004016413587  0.004016413587  0.004016413587  0.004016413587  0.012126960275  0.004016413587  0.004016413587  0.004016413587  0.007038858252  0.005025681410  0.000000000000  0.004016413587  0.006037032049  0.005025681410  
melgal2    0.011105104954  0.002004092191  0.003006864236  0.000000000000  0.000000000000  0.000000000000  0.000000000000  0.000000000000  0.008052261291  0.000000000000  0.000000000000  0.000000000000  0.003006072908  0.003009220016  0.004016413587  0.000000000000  0.002004092191  0.001001021653  
catreus_wallichi 0.013150950743  0.004016413587  0.005021214955  0.002004092191  0.002004092191  0.002004092191  0.002004092191  0.002004092191  0.010085375893  0.002004092191  0.002004092191  0.002004092191  0.005018317365  0.005025681410  0.006037032049  0.002004092191  0.000000000000  0.003009220016  
alectoris_rufa 0.010085375893  0.003009220016  0.004013004639  0.001001021653  0.001001021653  0.001001021653  0.001001021653  0.001001021653  0.009067764264  0.001001021653  0.001001021653  0.001001021653  0.004011162343  0.004016413587  0.005025681410  0.001001021653  0.003009220016  0.000000000000  

