18
cyrtonyx_montezumae 0.000000000000  0.027616711261  0.029682643679  0.022421467074  0.018284563312  0.018284563312  0.018284563312  0.018284563312  0.022421467074  0.018284563312  0.019319984228  0.024474472142  0.021380628324  0.022458638311  0.016233014453  0.018271135653  0.011113018679  0.020327944701  
pavo_cristatus 0.027616711261  0.000000000000  0.038081472251  0.032851572331  0.028648880258  0.028648880258  0.028648880258  0.028648880258  0.031793014662  0.028648880258  0.029701834555  0.034930615859  0.031793014662  0.029722636200  0.025519677890  0.027581201768  0.020327944701  0.029665066654  
melgal2    0.029682643679  0.038081472251  0.000000000000  0.024423169294  0.020287725023  0.020287725023  0.020287725023  0.020287725023  0.021313798524  0.020287725023  0.021320951491  0.026486547405  0.023384547991  0.022366170247  0.017205327709  0.025463967070  0.018240320519  0.027540013591  
catreus_wallichi 0.022421467074  0.032851572331  0.024423169294  0.000000000000  0.004012876371  0.004012876371  0.004012876371  0.004012876371  0.009057783286  0.004012876371  0.005020989287  0.010073089647  0.017218978732  0.017238949197  0.011090475764  0.019281184193  0.012116962114  0.021340049246  
syrmaticus_reevesii 0.018284563312  0.028648880258  0.020287725023  0.004012876371  0.000000000000  0.000000000000  0.000000000000  0.000000000000  0.005016910605  0.000000000000  0.001001008052  0.006025010708  0.013125016037  0.013139591685  0.007035161120  0.015172358653  0.008051743056  0.017218978732  
lophura_swinhoii 0.018284563312  0.028648880258  0.020287725023  0.004012876371  0.000000000000  0.000000000000  0.000000000000  0.000000000000  0.005016910605  0.000000000000  0.001001008052  0.006025010708  0.013125016037  0.013139591685  0.007035161120  0.015172358653  0.008051743056  0.017218978732  
syrmaticus_ellioti 0.018284563312  0.028648880258  0.020287725023  0.004012876371  0.000000000000  0.000000000000  0.000000000000  0.000000000000  0.005016910605  0.000000000000  0.001001008052  0.006025010708  0.013125016037  0.013139591685  0.007035161120  0.015172358653  0.008051743056  0.017218978732  
lophura_nycthemera 0.018284563312  0.028648880258  0.020287725023  0.004012876371  0.000000000000  0.000000000000  0.000000000000  0.000000000000  0.005016910605  0.000000000000  0.001001008052  0.006025010708  0.013125016037  0.013139591685  0.007035161120  0.015172358653  0.008051743056  0.017218978732  
phasianus_colchicus 0.022421467074  0.031793014662  0.021313798524  0.009057783286  0.005016910605  0.005016910605  0.005016910605  0.005016910605  0.000000000000  0.005016910605  0.006025010708  0.011083244106  0.016191078023  0.016208903383  0.010073089647  0.018249011169  0.011096433771  0.020304655364  
lophura_inornata 0.018284563312  0.028648880258  0.020287725023  0.004012876371  0.000000000000  0.000000000000  0.000000000000  0.000000000000  0.005016910605  0.000000000000  0.001001008052  0.006025010708  0.013125016037  0.013139591685  0.007035161120  0.015172358653  0.008051743056  0.017218978732  
crossoptilon_crossoptilon 0.019319984228  0.029701834555  0.021320951491  0.005020989287  0.001001008052  0.001001008052  0.001001008052  0.001001008052  0.006025010708  0.001001008052  0.000000000000  0.005016910605  0.014147632423  0.014164331154  0.008047370199  0.016199203450  0.009067062413  0.018249011169  
chrysolophus_pictus 0.024474472142  0.034930615859  0.026486547405  0.010073089647  0.006025010708  0.006025010708  0.006025010708  0.006025010708  0.011083244106  0.006025010708  0.005016910605  0.000000000000  0.018233215096  0.019281184193  0.013120078482  0.021329702788  0.014147632423  0.023393875120  
lophophorus_impejanus 0.021380628324  0.031793014662  0.023384547991  0.017218978732  0.013125016037  0.013125016037  0.013125016037  0.013125016037  0.016191078023  0.013125016037  0.014147632423  0.018233215096  0.000000000000  0.016208903383  0.010073089647  0.018249011169  0.011096433771  0.020304655364  
tragopan_blythii 0.022458638311  0.029722636200  0.022366170247  0.017238949197  0.013139591685  0.013139591685  0.013139591685  0.013139591685  0.016208903383  0.013139591685  0.014164331154  0.019281184193  0.016208903383  0.000000000000  0.010084461581  0.018271135653  0.011113018679  0.020327944701  
perdix_dauuricae 0.016233014453  0.025519677890  0.017205327709  0.011090475764  0.007035161120  0.007035161120  0.007035161120  0.007035161120  0.010073089647  0.007035161120  0.008047370199  0.013120078482  0.010073089647  0.010084461581  0.000000000000  0.012109950176  0.005020989287  0.014147632423  
galgal4    0.018271135653  0.027581201768  0.025463967070  0.019281184193  0.015172358653  0.015172358653  0.015172358653  0.015172358653  0.018249011169  0.015172358653  0.016199203450  0.021329702788  0.018249011169  0.018271135653  0.012109950176  0.000000000000  0.007035161120  0.016184530221  
rollulus_rouloul 0.011113018679  0.020327944701  0.018240320519  0.012116962114  0.008051743056  0.008051743056  0.008051743056  0.008051743056  0.011096433771  0.008051743056  0.009067062413  0.014147632423  0.011096433771  0.011113018679  0.005020989287  0.007035161120  0.000000000000  0.009057783286  
alectoris_rufa 0.020327944701  0.029665066654  0.027540013591  0.021340049246  0.017218978732  0.017218978732  0.017218978732  0.017218978732  0.020304655364  0.017218978732  0.018249011169  0.023393875120  0.020304655364  0.020327944701  0.014147632423  0.016184530221  0.009057783286  0.000000000000  

