18
cyrtonyx_montezumae 0.000000000000  0.051004005287  0.051037272590  0.057609182719  0.063182436590  0.062062695829  0.059789199581  0.062018417104  0.059830872464  0.060902538836  0.057609182719  0.062018417104  0.063051131627  0.055397534986  0.059830872464  0.063093076533  0.059789199581  0.044540256810  
pavo_cristatus 0.051004005287  0.000000000000  0.010093724675  0.016236093585  0.021421324150  0.020379872829  0.018288170179  0.020362190892  0.018303596662  0.020362190892  0.016236093585  0.020362190892  0.021369895270  0.014177289770  0.018303596662  0.022426758846  0.020362190892  0.010073950902  
tragopan_blythii 0.051037272590  0.010093724675  0.000000000000  0.006031541339  0.011114561851  0.010093724675  0.008052349447  0.010085489239  0.008058417513  0.010085489239  0.006031541339  0.010085489239  0.011091523641  0.004013026592  0.008058417513  0.012118339089  0.020379872829  0.010078896845  
chrysolophus_pictus 0.057609182719  0.016236093585  0.006031541339  0.000000000000  0.005025721833  0.004016439386  0.002002804568  0.004013026592  0.002004098605  0.004013026592  0.000000000000  0.004013026592  0.009062354571  0.002004098605  0.006037090417  0.010085489239  0.026637527588  0.016211374097  
phasianus_colchicus 0.063182436590  0.021421324150  0.011114561851  0.005025721833  0.000000000000  0.009083799683  0.007043929920  0.009075012839  0.007050553781  0.009075012839  0.005025721833  0.009075012839  0.014166317404  0.007050553781  0.011125529758  0.015205608848  0.031929163103  0.021385363203  
lophura_nycthemera 0.062062695829  0.020379872829  0.010093724675  0.004016439386  0.009083799683  0.000000000000  0.006031541339  0.008058417513  0.006037090417  0.008058417513  0.004016439386  0.008058417513  0.013141256774  0.006037090417  0.010103599776  0.014177289770  0.030866247941  0.020346179274  
syrmaticus_reevesii 0.059789199581  0.018288170179  0.008052349447  0.002002804568  0.007043929920  0.006031541339  0.000000000000  0.006027622732  0.004013026592  0.006027622732  0.002002804568  0.006027622732  0.011091523641  0.004013026592  0.008058417513  0.012118339089  0.028722111297  0.018262316864  
syrmaticus_ellioti 0.062018417104  0.020362190892  0.010085489239  0.004013026592  0.009075012839  0.008058417513  0.006027622732  0.000000000000  0.006031541339  0.008052349447  0.004013026592  0.008052349447  0.013133039733  0.006031541339  0.010093724675  0.014166317404  0.030838690677  0.020331841338  
catreus_wallichi 0.059830872464  0.018303596662  0.008058417513  0.002004098605  0.007050553781  0.006037090417  0.004013026592  0.006031541339  0.000000000000  0.006031541339  0.002004098605  0.006031541339  0.011097555408  0.004016439386  0.008066120619  0.012127112317  0.028747319542  0.018274409119  
lophura_inornata 0.060902538836  0.020362190892  0.010085489239  0.004013026592  0.009075012839  0.008058417513  0.006027622732  0.008052349447  0.006031541339  0.000000000000  0.004013026592  0.008052349447  0.013133039733  0.006031541339  0.010093724675  0.014166317404  0.030838690677  0.020331841338  
crossoptilon_crossoptilon 0.057609182719  0.016236093585  0.006031541339  0.000000000000  0.005025721833  0.004016439386  0.002002804568  0.004013026592  0.002004098605  0.004013026592  0.000000000000  0.004013026592  0.009062354571  0.002004098605  0.006037090417  0.010085489239  0.026637527588  0.016211374097  
lophura_swinhoii 0.062018417104  0.020362190892  0.010085489239  0.004013026592  0.009075012839  0.008058417513  0.006027622732  0.008052349447  0.006031541339  0.008052349447  0.004013026592  0.000000000000  0.013133039733  0.006031541339  0.010093724675  0.014166317404  0.030838690677  0.020331841338  
melgal2    0.063051131627  0.021369895270  0.011091523641  0.009062354571  0.014166317404  0.013141256774  0.011091523641  0.013133039733  0.011097555408  0.013133039733  0.009062354571  0.013133039733  0.000000000000  0.007035583843  0.011097555408  0.015174350227  0.031848053105  0.021344001436  
lophophorus_impejanus 0.055397534986  0.014177289770  0.004013026592  0.002004098605  0.007050553781  0.006037090417  0.004013026592  0.006031541339  0.004016439386  0.006031541339  0.002004098605  0.006031541339  0.007035583843  0.000000000000  0.004016439386  0.008052349447  0.024536793627  0.014157000856  
perdix_dauuricae 0.059830872464  0.018303596662  0.008058417513  0.006037090417  0.011125529758  0.010103599776  0.008058417513  0.010093724675  0.008066120619  0.010093724675  0.006037090417  0.010093724675  0.011097555408  0.004016439386  0.000000000000  0.010085489239  0.028747319542  0.018274409119  
galgal4    0.063093076533  0.022426758846  0.012118339089  0.010085489239  0.015205608848  0.014177289770  0.012118339089  0.014166317404  0.012127112317  0.014166317404  0.010085489239  0.014166317404  0.015174350227  0.008052349447  0.010085489239  0.000000000000  0.030812832450  0.022395235366  
rollulus_rouloul 0.059789199581  0.020362190892  0.020379872829  0.026637527588  0.031929163103  0.030866247941  0.028722111297  0.030838690677  0.028747319542  0.030838690677  0.026637527588  0.030838690677  0.031848053105  0.024536793627  0.028747319542  0.030812832450  0.000000000000  0.020331841338  
alectoris_rufa 0.044540256810  0.010073950902  0.010078896845  0.016211374097  0.021385363203  0.020346179274  0.018262316864  0.020331841338  0.018274409119  0.020331841338  0.016211374097  0.020331841338  0.021344001436  0.014157000856  0.018274409119  0.022395235366  0.020331841338  0.000000000000  

