18
cyrtonyx_montezumae 0.000000000000  0.046542147721  0.042365982099  0.053089549519  0.044472255008  0.042341415724  0.040217024921  0.040217024921  0.040217024921  0.045552758111  0.048809253294  0.040217024921  0.040217024921  0.065131791653  0.059671379024  0.042365982099  0.044497617889  0.038122040407  
galgal4    0.046542147721  0.000000000000  0.022357734858  0.032759088868  0.026499870790  0.023386700892  0.021322040977  0.021322040977  0.021322040977  0.028591726286  0.031718133118  0.021322040977  0.021322040977  0.047644298485  0.040174914940  0.021322040977  0.025467121632  0.019271080840  
pavo_cristatus 0.042365982099  0.022357734858  0.000000000000  0.018248002617  0.017226518282  0.014152651004  0.012113860769  0.012113860769  0.012113860769  0.019291634717  0.022378588490  0.012113860769  0.012113860769  0.038099042344  0.032803579756  0.014161256814  0.016206622365  0.010088246491  
rollulus_rouloul 0.053089549519  0.032759088868  0.018248002617  0.000000000000  0.027556792996  0.024435995266  0.022367287365  0.022367287365  0.022367287365  0.029655797618  0.032786958515  0.022367287365  0.022367287365  0.047721245711  0.043372010602  0.024447987825  0.026523487054  0.020315252130  
lophura_inornata 0.044472255008  0.026499870790  0.017226518282  0.027556792996  0.000000000000  0.007036175261  0.005018736638  0.005018736638  0.005018736638  0.012113860769  0.015170436817  0.005018736638  0.005018736638  0.030708826028  0.025478582115  0.007039983052  0.015178514563  0.013136443843  
lophura_nycthemera 0.042341415724  0.023386700892  0.014152651004  0.024435995266  0.007036175261  0.000000000000  0.002002835476  0.002002835476  0.002002835476  0.009063829839  0.012107617567  0.002002835476  0.002002835476  0.027570720415  0.022367287365  0.004013404080  0.012113860769  0.010080947246  
catreus_wallichi 0.040217024921  0.021322040977  0.012113860769  0.022367287365  0.005018736638  0.002002835476  0.000000000000  0.000000000000  0.000000000000  0.007039983052  0.010075345638  0.000000000000  0.000000000000  0.025491802833  0.020304635313  0.002004267814  0.010080947246  0.008053875584  
crossoptilon_crossoptilon 0.040217024921  0.021322040977  0.012113860769  0.022367287365  0.005018736638  0.002002835476  0.000000000000  0.000000000000  0.000000000000  0.007039983052  0.010075345638  0.000000000000  0.000000000000  0.025491802833  0.020304635313  0.002004267814  0.010080947246  0.008053875584  
lophura_swinhoii 0.040217024921  0.021322040977  0.012113860769  0.022367287365  0.005018736638  0.002002835476  0.000000000000  0.000000000000  0.000000000000  0.007039983052  0.010075345638  0.000000000000  0.000000000000  0.025491802833  0.020304635313  0.002004267814  0.010080947246  0.008053875584  
syrmaticus_reevesii 0.045552758111  0.028591726286  0.019291634717  0.029655797618  0.012113860769  0.009063829839  0.007039983052  0.007039983052  0.007039983052  0.000000000000  0.017226518282  0.007039983052  0.007039983052  0.032821987914  0.027570720415  0.009069960230  0.017236984248  0.015188309426  
melgal2    0.048809253294  0.031718133118  0.022378588490  0.032786958515  0.015170436817  0.012107617567  0.010075345638  0.010075345638  0.010075345638  0.017226518282  0.000000000000  0.010075345638  0.010075345638  0.032786958515  0.028620292597  0.012113860769  0.020315252130  0.016197353122  
syrmaticus_ellioti 0.040217024921  0.021322040977  0.012113860769  0.022367287365  0.005018736638  0.002002835476  0.000000000000  0.000000000000  0.000000000000  0.007039983052  0.010075345638  0.000000000000  0.000000000000  0.025491802833  0.020304635313  0.002004267814  0.010080947246  0.008053875584  
phasianus_colchicus 0.040217024921  0.021322040977  0.012113860769  0.022367287365  0.005018736638  0.002002835476  0.000000000000  0.000000000000  0.000000000000  0.007039983052  0.010075345638  0.000000000000  0.000000000000  0.025491802833  0.020304635313  0.002004267814  0.010080947246  0.008053875584  
perdix_dauuricae 0.065131791653  0.047644298485  0.038099042344  0.047721245711  0.030708826028  0.027570720415  0.025491802833  0.025491802833  0.025491802833  0.032821987914  0.032786958515  0.025491802833  0.025491802833  0.000000000000  0.031731709232  0.027586413901  0.033862467708  0.033882142753  
tragopan_blythii 0.059671379024  0.040174914940  0.032803579756  0.043372010602  0.025478582115  0.022367287365  0.020304635313  0.020304635313  0.020304635313  0.027570720415  0.028620292597  0.020304635313  0.020304635313  0.031731709232  0.000000000000  0.022378588490  0.028605123442  0.028620292597  
chrysolophus_pictus 0.042365982099  0.021322040977  0.014161256814  0.024447987825  0.007039983052  0.004013404080  0.002004267814  0.002004267814  0.002004267814  0.009069960230  0.012113860769  0.002004267814  0.002004267814  0.027586413901  0.022378588490  0.000000000000  0.012121809939  0.010088246491  
lophophorus_impejanus 0.044497617889  0.025467121632  0.016206622365  0.026523487054  0.015178514563  0.012113860769  0.010080947246  0.010080947246  0.010080947246  0.017236984248  0.020315252130  0.010080947246  0.010080947246  0.033862467708  0.028605123442  0.012121809939  0.000000000000  0.012121809939  
alectoris_rufa 0.038122040407  0.019271080840  0.010088246491  0.020315252130  0.013136443843  0.010080947246  0.008053875584  0.008053875584  0.008053875584  0.015188309426  0.016197353122  0.008053875584  0.008053875584  0.033882142753  0.028620292597  0.010088246491  0.012121809939  0.000000000000  

