18
cyrtonyx_montezumae 0.000000000000  0.028561831624  0.043367097774  0.038022793265  0.057472170417  0.045498413029  0.048744201995  0.050892689865  0.048744201995  0.048744201995  0.051983090177  0.056306944277  0.050892689865  0.044443062044  0.061733518126  0.051907437375  0.046555439642  0.037995595416  
galgal4    0.028561831624  0.000000000000  0.031766409229  0.034871186847  0.047804857343  0.038121017631  0.038121017631  0.042388153337  0.040263825857  0.040263825857  0.043466665201  0.047741605208  0.042388153337  0.036010012375  0.048861731904  0.043389380847  0.037076740306  0.028581476792  
pavo_cristatus 0.043367097774  0.031766409229  0.000000000000  0.035966967326  0.048968260117  0.036034095987  0.040320039852  0.042445859755  0.040320039852  0.040320039852  0.043526853304  0.047804857343  0.042445859755  0.036059882953  0.049888750427  0.043439167660  0.037076740306  0.028607897519  
rollulus_rouloul 0.038022793265  0.034871186847  0.035966967326  0.000000000000  0.049920276590  0.041287004631  0.043439167660  0.045572676991  0.043439167660  0.043439167660  0.046655928654  0.050949462481  0.045572676991  0.039166933600  0.051956094569  0.046577930909  0.041263704177  0.031706249426  
lophophorus_impejanus 0.057472170417  0.047804857343  0.048968260117  0.049920276590  0.000000000000  0.016224376623  0.018290194427  0.020348395071  0.018290194427  0.018290194427  0.022429654975  0.025528853955  0.020348395071  0.014178599825  0.030729385198  0.022383304961  0.016212479058  0.042388153337  
catreus_wallichi 0.045498413029  0.038121017631  0.036034095987  0.041287004631  0.016224376623  0.000000000000  0.008052618854  0.010079199841  0.008052618854  0.008052618854  0.012118952875  0.015174853376  0.010079199841  0.004013093112  0.022371176726  0.012101589431  0.008047989514  0.033863595818  
chrysolophus_pictus 0.048744201995  0.038121017631  0.040320039852  0.043439167660  0.018290194427  0.008052618854  0.000000000000  0.010079199841  0.008052618854  0.008052618854  0.012118952875  0.015174853376  0.010079199841  0.004013093112  0.022371176726  0.014143280686  0.010079199841  0.033863595818  
lophura_nycthemera 0.050892689865  0.042388153337  0.042445859755  0.045572676991  0.020348395071  0.010079199841  0.010079199841  0.000000000000  0.002002794877  0.002002794877  0.006027700328  0.009058424071  0.006027700328  0.006027700328  0.024439383370  0.016186631040  0.012111535050  0.038097930552  
lophura_inornata 0.048744201995  0.040263825857  0.040320039852  0.043439167660  0.018290194427  0.008052618854  0.008052618854  0.002002794877  0.000000000000  0.000000000000  0.004013093112  0.007035565562  0.004013093112  0.004013093112  0.022371176726  0.014143280686  0.010079199841  0.035987635138  
phasianus_colchicus 0.048744201995  0.040263825857  0.040320039852  0.043439167660  0.018290194427  0.008052618854  0.008052618854  0.002002794877  0.000000000000  0.000000000000  0.004013093112  0.007035565562  0.004013093112  0.004013093112  0.022371176726  0.014143280686  0.010079199841  0.035987635138  
syrmaticus_ellioti 0.051983090177  0.043466665201  0.043526853304  0.046655928654  0.022429654975  0.012118952875  0.012118952875  0.006027700328  0.004013093112  0.004013093112  0.000000000000  0.011091694373  0.008052618854  0.008052618854  0.026526999718  0.018243404490  0.014157672556  0.039166933600  
syrmaticus_reevesii 0.056306944277  0.047741605208  0.047804857343  0.050949462481  0.025528853955  0.015174853376  0.015174853376  0.009058424071  0.007035565562  0.007035565562  0.011091694373  0.000000000000  0.010073993700  0.011091694373  0.029643221834  0.021324711404  0.017222024088  0.043413405181  
lophura_swinhoii 0.050892689865  0.042388153337  0.042445859755  0.045572676991  0.020348395071  0.010079199841  0.010079199841  0.006027700328  0.004013093112  0.004013093112  0.008052618854  0.010073993700  0.000000000000  0.006027700328  0.024439383370  0.016186631040  0.012111535050  0.038097930552  
crossoptilon_crossoptilon 0.044443062044  0.036010012375  0.036059882953  0.039166933600  0.014178599825  0.004013093112  0.004013093112  0.006027700328  0.004013093112  0.004013093112  0.008052618854  0.011091694373  0.006027700328  0.000000000000  0.018243404490  0.010070411759  0.006027700328  0.031766409229  
tragopan_blythii 0.061733518126  0.048861731904  0.049888750427  0.051956094569  0.030729385198  0.022371176726  0.022371176726  0.024439383370  0.022371176726  0.022371176726  0.026526999718  0.029643221834  0.024439383370  0.018243404490  0.000000000000  0.027535528042  0.022383304961  0.048744201995  
perdix_dauuricae 0.051907437375  0.043389380847  0.043439167660  0.046577930909  0.022383304961  0.012101589431  0.014143280686  0.016186631040  0.014143280686  0.014143280686  0.018243404490  0.021324711404  0.016186631040  0.010070411759  0.027535528042  0.000000000000  0.013117733435  0.039104356351  
melgal2    0.046555439642  0.037076740306  0.037076740306  0.041263704177  0.016212479058  0.008047989514  0.010079199841  0.012111535050  0.010079199841  0.010079199841  0.014157672556  0.017222024088  0.012111535050  0.006027700328  0.022383304961  0.013117733435  0.000000000000  0.033845326140  
alectoris_rufa 0.037995595416  0.028581476792  0.028607897519  0.031706249426  0.042388153337  0.033863595818  0.033863595818  0.038097930552  0.035987635138  0.035987635138  0.039166933600  0.043413405181  0.038097930552  0.031766409229  0.048744201995  0.039104356351  0.033845326140  0.000000000000  

