18
cyrtonyx_montezumae 0.000000000000  0.015167122476  0.020319755835  0.016201812482  0.016201812482  0.016201812482  0.016201812482  0.016201812482  0.016201812482  0.016201812482  0.016201812482  0.018252158083  0.016201812482  0.016201812482  0.021370981964  0.025495004740  0.024451294513  0.024438683336  
melgal2    0.015167122476  0.000000000000  0.013151716604  0.009075326688  0.009075326688  0.009075326688  0.009075326688  0.009075326688  0.009075326688  0.009075326688  0.009075326688  0.011105616125  0.009075326688  0.009075326688  0.014190748949  0.018275274425  0.017242518820  0.017231267776  
galgal4    0.020319755835  0.013151716604  0.000000000000  0.004013060972  0.004013060972  0.004013060972  0.004013060972  0.004013060972  0.004013060972  0.004013060972  0.004013060972  0.006027649479  0.004013060972  0.004013060972  0.009075326688  0.015183552638  0.012111328450  0.012105608477  
lophura_inornata 0.016201812482  0.009075326688  0.004013060972  0.000000000000  0.000000000000  0.000000000000  0.000000000000  0.000000000000  0.000000000000  0.000000000000  0.000000000000  0.002002792462  0.000000000000  0.000000000000  0.005025835732  0.011097778365  0.008047914875  0.008044937409  
pavo_cristatus 0.016201812482  0.009075326688  0.004013060972  0.000000000000  0.000000000000  0.000000000000  0.000000000000  0.000000000000  0.000000000000  0.000000000000  0.000000000000  0.002002792462  0.000000000000  0.000000000000  0.005025835732  0.011097778365  0.008047914875  0.008044937409  
lophura_swinhoii 0.016201812482  0.009075326688  0.004013060972  0.000000000000  0.000000000000  0.000000000000  0.000000000000  0.000000000000  0.000000000000  0.000000000000  0.000000000000  0.002002792462  0.000000000000  0.000000000000  0.005025835732  0.011097778365  0.008047914875  0.008044937409  
crossoptilon_crossoptilon 0.016201812482  0.009075326688  0.004013060972  0.000000000000  0.000000000000  0.000000000000  0.000000000000  0.000000000000  0.000000000000  0.000000000000  0.000000000000  0.002002792462  0.000000000000  0.000000000000  0.005025835732  0.011097778365  0.008047914875  0.008044937409  
tragopan_blythii 0.016201812482  0.009075326688  0.004013060972  0.000000000000  0.000000000000  0.000000000000  0.000000000000  0.000000000000  0.000000000000  0.000000000000  0.000000000000  0.002002792462  0.000000000000  0.000000000000  0.005025835732  0.011097778365  0.008047914875  0.008044937409  
perdix_dauuricae 0.016201812482  0.009075326688  0.004013060972  0.000000000000  0.000000000000  0.000000000000  0.000000000000  0.000000000000  0.000000000000  0.000000000000  0.000000000000  0.002002792462  0.000000000000  0.000000000000  0.005025835732  0.011097778365  0.008047914875  0.008044937409  
chrysolophus_pictus 0.016201812482  0.009075326688  0.004013060972  0.000000000000  0.000000000000  0.000000000000  0.000000000000  0.000000000000  0.000000000000  0.000000000000  0.000000000000  0.002002792462  0.000000000000  0.000000000000  0.005025835732  0.011097778365  0.008047914875  0.008044937409  
lophura_nycthemera 0.016201812482  0.009075326688  0.004013060972  0.000000000000  0.000000000000  0.000000000000  0.000000000000  0.000000000000  0.000000000000  0.000000000000  0.000000000000  0.002002792462  0.000000000000  0.000000000000  0.005025835732  0.011097778365  0.008047914875  0.008044937409  
phasianus_colchicus 0.018252158083  0.011105616125  0.006027649479  0.002002792462  0.002002792462  0.002002792462  0.002002792462  0.002002792462  0.002002792462  0.002002792462  0.002002792462  0.000000000000  0.002002792462  0.002002792462  0.007044103610  0.013133251960  0.010073890121  0.010070350276  
syrmaticus_reevesii 0.016201812482  0.009075326688  0.004013060972  0.000000000000  0.000000000000  0.000000000000  0.000000000000  0.000000000000  0.000000000000  0.000000000000  0.000000000000  0.002002792462  0.000000000000  0.000000000000  0.005025835732  0.011097778365  0.008047914875  0.008044937409  
lophophorus_impejanus 0.016201812482  0.009075326688  0.004013060972  0.000000000000  0.000000000000  0.000000000000  0.000000000000  0.000000000000  0.000000000000  0.000000000000  0.000000000000  0.002002792462  0.000000000000  0.000000000000  0.005025835732  0.011097778365  0.008047914875  0.008044937409  
catreus_wallichi 0.021370981964  0.014190748949  0.009075326688  0.005025835732  0.005025835732  0.005025835732  0.005025835732  0.005025835732  0.005025835732  0.005025835732  0.005025835732  0.007044103610  0.005025835732  0.005025835732  0.000000000000  0.016223701908  0.013141680149  0.013133251960  
rollulus_rouloul 0.025495004740  0.018275274425  0.015183552638  0.011097778365  0.011097778365  0.011097778365  0.011097778365  0.011097778365  0.011097778365  0.011097778365  0.011097778365  0.013133251960  0.011097778365  0.011097778365  0.016223701908  0.000000000000  0.018252158083  0.019274624246  
syrmaticus_ellioti 0.024451294513  0.017242518820  0.012111328450  0.008047914875  0.008047914875  0.008047914875  0.008047914875  0.008047914875  0.008047914875  0.008047914875  0.008047914875  0.010073890121  0.008047914875  0.008047914875  0.013141680149  0.018252158083  0.000000000000  0.016186409038  
alectoris_rufa 0.024438683336  0.017231267776  0.012105608477  0.008044937409  0.008044937409  0.008044937409  0.008044937409  0.008044937409  0.008044937409  0.008044937409  0.008044937409  0.010070350276  0.008044937409  0.008044937409  0.013133251960  0.019274624246  0.016186409038  0.000000000000  

