18
cyrtonyx_montezumae 0.000000000000  0.039150767283  0.033888912680  0.038153235291  0.039225250634  0.039225250634  0.044557527113  0.048944495647  0.041347420349  0.044621469147  0.034951453545  0.033911042242  0.039198690318  0.039198690318  0.044588625050  0.033911042242  0.033911042242  0.033911042242  
galgal4    0.039150767283  0.000000000000  0.009062873952  0.015175819831  0.016203390297  0.016203390297  0.021346935939  0.025532395183  0.018254032791  0.021374438361  0.012106217275  0.011092164141  0.017223201230  0.017223201230  0.021359852073  0.011092164141  0.011092164141  0.017223201230  
pavo_cristatus 0.033888912680  0.009062873952  0.000000000000  0.010086626598  0.011106695585  0.011106695585  0.016213860305  0.020367606176  0.013143004292  0.016239751463  0.007039338250  0.006031989049  0.012119721723  0.012119721723  0.017258048636  0.006031989049  0.006031989049  0.010079665732  
perdix_dauuricae 0.038153235291  0.015175819831  0.010086626598  0.000000000000  0.007039338250  0.007039338250  0.012112148855  0.016225981668  0.009062873952  0.013153347854  0.005018487700  0.004013176783  0.010079665732  0.010079665732  0.015196124908  0.004013176783  0.004013176783  0.014168468911  
syrmaticus_reevesii 0.039225250634  0.016203390297  0.011106695585  0.007039338250  0.000000000000  0.000000000000  0.005018487700  0.009076187594  0.002002804113  0.015208747737  0.006027851459  0.005021523540  0.011098611939  0.011098611939  0.016225981668  0.005021523540  0.005021523540  0.015196124908  
syrmaticus_ellioti 0.039225250634  0.016203390297  0.011106695585  0.007039338250  0.000000000000  0.000000000000  0.005018487700  0.009076187594  0.002002804113  0.015208747737  0.006027851459  0.005021523540  0.011098611939  0.011098611939  0.016225981668  0.005021523540  0.005021523540  0.015196124908  
lophophorus_impejanus 0.044557527113  0.021346935939  0.016213860305  0.012112148855  0.005018487700  0.005018487700  0.000000000000  0.014168468911  0.007035717369  0.020350857679  0.011092164141  0.010079665732  0.016203390297  0.016203390297  0.021374438361  0.010079665732  0.010079665732  0.020335770864  
rollulus_rouloul 0.048944495647  0.025532395183  0.020367606176  0.016225981668  0.009076187594  0.009076187594  0.014168468911  0.000000000000  0.007051446377  0.024545209689  0.015196124908  0.014179949673  0.020350857679  0.020350857679  0.025572659677  0.014179949673  0.014179949673  0.024523753360  
melgal2    0.041347420349  0.018254032791  0.013143004292  0.009062873952  0.002002804113  0.002002804113  0.007035717369  0.007051446377  0.000000000000  0.017258048636  0.008048227509  0.007039338250  0.013134301563  0.013134301563  0.018277910348  0.007039338250  0.007039338250  0.017244777942  
phasianus_colchicus 0.044621469147  0.021374438361  0.016239751463  0.013153347854  0.015208747737  0.015208747737  0.020350857679  0.024545209689  0.017258048636  0.000000000000  0.011106695585  0.010095217902  0.016225981668  0.016225981668  0.021408609671  0.010095217902  0.010095217902  0.020367606176  
tragopan_blythii 0.034951453545  0.012106217275  0.007039338250  0.005018487700  0.006027851459  0.006027851459  0.011092164141  0.015196124908  0.008048227509  0.011106695585  0.000000000000  0.001000760633  0.007035717369  0.007035717369  0.012119721723  0.001000760633  0.001000760633  0.011098611939  
lophura_swinhoii 0.033911042242  0.011092164141  0.006031989049  0.004013176783  0.005021523540  0.005021523540  0.010079665732  0.014179949673  0.007039338250  0.010095217902  0.001000760633  0.000000000000  0.006027851459  0.006027851459  0.011106695585  0.000000000000  0.000000000000  0.010086626598  
lophura_nycthemera 0.039198690318  0.017223201230  0.012119721723  0.010079665732  0.011098611939  0.011098611939  0.016203390297  0.020350857679  0.013134301563  0.016225981668  0.007035717369  0.006027851459  0.000000000000  0.000000000000  0.005026174713  0.006027851459  0.006027851459  0.016213860305  
lophura_inornata 0.039198690318  0.017223201230  0.012119721723  0.010079665732  0.011098611939  0.011098611939  0.016203390297  0.020350857679  0.013134301563  0.016225981668  0.007035717369  0.006027851459  0.000000000000  0.000000000000  0.005026174713  0.006027851459  0.006027851459  0.016213860305  
crossoptilon_crossoptilon 0.044588625050  0.021359852073  0.017258048636  0.015196124908  0.016225981668  0.016225981668  0.021374438361  0.025572659677  0.018277910348  0.021408609671  0.012119721723  0.011106695585  0.005026174713  0.005026174713  0.000000000000  0.011106695585  0.011106695585  0.021390691863  
catreus_wallichi 0.033911042242  0.011092164141  0.006031989049  0.004013176783  0.005021523540  0.005021523540  0.010079665732  0.014179949673  0.007039338250  0.010095217902  0.001000760633  0.000000000000  0.006027851459  0.006027851459  0.011106695585  0.000000000000  0.000000000000  0.010086626598  
chrysolophus_pictus 0.033911042242  0.011092164141  0.006031989049  0.004013176783  0.005021523540  0.005021523540  0.010079665732  0.014179949673  0.007039338250  0.010095217902  0.001000760633  0.000000000000  0.006027851459  0.006027851459  0.011106695585  0.000000000000  0.000000000000  0.010086626598  
alectoris_rufa 0.033911042242  0.017223201230  0.010079665732  0.014168468911  0.015196124908  0.015196124908  0.020335770864  0.024523753360  0.017244777942  0.020367606176  0.011098611939  0.010086626598  0.016213860305  0.016213860305  0.021390691863  0.010086626598  0.010086626598  0.000000000000  

