18
chrysolophus_pictus 0.000000000000  0.011115254250  0.011115254250  0.016252527128  0.016252527128  0.016252527128  0.019342669170  0.034036941607  0.026641309897  0.024539910107  0.035986168571  0.024539910107  0.024539910107  0.023492606752  0.018305389827  0.022467853142  0.023472789977  0.016252527128  
tragopan_blythii 0.011115254250  0.000000000000  0.000000000000  0.005025890377  0.005025890377  0.005025890377  0.008058748398  0.022447554775  0.015206765509  0.013151934287  0.026512875807  0.013151934287  0.013151934287  0.012127766551  0.007044168719  0.011115254250  0.012118766094  0.005025890377  
lophophorus_impejanus 0.011115254250  0.000000000000  0.000000000000  0.005025890377  0.005025890377  0.005025890377  0.008058748398  0.022447554775  0.015206765509  0.013151934287  0.026512875807  0.013151934287  0.013151934287  0.012127766551  0.007044168719  0.011115254250  0.012118766094  0.005025890377  
lophura_swinhoii 0.016252527128  0.005025890377  0.005025890377  0.000000000000  0.000000000000  0.000000000000  0.003006892697  0.019325810825  0.012127766551  0.010085881372  0.024427698918  0.010085881372  0.010085881372  0.007039044676  0.002002790858  0.006031702065  0.007035516801  0.000000000000  
phasianus_colchicus 0.016252527128  0.005025890377  0.005025890377  0.000000000000  0.000000000000  0.000000000000  0.003006892697  0.019325810825  0.012127766551  0.010085881372  0.024427698918  0.010085881372  0.010085881372  0.007039044676  0.002002790858  0.006031702065  0.007035516801  0.000000000000  
crossoptilon_crossoptilon 0.016252527128  0.005025890377  0.005025890377  0.000000000000  0.000000000000  0.000000000000  0.003006892697  0.019325810825  0.012127766551  0.010085881372  0.024427698918  0.010085881372  0.010085881372  0.007039044676  0.002002790858  0.006031702065  0.007035516801  0.000000000000  
lophura_nycthemera 0.019342669170  0.008058748398  0.008058748398  0.003006892697  0.003006892697  0.003006892697  0.000000000000  0.016237447351  0.009075449941  0.007044168719  0.021324261065  0.007044168719  0.007044168719  0.004013072755  0.005018377496  0.009068145918  0.010073892211  0.003006892697  
perdix_dauuricae 0.034036941607  0.022447554775  0.022447554775  0.019325810825  0.019325810825  0.019325810825  0.016237447351  0.000000000000  0.007044168719  0.010094282242  0.024438768596  0.010094282242  0.010094282242  0.020364166377  0.021387230788  0.025567334836  0.026576332914  0.019325810825  
galgal4    0.026641309897  0.015206765509  0.015206765509  0.012127766551  0.012127766551  0.012127766551  0.009075449941  0.007044168719  0.000000000000  0.003009294831  0.017207188135  0.003009294831  0.003009294831  0.013151934287  0.014167042367  0.018289668386  0.019296981138  0.012127766551  
rollulus_rouloul 0.024539910107  0.013151934287  0.013151934287  0.010085881372  0.010085881372  0.010085881372  0.007044168719  0.010094282242  0.003009294831  0.000000000000  0.014135229003  0.000000000000  0.000000000000  0.011105751924  0.012118766094  0.016223985247  0.017231423030  0.010085881372  
cyrtonyx_montezumae 0.035986168571  0.026512875807  0.026512875807  0.024427698918  0.024427698918  0.024427698918  0.021324261065  0.024438768596  0.017207188135  0.014135229003  0.000000000000  0.014135229003  0.014135229003  0.025469169385  0.024418290835  0.026501170592  0.029616978338  0.024427698918  
pavo_cristatus 0.024539910107  0.013151934287  0.013151934287  0.010085881372  0.010085881372  0.010085881372  0.007044168719  0.010094282242  0.003009294831  0.000000000000  0.014135229003  0.000000000000  0.000000000000  0.011105751924  0.012118766094  0.016223985247  0.017231423030  0.010085881372  
syrmaticus_reevesii 0.024539910107  0.013151934287  0.013151934287  0.010085881372  0.010085881372  0.010085881372  0.007044168719  0.010094282242  0.003009294831  0.000000000000  0.014135229003  0.000000000000  0.000000000000  0.011105751924  0.012118766094  0.016223985247  0.017231423030  0.010085881372  
lophura_inornata 0.023492606752  0.012127766551  0.012127766551  0.007039044676  0.007039044676  0.007039044676  0.004013072755  0.020364166377  0.013151934287  0.011105751924  0.025469169385  0.011105751924  0.011105751924  0.000000000000  0.009062442737  0.013141825471  0.014149448826  0.007039044676  
catreus_wallichi 0.018305389827  0.007044168719  0.007044168719  0.002002790858  0.002002790858  0.002002790858  0.005018377496  0.021387230788  0.014167042367  0.012118766094  0.024418290835  0.012118766094  0.012118766094  0.009062442737  0.000000000000  0.004016546957  0.005018377496  0.002002790858  
syrmaticus_ellioti 0.022467853142  0.011115254250  0.011115254250  0.006031702065  0.006031702065  0.006031702065  0.009068145918  0.025567334836  0.018289668386  0.016223985247  0.026501170592  0.016223985247  0.016223985247  0.013141825471  0.004016546957  0.000000000000  0.009068145918  0.006031702065  
melgal2    0.023472789977  0.012118766094  0.012118766094  0.007035516801  0.007035516801  0.007035516801  0.010073892211  0.026576332914  0.019296981138  0.017231423030  0.029616978338  0.017231423030  0.017231423030  0.014149448826  0.005018377496  0.009068145918  0.000000000000  0.007035516801  
alectoris_rufa 0.016252527128  0.005025890377  0.005025890377  0.000000000000  0.000000000000  0.000000000000  0.003006892697  0.019325810825  0.012127766551  0.010085881372  0.024427698918  0.010085881372  0.010085881372  0.007039044676  0.002002790858  0.006031702065  0.007035516801  0.000000000000  

