18
cyrtonyx_montezumae 0.000000000000  0.009067584913  0.008044699830  0.007035320837  0.012117828997  0.012117828997  0.014165639735  0.017220258778  0.012117828997  0.012117828997  0.012117828997  0.012117828997  0.018261111739  0.016222018033  0.013140667885  0.013140667885  0.013140667885  0.016210460625  
galgal4    0.009067584913  0.000000000000  0.009058031689  0.008047626706  0.013140667885  0.013140667885  0.015192753461  0.018250547758  0.013140667885  0.013140667885  0.013140667885  0.013140667885  0.019294668648  0.017253442479  0.014165639735  0.014165639735  0.014165639735  0.017240785869  
pavo_cristatus 0.008044699830  0.009058031689  0.000000000000  0.003006846599  0.008058189827  0.008058189827  0.010093352995  0.013132380619  0.008058189827  0.008058189827  0.008058189827  0.008058189827  0.014165639735  0.012136978003  0.009074718063  0.009074718063  0.009074718063  0.012126615085  
rollulus_rouloul 0.007035320837  0.008047626706  0.003006846599  0.000000000000  0.007050324316  0.007050324316  0.009083418263  0.012117828997  0.007050324316  0.007050324316  0.007050324316  0.007050324316  0.013150537251  0.011124956817  0.008065820082  0.008065820082  0.008065820082  0.011114103374  
tragopan_blythii 0.012117828997  0.013140667885  0.008058189827  0.007050324316  0.000000000000  0.000000000000  0.002004080128  0.007035320837  0.000000000000  0.000000000000  0.000000000000  0.000000000000  0.006027475481  0.004016365074  0.001001018646  0.001001018646  0.001001018646  0.004012970726  
crossoptilon_crossoptilon 0.012117828997  0.013140667885  0.008058189827  0.007050324316  0.000000000000  0.000000000000  0.002004080128  0.007035320837  0.000000000000  0.000000000000  0.000000000000  0.000000000000  0.006027475481  0.004016365074  0.001001018646  0.001001018646  0.001001018646  0.004012970726  
perdix_dauuricae 0.014165639735  0.015192753461  0.010093352995  0.009083418263  0.002004080128  0.002004080128  0.000000000000  0.009062021788  0.002004080128  0.002004080128  0.002004080128  0.002004080128  0.008052124374  0.006036922294  0.003009192802  0.003009192802  0.003009192802  0.006031418712  
phasianus_colchicus 0.017220258778  0.018250547758  0.013132380619  0.012117828997  0.007035320837  0.007035320837  0.009062021788  0.000000000000  0.007035320837  0.007035320837  0.007035320837  0.007035320837  0.013125678454  0.011097114212  0.008047626706  0.008047626706  0.008047626706  0.011090984439  
lophura_nycthemera 0.012117828997  0.013140667885  0.008058189827  0.007050324316  0.000000000000  0.000000000000  0.002004080128  0.007035320837  0.000000000000  0.000000000000  0.000000000000  0.000000000000  0.006027475481  0.004016365074  0.001001018646  0.001001018646  0.001001018646  0.004012970726  
chrysolophus_pictus 0.012117828997  0.013140667885  0.008058189827  0.007050324316  0.000000000000  0.000000000000  0.002004080128  0.007035320837  0.000000000000  0.000000000000  0.000000000000  0.000000000000  0.006027475481  0.004016365074  0.001001018646  0.001001018646  0.001001018646  0.004012970726  
catreus_wallichi 0.012117828997  0.013140667885  0.008058189827  0.007050324316  0.000000000000  0.000000000000  0.002004080128  0.007035320837  0.000000000000  0.000000000000  0.000000000000  0.000000000000  0.006027475481  0.004016365074  0.001001018646  0.001001018646  0.001001018646  0.004012970726  
lophura_inornata 0.012117828997  0.013140667885  0.008058189827  0.007050324316  0.000000000000  0.000000000000  0.002004080128  0.007035320837  0.000000000000  0.000000000000  0.000000000000  0.000000000000  0.006027475481  0.004016365074  0.001001018646  0.001001018646  0.001001018646  0.004012970726  
lophophorus_impejanus 0.018261111739  0.019294668648  0.014165639735  0.013150537251  0.006027475481  0.006027475481  0.008052124374  0.013125678454  0.006027475481  0.006027475481  0.006027475481  0.006027475481  0.000000000000  0.008052124374  0.005018269949  0.005018269949  0.005018269949  0.008047626706  
lophura_swinhoii 0.016222018033  0.017253442479  0.012136978003  0.011124956817  0.004016365074  0.004016365074  0.006036922294  0.011097114212  0.004016365074  0.004016365074  0.004016365074  0.004016365074  0.008052124374  0.000000000000  0.003009192802  0.003009192802  0.003009192802  0.006031418712  
syrmaticus_ellioti 0.013140667885  0.014165639735  0.009074718063  0.008065820082  0.001001018646  0.001001018646  0.003009192802  0.008047626706  0.001001018646  0.001001018646  0.001001018646  0.001001018646  0.005018269949  0.003009192802  0.000000000000  0.000000000000  0.000000000000  0.003006846599  
syrmaticus_reevesii 0.013140667885  0.014165639735  0.009074718063  0.008065820082  0.001001018646  0.001001018646  0.003009192802  0.008047626706  0.001001018646  0.001001018646  0.001001018646  0.001001018646  0.005018269949  0.003009192802  0.000000000000  0.000000000000  0.000000000000  0.003006846599  
melgal2    0.013140667885  0.014165639735  0.009074718063  0.008065820082  0.001001018646  0.001001018646  0.003009192802  0.008047626706  0.001001018646  0.001001018646  0.001001018646  0.001001018646  0.005018269949  0.003009192802  0.000000000000  0.000000000000  0.000000000000  0.003006846599  
alectoris_rufa 0.016210460625  0.017240785869  0.012126615085  0.011114103374  0.004012970726  0.004012970726  0.006031418712  0.011090984439  0.004012970726  0.004012970726  0.004012970726  0.004012970726  0.008047626706  0.006031418712  0.003006846599  0.003006846599  0.003006846599  0.000000000000  

