18
cyrtonyx_montezumae 0.000000000000  0.061803369348  0.060694091089  0.066190253698  0.060694091089  0.060694091089  0.057443438468  0.057443438468  0.057443438468  0.069444328744  0.055213066063  0.056311055033  0.058547736022  0.049862611598  0.052046528812  0.062990311669  0.055415634893  0.052113411840  
chrysolophus_pictus 0.061803369348  0.000000000000  0.003006084636  0.008045016424  0.003006084636  0.003006084636  0.004011210807  0.004011210807  0.004011210807  0.016177715523  0.010070474375  0.013126826783  0.016193922328  0.011087114219  0.031750161359  0.041266035642  0.030730877605  0.027575270616  
lophura_inornata 0.060694091089  0.003006084636  0.000000000000  0.005018429981  0.000000000000  0.000000000000  0.003006084636  0.003006084636  0.003006084636  0.015154768753  0.009055966828  0.012105895342  0.015167611423  0.010070474375  0.030696079764  0.040194558344  0.029676719521  0.026527959964  
phasianus_colchicus 0.066190253698  0.008045016424  0.005018429981  0.000000000000  0.005018429981  0.005018429981  0.008045016424  0.008045016424  0.008045016424  0.020279707684  0.014138667315  0.017214237739  0.020299552449  0.015161686123  0.035949642463  0.045524137808  0.034926259025  0.031750161359  
lophura_swinhoii 0.060694091089  0.003006084636  0.000000000000  0.005018429981  0.000000000000  0.000000000000  0.003006084636  0.003006084636  0.003006084636  0.015154768753  0.009055966828  0.012105895342  0.015167611423  0.010070474375  0.030696079764  0.040194558344  0.029676719521  0.026527959964  
lophura_nycthemera 0.060694091089  0.003006084636  0.000000000000  0.005018429981  0.000000000000  0.000000000000  0.003006084636  0.003006084636  0.003006084636  0.015154768753  0.009055966828  0.012105895342  0.015167611423  0.010070474375  0.030696079764  0.040194558344  0.029676719521  0.026527959964  
catreus_wallichi 0.057443438468  0.004011210807  0.003006084636  0.008045016424  0.003006084636  0.003006084636  0.000000000000  0.000000000000  0.000000000000  0.012099097937  0.006025272919  0.009062645992  0.012111740556  0.007035612857  0.027575270616  0.037033252585  0.026560054240  0.023424675229  
syrmaticus_ellioti 0.057443438468  0.004011210807  0.003006084636  0.008045016424  0.003006084636  0.003006084636  0.000000000000  0.000000000000  0.000000000000  0.012099097937  0.006025272919  0.009062645992  0.012111740556  0.007035612857  0.027575270616  0.037033252585  0.026560054240  0.023424675229  
syrmaticus_reevesii 0.057443438468  0.004011210807  0.003006084636  0.008045016424  0.003006084636  0.003006084636  0.000000000000  0.000000000000  0.000000000000  0.012099097937  0.006025272919  0.009062645992  0.012111740556  0.007035612857  0.027575270616  0.037033252585  0.026560054240  0.023424675229  
crossoptilon_crossoptilon 0.069444328744  0.016177715523  0.015154768753  0.020279707684  0.015154768753  0.015154768753  0.012099097937  0.012099097937  0.012099097937  0.000000000000  0.017199606661  0.020284658607  0.023381134110  0.018225772573  0.036962213700  0.048698661765  0.036994294324  0.033815064908  
perdix_dauuricae 0.055213066063  0.010070474375  0.009055966828  0.014138667315  0.009055966828  0.009055966828  0.006025272919  0.006025272919  0.006025272919  0.017199606661  0.000000000000  0.007033655400  0.010070474375  0.005017255265  0.025470544605  0.034888701805  0.024452996532  0.021334574667  
lophophorus_impejanus 0.056311055033  0.013126826783  0.012105895342  0.017214237739  0.012105895342  0.012105895342  0.009062645992  0.009062645992  0.009062645992  0.020284658607  0.007033655400  0.000000000000  0.003006914955  0.006024404609  0.026514427285  0.035949642463  0.024452996532  0.021334574667  
melgal2    0.058547736022  0.016193922328  0.015167611423  0.020299552449  0.015167611423  0.015167611423  0.012111740556  0.012111740556  0.012111740556  0.023381134110  0.010070474375  0.003006914955  0.000000000000  0.009055966828  0.028624853840  0.038100082138  0.026560054240  0.023424675229  
tragopan_blythii 0.049862611598  0.011087114219  0.010070474375  0.015161686123  0.010070474375  0.010070474375  0.007035612857  0.007035612857  0.007035612857  0.018225772573  0.005017255265  0.006024404609  0.009055966828  0.000000000000  0.020321081802  0.029676719521  0.019311832657  0.016212946009  
pavo_cristatus 0.052046528812  0.031750161359  0.030696079764  0.035949642463  0.030696079764  0.030696079764  0.027575270616  0.027575270616  0.027575270616  0.036962213700  0.025470544605  0.026514427285  0.028624853840  0.020321081802  0.000000000000  0.036036406897  0.025569809974  0.022430700861  
galgal4    0.062990311669  0.041266035642  0.040194558344  0.045524137808  0.040194558344  0.040194558344  0.037033252585  0.037033252585  0.037033252585  0.048698661765  0.034888701805  0.035949642463  0.038100082138  0.029676719521  0.036036406897  0.000000000000  0.030772427075  0.027609713303  
rollulus_rouloul 0.055415634893  0.030730877605  0.029676719521  0.034926259025  0.029676719521  0.029676719521  0.026560054240  0.026560054240  0.026560054240  0.036994294324  0.024452996532  0.024452996532  0.026560054240  0.019311832657  0.025569809974  0.030772427075  0.000000000000  0.003009341959  
alectoris_rufa 0.052113411840  0.027575270616  0.026527959964  0.031750161359  0.026527959964  0.026527959964  0.023424675229  0.023424675229  0.023424675229  0.033815064908  0.021334574667  0.021334574667  0.023424675229  0.016212946009  0.022430700861  0.027609713303  0.003009341959  0.000000000000  

