18
pavo_cristatus 0.000000000000  0.045824789441  0.044815700477  0.044590110886  0.053308859766  0.042425296602  0.042425296602  0.037106088763  0.037106088763  0.037106088763  0.037106088763  0.040327708542  0.037106088763  0.034011298960  0.034011298960  0.043607016447  0.021461845727  0.014184355575  
cyrtonyx_montezumae 0.045824789441  0.000000000000  0.042487848659  0.067611126177  0.076691963064  0.065353282514  0.065353282514  0.059840046908  0.059840046908  0.059840046908  0.059840046908  0.063198972855  0.059840046908  0.056679066963  0.056679066963  0.061003344453  0.040427177255  0.043644181507  
rollulus_rouloul 0.044815700477  0.042487848659  0.000000000000  0.058725743767  0.065401551456  0.056505069721  0.056505069721  0.053268608752  0.053268608752  0.053268608752  0.053268608752  0.056588318802  0.053268608752  0.052333864667  0.052333864667  0.061101684349  0.037261084492  0.040463946152  
syrmaticus_ellioti 0.044590110886  0.067611126177  0.058725743767  0.000000000000  0.016207255380  0.004011383024  0.004011383024  0.007040111123  0.007040111123  0.007040111123  0.007040111123  0.010088578500  0.007040111123  0.019292525572  0.019292525572  0.030748339578  0.038150592399  0.040270455290  
perdix_dauuricae 0.053308859766  0.076691963064  0.065401551456  0.016207255380  0.000000000000  0.012122231584  0.012122231584  0.017237741252  0.017237741252  0.017237741252  0.017237741252  0.020342890739  0.017237741252  0.027625255036  0.027625255036  0.039251367961  0.046764990884  0.048913423341  
chrysolophus_pictus 0.042425296602  0.065353282514  0.056505069721  0.004011383024  0.012122231584  0.000000000000  0.000000000000  0.005018781584  0.005018781584  0.005018781584  0.005018781584  0.008054060977  0.005018781584  0.017227148857  0.017227148857  0.028639178848  0.036012825859  0.038125495483  
catreus_wallichi 0.042425296602  0.065353282514  0.056505069721  0.004011383024  0.012122231584  0.000000000000  0.000000000000  0.005018781584  0.005018781584  0.005018781584  0.005018781584  0.008054060977  0.005018781584  0.017227148857  0.017227148857  0.028639178848  0.036012825859  0.038125495483  
syrmaticus_reevesii 0.037106088763  0.059840046908  0.053268608752  0.007040111123  0.017237741252  0.005018781584  0.005018781584  0.000000000000  0.000000000000  0.000000000000  0.000000000000  0.003009661896  0.000000000000  0.012114191068  0.012114191068  0.023434643305  0.032867053989  0.032844823943  
lophura_nycthemera 0.037106088763  0.059840046908  0.053268608752  0.007040111123  0.017237741252  0.005018781584  0.005018781584  0.000000000000  0.000000000000  0.000000000000  0.000000000000  0.003009661896  0.000000000000  0.012114191068  0.012114191068  0.023434643305  0.032867053989  0.032844823943  
crossoptilon_crossoptilon 0.037106088763  0.059840046908  0.053268608752  0.007040111123  0.017237741252  0.005018781584  0.005018781584  0.000000000000  0.000000000000  0.000000000000  0.000000000000  0.003009661896  0.000000000000  0.012114191068  0.012114191068  0.023434643305  0.032867053989  0.032844823943  
phasianus_colchicus 0.037106088763  0.059840046908  0.053268608752  0.007040111123  0.017237741252  0.005018781584  0.005018781584  0.000000000000  0.000000000000  0.000000000000  0.000000000000  0.003009661896  0.000000000000  0.012114191068  0.012114191068  0.023434643305  0.032867053989  0.032844823943  
lophura_swinhoii 0.040327708542  0.063198972855  0.056588318802  0.010088578500  0.020342890739  0.008054060977  0.008054060977  0.003009661896  0.003009661896  0.003009661896  0.003009661896  0.000000000000  0.003009661896  0.015188943693  0.015188943693  0.026574077083  0.036063229269  0.036037127581  
lophura_inornata 0.037106088763  0.059840046908  0.053268608752  0.007040111123  0.017237741252  0.005018781584  0.005018781584  0.000000000000  0.000000000000  0.000000000000  0.000000000000  0.003009661896  0.000000000000  0.012114191068  0.012114191068  0.023434643305  0.032867053989  0.032844823943  
lophophorus_impejanus 0.034011298960  0.056679066963  0.052333864667  0.019292525572  0.027625255036  0.017227148857  0.017227148857  0.012114191068  0.012114191068  0.012114191068  0.012114191068  0.015188943693  0.012114191068  0.000000000000  0.000000000000  0.019336804829  0.031908120073  0.034011298960  
melgal2    0.034011298960  0.056679066963  0.052333864667  0.019292525572  0.027625255036  0.017227148857  0.017227148857  0.012114191068  0.012114191068  0.012114191068  0.012114191068  0.015188943693  0.012114191068  0.000000000000  0.000000000000  0.019336804829  0.031908120073  0.034011298960  
tragopan_blythii 0.043607016447  0.061003344453  0.061101684349  0.030748339578  0.039251367961  0.028639178848  0.028639178848  0.023434643305  0.023434643305  0.023434643305  0.023434643305  0.026574077083  0.023434643305  0.019336804829  0.019336804829  0.000000000000  0.041473692254  0.042521855022  
galgal4    0.021461845727  0.040427177255  0.037261084492  0.038150592399  0.046764990884  0.036012825859  0.036012825859  0.032867053989  0.032867053989  0.032867053989  0.032867053989  0.036063229269  0.032867053989  0.031908120073  0.031908120073  0.041473692254  0.000000000000  0.019374988044  
alectoris_rufa 0.014184355575  0.043644181507  0.040463946152  0.040270455290  0.048913423341  0.038125495483  0.038125495483  0.032844823943  0.032844823943  0.032844823943  0.032844823943  0.036037127581  0.032844823943  0.034011298960  0.034011298960  0.042521855022  0.019374988044  0.000000000000  

