18
cyrtonyx_montezumae 0.000000000000  0.030811854263  0.044740869698  0.037209598811  0.034000282519  0.031872359573  0.033972449089  0.028721322257  0.028721322257  0.028721322257  0.035067720230  0.028721322257  0.028721322257  0.028721322257  0.028721322257  0.035067720230  0.035067720230  0.028721322257  
melgal2    0.030811854263  0.000000000000  0.013162487884  0.006037046206  0.003009223527  0.001001022041  0.003006859810  0.004013000843  0.004013000843  0.004013000843  0.010085366466  0.004013000843  0.004013000843  0.004013000843  0.004013000843  0.010085366466  0.010085366466  0.004013000843  
galgal4    0.044740869698  0.013162487884  0.000000000000  0.007043882374  0.016250689144  0.014189726726  0.016235850484  0.017268480685  0.017268480685  0.017268480685  0.023489285361  0.017268480685  0.017268480685  0.017268480685  0.017268480685  0.023489285361  0.023489285361  0.017268480685  
pavo_cristatus 0.037209598811  0.006037046206  0.007043882374  0.000000000000  0.009083699382  0.007050493439  0.009074938160  0.010093632586  0.010093632586  0.010093632586  0.016235850484  0.010093632586  0.010093632586  0.010093632586  0.010093632586  0.016235850484  0.016235850484  0.010093632586  
lophophorus_impejanus 0.034000282519  0.003009223527  0.016250689144  0.009083699382  0.000000000000  0.004016419845  0.006031503558  0.007043882374  0.007043882374  0.007043882374  0.013150956134  0.007043882374  0.007043882374  0.007043882374  0.007043882374  0.013150956134  0.013150956134  0.007043882374  
tragopan_blythii 0.031872359573  0.001001022041  0.014189726726  0.007050493439  0.004016419845  0.000000000000  0.004013000843  0.005021212579  0.005021212579  0.005021212579  0.011105099638  0.005021212579  0.005021212579  0.005021212579  0.005021212579  0.011105099638  0.011105099638  0.005021212579  
perdix_dauuricae 0.033972449089  0.003006859810  0.016235850484  0.009074938160  0.006031503558  0.004013000843  0.000000000000  0.007038841371  0.007038841371  0.007038841371  0.013141011171  0.007038841371  0.007038841371  0.007038841371  0.007038841371  0.013141011171  0.013141011171  0.007038841371  
syrmaticus_reevesii 0.028721322257  0.004013000843  0.017268480685  0.010093632586  0.007043882374  0.005021212579  0.007038841371  0.000000000000  0.000000000000  0.000000000000  0.006031503558  0.000000000000  0.000000000000  0.000000000000  0.000000000000  0.006031503558  0.006031503558  0.000000000000  
crossoptilon_crossoptilon 0.028721322257  0.004013000843  0.017268480685  0.010093632586  0.007043882374  0.005021212579  0.007038841371  0.000000000000  0.000000000000  0.000000000000  0.006031503558  0.000000000000  0.000000000000  0.000000000000  0.000000000000  0.006031503558  0.006031503558  0.000000000000  
phasianus_colchicus 0.028721322257  0.004013000843  0.017268480685  0.010093632586  0.007043882374  0.005021212579  0.007038841371  0.000000000000  0.000000000000  0.000000000000  0.006031503558  0.000000000000  0.000000000000  0.000000000000  0.000000000000  0.006031503558  0.006031503558  0.000000000000  
lophura_inornata 0.035067720230  0.010085366466  0.023489285361  0.016235850484  0.013150956134  0.011105099638  0.013141011171  0.006031503558  0.006031503558  0.006031503558  0.000000000000  0.006031503558  0.006031503558  0.006031503558  0.006031503558  0.011105099638  0.011105099638  0.006031503558  
syrmaticus_ellioti 0.028721322257  0.004013000843  0.017268480685  0.010093632586  0.007043882374  0.005021212579  0.007038841371  0.000000000000  0.000000000000  0.000000000000  0.006031503558  0.000000000000  0.000000000000  0.000000000000  0.000000000000  0.006031503558  0.006031503558  0.000000000000  
chrysolophus_pictus 0.028721322257  0.004013000843  0.017268480685  0.010093632586  0.007043882374  0.005021212579  0.007038841371  0.000000000000  0.000000000000  0.000000000000  0.006031503558  0.000000000000  0.000000000000  0.000000000000  0.000000000000  0.006031503558  0.006031503558  0.000000000000  
lophura_swinhoii 0.028721322257  0.004013000843  0.017268480685  0.010093632586  0.007043882374  0.005021212579  0.007038841371  0.000000000000  0.000000000000  0.000000000000  0.006031503558  0.000000000000  0.000000000000  0.000000000000  0.000000000000  0.006031503558  0.006031503558  0.000000000000  
catreus_wallichi 0.028721322257  0.004013000843  0.017268480685  0.010093632586  0.007043882374  0.005021212579  0.007038841371  0.000000000000  0.000000000000  0.000000000000  0.006031503558  0.000000000000  0.000000000000  0.000000000000  0.000000000000  0.006031503558  0.006031503558  0.000000000000  
lophura_nycthemera 0.035067720230  0.010085366466  0.023489285361  0.016235850484  0.013150956134  0.011105099638  0.013141011171  0.006031503558  0.006031503558  0.006031503558  0.011105099638  0.006031503558  0.006031503558  0.006031503558  0.006031503558  0.000000000000  0.000000000000  0.006031503558  
rollulus_rouloul 0.035067720230  0.010085366466  0.023489285361  0.016235850484  0.013150956134  0.011105099638  0.013141011171  0.006031503558  0.006031503558  0.006031503558  0.011105099638  0.006031503558  0.006031503558  0.006031503558  0.006031503558  0.000000000000  0.000000000000  0.006031503558  
alectoris_rufa 0.028721322257  0.004013000843  0.017268480685  0.010093632586  0.007043882374  0.005021212579  0.007038841371  0.000000000000  0.000000000000  0.000000000000  0.006031503558  0.000000000000  0.000000000000  0.000000000000  0.000000000000  0.006031503558  0.006031503558  0.000000000000  

