18
pavo_cristatus 0.000000000000  0.004011374157  0.004011374157  0.004011374157  0.024533287040  0.010088109626  0.016229944507  0.010088109626  0.014183274059  0.010088109626  0.010088109626  0.010088109626  0.010088109626  0.010088109626  0.012113774143  0.008053805583  0.010097057787  0.013156139328  
syrmaticus_ellioti 0.004011374157  0.000000000000  0.000000000000  0.000000000000  0.020393580736  0.006038552797  0.013168623289  0.006038552797  0.010107708047  0.006038552797  0.006038552797  0.006038552797  0.006038552797  0.006038552797  0.012113774143  0.008053805583  0.010097057787  0.017248823582  
tragopan_blythii 0.004011374157  0.000000000000  0.000000000000  0.000000000000  0.020393580736  0.006038552797  0.013168623289  0.006038552797  0.010107708047  0.006038552797  0.006038552797  0.006038552797  0.006038552797  0.006038552797  0.012113774143  0.008053805583  0.010097057787  0.017248823582  
lophophorus_impejanus 0.004011374157  0.000000000000  0.000000000000  0.000000000000  0.020393580736  0.006038552797  0.013168623289  0.006038552797  0.010107708047  0.006038552797  0.006038552797  0.006038552797  0.006038552797  0.006038552797  0.012113774143  0.008053805583  0.010097057787  0.017248823582  
melgal2    0.024533287040  0.020393580736  0.020393580736  0.020393580736  0.000000000000  0.014183274059  0.021416234394  0.014183274059  0.016244289312  0.014183274059  0.014183274059  0.014183274059  0.014183274059  0.014183274059  0.031875174170  0.028746996834  0.030897975794  0.034067717272  
phasianus_colchicus 0.010088109626  0.006038552797  0.006038552797  0.006038552797  0.014183274059  0.000000000000  0.007045397737  0.000000000000  0.004017085697  0.000000000000  0.000000000000  0.000000000000  0.000000000000  0.000000000000  0.018282587454  0.014183274059  0.016260355627  0.021397565817  
perdix_dauuricae 0.016229944507  0.013168623289  0.013168623289  0.013168623289  0.021416234394  0.007045397737  0.000000000000  0.007045397737  0.011118688435  0.007045397737  0.007045397737  0.007045397737  0.007045397737  0.007045397737  0.024512675061  0.020374396750  0.022482017992  0.027665682753  
lophura_inornata 0.010088109626  0.006038552797  0.006038552797  0.006038552797  0.014183274059  0.000000000000  0.007045397737  0.000000000000  0.004017085697  0.000000000000  0.000000000000  0.000000000000  0.000000000000  0.000000000000  0.018282587454  0.014183274059  0.016260355627  0.021397565817  
catreus_wallichi 0.014183274059  0.010107708047  0.010107708047  0.010107708047  0.016244289312  0.004017085697  0.011118688435  0.004017085697  0.000000000000  0.004017085697  0.004017085697  0.004017085697  0.004017085697  0.004017085697  0.022440487843  0.018314364868  0.020414497545  0.025583184880  
syrmaticus_reevesii 0.010088109626  0.006038552797  0.006038552797  0.006038552797  0.014183274059  0.000000000000  0.007045397737  0.000000000000  0.004017085697  0.000000000000  0.000000000000  0.000000000000  0.000000000000  0.000000000000  0.018282587454  0.014183274059  0.016260355627  0.021397565817  
crossoptilon_crossoptilon 0.010088109626  0.006038552797  0.006038552797  0.006038552797  0.014183274059  0.000000000000  0.007045397737  0.000000000000  0.004017085697  0.000000000000  0.000000000000  0.000000000000  0.000000000000  0.000000000000  0.018282587454  0.014183274059  0.016260355627  0.021397565817  
lophura_nycthemera 0.010088109626  0.006038552797  0.006038552797  0.006038552797  0.014183274059  0.000000000000  0.007045397737  0.000000000000  0.004017085697  0.000000000000  0.000000000000  0.000000000000  0.000000000000  0.000000000000  0.018282587454  0.014183274059  0.016260355627  0.021397565817  
chrysolophus_pictus 0.010088109626  0.006038552797  0.006038552797  0.006038552797  0.014183274059  0.000000000000  0.007045397737  0.000000000000  0.004017085697  0.000000000000  0.000000000000  0.000000000000  0.000000000000  0.000000000000  0.018282587454  0.014183274059  0.016260355627  0.021397565817  
lophura_swinhoii 0.010088109626  0.006038552797  0.006038552797  0.006038552797  0.014183274059  0.000000000000  0.007045397737  0.000000000000  0.004017085697  0.000000000000  0.000000000000  0.000000000000  0.000000000000  0.000000000000  0.018282587454  0.014183274059  0.016260355627  0.021397565817  
rollulus_rouloul 0.012113774143  0.012113774143  0.012113774143  0.012113774143  0.031875174170  0.018282587454  0.024512675061  0.018282587454  0.022440487843  0.018282587454  0.018282587454  0.018282587454  0.018282587454  0.018282587454  0.000000000000  0.016217324172  0.018297611126  0.024493816265  
galgal4    0.008053805583  0.008053805583  0.008053805583  0.008053805583  0.028746996834  0.014183274059  0.020374396750  0.014183274059  0.018314364868  0.014183274059  0.014183274059  0.014183274059  0.014183274059  0.014183274059  0.016217324172  0.000000000000  0.014196946919  0.021397565817  
cyrtonyx_montezumae 0.010097057787  0.010097057787  0.010097057787  0.010097057787  0.030897975794  0.016260355627  0.022482017992  0.016260355627  0.020414497545  0.016260355627  0.016260355627  0.016260355627  0.016260355627  0.016260355627  0.018297611126  0.014196946919  0.000000000000  0.023506850345  
alectoris_rufa 0.013156139328  0.017248823582  0.017248823582  0.017248823582  0.034067717272  0.021397565817  0.027665682753  0.021397565817  0.025583184880  0.021397565817  0.021397565817  0.021397565817  0.021397565817  0.021397565817  0.024493816265  0.021397565817  0.023506850345  0.000000000000  

