18
cyrtonyx_montezumae 0.000000000000  0.045549820119  0.078520566835  0.044424640347  0.055300400004  0.058539627070  0.055300400004  0.055300400004  0.050950714789  0.066290207508  0.054234938691  0.060753472056  0.048773244408  0.052012574620  0.047662416988  0.049832729543  0.048773244408  0.054087492308  
pavo_cristatus 0.045549820119  0.000000000000  0.034931348834  0.016209059682  0.023464832440  0.031838150506  0.025557544467  0.025557544467  0.021397615243  0.037136537605  0.024530107239  0.032852219814  0.019320217755  0.023464832440  0.018271335947  0.024510085422  0.022405558901  0.026567511940  
rollulus_rouloul 0.078520566835  0.034931348834  0.000000000000  0.050981666345  0.058687533654  0.067545609233  0.060911366188  0.060911366188  0.056512387446  0.072022971722  0.059840711713  0.068580635660  0.054305840738  0.058687533654  0.053171160964  0.057579343013  0.055334527424  0.060911366188  
tragopan_blythii 0.044424640347  0.016209059682  0.050981666345  0.000000000000  0.019305696550  0.025520067961  0.019305696550  0.019305696550  0.015191328917  0.030757595141  0.018284770779  0.026534228627  0.013139694677  0.018271335947  0.012110038812  0.018271335947  0.024459602504  0.028600015732  
syrmaticus_reevesii 0.055300400004  0.023464832440  0.058687533654  0.019305696550  0.000000000000  0.019305696550  0.013149331718  0.013149331718  0.008057705337  0.023447512703  0.011113101419  0.021352259603  0.006031174959  0.011104024391  0.017239126634  0.027659118130  0.033936817795  0.038127563975  
lophura_nycthemera 0.058539627070  0.031838150506  0.067545609233  0.025520067961  0.019305696550  0.000000000000  0.006027331789  0.006027331789  0.015191328917  0.027598608705  0.018284770779  0.028631301720  0.013139694677  0.017239126634  0.023431788728  0.031838150506  0.037083787449  0.043443861940  
lophura_inornata 0.055300400004  0.025557544467  0.060911366188  0.019305696550  0.013149331718  0.006027331789  0.000000000000  0.000000000000  0.009074082103  0.021365788056  0.012135761177  0.022390934988  0.007043405780  0.012125624430  0.017239126634  0.025557544467  0.031815074774  0.038127563975  
lophura_swinhoii 0.055300400004  0.025557544467  0.060911366188  0.019305696550  0.013149331718  0.006027331789  0.000000000000  0.000000000000  0.009074082103  0.021365788056  0.012135761177  0.022390934988  0.007043405780  0.012125624430  0.017239126634  0.025557544467  0.031815074774  0.038127563975  
catreus_wallichi 0.050950714789  0.021397615243  0.056512387446  0.015191328917  0.008057705337  0.015191328917  0.009074082103  0.009074082103  0.000000000000  0.015181126216  0.003009103875  0.017228352561  0.002004040712  0.007043405780  0.013139694677  0.023483744871  0.029723173482  0.033890975989  
crossoptilon_crossoptilon 0.066290207508  0.037136537605  0.072022971722  0.030757595141  0.023447512703  0.027598608705  0.021365788056  0.021365788056  0.015181126216  0.000000000000  0.018271335947  0.032831253747  0.017239126634  0.022405558901  0.028649371617  0.037136537605  0.045666435611  0.047744459194  
chrysolophus_pictus 0.054234938691  0.024530107239  0.059840711713  0.018284770779  0.011113101419  0.018284770779  0.012135761177  0.012135761177  0.003009103875  0.018271335947  0.000000000000  0.020328191042  0.005025357033  0.010092544605  0.016220335290  0.026629473595  0.030779535367  0.037083787449  
phasianus_colchicus 0.060753472056  0.032852219814  0.068580635660  0.026534228627  0.021352259603  0.028631301720  0.022390934988  0.022390934988  0.017228352561  0.032831253747  0.020328191042  0.000000000000  0.015172497934  0.020315753476  0.024445979334  0.034976217473  0.040244112511  0.044470548646  
syrmaticus_ellioti 0.048773244408  0.019320217755  0.054305840738  0.013139694677  0.006031174959  0.013139694677  0.007043405780  0.007043405780  0.002004040712  0.017239126634  0.005025357033  0.015172497934  0.000000000000  0.005021004454  0.011096506767  0.021397615243  0.027617171250  0.031773789469  
perdix_dauuricae 0.052012574620  0.023464832440  0.058687533654  0.018271335947  0.011104024391  0.017239126634  0.012125624430  0.012125624430  0.007043405780  0.022405558901  0.010092544605  0.020315753476  0.005021004454  0.000000000000  0.016209059682  0.026607218906  0.032874812438  0.037059870175  
lophophorus_impejanus 0.047662416988  0.018271335947  0.053171160964  0.012110038812  0.017239126634  0.023431788728  0.017239126634  0.017239126634  0.013139694677  0.028649371617  0.016220335290  0.024445979334  0.011096506767  0.016209059682  0.000000000000  0.020342217430  0.026550065779  0.030701498428  
melgal2    0.049832729543  0.024510085422  0.057579343013  0.018271335947  0.027659118130  0.031838150506  0.025557544467  0.025557544467  0.023483744871  0.037136537605  0.026629473595  0.034976217473  0.021397615243  0.026607218906  0.020342217430  0.000000000000  0.031815074774  0.037059870175  
galgal4    0.048773244408  0.022405558901  0.055334527424  0.024459602504  0.033936817795  0.037083787449  0.031815074774  0.031815074774  0.029723173482  0.045666435611  0.030779535367  0.040244112511  0.027617171250  0.032874812438  0.026550065779  0.031815074774  0.000000000000  0.035973343912  
alectoris_rufa 0.054087492308  0.026567511940  0.060911366188  0.028600015732  0.038127563975  0.043443861940  0.038127563975  0.038127563975  0.033890975989  0.047744459194  0.037083787449  0.044470548646  0.031773789469  0.037059870175  0.030701498428  0.037059870175  0.035973343912  0.000000000000  

