18
galgal4    0.000000000000  0.016192817213  0.009058205846  0.015154175483  0.015154175483  0.023372788158  0.020275360009  0.020278542940  0.015154175483  0.015154175483  0.021305654820  0.015154175483  0.015154175483  0.014134960483  0.013115320663  0.002002784868  0.011083657306  0.009062264798  
cyrtonyx_montezumae 0.016192817213  0.000000000000  0.021332676448  0.027524073027  0.027524073027  0.035898030615  0.032734023670  0.032744177789  0.027524073027  0.027524073027  0.033786416669  0.027524073027  0.027524073027  0.026489986781  0.025448708274  0.014149037494  0.022350600442  0.021343520066  
tragopan_blythii 0.009058205846  0.021332676448  0.000000000000  0.012105339266  0.012105339266  0.020297913707  0.017206715562  0.017213095364  0.012105339266  0.012105339266  0.018234942467  0.012105339266  0.012105339266  0.011091318707  0.010073704284  0.007035431047  0.016180648959  0.014149037494  
lophura_nycthemera 0.015154175483  0.027524073027  0.012105339266  0.000000000000  0.000000000000  0.010070157721  0.005016974287  0.005018331040  0.000000000000  0.000000000000  0.006025159873  0.000000000000  0.000000000000  0.005016974287  0.016176993590  0.013115320663  0.022334360484  0.020283364950  
lophura_swinhoii 0.015154175483  0.027524073027  0.012105339266  0.000000000000  0.000000000000  0.010070157721  0.005016974287  0.005018331040  0.000000000000  0.000000000000  0.006025159873  0.000000000000  0.000000000000  0.005016974287  0.016176993590  0.013115320663  0.022334360484  0.020283364950  
perdix_dauuricae 0.023372788158  0.035898030615  0.020297913707  0.010070157721  0.010070157721  0.000000000000  0.015156733600  0.015160909556  0.010070157721  0.010070157721  0.016180648959  0.010070157721  0.010070157721  0.015156733600  0.024409645202  0.021309951112  0.030636016750  0.028568666370  
syrmaticus_reevesii 0.020275360009  0.032734023670  0.017206715562  0.005016974287  0.005016974287  0.015156733600  0.000000000000  0.006025159873  0.005016974287  0.005016974287  0.011083657306  0.005016974287  0.005016974287  0.010068208171  0.021305654820  0.018222238483  0.027505809337  0.025441565486  
crossoptilon_crossoptilon 0.020278542940  0.032744177789  0.017213095364  0.005018331040  0.005018331040  0.015160909556  0.006025159873  0.000000000000  0.005018331040  0.005018331040  0.011086688347  0.005018331040  0.005018331040  0.010070157721  0.021309951112  0.018224843025  0.027510229416  0.025448708274  
chrysolophus_pictus 0.015154175483  0.027524073027  0.012105339266  0.000000000000  0.000000000000  0.010070157721  0.005016974287  0.005018331040  0.000000000000  0.000000000000  0.006025159873  0.000000000000  0.000000000000  0.005016974287  0.016176993590  0.013115320663  0.022334360484  0.020283364950  
phasianus_colchicus 0.015154175483  0.027524073027  0.012105339266  0.000000000000  0.000000000000  0.010070157721  0.005016974287  0.005018331040  0.000000000000  0.000000000000  0.006025159873  0.000000000000  0.000000000000  0.005016974287  0.016176993590  0.013115320663  0.022334360484  0.020283364950  
syrmaticus_ellioti 0.021305654820  0.033786416669  0.018234942467  0.006025159873  0.006025159873  0.016180648959  0.011083657306  0.011086688347  0.006025159873  0.006025159873  0.000000000000  0.006025159873  0.006025159873  0.011083657306  0.022338127793  0.019249308445  0.028546984175  0.026481709232  
catreus_wallichi 0.015154175483  0.027524073027  0.012105339266  0.000000000000  0.000000000000  0.010070157721  0.005016974287  0.005018331040  0.000000000000  0.000000000000  0.006025159873  0.000000000000  0.000000000000  0.005016974287  0.016176993590  0.013115320663  0.022334360484  0.020283364950  
lophura_inornata 0.015154175483  0.027524073027  0.012105339266  0.000000000000  0.000000000000  0.010070157721  0.005016974287  0.005018331040  0.000000000000  0.000000000000  0.006025159873  0.000000000000  0.000000000000  0.005016974287  0.016176993590  0.013115320663  0.022334360484  0.020283364950  
lophophorus_impejanus 0.014134960483  0.026489986781  0.011091318707  0.005016974287  0.005016974287  0.015156733600  0.010068208171  0.010070157721  0.005016974287  0.005016974287  0.011083657306  0.005016974287  0.005016974287  0.000000000000  0.015156733600  0.012098709859  0.021305654820  0.019258363870  
melgal2    0.013115320663  0.025448708274  0.010073704284  0.016176993590  0.016176993590  0.024409645202  0.021305654820  0.021309951112  0.016176993590  0.016176993590  0.022338127793  0.016176993590  0.016176993590  0.015156733600  0.000000000000  0.011082228635  0.020275360009  0.018229078725  
pavo_cristatus 0.002002784868  0.014149037494  0.007035431047  0.013115320663  0.013115320663  0.021309951112  0.018222238483  0.018224843025  0.013115320663  0.013115320663  0.019249308445  0.013115320663  0.013115320663  0.012098709859  0.011082228635  0.000000000000  0.009055738580  0.007038924348  
rollulus_rouloul 0.011083657306  0.022350600442  0.016180648959  0.022334360484  0.022334360484  0.030636016750  0.027505809337  0.027510229416  0.022334360484  0.022334360484  0.028546984175  0.022334360484  0.022334360484  0.021305654820  0.020275360009  0.009055738580  0.000000000000  0.012105339266  
alectoris_rufa 0.009062264798  0.021343520066  0.014149037494  0.020283364950  0.020283364950  0.028568666370  0.025441565486  0.025448708274  0.020283364950  0.020283364950  0.026481709232  0.020283364950  0.020283364950  0.019258363870  0.018229078725  0.007038924348  0.012105339266  0.000000000000  

