18
cyrtonyx_montezumae 0.000000000000  0.037071846908  0.037008007692  0.027587983846  0.043488627025  0.045594029998  0.055326105254  0.045594029998  0.043433345797  0.050972261827  0.048853068347  0.043433345797  0.048792416233  0.048821872892  0.056329397734  0.056393553444  0.044512494176  0.057570731990  
galgal4    0.037071846908  0.000000000000  0.007033450661  0.009067901403  0.024497676183  0.028656919113  0.037071846908  0.028656919113  0.026556272767  0.033901075180  0.031824910795  0.026556272767  0.033901075180  0.029690838731  0.039140417408  0.037048866992  0.025509324843  0.034963905288  
pavo_cristatus 0.037008007692  0.007033450661  0.000000000000  0.009055977058  0.023409217368  0.028606013129  0.038073049866  0.028606013129  0.026512265081  0.033842779777  0.031763545430  0.026512265081  0.033842779777  0.029641484865  0.039084820420  0.036990134778  0.025468744206  0.035963677044  
melgal2    0.027587983846  0.009067901403  0.009055977058  0.000000000000  0.015193668024  0.019296059549  0.028638280610  0.019296059549  0.017230811518  0.024464614259  0.022410383307  0.017230811518  0.024464614259  0.020319138726  0.029641484865  0.027572166302  0.016201450114  0.028656919113  
rollulus_rouloul 0.043488627025  0.024497676183  0.023409217368  0.015193668024  0.000000000000  0.032910470060  0.042469126891  0.032910470060  0.030789264526  0.039267254208  0.036109636330  0.030789264526  0.038193897021  0.033948368334  0.043460127166  0.041360383217  0.029732103302  0.044601656053  
lophura_nycthemera 0.045594029998  0.028656919113  0.028606013129  0.019296059549  0.032910470060  0.000000000000  0.009062318477  0.000000000000  0.002004102299  0.010085549329  0.007050599656  0.002004102299  0.009067901403  0.015219568828  0.024480319024  0.020346429869  0.009083875939  0.044540494606  
syrmaticus_reevesii 0.055326105254  0.037071846908  0.038073049866  0.028638280610  0.042469126891  0.009062318477  0.000000000000  0.009062318477  0.011097569226  0.017230811518  0.016223077834  0.011097569226  0.018262344935  0.024516682609  0.033901075180  0.029710636927  0.018288423289  0.054260364118  
lophura_inornata 0.045594029998  0.028656919113  0.028606013129  0.019296059549  0.032910470060  0.000000000000  0.009062318477  0.000000000000  0.002004102299  0.010085549329  0.007050599656  0.002004102299  0.009067901403  0.015219568828  0.024480319024  0.020346429869  0.009083875939  0.044540494606  
crossoptilon_crossoptilon 0.043433345797  0.026556272767  0.026512265081  0.017230811518  0.030789264526  0.002004102299  0.011097569226  0.002004102299  0.000000000000  0.008052367468  0.005025745110  0.000000000000  0.007038938759  0.013162815679  0.022395301436  0.018274568413  0.007050599656  0.042382142020  
chrysolophus_pictus 0.050972261827  0.033901075180  0.033842779777  0.024464614259  0.039267254208  0.010085549329  0.017230811518  0.010085549329  0.008052367468  0.000000000000  0.007038938759  0.008052367468  0.015183147698  0.021402894741  0.030745667968  0.026574267346  0.015205809436  0.049911821469  
lophura_swinhoii 0.048853068347  0.031824910795  0.031763545430  0.022410383307  0.036109636330  0.007050599656  0.016223077834  0.007050599656  0.005025745110  0.007038938759  0.000000000000  0.005025745110  0.012127222483  0.018321014820  0.027624614504  0.023470779601  0.012149735247  0.047795996565  
catreus_wallichi 0.043433345797  0.026556272767  0.026512265081  0.017230811518  0.030789264526  0.002004102299  0.011097569226  0.002004102299  0.000000000000  0.008052367468  0.005025745110  0.000000000000  0.007038938759  0.013162815679  0.022395301436  0.018274568413  0.007050599656  0.042382142020  
phasianus_colchicus 0.048792416233  0.033901075180  0.033842779777  0.024464614259  0.038193897021  0.009067901403  0.018262344935  0.009067901403  0.007038938759  0.015183147698  0.012127222483  0.007038938759  0.000000000000  0.020362531396  0.029690838731  0.025526172064  0.014177458154  0.049911821469  
tragopan_blythii 0.048821872892  0.029690838731  0.029641484865  0.020319138726  0.033948368334  0.015219568828  0.024516682609  0.015219568828  0.013162815679  0.021402894741  0.018321014820  0.013162815679  0.020362531396  0.000000000000  0.021343811431  0.021370069402  0.010093820192  0.047764306390  
perdix_dauuricae 0.056329397734  0.039140417408  0.039084820420  0.029641484865  0.043460127166  0.024480319024  0.033901075180  0.024480319024  0.022395301436  0.030745667968  0.027624614504  0.022395301436  0.029690838731  0.021343811431  0.000000000000  0.030708767019  0.019284354508  0.057462714713  
syrmaticus_ellioti 0.056393553444  0.037048866992  0.036990134778  0.027572166302  0.041360383217  0.020346429869  0.029710636927  0.020346429869  0.018274568413  0.026574267346  0.023470779601  0.018274568413  0.025526172064  0.021370069402  0.030708767019  0.000000000000  0.012111153314  0.053129171133  
lophophorus_impejanus 0.044512494176  0.025509324843  0.025468744206  0.016201450114  0.029732103302  0.009083875939  0.018288423289  0.009083875939  0.007050599656  0.015205809436  0.012149735247  0.007050599656  0.014177458154  0.010093820192  0.019284354508  0.012111153314  0.000000000000  0.043460127166  
alectoris_rufa 0.057570731990  0.034963905288  0.035963677044  0.028656919113  0.044601656053  0.044540494606  0.054260364118  0.044540494606  0.042382142020  0.049911821469  0.047795996565  0.042382142020  0.049911821469  0.047764306390  0.057462714713  0.053129171133  0.043460127166  0.000000000000  

