18
tragopan_blythii 0.000000000000  0.005026555140  0.021433989216  0.005026555140  0.005026555140  0.005026555140  0.005026555140  0.005026555140  0.005026555140  0.007052196239  0.006038293742  0.005026555140  0.005026555140  0.011129631586  0.010096481927  0.005026555140  0.005026555140  0.005026555140  
galgal4    0.005026555140  0.000000000000  0.016242885163  0.000000000000  0.000000000000  0.000000000000  0.000000000000  0.000000000000  0.000000000000  0.002004230824  0.001001056216  0.000000000000  0.000000000000  0.006038293742  0.005021782757  0.000000000000  0.000000000000  0.000000000000  
pavo_cristatus 0.021433989216  0.016242885163  0.000000000000  0.016242885163  0.016242885163  0.016242885163  0.016242885163  0.016242885163  0.016242885163  0.018312510417  0.017276568346  0.016242885163  0.016242885163  0.020391210859  0.021413898210  0.016242885163  0.016242885163  0.016242885163  
syrmaticus_reevesii 0.005026555140  0.000000000000  0.016242885163  0.000000000000  0.000000000000  0.000000000000  0.000000000000  0.000000000000  0.000000000000  0.002004230824  0.001001056216  0.000000000000  0.000000000000  0.006038293742  0.005021782757  0.000000000000  0.000000000000  0.000000000000  
phasianus_colchicus 0.005026555140  0.000000000000  0.016242885163  0.000000000000  0.000000000000  0.000000000000  0.000000000000  0.000000000000  0.000000000000  0.002004230824  0.001001056216  0.000000000000  0.000000000000  0.006038293742  0.005021782757  0.000000000000  0.000000000000  0.000000000000  
lophophorus_impejanus 0.005026555140  0.000000000000  0.016242885163  0.000000000000  0.000000000000  0.000000000000  0.000000000000  0.000000000000  0.000000000000  0.002004230824  0.001001056216  0.000000000000  0.000000000000  0.006038293742  0.005021782757  0.000000000000  0.000000000000  0.000000000000  
melgal2    0.005026555140  0.000000000000  0.016242885163  0.000000000000  0.000000000000  0.000000000000  0.000000000000  0.000000000000  0.000000000000  0.002004230824  0.001001056216  0.000000000000  0.000000000000  0.006038293742  0.005021782757  0.000000000000  0.000000000000  0.000000000000  
lophura_inornata 0.005026555140  0.000000000000  0.016242885163  0.000000000000  0.000000000000  0.000000000000  0.000000000000  0.000000000000  0.000000000000  0.002004230824  0.001001056216  0.000000000000  0.000000000000  0.006038293742  0.005021782757  0.000000000000  0.000000000000  0.000000000000  
syrmaticus_ellioti 0.005026555140  0.000000000000  0.016242885163  0.000000000000  0.000000000000  0.000000000000  0.000000000000  0.000000000000  0.000000000000  0.002004230824  0.001001056216  0.000000000000  0.000000000000  0.006038293742  0.005021782757  0.000000000000  0.000000000000  0.000000000000  
lophura_swinhoii 0.007052196239  0.002004230824  0.018312510417  0.002004230824  0.002004230824  0.002004230824  0.002004230824  0.002004230824  0.002004230824  0.000000000000  0.003009532810  0.002004230824  0.002004230824  0.008068271905  0.007045148222  0.002004230824  0.002004230824  0.002004230824  
catreus_wallichi 0.006038293742  0.001001056216  0.017276568346  0.001001056216  0.001001056216  0.001001056216  0.001001056216  0.001001056216  0.001001056216  0.003009532810  0.000000000000  0.001001056216  0.001001056216  0.007052196239  0.006032385972  0.001001056216  0.001001056216  0.001001056216  
crossoptilon_crossoptilon 0.005026555140  0.000000000000  0.016242885163  0.000000000000  0.000000000000  0.000000000000  0.000000000000  0.000000000000  0.000000000000  0.002004230824  0.001001056216  0.000000000000  0.000000000000  0.006038293742  0.005021782757  0.000000000000  0.000000000000  0.000000000000  
chrysolophus_pictus 0.005026555140  0.000000000000  0.016242885163  0.000000000000  0.000000000000  0.000000000000  0.000000000000  0.000000000000  0.000000000000  0.002004230824  0.001001056216  0.000000000000  0.000000000000  0.006038293742  0.005021782757  0.000000000000  0.000000000000  0.000000000000  
cyrtonyx_montezumae 0.011129631586  0.006038293742  0.020391210859  0.006038293742  0.006038293742  0.006038293742  0.006038293742  0.006038293742  0.006038293742  0.008068271905  0.007052196239  0.006038293742  0.006038293742  0.000000000000  0.011117973362  0.006038293742  0.006038293742  0.006038293742  
rollulus_rouloul 0.010096481927  0.005021782757  0.021413898210  0.005021782757  0.005021782757  0.005021782757  0.005021782757  0.005021782757  0.005021782757  0.007045148222  0.006032385972  0.005021782757  0.005021782757  0.011117973362  0.000000000000  0.005021782757  0.005021782757  0.005021782757  
lophura_nycthemera 0.005026555140  0.000000000000  0.016242885163  0.000000000000  0.000000000000  0.000000000000  0.000000000000  0.000000000000  0.000000000000  0.002004230824  0.001001056216  0.000000000000  0.000000000000  0.006038293742  0.005021782757  0.000000000000  0.000000000000  0.000000000000  
perdix_dauuricae 0.005026555140  0.000000000000  0.016242885163  0.000000000000  0.000000000000  0.000000000000  0.000000000000  0.000000000000  0.000000000000  0.002004230824  0.001001056216  0.000000000000  0.000000000000  0.006038293742  0.005021782757  0.000000000000  0.000000000000  0.000000000000  
alectoris_rufa 0.005026555140  0.000000000000  0.016242885163  0.000000000000  0.000000000000  0.000000000000  0.000000000000  0.000000000000  0.000000000000  0.002004230824  0.001001056216  0.000000000000  0.000000000000  0.006038293742  0.005021782757  0.000000000000  0.000000000000  0.000000000000  

