18
cyrtonyx_montezumae 0.000000000000  0.010089154735  0.032896535134  0.027650599423  0.031886021005  0.031834232971  0.028705833515  0.031811068533  0.028682938036  0.027650599423  0.029763474460  0.042497201349  0.025568145196  0.025568145196  0.031834232971  0.030823533263  0.032922831447  0.028730534424  
rollulus_rouloul 0.010089154735  0.000000000000  0.033961276538  0.028705833515  0.032950948842  0.032896535134  0.029763474460  0.032872062708  0.029739282440  0.028705833515  0.030823533263  0.043581674096  0.026619880406  0.026619880406  0.032896535134  0.031886021005  0.033988890101  0.028730534424  
catreus_wallichi 0.032896535134  0.033961276538  0.000000000000  0.006028497345  0.010089154735  0.010075865008  0.007040332862  0.010071837197  0.007036408112  0.006028497345  0.008054381122  0.020330443876  0.008049264447  0.008049264447  0.014146706368  0.016198803156  0.019282590348  0.022394913275  
phasianus_colchicus 0.027650599423  0.028705833515  0.006028497345  0.000000000000  0.004017352378  0.004011426064  0.001001079835  0.004011046066  0.001000771854  0.000000000000  0.002004325571  0.014162681822  0.002002850910  0.002002850910  0.008045884876  0.010075865008  0.013129946107  0.016208357241  
lophura_nycthemera 0.031886021005  0.032950948842  0.010089154735  0.004017352378  0.000000000000  0.008054381122  0.005027152418  0.008049264447  0.005022147212  0.004017352378  0.006039156299  0.018285838246  0.006032963966  0.006032963966  0.012114771043  0.014162681822  0.017239052637  0.020344956472  
syrmaticus_ellioti 0.031834232971  0.032896535134  0.010075865008  0.004011426064  0.008054381122  0.000000000000  0.005018864937  0.008044245345  0.005017308492  0.004011426064  0.006028497345  0.018260021839  0.006025759327  0.006025759327  0.012103651092  0.014146706368  0.017219253521  0.020317711982  
chrysolophus_pictus 0.028705833515  0.029763474460  0.007040332862  0.001001079835  0.005027152418  0.005018864937  0.000000000000  0.005017308492  0.002002850910  0.001001079835  0.003009746601  0.015190038915  0.003007100197  0.003007100197  0.009059764092  0.011094197385  0.014153814060  0.017239052637  
crossoptilon_crossoptilon 0.031811068533  0.032872062708  0.010071837197  0.004011046066  0.008049264447  0.008044245345  0.005017308492  0.000000000000  0.005017480811  0.004011046066  0.006025759327  0.018249774277  0.006024752835  0.006024752835  0.012100725538  0.014141361686  0.017212014556  0.020306763701  
syrmaticus_reevesii 0.028682938036  0.029739282440  0.007036408112  0.001000771854  0.005022147212  0.005017308492  0.002002850910  0.005017480811  0.000000000000  0.001000771854  0.003007100197  0.015179947754  0.003006171215  0.003006171215  0.009056933033  0.011088967561  0.013124053523  0.017228267195  
lophura_swinhoii 0.027650599423  0.028705833515  0.006028497345  0.000000000000  0.004017352378  0.004011426064  0.001001079835  0.004011046066  0.001000771854  0.000000000000  0.002004325571  0.014162681822  0.002002850910  0.002002850910  0.008045884876  0.010075865008  0.013129946107  0.016208357241  
lophura_inornata 0.029763474460  0.030823533263  0.008054381122  0.002004325571  0.006039156299  0.006028497345  0.003009746601  0.006025759327  0.003007100197  0.002004325571  0.000000000000  0.016219677237  0.004013529138  0.004013529138  0.010075865008  0.012114771043  0.015179947754  0.018272044128  
perdix_dauuricae 0.042497201349  0.043581674096  0.020330443876  0.014162681822  0.018285838246  0.018260021839  0.015190038915  0.018249774277  0.015179947754  0.014162681822  0.016219677237  0.000000000000  0.016208357241  0.016208357241  0.022381464377  0.024465489467  0.027591203095  0.028642574682  
lophophorus_impejanus 0.025568145196  0.026619880406  0.008049264447  0.002002850910  0.006032963966  0.006025759327  0.003007100197  0.006024752835  0.003006171215  0.002002850910  0.004013529138  0.016208357241  0.000000000000  0.000000000000  0.006025759327  0.009064337998  0.011094197385  0.014162681822  
melgal2    0.025568145196  0.026619880406  0.008049264447  0.002002850910  0.006032963966  0.006025759327  0.003007100197  0.006024752835  0.003006171215  0.002002850910  0.004013529138  0.016208357241  0.000000000000  0.000000000000  0.006025759327  0.009064337998  0.011094197385  0.014162681822  
tragopan_blythii 0.031834232971  0.032896535134  0.014146706368  0.008045884876  0.012114771043  0.012103651092  0.009059764092  0.012100725538  0.009056933033  0.008045884876  0.010075865008  0.022381464377  0.006025759327  0.006025759327  0.000000000000  0.015171619574  0.017219253521  0.020317711982  
galgal4    0.030823533263  0.031886021005  0.016198803156  0.010075865008  0.014162681822  0.014146706368  0.011094197385  0.014141361686  0.011088967561  0.010075865008  0.012114771043  0.024465489467  0.009064337998  0.009064337998  0.015171619574  0.000000000000  0.016208357241  0.019307341966  
pavo_cristatus 0.032922831447  0.033988890101  0.019282590348  0.013129946107  0.017239052637  0.017219253521  0.014153814060  0.017212014556  0.013124053523  0.013129946107  0.015179947754  0.027591203095  0.011094197385  0.011094197385  0.017219253521  0.016208357241  0.000000000000  0.021369131907  
alectoris_rufa 0.028730534424  0.028730534424  0.022394913275  0.016208357241  0.020344956472  0.020317711982  0.017239052637  0.020306763701  0.017228267195  0.016208357241  0.018272044128  0.028642574682  0.014162681822  0.014162681822  0.020317711982  0.019307341966  0.021369131907  0.000000000000  

