18
rollulus_rouloul 0.000000000000  0.004013055194  0.005018358180  0.012127566246  0.012127566246  0.012127566246  0.012127566246  0.012127566246  0.012127566246  0.018275176452  0.012127566246  0.012127566246  0.013133166064  0.012127566246  0.009075320956  0.012111245633  0.012118604841  0.005021308345  
lophophorus_impejanus 0.004013055194  0.000000000000  0.001000757293  0.008058650306  0.008058650306  0.008058650306  0.008058650306  0.008058650306  0.008058650306  0.014166800306  0.008058650306  0.008058650306  0.009062369604  0.008058650306  0.005025838525  0.008047870944  0.008052465691  0.001001027869  
galgal4    0.005018358180  0.001000757293  0.000000000000  0.009068049184  0.009068049184  0.009068049184  0.009068049184  0.009068049184  0.009068049184  0.015183461244  0.009068049184  0.009068049184  0.010073814106  0.009068049184  0.006031652776  0.009058285189  0.009062369604  0.002002788228  
syrmaticus_reevesii 0.012127566246  0.008058650306  0.009068049184  0.000000000000  0.000000000000  0.000000000000  0.000000000000  0.000000000000  0.000000000000  0.006027628936  0.000000000000  0.000000000000  0.005018358180  0.004016513864  0.013163356779  0.016211854153  0.016223644384  0.009075320956  
phasianus_colchicus 0.012127566246  0.008058650306  0.009068049184  0.000000000000  0.000000000000  0.000000000000  0.000000000000  0.000000000000  0.000000000000  0.006027628936  0.000000000000  0.000000000000  0.005018358180  0.004016513864  0.013163356779  0.016211854153  0.016223644384  0.009075320956  
lophura_swinhoii 0.012127566246  0.008058650306  0.009068049184  0.000000000000  0.000000000000  0.000000000000  0.000000000000  0.000000000000  0.000000000000  0.006027628936  0.000000000000  0.000000000000  0.005018358180  0.004016513864  0.013163356779  0.016211854153  0.016223644384  0.009075320956  
lophura_inornata 0.012127566246  0.008058650306  0.009068049184  0.000000000000  0.000000000000  0.000000000000  0.000000000000  0.000000000000  0.000000000000  0.006027628936  0.000000000000  0.000000000000  0.005018358180  0.004016513864  0.013163356779  0.016211854153  0.016223644384  0.009075320956  
crossoptilon_crossoptilon 0.012127566246  0.008058650306  0.009068049184  0.000000000000  0.000000000000  0.000000000000  0.000000000000  0.000000000000  0.000000000000  0.006027628936  0.000000000000  0.000000000000  0.005018358180  0.004016513864  0.013163356779  0.016211854153  0.016223644384  0.009075320956  
chrysolophus_pictus 0.012127566246  0.008058650306  0.009068049184  0.000000000000  0.000000000000  0.000000000000  0.000000000000  0.000000000000  0.000000000000  0.006027628936  0.000000000000  0.000000000000  0.005018358180  0.004016513864  0.013163356779  0.016211854153  0.016223644384  0.009075320956  
catreus_wallichi 0.018275176452  0.014166800306  0.015183461244  0.006027628936  0.006027628936  0.006027628936  0.006027628936  0.006027628936  0.006027628936  0.000000000000  0.006027628936  0.006027628936  0.011091464626  0.010085754509  0.019325287354  0.022395960633  0.022411277767  0.015194136706  
lophura_nycthemera 0.012127566246  0.008058650306  0.009068049184  0.000000000000  0.000000000000  0.000000000000  0.000000000000  0.000000000000  0.000000000000  0.006027628936  0.000000000000  0.000000000000  0.005018358180  0.004016513864  0.013163356779  0.016211854153  0.016223644384  0.009075320956  
syrmaticus_ellioti 0.012127566246  0.008058650306  0.009068049184  0.000000000000  0.000000000000  0.000000000000  0.000000000000  0.000000000000  0.000000000000  0.006027628936  0.000000000000  0.000000000000  0.005018358180  0.004016513864  0.013163356779  0.016211854153  0.016223644384  0.009075320956  
perdix_dauuricae 0.013133166064  0.009062369604  0.010073814106  0.005018358180  0.005018358180  0.005018358180  0.005018358180  0.005018358180  0.005018358180  0.011091464626  0.005018358180  0.005018358180  0.000000000000  0.005018358180  0.014166800306  0.017221457812  0.017231130249  0.010078985560  
melgal2    0.012127566246  0.008058650306  0.009068049184  0.004016513864  0.004016513864  0.004016513864  0.004016513864  0.004016513864  0.004016513864  0.010085754509  0.004016513864  0.004016513864  0.005018358180  0.000000000000  0.013163356779  0.016211854153  0.016223644384  0.009075320956  
cyrtonyx_montezumae 0.009075320956  0.005025838525  0.006031652776  0.013163356779  0.013163356779  0.013163356779  0.013163356779  0.013163356779  0.013163356779  0.019325287354  0.013163356779  0.013163356779  0.014166800306  0.013163356779  0.000000000000  0.011097727669  0.013151690597  0.006037258919  
pavo_cristatus 0.012111245633  0.008047870944  0.009058285189  0.016211854153  0.016211854153  0.016211854153  0.016211854153  0.016211854153  0.016211854153  0.022395960633  0.016211854153  0.016211854153  0.017221457812  0.016211854153  0.011097727669  0.000000000000  0.016201678654  0.009062369604  
tragopan_blythii 0.012118604841  0.008052465691  0.009062369604  0.016223644384  0.016223644384  0.016223644384  0.016223644384  0.016223644384  0.016223644384  0.022411277767  0.016223644384  0.016223644384  0.017231130249  0.016223644384  0.013151690597  0.016201678654  0.000000000000  0.009068049184  
alectoris_rufa 0.005021308345  0.001001027869  0.002002788228  0.009075320956  0.009075320956  0.009075320956  0.009075320956  0.009075320956  0.009075320956  0.015194136706  0.009075320956  0.009075320956  0.010078985560  0.009075320956  0.006037258919  0.009062369604  0.009068049184  0.000000000000  

