18
cyrtonyx_montezumae 0.000000000000  0.001001046526  0.009076543055  0.005021613213  0.004011265921  0.000000000000  0.001000761700  0.011098985484  0.006027946517  0.001000761700  0.001000761700  0.007035819975  0.005017104393  0.003006104408  0.001000761700  0.001000761700  0.001000761700  0.000000000000  
lophophorus_impejanus 0.001001046526  0.000000000000  0.008059584144  0.004013227926  0.003006104408  0.001001046526  0.002002811044  0.012120191520  0.007039483517  0.002002811044  0.002002811044  0.008048380931  0.006025397467  0.004011265921  0.002002811044  0.002002811044  0.002002811044  0.001001046526  
melgal2    0.009076543055  0.008059584144  0.000000000000  0.012129499001  0.011098985484  0.009076543055  0.010086990015  0.020352350404  0.015196953461  0.010086990015  0.010086990015  0.014159222914  0.014159222914  0.012120191520  0.010086990015  0.010086990015  0.010086990015  0.009076543055  
galgal4    0.005021613213  0.004013227926  0.012129499001  0.000000000000  0.007035819975  0.005021613213  0.006027946517  0.016214704178  0.011098985484  0.006027946517  0.006027946517  0.012112534713  0.010074564665  0.008048380931  0.006027946517  0.006027946517  0.006027946517  0.005021613213  
pavo_cristatus 0.004011265921  0.003006104408  0.011098985484  0.007035819975  0.000000000000  0.004011265921  0.005017104393  0.015176427210  0.010074564665  0.005017104393  0.005017104393  0.011087594735  0.009056208284  0.007033794604  0.005017104393  0.005017104393  0.005017104393  0.004011265921  
tragopan_blythii 0.000000000000  0.001001046526  0.009076543055  0.005021613213  0.004011265921  0.000000000000  0.001000761700  0.011098985484  0.006027946517  0.001000761700  0.001000761700  0.007035819975  0.005017104393  0.003006104408  0.001000761700  0.001000761700  0.001000761700  0.000000000000  
syrmaticus_reevesii 0.001000761700  0.002002811044  0.010086990015  0.006027946517  0.005017104393  0.001000761700  0.000000000000  0.010086990015  0.005021613213  0.000000000000  0.000000000000  0.006027946517  0.004011265921  0.002002811044  0.000000000000  0.000000000000  0.000000000000  0.001000761700  
perdix_dauuricae 0.011098985484  0.012120191520  0.020352350404  0.016214704178  0.015176427210  0.011098985484  0.010086990015  0.000000000000  0.005021613213  0.010086990015  0.010086990015  0.016214704178  0.014159222914  0.012120191520  0.010086990015  0.010086990015  0.010086990015  0.011098985484  
lophura_swinhoii 0.006027946517  0.007039483517  0.015196953461  0.011098985484  0.010074564665  0.006027946517  0.005021613213  0.005021613213  0.000000000000  0.005021613213  0.005021613213  0.011098985484  0.009063089406  0.007039483517  0.005021613213  0.005021613213  0.005021613213  0.006027946517  
syrmaticus_ellioti 0.001000761700  0.002002811044  0.010086990015  0.006027946517  0.005017104393  0.001000761700  0.000000000000  0.010086990015  0.005021613213  0.000000000000  0.000000000000  0.006027946517  0.004011265921  0.002002811044  0.000000000000  0.000000000000  0.000000000000  0.001000761700  
catreus_wallichi 0.001000761700  0.002002811044  0.010086990015  0.006027946517  0.005017104393  0.001000761700  0.000000000000  0.010086990015  0.005021613213  0.000000000000  0.000000000000  0.006027946517  0.004011265921  0.002002811044  0.000000000000  0.000000000000  0.000000000000  0.001000761700  
chrysolophus_pictus 0.007035819975  0.008048380931  0.014159222914  0.012112534713  0.011087594735  0.007035819975  0.006027946517  0.016214704178  0.011098985484  0.006027946517  0.006027946517  0.000000000000  0.010074564665  0.008048380931  0.006027946517  0.006027946517  0.006027946517  0.007035819975  
crossoptilon_crossoptilon 0.005017104393  0.006025397467  0.014159222914  0.010074564665  0.009056208284  0.005017104393  0.004011265921  0.014159222914  0.009063089406  0.004011265921  0.004011265921  0.010074564665  0.000000000000  0.006025397467  0.004011265921  0.004011265921  0.004011265921  0.005017104393  
lophura_inornata 0.003006104408  0.004011265921  0.012120191520  0.008048380931  0.007033794604  0.003006104408  0.002002811044  0.012120191520  0.007039483517  0.002002811044  0.002002811044  0.008048380931  0.006025397467  0.000000000000  0.002002811044  0.002002811044  0.002002811044  0.003006104408  
phasianus_colchicus 0.001000761700  0.002002811044  0.010086990015  0.006027946517  0.005017104393  0.001000761700  0.000000000000  0.010086990015  0.005021613213  0.000000000000  0.000000000000  0.006027946517  0.004011265921  0.002002811044  0.000000000000  0.000000000000  0.000000000000  0.001000761700  
lophura_nycthemera 0.001000761700  0.002002811044  0.010086990015  0.006027946517  0.005017104393  0.001000761700  0.000000000000  0.010086990015  0.005021613213  0.000000000000  0.000000000000  0.006027946517  0.004011265921  0.002002811044  0.000000000000  0.000000000000  0.000000000000  0.001000761700  
rollulus_rouloul 0.001000761700  0.002002811044  0.010086990015  0.006027946517  0.005017104393  0.001000761700  0.000000000000  0.010086990015  0.005021613213  0.000000000000  0.000000000000  0.006027946517  0.004011265921  0.002002811044  0.000000000000  0.000000000000  0.000000000000  0.001000761700  
alectoris_rufa 0.000000000000  0.001001046526  0.009076543055  0.005021613213  0.004011265921  0.000000000000  0.001000761700  0.011098985484  0.006027946517  0.001000761700  0.001000761700  0.007035819975  0.005017104393  0.003006104408  0.001000761700  0.001000761700  0.001000761700  0.000000000000  

