18
melgal2    0.000000000000  0.013149965801  0.026588893885  0.028671579805  0.019306845250  0.019306845250  0.064186983536  0.022407024037  0.022407024037  0.019306845250  0.022423482896  0.019306845250  0.030832018009  0.018301177708  0.019321577754  0.014175916842  0.024493530620  0.014175916842  
syrmaticus_ellioti 0.013149965801  0.000000000000  0.013140187710  0.015181703196  0.006027399135  0.006027399135  0.054277155776  0.009061848705  0.009061848705  0.006027399135  0.009067352430  0.006027399135  0.017266626037  0.005025494495  0.006031302437  0.001001014258  0.013140187710  0.017266626037  
catreus_wallichi 0.026588893885  0.013140187710  0.000000000000  0.002002773354  0.007043592690  0.007043592690  0.055416580693  0.010084844662  0.010084844662  0.019293707609  0.022407024037  0.019293707609  0.029748710505  0.018285955830  0.019306845250  0.014165059050  0.026569555378  0.030806493471  
crossoptilon_crossoptilon 0.028671579805  0.015181703196  0.002002773354  0.000000000000  0.009067352430  0.009067352430  0.057588437713  0.012117439760  0.012117439760  0.021353324138  0.024476443913  0.021353324138  0.031841495278  0.020343539643  0.021367068667  0.016209761443  0.028651592781  0.032902673460  
syrmaticus_reevesii 0.019306845250  0.006027399135  0.007043592690  0.009067352430  0.000000000000  0.000000000000  0.047781217411  0.003006827656  0.003006827656  0.012110312666  0.015181703196  0.012110312666  0.023466750221  0.011104438492  0.012117439760  0.007038638233  0.019293707609  0.023466750221  
lophura_inornata 0.019306845250  0.006027399135  0.007043592690  0.009067352430  0.000000000000  0.000000000000  0.047781217411  0.003006827656  0.003006827656  0.012110312666  0.015181703196  0.012110312666  0.023466750221  0.011104438492  0.012117439760  0.007038638233  0.019293707609  0.023466750221  
galgal4    0.064186983536  0.054277155776  0.055416580693  0.057588437713  0.047781217411  0.047781217411  0.000000000000  0.051021113952  0.051021113952  0.060838367632  0.064186983536  0.060838367632  0.070953142059  0.059808363628  0.059766913853  0.055378450286  0.068639149577  0.068687435597  
lophura_swinhoii 0.022407024037  0.009061848705  0.010084844662  0.012117439760  0.003006827656  0.003006827656  0.051021113952  0.000000000000  0.000000000000  0.015172929390  0.018260283634  0.015172929390  0.026588893885  0.014165059050  0.015181703196  0.010078278957  0.022392170146  0.026588893885  
phasianus_colchicus 0.022407024037  0.009061848705  0.010084844662  0.012117439760  0.003006827656  0.003006827656  0.051021113952  0.000000000000  0.000000000000  0.015172929390  0.018260283634  0.015172929390  0.026588893885  0.014165059050  0.015181703196  0.010078278957  0.022392170146  0.026588893885  
pavo_cristatus 0.019306845250  0.006027399135  0.019293707609  0.021353324138  0.012110312666  0.012110312666  0.060838367632  0.015172929390  0.015172929390  0.000000000000  0.009083054967  0.006036762153  0.023466750221  0.011104438492  0.012117439760  0.007038638233  0.019293707609  0.023466750221  
lophophorus_impejanus 0.022423482896  0.009067352430  0.022407024037  0.024476443913  0.015181703196  0.015181703196  0.064186983536  0.018260283634  0.018260283634  0.009083054967  0.000000000000  0.003009153093  0.026609847000  0.014175916842  0.015192062612  0.010084844662  0.022407024037  0.026609847000  
tragopan_blythii 0.019306845250  0.006027399135  0.019293707609  0.021353324138  0.012110312666  0.012110312666  0.060838367632  0.015172929390  0.015172929390  0.006036762153  0.003009153093  0.000000000000  0.023466750221  0.011104438492  0.012117439760  0.007038638233  0.019293707609  0.023466750221  
cyrtonyx_montezumae 0.030832018009  0.017266626037  0.029748710505  0.031841495278  0.023466750221  0.023466750221  0.070953142059  0.026588893885  0.026588893885  0.023466750221  0.026609847000  0.023466750221  0.000000000000  0.012126142621  0.013140187710  0.018301177708  0.030806493471  0.035090613740  
chrysolophus_pictus 0.018301177708  0.005025494495  0.018285955830  0.020343539643  0.011104438492  0.011104438492  0.059808363628  0.014165059050  0.014165059050  0.011104438492  0.014175916842  0.011104438492  0.012126142621  0.000000000000  0.001000757142  0.006036762153  0.018285955830  0.022461203503  
lophura_nycthemera 0.019321577754  0.006031302437  0.019306845250  0.021367068667  0.012117439760  0.012117439760  0.059766913853  0.015181703196  0.015181703196  0.012117439760  0.015192062612  0.012117439760  0.013140187710  0.001000757142  0.000000000000  0.007043592690  0.019306845250  0.023485929867  
perdix_dauuricae 0.014175916842  0.001001014258  0.014165059050  0.016209761443  0.007038638233  0.007038638233  0.055378450286  0.010078278957  0.010078278957  0.007038638233  0.010084844662  0.007038638233  0.018301177708  0.006036762153  0.007043592690  0.000000000000  0.014165059050  0.018301177708  
rollulus_rouloul 0.024493530620  0.013140187710  0.026569555378  0.028651592781  0.019293707609  0.019293707609  0.068639149577  0.022392170146  0.022392170146  0.019293707609  0.022407024037  0.019293707609  0.030806493471  0.018285955830  0.019306845250  0.014165059050  0.000000000000  0.028693189343  
alectoris_rufa 0.014175916842  0.017266626037  0.030806493471  0.032902673460  0.023466750221  0.023466750221  0.068687435597  0.026588893885  0.026588893885  0.023466750221  0.026609847000  0.023466750221  0.035090613740  0.022461203503  0.023485929867  0.018301177708  0.028693189343  0.000000000000  

