18
lophura_nycthemera 0.000000000000  0.000000000000  0.000000000000  0.018251869958  0.006025185437  0.007035470668  0.007035470668  0.009054915411  0.009054915411  0.011091431556  0.007033553505  0.018235202649  0.008044860243  0.010078951854  0.026540374237  0.013121041802  0.006025185437  0.006025185437  
crossoptilon_crossoptilon 0.000000000000  0.000000000000  0.000000000000  0.018251869958  0.006025185437  0.007035470668  0.007035470668  0.009054915411  0.009054915411  0.011091431556  0.007033553505  0.018235202649  0.008044860243  0.010078951854  0.026540374237  0.013121041802  0.006025185437  0.006025185437  
lophura_swinhoii 0.000000000000  0.000000000000  0.000000000000  0.018251869958  0.006025185437  0.007035470668  0.007035470668  0.009054915411  0.009054915411  0.011091431556  0.007033553505  0.018235202649  0.008044860243  0.010078951854  0.026540374237  0.013121041802  0.006025185437  0.006025185437  
catreus_wallichi 0.018251869958  0.018251869958  0.018251869958  0.000000000000  0.024438123155  0.025480657620  0.025480657620  0.027534087181  0.027534087181  0.029656474860  0.025468511182  0.035928145885  0.026512133444  0.028621707497  0.045567677042  0.031730837095  0.024438123155  0.024438123155  
chrysolophus_pictus 0.006025185437  0.006025185437  0.006025185437  0.024438123155  0.000000000000  0.001001027228  0.001001027228  0.003006833701  0.003006833701  0.005021297470  0.001000757597  0.012105459787  0.002002787686  0.004016503520  0.020332443943  0.007035470668  0.000000000000  0.000000000000  
syrmaticus_reevesii 0.007035470668  0.007035470668  0.007035470668  0.025480657620  0.001001027228  0.000000000000  0.000000000000  0.004010875554  0.004010875554  0.006031635821  0.002002787686  0.013126270768  0.003006882005  0.005025822319  0.021370649801  0.008047854315  0.001001027228  0.001001027228  
phasianus_colchicus 0.007035470668  0.007035470668  0.007035470668  0.025480657620  0.001001027228  0.000000000000  0.000000000000  0.004010875554  0.004010875554  0.006031635821  0.002002787686  0.013126270768  0.003006882005  0.005025822319  0.021370649801  0.008047854315  0.001001027228  0.001001027228  
lophura_inornata 0.009054915411  0.009054915411  0.009054915411  0.027534087181  0.003006833701  0.004010875554  0.004010875554  0.000000000000  0.000000000000  0.008044860243  0.004012162487  0.015156888339  0.005017213254  0.007035470668  0.023409327828  0.010068271372  0.003006833701  0.003006833701  
rollulus_rouloul 0.009054915411  0.009054915411  0.009054915411  0.027534087181  0.003006833701  0.004010875554  0.004010875554  0.000000000000  0.000000000000  0.008044860243  0.004012162487  0.015156888339  0.005017213254  0.007035470668  0.023409327828  0.010068271372  0.003006833701  0.003006833701  
galgal4    0.011091431556  0.011091431556  0.011091431556  0.029656474860  0.005021297470  0.006031635821  0.006031635821  0.008044860243  0.008044860243  0.000000000000  0.006027618136  0.017221374397  0.007038978101  0.009075277698  0.025526994718  0.012111201750  0.005021297470  0.005021297470  
melgal2    0.007033553505  0.007033553505  0.007033553505  0.025468511182  0.001000757597  0.002002787686  0.002002787686  0.004012162487  0.004012162487  0.006027618136  0.000000000000  0.013121041802  0.003006068751  0.005021297470  0.021356493602  0.008044860243  0.001000757597  0.001000757597  
pavo_cristatus 0.018235202649  0.018235202649  0.018235202649  0.035928145885  0.012105459787  0.013126270768  0.013126270768  0.015156888339  0.015156888339  0.017221374397  0.013121041802  0.000000000000  0.014142895697  0.016201594309  0.030709112518  0.019265642949  0.012105459787  0.012105459787  
tragopan_blythii 0.008044860243  0.008044860243  0.008044860243  0.026512133444  0.002002787686  0.003006882005  0.003006882005  0.005017213254  0.005017213254  0.007038978101  0.003006068751  0.014142895697  0.000000000000  0.006031635821  0.022395778238  0.009058269647  0.002002787686  0.002002787686  
lophophorus_impejanus 0.010078951854  0.010078951854  0.010078951854  0.028621707497  0.004016503520  0.005025822319  0.005025822319  0.007035470668  0.007035470668  0.009075277698  0.005021297470  0.016201594309  0.006031635821  0.000000000000  0.024498602149  0.011097683381  0.004016503520  0.004016503520  
cyrtonyx_montezumae 0.026540374237  0.026540374237  0.026540374237  0.045567677042  0.020332443943  0.021370649801  0.021370649801  0.023409327828  0.023409327828  0.025526994718  0.021356493602  0.030709112518  0.022395778238  0.024498602149  0.000000000000  0.027588541983  0.020332443943  0.020332443943  
perdix_dauuricae 0.013121041802  0.013121041802  0.013121041802  0.031730837095  0.007035470668  0.008047854315  0.008047854315  0.010068271372  0.010068271372  0.012111201750  0.008044860243  0.019265642949  0.009058269647  0.011097683381  0.027588541983  0.000000000000  0.007035470668  0.007035470668  
syrmaticus_ellioti 0.006025185437  0.006025185437  0.006025185437  0.024438123155  0.000000000000  0.001001027228  0.001001027228  0.003006833701  0.003006833701  0.005021297470  0.001000757597  0.012105459787  0.002002787686  0.004016503520  0.020332443943  0.007035470668  0.000000000000  0.000000000000  
alectoris_rufa 0.006025185437  0.006025185437  0.006025185437  0.024438123155  0.000000000000  0.001001027228  0.001001027228  0.003006833701  0.003006833701  0.005021297470  0.001000757597  0.012105459787  0.002002787686  0.004016503520  0.020332443943  0.007035470668  0.000000000000  0.000000000000  

