18
cyrtonyx_montezumae 0.000000000000  0.010080326668  0.012141380880  0.008059952301  0.006032314118  0.010096282939  0.013167241245  0.012141380880  0.010096282939  0.013154950433  0.010096282939  0.010096282939  0.010096282939  0.011117731280  0.010096282939  0.013154950433  0.014181861896  0.005021731567  
rollulus_rouloul 0.010080326668  0.000000000000  0.012130254264  0.012130254264  0.010087469719  0.014181861896  0.017275984351  0.016242369162  0.014181861896  0.017260674771  0.014181861896  0.014181861896  0.014181861896  0.015210998252  0.014181861896  0.017260674771  0.018295357018  0.009069362452  
pavo_cristatus 0.012141380880  0.012130254264  0.000000000000  0.008068133984  0.008068133984  0.012154179998  0.015241947478  0.014210459813  0.012154179998  0.015225632615  0.012154179998  0.012154179998  0.012154179998  0.013181207208  0.012154179998  0.015225632615  0.016258182946  0.007052090944  
galgal4    0.008059952301  0.012130254264  0.008068133984  0.000000000000  0.004016937125  0.008068133984  0.011129368581  0.010106763415  0.008068133984  0.011117731280  0.008068133984  0.008068133984  0.008068133984  0.007052090944  0.008068133984  0.009077026407  0.012141380880  0.003009513689  
perdix_dauuricae 0.006032314118  0.010087469719  0.008068133984  0.004016937125  0.000000000000  0.006038216603  0.009086355022  0.008068133984  0.006038216603  0.009077026407  0.006038216603  0.006038216603  0.006038216603  0.007052090944  0.006038216603  0.009077026407  0.010096282939  0.001001054103  
lophura_nycthemera 0.010096282939  0.014181861896  0.012154179998  0.008068133984  0.006038216603  0.000000000000  0.003009513689  0.002004222350  0.000000000000  0.003006993805  0.000000000000  0.000000000000  0.000000000000  0.001001054103  0.000000000000  0.003006993805  0.004013294493  0.005026501723  
chrysolophus_pictus 0.013167241245  0.017275984351  0.015241947478  0.011129368581  0.009086355022  0.003009513689  0.000000000000  0.005026501723  0.003009513689  0.006032314118  0.003009513689  0.003009513689  0.003009513689  0.004016937125  0.003009513689  0.006032314118  0.007045051293  0.008068133984  
lophura_swinhoii 0.012141380880  0.016242369162  0.014210459813  0.010106763415  0.008068133984  0.002004222350  0.005026501723  0.000000000000  0.002004222350  0.005021731567  0.002004222350  0.002004222350  0.002004222350  0.003009513689  0.002004222350  0.005021731567  0.006032314118  0.007052090944  
lophura_inornata 0.010096282939  0.014181861896  0.012154179998  0.008068133984  0.006038216603  0.000000000000  0.003009513689  0.002004222350  0.000000000000  0.003006993805  0.000000000000  0.000000000000  0.000000000000  0.001001054103  0.000000000000  0.003006993805  0.004013294493  0.005026501723  
syrmaticus_ellioti 0.013154950433  0.017260674771  0.015225632615  0.011117731280  0.009077026407  0.003006993805  0.006032314118  0.005021731567  0.003006993805  0.000000000000  0.003006993805  0.003006993805  0.003006993805  0.004013294493  0.003006993805  0.006028068598  0.007039671156  0.008059952301  
phasianus_colchicus 0.010096282939  0.014181861896  0.012154179998  0.008068133984  0.006038216603  0.000000000000  0.003009513689  0.002004222350  0.000000000000  0.003006993805  0.000000000000  0.000000000000  0.000000000000  0.001001054103  0.000000000000  0.003006993805  0.004013294493  0.005026501723  
crossoptilon_crossoptilon 0.010096282939  0.014181861896  0.012154179998  0.008068133984  0.006038216603  0.000000000000  0.003009513689  0.002004222350  0.000000000000  0.003006993805  0.000000000000  0.000000000000  0.000000000000  0.001001054103  0.000000000000  0.003006993805  0.004013294493  0.005026501723  
catreus_wallichi 0.010096282939  0.014181861896  0.012154179998  0.008068133984  0.006038216603  0.000000000000  0.003009513689  0.002004222350  0.000000000000  0.003006993805  0.000000000000  0.000000000000  0.000000000000  0.001001054103  0.000000000000  0.003006993805  0.004013294493  0.005026501723  
lophophorus_impejanus 0.011117731280  0.015210998252  0.013181207208  0.007052090944  0.007052090944  0.001001054103  0.004016937125  0.003009513689  0.001001054103  0.004013294493  0.001001054103  0.001001054103  0.001001054103  0.000000000000  0.001001054103  0.002002820471  0.005021731567  0.006038216603  
syrmaticus_reevesii 0.010096282939  0.014181861896  0.012154179998  0.008068133984  0.006038216603  0.000000000000  0.003009513689  0.002004222350  0.000000000000  0.003006993805  0.000000000000  0.000000000000  0.000000000000  0.001001054103  0.000000000000  0.003006993805  0.004013294493  0.005026501723  
tragopan_blythii 0.013154950433  0.017260674771  0.015225632615  0.009077026407  0.009077026407  0.003006993805  0.006032314118  0.005021731567  0.003006993805  0.006028068598  0.003006993805  0.003006993805  0.003006993805  0.002002820471  0.003006993805  0.000000000000  0.007039671156  0.008059952301  
melgal2    0.014181861896  0.018295357018  0.016258182946  0.012141380880  0.010096282939  0.004013294493  0.007045051293  0.006032314118  0.004013294493  0.007039671156  0.004013294493  0.004013294493  0.004013294493  0.005021731567  0.004013294493  0.007039671156  0.000000000000  0.009077026407  
alectoris_rufa 0.005021731567  0.009069362452  0.007052090944  0.003009513689  0.001001054103  0.005026501723  0.008068133984  0.007052090944  0.005026501723  0.008059952301  0.005026501723  0.005026501723  0.005026501723  0.006038216603  0.005026501723  0.008059952301  0.009077026407  0.000000000000  

