18
galgal4    0.000000000000  0.011086773595  0.014157145811  0.020298233894  0.033842743364  0.026490472190  0.022350949522  0.022350949522  0.022350949522  0.022350949522  0.022350949522  0.022350949522  0.025441971696  0.022350949522  0.021323798758  0.026540307967  0.006025085546  0.002002787428  
cyrtonyx_montezumae 0.011086773595  0.000000000000  0.015194010001  0.024438073726  0.038073201732  0.030665268200  0.026500444203  0.026500444203  0.026500444203  0.026500444203  0.026500444203  0.026500444203  0.029606040387  0.026500444203  0.025468459933  0.030726952516  0.011083731197  0.013121029796  
pavo_cristatus 0.014157145811  0.015194010001  0.000000000000  0.026540307967  0.041307601196  0.033842743364  0.029656397484  0.029656397484  0.029656397484  0.029656397484  0.029656397484  0.029656397484  0.032770358704  0.029656397484  0.028621632252  0.033925206439  0.014149207167  0.016201570040  
tragopan_blythii 0.020298233894  0.024438073726  0.026540307967  0.000000000000  0.024480956633  0.017221348955  0.013133093938  0.013133093938  0.013133093938  0.013133093938  0.013133093938  0.013133093938  0.016186112812  0.013133093938  0.011097671174  0.014177848102  0.015174308529  0.022359681402  
crossoptilon_crossoptilon 0.033842743364  0.038073201732  0.041307601196  0.024480956633  0.000000000000  0.018251840284  0.014157145811  0.014157145811  0.014157145811  0.014157145811  0.014157145811  0.014157145811  0.017213319617  0.014157145811  0.020332400895  0.030790699818  0.029673155852  0.035945137488  
melgal2    0.026490472190  0.030665268200  0.033842743364  0.017221348955  0.018251840284  0.000000000000  0.004011171051  0.004011171051  0.004011171051  0.004011171051  0.004011171051  0.004011171051  0.007033227368  0.004011171051  0.012105448681  0.023437227403  0.022359681402  0.028569228900  
lophura_inornata 0.022350949522  0.026500444203  0.029656397484  0.013133093938  0.014157145811  0.004011171051  0.000000000000  0.000000000000  0.000000000000  0.000000000000  0.000000000000  0.000000000000  0.003006833330  0.000000000000  0.008047849023  0.019309923788  0.018242695463  0.024417724273  
lophura_nycthemera 0.022350949522  0.026500444203  0.029656397484  0.013133093938  0.014157145811  0.004011171051  0.000000000000  0.000000000000  0.000000000000  0.000000000000  0.000000000000  0.000000000000  0.003006833330  0.000000000000  0.008047849023  0.019309923788  0.018242695463  0.024417724273  
phasianus_colchicus 0.022350949522  0.026500444203  0.029656397484  0.013133093938  0.014157145811  0.004011171051  0.000000000000  0.000000000000  0.000000000000  0.000000000000  0.000000000000  0.000000000000  0.003006833330  0.000000000000  0.008047849023  0.019309923788  0.018242695463  0.024417724273  
chrysolophus_pictus 0.022350949522  0.026500444203  0.029656397484  0.013133093938  0.014157145811  0.004011171051  0.000000000000  0.000000000000  0.000000000000  0.000000000000  0.000000000000  0.000000000000  0.003006833330  0.000000000000  0.008047849023  0.019309923788  0.018242695463  0.024417724273  
syrmaticus_reevesii 0.022350949522  0.026500444203  0.029656397484  0.013133093938  0.014157145811  0.004011171051  0.000000000000  0.000000000000  0.000000000000  0.000000000000  0.000000000000  0.000000000000  0.003006833330  0.000000000000  0.008047849023  0.019309923788  0.018242695463  0.024417724273  
syrmaticus_ellioti 0.022350949522  0.026500444203  0.029656397484  0.013133093938  0.014157145811  0.004011171051  0.000000000000  0.000000000000  0.000000000000  0.000000000000  0.000000000000  0.000000000000  0.003006833330  0.000000000000  0.008047849023  0.019309923788  0.018242695463  0.024417724273  
lophura_swinhoii 0.025441971696  0.029606040387  0.032770358704  0.016186112812  0.017213319617  0.007033227368  0.003006833330  0.003006833330  0.003006833330  0.003006833330  0.003006833330  0.003006833330  0.000000000000  0.003006833330  0.011083731197  0.022382073714  0.021316194057  0.027516795149  
catreus_wallichi 0.022350949522  0.026500444203  0.029656397484  0.013133093938  0.014157145811  0.004011171051  0.000000000000  0.000000000000  0.000000000000  0.000000000000  0.000000000000  0.000000000000  0.003006833330  0.000000000000  0.008047849023  0.019309923788  0.018242695463  0.024417724273  
perdix_dauuricae 0.021323798758  0.025468459933  0.028621632252  0.011097671174  0.020332400895  0.012105448681  0.008047849023  0.008047849023  0.008047849023  0.008047849023  0.008047849023  0.008047849023  0.011083731197  0.008047849023  0.000000000000  0.017255160132  0.017221348955  0.023387906056  
lophophorus_impejanus 0.026540307967  0.030726952516  0.033925206439  0.014177848102  0.030790699818  0.023437227403  0.019309923788  0.019309923788  0.019309923788  0.019309923788  0.019309923788  0.019309923788  0.022382073714  0.019309923788  0.017255160132  0.000000000000  0.022411017187  0.028621632252  
rollulus_rouloul 0.006025085546  0.011083731197  0.014149207167  0.015174308529  0.029673155852  0.022359681402  0.018242695463  0.018242695463  0.018242695463  0.018242695463  0.018242695463  0.018242695463  0.021316194057  0.018242695463  0.017221348955  0.022411017187  0.000000000000  0.008043659047  
alectoris_rufa 0.002002787428  0.013121029796  0.016201570040  0.022359681402  0.035945137488  0.028569228900  0.024417724273  0.024417724273  0.024417724273  0.024417724273  0.024417724273  0.024417724273  0.027516795149  0.024417724273  0.023387906056  0.028621632252  0.008043659047  0.000000000000  

