18
cyrtonyx_montezumae 0.000000000000  0.046767418856  0.057626829806  0.048713455204  0.048736763658  0.048736763658  0.046616379402  0.045533826644  0.044477369130  0.043398551425  0.043398551425  0.043398551425  0.043398551425  0.048818414871  0.055185334846  0.046591989464  0.056371035476  0.047651863626  
pavo_cristatus 0.046767418856  0.000000000000  0.044863103761  0.037129414921  0.040390093016  0.040390093016  0.038299753183  0.035075103484  0.034035872848  0.032967193175  0.032967193175  0.032967193175  0.030837338237  0.036180795613  0.043506336850  0.033976559521  0.043607325866  0.036086386495  
rollulus_rouloul 0.057626829806  0.044863103761  0.000000000000  0.043538085363  0.045748874591  0.045748874591  0.043644812541  0.040390093016  0.039344094765  0.038265507750  0.038265507750  0.038265507750  0.036115977638  0.041508973380  0.048882591997  0.039278482483  0.046803425237  0.040325479220  
tragopan_blythii 0.048713455204  0.037129414921  0.043538085363  0.000000000000  0.016193097881  0.016193097881  0.014155783951  0.011089892994  0.011095384033  0.009060398626  0.009060398626  0.009060398626  0.009060398626  0.012116301639  0.022355209355  0.010070046643  0.040197273888  0.037012364613  
syrmaticus_ellioti 0.048736763658  0.040390093016  0.045748874591  0.016193097881  0.000000000000  0.000000000000  0.012116301639  0.009060398626  0.009065192356  0.007036807524  0.007036807524  0.007036807524  0.011102664588  0.012124833995  0.024444003917  0.012109561862  0.043448596859  0.039170025484  
syrmaticus_reevesii 0.048736763658  0.040390093016  0.045748874591  0.016193097881  0.000000000000  0.000000000000  0.012116301639  0.009060398626  0.009065192356  0.007036807524  0.007036807524  0.007036807524  0.011102664588  0.012124833995  0.024444003917  0.012109561862  0.043448596859  0.039170025484  
chrysolophus_pictus 0.046616379402  0.038299753183  0.043644812541  0.014155783951  0.012116301639  0.012116301639  0.000000000000  0.007040911186  0.007046786681  0.005022504996  0.005022504996  0.005022504996  0.009080118957  0.010100204427  0.022386345859  0.010082787461  0.041345201305  0.037076910507  
phasianus_colchicus 0.045533826644  0.035075103484  0.040390093016  0.011089892994  0.009060398626  0.009060398626  0.007040911186  0.000000000000  0.004013733016  0.002002877147  0.002002877147  0.002002877147  0.006033519553  0.007046786681  0.019275978043  0.007036807524  0.038122632653  0.033880423383  
lophura_swinhoii 0.044477369130  0.034035872848  0.039344094765  0.011095384033  0.009065192356  0.009065192356  0.007046786681  0.004013733016  0.000000000000  0.002004410649  0.002004410649  0.002004410649  0.006039931013  0.007054431240  0.019286158217  0.007040911186  0.037076910507  0.032839765946  
lophura_nycthemera 0.043398551425  0.032967193175  0.038265507750  0.009060398626  0.007036807524  0.007036807524  0.005022504996  0.002002877147  0.002004410649  0.000000000000  0.000000000000  0.000000000000  0.004017694682  0.005027688837  0.017221782373  0.005019084250  0.036008916533  0.031780366187  
crossoptilon_crossoptilon 0.043398551425  0.032967193175  0.038265507750  0.009060398626  0.007036807524  0.007036807524  0.005022504996  0.002002877147  0.002004410649  0.000000000000  0.000000000000  0.000000000000  0.004017694682  0.005027688837  0.017221782373  0.005019084250  0.036008916533  0.031780366187  
lophura_inornata 0.043398551425  0.032967193175  0.038265507750  0.009060398626  0.007036807524  0.007036807524  0.005022504996  0.002002877147  0.002004410649  0.000000000000  0.000000000000  0.000000000000  0.004017694682  0.005027688837  0.017221782373  0.005019084250  0.036008916533  0.031780366187  
catreus_wallichi 0.043398551425  0.030837338237  0.036115977638  0.009060398626  0.011102664588  0.011102664588  0.009080118957  0.006033519553  0.006039931013  0.004017694682  0.004017694682  0.004017694682  0.000000000000  0.007054431240  0.016193097881  0.005019084250  0.033880423383  0.029668941561  
lophophorus_impejanus 0.048818414871  0.036180795613  0.041508973380  0.012116301639  0.012124833995  0.012124833995  0.010100204427  0.007046786681  0.007054431240  0.005027688837  0.005027688837  0.005027688837  0.007054431240  0.000000000000  0.020321870838  0.008055205344  0.039220452153  0.034965997846  
melgal2    0.055185334846  0.043506336850  0.048882591997  0.022355209355  0.024444003917  0.024444003917  0.022386345859  0.019275978043  0.019286158217  0.017221782373  0.017221782373  0.017221782373  0.016193097881  0.020321870838  0.000000000000  0.018236819857  0.048762028351  0.042301544335  
perdix_dauuricae 0.046591989464  0.033976559521  0.039278482483  0.010070046643  0.012109561862  0.012109561862  0.010082787461  0.007036807524  0.007040911186  0.005019084250  0.005019084250  0.005019084250  0.005019084250  0.008055205344  0.018236819857  0.000000000000  0.037031981408  0.032801915787  
galgal4    0.056371035476  0.043607325866  0.046803425237  0.040197273888  0.043448596859  0.043448596859  0.041345201305  0.038122632653  0.037076910507  0.036008916533  0.036008916533  0.036008916533  0.033880423383  0.039220452153  0.048762028351  0.037031981408  0.000000000000  0.034922738435  
alectoris_rufa 0.047651863626  0.036086386495  0.040325479220  0.037012364613  0.039170025484  0.039170025484  0.037076910507  0.033880423383  0.032839765946  0.031780366187  0.031780366187  0.031780366187  0.029668941561  0.034965997846  0.042301544335  0.032801915787  0.034922738435  0.000000000000  

