18
galgal4    0.000000000000  0.023451183190  0.039358412411  0.031845458426  0.034984042918  0.030763658056  0.040337759014  0.024514717946  0.029729292269  0.026572052391  0.028674620801  0.020345115176  0.024495775339  0.028654355875  0.033970787881  0.020345115176  0.023451183190  0.017268001077  
pavo_cristatus 0.023451183190  0.000000000000  0.032906972784  0.025507302111  0.029669954576  0.023407473006  0.033897489267  0.017229890279  0.022380298107  0.019273090008  0.023420420794  0.013125743285  0.017220388430  0.021331666152  0.028654355875  0.013125743285  0.017206205479  0.010078569992  
rollulus_rouloul 0.039358412411  0.032906972784  0.000000000000  0.031870838985  0.036076915663  0.036050124618  0.044628428327  0.033998515620  0.039292699434  0.036076915663  0.040369326514  0.029752345854  0.033970787881  0.038189259947  0.043613450274  0.029752345854  0.031799621165  0.026635724914  
melgal2    0.031845458426  0.025507302111  0.031870838985  0.000000000000  0.028635726588  0.028618735941  0.039206599276  0.026572052391  0.031799621165  0.028635726588  0.032858801153  0.022393744871  0.026554079605  0.030723429488  0.038189259947  0.022393744871  0.026523028990  0.019308225648  
tragopan_blythii 0.034984042918  0.029669954576  0.036076915663  0.028635726588  0.000000000000  0.032798917170  0.043454206682  0.030742721932  0.036001515208  0.032817224695  0.037067552780  0.026537737465  0.030723429488  0.034917148940  0.039206599276  0.026537737465  0.030689787727  0.023434991858  
lophophorus_impejanus 0.030763658056  0.023407473006  0.036050124618  0.028618735941  0.032798917170  0.000000000000  0.037044561946  0.024462752328  0.029669954576  0.026523028990  0.030723429488  0.020306641968  0.024448677898  0.028603386964  0.036024990142  0.020306641968  0.024425418355  0.017229890279  
cyrtonyx_montezumae 0.040337759014  0.033897489267  0.044628428327  0.039206599276  0.043454206682  0.037044561946  0.000000000000  0.034984042918  0.040279628513  0.037067552780  0.041355008729  0.030742721932  0.034960086984  0.039181236122  0.046767538266  0.030742721932  0.034917148940  0.027622210734  
lophura_swinhoii 0.024514717946  0.017229890279  0.033998515620  0.026572052391  0.030742721932  0.024462752328  0.034984042918  0.000000000000  0.009067645075  0.006027492594  0.010085228279  0.006036974737  0.010093464227  0.015192937176  0.021420135347  0.006036974737  0.018241709881  0.011104925538  
crossoptilon_crossoptilon 0.029729292269  0.022380298107  0.039292699434  0.031799621165  0.036001515208  0.029669954576  0.040279628513  0.009067645075  0.000000000000  0.003009205806  0.008065913830  0.011104925538  0.015192937176  0.020330679763  0.026612877987  0.011104925538  0.022358270184  0.016210635539  
lophura_nycthemera 0.026572052391  0.019273090008  0.036076915663  0.028635726588  0.032817224695  0.026523028990  0.037067552780  0.006027492594  0.003009205806  0.000000000000  0.005025641720  0.008052167180  0.012117926339  0.017229890279  0.023468991807  0.008052167180  0.019257729567  0.013132471824  
lophura_inornata 0.028674620801  0.023420420794  0.040369326514  0.032858801153  0.037067552780  0.030723429488  0.041355008729  0.010085228279  0.008065913830  0.005025641720  0.000000000000  0.012126745656  0.016222236846  0.021368644774  0.027665331061  0.012126745656  0.023396151538  0.017240994997  
catreus_wallichi 0.020345115176  0.013125743285  0.029752345854  0.022393744871  0.026537737465  0.020306641968  0.030742721932  0.006036974737  0.011104925538  0.008052167180  0.012126745656  0.000000000000  0.004012981315  0.009062060594  0.015205032009  0.000000000000  0.014137726387  0.007038785900  
syrmaticus_reevesii 0.024495775339  0.017220388430  0.033970787881  0.026554079605  0.030723429488  0.024448677898  0.034960086984  0.010093464227  0.015192937176  0.012117926339  0.016222236846  0.004012981315  0.000000000000  0.013132471824  0.019323150777  0.004012981315  0.018234324395  0.011097188983  
phasianus_colchicus 0.028654355875  0.021331666152  0.038189259947  0.030723429488  0.034917148940  0.028603386964  0.039181236122  0.015192937176  0.020330679763  0.017229890279  0.021368644774  0.009062060594  0.013132471824  0.000000000000  0.024495775339  0.009062060594  0.022349695152  0.015173527055  
syrmaticus_ellioti 0.033970787881  0.028654355875  0.043613450274  0.038189259947  0.039206599276  0.036024990142  0.046767538266  0.021420135347  0.026612877987  0.023468991807  0.027665331061  0.015205032009  0.019323150777  0.024495775339  0.000000000000  0.015205032009  0.029669954576  0.022425488912  
chrysolophus_pictus 0.020345115176  0.013125743285  0.029752345854  0.022393744871  0.026537737465  0.020306641968  0.030742721932  0.006036974737  0.011104925538  0.008052167180  0.012126745656  0.000000000000  0.004012981315  0.009062060594  0.015205032009  0.000000000000  0.014137726387  0.007038785900  
perdix_dauuricae 0.023451183190  0.017206205479  0.031799621165  0.026523028990  0.030689787727  0.024425418355  0.034917148940  0.018241709881  0.022358270184  0.019257729567  0.023396151538  0.014137726387  0.018234324395  0.022349695152  0.029669954576  0.014137726387  0.000000000000  0.011086467678  
alectoris_rufa 0.017268001077  0.010078569992  0.026635724914  0.019308225648  0.023434991858  0.017229890279  0.027622210734  0.011104925538  0.016210635539  0.013132471824  0.017240994997  0.007038785900  0.011097188983  0.015173527055  0.022425488912  0.007038785900  0.011086467678  0.000000000000  

