18
lophura_swinhoii 0.000000000000  0.005018104992  0.006036336833  0.000000000000  0.000000000000  0.000000000000  0.000000000000  0.001000751377  0.001001002602  0.000000000000  0.008044363174  0.003006019531  0.009066762083  0.006027196113  0.021306937768  0.025501140280  0.006027196113  0.010084076082  
phasianus_colchicus 0.005018104992  0.000000000000  0.011103466783  0.005018104992  0.005018104992  0.005018104992  0.005018104992  0.006024907010  0.006027196113  0.005018104992  0.013119583359  0.008044363174  0.014154529543  0.011090101093  0.026476753444  0.030714882256  0.011090101093  0.015180198915  
perdix_dauuricae 0.006036336833  0.011103466783  0.000000000000  0.006036336833  0.006036336833  0.006036336833  0.006036336833  0.007043167406  0.007049525264  0.006036336833  0.014154529543  0.009066762083  0.015201967306  0.012124942681  0.027537762033  0.031810725362  0.012124942681  0.016231870005  
lophura_inornata 0.000000000000  0.005018104992  0.006036336833  0.000000000000  0.000000000000  0.000000000000  0.000000000000  0.001000751377  0.001001002602  0.000000000000  0.008044363174  0.003006019531  0.009066762083  0.006027196113  0.021306937768  0.025501140280  0.006027196113  0.010084076082  
lophura_nycthemera 0.000000000000  0.005018104992  0.006036336833  0.000000000000  0.000000000000  0.000000000000  0.000000000000  0.001000751377  0.001001002602  0.000000000000  0.008044363174  0.003006019531  0.009066762083  0.006027196113  0.021306937768  0.025501140280  0.006027196113  0.010084076082  
chrysolophus_pictus 0.000000000000  0.005018104992  0.006036336833  0.000000000000  0.000000000000  0.000000000000  0.000000000000  0.001000751377  0.001001002602  0.000000000000  0.008044363174  0.003006019531  0.009066762083  0.006027196113  0.021306937768  0.025501140280  0.006027196113  0.010084076082  
catreus_wallichi 0.000000000000  0.005018104992  0.006036336833  0.000000000000  0.000000000000  0.000000000000  0.000000000000  0.001000751377  0.001001002602  0.000000000000  0.008044363174  0.003006019531  0.009066762083  0.006027196113  0.021306937768  0.025501140280  0.006027196113  0.010084076082  
syrmaticus_reevesii 0.001000751377  0.006024907010  0.007043167406  0.001000751377  0.001000751377  0.001000751377  0.001000751377  0.000000000000  0.002002757008  0.001000751377  0.009055238433  0.004010795226  0.010077666258  0.007035017443  0.022334984398  0.026531503455  0.007035017443  0.011096016258  
crossoptilon_crossoptilon 0.001001002602  0.006027196113  0.007049525264  0.001001002602  0.001001002602  0.001001002602  0.001001002602  0.002002757008  0.000000000000  0.001001002602  0.009057546495  0.004011048862  0.010084076082  0.007038330466  0.022340024518  0.026547217054  0.007038330466  0.011103466783  
syrmaticus_ellioti 0.000000000000  0.005018104992  0.006036336833  0.000000000000  0.000000000000  0.000000000000  0.000000000000  0.001000751377  0.001001002602  0.000000000000  0.008044363174  0.003006019531  0.009066762083  0.006027196113  0.021306937768  0.025501140280  0.006027196113  0.010084076082  
tragopan_blythii 0.008044363174  0.013119583359  0.014154529543  0.008044363174  0.008044363174  0.008044363174  0.008044363174  0.009055238433  0.009057546495  0.008044363174  0.000000000000  0.005018104992  0.017218062975  0.014141054063  0.027518457762  0.031735259727  0.014141054063  0.018247960393  
melgal2    0.003006019531  0.008044363174  0.009066762083  0.003006019531  0.003006019531  0.003006019531  0.003006019531  0.004010795226  0.004011048862  0.003006019531  0.005018104992  0.000000000000  0.012109489206  0.009057546495  0.022340024518  0.028611717606  0.009057546495  0.013130962507  
lophophorus_impejanus 0.009066762083  0.014154529543  0.015201967306  0.009066762083  0.009066762083  0.009066762083  0.009066762083  0.010077666258  0.010084076082  0.009066762083  0.017218062975  0.012109489206  0.000000000000  0.003009047624  0.018226744119  0.023415537822  0.003009047624  0.007049525264  
galgal4    0.006027196113  0.011090101093  0.012124942681  0.006027196113  0.006027196113  0.006027196113  0.006027196113  0.007035017443  0.007038330466  0.006027196113  0.014141054063  0.009057546495  0.003009047624  0.000000000000  0.015152903716  0.020303375863  0.000000000000  0.004016106279  
cyrtonyx_montezumae 0.021306937768  0.026476753444  0.027537762033  0.021306937768  0.021306937768  0.021306937768  0.021306937768  0.022334984398  0.022340024518  0.021306937768  0.027518457762  0.022340024518  0.018226744119  0.015152903716  0.000000000000  0.027527310657  0.015152903716  0.017200026898  
rollulus_rouloul 0.025501140280  0.030714882256  0.031810725362  0.025501140280  0.025501140280  0.025501140280  0.025501140280  0.026531503455  0.026547217054  0.025501140280  0.031735259727  0.028611717606  0.023415537822  0.020303375863  0.027527310657  0.000000000000  0.020303375863  0.024457250244  
pavo_cristatus 0.006027196113  0.011090101093  0.012124942681  0.006027196113  0.006027196113  0.006027196113  0.006027196113  0.007035017443  0.007038330466  0.006027196113  0.014141054063  0.009057546495  0.003009047624  0.000000000000  0.015152903716  0.020303375863  0.000000000000  0.004016106279  
alectoris_rufa 0.010084076082  0.015180198915  0.016231870005  0.010084076082  0.010084076082  0.010084076082  0.010084076082  0.011096016258  0.011103466783  0.010084076082  0.018247960393  0.013130962507  0.007049525264  0.004016106279  0.017200026898  0.024457250244  0.004016106279  0.000000000000  

