18
melgal2    0.000000000000  0.005026476214  0.001001053094  0.007052040661  0.001001053094  0.001001053094  0.003009504557  0.002004218303  0.007045031260  0.011107729002  0.010096225677  0.007045031260  0.007045031260  0.011107729002  0.007045031260  0.007045031260  0.007045031260  0.000000000000  
rollulus_rouloul 0.005026476214  0.000000000000  0.006038179765  0.012154030102  0.006038179765  0.006038179765  0.008068068122  0.007052040661  0.012141288020  0.016242244911  0.015225469816  0.012141288020  0.012141288020  0.016242244911  0.012141288020  0.012141288020  0.012141288020  0.005026476214  
perdix_dauuricae 0.001001053094  0.006038179765  0.000000000000  0.008068068122  0.002004218303  0.002004218303  0.002004218303  0.001001053094  0.008059921990  0.012130205914  0.011117657310  0.008059921990  0.008059921990  0.012130205914  0.008059921990  0.008059921990  0.008059921990  0.001001053094  
cyrtonyx_montezumae 0.007052040661  0.012154030102  0.008068068122  0.000000000000  0.006038179765  0.006038179765  0.010106659916  0.009086271427  0.014195184691  0.018311678003  0.017292762023  0.014195184691  0.014195184691  0.018311678003  0.014195184691  0.014195184691  0.014195184691  0.007052040661  
tragopan_blythii 0.001001053094  0.006038179765  0.002004218303  0.006038179765  0.000000000000  0.000000000000  0.004016920846  0.003009504557  0.008059921990  0.012130205914  0.011117657310  0.008059921990  0.008059921990  0.012130205914  0.008059921990  0.008059921990  0.008059921990  0.001001053094  
lophophorus_impejanus 0.001001053094  0.006038179765  0.002004218303  0.006038179765  0.000000000000  0.000000000000  0.004016920846  0.003009504557  0.008059921990  0.012130205914  0.011117657310  0.008059921990  0.008059921990  0.012130205914  0.008059921990  0.008059921990  0.008059921990  0.001001053094  
galgal4    0.003009504557  0.008068068122  0.002004218303  0.010106659916  0.004016920846  0.004016920846  0.000000000000  0.001001053094  0.010096225677  0.014181780013  0.013167127297  0.010096225677  0.010096225677  0.014181780013  0.010096225677  0.010096225677  0.010096225677  0.003009504557  
pavo_cristatus 0.002004218303  0.007052040661  0.001001053094  0.009086271427  0.003009504557  0.003009504557  0.001001053094  0.000000000000  0.009076983693  0.013154886412  0.012141288020  0.009076983693  0.009076983693  0.013154886412  0.009076983693  0.009076983693  0.009076983693  0.002004218303  
syrmaticus_ellioti 0.007045031260  0.012141288020  0.008059921990  0.014195184691  0.008059921990  0.008059921990  0.010096225677  0.009076983693  0.000000000000  0.004013292719  0.003009504557  0.000000000000  0.000000000000  0.004013292719  0.000000000000  0.000000000000  0.000000000000  0.007045031260  
lophura_inornata 0.011107729002  0.016242244911  0.012130205914  0.018311678003  0.012130205914  0.012130205914  0.014181780013  0.013154886412  0.004013292719  0.000000000000  0.007045031260  0.004013292719  0.004013292719  0.008053425506  0.004013292719  0.004013292719  0.004013292719  0.011107729002  
crossoptilon_crossoptilon 0.010096225677  0.015225469816  0.011117657310  0.017292762023  0.011117657310  0.011117657310  0.013167127297  0.012141288020  0.003009504557  0.007045031260  0.000000000000  0.003009504557  0.003009504557  0.007045031260  0.003009504557  0.003009504557  0.003009504557  0.010096225677  
syrmaticus_reevesii 0.007045031260  0.012141288020  0.008059921990  0.014195184691  0.008059921990  0.008059921990  0.010096225677  0.009076983693  0.000000000000  0.004013292719  0.003009504557  0.000000000000  0.000000000000  0.004013292719  0.000000000000  0.000000000000  0.000000000000  0.007045031260  
phasianus_colchicus 0.007045031260  0.012141288020  0.008059921990  0.014195184691  0.008059921990  0.008059921990  0.010096225677  0.009076983693  0.000000000000  0.004013292719  0.003009504557  0.000000000000  0.000000000000  0.004013292719  0.000000000000  0.000000000000  0.000000000000  0.007045031260  
lophura_swinhoii 0.011107729002  0.016242244911  0.012130205914  0.018311678003  0.012130205914  0.012130205914  0.014181780013  0.013154886412  0.004013292719  0.008053425506  0.007045031260  0.004013292719  0.004013292719  0.000000000000  0.004013292719  0.004013292719  0.004013292719  0.011107729002  
catreus_wallichi 0.007045031260  0.012141288020  0.008059921990  0.014195184691  0.008059921990  0.008059921990  0.010096225677  0.009076983693  0.000000000000  0.004013292719  0.003009504557  0.000000000000  0.000000000000  0.004013292719  0.000000000000  0.000000000000  0.000000000000  0.007045031260  
chrysolophus_pictus 0.007045031260  0.012141288020  0.008059921990  0.014195184691  0.008059921990  0.008059921990  0.010096225677  0.009076983693  0.000000000000  0.004013292719  0.003009504557  0.000000000000  0.000000000000  0.004013292719  0.000000000000  0.000000000000  0.000000000000  0.007045031260  
lophura_nycthemera 0.007045031260  0.012141288020  0.008059921990  0.014195184691  0.008059921990  0.008059921990  0.010096225677  0.009076983693  0.000000000000  0.004013292719  0.003009504557  0.000000000000  0.000000000000  0.004013292719  0.000000000000  0.000000000000  0.000000000000  0.007045031260  
alectoris_rufa 0.000000000000  0.005026476214  0.001001053094  0.007052040661  0.001001053094  0.001001053094  0.003009504557  0.002004218303  0.007045031260  0.011107729002  0.010096225677  0.007045031260  0.007045031260  0.011107729002  0.007045031260  0.007045031260  0.007045031260  0.000000000000  

