18
chrysolophus_pictus 0.000000000000  0.003006991051  0.003006991051  0.008053396467  0.014151526642  0.014151526642  0.015169282463  0.013122576517  0.008048563949  0.009059029618  0.007045000068  0.006028057496  0.012102515172  0.008053396467  0.010071051774  0.033838651641  0.025488146567  0.008045384372  
phasianus_colchicus 0.003006991051  0.000000000000  0.000000000000  0.005021712489  0.011092820666  0.011092820666  0.012106915577  0.010071051774  0.005018611366  0.006025479004  0.004016906132  0.003006991051  0.009056376768  0.005021712489  0.007033893693  0.030688147489  0.022375805398  0.005017152727  
syrmaticus_reevesii 0.003006991051  0.000000000000  0.000000000000  0.005021712489  0.011092820666  0.011092820666  0.012106915577  0.010071051774  0.005018611366  0.006025479004  0.004016906132  0.003006991051  0.009056376768  0.005021712489  0.007033893693  0.030688147489  0.022375805398  0.005017152727  
catreus_wallichi 0.008053396467  0.005021712489  0.005021712489  0.000000000000  0.006025479004  0.006025479004  0.007033893693  0.005017339535  0.010080286457  0.011092820666  0.009076926945  0.008053396467  0.014144829135  0.010087392299  0.012106915577  0.035959872961  0.027581809612  0.010074838630  
crossoptilon_crossoptilon 0.014151526642  0.011092820666  0.011092820666  0.006025479004  0.000000000000  0.000000000000  0.001000763528  0.011083046011  0.016195945995  0.017216333890  0.015186666283  0.014151526642  0.020293937658  0.016204960460  0.018238305040  0.040207781224  0.031741767284  0.014151526642  
lophura_swinhoii 0.014151526642  0.011092820666  0.011092820666  0.006025479004  0.000000000000  0.000000000000  0.001000763528  0.011083046011  0.016195945995  0.017216333890  0.015186666283  0.014151526642  0.020293937658  0.016204960460  0.018238305040  0.040207781224  0.031741767284  0.014151526642  
lophura_nycthemera 0.015169282463  0.012106915577  0.012106915577  0.007033893693  0.001000763528  0.001000763528  0.000000000000  0.012098733559  0.017216333890  0.018238305040  0.016204960460  0.015169282463  0.021320159214  0.017224829289  0.019261864880  0.041257679524  0.032781576285  0.015169282463  
lophura_inornata 0.013122576517  0.010071051774  0.010071051774  0.005017339535  0.011083046011  0.011083046011  0.012098733559  0.000000000000  0.015163108790  0.016182967361  0.014151526642  0.013122576517  0.019256116687  0.015169282463  0.017204410271  0.040186438640  0.032781576285  0.015158617933  
syrmaticus_ellioti 0.008048563949  0.005018611366  0.005018611366  0.010080286457  0.016195945995  0.016195945995  0.017216333890  0.015163108790  0.000000000000  0.011087894948  0.009069307653  0.008048563949  0.014139808840  0.010080286457  0.012102515172  0.034881217525  0.027566552268  0.010071051774  
perdix_dauuricae 0.009059029618  0.006025479004  0.006025479004  0.011092820666  0.017216333890  0.017216333890  0.018238305040  0.016182967361  0.011087894948  0.000000000000  0.010080286457  0.009059029618  0.015158617933  0.011092820666  0.013118704653  0.036987109397  0.028600893306  0.011084635728  
melgal2    0.007045000068  0.004016906132  0.004016906132  0.009076926945  0.015186666283  0.015186666283  0.016204960460  0.014151526642  0.009069307653  0.010080286457  0.000000000000  0.007045000068  0.013128123006  0.009076926945  0.011092820666  0.034916696275  0.026549595461  0.009063340900  
lophophorus_impejanus 0.006028057496  0.003006991051  0.003006991051  0.008053396467  0.014151526642  0.014151526642  0.015169282463  0.013122576517  0.008048563949  0.009059029618  0.007045000068  0.000000000000  0.006024548441  0.002004214645  0.004010958489  0.027553019086  0.019278456402  0.002003057560  
galgal4    0.012102515172  0.009056376768  0.009056376768  0.014144829135  0.020293937658  0.020293937658  0.021320159214  0.019256116687  0.014139808840  0.015158617933  0.013128123006  0.006024548441  0.000000000000  0.008045384372  0.010068472930  0.031726843865  0.025464167664  0.008043995949  
pavo_cristatus 0.008053396467  0.005021712489  0.005021712489  0.010087392299  0.016204960460  0.016204960460  0.017224829289  0.015169282463  0.010080286457  0.011092820666  0.009076926945  0.002004214645  0.008045384372  0.000000000000  0.006025479004  0.029651080058  0.021349553775  0.004011302009  
tragopan_blythii 0.010071051774  0.007033893693  0.007033893693  0.012106915577  0.018238305040  0.018238305040  0.019261864880  0.017204410271  0.012102515172  0.013118704653  0.011092820666  0.004010958489  0.010068472930  0.006025479004  0.000000000000  0.031713664936  0.022355547440  0.006025268794  
cyrtonyx_montezumae 0.033838651641  0.030688147489  0.030688147489  0.035959872961  0.040207781224  0.040207781224  0.041257679524  0.040186438640  0.034881217525  0.036987109397  0.034916696275  0.027553019086  0.031726843865  0.029651080058  0.031713664936  0.000000000000  0.033856031243  0.029624366450  
rollulus_rouloul 0.025488146567  0.022375805398  0.022375805398  0.027581809612  0.031741767284  0.031741767284  0.032781576285  0.032781576285  0.027566552268  0.028600893306  0.026549595461  0.019278456402  0.025464167664  0.021349553775  0.022355547440  0.033856031243  0.000000000000  0.021328253676  
alectoris_rufa 0.008045384372  0.005017152727  0.005017152727  0.010074838630  0.014151526642  0.014151526642  0.015169282463  0.015158617933  0.010071051774  0.011084635728  0.009063340900  0.002003057560  0.008043995949  0.004011302009  0.006025268794  0.029624366450  0.021328253676  0.000000000000  

