18
lophura_swinhoii 0.000000000000  0.004013546924  0.001001081172  0.004013546924  0.009059820576  0.008049320296  0.008054453023  0.001001081172  0.001001081172  0.006025452124  0.002002853011  0.007046051020  0.001001081172  0.008054453023  0.018250053656  0.004013546924  0.000000000000  0.000000000000  
lophura_nycthemera 0.004013546924  0.000000000000  0.003007108777  0.006028531936  0.011089048982  0.010075946643  0.010081742403  0.003007108777  0.003007108777  0.008044322693  0.004011434515  0.009070746631  0.003007108777  0.010081742403  0.020307099202  0.006028531936  0.004013546924  0.004013546924  
syrmaticus_reevesii 0.001001081172  0.003007108777  0.000000000000  0.003007108777  0.008045919060  0.007036444193  0.007040384699  0.000000000000  0.000000000000  0.005019342539  0.001000770182  0.006033008446  0.000000000000  0.007040384699  0.017219485152  0.003007108777  0.001001081172  0.001001081172  
galgal4    0.004013546924  0.006028531936  0.003007108777  0.000000000000  0.005017313440  0.004011434515  0.004013546924  0.003007108777  0.003007108777  0.008044322693  0.004011434515  0.009070746631  0.003007108777  0.010081742403  0.018241535945  0.006028531936  0.004013546924  0.004013546924  
phasianus_colchicus 0.009059820576  0.011089048982  0.008045919060  0.005017313440  0.000000000000  0.007036444193  0.009059820576  0.008045919060  0.008045919060  0.013116921321  0.009056961903  0.014153996062  0.008045919060  0.015171805746  0.023389299225  0.011089048982  0.009059820576  0.009059820576  
pavo_cristatus 0.008049320296  0.010075946643  0.007036444193  0.004011434515  0.007036444193  0.000000000000  0.008049320296  0.007036444193  0.007036444193  0.012099552353  0.008045919060  0.013137770307  0.007036444193  0.014153996062  0.022360282965  0.010075946643  0.008049320296  0.008049320296  
perdix_dauuricae 0.008054453023  0.010081742403  0.007040384699  0.004013546924  0.009059820576  0.008049320296  0.000000000000  0.007040384699  0.007040384699  0.012100763359  0.008049320296  0.013147197587  0.007040384699  0.014162893061  0.022370204733  0.010081742403  0.008054453023  0.008054453023  
syrmaticus_ellioti 0.001001081172  0.003007108777  0.000000000000  0.003007108777  0.008045919060  0.007036444193  0.007040384699  0.000000000000  0.000000000000  0.005019342539  0.001000770182  0.006033008446  0.000000000000  0.007040384699  0.017219485152  0.003007108777  0.001001081172  0.001001081172  
crossoptilon_crossoptilon 0.001001081172  0.003007108777  0.000000000000  0.003007108777  0.008045919060  0.007036444193  0.007040384699  0.000000000000  0.000000000000  0.005019342539  0.001000770182  0.006033008446  0.000000000000  0.007040384699  0.017219485152  0.003007108777  0.001001081172  0.001001081172  
rollulus_rouloul 0.006025452124  0.008044322693  0.005019342539  0.008044322693  0.013116921321  0.012099552353  0.012100763359  0.005019342539  0.005019342539  0.000000000000  0.004012365087  0.011085536693  0.005019342539  0.012100763359  0.022345820402  0.008044322693  0.006025452124  0.006025452124  
tragopan_blythii 0.002002853011  0.004011434515  0.001000770182  0.004011434515  0.009056961903  0.008045919060  0.008049320296  0.001000770182  0.001000770182  0.004012365087  0.000000000000  0.007040384699  0.001000770182  0.008049320296  0.018241535945  0.004011434515  0.002002853011  0.002002853011  
melgal2    0.007046051020  0.009070746631  0.006033008446  0.009070746631  0.014153996062  0.013137770307  0.013147197587  0.006033008446  0.006033008446  0.011085536693  0.007040384699  0.000000000000  0.006033008446  0.013147197587  0.023422820860  0.009070746631  0.007046051020  0.007046051020  
chrysolophus_pictus 0.001001081172  0.003007108777  0.000000000000  0.003007108777  0.008045919060  0.007036444193  0.007040384699  0.000000000000  0.000000000000  0.005019342539  0.001000770182  0.006033008446  0.000000000000  0.007040384699  0.017219485152  0.003007108777  0.001001081172  0.001001081172  
lophura_inornata 0.008054453023  0.010081742403  0.007040384699  0.010081742403  0.015171805746  0.014153996062  0.014162893061  0.007040384699  0.007040384699  0.012100763359  0.008049320296  0.013147197587  0.007040384699  0.000000000000  0.017239361941  0.010081742403  0.008054453023  0.008054453023  
cyrtonyx_montezumae 0.018250053656  0.020307099202  0.017219485152  0.018241535945  0.023389299225  0.022360282965  0.022370204733  0.017219485152  0.017219485152  0.022345820402  0.018241535945  0.023422820860  0.017219485152  0.017239361941  0.000000000000  0.020307099202  0.018250053656  0.018250053656  
lophophorus_impejanus 0.004013546924  0.006028531936  0.003007108777  0.006028531936  0.011089048982  0.010075946643  0.010081742403  0.003007108777  0.003007108777  0.008044322693  0.004011434515  0.009070746631  0.003007108777  0.010081742403  0.020307099202  0.000000000000  0.004013546924  0.004013546924  
catreus_wallichi 0.000000000000  0.004013546924  0.001001081172  0.004013546924  0.009059820576  0.008049320296  0.008054453023  0.001001081172  0.001001081172  0.006025452124  0.002002853011  0.007046051020  0.001001081172  0.008054453023  0.018250053656  0.004013546924  0.000000000000  0.000000000000  
alectoris_rufa 0.000000000000  0.004013546924  0.001001081172  0.004013546924  0.009059820576  0.008049320296  0.008054453023  0.001001081172  0.001001081172  0.006025452124  0.002002853011  0.007046051020  0.001001081172  0.008054453023  0.018250053656  0.004013546924  0.000000000000  0.000000000000  

