18
galgal4    0.000000000000  0.034050684516  0.026644464882  0.041355820836  0.050189133879  0.054432343975  0.054476714357  0.050189133879  0.050189133879  0.052307359967  0.055541281764  0.049044757169  0.049044757169  0.052263935893  0.029678358332  0.046852529794  0.029717732783  0.037141807470  
cyrtonyx_montezumae 0.034050684516  0.000000000000  0.025568770453  0.039231612789  0.053460573143  0.057720387500  0.057767150744  0.053460573143  0.053460573143  0.057815821476  0.058835900816  0.052307359967  0.052307359967  0.053326053686  0.033890436946  0.046814222783  0.031812012680  0.040337396572  
pavo_cristatus 0.026644464882  0.025568770453  0.000000000000  0.037063471623  0.043619551050  0.047833876489  0.047869828696  0.043619551050  0.043619551050  0.047907653135  0.048927116658  0.042498945572  0.042498945572  0.047869828696  0.027575660301  0.041416910698  0.024466019691  0.032873078690  
rollulus_rouloul 0.041355820836  0.039231612789  0.037063471623  0.000000000000  0.060933210691  0.065241233866  0.065284636435  0.060933210691  0.060933210691  0.065329992061  0.066365521650  0.057552463501  0.059774680165  0.060808771440  0.042288373497  0.053139747698  0.040184409936  0.047708845862  
lophura_nycthemera 0.050189133879  0.053460573143  0.043619551050  0.060933210691  0.000000000000  0.004012360190  0.004011039204  0.000000000000  0.000000000000  0.006028528956  0.011094300119  0.005022170951  0.005022170951  0.023514254303  0.037203185478  0.056749241657  0.041450226073  0.055497384891  
phasianus_colchicus 0.054432343975  0.057720387500  0.047833876489  0.065241233866  0.004012360190  0.000000000000  0.002002853089  0.004012360190  0.004012360190  0.010069581186  0.015160368704  0.009056964381  0.009056964381  0.027629718214  0.041385441361  0.061025822643  0.045655103561  0.059774680165  
catreus_wallichi 0.054476714357  0.057767150744  0.047869828696  0.065284636435  0.004011039204  0.002002853089  0.000000000000  0.004011039204  0.004011039204  0.010071892896  0.015165204233  0.009059820351  0.009059820351  0.027651331946  0.041416910698  0.061075016118  0.045688302393  0.059816650658  
lophura_swinhoii 0.050189133879  0.053460573143  0.043619551050  0.060933210691  0.000000000000  0.004012360190  0.004011039204  0.000000000000  0.000000000000  0.006028528956  0.011094300119  0.005022170951  0.005022170951  0.023514254303  0.037203185478  0.056749241657  0.041450226073  0.055497384891  
crossoptilon_crossoptilon 0.050189133879  0.053460573143  0.043619551050  0.060933210691  0.000000000000  0.004012360190  0.004011039204  0.000000000000  0.000000000000  0.006028528956  0.011094300119  0.005022170951  0.005022170951  0.023514254303  0.037203185478  0.056749241657  0.041450226073  0.055497384891  
lophura_inornata 0.052307359967  0.057815821476  0.047907653135  0.065329992061  0.006028528956  0.010069581186  0.010071892896  0.006028528956  0.006028528956  0.000000000000  0.017228520960  0.011101290000  0.011101290000  0.029790320802  0.041450226073  0.061126131019  0.045723366490  0.059860546965  
syrmaticus_ellioti 0.055541281764  0.058835900816  0.048927116658  0.066365521650  0.011094300119  0.015160368704  0.015165204233  0.011094300119  0.011094300119  0.017228520960  0.000000000000  0.010071892896  0.010071892896  0.028683721706  0.042466121481  0.062147989931  0.046743209485  0.060889797667  
chrysolophus_pictus 0.049044757169  0.052307359967  0.042498945572  0.057552463501  0.005022170951  0.009056964381  0.009059820351  0.005022170951  0.005022170951  0.011101290000  0.010071892896  0.000000000000  0.004011434830  0.022446465337  0.036099378176  0.054476714357  0.040337396572  0.054349295204  
syrmaticus_reevesii 0.049044757169  0.052307359967  0.042498945572  0.059774680165  0.005022170951  0.009056964381  0.009059820351  0.005022170951  0.005022170951  0.011101290000  0.010071892896  0.004011434830  0.000000000000  0.022446465337  0.036099378176  0.055587078723  0.040337396572  0.054349295204  
perdix_dauuricae 0.052263935893  0.053326053686  0.047869828696  0.060808771440  0.023514254303  0.027629718214  0.027651331946  0.023514254303  0.023514254303  0.029790320802  0.028683721706  0.022446465337  0.022446465337  0.000000000000  0.038185883774  0.057720387500  0.042435149589  0.057591569651  
lophophorus_impejanus 0.029678358332  0.033890436946  0.027575660301  0.042288373497  0.037203185478  0.041385441361  0.041416910698  0.037203185478  0.037203185478  0.041450226073  0.042466121481  0.036099378176  0.036099378176  0.038185883774  0.000000000000  0.038132837156  0.022360283923  0.038067086774  
melgal2    0.046852529794  0.046814222783  0.041416910698  0.053139747698  0.056749241657  0.061025822643  0.061075016118  0.056749241657  0.056749241657  0.061126131019  0.062147989931  0.054476714357  0.055587078723  0.057720387500  0.038132837156  0.000000000000  0.020399522919  0.053245833561  
tragopan_blythii 0.029717732783  0.031812012680  0.024466019691  0.040184409936  0.041450226073  0.045655103561  0.045688302393  0.041450226073  0.041450226073  0.045723366490  0.046743209485  0.040337396572  0.040337396572  0.042435149589  0.022360283923  0.020399522919  0.000000000000  0.035975446326  
alectoris_rufa 0.037141807470  0.040337396572  0.032873078690  0.047708845862  0.055497384891  0.059774680165  0.059816650658  0.055497384891  0.055497384891  0.059860546965  0.060889797667  0.054349295204  0.054349295204  0.057591569651  0.038067086774  0.053245833561  0.035975446326  0.000000000000  

