18
pavo_cristatus 0.000000000000  0.045789824302  0.031914728261  0.028844127730  0.027780247044  0.032014391590  0.027780247044  0.036322554625  0.057946674579  0.036322554625  0.032014391590  0.022500017122  0.035201600032  0.102548468218  0.036241792183  0.027749013499  0.030848950121  0.066258374626  
rollulus_rouloul 0.045789824302  0.000000000000  0.033891869989  0.030795690230  0.029735543436  0.036104894719  0.029735543436  0.038256686213  0.063260149075  0.038256686213  0.036104894719  0.024473709706  0.033937788828  0.100826684291  0.040350890653  0.027603940038  0.034956533545  0.065698361034  
phasianus_colchicus 0.031914728261  0.033891869989  0.000000000000  0.017267290612  0.016233051215  0.021408938945  0.016233051215  0.022454329254  0.043536533354  0.024552774340  0.022454329254  0.011098884550  0.023480959039  0.090426602415  0.023461647734  0.014161596147  0.022400754277  0.055930505294  
catreus_wallichi 0.028844127730  0.030795690230  0.017267290612  0.000000000000  0.001001165957  0.007049183675  0.001001165957  0.009084393470  0.038256686213  0.013183975500  0.011129293174  0.008075443685  0.020428880948  0.088348905106  0.021451716454  0.011129293174  0.018304026484  0.054929624596  
lophura_inornata 0.027780247044  0.029735543436  0.016233051215  0.001001165957  0.000000000000  0.006035183880  0.000000000000  0.008065583076  0.037179442907  0.012155405663  0.010105626320  0.007057670661  0.019384225615  0.087163284358  0.020405968199  0.010105626320  0.017267290612  0.053805255164  
crossoptilon_crossoptilon 0.032014391590  0.036104894719  0.021408938945  0.007049183675  0.006035183880  0.000000000000  0.006035183880  0.014198725573  0.043643846417  0.018342104995  0.016265418904  0.013183975500  0.025660358964  0.094241516345  0.026689254969  0.016265418904  0.021408938945  0.058252815501  
lophura_nycthemera 0.027780247044  0.029735543436  0.016233051215  0.001001165957  0.000000000000  0.006035183880  0.000000000000  0.008065583076  0.037179442907  0.012155405663  0.010105626320  0.007057670661  0.019384225615  0.087163284358  0.020405968199  0.010105626320  0.017267290612  0.053805255164  
lophura_swinhoii 0.036322554625  0.038256686213  0.022454329254  0.009084393470  0.008065583076  0.014198725573  0.008065583076  0.000000000000  0.043643846417  0.020428880948  0.018342104995  0.015248534495  0.027780247044  0.089460320360  0.026689254969  0.016265418904  0.025605854164  0.062809133162  
perdix_dauuricae 0.057946674579  0.063260149075  0.043536533354  0.038256686213  0.037179442907  0.043643846417  0.037179442907  0.043643846417  0.000000000000  0.037148831471  0.041467909882  0.040419312491  0.052408786060  0.114214262796  0.051251536947  0.041467909882  0.045714064308  0.085445378037  
chrysolophus_pictus 0.036322554625  0.038256686213  0.024552774340  0.013183975500  0.012155405663  0.018342104995  0.012155405663  0.020428880948  0.037148831471  0.000000000000  0.016265418904  0.015248534495  0.027780247044  0.096652222756  0.026689254969  0.018342104995  0.025605854164  0.062809133162  
syrmaticus_reevesii 0.032014391590  0.036104894719  0.022454329254  0.011129293174  0.010105626320  0.016265418904  0.010105626320  0.018342104995  0.041467909882  0.016265418904  0.000000000000  0.013183975500  0.023550882692  0.096652222756  0.026689254969  0.016265418904  0.023502270227  0.058252815501  
syrmaticus_ellioti 0.022500017122  0.024473709706  0.011098884550  0.008075443685  0.007057670661  0.013183975500  0.007057670661  0.015248534495  0.040419312491  0.015248534495  0.013183975500  0.000000000000  0.014198725573  0.083625933774  0.017283914371  0.007049183675  0.014172013954  0.048227140373  
galgal4    0.035201600032  0.033937788828  0.023480959039  0.020428880948  0.019384225615  0.025660358964  0.019384225615  0.027780247044  0.052408786060  0.027780247044  0.023550882692  0.014198725573  0.000000000000  0.092960403414  0.029844185203  0.017283914371  0.024529999822  0.057057409942  
cyrtonyx_montezumae 0.102548468218  0.100826684291  0.090426602415  0.088348905106  0.087163284358  0.094241516345  0.087163284358  0.089460320360  0.114214262796  0.096652222756  0.096652222756  0.083625933774  0.092960403414  0.000000000000  0.081491305583  0.082521960842  0.088507124158  0.115979847804  
melgal2    0.036241792183  0.040350890653  0.023461647734  0.021451716454  0.020405968199  0.026689254969  0.020405968199  0.026689254969  0.051251536947  0.026689254969  0.026689254969  0.017283914371  0.029844185203  0.081491305583  0.000000000000  0.018342104995  0.025660358964  0.062809133162  
lophophorus_impejanus 0.027749013499  0.027603940038  0.014161596147  0.011129293174  0.010105626320  0.016265418904  0.010105626320  0.016265418904  0.041467909882  0.018342104995  0.016265418904  0.007049183675  0.017283914371  0.082521960842  0.018342104995  0.000000000000  0.013156167701  0.049393401956  
tragopan_blythii 0.030848950121  0.034956533545  0.022400754277  0.018304026484  0.017267290612  0.021408938945  0.017267290612  0.025605854164  0.045714064308  0.025605854164  0.023502270227  0.014172013954  0.024529999822  0.088507124158  0.025660358964  0.013156167701  0.000000000000  0.052567423875  
alectoris_rufa 0.066258374626  0.065698361034  0.055930505294  0.054929624596  0.053805255164  0.058252815501  0.053805255164  0.062809133162  0.085445378037  0.062809133162  0.058252815501  0.048227140373  0.057057409942  0.115979847804  0.062809133162  0.049393401956  0.052567423875  0.000000000000  

