18
cyrtonyx_montezumae 0.000000000000  0.031893813312  0.060953175954  0.043670451282  0.058764109630  0.032930720318  0.028711864210  0.031893813312  0.031893813312  0.030830711578  0.035097967740  0.037121394404  0.032959382251  0.053432352374  0.052469247231  0.055758350172  0.032959382251  0.045735737900  
lophura_swinhoii 0.031893813312  0.000000000000  0.034959668009  0.017284634812  0.036002521088  0.007046400898  0.003009843695  0.008070514815  0.008070514815  0.007053908492  0.011133909304  0.013138604587  0.010110505153  0.032930720318  0.030888183020  0.033056366120  0.010110505153  0.022430736914  
lophura_inornata 0.060953175954  0.034959668009  0.000000000000  0.043496102020  0.062942341642  0.036002521088  0.031775555036  0.037094743956  0.037094743956  0.036025964945  0.040316089674  0.042361154562  0.039239794616  0.056539585807  0.059927191818  0.061097903667  0.039239794616  0.051024976316  
catreus_wallichi 0.043670451282  0.017284634812  0.043496102020  0.000000000000  0.026530730192  0.010099331393  0.014187365998  0.019361149303  0.019361149303  0.018321718165  0.021447097623  0.024503279636  0.021447097623  0.044721093358  0.042662447702  0.042705290246  0.021447097623  0.032930720318  
perdix_dauuricae 0.058764109630  0.036002521088  0.062942341642  0.026530730192  0.000000000000  0.028613371425  0.032815027268  0.038139877210  0.038139877210  0.037069955459  0.040287229411  0.042387106926  0.040287229411  0.059751852022  0.057740104683  0.063296974553  0.040287229411  0.052087919103  
crossoptilon_crossoptilon 0.032930720318  0.007046400898  0.036002521088  0.010099331393  0.028613371425  0.000000000000  0.004013635765  0.009079430745  0.009079430745  0.008061790580  0.011121502586  0.014154850268  0.011121502586  0.033969261229  0.031922970074  0.034092951177  0.011121502586  0.022413365625  
phasianus_colchicus 0.028711864210  0.003009843695  0.031775555036  0.014187365998  0.032815027268  0.004013635765  0.000000000000  0.005027423700  0.005027423700  0.004017525493  0.008070514815  0.010076331453  0.007053908492  0.029745394965  0.027705628667  0.029855015534  0.007053908492  0.019309772648  
tragopan_blythii 0.031893813312  0.008070514815  0.037094743956  0.019361149303  0.038139877210  0.009079430745  0.005027423700  0.000000000000  0.000000000000  0.005027423700  0.009089377024  0.011094821538  0.008070514815  0.030804716627  0.028764030927  0.030919654201  0.008070514815  0.020347738722  
melgal2    0.031893813312  0.008070514815  0.037094743956  0.019361149303  0.038139877210  0.009079430745  0.005027423700  0.000000000000  0.000000000000  0.005027423700  0.009089377024  0.011094821538  0.008070514815  0.030804716627  0.028764030927  0.030919654201  0.008070514815  0.020347738722  
syrmaticus_ellioti 0.030830711578  0.007053908492  0.036025964945  0.018321718165  0.037069955459  0.008061790580  0.004017525493  0.005027423700  0.005027423700  0.000000000000  0.008070514815  0.010076331453  0.007053908492  0.029745394965  0.027705628667  0.029855015534  0.007053908492  0.019309772648  
lophura_nycthemera 0.035097967740  0.011133909304  0.040316089674  0.021447097623  0.040287229411  0.011121502586  0.008070514815  0.009089377024  0.009089377024  0.008070514815  0.000000000000  0.014163917800  0.009089377024  0.031866487959  0.027705628667  0.027733115545  0.009089377024  0.019309772648  
chrysolophus_pictus 0.037121394404  0.013138604587  0.042361154562  0.024503279636  0.042387106926  0.014154850268  0.010076331453  0.011094821538  0.011094821538  0.010076331453  0.014163917800  0.000000000000  0.013138604587  0.034959668009  0.033969261229  0.036138298309  0.013138604587  0.025498958642  
lophophorus_impejanus 0.032959382251  0.010110505153  0.039239794616  0.021447097623  0.040287229411  0.011121502586  0.007053908492  0.008070514815  0.008070514815  0.007053908492  0.009089377024  0.013138604587  0.000000000000  0.023440281948  0.020364349310  0.022470874987  0.000000000000  0.012108977965  
galgal4    0.053432352374  0.032930720318  0.056539585807  0.044721093358  0.059751852022  0.033969261229  0.029745394965  0.030804716627  0.030804716627  0.029745394965  0.031866487959  0.034959668009  0.023440281948  0.000000000000  0.044646678399  0.045773403241  0.023440281948  0.033875068412  
pavo_cristatus 0.052469247231  0.030888183020  0.059927191818  0.042662447702  0.057740104683  0.031922970074  0.027705628667  0.028764030927  0.028764030927  0.027705628667  0.027705628667  0.033969261229  0.020364349310  0.044646678399  0.000000000000  0.021357672669  0.020364349310  0.032878911524  
rollulus_rouloul 0.055758350172  0.033056366120  0.061097903667  0.042705290246  0.063296974553  0.034092951177  0.029855015534  0.030919654201  0.030919654201  0.029855015534  0.027733115545  0.036138298309  0.022470874987  0.045773403241  0.021357672669  0.000000000000  0.022470874987  0.032903895837  
syrmaticus_reevesii 0.032959382251  0.010110505153  0.039239794616  0.021447097623  0.040287229411  0.011121502586  0.007053908492  0.008070514815  0.008070514815  0.007053908492  0.009089377024  0.013138604587  0.000000000000  0.023440281948  0.020364349310  0.022470874987  0.000000000000  0.012108977965  
alectoris_rufa 0.045735737900  0.022430736914  0.051024976316  0.032930720318  0.052087919103  0.022413365625  0.019309772648  0.020347738722  0.020347738722  0.019309772648  0.019309772648  0.025498958642  0.012108977965  0.033875068412  0.032878911524  0.032903895837  0.012108977965  0.000000000000  

