18
galgal4    0.000000000000  0.055287637851  0.054081807295  0.041268511767  0.041268511767  0.043419634229  0.041268511767  0.044473938744  0.041268511767  0.059709975256  0.055287637851  0.066217997714  0.045580623899  0.051946171246  0.043354164929  0.056271852498  0.056298401162  0.042281252401  
cyrtonyx_montezumae 0.055287637851  0.000000000000  0.037054222762  0.040385700429  0.040385700429  0.042550107549  0.040385700429  0.043599705778  0.040385700429  0.058897436259  0.054447020531  0.068781973936  0.044724504408  0.051061597757  0.045638624980  0.057529047389  0.057646571591  0.041316089154  
rollulus_rouloul 0.054081807295  0.037054222762  0.000000000000  0.041342594911  0.041342594911  0.043501508718  0.041342594911  0.044554267215  0.041342594911  0.059830157198  0.055391353256  0.066334844752  0.045670361506  0.052026581453  0.044498890009  0.055256803559  0.050962944326  0.042342845232  
lophura_nycthemera 0.041268511767  0.040385700429  0.041342594911  0.000000000000  0.000000000000  0.002004257327  0.000000000000  0.003007049511  0.000000000000  0.017249065337  0.013136496546  0.026538389305  0.008068703257  0.016197589444  0.017237037113  0.028620892220  0.034991817364  0.019304469992  
crossoptilon_crossoptilon 0.041268511767  0.040385700429  0.041342594911  0.000000000000  0.000000000000  0.002004257327  0.000000000000  0.003007049511  0.000000000000  0.017249065337  0.013136496546  0.026538389305  0.008068703257  0.016197589444  0.017237037113  0.028620892220  0.034991817364  0.019304469992  
chrysolophus_pictus 0.043419634229  0.042550107549  0.043501508718  0.002004257327  0.002004257327  0.000000000000  0.002004257327  0.005021906261  0.002004257327  0.019318891289  0.015188293378  0.028637568466  0.010107658021  0.016197589444  0.019304469992  0.030726983314  0.037129089574  0.021381015618  
catreus_wallichi 0.041268511767  0.040385700429  0.041342594911  0.000000000000  0.000000000000  0.002004257327  0.000000000000  0.003007049511  0.000000000000  0.017249065337  0.013136496546  0.026538389305  0.008068703257  0.016197589444  0.017237037113  0.028620892220  0.034991817364  0.019304469992  
lophura_swinhoii 0.044473938744  0.043599705778  0.044554267215  0.003007049511  0.003007049511  0.005021906261  0.003007049511  0.000000000000  0.003007049511  0.020341598694  0.016206713028  0.029672760867  0.011118701233  0.019280803071  0.020327699950  0.031764934151  0.038173342777  0.022406412868  
phasianus_colchicus 0.041268511767  0.040385700429  0.041342594911  0.000000000000  0.000000000000  0.002004257327  0.000000000000  0.003007049511  0.000000000000  0.017249065337  0.013136496546  0.026538389305  0.008068703257  0.016197589444  0.017237037113  0.028620892220  0.034991817364  0.019304469992  
syrmaticus_ellioti 0.059709975256  0.058897436259  0.059830157198  0.017249065337  0.017249065337  0.019318891289  0.017249065337  0.020341598694  0.017249065337  0.000000000000  0.020327699950  0.033882732265  0.025583497518  0.033903879394  0.034991817364  0.046694251230  0.053299828326  0.037129089574  
lophura_inornata 0.055287637851  0.054447020531  0.055391353256  0.013136496546  0.013136496546  0.015188293378  0.013136496546  0.016206713028  0.013136496546  0.020327699950  0.000000000000  0.013129192105  0.021397851142  0.028620892220  0.029690676065  0.037054222762  0.048906754371  0.032864197442  
syrmaticus_reevesii 0.066217997714  0.068781973936  0.066334844752  0.026538389305  0.026538389305  0.028637568466  0.026538389305  0.029672760867  0.026538389305  0.033882732265  0.013129192105  0.000000000000  0.034991817364  0.041268511767  0.043445107066  0.050962944326  0.058716529221  0.044584687023  
perdix_dauuricae 0.045580623899  0.044724504408  0.045670361506  0.008068703257  0.008068703257  0.010107658021  0.008068703257  0.011118701233  0.008068703257  0.025583497518  0.021397851142  0.034991817364  0.000000000000  0.020327699950  0.019304469992  0.030726983314  0.039276102051  0.023466754678  
melgal2    0.051946171246  0.051061597757  0.052026581453  0.016197589444  0.016197589444  0.016197589444  0.016197589444  0.019280803071  0.016197589444  0.033903879394  0.028620892220  0.041268511767  0.020327699950  0.000000000000  0.025468068629  0.036979544753  0.045580623899  0.029656613620  
lophophorus_impejanus 0.043354164929  0.045638624980  0.044498890009  0.017237037113  0.017237037113  0.019304469992  0.017237037113  0.020327699950  0.017237037113  0.034991817364  0.029690676065  0.043445107066  0.019304469992  0.025468068629  0.000000000000  0.025450878611  0.038122661769  0.022378986795  
tragopan_blythii 0.056271852498  0.057529047389  0.055256803559  0.028620892220  0.028620892220  0.030726983314  0.028620892220  0.031764934151  0.028620892220  0.046694251230  0.037054222762  0.050962944326  0.030726983314  0.036979544753  0.025450878611  0.000000000000  0.049871319336  0.033845789644  
pavo_cristatus 0.056298401162  0.057646571591  0.050962944326  0.034991817364  0.034991817364  0.037129089574  0.034991817364  0.038173342777  0.034991817364  0.053299828326  0.048906754371  0.058716529221  0.039276102051  0.045580623899  0.038122661769  0.049871319336  0.000000000000  0.022378986795  
alectoris_rufa 0.042281252401  0.041316089154  0.042342845232  0.019304469992  0.019304469992  0.021381015618  0.019304469992  0.022406412868  0.019304469992  0.037129089574  0.032864197442  0.044584687023  0.023466754678  0.029656613620  0.022378986795  0.033845789644  0.022378986795  0.000000000000  

