18
cyrtonyx_montezumae 0.000000000000  0.039181836330  0.038136498825  0.032859251175  0.036050687221  0.034984566546  0.032859251175  0.047823163354  0.036025526008  0.036025526008  0.036025526008  0.036025526008  0.036025526008  0.038136498825  0.032859251175  0.032859251175  0.039181836330  0.046702460935  
rollulus_rouloul 0.039181836330  0.000000000000  0.023396321788  0.018241813492  0.021342535860  0.020306782500  0.018241813492  0.035960009817  0.021331810941  0.021331810941  0.021331810941  0.021331810941  0.021331810941  0.023396321788  0.018241813492  0.018241813492  0.024425592631  0.031743562904  
galgal4    0.038136498825  0.023396321788  0.000000000000  0.011091075706  0.014156460136  0.013132535495  0.011091075706  0.028619034330  0.014148634012  0.014148634012  0.014148634012  0.014148634012  0.014148634012  0.016192312663  0.011091075706  0.011091075706  0.017212579548  0.024448889677  
pavo_cristatus 0.032859251175  0.018241813492  0.011091075706  0.000000000000  0.007038804864  0.006027505256  0.004011139204  0.020306782500  0.007035349531  0.007035349531  0.007035349531  0.007035349531  0.007035349531  0.009058076406  0.004011139204  0.004011139204  0.010070021144  0.017220488572  
lophophorus_impejanus 0.036050687221  0.021342535860  0.014156460136  0.007038804864  0.000000000000  0.005025656093  0.003009210952  0.020330850209  0.006031467704  0.006031467704  0.006031467704  0.006031467704  0.006031467704  0.008052193639  0.003009210952  0.003009210952  0.009062089291  0.014156460136  
perdix_dauuricae 0.034984566546  0.020306782500  0.013132535495  0.006027505256  0.005025656093  0.000000000000  0.002004088173  0.019295055113  0.005021189598  0.005021189598  0.005021189598  0.005021189598  0.005021189598  0.007038804864  0.002004088173  0.002004088173  0.008047672711  0.015182526486  
tragopan_blythii 0.032859251175  0.018241813492  0.011091075706  0.004011139204  0.003009210952  0.002004088173  0.000000000000  0.017230003156  0.003006853987  0.003006853987  0.003006853987  0.003006853987  0.003006853987  0.005018286216  0.000000000000  0.000000000000  0.006025111131  0.013132535495  
melgal2    0.047823163354  0.035960009817  0.028619034330  0.020306782500  0.020330850209  0.019295055113  0.017230003156  0.000000000000  0.020318010012  0.020318010012  0.020318010012  0.020318010012  0.020318010012  0.022380480752  0.017230003156  0.017230003156  0.021331810941  0.030723788677  
syrmaticus_ellioti 0.036025526008  0.021331810941  0.014148634012  0.007035349531  0.006031467704  0.005021189598  0.003006853987  0.020318010012  0.000000000000  0.000000000000  0.000000000000  0.000000000000  0.000000000000  0.002002779499  0.003006853987  0.003006853987  0.009058076406  0.016200727999  
crossoptilon_crossoptilon 0.036025526008  0.021331810941  0.014148634012  0.007035349531  0.006031467704  0.005021189598  0.003006853987  0.020318010012  0.000000000000  0.000000000000  0.000000000000  0.000000000000  0.000000000000  0.002002779499  0.003006853987  0.003006853987  0.009058076406  0.016200727999  
chrysolophus_pictus 0.036025526008  0.021331810941  0.014148634012  0.007035349531  0.006031467704  0.005021189598  0.003006853987  0.020318010012  0.000000000000  0.000000000000  0.000000000000  0.000000000000  0.000000000000  0.002002779499  0.003006853987  0.003006853987  0.009058076406  0.016200727999  
lophura_nycthemera 0.036025526008  0.021331810941  0.014148634012  0.007035349531  0.006031467704  0.005021189598  0.003006853987  0.020318010012  0.000000000000  0.000000000000  0.000000000000  0.000000000000  0.000000000000  0.002002779499  0.003006853987  0.003006853987  0.009058076406  0.016200727999  
lophura_inornata 0.036025526008  0.021331810941  0.014148634012  0.007035349531  0.006031467704  0.005021189598  0.003006853987  0.020318010012  0.000000000000  0.000000000000  0.000000000000  0.000000000000  0.000000000000  0.002002779499  0.003006853987  0.003006853987  0.009058076406  0.016200727999  
catreus_wallichi 0.038136498825  0.023396321788  0.016192312663  0.009058076406  0.008052193639  0.007038804864  0.005018286216  0.022380480752  0.002002779499  0.002002779499  0.002002779499  0.002002779499  0.002002779499  0.000000000000  0.005018286216  0.005018286216  0.011086499604  0.018250824029  
lophura_swinhoii 0.032859251175  0.018241813492  0.011091075706  0.004011139204  0.003009210952  0.002004088173  0.000000000000  0.017230003156  0.003006853987  0.003006853987  0.003006853987  0.003006853987  0.003006853987  0.005018286216  0.000000000000  0.000000000000  0.006025111131  0.013132535495  
phasianus_colchicus 0.032859251175  0.018241813492  0.011091075706  0.004011139204  0.003009210952  0.002004088173  0.000000000000  0.017230003156  0.003006853987  0.003006853987  0.003006853987  0.003006853987  0.003006853987  0.005018286216  0.000000000000  0.000000000000  0.006025111131  0.013132535495  
syrmaticus_reevesii 0.039181836330  0.024425592631  0.017212579548  0.010070021144  0.009062089291  0.008047672711  0.006025111131  0.021331810941  0.009058076406  0.009058076406  0.009058076406  0.009058076406  0.009058076406  0.011086499604  0.006025111131  0.006025111131  0.000000000000  0.019273211437  
alectoris_rufa 0.046702460935  0.031743562904  0.024448889677  0.017220488572  0.014156460136  0.015182526486  0.013132535495  0.030723788677  0.016200727999  0.016200727999  0.016200727999  0.016200727999  0.016200727999  0.018250824029  0.013132535495  0.013132535495  0.019273211437  0.000000000000  

