18
cyrtonyx_montezumae 0.000000000000  0.042605964466  0.048018529954  0.042568501492  0.045753949343  0.043616648818  0.043616648818  0.045791751924  0.045791751924  0.045791751924  0.045791751924  0.051228096822  0.050087267104  0.045791751924  0.058847373960  0.049072625731  0.070184055024  0.054590063831  
galgal4    0.042605964466  0.000000000000  0.021369307423  0.018261759406  0.023421123027  0.021355306600  0.021355306600  0.025525081523  0.025525081523  0.025525081523  0.025525081523  0.031823234750  0.030744031811  0.025525081523  0.038137925105  0.030787721398  0.051185743950  0.036107520922  
pavo_cristatus 0.048018529954  0.021369307423  0.000000000000  0.021355306600  0.026538635494  0.024463538459  0.024463538459  0.028655528296  0.028655528296  0.028655528296  0.028655528296  0.034985848800  0.033899067604  0.028655528296  0.043485365942  0.033946478222  0.056668375645  0.041451162333  
rollulus_rouloul 0.042568501492  0.018261759406  0.021355306600  0.000000000000  0.013120765004  0.011086581158  0.011086581158  0.015173803301  0.015173803301  0.015173803301  0.015173803301  0.021355306600  0.020307122260  0.015173803301  0.029671074168  0.020331265859  0.042498589280  0.027644184794  
lophophorus_impejanus 0.045753949343  0.023421123027  0.026538635494  0.013120765004  0.000000000000  0.006025133103  0.006025133103  0.010078699690  0.010078699690  0.010078699690  0.010078699690  0.018251107353  0.015173803301  0.010078699690  0.024463538459  0.015193294565  0.037178449728  0.022444657686  
chrysolophus_pictus 0.043616648818  0.021355306600  0.024463538459  0.011086581158  0.006025133103  0.000000000000  0.000000000000  0.004016422867  0.004016422867  0.004016422867  0.004016422867  0.012118133129  0.009067766703  0.004016422867  0.018274019743  0.009083714896  0.030865555924  0.016267168762  
lophura_inornata 0.043616648818  0.021355306600  0.024463538459  0.011086581158  0.006025133103  0.000000000000  0.000000000000  0.004016422867  0.004016422867  0.004016422867  0.004016422867  0.012118133129  0.009067766703  0.004016422867  0.018274019743  0.009083714896  0.030865555924  0.016267168762  
catreus_wallichi 0.045791751924  0.025525081523  0.028655528296  0.015173803301  0.010078699690  0.004016422867  0.004016422867  0.000000000000  0.000000000000  0.000000000000  0.000000000000  0.008047722963  0.005018304758  0.000000000000  0.014156646977  0.005025695951  0.026637009750  0.012149446550  
crossoptilon_crossoptilon 0.045791751924  0.025525081523  0.028655528296  0.015173803301  0.010078699690  0.004016422867  0.004016422867  0.000000000000  0.000000000000  0.000000000000  0.000000000000  0.008047722963  0.005018304758  0.000000000000  0.014156646977  0.005025695951  0.026637009750  0.012149446550  
lophura_nycthemera 0.045791751924  0.025525081523  0.028655528296  0.015173803301  0.010078699690  0.004016422867  0.004016422867  0.000000000000  0.000000000000  0.000000000000  0.000000000000  0.008047722963  0.005018304758  0.000000000000  0.014156646977  0.005025695951  0.026637009750  0.012149446550  
lophura_swinhoii 0.045791751924  0.025525081523  0.028655528296  0.015173803301  0.010078699690  0.004016422867  0.004016422867  0.000000000000  0.000000000000  0.000000000000  0.000000000000  0.008047722963  0.005018304758  0.000000000000  0.014156646977  0.005025695951  0.026637009750  0.012149446550  
syrmaticus_ellioti 0.051228096822  0.031823234750  0.034985848800  0.021355306600  0.018251107353  0.012118133129  0.012118133129  0.008047722963  0.008047722963  0.008047722963  0.008047722963  0.000000000000  0.003006861582  0.008047722963  0.022380921430  0.013141043181  0.035038928581  0.020361861849  
syrmaticus_reevesii 0.050087267104  0.030744031811  0.033899067604  0.020307122260  0.015173803301  0.009067766703  0.009067766703  0.005018304758  0.005018304758  0.005018304758  0.005018304758  0.003006861582  0.000000000000  0.005018304758  0.019283656013  0.010085385098  0.031872546707  0.017268535093  
phasianus_colchicus 0.045791751924  0.025525081523  0.028655528296  0.015173803301  0.010078699690  0.004016422867  0.004016422867  0.000000000000  0.000000000000  0.000000000000  0.000000000000  0.008047722963  0.005018304758  0.000000000000  0.014156646977  0.005025695951  0.026637009750  0.012149446550  
perdix_dauuricae 0.058847373960  0.038137925105  0.043485365942  0.029671074168  0.024463538459  0.018274019743  0.018274019743  0.014156646977  0.014156646977  0.014156646977  0.014156646977  0.022380921430  0.019283656013  0.014156646977  0.000000000000  0.009058131864  0.030765054643  0.016211006872  
melgal2    0.049072625731  0.030787721398  0.033946478222  0.020331265859  0.015193294565  0.009083714896  0.009083714896  0.005025695951  0.005025695951  0.005025695951  0.005025695951  0.013141043181  0.010085385098  0.005025695951  0.009058131864  0.000000000000  0.021402152661  0.007050502773  
tragopan_blythii 0.070184055024  0.051185743950  0.056668375645  0.042498589280  0.037178449728  0.030865555924  0.030865555924  0.026637009750  0.026637009750  0.026637009750  0.026637009750  0.035038928581  0.031872546707  0.026637009750  0.030765054643  0.021402152661  0.000000000000  0.020361861849  
alectoris_rufa 0.054590063831  0.036107520922  0.041451162333  0.027644184794  0.022444657686  0.016267168762  0.016267168762  0.012149446550  0.012149446550  0.012149446550  0.012149446550  0.020361861849  0.017268535093  0.012149446550  0.016211006872  0.007050502773  0.020361861849  0.000000000000  

