18
phasianus_colchicus 0.000000000000  0.007039691208  0.013128344066  0.007045013680  0.006032294185  0.006032294185  0.006032294185  0.006032294185  0.006032294185  0.009076940025  0.009076940025  0.007039691208  0.005021724895  0.026567622091  0.020325266409  0.037046579183  0.024508780612  0.014160066933  
melgal2    0.007039691208  0.000000000000  0.010071239279  0.004013296700  0.003007000546  0.003007000546  0.003007000546  0.003007000546  0.003007000546  0.006032294185  0.006032294185  0.004011331731  0.002002827436  0.023430209060  0.016196270636  0.033857387535  0.021377941688  0.011092966576  
lophophorus_impejanus 0.013128344066  0.010071239279  0.000000000000  0.010074976180  0.009059158406  0.009059158406  0.009059158406  0.009059158406  0.009059158406  0.012113138908  0.012113138908  0.010071239279  0.008045504001  0.029668003746  0.023404373940  0.038092226347  0.027599461137  0.017216752089  
crossoptilon_crossoptilon 0.007045013680  0.004013296700  0.010074976180  0.000000000000  0.001001051970  0.001001051970  0.001001051970  0.001001051970  0.001001051970  0.004016902710  0.004016902710  0.004013296700  0.002004213794  0.023445690707  0.017235269991  0.031759585063  0.021394443856  0.011099506765  
chrysolophus_pictus 0.006032294185  0.003007000546  0.009059158406  0.001001051970  0.000000000000  0.000000000000  0.000000000000  0.000000000000  0.000000000000  0.003009494384  0.003009494384  0.003007000546  0.001001051970  0.022403274569  0.016205211505  0.030704718566  0.020354204918  0.010080378184  
catreus_wallichi 0.006032294185  0.003007000546  0.009059158406  0.001001051970  0.000000000000  0.000000000000  0.000000000000  0.000000000000  0.000000000000  0.003009494384  0.003009494384  0.003007000546  0.001001051970  0.022403274569  0.016205211505  0.030704718566  0.020354204918  0.010080378184  
lophura_swinhoii 0.006032294185  0.003007000546  0.009059158406  0.001001051970  0.000000000000  0.000000000000  0.000000000000  0.000000000000  0.000000000000  0.003009494384  0.003009494384  0.003007000546  0.001001051970  0.022403274569  0.016205211505  0.030704718566  0.020354204918  0.010080378184  
lophura_nycthemera 0.006032294185  0.003007000546  0.009059158406  0.001001051970  0.000000000000  0.000000000000  0.000000000000  0.000000000000  0.000000000000  0.003009494384  0.003009494384  0.003007000546  0.001001051970  0.022403274569  0.016205211505  0.030704718566  0.020354204918  0.010080378184  
lophura_inornata 0.006032294185  0.003007000546  0.009059158406  0.001001051970  0.000000000000  0.000000000000  0.000000000000  0.000000000000  0.000000000000  0.003009494384  0.003009494384  0.003007000546  0.001001051970  0.022403274569  0.016205211505  0.030704718566  0.020354204918  0.010080378184  
syrmaticus_ellioti 0.009076940025  0.006032294185  0.012113138908  0.004016902710  0.003009494384  0.003009494384  0.003009494384  0.003009494384  0.003009494384  0.000000000000  0.000000000000  0.006032294185  0.004016902710  0.025537397099  0.019302098770  0.031759585063  0.023481767110  0.013144333801  
syrmaticus_reevesii 0.009076940025  0.006032294185  0.012113138908  0.004016902710  0.003009494384  0.003009494384  0.003009494384  0.003009494384  0.003009494384  0.000000000000  0.000000000000  0.006032294185  0.004016902710  0.025537397099  0.019302098770  0.031759585063  0.023481767110  0.013144333801  
perdix_dauuricae 0.007039691208  0.004011331731  0.010071239279  0.004013296700  0.003007000546  0.003007000546  0.003007000546  0.003007000546  0.003007000546  0.006032294185  0.006032294185  0.000000000000  0.002002827436  0.023430209060  0.017225166406  0.033857387535  0.021377941688  0.011092966576  
tragopan_blythii 0.005021724895  0.002002827436  0.008045504001  0.002004213794  0.001001051970  0.001001051970  0.001001051970  0.001001051970  0.001001051970  0.004016902710  0.004016902710  0.002002827436  0.000000000000  0.021363136448  0.015177377403  0.031759585063  0.019316234502  0.009063427081  
galgal4    0.026567622091  0.023430209060  0.029668003746  0.023445690707  0.022403274569  0.022403274569  0.022403274569  0.022403274569  0.022403274569  0.025537397099  0.025537397099  0.023430209060  0.021363136448  0.000000000000  0.024473717219  0.041306384666  0.026586707552  0.018267562508  
rollulus_rouloul 0.020325266409  0.016196270636  0.023404373940  0.017235269991  0.016205211505  0.016205211505  0.016205211505  0.016205211505  0.016205211505  0.019302098770  0.019302098770  0.017225166406  0.015177377403  0.024473717219  0.000000000000  0.030721754333  0.022419268087  0.012113138908  
cyrtonyx_montezumae 0.037046579183  0.033857387535  0.038092226347  0.031759585063  0.030704718566  0.030704718566  0.030704718566  0.030704718566  0.030704718566  0.031759585063  0.031759585063  0.033857387535  0.031759585063  0.041306384666  0.030721754333  0.000000000000  0.038138355876  0.028616580930  
pavo_cristatus 0.024508780612  0.021377941688  0.027599461137  0.021394443856  0.020354204918  0.020354204918  0.020354204918  0.020354204918  0.020354204918  0.023481767110  0.023481767110  0.021377941688  0.019316234502  0.026586707552  0.022419268087  0.038138355876  0.000000000000  0.016228141032  
alectoris_rufa 0.014160066933  0.011092966576  0.017216752089  0.011099506765  0.010080378184  0.010080378184  0.010080378184  0.010080378184  0.010080378184  0.013144333801  0.013144333801  0.011092966576  0.009063427081  0.018267562508  0.012113138908  0.028616580930  0.016228141032  0.000000000000  

