18
cyrtonyx_montezumae 0.000000000000  0.012155540338  0.025606993671  0.022482144907  0.022482144907  0.027744157053  0.027690299972  0.029806645019  0.025632291303  0.025632291303  0.025632291303  0.025632291303  0.025632291303  0.035074847463  0.027690299972  0.027690299972  0.027690299972  0.028747283621  
syrmaticus_reevesii 0.012155540338  0.000000000000  0.013145431387  0.010088147672  0.010088147672  0.015212730561  0.017248931473  0.019318766544  0.013156200649  0.013156200649  0.013156200649  0.013156200649  0.013156200649  0.022406096359  0.017248931473  0.017248931473  0.017248931473  0.018282711815  
melgal2    0.025606993671  0.013145431387  0.000000000000  0.003007040827  0.003007040827  0.006032569882  0.010080892640  0.012121701019  0.006032569882  0.006032569882  0.006032569882  0.006032569882  0.006032569882  0.015178417351  0.010080892640  0.010080892640  0.010080892640  0.011100191307  
lophura_nycthemera 0.022482144907  0.010088147672  0.003007040827  0.000000000000  0.000000000000  0.005026733202  0.007039953823  0.009069889203  0.003009596549  0.003009596549  0.003009596549  0.003009596549  0.003009596549  0.012113799110  0.007039953823  0.007039953823  0.007039953823  0.008053827740  
syrmaticus_ellioti 0.022482144907  0.010088147672  0.003007040827  0.000000000000  0.000000000000  0.005026733202  0.007039953823  0.009069889203  0.003009596549  0.003009596549  0.003009596549  0.003009596549  0.003009596549  0.012113799110  0.007039953823  0.007039953823  0.007039953823  0.008053827740  
catreus_wallichi 0.027744157053  0.015212730561  0.006032569882  0.005026733202  0.005026733202  0.000000000000  0.012131293780  0.014183342984  0.008068731667  0.008068731667  0.008068731667  0.008068731667  0.008068731667  0.017248931473  0.012131293780  0.012131293780  0.012131293780  0.013156200649  
lophura_inornata 0.027690299972  0.017248931473  0.010080892640  0.007039953823  0.007039953823  0.012131293780  0.000000000000  0.016217415555  0.010088147672  0.010088147672  0.010088147672  0.010088147672  0.010088147672  0.018257800912  0.014161137457  0.014161137457  0.014161137457  0.015188154161  
perdix_dauuricae 0.029806645019  0.019318766544  0.012121701019  0.009069889203  0.009069889203  0.014183342984  0.016217415555  0.000000000000  0.006028258054  0.006028258054  0.006028258054  0.006028258054  0.006028258054  0.015170385354  0.016217415555  0.016217415555  0.016217415555  0.017248931473  
tragopan_blythii 0.025632291303  0.013156200649  0.006032569882  0.003009596549  0.003009596549  0.008068731667  0.010088147672  0.006028258054  0.000000000000  0.000000000000  0.000000000000  0.000000000000  0.000000000000  0.009059384590  0.010088147672  0.010088147672  0.010088147672  0.011108612670  
pavo_cristatus 0.025632291303  0.013156200649  0.006032569882  0.003009596549  0.003009596549  0.008068731667  0.010088147672  0.006028258054  0.000000000000  0.000000000000  0.000000000000  0.000000000000  0.000000000000  0.009059384590  0.010088147672  0.010088147672  0.010088147672  0.011108612670  
chrysolophus_pictus 0.025632291303  0.013156200649  0.006032569882  0.003009596549  0.003009596549  0.008068731667  0.010088147672  0.006028258054  0.000000000000  0.000000000000  0.000000000000  0.000000000000  0.000000000000  0.009059384590  0.010088147672  0.010088147672  0.010088147672  0.011108612670  
galgal4    0.025632291303  0.013156200649  0.006032569882  0.003009596549  0.003009596549  0.008068731667  0.010088147672  0.006028258054  0.000000000000  0.000000000000  0.000000000000  0.000000000000  0.000000000000  0.009059384590  0.010088147672  0.010088147672  0.010088147672  0.011108612670  
lophophorus_impejanus 0.025632291303  0.013156200649  0.006032569882  0.003009596549  0.003009596549  0.008068731667  0.010088147672  0.006028258054  0.000000000000  0.000000000000  0.000000000000  0.000000000000  0.000000000000  0.009059384590  0.010088147672  0.010088147672  0.010088147672  0.011108612670  
rollulus_rouloul 0.035074847463  0.022406096359  0.015178417351  0.012113799110  0.012113799110  0.017248931473  0.018257800912  0.015170385354  0.009059384590  0.009059384590  0.009059384590  0.009059384590  0.009059384590  0.000000000000  0.019291453992  0.019291453992  0.019291453992  0.020327380898  
phasianus_colchicus 0.027690299972  0.017248931473  0.010080892640  0.007039953823  0.007039953823  0.012131293780  0.014161137457  0.016217415555  0.010088147672  0.010088147672  0.010088147672  0.010088147672  0.010088147672  0.019291453992  0.000000000000  0.000000000000  0.000000000000  0.001001063258  
crossoptilon_crossoptilon 0.027690299972  0.017248931473  0.010080892640  0.007039953823  0.007039953823  0.012131293780  0.014161137457  0.016217415555  0.010088147672  0.010088147672  0.010088147672  0.010088147672  0.010088147672  0.019291453992  0.000000000000  0.000000000000  0.000000000000  0.001001063258  
lophura_swinhoii 0.027690299972  0.017248931473  0.010080892640  0.007039953823  0.007039953823  0.012131293780  0.014161137457  0.016217415555  0.010088147672  0.010088147672  0.010088147672  0.010088147672  0.010088147672  0.019291453992  0.000000000000  0.000000000000  0.000000000000  0.001001063258  
alectoris_rufa 0.028747283621  0.018282711815  0.011100191307  0.008053827740  0.008053827740  0.013156200649  0.015188154161  0.017248931473  0.011108612670  0.011108612670  0.011108612670  0.011108612670  0.011108612670  0.020327380898  0.001001063258  0.001001063258  0.001001063258  0.000000000000  

