18
cyrtonyx_montezumae 0.000000000000  0.017263831509  0.019336419732  0.019319994667  0.013145964779  0.013145964779  0.013145964779  0.013145964779  0.013145964779  0.015200373219  0.016218185488  0.013145964779  0.020316002198  0.013145964779  0.013145964779  0.018283774439  0.028678216019  0.013156864537  
galgal4    0.017263831509  0.000000000000  0.012131838109  0.022424106247  0.016218185488  0.018283774439  0.018283774439  0.016218185488  0.016218185488  0.018283774439  0.019305305114  0.016218185488  0.023420010475  0.016218185488  0.016218185488  0.021382196935  0.031828539453  0.016230966153  
pavo_cristatus 0.019336419732  0.012131838109  0.000000000000  0.026615074212  0.020358512229  0.022442480263  0.022442480263  0.020358512229  0.020358512229  0.022442480263  0.023468338218  0.020358512229  0.027605407983  0.020358512229  0.020358512229  0.025563811717  0.036090091468  0.016230966153  
rollulus_rouloul 0.019319994667  0.022424106247  0.026615074212  0.000000000000  0.018270302192  0.020342599971  0.020342599971  0.018270302192  0.018270302192  0.020342599971  0.021366800707  0.018270302192  0.025492967685  0.018270302192  0.018270302192  0.023450475099  0.033929292189  0.018283774439  
perdix_dauuricae 0.013145964779  0.016218185488  0.020358512229  0.018270302192  0.000000000000  0.002004281802  0.002004281802  0.000000000000  0.000000000000  0.002004281802  0.003007061285  0.000000000000  0.007034122692  0.000000000000  0.000000000000  0.007036253344  0.017227053498  0.012122129513  
tragopan_blythii 0.013145964779  0.018283774439  0.022442480263  0.020342599971  0.002004281802  0.000000000000  0.000000000000  0.002004281802  0.002004281802  0.004017176290  0.005021983240  0.002004281802  0.009059520931  0.002004281802  0.002004281802  0.009063982338  0.019292353964  0.014172042732  
phasianus_colchicus 0.013145964779  0.018283774439  0.022442480263  0.020342599971  0.002004281802  0.000000000000  0.000000000000  0.002004281802  0.002004281802  0.004017176290  0.005021983240  0.002004281802  0.009059520931  0.002004281802  0.002004281802  0.009063982338  0.019292353964  0.014172042732  
lophura_inornata 0.013145964779  0.016218185488  0.020358512229  0.018270302192  0.000000000000  0.002004281802  0.002004281802  0.000000000000  0.000000000000  0.002004281802  0.003007061285  0.000000000000  0.007034122692  0.000000000000  0.000000000000  0.007036253344  0.017227053498  0.012122129513  
lophura_swinhoii 0.013145964779  0.016218185488  0.020358512229  0.018270302192  0.000000000000  0.002004281802  0.002004281802  0.000000000000  0.000000000000  0.002004281802  0.003007061285  0.000000000000  0.007034122692  0.000000000000  0.000000000000  0.007036253344  0.017227053498  0.012122129513  
syrmaticus_ellioti 0.015200373219  0.018283774439  0.022442480263  0.020342599971  0.002004281802  0.004017176290  0.004017176290  0.002004281802  0.002004281802  0.000000000000  0.005021983240  0.002004281802  0.007034122692  0.002004281802  0.002004281802  0.009063982338  0.019292353964  0.014172042732  
crossoptilon_crossoptilon 0.016218185488  0.019305305114  0.023468338218  0.021366800707  0.003007061285  0.005021983240  0.005021983240  0.003007061285  0.003007061285  0.005021983240  0.000000000000  0.003007061285  0.010071589598  0.003007061285  0.003007061285  0.010075513599  0.020316002198  0.015188796682  
syrmaticus_reevesii 0.013145964779  0.016218185488  0.020358512229  0.018270302192  0.000000000000  0.002004281802  0.002004281802  0.000000000000  0.000000000000  0.002004281802  0.003007061285  0.000000000000  0.007034122692  0.000000000000  0.000000000000  0.007036253344  0.017227053498  0.012122129513  
lophura_nycthemera 0.020316002198  0.023420010475  0.027605407983  0.025492967685  0.007034122692  0.009059520931  0.009059520931  0.007034122692  0.007034122692  0.007034122692  0.010071589598  0.007034122692  0.000000000000  0.007034122692  0.007034122692  0.014140871968  0.024436966665  0.019281144136  
catreus_wallichi 0.013145964779  0.016218185488  0.020358512229  0.018270302192  0.000000000000  0.002004281802  0.002004281802  0.000000000000  0.000000000000  0.002004281802  0.003007061285  0.000000000000  0.007034122692  0.000000000000  0.000000000000  0.007036253344  0.017227053498  0.012122129513  
chrysolophus_pictus 0.013145964779  0.016218185488  0.020358512229  0.018270302192  0.000000000000  0.002004281802  0.002004281802  0.000000000000  0.000000000000  0.002004281802  0.003007061285  0.000000000000  0.007034122692  0.000000000000  0.000000000000  0.007036253344  0.017227053498  0.012122129513  
lophophorus_impejanus 0.018283774439  0.021382196935  0.025563811717  0.023450475099  0.007036253344  0.009063982338  0.009063982338  0.007036253344  0.007036253344  0.009063982338  0.010075513599  0.007036253344  0.014140871968  0.007036253344  0.007036253344  0.000000000000  0.018248567264  0.017249841404  
melgal2    0.028678216019  0.031828539453  0.036090091468  0.033929292189  0.017227053498  0.019292353964  0.019292353964  0.017227053498  0.017227053498  0.019292353964  0.020316002198  0.017227053498  0.024436966665  0.017227053498  0.017227053498  0.018248567264  0.000000000000  0.027624739050  
alectoris_rufa 0.013156864537  0.016230966153  0.016230966153  0.018283774439  0.012122129513  0.014172042732  0.014172042732  0.012122129513  0.012122129513  0.014172042732  0.015188796682  0.012122129513  0.019281144136  0.012122129513  0.012122129513  0.017249841404  0.027624739050  0.000000000000  

