30
piranga_rubra_ku26592 0.000000000000  0.005253579932  0.006311372189  0.010539163590  0.011601421090  0.010740346934  0.004372813802  0.011599473518  0.002307726569  0.006301783721  0.004470558879  0.013515767287  0.006313915917  0.002905405264  0.002093424239  0.004141732377  0.002651210986  0.003142536313  0.003674961676  0.005248065661  0.009478852508  0.005274038110  0.011601421090  0.007364038505  0.013833766959  0.013685709238  0.001360296819  0.005248065661  0.002093424239  0.005248065661  
piranga_flava_ku90809 0.005253579932  0.000000000000  0.005267994898  0.009493791620  0.010554663845  0.010754522562  0.004380064128  0.010550283009  0.004623057424  0.005257105135  0.003357660487  0.012399937456  0.005264643311  0.002908442591  0.003146845786  0.001377738154  0.005317542107  0.002097196693  0.003678820270  0.004204754182  0.008434857937  0.002106654618  0.010554663845  0.005262450315  0.012689685809  0.015672033532  0.002726082853  0.004204754182  0.003146845786  0.004204754182  
piranga_ludoviciana_sdsu2385 0.006311372189  0.005267994898  0.000000000000  0.010560893157  0.011623150707  0.008586610546  0.004380064128  0.009485746686  0.004628406814  0.004200670628  0.001116286406  0.012399937456  0.006324678162  0.001453853334  0.004200670628  0.002763754096  0.003987586716  0.003149673944  0.002452021095  0.003149673944  0.009500577736  0.005284888659  0.011623150707  0.005262450315  0.012689685809  0.011735362765  0.000000000000  0.003149673944  0.004200670628  0.003149673944  
piranga_rubriceps_lsu265 0.010539163590  0.009493791620  0.010560893157  0.000000000000  0.005246368399  0.011825933365  0.009884884693  0.011601421090  0.010447141563  0.010543535136  0.008978038466  0.018082520091  0.010561425918  0.005824608892  0.008416820403  0.008309001518  0.012024436403  0.007359816603  0.009851475464  0.009483787202  0.003143548355  0.009529033903  0.001045878743  0.010549751246  0.009190372217  0.005829303445  0.009587644637  0.009483787202  0.008416820403  0.009483787202  
piranga_leucoptera_lsu7783 0.011601421090  0.010554663845  0.011623150707  0.005246368399  0.000000000000  0.010739651605  0.010990933919  0.010535972064  0.011616570644  0.011605225266  0.010106903064  0.016918375332  0.011625945027  0.010227708360  0.009475759300  0.011103825610  0.013371934703  0.008416820403  0.011090872341  0.010543535136  0.002093655835  0.010594996321  0.006300655206  0.011610881552  0.010347322979  0.009746360909  0.010966826073  0.010543535136  0.009475759300  0.010543535136  
cardinalis_cardinalis_ku25393 0.010740346934  0.010754522562  0.008586610546  0.011825933365  0.010739651605  0.000000000000  0.010988188826  0.000000000000  0.011613501550  0.010740346934  0.008004659639  0.014619728764  0.011849383607  0.010226630318  0.009657515994  0.011100644368  0.012019442849  0.008577404050  0.009843960967  0.009658812244  0.008577404050  0.010798337322  0.012910929237  0.009658812244  0.014125216370  0.013690202207  0.008204796497  0.009658812244  0.009657515994  0.009658812244  
piranga_olivacea_ku2699 0.004372813802  0.004380064128  0.004380064128  0.009884884693  0.010990933919  0.010988188826  0.000000000000  0.010988188826  0.004668847282  0.004372813802  0.002308476073  0.013576939544  0.005482215997  0.001451742711  0.003276386733  0.002759940185  0.005378210362  0.002182518617  0.003674961676  0.003277487013  0.008780944573  0.003277487013  0.010990933919  0.006579356610  0.013124050586  0.013687649780  0.002723414581  0.003277487013  0.003276386733  0.003277487013  
cardinalis_cardinalis_ku21828 0.011599473518  0.010550283009  0.009485746686  0.011601421090  0.010535972064  0.000000000000  0.010988188826  0.000000000000  0.011613501550  0.011601421090  0.008971803698  0.014619728764  0.011623989144  0.010226630318  0.009474512046  0.011100644368  0.012019442849  0.008414999180  0.009843960967  0.010539163590  0.008414999180  0.010592446805  0.012665632844  0.009475759300  0.013832131805  0.013690202207  0.008204796497  0.010539163590  0.009474512046  0.010539163590  
piranga_rubra_ku7046 0.002307726569  0.004623057424  0.004628406814  0.010447141563  0.011616570644  0.011613501550  0.004668847282  0.011613501550  0.000000000000  0.003461634151  0.002474107421  0.012074957356  0.004631009499  0.002905405264  0.001152302827  0.004176327031  0.003982293442  0.002305814611  0.003674961676  0.002305814611  0.009280069636  0.003482964456  0.011616570644  0.005786416052  0.014099791012  0.015665656831  0.002723414581  0.002305814611  0.001152302827  0.002305814611  
piranga_bidentata_hgoslp104 0.006301783721  0.005257105135  0.004200670628  0.010543535136  0.011605225266  0.010740346934  0.004372813802  0.011601421090  0.003461634151  0.000000000000  0.002231215366  0.013515767287  0.006315049209  0.001451097343  0.004194001997  0.002757205201  0.003980667812  0.003143548355  0.002446865247  0.001045878743  0.009483787202  0.005275753385  0.011605225266  0.007370086972  0.013837629504  0.013685709238  0.001360296819  0.001045878743  0.004194001997  0.001045878743  
piranga_ludoviciana_sdsu2648 0.004470558879  0.003357660487  0.001116286406  0.008978038466  0.010106903064  0.008004659639  0.002308476073  0.008971803698  0.002474107421  0.002231215366  0.000000000000  0.011651277844  0.004480574264  0.000000000000  0.002231215366  0.001379638937  0.002876157790  0.001115041700  0.001236357734  0.001115041700  0.007851369876  0.003350699777  0.010106903064  0.004477760849  0.011522868214  0.011735362765  0.000000000000  0.001115041700  0.002231215366  0.001115041700  
piranga_roseogularis_ku2049 0.013515767287  0.012399937456  0.012399937456  0.018082520091  0.016918375332  0.014619728764  0.013576939544  0.014619728764  0.012074957356  0.013515767287  0.011651277844  0.000000000000  0.014680844973  0.010297501657  0.012373302699  0.011179255188  0.009752316772  0.011245093267  0.011160087203  0.012385974204  0.014647758929  0.013515767287  0.019222156703  0.007840643525  0.020408237735  0.015764688431  0.006876405845  0.012385974204  0.012373302699  0.012385974204  
piranga_hepatica_ku4970 0.006313915917  0.005264643311  0.006324678162  0.010561425918  0.011625945027  0.011849383607  0.005482215997  0.011623989144  0.004631009499  0.006315049209  0.004480574264  0.014680844973  0.000000000000  0.000000000000  0.004202369187  0.001377738154  0.000000000000  0.003149133839  0.003683987391  0.005259105803  0.009498861507  0.005285187890  0.011625945027  0.007379565492  0.012697439624  0.011712453801  0.002730851836  0.005259105803  0.004202369187  0.005259105803  
piranga_hepatica_ku9084 0.002905405264  0.002908442591  0.001453853334  0.005824608892  0.010227708360  0.010226630318  0.001451742711  0.010226630318  0.002905405264  0.001451097343  0.000000000000  0.010297501657  0.000000000000  0.000000000000  0.001451097343  0.001451742711  0.000000000000  0.000000000000  0.001453853334  0.000000000000  0.007291510222  0.001451742711  0.005824608892  0.002908442591  0.013181320016  0.011712453801  0.000000000000  0.000000000000  0.001451097343  0.000000000000  
piranga_rubra_sdsu2654 0.002093424239  0.003146845786  0.004200670628  0.008416820403  0.009475759300  0.009657515994  0.003276386733  0.009474512046  0.001152302827  0.004194001997  0.002231215366  0.012373302699  0.004202369187  0.001451097343  0.000000000000  0.002757205201  0.002651210986  0.001045878743  0.002446865247  0.003143548355  0.007359816603  0.003159082232  0.009475759300  0.005251583448  0.011506593016  0.013685709238  0.001360296819  0.003143548355  0.000000000000  0.003143548355  
piranga_flava_lsu15408 0.004141732377  0.001377738154  0.002763754096  0.008309001518  0.011103825610  0.011100644368  0.002759940185  0.011100644368  0.004176327031  0.002757205201  0.001379638937  0.011179255188  0.001377738154  0.001451742711  0.002757205201  0.000000000000  0.001647915579  0.001377738154  0.002786860772  0.001377738154  0.008314153577  0.000000000000  0.008309001518  0.004146635114  0.013911425101  0.013687649780  0.001575231723  0.001377738154  0.002757205201  0.001377738154  
piranga_lutea_lsu5400 0.002651210986  0.005317542107  0.003987586716  0.012024436403  0.013371934703  0.012019442849  0.005378210362  0.012019442849  0.003982293442  0.003980667812  0.002876157790  0.009752316772  0.000000000000  0.000000000000  0.002651210986  0.001647915579  0.000000000000  0.002651210986  0.002839408081  0.002651210986  0.010680065540  0.004008901283  0.013371934703  0.006656983143  0.013454732432  0.010203842592  0.002831368654  0.002651210986  0.002651210986  0.002651210986  
piranga_olivacea_ku4672 0.003142536313  0.002097196693  0.003149673944  0.007359816603  0.008416820403  0.008577404050  0.002182518617  0.008414999180  0.002305814611  0.003143548355  0.001115041700  0.011245093267  0.003149133839  0.000000000000  0.001045878743  0.001377738154  0.002651210986  0.000000000000  0.001222751896  0.002094999875  0.006304740175  0.002104437954  0.008416820403  0.004200338798  0.010347322979  0.011712453801  0.000000000000  0.002094999875  0.001045878743  0.002094999875  
piranga_ludoviciana_sdsu2208 0.003674961676  0.003678820270  0.002452021095  0.009851475464  0.011090872341  0.009843960967  0.003674961676  0.009843960967  0.003674961676  0.002446865247  0.001236357734  0.011160087203  0.003683987391  0.001453853334  0.002446865247  0.002786860772  0.002839408081  0.001222751896  0.000000000000  0.001222751896  0.008614724432  0.002449018564  0.011090872341  0.003678820270  0.012823204226  0.011735362765  0.000000000000  0.001222751896  0.002446865247  0.001222751896  
piranga_bidentata_itm160 0.005248065661  0.004204754182  0.003149673944  0.009483787202  0.010543535136  0.009658812244  0.003277487013  0.010539163590  0.002305814611  0.001045878743  0.001115041700  0.012385974204  0.005259105803  0.000000000000  0.003143548355  0.001377738154  0.002651210986  0.002094999875  0.001222751896  0.000000000000  0.008425973714  0.004218390815  0.010543535136  0.006316119324  0.012675063133  0.011712453801  0.000000000000  0.000000000000  0.003143548355  0.000000000000  
piranga_leucoptera_fmnh481795 0.009478852508  0.008434857937  0.009500577736  0.003143548355  0.002093655835  0.008577404050  0.008780944573  0.008414999180  0.009280069636  0.009483787202  0.007851369876  0.014647758929  0.009498861507  0.007291510222  0.007359816603  0.008314153577  0.010680065540  0.006304740175  0.008614724432  0.008425973714  0.000000000000  0.008465030793  0.004194001997  0.009490558963  0.008035730598  0.005829303445  0.008211740770  0.008425973714  0.007359816603  0.008425973714  
piranga_lutea_ku89864 0.005274038110  0.002106654618  0.005284888659  0.009529033903  0.010594996321  0.010798337322  0.003277487013  0.010592446805  0.003482964456  0.005275753385  0.003350699777  0.013515767287  0.005285187890  0.001451742711  0.003159082232  0.000000000000  0.004008901283  0.002104437954  0.002449018564  0.004218390815  0.008465030793  0.000000000000  0.010594996321  0.006342871111  0.012670519120  0.013687649780  0.001360863912  0.004218390815  0.003159082232  0.004218390815  
piranga_rubriceps_lsu34818 0.011601421090  0.010554663845  0.011623150707  0.001045878743  0.006300655206  0.012910929237  0.010990933919  0.012665632844  0.011616570644  0.011605225266  0.010106903064  0.019222156703  0.011625945027  0.005824608892  0.009475759300  0.008309001518  0.013371934703  0.008416820403  0.011090872341  0.010543535136  0.004194001997  0.010594996321  0.000000000000  0.011610881552  0.010347322979  0.005829303445  0.010966826073  0.010543535136  0.009475759300  0.010543535136  
piranga_roseogularis_ku2141 0.007364038505  0.005262450315  0.005262450315  0.010549751246  0.011610881552  0.009658812244  0.006579356610  0.009475759300  0.005786416052  0.007370086972  0.004477760849  0.007840643525  0.007379565492  0.002908442591  0.005251583448  0.004146635114  0.006656983143  0.004200338798  0.003678820270  0.006316119324  0.009490558963  0.006342871111  0.011610881552  0.000000000000  0.012675063133  0.013687649780  0.002726082853  0.006316119324  0.005251583448  0.006316119324  
piranga_erythrocephala_fmnh343371 0.013833766959  0.012689685809  0.012689685809  0.009190372217  0.010347322979  0.014125216370  0.013124050586  0.013832131805  0.014099791012  0.013837629504  0.011522868214  0.020408237735  0.012697439624  0.013181320016  0.011506593016  0.013911425101  0.013454732432  0.010347322979  0.012823204226  0.012675063133  0.008035730598  0.012670519120  0.010347322979  0.012675063133  0.000000000000  0.000000000000  0.012916467025  0.012675063133  0.011506593016  0.012675063133  
piranga_erythrocephala_fmnh343370 0.013685709238  0.015672033532  0.011735362765  0.005829303445  0.009746360909  0.013690202207  0.013687649780  0.013690202207  0.015665656831  0.013685709238  0.011735362765  0.015764688431  0.011712453801  0.011712453801  0.013685709238  0.013687649780  0.010203842592  0.011712453801  0.011735362765  0.011712453801  0.005829303445  0.013687649780  0.005829303445  0.013687649780  0.000000000000  0.000000000000  0.011712453801  0.011712453801  0.013685709238  0.011712453801  
piranga_ludoviciana_sdsu2650 0.001360296819  0.002726082853  0.000000000000  0.009587644637  0.010966826073  0.008204796497  0.002723414581  0.008204796497  0.002723414581  0.001360296819  0.000000000000  0.006876405845  0.002730851836  0.000000000000  0.001360296819  0.001575231723  0.002831368654  0.000000000000  0.000000000000  0.000000000000  0.008211740770  0.001360863912  0.010966826073  0.002726082853  0.012916467025  0.011712453801  0.000000000000  0.000000000000  0.001360296819  0.000000000000  
piranga_bidentata_tepe59 0.005248065661  0.004204754182  0.003149673944  0.009483787202  0.010543535136  0.009658812244  0.003277487013  0.010539163590  0.002305814611  0.001045878743  0.001115041700  0.012385974204  0.005259105803  0.000000000000  0.003143548355  0.001377738154  0.002651210986  0.002094999875  0.001222751896  0.000000000000  0.008425973714  0.004218390815  0.010543535136  0.006316119324  0.012675063133  0.011712453801  0.000000000000  0.000000000000  0.003143548355  0.000000000000  
piranga_rubra_sdsu2635 0.002093424239  0.003146845786  0.004200670628  0.008416820403  0.009475759300  0.009657515994  0.003276386733  0.009474512046  0.001152302827  0.004194001997  0.002231215366  0.012373302699  0.004202369187  0.001451097343  0.000000000000  0.002757205201  0.002651210986  0.001045878743  0.002446865247  0.003143548355  0.007359816603  0.003159082232  0.009475759300  0.005251583448  0.011506593016  0.013685709238  0.001360296819  0.003143548355  0.000000000000  0.003143548355  
piranga_bidentata_itm141 0.005248065661  0.004204754182  0.003149673944  0.009483787202  0.010543535136  0.009658812244  0.003277487013  0.010539163590  0.002305814611  0.001045878743  0.001115041700  0.012385974204  0.005259105803  0.000000000000  0.003143548355  0.001377738154  0.002651210986  0.002094999875  0.001222751896  0.000000000000  0.008425973714  0.004218390815  0.010543535136  0.006316119324  0.012675063133  0.011712453801  0.000000000000  0.000000000000  0.003143548355  0.000000000000  

