30
piranga_rubra_ku26592 0.000000000000  0.006567784468  0.006568039481  0.010570881953  0.005248434585  0.010543018395  0.001305497616  0.012387490095  0.000000000000  0.003979530329  0.005860171840  0.000000000000  0.003993609162  0.007610407127  0.002614147325  0.005442681046  0.005241557028  0.001305497616  0.002666731882  0.002617568688  0.005248434585  0.006559168514  0.010570881953  0.003958526081  0.009757102378  0.000000000000  0.000000000000  0.002617568688  0.002614147325  0.002617568688  
piranga_flava_ku90809 0.006567784468  0.000000000000  0.007897801820  0.011903516837  0.006567784468  0.011887793050  0.005248434585  0.013795641511  0.000000000000  0.008003150303  0.007342722228  0.000000000000  0.002662875483  0.002533891012  0.003930816299  0.001812742265  0.003932580529  0.005248434585  0.008067719345  0.006579398350  0.006567784468  0.002620202353  0.011903516837  0.005290081958  0.011160809254  0.000000000000  0.000000000000  0.006579398350  0.003930816299  0.006579398350  
piranga_ludoviciana_sdsu2385 0.006568039481  0.007897801820  0.000000000000  0.011923466173  0.006576678858  0.011891954208  0.005252147247  0.011002206289  0.000000000000  0.006664557931  0.004392730515  0.000000000000  0.005336357987  0.002525310602  0.003932119283  0.001808346991  0.006568039481  0.005252147247  0.002669158712  0.006585554176  0.006576678858  0.007887419318  0.011923466173  0.005293854102  0.011184952535  0.000000000000  0.000000000000  0.006585554176  0.003932119283  0.006585554176  
piranga_rubriceps_lsu265 0.010570881953  0.011903516837  0.011923466173  0.000000000000  0.005259178530  0.013247334497  0.009241804381  0.015222256785  0.000000000000  0.009365457720  0.007353521437  0.000000000000  0.009395750980  0.002531703959  0.007908211694  0.001811623039  0.010570881953  0.009241804381  0.002676302218  0.007918649046  0.005259178530  0.011903516837  0.000000000000  0.009315601413  0.012577936743  0.000000000000  0.000000000000  0.007918649046  0.007908211694  0.007918649046  
piranga_leucoptera_lsu7783 0.005248434585  0.006567784468  0.006576678858  0.005259178530  0.000000000000  0.007892737277  0.003932580529  0.009615159779  0.000000000000  0.003984816265  0.002923687622  0.000000000000  0.003998932578  0.002531703959  0.002617568688  0.001811623039  0.005248434585  0.003932580529  0.002676302218  0.002620999018  0.000000000000  0.006567784468  0.005259178530  0.003963756329  0.006944954055  0.000000000000  0.000000000000  0.002620999018  0.002617568688  0.002620999018  
cardinalis_cardinalis_ku25393 0.010543018395  0.011887793050  0.011891954208  0.013247334497  0.007892737277  0.000000000000  0.009217464523  0.001361191152  0.000000000000  0.009340463035  0.005855390826  0.002734856907  0.009370594760  0.005063553920  0.007887419318  0.005442681046  0.010543018395  0.009217464523  0.005346650953  0.007897801820  0.007892737277  0.011872110750  0.013247334497  0.009290871793  0.012577936743  0.000000000000  0.000000000000  0.007897801820  0.007887419318  0.007897801820  
piranga_olivacea_ku2699 0.001305497616  0.005248434585  0.005252147247  0.009241804381  0.003932580529  0.009217464523  0.000000000000  0.011002206289  0.000000000000  0.002651465679  0.004392730515  0.000000000000  0.002659334736  0.005062443554  0.001306078591  0.003622747858  0.003927432179  0.000000000000  0.000000000000  0.001307786665  0.003932580529  0.005241557028  0.009241804381  0.002637479248  0.008357339278  0.000000000000  0.000000000000  0.001307786665  0.001306078591  0.001307786665  
cardinalis_cardinalis_ku21828 0.012387490095  0.013795641511  0.011002206289  0.015222256785  0.009615159779  0.001361191152  0.011002206289  0.000000000000  0.000000000000  0.011063069121  0.005855390826  0.002734856907  0.011192038950  0.005063553920  0.009609753318  0.005442681046  0.012387490095  0.011002206289  0.005346650953  0.009622964524  0.009615159779  0.013776634298  0.015222256785  0.011093753767  0.013147585146  0.000000000000  0.000000000000  0.009622964524  0.009609753318  0.009622964524  
piranga_rubra_ku7046 0.000000000000  0.000000000000  0.000000000000  0.000000000000  0.000000000000  0.000000000000  0.000000000000  0.000000000000  0.000000000000  0.000000000000  0.000000000000  0.000000000000  0.000000000000  0.000000000000  0.000000000000  0.000000000000  0.000000000000  0.000000000000  0.000000000000  0.000000000000  0.000000000000  0.000000000000  0.000000000000  0.000000000000  0.000000000000  0.000000000000  0.000000000000  0.000000000000  0.000000000000  0.000000000000  
piranga_bidentata_hgoslp104 0.003979530329  0.008003150303  0.006664557931  0.009365457720  0.003984816265  0.009340463035  0.002651465679  0.011063069121  0.000000000000  0.000000000000  0.004399172049  0.000000000000  0.005408513449  0.005075290353  0.003984342816  0.005455975732  0.006655468289  0.002651465679  0.000000000000  0.001323362767  0.003984816265  0.007992489148  0.009365457720  0.005364857253  0.008475396871  0.000000000000  0.000000000000  0.001323362767  0.003984342816  0.001323362767  
piranga_ludoviciana_sdsu2648 0.005860171840  0.007342722228  0.004392730515  0.007353521437  0.002923687622  0.005855390826  0.004392730515  0.005855390826  0.000000000000  0.004399172049  0.000000000000  0.000000000000  0.004471890972  0.002525310602  0.002922697034  0.003622747858  0.005860171840  0.004392730515  0.002669158712  0.002926974386  0.002923687622  0.007331954692  0.007353521437  0.004431665196  0.004680581571  0.000000000000  0.000000000000  0.002926974386  0.002922697034  0.002926974386  
piranga_roseogularis_ku2049 0.000000000000  0.000000000000  0.000000000000  0.000000000000  0.000000000000  0.002734856907  0.000000000000  0.002734856907  0.000000000000  0.000000000000  0.000000000000  0.000000000000  0.000000000000  0.000000000000  0.000000000000  0.000000000000  0.000000000000  0.000000000000  0.000000000000  0.000000000000  0.000000000000  0.000000000000  0.000000000000  0.000000000000  0.000000000000  0.000000000000  0.000000000000  0.000000000000  0.000000000000  0.000000000000  
piranga_hepatica_ku4970 0.003993609162  0.002662875483  0.005336357987  0.009395750980  0.003998932578  0.009370594760  0.002659334736  0.011192038950  0.000000000000  0.005408513449  0.004471890972  0.000000000000  0.000000000000  0.000000000000  0.001328036361  0.000000000000  0.000000000000  0.002659334736  0.005346650953  0.004000758668  0.003998932578  0.002659334736  0.009395750980  0.002659334736  0.008348362181  0.000000000000  0.000000000000  0.004000758668  0.001328036361  0.004000758668  
piranga_hepatica_ku9084 0.007610407127  0.002533891012  0.002525310602  0.002531703959  0.002531703959  0.005063553920  0.005062443554  0.005063553920  0.000000000000  0.005075290353  0.002525310602  0.000000000000  0.000000000000  0.000000000000  0.002525310602  0.000000000000  0.000000000000  0.005062443554  0.005433809881  0.005075290353  0.002531703959  0.000000000000  0.002531703959  0.002525310602  0.002531703959  0.000000000000  0.000000000000  0.005075290353  0.002525310602  0.005075290353  
piranga_rubra_sdsu2654 0.002614147325  0.003930816299  0.003932119283  0.007908211694  0.002617568688  0.007887419318  0.001306078591  0.009609753318  0.000000000000  0.003984342816  0.002922697034  0.000000000000  0.001328036361  0.002525310602  0.000000000000  0.001808346991  0.002614147325  0.001306078591  0.002669158712  0.002620202353  0.002617568688  0.003925672577  0.007908211694  0.001316394490  0.006951578090  0.000000000000  0.000000000000  0.002620202353  0.000000000000  0.002620202353  
piranga_flava_lsu15408 0.005442681046  0.001812742265  0.001808346991  0.001811623039  0.001811623039  0.005442681046  0.003622747858  0.005442681046  0.000000000000  0.005455975732  0.003622747858  0.000000000000  0.000000000000  0.000000000000  0.001808346991  0.000000000000  0.000000000000  0.003622747858  0.005346650953  0.003629321947  0.001811623039  0.000000000000  0.001811623039  0.003622747858  0.003629321947  0.000000000000  0.000000000000  0.003629321947  0.001808346991  0.003629321947  
piranga_lutea_lsu5400 0.005241557028  0.003932580529  0.006568039481  0.010570881953  0.005248434585  0.010543018395  0.003927432179  0.012387490095  0.000000000000  0.006655468289  0.005860171840  0.000000000000  0.000000000000  0.000000000000  0.002614147325  0.000000000000  0.000000000000  0.003927432179  0.005346650953  0.005252272774  0.005248434585  0.003927432179  0.010570881953  0.003958526081  0.008348362181  0.000000000000  0.000000000000  0.005252272774  0.002614147325  0.005252272774  
piranga_olivacea_ku4672 0.001305497616  0.005248434585  0.005252147247  0.009241804381  0.003932580529  0.009217464523  0.000000000000  0.011002206289  0.000000000000  0.002651465679  0.004392730515  0.000000000000  0.002659334736  0.005062443554  0.001306078591  0.003622747858  0.003927432179  0.000000000000  0.000000000000  0.001307786665  0.003932580529  0.005241557028  0.009241804381  0.002637479248  0.008357339278  0.000000000000  0.000000000000  0.001307786665  0.001306078591  0.001307786665  
piranga_ludoviciana_sdsu2208 0.002666731882  0.008067719345  0.002669158712  0.002676302218  0.002676302218  0.005346650953  0.000000000000  0.005346650953  0.000000000000  0.000000000000  0.002669158712  0.000000000000  0.005346650953  0.005433809881  0.002669158712  0.005346650953  0.005346650953  0.000000000000  0.000000000000  0.000000000000  0.002676302218  0.005346650953  0.002676302218  0.002669158712  0.002676302218  0.000000000000  0.000000000000  0.000000000000  0.002669158712  0.000000000000  
piranga_bidentata_itm160 0.002617568688  0.006579398350  0.006585554176  0.007918649046  0.002620999018  0.007897801820  0.001307786665  0.009622964524  0.000000000000  0.001323362767  0.002926974386  0.000000000000  0.004000758668  0.005075290353  0.002620202353  0.003629321947  0.005252272774  0.001307786665  0.000000000000  0.000000000000  0.002620999018  0.006570751880  0.007918649046  0.003968530678  0.006961256685  0.000000000000  0.000000000000  0.000000000000  0.002620202353  0.000000000000  
piranga_leucoptera_fmnh481795 0.005248434585  0.006567784468  0.006576678858  0.005259178530  0.000000000000  0.007892737277  0.003932580529  0.009615159779  0.000000000000  0.003984816265  0.002923687622  0.000000000000  0.003998932578  0.002531703959  0.002617568688  0.001811623039  0.005248434585  0.003932580529  0.002676302218  0.002620999018  0.000000000000  0.006567784468  0.005259178530  0.003963756329  0.006944954055  0.000000000000  0.000000000000  0.002620999018  0.002617568688  0.002620999018  
piranga_lutea_ku89864 0.006559168514  0.002620202353  0.007887419318  0.011903516837  0.006567784468  0.011872110750  0.005241557028  0.013776634298  0.000000000000  0.007992489148  0.007331954692  0.000000000000  0.002659334736  0.000000000000  0.003925672577  0.000000000000  0.003927432179  0.005241557028  0.005346650953  0.006570751880  0.006567784468  0.000000000000  0.011903516837  0.005283094889  0.011160809254  0.000000000000  0.000000000000  0.006570751880  0.003925672577  0.006570751880  
piranga_rubriceps_lsu34818 0.010570881953  0.011903516837  0.011923466173  0.000000000000  0.005259178530  0.013247334497  0.009241804381  0.015222256785  0.000000000000  0.009365457720  0.007353521437  0.000000000000  0.009395750980  0.002531703959  0.007908211694  0.001811623039  0.010570881953  0.009241804381  0.002676302218  0.007918649046  0.005259178530  0.011903516837  0.000000000000  0.009315601413  0.012577936743  0.000000000000  0.000000000000  0.007918649046  0.007908211694  0.007918649046  
piranga_roseogularis_ku2141 0.003958526081  0.005290081958  0.005293854102  0.009315601413  0.003963756329  0.009290871793  0.002637479248  0.011093753767  0.000000000000  0.005364857253  0.004431665196  0.000000000000  0.002659334736  0.002525310602  0.001316394490  0.003622747858  0.003958526081  0.002637479248  0.002669158712  0.003968530678  0.003963756329  0.005283094889  0.009315601413  0.000000000000  0.008357339278  0.000000000000  0.000000000000  0.003968530678  0.001316394490  0.003968530678  
piranga_erythrocephala_fmnh343371 0.009757102378  0.011160809254  0.011184952535  0.012577936743  0.006944954055  0.012577936743  0.008357339278  0.013147585146  0.000000000000  0.008475396871  0.004680581571  0.000000000000  0.008348362181  0.002531703959  0.006951578090  0.003629321947  0.008348362181  0.008357339278  0.002676302218  0.006961256685  0.006944954055  0.011160809254  0.012577936743  0.008357339278  0.000000000000  0.000000000000  0.000000000000  0.006961256685  0.006951578090  0.006961256685  
piranga_erythrocephala_fmnh343370 0.000000000000  0.000000000000  0.000000000000  0.000000000000  0.000000000000  0.000000000000  0.000000000000  0.000000000000  0.000000000000  0.000000000000  0.000000000000  0.000000000000  0.000000000000  0.000000000000  0.000000000000  0.000000000000  0.000000000000  0.000000000000  0.000000000000  0.000000000000  0.000000000000  0.000000000000  0.000000000000  0.000000000000  0.000000000000  0.000000000000  0.000000000000  0.000000000000  0.000000000000  0.000000000000  
piranga_ludoviciana_sdsu2650 0.000000000000  0.000000000000  0.000000000000  0.000000000000  0.000000000000  0.000000000000  0.000000000000  0.000000000000  0.000000000000  0.000000000000  0.000000000000  0.000000000000  0.000000000000  0.000000000000  0.000000000000  0.000000000000  0.000000000000  0.000000000000  0.000000000000  0.000000000000  0.000000000000  0.000000000000  0.000000000000  0.000000000000  0.000000000000  0.000000000000  0.000000000000  0.000000000000  0.000000000000  0.000000000000  
piranga_bidentata_tepe59 0.002617568688  0.006579398350  0.006585554176  0.007918649046  0.002620999018  0.007897801820  0.001307786665  0.009622964524  0.000000000000  0.001323362767  0.002926974386  0.000000000000  0.004000758668  0.005075290353  0.002620202353  0.003629321947  0.005252272774  0.001307786665  0.000000000000  0.000000000000  0.002620999018  0.006570751880  0.007918649046  0.003968530678  0.006961256685  0.000000000000  0.000000000000  0.000000000000  0.002620202353  0.000000000000  
piranga_rubra_sdsu2635 0.002614147325  0.003930816299  0.003932119283  0.007908211694  0.002617568688  0.007887419318  0.001306078591  0.009609753318  0.000000000000  0.003984342816  0.002922697034  0.000000000000  0.001328036361  0.002525310602  0.000000000000  0.001808346991  0.002614147325  0.001306078591  0.002669158712  0.002620202353  0.002617568688  0.003925672577  0.007908211694  0.001316394490  0.006951578090  0.000000000000  0.000000000000  0.002620202353  0.000000000000  0.002620202353  
piranga_bidentata_itm141 0.002617568688  0.006579398350  0.006585554176  0.007918649046  0.002620999018  0.007897801820  0.001307786665  0.009622964524  0.000000000000  0.001323362767  0.002926974386  0.000000000000  0.004000758668  0.005075290353  0.002620202353  0.003629321947  0.005252272774  0.001307786665  0.000000000000  0.000000000000  0.002620999018  0.006570751880  0.007918649046  0.003968530678  0.006961256685  0.000000000000  0.000000000000  0.000000000000  0.002620202353  0.000000000000  

