30
cardinalis_cardinalis_ku21828 0.000000000000  0.001502272499  0.012637245780  0.012125651075  0.009575562140  0.010590319432  0.010590319432  0.012117041037  0.009575562140  0.010587001850  0.010587001850  0.009575562140  0.009575562140  0.012632480608  0.010594025118  0.012632480608  0.014175203296  0.012637245780  0.010084532248  0.010084532248  0.010590319432  0.012121151592  0.011100072086  0.011100072086  0.013651814151  0.013651814151  0.011614583452  0.016220369114  0.017767910438  0.010594025118  
cardinalis_cardinalis_ku25393 0.001502272499  0.000000000000  0.014175203296  0.013662020797  0.011104041827  0.012121151592  0.012121151592  0.013651814151  0.011104041827  0.012117041037  0.012117041037  0.011104041827  0.011104041827  0.014169637752  0.012125651075  0.014169637752  0.015717943940  0.014175203296  0.011614583452  0.011614583452  0.012121151592  0.013656722596  0.012632480608  0.012632480608  0.015191350577  0.015191350577  0.013149368657  0.017767910438  0.019320294784  0.012125651075  
piranga_rubriceps_lsu265 0.012637245780  0.014175203296  0.000000000000  0.001502272499  0.006036581947  0.007046446326  0.007046446326  0.008565655224  0.006036581947  0.007043417562  0.007043417562  0.006036581947  0.006036581947  0.009078183999  0.007049859798  0.009078183999  0.010612721405  0.009082646166  0.006542962145  0.006542962145  0.007046446326  0.008569468893  0.007553601122  0.007553601122  0.010092578585  0.010092578585  0.008573668080  0.013160598424  0.015216537839  0.007557275962  
piranga_rubriceps_lsu34818 0.012125651075  0.013662020797  0.001502272499  0.000000000000  0.005530718147  0.006539809509  0.006539809509  0.008057723458  0.005530718147  0.006537041313  0.006537041313  0.005530718147  0.005530718147  0.008569468893  0.006542962145  0.008569468893  0.010102171752  0.008573668080  0.006036581947  0.006036581947  0.006539809509  0.008061274956  0.007046446326  0.007046446326  0.009583081717  0.009583081717  0.008065211701  0.012647942236  0.014701753582  0.007049859798  
piranga_flava_lsu15408 0.009575562140  0.011104041827  0.006036581947  0.005530718147  0.000000000000  0.002003213852  0.002003213852  0.002504533390  0.000000000000  0.001000754437  0.001000754437  0.000000000000  0.000000000000  0.003007766811  0.001001009320  0.003007766811  0.004520535536  0.003009108408  0.000500252160  0.000500252160  0.001000691107  0.002505236041  0.001501699216  0.001501699216  0.004012884924  0.004012884924  0.002506321014  0.007043417562  0.009074107621  0.001502272499  
piranga_erythrocephala_fmnh343371 0.010590319432  0.012121151592  0.007046446326  0.006539809509  0.002003213852  0.000000000000  0.000000000000  0.004515342237  0.002003213852  0.003006231747  0.003006231747  0.002003213852  0.002003213852  0.005021006700  0.003007766811  0.005021006700  0.006539809509  0.005022996376  0.002505236041  0.002505236041  0.003006807798  0.004516689711  0.003509591298  0.003509591298  0.006029057840  0.006029057840  0.004518420936  0.009070417405  0.011108399569  0.003510807193  
piranga_erythrocephala_fmnh343370 0.010590319432  0.012121151592  0.007046446326  0.006539809509  0.002003213852  0.000000000000  0.000000000000  0.004515342237  0.002003213852  0.003006231747  0.003006231747  0.002003213852  0.002003213852  0.005021006700  0.003007766811  0.005021006700  0.006539809509  0.005022996376  0.002505236041  0.002505236041  0.003006807798  0.004516689711  0.003509591298  0.003509591298  0.006029057840  0.006029057840  0.004518420936  0.009070417405  0.011108399569  0.003510807193  
piranga_roseogularis_ku2141 0.012117041037  0.013651814151  0.008565655224  0.008057723458  0.002504533390  0.004515342237  0.004515342237  0.000000000000  0.002504533390  0.003508309559  0.003508309559  0.002504533390  0.002504533390  0.005523972558  0.003509591298  0.005523972558  0.007043417562  0.005525836932  0.003006807798  0.003006807798  0.003508758627  0.005019401039  0.004011795113  0.004011795113  0.006532659738  0.006532659738  0.005021006700  0.009575562140  0.011614583452  0.004012884924  
piranga_roseogularis_ku2049 0.009575562140  0.011104041827  0.006036581947  0.005530718147  0.000000000000  0.002003213852  0.002003213852  0.002504533390  0.000000000000  0.001000754437  0.001000754437  0.000000000000  0.000000000000  0.003007766811  0.001001009320  0.003007766811  0.004520535536  0.003009108408  0.000500252160  0.000500252160  0.001000691107  0.002505236041  0.001501699216  0.001501699216  0.004012884924  0.004012884924  0.002506321014  0.007043417562  0.009074107621  0.001502272499  
piranga_hepatica_ku4970 0.010587001850  0.012117041037  0.007043417562  0.006537041313  0.001000754437  0.003006231747  0.003006231747  0.003508309559  0.001000754437  0.000000000000  0.000000000000  0.001000754437  0.001000754437  0.004011795113  0.002002767044  0.004011795113  0.005525836932  0.004012884924  0.001501507735  0.001501507735  0.002002702676  0.003508758627  0.002504213439  0.002504213439  0.005018179770  0.005018179770  0.003509591298  0.008051777697  0.010084532248  0.002504533390  
piranga_hepatica_ku9084 0.010587001850  0.012117041037  0.007043417562  0.006537041313  0.001000754437  0.003006231747  0.003006231747  0.003508309559  0.001000754437  0.000000000000  0.000000000000  0.001000754437  0.001000754437  0.004011795113  0.002002767044  0.004011795113  0.005525836932  0.004012884924  0.001501507735  0.001501507735  0.002002702676  0.003508758627  0.002504213439  0.002504213439  0.005018179770  0.005018179770  0.003509591298  0.008051777697  0.010084532248  0.002504533390  
piranga_lutea_lsu5400 0.009575562140  0.011104041827  0.006036581947  0.005530718147  0.000000000000  0.002003213852  0.002003213852  0.002504533390  0.000000000000  0.001000754437  0.001000754437  0.000000000000  0.000000000000  0.003007766811  0.001001009320  0.003007766811  0.004520535536  0.003009108408  0.000500252160  0.000500252160  0.001000691107  0.002505236041  0.001501699216  0.001501699216  0.004012884924  0.004012884924  0.002506321014  0.007043417562  0.009074107621  0.001502272499  
piranga_lutea_ku89864 0.009575562140  0.011104041827  0.006036581947  0.005530718147  0.000000000000  0.002003213852  0.002003213852  0.002504533390  0.000000000000  0.001000754437  0.001000754437  0.000000000000  0.000000000000  0.003007766811  0.001001009320  0.003007766811  0.004520535536  0.003009108408  0.000500252160  0.000500252160  0.001000691107  0.002505236041  0.001501699216  0.001501699216  0.004012884924  0.004012884924  0.002506321014  0.007043417562  0.009074107621  0.001502272499  
piranga_leucoptera_fmnh481795 0.012632480608  0.014169637752  0.009078183999  0.008569468893  0.003007766811  0.005021006700  0.005021006700  0.005523972558  0.003007766811  0.004011795113  0.004011795113  0.003007766811  0.003007766811  0.000000000000  0.002003213852  0.006031181453  0.007553601122  0.006033689614  0.003510807193  0.003510807193  0.004012884924  0.005525836932  0.004516689711  0.004516689711  0.007040773881  0.007040773881  0.005528085586  0.010088361877  0.012130539108  0.004518420936  
piranga_leucoptera_lsu7783 0.010594025118  0.012125651075  0.007049859798  0.006542962145  0.001001009320  0.003007766811  0.003007766811  0.003509591298  0.001001009320  0.002002767044  0.002002767044  0.001001009320  0.001001009320  0.002003213852  0.000000000000  0.004014358222  0.005530718147  0.004016214631  0.001502272499  0.001502272499  0.002003213852  0.003510807193  0.002505236041  0.002505236041  0.005021006700  0.005021006700  0.003512405934  0.008057723458  0.010092578585  0.002506321014  
piranga_flava_ku90809 0.012632480608  0.014169637752  0.009078183999  0.008569468893  0.003007766811  0.005021006700  0.005021006700  0.005523972558  0.003007766811  0.004011795113  0.004011795113  0.003007766811  0.003007766811  0.006031181453  0.004014358222  0.000000000000  0.007553601122  0.006033689614  0.003510807193  0.003510807193  0.004012884924  0.005525836932  0.004516689711  0.004516689711  0.007040773881  0.007040773881  0.005528085586  0.010088361877  0.012130539108  0.004518420936  
piranga_bidentata_tepe59 0.014175203296  0.015717943940  0.010612721405  0.010102171752  0.004520535536  0.006539809509  0.006539809509  0.007043417562  0.004520535536  0.005525836932  0.005525836932  0.004520535536  0.004520535536  0.007553601122  0.005530718147  0.007553601122  0.000000000000  0.001502272499  0.004016214631  0.004016214631  0.004518420936  0.006033689614  0.005022996376  0.005022996376  0.007550311258  0.007550311258  0.007049859798  0.011624216584  0.013673784977  0.006036581947  
piranga_bidentata_hgoslp104 0.012637245780  0.014175203296  0.009082646166  0.008573668080  0.003009108408  0.005022996376  0.005022996376  0.005525836932  0.003009108408  0.004012884924  0.004012884924  0.003009108408  0.003009108408  0.006033689614  0.004016214631  0.006033689614  0.001502272499  0.000000000000  0.002506321014  0.002506321014  0.003007766811  0.004518420936  0.003510807193  0.003510807193  0.006031181453  0.006031181453  0.005530718147  0.010092578585  0.012135815320  0.004520535536  
piranga_olivacea_ku2699 0.010084532248  0.011614583452  0.006542962145  0.006036581947  0.000500252160  0.002505236041  0.002505236041  0.003006807798  0.000500252160  0.001501507735  0.001501507735  0.000500252160  0.000500252160  0.003510807193  0.001502272499  0.003510807193  0.004016214631  0.002506321014  0.000000000000  0.000000000000  0.000500188504  0.002003213852  0.001000691107  0.001000691107  0.003509591298  0.003509591298  0.003009108408  0.007550311258  0.009583081717  0.002004042721  
piranga_olivacea_ku4672 0.010084532248  0.011614583452  0.006542962145  0.006036581947  0.000500252160  0.002505236041  0.002505236041  0.003006807798  0.000500252160  0.001501507735  0.001501507735  0.000500252160  0.000500252160  0.003510807193  0.001502272499  0.003510807193  0.004016214631  0.002506321014  0.000000000000  0.000000000000  0.000500188504  0.002003213852  0.001000691107  0.001000691107  0.003509591298  0.003509591298  0.003009108408  0.007550311258  0.009583081717  0.002004042721  
piranga_ludoviciana_sdsu2650 0.010590319432  0.012121151592  0.007046446326  0.006539809509  0.001000691107  0.003006807798  0.003006807798  0.003508758627  0.001000691107  0.002002702676  0.002002702676  0.001000691107  0.001000691107  0.004012884924  0.002003213852  0.004012884924  0.004518420936  0.003007766811  0.000500188504  0.000500188504  0.000000000000  0.001502272499  0.000500252160  0.000500252160  0.003007766811  0.003007766811  0.003510807193  0.008054557580  0.010088361877  0.002505236041  
piranga_ludoviciana_sdsu2208 0.012121151592  0.013656722596  0.008569468893  0.008061274956  0.002505236041  0.004516689711  0.004516689711  0.005019401039  0.002505236041  0.003508758627  0.003508758627  0.002505236041  0.002505236041  0.005525836932  0.003510807193  0.005525836932  0.006033689614  0.004518420936  0.002003213852  0.002003213852  0.001502272499  0.000000000000  0.002004042721  0.002004042721  0.004518420936  0.004518420936  0.005022996376  0.009579128525  0.011619206067  0.004014358222  
piranga_ludoviciana_sdsu2385 0.011100072086  0.012632480608  0.007553601122  0.007046446326  0.001501699216  0.003509591298  0.003509591298  0.004011795113  0.001501699216  0.002504213439  0.002504213439  0.001501699216  0.001501699216  0.004516689711  0.002505236041  0.004516689711  0.005022996376  0.003510807193  0.001000691107  0.001000691107  0.000500252160  0.002004042721  0.000000000000  0.000000000000  0.003510807193  0.003510807193  0.004014358222  0.008562227445  0.010598118532  0.003007766811  
piranga_ludoviciana_sdsu2648 0.011100072086  0.012632480608  0.007553601122  0.007046446326  0.001501699216  0.003509591298  0.003509591298  0.004011795113  0.001501699216  0.002504213439  0.002504213439  0.001501699216  0.001501699216  0.004516689711  0.002505236041  0.004516689711  0.005022996376  0.003510807193  0.001000691107  0.001000691107  0.000500252160  0.002004042721  0.000000000000  0.000000000000  0.003510807193  0.003510807193  0.004014358222  0.008562227445  0.010598118532  0.003007766811  
piranga_bidentata_itm160 0.013651814151  0.015191350577  0.010092578585  0.009583081717  0.004012884924  0.006029057840  0.006029057840  0.006532659738  0.004012884924  0.005018179770  0.005018179770  0.004012884924  0.004012884924  0.007040773881  0.005021006700  0.007040773881  0.007550311258  0.006031181453  0.003509591298  0.003509591298  0.003007766811  0.004518420936  0.003510807193  0.003510807193  0.000000000000  0.000000000000  0.006537041313  0.011104041827  0.013149368657  0.005525836932  
piranga_bidentata_itm141 0.013651814151  0.015191350577  0.010092578585  0.009583081717  0.004012884924  0.006029057840  0.006029057840  0.006532659738  0.004012884924  0.005018179770  0.005018179770  0.004012884924  0.004012884924  0.007040773881  0.005021006700  0.007040773881  0.007550311258  0.006031181453  0.003509591298  0.003509591298  0.003007766811  0.004518420936  0.003510807193  0.003510807193  0.000000000000  0.000000000000  0.006537041313  0.011104041827  0.013149368657  0.005525836932  
piranga_rubra_ku7046 0.011614583452  0.013149368657  0.008573668080  0.008065211701  0.002506321014  0.004518420936  0.004518420936  0.005021006700  0.002506321014  0.003509591298  0.003509591298  0.002506321014  0.002506321014  0.005528085586  0.003512405934  0.005528085586  0.007049859798  0.005530718147  0.003009108408  0.003009108408  0.003510807193  0.005022996376  0.004014358222  0.004014358222  0.006537041313  0.006537041313  0.000000000000  0.006537041313  0.008565655224  0.001001009320  
piranga_rubra_sdsu2635 0.016220369114  0.017767910438  0.013160598424  0.012647942236  0.007043417562  0.009070417405  0.009070417405  0.009575562140  0.007043417562  0.008051777697  0.008051777697  0.007043417562  0.007043417562  0.010088361877  0.008057723458  0.010088361877  0.011624216584  0.010092578585  0.007550311258  0.007550311258  0.008054557580  0.009579128525  0.008562227445  0.008562227445  0.011104041827  0.011104041827  0.006537041313  0.000000000000  0.003006807798  0.005525836932  
piranga_rubra_sdsu2654 0.017767910438  0.019320294784  0.015216537839  0.014701753582  0.009074107621  0.011108399569  0.011108399569  0.011614583452  0.009074107621  0.010084532248  0.010084532248  0.009074107621  0.009074107621  0.012130539108  0.010092578585  0.012130539108  0.013673784977  0.012135815320  0.009583081717  0.009583081717  0.010088361877  0.011619206067  0.010598118532  0.010598118532  0.013149368657  0.013149368657  0.008565655224  0.003006807798  0.000000000000  0.007550311258  
piranga_rubra_ku26592 0.010594025118  0.012125651075  0.007557275962  0.007049859798  0.001502272499  0.003510807193  0.003510807193  0.004012884924  0.001502272499  0.002504533390  0.002504533390  0.001502272499  0.001502272499  0.004518420936  0.002506321014  0.004518420936  0.006036581947  0.004520535536  0.002004042721  0.002004042721  0.002505236041  0.004014358222  0.003007766811  0.003007766811  0.005525836932  0.005525836932  0.001001009320  0.005525836932  0.007550311258  0.000000000000  

