30
piranga_rubra_ku26592 0.000000000000  0.004229876103  0.005650412803  0.011837718728  0.007074543650  0.008509649685  0.005695946416  0.008509649685  0.002931998463  0.004231039149  0.004231039149  0.005811810764  0.002816391012  0.000000000000  0.001642514800  0.006003721537  0.004278132267  0.004231039149  0.003071590267  0.004231039149  0.011464486620  0.004231039149  0.007074543650  0.005862922595  0.007074543650  0.001946197828  0.005145403404  0.004237014847  0.004231039149  0.004231039149  
piranga_flava_ku90809 0.004229876103  0.000000000000  0.004231039149  0.005888568484  0.005650412803  0.007080267686  0.000000000000  0.007080267686  0.001464093427  0.002816391012  0.002816391012  0.000000000000  0.001406437031  0.001538422510  0.004941973907  0.000000000000  0.002848873520  0.002816391012  0.001534159825  0.002816391012  0.005703834800  0.002816391012  0.005650412803  0.000000000000  0.005650412803  0.001946197828  0.003426750003  0.002820362644  0.002816391012  0.002816391012  
piranga_ludoviciana_sdsu2385 0.005650412803  0.004231039149  0.000000000000  0.008863740509  0.004234513145  0.008515532650  0.002842346685  0.007084567878  0.001464509225  0.001406820716  0.001406820716  0.000000000000  0.002818314714  0.001538881610  0.008267785482  0.000000000000  0.002848480834  0.001406820716  0.000000000000  0.001406820716  0.008584723905  0.004234513145  0.004234513145  0.000000000000  0.004234513145  0.001946197828  0.001709920563  0.001408802651  0.004234513145  0.001406820716  
piranga_rubriceps_lsu265 0.011837718728  0.005888568484  0.008863740509  0.000000000000  0.000000000000  0.008874674975  0.005888568484  0.008874674975  0.003196708129  0.005888568484  0.005888568484  0.006276660851  0.005888568484  0.003573705164  0.014848117209  0.006237509412  0.006030617632  0.005888568484  0.003335315190  0.005888568484  0.000000000000  0.005888568484  0.000000000000  0.005976553271  0.005888568484  0.000000000000  0.006630410784  0.005905957581  0.008863740509  0.005888568484  
piranga_leucoptera_lsu7783 0.007074543650  0.005650412803  0.004234513145  0.000000000000  0.000000000000  0.007084567878  0.005703834800  0.007084567878  0.002934083547  0.002818314714  0.002818314714  0.005820024178  0.004234513145  0.003083356808  0.009940504292  0.006012487821  0.005714997833  0.002818314714  0.001534159825  0.002818314714  0.000000000000  0.005655447472  0.000000000000  0.005871281487  0.002818314714  0.000000000000  0.003426750003  0.002822291782  0.005655447472  0.002818314714  
cardinalis_cardinalis_ku25393 0.008509649685  0.007080267686  0.008515532650  0.008874674975  0.007084567878  0.000000000000  0.008594982318  0.000000000000  0.004408758125  0.007084567878  0.007084567878  0.005820024178  0.005658405988  0.004633466403  0.009948949853  0.006012487821  0.007151153829  0.007084567878  0.006170156994  0.007084567878  0.008594982318  0.007084567878  0.007084567878  0.008822475735  0.007084567878  0.001946197828  0.006881360424  0.007094620554  0.007084567878  0.007084567878  
piranga_olivacea_ku2699 0.005695946416  0.000000000000  0.002842346685  0.005888568484  0.005703834800  0.008594982318  0.000000000000  0.008594982318  0.000000000000  0.000000000000  0.000000000000  0.000000000000  0.000000000000  0.000000000000  0.008570427429  0.000000000000  0.000000000000  0.000000000000  0.000000000000  0.000000000000  0.005703834800  0.002842346685  0.005703834800  0.000000000000  0.005703834800  0.003391880437  0.003186521701  0.000000000000  0.002842346685  0.000000000000  
cardinalis_cardinalis_ku21828 0.008509649685  0.007080267686  0.007084567878  0.008874674975  0.007084567878  0.000000000000  0.008594982318  0.000000000000  0.004408758125  0.007084567878  0.007084567878  0.005820024178  0.005658405988  0.004633466403  0.009948949853  0.006012487821  0.007151153829  0.007084567878  0.006170156994  0.007084567878  0.008594982318  0.007084567878  0.007084567878  0.008822475735  0.007084567878  0.001946197828  0.006881360424  0.007094620554  0.007084567878  0.007084567878  
piranga_rubra_ku7046 0.002931998463  0.001464093427  0.001464509225  0.003196708129  0.002934083547  0.004408758125  0.000000000000  0.004408758125  0.000000000000  0.001464509225  0.001464509225  0.000000000000  0.000000000000  0.000000000000  0.005180947841  0.000000000000  0.001464093427  0.001464509225  0.001534159825  0.001464509225  0.003088117713  0.001464509225  0.002934083547  0.000000000000  0.004408758125  0.001946197828  0.003426750003  0.001464509225  0.001464509225  0.001464509225  
piranga_bidentata_hgoslp104 0.004231039149  0.002816391012  0.001406820716  0.005888568484  0.002818314714  0.007084567878  0.000000000000  0.007084567878  0.001464509225  0.000000000000  0.000000000000  0.000000000000  0.001406820716  0.001538881610  0.006601625767  0.000000000000  0.002848480834  0.000000000000  0.000000000000  0.000000000000  0.005703834800  0.002818314714  0.002818314714  0.000000000000  0.002818314714  0.001946197828  0.001709920563  0.000000000000  0.002818314714  0.000000000000  
piranga_ludoviciana_sdsu2648 0.004231039149  0.002816391012  0.001406820716  0.005888568484  0.002818314714  0.007084567878  0.000000000000  0.007084567878  0.001464509225  0.000000000000  0.000000000000  0.000000000000  0.001406820716  0.001538881610  0.006601625767  0.000000000000  0.002848480834  0.000000000000  0.000000000000  0.000000000000  0.005703834800  0.002818314714  0.002818314714  0.000000000000  0.002818314714  0.001946197828  0.001709920563  0.000000000000  0.002818314714  0.000000000000  
piranga_roseogularis_ku2049 0.005811810764  0.000000000000  0.000000000000  0.006276660851  0.005820024178  0.005820024178  0.000000000000  0.005820024178  0.000000000000  0.000000000000  0.000000000000  0.000000000000  0.000000000000  0.000000000000  0.008745318187  0.000000000000  0.000000000000  0.000000000000  0.000000000000  0.000000000000  0.006067207257  0.002900047487  0.005820024178  0.000000000000  0.005820024178  0.003238113542  0.003050437114  0.000000000000  0.002900047487  0.000000000000  
piranga_hepatica_ku4970 0.002816391012  0.001406437031  0.002818314714  0.005888568484  0.004234513145  0.005658405988  0.000000000000  0.005658405988  0.000000000000  0.001406820716  0.001406820716  0.000000000000  0.000000000000  0.000000000000  0.004941973907  0.000000000000  0.001422441641  0.001406820716  0.001534159825  0.001406820716  0.005703834800  0.001406820716  0.004234513145  0.000000000000  0.004234513145  0.001946197828  0.003426750003  0.001408802651  0.001406820716  0.001406820716  
piranga_hepatica_ku9084 0.000000000000  0.001538422510  0.001538881610  0.003573705164  0.003083356808  0.004633466403  0.000000000000  0.004633466403  0.000000000000  0.001538881610  0.001538881610  0.000000000000  0.000000000000  0.000000000000  0.001825408991  0.000000000000  0.001538422510  0.001538881610  0.001582722876  0.001538881610  0.003438533060  0.001538881610  0.003083356808  0.000000000000  0.003083356808  0.001961467470  0.003567330832  0.001538881610  0.001538881610  0.001538881610  
piranga_rubra_sdsu2654 0.001642514800  0.004941973907  0.008267785482  0.014848117209  0.009940504292  0.009948949853  0.008570427429  0.009948949853  0.005180947841  0.006601625767  0.006601625767  0.008745318187  0.004941973907  0.001825408991  0.000000000000  0.009035045898  0.006686139158  0.006601625767  0.005299936724  0.006601625767  0.014378392514  0.006601625767  0.009940504292  0.008822475735  0.009940504292  0.003901350793  0.007043361564  0.006612539335  0.006601625767  0.006601625767  
piranga_flava_lsu15408 0.006003721537  0.000000000000  0.000000000000  0.006237509412  0.006012487821  0.006012487821  0.000000000000  0.006012487821  0.000000000000  0.000000000000  0.000000000000  0.000000000000  0.000000000000  0.000000000000  0.009035045898  0.000000000000  0.000000000000  0.000000000000  0.000000000000  0.000000000000  0.006030617632  0.002995609374  0.006012487821  0.000000000000  0.006012487821  0.003380414415  0.003176399986  0.000000000000  0.002995609374  0.000000000000  
piranga_lutea_lsu5400 0.004278132267  0.002848873520  0.002848480834  0.006030617632  0.005714997833  0.007151153829  0.000000000000  0.007151153829  0.001464093427  0.002848480834  0.002848480834  0.000000000000  0.001422441641  0.001538422510  0.006686139158  0.000000000000  0.000000000000  0.002848480834  0.003071590267  0.002848480834  0.005837010214  0.002848480834  0.005714997833  0.000000000000  0.005714997833  0.001946197828  0.005145403404  0.002848480834  0.002848480834  0.002848480834  
piranga_olivacea_ku4672 0.004231039149  0.002816391012  0.001406820716  0.005888568484  0.002818314714  0.007084567878  0.000000000000  0.007084567878  0.001464509225  0.000000000000  0.000000000000  0.000000000000  0.001406820716  0.001538881610  0.006601625767  0.000000000000  0.002848480834  0.000000000000  0.000000000000  0.000000000000  0.005703834800  0.002818314714  0.002818314714  0.000000000000  0.002818314714  0.001946197828  0.001709920563  0.000000000000  0.002818314714  0.000000000000  
piranga_ludoviciana_sdsu2208 0.003071590267  0.001534159825  0.000000000000  0.003335315190  0.001534159825  0.006170156994  0.000000000000  0.006170156994  0.001534159825  0.000000000000  0.000000000000  0.000000000000  0.001534159825  0.001582722876  0.005299936724  0.000000000000  0.003071590267  0.000000000000  0.000000000000  0.000000000000  0.003217277621  0.003073878901  0.001534159825  0.000000000000  0.003073878901  0.001946197828  0.001718737288  0.000000000000  0.003073878901  0.000000000000  
piranga_bidentata_itm160 0.004231039149  0.002816391012  0.001406820716  0.005888568484  0.002818314714  0.007084567878  0.000000000000  0.007084567878  0.001464509225  0.000000000000  0.000000000000  0.000000000000  0.001406820716  0.001538881610  0.006601625767  0.000000000000  0.002848480834  0.000000000000  0.000000000000  0.000000000000  0.005703834800  0.002818314714  0.002818314714  0.000000000000  0.002818314714  0.001946197828  0.001709920563  0.000000000000  0.002818314714  0.000000000000  
piranga_leucoptera_fmnh481795 0.011464486620  0.005703834800  0.008584723905  0.000000000000  0.000000000000  0.008594982318  0.005703834800  0.008594982318  0.003088117713  0.005703834800  0.005703834800  0.006067207257  0.005703834800  0.003438533060  0.014378392514  0.006030617632  0.005837010214  0.005703834800  0.003217277621  0.005703834800  0.000000000000  0.008584723905  0.000000000000  0.005871281487  0.005703834800  0.000000000000  0.006397120755  0.005720148437  0.008584723905  0.005703834800  
piranga_lutea_ku89864 0.004231039149  0.002816391012  0.004234513145  0.005888568484  0.005655447472  0.007084567878  0.002842346685  0.007084567878  0.001464509225  0.002818314714  0.002818314714  0.002900047487  0.001406820716  0.001538881610  0.006601625767  0.002995609374  0.002848480834  0.002818314714  0.003073878901  0.002818314714  0.008584723905  0.000000000000  0.005655447472  0.002925499852  0.005655447472  0.003901350793  0.005150544376  0.002822291782  0.002818314714  0.002818314714  
piranga_rubriceps_lsu34818 0.007074543650  0.005650412803  0.004234513145  0.000000000000  0.000000000000  0.007084567878  0.005703834800  0.007084567878  0.002934083547  0.002818314714  0.002818314714  0.005820024178  0.004234513145  0.003083356808  0.009940504292  0.006012487821  0.005714997833  0.002818314714  0.001534159825  0.002818314714  0.000000000000  0.005655447472  0.000000000000  0.005871281487  0.002818314714  0.000000000000  0.003426750003  0.002822291782  0.005655447472  0.002818314714  
piranga_roseogularis_ku2141 0.005862922595  0.000000000000  0.000000000000  0.005976553271  0.005871281487  0.008822475735  0.000000000000  0.008822475735  0.000000000000  0.000000000000  0.000000000000  0.000000000000  0.000000000000  0.000000000000  0.008822475735  0.000000000000  0.000000000000  0.000000000000  0.000000000000  0.000000000000  0.005871281487  0.002925499852  0.005871281487  0.000000000000  0.005871281487  0.003450397431  0.003238113542  0.000000000000  0.002925499852  0.000000000000  
piranga_erythrocephala_fmnh343371 0.007074543650  0.005650412803  0.004234513145  0.005888568484  0.002818314714  0.007084567878  0.005703834800  0.007084567878  0.004408758125  0.002818314714  0.002818314714  0.005820024178  0.004234513145  0.003083356808  0.009940504292  0.006012487821  0.005714997833  0.002818314714  0.003073878901  0.002818314714  0.005703834800  0.005655447472  0.002818314714  0.005871281487  0.000000000000  0.000000000000  0.005150544376  0.002822291782  0.005655447472  0.002818314714  
piranga_erythrocephala_fmnh343370 0.001946197828  0.001946197828  0.001946197828  0.000000000000  0.000000000000  0.001946197828  0.003391880437  0.001946197828  0.001946197828  0.001946197828  0.001946197828  0.003238113542  0.001946197828  0.001961467470  0.003901350793  0.003380414415  0.001946197828  0.001946197828  0.001946197828  0.001946197828  0.000000000000  0.003901350793  0.000000000000  0.003450397431  0.000000000000  0.000000000000  0.003901350793  0.001946197828  0.003901350793  0.001946197828  
piranga_ludoviciana_sdsu2650 0.005145403404  0.003426750003  0.001709920563  0.006630410784  0.003426750003  0.006881360424  0.003186521701  0.006881360424  0.003426750003  0.001709920563  0.001709920563  0.003050437114  0.003426750003  0.003567330832  0.007043361564  0.003176399986  0.005145403404  0.001709920563  0.001718737288  0.001709920563  0.006397120755  0.005150544376  0.003426750003  0.003238113542  0.005150544376  0.003901350793  0.000000000000  0.001709920563  0.005150544376  0.001709920563  
piranga_bidentata_tepe59 0.004237014847  0.002820362644  0.001408802651  0.005905957581  0.002822291782  0.007094620554  0.000000000000  0.007094620554  0.001464509225  0.000000000000  0.000000000000  0.000000000000  0.001408802651  0.001538881610  0.006612539335  0.000000000000  0.002848480834  0.000000000000  0.000000000000  0.000000000000  0.005720148437  0.002822291782  0.002822291782  0.000000000000  0.002822291782  0.001946197828  0.001709920563  0.000000000000  0.002822291782  0.000000000000  
piranga_rubra_sdsu2635 0.004231039149  0.002816391012  0.004234513145  0.008863740509  0.005655447472  0.007084567878  0.002842346685  0.007084567878  0.001464509225  0.002818314714  0.002818314714  0.002900047487  0.001406820716  0.001538881610  0.006601625767  0.002995609374  0.002848480834  0.002818314714  0.003073878901  0.002818314714  0.008584723905  0.002818314714  0.005655447472  0.002925499852  0.005655447472  0.003901350793  0.005150544376  0.002822291782  0.000000000000  0.002818314714  
piranga_bidentata_itm141 0.004231039149  0.002816391012  0.001406820716  0.005888568484  0.002818314714  0.007084567878  0.000000000000  0.007084567878  0.001464509225  0.000000000000  0.000000000000  0.000000000000  0.001406820716  0.001538881610  0.006601625767  0.000000000000  0.002848480834  0.000000000000  0.000000000000  0.000000000000  0.005703834800  0.002818314714  0.002818314714  0.000000000000  0.002818314714  0.001946197828  0.001709920563  0.000000000000  0.002818314714  0.000000000000  

