30
cardinalis_cardinalis_ku21828 0.000000000000  0.002003211929  0.015191237352  0.017774809067  0.015711448717  0.019846782753  0.014682976222  0.015196946086  0.016713389966  0.015689883116  0.016203845253  0.015685469280  0.015689883116  0.015689883116  0.015176452627  0.020321518981  0.018775639804  0.017228149705  0.019286636795  0.019286636795  0.017233368883  0.017233368883  0.018265032377  0.018265032377  0.017233368883  0.018259273511  0.020327969660  0.021877899250  0.021877899250  0.020839770342  
cardinalis_cardinalis_ku25393 0.002003211929  0.000000000000  0.013144252221  0.015717815812  0.013661925871  0.017782256703  0.012637165428  0.013149281186  0.014663552687  0.013643078161  0.014155186247  0.013639340078  0.013643078161  0.013643078161  0.013131497896  0.018259273511  0.016718340140  0.015176452627  0.017228149705  0.017228149705  0.015180990248  0.015180990248  0.016208918661  0.016208918661  0.015180990248  0.016203845253  0.018265032377  0.020327969660  0.020327969660  0.018775639804  
piranga_leucoptera_fmnh481795 0.015191237352  0.013144252221  0.000000000000  0.006539786098  0.004518410228  0.009587369226  0.003510800937  0.004014349897  0.006529796917  0.005521381504  0.006025946798  0.005520669793  0.005521381504  0.005521381504  0.005017328606  0.010075319509  0.008554227049  0.007035130892  0.009059483943  0.009059483943  0.007036618744  0.007036618744  0.008049352827  0.008049352827  0.007036618744  0.009061627358  0.011096431518  0.012113249049  0.012113249049  0.010584017988  
piranga_leucoptera_lsu7783 0.017774809067  0.015717815812  0.006539786098  0.000000000000  0.006036559612  0.011123720970  0.005025354224  0.005530699404  0.009064157477  0.008051746537  0.008559150613  0.008049352827  0.008051746537  0.008051746537  0.007544860636  0.012628027675  0.011100012468  0.009572338914  0.011606438632  0.011606438632  0.009575517530  0.009575517530  0.010593969913  0.010593969913  0.009575517530  0.011610283641  0.013656630386  0.014677535387  0.014677535387  0.013139611768  
piranga_rubriceps_lsu265 0.015711448717  0.013661925871  0.004518410228  0.006036559612  0.000000000000  0.005025354224  0.002004040266  0.002506317173  0.007036618744  0.006027301420  0.006532639130  0.006025946798  0.006027301420  0.006027301420  0.005522477674  0.010586947906  0.009064157477  0.007542727493  0.009569546894  0.009569546894  0.007544860636  0.007544860636  0.008559150613  0.008559150613  0.007544860636  0.009572338914  0.011610283641  0.012628027675  0.012628027675  0.011096431518  
piranga_rubriceps_lsu34818 0.019846782753  0.017782256703  0.009587369226  0.011123720970  0.005025354224  0.000000000000  0.007049829315  0.007557240921  0.012121079935  0.011103980831  0.011614516336  0.011100012468  0.011103980831  0.011103980831  0.010593969913  0.015705471528  0.014169538021  0.012632402433  0.014677535387  0.014677535387  0.012637165428  0.012637165428  0.013661925871  0.013661925871  0.012637165428  0.014682976222  0.016742056703  0.017767752468  0.017767752468  0.016220239018  
piranga_erythrocephala_fmnh343371 0.014682976222  0.012637165428  0.003510800937  0.005025354224  0.002004040266  0.007049829315  0.000000000000  0.000500252007  0.006025946798  0.005018166848  0.005522477674  0.005017328606  0.005018166848  0.005018166848  0.004514367901  0.009569546894  0.008049352827  0.006531025529  0.008554227049  0.008554227049  0.006532639130  0.006532639130  0.007544860636  0.007544860636  0.006532639130  0.008556495802  0.010590265339  0.011606438632  0.011606438632  0.010077986721  
piranga_erythrocephala_fmnh343370 0.015196946086  0.013149281186  0.004014349897  0.005530699404  0.002506317173  0.007557240921  0.000500252007  0.000000000000  0.006531025529  0.005522477674  0.006027301420  0.005521381504  0.005522477674  0.005522477674  0.005018166848  0.010077986721  0.008556495802  0.007036618744  0.009061627358  0.009061627358  0.007038491851  0.007038491851  0.008051746537  0.008051746537  0.007038491851  0.009064157477  0.011100012468  0.012116970324  0.012116970324  0.010586947906  
piranga_olivacea_ku4672 0.016713389966  0.014663552687  0.006529796917  0.009064157477  0.007036618744  0.012121079935  0.006025946798  0.006531025529  0.000000000000  0.002003211929  0.002505232985  0.002002764709  0.002003211929  0.002003211929  0.001501698117  0.006534637341  0.005020994406  0.003509585389  0.007542727493  0.007542727493  0.005523957924  0.005523957924  0.006534637341  0.006534637341  0.005523957924  0.007544860636  0.009575517530  0.010590265339  0.010590265339  0.009064157477  
piranga_ludoviciana_sdsu2385 0.015689883116  0.013643078161  0.005521381504  0.008051746537  0.006027301420  0.011103980831  0.005018166848  0.005522477674  0.002003211929  0.000000000000  0.001502271120  0.001000690524  0.001001008707  0.001001008707  0.000500252007  0.005525821879  0.004014349897  0.002505232985  0.006532639130  0.006532639130  0.004516679860  0.004516679860  0.005525821879  0.005525821879  0.004516679860  0.006534637341  0.008562191105  0.009575517530  0.009575517530  0.008051746537  
piranga_ludoviciana_sdsu2650 0.016203845253  0.014155186247  0.006025946798  0.008559150613  0.006532639130  0.011614516336  0.005522477674  0.006027301420  0.002505232985  0.001502271120  0.000000000000  0.001501698117  0.001502271120  0.001502271120  0.001001008707  0.006031163324  0.004518410228  0.003007762310  0.007038491851  0.007038491851  0.005020994406  0.005020994406  0.006031163324  0.006031163324  0.005020994406  0.007040749836  0.009070376320  0.010084482504  0.010084482504  0.008559150613  
piranga_bidentata_tepe59 0.015685469280  0.013639340078  0.005520669793  0.008049352827  0.006025946798  0.011100012468  0.005017328606  0.005521381504  0.002002764709  0.001000690524  0.001501698117  0.000000000000  0.001000690524  0.001000690524  0.000500188130  0.005019388907  0.004012877200  0.002504530173  0.006531025529  0.006531025529  0.004515332292  0.004515332292  0.005523957924  0.005523957924  0.004515332292  0.006532639130  0.008559150613  0.009572338914  0.009572338914  0.008049352827  
piranga_bidentata_itm160 0.015689883116  0.013643078161  0.005521381504  0.008051746537  0.006027301420  0.011103980831  0.005018166848  0.005522477674  0.002003211929  0.001001008707  0.001502271120  0.001000690524  0.000000000000  0.000000000000  0.000500252007  0.005525821879  0.004014349897  0.002505232985  0.006532639130  0.006532639130  0.004516679860  0.004516679860  0.005525821879  0.005525821879  0.004516679860  0.006534637341  0.008562191105  0.009575517530  0.009575517530  0.008051746537  
piranga_bidentata_hgoslp104 0.015689883116  0.013643078161  0.005521381504  0.008051746537  0.006027301420  0.011103980831  0.005018166848  0.005522477674  0.002003211929  0.001001008707  0.001502271120  0.001000690524  0.000000000000  0.000000000000  0.000500252007  0.005525821879  0.004014349897  0.002505232985  0.006532639130  0.006532639130  0.004516679860  0.004516679860  0.005525821879  0.005525821879  0.004516679860  0.006534637341  0.008562191105  0.009575517530  0.009575517530  0.008051746537  
piranga_bidentata_itm141 0.015176452627  0.013131497896  0.005017328606  0.007544860636  0.005522477674  0.010593969913  0.004514367901  0.005018166848  0.001501698117  0.000500252007  0.001001008707  0.000500188130  0.000500252007  0.000500252007  0.000000000000  0.005020994406  0.003510800937  0.002003211929  0.006027301420  0.006027301420  0.004012877200  0.004012877200  0.005020994406  0.005020994406  0.004012877200  0.006029040387  0.008054525661  0.009067073922  0.009067073922  0.007544860636  
piranga_olivacea_ku2699 0.020321518981  0.018259273511  0.010075319509  0.012628027675  0.010586947906  0.015705471528  0.009569546894  0.010077986721  0.006534637341  0.005525821879  0.006031163324  0.005019388907  0.005525821879  0.005525821879  0.005020994406  0.000000000000  0.008562191105  0.007040749836  0.011096431518  0.011096431518  0.009067073922  0.009067073922  0.010084482504  0.010084482504  0.009067073922  0.011100012468  0.013144252221  0.014164364532  0.014164364532  0.012628027675  
piranga_ludoviciana_sdsu2648 0.018775639804  0.016718340140  0.008554227049  0.011100012468  0.009064157477  0.014169538021  0.008049352827  0.008556495802  0.005020994406  0.004014349897  0.004518410228  0.004012877200  0.004014349897  0.004014349897  0.003510800937  0.008562191105  0.000000000000  0.001502271120  0.009572338914  0.009572338914  0.007547378924  0.007547378924  0.008562191105  0.008562191105  0.007547378924  0.009575517530  0.011614516336  0.012632402433  0.012632402433  0.011100012468  
piranga_ludoviciana_sdsu2208 0.017228149705  0.015176452627  0.007035130892  0.009572338914  0.007542727493  0.012632402433  0.006531025529  0.007036618744  0.003509585389  0.002505232985  0.003007762310  0.002504530173  0.002505232985  0.002505232985  0.002003211929  0.007040749836  0.001502271120  0.000000000000  0.008049352827  0.008049352827  0.006029040387  0.006029040387  0.007040749836  0.007040749836  0.006029040387  0.008051746537  0.010084482504  0.011100012468  0.011100012468  0.009572338914  
piranga_roseogularis_ku2049 0.019286636795  0.017228149705  0.009059483943  0.011606438632  0.009569546894  0.014677535387  0.008554227049  0.009061627358  0.007542727493  0.006532639130  0.007038491851  0.006531025529  0.006532639130  0.006532639130  0.006027301420  0.011096431518  0.009572338914  0.008049352827  0.000000000000  0.000000000000  0.008051746537  0.008051746537  0.009067073922  0.009067073922  0.008051746537  0.010081041178  0.012121079935  0.013139611768  0.013139611768  0.011606438632  
piranga_roseogularis_ku2141 0.019286636795  0.017228149705  0.009059483943  0.011606438632  0.009569546894  0.014677535387  0.008554227049  0.009061627358  0.007542727493  0.006532639130  0.007038491851  0.006531025529  0.006532639130  0.006532639130  0.006027301420  0.011096431518  0.009572338914  0.008049352827  0.000000000000  0.000000000000  0.008051746537  0.008051746537  0.009067073922  0.009067073922  0.008051746537  0.010081041178  0.012121079935  0.013139611768  0.013139611768  0.011606438632  
piranga_lutea_lsu5400 0.017233368883  0.015180990248  0.007036618744  0.009575517530  0.007544860636  0.012637165428  0.006532639130  0.007038491851  0.005523957924  0.004516679860  0.005020994406  0.004515332292  0.004516679860  0.004516679860  0.004012877200  0.009067073922  0.007547378924  0.006029040387  0.008051746537  0.008051746537  0.000000000000  0.000000000000  0.001001008707  0.001001008707  0.000000000000  0.002003211929  0.010088310323  0.011103980831  0.011103980831  0.009575517530  
piranga_lutea_ku89864 0.017233368883  0.015180990248  0.007036618744  0.009575517530  0.007544860636  0.012637165428  0.006532639130  0.007038491851  0.005523957924  0.004516679860  0.005020994406  0.004515332292  0.004516679860  0.004516679860  0.004012877200  0.009067073922  0.007547378924  0.006029040387  0.008051746537  0.008051746537  0.000000000000  0.000000000000  0.001001008707  0.001001008707  0.000000000000  0.002003211929  0.010088310323  0.011103980831  0.011103980831  0.009575517530  
piranga_flava_ku90809 0.018265032377  0.016208918661  0.008049352827  0.010593969913  0.008559150613  0.013661925871  0.007544860636  0.008051746537  0.006534637341  0.005525821879  0.006031163324  0.005523957924  0.005525821879  0.005525821879  0.005020994406  0.010084482504  0.008562191105  0.007040749836  0.009067073922  0.009067073922  0.001001008707  0.001001008707  0.000000000000  0.000000000000  0.001001008707  0.003007762310  0.011108336233  0.012125577507  0.012125577507  0.010593969913  
piranga_flava_lsu15408 0.018265032377  0.016208918661  0.008049352827  0.010593969913  0.008559150613  0.013661925871  0.007544860636  0.008051746537  0.006534637341  0.005525821879  0.006031163324  0.005523957924  0.005525821879  0.005525821879  0.005020994406  0.010084482504  0.008562191105  0.007040749836  0.009067073922  0.009067073922  0.001001008707  0.001001008707  0.000000000000  0.000000000000  0.001001008707  0.003007762310  0.011108336233  0.012125577507  0.012125577507  0.010593969913  
piranga_hepatica_ku9084 0.017233368883  0.015180990248  0.007036618744  0.009575517530  0.007544860636  0.012637165428  0.006532639130  0.007038491851  0.005523957924  0.004516679860  0.005020994406  0.004515332292  0.004516679860  0.004516679860  0.004012877200  0.009067073922  0.007547378924  0.006029040387  0.008051746537  0.008051746537  0.000000000000  0.000000000000  0.001001008707  0.001001008707  0.000000000000  0.002003211929  0.010088310323  0.011103980831  0.011103980831  0.009575517530  
piranga_hepatica_ku4970 0.018259273511  0.016203845253  0.009061627358  0.011610283641  0.009572338914  0.014682976222  0.008556495802  0.009064157477  0.007544860636  0.006534637341  0.007040749836  0.006532639130  0.006534637341  0.006534637341  0.006029040387  0.011100012468  0.009575517530  0.008051746537  0.010081041178  0.010081041178  0.002003211929  0.002003211929  0.003007762310  0.003007762310  0.002003211929  0.000000000000  0.012125577507  0.013144252221  0.013144252221  0.011610283641  
piranga_rubra_ku7046 0.020327969660  0.018265032377  0.011096431518  0.013656630386  0.011610283641  0.016742056703  0.010590265339  0.011100012468  0.009575517530  0.008562191105  0.009070376320  0.008559150613  0.008562191105  0.008562191105  0.008054525661  0.013144252221  0.011614516336  0.010084482504  0.012121079935  0.012121079935  0.010088310323  0.010088310323  0.011108336233  0.011108336233  0.010088310323  0.012125577507  0.000000000000  0.004014349897  0.004014349897  0.004518410228  
piranga_rubra_sdsu2635 0.021877899250  0.020327969660  0.012113249049  0.014677535387  0.012628027675  0.017767752468  0.011606438632  0.012116970324  0.010590265339  0.009575517530  0.010084482504  0.009572338914  0.009575517530  0.009575517530  0.009067073922  0.014164364532  0.012632402433  0.011100012468  0.013139611768  0.013139611768  0.011103980831  0.011103980831  0.012125577507  0.012125577507  0.011103980831  0.013144252221  0.004014349897  0.000000000000  0.002004040266  0.005525821879  
piranga_rubra_sdsu2654 0.021877899250  0.020327969660  0.012113249049  0.014677535387  0.012628027675  0.017767752468  0.011606438632  0.012116970324  0.010590265339  0.009575517530  0.010084482504  0.009572338914  0.009575517530  0.009575517530  0.009067073922  0.014164364532  0.012632402433  0.011100012468  0.013139611768  0.013139611768  0.011103980831  0.011103980831  0.012125577507  0.012125577507  0.011103980831  0.013144252221  0.004014349897  0.002004040266  0.000000000000  0.005525821879  
piranga_rubra_ku26592 0.020839770342  0.018775639804  0.010584017988  0.013139611768  0.011096431518  0.016220239018  0.010077986721  0.010586947906  0.009064157477  0.008051746537  0.008559150613  0.008049352827  0.008051746537  0.008051746537  0.007544860636  0.012628027675  0.011100012468  0.009572338914  0.011606438632  0.011606438632  0.009575517530  0.009575517530  0.010593969913  0.010593969913  0.009575517530  0.011610283641  0.004518410228  0.005525821879  0.005525821879  0.000000000000  

