30
piranga_rubra_ku26592 0.000000000000  0.011620813152  0.008659817647  0.010669161220  0.011583372721  0.015526367983  0.011161592388  0.017502653249  0.004354678976  0.008737524931  0.010896233978  0.008873056572  0.008690301438  0.006964948555  0.006727837644  0.009712564445  0.007710039067  0.008653512079  0.008989384138  0.008661840592  0.010607428515  0.007717476935  0.015496290450  0.009674477556  0.012040595660  0.010940496204  0.007847471681  0.009629996910  0.006727837644  0.007692745918  
piranga_flava_ku90809 0.011620813152  0.000000000000  0.008670185151  0.010697844177  0.013578168863  0.015552595405  0.010161512587  0.017532708421  0.009867644606  0.008749441205  0.010911091628  0.008897852853  0.004809003637  0.003472900188  0.012585653904  0.000000000000  0.003843291476  0.008673550926  0.010139317140  0.008673550926  0.010635779862  0.003843291476  0.013567558386  0.008720296177  0.011055193377  0.012150118737  0.009179740527  0.009642209270  0.012585653904  0.007702615522  
piranga_ludoviciana_sdsu2385 0.008659817647  0.008670185151  0.000000000000  0.007724929167  0.010590729503  0.014504352367  0.004032366156  0.016470793443  0.007626986325  0.001927733929  0.001964851413  0.007745131676  0.005766016672  0.004629445137  0.009614397435  0.006447598894  0.004801901549  0.003827622871  0.003349896416  0.001911155024  0.007680430415  0.004801901549  0.012533939434  0.006745070915  0.008990654521  0.008468937791  0.002601158392  0.002868640843  0.009614397435  0.000954941142  
piranga_rubriceps_lsu265 0.010669161220  0.010697844177  0.007724929167  0.000000000000  0.005765585347  0.012644347392  0.010125082582  0.014619818608  0.008729785828  0.007796541404  0.009884871407  0.008835849427  0.007756406069  0.006940482038  0.011637075650  0.008616946697  0.006773408756  0.007721290814  0.008977737391  0.007728750442  0.003835920156  0.006779969361  0.005760945753  0.008743344534  0.003985839661  0.006042087503  0.010469978123  0.008698700980  0.011614547986  0.006756071260  
piranga_leucoptera_lsu7783 0.011583372721  0.013578168863  0.010590729503  0.005765585347  0.000000000000  0.015519789666  0.012174979525  0.015519789666  0.010937374577  0.010689898781  0.011885553959  0.009951893454  0.010635779862  0.008107014161  0.014506697698  0.010795676953  0.009649707808  0.010587009398  0.011248085736  0.010597209120  0.004772283439  0.009659028799  0.009584961211  0.011625800905  0.005955362971  0.006042087503  0.011794519657  0.011564813957  0.014478690487  0.009624217998  
cardinalis_cardinalis_ku25393 0.015526367983  0.015552595405  0.014504352367  0.012644347392  0.015519789666  0.000000000000  0.017362436279  0.001912249338  0.015417526067  0.013660232330  0.016930119929  0.015658969868  0.012597850889  0.014048619843  0.014523321063  0.011914565207  0.013580720455  0.014513166321  0.015839573215  0.014513166321  0.012570980767  0.013580720455  0.015507370348  0.014605582101  0.013076821644  0.009704026681  0.014454759438  0.015486553077  0.014523321063  0.013532077229  
piranga_olivacea_ku2699 0.011161592388  0.010161512587  0.004032366156  0.010125082582  0.012174979525  0.017362436279  0.000000000000  0.019446103880  0.010033027043  0.004071029046  0.006060019830  0.010452518569  0.008114083549  0.008198709154  0.012168265933  0.008602712508  0.007086494795  0.006051695978  0.005691330878  0.004034077456  0.010125082582  0.007093676192  0.014225042523  0.009145977569  0.010547360296  0.012818885571  0.006522920785  0.005045108685  0.012168265933  0.003022516710  
cardinalis_cardinalis_ku21828 0.017502653249  0.017532708421  0.016470793443  0.014619818608  0.015519789666  0.001912249338  0.019446103880  0.000000000000  0.017661422816  0.015643841586  0.018960894214  0.017938674640  0.014565632458  0.016430915837  0.016493466982  0.014113246286  0.015552595405  0.016481458076  0.018145679138  0.016481458076  0.012570980767  0.015552595405  0.017481619501  0.016587355858  0.015120940633  0.010930987489  0.017130014809  0.017457081953  0.016493466982  0.015496290450  
piranga_rubra_ku7046 0.004354678976  0.009867644606  0.007626986325  0.008729785828  0.010937374577  0.015417526067  0.010033027043  0.017661422816  0.000000000000  0.007629001261  0.009824922360  0.009079633133  0.007657777990  0.006951731486  0.005442382803  0.008176593605  0.006549539239  0.007620695678  0.008972576294  0.007629001261  0.008729785828  0.006556696545  0.013144039213  0.008723208599  0.008723208599  0.011249046398  0.007828244167  0.008724680268  0.005442382803  0.006532695543  
piranga_bidentata_hgoslp104 0.008737524931  0.008749441205  0.001927733929  0.007796541404  0.010689898781  0.013660232330  0.004071029046  0.015643841586  0.007629001261  0.000000000000  0.003970015739  0.007747209823  0.005817009129  0.005791730329  0.009702638697  0.006448443374  0.004843549756  0.003861102438  0.003352586616  0.000000000000  0.007751216058  0.004843549756  0.012650745791  0.006772755873  0.008994274924  0.009689872808  0.003907110531  0.002894215141  0.009702638697  0.000963442457  
piranga_ludoviciana_sdsu2648 0.010896233978  0.010911091628  0.001964851413  0.009884871407  0.011885553959  0.016930119929  0.006060019830  0.018960894214  0.009824922360  0.003970015739  0.000000000000  0.010169065519  0.007913424056  0.006956872764  0.011879157151  0.008611973442  0.006918399957  0.005908665139  0.001114597438  0.003934867230  0.009884871407  0.006918399957  0.013886392450  0.008928220743  0.010286952968  0.008668198056  0.005216671017  0.004920973703  0.011879157151  0.002948256901  
piranga_roseogularis_ku2049 0.008873056572  0.008897852853  0.007745131676  0.008835849427  0.009951893454  0.015658969868  0.010452518569  0.017938674640  0.009079633133  0.007747209823  0.010169065519  0.000000000000  0.006658566885  0.005773285090  0.009977036747  0.007307326358  0.005536740900  0.007738645003  0.009136536225  0.007747209823  0.008835849427  0.005542878842  0.013304348838  0.000000000000  0.008829111087  0.009719456360  0.010462950644  0.008859957959  0.009954964708  0.006633815409  
piranga_hepatica_ku4970 0.008690301438  0.004809003637  0.005766016672  0.007756406069  0.010635779862  0.012597850889  0.008114083549  0.014565632458  0.007657777990  0.005817009129  0.007913424056  0.006658566885  0.000000000000  0.001154808237  0.007706414676  0.002143878835  0.000957905136  0.005766691435  0.007869139288  0.005766691435  0.007711544722  0.000957905136  0.012585653904  0.005796562695  0.009026409801  0.009695895972  0.009179740527  0.006732096954  0.007706414676  0.004801686602  
piranga_hepatica_ku9084 0.006964948555  0.003472900188  0.004629445137  0.006940482038  0.008107014161  0.014048619843  0.008198709154  0.016430915837  0.006951731486  0.005791730329  0.006956872764  0.005773285090  0.001154808237  0.000000000000  0.008119685619  0.001221083800  0.000000000000  0.005785029221  0.006956872764  0.005791730329  0.006940482038  0.000000000000  0.011613876164  0.005786648386  0.006935659662  0.008848429251  0.007859005667  0.006955889221  0.008100891918  0.004629445137  
piranga_rubra_sdsu2654 0.006727837644  0.012585653904  0.009614397435  0.011637075650  0.014506697698  0.014523321063  0.012168265933  0.016493466982  0.005442382803  0.009702638697  0.011879157151  0.009977036747  0.007706414676  0.008119685619  0.000000000000  0.010787001646  0.008669892283  0.009609399690  0.010105163044  0.009618642871  0.011569753324  0.008678252428  0.014495249778  0.010638205307  0.013040162773  0.012150118737  0.011785816574  0.010585581256  0.001910422733  0.008648545885  
piranga_flava_lsu15408 0.009712564445  0.000000000000  0.006447598894  0.008616946697  0.010795676953  0.011914565207  0.008602712508  0.014113246286  0.008176593605  0.006448443374  0.008611973442  0.007307326358  0.002143878835  0.001221083800  0.010787001646  0.000000000000  0.001069582011  0.006441520351  0.008377714426  0.006448443374  0.008616946697  0.001070727243  0.010787001646  0.006444024557  0.008819377447  0.010780382350  0.009191794804  0.007528550705  0.010787001646  0.005368837790  
piranga_lutea_lsu5400 0.007710039067  0.003843291476  0.004801901549  0.006773408756  0.009649707808  0.013580720455  0.007086494795  0.015552595405  0.006549539239  0.004843549756  0.006918399957  0.005536740900  0.000957905136  0.000000000000  0.008669892283  0.001069582011  0.000000000000  0.004797079767  0.006738115000  0.004801686602  0.006734310223  0.000000000000  0.011594565244  0.004821325543  0.008007242620  0.008473533762  0.007859005667  0.005766016672  0.008669892283  0.003838642559  
piranga_olivacea_ku4672 0.008653512079  0.008673550926  0.003827622871  0.007721290814  0.010587009398  0.014513166321  0.006051695978  0.016481458076  0.007620695678  0.003861102438  0.005908665139  0.007738645003  0.005766691435  0.005785029221  0.009609399690  0.006441520351  0.004797079767  0.000000000000  0.005592476688  0.003827847981  0.007676833709  0.004801686602  0.012528817505  0.006740148827  0.008985295148  0.009689872808  0.006518419189  0.004787892567  0.009609399690  0.002868640843  
piranga_ludoviciana_sdsu2208 0.008989384138  0.010139317140  0.003349896416  0.008977737391  0.011248085736  0.015839573215  0.005691330878  0.018145679138  0.008972576294  0.003352586616  0.001114597438  0.009136536225  0.007869139288  0.006956872764  0.010105163044  0.008377714426  0.006738115000  0.005592476688  0.000000000000  0.003352586616  0.008977737391  0.006738115000  0.013519253037  0.008972576294  0.008972576294  0.008776885369  0.005216671017  0.004471511657  0.010105163044  0.002232420724  
piranga_bidentata_itm160 0.008661840592  0.008673550926  0.001911155024  0.007728750442  0.010597209120  0.014513166321  0.004034077456  0.016481458076  0.007629001261  0.000000000000  0.003934867230  0.007747209823  0.005766691435  0.005791730329  0.009618642871  0.006448443374  0.004801686602  0.003827847981  0.003352586616  0.000000000000  0.007684207640  0.004801686602  0.012540904463  0.006746645094  0.008994274924  0.009689872808  0.003907110531  0.002869301954  0.009618642871  0.000955160276  
piranga_leucoptera_fmnh481795 0.010607428515  0.010635779862  0.007680430415  0.003835920156  0.004772283439  0.012570980767  0.010125082582  0.012570980767  0.008729785828  0.007751216058  0.009884871407  0.008835849427  0.007711544722  0.006940482038  0.011569753324  0.008616946697  0.006734310223  0.007676833709  0.008977737391  0.007684207640  0.000000000000  0.006740795269  0.008617761083  0.008692674468  0.004957709101  0.006042087503  0.010469978123  0.008648545885  0.011547485321  0.006717172152  
piranga_lutea_ku89864 0.007717476935  0.003843291476  0.004801901549  0.006779969361  0.009659028799  0.013580720455  0.007093676192  0.015552595405  0.006556696545  0.004843549756  0.006918399957  0.005542878842  0.000957905136  0.000000000000  0.008678252428  0.001070727243  0.000000000000  0.004801686602  0.006738115000  0.004801686602  0.006740795269  0.000000000000  0.011605779418  0.004825979092  0.008015265299  0.008473533762  0.007859005667  0.005766016672  0.008678252428  0.003838642559  
piranga_rubriceps_lsu34818 0.015496290450  0.013567558386  0.012533939434  0.005760945753  0.009584961211  0.015507370348  0.014225042523  0.017481619501  0.013144039213  0.012650745791  0.013886392450  0.013304348838  0.012585653904  0.011613876164  0.014495249778  0.010787001646  0.011594565244  0.012528817505  0.013519253037  0.012540904463  0.008617761083  0.011605779418  0.000000000000  0.013580720455  0.007951530432  0.010921418834  0.015776712980  0.013511130254  0.016429700233  0.011564813957  
piranga_roseogularis_ku2141 0.009674477556  0.008720296177  0.006745070915  0.008743344534  0.011625800905  0.014605582101  0.009145977569  0.016587355858  0.008723208599  0.006772755873  0.008928220743  0.000000000000  0.005796562695  0.005786648386  0.010638205307  0.006444024557  0.004821325543  0.006740148827  0.008972576294  0.006746645094  0.008692674468  0.004825979092  0.013580720455  0.000000000000  0.009999557671  0.009695895972  0.010462950644  0.007715002273  0.010638205307  0.005777797770  
piranga_erythrocephala_fmnh343371 0.012040595660  0.011055193377  0.008990654521  0.003985839661  0.005955362971  0.013076821644  0.010547360296  0.015120940633  0.008723208599  0.008994274924  0.010286952968  0.008829111087  0.009026409801  0.006935659662  0.013040162773  0.008819377447  0.008007242620  0.008985295148  0.008972576294  0.008994274924  0.004957709101  0.008015265299  0.007951530432  0.009999557671  0.000000000000  0.001203449636  0.010462950644  0.009998941589  0.013014052737  0.007987159270  
piranga_erythrocephala_fmnh343370 0.010940496204  0.012150118737  0.008468937791  0.006042087503  0.006042087503  0.009704026681  0.012818885571  0.010930987489  0.011249046398  0.009689872808  0.008668198056  0.009719456360  0.009695895972  0.008848429251  0.012150118737  0.010780382350  0.008473533762  0.009689872808  0.008776885369  0.009689872808  0.006042087503  0.008473533762  0.010921418834  0.009695895972  0.001203449636  0.000000000000  0.012119107798  0.010908620531  0.012150118737  0.008468937791  
piranga_ludoviciana_sdsu2650 0.007847471681  0.009179740527  0.002601158392  0.010469978123  0.011794519657  0.014454759438  0.006522920785  0.017130014809  0.007828244167  0.003907110531  0.005216671017  0.010462950644  0.009179740527  0.007859005667  0.011785816574  0.009191794804  0.007859005667  0.006518419189  0.005216671017  0.003907110531  0.010469978123  0.007859005667  0.015776712980  0.010462950644  0.010462950644  0.012119107798  0.000000000000  0.002599133224  0.011785816574  0.002601158392  
piranga_bidentata_tepe59 0.009629996910  0.009642209270  0.002868640843  0.008698700980  0.011564813957  0.015486553077  0.005045108685  0.017457081953  0.008724680268  0.002894215141  0.004920973703  0.008859957959  0.006732096954  0.006955889221  0.010585581256  0.007528550705  0.005766016672  0.004787892567  0.004471511657  0.002869301954  0.008648545885  0.005766016672  0.013511130254  0.007715002273  0.009998941589  0.010908620531  0.002599133224  0.000000000000  0.010585581256  0.001911155024  
piranga_rubra_sdsu2635 0.006727837644  0.012585653904  0.009614397435  0.011614547986  0.014478690487  0.014523321063  0.012168265933  0.016493466982  0.005442382803  0.009702638697  0.011879157151  0.009954964708  0.007706414676  0.008100891918  0.001910422733  0.010787001646  0.008669892283  0.009609399690  0.010105163044  0.009618642871  0.011547485321  0.008678252428  0.016429700233  0.010638205307  0.013014052737  0.012150118737  0.011785816574  0.010585581256  0.000000000000  0.008648545885  
piranga_bidentata_itm141 0.007692745918  0.007702615522  0.000954941142  0.006756071260  0.009624217998  0.013532077229  0.003022516710  0.015496290450  0.006532695543  0.000963442457  0.002948256901  0.006633815409  0.004801686602  0.004629445137  0.008648545885  0.005368837790  0.003838642559  0.002868640843  0.002232420724  0.000955160276  0.006717172152  0.003838642559  0.011564813957  0.005777797770  0.007987159270  0.008468937791  0.002601158392  0.001911155024  0.008648545885  0.000000000000  

