30
piranga_rubra_ku26592 0.000000000000  0.001357217524  0.002718862174  0.004084962925  0.005449504051  0.006822727576  0.001572818018  0.006822727576  0.000000000000  0.001357217524  0.001529516256  0.002964712810  0.001357217524  0.002015864321  0.000000000000  0.002393483565  0.002718862174  0.001357217524  0.009227822792  0.001357217524  0.004258940513  0.001359062069  0.004084962925  0.004539263688  0.006830650066  0.000000000000  0.000000000000  0.002718862174  0.004079312206  0.001357217524  
piranga_flava_ku90809 0.001357217524  0.000000000000  0.003762221325  0.006289339455  0.007550342883  0.008821924027  0.001486322475  0.006749051034  0.001251875281  0.002504376277  0.002794850585  0.001479724425  0.000000000000  0.002015864321  0.001250310047  0.002393483565  0.001250310047  0.001250310047  0.007366364896  0.002504376277  0.006535986532  0.000000000000  0.006289339455  0.004118611950  0.008831849681  0.000000000000  0.000000000000  0.003762221325  0.005015918129  0.002504376277  
piranga_ludoviciana_sdsu2385 0.002718862174  0.003762221325  0.000000000000  0.005023868035  0.006282623414  0.007550342883  0.001486322475  0.008111786744  0.005030185859  0.001250310047  0.001395086269  0.002964712810  0.003762221325  0.002015864321  0.005023868035  0.002393483565  0.005023868035  0.002504376277  0.009227822792  0.001250310047  0.005220576664  0.003766945385  0.005023868035  0.004118611950  0.007558658846  0.000000000000  0.000000000000  0.002504376277  0.008814312149  0.001250310047  
piranga_rubriceps_lsu265 0.004084962925  0.006289339455  0.005023868035  0.000000000000  0.003758676177  0.005018742236  0.004474938794  0.005390749535  0.007568193339  0.003762221325  0.004199324427  0.004455002739  0.006289339455  0.006071020450  0.007558658846  0.004800769941  0.007558658846  0.005023868035  0.011097618580  0.003762221325  0.002602127164  0.006297260728  0.000000000000  0.006193257305  0.005023868035  0.003238334961  0.002552316123  0.005023868035  0.011365913270  0.003762221325  
piranga_leucoptera_lsu7783 0.005449504051  0.007550342883  0.006282623414  0.003758676177  0.000000000000  0.006278213056  0.005970052015  0.006743959651  0.008833056495  0.005018742236  0.005602150636  0.005943439653  0.007550342883  0.006067757165  0.008821924027  0.007208945362  0.008821924027  0.006282623414  0.011084612383  0.005018742236  0.003905470957  0.007559856373  0.003758676177  0.008264339421  0.006282623414  0.000000000000  0.002552316123  0.006282623414  0.012637433415  0.005018742236  
cardinalis_cardinalis_ku25393 0.006822727576  0.008821924027  0.007550342883  0.005018742236  0.006278213056  0.000000000000  0.007475592019  0.000000000000  0.010110151806  0.006282623414  0.007014154124  0.007442210272  0.008821924027  0.010154374094  0.010097390444  0.012082152493  0.010097390444  0.007550342883  0.014842485241  0.006282623414  0.005215041414  0.008833056495  0.005018742236  0.012457102284  0.005018742236  0.003238334961  0.005120333776  0.007550342883  0.013921412719  0.006282623414  
piranga_olivacea_ku2699 0.001572818018  0.001486322475  0.001486322475  0.004474938794  0.005970052015  0.007475592019  0.000000000000  0.007814421518  0.002982396784  0.000000000000  0.000000000000  0.001689756031  0.001486322475  0.002015864321  0.002977956042  0.002393483565  0.002977956042  0.000000000000  0.007366364896  0.000000000000  0.004474938794  0.001488534921  0.004474938794  0.002088549406  0.007485106282  0.000000000000  0.000000000000  0.001486322475  0.007469341898  0.000000000000  
cardinalis_cardinalis_ku21828 0.006822727576  0.006749051034  0.008111786744  0.005390749535  0.006743959651  0.000000000000  0.007814421518  0.000000000000  0.008122768757  0.006749051034  0.007600596754  0.007442210272  0.006749051034  0.010154374094  0.008111786744  0.012082152493  0.008111786744  0.006749051034  0.014842485241  0.006749051034  0.005617886959  0.006758173463  0.005390749535  0.013493752839  0.005390749535  0.003238334961  0.005120333776  0.008111786744  0.012204502710  0.006749051034  
piranga_rubra_ku7046 0.000000000000  0.001251875281  0.005030185859  0.007568193339  0.008833056495  0.010110151806  0.002982396784  0.008122768757  0.000000000000  0.003766945385  0.004205210825  0.002964712810  0.001251875281  0.002015864321  0.000000000000  0.002393483565  0.002507516168  0.002507516168  0.009227822792  0.003766945385  0.007865853306  0.001251875281  0.007568193339  0.006206069469  0.010121726257  0.000000000000  0.000000000000  0.005030185859  0.003762140773  0.003766945385  
piranga_bidentata_hgoslp104 0.001357217524  0.002504376277  0.001250310047  0.003762221325  0.005018742236  0.006282623414  0.000000000000  0.006749051034  0.003766945385  0.000000000000  0.000000000000  0.001479724425  0.002504376277  0.002015864321  0.003762221325  0.002393483565  0.003762221325  0.001250310047  0.007366364896  0.000000000000  0.003909298834  0.002507516168  0.003762221325  0.002054226508  0.006289339455  0.000000000000  0.000000000000  0.001250310047  0.007544336630  0.000000000000  
piranga_ludoviciana_sdsu2648 0.001529516256  0.002794850585  0.001395086269  0.004199324427  0.005602150636  0.007014154124  0.000000000000  0.007600596754  0.004205210825  0.000000000000  0.000000000000  0.001639878076  0.002794850585  0.002015864321  0.004199324427  0.002393483565  0.004199324427  0.001395086269  0.007366364896  0.000000000000  0.004199324427  0.002798761660  0.004199324427  0.002054226508  0.007022528199  0.000000000000  0.000000000000  0.001395086269  0.008423456634  0.000000000000  
piranga_roseogularis_ku2049 0.002964712810  0.001479724425  0.002964712810  0.004455002739  0.005943439653  0.007442210272  0.001689756031  0.007442210272  0.002964712810  0.001479724425  0.001639878076  0.000000000000  0.001479724425  0.002015864321  0.002964712810  0.002393483565  0.002964712810  0.001479724425  0.000000000000  0.001479724425  0.004542700474  0.001479724425  0.004455002739  0.005042869298  0.007451639601  0.000000000000  0.000000000000  0.002964712810  0.007436016007  0.001479724425  
piranga_hepatica_ku4970 0.001357217524  0.000000000000  0.003762221325  0.006289339455  0.007550342883  0.008821924027  0.001486322475  0.006749051034  0.001251875281  0.002504376277  0.002794850585  0.001479724425  0.000000000000  0.002015864321  0.001250310047  0.002393483565  0.001250310047  0.001250310047  0.007366364896  0.002504376277  0.006535986532  0.000000000000  0.006289339455  0.004118611950  0.008831849681  0.000000000000  0.000000000000  0.003762221325  0.005015918129  0.002504376277  
piranga_hepatica_ku9084 0.002015864321  0.002015864321  0.002015864321  0.006071020450  0.006067757165  0.010154374094  0.002015864321  0.010154374094  0.002015864321  0.002015864321  0.002015864321  0.002015864321  0.002015864321  0.000000000000  0.002015864321  0.004793510928  0.004038518231  0.002015864321  0.002015864321  0.002015864321  0.004038518231  0.002015864321  0.006071020450  0.005273838176  0.008113467348  0.000000000000  0.000000000000  0.004038518231  0.008104717404  0.002015864321  
piranga_rubra_sdsu2654 0.000000000000  0.001250310047  0.005023868035  0.007558658846  0.008821924027  0.010097390444  0.002977956042  0.008111786744  0.000000000000  0.003762221325  0.004199324427  0.002964712810  0.001250310047  0.002015864321  0.000000000000  0.002393483565  0.002504376277  0.002504376277  0.009227822792  0.003762221325  0.007855554562  0.001251875281  0.007558658846  0.006193257305  0.010108935646  0.000000000000  0.000000000000  0.005023868035  0.003757428764  0.003762221325  
piranga_flava_lsu15408 0.002393483565  0.002393483565  0.002393483565  0.004800769941  0.007208945362  0.012082152493  0.002393483565  0.012082152493  0.002393483565  0.002393483565  0.002393483565  0.002393483565  0.002393483565  0.004793510928  0.002393483565  0.000000000000  0.004800769941  0.002393483565  0.002393483565  0.002393483565  0.004800769941  0.002393483565  0.004800769941  0.005324822974  0.009657394415  0.004170137912  0.002969114114  0.004800769941  0.004793510928  0.002393483565  
piranga_lutea_lsu5400 0.002718862174  0.001250310047  0.005023868035  0.007558658846  0.008821924027  0.010097390444  0.002977956042  0.008111786744  0.002507516168  0.003762221325  0.004199324427  0.002964712810  0.001250310047  0.004038518231  0.002504376277  0.004800769941  0.000000000000  0.002504376277  0.009227822792  0.003762221325  0.007855554562  0.001251875281  0.007558658846  0.006193257305  0.010108935646  0.000000000000  0.002552316123  0.002504376277  0.006278213056  0.003762221325  
piranga_olivacea_ku4672 0.001357217524  0.001250310047  0.002504376277  0.005023868035  0.006282623414  0.007550342883  0.000000000000  0.006749051034  0.002507516168  0.001250310047  0.001395086269  0.001479724425  0.001250310047  0.002015864321  0.002504376277  0.002393483565  0.002504376277  0.000000000000  0.007366364896  0.001250310047  0.005220576664  0.001251875281  0.005023868035  0.002054226508  0.007558658846  0.000000000000  0.000000000000  0.002504376277  0.006278213056  0.001250310047  
piranga_ludoviciana_sdsu2208 0.009227822792  0.007366364896  0.009227822792  0.011097618580  0.011084612383  0.014842485241  0.007366364896  0.014842485241  0.009227822792  0.007366364896  0.007366364896  0.000000000000  0.007366364896  0.002015864321  0.009227822792  0.002393483565  0.009227822792  0.007366364896  0.000000000000  0.007366364896  0.011097618580  0.007366364896  0.011097618580  0.011769296981  0.014862524974  0.000000000000  0.000000000000  0.009227822792  0.014827485349  0.007366364896  
piranga_bidentata_itm160 0.001357217524  0.002504376277  0.001250310047  0.003762221325  0.005018742236  0.006282623414  0.000000000000  0.006749051034  0.003766945385  0.000000000000  0.000000000000  0.001479724425  0.002504376277  0.002015864321  0.003762221325  0.002393483565  0.003762221325  0.001250310047  0.007366364896  0.000000000000  0.003909298834  0.002507516168  0.003762221325  0.002054226508  0.006289339455  0.000000000000  0.000000000000  0.001250310047  0.007544336630  0.000000000000  
piranga_leucoptera_fmnh481795 0.004258940513  0.006535986532  0.005220576664  0.002602127164  0.003905470957  0.005215041414  0.004474938794  0.005617886959  0.007865853306  0.003909298834  0.004199324427  0.004542700474  0.006535986532  0.004038518231  0.007855554562  0.004800769941  0.007855554562  0.005220576664  0.011097618580  0.003909298834  0.000000000000  0.006544541714  0.002602127164  0.008278265066  0.005220576664  0.000000000000  0.002552316123  0.005220576664  0.011813509316  0.003909298834  
piranga_lutea_ku89864 0.001359062069  0.000000000000  0.003766945385  0.006297260728  0.007559856373  0.008833056495  0.001488534921  0.006758173463  0.001251875281  0.002507516168  0.002798761660  0.001479724425  0.000000000000  0.002015864321  0.001251875281  0.002393483565  0.001251875281  0.001251875281  0.007366364896  0.002507516168  0.006544541714  0.000000000000  0.006297260728  0.004127111003  0.008843007256  0.000000000000  0.000000000000  0.003766945385  0.005022215929  0.002507516168  
piranga_rubriceps_lsu34818 0.004084962925  0.006289339455  0.005023868035  0.000000000000  0.003758676177  0.005018742236  0.004474938794  0.005390749535  0.007568193339  0.003762221325  0.004199324427  0.004455002739  0.006289339455  0.006071020450  0.007558658846  0.004800769941  0.007558658846  0.005023868035  0.011097618580  0.003762221325  0.002602127164  0.006297260728  0.000000000000  0.006193257305  0.005023868035  0.003238334961  0.002552316123  0.005023868035  0.011365913270  0.003762221325  
piranga_roseogularis_ku2141 0.004539263688  0.004118611950  0.004118611950  0.006193257305  0.008264339421  0.012457102284  0.002088549406  0.013493752839  0.006206069469  0.002054226508  0.002054226508  0.005042869298  0.004118611950  0.005273838176  0.006193257305  0.005324822974  0.006193257305  0.002054226508  0.011769296981  0.002054226508  0.008278265066  0.004127111003  0.006193257305  0.000000000000  0.012479785525  0.000000000000  0.000000000000  0.004118611950  0.008264339421  0.002054226508  
piranga_erythrocephala_fmnh343371 0.006830650066  0.008831849681  0.007558658846  0.005023868035  0.006282623414  0.005018742236  0.007485106282  0.005390749535  0.010121726257  0.006289339455  0.007022528199  0.007451639601  0.008831849681  0.008113467348  0.010108935646  0.009657394415  0.010108935646  0.007558658846  0.014862524974  0.006289339455  0.005220576664  0.008843007256  0.005023868035  0.012479785525  0.000000000000  0.000000000000  0.002552316123  0.007558658846  0.013933207098  0.006289339455  
piranga_erythrocephala_fmnh343370 0.000000000000  0.000000000000  0.000000000000  0.003238334961  0.000000000000  0.003238334961  0.000000000000  0.003238334961  0.000000000000  0.000000000000  0.000000000000  0.000000000000  0.000000000000  0.000000000000  0.000000000000  0.004170137912  0.000000000000  0.000000000000  0.000000000000  0.000000000000  0.000000000000  0.000000000000  0.003238334961  0.000000000000  0.000000000000  0.000000000000  0.000000000000  0.000000000000  0.009758830268  0.000000000000  
piranga_ludoviciana_sdsu2650 0.000000000000  0.000000000000  0.000000000000  0.002552316123  0.002552316123  0.005120333776  0.000000000000  0.005120333776  0.000000000000  0.000000000000  0.000000000000  0.000000000000  0.000000000000  0.000000000000  0.000000000000  0.002969114114  0.002552316123  0.000000000000  0.000000000000  0.000000000000  0.002552316123  0.000000000000  0.002552316123  0.000000000000  0.002552316123  0.000000000000  0.000000000000  0.002552316123  0.007684122590  0.000000000000  
piranga_bidentata_tepe59 0.002718862174  0.003762221325  0.002504376277  0.005023868035  0.006282623414  0.007550342883  0.001486322475  0.008111786744  0.005030185859  0.001250310047  0.001395086269  0.002964712810  0.003762221325  0.004038518231  0.005023868035  0.004800769941  0.002504376277  0.002504376277  0.009227822792  0.001250310047  0.005220576664  0.003766945385  0.005023868035  0.004118611950  0.007558658846  0.000000000000  0.002552316123  0.000000000000  0.008814312149  0.001250310047  
piranga_rubra_sdsu2635 0.004079312206  0.005015918129  0.008814312149  0.011365913270  0.012637433415  0.013921412719  0.007469341898  0.012204502710  0.003762140773  0.007544336630  0.008423456634  0.007436016007  0.005015918129  0.008104717404  0.003757428764  0.004793510928  0.006278213056  0.006278213056  0.014827485349  0.007544336630  0.011813509316  0.005022215929  0.011365913270  0.008264339421  0.013933207098  0.009758830268  0.007684122590  0.008814312149  0.000000000000  0.007544336630  
piranga_bidentata_itm141 0.001357217524  0.002504376277  0.001250310047  0.003762221325  0.005018742236  0.006282623414  0.000000000000  0.006749051034  0.003766945385  0.000000000000  0.000000000000  0.001479724425  0.002504376277  0.002015864321  0.003762221325  0.002393483565  0.003762221325  0.001250310047  0.007366364896  0.000000000000  0.003909298834  0.002507516168  0.003762221325  0.002054226508  0.006289339455  0.000000000000  0.000000000000  0.001250310047  0.007544336630  0.000000000000  

