30
cardinalis_cardinalis_ku21828 0.000000000000  0.000000000000  0.010595100167  0.010595100167  0.011601201936  0.012114931558  0.013660088884  0.014687567240  0.011094326104  0.009064427589  0.009064427589  0.010587843491  0.010587843491  0.009064427589  0.009064427589  0.009064427589  0.010075963956  0.010075963956  0.013650067627  0.011604347800  0.010584865233  0.012619014287  0.012619014287  0.011097605121  0.011097605121  0.010587843491  0.010587843491  0.009572811279  0.014659083697  0.014150239031  
cardinalis_cardinalis_ku25393 0.000000000000  0.000000000000  0.010595100167  0.010595100167  0.011601201936  0.012114931558  0.013660088884  0.014687567240  0.011094326104  0.009064427589  0.009064427589  0.010587843491  0.010587843491  0.009064427589  0.009064427589  0.009064427589  0.010075963956  0.010075963956  0.013650067627  0.011604347800  0.010584865233  0.012619014287  0.012619014287  0.011097605121  0.011097605121  0.010587843491  0.010587843491  0.009572811279  0.014659083697  0.014150239031  
piranga_erythrocephala_fmnh343371 0.010595100167  0.010595100167  0.000000000000  0.000000000000  0.008049330681  0.008559246765  0.010093682699  0.011115056248  0.008559246765  0.006536503329  0.006536503329  0.008054456624  0.008054456624  0.006536503329  0.006536503329  0.006536503329  0.007544664959  0.007544664959  0.011105464383  0.009067372057  0.008051678138  0.011097605121  0.011097605121  0.008562323780  0.008562323780  0.008054456624  0.008054456624  0.007043002754  0.012111483964  0.011604347800  
piranga_erythrocephala_fmnh343370 0.010595100167  0.010595100167  0.000000000000  0.000000000000  0.008049330681  0.008559246765  0.010093682699  0.011115056248  0.008559246765  0.006536503329  0.006536503329  0.008054456624  0.008054456624  0.006536503329  0.006536503329  0.006536503329  0.007544664959  0.007544664959  0.011105464383  0.009067372057  0.008051678138  0.011097605121  0.011097605121  0.008562323780  0.008562323780  0.008054456624  0.008054456624  0.007043002754  0.012111483964  0.011604347800  
piranga_leucoptera_fmnh481795 0.011601201936  0.011601201936  0.008049330681  0.008049330681  0.000000000000  0.002003378733  0.011097605121  0.012118814086  0.009565675486  0.007540996134  0.007540996134  0.009059835275  0.009059835275  0.007540996134  0.007540996134  0.007540996134  0.008551256083  0.008551256083  0.012111483964  0.010073719309  0.009058188150  0.012105895013  0.012105895013  0.009567621045  0.009567621045  0.009059835275  0.009059835275  0.008047414610  0.013121888645  0.012613693999  
piranga_leucoptera_lsu7783 0.012114931558  0.012114931558  0.008559246765  0.008559246765  0.002003378733  0.000000000000  0.011611942898  0.012634884116  0.010075963956  0.008049330681  0.008049330681  0.009569999762  0.009569999762  0.008049330681  0.008049330681  0.008049330681  0.009059835275  0.009059835275  0.012626078619  0.010584865233  0.009567621045  0.012619014287  0.012619014287  0.010078642114  0.010078642114  0.009569999762  0.009569999762  0.008556601129  0.013635260118  0.013126939446  
piranga_rubriceps_lsu265 0.013660088884  0.013660088884  0.010093682699  0.010093682699  0.011097605121  0.011611942898  0.000000000000  0.001001080747  0.011611942898  0.009579731277  0.009579731277  0.011105464383  0.011105464383  0.009579731277  0.009579731277  0.009579731277  0.010591255254  0.010591255254  0.014173543234  0.012123131188  0.010089274072  0.014162912075  0.014162912075  0.011616391417  0.011616391417  0.011105464383  0.011105464383  0.010089274072  0.014666829362  0.014671358549  
piranga_rubriceps_lsu34818 0.014687567240  0.014687567240  0.011115056248  0.011115056248  0.012118814086  0.012634884116  0.001001080747  0.000000000000  0.012634884116  0.010599377873  0.010599377873  0.012127882511  0.012127882511  0.010599377873  0.010599377873  0.010599377873  0.011611942898  0.011611942898  0.015202162170  0.013147202931  0.011110043917  0.015190307146  0.015190307146  0.012639938912  0.012639938912  0.012127882511  0.012127882511  0.011110043917  0.015694141160  0.015699281817  
piranga_flava_ku90809 0.011094326104  0.011094326104  0.008559246765  0.008559246765  0.009565675486  0.010075963956  0.011611942898  0.012634884116  0.000000000000  0.002002853702  0.005018889352  0.006532300086  0.006532300086  0.005018889352  0.005018889352  0.005018889352  0.006025784733  0.006025784733  0.009572811279  0.007542615027  0.006530843259  0.009567621045  0.009567621045  0.007038206011  0.007038206011  0.006532300086  0.006532300086  0.005523438076  0.010580210674  0.010073719309  
piranga_flava_lsu15408 0.009064427589  0.009064427589  0.006536503329  0.006536503329  0.007540996134  0.008049330681  0.009579731277  0.010599377873  0.002002853702  0.000000000000  0.003007109999  0.004516024687  0.004516024687  0.003007109999  0.003007109999  0.003007109999  0.004011437294  0.004011437294  0.007547145568  0.005523438076  0.004514889489  0.007542615027  0.007542615027  0.005020318894  0.005020318894  0.004516024687  0.004516024687  0.003510055628  0.008552605428  0.008047414610  
piranga_ludoviciana_sdsu2648 0.009064427589  0.009064427589  0.006536503329  0.006536503329  0.007540996134  0.008049330681  0.009579731277  0.010599377873  0.005018889352  0.003007109999  0.000000000000  0.001501774491  0.001501774491  0.000000000000  0.000000000000  0.000000000000  0.001000769493  0.001000769493  0.004517587769  0.002504709752  0.001501540674  0.004514889489  0.004514889489  0.002003378733  0.002003378733  0.001501774491  0.001501774491  0.000500269992  0.005521276175  0.005017888398  
piranga_bidentata_itm160 0.010587843491  0.010587843491  0.008054456624  0.008054456624  0.009059835275  0.009569999762  0.011105464383  0.012127882511  0.006532300086  0.004516024687  0.001501774491  0.000000000000  0.000000000000  0.001501774491  0.001501774491  0.001501774491  0.002504319037  0.002504319037  0.006030557015  0.004012278786  0.003006427147  0.006026945976  0.006026945976  0.003510055628  0.003510055628  0.003007109999  0.003007109999  0.002003378733  0.007035130591  0.006530843259  
piranga_bidentata_itm141 0.010587843491  0.010587843491  0.008054456624  0.008054456624  0.009059835275  0.009569999762  0.011105464383  0.012127882511  0.006532300086  0.004516024687  0.001501774491  0.000000000000  0.000000000000  0.001501774491  0.001501774491  0.001501774491  0.002504319037  0.002504319037  0.006030557015  0.004012278786  0.003006427147  0.006026945976  0.006026945976  0.003510055628  0.003510055628  0.003007109999  0.003007109999  0.002003378733  0.007035130591  0.006530843259  
piranga_ludoviciana_sdsu2208 0.009064427589  0.009064427589  0.006536503329  0.006536503329  0.007540996134  0.008049330681  0.009579731277  0.010599377873  0.005018889352  0.003007109999  0.000000000000  0.001501774491  0.001501774491  0.000000000000  0.000000000000  0.000000000000  0.001000769493  0.001000769493  0.004517587769  0.002504709752  0.001501540674  0.004514889489  0.004514889489  0.002003378733  0.002003378733  0.001501774491  0.001501774491  0.000500269992  0.005521276175  0.005017888398  
piranga_hepatica_ku4970 0.009064427589  0.009064427589  0.006536503329  0.006536503329  0.007540996134  0.008049330681  0.009579731277  0.010599377873  0.005018889352  0.003007109999  0.000000000000  0.001501774491  0.001501774491  0.000000000000  0.000000000000  0.000000000000  0.001000769493  0.001000769493  0.004517587769  0.002504709752  0.001501540674  0.004514889489  0.004514889489  0.002003378733  0.002003378733  0.001501774491  0.001501774491  0.000500269992  0.005521276175  0.005017888398  
piranga_lutea_lsu5400 0.009064427589  0.009064427589  0.006536503329  0.006536503329  0.007540996134  0.008049330681  0.009579731277  0.010599377873  0.005018889352  0.003007109999  0.000000000000  0.001501774491  0.001501774491  0.000000000000  0.000000000000  0.000000000000  0.001000769493  0.001000769493  0.004517587769  0.002504709752  0.001501540674  0.004514889489  0.004514889489  0.002003378733  0.002003378733  0.001501774491  0.001501774491  0.000500269992  0.005521276175  0.005017888398  
piranga_ludoviciana_sdsu2650 0.010075963956  0.010075963956  0.007544664959  0.007544664959  0.008551256083  0.009059835275  0.010591255254  0.011611942898  0.006025784733  0.004011437294  0.001000769493  0.002504319037  0.002504319037  0.001000769493  0.001000769493  0.001000769493  0.000000000000  0.000000000000  0.005523438076  0.003508531577  0.002504354844  0.005521276175  0.005521276175  0.003006427147  0.003006427147  0.002504319037  0.002504319037  0.001501540674  0.006529220998  0.006025053486  
piranga_bidentata_hgoslp104 0.010075963956  0.010075963956  0.007544664959  0.007544664959  0.008551256083  0.009059835275  0.010591255254  0.011611942898  0.006025784733  0.004011437294  0.001000769493  0.002504319037  0.002504319037  0.001000769493  0.001000769493  0.001000769493  0.000000000000  0.000000000000  0.005523438076  0.003508531577  0.002504354844  0.005521276175  0.005521276175  0.003006427147  0.003006427147  0.002504319037  0.002504319037  0.001501540674  0.006529220998  0.006025053486  
piranga_ludoviciana_sdsu2385 0.013650067627  0.013650067627  0.011105464383  0.011105464383  0.012111483964  0.012626078619  0.014173543234  0.015202162170  0.009572811279  0.007547145568  0.004517587769  0.006030557015  0.006030557015  0.004517587769  0.004517587769  0.004517587769  0.005523438076  0.005523438076  0.000000000000  0.007040389396  0.006028536857  0.009064427589  0.009064427589  0.006536503329  0.006536503329  0.006030557015  0.006030557015  0.005022176666  0.010075963956  0.009569999762  
piranga_hepatica_ku9084 0.011604347800  0.011604347800  0.009067372057  0.009067372057  0.010073719309  0.010584865233  0.012123131188  0.013147202931  0.007542615027  0.005523438076  0.002504709752  0.004012278786  0.004012278786  0.002504709752  0.002504709752  0.002504709752  0.003508531577  0.003508531577  0.007040389396  0.000000000000  0.004011437294  0.007036452956  0.007036452956  0.004516024687  0.004516024687  0.004012278786  0.004012278786  0.003007109999  0.008045930286  0.007540996134  
piranga_olivacea_ku4672 0.010584865233  0.010584865233  0.008051678138  0.008051678138  0.009058188150  0.009567621045  0.010089274072  0.011110043917  0.006530843259  0.004514889489  0.001501540674  0.003006427147  0.003006427147  0.001501540674  0.001501540674  0.001501540674  0.002504354844  0.002504354844  0.006028536857  0.004011437294  0.000000000000  0.005018889352  0.005018889352  0.003509080002  0.003509080002  0.003006427147  0.003006427147  0.002002853702  0.007034239277  0.006529816776  
piranga_roseogularis_ku2049 0.012619014287  0.012619014287  0.011097605121  0.011097605121  0.012105895013  0.012619014287  0.014162912075  0.015190307146  0.009567621045  0.007542615027  0.004514889489  0.006026945976  0.006026945976  0.004514889489  0.004514889489  0.004514889489  0.005521276175  0.005521276175  0.009064427589  0.007036452956  0.005018889352  0.000000000000  0.000000000000  0.006532300086  0.006532300086  0.006026945976  0.006026945976  0.005018889352  0.010071908536  0.009565675486  
piranga_roseogularis_ku2141 0.012619014287  0.012619014287  0.011097605121  0.011097605121  0.012105895013  0.012619014287  0.014162912075  0.015190307146  0.009567621045  0.007542615027  0.004514889489  0.006026945976  0.006026945976  0.004514889489  0.004514889489  0.004514889489  0.005521276175  0.005521276175  0.009064427589  0.007036452956  0.005018889352  0.000000000000  0.000000000000  0.006532300086  0.006532300086  0.006026945976  0.006026945976  0.005018889352  0.010071908536  0.009565675486  
piranga_lutea_ku89864 0.011097605121  0.011097605121  0.008562323780  0.008562323780  0.009567621045  0.010078642114  0.011616391417  0.012639938912  0.007038206011  0.005020318894  0.002003378733  0.003510055628  0.003510055628  0.002003378733  0.002003378733  0.002003378733  0.003006427147  0.003006427147  0.006536503329  0.004516024687  0.003509080002  0.006532300086  0.006532300086  0.000000000000  0.004013547821  0.003510055628  0.003510055628  0.002505526627  0.007540996134  0.007036452956  
piranga_bidentata_tepe59 0.011097605121  0.011097605121  0.008562323780  0.008562323780  0.009567621045  0.010078642114  0.011616391417  0.012639938912  0.007038206011  0.005020318894  0.002003378733  0.003510055628  0.003510055628  0.002003378733  0.002003378733  0.002003378733  0.003006427147  0.003006427147  0.006536503329  0.004516024687  0.003509080002  0.006532300086  0.006532300086  0.004013547821  0.000000000000  0.003510055628  0.003510055628  0.002505526627  0.007540996134  0.007036452956  
piranga_rubra_sdsu2635 0.010587843491  0.010587843491  0.008054456624  0.008054456624  0.009059835275  0.009569999762  0.011105464383  0.012127882511  0.006532300086  0.004516024687  0.001501774491  0.003007109999  0.003007109999  0.001501774491  0.001501774491  0.001501774491  0.002504319037  0.002504319037  0.006030557015  0.004012278786  0.003006427147  0.006026945976  0.006026945976  0.003510055628  0.003510055628  0.000000000000  0.000000000000  0.001000712725  0.006025053486  0.005521276175  
piranga_rubra_sdsu2654 0.010587843491  0.010587843491  0.008054456624  0.008054456624  0.009059835275  0.009569999762  0.011105464383  0.012127882511  0.006532300086  0.004516024687  0.001501774491  0.003007109999  0.003007109999  0.001501774491  0.001501774491  0.001501774491  0.002504319037  0.002504319037  0.006030557015  0.004012278786  0.003006427147  0.006026945976  0.006026945976  0.003510055628  0.003510055628  0.000000000000  0.000000000000  0.001000712725  0.006025053486  0.005521276175  
piranga_olivacea_ku2699 0.009572811279  0.009572811279  0.007043002754  0.007043002754  0.008047414610  0.008556601129  0.010089274072  0.011110043917  0.005523438076  0.003510055628  0.000500269992  0.002003378733  0.002003378733  0.000500269992  0.000500269992  0.000500269992  0.001501540674  0.001501540674  0.005022176666  0.003007109999  0.002002853702  0.005018889352  0.005018889352  0.002505526627  0.002505526627  0.001000712725  0.001000712725  0.000000000000  0.005017316391  0.004514182536  
piranga_rubra_ku7046 0.014659083697  0.014659083697  0.012111483964  0.012111483964  0.013121888645  0.013635260118  0.014666829362  0.015694141160  0.010580210674  0.008552605428  0.005521276175  0.007035130591  0.007035130591  0.005521276175  0.005521276175  0.005521276175  0.006529220998  0.006529220998  0.010075963956  0.008045930286  0.007034239277  0.010071908536  0.010071908536  0.007540996134  0.007540996134  0.006025053486  0.006025053486  0.005017316391  0.000000000000  0.001501732342  
piranga_rubra_ku26592 0.014150239031  0.014150239031  0.011604347800  0.011604347800  0.012613693999  0.013126939446  0.014671358549  0.015699281817  0.010073719309  0.008047414610  0.005017888398  0.006530843259  0.006530843259  0.005017888398  0.005017888398  0.005017888398  0.006025053486  0.006025053486  0.009569999762  0.007540996134  0.006529816776  0.009565675486  0.009565675486  0.007036452956  0.007036452956  0.005521276175  0.005521276175  0.004514182536  0.001501732342  0.000000000000  

