30
cardinalis_cardinalis_ku21828 0.000000000000  0.000000000000  0.020307497805  0.022879700882  0.018260662961  0.018766538219  0.018766538219  0.017228825292  0.023416641800  0.021343785126  0.021846847573  0.021846847573  0.022360772388  0.023919307152  0.023399212034  0.023399212034  0.023410383095  0.024445977883  0.025489731962  0.022365506911  0.024434447378  0.022376320404  0.024452418006  0.024452418006  0.027045091061  0.021338332842  0.021338332842  0.026521782587  0.026521782587  0.022890244368  
cardinalis_cardinalis_ku25393 0.000000000000  0.000000000000  0.020307497805  0.022879700882  0.018260662961  0.018766538219  0.018766538219  0.017228825292  0.023416641800  0.021343785126  0.021846847573  0.021846847573  0.022360772388  0.023919307152  0.023399212034  0.023399212034  0.023410383095  0.024445977883  0.025489731962  0.022365506911  0.024434447378  0.022376320404  0.024452418006  0.024452418006  0.027045091061  0.021338332842  0.021338332842  0.026521782587  0.026521782587  0.022890244368  
piranga_erythrocephala_fmnh343371 0.020307497805  0.020307497805  0.000000000000  0.003006180345  0.008054514962  0.008556660172  0.008556660172  0.007040431892  0.014150397994  0.012108587507  0.012611820381  0.012611820381  0.013120164330  0.014653263596  0.014141665871  0.014141665871  0.014147047383  0.015168507206  0.016195150797  0.013122028795  0.015675215761  0.013127075641  0.015172027664  0.015172027664  0.017730615717  0.012106011559  0.012106011559  0.017215909093  0.017215909093  0.013635407464  
piranga_erythrocephala_fmnh343370 0.022879700882  0.022879700882  0.003006180345  0.000000000000  0.010584954385  0.011089168719  0.011089168719  0.009567693290  0.016701774405  0.014653263596  0.015158837805  0.015158837805  0.015669038775  0.017206980551  0.016693765084  0.016693765084  0.016698661431  0.017723605122  0.018753506078  0.015670655173  0.018232420731  0.015675215761  0.017726888515  0.017726888515  0.020294348862  0.014650929679  0.014650929679  0.019778004742  0.019778004742  0.016185403501  
piranga_leucoptera_lsu7783 0.018260662961  0.018260662961  0.008054514962  0.010584954385  0.000000000000  0.002504714698  0.002504714698  0.001001082198  0.012118939539  0.010081839328  0.010582409282  0.010582409282  0.011089168719  0.012619140401  0.012108587507  0.012108587507  0.012115051860  0.013133877257  0.014158417094  0.011091578528  0.013638453909  0.011097707364  0.013137935192  0.013137935192  0.015689637698  0.010078724255  0.010078724255  0.015175988628  0.015175988628  0.011604456942  
piranga_rubriceps_lsu265 0.018766538219  0.018766538219  0.008556660172  0.011089168719  0.002504714698  0.000000000000  0.000000000000  0.001501542965  0.012622456829  0.010584954385  0.011087195803  0.011087195803  0.011594486777  0.013124332688  0.012613821810  0.012613821810  0.012619140401  0.013638453909  0.014662909147  0.011596323260  0.014144136553  0.011601308708  0.013641939408  0.013641939408  0.016195150797  0.010582409282  0.010582409282  0.015681544254  0.015681544254  0.012108587507  
piranga_rubriceps_lsu34818 0.018766538219  0.018766538219  0.008556660172  0.011089168719  0.002504714698  0.000000000000  0.000000000000  0.001501542965  0.012622456829  0.010584954385  0.011087195803  0.011087195803  0.011594486777  0.013124332688  0.012613821810  0.012613821810  0.012619140401  0.013638453909  0.014662909147  0.011596323260  0.014144136553  0.011601308708  0.013641939408  0.013641939408  0.016195150797  0.010582409282  0.010582409282  0.015681544254  0.015681544254  0.012108587507  
piranga_leucoptera_fmnh481795 0.017228825292  0.017228825292  0.007040431892  0.009567693290  0.001001082198  0.001501542965  0.001501542965  0.000000000000  0.011097707364  0.009064494818  0.009565748670  0.009565748670  0.010071991025  0.011598597359  0.011089168719  0.011089168719  0.011094424864  0.012111601062  0.013133877257  0.010073799739  0.012616261939  0.010078724255  0.012115051860  0.012115051860  0.014662909147  0.009061980326  0.009061980326  0.014150397994  0.014150397994  0.010584954385  
piranga_roseogularis_ku2049 0.023416641800  0.023416641800  0.014150397994  0.016701774405  0.012118939539  0.012622456829  0.012622456829  0.011097707364  0.000000000000  0.002003382326  0.008556660172  0.008556660172  0.009061980326  0.010587935296  0.010078724255  0.010078724255  0.010085389128  0.011101425667  0.012123263739  0.009064494818  0.011604456942  0.009070825495  0.011105579413  0.011105579413  0.013650226105  0.008054514962  0.008054514962  0.013137935192  0.013137935192  0.009576136285  
piranga_roseogularis_ku2141 0.021343785126  0.021343785126  0.012108587507  0.014653263596  0.010081839328  0.010584954385  0.010584954385  0.009064494818  0.002003382326  0.000000000000  0.006532333930  0.006532333930  0.007036492004  0.008556660172  0.008049382301  0.008049382301  0.008054514962  0.009067443327  0.010085389128  0.007038245823  0.009570073008  0.007043049850  0.009070825495  0.009070825495  0.011608041698  0.006030589671  0.006030589671  0.011097707364  0.011097707364  0.007547195605  
piranga_flava_lsu15408 0.021846847573  0.021846847573  0.012611820381  0.015158837805  0.010582409282  0.011087195803  0.011087195803  0.009565748670  0.008556660172  0.006532333930  0.000000000000  0.000000000000  0.000500192778  0.002003382326  0.001501776328  0.001501776328  0.004516041331  0.005523462486  0.006534222609  0.003508542335  0.006025814220  0.003510066166  0.005525189173  0.005525189173  0.008049382301  0.002504714698  0.002504714698  0.007542659983  0.007542659983  0.004012291587  
piranga_lutea_ku89864 0.021846847573  0.021846847573  0.012611820381  0.015158837805  0.010582409282  0.011087195803  0.011087195803  0.009565748670  0.008556660172  0.006532333930  0.000000000000  0.000000000000  0.000500192778  0.002003382326  0.001501776328  0.001501776328  0.004516041331  0.005523462486  0.006534222609  0.003508542335  0.006025814220  0.003510066166  0.005525189173  0.005525189173  0.008049382301  0.002504714698  0.002504714698  0.007542659983  0.007542659983  0.004012291587  
piranga_flava_ku90809 0.022360772388  0.022360772388  0.013120164330  0.015669038775  0.011089168719  0.011594486777  0.011594486777  0.010071991025  0.009061980326  0.007036492004  0.000500192778  0.000500192778  0.000000000000  0.002504714698  0.002002856956  0.002002856956  0.005018909235  0.006026974605  0.007038245823  0.004011038927  0.006529852638  0.004012291587  0.006028566543  0.006028566543  0.008554444983  0.003006434480  0.003006434480  0.008047465759  0.008047465759  0.004514905589  
piranga_hepatica_ku4970 0.023919307152  0.023919307152  0.014653263596  0.017206980551  0.012619140401  0.013124332688  0.013124332688  0.011598597359  0.010587935296  0.008556660172  0.002003382326  0.002003382326  0.002504714698  0.000000000000  0.000500270354  0.000500270354  0.006534222609  0.007544711494  0.008559309026  0.005522166642  0.008047465759  0.005525189173  0.007547195605  0.007547195605  0.010078724255  0.004516041331  0.004516041331  0.008554444983  0.008554444983  0.006028566543  
piranga_lutea_lsu5400 0.023399212034  0.023399212034  0.014141665871  0.016693765084  0.012108587507  0.012613821810  0.012613821810  0.011089168719  0.010078724255  0.008049382301  0.001501776328  0.001501776328  0.002002856956  0.000500270354  0.000000000000  0.000000000000  0.006028566543  0.007038245823  0.008051732156  0.005017908839  0.007541041434  0.005020340127  0.007040431892  0.007040431892  0.009570073008  0.004012291587  0.004012291587  0.009061980326  0.009061980326  0.005523462486  
piranga_hepatica_ku9084 0.023399212034  0.023399212034  0.014141665871  0.016693765084  0.012108587507  0.012613821810  0.012613821810  0.011089168719  0.010078724255  0.008049382301  0.001501776328  0.001501776328  0.002002856956  0.000500270354  0.000000000000  0.000000000000  0.006028566543  0.007038245823  0.008051732156  0.005017908839  0.007541041434  0.005020340127  0.007040431892  0.007040431892  0.009570073008  0.004012291587  0.004012291587  0.009061980326  0.009061980326  0.005523462486  
piranga_rubra_sdsu2654 0.023410383095  0.023410383095  0.014147047383  0.016698661431  0.012115051860  0.012619140401  0.012619140401  0.011094424864  0.010085389128  0.008054514962  0.004516041331  0.004516041331  0.005018909235  0.006534222609  0.006028566543  0.006028566543  0.000000000000  0.005020340127  0.006030589671  0.003006434480  0.005522166642  0.003008228663  0.005022201155  0.005022201155  0.007544711494  0.002003382326  0.002003382326  0.007038245823  0.007038245823  0.003510066166  
piranga_olivacea_ku2699 0.024445977883  0.024445977883  0.015168507206  0.017723605122  0.013133877257  0.013638453909  0.013638453909  0.012111601062  0.011101425667  0.009067443327  0.005523462486  0.005523462486  0.006026974605  0.007544711494  0.007038245823  0.007038245823  0.005020340127  0.000000000000  0.004013562265  0.004011450353  0.006530877152  0.004013562265  0.006030589671  0.006030589671  0.008556660172  0.003007117373  0.003007117373  0.008049382301  0.008049382301  0.004516041331  
piranga_olivacea_ku4672 0.025489731962  0.025489731962  0.016195150797  0.018753506078  0.014158417094  0.014662909147  0.014662909147  0.013133877257  0.012123263739  0.010085389128  0.006534222609  0.006534222609  0.007038245823  0.008559309026  0.008051732156  0.008051732156  0.006030589671  0.004013562265  0.000000000000  0.005018909235  0.007542659983  0.005022201155  0.007043049850  0.007043049850  0.009572887460  0.004013562265  0.004013562265  0.009064494818  0.009064494818  0.005525189173  
piranga_ludoviciana_sdsu2208 0.022365506911  0.022365506911  0.013122028795  0.015670655173  0.011091578528  0.011596323260  0.011596323260  0.010073799739  0.009064494818  0.007038245823  0.003508542335  0.003508542335  0.004011038927  0.005522166642  0.005017908839  0.005017908839  0.003006434480  0.004011450353  0.005018909235  0.000000000000  0.004513924924  0.002002856956  0.004012291587  0.004012291587  0.006530877152  0.001000771550  0.001000771550  0.006025814220  0.006025814220  0.002504324741  
piranga_ludoviciana_sdsu2648 0.024434447378  0.024434447378  0.015675215761  0.018232420731  0.013638453909  0.014144136553  0.014144136553  0.012616261939  0.011604456942  0.009570073008  0.006025814220  0.006025814220  0.006529852638  0.008047465759  0.007541041434  0.007541041434  0.005522166642  0.006530877152  0.007542659983  0.004513924924  0.000000000000  0.004514905589  0.006532333930  0.006532333930  0.009059900215  0.003508542335  0.003508542335  0.008552663822  0.008552663822  0.005017908839  
piranga_bidentata_tepe59 0.022376320404  0.022376320404  0.013127075641  0.015675215761  0.011097707364  0.011601308708  0.011601308708  0.010078724255  0.009070825495  0.007043049850  0.003510066166  0.003510066166  0.004012291587  0.005525189173  0.005020340127  0.005020340127  0.003008228663  0.004013562265  0.005022201155  0.002002856956  0.004514905589  0.000000000000  0.002003382326  0.002003382326  0.004514905589  0.001001082198  0.001001082198  0.006028566543  0.006028566543  0.002505532710  
piranga_bidentata_itm160 0.024452418006  0.024452418006  0.015172027664  0.017726888515  0.013137935192  0.013641939408  0.013641939408  0.012115051860  0.011105579413  0.009070825495  0.005525189173  0.005525189173  0.006028566543  0.007547195605  0.007040431892  0.007040431892  0.005022201155  0.006030589671  0.007043049850  0.004012291587  0.006532333930  0.002003382326  0.000000000000  0.000000000000  0.002504324741  0.003008228663  0.003008228663  0.008051732156  0.008051732156  0.004517606862  
piranga_bidentata_itm141 0.024452418006  0.024452418006  0.015172027664  0.017726888515  0.013137935192  0.013641939408  0.013641939408  0.012115051860  0.011105579413  0.009070825495  0.005525189173  0.005525189173  0.006028566543  0.007547195605  0.007040431892  0.007040431892  0.005022201155  0.006030589671  0.007043049850  0.004012291587  0.006532333930  0.002003382326  0.000000000000  0.000000000000  0.002504324741  0.003008228663  0.003008228663  0.008051732156  0.008051732156  0.004517606862  
piranga_bidentata_hgoslp104 0.027045091061  0.027045091061  0.017730615717  0.020294348862  0.015689637698  0.016195150797  0.016195150797  0.014662909147  0.013650226105  0.011608041698  0.008049382301  0.008049382301  0.008554444983  0.010078724255  0.009570073008  0.009570073008  0.007544711494  0.008556660172  0.009572887460  0.006530877152  0.009059900215  0.004514905589  0.002504324741  0.002504324741  0.000000000000  0.005523462486  0.005523462486  0.010584954385  0.010584954385  0.007038245823  
piranga_ludoviciana_sdsu2650 0.021338332842  0.021338332842  0.012106011559  0.014650929679  0.010078724255  0.010582409282  0.010582409282  0.009061980326  0.008054514962  0.006030589671  0.002504714698  0.002504714698  0.003006434480  0.004516041331  0.004012291587  0.004012291587  0.002003382326  0.003007117373  0.004013562265  0.001000771550  0.003508542335  0.001001082198  0.003008228663  0.003008228663  0.005523462486  0.000000000000  0.000000000000  0.005018909235  0.005018909235  0.001501776328  
piranga_ludoviciana_sdsu2385 0.021338332842  0.021338332842  0.012106011559  0.014650929679  0.010078724255  0.010582409282  0.010582409282  0.009061980326  0.008054514962  0.006030589671  0.002504714698  0.002504714698  0.003006434480  0.004516041331  0.004012291587  0.004012291587  0.002003382326  0.003007117373  0.004013562265  0.001000771550  0.003508542335  0.001001082198  0.003008228663  0.003008228663  0.005523462486  0.000000000000  0.000000000000  0.005018909235  0.005018909235  0.001501776328  
piranga_rubra_sdsu2635 0.026521782587  0.026521782587  0.017215909093  0.019778004742  0.015175988628  0.015681544254  0.015681544254  0.014150397994  0.013137935192  0.011097707364  0.007542659983  0.007542659983  0.008047465759  0.008554444983  0.009061980326  0.009061980326  0.007038245823  0.008049382301  0.009064494818  0.006025814220  0.008552663822  0.006028566543  0.008051732156  0.008051732156  0.010584954385  0.005018909235  0.005018909235  0.000000000000  0.000000000000  0.003509089700  
piranga_rubra_ku7046 0.026521782587  0.026521782587  0.017215909093  0.019778004742  0.015175988628  0.015681544254  0.015681544254  0.014150397994  0.013137935192  0.011097707364  0.007542659983  0.007542659983  0.008047465759  0.008554444983  0.009061980326  0.009061980326  0.007038245823  0.008049382301  0.009064494818  0.006025814220  0.008552663822  0.006028566543  0.008051732156  0.008051732156  0.010584954385  0.005018909235  0.005018909235  0.000000000000  0.000000000000  0.003509089700  
piranga_rubra_ku26592 0.022890244368  0.022890244368  0.013635407464  0.016185403501  0.011604456942  0.012108587507  0.012108587507  0.010584954385  0.009576136285  0.007547195605  0.004012291587  0.004012291587  0.004514905589  0.006028566543  0.005523462486  0.005523462486  0.003510066166  0.004516041331  0.005525189173  0.002504324741  0.005017908839  0.002505532710  0.004517606862  0.004517606862  0.007038245823  0.001501776328  0.001501776328  0.003509089700  0.003509089700  0.000000000000  

