30
cardinalis_cardinalis_ku21828 0.000000000000  0.001501792070  0.012636506842  0.012647429400  0.009071622082  0.010600676175  0.010596244820  0.008052216743  0.010082629161  0.010588724688  0.010588724688  0.010588724688  0.015182019698  0.015182019698  0.011609077023  0.010588724688  0.010588724688  0.012116086922  0.011098615250  0.020846691196  0.017746625869  0.016210852092  0.016210852092  0.015187031459  0.018774138733  0.011605365455  0.012623493596  0.011605365455  0.011605365455  0.011605365455  
cardinalis_cardinalis_ku25393 0.001501792070  0.000000000000  0.014169999041  0.014181916328  0.010596244820  0.012129507451  0.012124584914  0.009573566805  0.011609077023  0.012116086922  0.012116086922  0.012116086922  0.016720629676  0.016720629676  0.013139250368  0.012116086922  0.012116086922  0.013647178713  0.012627381463  0.022399634832  0.019291393751  0.017752320166  0.017752320166  0.016726140719  0.020321283038  0.013135048680  0.014155505052  0.013135048680  0.013135048680  0.013135048680  
piranga_erythrocephala_fmnh343371 0.012636506842  0.014169999041  0.000000000000  0.007046691138  0.003510165336  0.005022459529  0.005020535007  0.008559887335  0.010592260874  0.011098615250  0.011098615250  0.011098615250  0.015696145523  0.015696145523  0.012120111287  0.011098615250  0.011098615250  0.012627381463  0.011609077023  0.021366305615  0.017746625869  0.016726140719  0.016726140719  0.015701474267  0.019291393751  0.012116086922  0.013135048680  0.012116086922  0.012116086922  0.012116086922  
piranga_leucoptera_lsu7783 0.012647429400  0.014181916328  0.007046691138  0.000000000000  0.003513511178  0.005027634887  0.005024826273  0.008566709173  0.010600676175  0.011106759325  0.011106759325  0.011106759325  0.015707255693  0.015707255693  0.012129507451  0.011106759325  0.011106759325  0.012636506842  0.011617846439  0.021381743943  0.017758469424  0.016738523913  0.016738523913  0.015713489449  0.019304248986  0.012124584914  0.013143902439  0.012124584914  0.012124584914  0.012124584914  
piranga_rubriceps_lsu34818 0.009071622082  0.010596244820  0.003510165336  0.003513511178  0.000000000000  0.001502474361  0.001501792070  0.005020535007  0.007040832253  0.007545111135  0.007545111135  0.007545111135  0.012116086922  0.012116086922  0.008559887335  0.007545111135  0.007545111135  0.009065072533  0.008052216743  0.017752320166  0.014155505052  0.013139250368  0.013139250368  0.012120111287  0.015691269813  0.008557145079  0.009570652092  0.008557145079  0.008557145079  0.008557145079  
piranga_leucoptera_fmnh481795 0.010600676175  0.012129507451  0.005022459529  0.005027634887  0.001502474361  0.000000000000  0.003008329730  0.006536945860  0.008563075484  0.009068124173  0.009068124173  0.009068124173  0.013651694926  0.013651694926  0.010086301644  0.009068124173  0.009068124173  0.010592260874  0.009576928519  0.019304248986  0.015696145523  0.014678316195  0.014678316195  0.013656661910  0.017236182933  0.010082629161  0.011098615250  0.010082629161  0.010082629161  0.010082629161  
piranga_rubriceps_lsu265 0.010596244820  0.012124584914  0.005020535007  0.005024826273  0.001501792070  0.003008329730  0.000000000000  0.006534545835  0.008559887335  0.009065072533  0.009065072533  0.009065072533  0.013647178713  0.013647178713  0.010082629161  0.009065072533  0.009065072533  0.010588724688  0.009573566805  0.019297593115  0.015691269813  0.014673168802  0.014673168802  0.013651694926  0.017230807710  0.010079404060  0.011095215780  0.010079404060  0.010079404060  0.010079404060  
piranga_olivacea_ku2699 0.008052216743  0.009573566805  0.008559887335  0.008566709173  0.005020535007  0.006536945860  0.006534545835  0.000000000000  0.002003418050  0.002504750435  0.002504750435  0.002504750435  0.007038569255  0.007038569255  0.003510165336  0.002504750435  0.002504750435  0.004012390810  0.003007180581  0.012627381463  0.009570652092  0.008052216743  0.008052216743  0.007040832253  0.010585636617  0.003509153915  0.004515006822  0.003509153915  0.003509153915  0.003509153915  
piranga_olivacea_ku4672 0.010082629161  0.011609077023  0.010592260874  0.010600676175  0.007040832253  0.008563075484  0.008559887335  0.002003418050  0.000000000000  0.004516184096  0.004516184096  0.004516184096  0.009065072533  0.009065072533  0.005525444777  0.004516184096  0.004516184096  0.006028821327  0.005020535007  0.014673168802  0.011605365455  0.010082629161  0.010082629161  0.009068124173  0.012623493596  0.005523657483  0.006532589852  0.005523657483  0.005523657483  0.005523657483  
piranga_bidentata_itm160 0.010588724688  0.012116086922  0.011098615250  0.011106759325  0.007545111135  0.009068124173  0.009065072533  0.002504750435  0.004516184096  0.000000000000  0.000000000000  0.000000000000  0.004516184096  0.004516184096  0.001001098910  0.000000000000  0.000000000000  0.001501792070  0.005523657483  0.015182019698  0.012112512171  0.010588724688  0.010588724688  0.009573566805  0.013131297732  0.006027171677  0.007036751027  0.006027171677  0.006027171677  0.006027171677  
piranga_bidentata_itm141 0.010588724688  0.012116086922  0.011098615250  0.011106759325  0.007545111135  0.009068124173  0.009065072533  0.002504750435  0.004516184096  0.000000000000  0.000000000000  0.000000000000  0.004516184096  0.004516184096  0.001001098910  0.000000000000  0.000000000000  0.001501792070  0.005523657483  0.015182019698  0.012112512171  0.010588724688  0.010588724688  0.009573566805  0.013131297732  0.006027171677  0.007036751027  0.006027171677  0.006027171677  0.006027171677  
piranga_bidentata_tepe59 0.010588724688  0.012116086922  0.011098615250  0.011106759325  0.007545111135  0.009068124173  0.009065072533  0.002504750435  0.004516184096  0.000000000000  0.000000000000  0.000000000000  0.004516184096  0.004516184096  0.001001098910  0.000000000000  0.000000000000  0.001501792070  0.005523657483  0.015182019698  0.012112512171  0.010588724688  0.010588724688  0.009573566805  0.013131297732  0.006027171677  0.007036751027  0.006027171677  0.006027171677  0.006027171677  
piranga_hepatica_ku9084 0.015182019698  0.016720629676  0.015696145523  0.015707255693  0.012116086922  0.013651694926  0.013647178713  0.007038569255  0.009065072533  0.004516184096  0.004516184096  0.004516184096  0.000000000000  0.000000000000  0.005525444777  0.004516184096  0.004516184096  0.006028821327  0.010079404060  0.019809236608  0.016715572806  0.015182019698  0.015182019698  0.014159884987  0.017741386889  0.010585636617  0.011602103119  0.010585636617  0.010585636617  0.010585636617  
piranga_ludoviciana_sdsu2650 0.015182019698  0.016720629676  0.015696145523  0.015707255693  0.012116086922  0.013651694926  0.013647178713  0.007038569255  0.009065072533  0.004516184096  0.004516184096  0.004516184096  0.000000000000  0.000000000000  0.005525444777  0.004516184096  0.004516184096  0.006028821327  0.010079404060  0.019809236608  0.016715572806  0.015182019698  0.015182019698  0.014159884987  0.017741386889  0.010585636617  0.011602103119  0.010585636617  0.010585636617  0.010585636617  
piranga_bidentata_hgoslp104 0.011609077023  0.013139250368  0.012120111287  0.012129507451  0.008559887335  0.010086301644  0.010082629161  0.003510165336  0.005525444777  0.001001098910  0.001001098910  0.001001098910  0.005525444777  0.005525444777  0.000000000000  0.001001098910  0.001001098910  0.002505596863  0.006534545835  0.016210852092  0.013135048680  0.011609077023  0.011609077023  0.010592260874  0.014155505052  0.007038569255  0.008049783182  0.007038569255  0.007038569255  0.007038569255  
piranga_roseogularis_ku2049 0.010588724688  0.012116086922  0.011098615250  0.011106759325  0.007545111135  0.009068124173  0.009065072533  0.002504750435  0.004516184096  0.000000000000  0.000000000000  0.000000000000  0.004516184096  0.004516184096  0.001001098910  0.000000000000  0.000000000000  0.001501792070  0.005523657483  0.015182019698  0.012112512171  0.010588724688  0.010588724688  0.009573566805  0.013131297732  0.006027171677  0.007036751027  0.006027171677  0.006027171677  0.006027171677  
piranga_ludoviciana_sdsu2208 0.010588724688  0.012116086922  0.011098615250  0.011106759325  0.007545111135  0.009068124173  0.009065072533  0.002504750435  0.004516184096  0.000000000000  0.000000000000  0.000000000000  0.004516184096  0.004516184096  0.001001098910  0.000000000000  0.000000000000  0.001501792070  0.005523657483  0.015182019698  0.012112512171  0.010588724688  0.010588724688  0.009573566805  0.013131297732  0.006027171677  0.007036751027  0.006027171677  0.006027171677  0.006027171677  
piranga_ludoviciana_sdsu2385 0.012116086922  0.013647178713  0.012627381463  0.012636506842  0.009065072533  0.010592260874  0.010588724688  0.004012390810  0.006028821327  0.001501792070  0.001501792070  0.001501792070  0.006028821327  0.006028821327  0.002505596863  0.001501792070  0.001501792070  0.000000000000  0.007038569255  0.016720629676  0.013643113625  0.012116086922  0.012116086922  0.011098615250  0.014664230072  0.007542985582  0.008554849071  0.007542985582  0.007542985582  0.007542985582  
piranga_roseogularis_ku2141 0.011098615250  0.012627381463  0.011609077023  0.011617846439  0.008052216743  0.009576928519  0.009573566805  0.003007180581  0.005020535007  0.005523657483  0.005523657483  0.005523657483  0.010079404060  0.010079404060  0.006534545835  0.005523657483  0.005523657483  0.007038569255  0.000000000000  0.014175732455  0.011106759325  0.009584991541  0.009584991541  0.008570788051  0.011102463216  0.005024826273  0.006033451282  0.005024826273  0.005024826273  0.005024826273  
piranga_lutea_lsu5400 0.020846691196  0.022399634832  0.021366305615  0.021381743943  0.017752320166  0.019304248986  0.019297593115  0.012627381463  0.014673168802  0.015182019698  0.015182019698  0.015182019698  0.019809236608  0.019809236608  0.016210852092  0.015182019698  0.015182019698  0.016720629676  0.014175732455  0.000000000000  0.006027171677  0.004516184096  0.004516184096  0.006534545835  0.013139250368  0.009068124173  0.010082629161  0.009068124173  0.009068124173  0.009068124173  
piranga_flava_ku90809 0.017746625869  0.019291393751  0.017746625869  0.017758469424  0.014155505052  0.015696145523  0.015691269813  0.009570652092  0.011605365455  0.012112512171  0.012112512171  0.012112512171  0.016715572806  0.016715572806  0.013135048680  0.012112512171  0.012112512171  0.013643113625  0.011106759325  0.006027171677  0.000000000000  0.001501549086  0.001501549086  0.003509153915  0.010079404060  0.006028821327  0.007038569255  0.006028821327  0.006028821327  0.006028821327  
piranga_lutea_ku89864 0.016210852092  0.017752320166  0.016726140719  0.016738523913  0.013139250368  0.014678316195  0.014673168802  0.008052216743  0.010082629161  0.010588724688  0.010588724688  0.010588724688  0.015182019698  0.015182019698  0.011609077023  0.010588724688  0.010588724688  0.012116086922  0.009584991541  0.004516184096  0.001501549086  0.000000000000  0.000000000000  0.002003418050  0.008559887335  0.004517803578  0.005525444777  0.004517803578  0.004517803578  0.004517803578  
piranga_flava_lsu15408 0.016210852092  0.017752320166  0.016726140719  0.016738523913  0.013139250368  0.014678316195  0.014673168802  0.008052216743  0.010082629161  0.010588724688  0.010588724688  0.010588724688  0.015182019698  0.015182019698  0.011609077023  0.010588724688  0.010588724688  0.012116086922  0.009584991541  0.004516184096  0.001501549086  0.000000000000  0.000000000000  0.002003418050  0.008559887335  0.004517803578  0.005525444777  0.004517803578  0.004517803578  0.004517803578  
piranga_hepatica_ku4970 0.015187031459  0.016726140719  0.015701474267  0.015713489449  0.012120111287  0.013656661910  0.013651694926  0.007040832253  0.009068124173  0.009573566805  0.009573566805  0.009573566805  0.014159884987  0.014159884987  0.010592260874  0.009573566805  0.009573566805  0.011098615250  0.008570788051  0.006534545835  0.003509153915  0.002003418050  0.002003418050  0.000000000000  0.007547681830  0.003511617874  0.004517803578  0.003511617874  0.003511617874  0.003511617874  
piranga_ludoviciana_sdsu2648 0.018774138733  0.020321283038  0.019291393751  0.019304248986  0.015691269813  0.017236182933  0.017230807710  0.010585636617  0.012623493596  0.013131297732  0.013131297732  0.013131297732  0.017741386889  0.017741386889  0.014155505052  0.013131297732  0.013131297732  0.014664230072  0.011102463216  0.013139250368  0.010079404060  0.008559887335  0.008559887335  0.007547681830  0.000000000000  0.007038569255  0.008049783182  0.007038569255  0.007038569255  0.007038569255  
piranga_erythrocephala_fmnh343370 0.011605365455  0.013135048680  0.012116086922  0.012124584914  0.008557145079  0.010082629161  0.010079404060  0.003509153915  0.005523657483  0.006027171677  0.006027171677  0.006027171677  0.010585636617  0.010585636617  0.007038569255  0.006027171677  0.006027171677  0.007542985582  0.005024826273  0.009068124173  0.006028821327  0.004517803578  0.004517803578  0.003511617874  0.007038569255  0.000000000000  0.001000717708  0.000000000000  0.000000000000  0.000000000000  
piranga_rubra_ku7046 0.012623493596  0.014155505052  0.013135048680  0.013143902439  0.009570652092  0.011098615250  0.011095215780  0.004515006822  0.006532589852  0.007036751027  0.007036751027  0.007036751027  0.011602103119  0.011602103119  0.008049783182  0.007036751027  0.007036751027  0.008554849071  0.006033451282  0.010082629161  0.007038569255  0.005525444777  0.005525444777  0.004517803578  0.008049783182  0.001000717708  0.000000000000  0.001000717708  0.001000717708  0.001000717708  
piranga_rubra_sdsu2635 0.011605365455  0.013135048680  0.012116086922  0.012124584914  0.008557145079  0.010082629161  0.010079404060  0.003509153915  0.005523657483  0.006027171677  0.006027171677  0.006027171677  0.010585636617  0.010585636617  0.007038569255  0.006027171677  0.006027171677  0.007542985582  0.005024826273  0.009068124173  0.006028821327  0.004517803578  0.004517803578  0.003511617874  0.007038569255  0.000000000000  0.001000717708  0.000000000000  0.000000000000  0.000000000000  
piranga_rubra_sdsu2654 0.011605365455  0.013135048680  0.012116086922  0.012124584914  0.008557145079  0.010082629161  0.010079404060  0.003509153915  0.005523657483  0.006027171677  0.006027171677  0.006027171677  0.010585636617  0.010585636617  0.007038569255  0.006027171677  0.006027171677  0.007542985582  0.005024826273  0.009068124173  0.006028821327  0.004517803578  0.004517803578  0.003511617874  0.007038569255  0.000000000000  0.001000717708  0.000000000000  0.000000000000  0.000000000000  
piranga_rubra_ku26592 0.011605365455  0.013135048680  0.012116086922  0.012124584914  0.008557145079  0.010082629161  0.010079404060  0.003509153915  0.005523657483  0.006027171677  0.006027171677  0.006027171677  0.010585636617  0.010585636617  0.007038569255  0.006027171677  0.006027171677  0.007542985582  0.005024826273  0.009068124173  0.006028821327  0.004517803578  0.004517803578  0.003511617874  0.007038569255  0.000000000000  0.001000717708  0.000000000000  0.000000000000  0.000000000000  

