30
cardinalis_cardinalis_ku21828 0.000000000000  0.005021944416  0.019816150155  0.019291893391  0.020861490920  0.021381538453  0.018269859287  0.018269859287  0.021910787246  0.033408042974  0.010602900537  0.010602900537  0.012131593085  0.015200014485  0.018283278054  0.014691703514  0.013669895630  0.015188484626  0.017753245322  0.011619943633  0.017270953555  0.017270953555  0.011619943633  0.014698238062  0.014698238062  0.014177549566  0.013150927838  0.011619943633  0.012131593085  0.016212096720  
cardinalis_cardinalis_ku25393 0.005021944416  0.000000000000  0.016716559082  0.016197513262  0.017753245322  0.018269859287  0.015178668494  0.015178668494  0.018793838659  0.030228623253  0.007549530409  0.007549530409  0.009070027246  0.012121924521  0.015188484626  0.011615192290  0.010598314527  0.012113958536  0.014665443056  0.008561701718  0.014177549566  0.014177549566  0.008561701718  0.011619943633  0.011619943633  0.011104394780  0.011104394780  0.008561701718  0.009070027246  0.013132631043  
piranga_erythrocephala_fmnh343371 0.019816150155  0.016716559082  0.000000000000  0.007544289185  0.013140926060  0.013653362293  0.009569448604  0.009569448604  0.025507231798  0.037054458552  0.014152778055  0.014152778055  0.015687893030  0.019803507134  0.022892656034  0.018258165534  0.017231738555  0.018759542240  0.021335466518  0.015174403983  0.020846765498  0.020846765498  0.015174403983  0.018263796602  0.018263796602  0.017742153904  0.017742153904  0.015174403983  0.015687893030  0.019787794065  
piranga_erythrocephala_fmnh343370 0.019291893391  0.016197513262  0.007544289185  0.000000000000  0.013648704768  0.014161403800  0.010075403659  0.010075403659  0.024976975846  0.036510286153  0.013637298027  0.013637298027  0.015170568998  0.019280721728  0.022367570154  0.017737255457  0.016711829009  0.018239964749  0.020813011001  0.014657938024  0.020321494114  0.020321494114  0.014657938024  0.017742153904  0.017742153904  0.017222110345  0.017222110345  0.014657938024  0.015170568998  0.019267215808  
piranga_leucoptera_fmnh481795 0.020861490920  0.017753245322  0.013140926060  0.013648704768  0.000000000000  0.003509963897  0.008556142062  0.008556142062  0.027613833073  0.039206932624  0.016212096720  0.016212096720  0.017753245322  0.021886215188  0.024984394097  0.020334744093  0.019304795800  0.020315519582  0.023419365520  0.017237199215  0.022936341480  0.022936341480  0.017237199215  0.020342018813  0.020342018813  0.019816150155  0.019816150155  0.017237199215  0.017753245322  0.021346455726  
piranga_leucoptera_lsu7783 0.021381538453  0.018269859287  0.013653362293  0.014161403800  0.003509963897  0.000000000000  0.009063884417  0.009063884417  0.028139910871  0.039743690640  0.016727310559  0.016727310559  0.018269859287  0.022406804334  0.025507231798  0.020853911514  0.019823120863  0.021352603324  0.023940462249  0.017753245322  0.023458395444  0.023458395444  0.017753245322  0.020861490920  0.020861490920  0.020334744093  0.020334744093  0.017753245322  0.018269859287  0.021865553361  
piranga_rubriceps_lsu265 0.018269859287  0.015178668494  0.009569448604  0.010075403659  0.008556142062  0.009063884417  0.000000000000  0.000000000000  0.023947702634  0.035466711971  0.012621344874  0.012621344874  0.014152778055  0.018258165534  0.021340743335  0.016716559082  0.015692455596  0.017217943529  0.019787794065  0.013640672269  0.018263796602  0.018263796602  0.013640672269  0.016721719720  0.016721719720  0.016201944319  0.016201944319  0.013640672269  0.014152778055  0.018243865684  
piranga_rubriceps_lsu34818 0.018269859287  0.015178668494  0.009569448604  0.010075403659  0.008556142062  0.009063884417  0.000000000000  0.000000000000  0.023947702634  0.035466711971  0.012621344874  0.012621344874  0.014152778055  0.018258165534  0.021340743335  0.016716559082  0.015692455596  0.017217943529  0.019787794065  0.013640672269  0.018263796602  0.018263796602  0.013640672269  0.016721719720  0.016721719720  0.016201944319  0.016201944319  0.013640672269  0.014152778055  0.018243865684  
piranga_roseogularis_ku2049 0.021910787246  0.018793838659  0.025507231798  0.024976975846  0.027613833073  0.028139910871  0.023947702634  0.023947702634  0.000000000000  0.011093574627  0.012121924521  0.012121924521  0.013653362293  0.017759437564  0.020840053234  0.016217817335  0.015194035520  0.016716559082  0.020321494114  0.013140926060  0.018801066202  0.018801066202  0.013140926060  0.016223967078  0.016223967078  0.015702868878  0.015702868878  0.013140926060  0.013653362293  0.017742153904  
piranga_roseogularis_ku2141 0.033408042974  0.030228623253  0.037054458552  0.036510286153  0.039206932624  0.039743690640  0.035466711971  0.035466711971  0.011093574627  0.000000000000  0.023433669022  0.023433669022  0.024992250443  0.029173583596  0.032303071392  0.027604424755  0.026563442685  0.028103670945  0.031774138166  0.024469686035  0.030239159216  0.030239159216  0.024469686035  0.027613833073  0.027613833073  0.027079247582  0.026554657237  0.024469686035  0.024992250443  0.029146513052  
piranga_rubra_ku7046 0.010602900537  0.007549530409  0.014152778055  0.013637298027  0.016212096720  0.016727310559  0.012621344874  0.012621344874  0.012121924521  0.023433669022  0.000000000000  0.000000000000  0.001501759685  0.005524927255  0.008553996975  0.004013416550  0.003008129433  0.004514110947  0.008047093610  0.001000708603  0.006538810098  0.006538810098  0.001000708603  0.004015067846  0.004015067846  0.003509963897  0.003509963897  0.001000708603  0.002505468953  0.006530646153  
piranga_flava_lsu15408 0.010602900537  0.007549530409  0.014152778055  0.013637298027  0.016212096720  0.016727310559  0.012621344874  0.012621344874  0.012121924521  0.023433669022  0.000000000000  0.000000000000  0.001501759685  0.005524927255  0.008553996975  0.004013416550  0.003008129433  0.004514110947  0.008047093610  0.001000708603  0.006538810098  0.006538810098  0.001000708603  0.004015067846  0.004015067846  0.003509963897  0.003509963897  0.001000708603  0.002505468953  0.006530646153  
piranga_olivacea_ku2699 0.012131593085  0.009070027246  0.015687893030  0.015170568998  0.017753245322  0.018269859287  0.014152778055  0.014152778055  0.013653362293  0.024992250443  0.001501759685  0.001501759685  0.000000000000  0.007040019143  0.010075403659  0.005524927255  0.004517409669  0.006025634662  0.009567145032  0.002504675363  0.008057048367  0.008057048367  0.002504675363  0.005527021957  0.005527021957  0.005020137754  0.005020137754  0.002504675363  0.004013416550  0.008047093610  
piranga_ludoviciana_sdsu2648 0.015200014485  0.012121924521  0.019803507134  0.019280721728  0.021886215188  0.022406804334  0.018258165534  0.018258165534  0.017759437564  0.029173583596  0.005524927255  0.005524927255  0.007040019143  0.000000000000  0.009063884417  0.006536137455  0.005527021957  0.007036201464  0.011603489363  0.004517409669  0.009073733178  0.009073733178  0.004517409669  0.007552783491  0.007552783491  0.007042560499  0.007042560499  0.004517409669  0.008053925983  0.012110614916  
piranga_flava_ku90809 0.018283278054  0.015188484626  0.022892656034  0.022367570154  0.024984394097  0.025507231798  0.021340743335  0.021340743335  0.020840053234  0.032303071392  0.008553996975  0.008553996975  0.010075403659  0.009063884417  0.000000000000  0.009569448604  0.008556142062  0.010071487916  0.014657938024  0.007542301768  0.012117728525  0.012117728525  0.007542301768  0.010590414575  0.010590414575  0.010077999243  0.010077999243  0.007542301768  0.011093574627  0.015167163907  
piranga_lutea_lsu5400 0.014691703514  0.011615192290  0.018258165534  0.017737255457  0.020334744093  0.020853911514  0.016716559082  0.016716559082  0.016217817335  0.027604424755  0.004013416550  0.004013416550  0.005524927255  0.006536137455  0.009569448604  0.000000000000  0.002003346087  0.005521998823  0.010077999243  0.003008129433  0.007552783491  0.007552783491  0.003008129433  0.006035446990  0.006035446990  0.005527021957  0.005527021957  0.003008129433  0.006536137455  0.010584213125  
piranga_hepatica_ku4970 0.013669895630  0.010598314527  0.017231738555  0.016711829009  0.019304795800  0.019823120863  0.015692455596  0.015692455596  0.015194035520  0.026563442685  0.003008129433  0.003008129433  0.004517409669  0.005527021957  0.008556142062  0.002003346087  0.000000000000  0.004514790731  0.009063884417  0.002004272193  0.006541903241  0.006541903241  0.002004272193  0.005026815914  0.005026815914  0.004519348095  0.004519348095  0.002004272193  0.005527021957  0.009569448604  
piranga_lutea_ku89864 0.015188484626  0.012113958536  0.018759542240  0.018239964749  0.020315519582  0.021352603324  0.017217943529  0.017217943529  0.016716559082  0.028103670945  0.004514110947  0.004514110947  0.006025634662  0.007036201464  0.010071487916  0.005521998823  0.004514790731  0.000000000000  0.010579713099  0.003508490293  0.008051225820  0.008051225820  0.003508490293  0.006533885675  0.006533885675  0.006026755336  0.006026755336  0.003508490293  0.007036201464  0.011086585719  
piranga_ludoviciana_sdsu2208 0.017753245322  0.014665443056  0.021335466518  0.020813011001  0.023419365520  0.023940462249  0.019787794065  0.019787794065  0.020321494114  0.031774138166  0.008047093610  0.008047093610  0.009567145032  0.011603489363  0.014657938024  0.010077999243  0.009063884417  0.010579713099  0.000000000000  0.007036201464  0.012629048543  0.012629048543  0.007036201464  0.010081019479  0.010081019479  0.009569448604  0.009061448244  0.007036201464  0.010584213125  0.014654829648  
piranga_ludoviciana_sdsu2650 0.011619943633  0.008561701718  0.015174403983  0.014657938024  0.017237199215  0.017753245322  0.013640672269  0.013640672269  0.013140926060  0.024469686035  0.001000708603  0.001000708603  0.002504675363  0.004517409669  0.007542301768  0.003008129433  0.002004272193  0.003508490293  0.007036201464  0.000000000000  0.005529536498  0.005529536498  0.000000000000  0.003009626156  0.003009626156  0.002505468953  0.002505468953  0.000000000000  0.003509963897  0.007540736968  
piranga_rubra_sdsu2635 0.017270953555  0.014177549566  0.020846765498  0.020321494114  0.022936341480  0.023458395444  0.018263796602  0.018263796602  0.018801066202  0.030239159216  0.006538810098  0.006538810098  0.008057048367  0.009073733178  0.012117728525  0.007552783491  0.006541903241  0.008051225820  0.012629048543  0.005529536498  0.000000000000  0.000000000000  0.005529536498  0.008573209469  0.008573209469  0.008060592611  0.008060592611  0.005529536498  0.009073733178  0.013136565025  
piranga_rubra_sdsu2654 0.017270953555  0.014177549566  0.020846765498  0.020321494114  0.022936341480  0.023458395444  0.018263796602  0.018263796602  0.018801066202  0.030239159216  0.006538810098  0.006538810098  0.008057048367  0.009073733178  0.012117728525  0.007552783491  0.006541903241  0.008051225820  0.012629048543  0.005529536498  0.000000000000  0.000000000000  0.005529536498  0.008573209469  0.008573209469  0.008060592611  0.008060592611  0.005529536498  0.009073733178  0.013136565025  
piranga_ludoviciana_sdsu2385 0.011619943633  0.008561701718  0.015174403983  0.014657938024  0.017237199215  0.017753245322  0.013640672269  0.013640672269  0.013140926060  0.024469686035  0.001000708603  0.001000708603  0.002504675363  0.004517409669  0.007542301768  0.003008129433  0.002004272193  0.003508490293  0.007036201464  0.000000000000  0.005529536498  0.005529536498  0.000000000000  0.003009626156  0.003009626156  0.002505468953  0.002505468953  0.000000000000  0.003509963897  0.007540736968  
piranga_bidentata_itm160 0.014698238062  0.011619943633  0.018263796602  0.017742153904  0.020342018813  0.020861490920  0.016721719720  0.016721719720  0.016223967078  0.027613833073  0.004015067846  0.004015067846  0.005527021957  0.007552783491  0.010590414575  0.006035446990  0.005026815914  0.006533885675  0.010081019479  0.003009626156  0.008573209469  0.008573209469  0.003009626156  0.000000000000  0.000000000000  0.003511328678  0.003511328678  0.003009626156  0.006538810098  0.010587101355  
piranga_bidentata_tepe59 0.014698238062  0.011619943633  0.018263796602  0.017742153904  0.020342018813  0.020861490920  0.016721719720  0.016721719720  0.016223967078  0.027613833073  0.004015067846  0.004015067846  0.005527021957  0.007552783491  0.010590414575  0.006035446990  0.005026815914  0.006533885675  0.010081019479  0.003009626156  0.008573209469  0.008573209469  0.003009626156  0.000000000000  0.000000000000  0.003511328678  0.003511328678  0.003009626156  0.006538810098  0.010587101355  
piranga_bidentata_hgoslp104 0.014177549566  0.011104394780  0.017742153904  0.017222110345  0.019816150155  0.020334744093  0.016201944319  0.016201944319  0.015702868878  0.027079247582  0.003509963897  0.003509963897  0.005020137754  0.007042560499  0.010077999243  0.005527021957  0.004519348095  0.006026755336  0.009569448604  0.002505468953  0.008060592611  0.008060592611  0.002505468953  0.003511328678  0.003511328678  0.000000000000  0.003007050553  0.002505468953  0.006030260099  0.010075403659  
piranga_bidentata_itm141 0.013150927838  0.011104394780  0.017742153904  0.017222110345  0.019816150155  0.020334744093  0.016201944319  0.016201944319  0.015702868878  0.026554657237  0.003509963897  0.003509963897  0.005020137754  0.007042560499  0.010077999243  0.005527021957  0.004519348095  0.006026755336  0.009061448244  0.002505468953  0.008060592611  0.008060592611  0.002505468953  0.003511328678  0.003511328678  0.003007050553  0.000000000000  0.002505468953  0.006030260099  0.010075403659  
piranga_hepatica_ku9084 0.011619943633  0.008561701718  0.015174403983  0.014657938024  0.017237199215  0.017753245322  0.013640672269  0.013640672269  0.013140926060  0.024469686035  0.001000708603  0.001000708603  0.002504675363  0.004517409669  0.007542301768  0.003008129433  0.002004272193  0.003508490293  0.007036201464  0.000000000000  0.005529536498  0.005529536498  0.000000000000  0.003009626156  0.003009626156  0.002505468953  0.002505468953  0.000000000000  0.003509963897  0.007540736968  
piranga_olivacea_ku4672 0.012131593085  0.009070027246  0.015687893030  0.015170568998  0.017753245322  0.018269859287  0.014152778055  0.014152778055  0.013653362293  0.024992250443  0.002505468953  0.002505468953  0.004013416550  0.008053925983  0.011093574627  0.006536137455  0.005527021957  0.007036201464  0.010584213125  0.003509963897  0.009073733178  0.009073733178  0.003509963897  0.006538810098  0.006538810098  0.006030260099  0.006030260099  0.003509963897  0.000000000000  0.007034925870  
piranga_rubra_ku26592 0.016212096720  0.013132631043  0.019787794065  0.019267215808  0.021346455726  0.021865553361  0.018243865684  0.018243865684  0.017742153904  0.029146513052  0.006530646153  0.006530646153  0.008047093610  0.012110614916  0.015167163907  0.010584213125  0.009569448604  0.011086585719  0.014654829648  0.007540736968  0.013136565025  0.013136565025  0.007540736968  0.010587101355  0.010587101355  0.010075403659  0.010075403659  0.007540736968  0.007034925870  0.000000000000  

