30
cardinalis_cardinalis_ku21828 0.000000000000  0.002504696246  0.008049182143  0.005020250379  0.005020250379  0.006534072696  0.008049182143  0.009572570025  0.010587559789  0.011091220148  0.008556424375  0.013137325838  0.013137325838  0.005020250379  0.010582093753  0.007042839116  0.009064219932  0.006030446244  0.006030446244  0.006030446244  0.005020250379  0.006030446244  0.007040249949  0.008556424375  0.007544521290  0.009567432298  0.009064219932  0.008556424375  0.007544521290  0.008556424375  
cardinalis_cardinalis_ku25393 0.002504696246  0.000000000000  0.005523366418  0.002505505349  0.002505505349  0.004013498845  0.005523366418  0.007040249949  0.008051506404  0.008554233173  0.006028445250  0.010590938667  0.010590938667  0.002505505349  0.008047286244  0.004519494699  0.006534072696  0.003511410841  0.003511410841  0.003511410841  0.002505505349  0.003511410841  0.004517521754  0.006028445250  0.005020250379  0.007036352843  0.006534072696  0.006028445250  0.005020250379  0.006028445250  
piranga_olivacea_ku4672 0.008049182143  0.005523366418  0.000000000000  0.003006411675  0.003006411675  0.004514849841  0.006025722444  0.007542492033  0.008554233173  0.009058047085  0.006530763378  0.011094035607  0.011094035607  0.003006411675  0.008551138336  0.005020250379  0.007036352843  0.004012242007  0.004012242007  0.004012242007  0.003006411675  0.004012242007  0.005018835010  0.006530763378  0.005522084488  0.007539717938  0.007036352843  0.006530763378  0.005522084488  0.006530763378  
piranga_lutea_lsu5400 0.005020250379  0.002505505349  0.003006411675  0.000000000000  0.000000000000  0.001501768829  0.003006411675  0.004515973349  0.005523366418  0.006025722444  0.003509055175  0.008051506404  0.008051506404  0.000000000000  0.005521228853  0.002004308766  0.004012242007  0.001001075646  0.001001075646  0.001001075646  0.000000000000  0.001001075646  0.002003366552  0.003509055175  0.002504696246  0.004514151591  0.004012242007  0.003509055175  0.002504696246  0.003509055175  
piranga_olivacea_ku2699 0.005020250379  0.002505505349  0.003006411675  0.000000000000  0.000000000000  0.001501768829  0.003006411675  0.004515973349  0.005523366418  0.006025722444  0.003509055175  0.008051506404  0.008051506404  0.000000000000  0.005521228853  0.002004308766  0.004012242007  0.001001075646  0.001001075646  0.001001075646  0.000000000000  0.001001075646  0.002003366552  0.003509055175  0.002504696246  0.004514151591  0.004012242007  0.003509055175  0.002504696246  0.003509055175  
piranga_roseogularis_ku2049 0.006534072696  0.004013498845  0.004514849841  0.001501768829  0.001501768829  0.000000000000  0.001501537886  0.006028445250  0.007038087738  0.007540890795  0.005018835010  0.009572570025  0.009572570025  0.001501768829  0.007035045626  0.003511410841  0.005523366418  0.002505505349  0.002505505349  0.002505505349  0.001501768829  0.002505505349  0.003510021076  0.005018835010  0.004012242007  0.006025722444  0.005523366418  0.005018835010  0.004012242007  0.004514849841  
piranga_roseogularis_ku2141 0.008049182143  0.005523366418  0.006025722444  0.003006411675  0.003006411675  0.001501537886  0.000000000000  0.007542492033  0.008554233173  0.009058047085  0.006530763378  0.011094035607  0.011094035607  0.003006411675  0.008551138336  0.005020250379  0.007036352843  0.004012242007  0.004012242007  0.004012242007  0.003006411675  0.004012242007  0.005018835010  0.006530763378  0.005522084488  0.007539717938  0.007036352843  0.006530763378  0.005522084488  0.006025722444  
piranga_erythrocephala_fmnh343371 0.009572570025  0.007040249949  0.007542492033  0.004515973349  0.004515973349  0.006028445250  0.007542492033  0.000000000000  0.001000711014  0.005522084488  0.003007087267  0.007546978205  0.007546978205  0.004515973349  0.010073523586  0.006536367457  0.008556424375  0.005525074282  0.005525074282  0.005525074282  0.004515973349  0.005525074282  0.006534072696  0.008049182143  0.007038087738  0.009059675047  0.008556424375  0.008049182143  0.007038087738  0.008049182143  
piranga_erythrocephala_fmnh343370 0.010587559789  0.008051506404  0.008554233173  0.005523366418  0.005523366418  0.007038087738  0.008554233173  0.001000711014  0.000000000000  0.006530763378  0.004012242007  0.008559044282  0.008559044282  0.005523366418  0.011088836214  0.007546978205  0.009569786282  0.006534072696  0.006534072696  0.006534072696  0.005523366418  0.006534072696  0.007544521290  0.009061732784  0.008049182143  0.010073523586  0.009569786282  0.009061732784  0.008049182143  0.009061732784  
piranga_leucoptera_fmnh481795 0.011091220148  0.008554233173  0.009058047085  0.006025722444  0.006025722444  0.007540890795  0.009058047085  0.005522084488  0.006530763378  0.000000000000  0.002504310337  0.009061732784  0.009061732784  0.006025722444  0.011594154811  0.008049182143  0.010073523586  0.007036352843  0.007036352843  0.007036352843  0.006025722444  0.007036352843  0.008047286244  0.009565508433  0.008552471039  0.010578352426  0.010073523586  0.009565508433  0.008552471039  0.009565508433  
piranga_leucoptera_lsu7783 0.008556424375  0.006028445250  0.006530763378  0.003509055175  0.003509055175  0.005018835010  0.006530763378  0.003007087267  0.004012242007  0.002504310337  0.000000000000  0.006534072696  0.006534072696  0.003509055175  0.009058047085  0.005525074282  0.007542492033  0.004515973349  0.004515973349  0.004515973349  0.003509055175  0.004515973349  0.005523366418  0.007036352843  0.006026870530  0.008045819070  0.007542492033  0.007036352843  0.006026870530  0.007036352843  
piranga_rubriceps_lsu265 0.013137325838  0.010590938667  0.011094035607  0.008051506404  0.008051506404  0.009572570025  0.011094035607  0.007546978205  0.008559044282  0.009061732784  0.006534072696  0.000000000000  0.000000000000  0.008051506404  0.013637909466  0.010084986595  0.012114559617  0.009067136133  0.009067136133  0.009067136133  0.008051506404  0.009067136133  0.010081475864  0.011604017950  0.010587559789  0.012618668554  0.012114559617  0.011604017950  0.010587559789  0.011604017950  
piranga_rubriceps_lsu34818 0.013137325838  0.010590938667  0.011094035607  0.008051506404  0.008051506404  0.009572570025  0.011094035607  0.007546978205  0.008559044282  0.009061732784  0.006534072696  0.000000000000  0.000000000000  0.008051506404  0.013637909466  0.010084986595  0.012114559617  0.009067136133  0.009067136133  0.009067136133  0.008051506404  0.009067136133  0.010081475864  0.011604017950  0.010587559789  0.012618668554  0.012114559617  0.011604017950  0.010587559789  0.011604017950  
piranga_ludoviciana_sdsu2650 0.005020250379  0.002505505349  0.003006411675  0.000000000000  0.000000000000  0.001501768829  0.003006411675  0.004515973349  0.005523366418  0.006025722444  0.003509055175  0.008051506404  0.008051506404  0.000000000000  0.005521228853  0.002004308766  0.004012242007  0.001001075646  0.001001075646  0.001001075646  0.000000000000  0.001001075646  0.002003366552  0.003509055175  0.002504696246  0.004514151591  0.004012242007  0.003509055175  0.002504696246  0.003509055175  
piranga_ludoviciana_sdsu2208 0.010582093753  0.008047286244  0.008551138336  0.005521228853  0.005521228853  0.007035045626  0.008551138336  0.010073523586  0.011088836214  0.011594154811  0.009058047085  0.013637909466  0.013637909466  0.005521228853  0.000000000000  0.006530763378  0.008551138336  0.005521228853  0.005521228853  0.005521228853  0.005521228853  0.006530763378  0.007540890795  0.009058047085  0.008045819070  0.010070375614  0.009565508433  0.009058047085  0.008045819070  0.009058047085  
piranga_bidentata_itm160 0.007042839116  0.004519494699  0.005020250379  0.002004308766  0.002004308766  0.003511410841  0.005020250379  0.006536367457  0.007546978205  0.008049182143  0.005525074282  0.010084986595  0.010084986595  0.002004308766  0.006530763378  0.000000000000  0.004012242007  0.001001075646  0.001001075646  0.001001075646  0.002004308766  0.003009708681  0.004015179885  0.005525074282  0.004517521754  0.006532204550  0.006030446244  0.005525074282  0.004517521754  0.005525074282  
piranga_bidentata_hgoslp104 0.009064219932  0.006534072696  0.007036352843  0.004012242007  0.004012242007  0.005523366418  0.007036352843  0.008556424375  0.009569786282  0.010073523586  0.007542492033  0.012114559617  0.012114559617  0.004012242007  0.008551138336  0.004012242007  0.000000000000  0.003006411675  0.003006411675  0.003006411675  0.004012242007  0.005020250379  0.006028445250  0.007542492033  0.006532204550  0.008552471039  0.008049182143  0.007542492033  0.006532204550  0.007542492033  
piranga_bidentata_itm141 0.006030446244  0.003511410841  0.004012242007  0.001001075646  0.001001075646  0.002505505349  0.004012242007  0.005525074282  0.006534072696  0.007036352843  0.004515973349  0.009067136133  0.009067136133  0.001001075646  0.005521228853  0.001001075646  0.003006411675  0.000000000000  0.000000000000  0.000000000000  0.001001075646  0.002004308766  0.003008186388  0.004515973349  0.003510021076  0.005522084488  0.005020250379  0.004515973349  0.003510021076  0.004515973349  
piranga_ludoviciana_sdsu2385 0.006030446244  0.003511410841  0.004012242007  0.001001075646  0.001001075646  0.002505505349  0.004012242007  0.005525074282  0.006534072696  0.007036352843  0.004515973349  0.009067136133  0.009067136133  0.001001075646  0.005521228853  0.001001075646  0.003006411675  0.000000000000  0.000000000000  0.000000000000  0.001001075646  0.002004308766  0.003008186388  0.004515973349  0.003510021076  0.005522084488  0.005020250379  0.004515973349  0.003510021076  0.004515973349  
piranga_bidentata_tepe59 0.006030446244  0.003511410841  0.004012242007  0.001001075646  0.001001075646  0.002505505349  0.004012242007  0.005525074282  0.006534072696  0.007036352843  0.004515973349  0.009067136133  0.009067136133  0.001001075646  0.005521228853  0.001001075646  0.003006411675  0.000000000000  0.000000000000  0.000000000000  0.001001075646  0.002004308766  0.003008186388  0.004515973349  0.003510021076  0.005522084488  0.005020250379  0.004515973349  0.003510021076  0.004515973349  
piranga_ludoviciana_sdsu2648 0.005020250379  0.002505505349  0.003006411675  0.000000000000  0.000000000000  0.001501768829  0.003006411675  0.004515973349  0.005523366418  0.006025722444  0.003509055175  0.008051506404  0.008051506404  0.000000000000  0.005521228853  0.002004308766  0.004012242007  0.001001075646  0.001001075646  0.001001075646  0.000000000000  0.001001075646  0.002003366552  0.003509055175  0.002504696246  0.004514151591  0.004012242007  0.003509055175  0.002504696246  0.003509055175  
piranga_hepatica_ku4970 0.006030446244  0.003511410841  0.004012242007  0.001001075646  0.001001075646  0.002505505349  0.004012242007  0.005525074282  0.006534072696  0.007036352843  0.004515973349  0.009067136133  0.009067136133  0.001001075646  0.006530763378  0.003009708681  0.005020250379  0.002004308766  0.002004308766  0.002004308766  0.001001075646  0.000000000000  0.001000711014  0.004515973349  0.003510021076  0.005522084488  0.005020250379  0.004515973349  0.003510021076  0.004515973349  
piranga_hepatica_ku9084 0.007040249949  0.004517521754  0.005018835010  0.002003366552  0.002003366552  0.003510021076  0.005018835010  0.006534072696  0.007544521290  0.008047286244  0.005523366418  0.010081475864  0.010081475864  0.002003366552  0.007540890795  0.004015179885  0.006028445250  0.003008186388  0.003008186388  0.003008186388  0.002003366552  0.001000711014  0.000000000000  0.005523366418  0.004515973349  0.006530763378  0.006028445250  0.005523366418  0.004515973349  0.005523366418  
piranga_lutea_ku89864 0.008556424375  0.006028445250  0.006530763378  0.003509055175  0.003509055175  0.005018835010  0.006530763378  0.008049182143  0.009061732784  0.009565508433  0.007036352843  0.011604017950  0.011604017950  0.003509055175  0.009058047085  0.005525074282  0.007542492033  0.004515973349  0.004515973349  0.004515973349  0.003509055175  0.004515973349  0.005523366418  0.000000000000  0.001000711014  0.003006159973  0.007542492033  0.007036352843  0.006026870530  0.007036352843  
piranga_flava_ku90809 0.007544521290  0.005020250379  0.005522084488  0.002504696246  0.002504696246  0.004012242007  0.005522084488  0.007038087738  0.008049182143  0.008552471039  0.006026870530  0.010587559789  0.010587559789  0.002504696246  0.008045819070  0.004517521754  0.006532204550  0.003510021076  0.003510021076  0.003510021076  0.002504696246  0.003510021076  0.004515973349  0.001000711014  0.000000000000  0.002002749991  0.006532204550  0.006026870530  0.005018835010  0.006026870530  
piranga_flava_lsu15408 0.009567432298  0.007036352843  0.007539717938  0.004514151591  0.004514151591  0.006025722444  0.007539717938  0.009059675047  0.010073523586  0.010578352426  0.008045819070  0.012618668554  0.012618668554  0.004514151591  0.010070375614  0.006532204550  0.008552471039  0.005522084488  0.005522084488  0.005522084488  0.004514151591  0.005522084488  0.006530763378  0.003006159973  0.002002749991  0.000000000000  0.008552471039  0.008045819070  0.007035045626  0.008045819070  
piranga_rubra_ku7046 0.009064219932  0.006534072696  0.007036352843  0.004012242007  0.004012242007  0.005523366418  0.007036352843  0.008556424375  0.009569786282  0.010073523586  0.007542492033  0.012114559617  0.012114559617  0.004012242007  0.009565508433  0.006030446244  0.008049182143  0.005020250379  0.005020250379  0.005020250379  0.004012242007  0.005020250379  0.006028445250  0.007542492033  0.006532204550  0.008552471039  0.000000000000  0.002504696246  0.001501768829  0.002504696246  
piranga_rubra_sdsu2635 0.008556424375  0.006028445250  0.006530763378  0.003509055175  0.003509055175  0.005018835010  0.006530763378  0.008049182143  0.009061732784  0.009565508433  0.007036352843  0.011604017950  0.011604017950  0.003509055175  0.009058047085  0.005525074282  0.007542492033  0.004515973349  0.004515973349  0.004515973349  0.003509055175  0.004515973349  0.005523366418  0.007036352843  0.006026870530  0.008045819070  0.002504696246  0.000000000000  0.001000711014  0.002002846841  
piranga_rubra_sdsu2654 0.007544521290  0.005020250379  0.005522084488  0.002504696246  0.002504696246  0.004012242007  0.005522084488  0.007038087738  0.008049182143  0.008552471039  0.006026870530  0.010587559789  0.010587559789  0.002504696246  0.008045819070  0.004517521754  0.006532204550  0.003510021076  0.003510021076  0.003510021076  0.002504696246  0.003510021076  0.004515973349  0.006026870530  0.005018835010  0.007035045626  0.001501768829  0.001000711014  0.000000000000  0.001000711014  
piranga_rubra_ku26592 0.008556424375  0.006028445250  0.006530763378  0.003509055175  0.003509055175  0.004514849841  0.006025722444  0.008049182143  0.009061732784  0.009565508433  0.007036352843  0.011604017950  0.011604017950  0.003509055175  0.009058047085  0.005525074282  0.007542492033  0.004515973349  0.004515973349  0.004515973349  0.003509055175  0.004515973349  0.005523366418  0.007036352843  0.006026870530  0.008045819070  0.002504696246  0.002002846841  0.001000711014  0.000000000000  

