30
cardinalis_cardinalis_ku21828 0.000000000000  0.000500265391  0.015163803009  0.014145504870  0.019262965779  0.018239380590  0.015161281942  0.021325432923  0.017718766460  0.015673545591  0.014145504870  0.019782725346  0.019266567194  0.018750973666  0.017210411953  0.015679605253  0.015679605253  0.017217388801  0.018754708510  0.018754708510  0.019782725346  0.019782725346  0.023400161788  0.019275065243  0.019275065243  0.021334599953  0.019275065243  0.018763471258  0.020827038057  0.020821673002  
cardinalis_cardinalis_ku25393 0.000500265391  0.000000000000  0.014651801548  0.013634026981  0.018747670342  0.017724615480  0.014649574434  0.020808174534  0.017205155564  0.015161281942  0.013634026981  0.019266567194  0.018750973666  0.018235943530  0.016696768785  0.015166752080  0.015166752080  0.016703152928  0.018239380590  0.018239380590  0.019266567194  0.019266567194  0.022880622767  0.018758874498  0.018758874498  0.020816740482  0.018758874498  0.018247546736  0.020309145778  0.020304081478  
piranga_roseogularis_ku2049 0.015163803009  0.014651801548  0.000000000000  0.001000765799  0.011084930140  0.010071328303  0.007033580016  0.013120901515  0.009562063241  0.007538800462  0.006025577682  0.011595400377  0.011086392179  0.010577933081  0.009056567624  0.007540642014  0.007540642014  0.008048818633  0.009566977873  0.009566977873  0.011090588501  0.011090588501  0.014148719537  0.010077785067  0.010077785067  0.012110320543  0.010077785067  0.009571969279  0.011606652308  0.011603203813  
piranga_roseogularis_ku2141 0.014145504870  0.013634026981  0.001000765799  0.000000000000  0.010071328303  0.009059292915  0.006024885835  0.012104958861  0.008550005382  0.006529596480  0.005018703167  0.010581548607  0.010073057881  0.009565115138  0.008045560573  0.006531971507  0.006531971507  0.008048818633  0.009566977873  0.009566977873  0.011090588501  0.011090588501  0.014148719537  0.010077785067  0.010077785067  0.012110320543  0.010077785067  0.009571969279  0.011606652308  0.011603203813  
piranga_erythrocephala_fmnh343370 0.019262965779  0.018747670342  0.011084930140  0.010071328303  0.000000000000  0.001000765799  0.005017744928  0.011090588501  0.007539510843  0.005521946798  0.010071328303  0.015673545591  0.015161281942  0.014649574434  0.013119125785  0.011595400377  0.011595400377  0.013123103530  0.014651801548  0.014651801548  0.016186366592  0.016186366592  0.020299449362  0.015166752080  0.015166752080  0.017213685507  0.015166752080  0.014657538401  0.016706988724  0.016703152928  
piranga_erythrocephala_fmnh343371 0.018239380590  0.017724615480  0.010071328303  0.009059292915  0.001000765799  0.000000000000  0.004012152011  0.010077785067  0.006530574293  0.004515846131  0.009059292915  0.014654456328  0.014142716787  0.013631532250  0.012102915139  0.010581548607  0.010581548607  0.012107427452  0.013634026981  0.013634026981  0.015166752080  0.015166752080  0.019275065243  0.014148719537  0.014148719537  0.016193017061  0.014148719537  0.013640294812  0.015687376800  0.015683277226  
piranga_leucoptera_lsu7783 0.015161281942  0.014649574434  0.007033580016  0.006024885835  0.005017744928  0.004012152011  0.000000000000  0.007036112546  0.003508367423  0.001501532048  0.006024885835  0.011593647811  0.011084930140  0.010576760942  0.009055838562  0.007539510843  0.007539510843  0.009057719199  0.010577933081  0.010577933081  0.012102915139  0.012102915139  0.016189477485  0.011088278424  0.011088278424  0.013123103530  0.011088278424  0.010581548607  0.012617829533  0.012615068822  
piranga_leucoptera_fmnh481795 0.021325432923  0.020808174534  0.013120901515  0.012104958861  0.011090588501  0.010077785067  0.007036112546  0.000000000000  0.007540642014  0.005523190427  0.012104958861  0.017724615480  0.017210411953  0.016696768785  0.015161281942  0.013634026981  0.013634026981  0.015166752080  0.016186366592  0.016186366592  0.018239380590  0.018239380590  0.022366625204  0.017217388801  0.017217388801  0.019270600474  0.017217388801  0.016706988724  0.018763471258  0.018758874498  
piranga_rubriceps_lsu265 0.017718766460  0.017205155564  0.009562063241  0.008550005382  0.007539510843  0.006530574293  0.003508367423  0.007540642014  0.000000000000  0.002002741077  0.008550005382  0.014138421860  0.013627823020  0.013117776713  0.011591417782  0.010070021897  0.010070021897  0.011593647811  0.012609339402  0.012609339402  0.014649574434  0.014649574434  0.018750973666  0.013631532250  0.013631532250  0.015673545591  0.013631532250  0.013123103530  0.015166752080  0.015163803009  
piranga_rubriceps_lsu34818 0.015673545591  0.015161281942  0.007538800462  0.006529596480  0.005521946798  0.004515846131  0.001501532048  0.005523190427  0.002002741077  0.000000000000  0.006529596480  0.012102915139  0.011593647811  0.011084930140  0.009562657449  0.008045560573  0.008045560573  0.009565115138  0.010577933081  0.010577933081  0.012612733315  0.012612733315  0.016703152928  0.011597577480  0.011597577480  0.013634026981  0.011597577480  0.011090588501  0.013128784919  0.013125731455  
piranga_olivacea_ku4672 0.014145504870  0.013634026981  0.006025577682  0.005018703167  0.010071328303  0.009059292915  0.006024885835  0.012104958861  0.008550005382  0.006529596480  0.000000000000  0.005521946798  0.005017744928  0.004514081842  0.003006136556  0.001501754799  0.001501754799  0.003007030937  0.004514755300  0.004514755300  0.006026688605  0.006026688605  0.010077785067  0.005020079101  0.005020079101  0.007037796666  0.005020079101  0.004517353970  0.006536022669  0.006533787754  
piranga_flava_ku90809 0.019782725346  0.019266567194  0.011595400377  0.010581548607  0.015673545591  0.014654456328  0.011593647811  0.017724615480  0.014138421860  0.012102915139  0.005521946798  0.000000000000  0.001501532048  0.007034003852  0.005520715062  0.004011345674  0.004011345674  0.007540642014  0.009057719199  0.009057719199  0.010579529093  0.010579529093  0.014657538401  0.009566977873  0.009566977873  0.011597577480  0.009566977873  0.009061288403  0.011093322041  0.011090588501  
piranga_lutea_ku89864 0.019266567194  0.018750973666  0.011086392179  0.010073057881  0.015161281942  0.014142716787  0.011084930140  0.017210411953  0.013627823020  0.011593647811  0.005017744928  0.001501532048  0.000000000000  0.006529038435  0.005017083005  0.003508473141  0.003508473141  0.007034848152  0.008550868887  0.008550868887  0.010071328303  0.010071328303  0.014145504870  0.009059292915  0.009059292915  0.011088278424  0.009059292915  0.008553860969  0.010583991252  0.010581548607  
piranga_flava_lsu15408 0.018750973666  0.018235943530  0.010577933081  0.009565115138  0.014649574434  0.013631532250  0.010576760942  0.016696768785  0.013117776713  0.011084930140  0.004514081842  0.007034003852  0.006529038435  0.000000000000  0.004513988516  0.003006136556  0.003006136556  0.006529596480  0.008044563031  0.008044563031  0.009563674873  0.009563674873  0.013634026981  0.008552154207  0.008552154207  0.010075210258  0.008552154207  0.008046979230  0.010075210258  0.010073057881  
piranga_hepatica_ku4970 0.017210411953  0.016696768785  0.009056567624  0.008045560573  0.013119125785  0.012102915139  0.009055838562  0.015161281942  0.011591417782  0.009562657449  0.003006136556  0.005520715062  0.005017083005  0.004513988516  0.000000000000  0.001501724024  0.001501724024  0.005017204752  0.006529038435  0.006529038435  0.008044563031  0.008044563031  0.012104958861  0.007034848152  0.007034848152  0.009057719199  0.007034848152  0.006530574293  0.008553860969  0.008552154207  
piranga_lutea_lsu5400 0.015679605253  0.015166752080  0.007540642014  0.006531971507  0.011595400377  0.010581548607  0.007539510843  0.013634026981  0.010070021897  0.008045560573  0.001501754799  0.004011345674  0.003508473141  0.003006136556  0.001501724024  0.000000000000  0.000000000000  0.003508995591  0.005017744928  0.005017744928  0.006530574293  0.006530574293  0.010583991252  0.005523190427  0.005523190427  0.007542193604  0.005523190427  0.005020079101  0.007039900144  0.007037796666  
piranga_hepatica_ku9084 0.015679605253  0.015166752080  0.007540642014  0.006531971507  0.011595400377  0.010581548607  0.007539510843  0.013634026981  0.010070021897  0.008045560573  0.001501754799  0.004011345674  0.003508473141  0.003006136556  0.001501724024  0.000000000000  0.000000000000  0.003508995591  0.005017744928  0.005017744928  0.006530574293  0.006530574293  0.010583991252  0.005523190427  0.005523190427  0.007542193604  0.005523190427  0.005020079101  0.007039900144  0.007037796666  
piranga_olivacea_ku2699 0.017217388801  0.016703152928  0.008048818633  0.008048818633  0.013123103530  0.012107427452  0.009057719199  0.015166752080  0.011593647811  0.009565115138  0.003007030937  0.007540642014  0.007034848152  0.006529596480  0.005017204752  0.003508995591  0.003508995591  0.000000000000  0.001501532048  0.001501532048  0.003006375723  0.003006375723  0.007037796666  0.002003335760  0.002003335760  0.004012152011  0.002003335760  0.001502391910  0.003511289222  0.003509934406  
piranga_ludoviciana_sdsu2208 0.018754708510  0.018239380590  0.009566977873  0.009566977873  0.014651801548  0.013634026981  0.010577933081  0.016186366592  0.012609339402  0.010577933081  0.004514755300  0.009057719199  0.008550868887  0.008044563031  0.006529038435  0.005017744928  0.005017744928  0.001501532048  0.000000000000  0.000000000000  0.004514081842  0.004514081842  0.008553860969  0.003508995591  0.003508995591  0.005521946798  0.003508995591  0.003007030937  0.005020079101  0.005018703167  
piranga_ludoviciana_sdsu2648 0.018754708510  0.018239380590  0.009566977873  0.009566977873  0.014651801548  0.013634026981  0.010577933081  0.016186366592  0.012609339402  0.010577933081  0.004514755300  0.009057719199  0.008550868887  0.008044563031  0.006529038435  0.005017744928  0.005017744928  0.001501532048  0.000000000000  0.000000000000  0.004514081842  0.004514081842  0.008553860969  0.003508995591  0.003508995591  0.005521946798  0.003508995591  0.003007030937  0.005020079101  0.005018703167  
piranga_bidentata_itm160 0.019782725346  0.019266567194  0.011090588501  0.011090588501  0.016186366592  0.015166752080  0.012102915139  0.018239380590  0.014649574434  0.012612733315  0.006026688605  0.010579529093  0.010071328303  0.009563674873  0.008044563031  0.006530574293  0.006530574293  0.003006375723  0.004514081842  0.004514081842  0.000000000000  0.000000000000  0.010075210258  0.005018703167  0.005018703167  0.006530574293  0.005018703167  0.004515846131  0.006533787754  0.006531971507  
piranga_bidentata_itm141 0.019782725346  0.019266567194  0.011090588501  0.011090588501  0.016186366592  0.015166752080  0.012102915139  0.018239380590  0.014649574434  0.012612733315  0.006026688605  0.010579529093  0.010071328303  0.009563674873  0.008044563031  0.006530574293  0.006530574293  0.003006375723  0.004514081842  0.004514081842  0.000000000000  0.000000000000  0.010075210258  0.005018703167  0.005018703167  0.006530574293  0.005018703167  0.004515846131  0.006533787754  0.006531971507  
piranga_ludoviciana_sdsu2650 0.023400161788  0.022880622767  0.014148719537  0.014148719537  0.020299449362  0.019275065243  0.016189477485  0.022366625204  0.018750973666  0.016703152928  0.010077785067  0.014657538401  0.014145504870  0.013634026981  0.012104958861  0.010583991252  0.010583991252  0.007037796666  0.008553860969  0.008553860969  0.010075210258  0.010075210258  0.000000000000  0.005018703167  0.005018703167  0.009059292915  0.007036112546  0.006531971507  0.008555988806  0.008553860969  
piranga_bidentata_tepe59 0.019275065243  0.018758874498  0.010077785067  0.010077785067  0.015166752080  0.014148719537  0.011088278424  0.017217388801  0.013631532250  0.011597577480  0.005020079101  0.009566977873  0.009059292915  0.008552154207  0.007034848152  0.005523190427  0.005523190427  0.002003335760  0.003508995591  0.003508995591  0.005018703167  0.005018703167  0.005018703167  0.000000000000  0.000000000000  0.004011345674  0.002002830897  0.001501754799  0.003509934406  0.003508995591  
piranga_bidentata_hgoslp104 0.019275065243  0.018758874498  0.010077785067  0.010077785067  0.015166752080  0.014148719537  0.011088278424  0.017217388801  0.013631532250  0.011597577480  0.005020079101  0.009566977873  0.009059292915  0.008552154207  0.007034848152  0.005523190427  0.005523190427  0.002003335760  0.003508995591  0.003508995591  0.005018703167  0.005018703167  0.005018703167  0.000000000000  0.000000000000  0.004011345674  0.002002830897  0.001501754799  0.003509934406  0.003508995591  
piranga_ludoviciana_sdsu2385 0.021334599953  0.020816740482  0.012110320543  0.012110320543  0.017213685507  0.016193017061  0.013123103530  0.019270600474  0.015673545591  0.013634026981  0.007037796666  0.011597577480  0.011088278424  0.010075210258  0.009057719199  0.007542193604  0.007542193604  0.004012152011  0.005521946798  0.005521946798  0.006530574293  0.006530574293  0.009059292915  0.004011345674  0.004011345674  0.000000000000  0.003006136556  0.002504291265  0.004514755300  0.004514081842  
piranga_rubra_sdsu2635 0.019275065243  0.018758874498  0.010077785067  0.010077785067  0.015166752080  0.014148719537  0.011088278424  0.017217388801  0.013631532250  0.011597577480  0.005020079101  0.009566977873  0.009059292915  0.008552154207  0.007034848152  0.005523190427  0.005523190427  0.002003335760  0.003508995591  0.003508995591  0.005018703167  0.005018703167  0.007036112546  0.002002830897  0.002002830897  0.003006136556  0.000000000000  0.000500191342  0.002504663481  0.002504291265  
piranga_rubra_sdsu2654 0.018763471258  0.018247546736  0.009571969279  0.009571969279  0.014657538401  0.013640294812  0.010581548607  0.016706988724  0.013123103530  0.011090588501  0.004517353970  0.009061288403  0.008553860969  0.008046979230  0.006530574293  0.005020079101  0.005020079101  0.001502391910  0.003007030937  0.003007030937  0.004515846131  0.004515846131  0.006531971507  0.001501754799  0.001501754799  0.002504291265  0.000500191342  0.000000000000  0.002003335760  0.002002830897  
piranga_rubra_ku7046 0.020827038057  0.020309145778  0.011606652308  0.011606652308  0.016706988724  0.015687376800  0.012617829533  0.018763471258  0.015166752080  0.013128784919  0.006536022669  0.011093322041  0.010583991252  0.010075210258  0.008553860969  0.007039900144  0.007039900144  0.003511289222  0.005020079101  0.005020079101  0.006533787754  0.006533787754  0.008555988806  0.003509934406  0.003509934406  0.004514755300  0.002504663481  0.002003335760  0.000000000000  0.004012152011  
piranga_rubra_ku26592 0.020821673002  0.020304081478  0.011603203813  0.011603203813  0.016703152928  0.015683277226  0.012615068822  0.018758874498  0.015163803009  0.013125731455  0.006533787754  0.011090588501  0.010581548607  0.010073057881  0.008552154207  0.007037796666  0.007037796666  0.003509934406  0.005018703167  0.005018703167  0.006531971507  0.006531971507  0.008553860969  0.003508995591  0.003508995591  0.004514081842  0.002504291265  0.002002830897  0.004012152011  0.000000000000  

