30
piranga_rubra_ku26592 0.000000000000  0.005147758423  0.002565677302  0.008401585128  0.007730439751  0.007724798456  0.000000000000  0.007724798456  0.000000000000  0.007746454472  0.002565677302  0.005614978917  0.002969470079  0.002951938613  0.000000000000  0.005147758423  0.005147758423  0.000000000000  0.000000000000  0.007746454472  0.007730439751  0.000000000000  0.007730439751  0.005138872906  0.010338744221  0.014146345018  0.000000000000  0.010361980658  0.000000000000  0.002675509595  
piranga_flava_ku90809 0.005147758423  0.000000000000  0.001634625006  0.008670123632  0.008227824550  0.008399267499  0.003275893097  0.008219759347  0.003275893097  0.004923858490  0.001661789063  0.006945650537  0.000000000000  0.000000000000  0.003275893097  0.000000000000  0.003275893097  0.001822286903  0.000000000000  0.004923858490  0.008227824550  0.000000000000  0.008227824550  0.006569216479  0.010127059566  0.014146345018  0.000000000000  0.006578576065  0.003275893097  0.001678525216  
piranga_ludoviciana_sdsu2385 0.002565677302  0.001634625006  0.000000000000  0.006921612493  0.006569216479  0.006707144957  0.001634625006  0.006564058296  0.001634625006  0.003275893097  0.000000000000  0.005198593825  0.000000000000  0.000000000000  0.001634625006  0.002151644269  0.001634625006  0.001822286903  0.000000000000  0.003275893097  0.006569216479  0.000000000000  0.006569216479  0.004917392313  0.008421852510  0.014146345018  0.000000000000  0.004923858490  0.001634625006  0.000000000000  
piranga_rubriceps_lsu265 0.008401585128  0.008670123632  0.006921612493  0.000000000000  0.003451129863  0.003526146830  0.005180638949  0.003435296310  0.005180638949  0.008670123632  0.007043495903  0.001727828760  0.007387768128  0.009526178104  0.005180638949  0.011636395489  0.008670123632  0.003635099343  0.000000000000  0.008670123632  0.003451129863  0.002097487579  0.000000000000  0.001721878528  0.005316531471  0.004678153559  0.006821528968  0.010426237920  0.005180638949  0.006921612493  
piranga_leucoptera_lsu7783 0.007730439751  0.008227824550  0.006569216479  0.003451129863  0.000000000000  0.003343411134  0.004917392313  0.003272296786  0.004917392313  0.009893272478  0.006678906490  0.001727828760  0.009879105226  0.009526178104  0.004917392313  0.010853330086  0.008227824550  0.005483670680  0.000000000000  0.009893272478  0.000000000000  0.002097487579  0.003275893097  0.001634625006  0.005039661328  0.004678153559  0.010271392795  0.011565616910  0.004917392313  0.006746496620  
cardinalis_cardinalis_ku25393 0.007724798456  0.008399267499  0.006707144957  0.003526146830  0.003343411134  0.000000000000  0.005022082664  0.000000000000  0.005022082664  0.010098509702  0.006707144957  0.001766654116  0.009867402058  0.009515299915  0.005022082664  0.010839266897  0.008399267499  0.005614179279  0.000000000000  0.010098509702  0.003343411134  0.004317874249  0.003343411134  0.001669332597  0.005032887245  0.009381396173  0.010261402752  0.011804931732  0.005022082664  0.006892051444  
piranga_olivacea_ku2699 0.000000000000  0.003275893097  0.001634625006  0.005180638949  0.004917392313  0.005022082664  0.000000000000  0.004915117439  0.000000000000  0.004923858490  0.001661789063  0.003459062201  0.002452418861  0.002365404175  0.000000000000  0.004314813343  0.003275893097  0.000000000000  0.000000000000  0.004923858490  0.004917392313  0.000000000000  0.004917392313  0.003272296786  0.006723815083  0.014146345018  0.000000000000  0.006578576065  0.000000000000  0.001678525216  
cardinalis_cardinalis_ku21828 0.007724798456  0.008219759347  0.006564058296  0.003435296310  0.003272296786  0.000000000000  0.004915117439  0.000000000000  0.004915117439  0.009882276252  0.006673574041  0.001726991118  0.009867402058  0.009515299915  0.004915117439  0.010839266897  0.008219759347  0.005460886102  0.000000000000  0.009882276252  0.003272296786  0.004199995767  0.003261623751  0.001633875300  0.005032887245  0.009381396173  0.010261402752  0.011551665357  0.004915117439  0.006741055338  
piranga_rubra_ku7046 0.000000000000  0.003275893097  0.001634625006  0.005180638949  0.004917392313  0.005022082664  0.000000000000  0.004915117439  0.000000000000  0.004923858490  0.001661789063  0.003459062201  0.002452418861  0.002365404175  0.000000000000  0.004314813343  0.003275893097  0.000000000000  0.000000000000  0.004923858490  0.004917392313  0.000000000000  0.004917392313  0.003272296786  0.006723815083  0.014146345018  0.000000000000  0.006578576065  0.000000000000  0.001678525216  
piranga_bidentata_hgoslp104 0.007746454472  0.004923858490  0.003275893097  0.008670123632  0.009893272478  0.010098509702  0.004923858490  0.009882276252  0.004923858490  0.000000000000  0.003330444299  0.006945650537  0.002452418861  0.002365404175  0.004923858490  0.006489631346  0.004923858490  0.003652833613  0.000000000000  0.000000000000  0.009893272478  0.000000000000  0.009893272478  0.008227824550  0.011839497051  0.014146345018  0.003404137104  0.001634625006  0.004923858490  0.003364055894  
piranga_ludoviciana_sdsu2648 0.002565677302  0.001661789063  0.000000000000  0.007043495903  0.006678906490  0.006707144957  0.001661789063  0.006673574041  0.001661789063  0.003330444299  0.000000000000  0.005290267965  0.000000000000  0.000000000000  0.001661789063  0.002151644269  0.001661789063  0.001856110622  0.000000000000  0.003330444299  0.006678906490  0.000000000000  0.006678906490  0.004999338780  0.008421852510  0.014146345018  0.000000000000  0.005006022682  0.001661789063  0.000000000000  
piranga_roseogularis_ku2049 0.005614978917  0.006945650537  0.005198593825  0.001727828760  0.001727828760  0.001766654116  0.003459062201  0.001726991118  0.003459062201  0.006945650537  0.005290267965  0.000000000000  0.007387768128  0.007124588808  0.003459062201  0.009326272128  0.006945650537  0.003648361552  0.000000000000  0.006945650537  0.001727828760  0.002097487579  0.001727828760  0.000000000000  0.003549118220  0.004678153559  0.006821528968  0.008700297726  0.003459062201  0.005198593825  
piranga_hepatica_ku4970 0.002969470079  0.000000000000  0.000000000000  0.007387768128  0.009879105226  0.009867402058  0.002452418861  0.009867402058  0.002452418861  0.002452418861  0.000000000000  0.007387768128  0.000000000000  0.000000000000  0.002452418861  0.000000000000  0.002452418861  0.002514074697  0.000000000000  0.002452418861  0.009879105226  0.000000000000  0.007387768128  0.007387768128  0.009879105226  0.014146345018  0.000000000000  0.004919821023  0.002452418861  0.000000000000  
piranga_hepatica_ku9084 0.002951938613  0.000000000000  0.000000000000  0.009526178104  0.009526178104  0.009515299915  0.002365404175  0.009515299915  0.002365404175  0.002365404175  0.000000000000  0.007124588808  0.000000000000  0.000000000000  0.002365404175  0.000000000000  0.002365404175  0.002434507509  0.000000000000  0.002365404175  0.009526178104  0.000000000000  0.009526178104  0.007124588808  0.009526178104  0.014146345018  0.000000000000  0.004744744241  0.002365404175  0.000000000000  
piranga_rubra_sdsu2654 0.000000000000  0.003275893097  0.001634625006  0.005180638949  0.004917392313  0.005022082664  0.000000000000  0.004915117439  0.000000000000  0.004923858490  0.001661789063  0.003459062201  0.002452418861  0.002365404175  0.000000000000  0.004314813343  0.003275893097  0.000000000000  0.000000000000  0.004923858490  0.004917392313  0.000000000000  0.004917392313  0.003272296786  0.006723815083  0.014146345018  0.000000000000  0.006578576065  0.000000000000  0.001678525216  
piranga_flava_lsu15408 0.005147758423  0.000000000000  0.002151644269  0.011636395489  0.010853330086  0.010839266897  0.004314813343  0.010839266897  0.004314813343  0.006489631346  0.002151644269  0.009326272128  0.000000000000  0.000000000000  0.004314813343  0.000000000000  0.004314813343  0.002489044046  0.000000000000  0.006489631346  0.010853330086  0.000000000000  0.010853330086  0.008659938373  0.013058699410  0.014146345018  0.000000000000  0.008676224421  0.004314813343  0.002228358618  
piranga_lutea_lsu5400 0.005147758423  0.003275893097  0.001634625006  0.008670123632  0.008227824550  0.008399267499  0.003275893097  0.008219759347  0.003275893097  0.004923858490  0.001661789063  0.006945650537  0.002452418861  0.002365404175  0.003275893097  0.004314813343  0.000000000000  0.003652833613  0.000000000000  0.004923858490  0.008227824550  0.000000000000  0.008227824550  0.006569216479  0.010127059566  0.014146345018  0.003404137104  0.006578576065  0.003275893097  0.001678525216  
piranga_olivacea_ku4672 0.000000000000  0.001822286903  0.001822286903  0.003635099343  0.005483670680  0.005614179279  0.000000000000  0.005460886102  0.000000000000  0.003652833613  0.001856110622  0.003648361552  0.002514074697  0.002434507509  0.000000000000  0.002489044046  0.003652833613  0.000000000000  0.000000000000  0.003652833613  0.005483670680  0.000000000000  0.003635099343  0.003648361552  0.005627687499  0.014146345018  0.000000000000  0.003652833613  0.000000000000  0.001822286903  
piranga_ludoviciana_sdsu2208 0.000000000000  0.000000000000  0.000000000000  0.000000000000  0.000000000000  0.000000000000  0.000000000000  0.000000000000  0.000000000000  0.000000000000  0.000000000000  0.000000000000  0.000000000000  0.000000000000  0.000000000000  0.000000000000  0.000000000000  0.000000000000  0.000000000000  0.000000000000  0.000000000000  0.000000000000  0.000000000000  0.000000000000  0.000000000000  0.000000000000  0.000000000000  0.000000000000  0.000000000000  0.000000000000  
piranga_bidentata_itm160 0.007746454472  0.004923858490  0.003275893097  0.008670123632  0.009893272478  0.010098509702  0.004923858490  0.009882276252  0.004923858490  0.000000000000  0.003330444299  0.006945650537  0.002452418861  0.002365404175  0.004923858490  0.006489631346  0.004923858490  0.003652833613  0.000000000000  0.000000000000  0.009893272478  0.000000000000  0.009893272478  0.008227824550  0.011839497051  0.014146345018  0.003404137104  0.001634625006  0.004923858490  0.003364055894  
piranga_leucoptera_fmnh481795 0.007730439751  0.008227824550  0.006569216479  0.003451129863  0.000000000000  0.003343411134  0.004917392313  0.003272296786  0.004917392313  0.009893272478  0.006678906490  0.001727828760  0.009879105226  0.009526178104  0.004917392313  0.010853330086  0.008227824550  0.005483670680  0.000000000000  0.009893272478  0.000000000000  0.002097487579  0.003275893097  0.001634625006  0.005039661328  0.004678153559  0.010271392795  0.011565616910  0.004917392313  0.006746496620  
piranga_lutea_ku89864 0.000000000000  0.000000000000  0.000000000000  0.002097487579  0.002097487579  0.004317874249  0.000000000000  0.004199995767  0.000000000000  0.000000000000  0.000000000000  0.002097487579  0.000000000000  0.000000000000  0.000000000000  0.000000000000  0.000000000000  0.000000000000  0.000000000000  0.000000000000  0.002097487579  0.000000000000  0.002097487579  0.002097487579  0.004333511816  0.010609345680  0.000000000000  0.000000000000  0.000000000000  0.000000000000  
piranga_rubriceps_lsu34818 0.007730439751  0.008227824550  0.006569216479  0.000000000000  0.003275893097  0.003343411134  0.004917392313  0.003261623751  0.004917392313  0.009893272478  0.006678906490  0.001727828760  0.007387768128  0.009526178104  0.004917392313  0.010853330086  0.008227824550  0.003635099343  0.000000000000  0.009893272478  0.003275893097  0.002097487579  0.000000000000  0.001634625006  0.005039661328  0.004678153559  0.006821528968  0.011565616910  0.004917392313  0.006746496620  
piranga_roseogularis_ku2141 0.005138872906  0.006569216479  0.004917392313  0.001721878528  0.001634625006  0.001669332597  0.003272296786  0.001633875300  0.003272296786  0.008227824550  0.004999338780  0.000000000000  0.007387768128  0.007124588808  0.003272296786  0.008659938373  0.006569216479  0.003648361552  0.000000000000  0.008227824550  0.001634625006  0.002097487579  0.001634625006  0.000000000000  0.003352776900  0.004678153559  0.006821528968  0.009893272478  0.003272296786  0.005049830895  
piranga_erythrocephala_fmnh343371 0.010338744221  0.010127059566  0.008421852510  0.005316531471  0.005039661328  0.005032887245  0.006723815083  0.005032887245  0.006723815083  0.011839497051  0.008421852510  0.003549118220  0.009879105226  0.009526178104  0.006723815083  0.013058699410  0.010127059566  0.005627687499  0.000000000000  0.011839497051  0.005039661328  0.004333511816  0.005039661328  0.003352776900  0.000000000000  0.000000000000  0.010271392795  0.013559226544  0.006723815083  0.008655114939  
piranga_erythrocephala_fmnh343370 0.014146345018  0.014146345018  0.014146345018  0.004678153559  0.004678153559  0.009381396173  0.014146345018  0.009381396173  0.014146345018  0.014146345018  0.014146345018  0.004678153559  0.014146345018  0.014146345018  0.014146345018  0.014146345018  0.014146345018  0.014146345018  0.000000000000  0.014146345018  0.004678153559  0.010609345680  0.004678153559  0.004678153559  0.000000000000  0.000000000000  0.014146345018  0.014146345018  0.014146345018  0.014146345018  
piranga_ludoviciana_sdsu2650 0.000000000000  0.000000000000  0.000000000000  0.006821528968  0.010271392795  0.010261402752  0.000000000000  0.010261402752  0.000000000000  0.003404137104  0.000000000000  0.006821528968  0.000000000000  0.000000000000  0.000000000000  0.000000000000  0.003404137104  0.000000000000  0.000000000000  0.003404137104  0.010271392795  0.000000000000  0.006821528968  0.006821528968  0.010271392795  0.014146345018  0.000000000000  0.003404137104  0.000000000000  0.000000000000  
piranga_bidentata_tepe59 0.010361980658  0.006578576065  0.004923858490  0.010426237920  0.011565616910  0.011804931732  0.006578576065  0.011551665357  0.006578576065  0.001634625006  0.005006022682  0.008700297726  0.004919821023  0.004744744241  0.006578576065  0.008676224421  0.006578576065  0.003652833613  0.000000000000  0.001634625006  0.011565616910  0.000000000000  0.011565616910  0.009893272478  0.013559226544  0.014146345018  0.003404137104  0.000000000000  0.006578576065  0.005056650754  
piranga_rubra_sdsu2635 0.000000000000  0.003275893097  0.001634625006  0.005180638949  0.004917392313  0.005022082664  0.000000000000  0.004915117439  0.000000000000  0.004923858490  0.001661789063  0.003459062201  0.002452418861  0.002365404175  0.000000000000  0.004314813343  0.003275893097  0.000000000000  0.000000000000  0.004923858490  0.004917392313  0.000000000000  0.004917392313  0.003272296786  0.006723815083  0.014146345018  0.000000000000  0.006578576065  0.000000000000  0.001678525216  
piranga_bidentata_itm141 0.002675509595  0.001678525216  0.000000000000  0.006921612493  0.006746496620  0.006892051444  0.001678525216  0.006741055338  0.001678525216  0.003364055894  0.000000000000  0.005198593825  0.000000000000  0.000000000000  0.001678525216  0.002228358618  0.001678525216  0.001822286903  0.000000000000  0.003364055894  0.006746496620  0.000000000000  0.006746496620  0.005049830895  0.008655114939  0.014146345018  0.000000000000  0.005056650754  0.001678525216  0.000000000000  

