30
piranga_rubra_ku26592 0.000000000000  0.005994043649  0.011015924000  0.014078295579  0.012036504123  0.025502160092  0.009145081395  0.026375987478  0.007032660209  0.007003337554  0.006925145845  0.012494311846  0.007176361946  0.005906992885  0.002986562358  0.004972103619  0.007000068238  0.005787246963  0.009794614485  0.004991696805  0.011122845143  0.006822772008  0.014058680241  0.013060018700  0.012036504123  0.009132580428  0.010217586647  0.008008254077  0.004985195634  0.003989100825  
piranga_flava_ku90809 0.005994043649  0.000000000000  0.008971415376  0.009987693594  0.007976315257  0.019223459065  0.005674065437  0.020165308428  0.007025115794  0.006993074993  0.003441157014  0.008269021521  0.001017122002  0.001172423485  0.004964242183  0.000000000000  0.002982699385  0.004629870721  0.004324802336  0.004990171061  0.007035245326  0.001123678653  0.009976093311  0.008968760830  0.005970186372  0.006043242950  0.005079440361  0.005970186372  0.009001134317  0.003988441288  
piranga_ludoviciana_sdsu2385 0.011015924000  0.008971415376  0.000000000000  0.018054407856  0.016007193553  0.026419499031  0.003399437191  0.027341616100  0.010047908158  0.009996037980  0.001142943175  0.014521145261  0.010241511017  0.005880954073  0.009965927022  0.001239258571  0.008980367359  0.004624517968  0.008677696863  0.007992769037  0.015129540382  0.009062205304  0.018032743278  0.015011980688  0.016007193553  0.018269428237  0.003804698801  0.008971415376  0.013024431431  0.006989363046  
piranga_rubriceps_lsu265 0.014078295579  0.009987693594  0.018054407856  0.000000000000  0.007956501847  0.027424946619  0.012566899658  0.028372457028  0.014135155450  0.013046743300  0.009224093472  0.013479663108  0.011275645883  0.007067205083  0.013003097009  0.004965930791  0.013033662200  0.010466687649  0.014161305111  0.013059850684  0.007011043230  0.005649916495  0.001979316352  0.015032001157  0.005956254137  0.001503908659  0.010204552983  0.014035949988  0.017114339187  0.012043611198  
piranga_leucoptera_lsu7783 0.012036504123  0.007976315257  0.016007193553  0.007956501847  0.000000000000  0.025372725745  0.011399530609  0.026295944500  0.013099331342  0.013039579540  0.008051961371  0.014531310406  0.009216755161  0.008254837432  0.010974545827  0.006215396825  0.008991579239  0.009283036887  0.011970142715  0.011022531219  0.002997601007  0.006779719248  0.007946052195  0.015023338449  0.003965373272  0.001503908659  0.011495292502  0.012000391976  0.015062191527  0.010010744419  
cardinalis_cardinalis_ku25393 0.025502160092  0.019223459065  0.026419499031  0.027424946619  0.025372725745  0.000000000000  0.022006998610  0.007018557354  0.026646353450  0.026522144906  0.019886615891  0.026240805791  0.020674302359  0.019037893726  0.024348540292  0.016303172559  0.021311396776  0.021242958490  0.024180217757  0.024457418632  0.024407665138  0.017204539210  0.027416783711  0.024369149454  0.021229215376  0.022964755237  0.021911868292  0.025424341471  0.028595176139  0.023414997810  
piranga_olivacea_ku2699 0.009145081395  0.005674065437  0.003399437191  0.012566899658  0.011399530609  0.022006998610  0.000000000000  0.025438606016  0.007993993041  0.010287227784  0.004589845955  0.012610120363  0.005853745131  0.004711675252  0.005674065437  0.000000000000  0.004540526631  0.005792708425  0.005000642725  0.006845721181  0.010355467548  0.006815522129  0.012549184153  0.012552558522  0.011399530609  0.007835124624  0.005079440361  0.006814620245  0.007984874207  0.006845721181  
cardinalis_cardinalis_ku21828 0.026375987478  0.020165308428  0.027341616100  0.028372457028  0.026295944500  0.007018557354  0.025438606016  0.000000000000  0.027518486492  0.027390003925  0.023355570447  0.027307597045  0.021765572796  0.022730108901  0.025276162510  0.018860849108  0.022225676752  0.023491571953  0.023072016816  0.025336459408  0.025491492049  0.020610470210  0.028336101691  0.025295693988  0.022164419121  0.024595676577  0.023244381768  0.024295130740  0.027390003925  0.024299228900  
piranga_rubra_ku7046 0.007032660209  0.007025115794  0.010047908158  0.014135155450  0.013099331342  0.026646353450  0.007993993041  0.027518486492  0.000000000000  0.008045883391  0.005763990292  0.012487438335  0.008249219359  0.004725402307  0.006012062111  0.003724400558  0.008036430525  0.004624825474  0.008748281264  0.006021619902  0.012190433317  0.005678883486  0.014115381127  0.014127847724  0.013099331342  0.010680195563  0.008928728409  0.009049929317  0.010055499841  0.005012753086  
piranga_bidentata_hgoslp104 0.007003337554  0.006993074993  0.009996037980  0.013046743300  0.013039579540  0.026522144906  0.010287227784  0.027390003925  0.008045883391  0.000000000000  0.005757353153  0.013535992814  0.006139085345  0.004714263832  0.005985576586  0.003724400558  0.008000245416  0.006952554875  0.006504345135  0.003989100825  0.012133874375  0.007960392477  0.013029162551  0.014065213101  0.013039579540  0.009118700562  0.006361582649  0.006993074993  0.010021094138  0.002988642219  
piranga_ludoviciana_sdsu2648 0.006925145845  0.003441157014  0.001142943175  0.009224093472  0.008051961371  0.019886615891  0.004589845955  0.023355570447  0.005763990292  0.005757353153  0.000000000000  0.009256111668  0.004730991305  0.003576539415  0.005734150608  0.002481798305  0.002293926800  0.005785682510  0.002528869497  0.002297662770  0.006965343197  0.004593839561  0.009206340970  0.010369470185  0.008051961371  0.006364494110  0.005079440361  0.004589845955  0.008069879620  0.002297662770  
piranga_roseogularis_ku2049 0.012494311846  0.008269021521  0.014521145261  0.013479663108  0.014531310406  0.026240805791  0.012610120363  0.027307597045  0.012487438335  0.013535992814  0.009256111668  0.000000000000  0.009529035837  0.007072073760  0.011387696101  0.004976791085  0.010368284236  0.010503333632  0.010129657401  0.011440891196  0.012500447115  0.006818241212  0.013474847943  0.002054797807  0.012430367195  0.012149593788  0.008924573125  0.012455404517  0.015634055314  0.010389829858  
piranga_hepatica_ku4970 0.007176361946  0.001017122002  0.010241511017  0.011275645883  0.009216755161  0.020674302359  0.005853745131  0.021765572796  0.008249219359  0.006139085345  0.004730991305  0.009529035837  0.000000000000  0.002346179388  0.006119572070  0.001238902294  0.003062789312  0.005965491447  0.005410068927  0.006145373224  0.008184423558  0.002321667639  0.011274414989  0.010240864045  0.008184423558  0.007562002197  0.006353498906  0.006132810319  0.010275047240  0.005116644512  
piranga_hepatica_ku9084 0.005906992885  0.001172423485  0.005880954073  0.007067205083  0.008254837432  0.019037893726  0.004711675252  0.022730108901  0.004725402307  0.004714263832  0.003576539415  0.007072073760  0.002346179388  0.000000000000  0.004700919087  0.000000000000  0.002350542629  0.004807953117  0.002491071834  0.003535655694  0.007067205083  0.002347783341  0.007064283071  0.007072073760  0.007067205083  0.004674854655  0.005079440361  0.004703177745  0.008279881305  0.003535655694  
piranga_rubra_sdsu2654 0.002986562358  0.004964242183  0.009965927022  0.013003097009  0.010974545827  0.024348540292  0.005674065437  0.025276162510  0.006012062111  0.005985576586  0.005734150608  0.011387696101  0.006119572070  0.004700919087  0.000000000000  0.002480005949  0.005974045741  0.004624517968  0.007586775869  0.003986089740  0.010058014580  0.005643539339  0.012987043693  0.011976437359  0.010974545827  0.007564680729  0.007633675473  0.006969161801  0.003982121447  0.002986562358  
piranga_flava_lsu15408 0.004972103619  0.000000000000  0.001239258571  0.004965930791  0.006215396825  0.016303172559  0.000000000000  0.018860849108  0.003724400558  0.003724400558  0.002481798305  0.004976791085  0.001238902294  0.000000000000  0.002480005949  0.000000000000  0.000000000000  0.003724413132  0.002548201753  0.002480005949  0.004965930791  0.001237724709  0.004963412149  0.006223132772  0.004965930791  0.003207959005  0.005098865054  0.002481798305  0.003724400558  0.002480005949  
piranga_lutea_lsu5400 0.007000068238  0.002982699385  0.008980367359  0.013033662200  0.008991579239  0.021311396776  0.004540526631  0.022225676752  0.008036430525  0.008000245416  0.002293926800  0.010368284236  0.003062789312  0.002350542629  0.005974045741  0.000000000000  0.000000000000  0.003470228926  0.006500591961  0.005994043649  0.008056644801  0.003390597288  0.013016116730  0.012018763188  0.008991579239  0.007576143115  0.005085898793  0.006979130338  0.010010744419  0.004990171061  
piranga_olivacea_ku4672 0.005787246963  0.004629870721  0.004624517968  0.010466687649  0.009283036887  0.021242958490  0.005792708425  0.023491571953  0.004624825474  0.006952554875  0.005785682510  0.010503333632  0.005965491447  0.004807953117  0.004624517968  0.003724413132  0.003470228926  0.000000000000  0.006384051558  0.003465276143  0.008200012670  0.005792385134  0.010451675868  0.011624816742  0.009283036887  0.004817488641  0.008943901772  0.006957786431  0.005785682510  0.003465276143  
piranga_ludoviciana_sdsu2208 0.009794614485  0.004324802336  0.008677696863  0.014161305111  0.011970142715  0.024180217757  0.005000642725  0.023072016816  0.008748281264  0.006504345135  0.002528869497  0.010129657401  0.005410068927  0.002491071834  0.007586775869  0.002548201753  0.006500591961  0.006384051558  0.000000000000  0.006511403929  0.010870456703  0.003732274168  0.014159348495  0.011970142715  0.010870456703  0.009100002939  0.005092373670  0.006497301630  0.011991495213  0.005422084994  
piranga_bidentata_itm160 0.004991696805  0.004990171061  0.007992769037  0.013059850684  0.011022531219  0.024457418632  0.006845721181  0.025336459408  0.006021619902  0.003989100825  0.002297662770  0.011440891196  0.006145373224  0.003535655694  0.003986089740  0.002480005949  0.005994043649  0.003465276143  0.006511403929  0.000000000000  0.010101760258  0.004537776379  0.013042234551  0.012042887721  0.011022531219  0.007599172415  0.005083256719  0.004990171061  0.008000245416  0.000994100814  
piranga_leucoptera_fmnh481795 0.011122845143  0.007035245326  0.015129540382  0.007011043230  0.002997601007  0.024407665138  0.010355467548  0.025491492049  0.012190433317  0.012133874375  0.006965343197  0.012500447115  0.008184423558  0.007067205083  0.010058014580  0.004965930791  0.008056644801  0.008200012670  0.010870456703  0.010101760258  0.000000000000  0.005701457324  0.007009400465  0.013118534303  0.002997601007  0.001503908659  0.010204552983  0.011089204900  0.014172541255  0.009082892217  
piranga_lutea_ku89864 0.006822772008  0.001123678653  0.009062205304  0.005649916495  0.006779719248  0.017204539210  0.006815522129  0.020610470210  0.005678883486  0.007960392477  0.004593839561  0.006818241212  0.002321667639  0.002347783341  0.005643539339  0.001237724709  0.003390597288  0.005792385134  0.003732274168  0.004537776379  0.005701457324  0.000000000000  0.005642051866  0.006779719248  0.004510103527  0.004660330350  0.006357653932  0.006791878554  0.009096443323  0.004537776379  
piranga_rubriceps_lsu34818 0.014058680241  0.009976093311  0.018032743278  0.001979316352  0.007946052195  0.027416783711  0.012549184153  0.028336101691  0.014115381127  0.013029162551  0.009206340970  0.013474847943  0.011274414989  0.007064283071  0.012987043693  0.004963412149  0.013016116730  0.010451675868  0.014159348495  0.013042234551  0.007009400465  0.005642051866  0.000000000000  0.015011980688  0.005949660472  0.001503383964  0.010198068033  0.014016452635  0.017091618092  0.012027985629  
piranga_roseogularis_ku2141 0.013060018700  0.008968760830  0.015011980688  0.015032001157  0.015023338449  0.024369149454  0.012552558522  0.025295693988  0.014127847724  0.014065213101  0.010369470185  0.002054797807  0.010240864045  0.007072073760  0.011976437359  0.006223132772  0.012018763188  0.011624816742  0.011970142715  0.012042887721  0.013118534303  0.006779719248  0.015011980688  0.000000000000  0.012994575823  0.012149593788  0.010204552983  0.013020773885  0.016089413737  0.011027956470  
piranga_erythrocephala_fmnh343371 0.012036504123  0.005970186372  0.016007193553  0.005956254137  0.003965373272  0.021229215376  0.011399530609  0.022164419121  0.013099331342  0.013039579540  0.008051961371  0.012430367195  0.008184423558  0.007067205083  0.010974545827  0.004965930791  0.008991579239  0.009283036887  0.010870456703  0.011022531219  0.002997601007  0.004510103527  0.005949660472  0.012994575823  0.000000000000  0.000000000000  0.010204552983  0.012000391976  0.015062191527  0.010010744419  
piranga_erythrocephala_fmnh343370 0.009132580428  0.006043242950  0.018269428237  0.001503908659  0.001503908659  0.022964755237  0.007835124624  0.024595676577  0.010680195563  0.009118700562  0.006364494110  0.012149593788  0.007562002197  0.004674854655  0.007564680729  0.003207959005  0.007576143115  0.004817488641  0.009100002939  0.007599172415  0.001503908659  0.004660330350  0.001503383964  0.012149593788  0.000000000000  0.000000000000  0.009631009821  0.009086221918  0.012205204046  0.007599172415  
piranga_ludoviciana_sdsu2650 0.010217586647  0.005079440361  0.003804698801  0.010204552983  0.011495292502  0.021911868292  0.005079440361  0.023244381768  0.008928728409  0.006361582649  0.005079440361  0.008924573125  0.006353498906  0.005079440361  0.007633675473  0.005098865054  0.005085898793  0.008943901772  0.005092373670  0.005083256719  0.010204552983  0.006357653932  0.010198068033  0.010204552983  0.010204552983  0.009631009821  0.000000000000  0.006353498906  0.010211085055  0.005083256719  
piranga_bidentata_tepe59 0.008008254077  0.005970186372  0.008971415376  0.014035949988  0.012000391976  0.025424341471  0.006814620245  0.024295130740  0.009049929317  0.006993074993  0.004589845955  0.012455404517  0.006132810319  0.004703177745  0.006969161801  0.002481798305  0.006979130338  0.006957786431  0.006497301630  0.004990171061  0.011089204900  0.006791878554  0.014016452635  0.013020773885  0.012000391976  0.009086221918  0.006353498906  0.000000000000  0.009009582018  0.003988441288  
piranga_rubra_sdsu2635 0.004985195634  0.009001134317  0.013024431431  0.017114339187  0.015062191527  0.028595176139  0.007984874207  0.027390003925  0.010055499841  0.010021094138  0.008069879620  0.015634055314  0.010275047240  0.008279881305  0.003982121447  0.003724400558  0.010010744419  0.005785682510  0.011991495213  0.008000245416  0.014172541255  0.009096443323  0.017091618092  0.016089413737  0.015062191527  0.012205204046  0.010211085055  0.009009582018  0.000000000000  0.006993074993  
piranga_bidentata_itm141 0.003989100825  0.003988441288  0.006989363046  0.012043611198  0.010010744419  0.023414997810  0.006845721181  0.024299228900  0.005012753086  0.002988642219  0.002297662770  0.010389829858  0.005116644512  0.003535655694  0.002986562358  0.002480005949  0.004990171061  0.003465276143  0.005422084994  0.000994100814  0.009082892217  0.004537776379  0.012027985629  0.011027956470  0.010010744419  0.007599172415  0.005083256719  0.003988441288  0.006993074993  0.000000000000  

