30
cardinalis_cardinalis_ku21828 0.000000000000  0.004014748484  0.018259367442  0.022912748769  0.022379092681  0.020834430827  0.023963407935  0.023963407935  0.023963407935  0.023963407935  0.025532345451  0.022407232661  0.022928239677  0.033391374236  0.024469402949  0.047799958869  0.026545274269  0.028645008562  0.026545274269  0.026545274269  0.028119215110  0.028119215110  0.042299985985  0.041248582084  0.037559577110  0.040734446288  0.040734446288  0.036537671520  0.032828677553  0.028645008562  
cardinalis_cardinalis_ku25393 0.004014748484  0.000000000000  0.017233148470  0.021879419752  0.021346925109  0.019804421064  0.022928239677  0.022928239677  0.022928239677  0.022928239677  0.024494655096  0.021374403113  0.021894575754  0.033403192209  0.023433734317  0.046727850177  0.025506581417  0.027602927752  0.025506581417  0.025506581417  0.027077984063  0.028128444925  0.041238200020  0.040188198326  0.036504433074  0.039674578877  0.039674578877  0.035483547371  0.031780449113  0.027602927752  
piranga_leucoptera_fmnh481795 0.018259367442  0.017233148470  0.000000000000  0.004517084112  0.004011238304  0.002504609927  0.010592417118  0.010592417118  0.010592417118  0.010592417118  0.012124108408  0.009068709642  0.009577393616  0.021894575754  0.012115723897  0.037083530988  0.014154324188  0.016208405624  0.014154324188  0.014154324188  0.016723299409  0.016723299409  0.029626289141  0.028590175814  0.024962823563  0.028079413569  0.028079413569  0.023947580414  0.020316251342  0.016208405624  
piranga_leucoptera_lsu7783 0.022912748769  0.021879419752  0.004517084112  0.000000000000  0.008555282014  0.007039335941  0.015190412114  0.015190412114  0.015190412114  0.015190412114  0.016735157553  0.013655446972  0.014168450207  0.025008797495  0.016208405624  0.041347325708  0.018259367442  0.020328829311  0.018259367442  0.018259367442  0.020847588870  0.020328829311  0.033824982655  0.032783921399  0.029136305025  0.032272223990  0.032272223990  0.028119215110  0.024461824260  0.020328829311  
piranga_rubriceps_lsu265 0.022379092681  0.021346925109  0.004011238304  0.008555282014  0.000000000000  0.003509794593  0.014667022837  0.014667022837  0.014667022837  0.014667022837  0.016208405624  0.013134295449  0.013646186101  0.026038275573  0.016198770451  0.041320030548  0.018249097329  0.020316251342  0.018249097329  0.018249097329  0.020834430827  0.020834430827  0.033810599163  0.032769020104  0.029121316403  0.032256207853  0.032256207853  0.028102023870  0.024447927140  0.020316251342  
piranga_rubriceps_lsu34818 0.020834430827  0.019804421064  0.002504609927  0.007039335941  0.003509794593  0.000000000000  0.013138437882  0.013138437882  0.013138437882  0.013138437882  0.014676597363  0.011608887526  0.012119711682  0.024485818735  0.014667022837  0.039734896136  0.016713092769  0.018775898852  0.016713092769  0.016713092769  0.019292985502  0.019292985502  0.032241906819  0.031202514351  0.027562494792  0.030690751008  0.030690751008  0.026545274269  0.022898930791  0.018775898852  
piranga_ludoviciana_sdsu2208 0.023963407935  0.022928239677  0.010592417118  0.015190412114  0.014667022837  0.013138437882  0.000000000000  0.000000000000  0.000000000000  0.000000000000  0.002504609927  0.003511093831  0.004014748484  0.016219691031  0.006533327420  0.032330532716  0.008555282014  0.010588863707  0.008555282014  0.008555282014  0.011098605251  0.011098605251  0.023901070699  0.022871724482  0.019271806213  0.022362382207  0.022362382207  0.018259367442  0.014662852805  0.010588863707  
piranga_ludoviciana_sdsu2650 0.023963407935  0.022928239677  0.010592417118  0.015190412114  0.014667022837  0.013138437882  0.000000000000  0.000000000000  0.000000000000  0.000000000000  0.002504609927  0.003511093831  0.004014748484  0.016219691031  0.006533327420  0.032330532716  0.008555282014  0.010588863707  0.008555282014  0.008555282014  0.011098605251  0.011098605251  0.023901070699  0.022871724482  0.019271806213  0.022362382207  0.022362382207  0.018259367442  0.014662852805  0.010588863707  
piranga_ludoviciana_sdsu2385 0.023963407935  0.022928239677  0.010592417118  0.015190412114  0.014667022837  0.013138437882  0.000000000000  0.000000000000  0.000000000000  0.000000000000  0.002504609927  0.003511093831  0.004014748484  0.016219691031  0.006533327420  0.032330532716  0.008555282014  0.010588863707  0.008555282014  0.008555282014  0.011098605251  0.011098605251  0.023901070699  0.022871724482  0.019271806213  0.022362382207  0.022362382207  0.018259367442  0.014662852805  0.010588863707  
piranga_bidentata_tepe59 0.023963407935  0.022928239677  0.010592417118  0.015190412114  0.014667022837  0.013138437882  0.000000000000  0.000000000000  0.000000000000  0.000000000000  0.002504609927  0.003511093831  0.004014748484  0.016219691031  0.006533327420  0.032330532716  0.008555282014  0.010588863707  0.008555282014  0.008555282014  0.011098605251  0.011098605251  0.023901070699  0.022871724482  0.019271806213  0.022362382207  0.022362382207  0.018259367442  0.014662852805  0.010588863707  
piranga_bidentata_itm141 0.025532345451  0.024494655096  0.012124108408  0.016735157553  0.016208405624  0.014676597363  0.002504609927  0.002504609927  0.002504609927  0.002504609927  0.000000000000  0.005023642562  0.005528884207  0.017767750644  0.008052952615  0.033922673599  0.010079661751  0.012119711682  0.010079661751  0.010079661751  0.012631078870  0.012631078870  0.025461204734  0.024430237722  0.020822940489  0.023920959485  0.023920959485  0.019810628589  0.016203381574  0.012119711682  
piranga_olivacea_ku2699 0.022407232661  0.021374403113  0.009068709642  0.013655446972  0.013134295449  0.011608887526  0.003511093831  0.003511093831  0.003511093831  0.003511093831  0.005023642562  0.000000000000  0.002506518979  0.014682001121  0.005019802540  0.030753948428  0.007037324063  0.009065587479  0.007037324063  0.007037324063  0.009573992413  0.009573992413  0.022349449738  0.021321976984  0.017729468033  0.020813120843  0.020813120843  0.016717989466  0.013130563318  0.009065587479  
piranga_bidentata_itm160 0.022928239677  0.021894575754  0.009577393616  0.014168450207  0.013646186101  0.012119711682  0.004014748484  0.004014748484  0.004014748484  0.004014748484  0.005528884207  0.002506518979  0.000000000000  0.015196100883  0.005524493932  0.030225846024  0.007543588726  0.009573992413  0.007543588726  0.007543588726  0.010082935247  0.009065587479  0.021831912592  0.020804974907  0.017214902026  0.020296097625  0.020296097625  0.016203381574  0.012619498778  0.008557719307  
piranga_olivacea_ku4672 0.033391374236  0.033403192209  0.021894575754  0.025008797495  0.026038275573  0.024485818735  0.016219691031  0.016219691031  0.016219691031  0.016219691031  0.017767750644  0.014682001121  0.015196100883  0.000000000000  0.009581201483  0.035533142677  0.011613002550  0.013660692408  0.011613002550  0.011613002550  0.014173979755  0.013147952177  0.027555678192  0.026000171721  0.022385500634  0.025491507913  0.025491507913  0.021374403113  0.017754743334  0.013660692408  
piranga_bidentata_hgoslp104 0.024469402949  0.023433734317  0.012115723897  0.016208405624  0.016198770451  0.014667022837  0.006533327420  0.006533327420  0.006533327420  0.006533327420  0.008052952615  0.005019802540  0.005524493932  0.009581201483  0.000000000000  0.025523337428  0.002002804169  0.004013175695  0.002002804169  0.002002804169  0.004517084112  0.004517084112  0.017716722311  0.016181921816  0.012613829907  0.015674498379  0.015674498379  0.011605181133  0.008048227032  0.004013175695  
piranga_lutea_lsu5400 0.047799958869  0.046727850177  0.037083530988  0.041347325708  0.041320030548  0.039734896136  0.032330532716  0.032330532716  0.032330532716  0.032330532716  0.033922673599  0.030753948428  0.030225846024  0.035533142677  0.025523337428  0.000000000000  0.023449811604  0.025541772997  0.023449811604  0.023449811604  0.026066187950  0.030236273605  0.043923573199  0.042332993987  0.038638749205  0.041819465497  0.041819465497  0.037618043656  0.033899708996  0.029708449911  
piranga_hepatica_ku9084 0.026545274269  0.025506581417  0.014154324188  0.018259367442  0.018249097329  0.016713092769  0.008555282014  0.008555282014  0.008555282014  0.008555282014  0.010079661751  0.007037324063  0.007543588726  0.011613002550  0.002002804169  0.023449811604  0.000000000000  0.002004169245  0.000000000000  0.000000000000  0.002506518979  0.006533327420  0.019769764988  0.018230696684  0.014652816092  0.017722262910  0.017722262910  0.013642171402  0.010074338250  0.006027850618  
piranga_flava_ku90809 0.028645008562  0.027602927752  0.016208405624  0.020328829311  0.020316251342  0.018775898852  0.010588863707  0.010588863707  0.010588863707  0.010588863707  0.012119711682  0.009065587479  0.009573992413  0.013660692408  0.004013175695  0.025541772997  0.002004169245  0.000000000000  0.002004169245  0.002004169245  0.004521180476  0.008560563020  0.021835513845  0.020292103515  0.016704540594  0.019783753765  0.019783753765  0.015694062384  0.012112145423  0.008052952615  
piranga_lutea_ku89864 0.026545274269  0.025506581417  0.014154324188  0.018259367442  0.018249097329  0.016713092769  0.008555282014  0.008555282014  0.008555282014  0.008555282014  0.010079661751  0.007037324063  0.007543588726  0.011613002550  0.002002804169  0.023449811604  0.000000000000  0.002004169245  0.000000000000  0.000000000000  0.002506518979  0.006533327420  0.019769764988  0.018230696684  0.014652816092  0.017722262910  0.017722262910  0.013642171402  0.010074338250  0.006027850618  
piranga_flava_lsu15408 0.026545274269  0.025506581417  0.014154324188  0.018259367442  0.018249097329  0.016713092769  0.008555282014  0.008555282014  0.008555282014  0.008555282014  0.010079661751  0.007037324063  0.007543588726  0.011613002550  0.002002804169  0.023449811604  0.000000000000  0.002004169245  0.000000000000  0.000000000000  0.002506518979  0.006533327420  0.019769764988  0.018230696684  0.014652816092  0.017722262910  0.017722262910  0.013642171402  0.010074338250  0.006027850618  
piranga_hepatica_ku4970 0.028119215110  0.027077984063  0.016723299409  0.020847588870  0.020834430827  0.019292985502  0.011098605251  0.011098605251  0.011098605251  0.011098605251  0.012631078870  0.009573992413  0.010082935247  0.014173979755  0.004517084112  0.026066187950  0.002506518979  0.004521180476  0.002506518979  0.002506518979  0.000000000000  0.009068709642  0.022353340148  0.020808838472  0.017218841991  0.020300509841  0.020300509841  0.016208405624  0.012622948942  0.008560563020  
piranga_rubra_ku7046 0.028119215110  0.028128444925  0.016723299409  0.020328829311  0.020834430827  0.019292985502  0.011098605251  0.011098605251  0.011098605251  0.011098605251  0.012631078870  0.009573992413  0.009065587479  0.013147952177  0.004517084112  0.030236273605  0.006533327420  0.008560563020  0.006533327420  0.006533327420  0.009068709642  0.000000000000  0.018226254238  0.016690418138  0.013119745251  0.016181921816  0.016181921816  0.011089554902  0.007539159373  0.004514599366  
piranga_ludoviciana_sdsu2648 0.042299985985  0.041238200020  0.029626289141  0.033824982655  0.033810599163  0.032241906819  0.023901070699  0.023901070699  0.023901070699  0.023901070699  0.025461204734  0.022349449738  0.021831912592  0.027555678192  0.017716722311  0.043923573199  0.019769764988  0.021835513845  0.019769764988  0.019769764988  0.022353340148  0.018226254238  0.000000000000  0.001501521337  0.005016968315  0.008549604466  0.008549604466  0.016184462692  0.012608410871  0.013625597035  
piranga_roseogularis_ku2141 0.041248582084  0.040188198326  0.028590175814  0.032783921399  0.032769020104  0.031202514351  0.022871724482  0.022871724482  0.022871724482  0.022871724482  0.024430237722  0.021321976984  0.020804974907  0.026000171721  0.016181921816  0.042332993987  0.018230696684  0.020292103515  0.018230696684  0.018230696684  0.020808838472  0.016690418138  0.001501521337  0.000000000000  0.003508312212  0.007033722982  0.007033722982  0.014652816092  0.011084189480  0.012099290929  
piranga_roseogularis_ku2049 0.037559577110  0.036504433074  0.024962823563  0.029136305025  0.029121316403  0.027562494792  0.019271806213  0.019271806213  0.019271806213  0.019271806213  0.020822940489  0.017729468033  0.017214902026  0.022385500634  0.012613829907  0.038638749205  0.014652816092  0.016704540594  0.014652816092  0.014652816092  0.017218841991  0.013119745251  0.005016968315  0.003508312212  0.000000000000  0.003508897663  0.003508897663  0.011092162747  0.007540229392  0.008550412362  
piranga_erythrocephala_fmnh343371 0.040734446288  0.039674578877  0.028079413569  0.032272223990  0.032256207853  0.030690751008  0.022362382207  0.022362382207  0.022362382207  0.022362382207  0.023920959485  0.020813120843  0.020296097625  0.025491507913  0.015674498379  0.041819465497  0.017722262910  0.019783753765  0.017722262910  0.017722262910  0.020300509841  0.016181921816  0.008549604466  0.007033722982  0.003508897663  0.000000000000  0.000000000000  0.014146962713  0.010578733907  0.011592791606  
piranga_erythrocephala_fmnh343370 0.040734446288  0.039674578877  0.028079413569  0.032272223990  0.032256207853  0.030690751008  0.022362382207  0.022362382207  0.022362382207  0.022362382207  0.023920959485  0.020813120843  0.020296097625  0.025491507913  0.015674498379  0.041819465497  0.017722262910  0.019783753765  0.017722262910  0.017722262910  0.020300509841  0.016181921816  0.008549604466  0.007033722982  0.003508897663  0.000000000000  0.000000000000  0.014146962713  0.010578733907  0.011592791606  
piranga_rubra_sdsu2635 0.036537671520  0.035483547371  0.023947580414  0.028119215110  0.028102023870  0.026545274269  0.018259367442  0.018259367442  0.018259367442  0.018259367442  0.019810628589  0.016717989466  0.016203381574  0.021374403113  0.011605181133  0.037618043656  0.013642171402  0.015694062384  0.013642171402  0.013642171402  0.016208405624  0.011089554902  0.016184462692  0.014652816092  0.011092162747  0.014146962713  0.014146962713  0.000000000000  0.003511093831  0.007543588726  
piranga_rubra_sdsu2654 0.032828677553  0.031780449113  0.020316251342  0.024461824260  0.024447927140  0.022898930791  0.014662852805  0.014662852805  0.014662852805  0.014662852805  0.016203381574  0.013130563318  0.012619498778  0.017754743334  0.008048227032  0.033899708996  0.010074338250  0.012112145423  0.010074338250  0.010074338250  0.012622948942  0.007539159373  0.012608410871  0.011084189480  0.007540229392  0.010578733907  0.010578733907  0.003511093831  0.000000000000  0.004011238304  
piranga_rubra_ku26592 0.028645008562  0.027602927752  0.016208405624  0.020328829311  0.020316251342  0.018775898852  0.010588863707  0.010588863707  0.010588863707  0.010588863707  0.012119711682  0.009065587479  0.008557719307  0.013660692408  0.004013175695  0.029708449911  0.006027850618  0.008052952615  0.006027850618  0.006027850618  0.008560563020  0.004514599366  0.013625597035  0.012099290929  0.008550412362  0.011592791606  0.011592791606  0.007543588726  0.004011238304  0.000000000000  

