30
piranga_rubra_ku26592 0.000000000000  0.003267288931  0.002175183168  0.003264101696  0.002175183168  0.004362426420  0.001328494334  0.005520848685  0.002310902725  0.001086092392  0.000000000000  0.002851187650  0.002175183168  0.002223549569  0.001086092392  0.004028515344  0.001117653151  0.002175183168  0.001553442142  0.003267288931  0.003416108675  0.002175183168  0.003264101696  0.002175183168  0.002405399977  0.000000000000  0.000000000000  0.002175183168  0.002175183168  0.002173398382  
piranga_flava_ku90809 0.003267288931  0.000000000000  0.003263734390  0.004357828942  0.003267288931  0.005460612513  0.001328494334  0.005520848685  0.002310902725  0.002175183168  0.000000000000  0.002851187650  0.001084914074  0.002218616353  0.002175183168  0.004028515344  0.001116405396  0.003267288931  0.001553442142  0.004362426420  0.003416108675  0.001086092392  0.004357828942  0.003267288931  0.002405399977  0.000000000000  0.000000000000  0.003267288931  0.003267288931  0.003264101696  
piranga_ludoviciana_sdsu2385 0.002175183168  0.003263734390  0.000000000000  0.003264101696  0.002175183168  0.004362426420  0.002661477579  0.005520848685  0.002310902725  0.001086092392  0.001425045865  0.001423017997  0.002172820021  0.002218616353  0.001086092392  0.004028515344  0.001116405396  0.002175183168  0.001553442142  0.003267288931  0.003416108675  0.002175183168  0.003264101696  0.002175183168  0.002405399977  0.000000000000  0.001582950444  0.002175183168  0.002175183168  0.002173398382  
piranga_rubriceps_lsu265 0.003264101696  0.004357828942  0.003264101696  0.000000000000  0.001085702327  0.003264101696  0.002661477579  0.004408038557  0.002310902725  0.002173398382  0.001425045865  0.002848120586  0.003264101696  0.002223549569  0.002173398382  0.004028515344  0.001117653151  0.003264101696  0.001553442142  0.004357828942  0.002272164917  0.003264101696  0.000000000000  0.003264101696  0.002403217271  0.000000000000  0.000000000000  0.003264101696  0.003264101696  0.003262922902  
piranga_leucoptera_lsu7783 0.002175183168  0.003267288931  0.002175183168  0.001085702327  0.000000000000  0.002175183168  0.002661477579  0.003303641070  0.002310902725  0.001086092392  0.001425045865  0.001423017997  0.002175183168  0.002223549569  0.001086092392  0.004028515344  0.001117653151  0.002175183168  0.001553442142  0.003267288931  0.001135419232  0.002175183168  0.001085702327  0.002175183168  0.001200866660  0.000000000000  0.000000000000  0.002175183168  0.002175183168  0.002173398382  
cardinalis_cardinalis_ku25393 0.004362426420  0.005460612513  0.004362426420  0.003264101696  0.002175183168  0.000000000000  0.005341032871  0.001098825303  0.004635422165  0.003267288931  0.002855258106  0.002851187650  0.004362426420  0.004459703065  0.003267288931  0.004028515344  0.003362503845  0.004362426420  0.003113025588  0.005460612513  0.003416108675  0.004362426420  0.003264101696  0.004362426420  0.003613622410  0.000000000000  0.001582950444  0.004362426420  0.004362426420  0.004357828942  
piranga_olivacea_ku2699 0.001328494334  0.001328494334  0.002661477579  0.002661477579  0.002661477579  0.005341032871  0.000000000000  0.006678642510  0.001328494334  0.001328494334  0.000000000000  0.001695686489  0.001328494334  0.004459703065  0.001328494334  0.004028515344  0.001328494334  0.001328494334  0.001672991502  0.002661477579  0.003998980175  0.001328494334  0.002661477579  0.001328494334  0.001389406406  0.000000000000  0.000000000000  0.001328494334  0.001328494334  0.001328494334  
cardinalis_cardinalis_ku21828 0.005520848685  0.005520848685  0.005520848685  0.004408038557  0.003303641070  0.001098825303  0.006678642510  0.000000000000  0.005796044982  0.004410687197  0.004285176690  0.002896611152  0.004410687197  0.004459703065  0.004410687197  0.004028515344  0.004484867905  0.005520848685  0.003113025588  0.006634143119  0.004614207275  0.004410687197  0.004408038557  0.005520848685  0.003662146001  0.000000000000  0.001582950444  0.005520848685  0.005520848685  0.004410687197  
piranga_rubra_ku7046 0.002310902725  0.002310902725  0.002310902725  0.002310902725  0.002310902725  0.004635422165  0.001328494334  0.005796044982  0.000000000000  0.001153759251  0.000000000000  0.003088985239  0.001153759251  0.002223549569  0.001153759251  0.004028515344  0.001153759251  0.000000000000  0.003113025588  0.003471450333  0.003639929255  0.001153759251  0.002310902725  0.002310902725  0.001284139036  0.000000000000  0.000000000000  0.002310902725  0.000000000000  0.001153759251  
piranga_bidentata_hgoslp104 0.001086092392  0.002175183168  0.001086092392  0.002173398382  0.001086092392  0.003267288931  0.001328494334  0.004410687197  0.001153759251  0.000000000000  0.000000000000  0.001423017997  0.001086092392  0.002223549569  0.000000000000  0.004028515344  0.000000000000  0.001086092392  0.001553442142  0.002175183168  0.002274115798  0.001086092392  0.002173398382  0.001086092392  0.001200866660  0.000000000000  0.000000000000  0.001086092392  0.001086092392  0.001085702327  
piranga_ludoviciana_sdsu2648 0.000000000000  0.000000000000  0.001425045865  0.001425045865  0.001425045865  0.002855258106  0.000000000000  0.004285176690  0.000000000000  0.000000000000  0.000000000000  0.000000000000  0.000000000000  0.002579106468  0.000000000000  0.004028515344  0.000000000000  0.000000000000  0.000000000000  0.001425045865  0.002855258106  0.000000000000  0.001425045865  0.000000000000  0.000000000000  0.000000000000  0.000000000000  0.000000000000  0.000000000000  0.000000000000  
piranga_roseogularis_ku2049 0.002851187650  0.002851187650  0.001423017997  0.002848120586  0.001423017997  0.002851187650  0.001695686489  0.002896611152  0.003088985239  0.001423017997  0.000000000000  0.000000000000  0.002851187650  0.002223549569  0.001423017997  0.004053006959  0.001477690337  0.002851187650  0.001572990567  0.001423017997  0.001423017997  0.002851187650  0.002848120586  0.000000000000  0.002851187650  0.000000000000  0.000000000000  0.001423017997  0.002851187650  0.002848120586  
piranga_hepatica_ku4970 0.002175183168  0.001084914074  0.002172820021  0.003264101696  0.002175183168  0.004362426420  0.001328494334  0.004410687197  0.001153759251  0.001086092392  0.000000000000  0.002851187650  0.000000000000  0.002218616353  0.001086092392  0.004028515344  0.000000000000  0.002175183168  0.001553442142  0.003267288931  0.003416108675  0.000000000000  0.003264101696  0.002175183168  0.002405399977  0.000000000000  0.000000000000  0.002175183168  0.002175183168  0.002173398382  
piranga_hepatica_ku9084 0.002223549569  0.002218616353  0.002218616353  0.002223549569  0.002223549569  0.004459703065  0.004459703065  0.004459703065  0.002223549569  0.002223549569  0.002579106468  0.002223549569  0.002218616353  0.000000000000  0.002223549569  0.008470171698  0.002218616353  0.002223549569  0.002223549569  0.002223549569  0.002223549569  0.002223549569  0.002223549569  0.002223549569  0.002223549569  0.002819037097  0.002501680981  0.002223549569  0.002223549569  0.002223549569  
piranga_rubra_sdsu2654 0.001086092392  0.002175183168  0.001086092392  0.002173398382  0.001086092392  0.003267288931  0.001328494334  0.004410687197  0.001153759251  0.000000000000  0.000000000000  0.001423017997  0.001086092392  0.002223549569  0.000000000000  0.004028515344  0.000000000000  0.001086092392  0.001553442142  0.002175183168  0.002274115798  0.001086092392  0.002173398382  0.001086092392  0.001200866660  0.000000000000  0.000000000000  0.001086092392  0.001086092392  0.001085702327  
piranga_flava_lsu15408 0.004028515344  0.004028515344  0.004028515344  0.004028515344  0.004028515344  0.004028515344  0.004028515344  0.004028515344  0.004028515344  0.004028515344  0.004028515344  0.004053006959  0.004028515344  0.008470171698  0.004028515344  0.000000000000  0.004028515344  0.004028515344  0.004028515344  0.004028515344  0.004028515344  0.004028515344  0.004028515344  0.004028515344  0.004028515344  0.000000000000  0.004028515344  0.004028515344  0.004028515344  0.004028515344  
piranga_lutea_lsu5400 0.001117653151  0.001116405396  0.001116405396  0.001117653151  0.001117653151  0.003362503845  0.001328494334  0.004484867905  0.001153759251  0.000000000000  0.000000000000  0.001477690337  0.000000000000  0.002218616353  0.000000000000  0.004028515344  0.000000000000  0.001117653151  0.001553442142  0.002238481734  0.002343394966  0.000000000000  0.001117653151  0.001117653151  0.000000000000  0.000000000000  0.000000000000  0.001117653151  0.001117653151  0.000000000000  
piranga_olivacea_ku4672 0.002175183168  0.003267288931  0.002175183168  0.003264101696  0.002175183168  0.004362426420  0.001328494334  0.005520848685  0.000000000000  0.001086092392  0.000000000000  0.002851187650  0.002175183168  0.002223549569  0.001086092392  0.004028515344  0.001117653151  0.000000000000  0.003113025588  0.003267288931  0.003416108675  0.002175183168  0.003264101696  0.002175183168  0.002405399977  0.000000000000  0.000000000000  0.002175183168  0.000000000000  0.002173398382  
piranga_ludoviciana_sdsu2208 0.001553442142  0.001553442142  0.001553442142  0.001553442142  0.001553442142  0.003113025588  0.001672991502  0.003113025588  0.003113025588  0.001553442142  0.000000000000  0.001572990567  0.001553442142  0.002223549569  0.001553442142  0.004028515344  0.001553442142  0.003113025588  0.000000000000  0.001553442142  0.001553442142  0.001553442142  0.001553442142  0.001553442142  0.001553442142  0.000000000000  0.000000000000  0.001553442142  0.003113025588  0.001553442142  
piranga_bidentata_itm160 0.003267288931  0.004362426420  0.003267288931  0.004357828942  0.003267288931  0.005460612513  0.002661477579  0.006634143119  0.003471450333  0.002175183168  0.001425045865  0.001423017997  0.003267288931  0.002223549569  0.002175183168  0.004028515344  0.002238481734  0.003267288931  0.001553442142  0.000000000000  0.003416108675  0.003267288931  0.004357828942  0.003267288931  0.002405399977  0.000000000000  0.000000000000  0.001086092392  0.003267288931  0.003264101696  
piranga_leucoptera_fmnh481795 0.003416108675  0.003416108675  0.003416108675  0.002272164917  0.001135419232  0.003416108675  0.003998980175  0.004614207275  0.003639929255  0.002274115798  0.002855258106  0.001423017997  0.003416108675  0.002223549569  0.002274115798  0.004028515344  0.002343394966  0.003416108675  0.001553442142  0.003416108675  0.000000000000  0.003416108675  0.002272164917  0.003416108675  0.002405399977  0.000000000000  0.000000000000  0.002274115798  0.003416108675  0.003412624380  
piranga_lutea_ku89864 0.002175183168  0.001086092392  0.002175183168  0.003264101696  0.002175183168  0.004362426420  0.001328494334  0.004410687197  0.001153759251  0.001086092392  0.000000000000  0.002851187650  0.000000000000  0.002223549569  0.001086092392  0.004028515344  0.000000000000  0.002175183168  0.001553442142  0.003267288931  0.003416108675  0.000000000000  0.003264101696  0.002175183168  0.002405399977  0.000000000000  0.000000000000  0.002175183168  0.002175183168  0.002173398382  
piranga_rubriceps_lsu34818 0.003264101696  0.004357828942  0.003264101696  0.000000000000  0.001085702327  0.003264101696  0.002661477579  0.004408038557  0.002310902725  0.002173398382  0.001425045865  0.002848120586  0.003264101696  0.002223549569  0.002173398382  0.004028515344  0.001117653151  0.003264101696  0.001553442142  0.004357828942  0.002272164917  0.003264101696  0.000000000000  0.003264101696  0.002403217271  0.000000000000  0.000000000000  0.003264101696  0.003264101696  0.003262922902  
piranga_roseogularis_ku2141 0.002175183168  0.003267288931  0.002175183168  0.003264101696  0.002175183168  0.004362426420  0.001328494334  0.005520848685  0.002310902725  0.001086092392  0.000000000000  0.000000000000  0.002175183168  0.002223549569  0.001086092392  0.004028515344  0.001117653151  0.002175183168  0.001553442142  0.003267288931  0.003416108675  0.002175183168  0.003264101696  0.000000000000  0.002405399977  0.000000000000  0.000000000000  0.002175183168  0.002175183168  0.002173398382  
piranga_erythrocephala_fmnh343371 0.002405399977  0.002405399977  0.002405399977  0.002403217271  0.001200866660  0.003613622410  0.001389406406  0.003662146001  0.001284139036  0.001200866660  0.000000000000  0.002851187650  0.002405399977  0.002223549569  0.001200866660  0.004028515344  0.000000000000  0.002405399977  0.001553442142  0.002405399977  0.002405399977  0.002405399977  0.002403217271  0.002405399977  0.000000000000  0.000000000000  0.000000000000  0.001200866660  0.002405399977  0.002403217271  
piranga_erythrocephala_fmnh343370 0.000000000000  0.000000000000  0.000000000000  0.000000000000  0.000000000000  0.000000000000  0.000000000000  0.000000000000  0.000000000000  0.000000000000  0.000000000000  0.000000000000  0.000000000000  0.002819037097  0.000000000000  0.000000000000  0.000000000000  0.000000000000  0.000000000000  0.000000000000  0.000000000000  0.000000000000  0.000000000000  0.000000000000  0.000000000000  0.000000000000  0.000000000000  0.000000000000  0.000000000000  0.000000000000  
piranga_ludoviciana_sdsu2650 0.000000000000  0.000000000000  0.001582950444  0.000000000000  0.000000000000  0.001582950444  0.000000000000  0.001582950444  0.000000000000  0.000000000000  0.000000000000  0.000000000000  0.000000000000  0.002501680981  0.000000000000  0.004028515344  0.000000000000  0.000000000000  0.000000000000  0.000000000000  0.000000000000  0.000000000000  0.000000000000  0.000000000000  0.000000000000  0.000000000000  0.000000000000  0.000000000000  0.000000000000  0.000000000000  
piranga_bidentata_tepe59 0.002175183168  0.003267288931  0.002175183168  0.003264101696  0.002175183168  0.004362426420  0.001328494334  0.005520848685  0.002310902725  0.001086092392  0.000000000000  0.001423017997  0.002175183168  0.002223549569  0.001086092392  0.004028515344  0.001117653151  0.002175183168  0.001553442142  0.001086092392  0.002274115798  0.002175183168  0.003264101696  0.002175183168  0.001200866660  0.000000000000  0.000000000000  0.000000000000  0.002175183168  0.002173398382  
piranga_rubra_sdsu2635 0.002175183168  0.003267288931  0.002175183168  0.003264101696  0.002175183168  0.004362426420  0.001328494334  0.005520848685  0.000000000000  0.001086092392  0.000000000000  0.002851187650  0.002175183168  0.002223549569  0.001086092392  0.004028515344  0.001117653151  0.000000000000  0.003113025588  0.003267288931  0.003416108675  0.002175183168  0.003264101696  0.002175183168  0.002405399977  0.000000000000  0.000000000000  0.002175183168  0.000000000000  0.002173398382  
piranga_bidentata_itm141 0.002173398382  0.003264101696  0.002173398382  0.003262922902  0.002173398382  0.004357828942  0.001328494334  0.004410687197  0.001153759251  0.001085702327  0.000000000000  0.002848120586  0.002173398382  0.002223549569  0.001085702327  0.004028515344  0.000000000000  0.002173398382  0.001553442142  0.003264101696  0.003412624380  0.002173398382  0.003262922902  0.002173398382  0.002403217271  0.000000000000  0.000000000000  0.002173398382  0.002173398382  0.000000000000  

