30
cardinalis_cardinalis_ku21828 0.000000000000  0.003511511937  0.021891419514  0.019820375613  0.018273485384  0.018273485384  0.017769938866  0.016220877298  0.018295101024  0.018295101024  0.024543379861  0.023505633944  0.023494808807  0.023494808807  0.026108733187  0.026108733187  0.027150462339  0.023494808807  0.023494808807  0.023494808807  0.020363337901  0.019332504320  0.019332504320  0.019332504320  0.022971416789  0.020372248634  0.022961359490  0.024008097045  0.020883773983  0.020883773983  
cardinalis_cardinalis_ku25393 0.003511511937  0.000000000000  0.022404403515  0.020332148581  0.018784322369  0.018784322369  0.018280246883  0.016730385261  0.018805547477  0.018805547477  0.025057217985  0.024018796045  0.024008097045  0.024008097045  0.026623526031  0.026623526031  0.027665935927  0.024008097045  0.024008097045  0.024008097045  0.020874991386  0.019843489004  0.019843489004  0.019843489004  0.023484431022  0.020883773983  0.023474500931  0.024521786449  0.021395698387  0.021395698387  
piranga_erythrocephala_fmnh343371 0.021891419514  0.022404403515  0.000000000000  0.002003392155  0.012626525779  0.012626525779  0.012123627423  0.010591599649  0.012640551469  0.012640551469  0.018821917447  0.017793272091  0.017785051825  0.017785051825  0.020372248634  0.020372248634  0.021404798578  0.017785051825  0.017785051825  0.017785051825  0.014688381831  0.013666495979  0.013666495979  0.013666495979  0.017267492700  0.014694730020  0.017260028228  0.018295101024  0.015203050355  0.015203050355  
piranga_erythrocephala_fmnh343370 0.019820375613  0.020332148581  0.002003392155  0.000000000000  0.010588146087  0.010588146087  0.010085640294  0.008559466280  0.010599818031  0.010599818031  0.016758107731  0.015732673806  0.015725263834  0.015725263834  0.018303192970  0.018303192970  0.019332504320  0.015725263834  0.015725263834  0.015725263834  0.012640551469  0.011621824929  0.011621824929  0.011621824929  0.015209708813  0.012646103798  0.015203050355  0.016234115294  0.013153238170  0.013153238170  
piranga_leucoptera_fmnh481795 0.018273485384  0.018784322369  0.012626525779  0.010588146087  0.000000000000  0.001001086749  0.004517661221  0.003007134235  0.009074897240  0.009074897240  0.015216807446  0.014193721332  0.014186804210  0.014186804210  0.016758107731  0.016758107731  0.017785051825  0.014186804210  0.014186804210  0.014186804210  0.011110538114  0.010094122694  0.010094122694  0.010094122694  0.013672664761  0.011115607756  0.013666495979  0.014694730020  0.011621824929  0.011621824929  
piranga_leucoptera_lsu7783 0.018273485384  0.018784322369  0.012626525779  0.010588146087  0.001001086749  0.000000000000  0.004517661221  0.003007134235  0.009074897240  0.009074897240  0.015216807446  0.014193721332  0.014186804210  0.014186804210  0.016758107731  0.016758107731  0.017785051825  0.014186804210  0.014186804210  0.014186804210  0.011110538114  0.010094122694  0.010094122694  0.010094122694  0.013672664761  0.011115607756  0.013666495979  0.014694730020  0.011621824929  0.011621824929  
piranga_rubriceps_lsu265 0.017769938866  0.018280246883  0.012123627423  0.010085640294  0.004517661221  0.004517661221  0.000000000000  0.001502446960  0.008574530014  0.008574530014  0.014716412012  0.013693801983  0.013686318107  0.013686318107  0.016257280976  0.016257280976  0.017283747387  0.013686318107  0.013686318107  0.013686318107  0.010609782416  0.009593844251  0.009593844251  0.009593844251  0.013172133475  0.010615418488  0.013165396932  0.014193721332  0.011121113914  0.011121113914  
piranga_rubriceps_lsu34818 0.016220877298  0.016730385261  0.010591599649  0.008559466280  0.003007134235  0.003007134235  0.001502446960  0.000000000000  0.007049774355  0.007049774355  0.013172133475  0.012152039336  0.012145482447  0.012145482447  0.014708745455  0.014708745455  0.015732673806  0.012145482447  0.012145482447  0.012145482447  0.009079183892  0.008065717276  0.008065717276  0.008065717276  0.011633013503  0.009083905257  0.011627200774  0.012652094095  0.009588818658  0.009588818658  
piranga_roseogularis_ku2049 0.018295101024  0.018805547477  0.012640551469  0.010599818031  0.009074897240  0.009074897240  0.008574530014  0.007049774355  0.000000000000  0.000000000000  0.008065717276  0.007053718433  0.007049774355  0.007049774355  0.009588818658  0.009588818658  0.010604582148  0.007049774355  0.007049774355  0.007049774355  0.004015317487  0.003009809193  0.003009809193  0.003009809193  0.006542641702  0.004017463976  0.006539431436  0.007553653095  0.004519674519  0.004519674519  
piranga_roseogularis_ku2141 0.018295101024  0.018805547477  0.012640551469  0.010599818031  0.009074897240  0.009074897240  0.008574530014  0.007049774355  0.000000000000  0.000000000000  0.008065717276  0.007053718433  0.007049774355  0.007049774355  0.009588818658  0.009588818658  0.010604582148  0.007049774355  0.007049774355  0.007049774355  0.004015317487  0.003009809193  0.003009809193  0.003009809193  0.006542641702  0.004017463976  0.006539431436  0.007553653095  0.004519674519  0.004519674519  
piranga_olivacea_ku2699 0.024543379861  0.025057217985  0.018821917447  0.016758107731  0.015216807446  0.015216807446  0.014716412012  0.013172133475  0.008065717276  0.008065717276  0.000000000000  0.001000714397  0.008061602352  0.008061602352  0.010604582148  0.010604582148  0.011621824929  0.008061602352  0.008061602352  0.008061602352  0.006033156577  0.005024584241  0.005024584241  0.005024584241  0.008570112205  0.006036066614  0.008566128746  0.009584228141  0.006539431436  0.006539431436  
piranga_olivacea_ku4672 0.023505633944  0.024018796045  0.017793272091  0.015732673806  0.014193721332  0.014193721332  0.013693801983  0.012152039336  0.007053718433  0.007053718433  0.001000714397  0.000000000000  0.007049774355  0.007049774355  0.009588818658  0.009588818658  0.010604582148  0.007049774355  0.007049774355  0.007049774355  0.005024584241  0.004017463976  0.004017463976  0.004017463976  0.007557465802  0.005027327298  0.007553653095  0.008570112205  0.005530047868  0.005530047868  
piranga_ludoviciana_sdsu2648 0.023494808807  0.024008097045  0.017785051825  0.015725263834  0.014186804210  0.014186804210  0.013686318107  0.012145482447  0.007049774355  0.007049774355  0.008061602352  0.007049774355  0.000000000000  0.000000000000  0.002505550470  0.002505550470  0.003510093200  0.000000000000  0.000000000000  0.000000000000  0.005022272686  0.004015317487  0.004015317487  0.004015317487  0.007553653095  0.005024584241  0.007550274020  0.008566128746  0.005527437400  0.005527437400  
piranga_bidentata_itm141 0.023494808807  0.024008097045  0.017785051825  0.015725263834  0.014186804210  0.014186804210  0.013686318107  0.012145482447  0.007049774355  0.007049774355  0.008061602352  0.007049774355  0.000000000000  0.000000000000  0.002505550470  0.002505550470  0.003510093200  0.000000000000  0.000000000000  0.000000000000  0.005022272686  0.004015317487  0.004015317487  0.004015317487  0.007553653095  0.005024584241  0.007550274020  0.008566128746  0.005527437400  0.005527437400  
piranga_ludoviciana_sdsu2208 0.026108733187  0.026623526031  0.020372248634  0.018303192970  0.016758107731  0.016758107731  0.016257280976  0.014708745455  0.009588818658  0.009588818658  0.010604582148  0.009588818658  0.002505550470  0.002505550470  0.000000000000  0.000000000000  0.001000714397  0.002505550470  0.002505550470  0.002505550470  0.007550274020  0.006539431436  0.006539431436  0.006539431436  0.010094122694  0.007553653095  0.010089663426  0.011110538114  0.008057921418  0.008057921418  
piranga_ludoviciana_sdsu2650 0.026108733187  0.026623526031  0.020372248634  0.018303192970  0.016758107731  0.016758107731  0.016257280976  0.014708745455  0.009588818658  0.009588818658  0.010604582148  0.009588818658  0.002505550470  0.002505550470  0.000000000000  0.000000000000  0.001000714397  0.002505550470  0.002505550470  0.002505550470  0.007550274020  0.006539431436  0.006539431436  0.006539431436  0.010094122694  0.007553653095  0.010089663426  0.011110538114  0.008057921418  0.008057921418  
piranga_ludoviciana_sdsu2385 0.027150462339  0.027665935927  0.021404798578  0.019332504320  0.017785051825  0.017785051825  0.017283747387  0.015732673806  0.010604582148  0.010604582148  0.011621824929  0.010604582148  0.003510093200  0.003510093200  0.001000714397  0.001000714397  0.000000000000  0.003510093200  0.003510093200  0.003510093200  0.008562579987  0.007550274020  0.007550274020  0.007550274020  0.011110538114  0.008566128746  0.011105905338  0.012128434606  0.009071045648  0.009071045648  
piranga_bidentata_tepe59 0.023494808807  0.024008097045  0.017785051825  0.015725263834  0.014186804210  0.014186804210  0.013686318107  0.012145482447  0.007049774355  0.007049774355  0.008061602352  0.007049774355  0.000000000000  0.000000000000  0.002505550470  0.002505550470  0.003510093200  0.000000000000  0.000000000000  0.000000000000  0.005022272686  0.004015317487  0.004015317487  0.004015317487  0.007553653095  0.005024584241  0.007550274020  0.008566128746  0.005527437400  0.005527437400  
piranga_bidentata_hgoslp104 0.023494808807  0.024008097045  0.017785051825  0.015725263834  0.014186804210  0.014186804210  0.013686318107  0.012145482447  0.007049774355  0.007049774355  0.008061602352  0.007049774355  0.000000000000  0.000000000000  0.002505550470  0.002505550470  0.003510093200  0.000000000000  0.000000000000  0.000000000000  0.005022272686  0.004015317487  0.004015317487  0.004015317487  0.007553653095  0.005024584241  0.007550274020  0.008566128746  0.005527437400  0.005527437400  
piranga_bidentata_itm160 0.023494808807  0.024008097045  0.017785051825  0.015725263834  0.014186804210  0.014186804210  0.013686318107  0.012145482447  0.007049774355  0.007049774355  0.008061602352  0.007049774355  0.000000000000  0.000000000000  0.002505550470  0.002505550470  0.003510093200  0.000000000000  0.000000000000  0.000000000000  0.005022272686  0.004015317487  0.004015317487  0.004015317487  0.007553653095  0.005024584241  0.007550274020  0.008566128746  0.005527437400  0.005527437400  
piranga_lutea_ku89864 0.020363337901  0.020874991386  0.014688381831  0.012640551469  0.011110538114  0.011110538114  0.010609782416  0.009079183892  0.004015317487  0.004015317487  0.006033156577  0.005024584241  0.005022272686  0.005022272686  0.007550274020  0.007550274020  0.008562579987  0.005022272686  0.005022272686  0.005022272686  0.000000000000  0.001000714397  0.001000714397  0.001000714397  0.004517661221  0.002003392155  0.004516079423  0.005525259137  0.002504723700  0.002504723700  
piranga_hepatica_ku9084 0.019332504320  0.019843489004  0.013666495979  0.011621824929  0.010094122694  0.010094122694  0.009593844251  0.008065717276  0.003009809193  0.003009809193  0.005024584241  0.004017463976  0.004015317487  0.004015317487  0.006539431436  0.006539431436  0.007550274020  0.004015317487  0.004015317487  0.004015317487  0.001000714397  0.000000000000  0.000000000000  0.000000000000  0.003511511937  0.001001086749  0.003510093200  0.004517661221  0.001501780527  0.001501780527  
piranga_lutea_lsu5400 0.019332504320  0.019843489004  0.013666495979  0.011621824929  0.010094122694  0.010094122694  0.009593844251  0.008065717276  0.003009809193  0.003009809193  0.005024584241  0.004017463976  0.004015317487  0.004015317487  0.006539431436  0.006539431436  0.007550274020  0.004015317487  0.004015317487  0.004015317487  0.001000714397  0.000000000000  0.000000000000  0.000000000000  0.003511511937  0.001001086749  0.003510093200  0.004517661221  0.001501780527  0.001501780527  
piranga_hepatica_ku4970 0.019332504320  0.019843489004  0.013666495979  0.011621824929  0.010094122694  0.010094122694  0.009593844251  0.008065717276  0.003009809193  0.003009809193  0.005024584241  0.004017463976  0.004015317487  0.004015317487  0.006539431436  0.006539431436  0.007550274020  0.004015317487  0.004015317487  0.004015317487  0.001000714397  0.000000000000  0.000000000000  0.000000000000  0.003511511937  0.001001086749  0.003510093200  0.004517661221  0.001501780527  0.001501780527  
piranga_flava_ku90809 0.022971416789  0.023484431022  0.017267492700  0.015209708813  0.013672664761  0.013672664761  0.013172133475  0.011633013503  0.006542641702  0.006542641702  0.008570112205  0.007557465802  0.007553653095  0.007553653095  0.010094122694  0.010094122694  0.011110538114  0.007553653095  0.007553653095  0.007553653095  0.004517661221  0.003511511937  0.003511511937  0.003511511937  0.000000000000  0.002505550470  0.007043185319  0.008057921418  0.005022272686  0.005022272686  
piranga_flava_lsu15408 0.020372248634  0.020883773983  0.014694730020  0.012646103798  0.011115607756  0.011115607756  0.010615418488  0.009083905257  0.004017463976  0.004017463976  0.006036066614  0.005027327298  0.005024584241  0.005024584241  0.007553653095  0.007553653095  0.008566128746  0.005024584241  0.005024584241  0.005024584241  0.002003392155  0.001001086749  0.001001086749  0.001001086749  0.002505550470  0.000000000000  0.004517661221  0.005527437400  0.002505550470  0.002505550470  
piranga_rubra_sdsu2654 0.022961359490  0.023474500931  0.017260028228  0.015203050355  0.013666495979  0.013666495979  0.013165396932  0.011627200774  0.006539431436  0.006539431436  0.008566128746  0.007553653095  0.007550274020  0.007550274020  0.010089663426  0.010089663426  0.011105905338  0.007550274020  0.007550274020  0.007550274020  0.004516079423  0.003510093200  0.003510093200  0.003510093200  0.007043185319  0.004517661221  0.000000000000  0.005022272686  0.002003392155  0.002003392155  
piranga_rubra_sdsu2635 0.024008097045  0.024521786449  0.018295101024  0.016234115294  0.014694730020  0.014694730020  0.014193721332  0.012652094095  0.007553653095  0.007553653095  0.009584228141  0.008570112205  0.008566128746  0.008566128746  0.011110538114  0.011110538114  0.012128434606  0.008566128746  0.008566128746  0.008566128746  0.005525259137  0.004517661221  0.004517661221  0.004517661221  0.008057921418  0.005527437400  0.005022272686  0.000000000000  0.003008256665  0.003008256665  
piranga_rubra_ku7046 0.020883773983  0.021395698387  0.015203050355  0.013153238170  0.011621824929  0.011621824929  0.011121113914  0.009588818658  0.004519674519  0.004519674519  0.006539431436  0.005530047868  0.005527437400  0.005527437400  0.008057921418  0.008057921418  0.009071045648  0.005527437400  0.005527437400  0.005527437400  0.002504723700  0.001501780527  0.001501780527  0.001501780527  0.005022272686  0.002505550470  0.002003392155  0.003008256665  0.000000000000  0.000000000000  
piranga_rubra_ku26592 0.020883773983  0.021395698387  0.015203050355  0.013153238170  0.011621824929  0.011621824929  0.011121113914  0.009588818658  0.004519674519  0.004519674519  0.006539431436  0.005530047868  0.005527437400  0.005527437400  0.008057921418  0.008057921418  0.009071045648  0.005527437400  0.005527437400  0.005527437400  0.002504723700  0.001501780527  0.001501780527  0.001501780527  0.005022272686  0.002505550470  0.002003392155  0.003008256665  0.000000000000  0.000000000000  

