30
piranga_rubra_ku26592 0.000000000000  0.005276938336  0.009253164233  0.011454557601  0.013283467330  0.019515488452  0.007452574668  0.019515488452  0.000000000000  0.007110173519  0.004236042268  0.005953630441  0.003156187558  0.003251057250  0.002021062710  0.003981349832  0.002055106895  0.006082647834  0.008249841276  0.007110173519  0.013279176302  0.005061626459  0.012356469634  0.006079928949  0.016420212762  0.013400926709  0.005516774055  0.007110173519  0.003031791550  0.005261245960  
piranga_flava_ku90809 0.005276938336  0.000000000000  0.007918733822  0.014161657579  0.014933249073  0.019281768451  0.010034138640  0.019281768451  0.005276938336  0.008480858577  0.005657219015  0.008476537377  0.002106198054  0.003254269790  0.007405269392  0.001324872628  0.002144592092  0.007405269392  0.009441787759  0.008480858577  0.014928720318  0.004219126655  0.013978906164  0.007401054364  0.017123216060  0.014915280409  0.008302247561  0.008480858577  0.007398658398  0.009471839208  
piranga_ludoviciana_sdsu2385 0.009253164233  0.007918733822  0.000000000000  0.017611745586  0.020064917452  0.025552285422  0.009852271322  0.025552285422  0.009253164233  0.002626126941  0.003074192386  0.010997774472  0.007918733822  0.007796393404  0.010591917249  0.007463968902  0.008100484830  0.009253164233  0.001310977590  0.002626126941  0.018693192889  0.010580519922  0.017329973468  0.010591917249  0.017353109603  0.018339143427  0.001524879690  0.002626126941  0.011911062146  0.002908762875  
piranga_rubriceps_lsu265 0.011454557601  0.014161657579  0.017611745586  0.000000000000  0.006219540908  0.015684724474  0.015171411133  0.015684724474  0.011454557601  0.014644940329  0.012821837249  0.010896744820  0.011939464412  0.011631729046  0.013570294072  0.012168751456  0.011514512346  0.014632237876  0.014592182746  0.014644940329  0.006219402445  0.013560611915  0.001029029241  0.010408457602  0.012546936420  0.007408144324  0.013913196570  0.014644940329  0.014612142016  0.010758678607  
piranga_leucoptera_lsu7783 0.013283467330  0.014933249073  0.020064917452  0.006219540908  0.000000000000  0.016396102471  0.016123104711  0.016396102471  0.013283467330  0.016420212762  0.014276418967  0.010783560668  0.012755148760  0.011473331932  0.015363399689  0.013404603897  0.011411731485  0.015363399689  0.017865912993  0.016420212762  0.002019617065  0.014313337000  0.005113049865  0.011220855087  0.013302780809  0.008906117222  0.015335290149  0.016420212762  0.016386611230  0.008810363127  
cardinalis_cardinalis_ku25393 0.019515488452  0.019281768451  0.025552285422  0.015684724474  0.016396102471  0.000000000000  0.022694863259  0.002021062710  0.019515488452  0.022691261749  0.020072326956  0.016845214261  0.017078733004  0.016436697925  0.021619894651  0.018840324292  0.018795139298  0.021619894651  0.022738257304  0.022691261749  0.016390494871  0.020555427978  0.015490336523  0.017430729983  0.019554933094  0.014908955195  0.020999196415  0.022691261749  0.022651080260  0.015926983366  
piranga_olivacea_ku2699 0.007452574668  0.010034138640  0.009852271322  0.015171411133  0.016123104711  0.022694863259  0.000000000000  0.022694863259  0.007452574668  0.006385009789  0.007083299661  0.011983735144  0.007775429217  0.009813469479  0.009605742061  0.010693669667  0.007452574668  0.002119590918  0.007465489824  0.006385009789  0.016118651822  0.009598899030  0.014069688408  0.010678407036  0.020545200043  0.019491922044  0.008302247561  0.006385009789  0.010672118703  0.001748895868  
cardinalis_cardinalis_ku21828 0.019515488452  0.019281768451  0.025552285422  0.015684724474  0.016396102471  0.002021062710  0.022694863259  0.000000000000  0.019515488452  0.022691261749  0.020072326956  0.016845214261  0.017078733004  0.016436697925  0.021619894651  0.018840324292  0.018795139298  0.021619894651  0.022738257304  0.022691261749  0.016390494871  0.020555427978  0.015490336523  0.017430729983  0.019554933094  0.014908955195  0.020999196415  0.022691261749  0.022651080260  0.014131260640  
piranga_rubra_ku7046 0.000000000000  0.005276938336  0.009253164233  0.011454557601  0.013283467330  0.019515488452  0.007452574668  0.019515488452  0.000000000000  0.007110173519  0.004236042268  0.005953630441  0.003156187558  0.003251057250  0.002021062710  0.003981349832  0.002055106895  0.006082647834  0.008249841276  0.007110173519  0.013279176302  0.005061626459  0.012356469634  0.006079928949  0.016420212762  0.013400926709  0.005516774055  0.007110173519  0.003031791550  0.005261245960  
piranga_bidentata_hgoslp104 0.007110173519  0.008480858577  0.002626126941  0.014644940329  0.016420212762  0.022691261749  0.006385009789  0.022691261749  0.007110173519  0.000000000000  0.000000000000  0.009568121605  0.006337797556  0.004884342517  0.009164083303  0.006658794912  0.006193858497  0.007110173519  0.001169878509  0.000000000000  0.016417956893  0.008129136100  0.014463366963  0.009156192952  0.017483812086  0.014931218211  0.001374023642  0.000000000000  0.010178416020  0.000000000000  
piranga_ludoviciana_sdsu2648 0.004236042268  0.005657219015  0.003074192386  0.012821837249  0.014276418967  0.020072326956  0.007083299661  0.020072326956  0.004236042268  0.000000000000  0.000000000000  0.008615650014  0.004236042268  0.003488660436  0.005657219015  0.005657219015  0.004236042268  0.005657219015  0.001408868408  0.000000000000  0.014270616876  0.007076977962  0.011378118597  0.008505723641  0.015747005865  0.015250031574  0.001408868408  0.000000000000  0.007073913018  0.000000000000  
piranga_roseogularis_ku2049 0.005953630441  0.008476537377  0.010997774472  0.010896744820  0.010783560668  0.016845214261  0.011983735144  0.016845214261  0.005953630441  0.009568121605  0.008615650014  0.000000000000  0.006032646644  0.006518153217  0.008355124719  0.008335070046  0.005953630441  0.009561125121  0.010987423267  0.009568121605  0.010779279989  0.008352067445  0.009672238789  0.000000000000  0.015678610790  0.010777635436  0.009869354681  0.009568121605  0.009554112961  0.007392917390  
piranga_hepatica_ku4970 0.003156187558  0.002106198054  0.007918733822  0.011939464412  0.012755148760  0.017078733004  0.007775429217  0.017078733004  0.003156187558  0.006337797556  0.004236042268  0.006032646644  0.000000000000  0.000000000000  0.005271374943  0.001324872628  0.000000000000  0.005271374943  0.007061322565  0.006337797556  0.012750368512  0.002102415612  0.011785945563  0.005269678297  0.014928720318  0.013400926709  0.005516774055  0.006337797556  0.005269790942  0.005647518855  
piranga_hepatica_ku9084 0.003251057250  0.003254269790  0.007796393404  0.011631729046  0.011473331932  0.016436697925  0.009813469479  0.016436697925  0.003251057250  0.004884342517  0.003488660436  0.006518153217  0.000000000000  0.000000000000  0.006519238258  0.001675633069  0.000000000000  0.006519238258  0.006610918418  0.004884342517  0.011460331918  0.001623131953  0.009952768242  0.006518153217  0.011479126183  0.011431947601  0.005117643616  0.004884342517  0.006521412301  0.004511766075  
piranga_rubra_sdsu2654 0.002021062710  0.007405269392  0.010591917249  0.013570294072  0.015363399689  0.021619894651  0.009605742061  0.021619894651  0.002021062710  0.009164083303  0.005657219015  0.008355124719  0.005271374943  0.006519238258  0.000000000000  0.005315120763  0.004117042522  0.008129136100  0.010637181843  0.009164083303  0.015359350180  0.007100746647  0.014450978693  0.008124092011  0.018518410113  0.014915280409  0.006907164116  0.009164083303  0.005063191330  0.008804645808  
piranga_flava_lsu15408 0.003981349832  0.001324872628  0.007463968902  0.012168751456  0.013404603897  0.018840324292  0.010693669667  0.018840324292  0.003981349832  0.006658794912  0.005657219015  0.008335070046  0.001324872628  0.001675633069  0.005315120763  0.000000000000  0.001324872628  0.007995645659  0.008003236875  0.006658794912  0.013396581824  0.003982960890  0.010800326997  0.007990937875  0.014778944164  0.014915280409  0.006907164116  0.006658794912  0.006650682494  0.007088759971  
piranga_lutea_lsu5400 0.002055106895  0.002144592092  0.008100484830  0.011514512346  0.011411731485  0.018795139298  0.007452574668  0.018795139298  0.002055106895  0.006193858497  0.004236042268  0.005953630441  0.000000000000  0.000000000000  0.004117042522  0.001324872628  0.000000000000  0.005151880927  0.007205486580  0.006193858497  0.011407041498  0.002054892928  0.010455109851  0.005150260573  0.015647787794  0.013400926709  0.005516774055  0.006193858497  0.005150368145  0.005261245960  
piranga_olivacea_ku4672 0.006082647834  0.007405269392  0.009253164233  0.014632237876  0.015363399689  0.021619894651  0.002119590918  0.021619894651  0.006082647834  0.007110173519  0.005657219015  0.009561125121  0.005271374943  0.006519238258  0.008129136100  0.007995645659  0.005151880927  0.000000000000  0.008249841276  0.007110173519  0.015359350180  0.007100746647  0.014450978693  0.008124092011  0.018518410113  0.017960736733  0.006907164116  0.007110173519  0.009145441534  0.003505223964  
piranga_ludoviciana_sdsu2208 0.008249841276  0.009441787759  0.001310977590  0.014592182746  0.017865912993  0.022738257304  0.007465489824  0.022738257304  0.008249841276  0.001169878509  0.001408868408  0.010987423267  0.007061322565  0.006610918418  0.010637181843  0.008003236875  0.007205486580  0.008249841276  0.000000000000  0.001169878509  0.017862725929  0.009432736329  0.014382294059  0.010626544019  0.015454914103  0.016453713609  0.000000000000  0.001169878509  0.010618162724  0.000000000000  
piranga_bidentata_itm160 0.007110173519  0.008480858577  0.002626126941  0.014644940329  0.016420212762  0.022691261749  0.006385009789  0.022691261749  0.007110173519  0.000000000000  0.000000000000  0.009568121605  0.006337797556  0.004884342517  0.009164083303  0.006658794912  0.006193858497  0.007110173519  0.001169878509  0.000000000000  0.016417956893  0.008129136100  0.014463366963  0.009156192952  0.017483812086  0.014931218211  0.001374023642  0.000000000000  0.010178416020  0.000000000000  
piranga_leucoptera_fmnh481795 0.013279176302  0.014928720318  0.018693192889  0.006219402445  0.002019617065  0.016390494871  0.016118651822  0.016390494871  0.013279176302  0.016417956893  0.014270616876  0.010779279989  0.012750368512  0.011460331918  0.015359350180  0.013396581824  0.011407041498  0.015359350180  0.017862725929  0.016417956893  0.000000000000  0.014307487223  0.005112796186  0.011217995524  0.013317107673  0.007408144324  0.015329995439  0.016417956893  0.016379316001  0.008804645808  
piranga_lutea_ku89864 0.005061626459  0.004219126655  0.010580519922  0.013560611915  0.014313337000  0.020555427978  0.009598899030  0.020555427978  0.005061626459  0.008129136100  0.007076977962  0.008352067445  0.002102415612  0.001623131953  0.007100746647  0.003982960890  0.002054892928  0.007100746647  0.009432736329  0.008129136100  0.014307487223  0.000000000000  0.013392954476  0.007098542030  0.017453852620  0.016420320883  0.008294076950  0.008129136100  0.008119038135  0.007022865564  
piranga_rubriceps_lsu34818 0.012356469634  0.013978906164  0.017329973468  0.001029029241  0.005113049865  0.015490336523  0.014069688408  0.015490336523  0.012356469634  0.014463366963  0.011378118597  0.009672238789  0.011785945563  0.009952768242  0.014450978693  0.010800326997  0.010455109851  0.014450978693  0.014382294059  0.014463366963  0.005112796186  0.013392954476  0.000000000000  0.010280052316  0.012391449893  0.005915854107  0.012501238080  0.014463366963  0.015480177648  0.008946436978  
piranga_roseogularis_ku2141 0.006079928949  0.007401054364  0.010591917249  0.010408457602  0.011220855087  0.017430729983  0.010678407036  0.017430729983  0.006079928949  0.009156192952  0.008505723641  0.000000000000  0.005269678297  0.006518153217  0.008124092011  0.007990937875  0.005150260573  0.008124092011  0.010626544019  0.009156192952  0.011217995524  0.007098542030  0.010280052316  0.000000000000  0.014344799128  0.010409010323  0.009691710730  0.009156192952  0.009142589157  0.007029148383  
piranga_erythrocephala_fmnh343371 0.016420212762  0.017123216060  0.017353109603  0.012546936420  0.013302780809  0.019554933094  0.020545200043  0.019554933094  0.016420212762  0.017483812086  0.015747005865  0.015678610790  0.014928720318  0.011479126183  0.018518410113  0.014778944164  0.015647787794  0.018518410113  0.015454914103  0.017483812086  0.013317107673  0.017453852620  0.012391449893  0.014344799128  0.000000000000  0.001473210840  0.016775088481  0.017483812086  0.019540064164  0.014202539424  
piranga_erythrocephala_fmnh343370 0.013400926709  0.014915280409  0.018339143427  0.007408144324  0.008906117222  0.014908955195  0.019491922044  0.014908955195  0.013400926709  0.014931218211  0.015250031574  0.010777635436  0.013400926709  0.011431947601  0.014915280409  0.014915280409  0.013400926709  0.017960736733  0.016453713609  0.014931218211  0.007408144324  0.016420320883  0.005915854107  0.010409010323  0.001473210840  0.000000000000  0.016703594793  0.014931218211  0.016409079703  0.005613486769  
piranga_ludoviciana_sdsu2650 0.005516774055  0.008302247561  0.001524879690  0.013913196570  0.015335290149  0.020999196415  0.008302247561  0.020999196415  0.005516774055  0.001374023642  0.001408868408  0.009869354681  0.005516774055  0.005117643616  0.006907164116  0.006907164116  0.005516774055  0.006907164116  0.000000000000  0.001374023642  0.015329995439  0.008294076950  0.012501238080  0.009691710730  0.016775088481  0.016703594793  0.000000000000  0.001374023642  0.008289009535  0.000000000000  
piranga_bidentata_tepe59 0.007110173519  0.008480858577  0.002626126941  0.014644940329  0.016420212762  0.022691261749  0.006385009789  0.022691261749  0.007110173519  0.000000000000  0.000000000000  0.009568121605  0.006337797556  0.004884342517  0.009164083303  0.006658794912  0.006193858497  0.007110173519  0.001169878509  0.000000000000  0.016417956893  0.008129136100  0.014463366963  0.009156192952  0.017483812086  0.014931218211  0.001374023642  0.000000000000  0.010178416020  0.000000000000  
piranga_rubra_sdsu2635 0.003031791550  0.007398658398  0.011911062146  0.014612142016  0.016386611230  0.022651080260  0.010672118703  0.022651080260  0.003031791550  0.010178416020  0.007073913018  0.009554112961  0.005269790942  0.006521412301  0.005063191330  0.006650682494  0.005150368145  0.009145441534  0.010618162724  0.010178416020  0.016379316001  0.008119038135  0.015480177648  0.009142589157  0.019540064164  0.016409079703  0.008289009535  0.010178416020  0.000000000000  0.007029148383  
piranga_bidentata_itm141 0.005261245960  0.009471839208  0.002908762875  0.010758678607  0.008810363127  0.015926983366  0.001748895868  0.014131260640  0.005261245960  0.000000000000  0.000000000000  0.007392917390  0.005647518855  0.004511766075  0.008804645808  0.007088759971  0.005261245960  0.003505223964  0.000000000000  0.000000000000  0.008804645808  0.007022865564  0.008946436978  0.007029148383  0.014202539424  0.005613486769  0.000000000000  0.000000000000  0.007029148383  0.000000000000  

