30
cardinalis_cardinalis_ku21828 0.000000000000  0.000000000000  0.014159888492  0.014159888492  0.019308584184  0.017246763735  0.016210075866  0.016210075866  0.017246763735  0.016221511914  0.016215580612  0.019826967830  0.018280184438  0.012632145989  0.017253280996  0.015706464392  0.014668348718  0.013656728316  0.013139548887  0.012120680232  0.012120680232  0.016710270034  0.018256044195  0.017224970827  0.018784220036  0.020831094842  0.016714784088  0.016200347613  0.015690825641  0.014164655451  
cardinalis_cardinalis_ku25393 0.000000000000  0.000000000000  0.014159888492  0.014159888492  0.019308584184  0.017246763735  0.016210075866  0.016210075866  0.017246763735  0.016221511914  0.016215580612  0.019826967830  0.018280184438  0.012632145989  0.017253280996  0.015706464392  0.014668348718  0.013656728316  0.013139548887  0.012120680232  0.012120680232  0.016710270034  0.018256044195  0.017224970827  0.018784220036  0.020831094842  0.016714784088  0.016200347613  0.015690825641  0.014164655451  
piranga_roseogularis_ku2049 0.014159888492  0.014159888492  0.000000000000  0.000000000000  0.010083604666  0.008053379022  0.007037618093  0.007037618093  0.008053379022  0.007042096228  0.007039647574  0.010593168523  0.009069272873  0.004517223385  0.008056393963  0.006535756292  0.006531842324  0.004517223385  0.004012100238  0.003006994042  0.003006994042  0.007539516411  0.009059146615  0.008045521239  0.009571558433  0.011597308939  0.007540567588  0.007034818224  0.006530514022  0.005019958480  
piranga_roseogularis_ku2141 0.014159888492  0.014159888492  0.000000000000  0.000000000000  0.010083604666  0.008053379022  0.007037618093  0.007037618093  0.008053379022  0.007042096228  0.007039647574  0.010593168523  0.009069272873  0.004517223385  0.008056393963  0.006535756292  0.006531842324  0.004517223385  0.004012100238  0.003006994042  0.003006994042  0.007539516411  0.009059146615  0.008045521239  0.009571558433  0.011597308939  0.007540567588  0.007034818224  0.006530514022  0.005019958480  
piranga_leucoptera_fmnh481795 0.019308584184  0.019308584184  0.010083604666  0.010083604666  0.000000000000  0.003006370362  0.008053379022  0.008053379022  0.013149198161  0.012130021598  0.012125139534  0.015712529500  0.014175463521  0.009581902500  0.013154658112  0.011618528835  0.011609763171  0.009581902500  0.009069272873  0.008056393963  0.008056393963  0.012620445587  0.014155546771  0.013131596389  0.014678037359  0.016200347613  0.012623921590  0.012113031475  0.011606014386  0.010087338374  
piranga_leucoptera_lsu7783 0.017246763735  0.017246763735  0.008053379022  0.008053379022  0.003006370362  0.000000000000  0.006029954115  0.006029954115  0.011107584827  0.010091493162  0.010087338374  0.013662054405  0.012130021598  0.007552125663  0.011112313207  0.009581902500  0.009574585435  0.007552125663  0.007042096228  0.006032257037  0.006032257037  0.010583641222  0.012113031475  0.011092892461  0.012632145989  0.014151630684  0.010586394542  0.010077402056  0.009571558433  0.008056393963  
piranga_rubriceps_lsu265 0.016210075866  0.016210075866  0.007037618093  0.007037618093  0.008053379022  0.006029954115  0.000000000000  0.000000000000  0.010083604666  0.009069272873  0.009066109666  0.012632145989  0.011103278172  0.006535756292  0.010087338374  0.008561055071  0.008555717847  0.006535756292  0.006028069344  0.005019958480  0.005019958480  0.009565008276  0.011090276619  0.010072888481  0.011606014386  0.013125343821  0.009566769458  0.009059146615  0.008553680401  0.007039647574  
piranga_rubriceps_lsu34818 0.016210075866  0.016210075866  0.007037618093  0.007037618093  0.008053379022  0.006029954115  0.000000000000  0.000000000000  0.010083604666  0.009069272873  0.009066109666  0.012632145989  0.011103278172  0.006535756292  0.010087338374  0.008561055071  0.008555717847  0.006535756292  0.006028069344  0.005019958480  0.005019958480  0.009565008276  0.011090276619  0.010072888481  0.011606014386  0.013125343821  0.009566769458  0.009059146615  0.008553680401  0.007039647574  
piranga_rubra_ku7046 0.017246763735  0.017246763735  0.008053379022  0.008053379022  0.013149198161  0.011107584827  0.010083604666  0.010083604666  0.000000000000  0.004014878872  0.004013281298  0.012636893599  0.011107584827  0.007552125663  0.011112313207  0.009581902500  0.008558176202  0.007552125663  0.007042096228  0.006032257037  0.006032257037  0.010583641222  0.012113031475  0.011092892461  0.012632145989  0.014664143142  0.010586394542  0.010077402056  0.009571558433  0.008056393963  
piranga_rubra_sdsu2635 0.016221511914  0.016221511914  0.007042096228  0.007042096228  0.012130021598  0.010091493162  0.009069272873  0.009069272873  0.004014878872  0.000000000000  0.001000706448  0.012642064296  0.011112313207  0.006541344125  0.010096068643  0.008568072785  0.007546243573  0.006541344125  0.006032257037  0.005023857220  0.005023857220  0.009568952976  0.011095931597  0.010077402056  0.011613934785  0.013643296389  0.009571558433  0.009063367292  0.008558176202  0.007044963663  
piranga_rubra_sdsu2654 0.016215580612  0.016215580612  0.007039647574  0.007039647574  0.012125139534  0.010087338374  0.009066109666  0.009066109666  0.004013281298  0.001000706448  0.000000000000  0.012636893599  0.011107584827  0.006538341170  0.010091493162  0.008564354062  0.007543931565  0.006538341170  0.006029954115  0.005021699282  0.005021699282  0.009566769458  0.011092892461  0.010074933941  0.011609763171  0.013639669169  0.009568952976  0.009061046143  0.008555717847  0.007042096228  
piranga_erythrocephala_fmnh343371 0.019826967830  0.019826967830  0.010593168523  0.010593168523  0.015712529500  0.013662054405  0.012632145989  0.012632145989  0.012636893599  0.012642064296  0.012636893599  0.000000000000  0.001501745616  0.010091493162  0.013667804234  0.012130021598  0.012120680232  0.010091493162  0.009578033587  0.008564354062  0.008564354062  0.013131596389  0.014668348718  0.013643296389  0.015191973273  0.017229776848  0.013135360344  0.012623921590  0.012116644081  0.010597188397  
piranga_erythrocephala_fmnh343370 0.018280184438  0.018280184438  0.009069272873  0.009069272873  0.014175463521  0.012130021598  0.011103278172  0.011103278172  0.011107584827  0.011112313207  0.011107584827  0.001501745616  0.000000000000  0.008568072785  0.012135326036  0.010601629674  0.010593168523  0.008568072785  0.008056393963  0.007044963663  0.007044963663  0.011602688822  0.013135360344  0.012113031475  0.013656728316  0.015690825641  0.011606014386  0.011095931597  0.010589570440  0.009072856521  
piranga_flava_ku90809 0.012632145989  0.012632145989  0.004517223385  0.004517223385  0.009581902500  0.007552125663  0.006535756292  0.006535756292  0.007552125663  0.006541344125  0.006538341170  0.010091493162  0.008568072785  0.000000000000  0.005529149134  0.004014878872  0.005019958480  0.003009488695  0.002505408086  0.001502367178  0.001502367178  0.006025555831  0.007542039438  0.006530514022  0.008053379022  0.010074933941  0.006026603118  0.005521899337  0.005018635204  0.003511190171  
piranga_flava_lsu15408 0.017253280996  0.017253280996  0.008056393963  0.008056393963  0.013154658112  0.011112313207  0.010087338374  0.010087338374  0.011112313207  0.010096068643  0.010091493162  0.013667804234  0.012135326036  0.005529149134  0.000000000000  0.004521394737  0.008561055071  0.006541344125  0.006032257037  0.005023857220  0.005023857220  0.009568952976  0.011095931597  0.010077402056  0.011613934785  0.013643296389  0.009571558433  0.009063367292  0.008558176202  0.007044963663  
piranga_lutea_ku89864 0.015706464392  0.015706464392  0.006535756292  0.006535756292  0.011618528835  0.009581902500  0.008561055071  0.008561055071  0.009581902500  0.008568072785  0.008564354062  0.012130021598  0.010601629674  0.004014878872  0.004521394737  0.000000000000  0.007039647574  0.005023857220  0.004517223385  0.003511190171  0.003511190171  0.008046854598  0.009568952976  0.008553680401  0.010083604666  0.012109842807  0.008048608946  0.007542039438  0.007037618093  0.005526710121  
piranga_hepatica_ku4970 0.014668348718  0.014668348718  0.006531842324  0.006531842324  0.011609763171  0.009574585435  0.008555717847  0.008555717847  0.008558176202  0.007546243573  0.007543931565  0.012120680232  0.010593168523  0.005019958480  0.008561055071  0.007039647574  0.000000000000  0.005019958480  0.004514719331  0.003508969816  0.003508969816  0.008044609267  0.009565008276  0.008550869819  0.010077402056  0.012104738874  0.008045521239  0.007539516411  0.007034818224  0.005523084831  
piranga_hepatica_ku9084 0.013656728316  0.013656728316  0.004517223385  0.004517223385  0.009581902500  0.007552125663  0.006535756292  0.006535756292  0.007552125663  0.006541344125  0.006538341170  0.010091493162  0.008568072785  0.003009488695  0.006541344125  0.005023857220  0.005019958480  0.000000000000  0.001501745616  0.001502367178  0.001502367178  0.006025555831  0.007542039438  0.006530514022  0.008053379022  0.010074933941  0.006026603118  0.005521899337  0.005018635204  0.003511190171  
piranga_olivacea_ku2699 0.013139548887  0.013139548887  0.004012100238  0.004012100238  0.009069272873  0.007042096228  0.006028069344  0.006028069344  0.007042096228  0.006032257037  0.006029954115  0.009578033587  0.008056393963  0.002505408086  0.006032257037  0.004517223385  0.004514719331  0.001501745616  0.000000000000  0.001000706448  0.001000706448  0.005520784630  0.007034818224  0.006024927881  0.007543931565  0.009565008276  0.005521132472  0.005017242810  0.004514093522  0.003006994042  
piranga_lutea_lsu5400 0.012120680232  0.012120680232  0.003006994042  0.003006994042  0.008056393963  0.006032257037  0.005019958480  0.005019958480  0.006032257037  0.005023857220  0.005021699282  0.008564354062  0.007044963663  0.001502367178  0.005023857220  0.003511190171  0.003508969816  0.001502367178  0.001000706448  0.000000000000  0.000000000000  0.004513885719  0.006025555831  0.005017242810  0.006533589879  0.008552064258  0.004514093522  0.004010989230  0.003508484338  0.002003312457  
piranga_olivacea_ku4672 0.012120680232  0.012120680232  0.003006994042  0.003006994042  0.008056393963  0.006032257037  0.005019958480  0.005019958480  0.006032257037  0.005023857220  0.005021699282  0.008564354062  0.007044963663  0.001502367178  0.005023857220  0.003511190171  0.003508969816  0.001502367178  0.001000706448  0.000000000000  0.000000000000  0.004513885719  0.006025555831  0.005017242810  0.006533589879  0.008552064258  0.004514093522  0.004010989230  0.003508484338  0.002003312457  
piranga_ludoviciana_sdsu2385 0.016710270034  0.016710270034  0.007539516411  0.007539516411  0.012620445587  0.010583641222  0.009565008276  0.009565008276  0.010583641222  0.009568952976  0.009566769458  0.013131596389  0.011602688822  0.006025555831  0.009568952976  0.008046854598  0.008044609267  0.006025555831  0.005520784630  0.004513885719  0.004513885719  0.000000000000  0.001502367178  0.000500262651  0.004013281298  0.006025555831  0.002002759883  0.001501746629  0.001000775832  0.006529605368  
piranga_ludoviciana_sdsu2648 0.018256044195  0.018256044195  0.009059146615  0.009059146615  0.014155546771  0.012113031475  0.011090276619  0.011090276619  0.012113031475  0.011095931597  0.011092892461  0.014668348718  0.013135360344  0.007542039438  0.011095931597  0.009568952976  0.009565008276  0.007542039438  0.007034818224  0.006025555831  0.006025555831  0.001502367178  0.000000000000  0.002004211273  0.005526710121  0.007542039438  0.003508969816  0.003006370362  0.002504646627  0.008046854598  
piranga_ludoviciana_sdsu2208 0.017224970827  0.017224970827  0.008045521239  0.008045521239  0.013131596389  0.011092892461  0.010072888481  0.010072888481  0.011092892461  0.010077402056  0.010074933941  0.013643296389  0.012113031475  0.006530514022  0.010077402056  0.008553680401  0.008550869819  0.006530514022  0.006024927881  0.005017242810  0.005017242810  0.000500262651  0.002004211273  0.000000000000  0.004517223385  0.006530514022  0.002504300757  0.002002759883  0.001501538635  0.007034818224  
piranga_bidentata_tepe59 0.018784220036  0.018784220036  0.009571558433  0.009571558433  0.014678037359  0.012632145989  0.011606014386  0.011606014386  0.012632145989  0.011613934785  0.011609763171  0.015191973273  0.013656728316  0.008053379022  0.011613934785  0.010083604666  0.010077402056  0.008053379022  0.007543931565  0.006533589879  0.006533589879  0.004013281298  0.005526710121  0.004517223385  0.000000000000  0.008053379022  0.004014878872  0.003511190171  0.003009488695  0.008558176202  
piranga_bidentata_itm141 0.020831094842  0.020831094842  0.011597308939  0.011597308939  0.016200347613  0.014151630684  0.013125343821  0.013125343821  0.014664143142  0.013643296389  0.013639669169  0.017229776848  0.015690825641  0.010074933941  0.013643296389  0.012109842807  0.012104738874  0.010074933941  0.009565008276  0.008552064258  0.008552064258  0.006025555831  0.007542039438  0.006530514022  0.008053379022  0.000000000000  0.004012100238  0.005521899337  0.005018635204  0.010581310876  
piranga_bidentata_itm160 0.016714784088  0.016714784088  0.007540567588  0.007540567588  0.012623921590  0.010586394542  0.009566769458  0.009566769458  0.010586394542  0.009571558433  0.009568952976  0.013135360344  0.011606014386  0.006026603118  0.009571558433  0.008048608946  0.008045521239  0.006026603118  0.005521132472  0.004514093522  0.004514093522  0.002002759883  0.003508969816  0.002504300757  0.004014878872  0.004012100238  0.000000000000  0.001501538635  0.001000706448  0.006530514022  
piranga_bidentata_hgoslp104 0.016200347613  0.016200347613  0.007034818224  0.007034818224  0.012113031475  0.010077402056  0.009059146615  0.009059146615  0.010077402056  0.009063367292  0.009061046143  0.012623921590  0.011095931597  0.005521899337  0.009063367292  0.007542039438  0.007539516411  0.005521899337  0.005017242810  0.004010989230  0.004010989230  0.001501746629  0.003006370362  0.002002759883  0.003511190171  0.005521899337  0.001501538635  0.000000000000  0.000500193846  0.006025555831  
piranga_ludoviciana_sdsu2650 0.015690825641  0.015690825641  0.006530514022  0.006530514022  0.011606014386  0.009571558433  0.008553680401  0.008553680401  0.009571558433  0.008558176202  0.008555717847  0.012116644081  0.010589570440  0.005018635204  0.008558176202  0.007037618093  0.007034818224  0.005018635204  0.004514093522  0.003508484338  0.003508484338  0.001000775832  0.002504646627  0.001501538635  0.003009488695  0.005018635204  0.001000706448  0.000500193846  0.000000000000  0.005521899337  
piranga_rubra_ku26592 0.014164655451  0.014164655451  0.005019958480  0.005019958480  0.010087338374  0.008056393963  0.007039647574  0.007039647574  0.008056393963  0.007044963663  0.007042096228  0.010597188397  0.009072856521  0.003511190171  0.007044963663  0.005526710121  0.005523084831  0.003511190171  0.003006994042  0.002003312457  0.002003312457  0.006529605368  0.008046854598  0.007034818224  0.008558176202  0.010581310876  0.006530514022  0.006025555831  0.005521899337  0.000000000000  

