30
piranga_rubra_ku26592 0.000000000000  0.001256537830  0.002514736955  0.006312830697  0.006312830697  0.012705673561  0.002811707050  0.012705673561  0.001980836464  0.001256537830  0.001506392875  0.001698261807  0.005373867876  0.000000000000  0.001256537830  0.001520132389  0.002806333296  0.005040189150  0.002711225443  0.001275774552  0.002514736955  0.001258118705  0.006312830697  0.002514736955  0.003777047274  0.002119375203  0.001736601511  0.001256537830  0.001256537830  0.001256537830  
piranga_flava_ku90809 0.001256537830  0.000000000000  0.001243621443  0.004992713521  0.004992713521  0.011303835212  0.001388689918  0.011303835212  0.000000000000  0.000000000000  0.000000000000  0.000000000000  0.004024096604  0.000000000000  0.000000000000  0.000000000000  0.001400879063  0.003738140568  0.001353477563  0.000000000000  0.001243621443  0.000000000000  0.004992713521  0.001243621443  0.002489693220  0.000000000000  0.000000000000  0.000000000000  0.000000000000  0.000000000000  
piranga_ludoviciana_sdsu2385 0.002514736955  0.001243621443  0.000000000000  0.006245288792  0.006245288792  0.012567654488  0.002780847138  0.012567654488  0.000000000000  0.001243621443  0.001505790249  0.000000000000  0.005367924412  0.000000000000  0.001243621443  0.001519518719  0.002803823504  0.004989388128  0.002708882946  0.001262461748  0.002490022748  0.001245169964  0.006245288792  0.002490022748  0.003738140568  0.000000000000  0.001735800614  0.001243621443  0.001243621443  0.001243621443  
piranga_rubriceps_lsu265 0.006312830697  0.004992713521  0.006245288792  0.000000000000  0.007518717397  0.016407427384  0.006977369985  0.016407427384  0.001980836464  0.004992713521  0.006049918298  0.001675498300  0.009437254665  0.003324063309  0.004992713521  0.006105324133  0.007041893851  0.008761839862  0.006802381057  0.005068632938  0.003742938381  0.004998953165  0.000000000000  0.006245288792  0.004997854030  0.006389698129  0.006978798537  0.004992713521  0.004992713521  0.004992713521  
piranga_leucoptera_lsu7783 0.006312830697  0.004992713521  0.006245288792  0.007518717397  0.000000000000  0.016407427384  0.006977369985  0.016407427384  0.005970074233  0.004992713521  0.006049918298  0.005046193174  0.009437254665  0.010050224099  0.004992713521  0.006105324133  0.007041893851  0.008761839862  0.006802381057  0.005068632938  0.003742938381  0.004998953165  0.007518717397  0.006245288792  0.004997854030  0.006389698129  0.006978798537  0.004992713521  0.004992713521  0.004992713521  
cardinalis_cardinalis_ku25393 0.012705673561  0.011303835212  0.012567654488  0.016407427384  0.016407427384  0.000000000000  0.012626490237  0.000000000000  0.003970832838  0.011303835212  0.013715716960  0.003357545560  0.016287844580  0.003324063309  0.011303835212  0.013842297654  0.014183510317  0.015112596886  0.013697766670  0.011476820037  0.012567654488  0.011318051183  0.016407427384  0.012567654488  0.013843775786  0.006389698129  0.014052150050  0.011303835212  0.011303835212  0.011303835212  
piranga_olivacea_ku2699 0.002811707050  0.001388689918  0.002780847138  0.006977369985  0.006977369985  0.012626490237  0.000000000000  0.012626490237  0.001979794438  0.001388689918  0.001652611032  0.001674752774  0.006040781614  0.003321128725  0.001388689918  0.001697495885  0.003178076523  0.004176490644  0.001526477257  0.001388689918  0.002780847138  0.001390621061  0.006977369985  0.001388689918  0.004175146013  0.002118182315  0.001735800614  0.001388689918  0.001388689918  0.001388689918  
cardinalis_cardinalis_ku21828 0.012705673561  0.011303835212  0.012567654488  0.016407427384  0.016407427384  0.000000000000  0.012626490237  0.000000000000  0.003970832838  0.011303835212  0.013715716960  0.003357545560  0.016287844580  0.003324063309  0.011303835212  0.013842297654  0.014183510317  0.015112596886  0.013697766670  0.011476820037  0.012567654488  0.011318051183  0.016407427384  0.012567654488  0.013843775786  0.006389698129  0.014052150050  0.011303835212  0.011303835212  0.011303835212  
piranga_rubra_ku7046 0.001980836464  0.000000000000  0.000000000000  0.001980836464  0.005970074233  0.003970832838  0.001979794438  0.003970832838  0.000000000000  0.000000000000  0.000000000000  0.000000000000  0.001980836464  0.000000000000  0.000000000000  0.000000000000  0.002004661951  0.001979794438  0.000000000000  0.000000000000  0.000000000000  0.000000000000  0.001980836464  0.000000000000  0.000000000000  0.000000000000  0.000000000000  0.000000000000  0.000000000000  0.000000000000  
piranga_bidentata_hgoslp104 0.001256537830  0.000000000000  0.001243621443  0.004992713521  0.004992713521  0.011303835212  0.001388689918  0.011303835212  0.000000000000  0.000000000000  0.000000000000  0.000000000000  0.004024096604  0.000000000000  0.000000000000  0.000000000000  0.001400879063  0.003738140568  0.001353477563  0.000000000000  0.001243621443  0.000000000000  0.004992713521  0.001243621443  0.002489693220  0.000000000000  0.000000000000  0.000000000000  0.000000000000  0.000000000000  
piranga_ludoviciana_sdsu2648 0.001506392875  0.000000000000  0.001505790249  0.006049918298  0.006049918298  0.013715716960  0.001652611032  0.013715716960  0.000000000000  0.000000000000  0.000000000000  0.000000000000  0.003018077379  0.000000000000  0.000000000000  0.000000000000  0.001506392875  0.003015174386  0.001506392875  0.000000000000  0.001505790249  0.000000000000  0.006049918298  0.001505790249  0.003015174386  0.000000000000  0.000000000000  0.000000000000  0.000000000000  0.000000000000  
piranga_roseogularis_ku2049 0.001698261807  0.000000000000  0.000000000000  0.001675498300  0.005046193174  0.003357545560  0.001674752774  0.003357545560  0.000000000000  0.000000000000  0.000000000000  0.000000000000  0.003699094084  0.000000000000  0.000000000000  0.000000000000  0.001973019990  0.003354551554  0.000000000000  0.000000000000  0.000000000000  0.000000000000  0.001675498300  0.000000000000  0.000000000000  0.000000000000  0.000000000000  0.000000000000  0.000000000000  0.000000000000  
piranga_hepatica_ku4970 0.005373867876  0.004024096604  0.005367924412  0.009437254665  0.009437254665  0.016287844580  0.006040781614  0.016287844580  0.001980836464  0.004024096604  0.003018077379  0.003699094084  0.000000000000  0.003324063309  0.004024096604  0.003045653548  0.004222327060  0.006720096773  0.005447048132  0.004084361895  0.005367924412  0.004029501679  0.009437254665  0.005367924412  0.006720096773  0.002119375203  0.003480239358  0.004024096604  0.004024096604  0.004024096604  
piranga_hepatica_ku9084 0.000000000000  0.000000000000  0.000000000000  0.003324063309  0.010050224099  0.003324063309  0.003321128725  0.003324063309  0.000000000000  0.000000000000  0.000000000000  0.000000000000  0.003324063309  0.000000000000  0.000000000000  0.000000000000  0.000000000000  0.000000000000  0.000000000000  0.000000000000  0.000000000000  0.000000000000  0.003324063309  0.000000000000  0.000000000000  0.000000000000  0.000000000000  0.000000000000  0.000000000000  0.000000000000  
piranga_rubra_sdsu2654 0.001256537830  0.000000000000  0.001243621443  0.004992713521  0.004992713521  0.011303835212  0.001388689918  0.011303835212  0.000000000000  0.000000000000  0.000000000000  0.000000000000  0.004024096604  0.000000000000  0.000000000000  0.000000000000  0.001400879063  0.003738140568  0.001353477563  0.000000000000  0.001243621443  0.000000000000  0.004992713521  0.001243621443  0.002489693220  0.000000000000  0.000000000000  0.000000000000  0.000000000000  0.000000000000  
piranga_flava_lsu15408 0.001520132389  0.000000000000  0.001519518719  0.006105324133  0.006105324133  0.013842297654  0.001697495885  0.013842297654  0.000000000000  0.000000000000  0.000000000000  0.000000000000  0.003045653548  0.000000000000  0.000000000000  0.000000000000  0.001520132389  0.003042697239  0.001520132389  0.000000000000  0.001519518719  0.000000000000  0.006105324133  0.001519518719  0.003042697239  0.000000000000  0.000000000000  0.000000000000  0.000000000000  0.000000000000  
piranga_lutea_lsu5400 0.002806333296  0.001400879063  0.002803823504  0.007041893851  0.007041893851  0.014183510317  0.003178076523  0.014183510317  0.002004661951  0.001400879063  0.001506392875  0.001973019990  0.004222327060  0.000000000000  0.001400879063  0.001520132389  0.000000000000  0.004211881212  0.002806333296  0.001424831280  0.002803823504  0.001402844280  0.007041893851  0.002803823504  0.004211881212  0.000000000000  0.000000000000  0.001400879063  0.001400879063  0.001400879063  
piranga_olivacea_ku4672 0.005040189150  0.003738140568  0.004989388128  0.008761839862  0.008761839862  0.015112596886  0.004176490644  0.015112596886  0.001979794438  0.003738140568  0.003015174386  0.003354551554  0.006720096773  0.000000000000  0.003738140568  0.003042697239  0.004211881212  0.000000000000  0.004069060405  0.003794883988  0.004989388128  0.003742804293  0.008761839862  0.004989388128  0.006243201159  0.002118182315  0.001735800614  0.003738140568  0.003738140568  0.003738140568  
piranga_ludoviciana_sdsu2208 0.002711225443  0.001353477563  0.002708882946  0.006802381057  0.006802381057  0.013697766670  0.001526477257  0.013697766670  0.000000000000  0.001353477563  0.001506392875  0.000000000000  0.005447048132  0.000000000000  0.001353477563  0.001520132389  0.002806333296  0.004069060405  0.000000000000  0.001375823334  0.002708882946  0.001355311949  0.006802381057  0.002708882946  0.004069060405  0.000000000000  0.000000000000  0.001353477563  0.001353477563  0.001353477563  
piranga_bidentata_itm160 0.001275774552  0.000000000000  0.001262461748  0.005068632938  0.005068632938  0.011476820037  0.001388689918  0.011476820037  0.000000000000  0.000000000000  0.000000000000  0.000000000000  0.004084361895  0.000000000000  0.000000000000  0.000000000000  0.001424831280  0.003794883988  0.001375823334  0.000000000000  0.001262461748  0.000000000000  0.005068632938  0.001262461748  0.002527448713  0.000000000000  0.000000000000  0.000000000000  0.000000000000  0.000000000000  
piranga_leucoptera_fmnh481795 0.002514736955  0.001243621443  0.002490022748  0.003742938381  0.003742938381  0.012567654488  0.002780847138  0.012567654488  0.000000000000  0.001243621443  0.001505790249  0.000000000000  0.005367924412  0.000000000000  0.001243621443  0.001519518719  0.002803823504  0.004989388128  0.002708882946  0.001262461748  0.000000000000  0.001245169964  0.003742938381  0.002490022748  0.001244032431  0.000000000000  0.001735800614  0.001243621443  0.001243621443  0.001243621443  
piranga_lutea_ku89864 0.001258118705  0.000000000000  0.001245169964  0.004998953165  0.004998953165  0.011318051183  0.001390621061  0.011318051183  0.000000000000  0.000000000000  0.000000000000  0.000000000000  0.004029501679  0.000000000000  0.000000000000  0.000000000000  0.001402844280  0.003742804293  0.001355311949  0.000000000000  0.001245169964  0.000000000000  0.004998953165  0.001245169964  0.002492796374  0.000000000000  0.000000000000  0.000000000000  0.000000000000  0.000000000000  
piranga_rubriceps_lsu34818 0.006312830697  0.004992713521  0.006245288792  0.000000000000  0.007518717397  0.016407427384  0.006977369985  0.016407427384  0.001980836464  0.004992713521  0.006049918298  0.001675498300  0.009437254665  0.003324063309  0.004992713521  0.006105324133  0.007041893851  0.008761839862  0.006802381057  0.005068632938  0.003742938381  0.004998953165  0.000000000000  0.006245288792  0.004997854030  0.006389698129  0.006978798537  0.004992713521  0.004992713521  0.004992713521  
piranga_roseogularis_ku2141 0.002514736955  0.001243621443  0.002490022748  0.006245288792  0.006245288792  0.012567654488  0.001388689918  0.012567654488  0.000000000000  0.001243621443  0.001505790249  0.000000000000  0.005367924412  0.000000000000  0.001243621443  0.001519518719  0.002803823504  0.004989388128  0.002708882946  0.001262461748  0.002490022748  0.001245169964  0.006245288792  0.000000000000  0.003738140568  0.000000000000  0.000000000000  0.001243621443  0.001243621443  0.001243621443  
piranga_erythrocephala_fmnh343371 0.003777047274  0.002489693220  0.003738140568  0.004997854030  0.004997854030  0.013843775786  0.004175146013  0.013843775786  0.000000000000  0.002489693220  0.003015174386  0.000000000000  0.006720096773  0.000000000000  0.002489693220  0.003042697239  0.004211881212  0.006243201159  0.004069060405  0.002527448713  0.001244032431  0.002492796374  0.004997854030  0.003738140568  0.000000000000  0.000000000000  0.003476378709  0.002489693220  0.002489693220  0.002489693220  
piranga_erythrocephala_fmnh343370 0.002119375203  0.000000000000  0.000000000000  0.006389698129  0.006389698129  0.006389698129  0.002118182315  0.006389698129  0.000000000000  0.000000000000  0.000000000000  0.000000000000  0.002119375203  0.000000000000  0.000000000000  0.000000000000  0.000000000000  0.002118182315  0.000000000000  0.000000000000  0.000000000000  0.000000000000  0.006389698129  0.000000000000  0.000000000000  0.000000000000  0.000000000000  0.000000000000  0.000000000000  0.000000000000  
piranga_ludoviciana_sdsu2650 0.001736601511  0.000000000000  0.001735800614  0.006978798537  0.006978798537  0.014052150050  0.001735800614  0.014052150050  0.000000000000  0.000000000000  0.000000000000  0.000000000000  0.003480239358  0.000000000000  0.000000000000  0.000000000000  0.000000000000  0.001735800614  0.000000000000  0.000000000000  0.001735800614  0.000000000000  0.006978798537  0.000000000000  0.003476378709  0.000000000000  0.000000000000  0.000000000000  0.000000000000  0.000000000000  
piranga_bidentata_tepe59 0.001256537830  0.000000000000  0.001243621443  0.004992713521  0.004992713521  0.011303835212  0.001388689918  0.011303835212  0.000000000000  0.000000000000  0.000000000000  0.000000000000  0.004024096604  0.000000000000  0.000000000000  0.000000000000  0.001400879063  0.003738140568  0.001353477563  0.000000000000  0.001243621443  0.000000000000  0.004992713521  0.001243621443  0.002489693220  0.000000000000  0.000000000000  0.000000000000  0.000000000000  0.000000000000  
piranga_rubra_sdsu2635 0.001256537830  0.000000000000  0.001243621443  0.004992713521  0.004992713521  0.011303835212  0.001388689918  0.011303835212  0.000000000000  0.000000000000  0.000000000000  0.000000000000  0.004024096604  0.000000000000  0.000000000000  0.000000000000  0.001400879063  0.003738140568  0.001353477563  0.000000000000  0.001243621443  0.000000000000  0.004992713521  0.001243621443  0.002489693220  0.000000000000  0.000000000000  0.000000000000  0.000000000000  0.000000000000  
piranga_bidentata_itm141 0.001256537830  0.000000000000  0.001243621443  0.004992713521  0.004992713521  0.011303835212  0.001388689918  0.011303835212  0.000000000000  0.000000000000  0.000000000000  0.000000000000  0.004024096604  0.000000000000  0.000000000000  0.000000000000  0.001400879063  0.003738140568  0.001353477563  0.000000000000  0.001243621443  0.000000000000  0.004992713521  0.001243621443  0.002489693220  0.000000000000  0.000000000000  0.000000000000  0.000000000000  0.000000000000  

