30
cardinalis_cardinalis_ku21828 0.000000000000  0.004013396272  0.007544225691  0.009063792666  0.008051151277  0.009563730892  0.010576821170  0.012610922824  0.010070079913  0.010070079913  0.007540683399  0.006532010783  0.006532010783  0.006026719115  0.008048879985  0.009569351162  0.006026719115  0.007544225691  0.009061363250  0.007036152770  0.007036152770  0.009059356718  0.008048879985  0.007542243783  0.007542243783  0.006026719115  0.007036152770  0.006026719115  0.006530605774  0.006532010783  
cardinalis_cardinalis_ku25393 0.004013396272  0.000000000000  0.007544225691  0.009063792666  0.008051151277  0.009563730892  0.010576821170  0.012610922824  0.010070079913  0.010070079913  0.007540683399  0.006532010783  0.006532010783  0.006026719115  0.008048879985  0.009569351162  0.006026719115  0.007544225691  0.009061363250  0.007036152770  0.007036152770  0.009059356718  0.008048879985  0.007542243783  0.007542243783  0.006026719115  0.007036152770  0.006026719115  0.006530605774  0.006532010783  
piranga_rubra_ku7046 0.007544225691  0.007544225691  0.000000000000  0.003511310311  0.002506668298  0.004010963846  0.005017092823  0.007034030427  0.004513834655  0.004513834655  0.002002833535  0.001001064654  0.001001064654  0.001502397175  0.003511310311  0.005021910068  0.001502397175  0.003009609191  0.004517382839  0.002505460421  0.002505460421  0.004515867729  0.003511310311  0.003008116461  0.003008116461  0.001502397175  0.002505460421  0.001502397175  0.002003341042  0.002004264675  
piranga_flava_ku90809 0.009063792666  0.009063792666  0.003511310311  0.000000000000  0.004015043123  0.005521139166  0.006529058727  0.008550913235  0.006024904680  0.006024904680  0.003509005565  0.002505460421  0.002505460421  0.003008116461  0.005021910068  0.006536081939  0.003008116461  0.004519316053  0.006030214246  0.004013396272  0.004013396272  0.006028256776  0.004013396272  0.004517382839  0.004517382839  0.003008116461  0.004013396272  0.003008116461  0.003509949211  0.003511310311  
piranga_hepatica_ku4970 0.008051151277  0.008051151277  0.002506668298  0.004015043123  0.000000000000  0.004514093271  0.005520728797  0.007539544906  0.005017217227  0.005017217227  0.002504668990  0.001502397175  0.001502397175  0.002004264675  0.004015043123  0.005526979120  0.002004264675  0.003513088504  0.005021910068  0.003008116461  0.003008116461  0.005020108306  0.004015043123  0.003511310311  0.003511310311  0.002004264675  0.003008116461  0.002004264675  0.002505460421  0.002506668298  
piranga_erythrocephala_fmnh343371 0.009563730892  0.009563730892  0.004010963846  0.005521139166  0.004514093271  0.000000000000  0.001000766220  0.003006381670  0.000500191447  0.000500191447  0.004011435988  0.003006316865  0.003006316865  0.003508372093  0.005521139166  0.007034880817  0.003508372093  0.005017761520  0.006529621633  0.004513834655  0.004513834655  0.006529058727  0.005521139166  0.005017217227  0.005017217227  0.003508372093  0.004513834655  0.003508372093  0.004010990296  0.004010963846  
piranga_leucoptera_lsu7783 0.010576821170  0.010576821170  0.005017092823  0.006529058727  0.005520728797  0.001000766220  0.000000000000  0.003006381670  0.000500191447  0.000500191447  0.005018105162  0.004011435988  0.004011435988  0.004513995604  0.006529058727  0.008044598705  0.004513995604  0.006024904680  0.007538828673  0.005520739011  0.005520739011  0.007538535070  0.006529058727  0.006024628642  0.006024628642  0.004513995604  0.005520739011  0.004513995604  0.005017388677  0.005017092823  
piranga_rubriceps_lsu34818 0.012610922824  0.012610922824  0.007034030427  0.008550913235  0.007539544906  0.003006381670  0.003006381670  0.000000000000  0.002504668990  0.002504668990  0.007033595813  0.006024628642  0.006024628642  0.006529058727  0.008550913235  0.010071395413  0.006529058727  0.008045603332  0.009563730892  0.007538828673  0.007538828673  0.009562705619  0.008550913235  0.008044598705  0.008044598705  0.006529058727  0.007538828673  0.006529058727  0.007033601968  0.007034030427  
piranga_leucoptera_fmnh481795 0.010070079913  0.010070079913  0.004513834655  0.006024904680  0.005017217227  0.000500191447  0.000500191447  0.002504668990  0.000000000000  0.000000000000  0.004514576488  0.003508683001  0.003508683001  0.004010990296  0.006024904680  0.007539544906  0.004010990296  0.005521139166  0.007034030427  0.005017092823  0.005017092823  0.007033601968  0.006024904680  0.005520728797  0.005520728797  0.004010990296  0.005017092823  0.004010990296  0.004513995604  0.004513834655  
piranga_rubriceps_lsu265 0.010070079913  0.010070079913  0.004513834655  0.006024904680  0.005017217227  0.000500191447  0.000500191447  0.002504668990  0.000000000000  0.000000000000  0.004514576488  0.003508683001  0.003508683001  0.004010990296  0.006024904680  0.007539544906  0.004010990296  0.005521139166  0.007034030427  0.005017092823  0.005017092823  0.007033601968  0.006024904680  0.005520728797  0.005520728797  0.004010990296  0.005017092823  0.004010990296  0.004513995604  0.004513834655  
piranga_lutea_lsu5400 0.007540683399  0.007540683399  0.002002833535  0.003509005565  0.002504668990  0.004011435988  0.005018105162  0.007033595813  0.004514576488  0.004514576488  0.000000000000  0.001000766220  0.001000766220  0.001501532991  0.003509005565  0.005018725335  0.001501532991  0.003007040500  0.004514771085  0.002504294369  0.002504294369  0.004514093271  0.003509005565  0.003006381670  0.003006381670  0.001501532991  0.002504294369  0.001501532991  0.002002742516  0.002002833535  
piranga_flava_lsu15408 0.006532010783  0.006532010783  0.001001064654  0.002505460421  0.001502397175  0.003006316865  0.004011435988  0.006024628642  0.003508683001  0.003508683001  0.001000766220  0.000000000000  0.000000000000  0.000500265975  0.002505460421  0.004013396272  0.000500265975  0.002004264675  0.003509949211  0.001501757180  0.001501757180  0.003509005565  0.002505460421  0.002003341042  0.002003341042  0.000500265975  0.001501757180  0.000500265975  0.001000707694  0.001001064654  
piranga_erythrocephala_fmnh343370 0.006532010783  0.006532010783  0.001001064654  0.002505460421  0.001502397175  0.003006316865  0.004011435988  0.006024628642  0.003508683001  0.003508683001  0.001000766220  0.000000000000  0.000000000000  0.000500265975  0.002505460421  0.004013396272  0.000500265975  0.002004264675  0.003509949211  0.001501757180  0.001501757180  0.003509005565  0.002505460421  0.002003341042  0.002003341042  0.000500265975  0.001501757180  0.000500265975  0.001000707694  0.001001064654  
piranga_lutea_ku89864 0.006026719115  0.006026719115  0.001502397175  0.003008116461  0.002004264675  0.003508372093  0.004513995604  0.006529058727  0.004010990296  0.004010990296  0.001501532991  0.000500265975  0.000500265975  0.000000000000  0.002003341042  0.003509949211  0.000000000000  0.001502397175  0.003007040500  0.001000707694  0.001000707694  0.003006381670  0.002003341042  0.001501757180  0.001501757180  0.000000000000  0.001000707694  0.000000000000  0.000500191447  0.000500265975  
piranga_roseogularis_ku2049 0.008048879985  0.008048879985  0.003511310311  0.005021910068  0.004015043123  0.005521139166  0.006529058727  0.008550913235  0.006024904680  0.006024904680  0.003509005565  0.002505460421  0.002505460421  0.002003341042  0.000000000000  0.001501757180  0.002003341042  0.003511310311  0.005020108306  0.003007040500  0.003007040500  0.005018725335  0.004013396272  0.003509949211  0.003509949211  0.002003341042  0.003007040500  0.002003341042  0.002504668990  0.002505460421  
piranga_roseogularis_ku2141 0.009569351162  0.009569351162  0.005021910068  0.006536081939  0.005526979120  0.007034880817  0.008044598705  0.010071395413  0.007539544906  0.007539544906  0.005018725335  0.004013396272  0.004013396272  0.003509949211  0.001501757180  0.000000000000  0.003509949211  0.005021910068  0.006533836292  0.004515867729  0.004515867729  0.006532010783  0.005524890090  0.005020108306  0.005020108306  0.003509949211  0.004515867729  0.003509949211  0.004012167200  0.004013396272  
piranga_rubra_sdsu2635 0.006026719115  0.006026719115  0.001502397175  0.003008116461  0.002004264675  0.003508372093  0.004513995604  0.006529058727  0.004010990296  0.004010990296  0.001501532991  0.000500265975  0.000500265975  0.000000000000  0.002003341042  0.003509949211  0.000000000000  0.001502397175  0.003007040500  0.001000707694  0.001000707694  0.003006381670  0.002003341042  0.001501757180  0.001501757180  0.000000000000  0.001000707694  0.000000000000  0.000500191447  0.000500265975  
piranga_ludoviciana_sdsu2385 0.007544225691  0.007544225691  0.003009609191  0.004519316053  0.003513088504  0.005017761520  0.006024904680  0.008045603332  0.005521139166  0.005521139166  0.003007040500  0.002004264675  0.002004264675  0.001502397175  0.003511310311  0.005021910068  0.001502397175  0.000000000000  0.001501532991  0.002505460421  0.002505460421  0.004515867729  0.003511310311  0.003008116461  0.003008116461  0.001502397175  0.002505460421  0.001502397175  0.002003341042  0.002004264675  
piranga_ludoviciana_sdsu2208 0.009061363250  0.009061363250  0.004517382839  0.006030214246  0.005021910068  0.006529621633  0.007538828673  0.009563730892  0.007034030427  0.007034030427  0.004514771085  0.003509949211  0.003509949211  0.003007040500  0.005020108306  0.006533836292  0.003007040500  0.001501532991  0.000000000000  0.004012167200  0.004012167200  0.006026719115  0.005020108306  0.004515867729  0.004515867729  0.003007040500  0.004012167200  0.003007040500  0.003509005565  0.003509949211  
piranga_ludoviciana_sdsu2650 0.007036152770  0.007036152770  0.002505460421  0.004013396272  0.003008116461  0.004513834655  0.005520739011  0.007538828673  0.005017092823  0.005017092823  0.002504294369  0.001501757180  0.001501757180  0.001000707694  0.003007040500  0.004515867729  0.001000707694  0.002505460421  0.004012167200  0.000000000000  0.000000000000  0.004011356270  0.003007040500  0.002504668990  0.002504668990  0.001000707694  0.002002833535  0.001000707694  0.001501532991  0.001501757180  
piranga_olivacea_ku4672 0.007036152770  0.007036152770  0.002505460421  0.004013396272  0.003008116461  0.004513834655  0.005520739011  0.007538828673  0.005017092823  0.005017092823  0.002504294369  0.001501757180  0.001501757180  0.001000707694  0.003007040500  0.004515867729  0.001000707694  0.002505460421  0.004012167200  0.000000000000  0.000000000000  0.004011356270  0.003007040500  0.002504668990  0.002504668990  0.001000707694  0.002002833535  0.001000707694  0.001501532991  0.001501757180  
piranga_bidentata_tepe59 0.009059356718  0.009059356718  0.004515867729  0.006028256776  0.005020108306  0.006529058727  0.007538535070  0.009562705619  0.007033601968  0.007033601968  0.004514093271  0.003509005565  0.003509005565  0.003006381670  0.005018725335  0.006532010783  0.003006381670  0.004515867729  0.006026719115  0.004011356270  0.004011356270  0.000000000000  0.005018725335  0.004514771085  0.004514771085  0.003006381670  0.004011356270  0.003006381670  0.003508479737  0.003509005565  
piranga_bidentata_hgoslp104 0.008048879985  0.008048879985  0.003511310311  0.004013396272  0.004015043123  0.005521139166  0.006529058727  0.008550913235  0.006024904680  0.006024904680  0.003509005565  0.002505460421  0.002505460421  0.002003341042  0.004013396272  0.005524890090  0.002003341042  0.003511310311  0.005020108306  0.003007040500  0.003007040500  0.005018725335  0.000000000000  0.000500265975  0.000500265975  0.002003341042  0.003007040500  0.002003341042  0.002504668990  0.002505460421  
piranga_bidentata_itm141 0.007542243783  0.007542243783  0.003008116461  0.004517382839  0.003511310311  0.005017217227  0.006024628642  0.008044598705  0.005520728797  0.005520728797  0.003006381670  0.002003341042  0.002003341042  0.001501757180  0.003509949211  0.005020108306  0.001501757180  0.003008116461  0.004515867729  0.002504668990  0.002504668990  0.004514771085  0.000500265975  0.000000000000  0.000000000000  0.001501757180  0.002504668990  0.001501757180  0.002002833535  0.002003341042  
piranga_bidentata_itm160 0.007542243783  0.007542243783  0.003008116461  0.004517382839  0.003511310311  0.005017217227  0.006024628642  0.008044598705  0.005520728797  0.005520728797  0.003006381670  0.002003341042  0.002003341042  0.001501757180  0.003509949211  0.005020108306  0.001501757180  0.003008116461  0.004515867729  0.002504668990  0.002504668990  0.004514771085  0.000500265975  0.000000000000  0.000000000000  0.001501757180  0.002504668990  0.001501757180  0.002002833535  0.002003341042  
piranga_rubra_sdsu2654 0.006026719115  0.006026719115  0.001502397175  0.003008116461  0.002004264675  0.003508372093  0.004513995604  0.006529058727  0.004010990296  0.004010990296  0.001501532991  0.000500265975  0.000500265975  0.000000000000  0.002003341042  0.003509949211  0.000000000000  0.001502397175  0.003007040500  0.001000707694  0.001000707694  0.003006381670  0.002003341042  0.001501757180  0.001501757180  0.000000000000  0.001000707694  0.000000000000  0.000500191447  0.000500265975  
piranga_ludoviciana_sdsu2648 0.007036152770  0.007036152770  0.002505460421  0.004013396272  0.003008116461  0.004513834655  0.005520739011  0.007538828673  0.005017092823  0.005017092823  0.002504294369  0.001501757180  0.001501757180  0.001000707694  0.003007040500  0.004515867729  0.001000707694  0.002505460421  0.004012167200  0.002002833535  0.002002833535  0.004011356270  0.003007040500  0.002504668990  0.002504668990  0.001000707694  0.000000000000  0.001000707694  0.000500265975  0.001501757180  
piranga_hepatica_ku9084 0.006026719115  0.006026719115  0.001502397175  0.003008116461  0.002004264675  0.003508372093  0.004513995604  0.006529058727  0.004010990296  0.004010990296  0.001501532991  0.000500265975  0.000500265975  0.000000000000  0.002003341042  0.003509949211  0.000000000000  0.001502397175  0.003007040500  0.001000707694  0.001000707694  0.003006381670  0.002003341042  0.001501757180  0.001501757180  0.000000000000  0.001000707694  0.000000000000  0.000500191447  0.000500265975  
piranga_olivacea_ku2699 0.006530605774  0.006530605774  0.002003341042  0.003509949211  0.002505460421  0.004010990296  0.005017388677  0.007033601968  0.004513995604  0.004513995604  0.002002742516  0.001000707694  0.001000707694  0.000500191447  0.002504668990  0.004012167200  0.000500191447  0.002003341042  0.003509005565  0.001501532991  0.001501532991  0.003508479737  0.002504668990  0.002002833535  0.002002833535  0.000500191447  0.000500265975  0.000500191447  0.000000000000  0.001000707694  
piranga_rubra_ku26592 0.006532010783  0.006532010783  0.002004264675  0.003511310311  0.002506668298  0.004010963846  0.005017092823  0.007034030427  0.004513834655  0.004513834655  0.002002833535  0.001001064654  0.001001064654  0.000500265975  0.002505460421  0.004013396272  0.000500265975  0.002004264675  0.003509949211  0.001501757180  0.001501757180  0.003509005565  0.002505460421  0.002003341042  0.002003341042  0.000500265975  0.001501757180  0.000500265975  0.001000707694  0.000000000000  

