30
cardinalis_cardinalis_ku21828 0.000000000000  0.000000000000  0.031758233991  0.031758233991  0.028600212012  0.025474173714  0.023911777221  0.023911777221  0.021849684121  0.021849684121  0.016212832435  0.018775615747  0.017238001213  0.019810632337  0.017238001213  0.017238001213  0.016212832435  0.016212832435  0.014157374090  0.016202553643  0.018248869907  0.017222719632  0.021860556217  0.018760212937  0.019793398547  0.018755952186  0.017222719632  0.017737925416  0.019276520050  0.017222719632  
cardinalis_cardinalis_ku25393 0.000000000000  0.000000000000  0.031758233991  0.031758233991  0.028600212012  0.025474173714  0.023911777221  0.023911777221  0.021849684121  0.021849684121  0.016212832435  0.018775615747  0.017238001213  0.019810632337  0.017238001213  0.017238001213  0.016212832435  0.016212832435  0.014157374090  0.016202553643  0.018248869907  0.017222719632  0.021860556217  0.018760212937  0.019793398547  0.018755952186  0.017222719632  0.017737925416  0.019276520050  0.017222719632  
piranga_erythrocephala_fmnh343371 0.031758233991  0.031758233991  0.000000000000  0.000000000000  0.033847564480  0.030695333452  0.029118163213  0.029118163213  0.036492868014  0.036492868014  0.030749166057  0.033365529224  0.031796670961  0.034427856260  0.031796670961  0.031796670961  0.030749166057  0.030749166057  0.028639863203  0.030729431470  0.032815671015  0.031767170324  0.036513361429  0.033335843768  0.034396242013  0.033326849608  0.031767170324  0.032295908498  0.033865741951  0.031767170324  
piranga_erythrocephala_fmnh343370 0.031758233991  0.031758233991  0.000000000000  0.000000000000  0.033847564480  0.030695333452  0.029118163213  0.029118163213  0.036492868014  0.036492868014  0.030749166057  0.033365529224  0.031796670961  0.034427856260  0.031796670961  0.031796670961  0.030749166057  0.030749166057  0.028639863203  0.030729431470  0.032815671015  0.031767170324  0.036513361429  0.033335843768  0.034396242013  0.033326849608  0.031767170324  0.032295908498  0.033865741951  0.031767170324  
piranga_leucoptera_fmnh481795 0.028600212012  0.028600212012  0.033847564480  0.033847564480  0.000000000000  0.005018799199  0.013641068256  0.013641068256  0.033310214987  0.033310214987  0.027588773293  0.030192969323  0.028631041304  0.030192969323  0.028631041304  0.028631041304  0.027588773293  0.027588773293  0.025493663270  0.027572834538  0.029650515220  0.028607249855  0.033326849608  0.030169018057  0.031222242611  0.030161930690  0.028607249855  0.029132420858  0.030695333452  0.028607249855  
piranga_leucoptera_lsu7783 0.025474173714  0.025474173714  0.030695333452  0.030695333452  0.005018799199  0.000000000000  0.010584442810  0.010584442810  0.030161930690  0.030161930690  0.024463584252  0.027056236337  0.025501045974  0.027056236337  0.025501045974  0.025501045974  0.024463584252  0.024463584252  0.022380002527  0.024449622078  0.026518682581  0.025480226772  0.030176553865  0.027035270682  0.028082668707  0.027029172518  0.025480226772  0.026002500392  0.027558676089  0.025480226772  
piranga_rubriceps_lsu265 0.023911777221  0.023911777221  0.029118163213  0.029118163213  0.013641068256  0.010584442810  0.000000000000  0.000000000000  0.028587477506  0.028587477506  0.022900027194  0.025486723414  0.023934925375  0.026532479116  0.023934925375  0.023934925375  0.022900027194  0.022900027194  0.020823393531  0.022887923196  0.024431995542  0.023396952971  0.028075944792  0.024947494948  0.025990216251  0.024942639912  0.023396952971  0.023916900915  0.025468564610  0.023396952971  
piranga_rubriceps_lsu34818 0.023911777221  0.023911777221  0.029118163213  0.029118163213  0.013641068256  0.010584442810  0.000000000000  0.000000000000  0.028587477506  0.028587477506  0.022900027194  0.025486723414  0.023934925375  0.026532479116  0.023934925375  0.023934925375  0.022900027194  0.022900027194  0.020823393531  0.022887923196  0.024431995542  0.023396952971  0.028075944792  0.024947494948  0.025990216251  0.024942639912  0.023396952971  0.023916900915  0.025468564610  0.023396952971  
piranga_roseogularis_ku2049 0.021849684121  0.021849684121  0.036492868014  0.036492868014  0.033310214987  0.030161930690  0.028587477506  0.028587477506  0.000000000000  0.000000000000  0.012110921958  0.014658334465  0.013129474558  0.015684257088  0.013129474558  0.013129474558  0.012110921958  0.012110921958  0.010581945878  0.012615617217  0.014652461337  0.013632104869  0.018240518631  0.015161956417  0.016187204108  0.015159805751  0.013632104869  0.014143362898  0.015674298944  0.013632104869  
piranga_roseogularis_ku2141 0.021849684121  0.021849684121  0.036492868014  0.036492868014  0.033310214987  0.030161930690  0.028587477506  0.028587477506  0.000000000000  0.000000000000  0.012110921958  0.014658334465  0.013129474558  0.015684257088  0.013129474558  0.013129474558  0.012110921958  0.012110921958  0.010581945878  0.012615617217  0.014652461337  0.013632104869  0.018240518631  0.015161956417  0.016187204108  0.015159805751  0.013632104869  0.014143362898  0.015674298944  0.013632104869  
piranga_bidentata_itm141 0.016212832435  0.016212832435  0.030749166057  0.030749166057  0.027588773293  0.024463584252  0.022900027194  0.022900027194  0.012110921958  0.012110921958  0.000000000000  0.002504305326  0.001000709943  0.003509039015  0.001000709943  0.001000709943  0.000000000000  0.000000000000  0.003009676281  0.005022031721  0.007038008593  0.006028383517  0.010587368571  0.007542410971  0.008556305932  0.007540823529  0.006028383517  0.006533995224  0.008049083328  0.006028383517  
piranga_bidentata_tepe59 0.018775615747  0.018775615747  0.033365529224  0.033365529224  0.030192969323  0.027056236337  0.025486723414  0.025486723414  0.014658334465  0.014658334465  0.002504305326  0.000000000000  0.001501536397  0.004011392485  0.001501536397  0.001501536397  0.002504305326  0.002504305326  0.005525013905  0.007544424467  0.009567308980  0.008554132121  0.013129474558  0.010073397461  0.011091048626  0.010071624761  0.008554132121  0.009061612026  0.010581945878  0.008554132121  
piranga_bidentata_itm160 0.017238001213  0.017238001213  0.031796670961  0.031796670961  0.028631041304  0.025501045974  0.023934925375  0.023934925375  0.013129474558  0.013129474558  0.001000709943  0.001501536397  0.000000000000  0.002504687347  0.000000000000  0.000000000000  0.001000709943  0.001000709943  0.004015135164  0.006030370200  0.008049083328  0.007038008593  0.011603796546  0.008554132121  0.009569643934  0.008552385407  0.007038008593  0.007544424467  0.009061612026  0.007038008593  
piranga_ludoviciana_sdsu2650 0.019810632337  0.019810632337  0.034427856260  0.034427856260  0.030192969323  0.027056236337  0.026532479116  0.026532479116  0.015684257088  0.015684257088  0.003509039015  0.004011392485  0.002504687347  0.000000000000  0.002504687347  0.002504687347  0.003509039015  0.003509039015  0.006536273886  0.008558906477  0.010584442810  0.009569643934  0.014153222947  0.011091048626  0.012110921958  0.011088685206  0.009569643934  0.010078229047  0.011600706915  0.009569643934  
piranga_ludoviciana_sdsu2385 0.017238001213  0.017238001213  0.031796670961  0.031796670961  0.028631041304  0.025501045974  0.023934925375  0.023934925375  0.013129474558  0.013129474558  0.001000709943  0.001501536397  0.000000000000  0.002504687347  0.000000000000  0.000000000000  0.001000709943  0.001000709943  0.004015135164  0.006030370200  0.008049083328  0.007038008593  0.011603796546  0.008554132121  0.009569643934  0.008552385407  0.007038008593  0.007544424467  0.009061612026  0.007038008593  
piranga_ludoviciana_sdsu2208 0.017238001213  0.017238001213  0.031796670961  0.031796670961  0.028631041304  0.025501045974  0.023934925375  0.023934925375  0.013129474558  0.013129474558  0.001000709943  0.001501536397  0.000000000000  0.002504687347  0.000000000000  0.000000000000  0.001000709943  0.001000709943  0.004015135164  0.006030370200  0.008049083328  0.007038008593  0.011603796546  0.008554132121  0.009569643934  0.008552385407  0.007038008593  0.007544424467  0.009061612026  0.007038008593  
piranga_ludoviciana_sdsu2648 0.016212832435  0.016212832435  0.030749166057  0.030749166057  0.027588773293  0.024463584252  0.022900027194  0.022900027194  0.012110921958  0.012110921958  0.000000000000  0.002504305326  0.001000709943  0.003509039015  0.001000709943  0.001000709943  0.000000000000  0.000000000000  0.003009676281  0.005022031721  0.007038008593  0.006028383517  0.010587368571  0.007542410971  0.008556305932  0.007540823529  0.006028383517  0.006533995224  0.008049083328  0.006028383517  
piranga_bidentata_hgoslp104 0.016212832435  0.016212832435  0.030749166057  0.030749166057  0.027588773293  0.024463584252  0.022900027194  0.022900027194  0.012110921958  0.012110921958  0.000000000000  0.002504305326  0.001000709943  0.003509039015  0.001000709943  0.001000709943  0.000000000000  0.000000000000  0.003009676281  0.005022031721  0.007038008593  0.006028383517  0.010587368571  0.007542410971  0.008556305932  0.007540823529  0.006028383517  0.006533995224  0.008049083328  0.006028383517  
piranga_olivacea_ku2699 0.014157374090  0.014157374090  0.028639863203  0.028639863203  0.025493663270  0.022380002527  0.020823393531  0.020823393531  0.010581945878  0.010581945878  0.003009676281  0.005525013905  0.004015135164  0.006536273886  0.004015135164  0.004015135164  0.003009676281  0.003009676281  0.000000000000  0.002002842549  0.005017818231  0.004011392485  0.008554132121  0.005521200210  0.006530712228  0.005520777914  0.004011392485  0.004514824229  0.006025683470  0.004011392485  
piranga_olivacea_ku4672 0.016202553643  0.016202553643  0.030729431470  0.030729431470  0.027572834538  0.024449622078  0.022887923196  0.022887923196  0.012615617217  0.012615617217  0.005022031721  0.007544424467  0.006030370200  0.008558906477  0.006030370200  0.006030370200  0.005022031721  0.005022031721  0.002002842549  0.000000000000  0.007034992458  0.006025683470  0.010581945878  0.007539662507  0.008552385407  0.007538928270  0.006025683470  0.006530712228  0.008045749469  0.006025683470  
piranga_flava_ku90809 0.018248869907  0.018248869907  0.032815671015  0.032815671015  0.029650515220  0.026518682581  0.024431995542  0.024431995542  0.014652461337  0.014652461337  0.007038008593  0.009567308980  0.008049083328  0.010584442810  0.008049083328  0.008049083328  0.007038008593  0.007038008593  0.005017818231  0.007034992458  0.000000000000  0.001000709943  0.005523318570  0.002504305326  0.003509039015  0.002504344932  0.001000709943  0.001501765014  0.003006401997  0.001000709943  
piranga_hepatica_ku4970 0.017222719632  0.017222719632  0.031767170324  0.031767170324  0.028607249855  0.025480226772  0.023396952971  0.023396952971  0.013632104869  0.013632104869  0.006028383517  0.008554132121  0.007038008593  0.009569643934  0.007038008593  0.007038008593  0.006028383517  0.006028383517  0.004011392485  0.006025683470  0.001000709943  0.000000000000  0.004515938755  0.001501536397  0.002504687347  0.001501728388  0.000000000000  0.000500267825  0.002002842549  0.000000000000  
piranga_lutea_lsu5400 0.021860556217  0.021860556217  0.036513361429  0.036513361429  0.033326849608  0.030176553865  0.028075944792  0.028075944792  0.018240518631  0.018240518631  0.010587368571  0.013129474558  0.011603796546  0.014153222947  0.011603796546  0.011603796546  0.010587368571  0.010587368571  0.008554132121  0.010581945878  0.005523318570  0.004515938755  0.000000000000  0.006026821153  0.006026821153  0.006025683470  0.004515938755  0.005020203816  0.006532141217  0.004515938755  
piranga_flava_lsu15408 0.018760212937  0.018760212937  0.033335843768  0.033335843768  0.030169018057  0.027035270682  0.024947494948  0.024947494948  0.015161956417  0.015161956417  0.007542410971  0.010073397461  0.008554132121  0.011091048626  0.008554132121  0.008554132121  0.007542410971  0.007542410971  0.005521200210  0.007539662507  0.002504305326  0.001501536397  0.006026821153  0.000000000000  0.004011392485  0.003006328325  0.001501536397  0.002002842549  0.003508502798  0.001501536397  
piranga_lutea_ku89864 0.019793398547  0.019793398547  0.034396242013  0.034396242013  0.031222242611  0.028082668707  0.025990216251  0.025990216251  0.016187204108  0.016187204108  0.008556305932  0.011091048626  0.009569643934  0.012110921958  0.009569643934  0.009569643934  0.008556305932  0.008556305932  0.006530712228  0.008552385407  0.003509039015  0.002504687347  0.006026821153  0.004011392485  0.000000000000  0.004010990407  0.002504687347  0.003007071950  0.004514824229  0.002504687347  
piranga_rubra_sdsu2635 0.018755952186  0.018755952186  0.033326849608  0.033326849608  0.030161930690  0.027029172518  0.024942639912  0.024942639912  0.015159805751  0.015159805751  0.007540823529  0.010071624761  0.008552385407  0.011088685206  0.008552385407  0.008552385407  0.007540823529  0.007540823529  0.005520777914  0.007538928270  0.002504344932  0.001501728388  0.006025683470  0.003006328325  0.004010990407  0.000000000000  0.001501728388  0.002002747842  0.003508389231  0.001501728388  
piranga_hepatica_ku9084 0.017222719632  0.017222719632  0.031767170324  0.031767170324  0.028607249855  0.025480226772  0.023396952971  0.023396952971  0.013632104869  0.013632104869  0.006028383517  0.008554132121  0.007038008593  0.009569643934  0.007038008593  0.007038008593  0.006028383517  0.006028383517  0.004011392485  0.006025683470  0.001000709943  0.000000000000  0.004515938755  0.001501536397  0.002504687347  0.001501728388  0.000000000000  0.000500267825  0.002002842549  0.000000000000  
piranga_rubra_ku7046 0.017737925416  0.017737925416  0.032295908498  0.032295908498  0.029132420858  0.026002500392  0.023916900915  0.023916900915  0.014143362898  0.014143362898  0.006533995224  0.009061612026  0.007544424467  0.010078229047  0.007544424467  0.007544424467  0.006533995224  0.006533995224  0.004514824229  0.006530712228  0.001501765014  0.000500267825  0.005020203816  0.002002842549  0.003007071950  0.002002747842  0.000500267825  0.000000000000  0.001501536397  0.000500267825  
piranga_rubra_sdsu2654 0.019276520050  0.019276520050  0.033865741951  0.033865741951  0.030695333452  0.027558676089  0.025468564610  0.025468564610  0.015674298944  0.015674298944  0.008049083328  0.010581945878  0.009061612026  0.011600706915  0.009061612026  0.009061612026  0.008049083328  0.008049083328  0.006025683470  0.008045749469  0.003006401997  0.002002842549  0.006532141217  0.003508502798  0.004514824229  0.003508389231  0.002002842549  0.001501536397  0.000000000000  0.002002842549  
piranga_rubra_ku26592 0.017222719632  0.017222719632  0.031767170324  0.031767170324  0.028607249855  0.025480226772  0.023396952971  0.023396952971  0.013632104869  0.013632104869  0.006028383517  0.008554132121  0.007038008593  0.009569643934  0.007038008593  0.007038008593  0.006028383517  0.006028383517  0.004011392485  0.006025683470  0.001000709943  0.000000000000  0.004515938755  0.001501536397  0.002504687347  0.001501728388  0.000000000000  0.000500267825  0.002002842549  0.000000000000  

