30
piranga_rubra_ku26592 0.000000000000  0.010146403762  0.008287147708  0.013880159843  0.009211802744  0.012003984051  0.003172774952  0.009211802744  0.004591164519  0.006436564417  0.001949527454  0.009989176498  0.008290184938  0.002177505477  0.003671249230  0.003921711157  0.004591164519  0.004624122650  0.002140222669  0.006439183566  0.009211802744  0.006782330330  0.012007870182  0.007564356495  0.012938376869  0.007666201531  0.001292081380  0.007362468919  0.004591164519  0.006436564417  
piranga_flava_ku90809 0.010146403762  0.000000000000  0.006294428361  0.013580406376  0.009008311821  0.009917695680  0.001056027378  0.007194759546  0.008100668660  0.006298082450  0.003902580106  0.007983360894  0.008103570170  0.001088204249  0.008103570170  0.001912247611  0.008107628651  0.008351730437  0.003212741423  0.006294428361  0.009008311821  0.004841589406  0.011747756565  0.005537655802  0.012656358536  0.007666201531  0.001292081380  0.005393300834  0.009917695680  0.004490242358  
piranga_ludoviciana_sdsu2385 0.008287147708  0.006294428361  0.000000000000  0.010834080975  0.006290577866  0.009008311821  0.001056027378  0.006290577866  0.005388117045  0.003588900473  0.001948401866  0.007979327360  0.009005790076  0.001087924049  0.008098926746  0.000954943972  0.007194759546  0.005553280983  0.001069310780  0.003587562328  0.006290577866  0.004837811991  0.009011994504  0.006460325963  0.009917695680  0.006379863179  0.000000000000  0.002689268663  0.007194759546  0.001791340453  
piranga_rubriceps_lsu265 0.013880159843  0.013580406376  0.010834080975  0.000000000000  0.006298082450  0.012663196091  0.006366120151  0.009922162537  0.009011994504  0.010840496055  0.008822979279  0.013023974453  0.012646185211  0.006556778188  0.013561010588  0.009618801596  0.012650687367  0.010226581095  0.007526136178  0.010834080975  0.006298082450  0.011685007399  0.003591383752  0.011119838872  0.009934572663  0.008956038942  0.002587693177  0.009927789064  0.012650687367  0.009016835504  
piranga_leucoptera_lsu7783 0.009211802744  0.009008311821  0.006290577866  0.006298082450  0.000000000000  0.008100668660  0.002113354012  0.005388117045  0.004487370544  0.006291925963  0.003902354701  0.007975527658  0.009911279414  0.003269600196  0.009004239989  0.004788180620  0.008098347072  0.005552669318  0.003213562335  0.006290577866  0.000000000000  0.006779423725  0.004490242358  0.006458702882  0.007200161819  0.006379863179  0.000000000000  0.005388692867  0.008098347072  0.004487177024  
cardinalis_cardinalis_ku25393 0.012003984051  0.009917695680  0.009008311821  0.012663196091  0.008100668660  0.000000000000  0.003175164009  0.002690984504  0.007194759546  0.009011994504  0.005862569802  0.009993709133  0.009004239989  0.003269596362  0.011730580084  0.005749543220  0.009004431911  0.008348647762  0.003213558658  0.009008311821  0.008100668660  0.008732607048  0.010834080975  0.010180494244  0.011741712290  0.008956038942  0.002587693177  0.008103570170  0.010821812404  0.007196882866  
piranga_olivacea_ku2699 0.003172774952  0.001056027378  0.001056027378  0.006366120151  0.002113354012  0.003175164009  0.000000000000  0.000000000000  0.001055763503  0.001056027378  0.001070455430  0.002137934838  0.002113087773  0.000000000000  0.002113087773  0.000000000000  0.002113087773  0.001055763503  0.001102314873  0.001055763503  0.002113354012  0.003198863570  0.005299280449  0.000000000000  0.006362106365  0.006379863179  0.000000000000  0.001056027378  0.002113087773  0.000000000000  
cardinalis_cardinalis_ku21828 0.009211802744  0.007194759546  0.006290577866  0.009922162537  0.005388117045  0.002690984504  0.000000000000  0.000000000000  0.004487370544  0.006291925963  0.002925277583  0.006975336457  0.008098932308  0.001087924049  0.009004239989  0.003828763183  0.008098347072  0.005552669318  0.001069310780  0.006290577866  0.005388117045  0.005805840822  0.008103570170  0.007386415659  0.009008311821  0.006379863179  0.000000000000  0.005388692867  0.008098347072  0.004487177024  
piranga_rubra_ku7046 0.004591164519  0.008100668660  0.005388117045  0.009011994504  0.004487370544  0.007194759546  0.001055763503  0.004487370544  0.000000000000  0.005388692867  0.000000000000  0.007976715087  0.005388692867  0.001087924049  0.004487177024  0.002869320378  0.003587562328  0.002770640284  0.001069310780  0.003587562328  0.004487370544  0.004835365372  0.007196882866  0.006458904458  0.008100668660  0.006379863179  0.000000000000  0.004487177024  0.003587562328  0.003587371918  
piranga_bidentata_hgoslp104 0.006436564417  0.006298082450  0.003588900473  0.010840496055  0.006291925963  0.009011994504  0.001056027378  0.006291925963  0.005388692867  0.000000000000  0.001948401866  0.007979327360  0.009008311821  0.002177505477  0.006290577866  0.001911164669  0.005388692867  0.003696983695  0.002140222669  0.003588900473  0.006291925963  0.004837811991  0.009016835504  0.005534620192  0.009922162537  0.006379863179  0.000000000000  0.002690984504  0.005388692867  0.001792291761  
piranga_ludoviciana_sdsu2648 0.001949527454  0.003902580106  0.001948401866  0.008822979279  0.003902354701  0.005862569802  0.001070455430  0.002925277583  0.000000000000  0.001948401866  0.000000000000  0.007992654080  0.002925274648  0.001087924049  0.001948401866  0.001975575824  0.001948401866  0.001948628153  0.001069310780  0.000973761816  0.003902354701  0.004882583796  0.006848688466  0.005862569802  0.007830921975  0.006379863179  0.000000000000  0.000973537452  0.001948401866  0.000973537452  
piranga_roseogularis_ku2049 0.009989176498  0.007983360894  0.007979327360  0.013023974453  0.007975527658  0.009993709133  0.002137934838  0.006975336457  0.007976715087  0.007979327360  0.007992654080  0.000000000000  0.008985448566  0.002177505477  0.007979327360  0.006072356026  0.007979327360  0.007976715087  0.004287145014  0.006973678276  0.007975527658  0.008990442071  0.010998619221  0.001985146597  0.014032918585  0.008946338624  0.002585709748  0.006975336457  0.009986072363  0.006975336457  
piranga_hepatica_ku4970 0.008290184938  0.008103570170  0.009005790076  0.012646185211  0.009911279414  0.009004239989  0.002113087773  0.008098932308  0.005388692867  0.009008311821  0.002925274648  0.008985448566  0.000000000000  0.000000000000  0.006294428361  0.001911164669  0.003588900473  0.007414821915  0.002140495803  0.007196882866  0.009911279414  0.005811192016  0.012646185211  0.006462964548  0.013556887879  0.006379863179  0.000000000000  0.008100668660  0.007196882866  0.007194759546  
piranga_hepatica_ku9084 0.002177505477  0.001088204249  0.001087924049  0.006556778188  0.003269600196  0.003269596362  0.000000000000  0.001087924049  0.001087924049  0.002177505477  0.001087924049  0.002177505477  0.000000000000  0.000000000000  0.001088204249  0.000000000000  0.000000000000  0.001087924049  0.002187315263  0.001087924049  0.003269600196  0.003272133617  0.005458233637  0.000000000000  0.007654165397  0.006379863179  0.000000000000  0.001087924049  0.003268750328  0.001087924049  
piranga_rubra_sdsu2654 0.003671249230  0.008103570170  0.008098926746  0.013561010588  0.009004239989  0.011730580084  0.002113087773  0.009004239989  0.004487177024  0.006290577866  0.001948401866  0.007979327360  0.006294428361  0.001088204249  0.000000000000  0.001911164669  0.002689268663  0.004624328208  0.003212741423  0.006291925963  0.009004239989  0.004837811991  0.011733121407  0.005534620192  0.012642854719  0.007666201531  0.001292081380  0.007194759546  0.004487177024  0.006290577866  
piranga_flava_lsu15408 0.003921711157  0.001912247611  0.000954943972  0.009618801596  0.004788180620  0.005749543220  0.000000000000  0.003828763183  0.002869320378  0.001911164669  0.001975575824  0.006072356026  0.001911164669  0.000000000000  0.001911164669  0.000000000000  0.000954943972  0.001973626298  0.002140495803  0.002868666281  0.004788180620  0.002956150455  0.007680555117  0.003829410514  0.008645381273  0.006379863179  0.000000000000  0.000954943972  0.003827669862  0.000954943972  
piranga_lutea_lsu5400 0.004591164519  0.008107628651  0.007194759546  0.012650687367  0.008098347072  0.009004431911  0.002113087773  0.008098347072  0.003587562328  0.005388692867  0.001948401866  0.007979327360  0.003588900473  0.000000000000  0.002689268663  0.000954943972  0.000000000000  0.003696781465  0.002140495803  0.005390421668  0.008098347072  0.004837811991  0.010824736525  0.005534620192  0.011733121407  0.006379863179  0.000000000000  0.006291925963  0.003587562328  0.005388692867  
piranga_olivacea_ku4672 0.004624122650  0.008351730437  0.005553280983  0.010226581095  0.005552669318  0.008348647762  0.001055763503  0.005552669318  0.002770640284  0.003696983695  0.001948628153  0.007976715087  0.007414821915  0.001087924049  0.004624328208  0.001973626298  0.003696781465  0.000000000000  0.002140495803  0.005553280983  0.005552669318  0.004849434726  0.008351730437  0.005706447952  0.009284316285  0.006379863179  0.000000000000  0.004625140342  0.003696781465  0.003696983695  
piranga_ludoviciana_sdsu2208 0.002140222669  0.003212741423  0.001069310780  0.007526136178  0.003213562335  0.003213558658  0.001102314873  0.001069310780  0.001069310780  0.002140222669  0.001069310780  0.004287145014  0.002140495803  0.002187315263  0.003212741423  0.002140495803  0.002140495803  0.002140495803  0.000000000000  0.001069310780  0.003213562335  0.005364534152  0.006444103416  0.002140495803  0.008605949129  0.007658075496  0.001291686353  0.001069310780  0.003212741423  0.001069310780  
piranga_bidentata_itm160 0.006439183566  0.006294428361  0.003587562328  0.010834080975  0.006290577866  0.009008311821  0.001055763503  0.006290577866  0.003587562328  0.003588900473  0.000973761816  0.006973678276  0.007196882866  0.001087924049  0.006291925963  0.002868666281  0.005390421668  0.005553280983  0.001069310780  0.000000000000  0.006290577866  0.005807848572  0.009011994504  0.004607079621  0.009917695680  0.006379863179  0.000000000000  0.002689268663  0.005390421668  0.001791340453  
piranga_leucoptera_fmnh481795 0.009211802744  0.009008311821  0.006290577866  0.006298082450  0.000000000000  0.008100668660  0.002113354012  0.005388117045  0.004487370544  0.006291925963  0.003902354701  0.007975527658  0.009911279414  0.003269600196  0.009004239989  0.004788180620  0.008098347072  0.005552669318  0.003213562335  0.006290577866  0.000000000000  0.006779423725  0.004490242358  0.006458702882  0.007200161819  0.006379863179  0.000000000000  0.005388692867  0.008098347072  0.004487177024  
piranga_lutea_ku89864 0.006782330330  0.004841589406  0.004837811991  0.011685007399  0.006779423725  0.008732607048  0.003198863570  0.005805840822  0.004835365372  0.004837811991  0.004882583796  0.008990442071  0.005811192016  0.003272133617  0.004837811991  0.002956150455  0.004837811991  0.004849434726  0.005364534152  0.005807848572  0.006779423725  0.000000000000  0.009717849529  0.006786574291  0.010693869047  0.010249394502  0.003886854737  0.004837811991  0.006779423725  0.003866426012  
piranga_rubriceps_lsu34818 0.012007870182  0.011747756565  0.009011994504  0.003591383752  0.004490242358  0.010834080975  0.005299280449  0.008103570170  0.007196882866  0.009016835504  0.006848688466  0.010998619221  0.012646185211  0.005458233637  0.011733121407  0.007680555117  0.010824736525  0.008351730437  0.006444103416  0.009011994504  0.004490242358  0.009717849529  0.000000000000  0.009249963732  0.008112841497  0.007666201531  0.001292081380  0.008107628651  0.010824736525  0.007200161819  
piranga_roseogularis_ku2141 0.007564356495  0.005537655802  0.006460325963  0.011119838872  0.006458702882  0.010180494244  0.000000000000  0.007386415659  0.006458904458  0.005534620192  0.005862569802  0.001985146597  0.006462964548  0.000000000000  0.005534620192  0.003829410514  0.005534620192  0.005706447952  0.002140495803  0.004607079621  0.006458702882  0.006786574291  0.009249963732  0.000000000000  0.012052402152  0.006379863179  0.000000000000  0.005534620192  0.007387433351  0.004608089804  
piranga_erythrocephala_fmnh343371 0.012938376869  0.012656358536  0.009917695680  0.009934572663  0.007200161819  0.011741712290  0.006362106365  0.009008311821  0.008100668660  0.009922162537  0.007830921975  0.014032918585  0.013556887879  0.007654165397  0.012642854719  0.008645381273  0.011733121407  0.009284316285  0.008605949129  0.009917695680  0.007200161819  0.010693869047  0.008112841497  0.012052402152  0.000000000000  0.005097004955  0.003886854737  0.009011994504  0.011733121407  0.008103570170  
piranga_erythrocephala_fmnh343370 0.007666201531  0.007666201531  0.006379863179  0.008956038942  0.006379863179  0.008956038942  0.006379863179  0.006379863179  0.006379863179  0.006379863179  0.006379863179  0.008946338624  0.006379863179  0.006379863179  0.007666201531  0.006379863179  0.006379863179  0.006379863179  0.007658075496  0.006379863179  0.006379863179  0.010249394502  0.007666201531  0.006379863179  0.005097004955  0.000000000000  0.006607503567  0.006379863179  0.007666201531  0.006379863179  
piranga_ludoviciana_sdsu2650 0.001292081380  0.001292081380  0.000000000000  0.002587693177  0.000000000000  0.002587693177  0.000000000000  0.000000000000  0.000000000000  0.000000000000  0.000000000000  0.002585709748  0.000000000000  0.000000000000  0.001292081380  0.000000000000  0.000000000000  0.000000000000  0.001291686353  0.000000000000  0.000000000000  0.003886854737  0.001292081380  0.000000000000  0.003886854737  0.006607503567  0.000000000000  0.000000000000  0.001292081380  0.000000000000  
piranga_bidentata_tepe59 0.007362468919  0.005393300834  0.002689268663  0.009927789064  0.005388692867  0.008103570170  0.001056027378  0.005388692867  0.004487177024  0.002690984504  0.000973537452  0.006975336457  0.008100668660  0.001087924049  0.007194759546  0.000954943972  0.006291925963  0.004625140342  0.001069310780  0.002689268663  0.005388692867  0.004837811991  0.008107628651  0.005534620192  0.009011994504  0.006379863179  0.000000000000  0.000000000000  0.006291925963  0.000895299066  
piranga_rubra_sdsu2635 0.004591164519  0.009917695680  0.007194759546  0.012650687367  0.008098347072  0.010821812404  0.002113087773  0.008098347072  0.003587562328  0.005388692867  0.001948401866  0.009986072363  0.007196882866  0.003268750328  0.004487177024  0.003827669862  0.003587562328  0.003696781465  0.003212741423  0.005390421668  0.008098347072  0.006779423725  0.010824736525  0.007387433351  0.011733121407  0.007666201531  0.001292081380  0.006291925963  0.000000000000  0.005388692867  
piranga_bidentata_itm141 0.006436564417  0.004490242358  0.001791340453  0.009016835504  0.004487177024  0.007196882866  0.000000000000  0.004487177024  0.003587371918  0.001792291761  0.000973537452  0.006975336457  0.007194759546  0.001087924049  0.006290577866  0.000954943972  0.005388692867  0.003696983695  0.001069310780  0.001791340453  0.004487177024  0.003866426012  0.007200161819  0.004608089804  0.008103570170  0.006379863179  0.000000000000  0.000895299066  0.005388692867  0.000000000000  

