30
cardinalis_cardinalis_ku21828 0.000000000000  0.004010750176  0.018780603450  0.019808843347  0.020832305930  0.018774654331  0.024464976230  0.023415882106  0.012120594759  0.013139074527  0.016740984662  0.017760017175  0.016740984662  0.014676819627  0.014163711158  0.020852206543  0.020852206543  0.017243990599  0.020838546760  0.020838546760  0.016734546560  0.018780603450  0.022403733233  0.022924334590  0.020333498850  0.019311306796  0.020859624734  0.019311306796  0.017766601183  0.018793674164  
cardinalis_cardinalis_ku25393 0.004010750176  0.000000000000  0.017766601183  0.018793674164  0.019815329848  0.017760017175  0.023445479709  0.022396286770  0.011112537980  0.012129865960  0.015730568039  0.016747811093  0.015730568039  0.013666826884  0.013153980344  0.019837136901  0.019837136901  0.016232049433  0.019822207860  0.019822207860  0.015723500689  0.017766601183  0.021387224275  0.021907555999  0.019318696883  0.018298302666  0.019845187177  0.018298302666  0.016755025478  0.017780936602  
piranga_leucoptera_lsu7783 0.018780603450  0.017766601183  0.000000000000  0.007046193032  0.008054300349  0.006033508553  0.012636569109  0.011609849290  0.010593582215  0.011609849290  0.015202122792  0.016219318684  0.015202122792  0.014168820975  0.013655975616  0.019304307182  0.019304307182  0.015704622300  0.019291480888  0.019291480888  0.015196095801  0.017238063532  0.020852206543  0.021371454049  0.018786943521  0.017766601183  0.019311306796  0.017766601183  0.016225490032  0.017250307025  
piranga_leucoptera_fmnh481795 0.019808843347  0.018793674164  0.007046193032  0.000000000000  0.009582644350  0.007556940040  0.014682194008  0.013651129819  0.012631863586  0.013651129819  0.017257012433  0.018276577994  0.017257012433  0.016219318684  0.015704622300  0.021371454049  0.021371454049  0.017760017175  0.021357253245  0.021357253245  0.017250307025  0.018264043828  0.022924334590  0.023445479709  0.020852206543  0.019829477003  0.021379143173  0.019829477003  0.018283430138  0.019311306796  
piranga_erythrocephala_fmnh343371 0.020832305930  0.019815329848  0.008054300349  0.009582644350  0.000000000000  0.002002760366  0.013646671083  0.012620065387  0.012623611345  0.013642599791  0.017243990599  0.018264043828  0.017243990599  0.016208141654  0.015693976852  0.021357253245  0.021357253245  0.017748018448  0.021344624910  0.021344624910  0.017238063532  0.019285654969  0.022909291501  0.023429891640  0.020838546760  0.019815329848  0.021364157279  0.019815329848  0.018270115764  0.019297698419  
piranga_erythrocephala_fmnh343370 0.018774654331  0.017760017175  0.006033508553  0.007556940040  0.002002760366  0.000000000000  0.011609849290  0.010586651152  0.010589924150  0.011606054170  0.015196095801  0.016213535765  0.015196095801  0.014163711158  0.013651129819  0.019297698419  0.019297698419  0.015699105310  0.019285654969  0.019285654969  0.015190456312  0.017232526205  0.020845180425  0.021364157279  0.018780603450  0.017760017175  0.019304307182  0.017760017175  0.016219318684  0.017243990599  
piranga_rubriceps_lsu265 0.024464976230  0.023445479709  0.012636569109  0.014682194008  0.013646671083  0.011609849290  0.000000000000  0.002003200219  0.017238063532  0.018264043828  0.021899203114  0.022924334590  0.021899203114  0.020852206543  0.020333498850  0.026041071539  0.026041071539  0.022403733233  0.026024325687  0.026024325687  0.021891242491  0.023951035540  0.027604964705  0.028130222682  0.025517741191  0.024489405788  0.026050038760  0.024489405788  0.022932446703  0.023967169728  
piranga_rubriceps_lsu34818 0.023415882106  0.022396286770  0.011609849290  0.013651129819  0.012620065387  0.010586651152  0.002003200219  0.000000000000  0.016203136730  0.017227378997  0.020852206543  0.021876499540  0.020852206543  0.019808843347  0.019291480888  0.024986937292  0.024986937292  0.021357253245  0.024972081536  0.024972081536  0.020845180425  0.022902361289  0.026547654805  0.027071533403  0.024464976230  0.023437488549  0.024994959173  0.023437488549  0.021883674507  0.022916616062  
piranga_roseogularis_ku2141 0.012120594759  0.011112537980  0.010593582215  0.012631863586  0.012623611345  0.010589924150  0.017238063532  0.016203136730  0.000000000000  0.002003200219  0.005530538472  0.006536858662  0.005530538472  0.004518325290  0.004014284980  0.009575217182  0.009575217182  0.006031030454  0.009569326639  0.009569326639  0.005527936043  0.007544701521  0.011099626109  0.011609849290  0.009066813049  0.008057427412  0.009578738877  0.008057427412  0.006539593869  0.007550056097  
piranga_roseogularis_ku2049 0.013139074527  0.012129865960  0.011609849290  0.013651129819  0.013642599791  0.011606054170  0.018264043828  0.017227378997  0.002003200219  0.000000000000  0.006539593869  0.007547187449  0.006539593869  0.005525714530  0.005020909855  0.010589924150  0.010080742348  0.007040589439  0.010583763604  0.010583763604  0.006536858662  0.008556307297  0.012116537777  0.012627544205  0.010080742348  0.009070075011  0.010593582215  0.009070075011  0.007550056097  0.008561929186  
piranga_flava_ku90809 0.016740984662  0.015730568039  0.015202122792  0.017257012433  0.017243990599  0.015196095801  0.021899203114  0.020852206543  0.005530538472  0.006539593869  0.000000000000  0.001000754037  0.006036367830  0.005022875300  0.004014284980  0.010084139885  0.010084139885  0.007550056097  0.010077729612  0.010077729612  0.006033508553  0.008051556269  0.011609849290  0.012120594759  0.009066813049  0.008565315190  0.010087921843  0.008565315190  0.007046193032  0.008057427412  
piranga_flava_lsu15408 0.017760017175  0.016747811093  0.016219318684  0.018276577994  0.018264043828  0.016213535765  0.022924334590  0.021876499540  0.006536858662  0.007547187449  0.001000754037  0.000000000000  0.007043200196  0.006028933910  0.005019325445  0.011096092317  0.011096092317  0.008558926429  0.011090182266  0.011090182266  0.007040589439  0.009061441177  0.012623611345  0.013134878999  0.010077729612  0.009575217182  0.011099626109  0.009575217182  0.008054300349  0.009066813049  
piranga_ludoviciana_sdsu2650 0.016740984662  0.015730568039  0.015202122792  0.017257012433  0.017243990599  0.015196095801  0.021899203114  0.020852206543  0.005530538472  0.006539593869  0.006036367830  0.007043200196  0.000000000000  0.005022875300  0.004518325290  0.010084139885  0.010084139885  0.007550056097  0.010077729612  0.010077729612  0.006033508553  0.008051556269  0.011609849290  0.012120594759  0.009575217182  0.008565315190  0.010087921843  0.008565315190  0.007046193032  0.008057427412  
piranga_olivacea_ku2699 0.014676819627  0.013666826884  0.014168820975  0.016219318684  0.016208141654  0.014163711158  0.020852206543  0.019808843347  0.004518325290  0.005525714530  0.005022875300  0.006028933910  0.005022875300  0.000000000000  0.001501505667  0.009063934977  0.009063934977  0.006534505272  0.009059332031  0.009059332031  0.005020909855  0.007036515677  0.010586651152  0.011096092317  0.008556307297  0.007547187449  0.009066813049  0.007547187449  0.006031030454  0.007040589439  
piranga_olivacea_ku4672 0.014163711158  0.013153980344  0.013655975616  0.015704622300  0.015693976852  0.013651129819  0.020333498850  0.019291480888  0.004014284980  0.005020909855  0.004014284980  0.005019325445  0.004518325290  0.001501505667  0.000000000000  0.008556307297  0.008556307297  0.006028933910  0.008552221441  0.008552221441  0.004516615394  0.006530945462  0.010077729612  0.010586651152  0.008049195552  0.007040589439  0.008558926429  0.007040589439  0.005525714530  0.006534505272  
piranga_ludoviciana_sdsu2208 0.020852206543  0.019837136901  0.019304307182  0.021371454049  0.021357253245  0.019297698419  0.026041071539  0.024986937292  0.009575217182  0.010589924150  0.010084139885  0.011096092317  0.010084139885  0.009063934977  0.008556307297  0.000000000000  0.009061441177  0.006532534079  0.009057607924  0.009057607924  0.006028933910  0.012109582951  0.015689237309  0.016203136730  0.013642599791  0.012627544205  0.014158988674  0.012627544205  0.011099626109  0.012116537777  
piranga_ludoviciana_sdsu2648 0.020852206543  0.019837136901  0.019304307182  0.021371454049  0.021357253245  0.019297698419  0.026041071539  0.024986937292  0.009575217182  0.010080742348  0.010084139885  0.011096092317  0.010084139885  0.009063934977  0.008556307297  0.009061441177  0.000000000000  0.004516615394  0.009057607924  0.009057607924  0.006028933910  0.012109582951  0.015689237309  0.016203136730  0.013642599791  0.012627544205  0.014158988674  0.012627544205  0.011099626109  0.012116537777  
piranga_bidentata_tepe59 0.017243990599  0.016232049433  0.015704622300  0.017760017175  0.017748018448  0.015699105310  0.022403733233  0.021357253245  0.006031030454  0.007040589439  0.007550056097  0.008558926429  0.007550056097  0.006534505272  0.006028933910  0.006532534079  0.004516615394  0.000000000000  0.006529739805  0.006529739805  0.003510753342  0.009569326639  0.013134878999  0.013646671083  0.011096092317  0.010084139885  0.011609849290  0.010084139885  0.008561929186  0.009575217182  
piranga_bidentata_itm160 0.020838546760  0.019822207860  0.019291480888  0.021357253245  0.021344624910  0.019285654969  0.026024325687  0.024972081536  0.009569326639  0.010583763604  0.010077729612  0.011090182266  0.010077729612  0.009059332031  0.008552221441  0.009057607924  0.009057607924  0.006529739805  0.000000000000  0.000000000000  0.006025887010  0.012104176198  0.015680926496  0.016194295979  0.013635621066  0.012620065387  0.014150707232  0.012620065387  0.011092944242  0.012109582951  
piranga_bidentata_itm141 0.020838546760  0.019822207860  0.019291480888  0.021357253245  0.021344624910  0.019285654969  0.026024325687  0.024972081536  0.009569326639  0.010583763604  0.010077729612  0.011090182266  0.010077729612  0.009059332031  0.008552221441  0.009057607924  0.009057607924  0.006529739805  0.000000000000  0.000000000000  0.006025887010  0.012104176198  0.015680926496  0.016194295979  0.013635621066  0.012620065387  0.014150707232  0.012620065387  0.011092944242  0.012109582951  
piranga_ludoviciana_sdsu2385 0.016734546560  0.015723500689  0.015196095801  0.017250307025  0.017238063532  0.015190456312  0.021891242491  0.020845180425  0.005527936043  0.006536858662  0.006033508553  0.007040589439  0.006033508553  0.005020909855  0.004516615394  0.006028933910  0.006028933910  0.003510753342  0.006025887010  0.006025887010  0.000000000000  0.008049195552  0.011606054170  0.012116537777  0.009572079643  0.008561929186  0.010084139885  0.008561929186  0.007043200196  0.008054300349  
piranga_bidentata_hgoslp104 0.018780603450  0.017766601183  0.017238063532  0.018264043828  0.019285654969  0.017232526205  0.023951035540  0.022902361289  0.007544701521  0.008556307297  0.008051556269  0.009061441177  0.008051556269  0.007036515677  0.006530945462  0.012109582951  0.012109582951  0.009569326639  0.012104176198  0.012104176198  0.008049195552  0.000000000000  0.013638916324  0.014150707232  0.011599622266  0.010586651152  0.012112867047  0.010586651152  0.009063934977  0.010077729612  
piranga_rubra_sdsu2654 0.022403733233  0.021387224275  0.020852206543  0.022924334590  0.022909291501  0.020845180425  0.027604964705  0.026547654805  0.011099626109  0.012116537777  0.011609849290  0.012623611345  0.011609849290  0.010586651152  0.010077729612  0.015689237309  0.015689237309  0.013134878999  0.015680926496  0.015680926496  0.011606054170  0.013638916324  0.000000000000  0.011599622266  0.009059332031  0.008049195552  0.009569326639  0.008049195552  0.006532534079  0.007542598693  
piranga_rubra_sdsu2635 0.022924334590  0.021907555999  0.021371454049  0.023445479709  0.023429891640  0.021364157279  0.028130222682  0.027071533403  0.011609849290  0.012627544205  0.012120594759  0.013134878999  0.012120594759  0.011096092317  0.010586651152  0.016203136730  0.016203136730  0.013646671083  0.016194295979  0.016194295979  0.012116537777  0.014150707232  0.011599622266  0.000000000000  0.006530945462  0.005523874312  0.007038361139  0.005523874312  0.007038361139  0.008049195552  
piranga_lutea_lsu5400 0.020333498850  0.019318696883  0.018786943521  0.020852206543  0.020838546760  0.018780603450  0.025517741191  0.024464976230  0.009066813049  0.010080742348  0.009066813049  0.010077729612  0.009575217182  0.008556307297  0.008049195552  0.013642599791  0.013642599791  0.011096092317  0.013635621066  0.013635621066  0.009572079643  0.011599622266  0.009059332031  0.006530945462  0.000000000000  0.001000754037  0.002504206054  0.001000754037  0.004515286276  0.005522415770  
piranga_lutea_ku89864 0.019311306796  0.018298302666  0.017766601183  0.019829477003  0.019815329848  0.017760017175  0.024489405788  0.023437488549  0.008057427412  0.009070075011  0.008565315190  0.009575217182  0.008565315190  0.007547187449  0.007040589439  0.012627544205  0.012627544205  0.010084139885  0.012620065387  0.012620065387  0.008561929186  0.010586651152  0.008049195552  0.005523874312  0.001000754037  0.000000000000  0.001501693043  0.000000000000  0.003510753342  0.004516615394  
piranga_hepatica_ku4970 0.020859624734  0.019845187177  0.019311306796  0.021379143173  0.021364157279  0.019304307182  0.026050038760  0.024994959173  0.009578738877  0.010593582215  0.010087921843  0.011099626109  0.010087921843  0.009066813049  0.008558926429  0.014158988674  0.014158988674  0.011609849290  0.014150707232  0.014150707232  0.010084139885  0.012112867047  0.009569326639  0.007038361139  0.002504206054  0.001501693043  0.000000000000  0.001501693043  0.005020909855  0.006028933910  
piranga_hepatica_ku9084 0.019311306796  0.018298302666  0.017766601183  0.019829477003  0.019815329848  0.017760017175  0.024489405788  0.023437488549  0.008057427412  0.009070075011  0.008565315190  0.009575217182  0.008565315190  0.007547187449  0.007040589439  0.012627544205  0.012627544205  0.010084139885  0.012620065387  0.012620065387  0.008561929186  0.010586651152  0.008049195552  0.005523874312  0.001000754037  0.000000000000  0.001501693043  0.000000000000  0.003510753342  0.004516615394  
piranga_rubra_ku7046 0.017766601183  0.016755025478  0.016225490032  0.018283430138  0.018270115764  0.016219318684  0.022932446703  0.021883674507  0.006539593869  0.007550056097  0.007046193032  0.008054300349  0.007046193032  0.006031030454  0.005525714530  0.011099626109  0.011099626109  0.008561929186  0.011092944242  0.011092944242  0.007043200196  0.009063934977  0.006532534079  0.007038361139  0.004515286276  0.003510753342  0.005020909855  0.003510753342  0.000000000000  0.001000689441  
piranga_rubra_ku26592 0.018793674164  0.017780936602  0.017250307025  0.019311306796  0.019297698419  0.017243990599  0.023967169728  0.022916616062  0.007550056097  0.008561929186  0.008057427412  0.009066813049  0.008057427412  0.007040589439  0.006534505272  0.012116537777  0.012116537777  0.009575217182  0.012109582951  0.012109582951  0.008054300349  0.010077729612  0.007542598693  0.008049195552  0.005522415770  0.004516615394  0.006028933910  0.004516615394  0.001000689441  0.000000000000  

