30
piranga_rubra_ku26592 0.000000000000  0.002925284826  0.000000000000  0.007830952249  0.006852411855  0.004881403056  0.000000000000  0.006844044994  0.000973771021  0.000982380548  0.001003073963  0.000000000000  0.001956019703  0.003390582684  0.000000000000  0.003510657902  0.002924578780  0.000973771021  0.002139334749  0.000973771021  0.004969945003  0.001948397489  0.003902562554  0.002275649531  0.006023629206  0.008437948788  0.000000000000  0.003907251822  0.000000000000  0.000973771021  
piranga_flava_ku90809 0.002925284826  0.000000000000  0.002925284826  0.008814692927  0.007836003760  0.005861811858  0.003094247615  0.006843794517  0.003904207478  0.003938807971  0.004021977820  0.003037848340  0.000977578774  0.004522150317  0.002925284826  0.000000000000  0.001948397489  0.001948397489  0.005361906026  0.003904207478  0.005967484654  0.000973771021  0.004881403056  0.005704482778  0.007031375128  0.009851755941  0.003514770969  0.006853272572  0.002925284826  0.003904207478  
piranga_ludoviciana_sdsu2385 0.000000000000  0.002925284826  0.000000000000  0.007830952249  0.006852411855  0.004881403056  0.000000000000  0.006844044994  0.000973771021  0.000982380548  0.001003073963  0.000000000000  0.001956019703  0.003390582684  0.000000000000  0.003510657902  0.002924578780  0.000973771021  0.002139334749  0.000973771021  0.004969945003  0.001948397489  0.003902562554  0.002275649531  0.006023629206  0.008437948788  0.000000000000  0.003907251822  0.000000000000  0.000973771021  
piranga_rubriceps_lsu265 0.007830952249  0.008814692927  0.007830952249  0.000000000000  0.006855494877  0.008814692927  0.008285122561  0.010789569649  0.008818264403  0.008896719713  0.009085326283  0.008133499121  0.007859098027  0.010220239940  0.007830952249  0.007037520297  0.008812540067  0.006845710406  0.010768796326  0.008818264403  0.004972626366  0.007828335804  0.003904207478  0.007995100005  0.006027358358  0.004204388709  0.005866515059  0.011792710210  0.007830952249  0.008818264403  
piranga_leucoptera_lsu7783 0.006852411855  0.007836003760  0.006852411855  0.006855494877  0.000000000000  0.007836003760  0.005170378955  0.009809628643  0.007838625356  0.007900555832  0.008076022625  0.007117164912  0.006877667485  0.006802135183  0.006852411855  0.007046824005  0.007834801723  0.005868264066  0.008605985812  0.007838625356  0.001985142053  0.006850743167  0.002928140048  0.009157672506  0.004013905860  0.002801632285  0.007046824005  0.010809747310  0.006852411855  0.007838625356  
cardinalis_cardinalis_ku25393 0.004881403056  0.005861811858  0.004881403056  0.008814692927  0.007836003760  0.000000000000  0.005163713443  0.001948397489  0.005862530212  0.005914541858  0.006039567245  0.005069474653  0.004900766879  0.006791573343  0.004881403056  0.007037520297  0.005862506617  0.003902320382  0.007514462252  0.005862530212  0.005967484654  0.004881627811  0.004881403056  0.007995100005  0.007031375128  0.009851755941  0.005866515059  0.008818264403  0.004881403056  0.005862530212  
piranga_olivacea_ku2699 0.000000000000  0.003094247615  0.000000000000  0.008285122561  0.005170378955  0.005163713443  0.000000000000  0.007240482224  0.001029934588  0.001030996447  0.001062772176  0.000000000000  0.002069355396  0.003390582684  0.000000000000  0.003510657902  0.003093457514  0.001029934588  0.002160130374  0.001029934588  0.004162472375  0.002060826225  0.004128105997  0.002325933215  0.006204263260  0.008437948788  0.000000000000  0.003096601576  0.000000000000  0.001029934588  
cardinalis_cardinalis_ku21828 0.006844044994  0.006843794517  0.006844044994  0.010789569649  0.009809628643  0.001948397489  0.007240482224  0.000000000000  0.007828335804  0.007897892474  0.008065100088  0.007108138876  0.006870664128  0.009071050740  0.006844044994  0.007038523601  0.007827356624  0.005861811858  0.009677203364  0.007828335804  0.007968696297  0.006843794517  0.006844044994  0.009143626507  0.009054125272  0.011268830415  0.007045784513  0.010793640944  0.006844044994  0.007828335804  
piranga_rubra_ku7046 0.000973771021  0.003904207478  0.000973771021  0.008818264403  0.007838625356  0.005862530212  0.001029934588  0.007828335804  0.000000000000  0.001966819388  0.002008293940  0.001011188339  0.002936739252  0.004526235987  0.000973771021  0.004686393871  0.003902562554  0.001949564378  0.003212666057  0.001949564378  0.005969689878  0.002925284826  0.004882586218  0.003417620829  0.007034621873  0.009858147732  0.001169679026  0.004889162902  0.000973771021  0.001949564378  
piranga_bidentata_hgoslp104 0.000982380548  0.003938807971  0.000982380548  0.008896719713  0.007900555832  0.005914541858  0.001030996447  0.007897892474  0.001966819388  0.000000000000  0.002026609088  0.001020475378  0.002962842602  0.004531363532  0.000982380548  0.003514770969  0.003937133714  0.001966819388  0.003216110167  0.001966819388  0.005975635385  0.002951184049  0.004925878319  0.002278241776  0.007041698503  0.008437948788  0.000000000000  0.004932572367  0.000982380548  0.001966819388  
piranga_ludoviciana_sdsu2648 0.001003073963  0.004021977820  0.001003073963  0.009085326283  0.008076022625  0.006039567245  0.001062772176  0.008065100088  0.002008293940  0.002026609088  0.000000000000  0.001011188339  0.003013436643  0.004526235987  0.001003073963  0.004686393871  0.004020231990  0.002008293940  0.003212666057  0.002008293940  0.006103285181  0.003013436643  0.005029941852  0.003417620829  0.007253300411  0.009858147732  0.001169679026  0.005036922277  0.001003073963  0.002008293940  
piranga_roseogularis_ku2049 0.000000000000  0.003037848340  0.000000000000  0.008133499121  0.007117164912  0.005069474653  0.000000000000  0.007108138876  0.001011188339  0.001020475378  0.001011188339  0.000000000000  0.002023299180  0.003390582684  0.000000000000  0.003510657902  0.003037086824  0.001011188339  0.002139334749  0.001011188339  0.005122703275  0.002023299180  0.004052818643  0.002275649531  0.006262545601  0.008437948788  0.000000000000  0.004057876608  0.000000000000  0.001011188339  
piranga_hepatica_ku4970 0.001956019703  0.000977578774  0.001956019703  0.007859098027  0.006877667485  0.004900766879  0.002069355396  0.006870664128  0.002936739252  0.002962842602  0.003013436643  0.002023299180  0.000000000000  0.003387760402  0.001956019703  0.001168312475  0.000977342939  0.000977342939  0.004284787349  0.002936739252  0.004968719002  0.000000000000  0.003917608188  0.004558223246  0.006045652813  0.008433532252  0.002340592683  0.005891240335  0.001956019703  0.002936739252  
piranga_hepatica_ku9084 0.003390582684  0.004522150317  0.003390582684  0.010220239940  0.006802135183  0.006791573343  0.003390582684  0.009071050740  0.004526235987  0.004531363532  0.004526235987  0.003390582684  0.003387760402  0.000000000000  0.003390582684  0.004787353992  0.004519942343  0.002257667685  0.005664640865  0.004526235987  0.005655811018  0.003387760402  0.005655811018  0.005983238157  0.007935819597  0.009858147732  0.003827491515  0.006805810682  0.003390582684  0.004526235987  
piranga_rubra_sdsu2654 0.000000000000  0.002925284826  0.000000000000  0.007830952249  0.006852411855  0.004881403056  0.000000000000  0.006844044994  0.000973771021  0.000982380548  0.001003073963  0.000000000000  0.001956019703  0.003390582684  0.000000000000  0.003510657902  0.002924578780  0.000973771021  0.002139334749  0.000973771021  0.004969945003  0.001948397489  0.003902562554  0.002275649531  0.006023629206  0.008437948788  0.000000000000  0.003907251822  0.000000000000  0.000973771021  
piranga_flava_lsu15408 0.003510657902  0.000000000000  0.003510657902  0.007037520297  0.007046824005  0.007037520297  0.003510657902  0.007038523601  0.004686393871  0.003514770969  0.004686393871  0.003510657902  0.001168312475  0.004787353992  0.003510657902  0.000000000000  0.002337856695  0.002337856695  0.005865079326  0.004686393871  0.005859639882  0.001168312475  0.005859639882  0.005865079326  0.008220440290  0.009851755941  0.003738129121  0.007046729103  0.003510657902  0.004686393871  
piranga_lutea_lsu5400 0.002924578780  0.001948397489  0.002924578780  0.008812540067  0.007834801723  0.005862506617  0.003093457514  0.007827356624  0.003902562554  0.003937133714  0.004020231990  0.003037086824  0.000977342939  0.004519942343  0.002924578780  0.002337856695  0.000000000000  0.001948626422  0.005358787576  0.003902562554  0.005966740248  0.000973537019  0.004881627811  0.005700952286  0.007029617772  0.009848294638  0.003513751073  0.006848787380  0.002924578780  0.003902562554  
piranga_olivacea_ku4672 0.000973771021  0.001948397489  0.000973771021  0.006845710406  0.005868264066  0.003902320382  0.001029934588  0.005861811858  0.001949564378  0.001966819388  0.002008293940  0.001011188339  0.000977342939  0.002257667685  0.000973771021  0.002337856695  0.001948626422  0.000000000000  0.003212666057  0.001949564378  0.003972322852  0.000973537019  0.002924578780  0.003417620829  0.005014807245  0.007022029673  0.001169679026  0.004889162902  0.000973771021  0.001949564378  
piranga_ludoviciana_sdsu2208 0.002139334749  0.005361906026  0.002139334749  0.010768796326  0.008605985812  0.007514462252  0.002160130374  0.009677203364  0.003212666057  0.003216110167  0.003212666057  0.002139334749  0.004284787349  0.005664640865  0.002139334749  0.005865079326  0.005358787576  0.003212666057  0.000000000000  0.003212666057  0.006437239381  0.004284787349  0.006437239381  0.004615013406  0.008601597625  0.011282652455  0.002454379769  0.005366712553  0.002139334749  0.003212666057  
piranga_bidentata_itm160 0.000973771021  0.003904207478  0.000973771021  0.008818264403  0.007838625356  0.005862530212  0.001029934588  0.007828335804  0.001949564378  0.001966819388  0.002008293940  0.001011188339  0.002936739252  0.004526235987  0.000973771021  0.004686393871  0.003902562554  0.001949564378  0.003212666057  0.000000000000  0.005969689878  0.002925284826  0.004882586218  0.003417620829  0.007034621873  0.009858147732  0.001169679026  0.004889162902  0.000973771021  0.000000000000  
piranga_leucoptera_fmnh481795 0.004969945003  0.005967484654  0.004969945003  0.004972626366  0.001985142053  0.005967484654  0.004162472375  0.007968696297  0.005969689878  0.005975635385  0.006103285181  0.005122703275  0.004968719002  0.005655811018  0.004969945003  0.005859639882  0.005966740248  0.003972322852  0.006437239381  0.005969689878  0.000000000000  0.004968719002  0.000991143673  0.006848721707  0.002018427947  0.002801632285  0.005882032994  0.008981751677  0.004969945003  0.005969689878  
piranga_lutea_ku89864 0.001948397489  0.000973771021  0.001948397489  0.007828335804  0.006850743167  0.004881627811  0.002060826225  0.006843794517  0.002925284826  0.002951184049  0.003013436643  0.002023299180  0.000000000000  0.003387760402  0.001948397489  0.001168312475  0.000973537019  0.000973537019  0.004284787349  0.002925284826  0.004968719002  0.000000000000  0.003902320382  0.004558223246  0.006021383831  0.008433532252  0.002340592683  0.005868192772  0.001948397489  0.002925284826  
piranga_rubriceps_lsu34818 0.003902562554  0.004881403056  0.003902562554  0.003904207478  0.002928140048  0.004881403056  0.004128105997  0.006844044994  0.004882586218  0.004925878319  0.005029941852  0.004052818643  0.003917608188  0.005655811018  0.003902562554  0.005859639882  0.004881627811  0.002924578780  0.006437239381  0.004882586218  0.000991143673  0.003902320382  0.000000000000  0.006848721707  0.002002262234  0.002801632285  0.004689513745  0.007834982095  0.003902562554  0.004882586218  
piranga_roseogularis_ku2141 0.002275649531  0.005704482778  0.002275649531  0.007995100005  0.009157672506  0.007995100005  0.002325933215  0.009143626507  0.003417620829  0.002278241776  0.003417620829  0.002275649531  0.004558223246  0.005983238157  0.002275649531  0.005865079326  0.005700952286  0.003417620829  0.004615013406  0.003417620829  0.006848721707  0.004558223246  0.006848721707  0.000000000000  0.009152706364  0.009858147732  0.001210748474  0.005709923953  0.002275649531  0.003417620829  
piranga_erythrocephala_fmnh343371 0.006023629206  0.007031375128  0.006023629206  0.006027358358  0.004013905860  0.007031375128  0.006204263260  0.009054125272  0.007034621873  0.007041698503  0.007253300411  0.006262545601  0.006045652813  0.007935819597  0.006023629206  0.008220440290  0.007029617772  0.005014807245  0.008601597625  0.007034621873  0.002018427947  0.006021383831  0.002002262234  0.009152706364  0.000000000000  0.002801632285  0.007210885830  0.009063156834  0.006023629206  0.007034621873  
piranga_erythrocephala_fmnh343370 0.008437948788  0.009851755941  0.008437948788  0.004204388709  0.002801632285  0.009851755941  0.008437948788  0.011268830415  0.009858147732  0.008437948788  0.009858147732  0.008437948788  0.008433532252  0.009858147732  0.008437948788  0.009851755941  0.009848294638  0.007022029673  0.011282652455  0.009858147732  0.002801632285  0.008433532252  0.002801632285  0.009858147732  0.002801632285  0.000000000000  0.008437948788  0.011282652455  0.008437948788  0.009858147732  
piranga_ludoviciana_sdsu2650 0.000000000000  0.003514770969  0.000000000000  0.005866515059  0.007046824005  0.005866515059  0.000000000000  0.007045784513  0.001169679026  0.000000000000  0.001169679026  0.000000000000  0.002340592683  0.003827491515  0.000000000000  0.003738129121  0.003513751073  0.001169679026  0.002454379769  0.001169679026  0.005882032994  0.002340592683  0.004689513745  0.001210748474  0.007210885830  0.008437948788  0.000000000000  0.003517809098  0.000000000000  0.001169679026  
piranga_bidentata_tepe59 0.003907251822  0.006853272572  0.003907251822  0.011792710210  0.010809747310  0.008818264403  0.003096601576  0.010793640944  0.004889162902  0.004932572367  0.005036922277  0.004057876608  0.005891240335  0.006805810682  0.003907251822  0.007046729103  0.006848787380  0.004889162902  0.005366712553  0.004889162902  0.008981751677  0.005868192772  0.007834982095  0.005709923953  0.009063156834  0.011282652455  0.003517809098  0.000000000000  0.003907251822  0.004889162902  
piranga_rubra_sdsu2635 0.000000000000  0.002925284826  0.000000000000  0.007830952249  0.006852411855  0.004881403056  0.000000000000  0.006844044994  0.000973771021  0.000982380548  0.001003073963  0.000000000000  0.001956019703  0.003390582684  0.000000000000  0.003510657902  0.002924578780  0.000973771021  0.002139334749  0.000973771021  0.004969945003  0.001948397489  0.003902562554  0.002275649531  0.006023629206  0.008437948788  0.000000000000  0.003907251822  0.000000000000  0.000973771021  
piranga_bidentata_itm141 0.000973771021  0.003904207478  0.000973771021  0.008818264403  0.007838625356  0.005862530212  0.001029934588  0.007828335804  0.001949564378  0.001966819388  0.002008293940  0.001011188339  0.002936739252  0.004526235987  0.000973771021  0.004686393871  0.003902562554  0.001949564378  0.003212666057  0.000000000000  0.005969689878  0.002925284826  0.004882586218  0.003417620829  0.007034621873  0.009858147732  0.001169679026  0.004889162902  0.000973771021  0.000000000000  

