30
cardinalis_cardinalis_ku21828 0.000000000000  0.001501509917  0.021848033175  0.027552721192  0.025450009203  0.022870548687  0.021317395814  0.022870548687  0.028607470186  0.028083177830  0.022880216097  0.026520188052  0.029132318014  0.029649882574  0.029649882574  0.028083177830  0.028083177830  0.028083177830  0.025997827901  0.032786199923  0.029124759321  0.025997827901  0.027546408322  0.027559439772  0.028076179805  0.025997827901  0.025997827901  0.027043099587  0.029642449565  0.029132318014  
cardinalis_cardinalis_ku25393 0.001501509917  0.000000000000  0.021848033175  0.027552721192  0.025450009203  0.022870548687  0.021317395814  0.022870548687  0.028607470186  0.028083177830  0.022880216097  0.026520188052  0.029132318014  0.029649882574  0.029649882574  0.028083177830  0.028083177830  0.028083177830  0.025997827901  0.032786199923  0.029124759321  0.025997827901  0.027546408322  0.027559439772  0.028076179805  0.025997827901  0.025997827901  0.027043099587  0.029642449565  0.029132318014  
piranga_erythrocephala_fmnh343371 0.021848033175  0.021848033175  0.000000000000  0.005522512259  0.012612178118  0.010075434867  0.009567245838  0.011093379570  0.016718672592  0.016204155014  0.010081164563  0.013651958835  0.016214717321  0.016724026388  0.016724026388  0.015186205437  0.015186205437  0.015186205437  0.013139826957  0.019804271446  0.016209238832  0.013139826957  0.014663800853  0.014672749154  0.015181265790  0.013139826957  0.013139826957  0.014164620704  0.016718672592  0.016214717321  
piranga_erythrocephala_fmnh343370 0.027552721192  0.027552721192  0.005522512259  0.000000000000  0.018236770275  0.015681727169  0.015168813026  0.016709151395  0.022384463673  0.021865102001  0.015690171269  0.019292991561  0.021878480597  0.022391228377  0.022391228377  0.020840290421  0.020840290421  0.020840290421  0.018776060617  0.025496471290  0.021871591619  0.018776060617  0.020310275998  0.020322010101  0.020833950470  0.018776060617  0.018776060617  0.019810462481  0.022384463673  0.020840290421  
piranga_leucoptera_fmnh481795 0.025450009203  0.025450009203  0.012612178118  0.018236770275  0.000000000000  0.002504285243  0.008043282083  0.009562372891  0.020295667404  0.019779291282  0.013630689111  0.017215187825  0.019788086796  0.020300137409  0.020300137409  0.018755861609  0.018755861609  0.018755861609  0.016701214629  0.023394257369  0.019783489354  0.016701214629  0.018233384610  0.018240554455  0.018751806906  0.016701214629  0.016701214629  0.017729694832  0.020295667404  0.019788086796  
piranga_leucoptera_lsu7783 0.022870548687  0.022870548687  0.010075434867  0.015681727169  0.002504285243  0.000000000000  0.005520711283  0.007035188607  0.017734004341  0.017219227368  0.011090573128  0.014663800853  0.017228496398  0.017738710912  0.017738710912  0.016199466250  0.016199466250  0.016199466250  0.014151411980  0.020822467297  0.017223663688  0.014151411980  0.015678098242  0.015685751641  0.016195172925  0.014151411980  0.014151411980  0.015176720250  0.017734004341  0.017228496398  
piranga_rubriceps_lsu265 0.021317395814  0.021317395814  0.009567245838  0.015168813026  0.008043282083  0.005520711283  0.000000000000  0.001502275547  0.017219227368  0.016704984765  0.010581603497  0.014151411980  0.016713714133  0.017223663688  0.017223663688  0.015685751641  0.015685751641  0.015685751641  0.013639552534  0.020305007070  0.016709151395  0.013639552534  0.015165452115  0.015172569200  0.015681727169  0.013639552534  0.013639552534  0.014663800853  0.017219227368  0.016713714133  
piranga_rubriceps_lsu34818 0.022870548687  0.022870548687  0.011093379570  0.016709151395  0.009562372891  0.007035188607  0.001502275547  0.000000000000  0.018765165851  0.018249316798  0.012110083855  0.015690171269  0.018259668523  0.018770414612  0.018770414612  0.017228496398  0.017228496398  0.017228496398  0.015176720250  0.021859012130  0.018254294181  0.015176720250  0.016704984765  0.016713714133  0.017223663688  0.015176720250  0.015176720250  0.016204155014  0.018765165851  0.018259668523  
piranga_roseogularis_ku2049 0.028607470186  0.028607470186  0.016718672592  0.022384463673  0.020295667404  0.017734004341  0.017219227368  0.018765165851  0.000000000000  0.000500252498  0.006532688265  0.010081164563  0.012628223976  0.013135565712  0.013135565712  0.011606600339  0.011606600339  0.011606600339  0.009572448509  0.015685751641  0.012624229379  0.009572448509  0.011090573128  0.011096577511  0.011603137393  0.009572448509  0.009572448509  0.010590403557  0.013131697072  0.011606600339  
piranga_roseogularis_ku2141 0.028083177830  0.028083177830  0.016204155014  0.021865102001  0.019779291282  0.017219227368  0.016704984765  0.018249316798  0.000500252498  0.000000000000  0.006027342773  0.009572448509  0.012117148799  0.012624229379  0.012624229379  0.011096577511  0.011096577511  0.011096577511  0.009064254324  0.015172569200  0.012113420302  0.009064254324  0.010581603497  0.010587079235  0.011093379570  0.009064254324  0.009064254324  0.010081164563  0.012620627111  0.011096577511  
piranga_rubra_ku7046 0.022880216097  0.022880216097  0.010081164563  0.015690171269  0.013630689111  0.011090573128  0.010581603497  0.012110083855  0.006532688265  0.006027342773  0.000000000000  0.003510818614  0.006031213299  0.006534690338  0.006534690338  0.005021027106  0.005021027106  0.005021027106  0.003007774712  0.009569652027  0.006029084410  0.003007774712  0.004514391978  0.004516705445  0.005019418032  0.003007774712  0.003007774712  0.004014373854  0.006532688265  0.006031213299  
piranga_rubra_sdsu2654 0.026520188052  0.026520188052  0.013651958835  0.019292991561  0.017215187825  0.014663800853  0.014151411980  0.015690171269  0.010081164563  0.009572448509  0.003510818614  0.000000000000  0.004518441474  0.005021027106  0.005021027106  0.003510818614  0.003510818614  0.003510818614  0.001502275547  0.008049427283  0.004516705445  0.001502275547  0.003006237900  0.003007774712  0.003509599767  0.001502275547  0.001502275547  0.002506329505  0.005019418032  0.004518441474  
piranga_lutea_lsu5400 0.029132318014  0.029132318014  0.016214717321  0.021878480597  0.019788086796  0.017228496398  0.016713714133  0.018259668523  0.012628223976  0.012117148799  0.006031213299  0.004518441474  0.000000000000  0.002505241111  0.002505241111  0.001001010672  0.001001010672  0.001001010672  0.004014373854  0.010587079235  0.007040812829  0.004014373854  0.005522512259  0.005525862708  0.006029084410  0.004014373854  0.004014373854  0.005023022516  0.007544928397  0.007043463660  
piranga_hepatica_ku9084 0.029649882574  0.029649882574  0.016724026388  0.022391228377  0.020300137409  0.017738710912  0.017223663688  0.018770414612  0.013135565712  0.012624229379  0.006534690338  0.005021027106  0.002505241111  0.000000000000  0.000000000000  0.001501700679  0.001501700679  0.001501700679  0.004516705445  0.011093379570  0.007544928397  0.004516705445  0.006025988771  0.006029084410  0.006532688265  0.004516705445  0.004516705445  0.005525862708  0.008049427283  0.007547452940  
piranga_flava_lsu15408 0.029649882574  0.029649882574  0.016724026388  0.022391228377  0.020300137409  0.017738710912  0.017223663688  0.018770414612  0.013135565712  0.012624229379  0.006534690338  0.005021027106  0.002505241111  0.000000000000  0.000000000000  0.001501700679  0.001501700679  0.001501700679  0.004516705445  0.011093379570  0.007544928397  0.004516705445  0.006025988771  0.006029084410  0.006532688265  0.004516705445  0.004516705445  0.005525862708  0.008049427283  0.007547452940  
piranga_lutea_ku89864 0.028083177830  0.028083177830  0.015186205437  0.020840290421  0.018755861609  0.016199466250  0.015685751641  0.017228496398  0.011606600339  0.011096577511  0.005021027106  0.003510818614  0.001001010672  0.001501700679  0.001501700679  0.000000000000  0.000000000000  0.000000000000  0.003007774712  0.009569652027  0.006029084410  0.003007774712  0.004514391978  0.004516705445  0.005019418032  0.003007774712  0.003007774712  0.004014373854  0.006532688265  0.006031213299  
piranga_flava_ku90809 0.028083177830  0.028083177830  0.015186205437  0.020840290421  0.018755861609  0.016199466250  0.015685751641  0.017228496398  0.011606600339  0.011096577511  0.005021027106  0.003510818614  0.001001010672  0.001501700679  0.001501700679  0.000000000000  0.000000000000  0.000000000000  0.003007774712  0.009569652027  0.006029084410  0.003007774712  0.004514391978  0.004516705445  0.005019418032  0.003007774712  0.003007774712  0.004014373854  0.006532688265  0.006031213299  
piranga_hepatica_ku4970 0.028083177830  0.028083177830  0.015186205437  0.020840290421  0.018755861609  0.016199466250  0.015685751641  0.017228496398  0.011606600339  0.011096577511  0.005021027106  0.003510818614  0.001001010672  0.001501700679  0.001501700679  0.000000000000  0.000000000000  0.000000000000  0.003007774712  0.009569652027  0.006029084410  0.003007774712  0.004514391978  0.004516705445  0.005019418032  0.003007774712  0.003007774712  0.004014373854  0.006532688265  0.006031213299  
piranga_rubra_sdsu2635 0.025997827901  0.025997827901  0.013139826957  0.018776060617  0.016701214629  0.014151411980  0.013639552534  0.015176720250  0.009572448509  0.009064254324  0.003007774712  0.001502275547  0.004014373854  0.004516705445  0.004516705445  0.003007774712  0.003007774712  0.003007774712  0.000000000000  0.007542792297  0.004012896679  0.001001010672  0.002504218598  0.002505241111  0.003006813668  0.001001010672  0.001001010672  0.002004048148  0.004515355486  0.004014373854  
piranga_bidentata_itm160 0.032786199923  0.032786199923  0.019804271446  0.025496471290  0.023394257369  0.020822467297  0.020305007070  0.021859012130  0.015685751641  0.015172569200  0.009569652027  0.008049427283  0.010587079235  0.011093379570  0.011093379570  0.009569652027  0.009569652027  0.009569652027  0.007542792297  0.000000000000  0.003508766459  0.006531074096  0.008044569789  0.008047418510  0.008552429078  0.006531074096  0.006531074096  0.007542792297  0.010073156254  0.009569652027  
piranga_bidentata_itm141 0.029124759321  0.029124759321  0.016209238832  0.021871591619  0.019783489354  0.017223663688  0.016709151395  0.018254294181  0.012624229379  0.012113420302  0.006029084410  0.004516705445  0.007040812829  0.007544928397  0.007544928397  0.006029084410  0.006029084410  0.006029084410  0.004012896679  0.003508766459  0.000000000000  0.003006813668  0.004513815307  0.004515355486  0.005018195676  0.003006813668  0.003006813668  0.004012896679  0.006531074096  0.006029084410  
piranga_bidentata_tepe59 0.025997827901  0.025997827901  0.013139826957  0.018776060617  0.016701214629  0.014151411980  0.013639552534  0.015176720250  0.009572448509  0.009064254324  0.003007774712  0.001502275547  0.004014373854  0.004516705445  0.004516705445  0.003007774712  0.003007774712  0.003007774712  0.001001010672  0.006531074096  0.003006813668  0.000000000000  0.001501703643  0.001501700679  0.002002769775  0.000000000000  0.000000000000  0.001001010672  0.003508766459  0.003007774712  
piranga_bidentata_hgoslp104 0.027546408322  0.027546408322  0.014663800853  0.020310275998  0.018233384610  0.015678098242  0.015165452115  0.016704984765  0.011090573128  0.010581603497  0.004514391978  0.003006237900  0.005522512259  0.006025988771  0.006025988771  0.004514391978  0.004514391978  0.004514391978  0.002504218598  0.008044569789  0.004513815307  0.001501703643  0.000000000000  0.003006047790  0.003508257994  0.001501703643  0.001501703643  0.002504218598  0.005016912653  0.004514391978  
piranga_olivacea_ku4672 0.027559439772  0.027559439772  0.014672749154  0.020322010101  0.018240554455  0.015685751641  0.015172569200  0.016713714133  0.011096577511  0.010587079235  0.004516705445  0.003007774712  0.005525862708  0.006029084410  0.006029084410  0.004516705445  0.004516705445  0.004516705445  0.002505241111  0.008047418510  0.004515355486  0.001501700679  0.003006047790  0.000000000000  0.003508766459  0.001501700679  0.001501700679  0.002505241111  0.005018195676  0.004516705445  
piranga_ludoviciana_sdsu2648 0.028076179805  0.028076179805  0.015181265790  0.020833950470  0.018751806906  0.016195172925  0.015681727169  0.017223663688  0.011603137393  0.011093379570  0.005019418032  0.003509599767  0.006029084410  0.006532688265  0.006532688265  0.005019418032  0.005019418032  0.005019418032  0.003006813668  0.008552429078  0.005018195676  0.002002769775  0.003508257994  0.003508766459  0.000000000000  0.002002769775  0.002002769775  0.003006813668  0.005521417895  0.005019418032  
piranga_olivacea_ku2699 0.025997827901  0.025997827901  0.013139826957  0.018776060617  0.016701214629  0.014151411980  0.013639552534  0.015176720250  0.009572448509  0.009064254324  0.003007774712  0.001502275547  0.004014373854  0.004516705445  0.004516705445  0.003007774712  0.003007774712  0.003007774712  0.001001010672  0.006531074096  0.003006813668  0.000000000000  0.001501703643  0.001501700679  0.002002769775  0.000000000000  0.000000000000  0.001001010672  0.003508766459  0.003007774712  
piranga_ludoviciana_sdsu2650 0.025997827901  0.025997827901  0.013139826957  0.018776060617  0.016701214629  0.014151411980  0.013639552534  0.015176720250  0.009572448509  0.009064254324  0.003007774712  0.001502275547  0.004014373854  0.004516705445  0.004516705445  0.003007774712  0.003007774712  0.003007774712  0.001001010672  0.006531074096  0.003006813668  0.000000000000  0.001501703643  0.001501700679  0.002002769775  0.000000000000  0.000000000000  0.001001010672  0.003508766459  0.003007774712  
piranga_ludoviciana_sdsu2385 0.027043099587  0.027043099587  0.014164620704  0.019810462481  0.017729694832  0.015176720250  0.014663800853  0.016204155014  0.010590403557  0.010081164563  0.004014373854  0.002506329505  0.005023022516  0.005525862708  0.005525862708  0.004014373854  0.004014373854  0.004014373854  0.002004048148  0.007542792297  0.004012896679  0.001001010672  0.002504218598  0.002505241111  0.003006813668  0.001001010672  0.001001010672  0.000000000000  0.003508766459  0.004014373854  
piranga_ludoviciana_sdsu2208 0.029642449565  0.029642449565  0.016718672592  0.022384463673  0.020295667404  0.017734004341  0.017219227368  0.018765165851  0.013131697072  0.012620627111  0.006532688265  0.005019418032  0.007544928397  0.008049427283  0.008049427283  0.006532688265  0.006532688265  0.006532688265  0.004515355486  0.010073156254  0.006531074096  0.003508766459  0.005016912653  0.005018195676  0.005521417895  0.003508766459  0.003508766459  0.003508766459  0.000000000000  0.006532688265  
piranga_rubra_ku26592 0.029132318014  0.029132318014  0.016214717321  0.020840290421  0.019788086796  0.017228496398  0.016713714133  0.018259668523  0.011606600339  0.011096577511  0.006031213299  0.004518441474  0.007043463660  0.007547452940  0.007547452940  0.006031213299  0.006031213299  0.006031213299  0.004014373854  0.009569652027  0.006029084410  0.003007774712  0.004514391978  0.004516705445  0.005019418032  0.003007774712  0.003007774712  0.004014373854  0.006532688265  0.000000000000  

