30
cardinalis_cardinalis_ku21828 0.000000000000  0.000000000000  0.013136447809  0.015182454881  0.015182454881  0.012629107187  0.013653041859  0.014673939350  0.013140807488  0.012618032876  0.012618032876  0.014145265821  0.018772084365  0.019806216881  0.018261340285  0.019806216881  0.015169684729  0.017220406079  0.018237825293  0.016192241516  0.013636898402  0.016192241516  0.013636898402  0.015678965845  0.013636898402  0.014148578699  0.014148578699  0.014660793025  0.014660793025  0.016706054552  
cardinalis_cardinalis_ku25393 0.000000000000  0.000000000000  0.013136447809  0.015182454881  0.015182454881  0.012629107187  0.013653041859  0.014673939350  0.013140807488  0.012618032876  0.012618032876  0.014145265821  0.018772084365  0.019806216881  0.018261340285  0.019806216881  0.015169684729  0.017220406079  0.018237825293  0.016192241516  0.013636898402  0.016192241516  0.013636898402  0.015678965845  0.013636898402  0.014148578699  0.014148578699  0.014660793025  0.014660793025  0.016706054552  
piranga_erythrocephala_fmnh343371 0.013136447809  0.013136447809  0.000000000000  0.005017415430  0.005017415430  0.002504226092  0.003508803193  0.010594823565  0.009071036856  0.008554598541  0.008554598541  0.010073496115  0.014669159082  0.015696288088  0.014160906807  0.015696288088  0.011091042025  0.013128919200  0.014142351819  0.012107677817  0.009567588609  0.012107677817  0.009567588609  0.011597852918  0.009567588609  0.011603757818  0.011603757818  0.012114122827  0.012114122827  0.014152290074  
piranga_rubriceps_lsu265 0.015182454881  0.015182454881  0.005017415430  0.000000000000  0.000000000000  0.002504558199  0.003509659279  0.012633591383  0.011104938255  0.010584617244  0.010584617244  0.012107677817  0.016720092320  0.017750986862  0.016210659829  0.017750986862  0.013128919200  0.015173542495  0.016188637033  0.014148578699  0.011600607215  0.014148578699  0.011600607215  0.013636898402  0.011600607215  0.013644175220  0.013644175220  0.014156399569  0.014156399569  0.016200651351  
piranga_rubriceps_lsu34818 0.015182454881  0.015182454881  0.005017415430  0.000000000000  0.000000000000  0.002504558199  0.003509659279  0.012633591383  0.011104938255  0.010584617244  0.010584617244  0.012107677817  0.016720092320  0.017750986862  0.016210659829  0.017750986862  0.013128919200  0.015173542495  0.016188637033  0.014148578699  0.011600607215  0.014148578699  0.011600607215  0.013636898402  0.011600607215  0.013644175220  0.013644175220  0.014156399569  0.014156399569  0.016200651351  
piranga_leucoptera_fmnh481795 0.012629107187  0.012629107187  0.002504226092  0.002504558199  0.002504558199  0.000000000000  0.001001020175  0.010089159961  0.008566274780  0.008049717570  0.008049717570  0.009567588609  0.014160906807  0.015187508750  0.013653041859  0.015187508750  0.010584617244  0.012621327560  0.013633857116  0.011600607215  0.009062066039  0.011600607215  0.009062066039  0.011091042025  0.009062066039  0.011097199600  0.011097199600  0.011607304350  0.011607304350  0.013644175220  
piranga_leucoptera_lsu7783 0.013653041859  0.013653041859  0.003508803193  0.003509659279  0.003509659279  0.001001020175  0.000000000000  0.011109399558  0.009583880022  0.009064662675  0.009064662675  0.010584617244  0.015187508750  0.016216262622  0.014679117280  0.016216262622  0.011603757818  0.013644175220  0.014657207987  0.012621327560  0.010078577923  0.012621327560  0.010078577923  0.012110702026  0.010078577923  0.012117939844  0.012117939844  0.012629107187  0.012629107187  0.014669159082  
piranga_roseogularis_ku2049 0.014673939350  0.014673939350  0.010594823565  0.012633591383  0.012633591383  0.010089159961  0.011109399558  0.000000000000  0.001501710086  0.010078577923  0.010078577923  0.011600607215  0.015182454881  0.016210659829  0.014673939350  0.016210659829  0.012621327560  0.014664776849  0.015678965845  0.013640337896  0.011093922990  0.013640337896  0.011093922990  0.013128919200  0.011093922990  0.013136447809  0.013136447809  0.013648409999  0.013648409999  0.015691358663  
piranga_roseogularis_ku2141 0.013140807488  0.013140807488  0.009071036856  0.011104938255  0.011104938255  0.008566274780  0.009583880022  0.001501710086  0.000000000000  0.008556927756  0.008556927756  0.010075839481  0.013648409999  0.014673939350  0.013140807488  0.014673939350  0.011093922990  0.013132484922  0.014145265821  0.012110702026  0.009570058803  0.012110702026  0.009570058803  0.011600607215  0.009570058803  0.011607304350  0.011607304350  0.012117939844  0.012117939844  0.014156399569  
piranga_bidentata_itm160 0.012618032876  0.012618032876  0.008554598541  0.010584617244  0.010584617244  0.008049717570  0.009064662675  0.010078577923  0.008556927756  0.000000000000  0.000000000000  0.001501511331  0.006031454615  0.007043812174  0.005528359049  0.007043812174  0.002504558199  0.007033105637  0.007537987611  0.005520419579  0.003006239366  0.005520419579  0.003006239366  0.005016862067  0.003006239366  0.005017415430  0.005017415430  0.005521499848  0.005521499848  0.007539832274  
piranga_bidentata_itm141 0.012618032876  0.012618032876  0.008554598541  0.010584617244  0.010584617244  0.008049717570  0.009064662675  0.010078577923  0.008556927756  0.000000000000  0.000000000000  0.001501511331  0.006031454615  0.007043812174  0.005528359049  0.007043812174  0.002504558199  0.007033105637  0.007537987611  0.005520419579  0.003006239366  0.005520419579  0.003006239366  0.005016862067  0.003006239366  0.005017415430  0.005017415430  0.005521499848  0.005521499848  0.007539832274  
piranga_ludoviciana_sdsu2208 0.014145265821  0.014145265821  0.010073496115  0.012107677817  0.012107677817  0.009567588609  0.010584617244  0.011600607215  0.010075839481  0.001501511331  0.001501511331  0.000000000000  0.007545219980  0.008559650449  0.007041105125  0.008559650449  0.004011135245  0.008043254654  0.008548907417  0.006528522388  0.004011294404  0.006528522388  0.004011294404  0.006024457383  0.004513820694  0.006529087265  0.006529087265  0.007034199569  0.007034199569  0.009056642446  
piranga_ludoviciana_sdsu2650 0.018772084365  0.018772084365  0.014669159082  0.016720092320  0.016720092320  0.014160906807  0.015187508750  0.015182454881  0.013648409999  0.006031454615  0.006031454615  0.007545219980  0.000000000000  0.001001020175  0.005528359049  0.007043812174  0.006537372364  0.012102820683  0.012610533872  0.011597852918  0.009059863537  0.011597852918  0.009059863537  0.011088557080  0.009059863537  0.011093922990  0.011093922990  0.011603757818  0.011603757818  0.013640337896  
piranga_ludoviciana_sdsu2648 0.019806216881  0.019806216881  0.015696288088  0.017750986862  0.017750986862  0.015187508750  0.016216262622  0.016210659829  0.014673939350  0.007043812174  0.007043812174  0.008559650449  0.001001020175  0.000000000000  0.006540204594  0.008058262299  0.007550775126  0.013122980763  0.013631214418  0.012618032876  0.010075839481  0.012618032876  0.010075839481  0.012107677817  0.010075839481  0.012114122827  0.012114122827  0.012625019122  0.012625019122  0.014664776849  
piranga_ludoviciana_sdsu2385 0.018261340285  0.018261340285  0.014160906807  0.016210659829  0.016210659829  0.013653041859  0.014679117280  0.014673939350  0.013140807488  0.005528359049  0.005528359049  0.007041105125  0.005528359049  0.006540204594  0.000000000000  0.001501710086  0.006034021054  0.012615135448  0.013122980763  0.011091042025  0.008554598541  0.011091042025  0.008554598541  0.010582005357  0.008554598541  0.010587624490  0.010587624490  0.011097199600  0.011097199600  0.013132484922  
piranga_bidentata_tepe59 0.019806216881  0.019806216881  0.015696288088  0.017750986862  0.017750986862  0.015187508750  0.016216262622  0.016210659829  0.014673939350  0.007043812174  0.007043812174  0.008559650449  0.007043812174  0.008058262299  0.001501710086  0.000000000000  0.007550775126  0.014145265821  0.014654022114  0.012618032876  0.010075839481  0.012618032876  0.010075839481  0.012107677817  0.010075839481  0.012114122827  0.012114122827  0.012625019122  0.012625019122  0.014664776849  
piranga_bidentata_hgoslp104 0.015169684729  0.015169684729  0.011091042025  0.013128919200  0.013128919200  0.010584617244  0.011603757818  0.012621327560  0.011093922990  0.002504558199  0.002504558199  0.004011135245  0.006537372364  0.007550775126  0.006034021054  0.007550775126  0.000000000000  0.009561659547  0.010068080978  0.008043831133  0.005520419579  0.008043831133  0.005520419579  0.007538208195  0.005520419579  0.007539832274  0.007539832274  0.008045986451  0.008045986451  0.010071548202  
piranga_flava_ku90809 0.017220406079  0.017220406079  0.013128919200  0.015173542495  0.015173542495  0.012621327560  0.013644175220  0.014664776849  0.013132484922  0.007033105637  0.007033105637  0.008043254654  0.012102820683  0.013122980763  0.012615135448  0.014145265821  0.009561659547  0.000000000000  0.002504226092  0.006529959565  0.004011135245  0.006529959565  0.004011135245  0.006025102191  0.007033455717  0.010069996120  0.010069996120  0.010577969170  0.010577969170  0.012610533872  
piranga_flava_lsu15408 0.018237825293  0.018237825293  0.014142351819  0.016188637033  0.016188637033  0.013633857116  0.014657207987  0.015678965845  0.014145265821  0.007537987611  0.007537987611  0.008548907417  0.012610533872  0.013631214418  0.013122980763  0.014654022114  0.010068080978  0.002504226092  0.000000000000  0.007034199569  0.004513848232  0.007034199569  0.004513848232  0.006529087265  0.007538208195  0.010576545629  0.010576545629  0.011084776766  0.011084776766  0.013118635528  
piranga_olivacea_ku2699 0.016192241516  0.016192241516  0.012107677817  0.014148578699  0.014148578699  0.011600607215  0.012621327560  0.013640337896  0.012110702026  0.005520419579  0.005520419579  0.006528522388  0.011597852918  0.012618032876  0.011091042025  0.012618032876  0.008043831133  0.006529959565  0.007034199569  0.000000000000  0.002504558199  0.005018279594  0.002504558199  0.004514449070  0.005520763622  0.008551122048  0.008551122048  0.009058055547  0.009058055547  0.011086468534  
piranga_hepatica_ku4970 0.013636898402  0.013636898402  0.009567588609  0.011600607215  0.011600607215  0.009062066039  0.010078577923  0.011093922990  0.009570058803  0.003006239366  0.003006239366  0.004011294404  0.009059863537  0.010075839481  0.008554598541  0.010075839481  0.005520419579  0.004011135245  0.004513848232  0.002504558199  0.000000000000  0.002504558199  0.000000000000  0.002002778513  0.003006053460  0.006025102191  0.006025102191  0.006529959565  0.006529959565  0.008551122048  
piranga_lutea_lsu5400 0.016192241516  0.016192241516  0.012107677817  0.014148578699  0.014148578699  0.011600607215  0.012621327560  0.013640337896  0.012110702026  0.005520419579  0.005520419579  0.006528522388  0.011597852918  0.012618032876  0.011091042025  0.012618032876  0.008043831133  0.006529959565  0.007034199569  0.005018279594  0.002504558199  0.000000000000  0.002504558199  0.004514449070  0.005520763622  0.008551122048  0.008551122048  0.009058055547  0.009058055547  0.011086468534  
piranga_hepatica_ku9084 0.013636898402  0.013636898402  0.009567588609  0.011600607215  0.011600607215  0.009062066039  0.010078577923  0.011093922990  0.009570058803  0.003006239366  0.003006239366  0.004011294404  0.009059863537  0.010075839481  0.008554598541  0.010075839481  0.005520419579  0.004011135245  0.004513848232  0.002504558199  0.000000000000  0.002504558199  0.000000000000  0.002002778513  0.003006053460  0.006025102191  0.006025102191  0.006529959565  0.006529959565  0.008551122048  
piranga_olivacea_ku4672 0.015678965845  0.015678965845  0.011597852918  0.013636898402  0.013636898402  0.011091042025  0.012110702026  0.013128919200  0.011600607215  0.005016862067  0.005016862067  0.006024457383  0.011088557080  0.012107677817  0.010582005357  0.012107677817  0.007538208195  0.006025102191  0.006529087265  0.004514449070  0.002002778513  0.004514449070  0.002002778513  0.000000000000  0.005016942795  0.008044711628  0.008044711628  0.008551122048  0.008551122048  0.010577969170  
piranga_lutea_ku89864 0.013636898402  0.013636898402  0.009567588609  0.011600607215  0.011600607215  0.009062066039  0.010078577923  0.011093922990  0.009570058803  0.003006239366  0.003006239366  0.004513820694  0.009059863537  0.010075839481  0.008554598541  0.010075839481  0.005520419579  0.007033455717  0.007538208195  0.005520763622  0.003006053460  0.005520763622  0.003006053460  0.005016942795  0.000000000000  0.006025102191  0.006025102191  0.006529959565  0.006529959565  0.008551122048  
piranga_rubra_ku7046 0.014148578699  0.014148578699  0.011603757818  0.013644175220  0.013644175220  0.011097199600  0.012117939844  0.013136447809  0.011607304350  0.005017415430  0.005017415430  0.006529087265  0.011093922990  0.012114122827  0.010587624490  0.012114122827  0.007539832274  0.010069996120  0.010576545629  0.008551122048  0.006025102191  0.008551122048  0.006025102191  0.008044711628  0.006025102191  0.000000000000  0.000000000000  0.000500254870  0.000500254870  0.002504558199  
piranga_rubra_sdsu2635 0.014148578699  0.014148578699  0.011603757818  0.013644175220  0.013644175220  0.011097199600  0.012117939844  0.013136447809  0.011607304350  0.005017415430  0.005017415430  0.006529087265  0.011093922990  0.012114122827  0.010587624490  0.012114122827  0.007539832274  0.010069996120  0.010576545629  0.008551122048  0.006025102191  0.008551122048  0.006025102191  0.008044711628  0.006025102191  0.000000000000  0.000000000000  0.000500254870  0.000500254870  0.002504558199  
piranga_rubra_sdsu2654 0.014660793025  0.014660793025  0.012114122827  0.014156399569  0.014156399569  0.011607304350  0.012629107187  0.013648409999  0.012117939844  0.005521499848  0.005521499848  0.007034199569  0.011603757818  0.012625019122  0.011097199600  0.012625019122  0.008045986451  0.010577969170  0.011084776766  0.009058055547  0.006529959565  0.009058055547  0.006529959565  0.008551122048  0.006529959565  0.000500254870  0.000500254870  0.000000000000  0.000000000000  0.002002778513  
piranga_erythrocephala_fmnh343370 0.014660793025  0.014660793025  0.012114122827  0.014156399569  0.014156399569  0.011607304350  0.012629107187  0.013648409999  0.012117939844  0.005521499848  0.005521499848  0.007034199569  0.011603757818  0.012625019122  0.011097199600  0.012625019122  0.008045986451  0.010577969170  0.011084776766  0.009058055547  0.006529959565  0.009058055547  0.006529959565  0.008551122048  0.006529959565  0.000500254870  0.000500254870  0.000000000000  0.000000000000  0.002002778513  
piranga_rubra_ku26592 0.016706054552  0.016706054552  0.014152290074  0.016200651351  0.016200651351  0.013644175220  0.014669159082  0.015691358663  0.014156399569  0.007539832274  0.007539832274  0.009056642446  0.013640337896  0.014664776849  0.013132484922  0.014664776849  0.010071548202  0.012610533872  0.013118635528  0.011086468534  0.008551122048  0.011086468534  0.008551122048  0.010577969170  0.008551122048  0.002504558199  0.002504558199  0.002002778513  0.002002778513  0.000000000000  

