30
cardinalis_cardinalis_ku21828 0.000000000000  0.000000000000  0.013634178392  0.013631506436  0.013631506436  0.013123266534  0.014649155691  0.013631506436  0.013120867731  0.012612888315  0.012612888315  0.014140135934  0.016189092298  0.017216801375  0.014145625008  0.015170126998  0.013123266534  0.013634178392  0.014657607502  0.014140135934  0.012103042623  0.013120867731  0.012103042623  0.012612888315  0.011593728348  0.013123266534  0.013123266534  0.014142679326  0.014142679326  0.015166632140  
cardinalis_cardinalis_ku25393 0.000000000000  0.000000000000  0.013634178392  0.013631506436  0.013631506436  0.013123266534  0.014649155691  0.013631506436  0.013120867731  0.012612888315  0.012612888315  0.014140135934  0.016189092298  0.017216801375  0.014145625008  0.015170126998  0.013123266534  0.013634178392  0.014657607502  0.014140135934  0.012103042623  0.013120867731  0.012103042623  0.012612888315  0.011593728348  0.013123266534  0.013123266534  0.014142679326  0.014142679326  0.015166632140  
piranga_erythrocephala_fmnh343371 0.013634178392  0.013634178392  0.000000000000  0.002002711167  0.002002711167  0.001501513506  0.003006247487  0.012107952881  0.011598094838  0.011091279463  0.011091279463  0.012615415568  0.014661229690  0.015687357730  0.012621671659  0.013644602456  0.011600877814  0.012111008176  0.013132869380  0.012615415568  0.010582212012  0.011598094838  0.010582212012  0.011091279463  0.010073674358  0.011600877814  0.011600877814  0.012618343475  0.012618343475  0.013640726780  
piranga_rubriceps_lsu265 0.013631506436  0.013631506436  0.002002711167  0.000000000000  0.000000000000  0.000500189084  0.002003030441  0.012105297570  0.011595711557  0.011088768238  0.011088768238  0.012612888315  0.014657607502  0.015683184623  0.012618343475  0.013640726780  0.011598094838  0.012107952881  0.013129267736  0.012612888315  0.010579971973  0.011595711557  0.010579971973  0.011088768238  0.010071704941  0.011598094838  0.011598094838  0.012615415568  0.012615415568  0.013637251967  
piranga_rubriceps_lsu34818 0.013631506436  0.013631506436  0.002002711167  0.000000000000  0.000000000000  0.000500189084  0.002003030441  0.012105297570  0.011595711557  0.011088768238  0.011088768238  0.012612888315  0.014657607502  0.015683184623  0.012618343475  0.013640726780  0.011598094838  0.012107952881  0.013129267736  0.012612888315  0.010579971973  0.011595711557  0.010579971973  0.011088768238  0.010071704941  0.011598094838  0.011598094838  0.012615415568  0.012615415568  0.013637251967  
piranga_leucoptera_fmnh481795 0.013123266534  0.013123266534  0.001501513506  0.000500189084  0.000500189084  0.000000000000  0.001501703667  0.011598094838  0.011088768238  0.010582212012  0.010582212012  0.012105297570  0.014148972602  0.015174024356  0.012111008176  0.013132869380  0.011091279463  0.011600877814  0.012621671659  0.012105297570  0.010073674358  0.011088768238  0.010073674358  0.010582212012  0.009565665398  0.011091279463  0.011091279463  0.012107952881  0.012107952881  0.013129267736  
piranga_leucoptera_lsu7783 0.014649155691  0.014649155691  0.003006247487  0.002003030441  0.002003030441  0.001501703667  0.000000000000  0.013120867731  0.012610762096  0.012103042623  0.012103042623  0.013629236477  0.015676047178  0.016702676652  0.013634178392  0.014657607502  0.012612888315  0.013123266534  0.014145625008  0.013629236477  0.011593728348  0.012610762096  0.011593728348  0.012103042623  0.011084944382  0.012103042623  0.012103042623  0.013120867731  0.013120867731  0.014142679326  
piranga_roseogularis_ku2049 0.013631506436  0.013631506436  0.012107952881  0.012105297570  0.012105297570  0.011598094838  0.013120867731  0.000000000000  0.000500255986  0.009064859359  0.009064859359  0.010584850789  0.012625399744  0.013648878619  0.010591323056  0.011611621151  0.009573150940  0.010081971805  0.011101205801  0.010584850789  0.008557095961  0.009570258224  0.008557095961  0.009064859359  0.008049859649  0.009573150940  0.009573150940  0.010587887929  0.010587887929  0.011607641345  
piranga_roseogularis_ku2141 0.013120867731  0.013120867731  0.011598094838  0.011595711557  0.011595711557  0.011088768238  0.012610762096  0.000500255986  0.000000000000  0.008557095961  0.008557095961  0.010076042225  0.012114463080  0.013136871217  0.010081971805  0.011101205801  0.009064859359  0.009573150940  0.010591323056  0.010076042225  0.008049859649  0.009062237002  0.008049859649  0.008557095961  0.007543149332  0.009064859359  0.009064859359  0.010078808165  0.010078808165  0.011097498619  
piranga_bidentata_itm160 0.012612888315  0.012612888315  0.011091279463  0.011088768238  0.011088768238  0.010582212012  0.012103042623  0.009064859359  0.008557095961  0.000000000000  0.000000000000  0.002504569149  0.004516878707  0.005526149686  0.002506417189  0.003512594951  0.001502307028  0.004013023874  0.005021253620  0.004514480873  0.002504569149  0.003508823184  0.002504569149  0.003006870161  0.002002783950  0.003509688048  0.003509688048  0.004515483066  0.004515483066  0.005524221073  
piranga_bidentata_itm141 0.012612888315  0.012612888315  0.011091279463  0.011088768238  0.011088768238  0.010582212012  0.012103042623  0.009064859359  0.008557095961  0.000000000000  0.000000000000  0.002504569149  0.004516878707  0.005526149686  0.002506417189  0.003512594951  0.001502307028  0.004013023874  0.005021253620  0.004514480873  0.002504569149  0.003508823184  0.002504569149  0.003006870161  0.002002783950  0.003509688048  0.003509688048  0.004515483066  0.004515483066  0.005524221073  
piranga_ludoviciana_sdsu2208 0.014140135934  0.014140135934  0.012615415568  0.012612888315  0.012612888315  0.012105297570  0.013629236477  0.010584850789  0.010076042225  0.002504569149  0.002504569149  0.000000000000  0.006027570426  0.007038906038  0.004013023874  0.005021253620  0.003006870161  0.005522686471  0.006532976588  0.006025151535  0.004011157083  0.005017449625  0.004011157083  0.004514480873  0.003508351209  0.005018323645  0.005018323645  0.006026163460  0.006026163460  0.007036963918  
piranga_ludoviciana_sdsu2650 0.016189092298  0.016189092298  0.014661229690  0.014657607502  0.014657607502  0.014148972602  0.015676047178  0.012625399744  0.012114463080  0.004516878707  0.004516878707  0.006027570426  0.000000000000  0.001001024645  0.003006870161  0.004013023874  0.005021253620  0.007545359861  0.008559844981  0.008047776331  0.006027570426  0.007036963918  0.006027570426  0.006532976588  0.005522686471  0.007038906038  0.007038906038  0.008049859649  0.008049859649  0.009064859359  
piranga_ludoviciana_sdsu2648 0.017216801375  0.017216801375  0.015687357730  0.015683184623  0.015683184623  0.015174024356  0.016702676652  0.013648878619  0.013136871217  0.005526149686  0.005526149686  0.007038906038  0.001001024645  0.000000000000  0.004013023874  0.005021253620  0.006031567984  0.008559844981  0.009576440694  0.009062237002  0.007038906038  0.008049859649  0.007038906038  0.007545359861  0.006532976588  0.008052339144  0.008052339144  0.009064859359  0.009064859359  0.010081971805  
piranga_ludoviciana_sdsu2385 0.014145625008  0.014145625008  0.012621671659  0.012618343475  0.012618343475  0.012111008176  0.013634178392  0.010591323056  0.010081971805  0.002506417189  0.002506417189  0.004013023874  0.003006870161  0.004013023874  0.000000000000  0.001001024645  0.003009247088  0.005526149686  0.006537509596  0.006027570426  0.004013023874  0.005019591768  0.004013023874  0.004516878707  0.003509688048  0.005021253620  0.005021253620  0.006029372058  0.006029372058  0.007041243391  
piranga_bidentata_tepe59 0.015170126998  0.015170126998  0.013644602456  0.013640726780  0.013640726780  0.013132869380  0.014657607502  0.011611621151  0.011101205801  0.003512594951  0.003512594951  0.005021253620  0.004013023874  0.005021253620  0.001001024645  0.000000000000  0.004016461847  0.006537509596  0.007550967101  0.007038906038  0.005021253620  0.006029372058  0.005021253620  0.005526149686  0.004516878707  0.006031567984  0.006031567984  0.007041243391  0.007041243391  0.008055214443  
piranga_bidentata_hgoslp104 0.013123266534  0.013123266534  0.011600877814  0.011598094838  0.011598094838  0.011091279463  0.012612888315  0.009573150940  0.009064859359  0.001502307028  0.001502307028  0.003006870161  0.005021253620  0.006031567984  0.003009247088  0.004016461847  0.000000000000  0.004516878707  0.005526149686  0.005018323645  0.003006870161  0.004011893894  0.003006870161  0.003509688048  0.002504569149  0.004013023874  0.004013023874  0.005019591768  0.005019591768  0.006029372058  
piranga_flava_ku90809 0.013634178392  0.013634178392  0.012111008176  0.012107952881  0.012107952881  0.011600877814  0.013123266534  0.010081971805  0.009573150940  0.004013023874  0.004013023874  0.005522686471  0.007545359861  0.008559844981  0.005526149686  0.006537509596  0.004516878707  0.000000000000  0.002004104190  0.003509688048  0.001502307028  0.002505297376  0.001502307028  0.002004104190  0.003006870161  0.004516878707  0.004516878707  0.005524221073  0.005524221073  0.006535045803  
piranga_flava_lsu15408 0.014657607502  0.014657607502  0.013132869380  0.013129267736  0.013129267736  0.012621671659  0.014145625008  0.011101205801  0.010591323056  0.005021253620  0.005021253620  0.006532976588  0.008559844981  0.009576440694  0.006537509596  0.007550967101  0.005526149686  0.002004104190  0.000000000000  0.004516878707  0.002506417189  0.003510945427  0.002506417189  0.003009247088  0.004013023874  0.005526149686  0.005526149686  0.006535045803  0.006535045803  0.007547965908  
piranga_olivacea_ku2699 0.014140135934  0.014140135934  0.012615415568  0.012612888315  0.012612888315  0.012105297570  0.013629236477  0.010584850789  0.010076042225  0.004514480873  0.004514480873  0.006025151535  0.008047776331  0.009062237002  0.006027570426  0.007038906038  0.005018323645  0.003509688048  0.004516878707  0.000000000000  0.002002783950  0.003006269867  0.002002783950  0.002504569149  0.003508351209  0.005018323645  0.005018323645  0.006026163460  0.006026163460  0.007036963918  
piranga_hepatica_ku4970 0.012103042623  0.012103042623  0.010582212012  0.010579971973  0.010579971973  0.010073674358  0.011593728348  0.008557095961  0.008049859649  0.002504569149  0.002504569149  0.004011157083  0.006027570426  0.007038906038  0.004013023874  0.005021253620  0.003006870161  0.001502307028  0.002506417189  0.002002783950  0.000000000000  0.001000695325  0.000000000000  0.000500255986  0.001501513506  0.003006870161  0.003006870161  0.004011893894  0.004011893894  0.005019591768  
piranga_lutea_lsu5400 0.013120867731  0.013120867731  0.011598094838  0.011595711557  0.011595711557  0.011088768238  0.012610762096  0.009570258224  0.009062237002  0.003508823184  0.003508823184  0.005017449625  0.007036963918  0.008049859649  0.005019591768  0.006029372058  0.004011893894  0.002505297376  0.003510945427  0.003006269867  0.001000695325  0.000000000000  0.001000695325  0.001501714750  0.002504232882  0.004011893894  0.004011893894  0.005018323645  0.005018323645  0.006027570426  
piranga_hepatica_ku9084 0.012103042623  0.012103042623  0.010582212012  0.010579971973  0.010579971973  0.010073674358  0.011593728348  0.008557095961  0.008049859649  0.002504569149  0.002504569149  0.004011157083  0.006027570426  0.007038906038  0.004013023874  0.005021253620  0.003006870161  0.001502307028  0.002506417189  0.002002783950  0.000000000000  0.001000695325  0.000000000000  0.000500255986  0.001501513506  0.003006870161  0.003006870161  0.004011893894  0.004011893894  0.005019591768  
piranga_olivacea_ku4672 0.012612888315  0.012612888315  0.011091279463  0.011088768238  0.011088768238  0.010582212012  0.012103042623  0.009064859359  0.008557095961  0.003006870161  0.003006870161  0.004514480873  0.006532976588  0.007545359861  0.004516878707  0.005526149686  0.003509688048  0.002004104190  0.003009247088  0.002504569149  0.000500255986  0.001501714750  0.000500255986  0.000000000000  0.002002783950  0.003509688048  0.003509688048  0.004515483066  0.004515483066  0.005524221073  
piranga_lutea_ku89864 0.011593728348  0.011593728348  0.010073674358  0.010071704941  0.010071704941  0.009565665398  0.011084944382  0.008049859649  0.007543149332  0.002002783950  0.002002783950  0.003508351209  0.005522686471  0.006532976588  0.003509688048  0.004516878707  0.002504569149  0.003006870161  0.004013023874  0.003508351209  0.001501513506  0.002504232882  0.001501513506  0.002002783950  0.000000000000  0.002504569149  0.002504569149  0.003508823184  0.003508823184  0.004515483066  
piranga_rubra_ku7046 0.013123266534  0.013123266534  0.011600877814  0.011598094838  0.011598094838  0.011091279463  0.012103042623  0.009573150940  0.009064859359  0.003509688048  0.003509688048  0.005018323645  0.007038906038  0.008052339144  0.005021253620  0.006031567984  0.004013023874  0.004516878707  0.005526149686  0.005018323645  0.003006870161  0.004011893894  0.003006870161  0.003509688048  0.002504569149  0.000000000000  0.000000000000  0.001000695325  0.001000695325  0.002003248415  
piranga_rubra_sdsu2635 0.013123266534  0.013123266534  0.011600877814  0.011598094838  0.011598094838  0.011091279463  0.012103042623  0.009573150940  0.009064859359  0.003509688048  0.003509688048  0.005018323645  0.007038906038  0.008052339144  0.005021253620  0.006031567984  0.004013023874  0.004516878707  0.005526149686  0.005018323645  0.003006870161  0.004011893894  0.003006870161  0.003509688048  0.002504569149  0.000000000000  0.000000000000  0.001000695325  0.001000695325  0.002003248415  
piranga_rubra_sdsu2654 0.014142679326  0.014142679326  0.012618343475  0.012615415568  0.012615415568  0.012107952881  0.013120867731  0.010587887929  0.010078808165  0.004515483066  0.004515483066  0.006026163460  0.008049859649  0.009064859359  0.006029372058  0.007041243391  0.005019591768  0.005524221073  0.006535045803  0.006026163460  0.004011893894  0.005018323645  0.004011893894  0.004515483066  0.003508823184  0.001000695325  0.001000695325  0.000000000000  0.000000000000  0.001001024645  
piranga_erythrocephala_fmnh343370 0.014142679326  0.014142679326  0.012618343475  0.012615415568  0.012615415568  0.012107952881  0.013120867731  0.010587887929  0.010078808165  0.004515483066  0.004515483066  0.006026163460  0.008049859649  0.009064859359  0.006029372058  0.007041243391  0.005019591768  0.005524221073  0.006535045803  0.006026163460  0.004011893894  0.005018323645  0.004011893894  0.004515483066  0.003508823184  0.001000695325  0.001000695325  0.000000000000  0.000000000000  0.001001024645  
piranga_rubra_ku26592 0.015166632140  0.015166632140  0.013640726780  0.013637251967  0.013637251967  0.013129267736  0.014142679326  0.011607641345  0.011097498619  0.005524221073  0.005524221073  0.007036963918  0.009064859359  0.010081971805  0.007041243391  0.008055214443  0.006029372058  0.006535045803  0.007547965908  0.007036963918  0.005019591768  0.006027570426  0.005019591768  0.005524221073  0.004515483066  0.002003248415  0.002003248415  0.001001024645  0.001001024645  0.000000000000  

