30
piranga_rubra_ku26592 0.000000000000  0.008036163901  0.005006628487  0.005011227601  0.002999620842  0.004006191118  0.003014692450  0.005011646810  0.002017079254  0.004001790686  0.004118484757  0.003036048948  0.003002623096  0.004481471558  0.000998236260  0.001945286460  0.004577197413  0.002999620842  0.000000000000  0.005006628487  0.002999620842  0.004004177236  0.006020784351  0.003026859224  0.004130292259  0.000000000000  0.002243328324  0.002999620842  0.006016569324  0.005041969289  
piranga_flava_ku90809 0.008036163901  0.000000000000  0.005008125589  0.009057030862  0.007027526392  0.008044244692  0.007062980872  0.009055807688  0.008109480829  0.006016569324  0.004120170835  0.007113222437  0.004008189639  0.004483468945  0.007023802624  0.003896908312  0.004577197413  0.007027526392  0.003829749207  0.005008125589  0.007027526392  0.006016569324  0.010075603666  0.007091603079  0.005171918975  0.002057346215  0.006750351559  0.005008125589  0.006020784351  0.005043487676  
piranga_ludoviciana_sdsu2385 0.005006628487  0.005008125589  0.000000000000  0.006016569324  0.004002182722  0.005011646810  0.004022305317  0.006018997922  0.005052158486  0.002998728351  0.001369744175  0.004050819306  0.000998937648  0.001490172416  0.004001790686  0.001945286460  0.003048198099  0.004002182722  0.001911815157  0.001997750192  0.004002182722  0.002998728351  0.007027526392  0.004038549672  0.003095571771  0.002057346215  0.004493128134  0.001997750192  0.002999620842  0.002011817093  
piranga_rubriceps_lsu265 0.005011227601  0.009057030862  0.006016569324  0.000000000000  0.004007769749  0.005016255177  0.006057022227  0.006022608646  0.007097034662  0.007027526392  0.002742626330  0.006100129759  0.004011789364  0.002984059632  0.006020784351  0.001946409976  0.004577197413  0.006026602278  0.001912900319  0.006016569324  0.004007769749  0.007027526392  0.005015930054  0.006081580197  0.006214091855  0.002058602995  0.002243328324  0.004007769749  0.007032859993  0.006059100735  
piranga_leucoptera_lsu7783 0.002999620842  0.007027526392  0.004002182722  0.004007769749  0.000000000000  0.005016255177  0.002008974715  0.006022608646  0.003026859224  0.002998728351  0.002742626330  0.002023200701  0.002000935043  0.002984059632  0.001997546096  0.000000000000  0.004577197413  0.001998935169  0.000000000000  0.004002182722  0.000000000000  0.005008125589  0.005015930054  0.002017079254  0.002061370243  0.000000000000  0.002243328324  0.001998935169  0.005011227601  0.004030411126  
cardinalis_cardinalis_ku25393 0.004006191118  0.008044244692  0.005011646810  0.005016255177  0.005016255177  0.000000000000  0.005041545140  0.000998937648  0.006077513120  0.006019995725  0.001369744175  0.005077382545  0.003005631365  0.001490172416  0.005013146925  0.000000000000  0.003048198099  0.005016255177  0.000000000000  0.005011646810  0.005016255177  0.006019995725  0.006026832162  0.005061961459  0.005168614418  0.000000000000  0.000000000000  0.003002623096  0.006022608646  0.005047058745  
piranga_olivacea_ku2699 0.003014692450  0.007062980872  0.004022305317  0.006057022227  0.002008974715  0.005041545140  0.000000000000  0.006052988041  0.003042206495  0.003013790952  0.004120170835  0.002023200701  0.002010994738  0.004483468945  0.002007571649  0.000000000000  0.006111981960  0.002008974715  0.000000000000  0.004022305317  0.002008974715  0.005033333368  0.007075377896  0.002027302349  0.003095571771  0.000000000000  0.004499132231  0.002008974715  0.005036466768  0.004050819306  
cardinalis_cardinalis_ku21828 0.005011646810  0.009055807688  0.006018997922  0.006022608646  0.006022608646  0.000998937648  0.006052988041  0.000000000000  0.007094994968  0.007028743805  0.001369744175  0.006096037751  0.004010207551  0.001490172416  0.006019995725  0.000000000000  0.003048198099  0.006022608646  0.000000000000  0.006018997922  0.006022608646  0.007028743805  0.007034588783  0.006077513120  0.006206822969  0.000000000000  0.000000000000  0.004006191118  0.007030857500  0.006061563599  
piranga_rubra_ku7046 0.002017079254  0.008109480829  0.005052158486  0.007097034662  0.003026859224  0.006077513120  0.003042206495  0.007094994968  0.000000000000  0.004038150458  0.005498637796  0.003063956006  0.003029916278  0.005983971867  0.001007285848  0.001945286460  0.006111981960  0.003026859224  0.000000000000  0.005052158486  0.003026859224  0.004040580687  0.008120992031  0.003026859224  0.004169035959  0.000000000000  0.004499132231  0.003026859224  0.006071363237  0.005052158486  
piranga_bidentata_hgoslp104 0.004001790686  0.006016569324  0.002998728351  0.007027526392  0.002998728351  0.006019995725  0.003013790952  0.007028743805  0.004038150458  0.000000000000  0.001370301007  0.003035134609  0.001999543188  0.001490831520  0.002999435922  0.000000000000  0.003047721885  0.002998728351  0.000000000000  0.000998236260  0.002998728351  0.004002182722  0.008041009354  0.003025950421  0.001030113472  0.000000000000  0.004492090278  0.002998728351  0.004004177236  0.001005260677  
piranga_ludoviciana_sdsu2648 0.004118484757  0.004120170835  0.001369744175  0.002742626330  0.002742626330  0.001369744175  0.004120170835  0.001369744175  0.005498637796  0.001370301007  0.000000000000  0.002742626330  0.000000000000  0.000000000000  0.004118484757  0.000000000000  0.001851635336  0.002742626330  0.000000000000  0.000000000000  0.002742626330  0.002742626330  0.001369744175  0.002742626330  0.001370301007  0.000000000000  0.002241835853  0.001369744175  0.000000000000  0.000000000000  
piranga_roseogularis_ku2049 0.003036048948  0.007113222437  0.004050819306  0.006100129759  0.002023200701  0.005077382545  0.002023200701  0.006096037751  0.003063956006  0.003035134609  0.002742626330  0.000000000000  0.002025249448  0.002984059632  0.002021777689  0.000000000000  0.004577197413  0.002023200701  0.000000000000  0.004050819306  0.002023200701  0.005069053605  0.007125796889  0.000000000000  0.003095571771  0.000000000000  0.002243328324  0.002023200701  0.005072231754  0.004079740453  
piranga_hepatica_ku4970 0.003002623096  0.004008189639  0.000998937648  0.004011789364  0.002000935043  0.003005631365  0.002010994738  0.004010207551  0.003029916278  0.001999543188  0.000000000000  0.002025249448  0.000000000000  0.000000000000  0.001999543188  0.000000000000  0.001524243225  0.002000935043  0.000000000000  0.000998937648  0.002000935043  0.001999543188  0.005020967082  0.002019115616  0.002064979469  0.000000000000  0.000000000000  0.000000000000  0.002000935043  0.001005971973  
piranga_hepatica_ku9084 0.004481471558  0.004483468945  0.001490172416  0.002984059632  0.002984059632  0.001490172416  0.004483468945  0.001490172416  0.005983971867  0.001490831520  0.000000000000  0.002984059632  0.000000000000  0.000000000000  0.004481471558  0.000000000000  0.002061587621  0.002984059632  0.000000000000  0.000000000000  0.002984059632  0.002984059632  0.001490172416  0.002984059632  0.001490831520  0.000000000000  0.002241835853  0.001490172416  0.000000000000  0.000000000000  
piranga_rubra_sdsu2654 0.000998236260  0.007023802624  0.004001790686  0.006020784351  0.001997546096  0.005013146925  0.002007571649  0.006019995725  0.001007285848  0.002999435922  0.004118484757  0.002021777689  0.001999543188  0.004481471558  0.000000000000  0.001945286460  0.004577197413  0.001997546096  0.000000000000  0.004001790686  0.001997546096  0.002999620842  0.007032859993  0.002015664842  0.003094621161  0.000000000000  0.002243328324  0.001997546096  0.005008125589  0.004030013524  
piranga_flava_lsu15408 0.001945286460  0.003896908312  0.001945286460  0.001946409976  0.000000000000  0.000000000000  0.000000000000  0.000000000000  0.001945286460  0.000000000000  0.000000000000  0.000000000000  0.000000000000  0.000000000000  0.001945286460  0.000000000000  0.003076329994  0.000000000000  0.000000000000  0.000000000000  0.000000000000  0.003896908312  0.000000000000  0.000000000000  0.000000000000  0.000000000000  0.000000000000  0.000000000000  0.000000000000  0.000000000000  
piranga_lutea_lsu5400 0.004577197413  0.004577197413  0.003048198099  0.004577197413  0.004577197413  0.003048198099  0.006111981960  0.003048198099  0.006111981960  0.003047721885  0.001851635336  0.004577197413  0.001524243225  0.002061587621  0.004577197413  0.003076329994  0.000000000000  0.004577197413  0.002840402738  0.001521923442  0.004577197413  0.001521923442  0.003048198099  0.004577197413  0.004579281318  0.002864814498  0.002241835853  0.003048198099  0.001521923442  0.001521923442  
piranga_olivacea_ku4672 0.002999620842  0.007027526392  0.004002182722  0.006026602278  0.001998935169  0.005016255177  0.002008974715  0.006022608646  0.003026859224  0.002998728351  0.002742626330  0.002023200701  0.002000935043  0.002984059632  0.001997546096  0.000000000000  0.004577197413  0.000000000000  0.000000000000  0.004002182722  0.001998935169  0.005008125589  0.007039798971  0.002017079254  0.003095571771  0.000000000000  0.002243328324  0.001998935169  0.005011227601  0.004030411126  
piranga_ludoviciana_sdsu2208 0.000000000000  0.003829749207  0.001911815157  0.001912900319  0.000000000000  0.000000000000  0.000000000000  0.000000000000  0.000000000000  0.000000000000  0.000000000000  0.000000000000  0.000000000000  0.000000000000  0.000000000000  0.000000000000  0.002840402738  0.000000000000  0.000000000000  0.000000000000  0.000000000000  0.001912900319  0.000000000000  0.000000000000  0.000000000000  0.000000000000  0.000000000000  0.000000000000  0.000000000000  0.000000000000  
piranga_bidentata_itm160 0.005006628487  0.005008125589  0.001997750192  0.006016569324  0.004002182722  0.005011646810  0.004022305317  0.006018997922  0.005052158486  0.000998236260  0.000000000000  0.004050819306  0.000998937648  0.000000000000  0.004001790686  0.000000000000  0.001521923442  0.004002182722  0.000000000000  0.000000000000  0.004002182722  0.002998728351  0.007027526392  0.004038549672  0.002062849593  0.000000000000  0.002241835853  0.001997750192  0.002999620842  0.000000000000  
piranga_leucoptera_fmnh481795 0.002999620842  0.007027526392  0.004002182722  0.004007769749  0.000000000000  0.005016255177  0.002008974715  0.006022608646  0.003026859224  0.002998728351  0.002742626330  0.002023200701  0.002000935043  0.002984059632  0.001997546096  0.000000000000  0.004577197413  0.001998935169  0.000000000000  0.004002182722  0.000000000000  0.005008125589  0.005015930054  0.002017079254  0.002061370243  0.000000000000  0.002243328324  0.001998935169  0.005011227601  0.004030411126  
piranga_lutea_ku89864 0.004004177236  0.006016569324  0.002998728351  0.007027526392  0.005008125589  0.006019995725  0.005033333368  0.007028743805  0.004040580687  0.004002182722  0.002742626330  0.005069053605  0.001999543188  0.002984059632  0.002999620842  0.003896908312  0.001521923442  0.005008125589  0.001912900319  0.002998728351  0.005008125589  0.000000000000  0.008041009354  0.005053683039  0.004132416832  0.002058602995  0.002241835853  0.002998728351  0.004004177236  0.003019858446  
piranga_rubriceps_lsu34818 0.006020784351  0.010075603666  0.007027526392  0.005015930054  0.005015930054  0.006026832162  0.007075377896  0.007034588783  0.008120992031  0.008041009354  0.001369744175  0.007125796889  0.005020967082  0.001490172416  0.007032859993  0.000000000000  0.003048198099  0.007039798971  0.000000000000  0.007027526392  0.005015930054  0.008041009354  0.000000000000  0.007104101027  0.007258949230  0.000000000000  0.000000000000  0.005015930054  0.006020784351  0.007077263036  
piranga_roseogularis_ku2141 0.003026859224  0.007091603079  0.004038549672  0.006081580197  0.002017079254  0.005061961459  0.002027302349  0.006077513120  0.003026859224  0.003025950421  0.002742626330  0.000000000000  0.002019115616  0.002984059632  0.002015664842  0.000000000000  0.004577197413  0.002017079254  0.000000000000  0.004038549672  0.002017079254  0.005053683039  0.007104101027  0.000000000000  0.003124589044  0.000000000000  0.002243328324  0.002017079254  0.005056841893  0.004038549672  
piranga_erythrocephala_fmnh343371 0.004130292259  0.005171918975  0.003095571771  0.006214091855  0.002061370243  0.005168614418  0.003095571771  0.006206822969  0.004169035959  0.001030113472  0.001370301007  0.003095571771  0.002064979469  0.001490831520  0.003094621161  0.000000000000  0.004579281318  0.003095571771  0.000000000000  0.002062849593  0.002061370243  0.004132416832  0.007258949230  0.003124589044  0.000000000000  0.000000000000  0.004492090278  0.003095571771  0.004136243441  0.002077851660  
piranga_erythrocephala_fmnh343370 0.000000000000  0.002057346215  0.002057346215  0.002058602995  0.000000000000  0.000000000000  0.000000000000  0.000000000000  0.000000000000  0.000000000000  0.000000000000  0.000000000000  0.000000000000  0.000000000000  0.000000000000  0.000000000000  0.002864814498  0.000000000000  0.000000000000  0.000000000000  0.000000000000  0.002058602995  0.000000000000  0.000000000000  0.000000000000  0.000000000000  0.000000000000  0.000000000000  0.000000000000  0.000000000000  
piranga_ludoviciana_sdsu2650 0.002243328324  0.006750351559  0.004493128134  0.002243328324  0.002243328324  0.000000000000  0.004499132231  0.000000000000  0.004499132231  0.004492090278  0.002241835853  0.002243328324  0.000000000000  0.002241835853  0.002243328324  0.000000000000  0.002241835853  0.002243328324  0.000000000000  0.002241835853  0.002243328324  0.002241835853  0.000000000000  0.002243328324  0.004492090278  0.000000000000  0.000000000000  0.000000000000  0.002241835853  0.002241835853  
piranga_bidentata_tepe59 0.002999620842  0.005008125589  0.001997750192  0.004007769749  0.001998935169  0.003002623096  0.002008974715  0.004006191118  0.003026859224  0.002998728351  0.001369744175  0.002023200701  0.000000000000  0.001490172416  0.001997546096  0.000000000000  0.003048198099  0.001998935169  0.000000000000  0.001997750192  0.001998935169  0.002998728351  0.005015930054  0.002017079254  0.003095571771  0.000000000000  0.000000000000  0.000000000000  0.002999620842  0.002011817093  
piranga_rubra_sdsu2635 0.006016569324  0.006020784351  0.002999620842  0.007032859993  0.005011227601  0.006022608646  0.005036466768  0.007030857500  0.006071363237  0.004004177236  0.000000000000  0.005072231754  0.002000935043  0.000000000000  0.005008125589  0.000000000000  0.001521923442  0.005011227601  0.000000000000  0.002999620842  0.005011227601  0.004004177236  0.006020784351  0.005056841893  0.004136243441  0.000000000000  0.002241835853  0.002999620842  0.000000000000  0.003020763586  
piranga_bidentata_itm141 0.005041969289  0.005043487676  0.002011817093  0.006059100735  0.004030411126  0.005047058745  0.004050819306  0.006061563599  0.005052158486  0.001005260677  0.000000000000  0.004079740453  0.001005971973  0.000000000000  0.004030013524  0.000000000000  0.001521923442  0.004030411126  0.000000000000  0.000000000000  0.004030411126  0.003019858446  0.007077263036  0.004038549672  0.002077851660  0.000000000000  0.002241835853  0.002011817093  0.003020763586  0.000000000000  

