30
cardinalis_cardinalis_ku21828 0.000000000000  0.003509185819  0.017747501467  0.034446713098  0.030215486534  0.030197143615  0.030197143615  0.022914634986  0.022393814316  0.023415135342  0.023421647545  0.022369443212  0.026004661281  0.031235121703  0.022888966297  0.022369443212  0.022883700452  0.025488635485  0.024428923599  0.025992537607  0.024444868698  0.030206081379  0.028625992758  0.028100515252  0.027051379850  0.027575644750  0.024960348436  0.028092905455  0.025465696240  0.023923883061  
cardinalis_cardinalis_ku25393 0.003509185819  0.000000000000  0.014160448240  0.030764621528  0.026558847670  0.026542355909  0.026542355909  0.019298646683  0.018781009689  0.019798628240  0.019804253612  0.018760162043  0.022374846159  0.027575644750  0.019276517248  0.018760162043  0.019272126502  0.021861132976  0.020810451827  0.022364500753  0.021861132976  0.027600274267  0.026026326341  0.025502886289  0.024457811725  0.024980048545  0.021336933270  0.024451109157  0.021841734291  0.020305959525  
piranga_roseogularis_ku2141 0.017747501467  0.014160448240  0.000000000000  0.019823868419  0.015696837936  0.015173969044  0.015173969044  0.008052399013  0.007545269159  0.008553183314  0.008555041828  0.007539407910  0.011088012837  0.016193484595  0.008045307421  0.007539407910  0.008044648658  0.010581086284  0.010577170252  0.012103060536  0.010581086284  0.016206387986  0.014664812419  0.014152113967  0.013128449329  0.012617480545  0.010071220409  0.013125586722  0.012611183063  0.009057525259  
piranga_leucoptera_fmnh481795 0.034446713098  0.030764621528  0.019823868419  0.000000000000  0.005020606204  0.019810335669  0.019810335669  0.012636974335  0.012125013140  0.025510705724  0.025518987374  0.024457811725  0.028108590763  0.033361403333  0.024980048545  0.024457811725  0.024973019204  0.027591599726  0.027568365029  0.029143806431  0.027591599726  0.033394261979  0.031802094455  0.031272609333  0.030215486534  0.030743740504  0.027058795140  0.030206081379  0.029662032501  0.026018641196  
piranga_leucoptera_lsu7783 0.030215486534  0.026558847670  0.015696837936  0.005020606204  0.000000000000  0.015687510754  0.015687510754  0.008560095508  0.008052399013  0.021347826041  0.021353960508  0.020305959525  0.023929797904  0.029143806431  0.020823759475  0.020305959525  0.020818864548  0.023415135342  0.023398365787  0.024960348436  0.023415135342  0.029170022450  0.027591599726  0.027066674954  0.026018641196  0.026542355909  0.022888966297  0.026011419390  0.025476237834  0.021855593357  
piranga_erythrocephala_fmnh343371 0.030197143615  0.026542355909  0.015173969044  0.019810335669  0.015687510754  0.000000000000  0.000000000000  0.008047962628  0.007541448692  0.019268193123  0.019272126502  0.018234505386  0.021841734291  0.027031924734  0.018749319454  0.018234505386  0.018746620178  0.021327877790  0.021317745885  0.022870671910  0.021845893650  0.027575644750  0.026004661281  0.025482204835  0.024439090709  0.024960348436  0.021324039945  0.024433775554  0.023904847982  0.020293614420  
piranga_erythrocephala_fmnh343370 0.030197143615  0.026542355909  0.015173969044  0.019810335669  0.015687510754  0.000000000000  0.000000000000  0.008047962628  0.007541448692  0.019268193123  0.019272126502  0.018234505386  0.021841734291  0.027031924734  0.018749319454  0.018234505386  0.018746620178  0.021327877790  0.021317745885  0.022870671910  0.021845893650  0.027575644750  0.026004661281  0.025482204835  0.024439090709  0.024960348436  0.021324039945  0.024433775554  0.023904847982  0.020293614420  
piranga_rubriceps_lsu265 0.022914634986  0.019298646683  0.008052399013  0.012636974335  0.008560095508  0.008047962628  0.008047962628  0.000000000000  0.000500275305  0.013639993371  0.013643620415  0.012614930766  0.016193484595  0.021342150175  0.013125586722  0.012614930766  0.013123174996  0.015683526204  0.015674293039  0.017214607855  0.015683526204  0.021360553219  0.019804253612  0.019286669392  0.018253266358  0.018769674087  0.015167084701  0.018248601734  0.017725774124  0.014145584859  
piranga_rubriceps_lsu34818 0.022393814316  0.018781009689  0.007545269159  0.012125013140  0.008052399013  0.007541448692  0.007541448692  0.000500275305  0.000000000000  0.013128449329  0.013131762456  0.012104848073  0.015679994828  0.020823759475  0.012614930766  0.012104848073  0.012612831485  0.015170300480  0.015162012942  0.016700589186  0.015170300480  0.020841194175  0.019286669392  0.018769674087  0.017737444872  0.018253266358  0.014654752906  0.017733099043  0.017211490596  0.013634092357  
piranga_olivacea_ku2699 0.023415135342  0.019798628240  0.008553183314  0.025510705724  0.021347826041  0.019268193123  0.019268193123  0.013639993371  0.013128449329  0.000000000000  0.002003429654  0.004011120542  0.007541448692  0.012620480460  0.004514319047  0.004011120542  0.004514021075  0.007036879628  0.007034071038  0.008551770826  0.009060520269  0.014160448240  0.013135525744  0.012623930152  0.011602463798  0.012112909935  0.008551770826  0.011599639185  0.011086397338  0.007540205661  
piranga_olivacea_ku4672 0.023421647545  0.019804253612  0.008555041828  0.025518987374  0.021353960508  0.019272126502  0.019272126502  0.013643620415  0.013131762456  0.002003429654  0.000000000000  0.004011556744  0.007543136644  0.012623930152  0.004515059004  0.004011556744  0.004514319047  0.007038704683  0.007034562447  0.008553183314  0.009062687557  0.014165291422  0.013139738837  0.012627829265  0.011605737065  0.012116495773  0.008553183314  0.011602463798  0.011088012837  0.007541448692  
piranga_bidentata_itm141 0.022369443212  0.018760162043  0.007539407910  0.024457811725  0.020305959525  0.018234505386  0.018234505386  0.012614930766  0.012104848073  0.004011120542  0.004011556744  0.000000000000  0.003510200368  0.008560095508  0.000500275305  0.000000000000  0.000500193956  0.003008356824  0.003006222960  0.004515059004  0.008045307421  0.013643620415  0.012109773133  0.011599639185  0.010581086284  0.011090077329  0.007539055800  0.010579332203  0.010069676762  0.006529295556  
piranga_ludoviciana_sdsu2385 0.026004661281  0.022374846159  0.011088012837  0.028108590763  0.023929797904  0.021841734291  0.021841734291  0.016193484595  0.015679994828  0.007541448692  0.007543136644  0.003510200368  0.000000000000  0.005020606204  0.003007205600  0.003510200368  0.004012434205  0.006537070913  0.006531186046  0.008049958352  0.011597263585  0.017231627565  0.015687510754  0.015173969044  0.014148623589  0.014661007092  0.011086397338  0.014145584859  0.013629997848  0.010071220409  
piranga_ludoviciana_sdsu2648 0.031235121703  0.027575644750  0.016193484595  0.033361403333  0.029143806431  0.027031924734  0.027031924734  0.021342150175  0.020823759475  0.012620480460  0.012623930152  0.008560095508  0.005020606204  0.000000000000  0.008052399013  0.008560095508  0.009065300890  0.011613628141  0.011602463798  0.013135525744  0.016707555313  0.022393814316  0.020834924647  0.020316481008  0.019281364998  0.019798628240  0.016190090830  0.019276517248  0.018752476435  0.015167084701  
piranga_bidentata_itm160 0.022888966297  0.019276517248  0.008045307421  0.024980048545  0.020823759475  0.018749319454  0.018749319454  0.013125586722  0.012614930766  0.004514319047  0.004515059004  0.000500275305  0.003007205600  0.008052399013  0.000000000000  0.000500275305  0.001000720143  0.003511655101  0.003508611806  0.005019119823  0.008551770826  0.014156055637  0.012620480460  0.012109773133  0.011090077329  0.011599639185  0.008044648658  0.011088012837  0.010577170252  0.007034071038  
piranga_roseogularis_ku2049 0.022369443212  0.018760162043  0.007539407910  0.024457811725  0.020305959525  0.018234505386  0.018234505386  0.012614930766  0.012104848073  0.004011120542  0.004011556744  0.000000000000  0.003510200368  0.008560095508  0.000500275305  0.000000000000  0.000500193956  0.003008356824  0.003006222960  0.004515059004  0.008045307421  0.013643620415  0.012109773133  0.011599639185  0.010581086284  0.011090077329  0.007539055800  0.010579332203  0.010069676762  0.006529295556  
piranga_bidentata_tepe59 0.022883700452  0.019272126502  0.008044648658  0.024973019204  0.020818864548  0.018746620178  0.018746620178  0.013123174996  0.012612831485  0.004514021075  0.004514319047  0.000500193956  0.004012434205  0.009065300890  0.001000720143  0.000500193956  0.000000000000  0.003510200368  0.003508478688  0.005018075438  0.008550804725  0.014152113967  0.012617480545  0.012107085726  0.011088012837  0.011597263585  0.008044436271  0.011086397338  0.010576763110  0.007034024901  
piranga_bidentata_hgoslp104 0.025488635485  0.021861132976  0.010581086284  0.027591599726  0.023415135342  0.021327877790  0.021327877790  0.015683526204  0.015170300480  0.007036879628  0.007038704683  0.003008356824  0.006537070913  0.011613628141  0.003511655101  0.003008356824  0.003510200368  0.000000000000  0.005522390952  0.007038704683  0.011090077329  0.016721410960  0.015178090032  0.014664812419  0.013639993371  0.014152113967  0.010579332203  0.013636817232  0.013121214511  0.009564811520  
piranga_ludoviciana_sdsu2650 0.024428923599  0.020810451827  0.010577170252  0.027568365029  0.023398365787  0.021317745885  0.021317745885  0.015674293039  0.015162012942  0.007034071038  0.007034562447  0.003006222960  0.006531186046  0.011602463798  0.003508611806  0.003006222960  0.003508478688  0.005522390952  0.000000000000  0.001502481388  0.011085231196  0.016707555313  0.015167084701  0.014654752906  0.013631819107  0.014142998141  0.010576763110  0.013629997848  0.013118044170  0.009562749461  
piranga_ludoviciana_sdsu2208 0.025992537607  0.022364500753  0.012103060536  0.029143806431  0.024960348436  0.022870671910  0.022870671910  0.017214607855  0.016700589186  0.008551770826  0.008553183314  0.004515059004  0.008049958352  0.013135525744  0.005019119823  0.004515059004  0.005018075438  0.007038704683  0.001502481388  0.000000000000  0.012612831485  0.018253266358  0.016707555313  0.016193484595  0.015167084701  0.015679994828  0.012101723478  0.015164322066  0.014648768237  0.011085231196  
piranga_flava_ku90809 0.024444868698  0.021861132976  0.010581086284  0.027591599726  0.023415135342  0.021845893650  0.021845893650  0.015683526204  0.015170300480  0.009060520269  0.009062687557  0.008045307421  0.011597263585  0.016707555313  0.008551770826  0.008045307421  0.008550804725  0.011090077329  0.011085231196  0.012612831485  0.000000000000  0.005530441688  0.004015511484  0.003511655101  0.002505615418  0.003008356824  0.008551770826  0.011599639185  0.011086397338  0.007540205661  
piranga_lutea_lsu5400 0.030206081379  0.027600274267  0.016206387986  0.033394261979  0.029170022450  0.027575644750  0.027575644750  0.021360553219  0.020841194175  0.014160448240  0.014165291422  0.013643620415  0.017231627565  0.022393814316  0.014156055637  0.013643620415  0.014152113967  0.016721410960  0.016707555313  0.018253266358  0.005530441688  0.000000000000  0.004522431554  0.004017710597  0.003009947510  0.003513549663  0.014156055637  0.017237018361  0.016711720027  0.013135525744  
piranga_hepatica_ku4970 0.028625992758  0.026026326341  0.014664812419  0.031802094455  0.027591599726  0.026004661281  0.026004661281  0.019804253612  0.019286669392  0.013135525744  0.013139738837  0.012109773133  0.015687510754  0.020834924647  0.012620480460  0.012109773133  0.012617480545  0.015178090032  0.015167084701  0.016707555313  0.004015511484  0.004522431554  0.000000000000  0.000500275305  0.001502481388  0.002004414604  0.012620480460  0.015691948116  0.015170300480  0.011602463798  
piranga_hepatica_ku9084 0.028100515252  0.025502886289  0.014152113967  0.031272609333  0.027066674954  0.025482204835  0.025482204835  0.019286669392  0.018769674087  0.012623930152  0.012627829265  0.011599639185  0.015173969044  0.020316481008  0.012109773133  0.011599639185  0.012107085726  0.014664812419  0.014654752906  0.016193484595  0.003511655101  0.004017710597  0.000500275305  0.000000000000  0.001001102028  0.001502481388  0.012109773133  0.015178090032  0.014657653801  0.011092590453  
piranga_flava_lsu15408 0.027051379850  0.024457811725  0.013128449329  0.030215486534  0.026018641196  0.024439090709  0.024439090709  0.018253266358  0.017737444872  0.011602463798  0.011605737065  0.010581086284  0.014148623589  0.019281364998  0.011090077329  0.010581086284  0.011088012837  0.013639993371  0.013631819107  0.015167084701  0.002505615418  0.003009947510  0.001502481388  0.001001102028  0.000000000000  0.000500275305  0.011090077329  0.014152113967  0.013634092357  0.010074557010  
piranga_lutea_ku89864 0.027575644750  0.024980048545  0.012617480545  0.030743740504  0.026542355909  0.024960348436  0.024960348436  0.018769674087  0.018253266358  0.012112909935  0.012116495773  0.011090077329  0.014661007092  0.019798628240  0.011599639185  0.011090077329  0.011597263585  0.014152113967  0.014142998141  0.015679994828  0.003008356824  0.003513549663  0.002004414604  0.001502481388  0.000500275305  0.000000000000  0.011599639185  0.014664812419  0.014145584859  0.010583288617  
piranga_rubra_ku7046 0.024960348436  0.021336933270  0.010071220409  0.027058795140  0.022888966297  0.021324039945  0.021324039945  0.015167084701  0.014654752906  0.008551770826  0.008553183314  0.007539055800  0.011086397338  0.016190090830  0.008044648658  0.007539055800  0.008044436271  0.010579332203  0.010576763110  0.012101723478  0.008551770826  0.014156055637  0.012620480460  0.012109773133  0.011090077329  0.011599639185  0.000000000000  0.003008356824  0.005522390952  0.002003429654  
piranga_rubra_sdsu2654 0.028092905455  0.024451109157  0.013125586722  0.030206081379  0.026011419390  0.024433775554  0.024433775554  0.018248601734  0.017733099043  0.011599639185  0.011602463798  0.010579332203  0.014145584859  0.019276517248  0.011088012837  0.010579332203  0.011086397338  0.013636817232  0.013629997848  0.015164322066  0.011599639185  0.017237018361  0.015691948116  0.015178090032  0.014152113967  0.014664812419  0.003008356824  0.000000000000  0.008557346012  0.005022534224  
piranga_rubra_sdsu2635 0.025465696240  0.021841734291  0.012611183063  0.029662032501  0.025476237834  0.023904847982  0.023904847982  0.017725774124  0.017211490596  0.011086397338  0.011088012837  0.010069676762  0.013629997848  0.018752476435  0.010577170252  0.010069676762  0.010576763110  0.013121214511  0.013118044170  0.014648768237  0.011086397338  0.016711720027  0.015170300480  0.014657653801  0.013634092357  0.014145584859  0.005522390952  0.008557346012  0.000000000000  0.003508611806  
piranga_rubra_ku26592 0.023923883061  0.020305959525  0.009057525259  0.026018641196  0.021855593357  0.020293614420  0.020293614420  0.014145584859  0.013634092357  0.007540205661  0.007541448692  0.006529295556  0.010071220409  0.015167084701  0.007034071038  0.006529295556  0.007034024901  0.009564811520  0.009562749461  0.011085231196  0.007540205661  0.013135525744  0.011602463798  0.011092590453  0.010074557010  0.010583288617  0.002003429654  0.005022534224  0.003508611806  0.000000000000  

