30
piranga_rubra_ku26592 0.000000000000  0.013640305851  0.009869792339  0.023285059918  0.014873393868  0.018668509772  0.013898850560  0.023017038138  0.008859490971  0.011128964414  0.010132311631  0.004377288450  0.013640305851  0.010595870955  0.003682770249  0.014112852403  0.014923265335  0.012370903275  0.002052846578  0.012515929445  0.014873393868  0.013640305851  0.021224881030  0.011516984316  0.017439651637  0.013070032598  0.000000000000  0.018640213687  0.002494583246  0.013615518226  
piranga_flava_ku90809 0.013640305851  0.000000000000  0.011115219178  0.021281835703  0.016129249316  0.017101479818  0.005003314846  0.023004014472  0.020459100150  0.012381700358  0.011411189549  0.008808047439  0.004911168424  0.006021534881  0.014882860780  0.002532488366  0.006156226137  0.008621169497  0.004112134433  0.013780433841  0.016129249316  0.002448768206  0.019940975292  0.008929095935  0.016162794491  0.013081622344  0.002258005777  0.017364611340  0.016431650205  0.014867791538  
piranga_ludoviciana_sdsu2385 0.009869792339  0.011115219178  0.000000000000  0.021259710311  0.013598685052  0.013931017235  0.007518098965  0.021681160894  0.015251009539  0.006141103514  0.000000000000  0.004377288450  0.007379398350  0.009053832424  0.011104860488  0.010206312645  0.011132333513  0.006136902730  0.000000000000  0.008716079361  0.013598685052  0.011115219178  0.017386178124  0.006355316092  0.016152871224  0.009770585944  0.000000000000  0.011096748169  0.011300069434  0.008608883318  
piranga_rubriceps_lsu265 0.023285059918  0.021281835703  0.021259710311  0.000000000000  0.013433007073  0.022508201177  0.017856104723  0.032400893541  0.027198890282  0.019306533273  0.022159207056  0.012763767185  0.017340012679  0.012106585817  0.027227245988  0.019306533273  0.019362993164  0.019288289460  0.006750972011  0.021259710311  0.013433007073  0.019306533273  0.003811440396  0.022476198384  0.011500902659  0.002709085643  0.000000000000  0.023204683770  0.025229108659  0.021259710311  
piranga_leucoptera_lsu7783 0.014873393868  0.016129249316  0.013598685052  0.013433007073  0.000000000000  0.015504550374  0.011314275889  0.020367975343  0.019128392698  0.016129249316  0.013961156005  0.011755220480  0.011104860488  0.009048557828  0.016114854064  0.014080325344  0.014891853015  0.012345947664  0.002052846578  0.018864430756  0.000000000000  0.016129249316  0.013615518226  0.014086312495  0.012384379036  0.004867322207  0.000000000000  0.019872261085  0.016399485553  0.018630104674  
cardinalis_cardinalis_ku25393 0.018668509772  0.017101479818  0.013931017235  0.022508201177  0.015504550374  0.000000000000  0.012373424724  0.001531091930  0.024226647154  0.018688795923  0.013931017235  0.015519839474  0.012373424724  0.011539111919  0.017083701135  0.017850882739  0.017083701135  0.012373424724  0.002052846578  0.022179458099  0.015504550374  0.018688795923  0.015516867641  0.015504550374  0.017149337605  0.016598697620  0.000000000000  0.021815356886  0.019084215081  0.021833504879  
piranga_olivacea_ku2699 0.013898850560  0.005003314846  0.007518098965  0.017856104723  0.011314275889  0.012373424724  0.000000000000  0.017794344613  0.019527593913  0.010063871500  0.007575050205  0.007327805511  0.002494583246  0.003001353790  0.015165010688  0.003877953462  0.006272064562  0.003743652687  0.002052846578  0.012749459325  0.011314275889  0.005003314846  0.015155177512  0.007642593597  0.013898805661  0.009776741139  0.000000000000  0.013846317015  0.015438177427  0.012588947360  
cardinalis_cardinalis_ku21828 0.023017038138  0.023004014472  0.021681160894  0.032400893541  0.020367975343  0.001531091930  0.017794344613  0.000000000000  0.029015691600  0.024316075941  0.021708851526  0.019239467146  0.019091021042  0.018241981701  0.024297986154  0.022470240901  0.023046513198  0.020378530875  0.004113064140  0.027260706460  0.020367975343  0.023004014472  0.024300168943  0.020601587193  0.025665914598  0.019710310703  0.000000000000  0.026880447944  0.024741030231  0.026911282550  
piranga_rubra_ku7046 0.008859490971  0.020459100150  0.015251009539  0.027198890282  0.019128392698  0.024226647154  0.019527593913  0.029015691600  0.000000000000  0.013969412733  0.015669237533  0.012131392456  0.019153523203  0.013635511640  0.007574884982  0.016688355436  0.021807174451  0.017839698367  0.002052846578  0.016535461755  0.019128392698  0.020459100150  0.027015165312  0.017154770479  0.024331292647  0.016381156194  0.000000000000  0.021714445264  0.008848291968  0.016535461755  
piranga_bidentata_hgoslp104 0.011128964414  0.012381700358  0.006141103514  0.019306533273  0.016129249316  0.018688795923  0.010063871500  0.024316075941  0.013969412733  0.000000000000  0.006303694776  0.005852500632  0.009877477979  0.007539393824  0.012367537358  0.008927879546  0.013657242517  0.008621169497  0.002052846578  0.002477526878  0.016129249316  0.012381700358  0.019940975292  0.007642593597  0.018699788891  0.009776741139  0.000000000000  0.007368928470  0.011310796754  0.002447211650  
piranga_ludoviciana_sdsu2648 0.010132311631  0.011411189549  0.000000000000  0.022159207056  0.013961156005  0.013931017235  0.007575050205  0.021708851526  0.015669237533  0.006303694776  0.000000000000  0.004377288450  0.007575050205  0.009053832424  0.011400270490  0.010487295934  0.011429226601  0.006299268083  0.000000000000  0.008950114001  0.013961156005  0.011411189549  0.017851788437  0.006355316092  0.016585676564  0.009770585944  0.000000000000  0.010112575905  0.011606100198  0.008837121242  
piranga_roseogularis_ku2049 0.004377288450  0.008808047439  0.004377288450  0.012763767185  0.011755220480  0.015519839474  0.007327805511  0.019239467146  0.012131392456  0.005852500632  0.004377288450  0.000000000000  0.005852500632  0.006218110987  0.005845537162  0.009171586924  0.010279753488  0.007318675732  0.002052846578  0.008919240171  0.011755220480  0.010293259569  0.011772519897  0.002913897240  0.010314817668  0.009776741139  0.000000000000  0.010262267447  0.004468570036  0.008788591035  
piranga_hepatica_ku4970 0.013640305851  0.004911168424  0.007379398350  0.017340012679  0.011104860488  0.012373424724  0.002494583246  0.019091021042  0.019153523203  0.009877477979  0.007575050205  0.005852500632  0.000000000000  0.001498961240  0.014882860780  0.006358616424  0.003683890533  0.003674865293  0.002052846578  0.012510197585  0.011104860488  0.007387353281  0.014873393868  0.006359822151  0.013640268107  0.008133514320  0.000000000000  0.013589710582  0.015145868255  0.012355617382  
piranga_hepatica_ku9084 0.010595870955  0.006021534881  0.009053832424  0.012106585817  0.009048557828  0.011539111919  0.003001353790  0.018241981701  0.013635511640  0.007539393824  0.009053832424  0.006218110987  0.001498961240  0.000000000000  0.010579855667  0.007539393824  0.004507098968  0.004507098968  0.002052846578  0.010572263370  0.009048557828  0.007539393824  0.009062224777  0.009053832424  0.009048557828  0.009770585944  0.000000000000  0.009046669099  0.012111161855  0.010572263370  
piranga_rubra_sdsu2654 0.003682770249  0.014882860780  0.011104860488  0.027227245988  0.016114854064  0.017083701135  0.015165010688  0.024297986154  0.007574884982  0.012367537358  0.011400270490  0.005845537162  0.014882860780  0.010579855667  0.000000000000  0.015398552579  0.016169376509  0.013609921007  0.002052846578  0.013768913372  0.016114854064  0.014882860780  0.022476490408  0.012798414189  0.018686661891  0.013070032598  0.000000000000  0.019884596886  0.003742495860  0.014854980430  
piranga_flava_lsu15408 0.014112852403  0.002532488366  0.010206312645  0.019306533273  0.014080325344  0.017850882739  0.003877953462  0.022470240901  0.016688355436  0.008927879546  0.010487295934  0.009171586924  0.006358616424  0.007539393824  0.015398552579  0.000000000000  0.008940500667  0.007632870887  0.006181054235  0.011487582378  0.014080325344  0.000000000000  0.019317863249  0.009247601179  0.016659954700  0.014743368977  0.004527597359  0.014058686896  0.016706191953  0.011487582378  
piranga_lutea_lsu5400 0.014923265335  0.006156226137  0.011132333513  0.019362993164  0.014891853015  0.017083701135  0.006272064562  0.023046513198  0.021807174451  0.013657242517  0.011429226601  0.010279753488  0.003683890533  0.004507098968  0.016169376509  0.008940500667  0.000000000000  0.007391839672  0.004112134433  0.015078996392  0.014891853015  0.008642458156  0.018699788891  0.010236030082  0.014928451210  0.011417232864  0.002258005777  0.017396306862  0.017747157882  0.016154909234  
piranga_olivacea_ku4672 0.012370903275  0.008621169497  0.006136902730  0.019288289460  0.012345947664  0.012373424724  0.003743652687  0.020378530875  0.017839698367  0.008621169497  0.006299268083  0.007318675732  0.003674865293  0.004507098968  0.013609921007  0.007632870887  0.007391839672  0.000000000000  0.002052846578  0.011235281468  0.012345947664  0.008621169497  0.016122700633  0.008921304154  0.014891398023  0.008133514320  0.000000000000  0.014836161863  0.013849841407  0.011096748169  
piranga_ludoviciana_sdsu2208 0.002052846578  0.004112134433  0.000000000000  0.006750972011  0.002052846578  0.002052846578  0.002052846578  0.004113064140  0.002052846578  0.002052846578  0.000000000000  0.002052846578  0.002052846578  0.002052846578  0.002052846578  0.006181054235  0.004112134433  0.002052846578  0.000000000000  0.006180710968  0.002052846578  0.006181054235  0.004113064140  0.004113064140  0.002052846578  0.004112134433  0.000000000000  0.004113064140  0.004112134433  0.006180710968  
piranga_bidentata_itm160 0.012515929445  0.013780433841  0.008716079361  0.021259710311  0.018864430756  0.022179458099  0.012749459325  0.027260706460  0.016535461755  0.002477526878  0.008950114001  0.008919240171  0.012510197585  0.010572263370  0.013768913372  0.011487582378  0.015078996392  0.011235281468  0.006180710968  0.000000000000  0.018864430756  0.013780433841  0.022742384650  0.010334666696  0.020122211698  0.013062411514  0.004522275840  0.004964442066  0.013838204098  0.000000000000  
piranga_leucoptera_fmnh481795 0.014873393868  0.016129249316  0.013598685052  0.013433007073  0.000000000000  0.015504550374  0.011314275889  0.020367975343  0.019128392698  0.016129249316  0.013961156005  0.011755220480  0.011104860488  0.009048557828  0.016114854064  0.014080325344  0.014891853015  0.012345947664  0.002052846578  0.018864430756  0.000000000000  0.016129249316  0.013615518226  0.014086312495  0.012384379036  0.004867322207  0.000000000000  0.019872261085  0.016399485553  0.018630104674  
piranga_lutea_ku89864 0.013640305851  0.002448768206  0.011115219178  0.019306533273  0.016129249316  0.018688795923  0.005003314846  0.023004014472  0.020459100150  0.012381700358  0.011411189549  0.010293259569  0.007387353281  0.007539393824  0.014882860780  0.000000000000  0.008642458156  0.008621169497  0.006181054235  0.013780433841  0.016129249316  0.000000000000  0.019940975292  0.010219350931  0.016162794491  0.014743368977  0.004527597359  0.017364611340  0.016431650205  0.014867791538  
piranga_rubriceps_lsu34818 0.021224881030  0.019940975292  0.017386178124  0.003811440396  0.013615518226  0.015516867641  0.015155177512  0.024300168943  0.027015165312  0.019940975292  0.017851788437  0.011772519897  0.014873393868  0.009062224777  0.022476490408  0.019317863249  0.018699788891  0.016122700633  0.004113064140  0.022742384650  0.013615518226  0.019940975292  0.000000000000  0.018012584303  0.011151749486  0.006506937354  0.000000000000  0.023706583104  0.022876486134  0.022458578680  
piranga_roseogularis_ku2141 0.011516984316  0.008929095935  0.006355316092  0.022476198384  0.014086312495  0.015504550374  0.007642593597  0.020601587193  0.017154770479  0.007642593597  0.006355316092  0.002913897240  0.006359822151  0.009053832424  0.012798414189  0.009247601179  0.010236030082  0.008921304154  0.004113064140  0.010334666696  0.014086312495  0.010219350931  0.018012584303  0.000000000000  0.016735145984  0.011417232864  0.000000000000  0.011483409866  0.013031932133  0.010202858679  
piranga_erythrocephala_fmnh343371 0.017439651637  0.016162794491  0.016152871224  0.011500902659  0.012384379036  0.017149337605  0.013898805661  0.025665914598  0.024331292647  0.018699788891  0.016585676564  0.010314817668  0.013640268107  0.009048557828  0.018686661891  0.016659954700  0.014928451210  0.014891398023  0.002052846578  0.020122211698  0.012384379036  0.016162794491  0.011151749486  0.016735145984  0.000000000000  0.001618466219  0.000000000000  0.022474726136  0.020236742422  0.021221000337  
piranga_erythrocephala_fmnh343370 0.013070032598  0.013081622344  0.009770585944  0.002709085643  0.004867322207  0.016598697620  0.009776741139  0.019710310703  0.016381156194  0.009776741139  0.009770585944  0.009776741139  0.008133514320  0.009770585944  0.013070032598  0.014743368977  0.011417232864  0.008133514320  0.004112134433  0.013062411514  0.004867322207  0.014743368977  0.006506937354  0.011417232864  0.001618466219  0.000000000000  0.002258005777  0.013058776447  0.014729031299  0.013062411514  
piranga_ludoviciana_sdsu2650 0.000000000000  0.002258005777  0.000000000000  0.000000000000  0.000000000000  0.000000000000  0.000000000000  0.000000000000  0.000000000000  0.000000000000  0.000000000000  0.000000000000  0.000000000000  0.000000000000  0.000000000000  0.004527597359  0.002258005777  0.000000000000  0.000000000000  0.004522275840  0.000000000000  0.004527597359  0.000000000000  0.000000000000  0.000000000000  0.002258005777  0.000000000000  0.004522275840  0.002258005777  0.004522275840  
piranga_bidentata_tepe59 0.018640213687  0.017364611340  0.011096748169  0.023204683770  0.019872261085  0.021815356886  0.013846317015  0.026880447944  0.021714445264  0.007368928470  0.010112575905  0.010262267447  0.013589710582  0.009046669099  0.019884596886  0.014058686896  0.017396306862  0.014836161863  0.004113064140  0.004964442066  0.019872261085  0.017364611340  0.023706583104  0.011483409866  0.022474726136  0.013058776447  0.004522275840  0.000000000000  0.018946322723  0.004903582825  
piranga_rubra_sdsu2635 0.002494583246  0.016431650205  0.011300069434  0.025229108659  0.016399485553  0.019084215081  0.015438177427  0.024741030231  0.008848291968  0.011310796754  0.011606100198  0.004468570036  0.015145868255  0.012111161855  0.003742495860  0.016706191953  0.017747157882  0.013849841407  0.004112134433  0.013838204098  0.016399485553  0.016431650205  0.022876486134  0.013031932133  0.020236742422  0.014729031299  0.002258005777  0.018946322723  0.000000000000  0.013838204098  
piranga_bidentata_itm141 0.013615518226  0.014867791538  0.008608883318  0.021259710311  0.018630104674  0.021833504879  0.012588947360  0.026911282550  0.016535461755  0.002447211650  0.008837121242  0.008788591035  0.012355617382  0.010572263370  0.014854980430  0.011487582378  0.016154909234  0.011096748169  0.006180710968  0.000000000000  0.018630104674  0.014867791538  0.022458578680  0.010202858679  0.021221000337  0.013062411514  0.004522275840  0.004903582825  0.013838204098  0.000000000000  

