30
cardinalis_cardinalis_ku21828 0.000000000000  0.005524161342  0.011100919048  0.010085273457  0.009572964052  0.009576215055  0.011607363602  0.012629171983  0.011611296386  0.009576215055  0.013658130234  0.012110784199  0.009576215055  0.009576215055  0.009576215055  0.010085273457  0.011607363602  0.015696395344  0.017751123584  0.012633646191  0.009576215055  0.010587678337  0.010591071946  0.010081753980  0.010081753980  0.011607363602  0.013140875109  0.012122205065  0.012122205065  0.014679193590  
cardinalis_cardinalis_ku25393 0.005524161342  0.000000000000  0.013653112341  0.012633646191  0.012118001851  0.012122205065  0.014160991493  0.015187600025  0.014679193590  0.012633646191  0.016222349275  0.014664888991  0.012122205065  0.012122205065  0.012122205065  0.012633646191  0.014160991493  0.018267388258  0.020330892779  0.015193039850  0.012122205065  0.013136526051  0.013140875109  0.012629171983  0.012629171983  0.014160991493  0.015701710755  0.014679193590  0.014679193590  0.017247282356  
piranga_erythrocephala_fmnh343371 0.011100919048  0.013653112341  0.000000000000  0.001000694829  0.006532904048  0.006534948091  0.008556963941  0.009572964052  0.009067684153  0.007041123246  0.010594860456  0.009059917435  0.006534948091  0.006534948091  0.006534948091  0.007041123246  0.008556963941  0.012625094196  0.014669258987  0.009576215055  0.006534948091  0.007543062902  0.007545245547  0.007545245547  0.007545245547  0.009064701069  0.010081753980  0.009067684153  0.009067684153  0.011611296386  
piranga_erythrocephala_fmnh343370 0.010085273457  0.012633646191  0.001000694829  0.000000000000  0.005524161342  0.005526067480  0.007545245547  0.008559679659  0.008055042504  0.006031465247  0.009579860014  0.008047696163  0.005526067480  0.005526067480  0.005526067480  0.006031465247  0.007545245547  0.011607363602  0.013648491445  0.008562788771  0.005526067480  0.006532904048  0.006534948091  0.006534948091  0.006534948091  0.008052200486  0.009067684153  0.008055042504  0.008055042504  0.010594860456  
piranga_leucoptera_fmnh481795 0.009572964052  0.012118001851  0.006532904048  0.005524161342  0.000000000000  0.000500189283  0.007036896828  0.008049751579  0.007545245547  0.005524161342  0.009067684153  0.007539877622  0.005019547605  0.005019547605  0.005019547605  0.005524161342  0.007036896828  0.011093988776  0.013132574077  0.008052200486  0.005019547605  0.006026128186  0.006027515335  0.006027515335  0.006027515335  0.007543062902  0.008556963941  0.007545245547  0.007545245547  0.010081753980  
piranga_leucoptera_lsu7783 0.009576215055  0.012122205065  0.006534948091  0.005526067480  0.000500189283  0.000000000000  0.007038813761  0.008052200486  0.007547821024  0.005526067480  0.009071060911  0.007541273467  0.005021189658  0.005021189658  0.005021189658  0.005526067480  0.007038813761  0.011097256131  0.013136526051  0.008055042504  0.005021189658  0.006027515335  0.006029294481  0.006029294481  0.006029294481  0.007545245547  0.008559679659  0.007547821024  0.007547821024  0.010085273457  
piranga_rubriceps_lsu265 0.011607363602  0.014160991493  0.008556963941  0.007545245547  0.007036896828  0.007038813761  0.000000000000  0.001001020231  0.009572964052  0.007545245547  0.011100919048  0.009565578560  0.007038813761  0.007038813761  0.007038813761  0.007545245547  0.009062112037  0.013132574077  0.015177915481  0.010081753980  0.007038813761  0.008047696163  0.008049751579  0.008049751579  0.008049751579  0.009570107383  0.010587678337  0.009572964052  0.009572964052  0.012118001851  
piranga_rubriceps_lsu34818 0.012629171983  0.015187600025  0.009572964052  0.008559679659  0.008049751579  0.008052200486  0.001001020231  0.000000000000  0.010591071946  0.008559679659  0.012122205065  0.010582077329  0.008052200486  0.008052200486  0.008052200486  0.008559679659  0.010078629119  0.014156495853  0.016205580207  0.011100919048  0.008052200486  0.009062112037  0.009064701069  0.009064701069  0.009064701069  0.010587678337  0.011607363602  0.010591071946  0.010591071946  0.013140875109  
piranga_flava_ku90809 0.011611296386  0.014679193590  0.009067684153  0.008055042504  0.007545245547  0.007547821024  0.009572964052  0.010591071946  0.000000000000  0.002003239887  0.006537384031  0.005017437079  0.002505281492  0.002505281492  0.002505281492  0.003007837214  0.004515452202  0.008556963941  0.010587678337  0.005526067480  0.002505281492  0.003508812147  0.003509665194  0.003509665194  0.003509665194  0.005019547605  0.006029294481  0.005021189658  0.005021189658  0.007547821024  
piranga_flava_lsu15408 0.009576215055  0.012633646191  0.007041123246  0.006031465247  0.005524161342  0.005526067480  0.007545245547  0.008559679659  0.002003239887  0.000000000000  0.004518599639  0.003006064226  0.000500254884  0.000500254884  0.000500254884  0.001001020231  0.002504562439  0.006532904048  0.008556963941  0.003510908107  0.000500254884  0.001501514015  0.001501711349  0.001501711349  0.001501711349  0.003006856499  0.004012989579  0.003007837214  0.003007837214  0.005526067480  
piranga_bidentata_hgoslp104 0.013658130234  0.016222349275  0.010594860456  0.009579860014  0.009067684153  0.009071060911  0.011100919048  0.012122205065  0.006537384031  0.004518599639  0.000000000000  0.006531252281  0.004014495228  0.004014495228  0.004014495228  0.004518599639  0.006029294481  0.009064701069  0.011097256131  0.007043824909  0.004014495228  0.005019547605  0.005021189658  0.005021189658  0.005021189658  0.006534948091  0.007547821024  0.006537384031  0.006537384031  0.009071060911  
piranga_olivacea_ku4672 0.012110784199  0.014664888991  0.009059917435  0.008047696163  0.007539877622  0.007541273467  0.009565578560  0.010582077329  0.005017437079  0.003006064226  0.006531252281  0.000000000000  0.002504292673  0.002504292673  0.002504292673  0.003006064226  0.004513662937  0.008551180922  0.010579870689  0.005521523475  0.002504292673  0.003508595989  0.003508277164  0.003508277164  0.003508277164  0.005016969363  0.006025133414  0.005017437079  0.005017437079  0.007541273467  
piranga_bidentata_itm160 0.009576215055  0.012122205065  0.006534948091  0.005526067480  0.005019547605  0.005021189658  0.007038813761  0.008052200486  0.002505281492  0.000500254884  0.004014495228  0.002504292673  0.000000000000  0.000000000000  0.000000000000  0.000500254884  0.002002781960  0.006027515335  0.008049751579  0.003007837214  0.000000000000  0.001000757557  0.001000694829  0.001000694829  0.001000694829  0.002504562439  0.003509665194  0.002505281492  0.002505281492  0.005021189658  
piranga_bidentata_itm141 0.009576215055  0.012122205065  0.006534948091  0.005526067480  0.005019547605  0.005021189658  0.007038813761  0.008052200486  0.002505281492  0.000500254884  0.004014495228  0.002504292673  0.000000000000  0.000000000000  0.000000000000  0.000500254884  0.002002781960  0.006027515335  0.008049751579  0.003007837214  0.000000000000  0.001000757557  0.001000694829  0.001000694829  0.001000694829  0.002504562439  0.003509665194  0.002505281492  0.002505281492  0.005021189658  
piranga_olivacea_ku2699 0.009576215055  0.012122205065  0.006534948091  0.005526067480  0.005019547605  0.005021189658  0.007038813761  0.008052200486  0.002505281492  0.000500254884  0.004014495228  0.002504292673  0.000000000000  0.000000000000  0.000000000000  0.000500254884  0.002002781960  0.006027515335  0.008049751579  0.003007837214  0.000000000000  0.001000757557  0.001000694829  0.001000694829  0.001000694829  0.002504562439  0.003509665194  0.002505281492  0.002505281492  0.005021189658  
piranga_lutea_ku89864 0.010085273457  0.012633646191  0.007041123246  0.006031465247  0.005524161342  0.005526067480  0.007545245547  0.008559679659  0.003007837214  0.001001020231  0.004518599639  0.003006064226  0.000500254884  0.000500254884  0.000500254884  0.000000000000  0.001501514015  0.006532904048  0.008556963941  0.003510908107  0.000500254884  0.001501514015  0.001501711349  0.001501711349  0.001501711349  0.003006856499  0.004012989579  0.003007837214  0.003007837214  0.005526067480  
piranga_lutea_lsu5400 0.011607363602  0.014160991493  0.008556963941  0.007545245547  0.007036896828  0.007038813761  0.009062112037  0.010078629119  0.004515452202  0.002504562439  0.006029294481  0.004513662937  0.002002781960  0.002002781960  0.002002781960  0.001501514015  0.000000000000  0.008047696163  0.010075899252  0.005019547605  0.002002781960  0.003006064226  0.003006265377  0.003006265377  0.003006265377  0.004514464483  0.005522646548  0.004515452202  0.004515452202  0.007038813761  
piranga_hepatica_ku4970 0.015696395344  0.018267388258  0.012625094196  0.011607363602  0.011093988776  0.011097256131  0.013132574077  0.014156495853  0.008556963941  0.006532904048  0.009064701069  0.008551180922  0.006027515335  0.006027515335  0.006027515335  0.006532904048  0.008047696163  0.000000000000  0.002003239887  0.009064701069  0.006027515335  0.007035372827  0.007036896828  0.007036896828  0.007036896828  0.008554641992  0.009570107383  0.008556963941  0.008556963941  0.011097256131  
piranga_hepatica_ku9084 0.017751123584  0.020330892779  0.014669258987  0.013648491445  0.013132574077  0.013136526051  0.015177915481  0.016205580207  0.010587678337  0.008556963941  0.011097256131  0.010579870689  0.008049751579  0.008049751579  0.008049751579  0.008556963941  0.010075899252  0.002003239887  0.000000000000  0.011097256131  0.008049751579  0.009059917435  0.009062112037  0.009062112037  0.009062112037  0.010584680005  0.011603826664  0.010587678337  0.010587678337  0.013136526051  
piranga_roseogularis_ku2049 0.012633646191  0.015193039850  0.009576215055  0.008562788771  0.008052200486  0.008055042504  0.010081753980  0.011100919048  0.005526067480  0.003510908107  0.007043824909  0.005521523475  0.003007837214  0.003007837214  0.003007837214  0.003510908107  0.005019547605  0.009064701069  0.011097256131  0.000000000000  0.003007837214  0.004011874069  0.004012989579  0.004012989579  0.004012989579  0.005524161342  0.006534948091  0.005526067480  0.005526067480  0.008055042504  
piranga_roseogularis_ku2141 0.009576215055  0.012122205065  0.006534948091  0.005526067480  0.005019547605  0.005021189658  0.007038813761  0.008052200486  0.002505281492  0.000500254884  0.004014495228  0.002504292673  0.000000000000  0.000000000000  0.000000000000  0.000500254884  0.002002781960  0.006027515335  0.008049751579  0.003007837214  0.000000000000  0.001000757557  0.001000694829  0.001000694829  0.001000694829  0.002504562439  0.003509665194  0.002505281492  0.002505281492  0.005021189658  
piranga_ludoviciana_sdsu2208 0.010587678337  0.013136526051  0.007543062902  0.006532904048  0.006026128186  0.006027515335  0.008047696163  0.009062112037  0.003508812147  0.001501514015  0.005019547605  0.003508595989  0.001000757557  0.001000757557  0.001000757557  0.001501514015  0.003006064226  0.007035372827  0.009059917435  0.004011874069  0.001000757557  0.000000000000  0.002002713083  0.002002713083  0.002002713083  0.003508349344  0.004514464483  0.003508812147  0.003508812147  0.006027515335  
piranga_ludoviciana_sdsu2385 0.010591071946  0.013140875109  0.007545245547  0.006534948091  0.006027515335  0.006029294481  0.008049751579  0.009064701069  0.003509665194  0.001501711349  0.005021189658  0.003508277164  0.001000694829  0.001000694829  0.001000694829  0.001501711349  0.003006265377  0.007036896828  0.009062112037  0.004012989579  0.001000694829  0.002002713083  0.000000000000  0.002002781960  0.002002781960  0.003508812147  0.004515452202  0.003509665194  0.003509665194  0.005524161342  
piranga_ludoviciana_sdsu2648 0.010081753980  0.012629171983  0.007545245547  0.006534948091  0.006027515335  0.006029294481  0.008049751579  0.009064701069  0.003509665194  0.001501711349  0.005021189658  0.003508277164  0.001000694829  0.001000694829  0.001000694829  0.001501711349  0.003006265377  0.007036896828  0.009062112037  0.004012989579  0.001000694829  0.002002713083  0.002002781960  0.000000000000  0.000000000000  0.001501711349  0.004515452202  0.003509665194  0.003509665194  0.006029294481  
piranga_ludoviciana_sdsu2650 0.010081753980  0.012629171983  0.007545245547  0.006534948091  0.006027515335  0.006029294481  0.008049751579  0.009064701069  0.003509665194  0.001501711349  0.005021189658  0.003508277164  0.001000694829  0.001000694829  0.001000694829  0.001501711349  0.003006265377  0.007036896828  0.009062112037  0.004012989579  0.001000694829  0.002002713083  0.002002781960  0.000000000000  0.000000000000  0.001501711349  0.004515452202  0.003509665194  0.003509665194  0.006029294481  
piranga_bidentata_tepe59 0.011607363602  0.014160991493  0.009064701069  0.008052200486  0.007543062902  0.007545245547  0.009570107383  0.010587678337  0.005019547605  0.003006856499  0.006534948091  0.005016969363  0.002504562439  0.002504562439  0.002504562439  0.003006856499  0.004514464483  0.008554641992  0.010584680005  0.005524161342  0.002504562439  0.003508349344  0.003508812147  0.001501711349  0.001501711349  0.000000000000  0.006027515335  0.005019547605  0.005019547605  0.007545245547  
piranga_rubra_ku7046 0.013140875109  0.015701710755  0.010081753980  0.009067684153  0.008556963941  0.008559679659  0.010587678337  0.011607363602  0.006029294481  0.004012989579  0.007547821024  0.006025133414  0.003509665194  0.003509665194  0.003509665194  0.004012989579  0.005522646548  0.009570107383  0.011603826664  0.006534948091  0.003509665194  0.004514464483  0.004515452202  0.004515452202  0.004515452202  0.006027515335  0.000000000000  0.005019547605  0.005019547605  0.007545245547  
piranga_rubra_sdsu2635 0.012122205065  0.014679193590  0.009067684153  0.008055042504  0.007545245547  0.007547821024  0.009572964052  0.010591071946  0.005021189658  0.003007837214  0.006537384031  0.005017437079  0.002505281492  0.002505281492  0.002505281492  0.003007837214  0.004515452202  0.008556963941  0.010587678337  0.005526067480  0.002505281492  0.003508812147  0.003509665194  0.003509665194  0.003509665194  0.005019547605  0.005019547605  0.000000000000  0.000000000000  0.006534948091  
piranga_rubra_sdsu2654 0.012122205065  0.014679193590  0.009067684153  0.008055042504  0.007545245547  0.007547821024  0.009572964052  0.010591071946  0.005021189658  0.003007837214  0.006537384031  0.005017437079  0.002505281492  0.002505281492  0.002505281492  0.003007837214  0.004515452202  0.008556963941  0.010587678337  0.005526067480  0.002505281492  0.003508812147  0.003509665194  0.003509665194  0.003509665194  0.005019547605  0.005019547605  0.000000000000  0.000000000000  0.006534948091  
piranga_rubra_ku26592 0.014679193590  0.017247282356  0.011611296386  0.010594860456  0.010081753980  0.010085273457  0.012118001851  0.013140875109  0.007547821024  0.005526067480  0.009071060911  0.007541273467  0.005021189658  0.005021189658  0.005021189658  0.005526067480  0.007038813761  0.011097256131  0.013136526051  0.008055042504  0.005021189658  0.006027515335  0.005524161342  0.006029294481  0.006029294481  0.007545245547  0.007545245547  0.006534948091  0.006534948091  0.000000000000  

