30
piranga_rubra_ku26592 0.000000000000  0.007675020988  0.003829552571  0.012868759173  0.016785483379  0.016763836423  0.005261725710  0.019393188510  0.006396970776  0.006405165594  0.004508696257  0.006478389247  0.003825764929  0.000000000000  0.003835547590  0.005912731049  0.003824670294  0.005112219893  0.001732942603  0.002553933833  0.024700110805  0.004699390396  0.011567236448  0.002986474214  0.014280690912  0.000000000000  0.000000000000  0.005118448898  0.003824670294  0.002553933833  
piranga_flava_ku90809 0.007675020988  0.000000000000  0.007367981875  0.016090077399  0.022407325539  0.023684066162  0.006573587076  0.026248906174  0.009857399184  0.009857399184  0.004496604489  0.006471829544  0.008592837337  0.004748116210  0.007383210301  0.000000000000  0.007358944944  0.008607613277  0.005206802450  0.006139421461  0.030066914101  0.005960683101  0.017350975504  0.009004535467  0.020022697733  0.000000000000  0.004217452005  0.008613985979  0.007367981875  0.006139421461  
piranga_ludoviciana_sdsu2385 0.003829552571  0.007367981875  0.000000000000  0.012354997703  0.016110018407  0.017372508385  0.003940207356  0.019908594343  0.004913608830  0.004907580292  0.001497356415  0.003227442061  0.003671202522  0.000000000000  0.002450316865  0.003919876585  0.002445925207  0.003678597997  0.000000000000  0.001222727386  0.023694638969  0.005969578913  0.011104396186  0.002986474214  0.013703303960  0.000000000000  0.000000000000  0.003675700624  0.002448920153  0.001222727386  
piranga_rubriceps_lsu265 0.012868759173  0.016090077399  0.012354997703  0.000000000000  0.008601156880  0.012348752909  0.010574020909  0.014858149516  0.016138338302  0.012378533572  0.010570368768  0.009750875917  0.014839773823  0.002370548613  0.012379328239  0.003928466383  0.013592406925  0.014867098059  0.006967882462  0.011118114541  0.013575672570  0.016584669038  0.001221234149  0.005993706627  0.006175734948  0.000000000000  0.004217452005  0.011125019671  0.013609224634  0.011118114541  
piranga_leucoptera_lsu7783 0.016785483379  0.022407325539  0.016110018407  0.008601156880  0.000000000000  0.013592448547  0.013243723697  0.016103722207  0.019922956899  0.018652826339  0.007530860336  0.006482317825  0.018606545971  0.000000000000  0.016143721250  0.003927574422  0.017350975504  0.018638693134  0.005215855177  0.014869605582  0.008601156880  0.019639346517  0.007364156240  0.002986474214  0.007419731820  0.000000000000  0.000000000000  0.017386413579  0.017372508385  0.014869605582  
cardinalis_cardinalis_ku25393 0.016763836423  0.023684066162  0.017372508385  0.012348752909  0.013592448547  0.000000000000  0.013231090784  0.002439957238  0.021170426355  0.017403796365  0.007530860336  0.004845198133  0.019873458241  0.000000000000  0.017386413579  0.005901100406  0.018615559056  0.019908594343  0.006951240005  0.016130008908  0.018617676220  0.022722164821  0.011099491567  0.002986474214  0.013697624387  0.000000000000  0.002105028258  0.016138338302  0.018615559056  0.016130008908  
piranga_olivacea_ku2699 0.005261725710  0.006573587076  0.003940207356  0.010574020909  0.013243723697  0.013231090784  0.000000000000  0.014574884843  0.005252882912  0.003941297488  0.004501930276  0.006467913708  0.003936198043  0.000000000000  0.003941369413  0.005901100406  0.003935039046  0.005253212740  0.001729944704  0.002624308277  0.018629819429  0.004867123120  0.009239331245  0.002986474214  0.014700583485  0.000000000000  0.002105028258  0.002623911362  0.003935039046  0.002624308277  
cardinalis_cardinalis_ku21828 0.019393188510  0.026248906174  0.019908594343  0.014858149516  0.016103722207  0.002439957238  0.014574884843  0.000000000000  0.023726204300  0.019945870901  0.009052594951  0.006471829544  0.021144091249  0.000000000000  0.019922956899  0.005901100406  0.021155869115  0.022459633860  0.006951240005  0.018661884789  0.021152919624  0.024276599953  0.013601631888  0.002986474214  0.016230710292  0.000000000000  0.002105028258  0.018672966617  0.021155869115  0.018661884789  
piranga_rubra_ku7046 0.006396970776  0.009857399184  0.004913608830  0.016138338302  0.019922956899  0.021170426355  0.005252882912  0.023726204300  0.000000000000  0.007386122486  0.004503354471  0.006471829544  0.006139421461  0.000000000000  0.004911355066  0.005901100406  0.004907580292  0.006142977487  0.001729944704  0.003680209761  0.027567961173  0.007480473687  0.014876570777  0.002986474214  0.017524748289  0.000000000000  0.002105028258  0.006146969318  0.004907580292  0.003680209761  
piranga_bidentata_hgoslp104 0.006405165594  0.009857399184  0.004907580292  0.012378533572  0.018652826339  0.017403796365  0.003941297488  0.019945870901  0.007386122486  0.000000000000  0.004503354471  0.006471829544  0.006139421461  0.000000000000  0.004911355066  0.005889515430  0.004907580292  0.006142977487  0.003470894147  0.003671202522  0.023732719079  0.007480473687  0.011125019671  0.002986474214  0.016251001656  0.000000000000  0.002105028258  0.003674092800  0.004913608830  0.003671202522  
piranga_ludoviciana_sdsu2648 0.004508696257  0.004496604489  0.001497356415  0.010570368768  0.007530860336  0.007530860336  0.004501930276  0.009052594951  0.004503354471  0.004503354471  0.000000000000  0.003227442061  0.002993023278  0.000000000000  0.001499601855  0.003919876585  0.002995419995  0.002995419995  0.000000000000  0.001497356415  0.012087106206  0.003695353091  0.009045260793  0.002986474214  0.009045260793  0.000000000000  0.000000000000  0.002997509097  0.002999913012  0.001497356415  
piranga_roseogularis_ku2049 0.006478389247  0.006471829544  0.003227442061  0.009750875917  0.006482317825  0.004845198133  0.006467913708  0.006471829544  0.006471829544  0.006471829544  0.003227442061  0.000000000000  0.004845198133  0.002370548613  0.003227442061  0.005903552074  0.003227442061  0.004850236613  0.001988690519  0.003227442061  0.009745786669  0.001945324437  0.008111538535  0.005993706627  0.008111538535  0.003280378467  0.002105957473  0.004845198133  0.001610711574  0.003227442061  
piranga_hepatica_ku4970 0.003825764929  0.008592837337  0.003671202522  0.014839773823  0.018606545971  0.019873458241  0.003936198043  0.021144091249  0.006139421461  0.006139421461  0.002993023278  0.004845198133  0.000000000000  0.000000000000  0.003679259576  0.003919876585  0.003666715417  0.004901566530  0.000000000000  0.002447318507  0.026215139806  0.005960683101  0.013584833051  0.002986474214  0.016210469542  0.000000000000  0.000000000000  0.004905332069  0.003671202522  0.002447318507  
piranga_hepatica_ku9084 0.000000000000  0.004748116210  0.000000000000  0.002370548613  0.000000000000  0.000000000000  0.000000000000  0.000000000000  0.000000000000  0.000000000000  0.000000000000  0.002370548613  0.000000000000  0.000000000000  0.000000000000  0.004748116210  0.000000000000  0.000000000000  0.000000000000  0.000000000000  0.000000000000  0.004748116210  0.000000000000  0.003156137970  0.000000000000  0.000000000000  0.000000000000  0.000000000000  0.002370548613  0.000000000000  
piranga_rubra_sdsu2654 0.003835547590  0.007383210301  0.002450316865  0.012379328239  0.016143721250  0.017386413579  0.003941369413  0.019922956899  0.004911355066  0.004911355066  0.001499601855  0.003227442061  0.003679259576  0.000000000000  0.000000000000  0.003927574422  0.002450316865  0.003680209761  0.000000000000  0.001223910265  0.023747460831  0.005984100409  0.011126937768  0.002986474214  0.013731825081  0.000000000000  0.000000000000  0.003679259576  0.002450316865  0.001223910265  
piranga_flava_lsu15408 0.005912731049  0.000000000000  0.003919876585  0.003928466383  0.003927574422  0.005901100406  0.005901100406  0.005901100406  0.005901100406  0.005889515430  0.003919876585  0.005903552074  0.003919876585  0.004748116210  0.003927574422  0.000000000000  0.003919876585  0.003919876585  0.004006248973  0.003919876585  0.007882024298  0.003923990922  0.005901100406  0.009004535467  0.005901100406  0.000000000000  0.004217452005  0.005889515430  0.005903552074  0.003919876585  
piranga_lutea_lsu5400 0.003824670294  0.007358944944  0.002445925207  0.013592406925  0.017350975504  0.018615559056  0.003935039046  0.021155869115  0.004907580292  0.004907580292  0.002995419995  0.003227442061  0.003666715417  0.000000000000  0.002450316865  0.003919876585  0.000000000000  0.003674092800  0.000000000000  0.001222727386  0.024942834168  0.004463155848  0.012339751110  0.002986474214  0.014950714910  0.000000000000  0.000000000000  0.003675700624  0.002445925207  0.001222727386  
piranga_olivacea_ku4672 0.005112219893  0.008607613277  0.003678597997  0.014867098059  0.018638693134  0.019908594343  0.005253212740  0.022459633860  0.006142977487  0.006142977487  0.002995419995  0.004850236613  0.004901566530  0.000000000000  0.003680209761  0.003919876585  0.003674092800  0.000000000000  0.001730572186  0.002448920153  0.026257127343  0.005969578913  0.013609224634  0.002986474214  0.016239144931  0.000000000000  0.000000000000  0.004907580292  0.003678597997  0.002448920153  
piranga_ludoviciana_sdsu2208 0.001732942603  0.005206802450  0.000000000000  0.006967882462  0.005215855177  0.006951240005  0.001729944704  0.006951240005  0.001729944704  0.003470894147  0.000000000000  0.001988690519  0.000000000000  0.000000000000  0.000000000000  0.004006248973  0.000000000000  0.001730572186  0.000000000000  0.000000000000  0.014013993135  0.003464881009  0.005215855177  0.002986474214  0.005215855177  0.000000000000  0.000000000000  0.001732942603  0.001730572186  0.000000000000  
piranga_bidentata_itm160 0.002553933833  0.006139421461  0.001222727386  0.011118114541  0.014869605582  0.016130008908  0.002624308277  0.018661884789  0.003680209761  0.003671202522  0.001497356415  0.003227442061  0.002447318507  0.000000000000  0.001223910265  0.003919876585  0.001222727386  0.002448920153  0.000000000000  0.000000000000  0.022447025569  0.004476475411  0.009869560595  0.002986474214  0.012456433131  0.000000000000  0.000000000000  0.002444327478  0.001224224280  0.000000000000  
piranga_leucoptera_fmnh481795 0.024700110805  0.030066914101  0.023694638969  0.013575672570  0.008601156880  0.018617676220  0.018629819429  0.021152919624  0.027567961173  0.023732719079  0.012087106206  0.009745786669  0.026215139806  0.000000000000  0.023747460831  0.007882024298  0.024942834168  0.026257127343  0.014013993135  0.022447025569  0.000000000000  0.027371914903  0.012327041851  0.002986474214  0.014935721906  0.000000000000  0.004218481173  0.022454113883  0.024973986034  0.022447025569  
piranga_lutea_ku89864 0.004699390396  0.005960683101  0.005969578913  0.016584669038  0.019639346517  0.022722164821  0.004867123120  0.024276599953  0.007480473687  0.007480473687  0.003695353091  0.001945324437  0.005960683101  0.004748116210  0.005984100409  0.003923990922  0.004463155848  0.005969578913  0.003464881009  0.004476475411  0.027371914903  0.000000000000  0.015051640922  0.009004535467  0.016573362071  0.003217059141  0.004217452005  0.007480473687  0.002975213468  0.004476475411  
piranga_rubriceps_lsu34818 0.011567236448  0.017350975504  0.011104396186  0.001221234149  0.007364156240  0.011099491567  0.009239331245  0.013601631888  0.014876570777  0.011125019671  0.009045260793  0.008111538535  0.013584833051  0.000000000000  0.011126937768  0.005901100406  0.012339751110  0.013609224634  0.005215855177  0.009869560595  0.012327041851  0.015051640922  0.000000000000  0.002986474214  0.004935304673  0.000000000000  0.002105028258  0.009875127069  0.012354997703  0.009869560595  
piranga_roseogularis_ku2141 0.002986474214  0.009004535467  0.002986474214  0.005993706627  0.002986474214  0.002986474214  0.002986474214  0.002986474214  0.002986474214  0.002986474214  0.002986474214  0.005993706627  0.002986474214  0.003156137970  0.002986474214  0.009004535467  0.002986474214  0.002986474214  0.002986474214  0.002986474214  0.002986474214  0.009004535467  0.002986474214  0.000000000000  0.002986474214  0.000000000000  0.002995419995  0.002986474214  0.005993706627  0.002986474214  
piranga_erythrocephala_fmnh343371 0.014280690912  0.020022697733  0.013703303960  0.006175734948  0.007419731820  0.013697624387  0.014700583485  0.016230710292  0.017524748289  0.016251001656  0.009045260793  0.008111538535  0.016210469542  0.000000000000  0.013731825081  0.005901100406  0.014950714910  0.016239144931  0.005215855177  0.012456433131  0.014935721906  0.016573362071  0.004935304673  0.002986474214  0.000000000000  0.000000000000  0.000000000000  0.014980993993  0.014969366574  0.012456433131  
piranga_erythrocephala_fmnh343370 0.000000000000  0.000000000000  0.000000000000  0.000000000000  0.000000000000  0.000000000000  0.000000000000  0.000000000000  0.000000000000  0.000000000000  0.000000000000  0.003280378467  0.000000000000  0.000000000000  0.000000000000  0.000000000000  0.000000000000  0.000000000000  0.000000000000  0.000000000000  0.000000000000  0.003217059141  0.000000000000  0.000000000000  0.000000000000  0.000000000000  0.000000000000  0.000000000000  0.003217059141  0.000000000000  
piranga_ludoviciana_sdsu2650 0.000000000000  0.004217452005  0.000000000000  0.004217452005  0.000000000000  0.002105028258  0.002105028258  0.002105028258  0.002105028258  0.002105028258  0.000000000000  0.002105957473  0.000000000000  0.000000000000  0.000000000000  0.004217452005  0.000000000000  0.000000000000  0.000000000000  0.000000000000  0.004218481173  0.004217452005  0.002105028258  0.002995419995  0.000000000000  0.000000000000  0.000000000000  0.002105028258  0.002105957473  0.000000000000  
piranga_bidentata_tepe59 0.005118448898  0.008613985979  0.003675700624  0.011125019671  0.017386413579  0.016138338302  0.002623911362  0.018672966617  0.006146969318  0.003674092800  0.002997509097  0.004845198133  0.004905332069  0.000000000000  0.003679259576  0.005889515430  0.003675700624  0.004907580292  0.001732942603  0.002444327478  0.022454113883  0.007480473687  0.009875127069  0.002986474214  0.014980993993  0.000000000000  0.002105028258  0.000000000000  0.003680209761  0.002444327478  
piranga_rubra_sdsu2635 0.003824670294  0.007367981875  0.002448920153  0.013609224634  0.017372508385  0.018615559056  0.003935039046  0.021155869115  0.004907580292  0.004913608830  0.002999913012  0.001610711574  0.003671202522  0.002370548613  0.002450316865  0.005903552074  0.002445925207  0.003678597997  0.001730572186  0.001224224280  0.024973986034  0.002975213468  0.012354997703  0.005993706627  0.014969366574  0.003217059141  0.002105957473  0.003680209761  0.000000000000  0.001224224280  
piranga_bidentata_itm141 0.002553933833  0.006139421461  0.001222727386  0.011118114541  0.014869605582  0.016130008908  0.002624308277  0.018661884789  0.003680209761  0.003671202522  0.001497356415  0.003227442061  0.002447318507  0.000000000000  0.001223910265  0.003919876585  0.001222727386  0.002448920153  0.000000000000  0.000000000000  0.022447025569  0.004476475411  0.009869560595  0.002986474214  0.012456433131  0.000000000000  0.000000000000  0.002444327478  0.001224224280  0.000000000000  

