30
piranga_rubra_ku26592 0.000000000000  0.002591130086  0.000000000000  0.000000000000  0.002591130086  0.005196667765  0.000000000000  0.007816774156  0.000000000000  0.000000000000  0.000000000000  0.000000000000  0.000000000000  0.002674283295  0.000000000000  0.003106247987  0.000000000000  0.000000000000  0.000000000000  0.000000000000  0.002591130086  0.002597861500  0.002591130086  0.000000000000  0.002611429801  0.000000000000  0.000000000000  0.000000000000  0.000000000000  0.000000000000  
piranga_flava_ku90809 0.002591130086  0.000000000000  0.002591130086  0.002916031102  0.005196667765  0.007816774156  0.002611429801  0.010451613096  0.002591130086  0.002591130086  0.002591130086  0.002725301026  0.002591130086  0.005363916486  0.002710526980  0.000000000000  0.002755337609  0.002674283295  0.002618267240  0.002591130086  0.005196667765  0.000000000000  0.005196667765  0.000000000000  0.005237494465  0.002747766563  0.002849555747  0.002591130086  0.003058741763  0.002667150560  
piranga_ludoviciana_sdsu2385 0.000000000000  0.002591130086  0.000000000000  0.000000000000  0.002591130086  0.005196667765  0.000000000000  0.007816774156  0.000000000000  0.000000000000  0.000000000000  0.000000000000  0.000000000000  0.002674283295  0.000000000000  0.003106247987  0.000000000000  0.000000000000  0.000000000000  0.000000000000  0.002591130086  0.002597861500  0.002591130086  0.000000000000  0.002611429801  0.000000000000  0.000000000000  0.000000000000  0.000000000000  0.000000000000  
piranga_rubriceps_lsu265 0.000000000000  0.002916031102  0.000000000000  0.000000000000  0.000000000000  0.002916031102  0.000000000000  0.005850322193  0.000000000000  0.000000000000  0.000000000000  0.000000000000  0.000000000000  0.000000000000  0.000000000000  0.003106247987  0.000000000000  0.000000000000  0.000000000000  0.000000000000  0.000000000000  0.002924559235  0.000000000000  0.000000000000  0.000000000000  0.000000000000  0.000000000000  0.000000000000  0.000000000000  0.000000000000  
piranga_leucoptera_lsu7783 0.002591130086  0.005196667765  0.002591130086  0.000000000000  0.000000000000  0.002591130086  0.002611429801  0.005196667765  0.002591130086  0.002591130086  0.002591130086  0.000000000000  0.002591130086  0.005363916486  0.000000000000  0.003106247987  0.000000000000  0.002674283295  0.002618267240  0.002591130086  0.000000000000  0.005210205758  0.000000000000  0.000000000000  0.000000000000  0.000000000000  0.000000000000  0.002591130086  0.000000000000  0.000000000000  
cardinalis_cardinalis_ku25393 0.005196667765  0.007816774156  0.005196667765  0.002916031102  0.002591130086  0.000000000000  0.005237494465  0.002591130086  0.005196667765  0.005196667765  0.005196667765  0.002725301026  0.005196667765  0.008069076799  0.002710526980  0.006233224387  0.002755337609  0.005363916486  0.005251246295  0.005196667765  0.002591130086  0.007837195159  0.002591130086  0.003907295595  0.002611429801  0.002747766563  0.002849555747  0.005196667765  0.003058741763  0.002667150560  
piranga_olivacea_ku2699 0.000000000000  0.002611429801  0.000000000000  0.000000000000  0.002611429801  0.005237494465  0.000000000000  0.007878358948  0.000000000000  0.000000000000  0.000000000000  0.000000000000  0.000000000000  0.002674283295  0.000000000000  0.003125666247  0.000000000000  0.000000000000  0.000000000000  0.000000000000  0.002611429801  0.002611429801  0.002611429801  0.000000000000  0.002611429801  0.000000000000  0.000000000000  0.000000000000  0.000000000000  0.000000000000  
cardinalis_cardinalis_ku21828 0.007816774156  0.010451613096  0.007816774156  0.005850322193  0.005196667765  0.002591130086  0.007878358948  0.000000000000  0.007816774156  0.007816774156  0.007816774156  0.005466544945  0.007816774156  0.010789944553  0.005436823967  0.009381207709  0.005526972525  0.008069076799  0.007899103429  0.007816774156  0.005196667765  0.010478994834  0.005196667765  0.007847445726  0.005237494465  0.005511740729  0.005716545953  0.007816774156  0.006137580704  0.005349569009  
piranga_rubra_ku7046 0.000000000000  0.002591130086  0.000000000000  0.000000000000  0.002591130086  0.005196667765  0.000000000000  0.007816774156  0.000000000000  0.000000000000  0.000000000000  0.000000000000  0.000000000000  0.002674283295  0.000000000000  0.003106247987  0.000000000000  0.000000000000  0.000000000000  0.000000000000  0.002591130086  0.002597861500  0.002591130086  0.000000000000  0.002611429801  0.000000000000  0.000000000000  0.000000000000  0.000000000000  0.000000000000  
piranga_bidentata_hgoslp104 0.000000000000  0.002591130086  0.000000000000  0.000000000000  0.002591130086  0.005196667765  0.000000000000  0.007816774156  0.000000000000  0.000000000000  0.000000000000  0.000000000000  0.000000000000  0.002674283295  0.000000000000  0.003106247987  0.000000000000  0.000000000000  0.000000000000  0.000000000000  0.002591130086  0.002597861500  0.002591130086  0.000000000000  0.002611429801  0.000000000000  0.000000000000  0.000000000000  0.000000000000  0.000000000000  
piranga_ludoviciana_sdsu2648 0.000000000000  0.002591130086  0.000000000000  0.000000000000  0.002591130086  0.005196667765  0.000000000000  0.007816774156  0.000000000000  0.000000000000  0.000000000000  0.000000000000  0.000000000000  0.002674283295  0.000000000000  0.003106247987  0.000000000000  0.000000000000  0.000000000000  0.000000000000  0.002591130086  0.002597861500  0.002591130086  0.000000000000  0.002611429801  0.000000000000  0.000000000000  0.000000000000  0.000000000000  0.000000000000  
piranga_roseogularis_ku2049 0.000000000000  0.002725301026  0.000000000000  0.000000000000  0.000000000000  0.002725301026  0.000000000000  0.005466544945  0.000000000000  0.000000000000  0.000000000000  0.000000000000  0.000000000000  0.002770605561  0.000000000000  0.003155253163  0.000000000000  0.000000000000  0.000000000000  0.000000000000  0.000000000000  0.002725301026  0.000000000000  0.000000000000  0.000000000000  0.000000000000  0.000000000000  0.000000000000  0.000000000000  0.000000000000  
piranga_hepatica_ku4970 0.000000000000  0.002591130086  0.000000000000  0.000000000000  0.002591130086  0.005196667765  0.000000000000  0.007816774156  0.000000000000  0.000000000000  0.000000000000  0.000000000000  0.000000000000  0.002674283295  0.000000000000  0.003106247987  0.000000000000  0.000000000000  0.000000000000  0.000000000000  0.002591130086  0.002597861500  0.002591130086  0.000000000000  0.002611429801  0.000000000000  0.000000000000  0.000000000000  0.000000000000  0.000000000000  
piranga_hepatica_ku9084 0.002674283295  0.005363916486  0.002674283295  0.000000000000  0.005363916486  0.008069076799  0.002674283295  0.010789944553  0.002674283295  0.002674283295  0.002674283295  0.002770605561  0.002674283295  0.000000000000  0.002801654773  0.003216139809  0.002849555747  0.002674283295  0.002674283295  0.002674283295  0.005363916486  0.005363916486  0.005363916486  0.000000000000  0.005363916486  0.002841458827  0.002874125768  0.002674283295  0.000000000000  0.002755337609  
piranga_rubra_sdsu2654 0.000000000000  0.002710526980  0.000000000000  0.000000000000  0.000000000000  0.002710526980  0.000000000000  0.005436823967  0.000000000000  0.000000000000  0.000000000000  0.000000000000  0.000000000000  0.002801654773  0.000000000000  0.003106247987  0.000000000000  0.000000000000  0.000000000000  0.000000000000  0.000000000000  0.002717893926  0.000000000000  0.000000000000  0.000000000000  0.000000000000  0.000000000000  0.000000000000  0.000000000000  0.000000000000  
piranga_flava_lsu15408 0.003106247987  0.000000000000  0.003106247987  0.003106247987  0.003106247987  0.006233224387  0.003125666247  0.009381207709  0.003106247987  0.003106247987  0.003106247987  0.003155253163  0.003106247987  0.003216139809  0.003106247987  0.000000000000  0.003106247987  0.003216139809  0.003135466706  0.003106247987  0.003106247987  0.000000000000  0.003106247987  0.000000000000  0.003125666247  0.003106247987  0.003185405561  0.003106247987  0.003106247987  0.003106247987  
piranga_lutea_lsu5400 0.000000000000  0.002755337609  0.000000000000  0.000000000000  0.000000000000  0.002755337609  0.000000000000  0.005526972525  0.000000000000  0.000000000000  0.000000000000  0.000000000000  0.000000000000  0.002849555747  0.000000000000  0.003106247987  0.000000000000  0.000000000000  0.000000000000  0.000000000000  0.000000000000  0.002762950492  0.000000000000  0.000000000000  0.000000000000  0.000000000000  0.000000000000  0.000000000000  0.000000000000  0.000000000000  
piranga_olivacea_ku4672 0.000000000000  0.002674283295  0.000000000000  0.000000000000  0.002674283295  0.005363916486  0.000000000000  0.008069076799  0.000000000000  0.000000000000  0.000000000000  0.000000000000  0.000000000000  0.002674283295  0.000000000000  0.003216139809  0.000000000000  0.000000000000  0.000000000000  0.000000000000  0.002674283295  0.002674283295  0.002674283295  0.000000000000  0.002674283295  0.000000000000  0.000000000000  0.000000000000  0.000000000000  0.000000000000  
piranga_ludoviciana_sdsu2208 0.000000000000  0.002618267240  0.000000000000  0.000000000000  0.002618267240  0.005251246295  0.000000000000  0.007899103429  0.000000000000  0.000000000000  0.000000000000  0.000000000000  0.000000000000  0.002674283295  0.000000000000  0.003135466706  0.000000000000  0.000000000000  0.000000000000  0.000000000000  0.002618267240  0.002618267240  0.002618267240  0.000000000000  0.002618267240  0.000000000000  0.000000000000  0.000000000000  0.000000000000  0.000000000000  
piranga_bidentata_itm160 0.000000000000  0.002591130086  0.000000000000  0.000000000000  0.002591130086  0.005196667765  0.000000000000  0.007816774156  0.000000000000  0.000000000000  0.000000000000  0.000000000000  0.000000000000  0.002674283295  0.000000000000  0.003106247987  0.000000000000  0.000000000000  0.000000000000  0.000000000000  0.002591130086  0.002597861500  0.002591130086  0.000000000000  0.002611429801  0.000000000000  0.000000000000  0.000000000000  0.000000000000  0.000000000000  
piranga_leucoptera_fmnh481795 0.002591130086  0.005196667765  0.002591130086  0.000000000000  0.000000000000  0.002591130086  0.002611429801  0.005196667765  0.002591130086  0.002591130086  0.002591130086  0.000000000000  0.002591130086  0.005363916486  0.000000000000  0.003106247987  0.000000000000  0.002674283295  0.002618267240  0.002591130086  0.000000000000  0.005210205758  0.000000000000  0.000000000000  0.000000000000  0.000000000000  0.000000000000  0.002591130086  0.000000000000  0.000000000000  
piranga_lutea_ku89864 0.002597861500  0.000000000000  0.002597861500  0.002924559235  0.005210205758  0.007837195159  0.002611429801  0.010478994834  0.002597861500  0.002597861500  0.002597861500  0.002725301026  0.002597861500  0.005363916486  0.002717893926  0.000000000000  0.002762950492  0.002674283295  0.002618267240  0.002597861500  0.005210205758  0.000000000000  0.005210205758  0.000000000000  0.005237494465  0.002755337609  0.002849555747  0.002597861500  0.003068126403  0.002674283295  
piranga_rubriceps_lsu34818 0.002591130086  0.005196667765  0.002591130086  0.000000000000  0.000000000000  0.002591130086  0.002611429801  0.005196667765  0.002591130086  0.002591130086  0.002591130086  0.000000000000  0.002591130086  0.005363916486  0.000000000000  0.003106247987  0.000000000000  0.002674283295  0.002618267240  0.002591130086  0.000000000000  0.005210205758  0.000000000000  0.000000000000  0.000000000000  0.000000000000  0.000000000000  0.002591130086  0.000000000000  0.000000000000  
piranga_roseogularis_ku2141 0.000000000000  0.000000000000  0.000000000000  0.000000000000  0.000000000000  0.003907295595  0.000000000000  0.007847445726  0.000000000000  0.000000000000  0.000000000000  0.000000000000  0.000000000000  0.000000000000  0.000000000000  0.000000000000  0.000000000000  0.000000000000  0.000000000000  0.000000000000  0.000000000000  0.000000000000  0.000000000000  0.000000000000  0.000000000000  0.000000000000  0.000000000000  0.000000000000  0.000000000000  0.000000000000  
piranga_erythrocephala_fmnh343371 0.002611429801  0.005237494465  0.002611429801  0.000000000000  0.000000000000  0.002611429801  0.002611429801  0.005237494465  0.002611429801  0.002611429801  0.002611429801  0.000000000000  0.002611429801  0.005363916486  0.000000000000  0.003125666247  0.000000000000  0.002674283295  0.002618267240  0.002611429801  0.000000000000  0.005237494465  0.000000000000  0.000000000000  0.000000000000  0.000000000000  0.000000000000  0.002611429801  0.000000000000  0.000000000000  
piranga_erythrocephala_fmnh343370 0.000000000000  0.002747766563  0.000000000000  0.000000000000  0.000000000000  0.002747766563  0.000000000000  0.005511740729  0.000000000000  0.000000000000  0.000000000000  0.000000000000  0.000000000000  0.002841458827  0.000000000000  0.003106247987  0.000000000000  0.000000000000  0.000000000000  0.000000000000  0.000000000000  0.002755337609  0.000000000000  0.000000000000  0.000000000000  0.000000000000  0.000000000000  0.000000000000  0.000000000000  0.000000000000  
piranga_ludoviciana_sdsu2650 0.000000000000  0.002849555747  0.000000000000  0.000000000000  0.000000000000  0.002849555747  0.000000000000  0.005716545953  0.000000000000  0.000000000000  0.000000000000  0.000000000000  0.000000000000  0.002874125768  0.000000000000  0.003185405561  0.000000000000  0.000000000000  0.000000000000  0.000000000000  0.000000000000  0.002849555747  0.000000000000  0.000000000000  0.000000000000  0.000000000000  0.000000000000  0.000000000000  0.000000000000  0.000000000000  
piranga_bidentata_tepe59 0.000000000000  0.002591130086  0.000000000000  0.000000000000  0.002591130086  0.005196667765  0.000000000000  0.007816774156  0.000000000000  0.000000000000  0.000000000000  0.000000000000  0.000000000000  0.002674283295  0.000000000000  0.003106247987  0.000000000000  0.000000000000  0.000000000000  0.000000000000  0.002591130086  0.002597861500  0.002591130086  0.000000000000  0.002611429801  0.000000000000  0.000000000000  0.000000000000  0.000000000000  0.000000000000  
piranga_rubra_sdsu2635 0.000000000000  0.003058741763  0.000000000000  0.000000000000  0.000000000000  0.003058741763  0.000000000000  0.006137580704  0.000000000000  0.000000000000  0.000000000000  0.000000000000  0.000000000000  0.000000000000  0.000000000000  0.003106247987  0.000000000000  0.000000000000  0.000000000000  0.000000000000  0.000000000000  0.003068126403  0.000000000000  0.000000000000  0.000000000000  0.000000000000  0.000000000000  0.000000000000  0.000000000000  0.000000000000  
piranga_bidentata_itm141 0.000000000000  0.002667150560  0.000000000000  0.000000000000  0.000000000000  0.002667150560  0.000000000000  0.005349569009  0.000000000000  0.000000000000  0.000000000000  0.000000000000  0.000000000000  0.002755337609  0.000000000000  0.003106247987  0.000000000000  0.000000000000  0.000000000000  0.000000000000  0.000000000000  0.002674283295  0.000000000000  0.000000000000  0.000000000000  0.000000000000  0.000000000000  0.000000000000  0.000000000000  0.000000000000  

