30
cardinalis_cardinalis_ku21828 0.000000000000  0.000000000000  0.024968636019  0.019790859687  0.027069234944  0.027069234944  0.024446988413  0.026529813425  0.030182271353  0.028605111253  0.017224592202  0.018767155984  0.021857842404  0.024453480783  0.024975446068  0.031236715862  0.021857842404  0.022891120158  0.022891120158  0.018767155984  0.019274113548  0.020308185480  0.031756122663  0.037504195033  0.034351761133  0.021843098689  0.023395092217  0.016709799039  0.020826092231  0.020826092231  
cardinalis_cardinalis_ku25393 0.000000000000  0.000000000000  0.024968636019  0.019790859687  0.027069234944  0.027069234944  0.024446988413  0.026529813425  0.030182271353  0.028605111253  0.017224592202  0.018767155984  0.021857842404  0.024453480783  0.024975446068  0.031236715862  0.021857842404  0.022891120158  0.022891120158  0.018767155984  0.019274113548  0.020308185480  0.031756122663  0.037504195033  0.034351761133  0.021843098689  0.023395092217  0.016709799039  0.020826092231  0.020826092231  
piranga_leucoptera_fmnh481795 0.024968636019  0.024968636019  0.000000000000  0.005020392161  0.028620038490  0.028620038490  0.024950914632  0.027033326388  0.035926273840  0.034337965371  0.023910108089  0.025466880240  0.028586136920  0.031205881142  0.031205881142  0.037520071349  0.028586136920  0.029628994795  0.029628994795  0.025466880240  0.024945911648  0.025988438004  0.037528708077  0.043321894459  0.040144226538  0.027534831923  0.029099286622  0.022361498944  0.025477972616  0.025477972616  
piranga_leucoptera_lsu7783 0.019790859687  0.019790859687  0.005020392161  0.000000000000  0.023411319159  0.023411319159  0.019778523129  0.021843098689  0.030667632817  0.029094469009  0.018747473030  0.020291385086  0.023386527631  0.025983254060  0.025983254060  0.032246181310  0.023386527631  0.024421296358  0.024421296358  0.020291385086  0.019775305270  0.020808043063  0.032252931687  0.038008556199  0.034854199043  0.022346881274  0.023898349969  0.017209890530  0.021325280497  0.021325280497  
piranga_erythrocephala_fmnh343371 0.027069234944  0.027069234944  0.028620038490  0.023411319159  0.000000000000  0.000000000000  0.021857842404  0.023932105591  0.039129028084  0.037528708077  0.026000165904  0.027563254130  0.030693507184  0.033325140485  0.033854715054  0.039663704510  0.030693507184  0.031740055691  0.031740055691  0.027563254130  0.028074127644  0.029123130011  0.040188701981  0.046539493734  0.043347540115  0.030673413509  0.032246181310  0.025477972616  0.029648527325  0.029648527325  
piranga_erythrocephala_fmnh343370 0.027069234944  0.027069234944  0.028620038490  0.023411319159  0.000000000000  0.000000000000  0.021857842404  0.023932105591  0.039129028084  0.037528708077  0.026000165904  0.027563254130  0.030693507184  0.033325140485  0.033854715054  0.039663704510  0.030693507184  0.031740055691  0.031740055691  0.027563254130  0.028074127644  0.029123130011  0.040188701981  0.046539493734  0.043347540115  0.030673413509  0.032246181310  0.025477972616  0.029648527325  0.029648527325  
piranga_rubriceps_lsu265 0.024446988413  0.024446988413  0.024950914632  0.019778523129  0.021857842404  0.021857842404  0.000000000000  0.002003391486  0.036456927911  0.034866793968  0.023390584339  0.024945911648  0.028062574416  0.030679653050  0.031205881142  0.037520071349  0.028062574416  0.029104561905  0.029104561905  0.024945911648  0.025457600167  0.026500036804  0.038044061784  0.042786212385  0.039610927924  0.028048666534  0.029613581444  0.022871645177  0.027022140063  0.027022140063  
piranga_rubriceps_lsu34818 0.026529813425  0.026529813425  0.027033326388  0.021843098689  0.023932105591  0.023932105591  0.002003391486  0.000000000000  0.038576838134  0.036980351993  0.025466880240  0.027027505921  0.030154024723  0.032780642205  0.033308957251  0.039644240853  0.030154024723  0.031199318713  0.031199318713  0.027027505921  0.027539605620  0.028586136920  0.040169506212  0.044924073782  0.041739345093  0.030137648295  0.031707925516  0.024945911648  0.029110294480  0.029110294480  
piranga_roseogularis_ku2049 0.030182271353  0.030182271353  0.035926273840  0.030667632817  0.039129028084  0.039129028084  0.036456927911  0.038576838134  0.000000000000  0.001502444688  0.022880482574  0.025477972616  0.027550519877  0.030167233367  0.030167233367  0.036473346221  0.027550519877  0.028592005669  0.028592005669  0.024435356527  0.024945911648  0.025988438004  0.037528708077  0.042786212385  0.039610927924  0.027534831923  0.029099286622  0.022361498944  0.026510586273  0.026510586273  
piranga_roseogularis_ku2141 0.028605111253  0.028605111253  0.034337965371  0.029094469009  0.037528708077  0.037528708077  0.034866793968  0.036980351993  0.001502444688  0.000000000000  0.021325280497  0.023914931063  0.025983254060  0.028592005669  0.028592005669  0.034881243109  0.025983254060  0.027022140063  0.027022140063  0.022875838667  0.023386527631  0.024425530899  0.035933922051  0.041182889379  0.038014722285  0.025970426733  0.027530514348  0.020808043063  0.024945911648  0.024945911648  
piranga_olivacea_ku4672 0.017224592202  0.017224592202  0.023910108089  0.018747473030  0.026000165904  0.026000165904  0.023390584339  0.025466880240  0.022880482574  0.021325280497  0.000000000000  0.002505548505  0.004514935532  0.007038336143  0.007544821060  0.013642270494  0.004514935532  0.005522210295  0.005522210295  0.001501780645  0.010070728858  0.011087351665  0.022366278456  0.027005230217  0.023898349969  0.012609281473  0.014138249853  0.007539921268  0.011596504691  0.011596504691  
piranga_ludoviciana_sdsu2385 0.018767155984  0.018767155984  0.025466880240  0.020291385086  0.027563254130  0.027563254130  0.024945911648  0.027027505921  0.025477972616  0.023914931063  0.002505548505  0.000000000000  0.003006445862  0.005523517209  0.006028636400  0.012111858849  0.003006445862  0.004011470634  0.004011470634  0.004013599095  0.012614035629  0.013635682804  0.024962277186  0.029613581444  0.026495443775  0.015160857214  0.016696331189  0.010073947371  0.014147356361  0.014147356361  
piranga_ludoviciana_sdsu2208 0.021857842404  0.021857842404  0.028586136920  0.023386527631  0.030693507184  0.030693507184  0.028062574416  0.030154024723  0.027550519877  0.025983254060  0.004514935532  0.003006445862  0.000000000000  0.002505548505  0.003008252894  0.009064653193  0.000000000000  0.001000714796  0.001000714796  0.006027031976  0.014651189149  0.015675543272  0.027033326388  0.031698296234  0.028571271331  0.017205207080  0.018744874950  0.012104059504  0.016188574817  0.016188574817  
piranga_ludoviciana_sdsu2648 0.024453480783  0.024453480783  0.031205881142  0.025983254060  0.033325140485  0.033325140485  0.030679653050  0.032780642205  0.030167233367  0.028592005669  0.007038336143  0.005523517209  0.002505548505  0.000000000000  0.005527426079  0.011608318997  0.002505548505  0.003510092342  0.003510092342  0.008556795145  0.017212899654  0.018242355048  0.029648527325  0.034326022215  0.031187571969  0.019775305270  0.021321576658  0.014656353588  0.018757945766  0.018757945766  
piranga_bidentata_tepe59 0.024975446068  0.024975446068  0.031205881142  0.025983254060  0.033854715054  0.033854715054  0.031205881142  0.033308957251  0.030167233367  0.028592005669  0.007544821060  0.006028636400  0.003008252894  0.005527426079  0.000000000000  0.006027031976  0.003008252894  0.004013599095  0.004013599095  0.009064653193  0.017727340106  0.018757945766  0.030174523877  0.034854199043  0.031713431513  0.020291385086  0.021839082198  0.015168858420  0.019274113548  0.019274113548  
piranga_bidentata_hgoslp104 0.031236715862  0.031236715862  0.037520071349  0.032246181310  0.039663704510  0.039663704510  0.037520071349  0.039644240853  0.036473346221  0.034881243109  0.013642270494  0.012111858849  0.009064653193  0.011608318997  0.006027031976  0.000000000000  0.009064653193  0.010078913039  0.010078913039  0.015176402504  0.023914931063  0.024956369935  0.036482251594  0.041196841119  0.038028457769  0.026500036804  0.028062574416  0.021334034529  0.025477972616  0.025477972616  
piranga_ludoviciana_sdsu2650 0.021857842404  0.021857842404  0.028586136920  0.023386527631  0.030693507184  0.030693507184  0.028062574416  0.030154024723  0.027550519877  0.025983254060  0.004514935532  0.003006445862  0.000000000000  0.002505548505  0.003008252894  0.009064653193  0.000000000000  0.001000714796  0.001000714796  0.006027031976  0.014651189149  0.015675543272  0.027033326388  0.031698296234  0.028571271331  0.017205207080  0.018744874950  0.012104059504  0.016188574817  0.016188574817  
piranga_bidentata_itm160 0.022891120158  0.022891120158  0.029628994795  0.024421296358  0.031740055691  0.031740055691  0.029104561905  0.031199318713  0.028592005669  0.027022140063  0.005522210295  0.004011470634  0.001000714796  0.003510092342  0.004013599095  0.010078913039  0.001000714796  0.000000000000  0.000000000000  0.007036567953  0.015673012462  0.016699032413  0.028074127644  0.032745111487  0.029613581444  0.018230521876  0.019772535192  0.013122247496  0.017212899654  0.017212899654  
piranga_bidentata_itm141 0.022891120158  0.022891120158  0.029628994795  0.024421296358  0.031740055691  0.031740055691  0.029104561905  0.031199318713  0.028592005669  0.027022140063  0.005522210295  0.004011470634  0.001000714796  0.003510092342  0.004013599095  0.010078913039  0.001000714796  0.000000000000  0.000000000000  0.007036567953  0.015673012462  0.016699032413  0.028074127644  0.032745111487  0.029613581444  0.018230521876  0.019772535192  0.013122247496  0.017212899654  0.017212899654  
piranga_olivacea_ku2699 0.018767155984  0.018767155984  0.025466880240  0.020291385086  0.027563254130  0.027563254130  0.024945911648  0.027027505921  0.024435356527  0.022875838667  0.001501780645  0.004013599095  0.006027031976  0.008556795145  0.009064653193  0.015176402504  0.006027031976  0.007036567953  0.007036567953  0.000000000000  0.011594646689  0.012614035629  0.023920205217  0.028567230946  0.025453640678  0.014138249853  0.015670924988  0.009058358704  0.013124576312  0.013124576312  
piranga_lutea_ku89864 0.019274113548  0.019274113548  0.024945911648  0.019775305270  0.028074127644  0.028074127644  0.025457600167  0.027539605620  0.024945911648  0.023386527631  0.010070728858  0.012614035629  0.014651189149  0.017212899654  0.017727340106  0.023914931063  0.014651189149  0.015673012462  0.015673012462  0.011594646689  0.000000000000  0.001001085741  0.012115335570  0.017721149861  0.014653550435  0.002504365313  0.007541120365  0.006532406854  0.010585148257  0.010585148257  
piranga_flava_ku90809 0.020308185480  0.020308185480  0.025988438004  0.020808043063  0.029123130011  0.029123130011  0.026500036804  0.028586136920  0.025988438004  0.024425530899  0.011087351665  0.013635682804  0.015675543272  0.018242355048  0.018757945766  0.024956369935  0.015675543272  0.016699032413  0.016699032413  0.012614035629  0.001001085741  0.000000000000  0.011094646779  0.018750517772  0.015678517049  0.003508554762  0.008047562931  0.007544821060  0.011604708801  0.011604708801  
piranga_flava_lsu15408 0.031756122663  0.031756122663  0.037528708077  0.032252931687  0.040188701981  0.040188701981  0.038044061784  0.040169506212  0.037528708077  0.035933922051  0.022366278456  0.024962277186  0.027033326388  0.029648527325  0.030174523877  0.036482251594  0.027033326388  0.028074127644  0.028074127644  0.023920205217  0.012115335570  0.011094646779  0.000000000000  0.029635048451  0.026516541967  0.014659598242  0.019278807099  0.018772428517  0.022903554992  0.022903554992  
piranga_hepatica_ku4970 0.037504195033  0.037504195033  0.043321894459  0.038008556199  0.046539493734  0.046539493734  0.042786212385  0.044924073782  0.042786212385  0.041182889379  0.027005230217  0.029613581444  0.031698296234  0.034326022215  0.034854199043  0.041196841119  0.031698296234  0.032745111487  0.032745111487  0.028567230946  0.017721149861  0.018750517772  0.029635048451  0.000000000000  0.008046064763  0.015165748996  0.025457600167  0.024425530899  0.028586136920  0.028586136920  
piranga_hepatica_ku9084 0.034351761133  0.034351761133  0.040144226538  0.034854199043  0.043347540115  0.043347540115  0.039610927924  0.041739345093  0.039610927924  0.038014722285  0.023898349969  0.026495443775  0.028571271331  0.031187571969  0.031713431513  0.038028457769  0.028571271331  0.029613581444  0.029613581444  0.025453640678  0.014653550435  0.015678517049  0.026516541967  0.008046064763  0.000000000000  0.012108820356  0.022357169098  0.021329433244  0.025472200076  0.025472200076  
piranga_lutea_lsu5400 0.021843098689  0.021843098689  0.027534831923  0.022346881274  0.030673413509  0.030673413509  0.028048666534  0.030137648295  0.027534831923  0.025970426733  0.012609281473  0.015160857214  0.017205207080  0.019775305270  0.020291385086  0.026500036804  0.017205207080  0.018230521876  0.018230521876  0.014138249853  0.002504365313  0.003508554762  0.014659598242  0.015165748996  0.012108820356  0.000000000000  0.010070728858  0.009058358704  0.013124576312  0.013124576312  
piranga_rubra_sdsu2635 0.023395092217  0.023395092217  0.029099286622  0.023898349969  0.032246181310  0.032246181310  0.029613581444  0.031707925516  0.029099286622  0.027530514348  0.014138249853  0.016696331189  0.018744874950  0.021321576658  0.021839082198  0.028062574416  0.018744874950  0.019772535192  0.019772535192  0.015670924988  0.007541120365  0.008047562931  0.019278807099  0.025457600167  0.022357169098  0.010070728858  0.000000000000  0.010580452119  0.014656353588  0.014656353588  
piranga_rubra_sdsu2654 0.016709799039  0.016709799039  0.022361498944  0.017209890530  0.025477972616  0.025477972616  0.022871645177  0.024945911648  0.022361498944  0.020808043063  0.007539921268  0.010073947371  0.012104059504  0.014656353588  0.015168858420  0.021334034529  0.012104059504  0.013122247496  0.013122247496  0.009058358704  0.006532406854  0.007544821060  0.018772428517  0.024425530899  0.021329433244  0.009058358704  0.010580452119  0.000000000000  0.004012319668  0.004012319668  
piranga_rubra_ku7046 0.020826092231  0.020826092231  0.025477972616  0.021325280497  0.029648527325  0.029648527325  0.027022140063  0.029110294480  0.026510586273  0.024945911648  0.011596504691  0.014147356361  0.016188574817  0.018757945766  0.019274113548  0.025477972616  0.016188574817  0.017212899654  0.017212899654  0.013124576312  0.010585148257  0.011604708801  0.022903554992  0.028586136920  0.025472200076  0.013124576312  0.014656353588  0.004012319668  0.000000000000  0.000000000000  
piranga_rubra_ku26592 0.020826092231  0.020826092231  0.025477972616  0.021325280497  0.029648527325  0.029648527325  0.027022140063  0.029110294480  0.026510586273  0.024945911648  0.011596504691  0.014147356361  0.016188574817  0.018757945766  0.019274113548  0.025477972616  0.016188574817  0.017212899654  0.017212899654  0.013124576312  0.010585148257  0.011604708801  0.022903554992  0.028586136920  0.025472200076  0.013124576312  0.014656353588  0.004012319668  0.000000000000  0.000000000000  

