30
piranga_rubra_ku26592 0.000000000000  0.006471864247  0.007399768683  0.013003248371  0.013957239920  0.018656196431  0.003762053069  0.018285446350  0.002823919975  0.004616310343  0.006629982117  0.005182623698  0.008329170758  0.005324481199  0.004613554272  0.004802540118  0.005029540062  0.006471864247  0.006336230844  0.009440129352  0.008333000995  0.006482845872  0.014888376177  0.006476622563  0.014702339171  0.012769189690  0.005061706687  0.003689188351  0.004616310343  0.006476622563  
piranga_flava_ku90809 0.006471864247  0.000000000000  0.008333000995  0.013944770720  0.014902912679  0.019606157422  0.004707584144  0.019320592154  0.007560618525  0.005545452141  0.007585482053  0.006226007279  0.005541697129  0.005324481199  0.007396946197  0.005769413141  0.005029540062  0.007404064473  0.007614575206  0.010395660467  0.009268279852  0.009274599942  0.013944770720  0.007409830487  0.015698745552  0.013947505870  0.005061706687  0.004616310343  0.007399768683  0.007409830487  
piranga_ludoviciana_sdsu2385 0.007399768683  0.008333000995  0.000000000000  0.014883361686  0.015841629131  0.020553047140  0.005651310726  0.020350930219  0.008510321973  0.006471864247  0.004722492328  0.007267792551  0.010195379161  0.008003243726  0.010195379161  0.006733331496  0.007550048266  0.008333000995  0.002524028131  0.011343157194  0.010199755216  0.010205614250  0.016774784658  0.008338306716  0.016689084255  0.015118987832  0.005058386732  0.005541697129  0.010199755216  0.008338306716  
piranga_rubriceps_lsu265 0.013003248371  0.013944770720  0.014883361686  0.000000000000  0.012067234076  0.022461498614  0.011349882380  0.023466106600  0.014245306176  0.012067234076  0.014282345960  0.012509429940  0.015823484315  0.008011092145  0.015823484315  0.012556798141  0.011373038294  0.013944770720  0.008881553134  0.017077231807  0.008329170758  0.015834073978  0.001842208241  0.013950256246  0.014710102411  0.011601724304  0.007614575206  0.011128831529  0.015828024650  0.013950256246  
piranga_leucoptera_lsu7783 0.013957239920  0.014902912679  0.015841629131  0.012067234076  0.000000000000  0.023437207104  0.012318954264  0.024534346351  0.015220815656  0.013021105632  0.015268218305  0.012521202016  0.016781873425  0.012058800715  0.016781873425  0.013550464618  0.012655021665  0.014902912679  0.014033780983  0.018069382527  0.005541697129  0.016800572159  0.013950256246  0.014912428433  0.015707660169  0.013947505870  0.008887772239  0.012078580195  0.016790470302  0.014912428433  
cardinalis_cardinalis_ku25393 0.018656196431  0.019606157422  0.020553047140  0.022461498614  0.023437207104  0.000000000000  0.017099622634  0.003004851690  0.020032118048  0.017711929236  0.020080707312  0.018855121195  0.019606157422  0.020224342814  0.021501495615  0.018433713111  0.013908038760  0.018656196431  0.019200581207  0.022863128290  0.017723651040  0.020558239070  0.024378528386  0.019611828304  0.024700570020  0.025798865598  0.016606199135  0.016765144127  0.021506205391  0.019611828304  
piranga_olivacea_ku2699 0.003762053069  0.004707584144  0.005651310726  0.011349882380  0.012318954264  0.017099622634  0.000000000000  0.016579977518  0.004808788872  0.002820930046  0.004743259942  0.003150093336  0.006596587005  0.005331195190  0.006596587005  0.002919767953  0.003766583570  0.004707584144  0.003795173433  0.007695319749  0.006600009263  0.006604958362  0.013266569600  0.004711969487  0.012937198582  0.010452513952  0.002526359503  0.001878545351  0.006600009263  0.004711969487  
cardinalis_cardinalis_ku21828 0.018285446350  0.019320592154  0.020350930219  0.023466106600  0.024534346351  0.003004851690  0.016579977518  0.000000000000  0.019314511635  0.016226838791  0.019832928270  0.017794622564  0.021383112309  0.017507133258  0.021383112309  0.017363989167  0.012801729449  0.019320592154  0.016618401084  0.022452841905  0.018300535002  0.021398451671  0.025559324252  0.018292090878  0.024724104755  0.023420736991  0.014033780983  0.016226838791  0.021389873549  0.019328479384  
piranga_rubra_ku7046 0.002823919975  0.007560618525  0.008510321973  0.014245306176  0.015220815656  0.020032118048  0.004808788872  0.019314511635  0.000000000000  0.005661976700  0.007748284606  0.005182623698  0.009461594756  0.003987495642  0.005659586831  0.005765348139  0.005172990451  0.007560618525  0.006336230844  0.010435812925  0.009465105174  0.007571124041  0.016174412251  0.007565103811  0.015691498631  0.012769189690  0.003790979970  0.004713588317  0.005661976700  0.007565103811  
piranga_bidentata_hgoslp104 0.004616310343  0.005545452141  0.006471864247  0.012067234076  0.013021105632  0.017711929236  0.002820930046  0.016226838791  0.005661976700  0.000000000000  0.005682085977  0.003104456332  0.007399768683  0.005331195190  0.007399768683  0.003841339144  0.006296247626  0.005545452141  0.003795173433  0.006592750326  0.007404064473  0.007409830487  0.013950256246  0.005550669978  0.012721959561  0.010428290461  0.000000000000  0.000920109454  0.007404064473  0.005550669978  
piranga_ludoviciana_sdsu2648 0.006629982117  0.007585482053  0.004722492328  0.014282345960  0.015268218305  0.020080707312  0.004743259942  0.019832928270  0.007748284606  0.005682085977  0.000000000000  0.006349436922  0.009488133180  0.006737429666  0.009488133180  0.005882643153  0.006296247626  0.007585482053  0.002548897580  0.010658394765  0.009494757869  0.009502928044  0.016219517852  0.007593062683  0.016038339537  0.014072917348  0.003795173433  0.004729799004  0.009494757869  0.007593062683  
piranga_roseogularis_ku2049 0.005182623698  0.006226007279  0.007267792551  0.012509429940  0.012521202016  0.018855121195  0.003150093336  0.017794622564  0.005182623698  0.003104456332  0.006349436922  0.000000000000  0.008311466901  0.005331195190  0.008311466901  0.004144009918  0.004382909044  0.004141786462  0.005061706687  0.009380129018  0.007271949696  0.008320463530  0.014624786937  0.003104456332  0.013628953536  0.011594120015  0.003790979970  0.003104456332  0.008315034452  0.006230749719  
piranga_hepatica_ku4970 0.008329170758  0.005541697129  0.010195379161  0.015823484315  0.016781873425  0.019606157422  0.006596587005  0.021383112309  0.009461594756  0.007399768683  0.009488133180  0.008311466901  0.000000000000  0.007998457020  0.011128831529  0.007698865386  0.007550048266  0.008329170758  0.010163786707  0.012292209421  0.011132738163  0.010199755216  0.017717031764  0.009268279852  0.017681124929  0.016292852102  0.008881553134  0.006468573981  0.011132738163  0.009268279852  
piranga_hepatica_ku9084 0.005324481199  0.005324481199  0.008003243726  0.008011092145  0.012058800715  0.020224342814  0.005331195190  0.017507133258  0.003987495642  0.005331195190  0.006737429666  0.005331195190  0.007998457020  0.000000000000  0.007998457020  0.003992135821  0.005089266323  0.009360770842  0.004187153653  0.012090291517  0.008011092145  0.009360770842  0.008011092145  0.006674472068  0.014848416126  0.010760242960  0.005381402134  0.005331195190  0.009350815613  0.008021993107  
piranga_rubra_sdsu2654 0.004613554272  0.007396946197  0.010195379161  0.015823484315  0.016781873425  0.021501495615  0.006596587005  0.021383112309  0.005659586831  0.007399768683  0.009488133180  0.008311466901  0.011128831529  0.007998457020  0.000000000000  0.007698865386  0.008820574451  0.009263437442  0.008881553134  0.012292209421  0.011132738163  0.009274599942  0.017717031764  0.009268279852  0.017681124929  0.015111232332  0.007603163011  0.006468573981  0.003689188351  0.009268279852  
piranga_flava_lsu15408 0.004802540118  0.005769413141  0.006733331496  0.012556798141  0.013550464618  0.018433713111  0.002919767953  0.017363989167  0.005765348139  0.003841339144  0.005882643153  0.004144009918  0.007698865386  0.003992135821  0.007698865386  0.000000000000  0.002625868108  0.005769413141  0.005067773362  0.008692184243  0.007703516832  0.003837854081  0.014517347353  0.004807104377  0.013741797928  0.011601724304  0.003795173433  0.002877755894  0.007703516832  0.005775061497  
piranga_lutea_lsu5400 0.005029540062  0.005029540062  0.007550048266  0.011373038294  0.012655021665  0.013908038760  0.003766583570  0.012801729449  0.005172990451  0.006296247626  0.006296247626  0.004382909044  0.007550048266  0.005089266323  0.008820574451  0.002625868108  0.000000000000  0.005029540062  0.005410518699  0.007742489273  0.007557030258  0.006296247626  0.012655021665  0.006296247626  0.012145225624  0.010067850008  0.006469364932  0.005029540062  0.006288416257  0.005029540062  
piranga_olivacea_ku4672 0.006471864247  0.007404064473  0.008333000995  0.013944770720  0.014902912679  0.018656196431  0.004707584144  0.019320592154  0.007560618525  0.005545452141  0.007585482053  0.004141786462  0.008329170758  0.009360770842  0.009263437442  0.005769413141  0.005029540062  0.000000000000  0.007614575206  0.010395660467  0.009268279852  0.007404064473  0.015834073978  0.005545452141  0.015698745552  0.013947505870  0.006336230844  0.004616310343  0.009268279852  0.007409830487  
piranga_ludoviciana_sdsu2208 0.006336230844  0.007614575206  0.002524028131  0.008881553134  0.014033780983  0.019200581207  0.003795173433  0.016618401084  0.006336230844  0.003795173433  0.002548897580  0.005061706687  0.010163786707  0.004187153653  0.008881553134  0.005067773362  0.005410518699  0.007614575206  0.000000000000  0.011488363347  0.007614575206  0.010182816630  0.010163786707  0.006344181952  0.014105770579  0.010223913520  0.001373952853  0.003795173433  0.010171913128  0.007624422068  
piranga_bidentata_itm160 0.009440129352  0.010395660467  0.011343157194  0.017077231807  0.018069382527  0.022863128290  0.007695319749  0.022452841905  0.010435812925  0.006592750326  0.010658394765  0.009380129018  0.012292209421  0.012090291517  0.012292209421  0.008692184243  0.007742489273  0.010395660467  0.011488363347  0.000000000000  0.012301923238  0.012313169238  0.019014467778  0.010406303565  0.018714409982  0.017517815935  0.006344181952  0.005644666368  0.012301923238  0.002812994756  
piranga_leucoptera_fmnh481795 0.008333000995  0.009268279852  0.010199755216  0.008329170758  0.005541697129  0.017723651040  0.006600009263  0.018300535002  0.009465105174  0.007404064473  0.009494757869  0.007271949696  0.011132738163  0.008011092145  0.011132738163  0.007703516832  0.007557030258  0.009268279852  0.007614575206  0.012301923238  0.000000000000  0.011145013245  0.010199755216  0.009274599942  0.009766129032  0.008096221141  0.005061706687  0.006471864247  0.011138133105  0.009274599942  
piranga_lutea_ku89864 0.006482845872  0.009274599942  0.010205614250  0.015834073978  0.016800572159  0.020558239070  0.006604958362  0.021398451671  0.007571124041  0.007409830487  0.009502928044  0.008320463530  0.010199755216  0.009360770842  0.009274599942  0.003837854081  0.006296247626  0.007404064473  0.010182816630  0.012313169238  0.011145013245  0.000000000000  0.017731783879  0.009282394646  0.017698569310  0.016313949851  0.008896762742  0.006476622563  0.009282394646  0.009282394646  
piranga_rubriceps_lsu34818 0.014888376177  0.013944770720  0.016774784658  0.001842208241  0.013950256246  0.024378528386  0.013266569600  0.025559324252  0.016174412251  0.013950256246  0.016219517852  0.014624786937  0.017717031764  0.008011092145  0.017717031764  0.014517347353  0.012655021665  0.015834073978  0.010163786707  0.019014467778  0.010199755216  0.017731783879  0.000000000000  0.015841629131  0.016707556675  0.012778395607  0.007614575206  0.013007705933  0.017723651040  0.015841629131  
piranga_roseogularis_ku2141 0.006476622563  0.007409830487  0.008338306716  0.013950256246  0.014912428433  0.019611828304  0.004711969487  0.018292090878  0.007565103811  0.005550669978  0.007593062683  0.003104456332  0.009268279852  0.006674472068  0.009268279852  0.004807104377  0.006296247626  0.005545452141  0.006344181952  0.010406303565  0.009274599942  0.009282394646  0.015841629131  0.000000000000  0.014710102411  0.012778395607  0.003795173433  0.004620527088  0.009274599942  0.007417063675  
piranga_erythrocephala_fmnh343371 0.014702339171  0.015698745552  0.016689084255  0.014710102411  0.015707660169  0.024700570020  0.012937198582  0.024724104755  0.015691498631  0.012721959561  0.016038339537  0.013628953536  0.017681124929  0.014848416126  0.017681124929  0.013741797928  0.012145225624  0.015698745552  0.014105770579  0.018714409982  0.009766129032  0.017698569310  0.016707556675  0.014710102411  0.000000000000  0.005772913541  0.011508454083  0.012721959561  0.017689008758  0.015707660169  
piranga_erythrocephala_fmnh343370 0.012769189690  0.013947505870  0.015118987832  0.011601724304  0.013947505870  0.025798865598  0.010452513952  0.023420736991  0.012769189690  0.010428290461  0.014072917348  0.011594120015  0.016292852102  0.010760242960  0.015111232332  0.011601724304  0.010067850008  0.013947505870  0.010223913520  0.017517815935  0.008096221141  0.016313949851  0.012778395607  0.012778395607  0.005772913541  0.000000000000  0.007815589709  0.010428290461  0.016302227148  0.013958322283  
piranga_ludoviciana_sdsu2650 0.005061706687  0.005061706687  0.005058386732  0.007614575206  0.008887772239  0.016606199135  0.002526359503  0.014033780983  0.003790979970  0.000000000000  0.003795173433  0.003790979970  0.008881553134  0.005381402134  0.007603163011  0.003795173433  0.006469364932  0.006336230844  0.001373952853  0.006344181952  0.005061706687  0.008896762742  0.007614575206  0.003795173433  0.011508454083  0.007815589709  0.000000000000  0.000000000000  0.008887772239  0.005067773362  
piranga_bidentata_tepe59 0.003689188351  0.004616310343  0.005541697129  0.011128831529  0.012078580195  0.016765144127  0.001878545351  0.016226838791  0.004713588317  0.000920109454  0.004729799004  0.003104456332  0.006468573981  0.005331195190  0.006468573981  0.002877755894  0.005029540062  0.004616310343  0.003795173433  0.005644666368  0.006471864247  0.006476622563  0.013007705933  0.004620527088  0.012721959561  0.010428290461  0.000000000000  0.000000000000  0.006471864247  0.004620527088  
piranga_rubra_sdsu2635 0.004616310343  0.007399768683  0.010199755216  0.015828024650  0.016790470302  0.021506205391  0.006600009263  0.021389873549  0.005661976700  0.007404064473  0.009494757869  0.008315034452  0.011132738163  0.009350815613  0.003689188351  0.007703516832  0.006288416257  0.009268279852  0.010171913128  0.012301923238  0.011138133105  0.009282394646  0.017723651040  0.009274599942  0.017689008758  0.016302227148  0.008887772239  0.006471864247  0.000000000000  0.009274599942  
piranga_bidentata_itm141 0.006476622563  0.007409830487  0.008338306716  0.013950256246  0.014912428433  0.019611828304  0.004711969487  0.019328479384  0.007565103811  0.005550669978  0.007593062683  0.006230749719  0.009268279852  0.008021993107  0.009268279852  0.005775061497  0.005029540062  0.007409830487  0.007624422068  0.002812994756  0.009274599942  0.009282394646  0.015841629131  0.007417063675  0.015707660169  0.013958322283  0.005067773362  0.004620527088  0.009274599942  0.000000000000  

