30
piranga_rubra_ku26592 0.000000000000  0.008321500321  0.005918351540  0.016143992947  0.015552083481  0.025300668728  0.009635533661  0.022860485041  0.001179098636  0.008301761968  0.005230856750  0.012624476361  0.007126322869  0.000000000000  0.000000000000  0.006677092616  0.011922787507  0.005961992879  0.005598983378  0.005918351540  0.015521121930  0.005932099532  0.016719185814  0.013883561658  0.020038114264  0.005791779935  0.002673046891  0.008301761968  0.001179410747  0.008085573722  
piranga_flava_ku90809 0.008321500321  0.000000000000  0.007083292373  0.018716493454  0.016668594827  0.026443902539  0.013239905938  0.024007351497  0.009496634896  0.009464537470  0.006519999503  0.014087717152  0.003532283661  0.000000000000  0.010662996978  0.001329997755  0.007087079424  0.009532202426  0.008438084003  0.007083292373  0.016676014211  0.002352059229  0.019082098671  0.016758418613  0.021236655891  0.011706618084  0.002673046891  0.010659933571  0.007083292373  0.009406166117  
piranga_ludoviciana_sdsu2385 0.005918351540  0.007083292373  0.000000000000  0.013633762431  0.011858534789  0.021498728810  0.005969110511  0.019083679907  0.007092582479  0.002348076273  0.000000000000  0.009804771539  0.005897116966  0.000000000000  0.006623647357  0.006677092616  0.010656078713  0.004735773211  0.001394495168  0.000000000000  0.011836481334  0.004713126322  0.014220092109  0.012487788510  0.016131056332  0.005791779935  0.000000000000  0.003526755675  0.004703576382  0.002665534472  
piranga_rubriceps_lsu265 0.016143992947  0.018716493454  0.013633762431  0.000000000000  0.008661287778  0.028903802675  0.018958515696  0.026355496472  0.017403342121  0.016151098816  0.015155344673  0.019759612934  0.017452492397  0.006681889384  0.016876655318  0.018884359589  0.022529001473  0.015007711249  0.016948167166  0.013633762431  0.006158609020  0.016186711358  0.000000000000  0.022365248239  0.015607275481  0.011638492234  0.018961094922  0.016151098816  0.016143992947  0.017048655664  
piranga_leucoptera_lsu7783 0.015552083481  0.016668594827  0.011858534789  0.008661287778  0.000000000000  0.028922913224  0.018140380164  0.026475733478  0.016722802136  0.014265421650  0.013118696349  0.018398447905  0.015465722921  0.003334665729  0.017436535067  0.017522717356  0.020298341007  0.014367910455  0.015567805975  0.011858534789  0.007091768445  0.014258699486  0.009464537470  0.021026824932  0.013660500722  0.008764140735  0.008057917708  0.015473742180  0.014253875743  0.014860098824  
cardinalis_cardinalis_ku25393 0.025300668728  0.026443902539  0.021498728810  0.028903802675  0.028922913224  0.000000000000  0.028018999031  0.004696847386  0.025226947029  0.023949881669  0.019778964914  0.024121329732  0.025224332116  0.006694393447  0.024269396383  0.025811306515  0.030132910145  0.024123241677  0.019856887294  0.021498728810  0.028872149362  0.023992012872  0.031302721103  0.025305227186  0.028899377568  0.008713230188  0.013536218074  0.025180516576  0.023921193471  0.023104837904  
piranga_olivacea_ku2699 0.009635533661  0.013239905938  0.005969110511  0.018958515696  0.018140380164  0.028018999031  0.000000000000  0.025546949717  0.010823680284  0.008377718965  0.006504953782  0.012850261888  0.012025457386  0.000000000000  0.010639051354  0.010893229476  0.016900848994  0.006012175766  0.007006292031  0.005969110511  0.016877061652  0.010810678663  0.020543663310  0.018132562065  0.022457661542  0.008713230188  0.005357374275  0.009586907283  0.008371259303  0.009383811253  
cardinalis_cardinalis_ku21828 0.022860485041  0.024007351497  0.019083679907  0.026355496472  0.026475733478  0.004696847386  0.025546949717  0.000000000000  0.022795372715  0.021524441100  0.017092051298  0.021247635893  0.022790390143  0.006694393447  0.021508974312  0.023060747301  0.027685784166  0.021680015952  0.016968694692  0.019083679907  0.026428264109  0.021563323929  0.028856234449  0.022422336312  0.026348457620  0.005791779935  0.013508444797  0.022749837296  0.021501028209  0.020326148649  
piranga_rubra_ku7046 0.001179098636  0.009496634896  0.007092582479  0.017403342121  0.016722802136  0.025226947029  0.010823680284  0.022795372715  0.000000000000  0.009474141322  0.006528871833  0.014039655174  0.008301761968  0.000000000000  0.002651399653  0.008021896863  0.013096368335  0.007143291554  0.007007544651  0.007092582479  0.016688465881  0.007108468338  0.017887498432  0.015282805055  0.021257083744  0.005791779935  0.005358943649  0.010669695556  0.002354828581  0.009418380931  
piranga_bidentata_hgoslp104 0.008301761968  0.009464537470  0.002348076273  0.016151098816  0.014265421650  0.023949881669  0.008377718965  0.021524441100  0.009474141322  0.000000000000  0.002594838487  0.012645715543  0.008274547501  0.000000000000  0.009296571869  0.009368399313  0.013051389922  0.007120723382  0.004193995870  0.002348076273  0.014240155433  0.007084251778  0.016628994357  0.015310584174  0.018659448135  0.005791779935  0.002674652054  0.001172496468  0.007066607237  0.005345866350  
piranga_ludoviciana_sdsu2648 0.005230856750  0.006519999503  0.000000000000  0.015155344673  0.013118696349  0.019778964914  0.006504953782  0.017092051298  0.006528871833  0.002594838487  0.000000000000  0.011059593457  0.005210812802  0.000000000000  0.006623647357  0.005981823722  0.010465698706  0.005238107789  0.001394495168  0.000000000000  0.011766193168  0.003903535798  0.015730034588  0.012717194837  0.015735920213  0.005791779935  0.000000000000  0.003897927862  0.003894518635  0.002665534472  
piranga_roseogularis_ku2049 0.012624476361  0.014087717152  0.009804771539  0.019759612934  0.018398447905  0.024121329732  0.012850261888  0.021247635893  0.014039655174  0.012645715543  0.011059593457  0.000000000000  0.014098894520  0.006694393447  0.012935314416  0.014087717152  0.018373068307  0.011318260072  0.012770119290  0.009804771539  0.016923880192  0.012669357219  0.019759612934  0.003073327366  0.022372863732  0.008713230188  0.005365403121  0.012645715543  0.012624476361  0.013083406480  
piranga_hepatica_ku4970 0.007126322869  0.003532283661  0.005897116966  0.017452492397  0.015465722921  0.025224332116  0.012025457386  0.022790390143  0.008301761968  0.008274547501  0.005210812802  0.014098894520  0.000000000000  0.000000000000  0.009321331443  0.002661986657  0.007084251778  0.008333654821  0.007023747968  0.005897116966  0.015473742180  0.001175252428  0.017874049378  0.015353327970  0.019969898949  0.011708642123  0.005357374275  0.009468021012  0.005897116966  0.008054258459  
piranga_hepatica_ku9084 0.000000000000  0.000000000000  0.000000000000  0.006681889384  0.003334665729  0.006694393447  0.000000000000  0.006694393447  0.000000000000  0.000000000000  0.000000000000  0.006694393447  0.000000000000  0.000000000000  0.000000000000  0.000000000000  0.003332170610  0.000000000000  0.000000000000  0.000000000000  0.003334665729  0.000000000000  0.006681889384  0.003334665729  0.006681889384  0.000000000000  0.000000000000  0.000000000000  0.000000000000  0.000000000000  
piranga_rubra_sdsu2654 0.000000000000  0.010662996978  0.006623647357  0.016876655318  0.017436535067  0.024269396383  0.010639051354  0.021508974312  0.002651399653  0.009296571869  0.006623647357  0.012935314416  0.009321331443  0.000000000000  0.000000000000  0.007647274396  0.014709466718  0.006683138011  0.005662391384  0.006623647357  0.016038746143  0.007979278872  0.020101939412  0.014424306007  0.018744273822  0.005791779935  0.002673046891  0.010639051354  0.002642842877  0.009380954504  
piranga_flava_lsu15408 0.006677092616  0.001329997755  0.006677092616  0.018884359589  0.017522717356  0.025811306515  0.010893229476  0.023060747301  0.008021896863  0.009368399313  0.005981823722  0.014087717152  0.002661986657  0.000000000000  0.007647274396  0.000000000000  0.006678735418  0.008085573722  0.007554834853  0.006677092616  0.016159765247  0.001329600855  0.018884359589  0.013306260752  0.022776862575  0.011706618084  0.002673046891  0.009368399313  0.006677092616  0.009287052340  
piranga_lutea_lsu5400 0.011922787507  0.007087079424  0.010656078713  0.022529001473  0.020298341007  0.030132910145  0.016900848994  0.027685784166  0.013096368335  0.013051389922  0.010465698706  0.018373068307  0.007084251778  0.003332170610  0.014709466718  0.006678735418  0.000000000000  0.013144972046  0.012701383635  0.010656078713  0.020305860871  0.005897116966  0.022726272659  0.021009517738  0.025060379544  0.014670539148  0.002673046891  0.014253875743  0.010656078713  0.013482059252  
piranga_olivacea_ku4672 0.005961992879  0.009532202426  0.004735773211  0.015007711249  0.014367910455  0.024123241677  0.006012175766  0.021680015952  0.007143291554  0.007120723382  0.005238107789  0.011318260072  0.008333654821  0.000000000000  0.006683138011  0.008085573722  0.013144972046  0.000000000000  0.007063437866  0.004735773211  0.014342280942  0.007134797122  0.015539676575  0.015439535639  0.018799779765  0.005791779935  0.002716616873  0.008317986914  0.004735773211  0.008097740035  
piranga_ludoviciana_sdsu2208 0.005598983378  0.008438084003  0.001394495168  0.016948167166  0.015567805975  0.019856887294  0.007006292031  0.016968694692  0.007007544651  0.004193995870  0.001394495168  0.012770119290  0.007023747968  0.000000000000  0.005662391384  0.007554834853  0.012701383635  0.007063437866  0.000000000000  0.001394495168  0.014099042275  0.005612516888  0.016948167166  0.014259743868  0.018390386501  0.008707495232  0.002673046891  0.004193995870  0.005598983378  0.001424743085  
piranga_bidentata_itm160 0.005918351540  0.007083292373  0.000000000000  0.013633762431  0.011858534789  0.021498728810  0.005969110511  0.019083679907  0.007092582479  0.002348076273  0.000000000000  0.009804771539  0.005897116966  0.000000000000  0.006623647357  0.006677092616  0.010656078713  0.004735773211  0.001394495168  0.000000000000  0.011836481334  0.004713126322  0.014220092109  0.012487788510  0.016131056332  0.005791779935  0.000000000000  0.003526755675  0.004703576382  0.002665534472  
piranga_leucoptera_fmnh481795 0.015521121930  0.016676014211  0.011836481334  0.006158609020  0.007091768445  0.028872149362  0.016877061652  0.026428264109  0.016688465881  0.014240155433  0.011766193168  0.016923880192  0.015473742180  0.003334665729  0.016038746143  0.016159765247  0.020305860871  0.014342280942  0.014099042275  0.011836481334  0.000000000000  0.014265421650  0.007067562104  0.019557917836  0.012378629475  0.005791779935  0.010774874305  0.015446856547  0.014224892807  0.013461843900  
piranga_lutea_ku89864 0.005932099532  0.002352059229  0.004713126322  0.016186711358  0.014258699486  0.023992012872  0.010810678663  0.021563323929  0.007108468338  0.007084251778  0.003903535798  0.012669357219  0.001175252428  0.000000000000  0.007979278872  0.001329600855  0.005897116966  0.007134797122  0.005612516888  0.004713126322  0.014265421650  0.000000000000  0.016663086467  0.013935694074  0.018698527422  0.008758338229  0.002673046891  0.008274547501  0.004713126322  0.006703571946  
piranga_rubriceps_lsu34818 0.016719185814  0.019082098671  0.014220092109  0.000000000000  0.009464537470  0.031302721103  0.020543663310  0.028856234449  0.017887498432  0.016628994357  0.015730034588  0.019759612934  0.017874049378  0.006681889384  0.020101939412  0.018884359589  0.022726272659  0.015539676575  0.016948167166  0.014220092109  0.007067562104  0.016663086467  0.000000000000  0.022365248239  0.016131056332  0.011638492234  0.018961094922  0.017838330765  0.016619939395  0.017546370062  
piranga_roseogularis_ku2141 0.013883561658  0.016758418613  0.012487788510  0.022365248239  0.021026824932  0.025305227186  0.018132562065  0.022422336312  0.015282805055  0.015310584174  0.012717194837  0.003073327366  0.015353327970  0.003334665729  0.014424306007  0.013306260752  0.021009517738  0.015439535639  0.014259743868  0.012487788510  0.019557917836  0.013935694074  0.022365248239  0.000000000000  0.022381672491  0.008713230188  0.005365403121  0.015310584174  0.013883561658  0.016054486899  
piranga_erythrocephala_fmnh343371 0.020038114264  0.021236655891  0.016131056332  0.015607275481  0.013660500722  0.028899377568  0.022457661542  0.026348457620  0.021257083744  0.018659448135  0.015735920213  0.022372863732  0.019969898949  0.006681889384  0.018744273822  0.022776862575  0.025060379544  0.018799779765  0.018390386501  0.016131056332  0.012378629475  0.018698527422  0.016131056332  0.022381672491  0.000000000000  0.008713230188  0.008057917708  0.019929026957  0.018646687405  0.016181557703  
piranga_erythrocephala_fmnh343370 0.005791779935  0.011706618084  0.005791779935  0.011638492234  0.008764140735  0.008713230188  0.008713230188  0.005791779935  0.005791779935  0.005791779935  0.005791779935  0.008713230188  0.011708642123  0.000000000000  0.005791779935  0.011706618084  0.014670539148  0.005791779935  0.008707495232  0.005791779935  0.005791779935  0.008758338229  0.011638492234  0.008713230188  0.008713230188  0.000000000000  0.006841900099  0.005791779935  0.005791779935  0.008707495232  
piranga_ludoviciana_sdsu2650 0.002673046891  0.002673046891  0.000000000000  0.018961094922  0.008057917708  0.013536218074  0.005357374275  0.013508444797  0.005358943649  0.002674652054  0.000000000000  0.005365403121  0.005357374275  0.000000000000  0.002673046891  0.002673046891  0.002673046891  0.002716616873  0.002673046891  0.000000000000  0.010774874305  0.002673046891  0.018961094922  0.005365403121  0.008057917708  0.006841900099  0.000000000000  0.002674652054  0.002673046891  0.002673046891  
piranga_bidentata_tepe59 0.008301761968  0.010659933571  0.003526755675  0.016151098816  0.015473742180  0.025180516576  0.009586907283  0.022749837296  0.010669695556  0.001172496468  0.003897927862  0.012645715543  0.009468021012  0.000000000000  0.010639051354  0.009368399313  0.014253875743  0.008317986914  0.004193995870  0.003526755675  0.015446856547  0.008274547501  0.017838330765  0.015310584174  0.019929026957  0.005791779935  0.002674652054  0.000000000000  0.008252823343  0.006692082983  
piranga_rubra_sdsu2635 0.001179410747  0.007083292373  0.004703576382  0.016143992947  0.014253875743  0.023921193471  0.008371259303  0.021501028209  0.002354828581  0.007066607237  0.003894518635  0.012624476361  0.005897116966  0.000000000000  0.002642842877  0.006677092616  0.010656078713  0.004735773211  0.005598983378  0.004703576382  0.014224892807  0.004713126322  0.016619939395  0.013883561658  0.018646687405  0.005791779935  0.002673046891  0.008252823343  0.000000000000  0.006686021350  
piranga_bidentata_itm141 0.008085573722  0.009406166117  0.002665534472  0.017048655664  0.014860098824  0.023104837904  0.009383811253  0.020326148649  0.009418380931  0.005345866350  0.002665534472  0.013083406480  0.008054258459  0.000000000000  0.009380954504  0.009287052340  0.013482059252  0.008097740035  0.001424743085  0.002665534472  0.013461843900  0.006703571946  0.017546370062  0.016054486899  0.016181557703  0.008707495232  0.002673046891  0.006692082983  0.006686021350  0.000000000000  

