30
cardinalis_cardinalis_ku21828 0.000000000000  0.001501729772  0.011095043760  0.010585602697  0.015171569420  0.014146809991  0.014666776307  0.012106121782  0.013635245574  0.012106121782  0.011598892477  0.011598892477  0.014150252333  0.011092053003  0.011598892477  0.011089470296  0.015680889887  0.015680889887  0.010074264453  0.011087296015  0.012611550436  0.012616342828  0.012616342828  0.012616342828  0.012616342828  0.013632494906  0.016187269288  0.016187269288  0.013635245574  0.012106121782  
cardinalis_cardinalis_ku25393 0.001501729772  0.000000000000  0.011601753795  0.011092053003  0.015680889887  0.014655604988  0.015175575475  0.012613741582  0.014143778672  0.012613741582  0.012106121782  0.012106121782  0.014658917554  0.011598892477  0.012106121782  0.011596439890  0.016190603526  0.016190603526  0.010580585583  0.011594396414  0.013119692721  0.013124223153  0.013124223153  0.013124223153  0.013124223153  0.014141158755  0.016697507461  0.016184348456  0.014143778672  0.012613741582  
piranga_rubra_sdsu2654 0.011095043760  0.011601753795  0.000000000000  0.005526433025  0.009062787455  0.008048172824  0.009577243651  0.007037278648  0.008555213350  0.007037278648  0.006533278426  0.006533278426  0.009065480966  0.006029663436  0.006533278426  0.006027813336  0.010585602697  0.010585602697  0.005019772740  0.006026366780  0.007540204466  0.007543530231  0.007543530231  0.007543530231  0.007543530231  0.008553202217  0.011598892477  0.011089470296  0.008555213350  0.007037278648  
piranga_rubra_sdsu2635 0.010585602697  0.011092053003  0.005526433025  0.000000000000  0.007545800517  0.006533278426  0.007044476091  0.004515619219  0.006027813336  0.004515619219  0.004013152730  0.004013152730  0.006535402824  0.003511069400  0.004013152730  0.003509779201  0.008050313731  0.008050313731  0.002505353247  0.003508890322  0.005017569244  0.005019772740  0.005019772740  0.005019772740  0.005019772740  0.006026366780  0.009060500030  0.008553202217  0.006027813336  0.004515619219  
piranga_ludoviciana_sdsu2208 0.015171569420  0.015680889887  0.009062787455  0.007545800517  0.000000000000  0.001001038070  0.006537930688  0.004011992113  0.005522877402  0.004011992113  0.003509779201  0.003509779201  0.009065480966  0.006029663436  0.006533278426  0.006027813336  0.010585602697  0.010585602697  0.005019772740  0.006026366780  0.007540204466  0.007543530231  0.007543530231  0.007543530231  0.007543530231  0.008553202217  0.011598892477  0.011089470296  0.008555213350  0.007037278648  
piranga_bidentata_tepe59 0.014146809991  0.014655604988  0.008048172824  0.006533278426  0.001001038070  0.000000000000  0.005526433025  0.003006312754  0.004514588577  0.003006312754  0.002504605413  0.002504605413  0.008050313731  0.005019772740  0.005522877402  0.005018469517  0.009568331963  0.009568331963  0.004011992113  0.005017569244  0.006529329772  0.006531557868  0.006531557868  0.006531557868  0.006531557868  0.007540204466  0.010580585583  0.010072237206  0.007541664755  0.006026366780  
piranga_rubra_ku7046 0.014666776307  0.015175575475  0.009577243651  0.007044476091  0.006537930688  0.005526433025  0.000000000000  0.003511069400  0.005021478540  0.003511069400  0.003009368583  0.003009368583  0.008563679967  0.005528814773  0.006031916704  0.005526433025  0.010082789346  0.010082789346  0.004518886975  0.005524453777  0.007037278648  0.007041673053  0.007041673053  0.007041673053  0.007041673053  0.008050313731  0.011095043760  0.009568331963  0.008052859749  0.006535402824  
piranga_olivacea_ku4672 0.012106121782  0.012613741582  0.007037278648  0.004515619219  0.004011992113  0.003006312754  0.003511069400  0.000000000000  0.001501729772  0.000000000000  0.000500190283  0.000500190283  0.006027813336  0.003006930460  0.003508890322  0.003006312754  0.007541664755  0.007541664755  0.002002802972  0.003006096449  0.004513735636  0.004514588577  0.004514588577  0.004514588577  0.004514588577  0.005520934765  0.008551597246  0.008045107842  0.005521704273  0.004011233483  
piranga_olivacea_ku2699 0.013635245574  0.014143778672  0.008555213350  0.006027813336  0.005522877402  0.004514588577  0.005021478540  0.001501729772  0.000000000000  0.001501729772  0.002002802972  0.002002802972  0.007543530231  0.004515619219  0.005018469517  0.004514588577  0.009060500030  0.009060500030  0.003508890322  0.004513960590  0.006024685794  0.006026366780  0.006026366780  0.006026366780  0.006026366780  0.007034502293  0.010072237206  0.009564424035  0.007035688027  0.005521704273  
piranga_bidentata_hgoslp104 0.012106121782  0.012613741582  0.007037278648  0.004515619219  0.004011992113  0.003006312754  0.003511069400  0.000000000000  0.001501729772  0.000000000000  0.000500190283  0.000500190283  0.006027813336  0.003006930460  0.003508890322  0.003006312754  0.007541664755  0.007541664755  0.002002802972  0.003006096449  0.004513735636  0.004514588577  0.004514588577  0.004514588577  0.004514588577  0.005520934765  0.008551597246  0.008045107842  0.005521704273  0.004011233483  
piranga_bidentata_itm141 0.011598892477  0.012106121782  0.006533278426  0.004013152730  0.003509779201  0.002504605413  0.003009368583  0.000500190283  0.002002802972  0.000500190283  0.000000000000  0.000000000000  0.005524453777  0.002505353247  0.003006930460  0.002504605413  0.007037278648  0.007037278648  0.001501729772  0.002504258315  0.004010877215  0.004011992113  0.004011992113  0.004011992113  0.004011992113  0.005017569244  0.008046437402  0.007540204466  0.005018469517  0.003508890322  
piranga_bidentata_itm160 0.011598892477  0.012106121782  0.006533278426  0.004013152730  0.003509779201  0.002504605413  0.003009368583  0.000500190283  0.002002802972  0.000500190283  0.000000000000  0.000000000000  0.005524453777  0.002505353247  0.003006930460  0.002504605413  0.007037278648  0.007037278648  0.001501729772  0.002504258315  0.004010877215  0.004011992113  0.004011992113  0.004011992113  0.004011992113  0.005017569244  0.008046437402  0.007540204466  0.005018469517  0.003508890322  
piranga_rubriceps_lsu265 0.014150252333  0.014658917554  0.009065480966  0.006535402824  0.009065480966  0.008050313731  0.008563679967  0.006027813336  0.007543530231  0.006027813336  0.005524453777  0.005524453777  0.000000000000  0.003006930460  0.005524453777  0.005019772740  0.009570896262  0.009570896262  0.004013152730  0.005018469517  0.006530241525  0.006533278426  0.006533278426  0.006533278426  0.006533278426  0.007541664755  0.010582890267  0.010074264453  0.007543530231  0.006027813336  
piranga_rubriceps_lsu34818 0.011092053003  0.011598892477  0.006029663436  0.003511069400  0.006029663436  0.005019772740  0.005528814773  0.003006930460  0.004515619219  0.003006930460  0.002505353247  0.002505353247  0.003006930460  0.000000000000  0.002505353247  0.002003280469  0.006533278426  0.006533278426  0.001001038070  0.002002802972  0.003508403138  0.003509779201  0.003509779201  0.003509779201  0.003509779201  0.004514588577  0.007541664755  0.007035688027  0.004515619219  0.003006930460  
piranga_ludoviciana_sdsu2385 0.011598892477  0.012106121782  0.006533278426  0.004013152730  0.006533278426  0.005522877402  0.006031916704  0.003508890322  0.005018469517  0.003508890322  0.003006930460  0.003006930460  0.005524453777  0.002505353247  0.000000000000  0.002504605413  0.007037278648  0.007037278648  0.001501729772  0.002504258315  0.004010877215  0.004011992113  0.004011992113  0.004011992113  0.004011992113  0.005017569244  0.008046437402  0.007540204466  0.005018469517  0.003508890322  
piranga_ludoviciana_sdsu2648 0.011089470296  0.011596439890  0.006027813336  0.003509779201  0.006027813336  0.005018469517  0.005526433025  0.003006312754  0.004514588577  0.003006312754  0.002504605413  0.002504605413  0.005019772740  0.002003280469  0.002504605413  0.000000000000  0.006531557868  0.006531557868  0.001000700070  0.002002725919  0.003508318023  0.003508890322  0.003508890322  0.003508890322  0.003508890322  0.004513960590  0.007540204466  0.007034502293  0.004011233483  0.003006312754  
piranga_erythrocephala_fmnh343371 0.015680889887  0.016190603526  0.010585602697  0.008050313731  0.010585602697  0.009568331963  0.010082789346  0.007541664755  0.009060500030  0.007541664755  0.007037278648  0.007037278648  0.009570896262  0.006533278426  0.007037278648  0.006531557868  0.000000000000  0.000000000000  0.005522877402  0.006530241525  0.008045107842  0.008048172824  0.008048172824  0.008048172824  0.008048172824  0.009058619068  0.012106121782  0.011596439890  0.009060500030  0.007541664755  
piranga_erythrocephala_fmnh343370 0.015680889887  0.016190603526  0.010585602697  0.008050313731  0.010585602697  0.009568331963  0.010082789346  0.007541664755  0.009060500030  0.007541664755  0.007037278648  0.007037278648  0.009570896262  0.006533278426  0.007037278648  0.006531557868  0.000000000000  0.000000000000  0.005522877402  0.006530241525  0.008045107842  0.008048172824  0.008048172824  0.008048172824  0.008048172824  0.009058619068  0.012106121782  0.011596439890  0.009060500030  0.007541664755  
piranga_ludoviciana_sdsu2650 0.010074264453  0.010580585583  0.005019772740  0.002505353247  0.005019772740  0.004011992113  0.004518886975  0.002002802972  0.003508890322  0.002002802972  0.001501729772  0.001501729772  0.004013152730  0.001001038070  0.001501729772  0.001000700070  0.005522877402  0.005522877402  0.000000000000  0.001000761562  0.002504312328  0.002504605413  0.002504605413  0.002504605413  0.002504605413  0.003508403138  0.006530241525  0.006025324140  0.003508890322  0.002002802972  
piranga_leucoptera_fmnh481795 0.011087296015  0.011594396414  0.006026366780  0.003508890322  0.006026366780  0.005017569244  0.005524453777  0.003006096449  0.004513960590  0.003006096449  0.002504258315  0.002504258315  0.005018469517  0.002002802972  0.002504258315  0.002002725919  0.006530241525  0.006530241525  0.001000761562  0.000000000000  0.001501522049  0.003508403138  0.003508403138  0.003508403138  0.003508403138  0.004513735636  0.007539149739  0.007033721824  0.004513960590  0.003006096449  
piranga_leucoptera_lsu7783 0.012611550436  0.013119692721  0.007540204466  0.005017569244  0.007540204466  0.006529329772  0.007037278648  0.004513735636  0.006024685794  0.004513735636  0.004010877215  0.004010877215  0.006530241525  0.003508403138  0.004010877215  0.003508318023  0.008045107842  0.008045107842  0.002504312328  0.001501522049  0.000000000000  0.005017072297  0.005017072297  0.005017072297  0.005017072297  0.006024452122  0.009056078042  0.008549607302  0.006024685794  0.004513735636  
piranga_lutea_ku89864 0.012616342828  0.013124223153  0.007543530231  0.005019772740  0.007543530231  0.006531557868  0.007041673053  0.004514588577  0.006026366780  0.004514588577  0.004011992113  0.004011992113  0.006533278426  0.003509779201  0.004011992113  0.003508890322  0.008048172824  0.008048172824  0.002504605413  0.003508403138  0.005017072297  0.000000000000  0.000000000000  0.000000000000  0.000000000000  0.001000761562  0.004011233483  0.008551597246  0.006026366780  0.004514588577  
piranga_lutea_lsu5400 0.012616342828  0.013124223153  0.007543530231  0.005019772740  0.007543530231  0.006531557868  0.007041673053  0.004514588577  0.006026366780  0.004514588577  0.004011992113  0.004011992113  0.006533278426  0.003509779201  0.004011992113  0.003508890322  0.008048172824  0.008048172824  0.002504605413  0.003508403138  0.005017072297  0.000000000000  0.000000000000  0.000000000000  0.000000000000  0.001000761562  0.004011233483  0.008551597246  0.006026366780  0.004514588577  
piranga_hepatica_ku9084 0.012616342828  0.013124223153  0.007543530231  0.005019772740  0.007543530231  0.006531557868  0.007041673053  0.004514588577  0.006026366780  0.004514588577  0.004011992113  0.004011992113  0.006533278426  0.003509779201  0.004011992113  0.003508890322  0.008048172824  0.008048172824  0.002504605413  0.003508403138  0.005017072297  0.000000000000  0.000000000000  0.000000000000  0.000000000000  0.001000761562  0.004011233483  0.008551597246  0.006026366780  0.004514588577  
piranga_flava_lsu15408 0.012616342828  0.013124223153  0.007543530231  0.005019772740  0.007543530231  0.006531557868  0.007041673053  0.004514588577  0.006026366780  0.004514588577  0.004011992113  0.004011992113  0.006533278426  0.003509779201  0.004011992113  0.003508890322  0.008048172824  0.008048172824  0.002504605413  0.003508403138  0.005017072297  0.000000000000  0.000000000000  0.000000000000  0.000000000000  0.001000761562  0.004011233483  0.008551597246  0.006026366780  0.004514588577  
piranga_flava_ku90809 0.013632494906  0.014141158755  0.008553202217  0.006026366780  0.008553202217  0.007540204466  0.008050313731  0.005520934765  0.007034502293  0.005520934765  0.005017569244  0.005017569244  0.007541664755  0.004514588577  0.005017569244  0.004513960590  0.009058619068  0.009058619068  0.003508403138  0.004513735636  0.006024452122  0.001000761562  0.001000761562  0.001000761562  0.001000761562  0.000000000000  0.005017072297  0.009563081162  0.007034502293  0.005520934765  
piranga_hepatica_ku4970 0.016187269288  0.016697507461  0.011598892477  0.009060500030  0.011598892477  0.010580585583  0.011095043760  0.008551597246  0.010072237206  0.008551597246  0.008046437402  0.008046437402  0.010582890267  0.007541664755  0.008046437402  0.007540204466  0.012106121782  0.012106121782  0.006530241525  0.007539149739  0.009056078042  0.004011233483  0.004011233483  0.004011233483  0.004011233483  0.005017072297  0.000000000000  0.012101887445  0.010072237206  0.008551597246  
piranga_roseogularis_ku2049 0.016187269288  0.016184348456  0.011089470296  0.008553202217  0.011089470296  0.010072237206  0.009568331963  0.008045107842  0.009564424035  0.008045107842  0.007540204466  0.007540204466  0.010074264453  0.007035688027  0.007540204466  0.007034502293  0.011596439890  0.011596439890  0.006025324140  0.007033721824  0.008549607302  0.008551597246  0.008551597246  0.008551597246  0.008551597246  0.009563081162  0.012101887445  0.000000000000  0.004513960590  0.008045107842  
piranga_roseogularis_ku2141 0.013635245574  0.014143778672  0.008555213350  0.006027813336  0.008555213350  0.007541664755  0.008052859749  0.005521704273  0.007035688027  0.005521704273  0.005018469517  0.005018469517  0.007543530231  0.004515619219  0.005018469517  0.004011233483  0.009060500030  0.009060500030  0.003508890322  0.004513960590  0.006024685794  0.006026366780  0.006026366780  0.006026366780  0.006026366780  0.007034502293  0.010072237206  0.004513960590  0.000000000000  0.005521704273  
piranga_rubra_ku26592 0.012106121782  0.012613741582  0.007037278648  0.004515619219  0.007037278648  0.006026366780  0.006535402824  0.004011233483  0.005521704273  0.004011233483  0.003508890322  0.003508890322  0.006027813336  0.003006930460  0.003508890322  0.003006312754  0.007541664755  0.007541664755  0.002002802972  0.003006096449  0.004513735636  0.004514588577  0.004514588577  0.004514588577  0.004514588577  0.005520934765  0.008551597246  0.008045107842  0.005521704273  0.000000000000  

