30
piranga_rubra_ku26592 0.000000000000  0.007287443061  0.012550491784  0.017571942377  0.020001101071  0.033127887672  0.009828510787  0.034225553653  0.004377176554  0.013617800524  0.011838308784  0.013617800524  0.008336329817  0.006422306311  0.002074035052  0.005558620150  0.005181969333  0.015738393881  0.011298644951  0.014681583746  0.018928112048  0.007287443061  0.018230200129  0.012556529361  0.018332184361  0.018824900016  0.013548995498  0.014681583746  0.003113020864  0.014681583746  
piranga_flava_ku90809 0.007287443061  0.000000000000  0.009391953295  0.014244540957  0.016806072926  0.027662577233  0.006537016695  0.028574893364  0.004377176554  0.010453964632  0.009459209306  0.010453964632  0.005198226311  0.006427019729  0.007287443061  0.001385258593  0.002585929262  0.012564230639  0.009026386654  0.011512528379  0.015738393881  0.004154414222  0.012811244207  0.009397888382  0.018348267843  0.018848501051  0.010524795259  0.011512528379  0.004154414222  0.011512528379  
piranga_ludoviciana_sdsu2385 0.012550491784  0.009391953295  0.000000000000  0.013142188304  0.013617800524  0.028782315764  0.005444864388  0.029733504586  0.008788398904  0.003113880791  0.001173864658  0.009405471306  0.010446893034  0.009674342707  0.012550491784  0.009759030545  0.006491022861  0.007293151802  0.001120884920  0.004156381645  0.014681583746  0.009391953295  0.013903572139  0.008350737265  0.016162376025  0.014078900756  0.002986088858  0.004156381645  0.009391953295  0.004156381645  
piranga_rubriceps_lsu265 0.017571942377  0.014244540957  0.013142188304  0.000000000000  0.009822475630  0.026707177908  0.009156068298  0.028073557542  0.012706415410  0.014265739606  0.010693181628  0.013152434037  0.015358075706  0.016202093588  0.017571942377  0.015834296480  0.012027904801  0.015381809927  0.010486281975  0.015381809927  0.008721331739  0.014244540957  0.001083556273  0.012041879556  0.012260908989  0.015668925014  0.012048416216  0.015381809927  0.014244540957  0.015381809927  
piranga_leucoptera_lsu7783 0.020001101071  0.016806072926  0.013617800524  0.009822475630  0.000000000000  0.032094740107  0.012046068357  0.033159409986  0.015467660123  0.014691590882  0.011845282016  0.016829069099  0.017876294493  0.019491496718  0.020001101071  0.019687885499  0.015693110056  0.018962076910  0.011303053378  0.015759059232  0.009397888382  0.016806072926  0.010658461313  0.015759059232  0.016162376025  0.018848501051  0.012034968016  0.015759059232  0.016806072926  0.015759059232  
cardinalis_cardinalis_ku25393 0.033127887672  0.027662577233  0.028782315764  0.026707177908  0.032094740107  0.000000000000  0.025591187887  0.003219941006  0.028049624354  0.029908930574  0.025296061410  0.026609004103  0.030963174878  0.026256118336  0.033127887672  0.031375607677  0.025161061291  0.032094740107  0.025291736556  0.029908930574  0.028782315764  0.029860280119  0.026040512472  0.025514391245  0.032949667870  0.028653230331  0.024468660594  0.031014312627  0.029860280119  0.029908930574  
piranga_olivacea_ku2699 0.009828510787  0.006537016695  0.005444864388  0.009156068298  0.012046068357  0.025591187887  0.000000000000  0.026475147259  0.007685520581  0.006548013162  0.005900226662  0.007648684554  0.008736117323  0.009674342707  0.009828510787  0.007083517336  0.006491022861  0.008743188329  0.005628753216  0.007648684554  0.010938276092  0.007635221924  0.010048457316  0.006548013162  0.013264424070  0.015668925014  0.007502756152  0.007648684554  0.006537016695  0.007648684554  
cardinalis_cardinalis_ku21828 0.034225553653  0.028574893364  0.029733504586  0.028073557542  0.033159409986  0.003219941006  0.026475147259  0.000000000000  0.029026947583  0.030899465630  0.026536417434  0.027486927384  0.031988149381  0.027947119696  0.034225553653  0.032852591932  0.026524033998  0.033159409986  0.026940435732  0.030899465630  0.029733504586  0.030847514599  0.026916906480  0.026355148722  0.033765886359  0.030298196080  0.026042657184  0.032042761050  0.030847514599  0.030899465630  
piranga_rubra_ku7046 0.004377176554  0.004377176554  0.008788398904  0.012706415410  0.015467660123  0.028049624354  0.007685520581  0.029026947583  0.000000000000  0.009904691238  0.009459209306  0.011018399392  0.005477254107  0.006427019729  0.004377176554  0.004275371151  0.002585929262  0.012125745405  0.009026386654  0.011018399392  0.014346660853  0.004377176554  0.013518466877  0.009904691238  0.016730742990  0.018848501051  0.010524795259  0.011018399392  0.001091837751  0.011018399392  
piranga_bidentata_hgoslp104 0.013617800524  0.010453964632  0.003113880791  0.014265739606  0.014691590882  0.029908930574  0.006548013162  0.030899465630  0.009904691238  0.000000000000  0.003530832507  0.010473054510  0.011512528379  0.012945300512  0.013617800524  0.011177368422  0.009113398175  0.008350737265  0.003369167087  0.001036390767  0.015759059232  0.010453964632  0.015002657345  0.009414697876  0.017270583406  0.017264594705  0.000000000000  0.001036390767  0.010453964632  0.001036390767  
piranga_ludoviciana_sdsu2648 0.011838308784  0.009459209306  0.001173864658  0.010693181628  0.011845282016  0.025296061410  0.005900226662  0.026536417434  0.009459209306  0.003530832507  0.000000000000  0.008282178845  0.010655200769  0.011306845773  0.011838308784  0.010482222656  0.008051520779  0.008273232848  0.002349026677  0.004713968113  0.013046200074  0.009459209306  0.011896694059  0.007089624686  0.014250335785  0.014078900756  0.002986088858  0.004713968113  0.008266392175  0.004713968113  
piranga_roseogularis_ku2049 0.013617800524  0.010453964632  0.009405471306  0.013152434037  0.016829069099  0.026609004103  0.007648684554  0.027486927384  0.011018399392  0.010473054510  0.008282178845  0.000000000000  0.011512528379  0.011306845773  0.013617800524  0.012593545712  0.010430346383  0.012584607342  0.009039577721  0.009414697876  0.015759059232  0.010453964632  0.013914519129  0.001036390767  0.018371461460  0.015668925014  0.007502756152  0.011533909408  0.010453964632  0.009414697876  
piranga_hepatica_ku4970 0.008336329817  0.005198226311  0.010446893034  0.015358075706  0.017876294493  0.030963174878  0.008736117323  0.031988149381  0.005477254107  0.011512528379  0.010655200769  0.011512528379  0.000000000000  0.004818066731  0.008336329817  0.002772324477  0.002585929262  0.013626652004  0.010166447051  0.012573591369  0.016806072926  0.005198226311  0.016068440384  0.010453964632  0.017249856878  0.015656680837  0.010524795259  0.012573591369  0.005198226311  0.012573591369  
piranga_hepatica_ku9084 0.006422306311  0.006427019729  0.009674342707  0.016202093588  0.019491496718  0.026256118336  0.009674342707  0.027947119696  0.006427019729  0.012945300512  0.011306845773  0.011306845773  0.004818066731  0.000000000000  0.006422306311  0.004812115043  0.003206298445  0.014589750477  0.011294048434  0.014589750477  0.014546801271  0.004812115043  0.017853086568  0.009674342707  0.016202093588  0.015939326807  0.010883411012  0.014589750477  0.004812115043  0.014589750477  
piranga_rubra_sdsu2654 0.002074035052  0.007287443061  0.012550491784  0.017571942377  0.020001101071  0.033127887672  0.009828510787  0.034225553653  0.004377176554  0.013617800524  0.011838308784  0.013617800524  0.008336329817  0.006422306311  0.000000000000  0.005558620150  0.005181969333  0.015738393881  0.011298644951  0.014681583746  0.018928112048  0.007287443061  0.018230200129  0.012556529361  0.018332184361  0.018824900016  0.013548995498  0.014681583746  0.003113020864  0.014681583746  
piranga_flava_lsu15408 0.005558620150  0.001385258593  0.009759030545  0.015834296480  0.019687885499  0.031375607677  0.007083517336  0.032852591932  0.004275371151  0.011177368422  0.010482222656  0.012593545712  0.002772324477  0.004812115043  0.005558620150  0.000000000000  0.001434407125  0.014001461549  0.010155470815  0.012593545712  0.016827358618  0.002772758356  0.017299516866  0.011177368422  0.016827358618  0.015430754723  0.010522711131  0.012593545712  0.002772758356  0.012593545712  
piranga_lutea_lsu5400 0.005181969333  0.002585929262  0.006491022861  0.012027904801  0.015693110056  0.025161061291  0.006491022861  0.026524033998  0.002585929262  0.009113398175  0.008051520779  0.010430346383  0.002585929262  0.003206298445  0.005181969333  0.001434407125  0.000000000000  0.011739316671  0.007824240785  0.010430346383  0.013042706814  0.001291735673  0.013383062829  0.009113398175  0.015683650474  0.015668925014  0.007722946270  0.010430346383  0.001291735673  0.010430346383  
piranga_olivacea_ku4672 0.015738393881  0.012564230639  0.007293151802  0.015381809927  0.018962076910  0.032094740107  0.008743188329  0.033159409986  0.012125745405  0.008350737265  0.008273232848  0.012584607342  0.013626652004  0.014589750477  0.015738393881  0.014001461549  0.011739316671  0.000000000000  0.007893521766  0.009405471306  0.017888125394  0.012564230639  0.016093436577  0.011522394603  0.019461318570  0.017264594705  0.009018455823  0.009405471306  0.012564230639  0.009405471306  
piranga_ludoviciana_sdsu2208 0.011298644951  0.009026386654  0.001120884920  0.010486281975  0.011303053378  0.025291736556  0.005628753216  0.026940435732  0.009026386654  0.003369167087  0.002349026677  0.009039577721  0.010166447051  0.011294048434  0.011298644951  0.010155470815  0.007824240785  0.007893521766  0.000000000000  0.004497540057  0.012447589494  0.009026386654  0.011557768996  0.007899757551  0.014737010205  0.015656680837  0.004481445990  0.004497540057  0.007889210990  0.004497540057  
piranga_bidentata_itm160 0.014681583746  0.011512528379  0.004156381645  0.015381809927  0.015759059232  0.029908930574  0.007648684554  0.030899465630  0.011018399392  0.001036390767  0.004713968113  0.009414697876  0.012573591369  0.014589750477  0.014681583746  0.012593545712  0.010430346383  0.009405471306  0.004497540057  0.000000000000  0.016829069099  0.011512528379  0.016093436577  0.008358827766  0.018371461460  0.018865950060  0.001490564354  0.002075177056  0.011512528379  0.000000000000  
piranga_leucoptera_fmnh481795 0.018928112048  0.015738393881  0.014681583746  0.008721331739  0.009397888382  0.028782315764  0.010938276092  0.029733504586  0.014346660853  0.015759059232  0.013046200074  0.015759059232  0.016806072926  0.014546801271  0.018928112048  0.016827358618  0.013042706814  0.017888125394  0.012447589494  0.016829069099  0.000000000000  0.015738393881  0.009581944007  0.014691590882  0.015068087951  0.017249757361  0.013561391397  0.016829069099  0.015738393881  0.016829069099  
piranga_lutea_ku89864 0.007287443061  0.004154414222  0.009391953295  0.014244540957  0.016806072926  0.029860280119  0.007635221924  0.030847514599  0.004377176554  0.010453964632  0.009459209306  0.010453964632  0.005198226311  0.004812115043  0.007287443061  0.002772758356  0.001291735673  0.012564230639  0.009026386654  0.011512528379  0.015738393881  0.000000000000  0.014980083234  0.009397888382  0.018348267843  0.015668925014  0.007502756152  0.011512528379  0.004154414222  0.011512528379  
piranga_rubriceps_lsu34818 0.018230200129  0.012811244207  0.013903572139  0.001083556273  0.010658461313  0.026040512472  0.010048457316  0.026916906480  0.013518466877  0.015002657345  0.011896694059  0.013914519129  0.016068440384  0.017853086568  0.018230200129  0.017299516866  0.013383062829  0.016093436577  0.011557768996  0.016093436577  0.009581944007  0.014980083234  0.000000000000  0.012829009172  0.013171039383  0.017264594705  0.013577220149  0.016093436577  0.014980083234  0.016093436577  
piranga_roseogularis_ku2141 0.012556529361  0.009397888382  0.008350737265  0.012041879556  0.015759059232  0.025514391245  0.006548013162  0.026355148722  0.009904691238  0.009414697876  0.007089624686  0.001036390767  0.010453964632  0.009674342707  0.012556529361  0.011177368422  0.009113398175  0.011522394603  0.007899757551  0.008358827766  0.014691590882  0.009397888382  0.012829009172  0.000000000000  0.017270583406  0.015668925014  0.007502756152  0.010473054510  0.009397888382  0.008358827766  
piranga_erythrocephala_fmnh343371 0.018332184361  0.018348267843  0.016162376025  0.012260908989  0.016162376025  0.032949667870  0.013264424070  0.033765886359  0.016730742990  0.017270583406  0.014250335785  0.018371461460  0.017249856878  0.016202093588  0.018332184361  0.016827358618  0.015683650474  0.019461318570  0.014737010205  0.018371461460  0.015068087951  0.018348267843  0.013171039383  0.017270583406  0.000000000000  0.000000000000  0.015093016871  0.018371461460  0.017249856878  0.018371461460  
piranga_erythrocephala_fmnh343370 0.018824900016  0.018848501051  0.014078900756  0.015668925014  0.018848501051  0.028653230331  0.015668925014  0.030298196080  0.018848501051  0.017264594705  0.014078900756  0.015668925014  0.015656680837  0.015939326807  0.018824900016  0.015430754723  0.015668925014  0.017264594705  0.015656680837  0.018865950060  0.017249757361  0.015668925014  0.017264594705  0.015668925014  0.000000000000  0.000000000000  0.016062849609  0.018865950060  0.017249757361  0.018865950060  
piranga_ludoviciana_sdsu2650 0.013548995498  0.010524795259  0.002986088858  0.012048416216  0.012034968016  0.024468660594  0.007502756152  0.026042657184  0.010524795259  0.000000000000  0.002986088858  0.007502756152  0.010524795259  0.010883411012  0.013548995498  0.010522711131  0.007722946270  0.009018455823  0.004481445990  0.001490564354  0.013561391397  0.007502756152  0.013577220149  0.007502756152  0.015093016871  0.016062849609  0.000000000000  0.001490564354  0.009006322254  0.001490564354  
piranga_bidentata_tepe59 0.014681583746  0.011512528379  0.004156381645  0.015381809927  0.015759059232  0.031014312627  0.007648684554  0.032042761050  0.011018399392  0.001036390767  0.004713968113  0.011533909408  0.012573591369  0.014589750477  0.014681583746  0.012593545712  0.010430346383  0.009405471306  0.004497540057  0.002075177056  0.016829069099  0.011512528379  0.016093436577  0.010473054510  0.018371461460  0.018865950060  0.001490564354  0.000000000000  0.011512528379  0.002075177056  
piranga_rubra_sdsu2635 0.003113020864  0.004154414222  0.009391953295  0.014244540957  0.016806072926  0.029860280119  0.006537016695  0.030847514599  0.001091837751  0.010453964632  0.008266392175  0.010453964632  0.005198226311  0.004812115043  0.003113020864  0.002772758356  0.001291735673  0.012564230639  0.007889210990  0.011512528379  0.015738393881  0.004154414222  0.014980083234  0.009397888382  0.017249856878  0.017249757361  0.009006322254  0.011512528379  0.000000000000  0.011512528379  
piranga_bidentata_itm141 0.014681583746  0.011512528379  0.004156381645  0.015381809927  0.015759059232  0.029908930574  0.007648684554  0.030899465630  0.011018399392  0.001036390767  0.004713968113  0.009414697876  0.012573591369  0.014589750477  0.014681583746  0.012593545712  0.010430346383  0.009405471306  0.004497540057  0.000000000000  0.016829069099  0.011512528379  0.016093436577  0.008358827766  0.018371461460  0.018865950060  0.001490564354  0.002075177056  0.011512528379  0.000000000000  

