30
cardinalis_cardinalis_ku21828 0.000000000000  0.000000000000  0.013628311319  0.016697720856  0.016697720856  0.016700968299  0.016700968299  0.016694889342  0.016694889342  0.015159789656  0.019271926903  0.018752005491  0.016700968299  0.015677658163  0.015677658163  0.015677658163  0.015677658163  0.017729568367  0.018240589315  0.022876482010  0.018240589315  0.019267663286  0.020808961088  0.018240589315  0.018240589315  0.016190870414  0.016190870414  0.016190870414  0.016190870414  0.015677658163  
cardinalis_cardinalis_ku25393 0.000000000000  0.000000000000  0.013628311319  0.016697720856  0.016697720856  0.016700968299  0.016700968299  0.016694889342  0.016694889342  0.015159789656  0.019271926903  0.018752005491  0.016700968299  0.015677658163  0.015677658163  0.015677658163  0.015677658163  0.017729568367  0.018240589315  0.022876482010  0.018240589315  0.019267663286  0.020808961088  0.018240589315  0.018240589315  0.016190870414  0.016190870414  0.016190870414  0.016190870414  0.015677658163  
piranga_leucoptera_fmnh481795 0.013628311319  0.013628311319  0.000000000000  0.005017582654  0.005017582654  0.005018495652  0.005018495652  0.005017074751  0.010583019007  0.009060590623  0.013138519841  0.012623013859  0.010588914280  0.009574036572  0.009574036572  0.009574036572  0.009574036572  0.011608953013  0.012115789029  0.016713202427  0.012115789029  0.013134368450  0.014662934113  0.012115789029  0.012115789029  0.010082986170  0.010082986170  0.010082986170  0.010082986170  0.009574036572  
piranga_erythrocephala_fmnh343371 0.016697720856  0.016697720856  0.005017582654  0.000000000000  0.000000000000  0.008050413665  0.008050413665  0.008046492011  0.013642244258  0.012112202772  0.016213974666  0.015694172479  0.013650702564  0.012631161328  0.012631161328  0.012631161328  0.012631161328  0.014676708460  0.015185245060  0.019804588073  0.015185245060  0.016208526339  0.017743521227  0.015185245060  0.015185245060  0.013143081967  0.013143081967  0.013143081967  0.013143081967  0.012631161328  
piranga_erythrocephala_fmnh343370 0.016697720856  0.016697720856  0.005017582654  0.000000000000  0.000000000000  0.008050413665  0.008050413665  0.008046492011  0.013642244258  0.012112202772  0.016213974666  0.015694172479  0.013650702564  0.012631161328  0.012631161328  0.012631161328  0.012631161328  0.014676708460  0.015185245060  0.019804588073  0.015185245060  0.016208526339  0.017743521227  0.015185245060  0.015185245060  0.013143081967  0.013143081967  0.013143081967  0.013143081967  0.012631161328  
piranga_rubriceps_lsu265 0.016700968299  0.016700968299  0.005018495652  0.008050413665  0.008050413665  0.000000000000  0.000000000000  0.008048249200  0.013646267702  0.012115789029  0.016219835994  0.015699334610  0.013655548474  0.012635850328  0.012635850328  0.012635850328  0.012635850328  0.014682123760  0.015190533971  0.019810809100  0.015190533971  0.016213974666  0.017749002809  0.015190533971  0.015190533971  0.013148054461  0.013148054461  0.013148054461  0.013148054461  0.012635850328  
piranga_rubriceps_lsu34818 0.016700968299  0.016700968299  0.005018495652  0.008050413665  0.008050413665  0.000000000000  0.000000000000  0.008048249200  0.013646267702  0.012115789029  0.016219835994  0.015699334610  0.013655548474  0.012635850328  0.012635850328  0.012635850328  0.012635850328  0.014682123760  0.015190533971  0.019810809100  0.015190533971  0.016213974666  0.017749002809  0.015190533971  0.015190533971  0.013148054461  0.013148054461  0.013148054461  0.013148054461  0.012635850328  
piranga_leucoptera_lsu7783 0.016694889342  0.016694889342  0.005017074751  0.008046492011  0.008046492011  0.008048249200  0.008048249200  0.000000000000  0.013638632601  0.012109026994  0.016208526339  0.015689423398  0.013646267702  0.012626882383  0.012626882383  0.012626882383  0.012626882383  0.014671704840  0.015180368514  0.019798783772  0.015180368514  0.016203491380  0.017738454711  0.015180368514  0.015180368514  0.013138519841  0.013138519841  0.013138519841  0.013138519841  0.012626882383  
piranga_roseogularis_ku2049 0.016694889342  0.016694889342  0.010583019007  0.013642244258  0.013642244258  0.013646267702  0.013646267702  0.013638632601  0.000000000000  0.002504258923  0.009568443497  0.009058685446  0.007035732013  0.006026401277  0.006026401277  0.006026401277  0.006026401277  0.008048249200  0.008553273838  0.013124382384  0.008553273838  0.009566259621  0.011087389404  0.008553273838  0.008553273838  0.006531605805  0.006531605805  0.006531605805  0.006531605805  0.006026401277  
piranga_roseogularis_ku2141 0.015159789656  0.015159789656  0.009060590623  0.012112202772  0.012112202772  0.012115789029  0.012115789029  0.012109026994  0.002504258923  0.000000000000  0.008048249200  0.007540244016  0.005521727265  0.004514604966  0.004514604966  0.004514604966  0.004514604966  0.006531605805  0.007035732013  0.011596555732  0.007035732013  0.008046492011  0.009564484680  0.007035732013  0.007035732013  0.005018495652  0.005018495652  0.005018495652  0.005018495652  0.004514604966  
piranga_rubra_sdsu2635 0.019271926903  0.019271926903  0.013138519841  0.016213974666  0.016213974666  0.016219835994  0.016219835994  0.016208526339  0.009568443497  0.008048249200  0.000000000000  0.004515648018  0.002505367378  0.003509800112  0.003509800112  0.003509800112  0.003509800112  0.005524508172  0.006027864742  0.011601934034  0.006027864742  0.007037341965  0.008553273838  0.006027864742  0.006027864742  0.004013183716  0.004013183716  0.004013183716  0.004013183716  0.003509800112  
piranga_rubra_ku7046 0.018752005491  0.018752005491  0.012623013859  0.015694172479  0.015694172479  0.015699334610  0.015699334610  0.015689423398  0.009058685446  0.007540244016  0.004515648018  0.000000000000  0.002002805099  0.003006317554  0.003006317554  0.003006317554  0.003006317554  0.005018495652  0.005521727265  0.011089592833  0.005521727265  0.006530272234  0.008045142471  0.005521727265  0.005521727265  0.003508901214  0.003508901214  0.003508901214  0.003508901214  0.003006317554  
piranga_rubra_sdsu2654 0.016700968299  0.016700968299  0.010588914280  0.013650702564  0.013650702564  0.013655548474  0.013655548474  0.013646267702  0.007035732013  0.005521727265  0.002505367378  0.002002805099  0.000000000000  0.001000700601  0.001000700601  0.001000700601  0.001000700601  0.003006943208  0.003508901214  0.009060590623  0.003508901214  0.004514604966  0.006025343507  0.003508901214  0.003508901214  0.001501732946  0.001501732946  0.001501732946  0.001501732946  0.001000700601  
piranga_lutea_ku89864 0.015677658163  0.015677658163  0.009574036572  0.012631161328  0.012631161328  0.012635850328  0.012635850328  0.012626882383  0.006026401277  0.004514604966  0.003509800112  0.003006317554  0.001000700601  0.000000000000  0.000000000000  0.000000000000  0.000000000000  0.002003288175  0.002504611903  0.008048249200  0.002504611903  0.003508901214  0.005017582654  0.002504611903  0.002504611903  0.000500260274  0.000500260274  0.000500260274  0.000500260274  0.000000000000  
piranga_flava_ku90809 0.015677658163  0.015677658163  0.009574036572  0.012631161328  0.012631161328  0.012635850328  0.012635850328  0.012626882383  0.006026401277  0.004514604966  0.003509800112  0.003006317554  0.001000700601  0.000000000000  0.000000000000  0.000000000000  0.000000000000  0.002003288175  0.002504611903  0.008048249200  0.002504611903  0.003508901214  0.005017582654  0.002504611903  0.002504611903  0.000500260274  0.000500260274  0.000500260274  0.000500260274  0.000000000000  
piranga_hepatica_ku4970 0.015677658163  0.015677658163  0.009574036572  0.012631161328  0.012631161328  0.012635850328  0.012635850328  0.012626882383  0.006026401277  0.004514604966  0.003509800112  0.003006317554  0.001000700601  0.000000000000  0.000000000000  0.000000000000  0.000000000000  0.002003288175  0.002504611903  0.008048249200  0.002504611903  0.003508901214  0.005017582654  0.002504611903  0.002504611903  0.000500260274  0.000500260274  0.000500260274  0.000500260274  0.000000000000  
piranga_lutea_lsu5400 0.015677658163  0.015677658163  0.009574036572  0.012631161328  0.012631161328  0.012635850328  0.012635850328  0.012626882383  0.006026401277  0.004514604966  0.003509800112  0.003006317554  0.001000700601  0.000000000000  0.000000000000  0.000000000000  0.000000000000  0.002003288175  0.002504611903  0.008048249200  0.002504611903  0.003508901214  0.005017582654  0.002504611903  0.002504611903  0.000500260274  0.000500260274  0.000500260274  0.000500260274  0.000000000000  
piranga_olivacea_ku4672 0.017729568367  0.017729568367  0.011608953013  0.014676708460  0.014676708460  0.014682123760  0.014682123760  0.014671704840  0.008048249200  0.006531605805  0.005524508172  0.005018495652  0.003006943208  0.002003288175  0.002003288175  0.002003288175  0.002003288175  0.000000000000  0.003508901214  0.009060590623  0.003508901214  0.004514604966  0.006025343507  0.003508901214  0.003508901214  0.001501732946  0.001501732946  0.001501732946  0.001501732946  0.002003288175  
piranga_hepatica_ku9084 0.018240589315  0.018240589315  0.012115789029  0.015185245060  0.015185245060  0.015190533971  0.015190533971  0.015180368514  0.008553273838  0.007035732013  0.006027864742  0.005521727265  0.003508901214  0.002504611903  0.002504611903  0.002504611903  0.002504611903  0.003508901214  0.000000000000  0.005522915207  0.000000000000  0.001000700601  0.002504258923  0.000000000000  0.000000000000  0.002002805099  0.002002805099  0.002002805099  0.002002805099  0.002504611903  
piranga_ludoviciana_sdsu2648 0.022876482010  0.022876482010  0.016713202427  0.019804588073  0.019804588073  0.019810809100  0.019810809100  0.019798783772  0.013124382384  0.011596555732  0.011601934034  0.011089592833  0.009060590623  0.008048249200  0.008048249200  0.008048249200  0.008048249200  0.009060590623  0.005522915207  0.000000000000  0.005522915207  0.006531605805  0.008046492011  0.005522915207  0.005522915207  0.007541723961  0.007541723961  0.007541723961  0.007541723961  0.008048249200  
piranga_ludoviciana_sdsu2650 0.018240589315  0.018240589315  0.012115789029  0.015185245060  0.015185245060  0.015190533971  0.015190533971  0.015180368514  0.008553273838  0.007035732013  0.006027864742  0.005521727265  0.003508901214  0.002504611903  0.002504611903  0.002504611903  0.002504611903  0.003508901214  0.000000000000  0.005522915207  0.000000000000  0.001000700601  0.002504258923  0.000000000000  0.000000000000  0.002002805099  0.002002805099  0.002002805099  0.002002805099  0.002504611903  
piranga_flava_lsu15408 0.019267663286  0.019267663286  0.013134368450  0.016208526339  0.016208526339  0.016213974666  0.016213974666  0.016203491380  0.009566259621  0.008046492011  0.007037341965  0.006530272234  0.004514604966  0.003508901214  0.003508901214  0.003508901214  0.003508901214  0.004514604966  0.001000700601  0.006531605805  0.001000700601  0.000000000000  0.003508405773  0.001000700601  0.001000700601  0.003006317554  0.003006317554  0.003006317554  0.003006317554  0.003508901214  
piranga_olivacea_ku2699 0.020808961088  0.020808961088  0.014662934113  0.017743521227  0.017743521227  0.017749002809  0.017749002809  0.017738454711  0.011087389404  0.009564484680  0.008553273838  0.008045142471  0.006025343507  0.005017582654  0.005017582654  0.005017582654  0.005017582654  0.006025343507  0.002504258923  0.008046492011  0.002504258923  0.003508405773  0.000000000000  0.002504258923  0.002504258923  0.004513966337  0.004513966337  0.004513966337  0.004513966337  0.005017582654  
piranga_bidentata_tepe59 0.018240589315  0.018240589315  0.012115789029  0.015185245060  0.015185245060  0.015190533971  0.015190533971  0.015180368514  0.008553273838  0.007035732013  0.006027864742  0.005521727265  0.003508901214  0.002504611903  0.002504611903  0.002504611903  0.002504611903  0.003508901214  0.000000000000  0.005522915207  0.000000000000  0.001000700601  0.002504258923  0.000000000000  0.000000000000  0.002002805099  0.002002805099  0.002002805099  0.002002805099  0.002504611903  
piranga_ludoviciana_sdsu2208 0.018240589315  0.018240589315  0.012115789029  0.015185245060  0.015185245060  0.015190533971  0.015190533971  0.015180368514  0.008553273838  0.007035732013  0.006027864742  0.005521727265  0.003508901214  0.002504611903  0.002504611903  0.002504611903  0.002504611903  0.003508901214  0.000000000000  0.005522915207  0.000000000000  0.001000700601  0.002504258923  0.000000000000  0.000000000000  0.002002805099  0.002002805099  0.002002805099  0.002002805099  0.002504611903  
piranga_ludoviciana_sdsu2385 0.016190870414  0.016190870414  0.010082986170  0.013143081967  0.013143081967  0.013148054461  0.013148054461  0.013138519841  0.006531605805  0.005018495652  0.004013183716  0.003508901214  0.001501732946  0.000500260274  0.000500260274  0.000500260274  0.000500260274  0.001501732946  0.002002805099  0.007541723961  0.002002805099  0.003006317554  0.004513966337  0.002002805099  0.002002805099  0.000000000000  0.000000000000  0.000000000000  0.000000000000  0.000500260274  
piranga_bidentata_itm141 0.016190870414  0.016190870414  0.010082986170  0.013143081967  0.013143081967  0.013148054461  0.013148054461  0.013138519841  0.006531605805  0.005018495652  0.004013183716  0.003508901214  0.001501732946  0.000500260274  0.000500260274  0.000500260274  0.000500260274  0.001501732946  0.002002805099  0.007541723961  0.002002805099  0.003006317554  0.004513966337  0.002002805099  0.002002805099  0.000000000000  0.000000000000  0.000000000000  0.000000000000  0.000500260274  
piranga_bidentata_hgoslp104 0.016190870414  0.016190870414  0.010082986170  0.013143081967  0.013143081967  0.013148054461  0.013148054461  0.013138519841  0.006531605805  0.005018495652  0.004013183716  0.003508901214  0.001501732946  0.000500260274  0.000500260274  0.000500260274  0.000500260274  0.001501732946  0.002002805099  0.007541723961  0.002002805099  0.003006317554  0.004513966337  0.002002805099  0.002002805099  0.000000000000  0.000000000000  0.000000000000  0.000000000000  0.000500260274  
piranga_bidentata_itm160 0.016190870414  0.016190870414  0.010082986170  0.013143081967  0.013143081967  0.013148054461  0.013148054461  0.013138519841  0.006531605805  0.005018495652  0.004013183716  0.003508901214  0.001501732946  0.000500260274  0.000500260274  0.000500260274  0.000500260274  0.001501732946  0.002002805099  0.007541723961  0.002002805099  0.003006317554  0.004513966337  0.002002805099  0.002002805099  0.000000000000  0.000000000000  0.000000000000  0.000000000000  0.000500260274  
piranga_rubra_ku26592 0.015677658163  0.015677658163  0.009574036572  0.012631161328  0.012631161328  0.012635850328  0.012635850328  0.012626882383  0.006026401277  0.004514604966  0.003509800112  0.003006317554  0.001000700601  0.000000000000  0.000000000000  0.000000000000  0.000000000000  0.002003288175  0.002504611903  0.008048249200  0.002504611903  0.003508901214  0.005017582654  0.002504611903  0.002504611903  0.000500260274  0.000500260274  0.000500260274  0.000500260274  0.000000000000  

