30
cardinalis_cardinalis_ku21828 0.000000000000  0.000000000000  0.024509399904  0.024509399904  0.027640353601  0.025558170755  0.026072932767  0.026083447644  0.018301735985  0.018301735985  0.016742269726  0.016742269726  0.017776004335  0.017761945138  0.017768755256  0.017768755256  0.020891117069  0.021412344582  0.021924408665  0.021924408665  0.023985903257  0.023462997345  0.025558170755  0.025547975197  0.020353301764  0.020353301764  0.017776004335  0.017776004335  0.017776004335  0.017776004335  
cardinalis_cardinalis_ku25393 0.000000000000  0.000000000000  0.024509399904  0.024509399904  0.027640353601  0.025558170755  0.026072932767  0.026083447644  0.018301735985  0.018301735985  0.016742269726  0.016742269726  0.017776004335  0.017761945138  0.017768755256  0.017768755256  0.020891117069  0.021412344582  0.021924408665  0.021924408665  0.023985903257  0.023462997345  0.025558170755  0.025547975197  0.020353301764  0.020353301764  0.017776004335  0.017776004335  0.017776004335  0.017776004335  
piranga_erythrocephala_fmnh343371 0.024509399904  0.024509399904  0.000000000000  0.000000000000  0.006028531388  0.004013545261  0.010582305145  0.010584848913  0.014167977499  0.014167977499  0.012626054286  0.012626054286  0.013650038693  0.013641763026  0.013645682665  0.013645682665  0.016735639007  0.017251909217  0.017761945138  0.017761945138  0.019294438284  0.019294438284  0.021369587681  0.021362363861  0.016208612115  0.016208612115  0.014676290893  0.014676290893  0.014676290893  0.014676290893  
piranga_erythrocephala_fmnh343370 0.024509399904  0.024509399904  0.000000000000  0.000000000000  0.006028531388  0.004013545261  0.010582305145  0.010584848913  0.014167977499  0.014167977499  0.012626054286  0.012626054286  0.013650038693  0.013641763026  0.013645682665  0.013645682665  0.016735639007  0.017251909217  0.017761945138  0.017761945138  0.019294438284  0.019294438284  0.021369587681  0.021362363861  0.016208612115  0.016208612115  0.014676290893  0.014676290893  0.014676290893  0.014676290893  
piranga_leucoptera_fmnh481795 0.027640353601  0.027640353601  0.006028531388  0.006028531388  0.000000000000  0.003006170169  0.013638280136  0.013130095038  0.017245408252  0.017245408252  0.015694103550  0.015694103550  0.016723692584  0.016713501886  0.016718377591  0.016718377591  0.019826256970  0.020345376648  0.020857282370  0.020857282370  0.022395399813  0.022395399813  0.024482058827  0.024473836623  0.018777099716  0.018777099716  0.017755574332  0.017755574332  0.017755574332  0.017755574332  
piranga_leucoptera_lsu7783 0.025558170755  0.025558170755  0.004013545261  0.004013545261  0.003006170169  0.000000000000  0.011601182476  0.011604327671  0.015195978888  0.015195978888  0.013650038693  0.013650038693  0.014676290893  0.014666797063  0.014671325422  0.014671325422  0.017768755256  0.018286178411  0.018796749472  0.018796749472  0.020330851362  0.020330851362  0.022410657678  0.022402806695  0.016723692584  0.016723692584  0.015704820953  0.015704820953  0.015704820953  0.015704820953  
piranga_rubriceps_lsu265 0.026072932767  0.026072932767  0.010582305145  0.010582305145  0.013638280136  0.011601182476  0.000000000000  0.002003378096  0.015704820953  0.015704820953  0.014158220279  0.014158220279  0.015184999351  0.015175769725  0.015180165621  0.015180165621  0.018279058448  0.018796749472  0.019307718195  0.019307718195  0.021362363861  0.020843017174  0.022923905464  0.022916184321  0.017749643193  0.017749643193  0.016214058626  0.016214058626  0.016214058626  0.016214058626  
piranga_rubriceps_lsu34818 0.026083447644  0.026083447644  0.010584848913  0.010584848913  0.013130095038  0.011604327671  0.002003378096  0.000000000000  0.015710836062  0.015710836062  0.014162880692  0.014162880692  0.015190270559  0.015180165621  0.015184999351  0.015184999351  0.018286178411  0.018804179973  0.019315019500  0.019315019500  0.021369587681  0.020849928466  0.022932071088  0.022923905464  0.017755574332  0.017755574332  0.016219943344  0.016219943344  0.016219943344  0.016219943344  
piranga_roseogularis_ku2049 0.018301735985  0.018301735985  0.014167977499  0.014167977499  0.017245408252  0.015195978888  0.015704820953  0.015710836062  0.000000000000  0.000000000000  0.004516021621  0.004516021621  0.005525157817  0.005522138314  0.005523433588  0.005523433588  0.008565819590  0.009074542027  0.009579716271  0.009579716271  0.011607907463  0.011097586320  0.013142251631  0.013137763642  0.008051668224  0.008051668224  0.006536496443  0.006536496443  0.006536496443  0.006536496443  
piranga_roseogularis_ku2141 0.018301735985  0.018301735985  0.014167977499  0.014167977499  0.017245408252  0.015195978888  0.015704820953  0.015710836062  0.000000000000  0.000000000000  0.004516021621  0.004516021621  0.005525157817  0.005522138314  0.005523433588  0.005523433588  0.008565819590  0.009074542027  0.009579716271  0.009579716271  0.011607907463  0.011097586320  0.013142251631  0.013137763642  0.008051668224  0.008051668224  0.006536496443  0.006536496443  0.006536496443  0.006536496443  
piranga_flava_ku90809 0.016742269726  0.016742269726  0.012626054286  0.012626054286  0.015694103550  0.013650038693  0.014158220279  0.014162880692  0.004516021621  0.004516021621  0.000000000000  0.000000000000  0.001001080565  0.001000769435  0.001000712594  0.001000712594  0.007040381682  0.007547136588  0.008051668224  0.008051668224  0.010075949393  0.009567608143  0.011604327671  0.011601182476  0.006530837465  0.006530837465  0.004514886682  0.004514886682  0.004514886682  0.004514886682  
piranga_lutea_ku89864 0.016742269726  0.016742269726  0.012626054286  0.012626054286  0.015694103550  0.013650038693  0.014158220279  0.014162880692  0.004516021621  0.004516021621  0.000000000000  0.000000000000  0.001001080565  0.001000769435  0.001000712594  0.001000712594  0.007040381682  0.007547136588  0.008051668224  0.008051668224  0.010075949393  0.009567608143  0.011604327671  0.011601182476  0.006530837465  0.006530837465  0.004514886682  0.004514886682  0.004514886682  0.004514886682  
piranga_lutea_lsu5400 0.017776004335  0.017776004335  0.013650038693  0.013650038693  0.016723692584  0.014676290893  0.015184999351  0.015190270559  0.005525157817  0.005525157817  0.001001080565  0.001001080565  0.000000000000  0.002002853178  0.002003378096  0.002003378096  0.008054446282  0.008562311980  0.009067359174  0.009067359174  0.011094307928  0.010584848913  0.012626054286  0.012622305010  0.007542606881  0.007542606881  0.005523433588  0.005523433588  0.005523433588  0.005523433588  
piranga_flava_lsu15408 0.017761945138  0.017761945138  0.013641763026  0.013641763026  0.016713501886  0.014666797063  0.015175769725  0.015180165621  0.005522138314  0.005522138314  0.001000769435  0.001000769435  0.002002853178  0.000000000000  0.002002754104  0.002002754104  0.008049321216  0.008556590250  0.009061903333  0.009061903333  0.011089054229  0.010580195626  0.012618991406  0.012616113834  0.007539801416  0.007539801416  0.005521272354  0.005521272354  0.005521272354  0.005521272354  
piranga_hepatica_ku4970 0.017768755256  0.017768755256  0.013645682665  0.013645682665  0.016718377591  0.014671325422  0.015180165621  0.015184999351  0.005523433588  0.005523433588  0.001000712594  0.001000712594  0.002003378096  0.002002754104  0.000000000000  0.000000000000  0.008051668224  0.008559235414  0.009064415199  0.009064415199  0.011091463777  0.010582305145  0.012622305010  0.012618991406  0.007540988438  0.007540988438  0.005522138314  0.005522138314  0.005522138314  0.005522138314  
piranga_hepatica_ku9084 0.017768755256  0.017768755256  0.013645682665  0.013645682665  0.016718377591  0.014671325422  0.015180165621  0.015184999351  0.005523433588  0.005523433588  0.001000712594  0.001000712594  0.002003378096  0.002002754104  0.000000000000  0.000000000000  0.008051668224  0.008559235414  0.009064415199  0.009064415199  0.011091463777  0.010582305145  0.012622305010  0.012618991406  0.007540988438  0.007540988438  0.005522138314  0.005522138314  0.005522138314  0.005522138314  
piranga_bidentata_tepe59 0.020891117069  0.020891117069  0.016735639007  0.016735639007  0.019826256970  0.017768755256  0.018279058448  0.018286178411  0.008565819590  0.008565819590  0.007040381682  0.007040381682  0.008054446282  0.008049321216  0.008051668224  0.008051668224  0.000000000000  0.001501540428  0.002002754104  0.002002754104  0.013650038693  0.013137763642  0.015190270559  0.015184999351  0.010081737723  0.010081737723  0.008562311980  0.008562311980  0.008562311980  0.008562311980  
piranga_bidentata_itm160 0.021412344582  0.021412344582  0.017251909217  0.017251909217  0.020345376648  0.018286178411  0.018796749472  0.018804179973  0.009074542027  0.009074542027  0.007547136588  0.007547136588  0.008562311980  0.008556590250  0.008559235414  0.008559235414  0.001501540428  0.000000000000  0.000500192250  0.000500192250  0.014162880692  0.013650038693  0.015704820953  0.015699243331  0.010591237750  0.010591237750  0.009070734901  0.009070734901  0.009070734901  0.009070734901  
piranga_bidentata_hgoslp104 0.021924408665  0.021924408665  0.017761945138  0.017761945138  0.020857282370  0.018796749472  0.019307718195  0.019315019500  0.009579716271  0.009579716271  0.008051668224  0.008051668224  0.009067359174  0.009061903333  0.009064415199  0.009064415199  0.002002754104  0.000500192250  0.000000000000  0.000000000000  0.014671325422  0.014158220279  0.016214058626  0.016208612115  0.011097586320  0.011097586320  0.009576040723  0.009576040723  0.009576040723  0.009576040723  
piranga_bidentata_itm141 0.021924408665  0.021924408665  0.017761945138  0.017761945138  0.020857282370  0.018796749472  0.019307718195  0.019315019500  0.009579716271  0.009579716271  0.008051668224  0.008051668224  0.009067359174  0.009061903333  0.009064415199  0.009064415199  0.002002754104  0.000500192250  0.000000000000  0.000000000000  0.014671325422  0.014158220279  0.016214058626  0.016208612115  0.011097586320  0.011097586320  0.009576040723  0.009576040723  0.009576040723  0.009576040723  
piranga_ludoviciana_sdsu2650 0.023985903257  0.023985903257  0.019294438284  0.019294438284  0.022395399813  0.020330851362  0.021362363861  0.021369587681  0.011607907463  0.011607907463  0.010075949393  0.010075949393  0.011094307928  0.011089054229  0.011091463777  0.011091463777  0.013650038693  0.014162880692  0.014671325422  0.014671325422  0.000000000000  0.004514886682  0.006534180351  0.006532293906  0.009567608143  0.009567608143  0.011101298595  0.011101298595  0.011101298595  0.011101298595  
piranga_ludoviciana_sdsu2208 0.023462997345  0.023462997345  0.019294438284  0.019294438284  0.022395399813  0.020330851362  0.020843017174  0.020849928466  0.011097586320  0.011097586320  0.009567608143  0.009567608143  0.010584848913  0.010580195626  0.010582305145  0.010582305145  0.013137763642  0.013650038693  0.014158220279  0.014158220279  0.004514886682  0.000000000000  0.002004328501  0.002003378096  0.009059823937  0.009059823937  0.010591237750  0.010591237750  0.010591237750  0.010591237750  
piranga_ludoviciana_sdsu2385 0.025558170755  0.025558170755  0.021369587681  0.021369587681  0.024482058827  0.022410657678  0.022923905464  0.022932071088  0.013142251631  0.013142251631  0.011604327671  0.011604327671  0.012626054286  0.012618991406  0.012622305010  0.012622305010  0.015190270559  0.015704820953  0.016214058626  0.016214058626  0.006534180351  0.002004328501  0.000000000000  0.003008217844  0.011094307928  0.011094307928  0.012634858419  0.012634858419  0.012634858419  0.012634858419  
piranga_ludoviciana_sdsu2648 0.025547975197  0.025547975197  0.021362363861  0.021362363861  0.024473836623  0.022402806695  0.022916184321  0.022923905464  0.013137763642  0.013137763642  0.011601182476  0.011601182476  0.012622305010  0.012616113834  0.012618991406  0.012618991406  0.015184999351  0.015699243331  0.016208612115  0.016208612115  0.006532293906  0.002003378096  0.003008217844  0.000000000000  0.011091463777  0.011091463777  0.012630238874  0.012630238874  0.012630238874  0.012630238874  
piranga_olivacea_ku2699 0.020353301764  0.020353301764  0.016208612115  0.016208612115  0.018777099716  0.016723692584  0.017749643193  0.017755574332  0.008051668224  0.008051668224  0.006530837465  0.006530837465  0.007542606881  0.007539801416  0.007540988438  0.007540988438  0.010081737723  0.010591237750  0.011097586320  0.011097586320  0.009567608143  0.009059823937  0.011094307928  0.011091463777  0.000000000000  0.000000000000  0.007547136588  0.007547136588  0.007547136588  0.007547136588  
piranga_olivacea_ku4672 0.020353301764  0.020353301764  0.016208612115  0.016208612115  0.018777099716  0.016723692584  0.017749643193  0.017755574332  0.008051668224  0.008051668224  0.006530837465  0.006530837465  0.007542606881  0.007539801416  0.007540988438  0.007540988438  0.010081737723  0.010591237750  0.011097586320  0.011097586320  0.009567608143  0.009059823937  0.011094307928  0.011091463777  0.000000000000  0.000000000000  0.007547136588  0.007547136588  0.007547136588  0.007547136588  
piranga_rubra_ku7046 0.017776004335  0.017776004335  0.014676290893  0.014676290893  0.017755574332  0.015704820953  0.016214058626  0.016219943344  0.006536496443  0.006536496443  0.004514886682  0.004514886682  0.005523433588  0.005521272354  0.005522138314  0.005522138314  0.008562311980  0.009070734901  0.009576040723  0.009576040723  0.011101298595  0.010591237750  0.012634858419  0.012630238874  0.007547136588  0.007547136588  0.000000000000  0.000000000000  0.000000000000  0.000000000000  
piranga_rubra_sdsu2654 0.017776004335  0.017776004335  0.014676290893  0.014676290893  0.017755574332  0.015704820953  0.016214058626  0.016219943344  0.006536496443  0.006536496443  0.004514886682  0.004514886682  0.005523433588  0.005521272354  0.005522138314  0.005522138314  0.008562311980  0.009070734901  0.009576040723  0.009576040723  0.011101298595  0.010591237750  0.012634858419  0.012630238874  0.007547136588  0.007547136588  0.000000000000  0.000000000000  0.000000000000  0.000000000000  
piranga_rubra_sdsu2635 0.017776004335  0.017776004335  0.014676290893  0.014676290893  0.017755574332  0.015704820953  0.016214058626  0.016219943344  0.006536496443  0.006536496443  0.004514886682  0.004514886682  0.005523433588  0.005521272354  0.005522138314  0.005522138314  0.008562311980  0.009070734901  0.009576040723  0.009576040723  0.011101298595  0.010591237750  0.012634858419  0.012630238874  0.007547136588  0.007547136588  0.000000000000  0.000000000000  0.000000000000  0.000000000000  
piranga_rubra_ku26592 0.017776004335  0.017776004335  0.014676290893  0.014676290893  0.017755574332  0.015704820953  0.016214058626  0.016219943344  0.006536496443  0.006536496443  0.004514886682  0.004514886682  0.005523433588  0.005521272354  0.005522138314  0.005522138314  0.008562311980  0.009070734901  0.009576040723  0.009576040723  0.011101298595  0.010591237750  0.012634858419  0.012630238874  0.007547136588  0.007547136588  0.000000000000  0.000000000000  0.000000000000  0.000000000000  

