30
piranga_rubra_ku26592 0.000000000000  0.009419507030  0.014188446919  0.015185842575  0.018038428469  0.019426012343  0.010892357302  0.018636946471  0.000000000000  0.012277355053  0.014961603074  0.009332166410  0.009108297604  0.012249528742  0.000000000000  0.008773633954  0.010366940243  0.011335360524  0.016372203986  0.011321072183  0.019959237421  0.008473680383  0.015185842575  0.009425430357  0.019110413925  0.019243291506  0.018266458056  0.011338234897  0.000000000000  0.012277355053  
piranga_flava_ku90809 0.009419507030  0.000000000000  0.012277355053  0.011348090919  0.014188446919  0.015481940082  0.010892357302  0.013390261148  0.009428388390  0.008468703492  0.012801924900  0.004645047398  0.002009436397  0.004046102180  0.009419507030  0.002180552212  0.002808206276  0.009432716125  0.013612634893  0.007520026333  0.016098632391  0.000934492199  0.011348090919  0.005634693925  0.015231368007  0.012749499164  0.015183584817  0.007531144270  0.009419507030  0.008468703492  
piranga_ludoviciana_sdsu2385 0.014188446919  0.012277355053  0.000000000000  0.018080822986  0.020941994135  0.022400354170  0.012471226401  0.021805943911  0.014201881353  0.013228797106  0.002111254889  0.012873150016  0.012178266472  0.014353008973  0.014188446919  0.013216404684  0.013228797106  0.012284771768  0.002694696983  0.012271313378  0.022871076356  0.011327531517  0.018080822986  0.012284771768  0.022035449541  0.022535783408  0.007541664597  0.012288961516  0.014188446919  0.013228797106  
piranga_rubriceps_lsu265 0.015185842575  0.011348090919  0.018080822986  0.000000000000  0.012300589945  0.018431660383  0.018781115095  0.016535655810  0.015200270447  0.014222205667  0.019367210000  0.009364940706  0.010156160716  0.006082134008  0.015185842575  0.008802596203  0.012301474275  0.015202421217  0.019159525021  0.013260752860  0.014208732862  0.010396335325  0.001875045337  0.011353206209  0.013332472087  0.014351979491  0.018266458056  0.013278990025  0.015185842575  0.014222205667  
piranga_leucoptera_lsu7783 0.018038428469  0.014188446919  0.020941994135  0.012300589945  0.000000000000  0.020387337852  0.017220643963  0.017562786905  0.018055572226  0.017070995267  0.021501525126  0.010512729530  0.012178266472  0.008142159806  0.018038428469  0.009882159368  0.015142722839  0.018060770735  0.017797649778  0.016105763389  0.003743194063  0.013235798570  0.012300589945  0.014196412522  0.004708144932  0.003156367942  0.018303879466  0.016129574806  0.018038428469  0.017070995267  
cardinalis_cardinalis_ku25393 0.019426012343  0.015481940082  0.022400354170  0.018431660383  0.020387337852  0.000000000000  0.017247648732  0.000000000000  0.019444901938  0.018434204505  0.020925529500  0.012005537530  0.013510501987  0.008158767815  0.019426012343  0.012408436736  0.016457518603  0.017468868517  0.019185785030  0.017444710181  0.022352854041  0.014508059552  0.018431660383  0.015492701459  0.022487977672  0.012789296554  0.018331845436  0.017473014127  0.019426012343  0.018434204505  
piranga_olivacea_ku2699 0.010892357302  0.010892357302  0.012471226401  0.018781115095  0.017220643963  0.017247648732  0.000000000000  0.018340575727  0.010892357302  0.014038539680  0.012627784000  0.009396998880  0.010240666214  0.006857857792  0.010892357302  0.010277144156  0.012456394407  0.000000000000  0.011072213382  0.012456394407  0.021988636257  0.009332683509  0.018781115095  0.007762907695  0.020426799185  0.018280957756  0.010524495370  0.010892357302  0.010892357302  0.014038539680  
cardinalis_cardinalis_ku21828 0.018636946471  0.013390261148  0.021805943911  0.016535655810  0.017562786905  0.000000000000  0.018340575727  0.000000000000  0.018656265397  0.017580951909  0.021665356369  0.012005537530  0.013666751166  0.008158767815  0.018636946471  0.012408436736  0.014428649885  0.016550514255  0.019185785030  0.016527579602  0.019651903500  0.012353799135  0.016535655810  0.014446966804  0.019675177909  0.012789296554  0.018331845436  0.016555338993  0.018636946471  0.017580951909  
piranga_rubra_ku7046 0.000000000000  0.009428388390  0.014201881353  0.015200270447  0.018055572226  0.019444901938  0.010892357302  0.018656265397  0.000000000000  0.012288961516  0.014977610751  0.009343065656  0.009117525146  0.012249528742  0.000000000000  0.008783266838  0.010376720116  0.011346078766  0.016394573980  0.011331763294  0.019978227928  0.008481666270  0.015200270447  0.009434322935  0.019128694364  0.019243291506  0.018294308923  0.011348958524  0.000000000000  0.012288961516  
piranga_bidentata_hgoslp104 0.012277355053  0.008468703492  0.013228797106  0.014222205667  0.017070995267  0.018434204505  0.014038539680  0.017580951909  0.012288961516  0.000000000000  0.013876248915  0.009332166410  0.008086902930  0.012249528742  0.012277355053  0.008773633954  0.009414949577  0.012293560077  0.014985381612  0.000934735922  0.018989343003  0.007524061017  0.014222205667  0.008473680383  0.018135051422  0.015997167815  0.015183584817  0.002810959406  0.012277355053  0.000000000000  
piranga_ludoviciana_sdsu2648 0.014961603074  0.012801924900  0.002111254889  0.019367210000  0.021501525126  0.020925529500  0.012627784000  0.021665356369  0.014977610751  0.013876248915  0.000000000000  0.011991140673  0.013534501317  0.014353008973  0.014961603074  0.013569203886  0.013876248915  0.011729662068  0.002694315375  0.012793664658  0.024786281734  0.011729662068  0.019367210000  0.011729662068  0.023726844412  0.022568063208  0.009065870052  0.012815597790  0.014961603074  0.013876248915  
piranga_roseogularis_ku2049 0.009332166410  0.004645047398  0.012873150016  0.009364940706  0.010512729530  0.012005537530  0.009396998880  0.012005537530  0.009343065656  0.009332166410  0.011991140673  0.000000000000  0.004649667268  0.004051544893  0.009332166410  0.004645047398  0.005810063324  0.009350865216  0.012429255166  0.008154879736  0.014052195442  0.003482463729  0.009364940706  0.000000000000  0.012896468558  0.011151593305  0.013655114637  0.008171263233  0.009332166410  0.009332166410  
piranga_hepatica_ku4970 0.009108297604  0.002009436397  0.012178266472  0.010156160716  0.012178266472  0.013510501987  0.010240666214  0.013666751166  0.009117525146  0.008086902930  0.013534501317  0.004649667268  0.000000000000  0.000000000000  0.009108297604  0.002180302589  0.003016497134  0.009124515659  0.013625048644  0.007067961688  0.014223411402  0.001004196698  0.010156160716  0.005044925829  0.013286202193  0.012768881883  0.015199049209  0.007080261869  0.009108297604  0.008086902930  
piranga_hepatica_ku9084 0.012249528742  0.004046102180  0.014353008973  0.006082134008  0.008142159806  0.008158767815  0.006857857792  0.008158767815  0.012249528742  0.012249528742  0.014353008973  0.004051544893  0.000000000000  0.000000000000  0.012249528742  0.004046102180  0.004046102180  0.006091921558  0.014353008973  0.010183751417  0.012249528742  0.002020935395  0.006082134008  0.004051544893  0.012272605606  0.012272605606  0.012272605606  0.010183751417  0.012249528742  0.012249528742  
piranga_rubra_sdsu2654 0.000000000000  0.009419507030  0.014188446919  0.015185842575  0.018038428469  0.019426012343  0.010892357302  0.018636946471  0.000000000000  0.012277355053  0.014961603074  0.009332166410  0.009108297604  0.012249528742  0.000000000000  0.008773633954  0.010366940243  0.011335360524  0.016372203986  0.011321072183  0.019959237421  0.008473680383  0.015185842575  0.009425430357  0.019110413925  0.019243291506  0.018266458056  0.011338234897  0.000000000000  0.012277355053  
piranga_flava_lsu15408 0.008773633954  0.002180552212  0.013216404684  0.008802596203  0.009882159368  0.012408436736  0.010277144156  0.012408436736  0.008783266838  0.008773633954  0.013569203886  0.004645047398  0.002180302589  0.004046102180  0.008773633954  0.000000000000  0.003274047344  0.008786481797  0.013612634893  0.007667997818  0.013209459305  0.001089206167  0.008802596203  0.004370951050  0.012117317908  0.012749499164  0.015183584817  0.007680635047  0.008773633954  0.008773633954  
piranga_lutea_lsu5400 0.010366940243  0.002808206276  0.013228797106  0.012301474275  0.015142722839  0.016457518603  0.012456394407  0.014428649885  0.010376720116  0.009414949577  0.013876248915  0.005810063324  0.003016497134  0.004046102180  0.010366940243  0.003274047344  0.000000000000  0.010379320522  0.014985381612  0.008465090597  0.017056181673  0.001870559022  0.012301474275  0.006576562742  0.016191028717  0.012749499164  0.015183584817  0.008476679964  0.010366940243  0.009414949577  
piranga_olivacea_ku4672 0.011335360524  0.009432716125  0.012284771768  0.015202421217  0.018060770735  0.017468868517  0.000000000000  0.016550514255  0.011346078766  0.012293560077  0.011729662068  0.009350865216  0.009124515659  0.006091921558  0.011335360524  0.008786481797  0.010379320522  0.000000000000  0.012243252812  0.011335360524  0.019979939167  0.008487712419  0.015202421217  0.009441360931  0.019137769196  0.017658076261  0.012116779079  0.011355291470  0.011335360524  0.012293560077  
piranga_ludoviciana_sdsu2208 0.016372203986  0.013612634893  0.002694696983  0.019159525021  0.017797649778  0.019185785030  0.011072213382  0.019185785030  0.016394573980  0.014985381612  0.002694315375  0.012429255166  0.013625048644  0.014353008973  0.016372203986  0.013612634893  0.014985381612  0.012243252812  0.000000000000  0.013603078377  0.021965282184  0.012243252812  0.019159525021  0.012243252812  0.022011702524  0.022535783408  0.006030689702  0.012232833123  0.016372203986  0.014985381612  
piranga_bidentata_itm160 0.011321072183  0.007520026333  0.012271313378  0.013260752860  0.016105763389  0.017444710181  0.012456394407  0.016527579602  0.011331763294  0.000934735922  0.012793664658  0.008154879736  0.007067961688  0.010183751417  0.011321072183  0.007667997818  0.008465090597  0.011335360524  0.013603078377  0.000000000000  0.018021661111  0.006576562742  0.013260752860  0.007524061017  0.017161926433  0.014370225472  0.013642139306  0.001872126233  0.011321072183  0.000934735922  
piranga_leucoptera_fmnh481795 0.019959237421  0.016098632391  0.022871076356  0.014208732862  0.003743194063  0.022352854041  0.021988636257  0.019651903500  0.019978227928  0.018989343003  0.024786281734  0.014052195442  0.014223411402  0.012249528742  0.019959237421  0.013209459305  0.017056181673  0.019979939167  0.021965282184  0.018021661111  0.000000000000  0.015142722839  0.014208732862  0.016105763389  0.006598251166  0.006327815936  0.021405997851  0.018046472510  0.019959237421  0.018989343003  
piranga_lutea_ku89864 0.008473680383  0.000934492199  0.011327531517  0.010396335325  0.013235798570  0.014508059552  0.009332683509  0.012353799135  0.008481666270  0.007524061017  0.011729662068  0.003482463729  0.001004196698  0.002020935395  0.008473680383  0.001089206167  0.001870559022  0.008487712419  0.012243252812  0.006576562742  0.015142722839  0.000000000000  0.010396335325  0.004694414020  0.014273350558  0.011151593305  0.013655114637  0.006587209292  0.008473680383  0.007524061017  
piranga_rubriceps_lsu34818 0.015185842575  0.011348090919  0.018080822986  0.001875045337  0.012300589945  0.018431660383  0.018781115095  0.016535655810  0.015200270447  0.014222205667  0.019367210000  0.009364940706  0.010156160716  0.006082134008  0.015185842575  0.008802596203  0.012301474275  0.015202421217  0.019159525021  0.013260752860  0.014208732862  0.010396335325  0.000000000000  0.011353206209  0.013332472087  0.012733995781  0.018266458056  0.013278990025  0.015185842575  0.014222205667  
piranga_roseogularis_ku2141 0.009425430357  0.005634693925  0.012284771768  0.011353206209  0.014196412522  0.015492701459  0.007762907695  0.014446966804  0.009434322935  0.008473680383  0.011729662068  0.000000000000  0.005044925829  0.004051544893  0.009425430357  0.004370951050  0.006576562742  0.009441360931  0.012243252812  0.007524061017  0.016105763389  0.004694414020  0.011353206209  0.000000000000  0.015241781970  0.011151593305  0.013655114637  0.007536547821  0.009425430357  0.008473680383  
piranga_erythrocephala_fmnh343371 0.019110413925  0.015231368007  0.022035449541  0.013332472087  0.004708144932  0.022487977672  0.020426799185  0.019675177909  0.019128694364  0.018135051422  0.023726844412  0.012896468558  0.013286202193  0.012272605606  0.019110413925  0.012117317908  0.016191028717  0.019137769196  0.022011702524  0.017161926433  0.006598251166  0.014273350558  0.013332472087  0.015241781970  0.000000000000  0.000000000000  0.021431602536  0.017189317018  0.019110413925  0.018135051422  
piranga_erythrocephala_fmnh343370 0.019243291506  0.012749499164  0.022535783408  0.014351979491  0.003156367942  0.012789296554  0.018280957756  0.012789296554  0.019243291506  0.015997167815  0.022568063208  0.011151593305  0.012768881883  0.012272605606  0.019243291506  0.012749499164  0.012749499164  0.017658076261  0.022535783408  0.014370225472  0.006327815936  0.011151593305  0.012733995781  0.011151593305  0.000000000000  0.000000000000  0.023363347333  0.014370225472  0.019243291506  0.015997167815  
piranga_ludoviciana_sdsu2650 0.018266458056  0.015183584817  0.007541664597  0.018266458056  0.018303879466  0.018331845436  0.010524495370  0.018331845436  0.018294308923  0.015183584817  0.009065870052  0.013655114637  0.015199049209  0.012272605606  0.018266458056  0.015183584817  0.015183584817  0.012116779079  0.006030689702  0.013642139306  0.021405997851  0.013655114637  0.018266458056  0.013655114637  0.021431602536  0.023363347333  0.000000000000  0.013642139306  0.018266458056  0.015183584817  
piranga_bidentata_tepe59 0.011338234897  0.007531144270  0.012288961516  0.013278990025  0.016129574806  0.017473014127  0.010892357302  0.016555338993  0.011348958524  0.002810959406  0.012815597790  0.008171263233  0.007080261869  0.010183751417  0.011338234897  0.007680635047  0.008476679964  0.011355291470  0.012232833123  0.001872126233  0.018046472510  0.006587209292  0.013278990025  0.007536547821  0.017189317018  0.014370225472  0.013642139306  0.000000000000  0.011338234897  0.002810959406  
piranga_rubra_sdsu2635 0.000000000000  0.009419507030  0.014188446919  0.015185842575  0.018038428469  0.019426012343  0.010892357302  0.018636946471  0.000000000000  0.012277355053  0.014961603074  0.009332166410  0.009108297604  0.012249528742  0.000000000000  0.008773633954  0.010366940243  0.011335360524  0.016372203986  0.011321072183  0.019959237421  0.008473680383  0.015185842575  0.009425430357  0.019110413925  0.019243291506  0.018266458056  0.011338234897  0.000000000000  0.012277355053  
piranga_bidentata_itm141 0.012277355053  0.008468703492  0.013228797106  0.014222205667  0.017070995267  0.018434204505  0.014038539680  0.017580951909  0.012288961516  0.000000000000  0.013876248915  0.009332166410  0.008086902930  0.012249528742  0.012277355053  0.008773633954  0.009414949577  0.012293560077  0.014985381612  0.000934735922  0.018989343003  0.007524061017  0.014222205667  0.008473680383  0.018135051422  0.015997167815  0.015183584817  0.002810959406  0.012277355053  0.000000000000  

