30
piranga_rubra_ku26592 0.000000000000  0.004737840188  0.005937675308  0.010748519934  0.007128025911  0.004732234986  0.004869160668  0.003280653521  0.001219782520  0.002381986086  0.002711367497  0.002748630361  0.002696743721  0.000000000000  0.005913972415  0.000000000000  0.006009035900  0.004743458684  0.002025037976  0.009511272320  0.007119567651  0.003548399570  0.010748519934  0.004737840188  0.007126795023  0.000000000000  0.000000000000  0.004743458684  0.004725356505  0.007122806925  
piranga_flava_ku90809 0.004737840188  0.000000000000  0.003552601611  0.008336263407  0.004738993527  0.002362291723  0.003647677670  0.001642526786  0.002446078021  0.001189317614  0.001353512926  0.002748630361  0.001346224392  0.000000000000  0.005920975790  0.000000000000  0.003595175957  0.002365085241  0.002025037976  0.007114361072  0.004733385607  0.001179498023  0.008336263407  0.002362291723  0.004737840188  0.000000000000  0.000000000000  0.002365085241  0.007114361072  0.004736547512  
piranga_ludoviciana_sdsu2385 0.005937675308  0.003552601611  0.000000000000  0.009540673388  0.005931824363  0.003552601611  0.004875095112  0.003296877472  0.003678943995  0.001190733775  0.002715048257  0.004129667356  0.002700384856  0.000000000000  0.005927995772  0.001754946239  0.004800385361  0.003552601611  0.000000000000  0.008321000007  0.005931824363  0.002365085241  0.009540673388  0.003552601611  0.005937675308  0.001859365145  0.004084684633  0.003552601611  0.007122806925  0.005927995772  
piranga_rubriceps_lsu265 0.010748519934  0.008336263407  0.009540673388  0.000000000000  0.005931824363  0.008336263407  0.009802644254  0.006619633599  0.008634473106  0.007195167970  0.006820553379  0.008300019259  0.006783538593  0.005324349657  0.010727608924  0.007063865151  0.008436739381  0.008336263407  0.006104409732  0.013147978098  0.005931824363  0.007135270492  0.002365085241  0.008336263407  0.008336263407  0.007486971196  0.000000000000  0.008336263407  0.011936063652  0.010727608924  
piranga_leucoptera_lsu7783 0.007128025911  0.004738993527  0.005931824363  0.005931824363  0.000000000000  0.004738993527  0.006099709224  0.004948987876  0.004907609240  0.003579157896  0.002712785470  0.002748630361  0.001348039156  0.000000000000  0.007119620875  0.001754946239  0.004795812341  0.004738993527  0.002025037976  0.009516610190  0.002363664318  0.003549514461  0.005931824363  0.004738993527  0.004738993527  0.001859365145  0.000000000000  0.004738993527  0.008316418931  0.007119620875  
cardinalis_cardinalis_ku25393 0.004732234986  0.002362291723  0.003552601611  0.008336263407  0.004738993527  0.000000000000  0.003647677670  0.000000000000  0.002443090019  0.001189317614  0.001353512926  0.002748630361  0.001346224392  0.002653803806  0.005913972415  0.001751871793  0.003595175957  0.002365085241  0.004059809877  0.007114361072  0.004733385607  0.001179498023  0.008336263407  0.002362291723  0.004737840188  0.001855914317  0.000000000000  0.002365085241  0.007105935224  0.004736547512  
piranga_olivacea_ku2699 0.004869160668  0.003647677670  0.004875095112  0.009802644254  0.006099709224  0.003647677670  0.000000000000  0.001709933554  0.003669989306  0.002450548630  0.002742944129  0.004124047248  0.002694896315  0.002652014767  0.007318172245  0.001751092196  0.004935244983  0.003652118268  0.004054748357  0.008547374656  0.006092276932  0.002429709160  0.009802644254  0.003647677670  0.006094178494  0.001855039367  0.000000000000  0.003652118268  0.007318172245  0.006099961729  
cardinalis_cardinalis_ku21828 0.003280653521  0.001642526786  0.003296877472  0.006619633599  0.004948987876  0.000000000000  0.001709933554  0.000000000000  0.001718750413  0.001642526786  0.001684017497  0.003504870930  0.001916377157  0.002977808272  0.003286043734  0.001992754684  0.003296877472  0.001645229122  0.004788890977  0.003291451688  0.003291451688  0.001642526786  0.006619633599  0.001642526786  0.003291451688  0.002092847645  0.000000000000  0.001645229122  0.004938681057  0.001645229122  
piranga_rubra_ku7046 0.001219782520  0.002446078021  0.003678943995  0.008634473106  0.004907609240  0.002443090019  0.003669989306  0.001718750413  0.000000000000  0.001231802780  0.000000000000  0.001373969484  0.001348039156  0.000000000000  0.003665505169  0.000000000000  0.002479435019  0.002449073342  0.002029147084  0.007367712456  0.004901595405  0.001221272207  0.008634473106  0.002446078021  0.004906372680  0.000000000000  0.000000000000  0.002449073342  0.003665505169  0.004904985648  
piranga_bidentata_hgoslp104 0.002381986086  0.001189317614  0.001190733775  0.007195167970  0.003579157896  0.001189317614  0.002450548630  0.001642526786  0.001231802780  0.000000000000  0.000000000000  0.001385390399  0.000000000000  0.000000000000  0.004770440853  0.000000000000  0.002413606646  0.001190733775  0.002025037976  0.005970467738  0.003574892841  0.000000000000  0.007195167970  0.001189317614  0.002381986086  0.000000000000  0.000000000000  0.001190733775  0.005970467738  0.003578068696  
piranga_ludoviciana_sdsu2648 0.002711367497  0.001353512926  0.002715048257  0.006820553379  0.002712785470  0.001353512926  0.002742944129  0.001684017497  0.000000000000  0.000000000000  0.000000000000  0.001395053879  0.000000000000  0.000000000000  0.001353512926  0.000000000000  0.002715048257  0.000000000000  0.002025037976  0.004068123246  0.001353512926  0.000000000000  0.005447622775  0.000000000000  0.002711367497  0.000000000000  0.000000000000  0.000000000000  0.002711367497  0.002713175685  
piranga_roseogularis_ku2049 0.002748630361  0.002748630361  0.004129667356  0.008300019259  0.002748630361  0.002748630361  0.004124047248  0.003504870930  0.001373969484  0.001385390399  0.001395053879  0.000000000000  0.001475321946  0.002653803806  0.001372084280  0.001754946239  0.004129667356  0.001372084280  0.004059809877  0.005505879397  0.002748630361  0.001372084280  0.006905331970  0.001372084280  0.004129667356  0.001859365145  0.004084684633  0.001372084280  0.001372084280  0.004124047248  
piranga_hepatica_ku4970 0.002696743721  0.001346224392  0.002700384856  0.006783538593  0.001348039156  0.001346224392  0.002694896315  0.001916377157  0.001348039156  0.000000000000  0.000000000000  0.001475321946  0.000000000000  0.000000000000  0.005401783062  0.000000000000  0.002700384856  0.001348039156  0.002025037976  0.005401783062  0.002694511355  0.000000000000  0.006783538593  0.001346224392  0.001346224392  0.000000000000  0.000000000000  0.001348039156  0.005401783062  0.004051640607  
piranga_hepatica_ku9084 0.000000000000  0.000000000000  0.000000000000  0.005324349657  0.000000000000  0.002653803806  0.002652014767  0.002977808272  0.000000000000  0.000000000000  0.000000000000  0.002653803806  0.000000000000  0.000000000000  0.000000000000  0.000000000000  0.000000000000  0.000000000000  0.000000000000  0.002653803806  0.000000000000  0.000000000000  0.002653803806  0.000000000000  0.000000000000  0.000000000000  0.000000000000  0.000000000000  0.000000000000  0.000000000000  
piranga_rubra_sdsu2654 0.005913972415  0.005920975790  0.005927995772  0.010727608924  0.007119620875  0.005913972415  0.007318172245  0.003286043734  0.003665505169  0.004770440853  0.001353512926  0.001372084280  0.005401783062  0.000000000000  0.000000000000  0.001751871793  0.005999122116  0.004736547512  0.002025037976  0.010702127394  0.008306550045  0.004730945390  0.010727608924  0.005920975790  0.008311120205  0.001855914317  0.000000000000  0.004736547512  0.001178108445  0.007118475188  
piranga_flava_lsu15408 0.000000000000  0.000000000000  0.001754946239  0.007063865151  0.001754946239  0.001751871793  0.001751092196  0.001992754684  0.000000000000  0.000000000000  0.000000000000  0.001754946239  0.000000000000  0.000000000000  0.001751871793  0.000000000000  0.003517198326  0.000000000000  0.002049945327  0.005268334604  0.001751871793  0.000000000000  0.005286817346  0.000000000000  0.000000000000  0.000000000000  0.000000000000  0.000000000000  0.001751871793  0.003514055709  
piranga_lutea_lsu5400 0.006009035900  0.003595175957  0.004800385361  0.008436739381  0.004795812341  0.003595175957  0.004935244983  0.003296877472  0.002479435019  0.002413606646  0.002715048257  0.004129667356  0.002700384856  0.000000000000  0.005999122116  0.003517198326  0.000000000000  0.003595175957  0.006104409732  0.007208381646  0.004795812341  0.002393388150  0.008436739381  0.003595175957  0.004800385361  0.003726933429  0.004084684633  0.003595175957  0.007208381646  0.005999122116  
piranga_olivacea_ku4672 0.004743458684  0.002365085241  0.003552601611  0.008336263407  0.004738993527  0.002365085241  0.003652118268  0.001645229122  0.002449073342  0.001190733775  0.000000000000  0.001372084280  0.001348039156  0.000000000000  0.004736547512  0.000000000000  0.003595175957  0.000000000000  0.002025037976  0.007122806925  0.004738993527  0.001180890882  0.008336263407  0.002365085241  0.004743458684  0.000000000000  0.000000000000  0.002365085241  0.005927995772  0.004736547512  
piranga_ludoviciana_sdsu2208 0.002025037976  0.002025037976  0.000000000000  0.006104409732  0.002025037976  0.004059809877  0.004054748357  0.004788890977  0.002029147084  0.002025037976  0.002025037976  0.004059809877  0.002025037976  0.000000000000  0.002025037976  0.002049945327  0.006104409732  0.002025037976  0.000000000000  0.008138464398  0.002025037976  0.002025037976  0.004059809877  0.002025037976  0.002025037976  0.002084124119  0.004084684633  0.002025037976  0.002025037976  0.006092121220  
piranga_bidentata_itm160 0.009511272320  0.007114361072  0.008321000007  0.013147978098  0.009516610190  0.007114361072  0.008547374656  0.003291451688  0.007367712456  0.005970467738  0.004068123246  0.005505879397  0.005401783062  0.002653803806  0.010702127394  0.005268334604  0.007208381646  0.007122806925  0.008138464398  0.000000000000  0.009505302570  0.005920975790  0.013147978098  0.007114361072  0.009511272320  0.001855914317  0.000000000000  0.004736547512  0.011906295661  0.002365085241  
piranga_leucoptera_fmnh481795 0.007119567651  0.004733385607  0.005931824363  0.005931824363  0.002363664318  0.004733385607  0.006092276932  0.003291451688  0.004901595405  0.003574892841  0.001353512926  0.002748630361  0.002694511355  0.000000000000  0.008306550045  0.001751871793  0.004795812341  0.004738993527  0.002025037976  0.009505302570  0.000000000000  0.003545319721  0.005931824363  0.004733385607  0.004733385607  0.001855914317  0.000000000000  0.004738993527  0.009505302570  0.007119620875  
piranga_lutea_ku89864 0.003548399570  0.001179498023  0.002365085241  0.007135270492  0.003549514461  0.001179498023  0.002429709160  0.001642526786  0.001221272207  0.000000000000  0.000000000000  0.001372084280  0.000000000000  0.000000000000  0.004730945390  0.000000000000  0.002393388150  0.001180890882  0.002025037976  0.005920975790  0.003545319721  0.000000000000  0.007135270492  0.001179498023  0.003548399570  0.000000000000  0.000000000000  0.001180890882  0.005920975790  0.003548443267  
piranga_rubriceps_lsu34818 0.010748519934  0.008336263407  0.009540673388  0.002365085241  0.005931824363  0.008336263407  0.009802644254  0.006619633599  0.008634473106  0.007195167970  0.005447622775  0.006905331970  0.006783538593  0.002653803806  0.010727608924  0.005286817346  0.008436739381  0.008336263407  0.004059809877  0.013147978098  0.005931824363  0.007135270492  0.000000000000  0.008336263407  0.008336263407  0.005602777555  0.000000000000  0.008336263407  0.011936063652  0.010727608924  
piranga_roseogularis_ku2141 0.004737840188  0.002362291723  0.003552601611  0.008336263407  0.004738993527  0.002362291723  0.003647677670  0.001642526786  0.002446078021  0.001189317614  0.000000000000  0.001372084280  0.001346224392  0.000000000000  0.005920975790  0.000000000000  0.003595175957  0.002365085241  0.002025037976  0.007114361072  0.004733385607  0.001179498023  0.008336263407  0.000000000000  0.004737840188  0.000000000000  0.000000000000  0.002365085241  0.007114361072  0.004736547512  
piranga_erythrocephala_fmnh343371 0.007126795023  0.004737840188  0.005937675308  0.008336263407  0.004738993527  0.004737840188  0.006094178494  0.003291451688  0.004906372680  0.002381986086  0.002711367497  0.004129667356  0.001346224392  0.000000000000  0.008311120205  0.000000000000  0.004800385361  0.004743458684  0.002025037976  0.009511272320  0.004733385607  0.003548399570  0.008336263407  0.004737840188  0.000000000000  0.000000000000  0.000000000000  0.004743458684  0.009511272320  0.007122806925  
piranga_erythrocephala_fmnh343370 0.000000000000  0.000000000000  0.001859365145  0.007486971196  0.001859365145  0.001855914317  0.001855039367  0.002092847645  0.000000000000  0.000000000000  0.000000000000  0.001859365145  0.000000000000  0.000000000000  0.001855914317  0.000000000000  0.003726933429  0.000000000000  0.002084124119  0.001855914317  0.001855914317  0.000000000000  0.005602777555  0.000000000000  0.000000000000  0.000000000000  0.000000000000  0.000000000000  0.001855914317  0.000000000000  
piranga_ludoviciana_sdsu2650 0.000000000000  0.000000000000  0.004084684633  0.000000000000  0.000000000000  0.000000000000  0.000000000000  0.000000000000  0.000000000000  0.000000000000  0.000000000000  0.004084684633  0.000000000000  0.000000000000  0.000000000000  0.000000000000  0.004084684633  0.000000000000  0.004084684633  0.000000000000  0.000000000000  0.000000000000  0.000000000000  0.000000000000  0.000000000000  0.000000000000  0.000000000000  0.000000000000  0.000000000000  0.000000000000  
piranga_bidentata_tepe59 0.004743458684  0.002365085241  0.003552601611  0.008336263407  0.004738993527  0.002365085241  0.003652118268  0.001645229122  0.002449073342  0.001190733775  0.000000000000  0.001372084280  0.001348039156  0.000000000000  0.004736547512  0.000000000000  0.003595175957  0.002365085241  0.002025037976  0.004736547512  0.004738993527  0.001180890882  0.008336263407  0.002365085241  0.004743458684  0.000000000000  0.000000000000  0.000000000000  0.005927995772  0.002363664318  
piranga_rubra_sdsu2635 0.004725356505  0.007114361072  0.007122806925  0.011936063652  0.008316418931  0.007105935224  0.007318172245  0.004938681057  0.003665505169  0.005970467738  0.002711367497  0.001372084280  0.005401783062  0.000000000000  0.001178108445  0.001751871793  0.007208381646  0.005927995772  0.002025037976  0.011906295661  0.009505302570  0.005920975790  0.011936063652  0.007114361072  0.009511272320  0.001855914317  0.000000000000  0.005927995772  0.000000000000  0.008313881462  
piranga_bidentata_itm141 0.007122806925  0.004736547512  0.005927995772  0.010727608924  0.007119620875  0.004736547512  0.006099961729  0.001645229122  0.004904985648  0.003578068696  0.002713175685  0.004124047248  0.004051640607  0.000000000000  0.007118475188  0.003514055709  0.005999122116  0.004736547512  0.006092121220  0.002365085241  0.007119620875  0.003548443267  0.010727608924  0.004736547512  0.007122806925  0.000000000000  0.000000000000  0.002363664318  0.008313881462  0.000000000000  

