30
cardinalis_cardinalis_ku21828 0.000000000000  0.005018264809  0.029179866615  0.029200575990  0.032846649731  0.032306877686  0.026038169680  0.028118404220  0.034926179497  0.037554797915  0.032816287247  0.031768662629  0.033885608500  0.037576563543  0.033896309236  0.036023571158  0.039192144701  0.033885608500  0.037043325685  0.034405692126  0.043951808196  0.043425725469  0.043425725469  0.039691189943  0.048782834899  0.046640443011  0.045545146706  0.043964788155  0.046626800420  0.045031107338  
cardinalis_cardinalis_ku25393 0.005018264809  0.000000000000  0.025018086031  0.025037477058  0.028663305518  0.028127577045  0.021895693237  0.023963944560  0.030731943399  0.033345518514  0.028634931575  0.027593386979  0.029696826175  0.033365927930  0.029706856679  0.031820480391  0.034970485627  0.029696826175  0.032836117823  0.030214184877  0.039703043323  0.039179753853  0.039179753853  0.035468155390  0.044504442176  0.042374793210  0.041287269013  0.039715313739  0.042361871344  0.040775321650  
piranga_leucoptera_fmnh481795 0.029179866615  0.025018086031  0.000000000000  0.003006843902  0.011603628850  0.010073436147  0.007036830143  0.010075760728  0.015675505155  0.018234181632  0.013631132613  0.012612563355  0.014657064136  0.018241512243  0.014660621087  0.016714742333  0.019794414134  0.014657064136  0.017212337580  0.015166089592  0.024430277172  0.023915563603  0.024956683617  0.020296814687  0.029113349406  0.027032012483  0.025981996864  0.024435848194  0.027025852465  0.025471939719  
piranga_leucoptera_lsu7783 0.029200575990  0.025037477058  0.003006843902  0.000000000000  0.011611066736  0.010078478991  0.007041038644  0.010081590558  0.015682509661  0.018241512243  0.013636767875  0.012617915063  0.014664575411  0.018250446559  0.014668926729  0.016725227926  0.019805801243  0.014664575411  0.017220177428  0.015173347874  0.024441825234  0.023927363892  0.024969603943  0.020306343362  0.029127524583  0.027045557049  0.025993599273  0.024448207908  0.027038580807  0.025484608986  
piranga_rubriceps_lsu34818 0.032846649731  0.028663305518  0.011603628850  0.011611066736  0.000000000000  0.008556854792  0.011600501510  0.014660621087  0.020296814687  0.022871907265  0.018237646281  0.017212337580  0.019272844481  0.022881782392  0.019277660608  0.021347939559  0.024448207908  0.019272844481  0.022362865535  0.019784632714  0.029113349406  0.028595800638  0.029645223086  0.024950832742  0.033830068750  0.031734598837  0.030674910633  0.029120232036  0.031727112529  0.030163323076  
piranga_rubriceps_lsu265 0.032306877686  0.028127577045  0.010073436147  0.010078478991  0.008556854792  0.000000000000  0.010071505629  0.013122892532  0.018745693291  0.021314958645  0.016692862421  0.015670097030  0.017723063285  0.021322362534  0.017726655779  0.019789322522  0.022881782392  0.017723063285  0.020805358628  0.018234181632  0.027536954930  0.027020101140  0.028065611929  0.023386208314  0.031713378207  0.030149652416  0.029095164918  0.027542578790  0.030143434445  0.028583012838  
piranga_erythrocephala_fmnh343371 0.026038169680  0.021895693237  0.007036830143  0.007041038644  0.011600501510  0.010071505629  0.000000000000  0.003006843902  0.012610482234  0.015158191313  0.010576524173  0.009562531451  0.011595431925  0.015163057895  0.011597769075  0.013640180899  0.016705850851  0.011595431925  0.014651143879  0.012102763025  0.021322362534  0.020809391069  0.021844495462  0.017209017982  0.025981996864  0.023910271843  0.022867577773  0.021326671023  0.023905386190  0.022358003207  
piranga_erythrocephala_fmnh343370 0.028118404220  0.023963944560  0.010075760728  0.010081590558  0.014660621087  0.013122892532  0.003006843902  0.000000000000  0.015672601352  0.018231118681  0.013628911141  0.012610482234  0.014653904939  0.018237646281  0.014657064136  0.016710097139  0.019272844481  0.014653904939  0.017723063285  0.015163057895  0.024425112556  0.023910271843  0.024950832742  0.020292654458  0.029106877082  0.027025852465  0.025976807596  0.024430277172  0.027020101140  0.025466215405  
piranga_roseogularis_ku2049 0.034926179497  0.030731943399  0.015675505155  0.015682509661  0.020296814687  0.018745693291  0.012610482234  0.015672601352  0.000000000000  0.002504226178  0.010068828309  0.009055616220  0.011086418708  0.014651143879  0.011088488279  0.013128782450  0.015678808052  0.011086418708  0.014139761995  0.011593490444  0.020805358628  0.020292654458  0.021326671023  0.016695509250  0.024940351500  0.023390815594  0.022349493413  0.020809391069  0.023386208314  0.021322362534  
piranga_roseogularis_ku2141 0.037554797915  0.033345518514  0.018234181632  0.018241512243  0.022871907265  0.021314958645  0.015158191313  0.018231118681  0.002504226178  0.000000000000  0.012607511381  0.011590796025  0.013628911141  0.017206099115  0.013631132613  0.015678808052  0.018237646281  0.013628911141  0.016692862421  0.014137669247  0.023382007232  0.022867577773  0.023905386190  0.019257598933  0.027531740850  0.025976807596  0.024931500203  0.023386208314  0.025972026809  0.023900907032  
piranga_ludoviciana_sdsu2385 0.032816287247  0.028634931575  0.013631132613  0.013636767875  0.018237646281  0.016692862421  0.010576524173  0.013628911141  0.010068828309  0.012607511381  0.000000000000  0.001000693710  0.005017408891  0.008551096287  0.005018264809  0.007038738953  0.010075760728  0.005017408891  0.008044694731  0.005520759690  0.014651143879  0.014142252981  0.015166089592  0.010577931613  0.019264417144  0.017212337580  0.016182535972  0.014653904939  0.017209017982  0.015675505155  
piranga_ludoviciana_sdsu2648 0.031768662629  0.027593386979  0.012612563355  0.012617915063  0.017212337580  0.015670097030  0.009562531451  0.012610482234  0.009055616220  0.011590796025  0.001000693710  0.000000000000  0.004011131073  0.007539811567  0.004011853011  0.006029236217  0.009061997114  0.004011131073  0.007034186673  0.004513846170  0.013631132613  0.013122892532  0.014145141819  0.009563801601  0.018237646281  0.016188486768  0.015160425007  0.013633751653  0.016185311486  0.014653904939  
piranga_olivacea_ku2699 0.033885608500  0.029696826175  0.014657064136  0.014664575411  0.019272844481  0.017723063285  0.011595431925  0.014653904939  0.011086418708  0.013628911141  0.005017408891  0.004011131073  0.000000000000  0.006531197151  0.003007820476  0.005023169746  0.008052096403  0.003006843902  0.006026083321  0.003508797197  0.012615041093  0.012107577637  0.013128782450  0.008552623069  0.017216057524  0.015169519713  0.014142252981  0.012617915063  0.015166089592  0.013636767875  
piranga_bidentata_tepe59 0.037576563543  0.033365927930  0.018241512243  0.018250446559  0.022881782392  0.021322362534  0.015163057895  0.018237646281  0.014651143879  0.017206099115  0.008551096287  0.007539811567  0.006531197151  0.000000000000  0.004514440212  0.007545156754  0.010584523045  0.005521487588  0.008551096287  0.007035312590  0.016188486768  0.015678808052  0.016705850851  0.012104972356  0.020813827060  0.018756908100  0.017723063285  0.016192061433  0.018752768098  0.017216057524  
piranga_bidentata_hgoslp104 0.033896309236  0.029706856679  0.014660621087  0.014668926729  0.019277660608  0.017726655779  0.011597769075  0.014657064136  0.011088488279  0.013631132613  0.005018264809  0.004011853011  0.003007820476  0.004514440212  0.000000000000  0.003009184615  0.006029236217  0.001000693710  0.004011131073  0.003509646645  0.012617915063  0.012110578487  0.013132321802  0.008554542697  0.017220177428  0.015173347874  0.014145141819  0.012621184885  0.015169519713  0.013640180899  
piranga_olivacea_ku4672 0.036023571158  0.031820480391  0.016714742333  0.016725227926  0.021347939559  0.019789322522  0.013640180899  0.016710097139  0.013128782450  0.015678808052  0.007038738953  0.006029236217  0.005023169746  0.007545156754  0.003009184615  0.000000000000  0.008054926350  0.003007820476  0.006027464604  0.005526012370  0.014664575411  0.014156191616  0.015182196797  0.010587508622  0.019282877862  0.017229615590  0.016196035097  0.014668926729  0.017224696910  0.015691107484  
piranga_ludoviciana_sdsu2650 0.039192144701  0.034970485627  0.019794414134  0.019805801243  0.024448207908  0.022881782392  0.016705850851  0.019272844481  0.015678808052  0.018237646281  0.010075760728  0.009061997114  0.008052096403  0.010584523045  0.006029236217  0.008054926350  0.000000000000  0.005021145612  0.008049657890  0.008556854792  0.017735042288  0.016196035097  0.018255514148  0.013640180899  0.022373803114  0.020311711039  0.019272844481  0.017739835537  0.020306343362  0.018766391372  
piranga_bidentata_itm160 0.033885608500  0.029696826175  0.014657064136  0.014664575411  0.019272844481  0.017723063285  0.011595431925  0.014653904939  0.011086418708  0.013628911141  0.005017408891  0.004011131073  0.003006843902  0.005521487588  0.001000693710  0.003007820476  0.005021145612  0.000000000000  0.003006255269  0.003508797197  0.012615041093  0.012107577637  0.013128782450  0.008552623069  0.017216057524  0.015169519713  0.014142252981  0.012617915063  0.015166089592  0.013636767875  
piranga_bidentata_itm141 0.037043325685  0.032836117823  0.017212337580  0.017220177428  0.022362865535  0.020805358628  0.014651143879  0.017723063285  0.014139761995  0.016692862421  0.008044694731  0.007034186673  0.006026083321  0.008551096287  0.004011131073  0.006027464604  0.008049657890  0.003006255269  0.000000000000  0.006529943357  0.015675505155  0.015166089592  0.016192061433  0.011595431925  0.020296814687  0.018241512243  0.017209017982  0.015678808052  0.018237646281  0.016702003852  
piranga_ludoviciana_sdsu2208 0.034405692126  0.030214184877  0.015166089592  0.015173347874  0.019784632714  0.018234181632  0.012102763025  0.015163057895  0.011593490444  0.014137669247  0.005520759690  0.004513846170  0.003508797197  0.007035312590  0.003509646645  0.005526012370  0.008556854792  0.003508797197  0.006529943357  0.000000000000  0.009059811823  0.008554542697  0.009569975517  0.005018264809  0.013636767875  0.011600501510  0.010579734160  0.009061997114  0.011597769075  0.010075760728  
piranga_rubra_ku7046 0.043951808196  0.039703043323  0.024430277172  0.024441825234  0.029113349406  0.027536954930  0.021322362534  0.024425112556  0.020805358628  0.023382007232  0.014651143879  0.013631132613  0.012615041093  0.016188486768  0.012617915063  0.014664575411  0.017735042288  0.012615041093  0.015675505155  0.009059811823  0.000000000000  0.010579734160  0.011597769075  0.007034186673  0.015675505155  0.013633751653  0.012610482234  0.011088488279  0.013631132613  0.011600501510  
piranga_lutea_lsu5400 0.043425725469  0.039179753853  0.023915563603  0.023927363892  0.028595800638  0.027020101140  0.020809391069  0.023910271843  0.020292654458  0.022867577773  0.014142252981  0.013122892532  0.012107577637  0.015678808052  0.012110578487  0.014156191616  0.016196035097  0.012107577637  0.015166089592  0.008554542697  0.010579734160  0.000000000000  0.008052096403  0.003509646645  0.012110578487  0.010078478991  0.009059811823  0.010581931431  0.013122892532  0.012617915063  
piranga_hepatica_ku4970 0.043425725469  0.039179753853  0.024956683617  0.024969603943  0.029645223086  0.028065611929  0.021844495462  0.024950832742  0.021326671023  0.023905386190  0.015166089592  0.014145141819  0.013128782450  0.016705850851  0.013132321802  0.015182196797  0.018255514148  0.013128782450  0.016192061433  0.009569975517  0.011597769075  0.008052096403  0.000000000000  0.004516796445  0.013132321802  0.011097065500  0.010075760728  0.011600501510  0.014145141819  0.013640180899  
piranga_hepatica_ku9084 0.039691189943  0.035468155390  0.020296814687  0.020306343362  0.024950832742  0.023386208314  0.017209017982  0.020292654458  0.016695509250  0.019257598933  0.010577931613  0.009563801601  0.008552623069  0.012104972356  0.008554542697  0.010587508622  0.013640180899  0.008552623069  0.011595431925  0.005018264809  0.007034186673  0.003509646645  0.004516796445  0.000000000000  0.008554542697  0.006532841927  0.005521487588  0.007035312590  0.009563801601  0.009059811823  
piranga_flava_lsu15408 0.048782834899  0.044504442176  0.029113349406  0.029127524583  0.033830068750  0.031713378207  0.025981996864  0.029106877082  0.024940351500  0.027531740850  0.019264417144  0.018237646281  0.017216057524  0.020813827060  0.017220177428  0.019282877862  0.022373803114  0.017216057524  0.020296814687  0.013636767875  0.015675505155  0.012110578487  0.013132321802  0.008554542697  0.000000000000  0.005021145612  0.004011853011  0.015678808052  0.018237646281  0.017730648908  
piranga_lutea_ku89864 0.046640443011  0.042374793210  0.027032012483  0.027045557049  0.031734598837  0.030149652416  0.023910271843  0.027025852465  0.023390815594  0.025976807596  0.017212337580  0.016188486768  0.015169519713  0.018756908100  0.015173347874  0.017229615590  0.020311711039  0.015169519713  0.018241512243  0.011600501510  0.013633751653  0.010078478991  0.011097065500  0.006532841927  0.005021145612  0.000000000000  0.002003233475  0.013636767875  0.016188486768  0.015682509661  
piranga_flava_ku90809 0.045545146706  0.041287269013  0.025981996864  0.025993599273  0.030674910633  0.029095164918  0.022867577773  0.025976807596  0.022349493413  0.024931500203  0.016182535972  0.015160425007  0.014142252981  0.017723063285  0.014145141819  0.016196035097  0.019272844481  0.014142252981  0.017209017982  0.010579734160  0.012610482234  0.009059811823  0.010075760728  0.005521487588  0.004011853011  0.002003233475  0.000000000000  0.012612563355  0.015160425007  0.014653904939  
piranga_rubra_sdsu2635 0.043964788155  0.039715313739  0.024435848194  0.024448207908  0.029120232036  0.027542578790  0.021326671023  0.024430277172  0.020809391069  0.023386208314  0.014653904939  0.013633751653  0.012617915063  0.016192061433  0.012621184885  0.014668926729  0.017739835537  0.012617915063  0.015678808052  0.009061997114  0.011088488279  0.010581931431  0.011600501510  0.007035312590  0.015678808052  0.013636767875  0.012612563355  0.000000000000  0.007034186673  0.013128782450  
piranga_rubra_sdsu2654 0.046626800420  0.042361871344  0.027025852465  0.027038580807  0.031727112529  0.030143434445  0.023905386190  0.027020101140  0.023386208314  0.025972026809  0.017209017982  0.016185311486  0.015166089592  0.018752768098  0.015169519713  0.017224696910  0.020306343362  0.015166089592  0.018237646281  0.011597769075  0.013631132613  0.013122892532  0.014145141819  0.009563801601  0.018237646281  0.016188486768  0.015160425007  0.007034186673  0.000000000000  0.015678808052  
piranga_rubra_ku26592 0.045031107338  0.040775321650  0.025471939719  0.025484608986  0.030163323076  0.028583012838  0.022358003207  0.025466215405  0.021322362534  0.023900907032  0.015675505155  0.014653904939  0.013636767875  0.017216057524  0.013640180899  0.015691107484  0.018766391372  0.013636767875  0.016702003852  0.010075760728  0.011600501510  0.012617915063  0.013640180899  0.009059811823  0.017730648908  0.015682509661  0.014653904939  0.013128782450  0.015678808052  0.000000000000  

