30
piranga_rubra_ku26592 0.000000000000  0.018584553183  0.014781298623  0.020700082685  0.024917802955  0.027554021954  0.010508374105  0.029665169257  0.014806997811  0.014770543672  0.013542135829  0.010351018762  0.014139567302  0.007323949169  0.014806997811  0.014725563592  0.013521355495  0.013220290222  0.006281463055  0.013530778442  0.021132999891  0.018515724087  0.020150133031  0.021227926359  0.019269406964  0.020477029168  0.014945318522  0.016023274998  0.012299715294  0.016035369522  
piranga_flava_ku90809 0.018584553183  0.000000000000  0.013491775496  0.020743696559  0.024845395523  0.030057402084  0.015867003761  0.031171885320  0.018484005262  0.013497292061  0.012254495198  0.020821011086  0.012810391084  0.012920306444  0.019741833064  0.003234852630  0.012254495198  0.014512356660  0.010563742848  0.015985256295  0.021071710373  0.002430919989  0.021381983376  0.018621701022  0.019203223712  0.029695737119  0.015001373175  0.014743595858  0.017245392221  0.015985256295  
piranga_ludoviciana_sdsu2385 0.014781298623  0.013491775496  0.000000000000  0.012294232271  0.017216096501  0.023583008768  0.005218319748  0.022407465220  0.014734268604  0.007292243273  0.001209074520  0.008238470022  0.008901405017  0.005469958882  0.015983869100  0.008116243748  0.010979684588  0.005214059940  0.004168991760  0.008522101587  0.013497292061  0.013442310979  0.016224680662  0.011060649451  0.011404050800  0.015808777443  0.005540676364  0.008517972890  0.013497292061  0.006071476867  
piranga_rubriceps_lsu265 0.020700082685  0.020743696559  0.012294232271  0.000000000000  0.009395560616  0.021755338672  0.012294232271  0.023162044096  0.020715045393  0.015078369950  0.010917732650  0.012768949415  0.012908996900  0.011484071440  0.019317419729  0.009821090869  0.016474004714  0.013339485518  0.008448491829  0.015069054260  0.006696223248  0.022037681126  0.005350586484  0.013698203605  0.006958733774  0.006570368853  0.009336755342  0.015078369950  0.016531074141  0.013679464137  
piranga_leucoptera_lsu7783 0.024917802955  0.024845395523  0.017216096501  0.009395560616  0.000000000000  0.027031602198  0.013169947450  0.024886221348  0.023566152257  0.019717501381  0.015973772778  0.014492032099  0.020591039133  0.012867012933  0.022295873785  0.013087076195  0.018461253723  0.015833047871  0.010525342881  0.018470120595  0.006011522395  0.025992517319  0.012263064531  0.021055287664  0.008719575678  0.013193115541  0.011177641494  0.020977332404  0.022312492536  0.018470120595  
cardinalis_cardinalis_ku25393 0.027554021954  0.030057402084  0.023583008768  0.021755338672  0.027031602198  0.000000000000  0.022673899112  0.004074765413  0.031343418589  0.026121872790  0.022323529580  0.027223723541  0.029974084089  0.028049109844  0.031343418589  0.021529970989  0.028685948448  0.025393282886  0.023580425515  0.027416634565  0.023265305167  0.031194448839  0.023601883578  0.027436231218  0.021520383384  0.033665111825  0.024657888855  0.027402049928  0.028779638124  0.027416634565  
piranga_olivacea_ku2699 0.010508374105  0.015867003761  0.005218319748  0.012294232271  0.013169947450  0.022673899112  0.000000000000  0.025566980824  0.011846889069  0.006529670397  0.003910125176  0.008238470022  0.008225158554  0.005469958882  0.010522196058  0.011393477310  0.010488310203  0.004223932899  0.004164361590  0.005218319748  0.010525634189  0.015804307367  0.013192189968  0.010577849415  0.009544702206  0.018088272372  0.005542913320  0.006529670397  0.007879497247  0.006531489496  
cardinalis_cardinalis_ku21828 0.029665169257  0.031171885320  0.022407465220  0.023162044096  0.024886221348  0.004074765413  0.025566980824  0.000000000000  0.031152507637  0.025279672315  0.020984722363  0.031528380324  0.025244212222  0.030017903325  0.029707145856  0.020308324068  0.029608890329  0.024294301671  0.021432245137  0.026736240411  0.022067468099  0.032450847077  0.026305089868  0.025279672315  0.022085719836  0.033628709921  0.022759083102  0.023841233998  0.028277519118  0.025291324018  
piranga_rubra_ku7046 0.014806997811  0.018484005262  0.014734268604  0.020715045393  0.023566152257  0.031343418589  0.011846889069  0.031152507637  0.000000000000  0.014725502327  0.013481027048  0.006169835366  0.012794000547  0.003654530218  0.011001720013  0.014689448176  0.013480749871  0.011839117621  0.002088262336  0.013471673569  0.019800967767  0.018461253723  0.020088893667  0.019887127093  0.016596090457  0.015808777443  0.014952159320  0.015973772778  0.013491775496  0.015964238752  
piranga_bidentata_hgoslp104 0.014770543672  0.013497292061  0.007292243273  0.015078369950  0.019717501381  0.026121872790  0.006529670397  0.025279672315  0.014725502327  0.000000000000  0.006071476867  0.010319566851  0.010205271830  0.003644761521  0.013480749871  0.011404284136  0.010986399638  0.002599879152  0.002079576916  0.003635309902  0.015985256295  0.013447786844  0.018761463916  0.013547163134  0.013967789934  0.018113611846  0.003688976150  0.003638131423  0.011012292871  0.006074947063  
piranga_ludoviciana_sdsu2648 0.013542135829  0.012254495198  0.001209074520  0.010917732650  0.015973772778  0.022323529580  0.003910125176  0.020984722363  0.013481027048  0.006071476867  0.000000000000  0.006169835366  0.007624514925  0.003641223211  0.014744970522  0.008116243748  0.009752531916  0.003908291767  0.004168991760  0.007290967072  0.012260638921  0.012209606403  0.014964238571  0.009824393959  0.010130648788  0.015808777443  0.005540676364  0.007295089550  0.012260638921  0.004847562120  
piranga_roseogularis_ku2049 0.010351018762  0.020821011086  0.008238470022  0.012768949415  0.014492032099  0.027223723541  0.008238470022  0.031528380324  0.006169835366  0.010319566851  0.006169835366  0.000000000000  0.006167133130  0.006167133130  0.010319566851  0.007848575205  0.010315003549  0.010329633439  0.005582460896  0.008244837109  0.012399501943  0.018701258513  0.010319566851  0.004109034464  0.012410516029  0.016572991672  0.010189089380  0.010319566851  0.008255473448  0.006169835366  
piranga_hepatica_ku4970 0.014139567302  0.012810391084  0.008901405017  0.012908996900  0.020591039133  0.029974084089  0.008225158554  0.025244212222  0.012794000547  0.010205271830  0.007624514925  0.006167133130  0.000000000000  0.000000000000  0.014093066221  0.006523640206  0.007624514925  0.010489303491  0.004168991760  0.011486181355  0.016691685732  0.012745079642  0.016943727979  0.018083156831  0.015387894720  0.013515908329  0.009267530603  0.008916642598  0.011508177246  0.008907989176  
piranga_hepatica_ku9084 0.007323949169  0.012920306444  0.005469958882  0.011484071440  0.012867012933  0.028049109844  0.005469958882  0.030017903325  0.003654530218  0.003644761521  0.003641223211  0.006167133130  0.000000000000  0.000000000000  0.007332345781  0.004579468046  0.003641223211  0.007310563360  0.002410411625  0.005472082733  0.011031594279  0.010973210459  0.009182429970  0.011101581337  0.011020018302  0.013515908329  0.006674834818  0.003644761521  0.005500044114  0.003641223211  
piranga_rubra_sdsu2654 0.014806997811  0.019741833064  0.015983869100  0.019317419729  0.022295873785  0.031343418589  0.010522196058  0.029707145856  0.011001720013  0.013480749871  0.014744970522  0.010319566851  0.014093066221  0.007332345781  0.000000000000  0.011404284136  0.014725502327  0.011839117621  0.004186445146  0.012245624229  0.021066943494  0.019717501381  0.020099500141  0.021159307759  0.017898188028  0.018113611846  0.009302014180  0.017225581164  0.007317643985  0.014734268604  
piranga_flava_lsu15408 0.014725563592  0.003234852630  0.008116243748  0.009821090869  0.013087076195  0.021529970989  0.011393477310  0.020308324068  0.014689448176  0.011404284136  0.008116243748  0.007848575205  0.006523640206  0.004579468046  0.011404284136  0.000000000000  0.008110039744  0.010187981384  0.010525342881  0.011404284136  0.011449386280  0.003229628929  0.009796460245  0.013173281476  0.011441566920  0.009963764395  0.015274696008  0.011404284136  0.009773097806  0.009757204189  
piranga_lutea_lsu5400 0.013521355495  0.012254495198  0.010979684588  0.016474004714  0.018461253723  0.028685948448  0.010488310203  0.029608890329  0.013480749871  0.010986399638  0.009752531916  0.010315003549  0.007624514925  0.003641223211  0.014725502327  0.008110039744  0.000000000000  0.007838321721  0.004168991760  0.012215704907  0.015985256295  0.012209606403  0.017488041729  0.017310786721  0.015258912367  0.018088272372  0.011136148160  0.012223724012  0.012250294242  0.012215704907  
piranga_olivacea_ku4672 0.013220290222  0.014512356660  0.005214059940  0.013339485518  0.015833047871  0.025393282886  0.004223932899  0.024294301671  0.011839117621  0.002599879152  0.003908291767  0.010329633439  0.010489303491  0.007310563360  0.011839117621  0.010187981384  0.007838321721  0.000000000000  0.002079576916  0.003908291767  0.011846889069  0.013122938234  0.016109386833  0.011901745897  0.011849138655  0.020430537073  0.003688976150  0.003905035424  0.009188879203  0.006533166234  
piranga_ludoviciana_sdsu2208 0.006281463055  0.010563742848  0.004168991760  0.008448491829  0.010525342881  0.023580425515  0.004164361590  0.021432245137  0.002088262336  0.002079576916  0.004168991760  0.005582460896  0.004168991760  0.002410411625  0.004186445146  0.010525342881  0.004168991760  0.002079576916  0.000000000000  0.002079576916  0.010547547137  0.008377710669  0.008418361540  0.010614725613  0.010541470312  0.007945049735  0.006257174564  0.002079576916  0.002092632310  0.004168991760  
piranga_bidentata_itm160 0.013530778442  0.015985256295  0.008522101587  0.015069054260  0.018470120595  0.027416634565  0.005218319748  0.026736240411  0.013471673569  0.003635309902  0.007290967072  0.008244837109  0.011486181355  0.005472082733  0.012245624229  0.011404284136  0.012215704907  0.003908291767  0.002079576916  0.000000000000  0.014743595858  0.015926500336  0.017495818126  0.014806997811  0.012689074957  0.018113611846  0.003688976150  0.007299837738  0.009779343714  0.002419158398  
piranga_leucoptera_fmnh481795 0.021132999891  0.021071710373  0.013497292061  0.006696223248  0.006011522395  0.023265305167  0.010525634189  0.022067468099  0.019800967767  0.015985256295  0.012260638921  0.012399501943  0.016691685732  0.011031594279  0.021066943494  0.011449386280  0.015985256295  0.011846889069  0.010547547137  0.014743595858  0.000000000000  0.022229812872  0.008557100110  0.017279850754  0.006222600076  0.013202499593  0.011198504334  0.017237295578  0.018552597627  0.014743595858  
piranga_lutea_ku89864 0.018515724087  0.002430919989  0.013442310979  0.022037681126  0.025992517319  0.031194448839  0.015804307367  0.032450847077  0.018461253723  0.013447786844  0.012209606403  0.018701258513  0.012745079642  0.010973210459  0.019717501381  0.003229628929  0.012209606403  0.013122938234  0.008377710669  0.015926500336  0.022229812872  0.000000000000  0.022555019021  0.019790677051  0.020407173338  0.027343393569  0.013026100286  0.014689448176  0.017224173567  0.015926500336  
piranga_rubriceps_lsu34818 0.020150133031  0.021381983376  0.016224680662  0.005350586484  0.012263064531  0.023601883578  0.013192189968  0.026305089868  0.020088893667  0.018761463916  0.014964238571  0.010319566851  0.016943727979  0.009182429970  0.020099500141  0.009796460245  0.017488041729  0.016109386833  0.008418361540  0.017495818126  0.008557100110  0.022555019021  0.000000000000  0.020088893667  0.008863103546  0.006570368853  0.013089434259  0.020038568259  0.017553829482  0.017495818126  
piranga_roseogularis_ku2141 0.021227926359  0.018621701022  0.011060649451  0.013698203605  0.021055287664  0.027436231218  0.010577849415  0.025279672315  0.019887127093  0.013547163134  0.009824393959  0.004109034464  0.018083156831  0.011101581337  0.021159307759  0.013173281476  0.017310786721  0.011901745897  0.010614725613  0.014806997811  0.017279850754  0.019790677051  0.020088893667  0.000000000000  0.015317348863  0.020400629303  0.013163280770  0.012299715294  0.018630724275  0.014806997811  
piranga_erythrocephala_fmnh343371 0.019269406964  0.019203223712  0.011404050800  0.006958733774  0.008719575678  0.021520383384  0.009544702206  0.022085719836  0.016596090457  0.013967789934  0.010130648788  0.012410516029  0.015387894720  0.011020018302  0.017898188028  0.011441566920  0.015258912367  0.011849138655  0.010541470312  0.012689074957  0.006222600076  0.020407173338  0.008863103546  0.015317348863  0.000000000000  0.004369367760  0.011184360779  0.015258912367  0.016606388880  0.012689074957  
piranga_erythrocephala_fmnh343370 0.020477029168  0.029695737119  0.015808777443  0.006570368853  0.013193115541  0.033665111825  0.018088272372  0.033628709921  0.015808777443  0.018113611846  0.015808777443  0.016572991672  0.013515908329  0.013515908329  0.018113611846  0.009963764395  0.018088272372  0.020430537073  0.007945049735  0.018113611846  0.013202499593  0.027343393569  0.006570368853  0.020400629303  0.004369367760  0.000000000000  0.012120808261  0.018113611846  0.015844564371  0.015808777443  
piranga_ludoviciana_sdsu2650 0.014945318522  0.015001373175  0.005540676364  0.009336755342  0.011177641494  0.024657888855  0.005542913320  0.022759083102  0.014952159320  0.003688976150  0.005540676364  0.010189089380  0.009267530603  0.006674834818  0.009302014180  0.015274696008  0.011136148160  0.003688976150  0.006257174564  0.003688976150  0.011198504334  0.013026100286  0.013089434259  0.013163280770  0.011184360779  0.012120808261  0.000000000000  0.003688976150  0.007441474292  0.005540676364  
piranga_bidentata_tepe59 0.016023274998  0.014743595858  0.008517972890  0.015078369950  0.020977332404  0.027402049928  0.006529670397  0.023841233998  0.015973772778  0.003638131423  0.007295089550  0.010319566851  0.008916642598  0.003644761521  0.017225581164  0.011404284136  0.012223724012  0.003905035424  0.002079576916  0.007299837738  0.017237295578  0.014689448176  0.020038568259  0.012299715294  0.015258912367  0.018113611846  0.003688976150  0.000000000000  0.014736756252  0.009759857489  
piranga_rubra_sdsu2635 0.012299715294  0.017245392221  0.013497292061  0.016531074141  0.022312492536  0.028779638124  0.007879497247  0.028277519118  0.013491775496  0.011012292871  0.012260638921  0.008255473448  0.011508177246  0.005500044114  0.007317643985  0.009773097806  0.012250294242  0.009188879203  0.002092632310  0.009779343714  0.018552597627  0.017224173567  0.017553829482  0.018630724275  0.016606388880  0.015844564371  0.007441474292  0.014736756252  0.000000000000  0.012254495198  
piranga_bidentata_itm141 0.016035369522  0.015985256295  0.006071476867  0.013679464137  0.018470120595  0.027416634565  0.006531489496  0.025291324018  0.015964238752  0.006074947063  0.004847562120  0.006169835366  0.008907989176  0.003641223211  0.014734268604  0.009757204189  0.012215704907  0.006533166234  0.004168991760  0.002419158398  0.014743595858  0.015926500336  0.017495818126  0.014806997811  0.012689074957  0.015808777443  0.005540676364  0.009759857489  0.012254495198  0.000000000000  

