30
cardinalis_cardinalis_ku21828 0.000000000000  0.001000700235  0.006535449693  0.006535449693  0.010082894322  0.009570969464  0.005526471893  0.013147867180  0.013147867180  0.011095141285  0.017227874455  0.014662792448  0.010076768199  0.020316124951  0.011601846542  0.011601846542  0.013642116685  0.011601846542  0.012622899560  0.011601846542  0.008055891956  0.009065557614  0.006535449693  0.006029700812  0.007037310965  0.005526471893  0.008052926563  0.008052926563  0.008052926563  0.008050366172  
cardinalis_cardinalis_ku25393 0.001000700235  0.000000000000  0.005526471893  0.005526471893  0.009068673199  0.008557694300  0.004518918223  0.012128835251  0.012128835251  0.010079627782  0.016203297437  0.013642116685  0.009062848007  0.019286948883  0.010585685469  0.010585685469  0.012622899560  0.010585685469  0.011605136786  0.010585685469  0.007044546391  0.008052926563  0.005526471893  0.005021508955  0.006027840019  0.004518918223  0.007041730430  0.007041730430  0.007041730430  0.007039318499  
piranga_erythrocephala_fmnh343371 0.006535449693  0.005526471893  0.000000000000  0.004013169251  0.007545855773  0.007037310965  0.003007961178  0.010596322770  0.010596322770  0.008555262278  0.014662792448  0.012108940525  0.007541693498  0.017738245309  0.009060544745  0.009060544745  0.011092130961  0.009060544745  0.010076768199  0.009060544745  0.005526471893  0.006533313620  0.004013169251  0.003509790272  0.004514595753  0.003007961178  0.005524482672  0.005524482672  0.005524482672  0.005522896581  
piranga_rubriceps_lsu265 0.006535449693  0.005526471893  0.004013169251  0.000000000000  0.005522896581  0.005017573431  0.001000700235  0.010596322770  0.010596322770  0.008555262278  0.014662792448  0.012108940525  0.007541693498  0.017738245309  0.009060544745  0.009060544745  0.011092130961  0.009060544745  0.010076768199  0.009060544745  0.005526471893  0.006533313620  0.004013169251  0.003509790272  0.004514595753  0.003007961178  0.005524482672  0.005524482672  0.005524482672  0.005522896581  
piranga_leucoptera_fmnh481795 0.010082894322  0.009068673199  0.007545855773  0.005522896581  0.000000000000  0.002505360800  0.004515634164  0.014168358361  0.014168358361  0.012112102359  0.018253926475  0.015684931157  0.011092130961  0.021346790051  0.012619456925  0.012619456925  0.014662792448  0.012619456925  0.013642116685  0.012619456925  0.009068673199  0.010079627782  0.007545855773  0.007039318499  0.008048211150  0.006535449693  0.009065557614  0.009065557614  0.009065557614  0.009062848007  
piranga_leucoptera_lsu7783 0.009570969464  0.008557694300  0.007037310965  0.005017573431  0.002505360800  0.000000000000  0.004011236151  0.013650538597  0.013650538597  0.011598964914  0.017733614734  0.015168092642  0.010580631481  0.020822828397  0.012106187988  0.012106187988  0.014146917085  0.012106187988  0.013127201143  0.012106187988  0.008557694300  0.009568388335  0.007037310965  0.006531581645  0.007540220333  0.006027840019  0.008555262278  0.008555262278  0.008555262278  0.008553236299  
piranga_rubriceps_lsu34818 0.005526471893  0.004518918223  0.003007961178  0.001000700235  0.004515634164  0.004011236151  0.000000000000  0.009581151279  0.009581151279  0.007543572101  0.013642116685  0.011092130961  0.006531581645  0.016713010381  0.008048211150  0.008048211150  0.010076768199  0.008048211150  0.009062848007  0.008048211150  0.004518918223  0.005524482672  0.003007961178  0.002505360800  0.003508895310  0.002004165843  0.004517075111  0.004517075111  0.004517075111  0.004515634164  
piranga_roseogularis_ku2049 0.013147867180  0.012128835251  0.010596322770  0.010596322770  0.014168358361  0.013650538597  0.009581151279  0.000000000000  0.000000000000  0.015185046687  0.021359667377  0.018775778676  0.014158550978  0.024469193170  0.015693976428  0.015693976428  0.017748747657  0.015693976428  0.016723195047  0.015693976428  0.012128835251  0.013142915621  0.010596322770  0.010086567448  0.011098559548  0.009581151279  0.012124039932  0.012124039932  0.012124039932  0.012119652432  
piranga_roseogularis_ku2141 0.013147867180  0.012128835251  0.010596322770  0.010596322770  0.014168358361  0.013650538597  0.009581151279  0.000000000000  0.000000000000  0.015185046687  0.021359667377  0.018775778676  0.014158550978  0.024469193170  0.015693976428  0.015693976428  0.017748747657  0.015693976428  0.016723195047  0.015693976428  0.012128835251  0.013142915621  0.010596322770  0.010086567448  0.011098559548  0.009581151279  0.012124039932  0.012124039932  0.012124039932  0.012119652432  
piranga_bidentata_tepe59 0.011095141285  0.010079627782  0.008555262278  0.008555262278  0.012112102359  0.011598964914  0.007543572101  0.015185046687  0.015185046687  0.000000000000  0.006027840019  0.003508895310  0.005018482195  0.014662792448  0.006531581645  0.006531581645  0.008555262278  0.006531581645  0.007543572101  0.006531581645  0.010079627782  0.011092130961  0.008555262278  0.008048211150  0.009058648202  0.007543572101  0.010076768199  0.010076768199  0.010076768199  0.010074315941  
piranga_bidentata_hgoslp104 0.017227874455  0.016203297437  0.014662792448  0.014662792448  0.018253926475  0.017733614734  0.013642116685  0.021359667377  0.021359667377  0.006027840019  0.000000000000  0.009568388335  0.011092130961  0.020828352715  0.012619456925  0.012619456925  0.014662792448  0.012619456925  0.013642116685  0.012619456925  0.016203297437  0.017223115923  0.014662792448  0.014150384264  0.015168092642  0.013642116685  0.016198696339  0.016198696339  0.016198696339  0.016194507776  
piranga_olivacea_ku4672 0.014662792448  0.013642116685  0.012108940525  0.012108940525  0.015684931157  0.015168092642  0.011092130961  0.018775778676  0.018775778676  0.003508895310  0.009568388335  0.000000000000  0.008553236299  0.018249009705  0.010074315941  0.010074315941  0.011598964914  0.010074315941  0.011092130961  0.010074315941  0.013642116685  0.014659042695  0.012108940525  0.011598964914  0.012613800845  0.011092130961  0.013638520882  0.013638520882  0.013638520882  0.013635335677  
piranga_bidentata_itm160 0.010076768199  0.009062848007  0.007541693498  0.007541693498  0.011092130961  0.010580631481  0.006531581645  0.014158550978  0.014158550978  0.005018482195  0.011092130961  0.008553236299  0.000000000000  0.010079627782  0.001501731419  0.001501731419  0.003509790272  0.001501731419  0.002505360800  0.001501731419  0.009062848007  0.010074315941  0.007541693498  0.007035708199  0.008045118702  0.006531581645  0.009060544745  0.009060544745  0.009060544745  0.009058648202  
piranga_olivacea_ku2699 0.020316124951  0.019286948883  0.017738245309  0.017738245309  0.021346790051  0.020822828397  0.016713010381  0.024469193170  0.024469193170  0.014662792448  0.020828352715  0.018249009705  0.010079627782  0.000000000000  0.008557694300  0.008557694300  0.010588824097  0.008557694300  0.009573957243  0.008557694300  0.019286948883  0.020310473071  0.017738245309  0.017223115923  0.018244507483  0.016713010381  0.019281457880  0.019281457880  0.019281457880  0.019276382062  
piranga_erythrocephala_fmnh343370 0.011601846542  0.010585685469  0.009060544745  0.009060544745  0.012619456925  0.012106187988  0.008048211150  0.015693976428  0.015693976428  0.006531581645  0.012619456925  0.010074315941  0.001501731419  0.008557694300  0.000000000000  0.000000000000  0.002003284577  0.000000000000  0.001001040016  0.000000000000  0.010585685469  0.011598964914  0.009060544745  0.008553236299  0.009564447515  0.008048211150  0.010582954473  0.010582954473  0.010582954473  0.010580631481  
piranga_ludoviciana_sdsu2650 0.011601846542  0.010585685469  0.009060544745  0.009060544745  0.012619456925  0.012106187988  0.008048211150  0.015693976428  0.015693976428  0.006531581645  0.012619456925  0.010074315941  0.001501731419  0.008557694300  0.000000000000  0.000000000000  0.002003284577  0.000000000000  0.001001040016  0.000000000000  0.010585685469  0.011598964914  0.009060544745  0.008553236299  0.009564447515  0.008048211150  0.010582954473  0.010582954473  0.010582954473  0.010580631481  
piranga_ludoviciana_sdsu2385 0.013642116685  0.012622899560  0.011092130961  0.011092130961  0.014662792448  0.014146917085  0.010076768199  0.017748747657  0.017748747657  0.008555262278  0.014662792448  0.011598964914  0.003509790272  0.010588824097  0.002003284577  0.002003284577  0.000000000000  0.002003284577  0.003007961178  0.002003284577  0.012622899560  0.013638520882  0.011092130961  0.010582954473  0.011596492275  0.010076768199  0.012619456925  0.012619456925  0.012619456925  0.012616423895  
piranga_ludoviciana_sdsu2648 0.011601846542  0.010585685469  0.009060544745  0.009060544745  0.012619456925  0.012106187988  0.008048211150  0.015693976428  0.015693976428  0.006531581645  0.012619456925  0.010074315941  0.001501731419  0.008557694300  0.000000000000  0.000000000000  0.002003284577  0.000000000000  0.001001040016  0.000000000000  0.010585685469  0.011598964914  0.009060544745  0.008553236299  0.009564447515  0.008048211150  0.010582954473  0.010582954473  0.010582954473  0.010580631481  
piranga_bidentata_itm141 0.012622899560  0.011605136786  0.010076768199  0.010076768199  0.013642116685  0.013127201143  0.009062848007  0.016723195047  0.016723195047  0.007543572101  0.013642116685  0.011092130961  0.002505360800  0.009573957243  0.001001040016  0.001001040016  0.003007961178  0.001001040016  0.000000000000  0.001001040016  0.011605136786  0.012619456925  0.010076768199  0.009568388335  0.010580631481  0.009062848007  0.011601846542  0.011601846542  0.011601846542  0.011598964914  
piranga_ludoviciana_sdsu2208 0.011601846542  0.010585685469  0.009060544745  0.009060544745  0.012619456925  0.012106187988  0.008048211150  0.015693976428  0.015693976428  0.006531581645  0.012619456925  0.010074315941  0.001501731419  0.008557694300  0.000000000000  0.000000000000  0.002003284577  0.000000000000  0.001001040016  0.000000000000  0.010585685469  0.011598964914  0.009060544745  0.008553236299  0.009564447515  0.008048211150  0.010582954473  0.010582954473  0.010582954473  0.010580631481  
piranga_lutea_ku89864 0.008055891956  0.007044546391  0.005526471893  0.005526471893  0.009068673199  0.008557694300  0.004518918223  0.012128835251  0.012128835251  0.010079627782  0.016203297437  0.013642116685  0.009062848007  0.019286948883  0.010585685469  0.010585685469  0.012622899560  0.010585685469  0.011605136786  0.010585685469  0.000000000000  0.005021508955  0.002506513656  0.002004165843  0.006027840019  0.004518918223  0.007041730430  0.007041730430  0.007041730430  0.007039318499  
piranga_hepatica_ku4970 0.009065557614  0.008052926563  0.006533313620  0.006533313620  0.010079627782  0.009568388335  0.005524482672  0.013142915621  0.013142915621  0.011092130961  0.017223115923  0.014659042695  0.010074315941  0.020310473071  0.011598964914  0.011598964914  0.013638520882  0.011598964914  0.012619456925  0.011598964914  0.005021508955  0.000000000000  0.003509790272  0.003006937074  0.007035708199  0.005524482672  0.008050366172  0.008050366172  0.008050366172  0.008048211150  
piranga_flava_ku90809 0.006535449693  0.005526471893  0.004013169251  0.004013169251  0.007545855773  0.007037310965  0.003007961178  0.010596322770  0.010596322770  0.008555262278  0.014662792448  0.012108940525  0.007541693498  0.017738245309  0.009060544745  0.009060544745  0.011092130961  0.009060544745  0.010076768199  0.009060544745  0.002506513656  0.003509790272  0.000000000000  0.000500259824  0.004514595753  0.003007961178  0.005524482672  0.005524482672  0.005524482672  0.005522896581  
piranga_lutea_lsu5400 0.006029700812  0.005021508955  0.003509790272  0.003509790272  0.007039318499  0.006531581645  0.002505360800  0.010086567448  0.010086567448  0.008048211150  0.014150384264  0.011598964914  0.007035708199  0.017223115923  0.008553236299  0.008553236299  0.010582954473  0.008553236299  0.009568388335  0.008553236299  0.002004165843  0.003006937074  0.000500259824  0.000000000000  0.004011236151  0.002505360800  0.005019794159  0.005019794159  0.005019794159  0.005018482195  
piranga_rubra_sdsu2635 0.007037310965  0.006027840019  0.004514595753  0.004514595753  0.008048211150  0.007540220333  0.003508895310  0.011098559548  0.011098559548  0.009058648202  0.015168092642  0.012613800845  0.008045118702  0.018244507483  0.009564447515  0.009564447515  0.011596492275  0.009564447515  0.010580631481  0.009564447515  0.006027840019  0.007035708199  0.004514595753  0.004011236151  0.000000000000  0.001501711395  0.004010873330  0.004010873330  0.004010873330  0.004010913490  
piranga_rubra_ku7046 0.005526471893  0.004518918223  0.003007961178  0.003007961178  0.006535449693  0.006027840019  0.002004165843  0.009581151279  0.009581151279  0.007543572101  0.013642116685  0.011092130961  0.006531581645  0.016713010381  0.008048211150  0.008048211150  0.010076768199  0.008048211150  0.009062848007  0.008048211150  0.004518918223  0.005524482672  0.003007961178  0.002505360800  0.001501711395  0.000000000000  0.002504608559  0.002504608559  0.002504608559  0.002504257303  
piranga_flava_lsu15408 0.008052926563  0.007041730430  0.005524482672  0.005524482672  0.009065557614  0.008555262278  0.004517075111  0.012124039932  0.012124039932  0.010076768199  0.016198696339  0.013638520882  0.009060544745  0.019281457880  0.010582954473  0.010582954473  0.012619456925  0.010582954473  0.011601846542  0.010582954473  0.007041730430  0.008050366172  0.005524482672  0.005019794159  0.004010873330  0.002504608559  0.000000000000  0.000000000000  0.000000000000  0.005017573431  
piranga_hepatica_ku9084 0.008052926563  0.007041730430  0.005524482672  0.005524482672  0.009065557614  0.008555262278  0.004517075111  0.012124039932  0.012124039932  0.010076768199  0.016198696339  0.013638520882  0.009060544745  0.019281457880  0.010582954473  0.010582954473  0.012619456925  0.010582954473  0.011601846542  0.010582954473  0.007041730430  0.008050366172  0.005524482672  0.005019794159  0.004010873330  0.002504608559  0.000000000000  0.000000000000  0.000000000000  0.005017573431  
piranga_rubra_sdsu2654 0.008052926563  0.007041730430  0.005524482672  0.005524482672  0.009065557614  0.008555262278  0.004517075111  0.012124039932  0.012124039932  0.010076768199  0.016198696339  0.013638520882  0.009060544745  0.019281457880  0.010582954473  0.010582954473  0.012619456925  0.010582954473  0.011601846542  0.010582954473  0.007041730430  0.008050366172  0.005524482672  0.005019794159  0.004010873330  0.002504608559  0.000000000000  0.000000000000  0.000000000000  0.005017573431  
piranga_rubra_ku26592 0.008050366172  0.007039318499  0.005522896581  0.005522896581  0.009062848007  0.008553236299  0.004515634164  0.012119652432  0.012119652432  0.010074315941  0.016194507776  0.013635335677  0.009058648202  0.019276382062  0.010580631481  0.010580631481  0.012616423895  0.010580631481  0.011598964914  0.010580631481  0.007039318499  0.008048211150  0.005522896581  0.005018482195  0.004010913490  0.002504257303  0.005017573431  0.005017573431  0.005017573431  0.000000000000  

