30
cardinalis_cardinalis_ku21828 0.000000000000  0.000000000000  0.014132974540  0.014132974540  0.017196561803  0.017708657481  0.015152888004  0.015152888004  0.015155894461  0.012098252816  0.012098252816  0.012098252816  0.012098252816  0.015155894461  0.018748123403  0.018748123403  0.018748123403  0.014135575144  0.012607211262  0.012607211262  0.024414554539  0.014642970906  0.012606348661  0.012606348661  0.012098252816  0.012098252816  0.012098252816  0.012607211262  0.012098252816  0.016692230833  
cardinalis_cardinalis_ku25393 0.000000000000  0.000000000000  0.014132974540  0.014132974540  0.017196561803  0.017708657481  0.015152888004  0.015152888004  0.015155894461  0.012098252816  0.012098252816  0.012098252816  0.012098252816  0.015155894461  0.018748123403  0.018748123403  0.018748123403  0.014135575144  0.012607211262  0.012607211262  0.024414554539  0.014642970906  0.012606348661  0.012606348661  0.012098252816  0.012098252816  0.012098252816  0.012607211262  0.012098252816  0.016692230833  
piranga_erythrocephala_fmnh343370 0.014132974540  0.014132974540  0.000000000000  0.000000000000  0.006024231083  0.006528539503  0.004010772260  0.004010772260  0.008044554201  0.005016899962  0.005016899962  0.005016899962  0.005016899962  0.008044554201  0.012110102227  0.012110102227  0.012110102227  0.007034079306  0.005520700411  0.005520700411  0.017211535619  0.007537912181  0.005520374276  0.005520374276  0.005016899962  0.005016899962  0.005016899962  0.005520700411  0.005016899962  0.009565225195  
piranga_erythrocephala_fmnh343371 0.014132974540  0.014132974540  0.000000000000  0.000000000000  0.006024231083  0.006528539503  0.004010772260  0.004010772260  0.008044554201  0.005016899962  0.005016899962  0.005016899962  0.005016899962  0.008044554201  0.012110102227  0.012110102227  0.012110102227  0.007034079306  0.005520700411  0.005520700411  0.017211535619  0.007537912181  0.005520374276  0.005520374276  0.005016899962  0.005016899962  0.005016899962  0.005520700411  0.005016899962  0.009565225195  
piranga_leucoptera_fmnh481795 0.017196561803  0.017196561803  0.006024231083  0.006024231083  0.000000000000  0.004513611639  0.002002703675  0.002002703675  0.011083226323  0.008043244843  0.008043244843  0.008043244843  0.008043244843  0.011083226323  0.015165450164  0.015165450164  0.015165450164  0.010068632655  0.008549093802  0.008549093802  0.020287879277  0.010574509157  0.008548763303  0.008548763303  0.008043244843  0.008043244843  0.008043244843  0.008549093802  0.008043244843  0.012610118622  
piranga_leucoptera_lsu7783 0.017708657481  0.017708657481  0.006528539503  0.006528539503  0.004513611639  0.000000000000  0.002504215437  0.002504215437  0.011591667392  0.008549093802  0.008549093802  0.008549093802  0.008549093802  0.011591667392  0.015678102916  0.015678102916  0.015678102916  0.010576294359  0.009055460115  0.009055460115  0.020804258556  0.011081902834  0.009054868189  0.009054868189  0.008549093802  0.008549093802  0.008549093802  0.009055460115  0.008549093802  0.013120130937  
piranga_rubriceps_lsu265 0.015152888004  0.015152888004  0.004010772260  0.004010772260  0.002002703675  0.002504215437  0.000000000000  0.000000000000  0.009056442758  0.006024428583  0.006024428583  0.006024428583  0.006024428583  0.009056442758  0.013128238815  0.013128238815  0.013128238815  0.008044554201  0.006528996577  0.006528996577  0.018236755783  0.008548763303  0.006528539503  0.006528539503  0.006024428583  0.006024428583  0.006024428583  0.006528996577  0.006024428583  0.010579444742  
piranga_rubriceps_lsu34818 0.015152888004  0.015152888004  0.004010772260  0.004010772260  0.002002703675  0.002504215437  0.000000000000  0.000000000000  0.009056442758  0.006024428583  0.006024428583  0.006024428583  0.006024428583  0.009056442758  0.013128238815  0.013128238815  0.013128238815  0.008044554201  0.006528996577  0.006528996577  0.018236755783  0.008548763303  0.006528539503  0.006528539503  0.006024428583  0.006024428583  0.006024428583  0.006528996577  0.006024428583  0.010579444742  
piranga_lutea_lsu5400 0.015155894461  0.015155894461  0.008044554201  0.008044554201  0.011083226323  0.011591667392  0.009056442758  0.009056442758  0.000000000000  0.003006814768  0.003006814768  0.003006814768  0.003006814768  0.006027347234  0.010084650398  0.010084650398  0.010084650398  0.005019422670  0.003509602338  0.003509602338  0.015172598326  0.005520700411  0.003508765539  0.003508765539  0.003006814768  0.003006814768  0.003006814768  0.003509602338  0.003006814768  0.007544942241  
piranga_hepatica_ku4970 0.012098252816  0.012098252816  0.005016899962  0.005016899962  0.008043244843  0.008549093802  0.006024428583  0.006024428583  0.003006814768  0.000000000000  0.000000000000  0.000000000000  0.000000000000  0.003006814768  0.007043484808  0.007043484808  0.007043484808  0.002003217855  0.000500252641  0.000500252641  0.012110102227  0.002504278171  0.000500188611  0.000500188611  0.000000000000  0.000000000000  0.000000000000  0.000500252641  0.000000000000  0.004516711841  
piranga_rubra_sdsu2635 0.012098252816  0.012098252816  0.005016899962  0.005016899962  0.008043244843  0.008549093802  0.006024428583  0.006024428583  0.003006814768  0.000000000000  0.000000000000  0.000000000000  0.000000000000  0.003006814768  0.007043484808  0.007043484808  0.007043484808  0.002003217855  0.000500252641  0.000500252641  0.012110102227  0.002504278171  0.000500188611  0.000500188611  0.000000000000  0.000000000000  0.000000000000  0.000500252641  0.000000000000  0.004516711841  
piranga_rubra_ku7046 0.012098252816  0.012098252816  0.005016899962  0.005016899962  0.008043244843  0.008549093802  0.006024428583  0.006024428583  0.003006814768  0.000000000000  0.000000000000  0.000000000000  0.000000000000  0.003006814768  0.007043484808  0.007043484808  0.007043484808  0.002003217855  0.000500252641  0.000500252641  0.012110102227  0.002504278171  0.000500188611  0.000500188611  0.000000000000  0.000000000000  0.000000000000  0.000500252641  0.000000000000  0.004516711841  
piranga_hepatica_ku9084 0.012098252816  0.012098252816  0.005016899962  0.005016899962  0.008043244843  0.008549093802  0.006024428583  0.006024428583  0.003006814768  0.000000000000  0.000000000000  0.000000000000  0.000000000000  0.003006814768  0.007043484808  0.007043484808  0.007043484808  0.002003217855  0.000500252641  0.000500252641  0.012110102227  0.002504278171  0.000500188611  0.000500188611  0.000000000000  0.000000000000  0.000000000000  0.000500252641  0.000000000000  0.004516711841  
piranga_lutea_ku89864 0.015155894461  0.015155894461  0.008044554201  0.008044554201  0.011083226323  0.011591667392  0.009056442758  0.009056442758  0.006027347234  0.003006814768  0.003006814768  0.003006814768  0.003006814768  0.000000000000  0.010084650398  0.010084650398  0.010084650398  0.005019422670  0.003509602338  0.003509602338  0.013636213710  0.005520700411  0.003508765539  0.003508765539  0.003006814768  0.003006814768  0.003006814768  0.003509602338  0.003006814768  0.007544942241  
piranga_ludoviciana_sdsu2385 0.018748123403  0.018748123403  0.012110102227  0.012110102227  0.015165450164  0.015678102916  0.013128238815  0.013128238815  0.010084650398  0.007043484808  0.007043484808  0.007043484808  0.007043484808  0.010084650398  0.000000000000  0.000000000000  0.000000000000  0.009070522169  0.007550390540  0.007550390540  0.019293086154  0.009569666424  0.007547472774  0.007547472774  0.007043484808  0.007043484808  0.007043484808  0.007550390540  0.007043484808  0.011614752228  
piranga_ludoviciana_sdsu2650 0.018748123403  0.018748123403  0.012110102227  0.012110102227  0.015165450164  0.015678102916  0.013128238815  0.013128238815  0.010084650398  0.007043484808  0.007043484808  0.007043484808  0.007043484808  0.010084650398  0.000000000000  0.000000000000  0.000000000000  0.009070522169  0.007550390540  0.007550390540  0.019293086154  0.009569666424  0.007547472774  0.007547472774  0.007043484808  0.007043484808  0.007043484808  0.007550390540  0.007043484808  0.011614752228  
piranga_ludoviciana_sdsu2648 0.018748123403  0.018748123403  0.012110102227  0.012110102227  0.015165450164  0.015678102916  0.013128238815  0.013128238815  0.010084650398  0.007043484808  0.007043484808  0.007043484808  0.007043484808  0.010084650398  0.000000000000  0.000000000000  0.000000000000  0.009070522169  0.007550390540  0.007550390540  0.019293086154  0.009569666424  0.007547472774  0.007547472774  0.007043484808  0.007043484808  0.007043484808  0.007550390540  0.007043484808  0.011614752228  
piranga_ludoviciana_sdsu2208 0.014135575144  0.014135575144  0.007034079306  0.007034079306  0.010068632655  0.010576294359  0.008044554201  0.008044554201  0.005019422670  0.002003217855  0.002003217855  0.002003217855  0.002003217855  0.005019422670  0.009070522169  0.009070522169  0.009070522169  0.000000000000  0.002505243283  0.002505243283  0.014151441743  0.004513807496  0.002504537268  0.002504537268  0.002003217855  0.002003217855  0.002003217855  0.002505243283  0.002003217855  0.006534703196  
piranga_flava_lsu15408 0.012607211262  0.012607211262  0.005520700411  0.005520700411  0.008549093802  0.009055460115  0.006528996577  0.006528996577  0.003509602338  0.000500252641  0.000500252641  0.000500252641  0.000500252641  0.003509602338  0.007550390540  0.007550390540  0.007550390540  0.002505243283  0.000000000000  0.001001011246  0.012620651107  0.003006041489  0.001000691546  0.001000691546  0.000500252641  0.000500252641  0.000500252641  0.001001011246  0.000500252641  0.005021035856  
piranga_bidentata_itm160 0.012607211262  0.012607211262  0.005520700411  0.005520700411  0.008549093802  0.009055460115  0.006528996577  0.006528996577  0.003509602338  0.000500252641  0.000500252641  0.000500252641  0.000500252641  0.003509602338  0.007550390540  0.007550390540  0.007550390540  0.002505243283  0.001001011246  0.000000000000  0.012620651107  0.003006041489  0.001000691546  0.001000691546  0.000500252641  0.000500252641  0.000500252641  0.001001011246  0.000500252641  0.005021035856  
piranga_bidentata_tepe59 0.024414554539  0.024414554539  0.017211535619  0.017211535619  0.020287879277  0.020804258556  0.018236755783  0.018236755783  0.015172598326  0.012110102227  0.012110102227  0.012110102227  0.012110102227  0.013636213710  0.019293086154  0.019293086154  0.019293086154  0.014151441743  0.012620651107  0.012620651107  0.000000000000  0.014653327685  0.012617429229  0.012617429229  0.012110102227  0.012110102227  0.012110102227  0.012620651107  0.012110102227  0.016713765407  
piranga_roseogularis_ku2141 0.014642970906  0.014642970906  0.007537912181  0.007537912181  0.010574509157  0.011081902834  0.008548763303  0.008548763303  0.005520700411  0.002504278171  0.002504278171  0.002504278171  0.002504278171  0.005520700411  0.009569666424  0.009569666424  0.009569666424  0.004513807496  0.003006041489  0.003006041489  0.014653327685  0.000000000000  0.003006232471  0.003006232471  0.002504278171  0.002504278171  0.002504278171  0.003006041489  0.002504278171  0.007035184966  
piranga_olivacea_ku2699 0.012606348661  0.012606348661  0.005520374276  0.005520374276  0.008548763303  0.009054868189  0.006528539503  0.006528539503  0.003508765539  0.000500188611  0.000500188611  0.000500188611  0.000500188611  0.003508765539  0.007547472774  0.007547472774  0.007547472774  0.002504537268  0.001000691546  0.001000691546  0.012617429229  0.003006232471  0.000000000000  0.000000000000  0.000500188611  0.000500188611  0.000500188611  0.001000691546  0.000500188611  0.005019422670  
piranga_roseogularis_ku2049 0.012606348661  0.012606348661  0.005520374276  0.005520374276  0.008548763303  0.009054868189  0.006528539503  0.006528539503  0.003508765539  0.000500188611  0.000500188611  0.000500188611  0.000500188611  0.003508765539  0.007547472774  0.007547472774  0.007547472774  0.002504537268  0.001000691546  0.001000691546  0.012617429229  0.003006232471  0.000000000000  0.000000000000  0.000500188611  0.000500188611  0.000500188611  0.001000691546  0.000500188611  0.005019422670  
piranga_flava_ku90809 0.012098252816  0.012098252816  0.005016899962  0.005016899962  0.008043244843  0.008549093802  0.006024428583  0.006024428583  0.003006814768  0.000000000000  0.000000000000  0.000000000000  0.000000000000  0.003006814768  0.007043484808  0.007043484808  0.007043484808  0.002003217855  0.000500252641  0.000500252641  0.012110102227  0.002504278171  0.000500188611  0.000500188611  0.000000000000  0.000000000000  0.000000000000  0.000500252641  0.000000000000  0.004516711841  
piranga_bidentata_itm141 0.012098252816  0.012098252816  0.005016899962  0.005016899962  0.008043244843  0.008549093802  0.006024428583  0.006024428583  0.003006814768  0.000000000000  0.000000000000  0.000000000000  0.000000000000  0.003006814768  0.007043484808  0.007043484808  0.007043484808  0.002003217855  0.000500252641  0.000500252641  0.012110102227  0.002504278171  0.000500188611  0.000500188611  0.000000000000  0.000000000000  0.000000000000  0.000500252641  0.000000000000  0.004516711841  
piranga_bidentata_hgoslp104 0.012098252816  0.012098252816  0.005016899962  0.005016899962  0.008043244843  0.008549093802  0.006024428583  0.006024428583  0.003006814768  0.000000000000  0.000000000000  0.000000000000  0.000000000000  0.003006814768  0.007043484808  0.007043484808  0.007043484808  0.002003217855  0.000500252641  0.000500252641  0.012110102227  0.002504278171  0.000500188611  0.000500188611  0.000000000000  0.000000000000  0.000000000000  0.000500252641  0.000000000000  0.004516711841  
piranga_rubra_sdsu2654 0.012607211262  0.012607211262  0.005520700411  0.005520700411  0.008549093802  0.009055460115  0.006528996577  0.006528996577  0.003509602338  0.000500252641  0.000500252641  0.000500252641  0.000500252641  0.003509602338  0.007550390540  0.007550390540  0.007550390540  0.002505243283  0.001001011246  0.001001011246  0.012620651107  0.003006041489  0.001000691546  0.001000691546  0.000500252641  0.000500252641  0.000500252641  0.000000000000  0.000500252641  0.005021035856  
piranga_olivacea_ku4672 0.012098252816  0.012098252816  0.005016899962  0.005016899962  0.008043244843  0.008549093802  0.006024428583  0.006024428583  0.003006814768  0.000000000000  0.000000000000  0.000000000000  0.000000000000  0.003006814768  0.007043484808  0.007043484808  0.007043484808  0.002003217855  0.000500252641  0.000500252641  0.012110102227  0.002504278171  0.000500188611  0.000500188611  0.000000000000  0.000000000000  0.000000000000  0.000500252641  0.000000000000  0.004516711841  
piranga_rubra_ku26592 0.016692230833  0.016692230833  0.009565225195  0.009565225195  0.012610118622  0.013120130937  0.010579444742  0.010579444742  0.007544942241  0.004516711841  0.004516711841  0.004516711841  0.004516711841  0.007544942241  0.011614752228  0.011614752228  0.011614752228  0.006534703196  0.005021035856  0.005021035856  0.016713765407  0.007035184966  0.005019422670  0.005019422670  0.004516711841  0.004516711841  0.004516711841  0.005021035856  0.004516711841  0.000000000000  

