30
piranga_rubra_ku26592 0.000000000000  0.004487349226  0.010792188338  0.019969306832  0.014458780964  0.023666949326  0.010953241324  0.030234018188  0.005374529063  0.009888653041  0.013547363507  0.012582286420  0.007170899829  0.007201530508  0.002679308927  0.004603020095  0.008071207790  0.006272008539  0.008228715108  0.008986542063  0.011126694606  0.008473919158  0.019969306832  0.009888653041  0.016298328784  0.013816090216  0.006529730396  0.009054110848  0.001784447330  0.009295633919  
piranga_flava_ku90809 0.004487349226  0.000000000000  0.006291122032  0.015419470324  0.009933303283  0.018173965382  0.006362073417  0.023729224472  0.004487349226  0.005390059402  0.008624154313  0.007707328630  0.002687297535  0.002390072474  0.001789941862  0.000000000000  0.003585168356  0.001790838652  0.002729278370  0.004490416233  0.006184451791  0.003633322415  0.015419470324  0.005390059402  0.011762549693  0.011484150960  0.004888469319  0.004507576443  0.002687297535  0.004627563310  
piranga_ludoviciana_sdsu2385 0.010792188338  0.006291122032  0.000000000000  0.019957937837  0.014450859960  0.023654701496  0.007268631490  0.031877964170  0.010792188338  0.004468425155  0.006112763482  0.010617998654  0.007167827366  0.004788622465  0.008071207790  0.006453523799  0.008068487129  0.004469324188  0.001362172063  0.005368063782  0.011126694606  0.008473919158  0.019957937837  0.009883381052  0.016288896251  0.014962673534  0.001623056345  0.003601124307  0.008976389951  0.005551848630  
piranga_rubriceps_lsu265 0.019969306832  0.015419470324  0.019957937837  0.000000000000  0.006271856005  0.022712440974  0.020257810645  0.023717141977  0.019969306832  0.019042697791  0.018558766143  0.018483300951  0.016274167752  0.013279051937  0.017195135906  0.013931720433  0.017186058667  0.015363724157  0.015185720897  0.018128913147  0.004909743961  0.014611349973  0.000000000000  0.017195135906  0.011713364167  0.008002970679  0.013137229788  0.018266926376  0.018117976708  0.017801830613  
piranga_leucoptera_lsu7783 0.014458780964  0.009933303283  0.014450859960  0.006271856005  0.000000000000  0.018108151441  0.014666743940  0.020533276504  0.014458780964  0.013541795527  0.012323483006  0.014553550965  0.010801903405  0.007216982337  0.011713364167  0.009255231868  0.011707687675  0.009897550947  0.008248897784  0.012634170743  0.000000000000  0.008492422697  0.006271856005  0.011713364167  0.007183778594  0.005709485476  0.008190343054  0.012729996106  0.012626659075  0.012124594748  
cardinalis_cardinalis_ku25393 0.023666949326  0.018173965382  0.023654701496  0.022712440974  0.018108151441  0.000000000000  0.023061657830  0.003108707996  0.023666949326  0.022734268849  0.026139175813  0.023443745164  0.019947672677  0.020640003589  0.020874638330  0.018648504403  0.019014202540  0.019032095830  0.022201108964  0.021815307233  0.016113034284  0.022043188019  0.022712440974  0.020874638330  0.020883659791  0.018471940705  0.019805951140  0.021046579306  0.021803501127  0.020651208603  
piranga_olivacea_ku2699 0.010953241324  0.006362073417  0.007268631490  0.020257810645  0.014666743940  0.023061657830  0.000000000000  0.027066618512  0.010953241324  0.006357454133  0.006228706118  0.011610322827  0.007272896096  0.004792798171  0.008190188279  0.006552652429  0.008185171981  0.004535219655  0.002729278370  0.005447727352  0.008802115977  0.006154004009  0.020257810645  0.010030353331  0.016533583060  0.016160073105  0.003253122128  0.005443854943  0.009109338178  0.005558765046  
cardinalis_cardinalis_ku21828 0.030234018188  0.023729224472  0.031877964170  0.023717141977  0.020533276504  0.003108707996  0.027066618512  0.000000000000  0.030234018188  0.028615192408  0.028615192408  0.031833500838  0.023729224472  0.026126855493  0.025337609306  0.023729224472  0.023729224472  0.025352043011  0.030138403894  0.030255607612  0.020533276504  0.026980685008  0.023717141977  0.026963883200  0.026963883200  0.029033898302  0.029457855700  0.028615192408  0.026963883200  0.030449615640  
piranga_rubra_ku7046 0.005374529063  0.004487349226  0.010792188338  0.019969306832  0.014458780964  0.023666949326  0.010953241324  0.030234018188  0.000000000000  0.009888653041  0.013547363507  0.012582286420  0.007170899829  0.007201530508  0.002679308927  0.004603020095  0.008071207790  0.006272008539  0.008228715108  0.008986542063  0.011126694606  0.008473919158  0.019969306832  0.009888653041  0.016298328784  0.016160073105  0.009830166393  0.009054110848  0.003575938408  0.009295633919  
piranga_bidentata_hgoslp104 0.009888653041  0.005390059402  0.004468425155  0.019042697791  0.013541795527  0.022734268849  0.006357454133  0.028615192408  0.009888653041  0.000000000000  0.003660379841  0.010624086752  0.006268586632  0.004792798171  0.007170899829  0.005529138748  0.007167827366  0.003573614393  0.000000000000  0.004471297691  0.008639161882  0.006042446609  0.019042697791  0.008980925836  0.015377622872  0.014973735524  0.000000000000  0.000898554978  0.008075010505  0.004624306031  
piranga_ludoviciana_sdsu2648 0.013547363507  0.008624154313  0.006112763482  0.018558766143  0.012323483006  0.026139175813  0.006228706118  0.028615192408  0.013547363507  0.003660379841  0.000000000000  0.009471092385  0.008581861127  0.008045952629  0.009814840318  0.008581861127  0.007351536692  0.006114449583  0.000000000000  0.007346478569  0.011117424655  0.009820615562  0.018558766143  0.008577456357  0.018572296646  0.019611711112  0.004881332491  0.003701021392  0.011055607107  0.007502649002  
piranga_roseogularis_ku2049 0.012582286420  0.007707328630  0.010617998654  0.018483300951  0.014553550965  0.023443745164  0.011610322827  0.031833500838  0.012582286420  0.010624086752  0.009471092385  0.000000000000  0.008674299675  0.006036891864  0.009648146160  0.007952504688  0.009642908903  0.006736802083  0.006847070385  0.008679935016  0.009535989289  0.003982149412  0.018483300951  0.003836166998  0.016529002124  0.013816090216  0.006529730396  0.009648146160  0.010624086752  0.008850658203  
piranga_hepatica_ku4970 0.007170899829  0.002687297535  0.007167827366  0.016274167752  0.010801903405  0.019947672677  0.007272896096  0.023729224472  0.007170899829  0.006268586632  0.008581861127  0.008674299675  0.000000000000  0.000000000000  0.004469324188  0.002756433010  0.002677703134  0.002677703134  0.004100097103  0.005370760051  0.006154004009  0.003615805805  0.016274167752  0.006268586632  0.012626659075  0.012638230956  0.004888469319  0.005411639205  0.005368063782  0.005554733115  
piranga_hepatica_ku9084 0.007201530508  0.002390072474  0.004788622465  0.013279051937  0.007216982337  0.020640003589  0.004792798171  0.026126855493  0.007201530508  0.004792798171  0.008045952629  0.006036891864  0.000000000000  0.000000000000  0.003586962039  0.002390072474  0.003586962039  0.001193462919  0.004100097103  0.003589845301  0.006743288708  0.002632290660  0.013279051937  0.004788622465  0.012080753333  0.011380419175  0.004888469319  0.003589845301  0.004788622465  0.003589845301  
piranga_rubra_sdsu2654 0.002679308927  0.001789941862  0.008071207790  0.017195135906  0.011713364167  0.020874638330  0.008190188279  0.025337609306  0.002679308927  0.007170899829  0.009814840318  0.009648146160  0.004469324188  0.003586962039  0.000000000000  0.001835949294  0.005366443144  0.003573614393  0.004096335520  0.006272008539  0.007387744942  0.004823267952  0.017195135906  0.007170899829  0.013541795527  0.012648622874  0.004888469319  0.006319520165  0.000891346660  0.006487071552  
piranga_flava_lsu15408 0.004603020095  0.000000000000  0.006453523799  0.013931720433  0.009255231868  0.018648504403  0.006552652429  0.023729224472  0.004603020095  0.005529138748  0.008581861127  0.007952504688  0.002756433010  0.002390072474  0.001835949294  0.000000000000  0.003677458813  0.001836892815  0.002729278370  0.004606247424  0.006154004009  0.003615805805  0.013931720433  0.005529138748  0.012068313412  0.011484150960  0.004888469319  0.004641477052  0.002756433010  0.004679535396  
piranga_lutea_lsu5400 0.008071207790  0.003585168356  0.008068487129  0.017186058667  0.011707687675  0.019014202540  0.008185171981  0.023729224472  0.008071207790  0.007167827366  0.007351536692  0.009642908903  0.002677703134  0.003586962039  0.005366443144  0.003677458813  0.000000000000  0.003572360801  0.004100097103  0.006268586632  0.007387744942  0.004823267952  0.017186058667  0.007167827366  0.013534625713  0.013794640037  0.006521977314  0.006317136679  0.006266241523  0.006483410523  
piranga_olivacea_ku4672 0.006272008539  0.001790838652  0.004469324188  0.015363724157  0.009897550947  0.019032095830  0.004535219655  0.025352043011  0.006272008539  0.003573614393  0.006114449583  0.006736802083  0.002677703134  0.001193462919  0.003573614393  0.001836892815  0.003572360801  0.000000000000  0.002729278370  0.002679308927  0.006154004009  0.003615805805  0.015363724157  0.005370760051  0.011720129459  0.010322659142  0.003253122128  0.002699387658  0.004471297691  0.002770872145  
piranga_ludoviciana_sdsu2208 0.008228715108  0.002729278370  0.001362172063  0.015185720897  0.008248897784  0.022201108964  0.002729278370  0.030138403894  0.008228715108  0.000000000000  0.000000000000  0.006847070385  0.004100097103  0.004100097103  0.004096335520  0.002729278370  0.004100097103  0.002729278370  0.000000000000  0.002729278370  0.008248897784  0.004100097103  0.015185720897  0.005469618981  0.015200743122  0.014855100964  0.000000000000  0.000000000000  0.005469618981  0.002729278370  
piranga_bidentata_itm160 0.008986542063  0.004490416233  0.005368063782  0.018128913147  0.012634170743  0.021815307233  0.005447727352  0.030255607612  0.008986542063  0.004471297691  0.007346478569  0.008679935016  0.005370760051  0.003589845301  0.006272008539  0.004606247424  0.006268586632  0.002679308927  0.002729278370  0.000000000000  0.009886862500  0.007260649915  0.018128913147  0.008079892373  0.014467794445  0.012648622874  0.003253122128  0.003602581554  0.007175050263  0.000000000000  
piranga_leucoptera_fmnh481795 0.011126694606  0.006184451791  0.011126694606  0.004909743961  0.000000000000  0.016113034284  0.008802115977  0.020533276504  0.011126694606  0.008639161882  0.011117424655  0.009535989289  0.006154004009  0.006743288708  0.007387744942  0.006154004009  0.007387744942  0.006154004009  0.008248897784  0.009886862500  0.000000000000  0.007394881953  0.004909743961  0.007387744942  0.004912115350  0.004867276037  0.008230791963  0.008736202156  0.008630642150  0.010099047853  
piranga_lutea_ku89864 0.008473919158  0.003633322415  0.008473919158  0.014611349973  0.008492422697  0.022043188019  0.006154004009  0.026980685008  0.008473919158  0.006042446609  0.009820615562  0.003982149412  0.003615805805  0.002632290660  0.004823267952  0.003615805805  0.004823267952  0.003615805805  0.004100097103  0.007260649915  0.007394881953  0.000000000000  0.014611349973  0.006036891864  0.013387586496  0.012780420638  0.004888469319  0.006108890360  0.006036891864  0.007413155495  
piranga_rubriceps_lsu34818 0.019969306832  0.015419470324  0.019957937837  0.000000000000  0.006271856005  0.022712440974  0.020257810645  0.023717141977  0.019969306832  0.019042697791  0.018558766143  0.018483300951  0.016274167752  0.013279051937  0.017195135906  0.013931720433  0.017186058667  0.015363724157  0.015185720897  0.018128913147  0.004909743961  0.014611349973  0.000000000000  0.017195135906  0.011713364167  0.008002970679  0.013137229788  0.018266926376  0.018117976708  0.017801830613  
piranga_roseogularis_ku2141 0.009888653041  0.005390059402  0.009883381052  0.017195135906  0.011713364167  0.020874638330  0.010030353331  0.026963883200  0.009888653041  0.008980925836  0.008577456357  0.003836166998  0.006268586632  0.004788622465  0.007170899829  0.005529138748  0.007167827366  0.005370760051  0.005469618981  0.008079892373  0.007387744942  0.006036891864  0.017195135906  0.000000000000  0.013541795527  0.012638230956  0.006521977314  0.008140748655  0.008075010505  0.008357514012  
piranga_erythrocephala_fmnh343371 0.016298328784  0.011762549693  0.016288896251  0.011713364167  0.007183778594  0.020883659791  0.016533583060  0.026963883200  0.016298328784  0.015377622872  0.018572296646  0.016529002124  0.012626659075  0.012080753333  0.013541795527  0.012068313412  0.013534625713  0.011720129459  0.015200743122  0.014467794445  0.004912115350  0.013387586496  0.011713364167  0.013541795527  0.000000000000  0.000000000000  0.014806219472  0.014577348603  0.014458780964  0.014968638624  
piranga_erythrocephala_fmnh343370 0.013816090216  0.011484150960  0.014962673534  0.008002970679  0.005709485476  0.018471940705  0.016160073105  0.029033898302  0.016160073105  0.014973735524  0.019611711112  0.013816090216  0.012638230956  0.011380419175  0.012648622874  0.011484150960  0.013794640037  0.010322659142  0.014855100964  0.012648622874  0.004867276037  0.012780420638  0.008002970679  0.012638230956  0.000000000000  0.000000000000  0.014806219472  0.013804480943  0.012648622874  0.012648622874  
piranga_ludoviciana_sdsu2650 0.006529730396  0.004888469319  0.001623056345  0.013137229788  0.008190343054  0.019805951140  0.003253122128  0.029457855700  0.009830166393  0.000000000000  0.004881332491  0.006529730396  0.004888469319  0.004888469319  0.004888469319  0.004888469319  0.006521977314  0.003253122128  0.000000000000  0.003253122128  0.008230791963  0.004888469319  0.013137229788  0.006521977314  0.014806219472  0.014806219472  0.000000000000  0.000000000000  0.004888469319  0.003253122128  
piranga_bidentata_tepe59 0.009054110848  0.004507576443  0.003601124307  0.018266926376  0.012729996106  0.021046579306  0.005443854943  0.028615192408  0.009054110848  0.000898554978  0.003701021392  0.009648146160  0.005411639205  0.003589845301  0.006319520165  0.004641477052  0.006317136679  0.002699387658  0.000000000000  0.003602581554  0.008736202156  0.006108890360  0.018266926376  0.008140748655  0.014577348603  0.013804480943  0.000000000000  0.000000000000  0.007229220879  0.003695782480  
piranga_rubra_sdsu2635 0.001784447330  0.002687297535  0.008976389951  0.018117976708  0.012626659075  0.021803501127  0.009109338178  0.026963883200  0.003575938408  0.008075010505  0.011055607107  0.010624086752  0.005368063782  0.004788622465  0.000891346660  0.002756433010  0.006266241523  0.004471297691  0.005469618981  0.007175050263  0.008630642150  0.006036891864  0.018117976708  0.008075010505  0.014458780964  0.012648622874  0.004888469319  0.007229220879  0.000000000000  0.007421329212  
piranga_bidentata_itm141 0.009295633919  0.004627563310  0.005551848630  0.017801830613  0.012124594748  0.020651208603  0.005558765046  0.030449615640  0.009295633919  0.004624306031  0.007502649002  0.008850658203  0.005554733115  0.003589845301  0.006487071552  0.004679535396  0.006483410523  0.002770872145  0.002729278370  0.000000000000  0.010099047853  0.007413155495  0.017801830613  0.008357514012  0.014968638624  0.012648622874  0.003253122128  0.003695782480  0.007421329212  0.000000000000  

