30
cardinalis_cardinalis_ku21828 0.000000000000  0.003509648344  0.008554562848  0.008554562848  0.011097079573  0.009569993097  0.008554562848  0.008554562848  0.006529969196  0.006529969196  0.006529969196  0.006529969196  0.006529969196  0.006529969196  0.006529969196  0.008552655103  0.008045990421  0.006529969196  0.008552655103  0.009058064342  0.009058064342  0.012113995853  0.011090989893  0.013128826799  0.013636826933  0.013136275596  0.013644018841  0.007541224414  0.007541224414  0.007541224414  
cardinalis_cardinalis_ku25393 0.003509648344  0.000000000000  0.009062015956  0.009062015956  0.011607163716  0.010078495356  0.009062015956  0.009062015956  0.007035336938  0.007035336938  0.007035336938  0.007035336938  0.007035336938  0.007035336938  0.007035336938  0.009059842191  0.008552655103  0.007035336938  0.009059842191  0.009565508623  0.009565508623  0.012624870161  0.011600536747  0.013640223268  0.014148484883  0.013648213263  0.014156218543  0.008047632693  0.008047632693  0.008047632693  
piranga_roseogularis_ku2049 0.008554562848  0.009062015956  0.000000000000  0.000000000000  0.002506374460  0.001001017836  0.000000000000  0.000000000000  0.002004076880  0.002004076880  0.002004076880  0.002004076880  0.002004076880  0.002004076880  0.002004076880  0.004014463162  0.003510884373  0.002004076880  0.004014463162  0.004516797493  0.004516797493  0.007554023830  0.006537303233  0.008562656035  0.009067549686  0.008570022615  0.009074662454  0.003009185473  0.003009185473  0.003009185473  
piranga_roseogularis_ku2141 0.008554562848  0.009062015956  0.000000000000  0.000000000000  0.002506374460  0.001001017836  0.000000000000  0.000000000000  0.002004076880  0.002004076880  0.002004076880  0.002004076880  0.002004076880  0.002004076880  0.002004076880  0.004014463162  0.003510884373  0.002004076880  0.004014463162  0.004516797493  0.004516797493  0.007554023830  0.006537303233  0.008562656035  0.009067549686  0.008570022615  0.009074662454  0.003009185473  0.003009185473  0.003009185473  
piranga_hepatica_ku4970 0.011097079573  0.011607163716  0.002506374460  0.002506374460  0.000000000000  0.003512510972  0.002506374460  0.002506374460  0.004520709642  0.004520709642  0.004520709642  0.004520709642  0.004520709642  0.004520709642  0.004520709642  0.006540119202  0.006033949503  0.004520709642  0.006540119202  0.007043729095  0.007043729095  0.009078810023  0.008058147633  0.011109188044  0.011615378437  0.011119238533  0.011625177849  0.005530978940  0.005530978940  0.005530978940  
piranga_lutea_lsu5400 0.009569993097  0.010078495356  0.001001017836  0.001001017836  0.003512510972  0.000000000000  0.001001017836  0.001001017836  0.003009185473  0.003009185473  0.003009185473  0.003009185473  0.003009185473  0.003009185473  0.003009185473  0.005023169973  0.004518558009  0.003009185473  0.005023169973  0.005526012958  0.005526012958  0.008570022615  0.007550676869  0.009579687416  0.010085098153  0.009588124225  0.010093282239  0.004016352009  0.004016352009  0.004016352009  
piranga_lutea_ku89864 0.008554562848  0.009062015956  0.000000000000  0.000000000000  0.002506374460  0.001001017836  0.000000000000  0.000000000000  0.002004076880  0.002004076880  0.002004076880  0.002004076880  0.002004076880  0.002004076880  0.002004076880  0.004014463162  0.003510884373  0.002004076880  0.004014463162  0.004516797493  0.004516797493  0.007554023830  0.006537303233  0.008562656035  0.009067549686  0.008570022615  0.009074662454  0.003009185473  0.003009185473  0.003009185473  
piranga_flava_ku90809 0.008554562848  0.009062015956  0.000000000000  0.000000000000  0.002506374460  0.001001017836  0.000000000000  0.000000000000  0.002004076880  0.002004076880  0.002004076880  0.002004076880  0.002004076880  0.002004076880  0.002004076880  0.004014463162  0.003510884373  0.002004076880  0.004014463162  0.004516797493  0.004516797493  0.007554023830  0.006537303233  0.008562656035  0.009067549686  0.008570022615  0.009074662454  0.003009185473  0.003009185473  0.003009185473  
piranga_bidentata_itm141 0.006529969196  0.007035336938  0.002004076880  0.002004076880  0.004520709642  0.003009185473  0.002004076880  0.002004076880  0.000000000000  0.000000000000  0.000000000000  0.000000000000  0.000000000000  0.000000000000  0.000000000000  0.002003233814  0.001501708734  0.000000000000  0.002003233814  0.002504557066  0.002504557066  0.005528300116  0.004516797493  0.006534879865  0.007038745728  0.006540119202  0.007043729095  0.001001017836  0.001001017836  0.001001017836  
piranga_bidentata_itm160 0.006529969196  0.007035336938  0.002004076880  0.002004076880  0.004520709642  0.003009185473  0.002004076880  0.002004076880  0.000000000000  0.000000000000  0.000000000000  0.000000000000  0.000000000000  0.000000000000  0.000000000000  0.002003233814  0.001501708734  0.000000000000  0.002003233814  0.002504557066  0.002504557066  0.005528300116  0.004516797493  0.006534879865  0.007038745728  0.006540119202  0.007043729095  0.001001017836  0.001001017836  0.001001017836  
piranga_bidentata_hgoslp104 0.006529969196  0.007035336938  0.002004076880  0.002004076880  0.004520709642  0.003009185473  0.002004076880  0.002004076880  0.000000000000  0.000000000000  0.000000000000  0.000000000000  0.000000000000  0.000000000000  0.000000000000  0.002003233814  0.001501708734  0.000000000000  0.002003233814  0.002504557066  0.002504557066  0.005528300116  0.004516797493  0.006534879865  0.007038745728  0.006540119202  0.007043729095  0.001001017836  0.001001017836  0.001001017836  
piranga_olivacea_ku4672 0.006529969196  0.007035336938  0.002004076880  0.002004076880  0.004520709642  0.003009185473  0.002004076880  0.002004076880  0.000000000000  0.000000000000  0.000000000000  0.000000000000  0.000000000000  0.000000000000  0.000000000000  0.002003233814  0.001501708734  0.000000000000  0.002003233814  0.002504557066  0.002504557066  0.005528300116  0.004516797493  0.006534879865  0.007038745728  0.006540119202  0.007043729095  0.001001017836  0.001001017836  0.001001017836  
piranga_flava_lsu15408 0.006529969196  0.007035336938  0.002004076880  0.002004076880  0.004520709642  0.003009185473  0.002004076880  0.002004076880  0.000000000000  0.000000000000  0.000000000000  0.000000000000  0.000000000000  0.000000000000  0.000000000000  0.002003233814  0.001501708734  0.000000000000  0.002003233814  0.002504557066  0.002504557066  0.005528300116  0.004516797493  0.006534879865  0.007038745728  0.006540119202  0.007043729095  0.001001017836  0.001001017836  0.001001017836  
piranga_erythrocephala_fmnh343370 0.006529969196  0.007035336938  0.002004076880  0.002004076880  0.004520709642  0.003009185473  0.002004076880  0.002004076880  0.000000000000  0.000000000000  0.000000000000  0.000000000000  0.000000000000  0.000000000000  0.000000000000  0.002003233814  0.001501708734  0.000000000000  0.002003233814  0.002504557066  0.002504557066  0.005528300116  0.004516797493  0.006534879865  0.007038745728  0.006540119202  0.007043729095  0.001001017836  0.001001017836  0.001001017836  
piranga_ludoviciana_sdsu2650 0.006529969196  0.007035336938  0.002004076880  0.002004076880  0.004520709642  0.003009185473  0.002004076880  0.002004076880  0.000000000000  0.000000000000  0.000000000000  0.000000000000  0.000000000000  0.000000000000  0.000000000000  0.002003233814  0.001501708734  0.000000000000  0.002003233814  0.002504557066  0.002504557066  0.005528300116  0.004516797493  0.006534879865  0.007038745728  0.006540119202  0.007043729095  0.001001017836  0.001001017836  0.001001017836  
piranga_ludoviciana_sdsu2208 0.008552655103  0.009059842191  0.004014463162  0.004014463162  0.006540119202  0.005023169973  0.004014463162  0.004014463162  0.002003233814  0.002003233814  0.002003233814  0.002003233814  0.002003233814  0.002003233814  0.002003233814  0.000000000000  0.001502291687  0.002003233814  0.004012965158  0.004515428476  0.004515428476  0.007550676869  0.006534879865  0.008559563699  0.009064585250  0.008566142467  0.009070908882  0.003007820586  0.003007820586  0.003007820586  
piranga_olivacea_ku2699 0.008045990421  0.008552655103  0.003510884373  0.003510884373  0.006033949503  0.004518558009  0.003510884373  0.003510884373  0.001501708734  0.001501708734  0.001501708734  0.001501708734  0.001501708734  0.001501708734  0.001501708734  0.001502291687  0.000000000000  0.001501708734  0.003509648344  0.004011858380  0.004011858380  0.007043729095  0.006029239243  0.008052101763  0.008556865842  0.008058147633  0.008562656035  0.002505270750  0.002505270750  0.002505270750  
piranga_ludoviciana_sdsu2648 0.006529969196  0.007035336938  0.002004076880  0.002004076880  0.004520709642  0.003009185473  0.002004076880  0.002004076880  0.000000000000  0.000000000000  0.000000000000  0.000000000000  0.000000000000  0.000000000000  0.000000000000  0.002003233814  0.001501708734  0.000000000000  0.002003233814  0.002504557066  0.002504557066  0.005528300116  0.004516797493  0.006534879865  0.007038745728  0.006540119202  0.007043729095  0.001001017836  0.001001017836  0.001001017836  
piranga_bidentata_tepe59 0.008552655103  0.009059842191  0.004014463162  0.004014463162  0.006540119202  0.005023169973  0.004014463162  0.004014463162  0.002003233814  0.002003233814  0.002003233814  0.002003233814  0.002003233814  0.002003233814  0.002003233814  0.004012965158  0.003509648344  0.002003233814  0.000000000000  0.002504233794  0.002504233794  0.005526012958  0.004515428476  0.006532849480  0.007036844319  0.006537303233  0.007041040782  0.001000694466  0.001000694466  0.001000694466  
piranga_rubra_sdsu2635 0.009058064342  0.009565508623  0.004516797493  0.004516797493  0.007043729095  0.005526012958  0.004516797493  0.004516797493  0.002504557066  0.002504557066  0.002504557066  0.002504557066  0.002504557066  0.002504557066  0.002504557066  0.004515428476  0.004011858380  0.002504557066  0.002504233794  0.000000000000  0.000000000000  0.006029239243  0.005018274975  0.007036844319  0.007541224414  0.007041040782  0.007545162798  0.001501515267  0.001501515267  0.001501515267  
piranga_rubra_sdsu2654 0.009058064342  0.009565508623  0.004516797493  0.004516797493  0.007043729095  0.005526012958  0.004516797493  0.004516797493  0.002504557066  0.002504557066  0.002504557066  0.002504557066  0.002504557066  0.002504557066  0.002504557066  0.004515428476  0.004011858380  0.002504557066  0.002504233794  0.000000000000  0.000000000000  0.006029239243  0.005018274975  0.007036844319  0.007541224414  0.007041040782  0.007545162798  0.001501515267  0.001501515267  0.001501515267  
piranga_hepatica_ku9084 0.012113995853  0.012624870161  0.007554023830  0.007554023830  0.009078810023  0.008570022615  0.007554023830  0.007554023830  0.005528300116  0.005528300116  0.005528300116  0.005528300116  0.005528300116  0.005528300116  0.005528300116  0.007550676869  0.007043729095  0.005528300116  0.005526012958  0.006029239243  0.006029239243  0.000000000000  0.004014463162  0.010085098153  0.010590895320  0.010093282239  0.010598825904  0.004518558009  0.004518558009  0.004518558009  
piranga_leucoptera_lsu7783 0.011090989893  0.011600536747  0.006537303233  0.006537303233  0.008058147633  0.007550676869  0.006537303233  0.006537303233  0.004516797493  0.004516797493  0.004516797493  0.004516797493  0.004516797493  0.004516797493  0.004516797493  0.006534879865  0.006029239243  0.004516797493  0.004515428476  0.005018274975  0.005018274975  0.004014463162  0.000000000000  0.009064585250  0.009569993097  0.009070908882  0.009576060809  0.003509648344  0.003509648344  0.003509648344  
piranga_erythrocephala_fmnh343371 0.013128826799  0.013640223268  0.008562656035  0.008562656035  0.011109188044  0.009579687416  0.008562656035  0.008562656035  0.006534879865  0.006534879865  0.006534879865  0.006534879865  0.006534879865  0.006534879865  0.006534879865  0.008559563699  0.008052101763  0.006534879865  0.006532849480  0.007036844319  0.007036844319  0.010085098153  0.009064585250  0.000000000000  0.006531212461  0.006031398211  0.006534879865  0.005524117847  0.005524117847  0.005524117847  
piranga_leucoptera_fmnh481795 0.013636826933  0.014148484883  0.009067549686  0.009067549686  0.011615378437  0.010085098153  0.009067549686  0.009067549686  0.007038745728  0.007038745728  0.007038745728  0.007038745728  0.007038745728  0.007038745728  0.007038745728  0.009064585250  0.008556865842  0.007038745728  0.007036844319  0.007541224414  0.007541224414  0.010590895320  0.009569993097  0.006531212461  0.000000000000  0.004515428476  0.005018274975  0.006027472982  0.006027472982  0.006027472982  
piranga_rubriceps_lsu265 0.013136275596  0.013648213263  0.008570022615  0.008570022615  0.011119238533  0.009588124225  0.008570022615  0.008570022615  0.006540119202  0.006540119202  0.006540119202  0.006540119202  0.006540119202  0.006540119202  0.006540119202  0.008566142467  0.008058147633  0.006540119202  0.006537303233  0.007041040782  0.007041040782  0.010093282239  0.009070908882  0.006031398211  0.004515428476  0.000000000000  0.000500189971  0.005528300116  0.005528300116  0.005528300116  
piranga_rubriceps_lsu34818 0.013644018841  0.014156218543  0.009074662454  0.009074662454  0.011625177849  0.010093282239  0.009074662454  0.009074662454  0.007043729095  0.007043729095  0.007043729095  0.007043729095  0.007043729095  0.007043729095  0.007043729095  0.009070908882  0.008562656035  0.007043729095  0.007041040782  0.007545162798  0.007545162798  0.010598825904  0.009576060809  0.006534879865  0.005018274975  0.000500189971  0.000000000000  0.006031398211  0.006031398211  0.006031398211  
piranga_rubra_ku7046 0.007541224414  0.008047632693  0.003009185473  0.003009185473  0.005530978940  0.004016352009  0.003009185473  0.003009185473  0.001001017836  0.001001017836  0.001001017836  0.001001017836  0.001001017836  0.001001017836  0.001001017836  0.003007820586  0.002505270750  0.001001017836  0.001000694466  0.001501515267  0.001501515267  0.004518558009  0.003509648344  0.005524117847  0.006027472982  0.005528300116  0.006031398211  0.000000000000  0.000000000000  0.000000000000  
piranga_ludoviciana_sdsu2385 0.007541224414  0.008047632693  0.003009185473  0.003009185473  0.005530978940  0.004016352009  0.003009185473  0.003009185473  0.001001017836  0.001001017836  0.001001017836  0.001001017836  0.001001017836  0.001001017836  0.001001017836  0.003007820586  0.002505270750  0.001001017836  0.001000694466  0.001501515267  0.001501515267  0.004518558009  0.003509648344  0.005524117847  0.006027472982  0.005528300116  0.006031398211  0.000000000000  0.000000000000  0.000000000000  
piranga_rubra_ku26592 0.007541224414  0.008047632693  0.003009185473  0.003009185473  0.005530978940  0.004016352009  0.003009185473  0.003009185473  0.001001017836  0.001001017836  0.001001017836  0.001001017836  0.001001017836  0.001001017836  0.001001017836  0.003007820586  0.002505270750  0.001001017836  0.001000694466  0.001501515267  0.001501515267  0.004518558009  0.003509648344  0.005524117847  0.006027472982  0.005528300116  0.006031398211  0.000000000000  0.000000000000  0.000000000000  

