30
piranga_rubra_ku26592 0.000000000000  0.003618840331  0.001805600265  0.003357600554  0.009079684531  0.014596073257  0.003615055543  0.018309360738  0.001916324130  0.001805600265  0.002041514889  0.003966352229  0.003618840331  0.005736225757  0.001805600265  0.002810315108  0.005479528940  0.002237976365  0.003692331547  0.001805600265  0.011817724062  0.003901198423  0.012751425939  0.002062568753  0.009079684531  0.004294955002  0.002740987518  0.001805600265  0.001805600265  0.001805600265  
piranga_flava_ku90809 0.003618840331  0.000000000000  0.001805600265  0.003357600554  0.009079684531  0.014596073257  0.003615055543  0.018309360738  0.001916324130  0.001805600265  0.002041514889  0.003966352229  0.000000000000  0.000000000000  0.001805600265  0.000000000000  0.001818735925  0.002237976365  0.003692331547  0.001805600265  0.011817724062  0.000000000000  0.012751425939  0.002062568753  0.009079684531  0.004294955002  0.000000000000  0.001805600265  0.001805600265  0.001805600265  
piranga_ludoviciana_sdsu2385 0.001805600265  0.001805600265  0.000000000000  0.000000000000  0.007252416544  0.012751425939  0.001804842465  0.016448695107  0.000000000000  0.000000000000  0.000000000000  0.001979943537  0.001805600265  0.002858515255  0.000000000000  0.000000000000  0.003645223452  0.000000000000  0.000000000000  0.000000000000  0.009829381897  0.001946159967  0.010914684796  0.000000000000  0.007252416544  0.000000000000  0.000000000000  0.000000000000  0.000000000000  0.000000000000  
piranga_rubriceps_lsu265 0.003357600554  0.003357600554  0.000000000000  0.000000000000  0.000000000000  0.003357600554  0.000000000000  0.003357600554  0.000000000000  0.000000000000  0.000000000000  0.000000000000  0.003357600554  0.003357600554  0.000000000000  0.000000000000  0.003357600554  0.000000000000  0.000000000000  0.000000000000  0.003357600554  0.003357600554  0.000000000000  0.000000000000  0.000000000000  0.000000000000  0.000000000000  0.000000000000  0.000000000000  0.000000000000  
piranga_leucoptera_lsu7783 0.009079684531  0.009079684531  0.007252416544  0.000000000000  0.000000000000  0.009083566062  0.009080413986  0.012767891821  0.003836991383  0.007252416544  0.008204466243  0.005959237618  0.009079684531  0.005726709696  0.007252416544  0.000000000000  0.010994783564  0.008998095242  0.000000000000  0.007252416544  0.001953764658  0.009790885625  0.003615796255  0.002061579906  0.000000000000  0.000000000000  0.000000000000  0.007252416544  0.007252416544  0.007252416544  
cardinalis_cardinalis_ku25393 0.014596073257  0.014596073257  0.012751425939  0.003357600554  0.009083566062  0.000000000000  0.014596790891  0.003618840331  0.007699120725  0.012751425939  0.014434320375  0.009967416546  0.014596073257  0.011511619995  0.012751425939  0.002810315108  0.016569838007  0.015838793758  0.003692331547  0.012751425939  0.011825930453  0.015745231486  0.012752263881  0.006205784834  0.009083566062  0.004294955002  0.002740987518  0.012751425939  0.012751425939  0.012751425939  
piranga_olivacea_ku2699 0.003615055543  0.003615055543  0.001804842465  0.000000000000  0.009080413986  0.014596790891  0.000000000000  0.018303731323  0.000000000000  0.001804842465  0.002040546127  0.001979943537  0.003615055543  0.002858515255  0.001804842465  0.000000000000  0.005472591063  0.002236812176  0.000000000000  0.001804842465  0.011814940944  0.003896799574  0.012755276241  0.000000000000  0.009080413986  0.000000000000  0.000000000000  0.001804842465  0.001804842465  0.001804842465  
cardinalis_cardinalis_ku21828 0.018309360738  0.018309360738  0.016448695107  0.003357600554  0.012767891821  0.003618840331  0.018303731323  0.000000000000  0.011589447291  0.016448695107  0.018627725786  0.014002243186  0.018309360738  0.014432672089  0.016448695107  0.005639181478  0.020327309955  0.018137069280  0.003692331547  0.016448695107  0.015837915175  0.019756414495  0.016455846995  0.010385454814  0.012767891821  0.004294955002  0.005499619430  0.016448695107  0.016448695107  0.016448695107  
piranga_rubra_ku7046 0.001916324130  0.001916324130  0.000000000000  0.000000000000  0.003836991383  0.007699120725  0.000000000000  0.011589447291  0.000000000000  0.000000000000  0.000000000000  0.001979943537  0.001916324130  0.002858515255  0.000000000000  0.000000000000  0.003841256008  0.000000000000  0.000000000000  0.000000000000  0.006273714998  0.002075410810  0.007699120725  0.000000000000  0.003836991383  0.000000000000  0.000000000000  0.000000000000  0.000000000000  0.000000000000  
piranga_bidentata_hgoslp104 0.001805600265  0.001805600265  0.000000000000  0.000000000000  0.007252416544  0.012751425939  0.001804842465  0.016448695107  0.000000000000  0.000000000000  0.000000000000  0.001979943537  0.001805600265  0.002858515255  0.000000000000  0.000000000000  0.003645223452  0.000000000000  0.000000000000  0.000000000000  0.009829381897  0.001946159967  0.010914684796  0.000000000000  0.007252416544  0.000000000000  0.000000000000  0.000000000000  0.000000000000  0.000000000000  
piranga_ludoviciana_sdsu2648 0.002041514889  0.002041514889  0.000000000000  0.000000000000  0.008204466243  0.014434320375  0.002040546127  0.018627725786  0.000000000000  0.000000000000  0.000000000000  0.002212072177  0.002041514889  0.002858515255  0.000000000000  0.000000000000  0.002058323311  0.000000000000  0.000000000000  0.000000000000  0.010273724347  0.002041514889  0.010274660446  0.000000000000  0.008204466243  0.000000000000  0.000000000000  0.000000000000  0.000000000000  0.000000000000  
piranga_roseogularis_ku2049 0.003966352229  0.003966352229  0.001979943537  0.000000000000  0.005959237618  0.009967416546  0.001979943537  0.014002243186  0.001979943537  0.001979943537  0.002212072177  0.000000000000  0.003966352229  0.002858515255  0.001979943537  0.000000000000  0.005962011314  0.002444600927  0.000000000000  0.001979943537  0.008483953109  0.004208386519  0.009967416546  0.000000000000  0.005959237618  0.000000000000  0.000000000000  0.001979943537  0.001979943537  0.001979943537  
piranga_hepatica_ku4970 0.003618840331  0.000000000000  0.001805600265  0.003357600554  0.009079684531  0.014596073257  0.003615055543  0.018309360738  0.001916324130  0.001805600265  0.002041514889  0.003966352229  0.000000000000  0.000000000000  0.001805600265  0.000000000000  0.001818735925  0.002237976365  0.003692331547  0.001805600265  0.011817724062  0.000000000000  0.012751425939  0.002062568753  0.009079684531  0.004294955002  0.000000000000  0.001805600265  0.001805600265  0.001805600265  
piranga_hepatica_ku9084 0.005736225757  0.000000000000  0.002858515255  0.003357600554  0.005726709696  0.011511619995  0.002858515255  0.014432672089  0.002858515255  0.002858515255  0.002858515255  0.002858515255  0.000000000000  0.000000000000  0.002858515255  0.000000000000  0.000000000000  0.002858515255  0.003863517297  0.002858515255  0.008616155035  0.000000000000  0.008610343722  0.002858515255  0.005726709696  0.004294955002  0.000000000000  0.002858515255  0.002858515255  0.002858515255  
piranga_rubra_sdsu2654 0.001805600265  0.001805600265  0.000000000000  0.000000000000  0.007252416544  0.012751425939  0.001804842465  0.016448695107  0.000000000000  0.000000000000  0.000000000000  0.001979943537  0.001805600265  0.002858515255  0.000000000000  0.000000000000  0.003645223452  0.000000000000  0.000000000000  0.000000000000  0.009829381897  0.001946159967  0.010914684796  0.000000000000  0.007252416544  0.000000000000  0.000000000000  0.000000000000  0.000000000000  0.000000000000  
piranga_flava_lsu15408 0.002810315108  0.000000000000  0.000000000000  0.000000000000  0.000000000000  0.002810315108  0.000000000000  0.005639181478  0.000000000000  0.000000000000  0.000000000000  0.000000000000  0.000000000000  0.000000000000  0.000000000000  0.000000000000  0.002810315108  0.000000000000  0.000000000000  0.000000000000  0.000000000000  0.000000000000  0.002808479312  0.000000000000  0.000000000000  0.000000000000  0.000000000000  0.000000000000  0.000000000000  0.000000000000  
piranga_lutea_lsu5400 0.005479528940  0.001818735925  0.003645223452  0.003357600554  0.010994783564  0.016569838007  0.005472591063  0.020327309955  0.003841256008  0.003645223452  0.002058323311  0.005962011314  0.001818735925  0.000000000000  0.003645223452  0.002810315108  0.000000000000  0.002258191528  0.003692331547  0.003645223452  0.013925273834  0.001961429012  0.014703384806  0.004135112610  0.010994783564  0.004294955002  0.002740987518  0.003645223452  0.003645223452  0.003645223452  
piranga_olivacea_ku4672 0.002237976365  0.002237976365  0.000000000000  0.000000000000  0.008998095242  0.015838793758  0.002236812176  0.018137069280  0.000000000000  0.000000000000  0.000000000000  0.002444600927  0.002237976365  0.002858515255  0.000000000000  0.000000000000  0.002258191528  0.000000000000  0.000000000000  0.000000000000  0.011269455053  0.002237976365  0.011270583584  0.000000000000  0.008998095242  0.000000000000  0.000000000000  0.000000000000  0.000000000000  0.000000000000  
piranga_ludoviciana_sdsu2208 0.003692331547  0.003692331547  0.000000000000  0.000000000000  0.000000000000  0.003692331547  0.000000000000  0.003692331547  0.000000000000  0.000000000000  0.000000000000  0.000000000000  0.003692331547  0.003863517297  0.000000000000  0.000000000000  0.003692331547  0.000000000000  0.000000000000  0.000000000000  0.000000000000  0.003692331547  0.000000000000  0.000000000000  0.000000000000  0.000000000000  0.000000000000  0.000000000000  0.000000000000  0.000000000000  
piranga_bidentata_itm160 0.001805600265  0.001805600265  0.000000000000  0.000000000000  0.007252416544  0.012751425939  0.001804842465  0.016448695107  0.000000000000  0.000000000000  0.000000000000  0.001979943537  0.001805600265  0.002858515255  0.000000000000  0.000000000000  0.003645223452  0.000000000000  0.000000000000  0.000000000000  0.009829381897  0.001946159967  0.010914684796  0.000000000000  0.007252416544  0.000000000000  0.000000000000  0.000000000000  0.000000000000  0.000000000000  
piranga_leucoptera_fmnh481795 0.011817724062  0.011817724062  0.009829381897  0.003357600554  0.001953764658  0.011825930453  0.011814940944  0.015837915175  0.006273714998  0.009829381897  0.010273724347  0.008483953109  0.011817724062  0.008616155035  0.009829381897  0.000000000000  0.013925273834  0.011269455053  0.000000000000  0.009829381897  0.000000000000  0.011817724062  0.003912044090  0.004512214383  0.001953764658  0.000000000000  0.000000000000  0.009829381897  0.009829381897  0.009829381897  
piranga_lutea_ku89864 0.003901198423  0.000000000000  0.001946159967  0.003357600554  0.009790885625  0.015745231486  0.003896799574  0.019756414495  0.002075410810  0.001946159967  0.002041514889  0.004208386519  0.000000000000  0.000000000000  0.001946159967  0.000000000000  0.001961429012  0.002237976365  0.003692331547  0.001946159967  0.011817724062  0.000000000000  0.013753631976  0.002242996149  0.009790885625  0.004294955002  0.000000000000  0.001946159967  0.001946159967  0.001946159967  
piranga_rubriceps_lsu34818 0.012751425939  0.012751425939  0.010914684796  0.000000000000  0.003615796255  0.012752263881  0.012755276241  0.016455846995  0.007699120725  0.010914684796  0.010274660446  0.009967416546  0.012751425939  0.008610343722  0.010914684796  0.002808479312  0.014703384806  0.011270583584  0.000000000000  0.010914684796  0.003912044090  0.013753631976  0.000000000000  0.006208742124  0.003615796255  0.000000000000  0.002739241180  0.010914684796  0.010914684796  0.010914684796  
piranga_roseogularis_ku2141 0.002062568753  0.002062568753  0.000000000000  0.000000000000  0.002061579906  0.006205784834  0.000000000000  0.010385454814  0.000000000000  0.000000000000  0.000000000000  0.000000000000  0.002062568753  0.002858515255  0.000000000000  0.000000000000  0.004135112610  0.000000000000  0.000000000000  0.000000000000  0.004512214383  0.002242996149  0.006208742124  0.000000000000  0.002061579906  0.000000000000  0.000000000000  0.000000000000  0.000000000000  0.000000000000  
piranga_erythrocephala_fmnh343371 0.009079684531  0.009079684531  0.007252416544  0.000000000000  0.000000000000  0.009083566062  0.009080413986  0.012767891821  0.003836991383  0.007252416544  0.008204466243  0.005959237618  0.009079684531  0.005726709696  0.007252416544  0.000000000000  0.010994783564  0.008998095242  0.000000000000  0.007252416544  0.001953764658  0.009790885625  0.003615796255  0.002061579906  0.000000000000  0.000000000000  0.000000000000  0.007252416544  0.007252416544  0.007252416544  
piranga_erythrocephala_fmnh343370 0.004294955002  0.004294955002  0.000000000000  0.000000000000  0.000000000000  0.004294955002  0.000000000000  0.004294955002  0.000000000000  0.000000000000  0.000000000000  0.000000000000  0.004294955002  0.004294955002  0.000000000000  0.000000000000  0.004294955002  0.000000000000  0.000000000000  0.000000000000  0.000000000000  0.004294955002  0.000000000000  0.000000000000  0.000000000000  0.000000000000  0.000000000000  0.000000000000  0.000000000000  0.000000000000  
piranga_ludoviciana_sdsu2650 0.002740987518  0.000000000000  0.000000000000  0.000000000000  0.000000000000  0.002740987518  0.000000000000  0.005499619430  0.000000000000  0.000000000000  0.000000000000  0.000000000000  0.000000000000  0.000000000000  0.000000000000  0.000000000000  0.002740987518  0.000000000000  0.000000000000  0.000000000000  0.000000000000  0.000000000000  0.002739241180  0.000000000000  0.000000000000  0.000000000000  0.000000000000  0.000000000000  0.000000000000  0.000000000000  
piranga_bidentata_tepe59 0.001805600265  0.001805600265  0.000000000000  0.000000000000  0.007252416544  0.012751425939  0.001804842465  0.016448695107  0.000000000000  0.000000000000  0.000000000000  0.001979943537  0.001805600265  0.002858515255  0.000000000000  0.000000000000  0.003645223452  0.000000000000  0.000000000000  0.000000000000  0.009829381897  0.001946159967  0.010914684796  0.000000000000  0.007252416544  0.000000000000  0.000000000000  0.000000000000  0.000000000000  0.000000000000  
piranga_rubra_sdsu2635 0.001805600265  0.001805600265  0.000000000000  0.000000000000  0.007252416544  0.012751425939  0.001804842465  0.016448695107  0.000000000000  0.000000000000  0.000000000000  0.001979943537  0.001805600265  0.002858515255  0.000000000000  0.000000000000  0.003645223452  0.000000000000  0.000000000000  0.000000000000  0.009829381897  0.001946159967  0.010914684796  0.000000000000  0.007252416544  0.000000000000  0.000000000000  0.000000000000  0.000000000000  0.000000000000  
piranga_bidentata_itm141 0.001805600265  0.001805600265  0.000000000000  0.000000000000  0.007252416544  0.012751425939  0.001804842465  0.016448695107  0.000000000000  0.000000000000  0.000000000000  0.001979943537  0.001805600265  0.002858515255  0.000000000000  0.000000000000  0.003645223452  0.000000000000  0.000000000000  0.000000000000  0.009829381897  0.001946159967  0.010914684796  0.000000000000  0.007252416544  0.000000000000  0.000000000000  0.000000000000  0.000000000000  0.000000000000  

