30
piranga_rubra_ku26592 0.000000000000  0.001124892841  0.001122060201  0.004500997972  0.004505065011  0.003374888227  0.000000000000  0.003374888227  0.000000000000  0.001122367753  0.000000000000  0.001127118984  0.000000000000  0.000000000000  0.000000000000  0.002286857693  0.000000000000  0.000000000000  0.000000000000  0.000000000000  0.003374888227  0.002246093459  0.004500997972  0.001151784765  0.003374888227  0.001292033889  0.000000000000  0.000000000000  0.000000000000  0.000000000000  
piranga_flava_ku90809 0.001124892841  0.000000000000  0.002228257010  0.005588468566  0.005593717218  0.004469825269  0.002262580799  0.004469825269  0.001117351434  0.002229787754  0.001149460224  0.002233233232  0.002229787754  0.002239776223  0.001113618523  0.003441714783  0.001122367753  0.002229787754  0.001113618523  0.001117351434  0.004469825269  0.005615230888  0.005588468566  0.002310636149  0.004469825269  0.002587502528  0.001114860052  0.001113618523  0.001113618523  0.001116104353  
piranga_ludoviciana_sdsu2385 0.001122060201  0.002228257010  0.000000000000  0.005474993286  0.005478253367  0.004377843136  0.002261004688  0.004377843136  0.001097432486  0.002184449339  0.001146502665  0.002194342062  0.003279912175  0.003301569953  0.002184753854  0.003432873046  0.002206135722  0.002184449339  0.001091443556  0.001095029044  0.005478253367  0.005604863995  0.005474993286  0.002305648626  0.004377843136  0.002585441084  0.001110842309  0.001091443556  0.001108379838  0.001096229447  
piranga_rubriceps_lsu265 0.004500997972  0.005588468566  0.005474993286  0.000000000000  0.002184449339  0.005478253367  0.004531593188  0.005478253367  0.003297940483  0.005478253367  0.003445667797  0.005499079385  0.006581154092  0.005514505532  0.005474993286  0.005732348555  0.004421394765  0.005478253367  0.004377843136  0.004392264699  0.002184449339  0.008984796654  0.000000000000  0.004618280285  0.001091443556  0.001291626325  0.004455872005  0.004377843136  0.004445966620  0.004397093025  
piranga_leucoptera_lsu7783 0.004505065011  0.005593717218  0.005478253367  0.002184449339  0.000000000000  0.005483296788  0.004535715773  0.005483296788  0.003300626304  0.005483296788  0.003448599910  0.005502368283  0.006587399087  0.005519616005  0.005478253367  0.005735923130  0.004425319053  0.005483296788  0.004381690406  0.004396137388  0.002185920431  0.008986341114  0.002184449339  0.004620582776  0.001091734549  0.001292033889  0.004459857806  0.004381690406  0.004449934699  0.004400974243  
cardinalis_cardinalis_ku25393 0.003374888227  0.004469825269  0.004377843136  0.005478253367  0.005483296788  0.000000000000  0.004535715773  0.000000000000  0.003300626304  0.004381690406  0.002296352805  0.004397093025  0.005483296788  0.005519616005  0.004377843136  0.004583520117  0.004425319053  0.004381690406  0.003282568681  0.003293379467  0.005483296788  0.007855830422  0.005478253367  0.002305309412  0.004381690406  0.002587502528  0.003341060971  0.003282568681  0.003333635689  0.003296998903  
piranga_olivacea_ku2699 0.000000000000  0.002262580799  0.002261004688  0.004531593188  0.004535715773  0.004535715773  0.000000000000  0.004535715773  0.001129977257  0.002262580799  0.000000000000  0.002261004688  0.000000000000  0.000000000000  0.001129977257  0.002318672570  0.001129977257  0.000000000000  0.001129977257  0.001129977257  0.003397822864  0.005679009155  0.004531593188  0.001167927180  0.003397822864  0.001297061434  0.001129977257  0.001129977257  0.001129977257  0.001129977257  
cardinalis_cardinalis_ku21828 0.003374888227  0.004469825269  0.004377843136  0.005478253367  0.005483296788  0.000000000000  0.004535715773  0.000000000000  0.003300626304  0.004381690406  0.002296352805  0.004397093025  0.005483296788  0.005519616005  0.004377843136  0.004583520117  0.004425319053  0.004381690406  0.003282568681  0.003293379467  0.005483296788  0.007855830422  0.005478253367  0.002305309412  0.004381690406  0.002587502528  0.003341060971  0.003282568681  0.003333635689  0.003296998903  
piranga_rubra_ku7046 0.000000000000  0.001117351434  0.001097432486  0.003297940483  0.003300626304  0.003300626304  0.001129977257  0.003300626304  0.000000000000  0.001097726682  0.000000000000  0.001097432486  0.002197931711  0.002200349825  0.001097432486  0.002300007179  0.001102567957  0.001097726682  0.000000000000  0.000000000000  0.003300626304  0.004505178558  0.003297940483  0.001158456228  0.002197931711  0.001292033889  0.000000000000  0.000000000000  0.000000000000  0.000000000000  
piranga_bidentata_hgoslp104 0.001122367753  0.002229787754  0.002184449339  0.005478253367  0.005483296788  0.004381690406  0.002262580799  0.004381690406  0.001097726682  0.000000000000  0.001146823767  0.002194034864  0.003282568681  0.003304261696  0.002184449339  0.003433835904  0.002207636195  0.002185920431  0.001091734549  0.001095321953  0.005483296788  0.005602646754  0.005478253367  0.002305309412  0.004381690406  0.002587502528  0.001111143741  0.001091734549  0.001108679935  0.001096522999  
piranga_ludoviciana_sdsu2648 0.000000000000  0.001149460224  0.001146502665  0.003445667797  0.003448599910  0.002296352805  0.000000000000  0.002296352805  0.000000000000  0.001146823767  0.000000000000  0.001151784765  0.000000000000  0.000000000000  0.000000000000  0.002294729280  0.000000000000  0.000000000000  0.000000000000  0.000000000000  0.002296352805  0.001146502665  0.003445667797  0.001151784765  0.002296352805  0.001292033889  0.000000000000  0.000000000000  0.000000000000  0.000000000000  
piranga_roseogularis_ku2049 0.001127118984  0.002233233232  0.002194342062  0.005499079385  0.005502368283  0.004397093025  0.002261004688  0.004397093025  0.001097432486  0.002194034864  0.001151784765  0.000000000000  0.003294318984  0.003301569953  0.002194342062  0.003448658150  0.002206135722  0.002194034864  0.001096229447  0.001099846501  0.005502368283  0.005630109026  0.005499079385  0.000000000000  0.004397093025  0.002585441084  0.001112077653  0.001096229447  0.001113315747  0.001096229447  
piranga_hepatica_ku4970 0.000000000000  0.002229787754  0.003279912175  0.006581154092  0.006587399087  0.005483296788  0.000000000000  0.005483296788  0.002197931711  0.003282568681  0.000000000000  0.003294318984  0.000000000000  0.000000000000  0.003279912175  0.002286857693  0.001102567957  0.001091734549  0.002185920431  0.002193111394  0.006587399087  0.005602646754  0.006581154092  0.001151784765  0.005483296788  0.001292033889  0.001111143741  0.002185920431  0.001108679935  0.002195518907  
piranga_hepatica_ku9084 0.000000000000  0.002239776223  0.003301569953  0.005514505532  0.005519616005  0.005519616005  0.000000000000  0.005519616005  0.002200349825  0.003304261696  0.000000000000  0.003301569953  0.000000000000  0.000000000000  0.003301569953  0.002302655243  0.001102567957  0.001098933011  0.002200349825  0.002207636195  0.005519616005  0.005640569515  0.005514505532  0.001159799806  0.004410679953  0.001292033889  0.001114860052  0.002200349825  0.001116104353  0.002200349825  
piranga_rubra_sdsu2654 0.000000000000  0.001113618523  0.002184753854  0.005474993286  0.005478253367  0.004377843136  0.001129977257  0.004377843136  0.001097432486  0.002184449339  0.000000000000  0.002194342062  0.003279912175  0.003301569953  0.000000000000  0.002286857693  0.002206135722  0.002184449339  0.001091443556  0.001095029044  0.005478253367  0.004479949692  0.005474993286  0.001151784765  0.004377843136  0.001292033889  0.001110842309  0.001091443556  0.000000000000  0.001096229447  
piranga_flava_lsu15408 0.002286857693  0.003441714783  0.003432873046  0.005732348555  0.005735923130  0.004583520117  0.002318672570  0.004583520117  0.002300007179  0.003433835904  0.002294729280  0.003448658150  0.002286857693  0.002302655243  0.002286857693  0.000000000000  0.002310636149  0.002286857693  0.002286857693  0.002294729280  0.004583520117  0.003432873046  0.005732348555  0.003460592574  0.004583520117  0.002585441084  0.002294729280  0.002286857693  0.002286857693  0.002297365198  
piranga_lutea_lsu5400 0.000000000000  0.001122367753  0.002206135722  0.004421394765  0.004425319053  0.004425319053  0.001129977257  0.004425319053  0.001102567957  0.002207636195  0.000000000000  0.002206135722  0.001102567957  0.001102567957  0.002206135722  0.002310636149  0.000000000000  0.002207636195  0.001102567957  0.001106227030  0.004425319053  0.004525567169  0.004421394765  0.001163849304  0.003315216079  0.001292033889  0.000000000000  0.001102567957  0.000000000000  0.001102567957  
piranga_olivacea_ku4672 0.000000000000  0.002229787754  0.002184449339  0.005478253367  0.005483296788  0.004381690406  0.000000000000  0.004381690406  0.001097726682  0.002185920431  0.000000000000  0.002194034864  0.001091734549  0.001098933011  0.002184449339  0.002286857693  0.002207636195  0.000000000000  0.001091734549  0.001095321953  0.005483296788  0.005602646754  0.005478253367  0.001151784765  0.004381690406  0.001292033889  0.001111143741  0.001091734549  0.001108679935  0.001096522999  
piranga_ludoviciana_sdsu2208 0.000000000000  0.001113618523  0.001091443556  0.004377843136  0.004381690406  0.003282568681  0.001129977257  0.003282568681  0.000000000000  0.001091734549  0.000000000000  0.001096229447  0.002185920431  0.002200349825  0.001091443556  0.002286857693  0.001102567957  0.001091734549  0.000000000000  0.000000000000  0.004381690406  0.004479949692  0.004377843136  0.001151784765  0.003282568681  0.001292033889  0.000000000000  0.000000000000  0.000000000000  0.000000000000  
piranga_bidentata_itm160 0.000000000000  0.001117351434  0.001095029044  0.004392264699  0.004396137388  0.003293379467  0.001129977257  0.003293379467  0.000000000000  0.001095321953  0.000000000000  0.001099846501  0.002193111394  0.002207636195  0.001095029044  0.002294729280  0.001106227030  0.001095321953  0.000000000000  0.000000000000  0.004396137388  0.004495052990  0.004392264699  0.001155778390  0.003293379467  0.001297061434  0.000000000000  0.000000000000  0.000000000000  0.000000000000  
piranga_leucoptera_fmnh481795 0.003374888227  0.004469825269  0.005478253367  0.002184449339  0.002185920431  0.005483296788  0.003397822864  0.005483296788  0.003300626304  0.005483296788  0.002296352805  0.005502368283  0.006587399087  0.005519616005  0.005478253367  0.004583520117  0.004425319053  0.005483296788  0.004381690406  0.004396137388  0.000000000000  0.007855830422  0.002184449339  0.003461571076  0.001091734549  0.000000000000  0.003341060971  0.004381690406  0.003333635689  0.004400974243  
piranga_lutea_ku89864 0.002246093459  0.005615230888  0.005604863995  0.008984796654  0.008986341114  0.007855830422  0.005679009155  0.007855830422  0.004505178558  0.005602646754  0.001146502665  0.005630109026  0.005602646754  0.005640569515  0.004479949692  0.003432873046  0.004525567169  0.005602646754  0.004479949692  0.004495052990  0.007855830422  0.000000000000  0.008984796654  0.002305648626  0.007855830422  0.002585441084  0.004495052990  0.004479949692  0.004479949692  0.004500110078  
piranga_rubriceps_lsu34818 0.004500997972  0.005588468566  0.005474993286  0.000000000000  0.002184449339  0.005478253367  0.004531593188  0.005478253367  0.003297940483  0.005478253367  0.003445667797  0.005499079385  0.006581154092  0.005514505532  0.005474993286  0.005732348555  0.004421394765  0.005478253367  0.004377843136  0.004392264699  0.002184449339  0.008984796654  0.000000000000  0.004618280285  0.001091443556  0.001291626325  0.004455872005  0.004377843136  0.004445966620  0.004397093025  
piranga_roseogularis_ku2141 0.001151784765  0.002310636149  0.002305648626  0.004618280285  0.004620582776  0.002305309412  0.001167927180  0.002305309412  0.001158456228  0.002305309412  0.001151784765  0.000000000000  0.001151784765  0.001159799806  0.001151784765  0.003460592574  0.001163849304  0.001151784765  0.001151784765  0.001155778390  0.003461571076  0.002305648626  0.004618280285  0.000000000000  0.003461571076  0.002585441084  0.001155778390  0.001151784765  0.001151784765  0.001157115760  
piranga_erythrocephala_fmnh343371 0.003374888227  0.004469825269  0.004377843136  0.001091443556  0.001091734549  0.004381690406  0.003397822864  0.004381690406  0.002197931711  0.004381690406  0.002296352805  0.004397093025  0.005483296788  0.004410679953  0.004377843136  0.004583520117  0.003315216079  0.004381690406  0.003282568681  0.003293379467  0.001091734549  0.007855830422  0.001091443556  0.003461571076  0.000000000000  0.000000000000  0.003341060971  0.003282568681  0.003333635689  0.003296998903  
piranga_erythrocephala_fmnh343370 0.001292033889  0.002587502528  0.002585441084  0.001291626325  0.001292033889  0.002587502528  0.001297061434  0.002587502528  0.001292033889  0.002587502528  0.001292033889  0.002585441084  0.001292033889  0.001292033889  0.001292033889  0.002585441084  0.001292033889  0.001292033889  0.001292033889  0.001297061434  0.000000000000  0.002585441084  0.001291626325  0.002585441084  0.000000000000  0.000000000000  0.001292033889  0.001292033889  0.001292033889  0.001292033889  
piranga_ludoviciana_sdsu2650 0.000000000000  0.001114860052  0.001110842309  0.004455872005  0.004459857806  0.003341060971  0.001129977257  0.003341060971  0.000000000000  0.001111143741  0.000000000000  0.001112077653  0.001111143741  0.001114860052  0.001110842309  0.002294729280  0.000000000000  0.001111143741  0.000000000000  0.000000000000  0.003341060971  0.004495052990  0.004455872005  0.001155778390  0.003341060971  0.001292033889  0.000000000000  0.000000000000  0.000000000000  0.000000000000  
piranga_bidentata_tepe59 0.000000000000  0.001113618523  0.001091443556  0.004377843136  0.004381690406  0.003282568681  0.001129977257  0.003282568681  0.000000000000  0.001091734549  0.000000000000  0.001096229447  0.002185920431  0.002200349825  0.001091443556  0.002286857693  0.001102567957  0.001091734549  0.000000000000  0.000000000000  0.004381690406  0.004479949692  0.004377843136  0.001151784765  0.003282568681  0.001292033889  0.000000000000  0.000000000000  0.000000000000  0.000000000000  
piranga_rubra_sdsu2635 0.000000000000  0.001113618523  0.001108379838  0.004445966620  0.004449934699  0.003333635689  0.001129977257  0.003333635689  0.000000000000  0.001108679935  0.000000000000  0.001113315747  0.001108679935  0.001116104353  0.000000000000  0.002286857693  0.000000000000  0.001108679935  0.000000000000  0.000000000000  0.003333635689  0.004479949692  0.004445966620  0.001151784765  0.003333635689  0.001292033889  0.000000000000  0.000000000000  0.000000000000  0.000000000000  
piranga_bidentata_itm141 0.000000000000  0.001116104353  0.001096229447  0.004397093025  0.004400974243  0.003296998903  0.001129977257  0.003296998903  0.000000000000  0.001096522999  0.000000000000  0.001096229447  0.002195518907  0.002200349825  0.001096229447  0.002297365198  0.001102567957  0.001096522999  0.000000000000  0.000000000000  0.004400974243  0.004500110078  0.004397093025  0.001157115760  0.003296998903  0.001292033889  0.000000000000  0.000000000000  0.000000000000  0.000000000000  

