30
piranga_rubra_ku26592 0.000000000000  0.014838659308  0.011874247702  0.024463023954  0.012341295751  0.030202820698  0.014986928365  0.033393843299  0.011856321428  0.019921803785  0.013995009925  0.019895157699  0.012993806519  0.012687734395  0.009831161288  0.016351164616  0.013868429885  0.013829107553  0.014487445540  0.016820883917  0.022856531921  0.015829609600  0.028993993928  0.017723563969  0.017659442961  0.018861975211  0.013947504614  0.015871426251  0.008838311349  0.016820883917  
piranga_flava_ku90809 0.014838659308  0.000000000000  0.008879858787  0.020336477365  0.007021232638  0.020955263968  0.008943710893  0.024094605145  0.008850705272  0.014877784137  0.012992961968  0.010858334871  0.001979570357  0.003785195718  0.008847119098  0.002485371316  0.004916980037  0.010851390493  0.009260527161  0.011832617373  0.017845040594  0.004905488185  0.025095944405  0.009902460295  0.015321780829  0.018932495688  0.006168926520  0.016877721635  0.009840019894  0.011832617373  
piranga_ludoviciana_sdsu2385 0.011874247702  0.008879858787  0.000000000000  0.019351772287  0.005276664974  0.019981522664  0.009974257309  0.023074655117  0.009889498636  0.009869154528  0.005954836236  0.009873729164  0.006970652265  0.006324036966  0.003928469021  0.010032324331  0.007902019373  0.007886394998  0.006156472971  0.008876894867  0.016878779973  0.009866007893  0.025006552903  0.008788628807  0.015302531435  0.018894377464  0.006166784715  0.009879727711  0.004915954776  0.008876894867  
piranga_rubriceps_lsu265 0.024463023954  0.020336477365  0.019351772287  0.000000000000  0.007336711466  0.025642424201  0.020545413735  0.028871885034  0.025546781713  0.023507246477  0.023742725104  0.017245675096  0.017458221540  0.015275426447  0.019279715086  0.019495838870  0.017290835724  0.021386235252  0.018070689014  0.021354382610  0.012107211831  0.021354382610  0.001887310120  0.015449233847  0.011719858998  0.015388587555  0.015524291044  0.025572919293  0.020315817245  0.021354382610  
piranga_leucoptera_lsu7783 0.012341295751  0.007021232638  0.005276664974  0.007336711466  0.000000000000  0.005260455057  0.005351973641  0.005260455057  0.007021232638  0.012384107129  0.008824091887  0.003500668380  0.005258167800  0.006589184094  0.003501392931  0.007021232638  0.007021232638  0.003500668380  0.005676006078  0.008789201234  0.001748695991  0.008789201234  0.000000000000  0.006475306607  0.000000000000  0.000000000000  0.002518251088  0.012390460487  0.003501392931  0.008789201234  
cardinalis_cardinalis_ku25393 0.030202820698  0.020955263968  0.019981522664  0.025642424201  0.005260455057  0.000000000000  0.020135555037  0.005919585670  0.024013859750  0.022003129891  0.022229393887  0.017927402153  0.017103222174  0.015327674355  0.019934824442  0.013818508268  0.016949730685  0.021994593614  0.018733961300  0.023003321871  0.023003321871  0.021978092706  0.037235428970  0.018896545896  0.018955513527  0.017200356144  0.015591135346  0.024062022276  0.020955263968  0.023003321871  
piranga_olivacea_ku2699 0.014986928365  0.008943710893  0.009974257309  0.020545413735  0.005351973641  0.020135555037  0.000000000000  0.024339007022  0.006937826748  0.015026837030  0.010064607903  0.010966593542  0.005014561138  0.006320363782  0.006936116690  0.007579765473  0.006965441423  0.008947497572  0.008222606561  0.009937810960  0.019045721187  0.009948532482  0.029050161374  0.011015828196  0.012922868693  0.015414946728  0.003070688694  0.016026678496  0.007934391516  0.009937810960  
cardinalis_cardinalis_ku21828 0.033393843299  0.024094605145  0.023074655117  0.028871885034  0.005260455057  0.005919585670  0.024339007022  0.000000000000  0.028219824214  0.025110479527  0.026330549657  0.021018195080  0.021194898624  0.019225686866  0.023041682092  0.013824594134  0.021004076014  0.025118393979  0.021971160191  0.026135236451  0.026135236451  0.025101615659  0.043466652037  0.022359061802  0.022582123185  0.018932495688  0.015572646430  0.027208659774  0.024070434703  0.026135236451  
piranga_rubra_ku7046 0.011856321428  0.008850705272  0.009889498636  0.025546781713  0.007021232638  0.024013859750  0.006937826748  0.028219824214  0.000000000000  0.015908311320  0.009978314501  0.015871426251  0.004962108286  0.007595250181  0.005888290337  0.010000960654  0.008882044521  0.009860243673  0.010307450750  0.012839792813  0.022913709617  0.011839100796  0.035085249195  0.014373059050  0.016510190786  0.020669989638  0.007714965853  0.015899070382  0.006877317437  0.012839792813  
piranga_bidentata_hgoslp104 0.019921803785  0.014877784137  0.009869154528  0.023507246477  0.012384107129  0.022003129891  0.015026837030  0.025110479527  0.015908311320  0.000000000000  0.013986385293  0.015883476628  0.013014243216  0.010136020302  0.009854268842  0.015111993467  0.013897193273  0.013861742524  0.009256599498  0.014845346451  0.022937533976  0.015869748018  0.028993993928  0.014350355365  0.021273524571  0.022394299659  0.009274292568  0.013893888744  0.010851390493  0.014845346451  
piranga_ludoviciana_sdsu2648 0.013995009925  0.012992961968  0.005954836236  0.023742725104  0.008824091887  0.022229393887  0.010064607903  0.026330549657  0.009978314501  0.013986385293  0.000000000000  0.014009014993  0.009992124583  0.010156239216  0.005952550202  0.013850397683  0.011965407686  0.009958440048  0.008303889378  0.010959509513  0.019055552766  0.013993192660  0.029481106179  0.013375841034  0.014098787383  0.013677220165  0.006170886403  0.011989045830  0.006952455575  0.010959509513  
piranga_roseogularis_ku2049 0.019895157699  0.010858334871  0.009873729164  0.017245675096  0.003500668380  0.017927402153  0.010966593542  0.021018195080  0.015871426251  0.015883476628  0.014009014993  0.000000000000  0.008968086308  0.007603475827  0.009850530445  0.008744540422  0.009873729164  0.009857904951  0.009273021550  0.012848672006  0.014838659308  0.011847003483  0.023072397992  0.004373314656  0.014108011103  0.018899961687  0.006168926520  0.015887187331  0.010847626449  0.012848672006  
piranga_hepatica_ku4970 0.012993806519  0.001979570357  0.006970652265  0.017458221540  0.005258167800  0.017103222174  0.005014561138  0.021194898624  0.004962108286  0.013014243216  0.009992124583  0.008968086308  0.000000000000  0.002519816143  0.006951606661  0.003729977681  0.002968702531  0.008961522379  0.007280268233  0.009962260326  0.015016938481  0.004959843448  0.021625745658  0.007782085471  0.014108011103  0.017148378635  0.004618508833  0.015047069033  0.007952854267  0.009962260326  
piranga_hepatica_ku9084 0.012687734395  0.003785195718  0.006324036966  0.015275426447  0.006589184094  0.015327674355  0.006320363782  0.019225686866  0.007595250181  0.010136020302  0.010156239216  0.007603475827  0.002519816143  0.000000000000  0.006304425033  0.002899776321  0.003780518566  0.010143361365  0.005073483423  0.006311031799  0.015269158696  0.005047872838  0.019542167460  0.007589353239  0.015333989760  0.015403790595  0.004611409488  0.013994322283  0.006304425033  0.006311031799  
piranga_rubra_sdsu2654 0.009831161288  0.008847119098  0.003928469021  0.019279715086  0.003501392931  0.019934824442  0.006936116690  0.023041682092  0.005888290337  0.009854268842  0.005952550202  0.009850530445  0.006951606661  0.006304425033  0.000000000000  0.009996692534  0.007878464652  0.003913096456  0.004097486942  0.006852640310  0.016802457300  0.009820692184  0.027004649837  0.008782270861  0.012892574571  0.017130215542  0.003061288408  0.009867632769  0.000971954234  0.006852640310  
piranga_flava_lsu15408 0.016351164616  0.002485371316  0.010032324331  0.019495838870  0.007021232638  0.013818508268  0.007579765473  0.013824594134  0.010000960654  0.015111993467  0.013850397683  0.008744540422  0.003729977681  0.002899776321  0.009996692534  0.000000000000  0.003728829733  0.010000960654  0.009235352804  0.013798273251  0.015083405756  0.001240918171  0.022891313828  0.010087105176  0.016223629234  0.017424075981  0.004772813280  0.017666276435  0.009996692534  0.013798273251  
piranga_lutea_lsu5400 0.013868429885  0.004916980037  0.007902019373  0.017290835724  0.007021232638  0.016949730685  0.006965441423  0.021004076014  0.008882044521  0.013897193273  0.011965407686  0.009873729164  0.002968702531  0.003780518566  0.007878464652  0.003728829733  0.000000000000  0.009869154528  0.008245142576  0.010863180838  0.016878779973  0.005899967502  0.019276867374  0.008807981708  0.015284538466  0.015403790595  0.004613301550  0.015907459014  0.008871105938  0.010863180838  
piranga_olivacea_ku4672 0.013829107553  0.010851390493  0.007886394998  0.021386235252  0.003500668380  0.021994593614  0.008947497572  0.025118393979  0.009860243673  0.013861742524  0.009958440048  0.009857904951  0.008961522379  0.010143361365  0.003913096456  0.010000960654  0.009869154528  0.000000000000  0.008227031559  0.010830022186  0.018848481873  0.011839100796  0.030992438556  0.012118674350  0.016471337832  0.020634441292  0.004613301550  0.013880112747  0.004896697043  0.010830022186  
piranga_ludoviciana_sdsu2208 0.014487445540  0.009260527161  0.006156472971  0.018070689014  0.005676006078  0.018733961300  0.008222606561  0.021971160191  0.010307450750  0.009256599498  0.008303889378  0.009273021550  0.007280268233  0.005073483423  0.004097486942  0.009235352804  0.008245142576  0.008227031559  0.000000000000  0.005127700194  0.017630455341  0.010300919632  0.025144495142  0.008816374437  0.012961201399  0.013736543825  0.000000000000  0.010307450750  0.005127700194  0.005127700194  
piranga_bidentata_itm160 0.016820883917  0.011832617373  0.008876894867  0.021354382610  0.008789201234  0.023003321871  0.009937810960  0.026135236451  0.012839792813  0.014845346451  0.010959509513  0.012848672006  0.009962260326  0.006311031799  0.006852640310  0.013798273251  0.010863180838  0.010830022186  0.005127700194  0.000000000000  0.019831252162  0.012819679742  0.027031734824  0.008787321498  0.012900396115  0.017148378635  0.003068858012  0.014862793532  0.007840021822  0.000000000000  
piranga_leucoptera_fmnh481795 0.022856531921  0.017845040594  0.016878779973  0.012107211831  0.001748695991  0.023003321871  0.019045721187  0.026135236451  0.022913709617  0.022937533976  0.019055552766  0.014838659308  0.015016938481  0.015269158696  0.016802457300  0.015083405756  0.016878779973  0.018848481873  0.017630455341  0.019831252162  0.000000000000  0.018837979878  0.015269789862  0.015454424638  0.007001421584  0.008502107444  0.015524291044  0.022936564209  0.017809724137  0.019831252162  
piranga_lutea_ku89864 0.015829609600  0.004905488185  0.009866007893  0.021354382610  0.008789201234  0.021978092706  0.009948532482  0.025101615659  0.011839100796  0.015869748018  0.013993192660  0.011847003483  0.004959843448  0.005047872838  0.009820692184  0.001240918171  0.005899967502  0.011839100796  0.010300919632  0.012819679742  0.018837979878  0.000000000000  0.025047580838  0.011003706202  0.016502755332  0.018899961687  0.004604331936  0.017872295513  0.010813878069  0.012819679742  
piranga_rubriceps_lsu34818 0.028993993928  0.025095944405  0.025006552903  0.001887310120  0.000000000000  0.037235428970  0.029050161374  0.043466652037  0.035085249195  0.028993993928  0.029481106179  0.023072397992  0.021625745658  0.019542167460  0.027004649837  0.022891313828  0.019276867374  0.030992438556  0.025144495142  0.027031734824  0.015269789862  0.025047580838  0.000000000000  0.019148623774  0.018818387739  0.018719666813  0.021420021102  0.028993993928  0.028993993928  0.027031734824  
piranga_roseogularis_ku2141 0.017723563969  0.009902460295  0.008788628807  0.015449233847  0.006475306607  0.018896545896  0.011015828196  0.022359061802  0.014373059050  0.014350355365  0.013375841034  0.004373314656  0.007782085471  0.007589353239  0.008782270861  0.010087105176  0.008807981708  0.012118674350  0.008816374437  0.008787321498  0.015454424638  0.011003706202  0.019148623774  0.000000000000  0.014091586601  0.018861975211  0.007708529010  0.015470191104  0.009891576510  0.008787321498  
piranga_erythrocephala_fmnh343371 0.017659442961  0.015321780829  0.015302531435  0.011719858998  0.000000000000  0.018955513527  0.012922868693  0.022582123185  0.016510190786  0.021273524571  0.014098787383  0.014108011103  0.014108011103  0.015333989760  0.012892574571  0.016223629234  0.015284538466  0.016471337832  0.012961201399  0.012900396115  0.007001421584  0.016502755332  0.018818387739  0.014091586601  0.000000000000  0.000000000000  0.013956665141  0.020089192206  0.014082241105  0.012900396115  
piranga_erythrocephala_fmnh343370 0.018861975211  0.018932495688  0.018894377464  0.015388587555  0.000000000000  0.017200356144  0.015414946728  0.018932495688  0.020669989638  0.022394299659  0.013677220165  0.018899961687  0.017148378635  0.015403790595  0.017130215542  0.017424075981  0.015403790595  0.020634441292  0.013736543825  0.017148378635  0.008502107444  0.018899961687  0.018719666813  0.018861975211  0.000000000000  0.000000000000  0.014831708449  0.017130215542  0.017130215542  0.017148378635  
piranga_ludoviciana_sdsu2650 0.013947504614  0.006168926520  0.006166784715  0.015524291044  0.002518251088  0.015591135346  0.003070688694  0.015572646430  0.007714965853  0.009274292568  0.006170886403  0.006168926520  0.004618508833  0.004611409488  0.003061288408  0.004772813280  0.004613301550  0.004613301550  0.000000000000  0.003068858012  0.015524291044  0.004604331936  0.021420021102  0.007708529010  0.013956665141  0.014831708449  0.000000000000  0.010822051893  0.003061288408  0.003068858012  
piranga_bidentata_tepe59 0.015871426251  0.016877721635  0.009879727711  0.025572919293  0.012390460487  0.024062022276  0.016026678496  0.027208659774  0.015899070382  0.013893888744  0.011989045830  0.015887187331  0.015047069033  0.013994322283  0.009867632769  0.017666276435  0.015907459014  0.013880112747  0.010307450750  0.014862793532  0.022936564209  0.017872295513  0.028993993928  0.015470191104  0.020089192206  0.017130215542  0.010822051893  0.000000000000  0.008870849732  0.014862793532  
piranga_rubra_sdsu2635 0.008838311349  0.009840019894  0.004915954776  0.020315817245  0.003501392931  0.020955263968  0.007934391516  0.024070434703  0.006877317437  0.010851390493  0.006952455575  0.010847626449  0.007952854267  0.006304425033  0.000971954234  0.009996692534  0.008871105938  0.004896697043  0.005127700194  0.007840021822  0.017809724137  0.010813878069  0.028993993928  0.009891576510  0.014082241105  0.017130215542  0.003061288408  0.008870849732  0.000000000000  0.007840021822  
piranga_bidentata_itm141 0.016820883917  0.011832617373  0.008876894867  0.021354382610  0.008789201234  0.023003321871  0.009937810960  0.026135236451  0.012839792813  0.014845346451  0.010959509513  0.012848672006  0.009962260326  0.006311031799  0.006852640310  0.013798273251  0.010863180838  0.010830022186  0.005127700194  0.000000000000  0.019831252162  0.012819679742  0.027031734824  0.008787321498  0.012900396115  0.017148378635  0.003068858012  0.014862793532  0.007840021822  0.000000000000  

