30
cardinalis_cardinalis_ku21828 0.000000000000  0.000500272247  0.007539998599  0.009566000459  0.009058470883  0.009058470883  0.006025909640  0.011087519869  0.008556916201  0.008556916201  0.008556916201  0.011094846327  0.011594829796  0.011594829796  0.012102537725  0.013646546225  0.010582744541  0.008556916201  0.009573235523  0.008556916201  0.009573235523  0.009064794861  0.011098173267  0.009573235523  0.012623007367  0.012623007367  0.012626812295  0.017735789066  0.012112091693  0.010082239433  
cardinalis_cardinalis_ku25393 0.000500272247  0.000000000000  0.007034400929  0.009058470883  0.008551501298  0.008551501298  0.005521377074  0.010578912484  0.008049598302  0.008049598302  0.008049598302  0.010585323978  0.011594829796  0.011594829796  0.012102537725  0.013134491789  0.010074091264  0.008049598302  0.009064794861  0.008049598302  0.009064794861  0.008556916201  0.010588345198  0.009064794861  0.012112091693  0.012112091693  0.012115589227  0.017220694388  0.011601743503  0.009573235523  
piranga_leucoptera_fmnh481795 0.007539998599  0.007034400929  0.000000000000  0.006025171525  0.005520938363  0.005520938363  0.002504378419  0.007539237168  0.005018988752  0.005018988752  0.005018988752  0.007542839927  0.008550577238  0.008550577238  0.009056459585  0.010079082200  0.007035300944  0.005018988752  0.006028698919  0.005018988752  0.006028698919  0.005523566477  0.007544919092  0.006028698919  0.009062246420  0.009062246420  0.009064794861  0.014147648120  0.008554671147  0.006534387298  
piranga_leucoptera_lsu7783 0.009566000459  0.009058470883  0.006025171525  0.000000000000  0.005521377074  0.005521377074  0.004514249542  0.009564471126  0.007038417264  0.007038417264  0.007038417264  0.009570383023  0.010578912484  0.010578912484  0.011085963726  0.012115589227  0.009060138306  0.007038417264  0.008051979878  0.007038417264  0.008051979878  0.007544919092  0.009573235523  0.008051979878  0.011094846327  0.011094846327  0.011098173267  0.016195975317  0.010585323978  0.008559600856  
piranga_rubriceps_lsu265 0.009058470883  0.008551501298  0.005520938363  0.005521377074  0.000000000000  0.000000000000  0.004011075749  0.009057244520  0.006532473162  0.006532473162  0.006532473162  0.009062246420  0.010070867469  0.010070867469  0.010577660599  0.011604934324  0.008552866057  0.006532473162  0.007544919092  0.006532473162  0.007544919092  0.007038417264  0.009064794861  0.007544919092  0.010585323978  0.010585323978  0.010588345198  0.015682296818  0.010076366023  0.008051979878  
piranga_rubriceps_lsu34818 0.009058470883  0.008551501298  0.005520938363  0.005521377074  0.000000000000  0.000000000000  0.004011075749  0.009057244520  0.006532473162  0.006532473162  0.006532473162  0.009062246420  0.010070867469  0.010070867469  0.010577660599  0.011604934324  0.008552866057  0.006532473162  0.007544919092  0.006532473162  0.007544919092  0.007038417264  0.009064794861  0.007544919092  0.010585323978  0.010585323978  0.010588345198  0.015682296818  0.010076366023  0.008051979878  
piranga_erythrocephala_fmnh343371 0.006025909640  0.005521377074  0.002504378419  0.004514249542  0.004011075749  0.004011075749  0.000000000000  0.006025171525  0.003510115959  0.003510115959  0.003510115959  0.006028698919  0.007034400929  0.007034400929  0.007539237168  0.008559600856  0.005522253234  0.003510115959  0.004517702161  0.003510115959  0.004517702161  0.004013632867  0.006030749354  0.004517702161  0.007544919092  0.007544919092  0.007547436772  0.012619646059  0.007038417264  0.005022325053  
piranga_bidentata_itm141 0.011087519869  0.010578912484  0.007539237168  0.009564471126  0.009057244520  0.009057244520  0.006025171525  0.000000000000  0.002504852117  0.002504852117  0.002504852117  0.005017257945  0.006026604477  0.006026604477  0.006531353070  0.007539998599  0.004514724300  0.002504852117  0.003508452382  0.002504852117  0.003508452382  0.003006378238  0.005017397908  0.003508452382  0.006529358996  0.006529358996  0.006529958646  0.012612227508  0.006529358996  0.004011075749  
piranga_flava_ku90809 0.008556916201  0.008049598302  0.005018988752  0.007038417264  0.006532473162  0.006532473162  0.003510115959  0.002504852117  0.000000000000  0.000000000000  0.000000000000  0.002504734464  0.003508768708  0.003508768708  0.004011550504  0.005020438902  0.002002768579  0.000000000000  0.001001089779  0.000000000000  0.001001089779  0.000500272247  0.002505563478  0.001001089779  0.004012345081  0.004012345081  0.004013632867  0.010076366023  0.004012345081  0.001502453786  
piranga_ludoviciana_sdsu2648 0.008556916201  0.008049598302  0.005018988752  0.007038417264  0.006532473162  0.006532473162  0.003510115959  0.002504852117  0.000000000000  0.000000000000  0.000000000000  0.002504734464  0.003508768708  0.003508768708  0.004011550504  0.005020438902  0.002002768579  0.000000000000  0.001001089779  0.000000000000  0.001001089779  0.000500272247  0.002505563478  0.001001089779  0.004012345081  0.004012345081  0.004013632867  0.010076366023  0.004012345081  0.001502453786  
piranga_ludoviciana_sdsu2650 0.008556916201  0.008049598302  0.005018988752  0.007038417264  0.006532473162  0.006532473162  0.003510115959  0.002504852117  0.000000000000  0.000000000000  0.000000000000  0.002504734464  0.003508768708  0.003508768708  0.004011550504  0.005020438902  0.002002768579  0.000000000000  0.001001089779  0.000000000000  0.001001089779  0.000500272247  0.002505563478  0.001001089779  0.004012345081  0.004012345081  0.004013632867  0.010076366023  0.004012345081  0.001502453786  
piranga_lutea_ku89864 0.011094846327  0.010585323978  0.007542839927  0.009570383023  0.009062246420  0.009062246420  0.006028698919  0.005017257945  0.002504734464  0.002504734464  0.002504734464  0.000000000000  0.003006200737  0.003006200737  0.003508452382  0.007544919092  0.004514249542  0.002504734464  0.003510115959  0.002504734464  0.003510115959  0.003007150226  0.005020438902  0.003510115959  0.006532473162  0.006532473162  0.006534387298  0.012619646059  0.006532473162  0.004013632867  
piranga_hepatica_ku4970 0.011594829796  0.011594829796  0.008550577238  0.010578912484  0.010070867469  0.010070867469  0.007034400929  0.006026604477  0.003508768708  0.003508768708  0.003508768708  0.003006200737  0.000000000000  0.000000000000  0.000500193641  0.008551501298  0.005521374758  0.003508768708  0.004513970931  0.003508768708  0.004513970931  0.004011094932  0.006025171525  0.004513970931  0.007539237168  0.007539237168  0.007539998599  0.013631110082  0.007539237168  0.005017397908  
piranga_lutea_lsu5400 0.011594829796  0.011594829796  0.008550577238  0.010578912484  0.010070867469  0.010070867469  0.007034400929  0.006026604477  0.003508768708  0.003508768708  0.003508768708  0.003006200737  0.000000000000  0.000000000000  0.000500193641  0.008551501298  0.005521374758  0.003508768708  0.004513970931  0.003508768708  0.004513970931  0.004011094932  0.006025171525  0.004513970931  0.007539237168  0.007539237168  0.007539998599  0.013631110082  0.007539237168  0.005017397908  
piranga_hepatica_ku9084 0.012102537725  0.012102537725  0.009056459585  0.011085963726  0.010577660599  0.010577660599  0.007539237168  0.006531353070  0.004011550504  0.004011550504  0.004011550504  0.003508452382  0.000500193641  0.000500193641  0.000000000000  0.009057244520  0.006025587685  0.004011550504  0.005017257945  0.004011550504  0.005017257945  0.004514129061  0.006529358996  0.005017257945  0.008044468046  0.008044468046  0.008045090470  0.014140136769  0.008044468046  0.005520938363  
piranga_bidentata_itm160 0.013646546225  0.013134491789  0.010079082200  0.012115589227  0.011604934324  0.011604934324  0.008559600856  0.007539998599  0.005020438902  0.005020438902  0.005020438902  0.007544919092  0.008551501298  0.008551501298  0.009057244520  0.000000000000  0.004013632867  0.005020438902  0.006030749354  0.005020438902  0.006030749354  0.005525316440  0.007547436772  0.006030749354  0.009064794861  0.009064794861  0.009067783266  0.015176774738  0.009064794861  0.006536738869  
piranga_rubra_ku7046 0.010582744541  0.010074091264  0.007035300944  0.009060138306  0.008552866057  0.008552866057  0.005522253234  0.004514724300  0.002002768579  0.002002768579  0.002002768579  0.004514249542  0.005521374758  0.005521374758  0.006025587685  0.004013632867  0.000000000000  0.002002768579  0.003006458188  0.002002768579  0.003006458188  0.002504339323  0.004514964526  0.003006458188  0.006025909640  0.006025909640  0.006027085559  0.011596690872  0.006025909640  0.003509126372  
piranga_erythrocephala_fmnh343370 0.008556916201  0.008049598302  0.005018988752  0.007038417264  0.006532473162  0.006532473162  0.003510115959  0.002504852117  0.000000000000  0.000000000000  0.000000000000  0.002504734464  0.003508768708  0.003508768708  0.004011550504  0.005020438902  0.002002768579  0.000000000000  0.001001089779  0.000000000000  0.001001089779  0.000500272247  0.002505563478  0.001001089779  0.004012345081  0.004012345081  0.004013632867  0.010076366023  0.004012345081  0.001502453786  
piranga_ludoviciana_sdsu2208 0.009573235523  0.009064794861  0.006028698919  0.008051979878  0.007544919092  0.007544919092  0.004517702161  0.003508452382  0.001001089779  0.001001089779  0.001001089779  0.003510115959  0.004513970931  0.004513970931  0.005017257945  0.006030749354  0.003006458188  0.001001089779  0.000000000000  0.001001089779  0.002004365462  0.001502453786  0.003511540122  0.002004365462  0.005020438902  0.005020438902  0.005022325053  0.011094846327  0.005020438902  0.002506826005  
piranga_roseogularis_ku2049 0.008556916201  0.008049598302  0.005018988752  0.007038417264  0.006532473162  0.006532473162  0.003510115959  0.002504852117  0.000000000000  0.000000000000  0.000000000000  0.002504734464  0.003508768708  0.003508768708  0.004011550504  0.005020438902  0.002002768579  0.000000000000  0.001001089779  0.000000000000  0.001001089779  0.000500272247  0.002505563478  0.001001089779  0.004012345081  0.004012345081  0.004013632867  0.010076366023  0.004012345081  0.001502453786  
piranga_flava_lsu15408 0.009573235523  0.009064794861  0.006028698919  0.008051979878  0.007544919092  0.007544919092  0.004517702161  0.003508452382  0.001001089779  0.001001089779  0.001001089779  0.003510115959  0.004513970931  0.004513970931  0.005017257945  0.006030749354  0.003006458188  0.001001089779  0.002004365462  0.001001089779  0.000000000000  0.000500272247  0.002505563478  0.001001089779  0.004012345081  0.004012345081  0.004013632867  0.010076366023  0.004012345081  0.001502453786  
piranga_rubra_sdsu2635 0.009064794861  0.008556916201  0.005523566477  0.007544919092  0.007038417264  0.007038417264  0.004013632867  0.003006378238  0.000500272247  0.000500272247  0.000500272247  0.003007150226  0.004011094932  0.004011094932  0.004514129061  0.005525316440  0.002504339323  0.000500272247  0.001502453786  0.000500272247  0.000500272247  0.000000000000  0.002003399886  0.000500272247  0.003509126372  0.003509126372  0.003510115959  0.009567971214  0.003509126372  0.001001089779  
piranga_bidentata_hgoslp104 0.011098173267  0.010588345198  0.007544919092  0.009573235523  0.009064794861  0.009064794861  0.006030749354  0.005017397908  0.002505563478  0.002505563478  0.002505563478  0.005020438902  0.006025171525  0.006025171525  0.006529358996  0.007547436772  0.004514964526  0.002505563478  0.003511540122  0.002505563478  0.002505563478  0.002003399886  0.000000000000  0.002505563478  0.005523566477  0.005523566477  0.005525316440  0.011601743503  0.005523566477  0.003008276489  
piranga_olivacea_ku2699 0.009573235523  0.009064794861  0.006028698919  0.008051979878  0.007544919092  0.007544919092  0.004517702161  0.003508452382  0.001001089779  0.001001089779  0.001001089779  0.003510115959  0.004513970931  0.004513970931  0.005017257945  0.006030749354  0.003006458188  0.001001089779  0.002004365462  0.001001089779  0.001001089779  0.000500272247  0.002505563478  0.000000000000  0.003006458188  0.003006458188  0.003007150226  0.009060138306  0.003006458188  0.000500272247  
piranga_ludoviciana_sdsu2385 0.012623007367  0.012112091693  0.009062246420  0.011094846327  0.010585323978  0.010585323978  0.007544919092  0.006529358996  0.004012345081  0.004012345081  0.004012345081  0.006532473162  0.007539237168  0.007539237168  0.008044468046  0.009064794861  0.006025909640  0.004012345081  0.005020438902  0.004012345081  0.004012345081  0.003509126372  0.005523566477  0.003006458188  0.000000000000  0.000000000000  0.006027085559  0.012106426742  0.006025909640  0.003509126372  
piranga_bidentata_tepe59 0.012623007367  0.012112091693  0.009062246420  0.011094846327  0.010585323978  0.010585323978  0.007544919092  0.006529358996  0.004012345081  0.004012345081  0.004012345081  0.006532473162  0.007539237168  0.007539237168  0.008044468046  0.009064794861  0.006025909640  0.004012345081  0.005020438902  0.004012345081  0.004012345081  0.003509126372  0.005523566477  0.003006458188  0.000000000000  0.000000000000  0.006027085559  0.012106426742  0.006025909640  0.003509126372  
piranga_olivacea_ku4672 0.012626812295  0.012115589227  0.009064794861  0.011098173267  0.010588345198  0.010588345198  0.007547436772  0.006529958646  0.004013632867  0.004013632867  0.004013632867  0.006534387298  0.007539998599  0.007539998599  0.008045090470  0.009067783266  0.006027085559  0.004013632867  0.005022325053  0.004013632867  0.004013632867  0.003510115959  0.005525316440  0.003007150226  0.006027085559  0.006027085559  0.000000000000  0.012109037410  0.006027085559  0.003510115959  
piranga_roseogularis_ku2141 0.017735789066  0.017220694388  0.014147648120  0.016195975317  0.015682296818  0.015682296818  0.012619646059  0.012612227508  0.010076366023  0.010076366023  0.010076366023  0.012619646059  0.013631110082  0.013631110082  0.014140136769  0.015176774738  0.011596690872  0.010076366023  0.011094846327  0.010076366023  0.010076366023  0.009567971214  0.011601743503  0.009060138306  0.012106426742  0.012106426742  0.012109037410  0.000000000000  0.011087519869  0.008552866057  
piranga_rubra_sdsu2654 0.012112091693  0.011601743503  0.008554671147  0.010585323978  0.010076366023  0.010076366023  0.007038417264  0.006529358996  0.004012345081  0.004012345081  0.004012345081  0.006532473162  0.007539237168  0.007539237168  0.008044468046  0.009064794861  0.006025909640  0.004012345081  0.005020438902  0.004012345081  0.004012345081  0.003509126372  0.005523566477  0.003006458188  0.006025909640  0.006025909640  0.006027085559  0.011087519869  0.000000000000  0.002504339323  
piranga_rubra_ku26592 0.010082239433  0.009573235523  0.006534387298  0.008559600856  0.008051979878  0.008051979878  0.005022325053  0.004011075749  0.001502453786  0.001502453786  0.001502453786  0.004013632867  0.005017397908  0.005017397908  0.005520938363  0.006536738869  0.003509126372  0.001502453786  0.002506826005  0.001502453786  0.001502453786  0.001001089779  0.003008276489  0.000500272247  0.003509126372  0.003509126372  0.003510115959  0.008552866057  0.002504339323  0.000000000000  

