30
cardinalis_cardinalis_ku21828 0.000000000000  0.001001003471  0.020340628969  0.018276564860  0.017766593169  0.019808809525  0.015704612689  0.018780576939  0.013642576599  0.014154631069  0.015190446330  0.015190446330  0.014682188363  0.012631856646  0.014168814990  0.016712648365  0.012116525801  0.020333473803  0.019802705715  0.012627532534  0.014163700467  0.018786924382  0.014676809286  0.015704612689  0.014676809286  0.016722815953  0.017238043059  0.014667211594  0.015689208181  0.015689208181  
cardinalis_cardinalis_ku25393 0.001001003471  0.000000000000  0.019304288510  0.017243976604  0.016734537725  0.018774619528  0.014676809286  0.017747991020  0.012620041519  0.013131047108  0.014163700467  0.014163700467  0.013655969302  0.011609841768  0.013143650214  0.015684849590  0.011096079764  0.019297672385  0.018769052525  0.011606041901  0.013139063172  0.017753802763  0.013651118790  0.014676809286  0.013651118790  0.015693955147  0.016208120348  0.013642576599  0.014662993735  0.014662993735  
piranga_leucoptera_fmnh481795 0.020340628969  0.019304288510  0.000000000000  0.006033508930  0.009582644713  0.011606041901  0.010593578013  0.013646654430  0.014659163706  0.015171743080  0.016208120348  0.016208120348  0.015699090109  0.013646654430  0.015185189122  0.017732894159  0.013131047108  0.021357211807  0.020826395183  0.013642576599  0.015180319259  0.019808809525  0.015693955147  0.016722815953  0.015693955147  0.017742568751  0.018258327290  0.015684849590  0.016708148336  0.016708148336  
piranga_leucoptera_lsu7783 0.018276564860  0.017243976604  0.006033508930  0.000000000000  0.007553307898  0.009572071087  0.008561927059  0.011606041901  0.012616875375  0.013127618843  0.014158972368  0.014158972368  0.013651118790  0.011606041901  0.013139063172  0.015680879756  0.011092926022  0.019291446570  0.018763876310  0.011602627107  0.013134862011  0.017747991020  0.013646654430  0.014671816904  0.013646654430  0.015689208181  0.016203108011  0.013638885676  0.014659163706  0.014659163706  
piranga_rubriceps_lsu265 0.017766593169  0.016734537725  0.009582644713  0.007553307898  0.000000000000  0.003006023978  0.007043199634  0.010080734034  0.011090157465  0.011599597765  0.012627532534  0.012627532534  0.012120587522  0.010080734034  0.011609841768  0.014147110386  0.009569313302  0.017747991020  0.017222576862  0.010077716526  0.011606041901  0.016208120348  0.012116525801  0.013139063172  0.012116525801  0.014154631069  0.014667211594  0.012109558761  0.013127618843  0.013127618843  
piranga_rubriceps_lsu34818 0.019808809525  0.018774619528  0.011606041901  0.009572071087  0.003006023978  0.000000000000  0.009061427599  0.012106654202  0.013119657693  0.013630138167  0.014659163706  0.014659163706  0.014150676948  0.012106654202  0.013638885676  0.016183883691  0.011594696961  0.019791672513  0.019266185417  0.012104136124  0.013635582041  0.018248118937  0.014147110386  0.015171743080  0.014147110386  0.016190404415  0.016704037991  0.014141141467  0.015161793398  0.015161793398  
piranga_erythrocephala_fmnh343371 0.015704612689  0.014676809286  0.010593578013  0.008561927059  0.007043199634  0.009061427599  0.000000000000  0.006025877053  0.009057582030  0.009564950135  0.010586638327  0.010586638327  0.010080734034  0.008049186333  0.009572071087  0.012104136124  0.007540865112  0.015689208181  0.015168037525  0.008047204552  0.009569313302  0.014154631069  0.010077716526  0.011096079764  0.010077716526  0.012109558761  0.012620041519  0.010072834707  0.011087774473  0.011087774473  
piranga_erythrocephala_fmnh343370 0.018780576939  0.017747991020  0.013646654430  0.011606041901  0.010080734034  0.012106654202  0.006025877053  0.000000000000  0.012102004912  0.012611703719  0.013638885676  0.013638885676  0.013131047108  0.011090157465  0.012620041519  0.015161793398  0.010579113793  0.018763876310  0.018239474161  0.011087774473  0.012616875375  0.017222576862  0.013127618843  0.014150676948  0.013127618843  0.015168037525  0.015680879756  0.013121923752  0.014141141467  0.014141141467  
piranga_roseogularis_ku2049 0.013642576599  0.012620041519  0.014659163706  0.012616875375  0.011090157465  0.013119657693  0.009057582030  0.012102004912  0.000000000000  0.000500250700  0.005522409598  0.005522409598  0.005019322182  0.003006213002  0.004515282892  0.007033253338  0.002504266241  0.010583745103  0.010070971159  0.003006023978  0.004514331875  0.009061427599  0.005018116140  0.006027213279  0.005018116140  0.007035039003  0.007540865112  0.005016847124  0.006024350362  0.006024350362  
piranga_roseogularis_ku2141 0.014154631069  0.013131047108  0.015171743080  0.013127618843  0.011599597765  0.013630138167  0.009564950135  0.012611703719  0.000500250700  0.000000000000  0.006027213279  0.006027213279  0.005523871180  0.003508729326  0.004011752282  0.007538566038  0.003006023978  0.011092926022  0.010579113793  0.003508286816  0.005018116140  0.009569313302  0.005522409598  0.006532528217  0.005522409598  0.007540865112  0.008047204552  0.005520630277  0.006528897129  0.006528897129  
piranga_flava_ku90809 0.015190446330  0.014163700467  0.016208120348  0.014158972368  0.012627532534  0.014659163706  0.010586638327  0.013638885676  0.005522409598  0.006027213279  0.000000000000  0.000000000000  0.006539594380  0.004518325325  0.006033508930  0.008554058366  0.004012828790  0.012120587522  0.011602627107  0.004516614168  0.006031029595  0.010593578013  0.006536857947  0.007550055699  0.006536857947  0.008558921312  0.009066808145  0.006532528217  0.007542589274  0.007542589274  
piranga_flava_lsu15408 0.015190446330  0.014163700467  0.016208120348  0.014158972368  0.012627532534  0.014659163706  0.010586638327  0.013638885676  0.005522409598  0.006027213279  0.000000000000  0.000000000000  0.006539594380  0.004518325325  0.006033508930  0.008554058366  0.004012828790  0.012120587522  0.011602627107  0.004516614168  0.006031029595  0.010593578013  0.006536857947  0.007550055699  0.006536857947  0.008558921312  0.009066808145  0.006532528217  0.007542589274  0.007542589274  
piranga_lutea_ku89864 0.014682188363  0.013655969302  0.015699090109  0.013651118790  0.012120587522  0.014150676948  0.010080734034  0.013131047108  0.005019322182  0.005523871180  0.006539594380  0.006539594380  0.000000000000  0.002004019265  0.003512333809  0.008049186333  0.003510753200  0.011614026331  0.011096079764  0.004014284921  0.005527936295  0.010087920360  0.006033508930  0.007046193688  0.006033508930  0.008054298028  0.008561927059  0.006028930919  0.007038355448  0.007038355448  
piranga_lutea_lsu5400 0.012631856646  0.011609841768  0.013646654430  0.011606041901  0.010080734034  0.012106654202  0.008049186333  0.011090157465  0.003006213002  0.003508729326  0.004518325325  0.004518325325  0.002004019265  0.000000000000  0.001502259322  0.006025877053  0.001501692668  0.009575212502  0.009061427599  0.002003199887  0.003510753200  0.008054298028  0.004014284921  0.005022875439  0.004014284921  0.006028930919  0.006534502434  0.004011752282  0.005018116140  0.005018116140  
piranga_hepatica_ku9084 0.014168814990  0.013143650214  0.015185189122  0.013139063172  0.011609841768  0.013638885676  0.009572071087  0.012620041519  0.004515282892  0.004011752282  0.006033508930  0.006033508930  0.003512333809  0.001502259322  0.000000000000  0.007542589274  0.003007729135  0.011103541289  0.009569313302  0.003510753200  0.005022875439  0.009578737169  0.005527936295  0.006539594380  0.005527936295  0.007547184945  0.008054298028  0.005523871180  0.006532528217  0.006532528217  
piranga_hepatica_ku4970 0.016712648365  0.015684849590  0.017732894159  0.015680879756  0.014147110386  0.016183883691  0.012104136124  0.015161793398  0.007033253338  0.007538566038  0.008554058366  0.008554058366  0.008049186333  0.006025877053  0.007542589274  0.000000000000  0.005520630277  0.013638885676  0.013121923752  0.006024922620  0.007540865112  0.012109558761  0.008047204552  0.009061427599  0.008047204552  0.010072834707  0.010581236798  0.008044391026  0.009056235815  0.009056235815  
piranga_ludoviciana_sdsu2650 0.012116525801  0.011096079764  0.013131047108  0.011092926022  0.009569313302  0.011594696961  0.007540865112  0.010579113793  0.002504266241  0.003006023978  0.004012828790  0.004012828790  0.003510753200  0.001501692668  0.003007729135  0.005520630277  0.000000000000  0.008054298028  0.007542589274  0.000500250700  0.002004019265  0.006536857947  0.002506284315  0.003512333809  0.002506284315  0.005020908740  0.005020908740  0.002504517570  0.003508729326  0.003508729326  
piranga_ludoviciana_sdsu2648 0.020333473803  0.019297672385  0.021357211807  0.019291446570  0.017747991020  0.019791672513  0.015689208181  0.018763876310  0.010583745103  0.011092926022  0.012120587522  0.012120587522  0.011614026331  0.009575212502  0.011103541289  0.013638885676  0.008054298028  0.000000000000  0.015693955147  0.008561927059  0.010087920360  0.014682188363  0.010597623722  0.011618595215  0.010597623722  0.013143650214  0.013143650214  0.010589916089  0.011606041901  0.011606041901  
piranga_ludoviciana_sdsu2385 0.019802705715  0.018769052525  0.020826395183  0.018763876310  0.017222576862  0.019266185417  0.015168037525  0.018239474161  0.010070971159  0.010579113793  0.011602627107  0.011602627107  0.011096079764  0.009061427599  0.009569313302  0.013121923752  0.007542589274  0.015693955147  0.000000000000  0.007036506068  0.008556298289  0.013134862011  0.009063926190  0.010080734034  0.009063926190  0.011602627107  0.011602627107  0.009059312752  0.010072834707  0.010072834707  
piranga_ludoviciana_sdsu2208 0.012627532534  0.011606041901  0.013642576599  0.011602627107  0.010077716526  0.012104136124  0.008047204552  0.011087774473  0.003006023978  0.003508286816  0.004516614168  0.004516614168  0.004014284921  0.002003199887  0.003510753200  0.006024922620  0.000500250700  0.008561927059  0.007036506068  0.000000000000  0.001502259322  0.006031029595  0.002004019265  0.003009055489  0.002004019265  0.004516614168  0.004516614168  0.002002758730  0.003006213002  0.003006213002  
piranga_bidentata_hgoslp104 0.014163700467  0.013139063172  0.015180319259  0.013134862011  0.011606041901  0.013635582041  0.009569313302  0.012616875375  0.004514331875  0.005018116140  0.006031029595  0.006031029595  0.005527936295  0.003510753200  0.005022875439  0.007540865112  0.002004019265  0.010087920360  0.008556298289  0.001502259322  0.000000000000  0.004516614168  0.000500250700  0.001502259322  0.000500250700  0.003006781514  0.003006781514  0.003509551580  0.004515282892  0.004515282892  
piranga_bidentata_tepe59 0.018786924382  0.017753802763  0.019808809525  0.017747991020  0.016208120348  0.018248118937  0.014154631069  0.017222576862  0.009061427599  0.009569313302  0.010593578013  0.010593578013  0.010087920360  0.008054298028  0.009578737169  0.012109558761  0.006536857947  0.014682188363  0.013134862011  0.006031029595  0.004516614168  0.000000000000  0.005020908740  0.006031029595  0.005020908740  0.007544696011  0.007544696011  0.008051550951  0.009063926190  0.009063926190  
piranga_olivacea_ku4672 0.014676809286  0.013651118790  0.015693955147  0.013646654430  0.012116525801  0.014147110386  0.010077716526  0.013127618843  0.005018116140  0.005522409598  0.006536857947  0.006536857947  0.006033508930  0.004014284921  0.005527936295  0.008047204552  0.002506284315  0.010597623722  0.009063926190  0.002004019265  0.000500250700  0.005020908740  0.000000000000  0.002004019265  0.001001003471  0.003509551580  0.003509551580  0.004012828790  0.005019322182  0.005019322182  
piranga_rubra_ku7046 0.015704612689  0.014676809286  0.016722815953  0.014671816904  0.013139063172  0.015171743080  0.011096079764  0.014150676948  0.006027213279  0.006532528217  0.007550055699  0.007550055699  0.007046193688  0.005022875439  0.006539594380  0.009061427599  0.003512333809  0.011618595215  0.010080734034  0.003009055489  0.001502259322  0.006031029595  0.002004019265  0.000000000000  0.002004019265  0.004516614168  0.004516614168  0.005020908740  0.006028930919  0.006028930919  
piranga_olivacea_ku2699 0.014676809286  0.013651118790  0.015693955147  0.013646654430  0.012116525801  0.014147110386  0.010077716526  0.013127618843  0.005018116140  0.005522409598  0.006536857947  0.006536857947  0.006033508930  0.004014284921  0.005527936295  0.008047204552  0.002506284315  0.010597623722  0.009063926190  0.002004019265  0.000500250700  0.005020908740  0.001001003471  0.002004019265  0.000000000000  0.003509551580  0.003509551580  0.004012828790  0.005019322182  0.005019322182  
piranga_bidentata_itm160 0.016722815953  0.015693955147  0.017742568751  0.015689208181  0.014154631069  0.016190404415  0.012109558761  0.015168037525  0.007035039003  0.007540865112  0.008558921312  0.008558921312  0.008054298028  0.006028930919  0.007547184945  0.010072834707  0.005020908740  0.013143650214  0.011602627107  0.004516614168  0.003006781514  0.007544696011  0.003509551580  0.004516614168  0.003509551580  0.000000000000  0.003009055489  0.006532528217  0.007542589274  0.007542589274  
piranga_bidentata_itm141 0.017238043059  0.016208120348  0.018258327290  0.016203108011  0.014667211594  0.016704037991  0.012620041519  0.015680879756  0.007540865112  0.008047204552  0.009066808145  0.009066808145  0.008561927059  0.006534502434  0.008054298028  0.010581236798  0.005020908740  0.013143650214  0.011602627107  0.004516614168  0.003006781514  0.007544696011  0.003509551580  0.004516614168  0.003509551580  0.003009055489  0.000000000000  0.006532528217  0.007542589274  0.007542589274  
piranga_rubra_sdsu2635 0.014667211594  0.013642576599  0.015684849590  0.013638885676  0.012109558761  0.014141141467  0.010072834707  0.013121923752  0.005016847124  0.005520630277  0.006532528217  0.006532528217  0.006028930919  0.004011752282  0.005523871180  0.008044391026  0.002504517570  0.010589916089  0.009059312752  0.002002758730  0.003509551580  0.008051550951  0.004012828790  0.005020908740  0.004012828790  0.006532528217  0.006532528217  0.000000000000  0.005017290994  0.005017290994  
piranga_rubra_sdsu2654 0.015689208181  0.014662993735  0.016708148336  0.014659163706  0.013127618843  0.015161793398  0.011087774473  0.014141141467  0.006024350362  0.006528897129  0.007542589274  0.007542589274  0.007038355448  0.005018116140  0.006532528217  0.009056235815  0.003508729326  0.011606041901  0.010072834707  0.003006213002  0.004515282892  0.009063926190  0.005019322182  0.006028930919  0.005019322182  0.007542589274  0.007542589274  0.005017290994  0.000000000000  0.000000000000  
piranga_rubra_ku26592 0.015689208181  0.014662993735  0.016708148336  0.014659163706  0.013127618843  0.015161793398  0.011087774473  0.014141141467  0.006024350362  0.006528897129  0.007542589274  0.007542589274  0.007038355448  0.005018116140  0.006532528217  0.009056235815  0.003508729326  0.011606041901  0.010072834707  0.003006213002  0.004515282892  0.009063926190  0.005019322182  0.006028930919  0.005019322182  0.007542589274  0.007542589274  0.005017290994  0.000000000000  0.000000000000  

