30
cardinalis_cardinalis_ku21828 0.000000000000  0.000500250511  0.019815116676  0.018283241461  0.016219173032  0.020867189406  0.013651028700  0.016213392762  0.014659079365  0.015680784522  0.012619976744  0.012619976744  0.015171651184  0.013130975574  0.013134785601  0.014158880360  0.014154544786  0.016712531312  0.019808630792  0.015693843638  0.014667117319  0.016717414360  0.015180216575  0.017232365344  0.018774463054  0.019796829900  0.019808630792  0.014667117319  0.015684749725  0.019802535074  
cardinalis_cardinalis_ku25393 0.000500250511  0.000000000000  0.019297496541  0.017766423885  0.015704486371  0.020347953726  0.013138981099  0.015698971590  0.014147033187  0.015167949834  0.012109500335  0.012109500335  0.014659079365  0.012619976744  0.012623524803  0.013646570428  0.013642497897  0.016198376072  0.019291279180  0.015180216575  0.014154544786  0.016202993906  0.014667117319  0.016717414360  0.018258181307  0.019280014500  0.019291279180  0.014154544786  0.015171651184  0.019285451707  
piranga_leucoptera_fmnh481795 0.019815116676  0.019297496541  0.000000000000  0.006534482236  0.010597560224  0.015201987540  0.012129779062  0.014687830147  0.015185079858  0.016207999595  0.013143561693  0.013143561693  0.015698971590  0.013655872337  0.013661100966  0.014687830147  0.014682073264  0.017243827797  0.020347953726  0.016225340029  0.015195965714  0.018269934224  0.015710387605  0.017766423885  0.019311099420  0.020333273964  0.020347953726  0.015195965714  0.016213392762  0.020340418998  
piranga_leucoptera_lsu7783 0.018283241461  0.017766423885  0.006534482236  0.000000000000  0.010092025496  0.014693972192  0.011623462155  0.014180079025  0.014676701916  0.015698971590  0.012636478694  0.012636478694  0.015190329696  0.013148527007  0.013153876669  0.014180079025  0.014174201651  0.016734390772  0.019836911568  0.015716674920  0.014687830147  0.016728344466  0.015201987540  0.017256840861  0.018800594526  0.019821992349  0.019836911568  0.014687830147  0.015704486371  0.019829257438  
piranga_rubriceps_lsu265 0.016219173032  0.015704486371  0.010597560224  0.010092025496  0.000000000000  0.004518313053  0.008573180925  0.011117527335  0.011613954702  0.012631776154  0.009582588620  0.009582588620  0.012124954950  0.010092025496  0.010096569300  0.011117527335  0.011112461198  0.013661100966  0.016747644021  0.012647035634  0.011623462155  0.014682073264  0.012134986609  0.014180079025  0.015716674920  0.016734390772  0.016747644021  0.011623462155  0.012636478694  0.016740824081  
piranga_rubriceps_lsu34818 0.020867189406  0.020347953726  0.015201987540  0.014693972192  0.004518313053  0.000000000000  0.013165727550  0.015730406310  0.016225340029  0.017250140690  0.014180079025  0.014180079025  0.016740824081  0.014693972192  0.014700499029  0.015730406310  0.015723347944  0.018290477015  0.021404286278  0.017271401555  0.016238832718  0.019318484190  0.016754850221  0.018815990425  0.020364190782  0.021386965600  0.021404286278  0.016238832718  0.017256840861  0.021395431180  
piranga_erythrocephala_fmnh343371 0.013651028700  0.013138981099  0.012129779062  0.011623462155  0.008573180925  0.013165727550  0.000000000000  0.006539566720  0.009066768543  0.010080687538  0.007043171665  0.007043171665  0.009575167304  0.007550022908  0.007553270164  0.008569035807  0.008565271516  0.011103476879  0.014174201651  0.010092025496  0.009073670979  0.012120514647  0.009582588620  0.011618516845  0.013148527007  0.014163601946  0.014174201651  0.009073670979  0.010084084242  0.014168709167  
piranga_erythrocephala_fmnh343370 0.016213392762  0.015698971590  0.014687830147  0.014180079025  0.011117527335  0.015730406310  0.006539566720  0.000000000000  0.011609776099  0.012627458065  0.009578686912  0.009578686912  0.012120514647  0.010087863686  0.010092025496  0.011112461198  0.011107777589  0.013655872337  0.016740824081  0.012641565311  0.011618516845  0.014676701916  0.012129779062  0.014174201651  0.015710387605  0.016728344466  0.016740824081  0.011618516845  0.012631776154  0.016219173032  
piranga_roseogularis_ku2049 0.014659079365  0.014147033187  0.015185079858  0.014676701916  0.011613954702  0.016225340029  0.009066768543  0.011609776099  0.000000000000  0.001000688692  0.003006020625  0.003006020625  0.005520619874  0.003508282586  0.003508724962  0.004515274810  0.004514324735  0.007035021428  0.010077673950  0.006027198863  0.005018106964  0.008045583153  0.005522397998  0.007542566675  0.009061394950  0.010072797630  0.010077673950  0.005018106964  0.006024910217  0.010075043854  
piranga_roseogularis_ku2141 0.015680784522  0.015167949834  0.016207999595  0.015698971590  0.012631776154  0.017250140690  0.010080687538  0.012627458065  0.001000688692  0.000000000000  0.004010733924  0.004010733924  0.006528882590  0.004513754528  0.004514324735  0.005522397998  0.005521318555  0.008045583153  0.011092875884  0.007036487055  0.006025864030  0.009057553220  0.006530919852  0.008554030080  0.010075043854  0.011087729938  0.011092875884  0.006025864030  0.007033937719  0.011090110520  
piranga_flava_ku90809 0.012619976744  0.012109500335  0.013143561693  0.012636478694  0.009582588620  0.014180079025  0.007043171665  0.009578686912  0.003006020625  0.004010733924  0.000000000000  0.000000000000  0.003508282586  0.001501503144  0.001501691776  0.002505208563  0.002504515287  0.005018106964  0.008051521334  0.004012821456  0.003006777933  0.006025864030  0.003509546316  0.005523857824  0.007038334222  0.008047180233  0.008051521334  0.003006777933  0.004011050283  0.008049159753  
piranga_flava_lsu15408 0.012619976744  0.012109500335  0.013143561693  0.012636478694  0.009582588620  0.014180079025  0.007043171665  0.009578686912  0.003006020625  0.004010733924  0.000000000000  0.000000000000  0.003508282586  0.001501503144  0.001501691776  0.002505208563  0.002504515287  0.005018106964  0.008051521334  0.004012821456  0.003006777933  0.006025864030  0.003509546316  0.005523857824  0.007038334222  0.008047180233  0.008051521334  0.003006777933  0.004011050283  0.008049159753  
piranga_lutea_ku89864 0.015171651184  0.014659079365  0.015698971590  0.015190329696  0.012124954950  0.016740824081  0.009575167304  0.012120514647  0.005520619874  0.006528882590  0.003508282586  0.003508282586  0.000000000000  0.002002757362  0.003006209918  0.004011746253  0.004011050283  0.006529710391  0.009569275890  0.005522397998  0.004514324735  0.007539504228  0.005018106964  0.007036487055  0.008554030080  0.009564917391  0.009569275890  0.004514324735  0.005520619874  0.009566904836  
piranga_lutea_lsu5400 0.013130975574  0.012619976744  0.013655872337  0.013148527007  0.010092025496  0.014693972192  0.007550022908  0.010087863686  0.003508282586  0.004513754528  0.001501503144  0.001501503144  0.002002757362  0.000000000000  0.001000688692  0.002003198062  0.002002757362  0.004514324735  0.007544670789  0.003509546316  0.002504515287  0.005521318555  0.003006777933  0.005019311658  0.006532510593  0.007540844362  0.007544670789  0.002504515287  0.003508282586  0.007542566675  
piranga_hepatica_ku9084 0.013134785601  0.012623524803  0.013661100966  0.013153876669  0.010096569300  0.014700499029  0.007553270164  0.010092025496  0.003508724962  0.004514324735  0.001501691776  0.001501691776  0.003006209918  0.001000688692  0.000000000000  0.002004016221  0.002003198062  0.004515274810  0.007547156325  0.003510746270  0.002505208563  0.005522397998  0.003007724293  0.005020896099  0.006534482236  0.007542566675  0.007547156325  0.002505208563  0.003508724962  0.007544670789  
piranga_hepatica_ku4970 0.014158880360  0.013646570428  0.014687830147  0.014180079025  0.011117527335  0.015730406310  0.008569035807  0.011112461198  0.004515274810  0.005522397998  0.002505208563  0.002505208563  0.004011746253  0.002003198062  0.002004016221  0.000000000000  0.003007724293  0.005523857824  0.008561888423  0.004518313053  0.003510746270  0.006532510593  0.004014275516  0.005020896099  0.007547156325  0.008556267330  0.008561888423  0.003510746270  0.004515274810  0.008558886903  
piranga_ludoviciana_sdsu2650 0.014154544786  0.013642497897  0.014682073264  0.014174201651  0.011112461198  0.015723347944  0.008565271516  0.011107777589  0.004514324735  0.005521318555  0.002504515287  0.002504515287  0.004011050283  0.002002757362  0.002003198062  0.003007724293  0.000000000000  0.002504515287  0.005525697656  0.001502257612  0.000500250511  0.003508724962  0.001001002712  0.003007724293  0.004516604375  0.005522397998  0.005525697656  0.000500250511  0.001501503144  0.005523857824  
piranga_ludoviciana_sdsu2648 0.016712531312  0.016198376072  0.017243827797  0.016734390772  0.013661100966  0.018290477015  0.011103476879  0.013655872337  0.007035021428  0.008045583153  0.005018106964  0.005018106964  0.006529710391  0.004514324735  0.004515274810  0.005523857824  0.002504515287  0.000000000000  0.008051521334  0.004012821456  0.003006777933  0.006025864030  0.003509546316  0.005523857824  0.007038334222  0.008047180233  0.008051521334  0.003006777933  0.004011050283  0.008049159753  
piranga_ludoviciana_sdsu2385 0.019808630792  0.019291279180  0.020347953726  0.019836911568  0.016747644021  0.021404286278  0.014174201651  0.016740824081  0.010077673950  0.011092875884  0.008051521334  0.008051521334  0.009569275890  0.007544670789  0.007547156325  0.008561888423  0.005525697656  0.008051521334  0.000000000000  0.004012821456  0.005020896099  0.008049159753  0.005525697656  0.007547156325  0.009066768543  0.010077673950  0.010084084242  0.005020896099  0.006027198863  0.010080687538  
piranga_ludoviciana_sdsu2208 0.015693843638  0.015180216575  0.016225340029  0.015716674920  0.012647035634  0.017271401555  0.010092025496  0.012641565311  0.006027198863  0.007036487055  0.004012821456  0.004012821456  0.005522397998  0.003509546316  0.003510746270  0.004518313053  0.001502257612  0.004012821456  0.004012821456  0.000000000000  0.001001002712  0.004011746253  0.001502257612  0.003510746270  0.005020896099  0.006027198863  0.006031010079  0.001001002712  0.002002757362  0.006028914339  
piranga_bidentata_hgoslp104 0.014667117319  0.014154544786  0.015195965714  0.014687830147  0.011623462155  0.016238832718  0.009073670979  0.011618516845  0.005018106964  0.006025864030  0.003006777933  0.003006777933  0.004514324735  0.002504515287  0.002505208563  0.003510746270  0.000500250511  0.003006777933  0.005020896099  0.001001002712  0.000000000000  0.003006209918  0.000500250511  0.002505208563  0.004012821456  0.005018106964  0.005020896099  0.000000000000  0.001000751623  0.005019311658  
piranga_bidentata_tepe59 0.016717414360  0.016202993906  0.018269934224  0.016728344466  0.014682073264  0.019318484190  0.012120514647  0.014676701916  0.008045583153  0.009057553220  0.006025864030  0.006025864030  0.007539504228  0.005521318555  0.005522397998  0.006532510593  0.003508724962  0.006025864030  0.008049159753  0.004011746253  0.003006209918  0.000000000000  0.002504200101  0.004514324735  0.006025864030  0.007033937719  0.007036487055  0.003006209918  0.004010733924  0.008047180233  
piranga_olivacea_ku4672 0.015180216575  0.014667117319  0.015710387605  0.015201987540  0.012134986609  0.016754850221  0.009582588620  0.012129779062  0.005522397998  0.006530919852  0.003509546316  0.003509546316  0.005018106964  0.003006777933  0.003007724293  0.004014275516  0.001001002712  0.003509546316  0.005525697656  0.001502257612  0.000500250511  0.002504200101  0.000000000000  0.002003198062  0.003509546316  0.004514324735  0.004516604375  0.000500250511  0.001501503144  0.005523857824  
piranga_rubra_ku7046 0.017232365344  0.016717414360  0.017766423885  0.017256840861  0.014180079025  0.018815990425  0.011618516845  0.014174201651  0.007542566675  0.008554030080  0.005523857824  0.005523857824  0.007036487055  0.005019311658  0.005020896099  0.005020896099  0.003007724293  0.005523857824  0.007547156325  0.003510746270  0.002505208563  0.004514324735  0.002003198062  0.000000000000  0.003510746270  0.004515274810  0.004518313053  0.002505208563  0.003508724962  0.007544670789  
piranga_olivacea_ku2699 0.018774463054  0.018258181307  0.019311099420  0.018800594526  0.015716674920  0.020364190782  0.013148527007  0.015710387605  0.009061394950  0.010075043854  0.007038334222  0.007038334222  0.008554030080  0.006532510593  0.006534482236  0.007547156325  0.004516604375  0.007038334222  0.009066768543  0.005020896099  0.004012821456  0.006025864030  0.003509546316  0.003510746270  0.000000000000  0.006027198863  0.006031010079  0.004012821456  0.005018106964  0.009063890453  
piranga_bidentata_itm160 0.019796829900  0.019280014500  0.020333273964  0.019821992349  0.016734390772  0.021386965600  0.014163601946  0.016728344466  0.010072797630  0.011087729938  0.008047180233  0.008047180233  0.009564917391  0.007540844362  0.007542566675  0.008556267330  0.005522397998  0.008047180233  0.010077673950  0.006027198863  0.005018106964  0.007033937719  0.004514324735  0.004515274810  0.006027198863  0.000000000000  0.004012821456  0.005018106964  0.006024910217  0.010075043854  
piranga_bidentata_itm141 0.019808630792  0.019291279180  0.020347953726  0.019836911568  0.016747644021  0.021404286278  0.014174201651  0.016740824081  0.010077673950  0.011092875884  0.008051521334  0.008051521334  0.009569275890  0.007544670789  0.007547156325  0.008561888423  0.005525697656  0.008051521334  0.010084084242  0.006031010079  0.005020896099  0.007036487055  0.004516604375  0.004518313053  0.006031010079  0.004012821456  0.000000000000  0.005020896099  0.006027198863  0.010080687538  
piranga_rubra_sdsu2635 0.014667117319  0.014154544786  0.015195965714  0.014687830147  0.011623462155  0.016238832718  0.009073670979  0.011618516845  0.005018106964  0.006025864030  0.003006777933  0.003006777933  0.004514324735  0.002504515287  0.002505208563  0.003510746270  0.000500250511  0.003006777933  0.005020896099  0.001001002712  0.000000000000  0.003006209918  0.000500250511  0.002505208563  0.004012821456  0.005018106964  0.005020896099  0.000000000000  0.001000751623  0.005019311658  
piranga_rubra_sdsu2654 0.015684749725  0.015171651184  0.016213392762  0.015704486371  0.012636478694  0.017256840861  0.010084084242  0.012631776154  0.006024910217  0.007033937719  0.004011050283  0.004011050283  0.005520619874  0.003508282586  0.003508724962  0.004515274810  0.001501503144  0.004011050283  0.006027198863  0.002002757362  0.001000751623  0.004010733924  0.001501503144  0.003508724962  0.005018106964  0.006024910217  0.006027198863  0.001000751623  0.000000000000  0.004014275516  
piranga_rubra_ku26592 0.019802535074  0.019285451707  0.020340418998  0.019829257438  0.016740824081  0.021395431180  0.014168709167  0.016219173032  0.010075043854  0.011090110520  0.008049159753  0.008049159753  0.009566904836  0.007542566675  0.007544670789  0.008558886903  0.005523857824  0.008049159753  0.010080687538  0.006028914339  0.005019311658  0.008047180233  0.005523857824  0.007544670789  0.009063890453  0.010075043854  0.010080687538  0.005019311658  0.004014275516  0.000000000000  

