30
piranga_rubra_ku26592 0.000000000000  0.002052741280  0.001026866040  0.008252627892  0.014794190985  0.010652488918  0.002132940364  0.013483080918  0.002054078138  0.002056189929  0.001155934799  0.001262465812  0.005146186099  0.004276371193  0.002054078138  0.000000000000  0.002054850320  0.004116871130  0.001174949112  0.002054850320  0.013467783618  0.004116534317  0.009291973011  0.005626875658  0.011007018466  0.004536766487  0.000000000000  0.003087983461  0.002054078138  0.002054850320  
piranga_flava_ku90809 0.002052741280  0.000000000000  0.003085577326  0.010333720250  0.016938097886  0.012805540262  0.003200801444  0.016519197774  0.004114543968  0.004118780721  0.001155934799  0.002527804646  0.003082406981  0.002847759529  0.004114543968  0.000000000000  0.000000000000  0.004116534317  0.002352386260  0.004116871130  0.015566485452  0.002055074495  0.011376447999  0.006757415948  0.012117523651  0.004536766487  0.000000000000  0.005154472432  0.004114543968  0.004116871130  
piranga_ludoviciana_sdsu2385 0.001026866040  0.003085577326  0.000000000000  0.009302547411  0.015883604257  0.011728216680  0.001065147803  0.014998396858  0.003087983461  0.001027921578  0.001157272531  0.002527465152  0.006188600500  0.005709310406  0.003087983461  0.000000000000  0.003088754199  0.003087912317  0.000000000000  0.001027642827  0.013481751060  0.005155389229  0.010344410140  0.006768011095  0.012134475296  0.004536766487  0.000000000000  0.002058306067  0.003087983461  0.001027642827  
piranga_rubriceps_lsu265 0.008252627892  0.010333720250  0.009302547411  0.000000000000  0.011423767993  0.018047935565  0.010735235364  0.019317308632  0.010325106480  0.010346472761  0.005803208636  0.002527804646  0.011369386516  0.008584359492  0.010325106480  0.004961794633  0.010344410140  0.012435042123  0.007084554091  0.010344410140  0.011218953091  0.010344410140  0.004051049254  0.011297289796  0.004302872905  0.003018084701  0.001499617642  0.011392938404  0.010325106480  0.010344410140  
piranga_leucoptera_lsu7783 0.014794190985  0.016938097886  0.015883604257  0.011423767993  0.000000000000  0.024611500899  0.017271308220  0.025452511148  0.015850034728  0.016960054504  0.010717179793  0.010173314180  0.018000999843  0.015833025737  0.015850034728  0.008720211997  0.016956049330  0.019110085727  0.013056298157  0.016956049330  0.008286938767  0.016956049330  0.010376152392  0.018553164912  0.014408799094  0.004535107371  0.003004482969  0.018039206007  0.015850034728  0.016956049330  
cardinalis_cardinalis_ku25393 0.010652488918  0.012805540262  0.011728216680  0.018047935565  0.024611500899  0.000000000000  0.012903038509  0.000000000000  0.012792988605  0.012820324708  0.004797943451  0.005067158811  0.013887778648  0.012926019618  0.012792988605  0.000000000000  0.012819220523  0.014982482015  0.004769339522  0.012819220523  0.023512824115  0.012819220523  0.020228810686  0.011672078401  0.019256065427  0.004536766487  0.000000000000  0.013902631410  0.012792988605  0.012819220523  
piranga_olivacea_ku2699 0.002132940364  0.003200801444  0.001065147803  0.010735235364  0.017271308220  0.012903038509  0.000000000000  0.016694577815  0.004276512531  0.002135217515  0.002394330056  0.003796196560  0.006420380399  0.007147040271  0.004276512531  0.001236343404  0.003204220146  0.003203314024  0.001189291448  0.002133772922  0.015079312206  0.005348402130  0.011818082615  0.006988747551  0.012527004671  0.006059152980  0.000000000000  0.003206815095  0.004276512531  0.002133772922  
cardinalis_cardinalis_ku21828 0.013483080918  0.016519197774  0.014998396858  0.019317308632  0.025452511148  0.000000000000  0.016694577815  0.000000000000  0.014975934217  0.015020926988  0.003551138728  0.006951755673  0.016519071122  0.013870398418  0.016494299539  0.000000000000  0.016544044266  0.018070108252  0.005288230510  0.015020926988  0.026984107918  0.016544044266  0.022374136135  0.010211304834  0.021166994925  0.005552852106  0.000000000000  0.015020926988  0.016494299539  0.015020926988  
piranga_rubra_ku7046 0.002054078138  0.004114543968  0.003087983461  0.010325106480  0.015850034728  0.012792988605  0.004276512531  0.014975934217  0.000000000000  0.004122258516  0.002313993219  0.003796196560  0.007220763637  0.005709310406  0.002051970680  0.001236343404  0.004118780721  0.006188600500  0.002352092354  0.004118780721  0.014501368202  0.006186113773  0.011366239984  0.007887991605  0.013223493761  0.004536766487  0.001499617642  0.005159027059  0.002051970680  0.004118780721  
piranga_bidentata_hgoslp104 0.002056189929  0.004118780721  0.001027921578  0.010346472761  0.016960054504  0.012820324708  0.002135217515  0.015020926988  0.004122258516  0.000000000000  0.002316673607  0.002530663239  0.007228219957  0.005717471179  0.004122258516  0.001237873842  0.004123026208  0.004121112671  0.002354861784  0.002054850320  0.014531473392  0.006192498420  0.011389778725  0.007905809419  0.013252703109  0.004543637675  0.000000000000  0.001026866040  0.004122258516  0.002054850320  
piranga_ludoviciana_sdsu2648 0.001155934799  0.001155934799  0.001157272531  0.005803208636  0.010717179793  0.004797943451  0.002394330056  0.003551138728  0.002313993219  0.002316673607  0.000000000000  0.000000000000  0.003475178594  0.001462337504  0.002313993219  0.001235940150  0.001155934799  0.003475039571  0.002366302432  0.000000000000  0.009310851270  0.002314277659  0.005803208636  0.005803208636  0.009314756145  0.004536766487  0.000000000000  0.003479208901  0.002313993219  0.000000000000  
piranga_roseogularis_ku2049 0.001262465812  0.002527804646  0.002527465152  0.002527804646  0.010173314180  0.005067158811  0.003796196560  0.006951755673  0.003796196560  0.002530663239  0.000000000000  0.000000000000  0.002527465152  0.005749690312  0.003796196560  0.000000000000  0.002527804646  0.003794923841  0.000000000000  0.002530663239  0.010175925653  0.002527804646  0.003796030831  0.000000000000  0.005065787640  0.004536766487  0.000000000000  0.003801006373  0.003796196560  0.002530663239  
piranga_hepatica_ku4970 0.005146186099  0.003082406981  0.006188600500  0.011369386516  0.018000999843  0.013887778648  0.006420380399  0.016519071122  0.007220763637  0.007228219957  0.003475178594  0.002527465152  0.000000000000  0.005709310406  0.007220763637  0.002476251467  0.003085577326  0.007222665095  0.004713584674  0.007224650473  0.016604100515  0.003085577326  0.012411964236  0.005626875658  0.013223493761  0.006049988402  0.000000000000  0.008270358770  0.007220763637  0.007224650473  
piranga_hepatica_ku9084 0.004276371193  0.002847759529  0.005709310406  0.008584359492  0.015833025737  0.012926019618  0.007147040271  0.013870398418  0.005709310406  0.005717471179  0.001462337504  0.005749690312  0.005709310406  0.000000000000  0.007147040271  0.001501869875  0.002851820186  0.007154544094  0.002905682447  0.005717471179  0.017294450518  0.005716820116  0.010027809843  0.005708661207  0.011471469912  0.006068345365  0.001770423752  0.007157271090  0.007147040271  0.005717471179  
piranga_rubra_sdsu2654 0.002054078138  0.004114543968  0.003087983461  0.010325106480  0.015850034728  0.012792988605  0.004276512531  0.016494299539  0.002051970680  0.004122258516  0.002313993219  0.003796196560  0.007220763637  0.007147040271  0.000000000000  0.001236343404  0.004118780721  0.006188600500  0.002352092354  0.004118780721  0.014501368202  0.006186113773  0.011366239984  0.007887991605  0.013223493761  0.006059152980  0.001499617642  0.005159027059  0.002051970680  0.004118780721  
piranga_flava_lsu15408 0.000000000000  0.000000000000  0.000000000000  0.004961794633  0.008720211997  0.000000000000  0.001236343404  0.000000000000  0.001236343404  0.001237873842  0.001235940150  0.000000000000  0.002476251467  0.001501869875  0.001236343404  0.000000000000  0.000000000000  0.002474633704  0.000000000000  0.001237469589  0.007457844669  0.001235940150  0.004961794633  0.003716252965  0.007463752977  0.004536766487  0.000000000000  0.002479321187  0.001236343404  0.001237469589  
piranga_lutea_lsu5400 0.002054850320  0.000000000000  0.003088754199  0.010344410140  0.016956049330  0.012819220523  0.003204220146  0.016544044266  0.004118780721  0.004123026208  0.001155934799  0.002527804646  0.003085577326  0.002851820186  0.004118780721  0.000000000000  0.000000000000  0.004116534317  0.002352386260  0.004121112671  0.015582657484  0.002055074495  0.011388226307  0.006765035064  0.012130887435  0.004536766487  0.000000000000  0.005159791689  0.004118780721  0.004121112671  
piranga_olivacea_ku4672 0.004116871130  0.004116534317  0.003087912317  0.012435042123  0.019110085727  0.014982482015  0.003203314024  0.018070108252  0.006188600500  0.004121112671  0.003475039571  0.003794923841  0.007222665095  0.007154544094  0.006188600500  0.002474633704  0.004116534317  0.000000000000  0.003532322987  0.004120775162  0.016635831452  0.006185890530  0.013482270984  0.007899159699  0.014363477582  0.006055012999  0.000000000000  0.005156801328  0.006188600500  0.004120775162  
piranga_ludoviciana_sdsu2208 0.001174949112  0.002352386260  0.000000000000  0.007084554091  0.013056298157  0.004769339522  0.001189291448  0.005288230510  0.002352092354  0.002354861784  0.002366302432  0.000000000000  0.004713584674  0.002905682447  0.002352092354  0.000000000000  0.002352386260  0.003532322987  0.000000000000  0.002355156384  0.010657522106  0.003532322987  0.008272573398  0.004713584674  0.009469114786  0.004536766487  0.000000000000  0.003536630967  0.002352092354  0.002355156384  
piranga_bidentata_itm160 0.002054850320  0.004116871130  0.001027642827  0.010344410140  0.016956049330  0.012819220523  0.002133772922  0.015020926988  0.004118780721  0.002054850320  0.000000000000  0.002530663239  0.007224650473  0.005717471179  0.004118780721  0.001237469589  0.004121112671  0.004120775162  0.002355156384  0.000000000000  0.014531475833  0.006191591670  0.011388226307  0.007901536595  0.013247862657  0.004543637675  0.000000000000  0.003085577326  0.004118780721  0.000000000000  
piranga_leucoptera_fmnh481795 0.013467783618  0.015566485452  0.013481751060  0.011218953091  0.008286938767  0.023512824115  0.015079312206  0.026984107918  0.014501368202  0.014531473392  0.009310851270  0.010175925653  0.016604100515  0.017294450518  0.014501368202  0.007457844669  0.015582657484  0.016635831452  0.010657522106  0.014531475833  0.000000000000  0.015582657484  0.012250115722  0.018169195657  0.015212180258  0.006040851507  0.001499617642  0.015583764343  0.014501368202  0.014531475833  
piranga_lutea_ku89864 0.004116534317  0.002055074495  0.005155389229  0.010344410140  0.016956049330  0.012819220523  0.005348402130  0.016544044266  0.006186113773  0.006192498420  0.002314277659  0.002527804646  0.003085577326  0.005716820116  0.006186113773  0.001235940150  0.002055074495  0.006185890530  0.003532322987  0.006191591670  0.015582657484  0.000000000000  0.011388226307  0.006765035064  0.012130887435  0.006055012999  0.000000000000  0.007232114800  0.006186113773  0.006191591670  
piranga_rubriceps_lsu34818 0.009291973011  0.011376447999  0.010344410140  0.004051049254  0.010376152392  0.020228810686  0.011818082615  0.022374136135  0.011366239984  0.011389778725  0.005803208636  0.003796030831  0.012411964236  0.010027809843  0.011366239984  0.004961794633  0.011388226307  0.013482270984  0.008272573398  0.011388226307  0.012250115722  0.011388226307  0.000000000000  0.012436304002  0.008645154033  0.003018084701  0.001499617642  0.012437694640  0.011366239984  0.011388226307  
piranga_roseogularis_ku2141 0.005626875658  0.006757415948  0.006768011095  0.011297289796  0.018553164912  0.011672078401  0.006988747551  0.010211304834  0.007887991605  0.007905809419  0.005803208636  0.000000000000  0.005626875658  0.005708661207  0.007887991605  0.003716252965  0.006765035064  0.007899159699  0.004713584674  0.007901536595  0.018169195657  0.006765035064  0.012436304002  0.000000000000  0.014732230790  0.004536766487  0.001499024351  0.009046626100  0.007887991605  0.007901536595  
piranga_erythrocephala_fmnh343371 0.011007018466  0.012117523651  0.012134475296  0.004302872905  0.014408799094  0.019256065427  0.012527004671  0.021166994925  0.013223493761  0.013252703109  0.009314756145  0.005065787640  0.013223493761  0.011471469912  0.013223493761  0.007463752977  0.012130887435  0.014363477582  0.009469114786  0.013247862657  0.015212180258  0.012130887435  0.008645154033  0.014732230790  0.000000000000  0.000000000000  0.004514632837  0.014373846205  0.013223493761  0.013247862657  
piranga_erythrocephala_fmnh343370 0.004536766487  0.004536766487  0.004536766487  0.003018084701  0.004535107371  0.004536766487  0.006059152980  0.005552852106  0.004536766487  0.004543637675  0.004536766487  0.004536766487  0.006049988402  0.006068345365  0.006059152980  0.004536766487  0.004536766487  0.006055012999  0.004536766487  0.004543637675  0.006040851507  0.006055012999  0.003018084701  0.004536766487  0.000000000000  0.000000000000  0.003541882607  0.006068345365  0.006059152980  0.004543637675  
piranga_ludoviciana_sdsu2650 0.000000000000  0.000000000000  0.000000000000  0.001499617642  0.003004482969  0.000000000000  0.000000000000  0.000000000000  0.001499617642  0.000000000000  0.000000000000  0.000000000000  0.000000000000  0.001770423752  0.001499617642  0.000000000000  0.000000000000  0.000000000000  0.000000000000  0.000000000000  0.001499617642  0.000000000000  0.001499617642  0.001499024351  0.004514632837  0.003541882607  0.000000000000  0.001499617642  0.001499617642  0.000000000000  
piranga_bidentata_tepe59 0.003087983461  0.005154472432  0.002058306067  0.011392938404  0.018039206007  0.013902631410  0.003206815095  0.015020926988  0.005159027059  0.001026866040  0.003479208901  0.003801006373  0.008270358770  0.007157271090  0.005159027059  0.002479321187  0.005159791689  0.005156801328  0.003536630967  0.003085577326  0.015583764343  0.007232114800  0.012437694640  0.009046626100  0.014373846205  0.006068345365  0.001499617642  0.000000000000  0.005159027059  0.003085577326  
piranga_rubra_sdsu2635 0.002054078138  0.004114543968  0.003087983461  0.010325106480  0.015850034728  0.012792988605  0.004276512531  0.016494299539  0.002051970680  0.004122258516  0.002313993219  0.003796196560  0.007220763637  0.007147040271  0.002051970680  0.001236343404  0.004118780721  0.006188600500  0.002352092354  0.004118780721  0.014501368202  0.006186113773  0.011366239984  0.007887991605  0.013223493761  0.006059152980  0.001499617642  0.005159027059  0.000000000000  0.004118780721  
piranga_bidentata_itm141 0.002054850320  0.004116871130  0.001027642827  0.010344410140  0.016956049330  0.012819220523  0.002133772922  0.015020926988  0.004118780721  0.002054850320  0.000000000000  0.002530663239  0.007224650473  0.005717471179  0.004118780721  0.001237469589  0.004121112671  0.004120775162  0.002355156384  0.000000000000  0.014531475833  0.006191591670  0.011388226307  0.007901536595  0.013247862657  0.004543637675  0.000000000000  0.003085577326  0.004118780721  0.000000000000  

