30
cardinalis_cardinalis_ku21828 0.000000000000  0.001000701880  0.005522964499  0.008053114612  0.010079890885  0.004013215789  0.008560751829  0.008053114612  0.005522964499  0.004013215789  0.004013215789  0.004517137935  0.011613364038  0.004517137935  0.004517137935  0.009058800772  0.008046584019  0.005021590607  0.008059510565  0.009571198076  0.007543708231  0.007543708231  0.007037423043  0.007541810205  0.007037423043  0.007543708231  0.007546014638  0.006535578913  0.005019859129  0.006029806054  
cardinalis_cardinalis_ku25393 0.001000701880  0.000000000000  0.006531672241  0.009065781432  0.011095447210  0.005019859129  0.009574215504  0.009065781432  0.006531672241  0.005019859129  0.005019859129  0.005524566500  0.012631487355  0.005524566500  0.005524566500  0.010072457855  0.009058800772  0.006029806054  0.009072482361  0.010585954226  0.008555429748  0.008555429748  0.008048351947  0.008553382575  0.008048351947  0.008555429748  0.008557886289  0.007546014638  0.006027926828  0.007039450771  
piranga_olivacea_ku4672 0.005522964499  0.006531672241  0.000000000000  0.005522964499  0.007541810205  0.001501524062  0.006027926828  0.005522964499  0.003006104522  0.001501524062  0.001501524062  0.002002810227  0.009065781432  0.002002810227  0.002002810227  0.006528871443  0.005520600730  0.002504621379  0.005526574924  0.007035803391  0.005017614898  0.005017614898  0.004513990405  0.005017102886  0.004513990405  0.005017614898  0.005018533769  0.004012036454  0.002504265923  0.003508918923  
piranga_roseogularis_ku2049 0.008053114612  0.009065781432  0.005522964499  0.000000000000  0.002002810227  0.004013215789  0.007546014638  0.008053114612  0.005522964499  0.004013215789  0.004013215789  0.004517137935  0.011613364038  0.004517137935  0.004517137935  0.009058800772  0.008046584019  0.005021590607  0.008059510565  0.009571198076  0.007543708231  0.007543708231  0.007037423043  0.007541810205  0.007037423043  0.007543708231  0.007546014638  0.006535578913  0.005019859129  0.006029806054  
piranga_roseogularis_ku2141 0.010079890885  0.011095447210  0.007541810205  0.002002810227  0.000000000000  0.006027926828  0.009571198076  0.010079890885  0.007541810205  0.006027926828  0.006027926828  0.006533421877  0.013651070214  0.006533421877  0.006533421877  0.011087559495  0.010072457855  0.007039450771  0.010086898344  0.011602158986  0.009568590634  0.009568590634  0.009060717734  0.009566393550  0.009060717734  0.009568590634  0.009571198076  0.008557886289  0.007037423043  0.008050528935  
piranga_olivacea_ku2699 0.004013215789  0.005019859129  0.001501524062  0.004013215789  0.006027926828  0.000000000000  0.004517137935  0.004013215789  0.001501524062  0.000000000000  0.000000000000  0.000500261057  0.007548729059  0.000500261057  0.000500261057  0.005017102886  0.004010894700  0.001001044956  0.004016789528  0.005522964499  0.003508918923  0.003508918923  0.003006329114  0.003508420005  0.003006329114  0.003508918923  0.003509823054  0.002505381081  0.001000701880  0.002003296153  
piranga_ludoviciana_sdsu2648 0.008560751829  0.009574215504  0.006027926828  0.007546014638  0.009571198076  0.004517137935  0.000000000000  0.006538142982  0.004013215789  0.004517137935  0.004517137935  0.005021590607  0.012124510003  0.005021590607  0.005021590607  0.009566393550  0.008553382575  0.005526574924  0.008567708432  0.010079890885  0.008050528935  0.008050528935  0.007543708231  0.008048351947  0.007543708231  0.008050528935  0.008053114612  0.007041886205  0.005524566500  0.006535578913  
piranga_ludoviciana_sdsu2208 0.008053114612  0.009065781432  0.005522964499  0.008053114612  0.010079890885  0.004013215789  0.006538142982  0.000000000000  0.002506544659  0.004013215789  0.004013215789  0.004517137935  0.011613364038  0.004517137935  0.004517137935  0.009058800772  0.008046584019  0.005021590607  0.008059510565  0.009571198076  0.007543708231  0.007543708231  0.007037423043  0.007541810205  0.007037423043  0.007543708231  0.007546014638  0.006535578913  0.005019859129  0.006029806054  
piranga_bidentata_hgoslp104 0.005522964499  0.006531672241  0.003006104522  0.005522964499  0.007541810205  0.001501524062  0.004013215789  0.002506544659  0.000000000000  0.001501524062  0.001501524062  0.002002810227  0.009065781432  0.002002810227  0.002002810227  0.006528871443  0.005520600730  0.002504621379  0.005526574924  0.007035803391  0.005017614898  0.005017614898  0.004513990405  0.005017102886  0.004513990405  0.005017614898  0.005018533769  0.004012036454  0.002504265923  0.003508918923  
piranga_ludoviciana_sdsu2650 0.004013215789  0.005019859129  0.001501524062  0.004013215789  0.006027926828  0.000000000000  0.004517137935  0.004013215789  0.001501524062  0.000000000000  0.000000000000  0.000500261057  0.007548729059  0.000500261057  0.000500261057  0.005017102886  0.004010894700  0.001001044956  0.004016789528  0.005522964499  0.003508918923  0.003508918923  0.003006329114  0.003508420005  0.003006329114  0.003508918923  0.003509823054  0.002505381081  0.001000701880  0.002003296153  
piranga_ludoviciana_sdsu2385 0.004013215789  0.005019859129  0.001501524062  0.004013215789  0.006027926828  0.000000000000  0.004517137935  0.004013215789  0.001501524062  0.000000000000  0.000000000000  0.000500261057  0.007548729059  0.000500261057  0.000500261057  0.005017102886  0.004010894700  0.001001044956  0.004016789528  0.005522964499  0.003508918923  0.003508918923  0.003006329114  0.003508420005  0.003006329114  0.003508918923  0.003509823054  0.002505381081  0.001000701880  0.002003296153  
piranga_bidentata_tepe59 0.004517137935  0.005524566500  0.002002810227  0.004517137935  0.006533421877  0.000500261057  0.005021590607  0.004517137935  0.002002810227  0.000500261057  0.000500261057  0.000000000000  0.008056108611  0.001001044956  0.001001044956  0.005520981242  0.004513990405  0.001502352790  0.004521264144  0.006027926828  0.004012036454  0.004012036454  0.003508918923  0.004011262635  0.003508918923  0.004012036454  0.004013215789  0.003007992671  0.001501736786  0.002505381081  
piranga_leucoptera_fmnh481795 0.011613364038  0.012631487355  0.009065781432  0.011613364038  0.013651070214  0.007548729059  0.012124510003  0.011613364038  0.009065781432  0.007548729059  0.007548729059  0.008056108611  0.000000000000  0.007041886205  0.007041886205  0.012109260306  0.011092406186  0.007548729059  0.011622889033  0.013138853998  0.011098899525  0.011098899525  0.010589124318  0.011095447210  0.010589124318  0.011098899525  0.011102762763  0.010086898344  0.008560751829  0.009577642550  
piranga_erythrocephala_fmnh343371 0.004517137935  0.005524566500  0.002002810227  0.004517137935  0.006533421877  0.000500261057  0.005021590607  0.004517137935  0.002002810227  0.000500261057  0.000500261057  0.001001044956  0.007041886205  0.000000000000  0.000000000000  0.005017102886  0.004010894700  0.000500261057  0.004521264144  0.006027926828  0.004012036454  0.004012036454  0.003508918923  0.004011262635  0.003508918923  0.004012036454  0.004013215789  0.003007992671  0.001501736786  0.002505381081  
piranga_erythrocephala_fmnh343370 0.004517137935  0.005524566500  0.002002810227  0.004517137935  0.006533421877  0.000500261057  0.005021590607  0.004517137935  0.002002810227  0.000500261057  0.000500261057  0.001001044956  0.007041886205  0.000000000000  0.000000000000  0.005017102886  0.004010894700  0.000500261057  0.004521264144  0.006027926828  0.004012036454  0.004012036454  0.003508918923  0.004011262635  0.003508918923  0.004012036454  0.004013215789  0.003007992671  0.001501736786  0.002505381081  
piranga_rubriceps_lsu265 0.009058800772  0.010072457855  0.006528871443  0.009058800772  0.011087559495  0.005017102886  0.009566393550  0.009058800772  0.006528871443  0.005017102886  0.005017102886  0.005520981242  0.012109260306  0.005017102886  0.005017102886  0.000000000000  0.001000701880  0.005520981242  0.009063044745  0.010578911309  0.008550517820  0.008550517820  0.008044276834  0.008549700987  0.008044276834  0.008550517820  0.008551745141  0.007540320933  0.006024733206  0.007034592186  
piranga_rubriceps_lsu34818 0.008046584019  0.009058800772  0.005520600730  0.008046584019  0.010072457855  0.004010894700  0.008553382575  0.008046584019  0.005520600730  0.004010894700  0.004010894700  0.004513990405  0.011092406186  0.004010894700  0.004010894700  0.001000701880  0.000000000000  0.004513990405  0.008050528935  0.009564607195  0.007539240786  0.007539240786  0.007033789801  0.007538570140  0.007033789801  0.007539240786  0.007540320933  0.006530330375  0.005017102886  0.006025390033  
piranga_leucoptera_lsu7783 0.005021590607  0.006029806054  0.002504621379  0.005021590607  0.007039450771  0.001001044956  0.005526574924  0.005021590607  0.002504621379  0.001001044956  0.001001044956  0.001502352790  0.007548729059  0.000500261057  0.000500261057  0.005520981242  0.004513990405  0.000000000000  0.005026270451  0.006533421877  0.004515682819  0.004515682819  0.004012036454  0.004514633519  0.004012036454  0.004515682819  0.004517137935  0.003511132031  0.002003296153  0.003007992671  
piranga_bidentata_itm160 0.008059510565  0.009072482361  0.005526574924  0.008059510565  0.010086898344  0.004016789528  0.008567708432  0.008059510565  0.005526574924  0.004016789528  0.004016789528  0.004521264144  0.011622889033  0.004521264144  0.004521264144  0.009063044745  0.008050528935  0.005026270451  0.000000000000  0.004514633519  0.007548729059  0.007548729059  0.007041886205  0.007546014638  0.007041886205  0.007548729059  0.007551851127  0.006541113717  0.005023727836  0.006034784320  
piranga_bidentata_itm141 0.009571198076  0.010585954226  0.007035803391  0.009571198076  0.011602158986  0.005522964499  0.010079890885  0.009571198076  0.007035803391  0.005522964499  0.005522964499  0.006027926828  0.013138853998  0.006027926828  0.006027926828  0.010578911309  0.009564607195  0.006533421877  0.004514633519  0.000000000000  0.009060717734  0.009060717734  0.008553382575  0.009058800772  0.008553382575  0.009060717734  0.009063044745  0.008050528935  0.006531672241  0.007543708231  
piranga_flava_ku90809 0.007543708231  0.008555429748  0.005017614898  0.007543708231  0.009568590634  0.003508918923  0.008050528935  0.007543708231  0.005017614898  0.003508918923  0.003508918923  0.004012036454  0.011098899525  0.004012036454  0.004012036454  0.008550517820  0.007539240786  0.004515682819  0.007548729059  0.009060717734  0.000000000000  0.000000000000  0.001502352790  0.002003296153  0.001502352790  0.002004185657  0.005524566500  0.004517137935  0.003006958621  0.004013215789  
piranga_flava_lsu15408 0.007543708231  0.008555429748  0.005017614898  0.007543708231  0.009568590634  0.003508918923  0.008050528935  0.007543708231  0.005017614898  0.003508918923  0.003508918923  0.004012036454  0.011098899525  0.004012036454  0.004012036454  0.008550517820  0.007539240786  0.004515682819  0.007548729059  0.009060717734  0.000000000000  0.000000000000  0.001502352790  0.002003296153  0.001502352790  0.002004185657  0.005524566500  0.004517137935  0.003006958621  0.004013215789  
piranga_lutea_ku89864 0.007037423043  0.008048351947  0.004513990405  0.007037423043  0.009060717734  0.003006329114  0.007543708231  0.007037423043  0.004513990405  0.003006329114  0.003006329114  0.003508918923  0.010589124318  0.003508918923  0.003508918923  0.008044276834  0.007033789801  0.004012036454  0.007041886205  0.008553382575  0.001502352790  0.001502352790  0.000000000000  0.001501736786  0.001001044956  0.001502352790  0.005019859129  0.004013215789  0.002504621379  0.003509823054  
piranga_lutea_lsu5400 0.007541810205  0.008553382575  0.005017102886  0.007541810205  0.009566393550  0.003508420005  0.008048351947  0.007541810205  0.005017102886  0.003508420005  0.003508420005  0.004011262635  0.011095447210  0.004011262635  0.004011262635  0.008549700987  0.007538570140  0.004514633519  0.007546014638  0.009058800772  0.002003296153  0.002003296153  0.001501736786  0.000000000000  0.000500190340  0.001000701880  0.005522964499  0.004515682819  0.003006329114  0.004012036454  
piranga_hepatica_ku9084 0.007037423043  0.008048351947  0.004513990405  0.007037423043  0.009060717734  0.003006329114  0.007543708231  0.007037423043  0.004513990405  0.003006329114  0.003006329114  0.003508918923  0.010589124318  0.003508918923  0.003508918923  0.008044276834  0.007033789801  0.004012036454  0.007041886205  0.008553382575  0.001502352790  0.001502352790  0.001001044956  0.000500190340  0.000000000000  0.000500261057  0.005019859129  0.004013215789  0.002504621379  0.003509823054  
piranga_hepatica_ku4970 0.007543708231  0.008555429748  0.005017614898  0.007543708231  0.009568590634  0.003508918923  0.008050528935  0.007543708231  0.005017614898  0.003508918923  0.003508918923  0.004012036454  0.011098899525  0.004012036454  0.004012036454  0.008550517820  0.007539240786  0.004515682819  0.007548729059  0.009060717734  0.002004185657  0.002004185657  0.001502352790  0.001000701880  0.000500261057  0.000000000000  0.005524566500  0.004517137935  0.003006958621  0.004013215789  
piranga_rubra_sdsu2635 0.007546014638  0.008557886289  0.005018533769  0.007546014638  0.009571198076  0.003509823054  0.008053114612  0.007546014638  0.005018533769  0.003509823054  0.003509823054  0.004013215789  0.011102762763  0.004013215789  0.004013215789  0.008551745141  0.007540320933  0.004517137935  0.007551851127  0.009063044745  0.005524566500  0.005524566500  0.005019859129  0.005522964499  0.005019859129  0.005524566500  0.000000000000  0.001000701880  0.002505381081  0.003511132031  
piranga_rubra_sdsu2654 0.006535578913  0.007546014638  0.004012036454  0.006535578913  0.008557886289  0.002505381081  0.007041886205  0.006535578913  0.004012036454  0.002505381081  0.002505381081  0.003007992671  0.010086898344  0.003007992671  0.003007992671  0.007540320933  0.006530330375  0.003511132031  0.006541113717  0.008050528935  0.004517137935  0.004517137935  0.004013215789  0.004515682819  0.004013215789  0.004517137935  0.001000701880  0.000000000000  0.001502352790  0.002506544659  
piranga_rubra_ku7046 0.005019859129  0.006027926828  0.002504265923  0.005019859129  0.007037423043  0.001000701880  0.005524566500  0.005019859129  0.002504265923  0.001000701880  0.001000701880  0.001501736786  0.008560751829  0.001501736786  0.001501736786  0.006024733206  0.005017102886  0.002003296153  0.005023727836  0.006531672241  0.003006958621  0.003006958621  0.002504621379  0.003006329114  0.002504621379  0.003006958621  0.002505381081  0.001502352790  0.000000000000  0.001001044956  
piranga_rubra_ku26592 0.006029806054  0.007039450771  0.003508918923  0.006029806054  0.008050528935  0.002003296153  0.006535578913  0.006029806054  0.003508918923  0.002003296153  0.002003296153  0.002505381081  0.009577642550  0.002505381081  0.002505381081  0.007034592186  0.006025390033  0.003007992671  0.006034784320  0.007543708231  0.004013215789  0.004013215789  0.003509823054  0.004012036454  0.003509823054  0.004013215789  0.003511132031  0.002506544659  0.001001044956  0.000000000000  

