30
piranga_rubra_ku26592 0.000000000000  0.004581110743  0.002743069609  0.007345847928  0.003661152296  0.008279856446  0.004177321654  0.007420516706  0.001828525275  0.005502952629  0.005658651066  0.007416240324  0.004746814694  0.003843885330  0.002743069609  0.003866408384  0.005675104707  0.003661152296  0.007065089831  0.004577336769  0.009194050524  0.004577336769  0.006421118212  0.009194050524  0.003888963002  0.002721914739  0.002339791036  0.005508004407  0.003658269584  0.006432591533  
piranga_flava_ku90809 0.004581110743  0.000000000000  0.003661152296  0.008272480690  0.004581110743  0.009209309849  0.004177321654  0.008356739301  0.002745580056  0.004581110743  0.005658651066  0.007416240324  0.002842359304  0.001278500829  0.003661152296  0.000000000000  0.002828957748  0.004581110743  0.004698079490  0.005498283744  0.010123601257  0.001825743992  0.007345847928  0.010123601257  0.003888963002  0.002721914739  0.002339791036  0.006432591533  0.004577336769  0.007359081119  
piranga_ludoviciana_sdsu2385 0.002743069609  0.003661152296  0.000000000000  0.004577336769  0.000912501025  0.005502952629  0.001040702794  0.004623472389  0.000913334444  0.002743069609  0.002820436388  0.004224375431  0.003793580118  0.003843885330  0.001826855047  0.002896689305  0.004724388716  0.000912501025  0.004698079490  0.001825743992  0.006416857111  0.003658269584  0.003658269584  0.006416857111  0.000969096335  0.001358900601  0.000000000000  0.002745580056  0.002741074528  0.003664506393  
piranga_rubriceps_lsu265 0.007345847928  0.008272480690  0.004577336769  0.000000000000  0.003658269584  0.010131486802  0.004173568539  0.008349225895  0.005503326943  0.007345847928  0.007553940276  0.007412293748  0.008573536200  0.007712936854  0.006421118212  0.006781947933  0.007577079830  0.005498283744  0.008246231247  0.006416857111  0.009188391105  0.008266414830  0.000912501025  0.011047591898  0.001939029572  0.002719447748  0.003510986843  0.007352599454  0.007340686301  0.008280091662  
piranga_leucoptera_lsu7783 0.003661152296  0.004581110743  0.000912501025  0.003658269584  0.000000000000  0.006426685684  0.002083816524  0.005553891270  0.001828525275  0.003661152296  0.003764521531  0.005285818332  0.004746814694  0.005132079524  0.002743069609  0.003866408384  0.005675104707  0.001826855047  0.005880029279  0.002741074528  0.005494919482  0.004577336769  0.002741074528  0.007340686301  0.000000000000  0.000000000000  0.001168375703  0.003664506393  0.003658269584  0.004585311943  
cardinalis_cardinalis_ku25393 0.008279856446  0.009209309849  0.005502952629  0.010131486802  0.006426685684  0.000000000000  0.007335943832  0.000920904289  0.006432591533  0.008279856446  0.008514869582  0.010630893280  0.009543494989  0.009018923485  0.007352317681  0.008746579742  0.010459030454  0.006426685684  0.011836769976  0.007345847928  0.011988479584  0.009201024349  0.009201024349  0.011988479584  0.006827887788  0.006835889316  0.007056167677  0.008287481011  0.008272480690  0.009217799102  
piranga_olivacea_ku2699 0.004177321654  0.004177321654  0.001040702794  0.004173568539  0.002083816524  0.007335943832  0.000000000000  0.006280605904  0.002083816524  0.003129352386  0.003129352386  0.005348009732  0.005222820772  0.005138672601  0.003129352386  0.004177321654  0.005222820772  0.002083816524  0.005886952456  0.003126755668  0.007323135625  0.004173568539  0.004173568539  0.007323135625  0.002083816524  0.002725624209  0.001169742403  0.003132620090  0.004173568539  0.005233207309  
cardinalis_cardinalis_ku21828 0.007420516706  0.008356739301  0.004623472389  0.008349225895  0.005553891270  0.000920904289  0.006280605904  0.000000000000  0.005559037050  0.007420516706  0.007632922509  0.009556790202  0.008662649271  0.007719577239  0.006486236711  0.007827093984  0.009498170490  0.005553891270  0.010639100889  0.006480565555  0.011157872285  0.008349225895  0.008349225895  0.011157872285  0.005846113267  0.005460383773  0.005872434006  0.007427406261  0.007413926337  0.008364506190  
piranga_rubra_ku7046 0.001828525275  0.002745580056  0.000913334444  0.005503326943  0.001828525275  0.006432591533  0.002083816524  0.005559037050  0.000000000000  0.003664506393  0.003768067795  0.005291412262  0.002845054867  0.002562645446  0.000913334444  0.001930916587  0.003779243187  0.001828525275  0.005886952456  0.002743581321  0.007347428319  0.002743581321  0.004581531043  0.007347428319  0.001942167093  0.001360749726  0.001169742403  0.003667866642  0.001827412187  0.004589520857  
piranga_bidentata_hgoslp104 0.005502952629  0.004581110743  0.002743069609  0.007345847928  0.003661152296  0.008279856446  0.003129352386  0.007420516706  0.003664506393  0.000000000000  0.003764521531  0.006349769336  0.004746814694  0.003843885330  0.004581110743  0.003866408384  0.005675104707  0.003661152296  0.004698079490  0.004577336769  0.009194050524  0.004577336769  0.006421118212  0.009194050524  0.003888963002  0.004089067394  0.002339791036  0.005508004407  0.005498283744  0.006432591533  
piranga_ludoviciana_sdsu2648 0.005658651066  0.005658651066  0.002820436388  0.007553940276  0.003764521531  0.008514869582  0.003129352386  0.007632922509  0.003768067795  0.003764521531  0.000000000000  0.006349769336  0.006659359367  0.005132079524  0.004710590306  0.005812134396  0.006821603284  0.003764521531  0.007065089831  0.004706599927  0.008500653682  0.005653714171  0.006602824809  0.008500653682  0.003904146177  0.002721914739  0.002339791036  0.004715032464  0.005653714171  0.006614957522  
piranga_roseogularis_ku2049 0.007416240324  0.007416240324  0.004224375431  0.007412293748  0.005285818332  0.010630893280  0.005348009732  0.009556790202  0.005291412262  0.006349769336  0.006349769336  0.000000000000  0.008480093431  0.006416797024  0.006349769336  0.007455736401  0.008480093431  0.005285818332  0.007056129515  0.006347020326  0.010617507847  0.007412293748  0.007412293748  0.002110200192  0.005285818332  0.004083086091  0.002338274688  0.006356496463  0.007412293748  0.008494252956  
piranga_hepatica_ku4970 0.004746814694  0.002842359304  0.003793580118  0.008573536200  0.004746814694  0.009543494989  0.005222820772  0.008662649271  0.002845054867  0.004746814694  0.006659359367  0.008480093431  0.000000000000  0.001278953870  0.003793580118  0.002894464448  0.001957373301  0.004746814694  0.007059529847  0.005698452872  0.009529901853  0.002841611233  0.007613133856  0.009529901853  0.004924470353  0.005453969938  0.004687069296  0.005707495735  0.004744156920  0.007625949345  
piranga_hepatica_ku9084 0.003843885330  0.001278500829  0.003843885330  0.007712936854  0.005132079524  0.009018923485  0.005138672601  0.007719577239  0.002562645446  0.003843885330  0.005132079524  0.006416797024  0.001278953870  0.000000000000  0.003843885330  0.001278500829  0.001278953870  0.005132079524  0.003843885330  0.005132079524  0.010304208379  0.001278500829  0.007712936854  0.009004671912  0.005132079524  0.004084632977  0.003843885330  0.006423969737  0.005128963078  0.007719577239  
piranga_rubra_sdsu2654 0.002743069609  0.003661152296  0.001826855047  0.006421118212  0.002743069609  0.007352317681  0.003129352386  0.006486236711  0.000913334444  0.004581110743  0.004710590306  0.006349769336  0.003793580118  0.003843885330  0.000000000000  0.002896689305  0.004724388716  0.002743069609  0.007065089831  0.003658269584  0.008266414830  0.003658269584  0.005498283744  0.008266414830  0.002913568770  0.002721914739  0.002339791036  0.004585311943  0.000912270409  0.005508004407  
piranga_flava_lsu15408 0.003866408384  0.000000000000  0.002896689305  0.006781947933  0.003866408384  0.008746579742  0.004177321654  0.007827093984  0.001930916587  0.003866408384  0.005812134396  0.007455736401  0.002894464448  0.001278500829  0.002896689305  0.000000000000  0.002986676182  0.003866408384  0.004698079490  0.004834010796  0.008731579190  0.001927815290  0.006781947933  0.008731579190  0.004005801865  0.002721914739  0.002339791036  0.004842906652  0.003863193294  0.006794748740  
piranga_lutea_lsu5400 0.005675104707  0.002828957748  0.004724388716  0.007577079830  0.005675104707  0.010459030454  0.005222820772  0.009498170490  0.003779243187  0.005675104707  0.006821603284  0.008480093431  0.001957373301  0.001278953870  0.004724388716  0.002986676182  0.000000000000  0.005675104707  0.007059529847  0.006623291969  0.011404587866  0.002828216725  0.007577079830  0.011404587866  0.004862215839  0.005453969938  0.004687069296  0.007589774012  0.005671520206  0.008547466819  
piranga_olivacea_ku4672 0.003661152296  0.004581110743  0.000912501025  0.005498283744  0.001826855047  0.006426685684  0.002083816524  0.005553891270  0.001828525275  0.003661152296  0.003764521531  0.005285818332  0.004746814694  0.005132079524  0.002743069609  0.003866408384  0.005675104707  0.000000000000  0.005880029279  0.002741074528  0.007340686301  0.004577336769  0.004577336769  0.007340686301  0.001940282913  0.002721914739  0.001168375703  0.003664506393  0.003658269584  0.004585311943  
piranga_ludoviciana_sdsu2208 0.007065089831  0.004698079490  0.004698079490  0.008246231247  0.005880029279  0.011836769976  0.005886952456  0.010639100889  0.005886952456  0.004698079490  0.007065089831  0.007056129515  0.007059529847  0.003843885330  0.007065089831  0.004698079490  0.007059529847  0.005880029279  0.000000000000  0.007059529847  0.010621186460  0.005875947819  0.008246231247  0.009429695093  0.005880029279  0.002721914739  0.004703604007  0.007073419044  0.008246231247  0.008263020246  
piranga_bidentata_itm160 0.004577336769  0.005498283744  0.001825743992  0.006416857111  0.002741074528  0.007345847928  0.003126755668  0.006480565555  0.002743581321  0.004577336769  0.004706599927  0.006347020326  0.005698452872  0.005132079524  0.003658269584  0.004834010796  0.006623291969  0.002741074528  0.007059529847  0.000000000000  0.008261661603  0.005494919482  0.005494919482  0.008261661603  0.002911317902  0.002721914739  0.002337968258  0.004581531043  0.004574865684  0.003661618396  
piranga_leucoptera_fmnh481795 0.009194050524  0.010123601257  0.006416857111  0.009188391105  0.005494919482  0.011988479584  0.007323135625  0.011157872285  0.007347428319  0.009194050524  0.008500653682  0.010617507847  0.009529901853  0.010304208379  0.008266414830  0.008731579190  0.011404587866  0.007340686301  0.010621186460  0.008261661603  0.000000000000  0.010117031904  0.008261661603  0.011973001028  0.005837046459  0.005450449341  0.007042956284  0.009202511617  0.009188391105  0.010132927219  
piranga_lutea_ku89864 0.004577336769  0.001825743992  0.003658269584  0.008266414830  0.004577336769  0.009201024349  0.004173568539  0.008349225895  0.002743581321  0.004577336769  0.005653714171  0.007412293748  0.002841611233  0.001278500829  0.003658269584  0.001927815290  0.002828216725  0.004577336769  0.005875947819  0.005494919482  0.010117031904  0.000000000000  0.007340686301  0.010117031904  0.003885710282  0.002721914739  0.003510986843  0.006427013822  0.004574865684  0.007352599454  
piranga_rubriceps_lsu34818 0.006421118212  0.007345847928  0.003658269584  0.000912501025  0.002741074528  0.009201024349  0.004173568539  0.008349225895  0.004581531043  0.006421118212  0.006602824809  0.007412293748  0.007613133856  0.007712936854  0.005498283744  0.006781947933  0.007577079830  0.004577336769  0.008246231247  0.005494919482  0.008261661603  0.007340686301  0.000000000000  0.010117031904  0.001939029572  0.002719447748  0.003510986843  0.006427013822  0.006416857111  0.007352599454  
piranga_roseogularis_ku2141 0.009194050524  0.010123601257  0.006416857111  0.011047591898  0.007340686301  0.011988479584  0.007323135625  0.011157872285  0.007347428319  0.009194050524  0.008500653682  0.002110200192  0.009529901853  0.009004671912  0.008266414830  0.008731579190  0.011404587866  0.007340686301  0.009429695093  0.008261661603  0.011973001028  0.010117031904  0.010117031904  0.000000000000  0.006816793088  0.006821977599  0.004684470859  0.009202511617  0.009188391105  0.010132927219  
piranga_erythrocephala_fmnh343371 0.003888963002  0.003888963002  0.000969096335  0.001939029572  0.000000000000  0.006827887788  0.002083816524  0.005846113267  0.001942167093  0.003888963002  0.003904146177  0.005285818332  0.004924470353  0.005132079524  0.002913568770  0.004005801865  0.004862215839  0.001940282913  0.005880029279  0.002911317902  0.005837046459  0.003885710282  0.001939029572  0.006816793088  0.000000000000  0.000000000000  0.001168375703  0.002916401159  0.003885710282  0.004871215939  
piranga_erythrocephala_fmnh343370 0.002721914739  0.002721914739  0.001358900601  0.002719447748  0.000000000000  0.006835889316  0.002725624209  0.005460383773  0.001360749726  0.004089067394  0.002721914739  0.004083086091  0.005453969938  0.004084632977  0.002721914739  0.002721914739  0.005453969938  0.002721914739  0.002721914739  0.002721914739  0.005450449341  0.002721914739  0.002719447748  0.006821977599  0.000000000000  0.000000000000  0.001358900601  0.002721914739  0.004084632977  0.004089067394  
piranga_ludoviciana_sdsu2650 0.002339791036  0.002339791036  0.000000000000  0.003510986843  0.001168375703  0.007056167677  0.001169742403  0.005872434006  0.001169742403  0.002339791036  0.002339791036  0.002338274688  0.004687069296  0.003843885330  0.002339791036  0.002339791036  0.004687069296  0.001168375703  0.004703604007  0.002337968258  0.007042956284  0.003510986843  0.003510986843  0.004684470859  0.001168375703  0.001358900601  0.000000000000  0.002342531560  0.003510986843  0.003518383384  
piranga_bidentata_tepe59 0.005508004407  0.006432591533  0.002745580056  0.007352599454  0.003664506393  0.008287481011  0.003132620090  0.007427406261  0.003667866642  0.005508004407  0.004715032464  0.006356496463  0.005707495735  0.006423969737  0.004585311943  0.004842906652  0.007589774012  0.003664506393  0.007073419044  0.004581531043  0.009202511617  0.006427013822  0.006427013822  0.009202511617  0.002916401159  0.002721914739  0.002342531560  0.000000000000  0.005503326943  0.006432591533  
piranga_rubra_sdsu2635 0.003658269584  0.004577336769  0.002741074528  0.007340686301  0.003658269584  0.008272480690  0.004173568539  0.007413926337  0.001827412187  0.005498283744  0.005653714171  0.007412293748  0.004744156920  0.005128963078  0.000912270409  0.003863193294  0.005671520206  0.003658269584  0.008246231247  0.004574865684  0.009188391105  0.004574865684  0.006416857111  0.009188391105  0.003885710282  0.004084632977  0.003510986843  0.005503326943  0.000000000000  0.006427013822  
piranga_bidentata_itm141 0.006432591533  0.007359081119  0.003664506393  0.008280091662  0.004585311943  0.009217799102  0.005233207309  0.008364506190  0.004589520857  0.006432591533  0.006614957522  0.008494252956  0.007625949345  0.007719577239  0.005508004407  0.006794748740  0.008547466819  0.004585311943  0.008263020246  0.003661618396  0.010132927219  0.007352599454  0.007352599454  0.010132927219  0.004871215939  0.004089067394  0.003518383384  0.006432591533  0.006427013822  0.000000000000  

