30
piranga_rubra_ku26592 0.000000000000  0.002952924529  0.001995622943  0.013410316523  0.014924190589  0.014974722516  0.004455111173  0.013470426001  0.003679243581  0.002952924529  0.001999613423  0.006949451008  0.004434428282  0.003261076093  0.001475370037  0.004583479793  0.004436410603  0.007431165850  0.002211916735  0.002952924529  0.013410316523  0.004449570776  0.011909148249  0.010137319567  0.011909148249  0.007834165017  0.004155464124  0.002952924529  0.001475370037  0.002952924529  
piranga_flava_ku90809 0.002952924529  0.000000000000  0.001887519461  0.009973828328  0.012863751976  0.014336812170  0.007133556454  0.012894442430  0.007378997474  0.002834504036  0.002000817104  0.003464436974  0.001414233364  0.000000000000  0.004253976331  0.001524165245  0.001414835217  0.007127189109  0.002213389789  0.002834504036  0.009973828328  0.001418850099  0.008541703019  0.005046764133  0.008541703019  0.003904007129  0.004161555500  0.002834504036  0.004253976331  0.002834504036  
piranga_ludoviciana_sdsu2385 0.001995622943  0.001887519461  0.000000000000  0.013337658706  0.015274648852  0.017275838242  0.005701026589  0.017275838242  0.004491416352  0.001887519461  0.000000000000  0.007514670485  0.001887519461  0.002058478154  0.003778616786  0.004013694019  0.003783651601  0.005697748338  0.000000000000  0.001887519461  0.013337658706  0.001887519461  0.011419219489  0.007590727769  0.011419219489  0.006738242964  0.002440240967  0.001887519461  0.003778616786  0.001887519461  
piranga_rubriceps_lsu265 0.013410316523  0.009973828328  0.013337658706  0.000000000000  0.005677089455  0.015782925403  0.017270283104  0.014336812170  0.012967032591  0.012863751976  0.008038845811  0.010455294576  0.011409655534  0.008185435551  0.014305025174  0.010750373921  0.011416277922  0.017257588625  0.006663409001  0.012863751976  0.002832088156  0.011448955441  0.001414233364  0.012695648670  0.001414233364  0.001948950433  0.010448586947  0.012863751976  0.014305025174  0.012863751976  
piranga_leucoptera_lsu7783 0.014924190589  0.012863751976  0.015274648852  0.005677089455  0.000000000000  0.018713162205  0.020215217719  0.017261471152  0.014849332690  0.015773914338  0.008038845811  0.012219985641  0.014305025174  0.009838115225  0.017220710146  0.012304689927  0.014316285616  0.020197740484  0.008907165950  0.015773914338  0.002834504036  0.014357397675  0.004253976331  0.012695648670  0.004253976331  0.001948950433  0.010448586947  0.015773914338  0.017220710146  0.015773914338  
cardinalis_cardinalis_ku25393 0.014974722516  0.014336812170  0.017275838242  0.015782925403  0.018713162205  0.000000000000  0.020265369984  0.001416236254  0.013022620382  0.017261471152  0.010102921443  0.014016719881  0.015782925403  0.008211389165  0.017261471152  0.013896671901  0.015796568677  0.021707027170  0.002218299763  0.017261471152  0.015782925403  0.015842073152  0.014336812170  0.015328736615  0.014336812170  0.007871352225  0.012612512732  0.017261471152  0.017261471152  0.017261471152  
piranga_olivacea_ku2699 0.004455111173  0.007133556454  0.005701026589  0.017270283104  0.020215217719  0.020265369984  0.000000000000  0.018807568758  0.007391354145  0.007133556454  0.006021428127  0.010463316048  0.008566093322  0.008224897119  0.005704701162  0.009238806099  0.008574751619  0.005692436542  0.006663409001  0.007133556454  0.017270283104  0.008599331461  0.015819288188  0.012705510147  0.015819288188  0.011801054295  0.008349379597  0.007133556454  0.005704701162  0.007133556454  
cardinalis_cardinalis_ku21828 0.013470426001  0.012894442430  0.017275838242  0.014336812170  0.017261471152  0.001416236254  0.018807568758  0.000000000000  0.013022620382  0.015813544785  0.010102921443  0.012252865422  0.014336812170  0.008211389165  0.015813544785  0.012342968770  0.014351430391  0.020244454124  0.002218299763  0.015813544785  0.014336812170  0.014392745314  0.012894442430  0.015328736615  0.012894442430  0.007871352225  0.012612512732  0.015813544785  0.015813544785  0.015813544785  
piranga_rubra_ku7046 0.003679243581  0.007378997474  0.004491416352  0.012967032591  0.014849332690  0.013022620382  0.007391354145  0.013022620382  0.000000000000  0.007378997474  0.004005655247  0.012110728509  0.009233004633  0.007378997474  0.001835549833  0.009233004633  0.009243713102  0.011093220255  0.007105308402  0.007378997474  0.012967032591  0.007378997474  0.011102257547  0.012705510147  0.011102257547  0.009832173082  0.006247131016  0.007378997474  0.001835549833  0.007378997474  
piranga_bidentata_hgoslp104 0.002952924529  0.002834504036  0.001887519461  0.012863751976  0.015773914338  0.017261471152  0.007133556454  0.015813544785  0.007378997474  0.000000000000  0.002000817104  0.006955557242  0.004253976331  0.003264824288  0.004253976331  0.004585598039  0.004259039597  0.007127189109  0.002213389789  0.000000000000  0.012863751976  0.004271167083  0.011426201125  0.010150361355  0.011426201125  0.007841932976  0.004161555500  0.000000000000  0.004253976331  0.000000000000  
piranga_ludoviciana_sdsu2648 0.001999613423  0.002000817104  0.000000000000  0.008038845811  0.008038845811  0.010102921443  0.006021428127  0.010102921443  0.004005655247  0.002000817104  0.000000000000  0.006119694197  0.004005655247  0.002000817104  0.004005655247  0.004005655247  0.004011314518  0.004005655247  0.000000000000  0.002000817104  0.008038845811  0.002000817104  0.006021428127  0.007590727769  0.006021428127  0.006339541511  0.002079885190  0.002000817104  0.004005655247  0.002000817104  
piranga_roseogularis_ku2049 0.006949451008  0.003464436974  0.007514670485  0.010455294576  0.012219985641  0.014016719881  0.010463316048  0.012252865422  0.012110728509  0.006955557242  0.006119694197  0.000000000000  0.005203598443  0.003785769299  0.008702669404  0.005390603195  0.005206330910  0.010463316048  0.002213389789  0.006955557242  0.010455294576  0.005224464611  0.008702669404  0.000000000000  0.008702669404  0.008609866874  0.008509239584  0.006955557242  0.008702669404  0.006955557242  
piranga_hepatica_ku4970 0.004434428282  0.001414233364  0.001887519461  0.011409655534  0.014305025174  0.015782925403  0.008566093322  0.014336812170  0.009233004633  0.004253976331  0.004005655247  0.005203598443  0.000000000000  0.001628407767  0.005677089455  0.003052537796  0.002831679105  0.008560728085  0.004431702175  0.004253976331  0.011409655534  0.002839720299  0.009973828328  0.005046764133  0.009973828328  0.005864831267  0.006247131016  0.004253976331  0.005677089455  0.004253976331  
piranga_hepatica_ku9084 0.003261076093  0.000000000000  0.002058478154  0.008185435551  0.009838115225  0.008211389165  0.008224897119  0.008211389165  0.007378997474  0.003264824288  0.002000817104  0.003785769299  0.001628407767  0.000000000000  0.004900184387  0.001628407767  0.001629205830  0.008216425563  0.002213389789  0.003264824288  0.008185435551  0.001629205830  0.006540377722  0.005046764133  0.006540377722  0.003904007129  0.004161555500  0.003264824288  0.004900184387  0.003264824288  
piranga_rubra_sdsu2654 0.001475370037  0.004253976331  0.003778616786  0.014305025174  0.017220710146  0.017261471152  0.005704701162  0.015813544785  0.001835549833  0.004253976331  0.004005655247  0.008702669404  0.005677089455  0.004900184387  0.000000000000  0.006120082859  0.005681158368  0.008560728085  0.004431702175  0.004253976331  0.014305025174  0.005697342328  0.012863751976  0.012705510147  0.012863751976  0.009812876116  0.006247131016  0.004253976331  0.000000000000  0.004253976331  
piranga_flava_lsu15408 0.004583479793  0.001524165245  0.004013694019  0.010750373921  0.012304689927  0.013896671901  0.009238806099  0.012342968770  0.009233004633  0.004585598039  0.004005655247  0.005390603195  0.003052537796  0.001628407767  0.006120082859  0.000000000000  0.003052062376  0.009232560539  0.004431702175  0.004585598039  0.010750373921  0.003052062376  0.009204233680  0.007584903560  0.009204233680  0.005864831267  0.006247131016  0.004585598039  0.006120082859  0.004585598039  
piranga_lutea_lsu5400 0.004436410603  0.001414835217  0.003783651601  0.011416277922  0.014316285616  0.015796568677  0.008574751619  0.014351430391  0.009243713102  0.004259039597  0.004011314518  0.005206330910  0.002831679105  0.001629205830  0.005681158368  0.003052062376  0.000000000000  0.008566093322  0.004438632183  0.004259039597  0.011416277922  0.002842561319  0.009981449266  0.007590727769  0.009981449266  0.005868305382  0.006258066921  0.004259039597  0.005681158368  0.004259039597  
piranga_olivacea_ku4672 0.007431165850  0.007127189109  0.005697748338  0.017257588625  0.020197740484  0.021707027170  0.005692436542  0.020244454124  0.011093220255  0.007127189109  0.004005655247  0.010463316048  0.008560728085  0.008216425563  0.008560728085  0.009232560539  0.008566093322  0.000000000000  0.004438632183  0.007127189109  0.017257588625  0.008590623318  0.015805605365  0.012705510147  0.015805605365  0.011790835829  0.006247131016  0.007127189109  0.008560728085  0.007127189109  
piranga_ludoviciana_sdsu2208 0.002211916735  0.002213389789  0.000000000000  0.006663409001  0.008907165950  0.002218299763  0.006663409001  0.002218299763  0.007105308402  0.002213389789  0.000000000000  0.002213389789  0.004431702175  0.002213389789  0.004431702175  0.004431702175  0.004438632183  0.004438632183  0.000000000000  0.002213389789  0.006663409001  0.004438632183  0.004438632183  0.003088371121  0.004438632183  0.005133620554  0.000000000000  0.002213389789  0.004431702175  0.002213389789  
piranga_bidentata_itm160 0.002952924529  0.002834504036  0.001887519461  0.012863751976  0.015773914338  0.017261471152  0.007133556454  0.015813544785  0.007378997474  0.000000000000  0.002000817104  0.006955557242  0.004253976331  0.003264824288  0.004253976331  0.004585598039  0.004259039597  0.007127189109  0.002213389789  0.000000000000  0.012863751976  0.004271167083  0.011426201125  0.010150361355  0.011426201125  0.007841932976  0.004161555500  0.000000000000  0.004253976331  0.000000000000  
piranga_leucoptera_fmnh481795 0.013410316523  0.009973828328  0.013337658706  0.002832088156  0.002834504036  0.015782925403  0.017270283104  0.014336812170  0.012967032591  0.012863751976  0.008038845811  0.010455294576  0.011409655534  0.008185435551  0.014305025174  0.010750373921  0.011416277922  0.017257588625  0.006663409001  0.012863751976  0.000000000000  0.011448955441  0.001414233364  0.012695648670  0.001414233364  0.001948950433  0.010448586947  0.012863751976  0.014305025174  0.012863751976  
piranga_lutea_ku89864 0.004449570776  0.001418850099  0.001887519461  0.011448955441  0.014357397675  0.015842073152  0.008599331461  0.014392745314  0.007378997474  0.004271167083  0.002000817104  0.005224464611  0.002839720299  0.001629205830  0.005697342328  0.003052062376  0.002842561319  0.008590623318  0.004438632183  0.004271167083  0.011448955441  0.000000000000  0.010009997284  0.005046764133  0.010009997284  0.003904007129  0.004161555500  0.004271167083  0.005697342328  0.004271167083  
piranga_rubriceps_lsu34818 0.011909148249  0.008541703019  0.011419219489  0.001414233364  0.004253976331  0.014336812170  0.015819288188  0.012894442430  0.011102257547  0.011426201125  0.006021428127  0.008702669404  0.009973828328  0.006540377722  0.012863751976  0.009204233680  0.009981449266  0.015805605365  0.004438632183  0.011426201125  0.001414233364  0.010009997284  0.000000000000  0.010137319567  0.000000000000  0.000000000000  0.008349379597  0.011426201125  0.012863751976  0.011426201125  
piranga_roseogularis_ku2141 0.010137319567  0.005046764133  0.007590727769  0.012695648670  0.012695648670  0.015328736615  0.012705510147  0.015328736615  0.012705510147  0.010150361355  0.007590727769  0.000000000000  0.005046764133  0.005046764133  0.012705510147  0.007584903560  0.007590727769  0.012705510147  0.003088371121  0.010150361355  0.012695648670  0.005046764133  0.010137319567  0.000000000000  0.010137319567  0.010137319567  0.010150361355  0.010150361355  0.012705510147  0.010150361355  
piranga_erythrocephala_fmnh343371 0.011909148249  0.008541703019  0.011419219489  0.001414233364  0.004253976331  0.014336812170  0.015819288188  0.012894442430  0.011102257547  0.011426201125  0.006021428127  0.008702669404  0.009973828328  0.006540377722  0.012863751976  0.009204233680  0.009981449266  0.015805605365  0.004438632183  0.011426201125  0.001414233364  0.010009997284  0.000000000000  0.010137319567  0.000000000000  0.000000000000  0.008349379597  0.011426201125  0.012863751976  0.011426201125  
piranga_erythrocephala_fmnh343370 0.007834165017  0.003904007129  0.006738242964  0.001948950433  0.001948950433  0.007871352225  0.011801054295  0.007871352225  0.009832173082  0.007841932976  0.006339541511  0.008609866874  0.005864831267  0.003904007129  0.009812876116  0.005864831267  0.005868305382  0.011790835829  0.005133620554  0.007841932976  0.001948950433  0.003904007129  0.000000000000  0.010137319567  0.000000000000  0.000000000000  0.008455277053  0.007841932976  0.009812876116  0.007841932976  
piranga_ludoviciana_sdsu2650 0.004155464124  0.004161555500  0.002440240967  0.010448586947  0.010448586947  0.012612512732  0.008349379597  0.012612512732  0.006247131016  0.004161555500  0.002079885190  0.008509239584  0.006247131016  0.004161555500  0.006247131016  0.006247131016  0.006258066921  0.006247131016  0.000000000000  0.004161555500  0.010448586947  0.004161555500  0.008349379597  0.010150361355  0.008349379597  0.008455277053  0.000000000000  0.004161555500  0.006247131016  0.004161555500  
piranga_bidentata_tepe59 0.002952924529  0.002834504036  0.001887519461  0.012863751976  0.015773914338  0.017261471152  0.007133556454  0.015813544785  0.007378997474  0.000000000000  0.002000817104  0.006955557242  0.004253976331  0.003264824288  0.004253976331  0.004585598039  0.004259039597  0.007127189109  0.002213389789  0.000000000000  0.012863751976  0.004271167083  0.011426201125  0.010150361355  0.011426201125  0.007841932976  0.004161555500  0.000000000000  0.004253976331  0.000000000000  
piranga_rubra_sdsu2635 0.001475370037  0.004253976331  0.003778616786  0.014305025174  0.017220710146  0.017261471152  0.005704701162  0.015813544785  0.001835549833  0.004253976331  0.004005655247  0.008702669404  0.005677089455  0.004900184387  0.000000000000  0.006120082859  0.005681158368  0.008560728085  0.004431702175  0.004253976331  0.014305025174  0.005697342328  0.012863751976  0.012705510147  0.012863751976  0.009812876116  0.006247131016  0.004253976331  0.000000000000  0.004253976331  
piranga_bidentata_itm141 0.002952924529  0.002834504036  0.001887519461  0.012863751976  0.015773914338  0.017261471152  0.007133556454  0.015813544785  0.007378997474  0.000000000000  0.002000817104  0.006955557242  0.004253976331  0.003264824288  0.004253976331  0.004585598039  0.004259039597  0.007127189109  0.002213389789  0.000000000000  0.012863751976  0.004271167083  0.011426201125  0.010150361355  0.011426201125  0.007841932976  0.004161555500  0.000000000000  0.004253976331  0.000000000000  

