30
cardinalis_cardinalis_ku21828 0.000000000000  0.007038400968  0.023976499126  0.023976499126  0.026060184387  0.021387798410  0.023446068617  0.023446068617  0.018808789499  0.018808789499  0.018270465551  0.018794087263  0.015717162833  0.021357666336  0.014688247418  0.015202439414  0.015196383980  0.019845736334  0.018276962042  0.020333928831  0.030765863310  0.031812421362  0.033402575967  0.030248627438  0.029183284753  0.026050771998  0.024490068960  0.025545793326  0.021405216007  0.021379676944  
cardinalis_cardinalis_ku25393 0.007038400968  0.000000000000  0.025004031091  0.025004031091  0.027090146643  0.022412134222  0.024473294893  0.024473294893  0.019829951348  0.019829951348  0.018774961797  0.019815729662  0.016734881000  0.022382967764  0.015704905954  0.016219627217  0.016213813986  0.020867974429  0.019298069114  0.021357666336  0.031801526437  0.032849440360  0.034441282282  0.031283496086  0.030217276611  0.027080972484  0.025518386181  0.026574968605  0.022429076915  0.022404252181  
piranga_erythrocephala_fmnh343370 0.023976499126  0.025004031091  0.000000000000  0.000000000000  0.010080837612  0.005525750603  0.011602744712  0.011602744712  0.017250668405  0.017250668405  0.016717806675  0.017238360347  0.014169062520  0.019797334860  0.013143855815  0.013656195368  0.013651324155  0.018283848512  0.016723108725  0.018774961797  0.029173394492  0.030217276611  0.031801526437  0.028656874130  0.028647263052  0.025518386181  0.023959485560  0.024490068960  0.019837648614  0.019815729662  
piranga_erythrocephala_fmnh343371 0.023976499126  0.025004031091  0.000000000000  0.000000000000  0.010080837612  0.005525750603  0.011602744712  0.011602744712  0.017250668405  0.017250668405  0.016717806675  0.017238360347  0.014169062520  0.019797334860  0.013143855815  0.013656195368  0.013651324155  0.018283848512  0.016723108725  0.018774961797  0.029173394492  0.030217276611  0.031801526437  0.028656874130  0.028647263052  0.025518386181  0.023959485560  0.024490068960  0.019837648614  0.019815729662  
piranga_leucoptera_fmnh481795 0.026060184387  0.027090146643  0.010080837612  0.010080837612  0.000000000000  0.004515299084  0.012620174353  0.012620174353  0.019311749992  0.019311749992  0.018774961797  0.018780946069  0.016219627217  0.021863692371  0.015190716111  0.015704905954  0.015699359647  0.020348692451  0.018780946069  0.020838929612  0.030237778161  0.031283496086  0.032871960103  0.029720820982  0.029710252370  0.026574968605  0.026041755376  0.026050771998  0.021387798410  0.021884160076  
piranga_leucoptera_lsu7783 0.021387798410  0.022412134222  0.005525750603  0.005525750603  0.004515299084  0.000000000000  0.008049241378  0.008049241378  0.014688247418  0.014688247418  0.014159177471  0.014677056591  0.011618781757  0.017227611467  0.010597774308  0.011108016389  0.011103691676  0.015717162833  0.014163926302  0.016208389619  0.026565675143  0.027605719167  0.029183284753  0.026050771998  0.026041755376  0.022924887981  0.021371947528  0.021899771251  0.017264532651  0.017244319666  
piranga_rubriceps_lsu265 0.023446068617  0.024473294893  0.011602744712  0.011602744712  0.012620174353  0.008049241378  0.000000000000  0.004011062701  0.016728800292  0.016728800292  0.016198708977  0.016717806675  0.013651324155  0.019275405849  0.012627699944  0.013139249063  0.013135029150  0.017760373214  0.016203354490  0.018253319697  0.029690311255  0.030734868251  0.032319955035  0.029173394492  0.029163902887  0.024987497277  0.023430392073  0.023959485560  0.019311749992  0.019291815421  
piranga_rubriceps_lsu34818 0.023446068617  0.024473294893  0.011602744712  0.011602744712  0.012620174353  0.008049241378  0.004011062701  0.000000000000  0.016728800292  0.016728800292  0.016198708977  0.016717806675  0.013651324155  0.019275405849  0.012627699944  0.013139249063  0.013135029150  0.017760373214  0.016203354490  0.018253319697  0.029163902887  0.030207625089  0.031791032037  0.028647263052  0.028638050334  0.024465500575  0.022909758478  0.023959485560  0.019311749992  0.019291815421  
piranga_roseogularis_ku2049 0.018808789499  0.019829951348  0.017250668405  0.017250668405  0.019311749992  0.014688247418  0.016728800292  0.016728800292  0.000000000000  0.000000000000  0.008556364024  0.009066898366  0.006033564685  0.011599700518  0.005022912634  0.005527982296  0.005525750603  0.010092239186  0.008558998918  0.010586741655  0.021884160076  0.022917126215  0.024481484479  0.021371947528  0.021364610534  0.017238360347  0.015699359647  0.016734881000  0.011623754212  0.011609991932  
piranga_roseogularis_ku2141 0.018808789499  0.019829951348  0.017250668405  0.017250668405  0.019311749992  0.014688247418  0.016728800292  0.016728800292  0.000000000000  0.000000000000  0.008556364024  0.009066898366  0.006033564685  0.011599700518  0.005022912634  0.005527982296  0.005525750603  0.010092239186  0.008558998918  0.010586741655  0.021884160076  0.022917126215  0.024481484479  0.021371947528  0.021364610534  0.017238360347  0.015699359647  0.016734881000  0.011623754212  0.011609991932  
piranga_bidentata_hgoslp104 0.018270465551  0.018774961797  0.016717806675  0.016717806675  0.018774961797  0.014159177471  0.016198708977  0.016198708977  0.008556364024  0.008556364024  0.000000000000  0.007539552137  0.004514342890  0.010068435487  0.003508290581  0.004011062701  0.004010743266  0.008556364024  0.007033975989  0.009056271283  0.020309106853  0.021339194295  0.022896206601  0.019797334860  0.019791988162  0.015681064055  0.014147259056  0.015176041620  0.010080837612  0.010072899638  
piranga_olivacea_ku4672 0.018794087263  0.019815729662  0.017238360347  0.017238360347  0.018780946069  0.014677056591  0.016717806675  0.016717806675  0.009066898366  0.009066898366  0.007539552137  0.000000000000  0.005019344340  0.010577430069  0.004011763442  0.004515299084  0.004514342890  0.009066898366  0.007540901415  0.009565004389  0.020314723248  0.021344957837  0.022902785147  0.019803074262  0.019797334860  0.015685053752  0.014663178749  0.014667416409  0.009575316304  0.010583834579  
piranga_bidentata_itm160 0.015717162833  0.016734881000  0.014169062520  0.014169062520  0.016219627217  0.011618781757  0.013651324155  0.013651324155  0.006033564685  0.006033564685  0.004514342890  0.005019344340  0.000000000000  0.006528912555  0.001001005296  0.001502263434  0.001501694454  0.006033564685  0.004515299084  0.006530964370  0.017748308033  0.018774961797  0.020327134615  0.017238360347  0.017232790822  0.013135029150  0.011606175309  0.012632042779  0.007553398644  0.007544751270  
piranga_bidentata_tepe59 0.021357666336  0.022382967764  0.019797334860  0.019797334860  0.021863692371  0.017227611467  0.019275405849  0.019275405849  0.011599700518  0.011599700518  0.010068435487  0.010577430069  0.006528912555  0.000000000000  0.006528912555  0.007033975989  0.007033268511  0.011599700518  0.010069536920  0.012100324447  0.023403778338  0.024438283570  0.026002621916  0.022890023220  0.022884235387  0.018754942351  0.017214418213  0.018248386876  0.013131196454  0.013122025448  
piranga_bidentata_itm141 0.014688247418  0.015704905954  0.013143855815  0.013143855815  0.015190716111  0.010597774308  0.012627699944  0.012627699944  0.005022912634  0.005022912634  0.003508290581  0.004011763442  0.001001005296  0.006528912555  0.000000000000  0.000500251156  0.000500187961  0.005022912634  0.003508736386  0.005521345029  0.016717806675  0.017742860928  0.019291815421  0.016208389619  0.016203354490  0.012112982555  0.010586741655  0.011609991932  0.006539660842  0.006532564949  
piranga_ludoviciana_sdsu2208 0.015202439414  0.016219627217  0.013656195368  0.013656195368  0.015704905954  0.011108016389  0.013139249063  0.013139249063  0.005527982296  0.005527982296  0.004011062701  0.004515299084  0.001502263434  0.007033975989  0.000500251156  0.000000000000  0.001000689463  0.005527982296  0.004011763442  0.006025898860  0.016203354490  0.017227611467  0.018774961797  0.015694201927  0.015689433170  0.011602744712  0.010077806275  0.011099751970  0.006033564685  0.006027242171  
piranga_ludoviciana_sdsu2648 0.015196383980  0.016213813986  0.013651324155  0.013651324155  0.015699359647  0.011103691676  0.013135029150  0.013135029150  0.005525750603  0.005525750603  0.004010743266  0.004514342890  0.001501694454  0.007033268511  0.000500187961  0.001000689463  0.000000000000  0.005525750603  0.004011062701  0.006024938275  0.017227611467  0.018253319697  0.019803074262  0.016717806675  0.016712894517  0.012620174353  0.011093029076  0.012116675718  0.007043265950  0.007036542598  
piranga_olivacea_ku2699 0.019845736334  0.020867974429  0.018283848512  0.018283848512  0.020348692451  0.015717162833  0.017760373214  0.017760373214  0.010092239186  0.010092239186  0.008556364024  0.009066898366  0.006033564685  0.011599700518  0.005022912634  0.005527982296  0.005525750603  0.000000000000  0.004516636465  0.006532564949  0.020845602422  0.021876943924  0.022396763506  0.020333928831  0.020327134615  0.016208389619  0.014672042482  0.015704905954  0.010602221084  0.010590034219  
piranga_ludoviciana_sdsu2650 0.018276962042  0.019298069114  0.016723108725  0.016723108725  0.018780946069  0.014163926302  0.016203354490  0.016203354490  0.008558998918  0.008558998918  0.007033975989  0.007540901415  0.004515299084  0.010069536920  0.003508736386  0.004011763442  0.004011062701  0.004516636465  0.000000000000  0.003006788683  0.019280483410  0.020309106853  0.021863692371  0.018769368909  0.018764167785  0.014659329880  0.013127751351  0.014154816401  0.009066898366  0.009059367295  
piranga_ludoviciana_sdsu2385 0.020333928831  0.021357666336  0.018774961797  0.018774961797  0.020838929612  0.016208389619  0.018253319697  0.018253319697  0.010586741655  0.010586741655  0.009056271283  0.009565004389  0.006530964370  0.012100324447  0.005521345029  0.006025898860  0.006024938275  0.006532564949  0.003006788683  0.000000000000  0.021339194295  0.022370750021  0.023930196704  0.020826763039  0.020821270034  0.016704241394  0.015168203325  0.016198708977  0.011096197645  0.011087850721  
piranga_flava_ku90809 0.030765863310  0.031801526437  0.029173394492  0.029173394492  0.030237778161  0.026565675143  0.029690311255  0.029163902887  0.021884160076  0.021884160076  0.020309106853  0.020314723248  0.017748308033  0.023403778338  0.016717806675  0.016203354490  0.017227611467  0.020845602422  0.019280483410  0.021339194295  0.000000000000  0.004011763442  0.005523900243  0.006534548138  0.007544751270  0.004516636465  0.013127751351  0.023936925691  0.017754145587  0.019275405849  
piranga_flava_lsu15408 0.031812421362  0.032849440360  0.030217276611  0.030217276611  0.031283496086  0.027605719167  0.030734868251  0.030207625089  0.022917126215  0.022917126215  0.021339194295  0.021344957837  0.018774961797  0.024438283570  0.017742860928  0.017227611467  0.018253319697  0.021876943924  0.020309106853  0.022370750021  0.004011763442  0.000000000000  0.006532564949  0.007544751270  0.008556364024  0.005523900243  0.014147259056  0.024972547206  0.019803074262  0.020303883825  
piranga_lutea_ku89864 0.033402575967  0.034441282282  0.031801526437  0.031801526437  0.032871960103  0.029183284753  0.032319955035  0.031791032037  0.024481484479  0.024481484479  0.022896206601  0.022902785147  0.020327134615  0.026002621916  0.019291815421  0.018774961797  0.019803074262  0.022396763506  0.021863692371  0.023930196704  0.005523900243  0.006532564949  0.000000000000  0.009066898366  0.010080837612  0.007040642210  0.015685053752  0.026540174857  0.021357666336  0.021857657726  
piranga_hepatica_ku4970 0.030248627438  0.031283496086  0.028656874130  0.028656874130  0.029720820982  0.026050771998  0.029173394492  0.028647263052  0.021371947528  0.021371947528  0.019797334860  0.019803074262  0.017238360347  0.022890023220  0.016208389619  0.015694201927  0.016717806675  0.020333928831  0.018769368909  0.020826763039  0.006534548138  0.007544751270  0.009066898366  0.000000000000  0.007040642210  0.004014307334  0.012620174353  0.023423145652  0.018264359413  0.018764167785  
piranga_lutea_lsu5400 0.029183284753  0.030217276611  0.028647263052  0.028647263052  0.029710252370  0.026041755376  0.029163902887  0.028638050334  0.021364610534  0.021364610534  0.019791988162  0.019797334860  0.017232790822  0.022884235387  0.016203354490  0.015689433170  0.016712894517  0.020327134615  0.018764167785  0.020821270034  0.007544751270  0.008556364024  0.010080837612  0.007040642210  0.000000000000  0.004012845112  0.012616992353  0.023416294302  0.018258644002  0.018759358805  
piranga_hepatica_ku9084 0.026050771998  0.027080972484  0.025518386181  0.025518386181  0.026574968605  0.022924887981  0.024987497277  0.024465500575  0.017238360347  0.017238360347  0.015681064055  0.015685053752  0.013135029150  0.018754942351  0.012112982555  0.011602744712  0.012620174353  0.016208389619  0.014659329880  0.016704241394  0.004516636465  0.005523900243  0.007040642210  0.004014307334  0.004012845112  0.000000000000  0.008552246743  0.019280483410  0.014154816401  0.014655870182  
piranga_rubra_ku7046 0.024490068960  0.025518386181  0.023959485560  0.023959485560  0.026041755376  0.021371947528  0.023430392073  0.022909758478  0.015699359647  0.015699359647  0.014147259056  0.014663178749  0.011606175309  0.017214418213  0.010586741655  0.010077806275  0.011093029076  0.014672042482  0.013127751351  0.015168203325  0.013127751351  0.014147259056  0.015685053752  0.012620174353  0.012616992353  0.008552246743  0.000000000000  0.018253319697  0.013135029150  0.013124694222  
piranga_rubra_sdsu2635 0.025545793326  0.026574968605  0.024490068960  0.024490068960  0.026050771998  0.021899771251  0.023959485560  0.023959485560  0.016734881000  0.016734881000  0.015176041620  0.014667416409  0.012632042779  0.018248386876  0.011609991932  0.011099751970  0.012116675718  0.015704905954  0.014154816401  0.016198708977  0.023936925691  0.024972547206  0.026540174857  0.023423145652  0.023416294302  0.019280483410  0.018253319697  0.000000000000  0.008047249630  0.012106756629  
piranga_rubra_sdsu2654 0.021405216007  0.022429076915  0.019837648614  0.019837648614  0.021387798410  0.017264532651  0.019311749992  0.019311749992  0.011623754212  0.011623754212  0.010080837612  0.009575316304  0.007553398644  0.013131196454  0.006539660842  0.006033564685  0.007043265950  0.010602221084  0.009066898366  0.011096197645  0.017754145587  0.019803074262  0.021357666336  0.018264359413  0.018258644002  0.014154816401  0.013135029150  0.008047249630  0.000000000000  0.007036542598  
piranga_rubra_ku26592 0.021379676944  0.022404252181  0.019815729662  0.019815729662  0.021884160076  0.017244319666  0.019291815421  0.019291815421  0.011609991932  0.011609991932  0.010072899638  0.010583834579  0.007544751270  0.013122025448  0.006532564949  0.006027242171  0.007036542598  0.010590034219  0.009059367295  0.011087850721  0.019275405849  0.020303883825  0.021857657726  0.018764167785  0.018759358805  0.014655870182  0.013124694222  0.012106756629  0.007036542598  0.000000000000  

