30
cardinalis_cardinalis_ku21828 0.000000000000  0.000500192457  0.011591328599  0.011591328599  0.016177488780  0.013117982852  0.015155889921  0.015155889921  0.012608894061  0.014137739595  0.009056146247  0.009056146247  0.009056146247  0.010070461770  0.010070461770  0.010069528977  0.010069528977  0.010069528977  0.010069528977  0.013119896633  0.011085469787  0.011594276458  0.014137739595  0.014647258518  0.014139324276  0.015672328263  0.012611571221  0.011594276458  0.018229649741  0.013121756778  
cardinalis_cardinalis_ku25393 0.000500192457  0.000000000000  0.012099553966  0.012099553966  0.016688891105  0.013627545913  0.015666488619  0.015666488619  0.013117495857  0.014647258518  0.009562392399  0.009562392399  0.009562392399  0.010577221034  0.010577221034  0.010576426142  0.010576426142  0.010576426142  0.010576426142  0.013628619196  0.011592881710  0.012101946609  0.014647258518  0.015157176657  0.014648704834  0.016182630187  0.013119896633  0.012101946609  0.018741819124  0.013630341820  
piranga_erythrocephala_fmnh343370 0.011591328599  0.012099553966  0.000000000000  0.000000000000  0.012103642274  0.009056918181  0.011088971048  0.011088971048  0.010073636406  0.011598379298  0.006532263562  0.006532263562  0.006532263562  0.007544615605  0.007544615605  0.007542566686  0.007542566686  0.007542566686  0.007542566686  0.010584768876  0.008556537725  0.009064356269  0.011598379298  0.012105776199  0.011601086656  0.013129971801  0.010078554002  0.009064356269  0.015677762545  0.010587746074  
piranga_erythrocephala_fmnh343371 0.011591328599  0.012099553966  0.000000000000  0.000000000000  0.012103642274  0.009056918181  0.011088971048  0.011088971048  0.010073636406  0.011598379298  0.006532263562  0.006532263562  0.006532263562  0.007544615605  0.007544615605  0.007542566686  0.007542566686  0.007542566686  0.007542566686  0.010584768876  0.008556537725  0.009064356269  0.011598379298  0.012105776199  0.011601086656  0.013129971801  0.010078554002  0.009064356269  0.015677762545  0.010587746074  
piranga_leucoptera_fmnh481795 0.016177488780  0.016688891105  0.012103642274  0.012103642274  0.000000000000  0.003508523540  0.005018867991  0.005018867991  0.014650592684  0.016184988950  0.011087001827  0.011087001827  0.011087001827  0.012105776199  0.012105776199  0.012103642274  0.012103642274  0.012103642274  0.012103642274  0.015165058874  0.013124056266  0.013635106914  0.016184988950  0.016695553029  0.016187790332  0.017212014537  0.014655691500  0.013635106914  0.020290205920  0.015168133239  
piranga_leucoptera_lsu7783 0.013117982852  0.013627545913  0.009056918181  0.009056918181  0.003508523540  0.000000000000  0.002504704442  0.002504704442  0.011592881710  0.013119896633  0.008044834665  0.008044834665  0.008044834665  0.009058125516  0.009058125516  0.009056918181  0.009056918181  0.009056918181  0.009056918181  0.012103642274  0.010071831035  0.010580122036  0.013119896633  0.013628619196  0.013121756778  0.014141349760  0.011596109110  0.010580122036  0.017206517391  0.012105776199  
piranga_rubriceps_lsu265 0.015155889921  0.015666488619  0.011088971048  0.011088971048  0.005018867991  0.002504704442  0.000000000000  0.000000000000  0.012611571221  0.014141349760  0.009058125516  0.009058125516  0.009058125516  0.010073636406  0.010073636406  0.010071831035  0.010071831035  0.010071831035  0.010071831035  0.013124056266  0.011088971048  0.011598379298  0.014141349760  0.014650592684  0.014143815675  0.015165058874  0.012616004327  0.011598379298  0.018234595630  0.013126794729  
piranga_rubriceps_lsu34818 0.015155889921  0.015666488619  0.011088971048  0.011088971048  0.005018867991  0.002504704442  0.000000000000  0.000000000000  0.012611571221  0.014141349760  0.009058125516  0.009058125516  0.009058125516  0.010073636406  0.010073636406  0.010071831035  0.010071831035  0.010071831035  0.010071831035  0.013124056266  0.011088971048  0.011598379298  0.014141349760  0.014650592684  0.014143815675  0.015165058874  0.012616004327  0.011598379298  0.018234595630  0.013126794729  
piranga_roseogularis_ku2049 0.012608894061  0.013117495857  0.010073636406  0.010073636406  0.014650592684  0.011592881710  0.012611571221  0.012611571221  0.000000000000  0.001501772544  0.003508523540  0.003508523540  0.003508523540  0.004514872814  0.004514872814  0.004514168670  0.004514168670  0.004514168670  0.004514168670  0.006529786560  0.004514168670  0.005017869240  0.007539018724  0.008044222754  0.007539767881  0.009058125516  0.006025757083  0.005017869240  0.011592881710  0.006530808964  
piranga_roseogularis_ku2141 0.014137739595  0.014647258518  0.011598379298  0.011598379298  0.016184988950  0.013119896633  0.014141349760  0.014141349760  0.001501772544  0.000000000000  0.005017869240  0.005017869240  0.005017869240  0.006026915490  0.006026915490  0.006025757083  0.006025757083  0.006025757083  0.006025757083  0.008045880909  0.006025757083  0.006530808964  0.009056918181  0.009563026550  0.009058125516  0.010580122036  0.007540950657  0.006530808964  0.013119896633  0.008047361121  
piranga_ludoviciana_sdsu2385 0.009056146247  0.009562392399  0.006532263562  0.006532263562  0.011087001827  0.008044834665  0.009058125516  0.009058125516  0.003508523540  0.005017869240  0.000000000000  0.000000000000  0.000000000000  0.001001080281  0.001001080281  0.001000711966  0.001000711966  0.001000711966  0.001000711966  0.004012264978  0.002003375363  0.002505521597  0.005017869240  0.005521254920  0.005018867991  0.006532263562  0.003510045069  0.002505521597  0.009058125516  0.004013534277  
piranga_olivacea_ku2699 0.009056146247  0.009562392399  0.006532263562  0.006532263562  0.011087001827  0.008044834665  0.009058125516  0.009058125516  0.003508523540  0.005017869240  0.000000000000  0.000000000000  0.000000000000  0.001001080281  0.001001080281  0.001000711966  0.001000711966  0.001000711966  0.001000711966  0.004012264978  0.002003375363  0.002505521597  0.005017869240  0.005521254920  0.005018867991  0.006532263562  0.003510045069  0.002505521597  0.009058125516  0.004013534277  
piranga_ludoviciana_sdsu2208 0.009056146247  0.009562392399  0.006532263562  0.006532263562  0.011087001827  0.008044834665  0.009058125516  0.009058125516  0.003508523540  0.005017869240  0.000000000000  0.000000000000  0.000000000000  0.001001080281  0.001001080281  0.001000711966  0.001000711966  0.001000711966  0.001000711966  0.004012264978  0.002003375363  0.002505521597  0.005017869240  0.005521254920  0.005018867991  0.006532263562  0.003510045069  0.002505521597  0.009058125516  0.004013534277  
piranga_ludoviciana_sdsu2650 0.010070461770  0.010577221034  0.007544615605  0.007544615605  0.012105776199  0.009058125516  0.010073636406  0.010073636406  0.004514872814  0.006026915490  0.001001080281  0.001001080281  0.001001080281  0.000000000000  0.001001080281  0.002003375363  0.002003375363  0.002003375363  0.002003375363  0.005020297171  0.003008212424  0.003511449029  0.006026915490  0.006530808964  0.006028505381  0.007544615605  0.004517570997  0.003511449029  0.010073636406  0.005022156421  
piranga_olivacea_ku4672 0.010070461770  0.010577221034  0.007544615605  0.007544615605  0.012105776199  0.009058125516  0.010073636406  0.010073636406  0.004514872814  0.006026915490  0.001001080281  0.001001080281  0.001001080281  0.001001080281  0.000000000000  0.002003375363  0.002003375363  0.002003375363  0.002003375363  0.005020297171  0.003008212424  0.003511449029  0.006026915490  0.006530808964  0.006028505381  0.007544615605  0.004517570997  0.003511449029  0.010073636406  0.005022156421  
piranga_bidentata_hgoslp104 0.010069528977  0.010576426142  0.007542566686  0.007542566686  0.012103642274  0.009056918181  0.010071831035  0.010071831035  0.004514168670  0.006025757083  0.001000711966  0.001000711966  0.001000711966  0.002003375363  0.002003375363  0.000000000000  0.000000000000  0.000000000000  0.000000000000  0.005018867991  0.003007102185  0.003510045069  0.006025757083  0.006529786560  0.006026915490  0.007542566686  0.004516007043  0.003510045069  0.010071831035  0.005020297171  
piranga_bidentata_itm160 0.010069528977  0.010576426142  0.007542566686  0.007542566686  0.012103642274  0.009056918181  0.010071831035  0.010071831035  0.004514168670  0.006025757083  0.001000711966  0.001000711966  0.001000711966  0.002003375363  0.002003375363  0.000000000000  0.000000000000  0.000000000000  0.000000000000  0.005018867991  0.003007102185  0.003510045069  0.006025757083  0.006529786560  0.006026915490  0.007542566686  0.004516007043  0.003510045069  0.010071831035  0.005020297171  
piranga_bidentata_tepe59 0.010069528977  0.010576426142  0.007542566686  0.007542566686  0.012103642274  0.009056918181  0.010071831035  0.010071831035  0.004514168670  0.006025757083  0.001000711966  0.001000711966  0.001000711966  0.002003375363  0.002003375363  0.000000000000  0.000000000000  0.000000000000  0.000000000000  0.005018867991  0.003007102185  0.003510045069  0.006025757083  0.006529786560  0.006026915490  0.007542566686  0.004516007043  0.003510045069  0.010071831035  0.005020297171  
piranga_bidentata_itm141 0.010069528977  0.010576426142  0.007542566686  0.007542566686  0.012103642274  0.009056918181  0.010071831035  0.010071831035  0.004514168670  0.006025757083  0.001000711966  0.001000711966  0.001000711966  0.002003375363  0.002003375363  0.000000000000  0.000000000000  0.000000000000  0.000000000000  0.005018867991  0.003007102185  0.003510045069  0.006025757083  0.006529786560  0.006026915490  0.007542566686  0.004516007043  0.003510045069  0.010071831035  0.005020297171  
piranga_rubra_ku7046 0.013119896633  0.013628619196  0.010584768876  0.010584768876  0.015165058874  0.012103642274  0.013124056266  0.013124056266  0.006529786560  0.008045880909  0.004012264978  0.004012264978  0.004012264978  0.005020297171  0.005020297171  0.005018867991  0.005018867991  0.005018867991  0.005018867991  0.000000000000  0.002002850657  0.002504704442  0.005017301280  0.005520823558  0.005017869240  0.006530808964  0.003509069786  0.002504704442  0.009056918181  0.004012264978  
piranga_lutea_ku89864 0.011085469787  0.011592881710  0.008556537725  0.008556537725  0.013124056266  0.010071831035  0.011088971048  0.011088971048  0.004514168670  0.006025757083  0.002003375363  0.002003375363  0.002003375363  0.003008212424  0.003008212424  0.003007102185  0.003007102185  0.003007102185  0.003007102185  0.002002850657  0.000000000000  0.000500269876  0.003006167070  0.003508406693  0.003006420281  0.004514872814  0.001501772544  0.000500269876  0.007034206884  0.002003375363  
piranga_flava_ku90809 0.011594276458  0.012101946609  0.009064356269  0.009064356269  0.013635106914  0.010580122036  0.011598379298  0.011598379298  0.005017869240  0.006530808964  0.002505521597  0.002505521597  0.002505521597  0.003511449029  0.003511449029  0.003510045069  0.003510045069  0.003510045069  0.003510045069  0.002504704442  0.000500269876  0.000000000000  0.003508523540  0.004011014883  0.003509069786  0.005018867991  0.002003375363  0.001001080281  0.007539767881  0.002505521597  
piranga_rubra_sdsu2635 0.014137739595  0.014647258518  0.011598379298  0.011598379298  0.016184988950  0.013119896633  0.014141349760  0.014141349760  0.007539018724  0.009056918181  0.005017869240  0.005017869240  0.005017869240  0.006026915490  0.006026915490  0.006025757083  0.006025757083  0.006025757083  0.006025757083  0.005017301280  0.003006167070  0.003508523540  0.000000000000  0.000500192457  0.005017164476  0.006529196713  0.003508406693  0.002504354471  0.009055810084  0.004011014883  
piranga_rubra_sdsu2654 0.014647258518  0.015157176657  0.012105776199  0.012105776199  0.016695553029  0.013628619196  0.014650592684  0.014650592684  0.008044222754  0.009563026550  0.005521254920  0.005521254920  0.005521254920  0.006530808964  0.006530808964  0.006529786560  0.006529786560  0.006529786560  0.006529786560  0.005520823558  0.003508406693  0.004011014883  0.000500192457  0.000000000000  0.005520824061  0.007033754166  0.004011034810  0.003006342917  0.009562194739  0.004513894973  
piranga_flava_lsu15408 0.014139324276  0.014648704834  0.011601086656  0.011601086656  0.016187790332  0.013121756778  0.014143815675  0.014143815675  0.007539767881  0.009058125516  0.005018867991  0.005018867991  0.005018867991  0.006028505381  0.006028505381  0.006026915490  0.006026915490  0.006026915490  0.006026915490  0.005017869240  0.003006420281  0.003509069786  0.005017164476  0.005520824061  0.000000000000  0.006529786560  0.003508523540  0.002504315279  0.009056146247  0.004011425060  
piranga_hepatica_ku4970 0.015672328263  0.016182630187  0.013129971801  0.013129971801  0.017212014537  0.014141349760  0.015165058874  0.015165058874  0.009058125516  0.010580122036  0.006532263562  0.006532263562  0.006532263562  0.007544615605  0.007544615605  0.007542566686  0.007542566686  0.007542566686  0.007542566686  0.006530808964  0.004514872814  0.005018867991  0.006529196713  0.007033754166  0.006529786560  0.000000000000  0.003006420281  0.004011425060  0.010577221034  0.005522117782  
piranga_lutea_lsu5400 0.012611571221  0.013119896633  0.010078554002  0.010078554002  0.014655691500  0.011596109110  0.012616004327  0.012616004327  0.006025757083  0.007540950657  0.003510045069  0.003510045069  0.003510045069  0.004517570997  0.004517570997  0.004516007043  0.004516007043  0.004516007043  0.004516007043  0.003509069786  0.001501772544  0.002003375363  0.003508406693  0.004011034810  0.003508523540  0.003006420281  0.000000000000  0.001000711966  0.007539018724  0.002504704442  
piranga_hepatica_ku9084 0.011594276458  0.012101946609  0.009064356269  0.009064356269  0.013635106914  0.010580122036  0.011598379298  0.011598379298  0.005017869240  0.006530808964  0.002505521597  0.002505521597  0.002505521597  0.003511449029  0.003511449029  0.003510045069  0.003510045069  0.003510045069  0.003510045069  0.002504704442  0.000500269876  0.001001080281  0.002504354471  0.003006342917  0.002504315279  0.004011425060  0.001000711966  0.000000000000  0.006529196713  0.001501772544  
piranga_ludoviciana_sdsu2648 0.018229649741  0.018741819124  0.015677762545  0.015677762545  0.020290205920  0.017206517391  0.018234595630  0.018234595630  0.011592881710  0.013119896633  0.009058125516  0.009058125516  0.009058125516  0.010073636406  0.010073636406  0.010071831035  0.010071831035  0.010071831035  0.010071831035  0.009056918181  0.007034206884  0.007539767881  0.009055810084  0.009562194739  0.009056146247  0.010577221034  0.007539018724  0.006529196713  0.000000000000  0.005017164476  
piranga_rubra_ku26592 0.013121756778  0.013630341820  0.010587746074  0.010587746074  0.015168133239  0.012105776199  0.013126794729  0.013126794729  0.006530808964  0.008047361121  0.004013534277  0.004013534277  0.004013534277  0.005022156421  0.005022156421  0.005020297171  0.005020297171  0.005020297171  0.005020297171  0.004012264978  0.002003375363  0.002505521597  0.004011014883  0.004513894973  0.004011425060  0.005522117782  0.002504704442  0.001501772544  0.005017164476  0.000000000000  

