30
cardinalis_cardinalis_ku21828 0.000000000000  0.002505514946  0.012118567746  0.012634598147  0.014681341702  0.018796172818  0.018776585047  0.018782673317  0.014149949568  0.014149949568  0.014675955195  0.018796172818  0.016213651355  0.017238893567  0.013645415716  0.016717975829  0.016198682493  0.014157927560  0.014157927560  0.014157927560  0.013645415716  0.016717975829  0.015693744024  0.013645415716  0.014662419722  0.013645415716  0.012625821304  0.013137506688  0.013645415716  0.016713119162  
cardinalis_cardinalis_ku25393 0.002505514946  0.000000000000  0.009572662870  0.010085117904  0.012122871200  0.016219518556  0.016203232964  0.016208222705  0.011598310631  0.011598310631  0.012118567746  0.016219518556  0.013649756633  0.014671005791  0.011094140103  0.014153719834  0.013638044461  0.011604139248  0.011604139248  0.011604139248  0.011094140103  0.014153719834  0.013133469009  0.011094140103  0.012108268493  0.011094140103  0.010078485512  0.010587666275  0.011094140103  0.014149949568  
piranga_erythrocephala_fmnh343370 0.012118567746  0.009572662870  0.000000000000  0.003509063416  0.005523392188  0.009572662870  0.009565561849  0.009567495440  0.007034190454  0.007034190454  0.007544575205  0.011611707661  0.009064297867  0.010078485512  0.006530789126  0.009567495440  0.009058091766  0.007036386068  0.007036386068  0.007036386068  0.006530789126  0.009567495440  0.008554285259  0.006530789126  0.007539746823  0.006530789126  0.005522103280  0.006026895896  0.006530789126  0.010073587224  
piranga_leucoptera_fmnh481795 0.012634598147  0.010085117904  0.003509063416  0.000000000000  0.005020277339  0.010085117904  0.010075819424  0.010078485512  0.007540924627  0.007540924627  0.008054342249  0.012127609240  0.009575895984  0.010591065857  0.007038130659  0.010078485512  0.009567495440  0.007544575205  0.007544575205  0.007544575205  0.007038130659  0.010078485512  0.009064297867  0.007038130659  0.008047328463  0.007038130659  0.006028479624  0.006534117146  0.007038130659  0.010584700571  
piranga_leucoptera_lsu7783 0.014681341702  0.012122871200  0.005523392188  0.005020277339  0.000000000000  0.012122871200  0.012111266032  0.012114699237  0.009059727401  0.009059727401  0.010085117904  0.014173171896  0.011611707661  0.012629992074  0.009064297867  0.012114699237  0.011601007284  0.009572662870  0.009572662870  0.009572662870  0.009064297867  0.012114699237  0.011097406081  0.009064297867  0.010075819424  0.009064297867  0.008051572799  0.008559124651  0.009064297867  0.012622086195  
piranga_erythrocephala_fmnh343371 0.018796172818  0.016219518556  0.009572662870  0.010085117904  0.012122871200  0.000000000000  0.010073587224  0.010075819424  0.013641511538  0.013641511538  0.014167653949  0.018285618505  0.015704427019  0.016729007706  0.013137506688  0.016208222705  0.015689060164  0.013649756633  0.013649756633  0.013649756633  0.013137506688  0.016208222705  0.015184651661  0.013137506688  0.014153719834  0.013137506688  0.012118567746  0.012629992074  0.013137506688  0.016717975829  
piranga_rubriceps_lsu265 0.018776585047  0.016203232964  0.009565561849  0.010075819424  0.012111266032  0.010073587224  0.000000000000  0.002002752542  0.013632423066  0.013632423066  0.014153719834  0.018265637493  0.015689060164  0.016713119162  0.013126703154  0.016194571655  0.015677643482  0.013638044461  0.013638044461  0.013638044461  0.013126703154  0.016194571655  0.015171516059  0.013126703154  0.014143722873  0.013126703154  0.012108268493  0.012618787108  0.013126703154  0.016704726185  
piranga_rubriceps_lsu34818 0.018782673317  0.016208222705  0.009567495440  0.010078485512  0.012114699237  0.010075819424  0.002002752542  0.000000000000  0.013635014848  0.013635014848  0.014157927560  0.018271857571  0.015693744024  0.016717975829  0.013129867710  0.016198682493  0.015681009529  0.013641511538  0.013641511538  0.013641511538  0.013129867710  0.016198682493  0.015175456169  0.013129867710  0.014146617126  0.013129867710  0.012111266032  0.012622086195  0.013129867710  0.016708702493  
piranga_roseogularis_ku2049 0.014149949568  0.011598310631  0.007034190454  0.007540924627  0.009059727401  0.013641511538  0.013632423066  0.013635014848  0.000000000000  0.000000000000  0.006532237956  0.010591065857  0.008049234750  0.009061796223  0.005521244042  0.008552514092  0.008551175763  0.006025742182  0.006025742182  0.006025742182  0.005521244042  0.008552514092  0.007540924627  0.005521244042  0.006529183996  0.005521244042  0.004514161612  0.005017858915  0.005521244042  0.010070425946  
piranga_roseogularis_ku2141 0.014149949568  0.011598310631  0.007034190454  0.007540924627  0.009059727401  0.013641511538  0.013632423066  0.013635014848  0.000000000000  0.000000000000  0.006532237956  0.010591065857  0.008049234750  0.009061796223  0.005521244042  0.008552514092  0.008551175763  0.006025742182  0.006025742182  0.006025742182  0.005521244042  0.008552514092  0.007540924627  0.005521244042  0.006529183996  0.005521244042  0.004514161612  0.005017858915  0.005521244042  0.010070425946  
piranga_rubra_ku7046 0.014675955195  0.012118567746  0.007544575205  0.008054342249  0.010085117904  0.014167653949  0.014153719834  0.014157927560  0.006532237956  0.006532237956  0.000000000000  0.006035807292  0.003511433700  0.006539165164  0.003008201889  0.006030493005  0.006028479624  0.003511433700  0.003511433700  0.003511433700  0.003008201889  0.006030493005  0.005022129638  0.003008201889  0.004012255032  0.003008201889  0.002004320210  0.002506755196  0.003008201889  0.010584700571  
piranga_rubra_sdsu2635 0.018796172818  0.016219518556  0.011611707661  0.012127609240  0.014173171896  0.018285618505  0.018265637493  0.018271857571  0.010591065857  0.010591065857  0.006035807292  0.000000000000  0.002506755196  0.010603864289  0.007045947226  0.010089083490  0.010085117904  0.007553283075  0.007553283075  0.007553283075  0.007045947226  0.010089083490  0.009074396133  0.007045947226  0.008054342249  0.007045947226  0.006035807292  0.006542333277  0.007045947226  0.014671005791  
piranga_rubra_sdsu2654 0.016213651355  0.013649756633  0.009064297867  0.009575895984  0.011611707661  0.015704427019  0.015689060164  0.015693744024  0.008049234750  0.008049234750  0.003511433700  0.002506755196  0.000000000000  0.008057542742  0.004517550683  0.007547047253  0.007544575205  0.005022129638  0.005022129638  0.005022129638  0.004517550683  0.007547047253  0.006536426335  0.004517550683  0.005523392188  0.004517550683  0.003511433700  0.004015211561  0.004517550683  0.012111266032  
piranga_ludoviciana_sdsu2385 0.017238893567  0.014671005791  0.010078485512  0.010591065857  0.012629992074  0.016729007706  0.016713119162  0.016717975829  0.009061796223  0.009061796223  0.006539165164  0.010603864289  0.008057542742  0.000000000000  0.005525110406  0.008559124651  0.008556488899  0.006030493005  0.006030493005  0.006030493005  0.005525110406  0.008559124651  0.007547047253  0.005525110406  0.006532237956  0.005525110406  0.004517550683  0.005022129638  0.005525110406  0.013129867710  
piranga_bidentata_hgoslp104 0.013645415716  0.011094140103  0.006530789126  0.007038130659  0.009064297867  0.013137506688  0.013126703154  0.013129867710  0.005521244042  0.005521244042  0.003008201889  0.007045947226  0.004517550683  0.005525110406  0.000000000000  0.003007095795  0.003006416580  0.000500269431  0.000500269431  0.000500269431  0.002002849016  0.005018853644  0.004012255032  0.002002849016  0.003006164605  0.002002849016  0.001000711556  0.001501770953  0.002002849016  0.009565561849  
piranga_ludoviciana_sdsu2208 0.016717975829  0.014153719834  0.009567495440  0.010078485512  0.012114699237  0.016208222705  0.016194571655  0.016198682493  0.008552514092  0.008552514092  0.006030493005  0.010089083490  0.007547047253  0.008559124651  0.003007095795  0.000000000000  0.003008201889  0.002504700877  0.002504700877  0.002504700877  0.005018853644  0.008049234750  0.007038130659  0.005018853644  0.006025742182  0.005018853644  0.004012255032  0.004515992611  0.005018853644  0.012615924407  
piranga_bidentata_tepe59 0.016198682493  0.013638044461  0.009058091766  0.009567495440  0.011601007284  0.015689060164  0.015677643482  0.015681009529  0.008551175763  0.008551175763  0.006028479624  0.010085117904  0.007544575205  0.008556488899  0.003006416580  0.003008201889  0.000000000000  0.002504313347  0.002504313347  0.002504313347  0.005017858915  0.008047328463  0.007036386068  0.005017858915  0.006025018846  0.005017858915  0.004011418467  0.004514862800  0.005017858915  0.012103581871  
piranga_ludoviciana_sdsu2650 0.014157927560  0.011604139248  0.007036386068  0.007544575205  0.009572662870  0.013649756633  0.013638044461  0.013641511538  0.006025742182  0.006025742182  0.003511433700  0.007553283075  0.005022129638  0.006030493005  0.000500269431  0.002504700877  0.002504313347  0.000000000000  0.000000000000  0.000000000000  0.002504700877  0.005523392188  0.004515992611  0.002504700877  0.003508519462  0.002504700877  0.001501770953  0.002003371692  0.002504700877  0.010073587224  
piranga_bidentata_itm160 0.014157927560  0.011604139248  0.007036386068  0.007544575205  0.009572662870  0.013649756633  0.013638044461  0.013641511538  0.006025742182  0.006025742182  0.003511433700  0.007553283075  0.005022129638  0.006030493005  0.000500269431  0.002504700877  0.002504313347  0.000000000000  0.000000000000  0.000000000000  0.002504700877  0.005523392188  0.004515992611  0.002504700877  0.003508519462  0.002504700877  0.001501770953  0.002003371692  0.002504700877  0.010073587224  
piranga_bidentata_itm141 0.014157927560  0.011604139248  0.007036386068  0.007544575205  0.009572662870  0.013649756633  0.013638044461  0.013641511538  0.006025742182  0.006025742182  0.003511433700  0.007553283075  0.005022129638  0.006030493005  0.000500269431  0.002504700877  0.002504313347  0.000000000000  0.000000000000  0.000000000000  0.002504700877  0.005523392188  0.004515992611  0.002504700877  0.003508519462  0.002504700877  0.001501770953  0.002003371692  0.002504700877  0.010073587224  
piranga_flava_lsu15408 0.013645415716  0.011094140103  0.006530789126  0.007038130659  0.009064297867  0.013137506688  0.013126703154  0.013129867710  0.005521244042  0.005521244042  0.003008201889  0.007045947226  0.004517550683  0.005525110406  0.002002849016  0.005018853644  0.005017858915  0.002504700877  0.002504700877  0.002504700877  0.000000000000  0.003007095795  0.002003371692  0.000000000000  0.001000769782  0.000000000000  0.001000711556  0.001501770953  0.002002849016  0.009565561849  
piranga_hepatica_ku9084 0.016717975829  0.014153719834  0.009567495440  0.010078485512  0.012114699237  0.016208222705  0.016194571655  0.016198682493  0.008552514092  0.008552514092  0.006030493005  0.010089083490  0.007547047253  0.008559124651  0.005018853644  0.008049234750  0.008047328463  0.005523392188  0.005523392188  0.005523392188  0.003007095795  0.000000000000  0.005020277339  0.003007095795  0.004011418467  0.003007095795  0.004012255032  0.004515992611  0.005018853644  0.012615924407  
piranga_lutea_ku89864 0.015693744024  0.013133469009  0.008554285259  0.009064297867  0.011097406081  0.015184651661  0.015171516059  0.015175456169  0.007540924627  0.007540924627  0.005022129638  0.009074396133  0.006536426335  0.007547047253  0.004012255032  0.007038130659  0.007036386068  0.004515992611  0.004515992611  0.004515992611  0.002003371692  0.005020277339  0.000000000000  0.002003371692  0.003006416580  0.002003371692  0.003007095795  0.003510034948  0.004012255032  0.011598310631  
piranga_hepatica_ku4970 0.013645415716  0.011094140103  0.006530789126  0.007038130659  0.009064297867  0.013137506688  0.013126703154  0.013129867710  0.005521244042  0.005521244042  0.003008201889  0.007045947226  0.004517550683  0.005525110406  0.002002849016  0.005018853644  0.005017858915  0.002504700877  0.002504700877  0.002504700877  0.000000000000  0.003007095795  0.002003371692  0.000000000000  0.001000769782  0.000000000000  0.001000711556  0.001501770953  0.002002849016  0.009565561849  
piranga_lutea_lsu5400 0.014662419722  0.012108268493  0.007539746823  0.008047328463  0.010075819424  0.014153719834  0.014143722873  0.014146617126  0.006529183996  0.006529183996  0.004012255032  0.008054342249  0.005523392188  0.006532237956  0.003006164605  0.006025742182  0.006025018846  0.003508519462  0.003508519462  0.003508519462  0.001000769782  0.004011418467  0.003006416580  0.001000769782  0.000000000000  0.001000769782  0.002002752542  0.002504313347  0.003006164605  0.010578410356  
piranga_flava_ku90809 0.013645415716  0.011094140103  0.006530789126  0.007038130659  0.009064297867  0.013137506688  0.013126703154  0.013129867710  0.005521244042  0.005521244042  0.003008201889  0.007045947226  0.004517550683  0.005525110406  0.002002849016  0.005018853644  0.005017858915  0.002504700877  0.002504700877  0.002504700877  0.000000000000  0.003007095795  0.002003371692  0.000000000000  0.001000769782  0.000000000000  0.001000711556  0.001501770953  0.002002849016  0.009565561849  
piranga_ludoviciana_sdsu2648 0.012625821304  0.010078485512  0.005522103280  0.006028479624  0.008051572799  0.012118567746  0.012108268493  0.012111266032  0.004514161612  0.004514161612  0.002004320210  0.006035807292  0.003511433700  0.004517550683  0.001000711556  0.004012255032  0.004011418467  0.001501770953  0.001501770953  0.001501770953  0.001000711556  0.004012255032  0.003007095795  0.001000711556  0.002002752542  0.001000711556  0.000000000000  0.000500269431  0.001000711556  0.008552514092  
piranga_olivacea_ku2699 0.013137506688  0.010587666275  0.006026895896  0.006534117146  0.008559124651  0.012629992074  0.012618787108  0.012622086195  0.005017858915  0.005017858915  0.002506755196  0.006542333277  0.004015211561  0.005022129638  0.001501770953  0.004515992611  0.004514862800  0.002003371692  0.002003371692  0.002003371692  0.001501770953  0.004515992611  0.003510034948  0.001501770953  0.002504313347  0.001501770953  0.000500269431  0.000000000000  0.001501770953  0.009059727401  
piranga_olivacea_ku4672 0.013645415716  0.011094140103  0.006530789126  0.007038130659  0.009064297867  0.013137506688  0.013126703154  0.013129867710  0.005521244042  0.005521244042  0.003008201889  0.007045947226  0.004517550683  0.005525110406  0.002002849016  0.005018853644  0.005017858915  0.002504700877  0.002504700877  0.002504700877  0.002002849016  0.005018853644  0.004012255032  0.002002849016  0.003006164605  0.002002849016  0.001000711556  0.001501770953  0.000000000000  0.009565561849  
piranga_rubra_ku26592 0.016713119162  0.014149949568  0.010073587224  0.010584700571  0.012622086195  0.016717975829  0.016704726185  0.016708702493  0.010070425946  0.010070425946  0.010584700571  0.014671005791  0.012111266032  0.013129867710  0.009565561849  0.012615924407  0.012103581871  0.010073587224  0.010073587224  0.010073587224  0.009565561849  0.012615924407  0.011598310631  0.009565561849  0.010578410356  0.009565561849  0.008552514092  0.009059727401  0.009565561849  0.000000000000  

