30
piranga_rubra_ku26592 0.000000000000  0.008782314168  0.009762871240  0.015691223193  0.011727407597  0.013712175665  0.007078946898  0.015699360895  0.009759756034  0.007791325835  0.007585226715  0.008349749744  0.009805801918  0.010200273738  0.009759756034  0.008373847028  0.010754835955  0.006807012978  0.006637957214  0.006815168763  0.009757958398  0.012863051865  0.014695982429  0.006993888130  0.012826753117  0.008524069207  0.008194286472  0.006821810567  0.009778844522  0.006815168763  
piranga_flava_ku90809 0.008782314168  0.000000000000  0.004862937592  0.016705079761  0.012729553276  0.012744124396  0.004036856808  0.014717494168  0.004864244960  0.002913398569  0.001078564175  0.007152294592  0.000973820018  0.002252844546  0.004864244960  0.000000000000  0.001942187310  0.003887464382  0.003313183921  0.003887464382  0.010754835955  0.003929774844  0.015706627760  0.005825367005  0.013914050466  0.007109213365  0.004083162842  0.003887464382  0.004864244960  0.003887464382  
piranga_ludoviciana_sdsu2385 0.009762871240  0.004862937592  0.000000000000  0.017698618491  0.013716542199  0.013736213454  0.005048891305  0.015709025527  0.005840991708  0.003885771008  0.002156483490  0.008362039140  0.005863369237  0.004512656313  0.005840991708  0.003125895100  0.006820277625  0.004859517354  0.003308610662  0.004859517354  0.011739865192  0.008875175957  0.016697874725  0.007006990171  0.014986132903  0.005677564944  0.002715784144  0.004859517354  0.005846683520  0.004859517354  
piranga_rubriceps_lsu265 0.015691223193  0.016705079761  0.017698618491  0.000000000000  0.015684615878  0.017698618491  0.012185645254  0.019683580932  0.015709025527  0.015709025527  0.014175558723  0.013170308494  0.017775708536  0.014794347268  0.015709025527  0.015812896695  0.018708682719  0.014703067084  0.014466278069  0.016697874725  0.012723612994  0.019909311252  0.002910572012  0.011698651454  0.010636487139  0.007090359081  0.012315624380  0.016697874725  0.015724465325  0.016697874725  
piranga_leucoptera_lsu7783 0.011727407597  0.012729553276  0.013716542199  0.015684615878  0.000000000000  0.015709025527  0.010139029919  0.017688360577  0.011739865192  0.011739865192  0.011966602748  0.009553918186  0.013776437431  0.013640082924  0.011739865192  0.012608171027  0.014717494168  0.010744330747  0.012219309263  0.012723612994  0.007794561186  0.016879787762  0.014690425937  0.008169503714  0.013878247413  0.004251415586  0.009574441877  0.012723612994  0.011751362348  0.012723612994  
cardinalis_cardinalis_ku25393 0.013712175665  0.012744124396  0.013736213454  0.017698618491  0.015709025527  0.000000000000  0.011182643939  0.001939268824  0.011746856769  0.011746856769  0.010883976964  0.014416027101  0.013793239125  0.015978240212  0.011746856769  0.012626063769  0.014736271173  0.010747223206  0.014491622680  0.012728709647  0.013725620004  0.016897053695  0.016697874725  0.012915959613  0.016075735885  0.007099119349  0.013724925788  0.012741185716  0.011769901282  0.012728709647  
piranga_olivacea_ku2699 0.007078946898  0.004036856808  0.005048891305  0.012185645254  0.010139029919  0.011182643939  0.000000000000  0.013223802914  0.005053514036  0.003025264458  0.002181580360  0.005957240491  0.005071464624  0.005647705129  0.005053514036  0.003255740754  0.006067387084  0.002013215008  0.004415646652  0.004034712503  0.008098952616  0.007089679441  0.011158512853  0.004659131647  0.010732119289  0.004251415586  0.004079143247  0.004034712503  0.005058626858  0.004034712503  
cardinalis_cardinalis_ku21828 0.015699360895  0.014717494168  0.015709025527  0.019683580932  0.017688360577  0.001939268824  0.013223802914  0.000000000000  0.013725620004  0.013725620004  0.013069719608  0.016833977608  0.015776768434  0.018275087508  0.013725620004  0.014742106223  0.016714293428  0.012723612994  0.016737593144  0.014711676439  0.015699360895  0.018903538988  0.018680489037  0.015274952976  0.018231908632  0.008524069207  0.015105457564  0.014711676439  0.013739090734  0.014711676439  
piranga_rubra_ku7046 0.009759756034  0.004864244960  0.005840991708  0.015709025527  0.011739865192  0.011746856769  0.005053514036  0.013725620004  0.000000000000  0.003885266664  0.003240970799  0.007158026638  0.003902933862  0.004512656313  0.001938422524  0.004173638609  0.004864244960  0.004857591099  0.005525424298  0.004857591099  0.009769290953  0.006892286519  0.014711676439  0.007006990171  0.013912333020  0.004251415586  0.004079143247  0.004862314967  0.003892829051  0.004857591099  
piranga_bidentata_hgoslp104 0.007791325835  0.002913398569  0.003885771008  0.015709025527  0.011739865192  0.011746856769  0.003025264458  0.013725620004  0.003885266664  0.000000000000  0.001077721205  0.007158026638  0.003902933862  0.004512656313  0.003885266664  0.002082387935  0.004864244960  0.002908527966  0.003308610662  0.000967905615  0.009769290953  0.006892286519  0.014711676439  0.005831523220  0.013912333020  0.007108267639  0.001356560433  0.002911350554  0.003892829051  0.000967905615  
piranga_ludoviciana_sdsu2648 0.007585226715  0.001078564175  0.002156483490  0.014175558723  0.011966602748  0.010883976964  0.002181580360  0.013069719608  0.003240970799  0.001077721205  0.000000000000  0.003732977799  0.002158811213  0.003403486156  0.003240970799  0.001078564175  0.003241668667  0.002156483490  0.002236345151  0.002156483490  0.009775160865  0.003244207610  0.013069719608  0.003633509302  0.012039444687  0.005677564944  0.002715784144  0.002156483490  0.003244475898  0.002156483490  
piranga_roseogularis_ku2049 0.008349749744  0.007152294592  0.008362039140  0.013170308494  0.009553918186  0.014416027101  0.005957240491  0.016833977608  0.007158026638  0.007158026638  0.003732977799  0.000000000000  0.007152294592  0.006185712146  0.008362039140  0.004941960955  0.008354769508  0.005953037805  0.006128148786  0.008354769508  0.007152294592  0.008364753388  0.011959475689  0.000000000000  0.009732280704  0.004324965043  0.006970458340  0.008354769508  0.009569295380  0.008354769508  
piranga_hepatica_ku4970 0.009805801918  0.000973820018  0.005863369237  0.017775708536  0.013776437431  0.013793239125  0.005071464624  0.015776768434  0.003902933862  0.003902933862  0.002158811213  0.007152294592  0.000000000000  0.001125006521  0.003902933862  0.001040708595  0.000973820018  0.004881930099  0.004420143911  0.004881930099  0.011790521767  0.002956465451  0.016771005323  0.005825367005  0.015002193216  0.007109213365  0.004083162842  0.004881930099  0.005865710897  0.004881930099  
piranga_hepatica_ku9084 0.010200273738  0.002252844546  0.004512656313  0.014794347268  0.013640082924  0.015978240212  0.005647705129  0.018275087508  0.004512656313  0.004512656313  0.003403486156  0.006185712146  0.001125006521  0.000000000000  0.004512656313  0.002252844546  0.002252844546  0.005643928660  0.005642166989  0.005643928660  0.010200273738  0.001126273587  0.013640082924  0.006021813434  0.013661042212  0.008544370818  0.005450566606  0.005643928660  0.006785636290  0.005643928660  
piranga_rubra_sdsu2654 0.009759756034  0.004864244960  0.005840991708  0.015709025527  0.011739865192  0.011746856769  0.005053514036  0.013725620004  0.001938422524  0.003885266664  0.003240970799  0.008362039140  0.003902933862  0.004512656313  0.000000000000  0.004173638609  0.004864244960  0.004857591099  0.005525424298  0.004857591099  0.009769290953  0.006892286519  0.014711676439  0.007006990171  0.013912333020  0.005677564944  0.005446662982  0.004862314967  0.001942187310  0.004857591099  
piranga_flava_lsu15408 0.008373847028  0.000000000000  0.003125895100  0.015812896695  0.012608171027  0.012626063769  0.003255740754  0.014742106223  0.004173638609  0.002082387935  0.001078564175  0.004941960955  0.001040708595  0.002252844546  0.004173638609  0.000000000000  0.002083839800  0.003125895100  0.003338997009  0.003125895100  0.010490025310  0.002106514147  0.014742106223  0.004811188033  0.014171932411  0.007109213365  0.004083162842  0.003125895100  0.004173638609  0.003125895100  
piranga_lutea_lsu5400 0.010754835955  0.001942187310  0.006820277625  0.018708682719  0.014717494168  0.014736271173  0.006067387084  0.016714293428  0.004864244960  0.004864244960  0.003241668667  0.008354769508  0.000973820018  0.002252844546  0.004864244960  0.002083839800  0.000000000000  0.005840538905  0.005529845180  0.005840538905  0.012736078925  0.003929774844  0.017705761420  0.006999368370  0.016092984729  0.007109213365  0.004083162842  0.005840538905  0.006823621503  0.005840538905  
piranga_olivacea_ku4672 0.006807012978  0.003887464382  0.004859517354  0.014703067084  0.010744330747  0.010747223206  0.002013215008  0.012723612994  0.004857591099  0.002908527966  0.002156483490  0.005953037805  0.004881930099  0.005643928660  0.004857591099  0.003125895100  0.005840538905  0.000000000000  0.004415264865  0.003880217437  0.008777635497  0.007882463590  0.013708983443  0.004654433364  0.012814843148  0.005670587213  0.005443149495  0.003883985126  0.004867048032  0.003880217437  
piranga_ludoviciana_sdsu2208 0.006637957214  0.003313183921  0.003308610662  0.014466278069  0.012219309263  0.014491622680  0.004415646652  0.016737593144  0.005525424298  0.003308610662  0.002236345151  0.006128148786  0.004420143911  0.005642166989  0.005525424298  0.003338997009  0.005529845180  0.004415264865  0.000000000000  0.002204012711  0.009980214856  0.004425033751  0.013339487950  0.005967247238  0.011126182931  0.008524069207  0.002715784144  0.002204012711  0.005531537166  0.002204012711  
piranga_bidentata_itm160 0.006815168763  0.003887464382  0.004859517354  0.016697874725  0.012723612994  0.012728709647  0.004034712503  0.014711676439  0.004857591099  0.000967905615  0.002156483490  0.008354769508  0.004881930099  0.005643928660  0.004857591099  0.003125895100  0.005840538905  0.003880217437  0.002204012711  0.000000000000  0.010750277943  0.007882463590  0.015699360895  0.006999368370  0.013927285570  0.008532220075  0.000000000000  0.001940303091  0.004867048032  0.000000000000  
piranga_leucoptera_fmnh481795 0.009757958398  0.010754835955  0.011739865192  0.012723612994  0.007794561186  0.013725620004  0.008098952616  0.015699360895  0.009769290953  0.009769290953  0.009775160865  0.007152294592  0.011790521767  0.010200273738  0.009769290953  0.010490025310  0.012736078925  0.008777635497  0.009980214856  0.010750277943  0.000000000000  0.014870825702  0.012712107664  0.005825367005  0.011724256059  0.002827112845  0.008186769994  0.010750277943  0.009778844522  0.010750277943  
piranga_lutea_ku89864 0.012863051865  0.003929774844  0.008875175957  0.019909311252  0.016879787762  0.016897053695  0.007089679441  0.018903538988  0.006892286519  0.006892286519  0.003244207610  0.008364753388  0.002956465451  0.001126273587  0.006892286519  0.002106514147  0.003929774844  0.007882463590  0.004425033751  0.007882463590  0.014870825702  0.000000000000  0.018895091535  0.005825367005  0.015005616962  0.007119336126  0.004088727841  0.007882463590  0.008877607698  0.007882463590  
piranga_rubriceps_lsu34818 0.014695982429  0.015706627760  0.016697874725  0.002910572012  0.014690425937  0.016697874725  0.011158512853  0.018680489037  0.014711676439  0.014711676439  0.013069719608  0.011959475689  0.016771005323  0.013640082924  0.014711676439  0.014742106223  0.017705761420  0.013708983443  0.013339487950  0.015699360895  0.012712107664  0.018895091535  0.000000000000  0.010516684640  0.009563651819  0.005666148366  0.010933031957  0.015699360895  0.014726120538  0.015699360895  
piranga_roseogularis_ku2141 0.006993888130  0.005825367005  0.007006990171  0.011698651454  0.008169503714  0.012915959613  0.004659131647  0.015274952976  0.007006990171  0.005831523220  0.003633509302  0.000000000000  0.005825367005  0.006021813434  0.007006990171  0.004811188033  0.006999368370  0.004654433364  0.005967247238  0.006999368370  0.005825367005  0.005825367005  0.010516684640  0.000000000000  0.009478588738  0.004263499616  0.006837016055  0.006999368370  0.008185548676  0.006999368370  
piranga_erythrocephala_fmnh343371 0.012826753117  0.013914050466  0.014986132903  0.010636487139  0.013878247413  0.016075735885  0.010732119289  0.018231908632  0.013912333020  0.013912333020  0.012039444687  0.009732280704  0.015002193216  0.013661042212  0.013912333020  0.014171932411  0.016092984729  0.012814843148  0.011126182931  0.013927285570  0.011724256059  0.015005616962  0.009563651819  0.009478588738  0.000000000000  0.007099119349  0.010973377029  0.013927285570  0.013927238838  0.013927285570  
piranga_erythrocephala_fmnh343370 0.008524069207  0.007109213365  0.005677564944  0.007090359081  0.004251415586  0.007099119349  0.004251415586  0.008524069207  0.004251415586  0.007108267639  0.005677564944  0.004324965043  0.007109213365  0.008544370818  0.005677564944  0.007109213365  0.007109213365  0.005670587213  0.008524069207  0.008532220075  0.002827112845  0.007119336126  0.005666148366  0.004263499616  0.007099119349  0.000000000000  0.008532220075  0.008532220075  0.007118387733  0.008532220075  
piranga_ludoviciana_sdsu2650 0.008194286472  0.004083162842  0.002715784144  0.012315624380  0.009574441877  0.013724925788  0.004079143247  0.015105457564  0.004079143247  0.001356560433  0.002715784144  0.006970458340  0.004083162842  0.005450566606  0.005446662982  0.004083162842  0.004083162842  0.005443149495  0.002715784144  0.000000000000  0.008186769994  0.004088727841  0.010933031957  0.006837016055  0.010973377029  0.008532220075  0.000000000000  0.002718254977  0.006827679706  0.000000000000  
piranga_bidentata_tepe59 0.006821810567  0.003887464382  0.004859517354  0.016697874725  0.012723612994  0.012741185716  0.004034712503  0.014711676439  0.004862314967  0.002911350554  0.002156483490  0.008354769508  0.004881930099  0.005643928660  0.004862314967  0.003125895100  0.005840538905  0.003883985126  0.002204012711  0.001940303091  0.010750277943  0.007882463590  0.015699360895  0.006999368370  0.013927285570  0.008532220075  0.002718254977  0.000000000000  0.004867048032  0.001940303091  
piranga_rubra_sdsu2635 0.009778844522  0.004864244960  0.005846683520  0.015724465325  0.011751362348  0.011769901282  0.005058626858  0.013739090734  0.003892829051  0.003892829051  0.003244475898  0.009569295380  0.005865710897  0.006785636290  0.001942187310  0.004173638609  0.006823621503  0.004867048032  0.005531537166  0.004867048032  0.009778844522  0.008877607698  0.014726120538  0.008185548676  0.013927238838  0.007118387733  0.006827679706  0.004867048032  0.000000000000  0.004867048032  
piranga_bidentata_itm141 0.006815168763  0.003887464382  0.004859517354  0.016697874725  0.012723612994  0.012728709647  0.004034712503  0.014711676439  0.004857591099  0.000967905615  0.002156483490  0.008354769508  0.004881930099  0.005643928660  0.004857591099  0.003125895100  0.005840538905  0.003880217437  0.002204012711  0.000000000000  0.010750277943  0.007882463590  0.015699360895  0.006999368370  0.013927285570  0.008532220075  0.000000000000  0.001940303091  0.004867048032  0.000000000000  

