30
cardinalis_cardinalis_ku21828 0.000000000000  0.000000000000  0.008564142664  0.008564142664  0.011599362419  0.013633042289  0.010072529533  0.010578983925  0.012112604887  0.014672378902  0.014653328997  0.014653328997  0.015165496497  0.015165496497  0.015165496497  0.015165496497  0.015165496497  0.017722999672  0.016188061019  0.015165496497  0.014154970873  0.014663509354  0.014151031064  0.015685731588  0.014667736111  0.014667736111  0.013131087461  0.013131087461  0.014151031064  0.015168759525  
cardinalis_cardinalis_ku25393 0.000000000000  0.000000000000  0.008564142664  0.008564142664  0.011599362419  0.013633042289  0.010072529533  0.010578983925  0.012112604887  0.014672378902  0.014653328997  0.014653328997  0.015165496497  0.015165496497  0.015165496497  0.015165496497  0.015165496497  0.017722999672  0.016188061019  0.015165496497  0.014154970873  0.014663509354  0.014151031064  0.015685731588  0.014667736111  0.014667736111  0.013131087461  0.013131087461  0.014151031064  0.015168759525  
piranga_erythrocephala_fmnh343371 0.008564142664  0.008564142664  0.000000000000  0.000000000000  0.008048410043  0.010072529533  0.006530359304  0.007034621807  0.011613556879  0.014174883552  0.014151031064  0.014151031064  0.014663509354  0.014663509354  0.014663509354  0.014663509354  0.014663509354  0.017219671409  0.015685731588  0.014663509354  0.013656206346  0.014164097258  0.013651307802  0.015185982621  0.014169283099  0.014169283099  0.012631701904  0.012631701904  0.013651307802  0.014667736111  
piranga_erythrocephala_fmnh343370 0.008564142664  0.008564142664  0.000000000000  0.000000000000  0.008048410043  0.010072529533  0.006530359304  0.007034621807  0.011613556879  0.014174883552  0.014151031064  0.014151031064  0.014663509354  0.014663509354  0.014663509354  0.014663509354  0.014663509354  0.017219671409  0.015685731588  0.014663509354  0.013656206346  0.014164097258  0.013651307802  0.015185982621  0.014169283099  0.014169283099  0.012631701904  0.012631701904  0.013651307802  0.014667736111  
piranga_leucoptera_fmnh481795 0.011599362419  0.011599362419  0.008048410043  0.008048410043  0.000000000000  0.002002729556  0.004514648111  0.005017629944  0.014659699001  0.017228921383  0.017208940930  0.017208940930  0.017722999672  0.017722999672  0.017722999672  0.017722999672  0.017722999672  0.020289456529  0.018749174627  0.017722999672  0.016709426108  0.017219671409  0.016705299578  0.018245502587  0.017224087013  0.017224087013  0.015681763551  0.015681763551  0.016705299578  0.017726445456  
piranga_leucoptera_lsu7783 0.013633042289  0.013633042289  0.010072529533  0.010072529533  0.002002729556  0.000000000000  0.006529419183  0.007033813397  0.016701591861  0.019277553508  0.019258084808  0.019258084808  0.019773492526  0.019773492526  0.019773492526  0.019773492526  0.019773492526  0.022347047001  0.020802479279  0.019773492526  0.018756803575  0.019268500932  0.018752778479  0.020297141403  0.019272816622  0.019272816622  0.017726445456  0.017726445456  0.018752778479  0.019776832602  
piranga_rubriceps_lsu265 0.010072529533  0.010072529533  0.006530359304  0.006530359304  0.004514648111  0.006529419183  0.000000000000  0.000500190461  0.013124767401  0.015685731588  0.015670073090  0.015670073090  0.016182478822  0.016182478822  0.016182478822  0.016182478822  0.016182478822  0.018743232177  0.017206204138  0.016182478822  0.015168759525  0.015678213307  0.015165496497  0.016701591861  0.015681763551  0.015681763551  0.014144400070  0.014144400070  0.015165496497  0.016185060298  
piranga_rubriceps_lsu34818 0.010578983925  0.010578983925  0.007034621807  0.007034621807  0.005017629944  0.007033813397  0.000500190461  0.000000000000  0.013633042289  0.016195318683  0.016180316971  0.016180316971  0.016692985362  0.016692985362  0.016692985362  0.016692985362  0.016692985362  0.019255457685  0.017717370266  0.016692985362  0.015678213307  0.016188061019  0.015675081230  0.017212097992  0.016191480606  0.016191480606  0.014653328997  0.014653328997  0.015675081230  0.016695434375  
piranga_roseogularis_ku2049 0.012112604887  0.012112604887  0.011613556879  0.011613556879  0.014659699001  0.016701591861  0.013124767401  0.013633042289  0.000000000000  0.002506559869  0.003508330841  0.003508330841  0.004010901265  0.004010901265  0.004010901265  0.004010901265  0.004010901265  0.006528889322  0.005017113901  0.004010901265  0.003008007364  0.003509837471  0.003006967800  0.004515703549  0.003511153321  0.003511153321  0.002003301348  0.002003301348  0.003006967800  0.004011272243  
piranga_roseogularis_ku2141 0.014672378902  0.014672378902  0.014174883552  0.014174883552  0.017228921383  0.019277553508  0.015685731588  0.016195318683  0.002506559869  0.000000000000  0.006026483179  0.006026483179  0.006531709312  0.006531709312  0.006531709312  0.006531709312  0.006531709312  0.009058859755  0.007541857320  0.006531709312  0.005529049539  0.006032151251  0.005526622699  0.007041957408  0.006034857307  0.006034857307  0.004519036711  0.004519036711  0.005526622699  0.006533468836  
piranga_olivacea_ku2699 0.014653328997  0.014653328997  0.014151031064  0.014151031064  0.017208940930  0.019258084808  0.015670073090  0.016180316971  0.003508330841  0.006026483179  0.000000000000  0.000000000000  0.002504626552  0.002504626552  0.002504626552  0.002504626552  0.002504626552  0.005017629944  0.003508928195  0.002504626552  0.005520996987  0.006024749894  0.005520612816  0.007033813397  0.006025411747  0.006025411747  0.004513761369  0.004513761369  0.005520612816  0.006528770095  
piranga_olivacea_ku4672 0.014653328997  0.014653328997  0.014151031064  0.014151031064  0.017208940930  0.019258084808  0.015670073090  0.016180316971  0.003508330841  0.006026483179  0.000000000000  0.000000000000  0.002504626552  0.002504626552  0.002504626552  0.002504626552  0.002504626552  0.005017629944  0.003508928195  0.002504626552  0.005520996987  0.006024749894  0.005520612816  0.007033813397  0.006025411747  0.006025411747  0.004513761369  0.004513761369  0.005520612816  0.006528770095  
piranga_ludoviciana_sdsu2648 0.015165496497  0.015165496497  0.014663509354  0.014663509354  0.017722999672  0.019773492526  0.016182478822  0.016692985362  0.004010901265  0.006531709312  0.002504626552  0.002504626552  0.000000000000  0.000000000000  0.000000000000  0.000000000000  0.000000000000  0.002504268663  0.001000702477  0.000000000000  0.006025411747  0.006529419183  0.006024749894  0.007539271345  0.006530359304  0.006530359304  0.005017113901  0.005017113901  0.006024749894  0.007033415928  
piranga_bidentata_tepe59 0.015165496497  0.015165496497  0.014663509354  0.014663509354  0.017722999672  0.019773492526  0.016182478822  0.016692985362  0.004010901265  0.006531709312  0.002504626552  0.002504626552  0.000000000000  0.000000000000  0.000000000000  0.000000000000  0.000000000000  0.002504268663  0.001000702477  0.000000000000  0.006025411747  0.006529419183  0.006024749894  0.007539271345  0.006530359304  0.006530359304  0.005017113901  0.005017113901  0.006024749894  0.007033415928  
piranga_bidentata_itm141 0.015165496497  0.015165496497  0.014663509354  0.014663509354  0.017722999672  0.019773492526  0.016182478822  0.016692985362  0.004010901265  0.006531709312  0.002504626552  0.002504626552  0.000000000000  0.000000000000  0.000000000000  0.000000000000  0.000000000000  0.002504268663  0.001000702477  0.000000000000  0.006025411747  0.006529419183  0.006024749894  0.007539271345  0.006530359304  0.006530359304  0.005017113901  0.005017113901  0.006024749894  0.007033415928  
piranga_bidentata_hgoslp104 0.015165496497  0.015165496497  0.014663509354  0.014663509354  0.017722999672  0.019773492526  0.016182478822  0.016692985362  0.004010901265  0.006531709312  0.002504626552  0.002504626552  0.000000000000  0.000000000000  0.000000000000  0.000000000000  0.000000000000  0.002504268663  0.001000702477  0.000000000000  0.006025411747  0.006529419183  0.006024749894  0.007539271345  0.006530359304  0.006530359304  0.005017113901  0.005017113901  0.006024749894  0.007033415928  
piranga_bidentata_itm160 0.015165496497  0.015165496497  0.014663509354  0.014663509354  0.017722999672  0.019773492526  0.016182478822  0.016692985362  0.004010901265  0.006531709312  0.002504626552  0.002504626552  0.000000000000  0.000000000000  0.000000000000  0.000000000000  0.000000000000  0.002504268663  0.001000702477  0.000000000000  0.006025411747  0.006529419183  0.006024749894  0.007539271345  0.006530359304  0.006530359304  0.005017113901  0.005017113901  0.006024749894  0.007033415928  
piranga_ludoviciana_sdsu2208 0.017722999672  0.017722999672  0.017219671409  0.017219671409  0.020289456529  0.022347047001  0.018743232177  0.019255457685  0.006528889322  0.009058859755  0.005017629944  0.005017629944  0.002504268663  0.002504268663  0.002504268663  0.002504268663  0.002504268663  0.000000000000  0.003508425861  0.002504268663  0.008550557654  0.008043764789  0.008549734162  0.010069610742  0.009057343413  0.009057343413  0.007538595045  0.007538595045  0.008549734162  0.008549325414  
piranga_ludoviciana_sdsu2385 0.016188061019  0.016188061019  0.015685731588  0.015685731588  0.018749174627  0.020802479279  0.017206204138  0.017717370266  0.005017113901  0.007541857320  0.003508928195  0.003508928195  0.001000702477  0.001000702477  0.001000702477  0.001000702477  0.001000702477  0.003508425861  0.000000000000  0.001000702477  0.007034621807  0.007539271345  0.007033813397  0.008550557654  0.007540358895  0.007540358895  0.006024749894  0.006024749894  0.007033813397  0.008043764789  
piranga_ludoviciana_sdsu2650 0.015165496497  0.015165496497  0.014663509354  0.014663509354  0.017722999672  0.019773492526  0.016182478822  0.016692985362  0.004010901265  0.006531709312  0.002504626552  0.002504626552  0.000000000000  0.000000000000  0.000000000000  0.000000000000  0.000000000000  0.002504268663  0.001000702477  0.000000000000  0.006025411747  0.006529419183  0.006024749894  0.007539271345  0.006530359304  0.006530359304  0.005017113901  0.005017113901  0.006024749894  0.007033415928  
piranga_lutea_ku89864 0.014154970873  0.014154970873  0.013656206346  0.013656206346  0.016709426108  0.018756803575  0.015168759525  0.015678213307  0.003008007364  0.005529049539  0.005520996987  0.005520996987  0.006025411747  0.006025411747  0.006025411747  0.006025411747  0.006025411747  0.008550557654  0.007034621807  0.006025411747  0.000000000000  0.002505390410  0.002003301348  0.003509837471  0.002506559869  0.002506559869  0.001001047379  0.001001047379  0.002003301348  0.003006334507  
piranga_flava_ku90809 0.014663509354  0.014663509354  0.014164097258  0.014164097258  0.017219671409  0.019268500932  0.015678213307  0.016188061019  0.003509837471  0.006032151251  0.006024749894  0.006024749894  0.006529419183  0.006529419183  0.006529419183  0.006529419183  0.006529419183  0.008043764789  0.007539271345  0.006529419183  0.002505390410  0.000000000000  0.000500261662  0.004012050837  0.003008007364  0.003008007364  0.001501739072  0.001501739072  0.002504626552  0.002504317113  
piranga_flava_lsu15408 0.014151031064  0.014151031064  0.013651307802  0.013651307802  0.016705299578  0.018752778479  0.015165496497  0.015675081230  0.003006967800  0.005526622699  0.005520612816  0.005520612816  0.006024749894  0.006024749894  0.006024749894  0.006024749894  0.006024749894  0.008549734162  0.007033813397  0.006024749894  0.002003301348  0.000500261662  0.000000000000  0.003508928195  0.002505390410  0.002505390410  0.001000702477  0.001000702477  0.002002812618  0.003006107854  
piranga_lutea_lsu5400 0.015685731588  0.015685731588  0.015185982621  0.015185982621  0.018245502587  0.020297141403  0.016701591861  0.017212097992  0.004515703549  0.007041957408  0.007033813397  0.007033813397  0.007539271345  0.007539271345  0.007539271345  0.007539271345  0.007539271345  0.010069610742  0.008550557654  0.007539271345  0.003509837471  0.004012050837  0.003508928195  0.000000000000  0.002002812618  0.002002812618  0.002504626552  0.002504626552  0.003508928195  0.004514000594  
piranga_hepatica_ku9084 0.014667736111  0.014667736111  0.014169283099  0.014169283099  0.017224087013  0.019272816622  0.015681763551  0.016191480606  0.003511153321  0.006034857307  0.006025411747  0.006025411747  0.006530359304  0.006530359304  0.006530359304  0.006530359304  0.006530359304  0.009057343413  0.007540358895  0.006530359304  0.002506559869  0.003008007364  0.002505390410  0.002002812618  0.000000000000  0.000000000000  0.001502358250  0.001502358250  0.002505390410  0.003508928195  
piranga_hepatica_ku4970 0.014667736111  0.014667736111  0.014169283099  0.014169283099  0.017224087013  0.019272816622  0.015681763551  0.016191480606  0.003511153321  0.006034857307  0.006025411747  0.006025411747  0.006530359304  0.006530359304  0.006530359304  0.006530359304  0.006530359304  0.009057343413  0.007540358895  0.006530359304  0.002506559869  0.003008007364  0.002505390410  0.002002812618  0.000000000000  0.000000000000  0.001502358250  0.001502358250  0.002505390410  0.003508928195  
piranga_rubra_sdsu2654 0.013131087461  0.013131087461  0.012631701904  0.012631701904  0.015681763551  0.017726445456  0.014144400070  0.014653328997  0.002003301348  0.004519036711  0.004513761369  0.004513761369  0.005017113901  0.005017113901  0.005017113901  0.005017113901  0.005017113901  0.007538595045  0.006024749894  0.005017113901  0.001001047379  0.001501739072  0.001000702477  0.002504626552  0.001502358250  0.001502358250  0.000000000000  0.000000000000  0.001000702477  0.002002729556  
piranga_rubra_sdsu2635 0.013131087461  0.013131087461  0.012631701904  0.012631701904  0.015681763551  0.017726445456  0.014144400070  0.014653328997  0.002003301348  0.004519036711  0.004513761369  0.004513761369  0.005017113901  0.005017113901  0.005017113901  0.005017113901  0.005017113901  0.007538595045  0.006024749894  0.005017113901  0.001001047379  0.001501739072  0.001000702477  0.002504626552  0.001502358250  0.001502358250  0.000000000000  0.000000000000  0.001000702477  0.002002729556  
piranga_rubra_ku7046 0.014151031064  0.014151031064  0.013651307802  0.013651307802  0.016705299578  0.018752778479  0.015165496497  0.015675081230  0.003006967800  0.005526622699  0.005520612816  0.005520612816  0.006024749894  0.006024749894  0.006024749894  0.006024749894  0.006024749894  0.008549734162  0.007033813397  0.006024749894  0.002003301348  0.002504626552  0.002002812618  0.003508928195  0.002505390410  0.002505390410  0.001000702477  0.001000702477  0.000000000000  0.003006107854  
piranga_rubra_ku26592 0.015168759525  0.015168759525  0.014667736111  0.014667736111  0.017726445456  0.019776832602  0.016185060298  0.016695434375  0.004011272243  0.006533468836  0.006528770095  0.006528770095  0.007033415928  0.007033415928  0.007033415928  0.007033415928  0.007033415928  0.008549325414  0.008043764789  0.007033415928  0.003006334507  0.002504317113  0.003006107854  0.004514000594  0.003508928195  0.003508928195  0.002002729556  0.002002729556  0.003006107854  0.000000000000  

