30
cardinalis_cardinalis_ku21828 0.000000000000  0.007039979842  0.011610748178  0.013640567808  0.020839743878  0.020321209475  0.014145782287  0.014145782287  0.012117614061  0.011096669761  0.012113861728  0.011096669761  0.011096669761  0.011096669761  0.009575249101  0.013136438492  0.014679713637  0.010080942936  0.012110534470  0.011096669761  0.018248027528  0.013129034037  0.012113861728  0.011096669761  0.011096669761  0.012621251227  0.011096669761  0.014674484714  0.014674484714  0.010590325295  
cardinalis_cardinalis_ku25393 0.007039979842  0.000000000000  0.008552251782  0.010576901660  0.017728622572  0.017214092533  0.011083431957  0.011083431957  0.009057826389  0.008044644643  0.009056671440  0.008044644643  0.008044644643  0.008044644643  0.006529650838  0.010071460900  0.011600371730  0.007034065981  0.009055940307  0.008044644643  0.015159484373  0.010069265264  0.009056671440  0.008044644643  0.008044644643  0.009562772081  0.008044644643  0.011597762638  0.011597762638  0.007539583556  
piranga_rubra_ku7046 0.011610748178  0.008552251782  0.000000000000  0.006025625040  0.013132523204  0.012621251227  0.006529091206  0.006529091206  0.004515877088  0.003509012550  0.004514783007  0.003509012550  0.003509012550  0.003509012550  0.002003342481  0.005523235258  0.007042509927  0.002504672348  0.004514107575  0.003509012550  0.010579677953  0.005521160257  0.004514783007  0.003509012550  0.003509012550  0.005017777751  0.003509012550  0.007039979842  0.007039979842  0.003007044649  
piranga_erythrocephala_fmnh343371 0.013640567808  0.010576901660  0.006025625040  0.000000000000  0.007042509927  0.006536096247  0.005521160257  0.005521160257  0.006529650838  0.005520752626  0.006529091206  0.005520752626  0.005520752626  0.005520752626  0.004010976241  0.007539583556  0.009061406243  0.004513851161  0.006528953004  0.005520752626  0.012609540593  0.007538581172  0.006529091206  0.005520752626  0.005520752626  0.007033640978  0.005520752626  0.009059404781  0.009059404781  0.005017236017  
piranga_leucoptera_fmnh481795 0.020839743878  0.017728622572  0.013132523204  0.007042509927  0.000000000000  0.004517389453  0.012621251227  0.012621251227  0.013640567808  0.012618056055  0.013637210832  0.012618056055  0.011597762638  0.012618056055  0.011093503582  0.014661360069  0.016206616008  0.011600371730  0.013634281053  0.012618056055  0.019783266275  0.014654749081  0.013637210832  0.012618056055  0.012618056055  0.014145782287  0.012618056055  0.016201777889  0.016201777889  0.012110534470  
piranga_leucoptera_lsu7783 0.020321209475  0.017214092533  0.012621251227  0.006536096247  0.004517389453  0.000000000000  0.012110534470  0.012110534470  0.013129034037  0.012107632656  0.013125971357  0.012107632656  0.012107632656  0.012107632656  0.010584153486  0.014149006665  0.015692285055  0.011090761806  0.013123335537  0.012107632656  0.019267075017  0.014142985818  0.013125971357  0.012107632656  0.012107632656  0.013634281053  0.012107632656  0.015687744459  0.015687744459  0.011600371730  
piranga_rubriceps_lsu265 0.014145782287  0.011083431957  0.006529091206  0.005521160257  0.012621251227  0.012110534470  0.000000000000  0.000000000000  0.007033640978  0.006024806050  0.007033638105  0.006024806050  0.006024806050  0.006024806050  0.004514014137  0.008044066971  0.009565236979  0.005017412055  0.007034057737  0.006024806050  0.013117068324  0.008044181478  0.007033638105  0.006024806050  0.006024806050  0.007538714039  0.006024806050  0.009563792457  0.009563792457  0.005520765402  
piranga_rubriceps_lsu34818 0.014145782287  0.011083431957  0.006529091206  0.005521160257  0.012621251227  0.012110534470  0.000000000000  0.000000000000  0.007033640978  0.006024806050  0.007033638105  0.006024806050  0.006024806050  0.006024806050  0.004514014137  0.008044066971  0.009565236979  0.005017412055  0.007034057737  0.006024806050  0.013117068324  0.008044181478  0.007033638105  0.006024806050  0.006024806050  0.007538714039  0.006024806050  0.009563792457  0.009563792457  0.005520765402  
piranga_flava_ku90809 0.012117614061  0.009057826389  0.004515877088  0.006529650838  0.013640567808  0.013129034037  0.007033640978  0.007033640978  0.000000000000  0.001001064682  0.004012175364  0.003007044649  0.003007044649  0.003007044649  0.002504672348  0.006026739254  0.007546650363  0.003006387493  0.005017236017  0.004011366639  0.011086552941  0.006024931187  0.005017777751  0.004011366639  0.004011366639  0.005521160257  0.004011366639  0.007544251830  0.007544251830  0.003509012550  
piranga_flava_lsu15408 0.011096669761  0.008044644643  0.003509012550  0.005520752626  0.012618056055  0.012107632656  0.006024806050  0.006024806050  0.001001064682  0.000000000000  0.003006387493  0.002002836118  0.002002836118  0.002002836118  0.001501534815  0.005017777751  0.006533854599  0.002002746063  0.004011004538  0.003006147653  0.010070150657  0.005017113994  0.004010976241  0.003006147653  0.003006147653  0.004513851161  0.003006147653  0.006532032903  0.006532032903  0.002504299046  
piranga_erythrocephala_fmnh343370 0.012113861728  0.009056671440  0.004514783007  0.006529091206  0.013637210832  0.013125971357  0.007033638105  0.007033638105  0.004012175364  0.003006387493  0.000000000000  0.003006387493  0.003006387493  0.003006387493  0.002504299046  0.006025625040  0.007544251830  0.003006147653  0.005017113994  0.004010976241  0.011085086597  0.006024658066  0.005017236017  0.004010976241  0.004010976241  0.005520752626  0.004010976241  0.007542274273  0.007542274273  0.003508488571  
piranga_hepatica_ku9084 0.011096669761  0.008044644643  0.003509012550  0.005520752626  0.012618056055  0.012107632656  0.006024806050  0.006024806050  0.003007044649  0.002002836118  0.003006387493  0.000000000000  0.002002836118  0.002002836118  0.001501534815  0.005017777751  0.006533854599  0.002002746063  0.004011004538  0.003006147653  0.010070150657  0.005017113994  0.004010976241  0.003006147653  0.003006147653  0.004513851161  0.003006147653  0.006532032903  0.006532032903  0.002504299046  
piranga_lutea_lsu5400 0.011096669761  0.008044644643  0.003509012550  0.005520752626  0.011597762638  0.012107632656  0.006024806050  0.006024806050  0.003007044649  0.002002836118  0.003006387493  0.002002836118  0.000000000000  0.002002836118  0.001501534815  0.005017777751  0.006533854599  0.002002746063  0.004011004538  0.003006147653  0.010070150657  0.005017113994  0.004010976241  0.003006147653  0.003006147653  0.004513851161  0.003006147653  0.006532032903  0.006532032903  0.002504299046  
piranga_hepatica_ku4970 0.011096669761  0.008044644643  0.003509012550  0.005520752626  0.012618056055  0.012107632656  0.006024806050  0.006024806050  0.003007044649  0.002002836118  0.003006387493  0.002002836118  0.002002836118  0.000000000000  0.001501534815  0.005017777751  0.006533854599  0.002002746063  0.004011004538  0.003006147653  0.010070150657  0.005017113994  0.004010976241  0.003006147653  0.003006147653  0.004513851161  0.003006147653  0.006532032903  0.006532032903  0.002504299046  
piranga_rubra_sdsu2654 0.009575249101  0.006529650838  0.002003342481  0.004010976241  0.011093503582  0.010584153486  0.004514014137  0.004514014137  0.002504672348  0.001501534815  0.002504299046  0.001501534815  0.001501534815  0.001501534815  0.000000000000  0.003509012550  0.005021917535  0.000500191716  0.002504342737  0.001501534815  0.008550962670  0.003508382597  0.002504299046  0.001501534815  0.001501534815  0.003006147653  0.001501534815  0.005020118877  0.005020118877  0.001000708339  
piranga_rubra_sdsu2635 0.013136438492  0.010071460900  0.005523235258  0.007539583556  0.014661360069  0.014149006665  0.008044066971  0.008044066971  0.006026739254  0.005017777751  0.006025625040  0.005017777751  0.005017777751  0.005017777751  0.003509012550  0.000000000000  0.007549469507  0.003007044649  0.005017777751  0.004012175364  0.011088444802  0.006025625040  0.005018738827  0.004012175364  0.004012175364  0.005521987924  0.004012175364  0.007546650363  0.007546650363  0.004514783007  
piranga_olivacea_ku2699 0.014679713637  0.011600371730  0.007042509927  0.009061406243  0.016206616008  0.015692285055  0.009565236979  0.009565236979  0.007546650363  0.006533854599  0.007544251830  0.006533854599  0.006533854599  0.006533854599  0.005021917535  0.007549469507  0.000000000000  0.004519319736  0.006533854599  0.005526987457  0.012621251227  0.007544251830  0.006536096247  0.005526987457  0.005526987457  0.007039979842  0.005526987457  0.009073635443  0.009073635443  0.006030227292  
piranga_olivacea_ku4672 0.010080942936  0.007034065981  0.002504672348  0.004513851161  0.011600371730  0.011090761806  0.005017412055  0.005017412055  0.003006387493  0.002002746063  0.003006147653  0.002002746063  0.002002746063  0.002002746063  0.000500191716  0.003007044649  0.004519319736  0.000000000000  0.002002746063  0.001000708339  0.008045645099  0.003006147653  0.002002836118  0.001000708339  0.001000708339  0.002504299046  0.001000708339  0.004517389453  0.004517389453  0.001501534815  
piranga_lutea_ku89864 0.012110534470  0.009055940307  0.004514107575  0.006528953004  0.013634281053  0.013123335537  0.007034057737  0.007034057737  0.005017236017  0.004011004538  0.005017113994  0.004011004538  0.004011004538  0.004011004538  0.002504342737  0.005017777751  0.006533854599  0.002002746063  0.000000000000  0.003006147653  0.009562772081  0.005017113994  0.004010976241  0.003006147653  0.003006147653  0.004513851161  0.003006147653  0.006532032903  0.006532032903  0.003508382597  
piranga_ludoviciana_sdsu2208 0.011096669761  0.008044644643  0.003509012550  0.005520752626  0.012618056055  0.012107632656  0.006024806050  0.006024806050  0.004011366639  0.003006147653  0.004010976241  0.003006147653  0.003006147653  0.003006147653  0.001501534815  0.004012175364  0.005526987457  0.001000708339  0.003006147653  0.000000000000  0.007034912739  0.002002746063  0.001000708339  0.000000000000  0.000000000000  0.001501534815  0.000000000000  0.005524901891  0.005524901891  0.002504299046  
piranga_ludoviciana_sdsu2648 0.018248027528  0.015159484373  0.010579677953  0.012609540593  0.019783266275  0.019267075017  0.013117068324  0.013117068324  0.011086552941  0.010070150657  0.011085086597  0.010070150657  0.010070150657  0.010070150657  0.008550962670  0.011088444802  0.012621251227  0.008045645099  0.009562772081  0.007034912739  0.000000000000  0.009056671440  0.008045645099  0.007034912739  0.007034912739  0.008550962670  0.007034912739  0.012618056055  0.012618056055  0.009563792457  
piranga_bidentata_itm141 0.013129034037  0.010069265264  0.005521160257  0.007538581172  0.014654749081  0.014142985818  0.008044181478  0.008044181478  0.006024931187  0.005017113994  0.006024658066  0.005017113994  0.005017113994  0.005017113994  0.003508382597  0.006025625040  0.007544251830  0.003006147653  0.005017113994  0.002002746063  0.009056671440  0.000000000000  0.003006147653  0.002002746063  0.002002746063  0.003508382597  0.002002746063  0.007542274273  0.007542274273  0.004513851161  
piranga_bidentata_tepe59 0.012113861728  0.009056671440  0.004514783007  0.006529091206  0.013637210832  0.013125971357  0.007033638105  0.007033638105  0.005017777751  0.004010976241  0.005017236017  0.004010976241  0.004010976241  0.004010976241  0.002504299046  0.005018738827  0.006536096247  0.002002836118  0.004010976241  0.001000708339  0.008045645099  0.003006147653  0.000000000000  0.001000708339  0.001000708339  0.002504299046  0.001000708339  0.006533854599  0.006533854599  0.003508488571  
piranga_ludoviciana_sdsu2650 0.011096669761  0.008044644643  0.003509012550  0.005520752626  0.012618056055  0.012107632656  0.006024806050  0.006024806050  0.004011366639  0.003006147653  0.004010976241  0.003006147653  0.003006147653  0.003006147653  0.001501534815  0.004012175364  0.005526987457  0.001000708339  0.003006147653  0.000000000000  0.007034912739  0.002002746063  0.001000708339  0.000000000000  0.000000000000  0.001501534815  0.000000000000  0.005524901891  0.005524901891  0.002504299046  
piranga_ludoviciana_sdsu2385 0.011096669761  0.008044644643  0.003509012550  0.005520752626  0.012618056055  0.012107632656  0.006024806050  0.006024806050  0.004011366639  0.003006147653  0.004010976241  0.003006147653  0.003006147653  0.003006147653  0.001501534815  0.004012175364  0.005526987457  0.001000708339  0.003006147653  0.000000000000  0.007034912739  0.002002746063  0.001000708339  0.000000000000  0.000000000000  0.001501534815  0.000000000000  0.005524901891  0.005524901891  0.002504299046  
piranga_bidentata_hgoslp104 0.012621251227  0.009562772081  0.005017777751  0.007033640978  0.014145782287  0.013634281053  0.007538714039  0.007538714039  0.005521160257  0.004513851161  0.005520752626  0.004513851161  0.004513851161  0.004513851161  0.003006147653  0.005521987924  0.007039979842  0.002504299046  0.004513851161  0.001501534815  0.008550962670  0.003508382597  0.002504299046  0.001501534815  0.001501534815  0.000000000000  0.001501534815  0.007037870038  0.007037870038  0.004010976241  
piranga_bidentata_itm160 0.011096669761  0.008044644643  0.003509012550  0.005520752626  0.012618056055  0.012107632656  0.006024806050  0.006024806050  0.004011366639  0.003006147653  0.004010976241  0.003006147653  0.003006147653  0.003006147653  0.001501534815  0.004012175364  0.005526987457  0.001000708339  0.003006147653  0.000000000000  0.007034912739  0.002002746063  0.001000708339  0.000000000000  0.000000000000  0.001501534815  0.000000000000  0.005524901891  0.005524901891  0.002504299046  
piranga_roseogularis_ku2049 0.014674484714  0.011597762638  0.007039979842  0.009059404781  0.016201777889  0.015687744459  0.009563792457  0.009563792457  0.007544251830  0.006532032903  0.007542274273  0.006532032903  0.006532032903  0.006532032903  0.005020118877  0.007546650363  0.009073635443  0.004517389453  0.006532032903  0.005524901891  0.012618056055  0.007542274273  0.006533854599  0.005524901891  0.005524901891  0.007037870038  0.005524901891  0.000000000000  0.000000000000  0.006028273460  
piranga_roseogularis_ku2141 0.014674484714  0.011597762638  0.007039979842  0.009059404781  0.016201777889  0.015687744459  0.009563792457  0.009563792457  0.007544251830  0.006532032903  0.007542274273  0.006532032903  0.006532032903  0.006532032903  0.005020118877  0.007546650363  0.009073635443  0.004517389453  0.006532032903  0.005524901891  0.012618056055  0.007542274273  0.006533854599  0.005524901891  0.005524901891  0.007037870038  0.005524901891  0.000000000000  0.000000000000  0.006028273460  
piranga_rubra_ku26592 0.010590325295  0.007539583556  0.003007044649  0.005017236017  0.012110534470  0.011600371730  0.005520765402  0.005520765402  0.003509012550  0.002504299046  0.003508488571  0.002504299046  0.002504299046  0.002504299046  0.001000708339  0.004514783007  0.006030227292  0.001501534815  0.003508382597  0.002504299046  0.009563792457  0.004513851161  0.003508488571  0.002504299046  0.002504299046  0.004010976241  0.002504299046  0.006028273460  0.006028273460  0.000000000000  

