30
piranga_erythrocephala_fmnh343370 0.000000000000  0.000000000000  0.005522959400  0.013130890718  0.009571185742  0.012116044084  0.012116044084  0.011602137898  0.010079878343  0.010589111636  0.011609204901  0.011609204901  0.008053108996  0.010076986359  0.009571185742  0.008053108996  0.008053108996  0.008053108996  0.010086893522  0.011617917772  0.010086893522  0.012124502070  0.012124502070  0.011617917772  0.011617917772  0.010596691508  0.010596691508  0.010596691508  0.010079878343  0.009571185742  
cardinalis_cardinalis_ku21828 0.000000000000  0.000000000000  0.005522959400  0.013130890718  0.009571185742  0.012116044084  0.012116044084  0.011602137898  0.010079878343  0.010589111636  0.011609204901  0.011609204901  0.008053108996  0.010076986359  0.009571185742  0.008053108996  0.008053108996  0.008053108996  0.010086893522  0.011617917772  0.010086893522  0.012124502070  0.012124502070  0.011617917772  0.011617917772  0.010596691508  0.010596691508  0.010596691508  0.010079878343  0.009571185742  
cardinalis_cardinalis_ku25393 0.005522959400  0.005522959400  0.000000000000  0.013642536884  0.010079878343  0.012627167396  0.012627167396  0.012112433131  0.010589111636  0.011098886770  0.012120067186  0.012120067186  0.008560746309  0.010585937774  0.010079878343  0.008560746309  0.008560746309  0.008560746309  0.010596691508  0.012129348371  0.010596691508  0.012636194277  0.012636194277  0.012129348371  0.012129348371  0.011107032538  0.011107032538  0.011107032538  0.010589111636  0.010079878343  
piranga_leucoptera_fmnh481795 0.013130890718  0.013130890718  0.013642536884  0.000000000000  0.003508916362  0.006027921493  0.006027921493  0.005521762482  0.011095430431  0.011605465482  0.012627167396  0.012627167396  0.009065772611  0.011092385612  0.010585937774  0.009065772611  0.009065772611  0.009065772611  0.011102754261  0.012636194277  0.011102754261  0.013143428871  0.013143428871  0.012636194277  0.012636194277  0.011613355786  0.011613355786  0.011613355786  0.011095430431  0.010585937774  
piranga_leucoptera_lsu7783 0.009571185742  0.009571185742  0.010079878343  0.003508916362  0.000000000000  0.002505380781  0.002505380781  0.002002809231  0.007546008992  0.008053108996  0.009068922072  0.009068922072  0.005526573919  0.007543699875  0.007039445162  0.005526573919  0.005526573919  0.005526573919  0.007551851584  0.009076448139  0.007551851584  0.009581477674  0.009581477674  0.009076448139  0.009076448139  0.008059511557  0.008059511557  0.008059511557  0.007546008992  0.007039445162  
piranga_rubriceps_lsu265 0.012116044084  0.012116044084  0.012627167396  0.006027921493  0.002505380781  0.000000000000  0.000000000000  0.004515679824  0.010083180853  0.010592696336  0.011613355786  0.011613355786  0.008056106184  0.010079878343  0.009574206661  0.008056106184  0.008056106184  0.008056106184  0.010091015984  0.011622890495  0.010091015984  0.012129348371  0.012129348371  0.011622890495  0.011622890495  0.010601096786  0.010601096786  0.010601096786  0.010083180853  0.009574206661  
piranga_rubriceps_lsu34818 0.012116044084  0.012116044084  0.012627167396  0.006027921493  0.002505380781  0.000000000000  0.000000000000  0.004515679824  0.010083180853  0.010592696336  0.011613355786  0.011613355786  0.008056106184  0.010079878343  0.009574206661  0.008056106184  0.008056106184  0.008056106184  0.010091015984  0.011622890495  0.010091015984  0.012129348371  0.012129348371  0.011622890495  0.011622890495  0.010601096786  0.010601096786  0.010601096786  0.010083180853  0.009574206661  
piranga_erythrocephala_fmnh343371 0.011602137898  0.011602137898  0.012112433131  0.005521762482  0.002002809231  0.004515679824  0.004515679824  0.000000000000  0.009571185742  0.010079878343  0.011098886770  0.011098886770  0.007546008992  0.009568575038  0.008555418030  0.007546008992  0.007546008992  0.007546008992  0.009577637427  0.011107032538  0.009577637427  0.011613355786  0.011613355786  0.011107032538  0.011107032538  0.010086893522  0.010086893522  0.010086893522  0.009571185742  0.009063032686  
piranga_roseogularis_ku2049 0.010079878343  0.010079878343  0.010589111636  0.011095430431  0.007546008992  0.010083180853  0.010083180853  0.009571185742  0.000000000000  0.003509821659  0.007546008992  0.007546008992  0.004013214392  0.006026447404  0.005522959400  0.004013214392  0.004013214392  0.004013214392  0.006032091267  0.007551851584  0.006032091267  0.008056106184  0.008056106184  0.007551851584  0.007551851584  0.006538142573  0.006538142573  0.006538142573  0.006027921493  0.005522959400  
piranga_roseogularis_ku2141 0.010589111636  0.010589111636  0.011098886770  0.011605465482  0.008053108996  0.010592696336  0.010592696336  0.010079878343  0.003509821659  0.000000000000  0.008053108996  0.008053108996  0.004517136602  0.006531664528  0.006027921493  0.004517136602  0.004517136602  0.004517136602  0.006538142573  0.008059511557  0.006538142573  0.008564023921  0.008564023921  0.008059511557  0.008059511557  0.007044728968  0.007044728968  0.007044728968  0.006533416371  0.006027921493  
piranga_flava_lsu15408 0.011609204901  0.011609204901  0.012120067186  0.012627167396  0.009068922072  0.011613355786  0.011613355786  0.011098886770  0.007546008992  0.008053108996  0.000000000000  0.000000000000  0.003509821659  0.005521762482  0.005018528971  0.003509821659  0.003509821659  0.003509821659  0.005526573919  0.007044728968  0.005526573919  0.007548726350  0.007548726350  0.007044728968  0.007044728968  0.006032091267  0.006032091267  0.006032091267  0.005522959400  0.005018528971  
piranga_ludoviciana_sdsu2208 0.011609204901  0.011609204901  0.012120067186  0.012627167396  0.009068922072  0.011613355786  0.011613355786  0.011098886770  0.007546008992  0.008053108996  0.000000000000  0.000000000000  0.003509821659  0.005521762482  0.005018528971  0.003509821659  0.003509821659  0.003509821659  0.005526573919  0.007044728968  0.005526573919  0.007548726350  0.007548726350  0.007044728968  0.007044728968  0.006032091267  0.006032091267  0.006032091267  0.005522959400  0.005018528971  
piranga_hepatica_ku9084 0.008053108996  0.008053108996  0.008560746309  0.009065772611  0.005526573919  0.008056106184  0.008056106184  0.007546008992  0.004013214392  0.004517136602  0.003509821659  0.003509821659  0.000000000000  0.002002726827  0.001501523329  0.000000000000  0.000000000000  0.000000000000  0.002004186181  0.003512847095  0.002004186181  0.004014800510  0.004014800510  0.003512847095  0.003512847095  0.002506545478  0.002506545478  0.002506545478  0.002002809231  0.001501523329  
piranga_rubra_ku7046 0.010076986359  0.010076986359  0.010585937774  0.011092385612  0.007543699875  0.010079878343  0.010079878343  0.009568575038  0.006026447404  0.006531664528  0.005521762482  0.005521762482  0.002002726827  0.000000000000  0.003508322454  0.002002726827  0.002002726827  0.002002726827  0.004012033644  0.005524563335  0.004012033644  0.006027921493  0.006027921493  0.005524563335  0.005524563335  0.004515679824  0.004515679824  0.004515679824  0.004010889737  0.003508322454  
piranga_hepatica_ku4970 0.009571185742  0.009571185742  0.010079878343  0.010585937774  0.007039445162  0.009574206661  0.009574206661  0.008555418030  0.005522959400  0.006027921493  0.005018528971  0.005018528971  0.001501523329  0.003508322454  0.000000000000  0.001501523329  0.001501523329  0.001501523329  0.003509821659  0.005021589405  0.003509821659  0.005524563335  0.005524563335  0.005021589405  0.005021589405  0.004013214392  0.004013214392  0.004013214392  0.003508416504  0.003006101583  
piranga_lutea_ku89864 0.008053108996  0.008053108996  0.008560746309  0.009065772611  0.005526573919  0.008056106184  0.008056106184  0.007546008992  0.004013214392  0.004517136602  0.003509821659  0.003509821659  0.000000000000  0.002002726827  0.001501523329  0.000000000000  0.000000000000  0.000000000000  0.002004186181  0.003512847095  0.002004186181  0.004014800510  0.004014800510  0.003512847095  0.003512847095  0.002506545478  0.002506545478  0.002506545478  0.002002809231  0.001501523329  
piranga_lutea_lsu5400 0.008053108996  0.008053108996  0.008560746309  0.009065772611  0.005526573919  0.008056106184  0.008056106184  0.007546008992  0.004013214392  0.004517136602  0.003509821659  0.003509821659  0.000000000000  0.002002726827  0.001501523329  0.000000000000  0.000000000000  0.000000000000  0.002004186181  0.003512847095  0.002004186181  0.004014800510  0.004014800510  0.003512847095  0.003512847095  0.002506545478  0.002506545478  0.002506545478  0.002002809231  0.001501523329  
piranga_ludoviciana_sdsu2648 0.008053108996  0.008053108996  0.008560746309  0.009065772611  0.005526573919  0.008056106184  0.008056106184  0.007546008992  0.004013214392  0.004517136602  0.003509821659  0.003509821659  0.000000000000  0.002002726827  0.001501523329  0.000000000000  0.000000000000  0.000000000000  0.002004186181  0.003512847095  0.002004186181  0.004014800510  0.004014800510  0.003512847095  0.003512847095  0.002506545478  0.002506545478  0.002506545478  0.002002809231  0.001501523329  
piranga_bidentata_tepe59 0.010086893522  0.010086893522  0.010596691508  0.011102754261  0.007551851584  0.010091015984  0.010091015984  0.009577637427  0.006032091267  0.006538142573  0.005526573919  0.005526573919  0.002004186181  0.004012033644  0.003509821659  0.002004186181  0.002004186181  0.002004186181  0.000000000000  0.001502353084  0.000000000000  0.002003295805  0.002003295805  0.001502353084  0.001502353084  0.000500261090  0.000500261090  0.000500261090  0.004013214392  0.003509821659  
piranga_olivacea_ku4672 0.011617917772  0.011617917772  0.012129348371  0.012636194277  0.009076448139  0.011622890495  0.011622890495  0.011107032538  0.007551851584  0.008059511557  0.007044728968  0.007044728968  0.003512847095  0.005524563335  0.005021589405  0.003512847095  0.003512847095  0.003512847095  0.001502353084  0.000000000000  0.001502353084  0.003511132025  0.003511132025  0.003009432080  0.003009432080  0.002004186181  0.002004186181  0.002004186181  0.005526573919  0.005021589405  
piranga_ludoviciana_sdsu2650 0.010086893522  0.010086893522  0.010596691508  0.011102754261  0.007551851584  0.010091015984  0.010091015984  0.009577637427  0.006032091267  0.006538142573  0.005526573919  0.005526573919  0.002004186181  0.004012033644  0.003509821659  0.002004186181  0.002004186181  0.002004186181  0.000000000000  0.001502353084  0.000000000000  0.002003295805  0.002003295805  0.001502353084  0.001502353084  0.000500261090  0.000500261090  0.000500261090  0.004013214392  0.003509821659  
piranga_bidentata_itm160 0.012124502070  0.012124502070  0.012636194277  0.013143428871  0.009581477674  0.012129348371  0.012129348371  0.011613355786  0.008056106184  0.008564023921  0.007548726350  0.007548726350  0.004014800510  0.006027921493  0.005524563335  0.004014800510  0.004014800510  0.004014800510  0.002003295805  0.003511132025  0.002003295805  0.000000000000  0.000000000000  0.000500190239  0.000500190239  0.001501736455  0.001501736455  0.001501736455  0.006029802903  0.005524563335  
piranga_bidentata_itm141 0.012124502070  0.012124502070  0.012636194277  0.013143428871  0.009581477674  0.012129348371  0.012129348371  0.011613355786  0.008056106184  0.008564023921  0.007548726350  0.007548726350  0.004014800510  0.006027921493  0.005524563335  0.004014800510  0.004014800510  0.004014800510  0.002003295805  0.003511132025  0.002003295805  0.000000000000  0.000000000000  0.000500190239  0.000500190239  0.001501736455  0.001501736455  0.001501736455  0.006029802903  0.005524563335  
piranga_ludoviciana_sdsu2385 0.011617917772  0.011617917772  0.012129348371  0.012636194277  0.009076448139  0.011622890495  0.011622890495  0.011107032538  0.007551851584  0.008059511557  0.007044728968  0.007044728968  0.003512847095  0.005524563335  0.005021589405  0.003512847095  0.003512847095  0.003512847095  0.001502353084  0.003009432080  0.001502353084  0.000500190239  0.000500190239  0.000000000000  0.000000000000  0.001001045086  0.001001045086  0.001001045086  0.005526573919  0.005021589405  
piranga_bidentata_hgoslp104 0.011617917772  0.011617917772  0.012129348371  0.012636194277  0.009076448139  0.011622890495  0.011622890495  0.011107032538  0.007551851584  0.008059511557  0.007044728968  0.007044728968  0.003512847095  0.005524563335  0.005021589405  0.003512847095  0.003512847095  0.003512847095  0.001502353084  0.003009432080  0.001502353084  0.000500190239  0.000500190239  0.000000000000  0.000000000000  0.001001045086  0.001001045086  0.001001045086  0.005526573919  0.005021589405  
piranga_olivacea_ku2699 0.010596691508  0.010596691508  0.011107032538  0.011613355786  0.008059511557  0.010601096786  0.010601096786  0.010086893522  0.006538142573  0.007044728968  0.006032091267  0.006032091267  0.002506545478  0.004515679824  0.004013214392  0.002506545478  0.002506545478  0.002506545478  0.000500261090  0.002004186181  0.000500261090  0.001501736455  0.001501736455  0.001001045086  0.001001045086  0.000000000000  0.000000000000  0.000000000000  0.004517136602  0.004013214392  
piranga_rubra_sdsu2654 0.010596691508  0.010596691508  0.011107032538  0.011613355786  0.008059511557  0.010601096786  0.010601096786  0.010086893522  0.006538142573  0.007044728968  0.006032091267  0.006032091267  0.002506545478  0.004515679824  0.004013214392  0.002506545478  0.002506545478  0.002506545478  0.000500261090  0.002004186181  0.000500261090  0.001501736455  0.001501736455  0.001001045086  0.001001045086  0.000000000000  0.000000000000  0.000000000000  0.004517136602  0.004013214392  
piranga_rubra_sdsu2635 0.010596691508  0.010596691508  0.011107032538  0.011613355786  0.008059511557  0.010601096786  0.010601096786  0.010086893522  0.006538142573  0.007044728968  0.006032091267  0.006032091267  0.002506545478  0.004515679824  0.004013214392  0.002506545478  0.002506545478  0.002506545478  0.000500261090  0.002004186181  0.000500261090  0.001501736455  0.001501736455  0.001001045086  0.001001045086  0.000000000000  0.000000000000  0.000000000000  0.004517136602  0.004013214392  
piranga_flava_ku90809 0.010079878343  0.010079878343  0.010589111636  0.011095430431  0.007546008992  0.010083180853  0.010083180853  0.009571185742  0.006027921493  0.006533416371  0.005522959400  0.005522959400  0.002002809231  0.004010889737  0.003508416504  0.002002809231  0.002002809231  0.002002809231  0.004013214392  0.005526573919  0.004013214392  0.006029802903  0.006029802903  0.005526573919  0.005526573919  0.004517136602  0.004517136602  0.004517136602  0.000000000000  0.003508416504  
piranga_rubra_ku26592 0.009571185742  0.009571185742  0.010079878343  0.010585937774  0.007039445162  0.009574206661  0.009574206661  0.009063032686  0.005522959400  0.006027921493  0.005018528971  0.005018528971  0.001501523329  0.003508322454  0.003006101583  0.001501523329  0.001501523329  0.001501523329  0.003509821659  0.005021589405  0.003509821659  0.005524563335  0.005524563335  0.005021589405  0.005021589405  0.004013214392  0.004013214392  0.004013214392  0.003508416504  0.000000000000  

