30
piranga_rubra_ku26592 0.000000000000  0.000000000000  0.000000000000  0.005298225719  0.003525553502  0.000000000000  0.000000000000  0.000000000000  0.000000000000  0.000000000000  0.000000000000  0.000000000000  0.000000000000  0.000000000000  0.000000000000  0.000000000000  0.000000000000  0.000000000000  0.000000000000  0.000000000000  0.003750327988  0.000000000000  0.005298225719  0.000000000000  0.003525553502  0.000000000000  0.000000000000  0.001761129979  0.000000000000  0.000000000000  
piranga_flava_ku90809 0.000000000000  0.000000000000  0.000000000000  0.005813067736  0.005809130700  0.001447560514  0.000000000000  0.000000000000  0.000000000000  0.000000000000  0.000000000000  0.000000000000  0.000000000000  0.000000000000  0.000000000000  0.000000000000  0.000000000000  0.000000000000  0.000000000000  0.000000000000  0.003047446927  0.000000000000  0.005813067736  0.002900091302  0.002897344987  0.000000000000  0.000000000000  0.001447560514  0.000000000000  0.000000000000  
piranga_ludoviciana_sdsu2385 0.000000000000  0.000000000000  0.000000000000  0.005813067736  0.005809130700  0.001447560514  0.000000000000  0.000000000000  0.000000000000  0.000000000000  0.000000000000  0.000000000000  0.000000000000  0.000000000000  0.000000000000  0.000000000000  0.000000000000  0.000000000000  0.000000000000  0.000000000000  0.003047446927  0.000000000000  0.005813067736  0.002900091302  0.002897344987  0.000000000000  0.000000000000  0.001447560514  0.000000000000  0.000000000000  
piranga_rubriceps_lsu265 0.005298225719  0.005813067736  0.005813067736  0.000000000000  0.005813067736  0.007278499914  0.003750327988  0.005813067736  0.005872811869  0.005813067736  0.006687805975  0.006738153937  0.005813067736  0.005997282400  0.005813067736  0.005679377578  0.005813067736  0.006032231790  0.004573663123  0.005813067736  0.003050485596  0.005813067736  0.000000000000  0.008749026066  0.002900091302  0.000000000000  0.000000000000  0.007278499914  0.005813067736  0.005813067736  
piranga_leucoptera_lsu7783 0.003525553502  0.005809130700  0.005809130700  0.005813067736  0.000000000000  0.007272353209  0.001872336843  0.005809130700  0.005868793271  0.005809130700  0.006682590714  0.004481428176  0.005809130700  0.003989733916  0.005809130700  0.003778670603  0.005809130700  0.006027991433  0.002282626728  0.005809130700  0.003047446927  0.005809130700  0.005813067736  0.008740654316  0.002897344987  0.000000000000  0.000000000000  0.007272353209  0.005809130700  0.005809130700  
cardinalis_cardinalis_ku25393 0.000000000000  0.001447560514  0.001447560514  0.007278499914  0.007272353209  0.000000000000  0.000000000000  0.001447560514  0.001462378700  0.001447560514  0.001664399462  0.000000000000  0.001447560514  0.000000000000  0.001447560514  0.000000000000  0.001447560514  0.001501913330  0.000000000000  0.001447560514  0.004578558666  0.001447560514  0.007278499914  0.001447560514  0.004352694362  0.000000000000  0.000000000000  0.002900091302  0.001447560514  0.001447560514  
piranga_olivacea_ku2699 0.000000000000  0.000000000000  0.000000000000  0.003750327988  0.001872336843  0.000000000000  0.000000000000  0.000000000000  0.000000000000  0.000000000000  0.000000000000  0.000000000000  0.000000000000  0.000000000000  0.000000000000  0.000000000000  0.000000000000  0.000000000000  0.000000000000  0.000000000000  0.001972029157  0.000000000000  0.003750327988  0.000000000000  0.001872336843  0.000000000000  0.000000000000  0.000000000000  0.000000000000  0.000000000000  
cardinalis_cardinalis_ku21828 0.000000000000  0.000000000000  0.000000000000  0.005813067736  0.005809130700  0.001447560514  0.000000000000  0.000000000000  0.000000000000  0.000000000000  0.000000000000  0.000000000000  0.000000000000  0.000000000000  0.000000000000  0.000000000000  0.000000000000  0.000000000000  0.000000000000  0.000000000000  0.003047446927  0.000000000000  0.005813067736  0.002900091302  0.002897344987  0.000000000000  0.000000000000  0.001447560514  0.000000000000  0.000000000000  
piranga_rubra_ku7046 0.000000000000  0.000000000000  0.000000000000  0.005872811869  0.005868793271  0.001462378700  0.000000000000  0.000000000000  0.000000000000  0.000000000000  0.000000000000  0.000000000000  0.000000000000  0.000000000000  0.000000000000  0.000000000000  0.000000000000  0.000000000000  0.000000000000  0.000000000000  0.003080301705  0.000000000000  0.005872811869  0.002929830132  0.002927027181  0.000000000000  0.000000000000  0.001462378700  0.000000000000  0.000000000000  
piranga_bidentata_hgoslp104 0.000000000000  0.000000000000  0.000000000000  0.005813067736  0.005809130700  0.001447560514  0.000000000000  0.000000000000  0.000000000000  0.000000000000  0.000000000000  0.000000000000  0.000000000000  0.000000000000  0.000000000000  0.000000000000  0.000000000000  0.000000000000  0.000000000000  0.000000000000  0.003047446927  0.000000000000  0.005813067736  0.002900091302  0.002897344987  0.000000000000  0.000000000000  0.001447560514  0.000000000000  0.000000000000  
piranga_ludoviciana_sdsu2648 0.000000000000  0.000000000000  0.000000000000  0.006687805975  0.006682590714  0.001664399462  0.000000000000  0.000000000000  0.000000000000  0.000000000000  0.000000000000  0.000000000000  0.000000000000  0.000000000000  0.000000000000  0.000000000000  0.000000000000  0.000000000000  0.000000000000  0.000000000000  0.003331740131  0.000000000000  0.006687805975  0.003335373164  0.003331740131  0.000000000000  0.000000000000  0.001664399462  0.000000000000  0.000000000000  
piranga_roseogularis_ku2049 0.000000000000  0.000000000000  0.000000000000  0.006738153937  0.004481428176  0.000000000000  0.000000000000  0.000000000000  0.000000000000  0.000000000000  0.000000000000  0.000000000000  0.000000000000  0.000000000000  0.000000000000  0.000000000000  0.000000000000  0.000000000000  0.000000000000  0.000000000000  0.004481428176  0.000000000000  0.006738153937  0.000000000000  0.004481428176  0.000000000000  0.000000000000  0.002238052522  0.000000000000  0.000000000000  
piranga_hepatica_ku4970 0.000000000000  0.000000000000  0.000000000000  0.005813067736  0.005809130700  0.001447560514  0.000000000000  0.000000000000  0.000000000000  0.000000000000  0.000000000000  0.000000000000  0.000000000000  0.000000000000  0.000000000000  0.000000000000  0.000000000000  0.000000000000  0.000000000000  0.000000000000  0.003047446927  0.000000000000  0.005813067736  0.002900091302  0.002897344987  0.000000000000  0.000000000000  0.001447560514  0.000000000000  0.000000000000  
piranga_hepatica_ku9084 0.000000000000  0.000000000000  0.000000000000  0.005997282400  0.003989733916  0.000000000000  0.000000000000  0.000000000000  0.000000000000  0.000000000000  0.000000000000  0.000000000000  0.000000000000  0.000000000000  0.000000000000  0.000000000000  0.000000000000  0.000000000000  0.000000000000  0.000000000000  0.003989733916  0.000000000000  0.005997282400  0.000000000000  0.003989733916  0.000000000000  0.000000000000  0.001992757710  0.000000000000  0.000000000000  
piranga_rubra_sdsu2654 0.000000000000  0.000000000000  0.000000000000  0.005813067736  0.005809130700  0.001447560514  0.000000000000  0.000000000000  0.000000000000  0.000000000000  0.000000000000  0.000000000000  0.000000000000  0.000000000000  0.000000000000  0.000000000000  0.000000000000  0.000000000000  0.000000000000  0.000000000000  0.003047446927  0.000000000000  0.005813067736  0.002900091302  0.002897344987  0.000000000000  0.000000000000  0.001447560514  0.000000000000  0.000000000000  
piranga_flava_lsu15408 0.000000000000  0.000000000000  0.000000000000  0.005679377578  0.003778670603  0.000000000000  0.000000000000  0.000000000000  0.000000000000  0.000000000000  0.000000000000  0.000000000000  0.000000000000  0.000000000000  0.000000000000  0.000000000000  0.000000000000  0.000000000000  0.000000000000  0.000000000000  0.003778670603  0.000000000000  0.005679377578  0.000000000000  0.003778670603  0.000000000000  0.000000000000  0.001887443437  0.000000000000  0.000000000000  
piranga_lutea_lsu5400 0.000000000000  0.000000000000  0.000000000000  0.005813067736  0.005809130700  0.001447560514  0.000000000000  0.000000000000  0.000000000000  0.000000000000  0.000000000000  0.000000000000  0.000000000000  0.000000000000  0.000000000000  0.000000000000  0.000000000000  0.000000000000  0.000000000000  0.000000000000  0.003047446927  0.000000000000  0.005813067736  0.002900091302  0.002897344987  0.000000000000  0.000000000000  0.001447560514  0.000000000000  0.000000000000  
piranga_olivacea_ku4672 0.000000000000  0.000000000000  0.000000000000  0.006032231790  0.006027991433  0.001501913330  0.000000000000  0.000000000000  0.000000000000  0.000000000000  0.000000000000  0.000000000000  0.000000000000  0.000000000000  0.000000000000  0.000000000000  0.000000000000  0.000000000000  0.000000000000  0.000000000000  0.003168131131  0.000000000000  0.006032231790  0.003009177878  0.003006220981  0.000000000000  0.000000000000  0.001501913330  0.000000000000  0.000000000000  
piranga_ludoviciana_sdsu2208 0.000000000000  0.000000000000  0.000000000000  0.004573663123  0.002282626728  0.000000000000  0.000000000000  0.000000000000  0.000000000000  0.000000000000  0.000000000000  0.000000000000  0.000000000000  0.000000000000  0.000000000000  0.000000000000  0.000000000000  0.000000000000  0.000000000000  0.000000000000  0.002282626728  0.000000000000  0.004573663123  0.000000000000  0.002282626728  0.000000000000  0.000000000000  0.000000000000  0.000000000000  0.000000000000  
piranga_bidentata_itm160 0.000000000000  0.000000000000  0.000000000000  0.005813067736  0.005809130700  0.001447560514  0.000000000000  0.000000000000  0.000000000000  0.000000000000  0.000000000000  0.000000000000  0.000000000000  0.000000000000  0.000000000000  0.000000000000  0.000000000000  0.000000000000  0.000000000000  0.000000000000  0.003047446927  0.000000000000  0.005813067736  0.002900091302  0.002897344987  0.000000000000  0.000000000000  0.001447560514  0.000000000000  0.000000000000  
piranga_leucoptera_fmnh481795 0.003750327988  0.003047446927  0.003047446927  0.003050485596  0.003047446927  0.004578558666  0.001972029157  0.003047446927  0.003080301705  0.003047446927  0.003331740131  0.004481428176  0.003047446927  0.003989733916  0.003047446927  0.003778670603  0.003047446927  0.003168131131  0.002282626728  0.003047446927  0.000000000000  0.003047446927  0.003050485596  0.006115232096  0.000000000000  0.000000000000  0.000000000000  0.004578558666  0.003047446927  0.003047446927  
piranga_lutea_ku89864 0.000000000000  0.000000000000  0.000000000000  0.005813067736  0.005809130700  0.001447560514  0.000000000000  0.000000000000  0.000000000000  0.000000000000  0.000000000000  0.000000000000  0.000000000000  0.000000000000  0.000000000000  0.000000000000  0.000000000000  0.000000000000  0.000000000000  0.000000000000  0.003047446927  0.000000000000  0.005813067736  0.002900091302  0.002897344987  0.000000000000  0.000000000000  0.001447560514  0.000000000000  0.000000000000  
piranga_rubriceps_lsu34818 0.005298225719  0.005813067736  0.005813067736  0.000000000000  0.005813067736  0.007278499914  0.003750327988  0.005813067736  0.005872811869  0.005813067736  0.006687805975  0.006738153937  0.005813067736  0.005997282400  0.005813067736  0.005679377578  0.005813067736  0.006032231790  0.004573663123  0.005813067736  0.003050485596  0.005813067736  0.000000000000  0.008749026066  0.002900091302  0.000000000000  0.000000000000  0.007278499914  0.005813067736  0.005813067736  
piranga_roseogularis_ku2141 0.000000000000  0.002900091302  0.002900091302  0.008749026066  0.008740654316  0.001447560514  0.000000000000  0.002900091302  0.002929830132  0.002900091302  0.003335373164  0.000000000000  0.002900091302  0.000000000000  0.002900091302  0.000000000000  0.002900091302  0.003009177878  0.000000000000  0.002900091302  0.006115232096  0.002900091302  0.008749026066  0.000000000000  0.005813067736  0.000000000000  0.000000000000  0.004357626613  0.002900091302  0.002900091302  
piranga_erythrocephala_fmnh343371 0.003525553502  0.002897344987  0.002897344987  0.002900091302  0.002897344987  0.004352694362  0.001872336843  0.002897344987  0.002927027181  0.002897344987  0.003331740131  0.004481428176  0.002897344987  0.003989733916  0.002897344987  0.003778670603  0.002897344987  0.003006220981  0.002282626728  0.002897344987  0.000000000000  0.002897344987  0.002900091302  0.005813067736  0.000000000000  0.000000000000  0.000000000000  0.004352694362  0.002897344987  0.002897344987  
piranga_erythrocephala_fmnh343370 0.000000000000  0.000000000000  0.000000000000  0.000000000000  0.000000000000  0.000000000000  0.000000000000  0.000000000000  0.000000000000  0.000000000000  0.000000000000  0.000000000000  0.000000000000  0.000000000000  0.000000000000  0.000000000000  0.000000000000  0.000000000000  0.000000000000  0.000000000000  0.000000000000  0.000000000000  0.000000000000  0.000000000000  0.000000000000  0.000000000000  0.000000000000  0.000000000000  0.000000000000  0.000000000000  
piranga_ludoviciana_sdsu2650 0.000000000000  0.000000000000  0.000000000000  0.000000000000  0.000000000000  0.000000000000  0.000000000000  0.000000000000  0.000000000000  0.000000000000  0.000000000000  0.000000000000  0.000000000000  0.000000000000  0.000000000000  0.000000000000  0.000000000000  0.000000000000  0.000000000000  0.000000000000  0.000000000000  0.000000000000  0.000000000000  0.000000000000  0.000000000000  0.000000000000  0.000000000000  0.000000000000  0.000000000000  0.000000000000  
piranga_bidentata_tepe59 0.001761129979  0.001447560514  0.001447560514  0.007278499914  0.007272353209  0.002900091302  0.000000000000  0.001447560514  0.001462378700  0.001447560514  0.001664399462  0.002238052522  0.001447560514  0.001992757710  0.001447560514  0.001887443437  0.001447560514  0.001501913330  0.000000000000  0.001447560514  0.004578558666  0.001447560514  0.007278499914  0.004357626613  0.004352694362  0.000000000000  0.000000000000  0.000000000000  0.001447560514  0.001447560514  
piranga_rubra_sdsu2635 0.000000000000  0.000000000000  0.000000000000  0.005813067736  0.005809130700  0.001447560514  0.000000000000  0.000000000000  0.000000000000  0.000000000000  0.000000000000  0.000000000000  0.000000000000  0.000000000000  0.000000000000  0.000000000000  0.000000000000  0.000000000000  0.000000000000  0.000000000000  0.003047446927  0.000000000000  0.005813067736  0.002900091302  0.002897344987  0.000000000000  0.000000000000  0.001447560514  0.000000000000  0.000000000000  
piranga_bidentata_itm141 0.000000000000  0.000000000000  0.000000000000  0.005813067736  0.005809130700  0.001447560514  0.000000000000  0.000000000000  0.000000000000  0.000000000000  0.000000000000  0.000000000000  0.000000000000  0.000000000000  0.000000000000  0.000000000000  0.000000000000  0.000000000000  0.000000000000  0.000000000000  0.003047446927  0.000000000000  0.005813067736  0.002900091302  0.002897344987  0.000000000000  0.000000000000  0.001447560514  0.000000000000  0.000000000000  

