30
cardinalis_cardinalis_ku21828 0.000000000000  0.000500190012  0.022904527626  0.022904527626  0.019803590920  0.017232496670  0.015698616950  0.015698616950  0.026589225520  0.028167328743  0.028167328743  0.038698708046  0.035516893351  0.030244754284  0.032893532335  0.036050421030  0.035543149683  0.030784816004  0.033957123912  0.031856833842  0.031844344836  0.032906202816  0.031844344836  0.031844344836  0.033931841938  0.040833466146  0.036558765742  0.042406597742  0.026589225520  0.032362613469  
cardinalis_cardinalis_ku25393 0.000500190012  0.000000000000  0.023418227406  0.023418227406  0.020315420434  0.017742737646  0.016207808485  0.016207808485  0.027104464768  0.028683398366  0.028683398366  0.039221399333  0.036037626475  0.030762303735  0.033412485404  0.036571438890  0.036063641486  0.031302523173  0.034476642761  0.032374982042  0.032362613469  0.033425035386  0.032362613469  0.032362613469  0.034451602626  0.041357432712  0.037080311849  0.042931797619  0.027104464768  0.032881284581  
piranga_erythrocephala_fmnh343371 0.022904527626  0.023418227406  0.000000000000  0.000000000000  0.011091944661  0.014655425436  0.012105999798  0.012105999798  0.023432482249  0.024998588676  0.024998588676  0.036001801900  0.032307113728  0.027067761204  0.029696261767  0.032307113728  0.029686656007  0.027601160198  0.030751680013  0.028662431418  0.028652577783  0.029706288953  0.028652577783  0.028652577783  0.030731699241  0.037590264767  0.033346090584  0.038090284084  0.023432482249  0.029169416151  
piranga_erythrocephala_fmnh343370 0.022904527626  0.023418227406  0.000000000000  0.000000000000  0.011091944661  0.014655425436  0.012105999798  0.012105999798  0.023432482249  0.024998588676  0.024998588676  0.036001801900  0.032307113728  0.027067761204  0.029696261767  0.032307113728  0.029686656007  0.027601160198  0.030751680013  0.028662431418  0.028652577783  0.029706288953  0.028652577783  0.028652577783  0.030731699241  0.037590264767  0.033346090584  0.038090284084  0.023432482249  0.029169416151  
piranga_leucoptera_fmnh481795 0.019803590920  0.020315420434  0.011091944661  0.011091944661  0.000000000000  0.011596329869  0.009058552591  0.009058552591  0.020327869905  0.021885616293  0.021885616293  0.032836528184  0.029160107349  0.023946327033  0.026560698396  0.030213779270  0.028652577783  0.024475988817  0.027610421812  0.025530675496  0.025521754548  0.026569789245  0.025521754548  0.025521754548  0.027592318304  0.034417229804  0.030195239317  0.034917228446  0.019809735458  0.026036690909  
piranga_leucoptera_lsu7783 0.017232496670  0.017742737646  0.014655425436  0.014655425436  0.011596329869  0.000000000000  0.007541616752  0.007541616752  0.019305110802  0.020861241535  0.020861241535  0.031798609254  0.028126582917  0.022919034609  0.025530675496  0.029179146045  0.027620102774  0.023448402494  0.026579298409  0.024502244170  0.024493076000  0.025540013731  0.024493076000  0.024493076000  0.026560698396  0.033377377547  0.029160107349  0.034937764626  0.019305110802  0.025007216471  
piranga_rubriceps_lsu265 0.015698616950  0.016207808485  0.012105999798  0.012105999798  0.009058552591  0.007541616752  0.000000000000  0.000000000000  0.016734393325  0.018283925038  0.018283925038  0.028672705068  0.025016261224  0.020334715339  0.022935204211  0.026569789245  0.025016261224  0.020861241535  0.023979332460  0.021909994036  0.021901454099  0.022943911569  0.021901454099  0.021901454099  0.023961997138  0.030751680013  0.026552026234  0.032307113728  0.016734393325  0.022413985231  
piranga_rubriceps_lsu34818 0.015698616950  0.016207808485  0.012105999798  0.012105999798  0.009058552591  0.007541616752  0.000000000000  0.000000000000  0.016734393325  0.018283925038  0.018283925038  0.028672705068  0.025016261224  0.020334715339  0.022935204211  0.026569789245  0.025016261224  0.020861241535  0.023979332460  0.021909994036  0.021901454099  0.022943911569  0.021901454099  0.021901454099  0.023961997138  0.030751680013  0.026552026234  0.032307113728  0.016734393325  0.022413985231  
piranga_rubra_sdsu2654 0.026589225520  0.027104464768  0.023432482249  0.023432482249  0.020327869905  0.019305110802  0.016734393325  0.016734393325  0.000000000000  0.004517030442  0.004517030442  0.015175364424  0.011601632957  0.006531521293  0.009065400147  0.013133932657  0.011608565080  0.007039225665  0.011094929042  0.009065400147  0.009062712504  0.010079443955  0.008052793413  0.008052793413  0.010076608320  0.016712546180  0.012616208065  0.018759654773  0.005021450778  0.010592132248  
piranga_bidentata_itm160 0.028167328743  0.028683398366  0.024998588676  0.024998588676  0.021885616293  0.020861241535  0.018283925038  0.018283925038  0.004517030442  0.000000000000  0.000000000000  0.014671108601  0.011098320002  0.006029626302  0.008563595948  0.012630675039  0.011608565080  0.006537879995  0.010592132248  0.008563595948  0.008560375947  0.009577143944  0.007551484060  0.007551484060  0.008557559902  0.016207808485  0.012111859629  0.018253371914  0.006537879995  0.012123705166  
piranga_bidentata_itm141 0.028167328743  0.028683398366  0.024998588676  0.024998588676  0.021885616293  0.020861241535  0.018283925038  0.018283925038  0.004517030442  0.000000000000  0.000000000000  0.014671108601  0.011098320002  0.006029626302  0.008563595948  0.012630675039  0.011608565080  0.006537879995  0.010592132248  0.008563595948  0.008560375947  0.009577143944  0.007551484060  0.007551484060  0.008557559902  0.016207808485  0.012111859629  0.018253371914  0.006537879995  0.012123705166  
piranga_rubra_ku7046 0.038698708046  0.039221399333  0.036001801900  0.036001801900  0.032836528184  0.031798609254  0.028672705068  0.028672705068  0.015175364424  0.014671108601  0.014671108601  0.000000000000  0.006537879995  0.008557559902  0.011102117171  0.018253371914  0.018253371914  0.013133932657  0.017227367273  0.015179772103  0.015175364424  0.016202835452  0.014158172899  0.014158172899  0.016198273197  0.022897898547  0.018759654773  0.024961717088  0.017232496670  0.022911573105  
piranga_ludoviciana_sdsu2385 0.035516893351  0.036037626475  0.032307113728  0.032307113728  0.029160107349  0.028126582917  0.025016261224  0.025016261224  0.011601632957  0.011098320002  0.011098320002  0.006537879995  0.000000000000  0.005019748784  0.007548412382  0.015688826747  0.014662447323  0.009570810719  0.013641808306  0.011604895577  0.011601632957  0.012622625815  0.010588613339  0.010588613339  0.012619212818  0.019280853742  0.015167779910  0.021334919469  0.013645781302  0.019292156195  
piranga_ludoviciana_sdsu2648 0.030244754284  0.030762303735  0.027067761204  0.027067761204  0.023946327033  0.022919034609  0.020334715339  0.020334715339  0.006531521293  0.006029626302  0.006029626302  0.008557559902  0.005019748784  0.000000000000  0.002506491864  0.010585500334  0.009568251871  0.004515600670  0.008555148184  0.006533238222  0.006531521293  0.007543478357  0.005524423627  0.005524423627  0.007541616752  0.014150074288  0.010072155353  0.016190382522  0.008557559902  0.014158172899  
piranga_ludoviciana_sdsu2208 0.032893532335  0.033412485404  0.029696261767  0.029696261767  0.026560698396  0.025530675496  0.022935204211  0.022935204211  0.009065400147  0.008563595948  0.008563595948  0.011102117171  0.007548412382  0.002506491864  0.000000000000  0.013138033531  0.012115401076  0.007041619569  0.011098320002  0.009068492416  0.009065400147  0.010082685191  0.008055737469  0.008055737469  0.009570810719  0.016717391704  0.012619212818  0.018764400145  0.011102117171  0.016728315648  
piranga_roseogularis_ku2049 0.036050421030  0.036571438890  0.032307113728  0.032307113728  0.030213779270  0.029179146045  0.026569789245  0.026569789245  0.013133932657  0.012630675039  0.012630675039  0.018253371914  0.015688826747  0.010585500334  0.013138033531  0.000000000000  0.008052793413  0.009068492416  0.013138033531  0.011102117171  0.011098320002  0.012119349712  0.010086331658  0.010086331658  0.012115401076  0.017742737646  0.013638244166  0.019792543405  0.015184589564  0.020846560728  
piranga_roseogularis_ku2141 0.035543149683  0.036063641486  0.029686656007  0.029686656007  0.028652577783  0.027620102774  0.025016261224  0.025016261224  0.011608565080  0.011608565080  0.011608565080  0.018253371914  0.014662447323  0.009568251871  0.012115401076  0.008052793413  0.000000000000  0.008052793413  0.012115401076  0.010082685191  0.010079443955  0.011098320002  0.009068492416  0.009068492416  0.011094929042  0.015684547158  0.012616208065  0.018759654773  0.013654952367  0.019305110802  
piranga_ludoviciana_sdsu2650 0.030784816004  0.031302523173  0.027601160198  0.027601160198  0.024475988817  0.023448402494  0.020861241535  0.020861241535  0.007039225665  0.006537879995  0.006537879995  0.013133932657  0.009570810719  0.004515600670  0.007041619569  0.009068492416  0.008052793413  0.000000000000  0.004011978187  0.002003276383  0.002002799860  0.003006922244  0.001001036544  0.001001036544  0.003006305738  0.011604895577  0.007541616752  0.013638244166  0.009068492416  0.014676053074  
piranga_flava_ku90809 0.033957123912  0.034476642761  0.030751680013  0.030751680013  0.027610421812  0.026579298409  0.023979332460  0.023979332460  0.011094929042  0.010592132248  0.010592132248  0.017227367273  0.013641808306  0.008555148184  0.011098320002  0.013138033531  0.012115401076  0.004011978187  0.000000000000  0.002002799860  0.004011978187  0.005019748784  0.005019748784  0.005019748784  0.007035647409  0.015688826747  0.011598777596  0.017733146542  0.013138033531  0.018781115589  
piranga_flava_lsu15408 0.031856833842  0.032374982042  0.028662431418  0.028662431418  0.025530675496  0.024502244170  0.021909994036  0.021909994036  0.009065400147  0.008563595948  0.008563595948  0.015179772103  0.011604895577  0.006533238222  0.009068492416  0.011102117171  0.010082685191  0.002003276383  0.002002799860  0.000000000000  0.002003276383  0.003007938711  0.003007938711  0.003007938711  0.005018448294  0.013645781302  0.009568251871  0.015684547158  0.011102117171  0.016728315648  
piranga_lutea_lsu5400 0.031844344836  0.032362613469  0.028652577783  0.028652577783  0.025521754548  0.024493076000  0.021901454099  0.021901454099  0.009062712504  0.008560375947  0.008560375947  0.015175364424  0.011601632957  0.006531521293  0.009065400147  0.011098320002  0.010079443955  0.002002799860  0.004011978187  0.002003276383  0.000000000000  0.003006922244  0.003006922244  0.003006922244  0.005017549681  0.013641808306  0.009566098697  0.015680678411  0.011098320002  0.016722648317  
piranga_lutea_ku89864 0.032906202816  0.033425035386  0.029706288953  0.029706288953  0.026569789245  0.025540013731  0.022943911569  0.022943911569  0.010079443955  0.009577143944  0.009577143944  0.016202835452  0.012622625815  0.007543478357  0.010082685191  0.012119349712  0.011098320002  0.003006922244  0.005019748784  0.003007938711  0.003006922244  0.000000000000  0.004013136305  0.004013136305  0.006026336663  0.014666573226  0.010582793607  0.016708112121  0.012119349712  0.017753977115  
piranga_bidentata_hgoslp104 0.031844344836  0.032362613469  0.028652577783  0.028652577783  0.025521754548  0.024493076000  0.021901454099  0.021901454099  0.008052793413  0.007551484060  0.007551484060  0.014158172899  0.010588613339  0.005524423627  0.008055737469  0.010086331658  0.009068492416  0.001001036544  0.005019748784  0.003007938711  0.003006922244  0.004013136305  0.000000000000  0.002004151916  0.004011978187  0.012626446679  0.008555148184  0.014662447323  0.010086331658  0.015704126818  
piranga_bidentata_tepe59 0.031844344836  0.032362613469  0.028652577783  0.028652577783  0.025521754548  0.024493076000  0.021901454099  0.021901454099  0.008052793413  0.007551484060  0.007551484060  0.014158172899  0.010588613339  0.005524423627  0.008055737469  0.010086331658  0.009068492416  0.001001036544  0.005019748784  0.003007938711  0.003006922244  0.004013136305  0.002004151916  0.000000000000  0.004011978187  0.012626446679  0.008555148184  0.014662447323  0.010086331658  0.015704126818  
piranga_hepatica_ku4970 0.033931841938  0.034451602626  0.030731699241  0.030731699241  0.027592318304  0.026560698396  0.023961997138  0.023961997138  0.010076608320  0.008557559902  0.008557559902  0.016198273197  0.012619212818  0.007541616752  0.009570810719  0.012115401076  0.011094929042  0.003006305738  0.007035647409  0.005018448294  0.005017549681  0.006026336663  0.004011978187  0.004011978187  0.000000000000  0.014662447323  0.010580493531  0.016704089902  0.012115401076  0.017748151522  
piranga_olivacea_ku4672 0.040833466146  0.041357432712  0.037590264767  0.037590264767  0.034417229804  0.033377377547  0.030751680013  0.030751680013  0.016712546180  0.016207808485  0.016207808485  0.022897898547  0.019280853742  0.014150074288  0.016717391704  0.017742737646  0.015684547158  0.011604895577  0.015688826747  0.013645781302  0.013641808306  0.014666573226  0.012626446679  0.012626446679  0.014662447323  0.000000000000  0.011085434757  0.017210971226  0.018258658472  0.024468070542  
piranga_hepatica_ku9084 0.036558765742  0.037080311849  0.033346090584  0.033346090584  0.030195239317  0.029160107349  0.026552026234  0.026552026234  0.012616208065  0.012111859629  0.012111859629  0.018759654773  0.015167779910  0.010072155353  0.012619212818  0.013638244166  0.012616208065  0.007541616752  0.011598777596  0.009568251871  0.009566098697  0.010582793607  0.008555148184  0.008555148184  0.010580493531  0.011085434757  0.000000000000  0.012608279042  0.014662447323  0.020315420434  
piranga_olivacea_ku2699 0.042406597742  0.042931797619  0.038090284084  0.038090284084  0.034917228446  0.034937764626  0.032307113728  0.032307113728  0.018759654773  0.018253371914  0.018253371914  0.024961717088  0.021334919469  0.016190382522  0.018764400145  0.019792543405  0.018759654773  0.013638244166  0.017733146542  0.015684547158  0.015680678411  0.016708112121  0.014662447323  0.014662447323  0.016704089902  0.017210971226  0.012608279042  0.000000000000  0.020827645411  0.026535939457  
piranga_rubra_sdsu2635 0.026589225520  0.027104464768  0.023432482249  0.023432482249  0.019809735458  0.019305110802  0.016734393325  0.016734393325  0.005021450778  0.006537879995  0.006537879995  0.017232496670  0.013645781302  0.008557559902  0.011102117171  0.015184589564  0.013654952367  0.009068492416  0.013138033531  0.011102117171  0.011098320002  0.012119349712  0.010086331658  0.010086331658  0.012115401076  0.018258658472  0.014662447323  0.020827645411  0.000000000000  0.009573774868  
piranga_rubra_ku26592 0.032362613469  0.032881284581  0.029169416151  0.029169416151  0.026036690909  0.025007216471  0.022413985231  0.022413985231  0.010592132248  0.012123705166  0.012123705166  0.022911573105  0.019292156195  0.014158172899  0.016728315648  0.020846560728  0.019305110802  0.014676053074  0.018781115589  0.016728315648  0.016722648317  0.017753977115  0.015704126818  0.015704126818  0.017748151522  0.024468070542  0.020315420434  0.026535939457  0.009573774868  0.000000000000  

