30
cardinalis_cardinalis_ku21828 0.000000000000  0.005523164686  0.022343102776  0.022343102776  0.022343102776  0.024928745134  0.025456278844  0.025456278844  0.028568869375  0.022857903949  0.022857903949  0.031704576355  0.031704576355  0.031704576355  0.031704576355  0.031686576759  0.030642032735  0.031165930681  0.028560890584  0.022340762778  0.023373109403  0.028560890584  0.023373109403  0.022855700541  0.025448430926  0.022857903949  0.023373109403  0.024409630452  0.026479219043  0.027003014443  
cardinalis_cardinalis_ku25393 0.005523164686  0.000000000000  0.023891085625  0.023891085625  0.023891085625  0.026482214146  0.027010927557  0.027010927557  0.030130118285  0.024406964616  0.024406964616  0.033272556404  0.033272556404  0.033272556404  0.033272556404  0.033254415026  0.032207635789  0.032732666399  0.030122073332  0.023888719839  0.024923249573  0.030122073332  0.024923249573  0.024404735961  0.025961987410  0.024406964616  0.024923249573  0.025961987410  0.028035947115  0.028560890584  
piranga_rubriceps_lsu34818 0.022343102776  0.023891085625  0.000000000000  0.000000000000  0.000000000000  0.002504658801  0.005018684334  0.005018684334  0.016189302978  0.010577877398  0.010577877398  0.019270338385  0.019270338385  0.019270338385  0.019270338385  0.019772120041  0.018744617049  0.019259595838  0.016183543342  0.010069975404  0.011084872977  0.016696610442  0.011084872977  0.010576712775  0.013122998078  0.010577877398  0.011084872977  0.012102836303  0.014138325809  0.014651678967  
piranga_leucoptera_fmnh481795 0.022343102776  0.023891085625  0.000000000000  0.000000000000  0.000000000000  0.002504658801  0.005018684334  0.005018684334  0.016189302978  0.010577877398  0.010577877398  0.019270338385  0.019270338385  0.019270338385  0.019270338385  0.019772120041  0.018744617049  0.019259595838  0.016183543342  0.010069975404  0.011084872977  0.016696610442  0.011084872977  0.010576712775  0.013122998078  0.010577877398  0.011084872977  0.012102836303  0.014138325809  0.014651678967  
piranga_rubriceps_lsu265 0.022343102776  0.023891085625  0.000000000000  0.000000000000  0.000000000000  0.002504658801  0.005018684334  0.005018684334  0.016189302978  0.010577877398  0.010577877398  0.019270338385  0.019270338385  0.019270338385  0.019270338385  0.019772120041  0.018744617049  0.019259595838  0.016183543342  0.010069975404  0.011084872977  0.016696610442  0.011084872977  0.010576712775  0.013122998078  0.010577877398  0.011084872977  0.012102836303  0.014138325809  0.014651678967  
piranga_leucoptera_lsu7783 0.024928745134  0.026482214146  0.002504658801  0.002504658801  0.002504658801  0.000000000000  0.007542150973  0.007542150973  0.018754469736  0.013120808785  0.013120808785  0.021847586850  0.021847586850  0.021847586850  0.021847586850  0.021831615246  0.020801117942  0.021317755550  0.018747471468  0.012610743150  0.013629369899  0.019262746535  0.013629369899  0.013119043850  0.015676205315  0.013120808785  0.013629369899  0.014651678967  0.016694077923  0.017210235415  
piranga_erythrocephala_fmnh343371 0.025456278844  0.027010927557  0.005018684334  0.005018684334  0.005018684334  0.007542150973  0.000000000000  0.000000000000  0.019279648339  0.013636811244  0.013636811244  0.022377437322  0.022377437322  0.022377437322  0.022377437322  0.022875443722  0.021842945007  0.022361314540  0.019270338385  0.013125611354  0.014145367818  0.019786771019  0.014145367818  0.013633906355  0.016196769566  0.013636811244  0.014145367818  0.015169955100  0.017213490482  0.017731948467  
piranga_erythrocephala_fmnh343370 0.025456278844  0.027010927557  0.005018684334  0.005018684334  0.005018684334  0.007542150973  0.000000000000  0.000000000000  0.019279648339  0.013636811244  0.013636811244  0.022377437322  0.022377437322  0.022377437322  0.022377437322  0.022875443722  0.021842945007  0.022361314540  0.019270338385  0.013125611354  0.014145367818  0.019786771019  0.014145367818  0.013633906355  0.016196769566  0.013636811244  0.014145367818  0.015169955100  0.017213490482  0.017731948467  
piranga_roseogularis_ku2049 0.028568869375  0.030130118285  0.016189302978  0.016189302978  0.016189302978  0.018754469736  0.019279648339  0.019279648339  0.000000000000  0.005524817701  0.010593713364  0.019303410690  0.019303410690  0.019303410690  0.019303410690  0.019796677226  0.018768185083  0.019284946674  0.016205940136  0.010084077312  0.011099918547  0.016720776803  0.011099918547  0.011610365568  0.013145024538  0.010593713364  0.011099918547  0.012121364775  0.014156231684  0.014673889923  
piranga_roseogularis_ku2141 0.022857903949  0.024406964616  0.010577877398  0.010577877398  0.010577877398  0.013120808785  0.013636811244  0.013636811244  0.005524817701  0.000000000000  0.005021837177  0.013652666560  0.013652666560  0.013652666560  0.013652666560  0.014148564951  0.013128648242  0.013640140077  0.010586751795  0.004517327276  0.005524817701  0.011096357694  0.005524817701  0.006030122327  0.007549287513  0.005021837177  0.005524817701  0.006535968063  0.008555924652  0.009066451765  
piranga_olivacea_ku2699 0.022857903949  0.024406964616  0.010577877398  0.010577877398  0.010577877398  0.013120808785  0.013636811244  0.013636811244  0.010593713364  0.005021837177  0.000000000000  0.009574990507  0.009574990507  0.009574990507  0.009574990507  0.010072993458  0.009059239869  0.009566913838  0.006531937882  0.003509921102  0.004515827162  0.010077695076  0.004515827162  0.005020053031  0.006535968063  0.004013355633  0.004515827162  0.005524817701  0.006530548324  0.007037753912  
piranga_ludoviciana_sdsu2648 0.031704576355  0.033272556404  0.019270338385  0.019270338385  0.019270338385  0.021847586850  0.022377437322  0.022377437322  0.019303410690  0.013652666560  0.009574990507  0.000000000000  0.000000000000  0.000000000000  0.000000000000  0.008555924652  0.007544112150  0.008051013760  0.004517327276  0.012117221785  0.013135991374  0.018773613497  0.013135991374  0.013648068101  0.015187637437  0.012628482360  0.013135991374  0.014160700548  0.016201142038  0.016720776803  
piranga_ludoviciana_sdsu2208 0.031704576355  0.033272556404  0.019270338385  0.019270338385  0.019270338385  0.021847586850  0.022377437322  0.022377437322  0.019303410690  0.013652666560  0.009574990507  0.000000000000  0.000000000000  0.000000000000  0.000000000000  0.008555924652  0.007544112150  0.008051013760  0.004517327276  0.012117221785  0.013135991374  0.018773613497  0.013135991374  0.013648068101  0.015187637437  0.012628482360  0.013135991374  0.014160700548  0.016201142038  0.016720776803  
piranga_ludoviciana_sdsu2650 0.031704576355  0.033272556404  0.019270338385  0.019270338385  0.019270338385  0.021847586850  0.022377437322  0.022377437322  0.019303410690  0.013652666560  0.009574990507  0.000000000000  0.000000000000  0.000000000000  0.000000000000  0.008555924652  0.007544112150  0.008051013760  0.004517327276  0.012117221785  0.013135991374  0.018773613497  0.013135991374  0.013648068101  0.015187637437  0.012628482360  0.013135991374  0.014160700548  0.016201142038  0.016720776803  
piranga_ludoviciana_sdsu2385 0.031704576355  0.033272556404  0.019270338385  0.019270338385  0.019270338385  0.021847586850  0.022377437322  0.022377437322  0.019303410690  0.013652666560  0.009574990507  0.000000000000  0.000000000000  0.000000000000  0.000000000000  0.008555924652  0.007544112150  0.008051013760  0.004517327276  0.012117221785  0.013135991374  0.018773613497  0.013135991374  0.013648068101  0.015187637437  0.012628482360  0.013135991374  0.014160700548  0.016201142038  0.016720776803  
piranga_bidentata_tepe59 0.031686576759  0.033254415026  0.019772120041  0.019772120041  0.019772120041  0.021831615246  0.022875443722  0.022875443722  0.019796677226  0.014148564951  0.010072993458  0.008555924652  0.008555924652  0.008555924652  0.008555924652  0.000000000000  0.002002739756  0.002504288778  0.005521107427  0.012614964085  0.012612641791  0.018239163841  0.012612641791  0.014145367818  0.015683083330  0.013125611354  0.013633906355  0.014657383665  0.016699570787  0.016189302978  
piranga_bidentata_itm160 0.030642032735  0.032207635789  0.018744617049  0.018744617049  0.018744617049  0.020801117942  0.021842945007  0.021842945007  0.018768185083  0.013128648242  0.009059239869  0.007544112150  0.007544112150  0.007544112150  0.007544112150  0.002002739756  0.000000000000  0.000500264808  0.004514072689  0.011597487467  0.011595322637  0.017213490482  0.011595322637  0.013125611354  0.014660873676  0.012107323131  0.012614964085  0.013636811244  0.015676205315  0.016192823089  
piranga_bidentata_itm141 0.031165930681  0.032732666399  0.019259595838  0.019259595838  0.019259595838  0.021317755550  0.022361314540  0.022361314540  0.019284946674  0.013640140077  0.009566913838  0.008051013760  0.008051013760  0.008051013760  0.008051013760  0.002504288778  0.000500264808  0.000000000000  0.005017731453  0.012107323131  0.012104868243  0.017727969907  0.012104868243  0.013636811244  0.015173738626  0.012617709659  0.013125611354  0.014148564951  0.016189302978  0.016706773450  
piranga_bidentata_hgoslp104 0.028560890584  0.030122073332  0.016183543342  0.016183543342  0.016183543342  0.018747471468  0.019270338385  0.019270338385  0.016205940136  0.010586751795  0.006531937882  0.004517327276  0.004517327276  0.004517327276  0.004517327276  0.005521107427  0.004514072689  0.005017731453  0.000000000000  0.009061224457  0.010075134006  0.015683083330  0.010075134006  0.010583901552  0.012113500270  0.009569186357  0.010075134006  0.011093217654  0.013125611354  0.013640140077  
piranga_lutea_ku89864 0.022340762778  0.023888719839  0.010069975404  0.010069975404  0.010069975404  0.012610743150  0.013125611354  0.013125611354  0.010084077312  0.004517327276  0.003509921102  0.012117221785  0.012117221785  0.012117221785  0.012117221785  0.012614964085  0.011597487467  0.012107323131  0.009061224457  0.000000000000  0.001000706502  0.006531937882  0.001000706502  0.001501752707  0.003008087994  0.000500264808  0.001000706502  0.002003330936  0.004011337069  0.004515827162  
piranga_hepatica_ku4970 0.023373109403  0.024923249573  0.011084872977  0.011084872977  0.011084872977  0.013629369899  0.014145367818  0.014145367818  0.011099918547  0.005524817701  0.004515827162  0.013135991374  0.013135991374  0.013135991374  0.013135991374  0.012612641791  0.011595322637  0.012104868243  0.010075134006  0.001000706502  0.000000000000  0.005523164686  0.000000000000  0.002504658801  0.004013355633  0.001501752707  0.002002828755  0.003007022538  0.005017731453  0.005523164686  
piranga_lutea_lsu5400 0.028560890584  0.030122073332  0.016696610442  0.016696610442  0.016696610442  0.019262746535  0.019786771019  0.019786771019  0.016720776803  0.011096357694  0.010077695076  0.018773613497  0.018773613497  0.018773613497  0.018773613497  0.018239163841  0.017213490482  0.017727969907  0.015683083330  0.006531937882  0.005523164686  0.000000000000  0.005523164686  0.008048765851  0.009571878702  0.007037753912  0.007542150973  0.008555924652  0.010581472158  0.011093217654  
piranga_hepatica_ku9084 0.023373109403  0.024923249573  0.011084872977  0.011084872977  0.011084872977  0.013629369899  0.014145367818  0.014145367818  0.011099918547  0.005524817701  0.004515827162  0.013135991374  0.013135991374  0.013135991374  0.013135991374  0.012612641791  0.011595322637  0.012104868243  0.010075134006  0.001000706502  0.000000000000  0.005523164686  0.000000000000  0.002504658801  0.004013355633  0.001501752707  0.002002828755  0.003007022538  0.005017731453  0.005523164686  
piranga_flava_ku90809 0.022855700541  0.024404735961  0.010576712775  0.010576712775  0.010576712775  0.013119043850  0.013633906355  0.013633906355  0.011610365568  0.006030122327  0.005020053031  0.013648068101  0.013648068101  0.013648068101  0.013648068101  0.014145367818  0.013125611354  0.013636811244  0.010583901552  0.001501752707  0.002504658801  0.008048765851  0.002504658801  0.000000000000  0.004517327276  0.002003330936  0.002504658801  0.003509921102  0.005521927806  0.006028184384  
piranga_olivacea_ku4672 0.025448430926  0.025961987410  0.013122998078  0.013122998078  0.013122998078  0.015676205315  0.016196769566  0.016196769566  0.013145024538  0.007549287513  0.006535968063  0.015187637437  0.015187637437  0.015187637437  0.015187637437  0.015683083330  0.014660873676  0.015173738626  0.012113500270  0.003008087994  0.004013355633  0.009571878702  0.004013355633  0.004517327276  0.000000000000  0.002505442320  0.003007022538  0.004013355633  0.006026662898  0.006533744583  
piranga_rubra_ku7046 0.022857903949  0.024406964616  0.010577877398  0.010577877398  0.010577877398  0.013120808785  0.013636811244  0.013636811244  0.010593713364  0.005021837177  0.004013355633  0.012628482360  0.012628482360  0.012628482360  0.012628482360  0.013125611354  0.012107323131  0.012617709659  0.009569186357  0.000500264808  0.001501752707  0.007037753912  0.001501752707  0.002003330936  0.002505442320  0.000000000000  0.000500191194  0.001501752707  0.003508467865  0.004012138946  
piranga_rubra_sdsu2654 0.023373109403  0.024923249573  0.011084872977  0.011084872977  0.011084872977  0.013629369899  0.014145367818  0.014145367818  0.011099918547  0.005524817701  0.004515827162  0.013135991374  0.013135991374  0.013135991374  0.013135991374  0.013633906355  0.012614964085  0.013125611354  0.010075134006  0.001000706502  0.002002828755  0.007542150973  0.002002828755  0.002504658801  0.003007022538  0.000500191194  0.000000000000  0.002002828755  0.004010950370  0.004514742177  
piranga_flava_lsu15408 0.024409630452  0.025961987410  0.012102836303  0.012102836303  0.012102836303  0.014651678967  0.015169955100  0.015169955100  0.012121364775  0.006535968063  0.005524817701  0.014160700548  0.014160700548  0.014160700548  0.014160700548  0.014657383665  0.013636811244  0.014148564951  0.011093217654  0.002003330936  0.003007022538  0.008555924652  0.003007022538  0.003509921102  0.004013355633  0.001501752707  0.002002828755  0.000000000000  0.005017731453  0.005523164686  
piranga_rubra_sdsu2635 0.026479219043  0.028035947115  0.014138325809  0.014138325809  0.014138325809  0.016694077923  0.017213490482  0.017213490482  0.014156231684  0.008555924652  0.006530548324  0.016201142038  0.016201142038  0.016201142038  0.016201142038  0.016699570787  0.015676205315  0.016189302978  0.013125611354  0.004011337069  0.005017731453  0.010581472158  0.005017731453  0.005521927806  0.006026662898  0.003508467865  0.004010950370  0.005017731453  0.000000000000  0.004515827162  
piranga_rubra_ku26592 0.027003014443  0.028560890584  0.014651678967  0.014651678967  0.014651678967  0.017210235415  0.017731948467  0.017731948467  0.014673889923  0.009066451765  0.007037753912  0.016720776803  0.016720776803  0.016720776803  0.016720776803  0.016189302978  0.016192823089  0.016706773450  0.013640140077  0.004515827162  0.005523164686  0.011093217654  0.005523164686  0.006028184384  0.006533744583  0.004012138946  0.004514742177  0.005523164686  0.004515827162  0.000000000000  

