30
piranga_rubra_ku26592 0.000000000000  0.005951689790  0.014046058118  0.010973436734  0.014130691942  0.026398341791  0.008951061678  0.024436670428  0.000000000000  0.011128870405  0.015074548278  0.012022196852  0.005951041203  0.005988021060  0.003961164716  0.003411612608  0.007948780260  0.005954186861  0.014681552559  0.012031697786  0.012002132855  0.005091821096  0.010973436734  0.008948680744  0.013992920988  0.007054848555  0.015404376073  0.012031697786  0.003963249160  0.010244394853  
piranga_flava_ku90809 0.005951689790  0.000000000000  0.013018194855  0.008954930996  0.012080148246  0.024326892953  0.006943723003  0.022363049410  0.003293516192  0.010096357422  0.013969486603  0.009587262009  0.001975574318  0.002385599645  0.003962331991  0.003406709810  0.005945976532  0.005951874868  0.012195310337  0.011006377331  0.009985455836  0.001014067483  0.008954930996  0.006941885717  0.011962272753  0.005635992805  0.012557074015  0.011006377331  0.005945144526  0.008521802228  
piranga_ludoviciana_sdsu2385 0.014046058118  0.013018194855  0.000000000000  0.016087866063  0.019330955300  0.030624886005  0.009992009614  0.028752098659  0.018326991826  0.007046709978  0.000000000000  0.019444787800  0.013020182261  0.012094903081  0.013031244814  0.013755872536  0.017082781500  0.013033236244  0.000000000000  0.007980498364  0.017156407982  0.012341128095  0.016087866063  0.014031979357  0.019143527773  0.015651404485  0.000000000000  0.007980498364  0.014035006732  0.005099023484  
piranga_rubriceps_lsu265 0.010973436734  0.008954930996  0.016087866063  0.000000000000  0.002995955638  0.021250060976  0.009966899010  0.019280545435  0.013321807877  0.013188869863  0.017268672473  0.013246418506  0.008960284792  0.007210127228  0.008963850185  0.010304227905  0.012983176853  0.010986784668  0.017183434850  0.014076445819  0.000990954887  0.008175496903  0.000000000000  0.007951633086  0.004955393904  0.001404242863  0.018264170386  0.014076445819  0.010968416591  0.006822808604  
piranga_leucoptera_lsu7783 0.014130691942  0.012080148246  0.019330955300  0.002995955638  0.000000000000  0.024576042169  0.013109067678  0.022477307960  0.015014709468  0.016426760064  0.020565596135  0.015695096823  0.012087222204  0.010847819360  0.012092321896  0.011463743408  0.015140930622  0.014147575248  0.020934515123  0.017295497922  0.004009117945  0.011376823942  0.002995955638  0.011061720030  0.008020503748  0.002811502406  0.019698128961  0.017295497922  0.014124104234  0.010422352014  
cardinalis_cardinalis_ku25393 0.026398341791  0.024326892953  0.030624886005  0.021250060976  0.024576042169  0.000000000000  0.025378750813  0.006038075416  0.030434733283  0.027808183173  0.030660132124  0.027019740053  0.024337531526  0.023286740581  0.024326892953  0.020833381359  0.026398341791  0.026422440022  0.032441432321  0.028575497437  0.022321738747  0.022898488790  0.021250060976  0.022272475672  0.024334964104  0.014259135521  0.031287557697  0.028575497437  0.026409606768  0.015506265089  
piranga_olivacea_ku2699 0.008951061678  0.006943723003  0.009992009614  0.009966899010  0.013109067678  0.025378750813  0.000000000000  0.023417537131  0.004945483468  0.007056953859  0.010720435763  0.012019857870  0.006947037709  0.004787861418  0.006950617831  0.007985204509  0.010951585663  0.008960284792  0.012198181874  0.007993604602  0.011001327185  0.006111884314  0.009966899010  0.007943737228  0.012976691510  0.008485988096  0.013970578300  0.007993604602  0.008946029540  0.008530046529  
cardinalis_cardinalis_ku21828 0.024436670428  0.022363049410  0.028752098659  0.019280545435  0.022477307960  0.006038075416  0.023417537131  0.000000000000  0.028888356160  0.025907261813  0.029624051151  0.026986588075  0.022374715192  0.020785111753  0.022363049410  0.019746786710  0.026530309031  0.024462836609  0.029977729958  0.026697315604  0.020307573457  0.020880006066  0.019280545435  0.021323786223  0.022367133156  0.014259135521  0.028516725854  0.026697315604  0.024448969381  0.015613880501  
piranga_rubra_ku7046 0.000000000000  0.003293516192  0.018326991826  0.013321807877  0.015014709468  0.030434733283  0.004945483468  0.028888356160  0.000000000000  0.010099655842  0.019496463693  0.014363100135  0.003293516192  0.002168598747  0.000000000000  0.001754808280  0.003292922601  0.003301832128  0.019963893574  0.011606778408  0.015074987157  0.003446768646  0.013321807877  0.008264491048  0.016682307385  0.005054042813  0.020324598244  0.011606778408  0.003296390039  0.005259665049  
piranga_bidentata_hgoslp104 0.011128870405  0.010096357422  0.007046709978  0.013188869863  0.016426760064  0.027808183173  0.007056953859  0.025907261813  0.010099655842  0.000000000000  0.006401868591  0.014521586064  0.010101387846  0.007237191869  0.010106561665  0.010297140601  0.014187977142  0.012160720730  0.007279563421  0.005033690202  0.014253532049  0.009239942279  0.013175502091  0.011106396540  0.016258082681  0.011355172995  0.006935151062  0.003010274527  0.011123707920  0.008530046529  
piranga_ludoviciana_sdsu2648 0.015074548278  0.013969486603  0.000000000000  0.017268672473  0.020565596135  0.030660132124  0.010720435763  0.029624051151  0.019496463693  0.006401868591  0.000000000000  0.019421183076  0.013971778226  0.012168494099  0.013984514655  0.013755872536  0.017240001688  0.012898275054  0.000000000000  0.008561254163  0.018420637700  0.012884425642  0.017250053140  0.015042153260  0.020551732932  0.015651404485  0.000000000000  0.007475671689  0.015061824732  0.005392311617  
piranga_roseogularis_ku2049 0.012022196852  0.009587262009  0.019444787800  0.013246418506  0.015695096823  0.027019740053  0.012019857870  0.026986588075  0.014363100135  0.014521586064  0.019421183076  0.000000000000  0.009591420429  0.008705369966  0.009598765502  0.011285807729  0.013224025976  0.012027170968  0.018992403554  0.017006811553  0.014513543425  0.008382209656  0.013230485250  0.003574196904  0.014461070029  0.008478294691  0.021044294278  0.015752154916  0.013224025976  0.009448910628  
piranga_hepatica_ku4970 0.005951041203  0.001975574318  0.013020182261  0.008960284792  0.012087222204  0.024337531526  0.006947037709  0.022374715192  0.003293516192  0.010101387846  0.013971778226  0.009591420429  0.000000000000  0.000000000000  0.003961164716  0.003407737300  0.003957552291  0.005954186861  0.012198181874  0.011012341317  0.009990375792  0.001014339575  0.008960284792  0.006943723003  0.011966226366  0.005639597180  0.013970578300  0.011012341317  0.005945976532  0.008530046529  
piranga_hepatica_ku9084 0.005988021060  0.002385599645  0.012094903081  0.007210127228  0.010847819360  0.023286740581  0.004787861418  0.020785111753  0.002168598747  0.007237191869  0.012168494099  0.008705369966  0.000000000000  0.000000000000  0.003585878992  0.003889289588  0.003581597921  0.004788860750  0.012198181874  0.009675922302  0.008444667313  0.001192089677  0.007210127228  0.005982765139  0.008414214197  0.005639597180  0.013970578300  0.008454867398  0.005982765139  0.008941944554  
piranga_rubra_sdsu2654 0.003961164716  0.003962331991  0.013031244814  0.008963850185  0.012092321896  0.024326892953  0.006950617831  0.022363049410  0.000000000000  0.010106561665  0.013984514655  0.009598765502  0.003961164716  0.003585878992  0.000000000000  0.001135250202  0.005951874868  0.003963249160  0.013443833323  0.011017401523  0.009985455836  0.003050700029  0.008963850185  0.006948776879  0.011974209733  0.004223277488  0.013986337824  0.011017401523  0.003961471739  0.008521802228  
piranga_flava_lsu15408 0.003411612608  0.003406709810  0.013755872536  0.010304227905  0.011463743408  0.020833381359  0.007985204509  0.019746786710  0.001754808280  0.010297140601  0.013755872536  0.011285807729  0.003407737300  0.003889289588  0.001135250202  0.000000000000  0.004549217622  0.003414576251  0.013140858643  0.011455298639  0.011494803292  0.002269210781  0.010304227905  0.007980820878  0.013764365487  0.005663552569  0.013966802554  0.010297140601  0.004549217622  0.006007845217  
piranga_lutea_lsu5400 0.007948780260  0.005945976532  0.017082781500  0.012983176853  0.015140930622  0.026398341791  0.010951585663  0.026530309031  0.003292922601  0.014187977142  0.017240001688  0.013224025976  0.003957552291  0.003581597921  0.005951874868  0.004549217622  0.000000000000  0.007955968326  0.015903283571  0.015064892961  0.014031548201  0.005087840385  0.012983176853  0.010947170779  0.016007384049  0.008478294691  0.018221720643  0.015064892961  0.007943737228  0.011973758262  
piranga_olivacea_ku4672 0.005954186861  0.005951874868  0.013033236244  0.010986784668  0.014147575248  0.026422440022  0.008960284792  0.024462836609  0.003301832128  0.012160720730  0.012898275054  0.012027170968  0.005954186861  0.004788860750  0.003963249160  0.003414576251  0.007955968326  0.000000000000  0.012210201538  0.013056400611  0.012014606827  0.005093022921  0.010986784668  0.008954930996  0.014003476453  0.005639597180  0.013986337824  0.013056400611  0.005957973295  0.008530046529  
piranga_ludoviciana_sdsu2208 0.014681552559  0.012195310337  0.000000000000  0.017183434850  0.020934515123  0.032441432321  0.012198181874  0.029977729958  0.019963893574  0.007279563421  0.000000000000  0.018992403554  0.012198181874  0.012198181874  0.013443833323  0.013140858643  0.015903283571  0.012210201538  0.000000000000  0.009738992148  0.018492299342  0.010965837784  0.017162368065  0.015883851250  0.018424151735  0.015651404485  0.000000000000  0.008501654875  0.014667309824  0.005372996194  
piranga_bidentata_itm160 0.012031697786  0.011006377331  0.007980498364  0.014076445819  0.017295497922  0.028575497437  0.007993604602  0.026697315604  0.011606778408  0.005033690202  0.008561254163  0.017006811553  0.011012341317  0.009675922302  0.011017401523  0.011455298639  0.015064892961  0.013056400611  0.009738992148  0.000000000000  0.015134367473  0.010277889557  0.014076445819  0.012019645839  0.017118528407  0.012794639335  0.009744320567  0.001986638967  0.012026648736  0.001694549269  
piranga_leucoptera_fmnh481795 0.012002132855  0.009985455836  0.017156407982  0.000990954887  0.004009117945  0.022321738747  0.011001327185  0.020307573457  0.015074987157  0.014253532049  0.018420637700  0.014513543425  0.009990375792  0.008444667313  0.009985455836  0.011494803292  0.014031548201  0.012014606827  0.018492299342  0.015134367473  0.000000000000  0.009230465472  0.000990954887  0.008977849343  0.005968801628  0.001404242863  0.019769526318  0.015134367473  0.012007618013  0.006822808604  
piranga_lutea_ku89864 0.005091821096  0.001014067483  0.012341128095  0.008175496903  0.011376823942  0.022898488790  0.006111884314  0.020880006066  0.003446768646  0.009239942279  0.012884425642  0.008382209656  0.001014339575  0.001192089677  0.003050700029  0.002269210781  0.005087840385  0.005093022921  0.010965837784  0.010277889557  0.009230465472  0.000000000000  0.008175496903  0.006109447828  0.011260973826  0.004223277488  0.012557074015  0.010277889557  0.005086462841  0.006811190549  
piranga_rubriceps_lsu34818 0.010973436734  0.008954930996  0.016087866063  0.000000000000  0.002995955638  0.021250060976  0.009966899010  0.019280545435  0.013321807877  0.013175502091  0.017250053140  0.013230485250  0.008960284792  0.007210127228  0.008963850185  0.010304227905  0.012983176853  0.010986784668  0.017162368065  0.014076445819  0.000990954887  0.008175496903  0.000000000000  0.007943737228  0.004955393904  0.001404242863  0.018238543900  0.014062305681  0.010968416591  0.006822808604  
piranga_roseogularis_ku2141 0.008948680744  0.006941885717  0.014031979357  0.007951633086  0.011061720030  0.022272475672  0.007943737228  0.021323786223  0.008264491048  0.011106396540  0.015042153260  0.003574196904  0.006943723003  0.005982765139  0.006948776879  0.007980820878  0.010947170779  0.008954930996  0.015883851250  0.012019645839  0.008977849343  0.006109447828  0.007943737228  0.000000000000  0.010955149298  0.005639597180  0.018196213583  0.012007618013  0.008942167946  0.008530046529  
piranga_erythrocephala_fmnh343371 0.013992920988  0.011962272753  0.019143527773  0.004955393904  0.008020503748  0.024334964104  0.012976691510  0.022367133156  0.016682307385  0.016258082681  0.020551732932  0.014461070029  0.011966226366  0.008414214197  0.011974209733  0.013764365487  0.016007384049  0.014003476453  0.018424151735  0.017118528407  0.005968801628  0.011260973826  0.004955393904  0.010955149298  0.000000000000  0.000000000000  0.019686120631  0.017118528407  0.013983462180  0.008536351549  
piranga_erythrocephala_fmnh343370 0.007054848555  0.005635992805  0.015651404485  0.001404242863  0.002811502406  0.014259135521  0.008485988096  0.014259135521  0.005054042813  0.011355172995  0.015651404485  0.008478294691  0.005639597180  0.005639597180  0.004223277488  0.005663552569  0.008478294691  0.005639597180  0.015651404485  0.012794639335  0.001404242863  0.004223277488  0.001404242863  0.005639597180  0.000000000000  0.000000000000  0.016596017600  0.011355172995  0.008478294691  0.007988467481  
piranga_ludoviciana_sdsu2650 0.015404376073  0.012557074015  0.000000000000  0.018264170386  0.019698128961  0.031287557697  0.013970578300  0.028516725854  0.020324598244  0.006935151062  0.000000000000  0.021044294278  0.013970578300  0.013970578300  0.013986337824  0.013966802554  0.018221720643  0.013986337824  0.000000000000  0.009744320567  0.019769526318  0.012557074015  0.018238543900  0.018196213583  0.019686120631  0.016596017600  0.000000000000  0.008330742404  0.016803435169  0.004316273197  
piranga_bidentata_tepe59 0.012031697786  0.011006377331  0.007980498364  0.014076445819  0.017295497922  0.028575497437  0.007993604602  0.026697315604  0.011606778408  0.003010274527  0.007475671689  0.015752154916  0.011012341317  0.008454867398  0.011017401523  0.010297140601  0.015064892961  0.013056400611  0.008501654875  0.001986638967  0.015134367473  0.010277889557  0.014062305681  0.012007618013  0.017118528407  0.011355172995  0.008330742404  0.000000000000  0.012026648736  0.005099023484  
piranga_rubra_sdsu2635 0.003963249160  0.005945144526  0.014035006732  0.010968416591  0.014124104234  0.026409606768  0.008946029540  0.024448969381  0.003296390039  0.011123707920  0.015061824732  0.013224025976  0.005945976532  0.005982765139  0.003961471739  0.004549217622  0.007943737228  0.005957973295  0.014667309824  0.012026648736  0.012007618013  0.005086462841  0.010968416591  0.008942167946  0.013983462180  0.008478294691  0.016803435169  0.012026648736  0.000000000000  0.010255643892  
piranga_bidentata_itm141 0.010244394853  0.008521802228  0.005099023484  0.006822808604  0.010422352014  0.015506265089  0.008530046529  0.015613880501  0.005259665049  0.008530046529  0.005392311617  0.009448910628  0.008530046529  0.008941944554  0.008521802228  0.006007845217  0.011973758262  0.008530046529  0.005372996194  0.001694549269  0.006822808604  0.006811190549  0.006822808604  0.008530046529  0.008536351549  0.007988467481  0.004316273197  0.005099023484  0.010255643892  0.000000000000  

