30
piranga_rubra_ku26592 0.000000000000  0.007397693831  0.005540556750  0.020580568423  0.023456713913  0.024488811681  0.007795962945  0.024535038455  0.005747548494  0.004613075438  0.005791934782  0.007136289014  0.005999519524  0.008524228109  0.003687935351  0.007336830073  0.006468352207  0.007398996801  0.005848391115  0.004613075438  0.024409495158  0.005540556750  0.016764176598  0.007510133321  0.015481946967  0.013181822575  0.002231635277  0.004613075438  0.002764327570  0.004613075438  
piranga_flava_ku90809 0.007397693831  0.000000000000  0.003687935351  0.016791737355  0.021545851617  0.020666121202  0.004441399995  0.020705026374  0.005746683739  0.002763595890  0.002888664710  0.004066622189  0.000995914408  0.002423333258  0.007397693831  0.001042641607  0.002764327570  0.005540556750  0.003892498921  0.002763595890  0.022495821269  0.003687935351  0.016771198676  0.004682193583  0.013525809596  0.013181822575  0.002231635277  0.002763595890  0.006468352207  0.002763595890  
piranga_ludoviciana_sdsu2385 0.005540556750  0.003687935351  0.000000000000  0.016791737355  0.019650724876  0.020666121202  0.002218203179  0.020705026374  0.002866583076  0.000920119006  0.000000000000  0.003050501583  0.001993402354  0.002423333258  0.005540556750  0.003133798495  0.002764327570  0.003689581931  0.000971047337  0.000920119006  0.020597488117  0.001842246561  0.015553853670  0.003744849949  0.010608282386  0.010533724747  0.000000000000  0.000920119006  0.004614301849  0.000920119006  
piranga_rubriceps_lsu265 0.020580568423  0.016791737355  0.016791737355  0.000000000000  0.008320887006  0.021606582042  0.020283486303  0.021647259576  0.018398306422  0.015843025314  0.017561807564  0.017508321673  0.015133004180  0.017192686788  0.020580568423  0.019060340894  0.015850099392  0.018686983035  0.016731907557  0.015843025314  0.009252469263  0.016791737355  0.002365997176  0.018011728196  0.014421480931  0.013097239622  0.015795058088  0.015843025314  0.019632975599  0.015843025314  
piranga_leucoptera_lsu7783 0.023456713913  0.021545851617  0.019650724876  0.008320887006  0.000000000000  0.026414841540  0.022594454166  0.026464785512  0.021368325288  0.018695577468  0.020554856700  0.020671044151  0.020268328091  0.022196866076  0.023456713913  0.024470569627  0.020597488117  0.021555990680  0.019747923902  0.018695577468  0.002761782739  0.019650724876  0.011922726896  0.020921650996  0.016432341599  0.017164327937  0.018083237755  0.018695577468  0.022505547732  0.018695577468  
cardinalis_cardinalis_ku25393 0.024488811681  0.020666121202  0.020666121202  0.021606582042  0.026414841540  0.000000000000  0.022636680666  0.000000000000  0.022384758341  0.019706051967  0.020627469305  0.021775643817  0.019315036138  0.021006348727  0.024488811681  0.021259529544  0.019717069829  0.022580238133  0.019767444746  0.019706051967  0.027374420307  0.020666121202  0.020447639626  0.022903524915  0.019432648394  0.017222011826  0.013559701183  0.019706051967  0.023533714240  0.019706051967  
piranga_olivacea_ku2699 0.007795962945  0.004441399995  0.002218203179  0.020283486303  0.022594454166  0.022636680666  0.000000000000  0.022636680666  0.005582936402  0.002218203179  0.002218203179  0.004477994062  0.003328694216  0.003639654816  0.006674662305  0.004583435257  0.004443790193  0.000000000000  0.003415128251  0.002218203179  0.023738646599  0.002218203179  0.018940016093  0.005599208257  0.014680390994  0.013367289892  0.000000000000  0.002218203179  0.005558111698  0.002218203179  
cardinalis_cardinalis_ku21828 0.024535038455  0.020705026374  0.020705026374  0.021647259576  0.026464785512  0.000000000000  0.022636680666  0.000000000000  0.022472256621  0.019743110125  0.020587019343  0.021730569027  0.019275839687  0.021006348727  0.024535038455  0.021259529544  0.019754169854  0.022622814642  0.019845915636  0.019743110125  0.027426209724  0.020705026374  0.020546504555  0.022859886076  0.019508479051  0.017222011826  0.013559701183  0.019743110125  0.023578112790  0.019743110125  
piranga_rubra_ku7046 0.005747548494  0.005746683739  0.002866583076  0.018398306422  0.021368325288  0.022384758341  0.005582936402  0.022472256621  0.000000000000  0.002866583076  0.003001374467  0.005298931300  0.004154945140  0.004856092047  0.004785259469  0.006282898874  0.004785259469  0.005747548494  0.003892498921  0.002866583076  0.022353563458  0.003825490432  0.016771198676  0.005837011970  0.012545658330  0.013193734090  0.004472250527  0.002866583076  0.003825490432  0.002866583076  
piranga_bidentata_hgoslp104 0.004613075438  0.002763595890  0.000920119006  0.015843025314  0.018695577468  0.019706051967  0.002218203179  0.019743110125  0.002866583076  0.000000000000  0.000961708686  0.002031218124  0.000995914408  0.002423333258  0.004613075438  0.003133798495  0.001841095387  0.002764327570  0.000971047337  0.000000000000  0.019641155503  0.000920119006  0.015553853670  0.002805692226  0.010608282386  0.010533724747  0.000000000000  0.000000000000  0.003687935351  0.000000000000  
piranga_ludoviciana_sdsu2648 0.005791934782  0.002888664710  0.000000000000  0.017561807564  0.020554856700  0.020627469305  0.002218203179  0.020587019343  0.003001374467  0.000961708686  0.000000000000  0.003050501583  0.001993402354  0.002423333258  0.005791934782  0.003133798495  0.002889464247  0.003856784435  0.001017484565  0.000961708686  0.021545717465  0.001925611815  0.016480680527  0.003879226576  0.011111973959  0.010533724747  0.000000000000  0.000961708686  0.004823520777  0.000961708686  
piranga_roseogularis_ku2049 0.007136289014  0.004066622189  0.003050501583  0.017508321673  0.020671044151  0.021775643817  0.004477994062  0.021730569027  0.005298931300  0.002031218124  0.003050501583  0.000000000000  0.003047991867  0.002441079936  0.007136289014  0.005435523097  0.004068625156  0.004072250436  0.003238186199  0.002031218124  0.019601486884  0.002031218124  0.014956082417  0.001014093521  0.013925495605  0.013313894400  0.000000000000  0.002031218124  0.006113074091  0.002031218124  
piranga_hepatica_ku4970 0.005999519524  0.000995914408  0.001993402354  0.015133004180  0.020268328091  0.019315036138  0.003328694216  0.019275839687  0.004154945140  0.000995914408  0.001993402354  0.003047991867  0.000000000000  0.001210923790  0.005999519524  0.002127198221  0.000996198604  0.002993251263  0.002113473047  0.000995914408  0.021294448943  0.001993402354  0.013242426684  0.004017607702  0.012583755612  0.011856209555  0.002231635277  0.000995914408  0.004995627942  0.000995914408  
piranga_hepatica_ku9084 0.008524228109  0.002423333258  0.002423333258  0.017192686788  0.022196866076  0.021006348727  0.003639654816  0.021006348727  0.004856092047  0.002423333258  0.002423333258  0.002441079936  0.001210923790  0.000000000000  0.007298574463  0.002471242486  0.002425328771  0.003639654816  0.003684354280  0.002423333258  0.022185160276  0.002423333258  0.014395471040  0.003665054980  0.013484153097  0.011657683024  0.004471187649  0.002423333258  0.006076264965  0.002423333258  
piranga_rubra_sdsu2654 0.003687935351  0.007397693831  0.005540556750  0.020580568423  0.023456713913  0.024488811681  0.006674662305  0.024535038455  0.004785259469  0.004613075438  0.005791934782  0.007136289014  0.005999519524  0.007298574463  0.000000000000  0.006285339367  0.006468352207  0.007398996801  0.004869140281  0.004613075438  0.024409495158  0.005540556750  0.015553853670  0.007510133321  0.014498262259  0.013181822575  0.004472250527  0.004613075438  0.000919876562  0.004613075438  
piranga_flava_lsu15408 0.007336830073  0.001042641607  0.003133798495  0.019060340894  0.024470569627  0.021259529544  0.004583435257  0.021259529544  0.006282898874  0.003133798495  0.003133798495  0.005435523097  0.002127198221  0.002471242486  0.006285339367  0.000000000000  0.003133021953  0.005230959254  0.004181003001  0.003133798495  0.025552598007  0.004181003001  0.018179247255  0.006321914056  0.014787637806  0.014510579954  0.002231635277  0.003133798495  0.005232840794  0.003133798495  
piranga_lutea_lsu5400 0.006468352207  0.002764327570  0.002764327570  0.015850099392  0.020597488117  0.019717069829  0.004443790193  0.019754169854  0.004785259469  0.001841095387  0.002889464247  0.004068625156  0.000996198604  0.002425328771  0.006468352207  0.003133021953  0.000000000000  0.004614301849  0.002917564994  0.001841095387  0.021545851617  0.002764327570  0.014346144398  0.004683457139  0.012555039926  0.013193734090  0.004471187649  0.001841095387  0.005540556750  0.001841095387  
piranga_olivacea_ku4672 0.007398996801  0.005540556750  0.003689581931  0.018686983035  0.021555990680  0.022580238133  0.000000000000  0.022622814642  0.005747548494  0.002764327570  0.003856784435  0.004072250436  0.002993251263  0.003639654816  0.007398996801  0.005230959254  0.004614301849  0.000000000000  0.003894333666  0.002764327570  0.022505547732  0.003689581931  0.019206247780  0.005625858433  0.013536219972  0.013208373098  0.000000000000  0.002764327570  0.006470078917  0.002764327570  
piranga_ludoviciana_sdsu2208 0.005848391115  0.003892498921  0.000971047337  0.016731907557  0.019747923902  0.019767444746  0.003415128251  0.019845915636  0.003892498921  0.000971047337  0.001017484565  0.003238186199  0.002113473047  0.003684354280  0.004869140281  0.004181003001  0.002917564994  0.003894333666  0.000000000000  0.000971047337  0.020747376780  0.001944331991  0.015553853670  0.003955957304  0.010795694668  0.010533724747  0.000000000000  0.000971047337  0.003892498921  0.000971047337  
piranga_bidentata_itm160 0.004613075438  0.002763595890  0.000920119006  0.015843025314  0.018695577468  0.019706051967  0.002218203179  0.019743110125  0.002866583076  0.000000000000  0.000961708686  0.002031218124  0.000995914408  0.002423333258  0.004613075438  0.003133798495  0.001841095387  0.002764327570  0.000971047337  0.000000000000  0.019641155503  0.000920119006  0.015553853670  0.002805692226  0.010608282386  0.010533724747  0.000000000000  0.000000000000  0.003687935351  0.000000000000  
piranga_leucoptera_fmnh481795 0.024409495158  0.022495821269  0.020597488117  0.009252469263  0.002761782739  0.027374420307  0.023738646599  0.027426209724  0.022353563458  0.019641155503  0.021545717465  0.019601486884  0.021294448943  0.022185160276  0.024409495158  0.025552598007  0.021545851617  0.022505547732  0.020747376780  0.019641155503  0.000000000000  0.020597488117  0.013127338182  0.019939582289  0.017408926809  0.018499986202  0.018083237755  0.019641155503  0.023456713913  0.019641155503  
piranga_lutea_ku89864 0.005540556750  0.003687935351  0.001842246561  0.016791737355  0.019650724876  0.020666121202  0.002218203179  0.020705026374  0.003825490432  0.000920119006  0.001925611815  0.002031218124  0.001993402354  0.002423333258  0.005540556750  0.004181003001  0.002764327570  0.003689581931  0.001944331991  0.000920119006  0.020597488117  0.000000000000  0.016771198676  0.003744849949  0.011585946930  0.010533724747  0.000000000000  0.000920119006  0.004614301849  0.000920119006  
piranga_rubriceps_lsu34818 0.016764176598  0.016771198676  0.015553853670  0.002365997176  0.011922726896  0.020447639626  0.018940016093  0.020546504555  0.016771198676  0.015553853670  0.016480680527  0.014956082417  0.013242426684  0.014395471040  0.015553853670  0.018179247255  0.014346144398  0.019206247780  0.015553853670  0.015553853670  0.013127338182  0.016771198676  0.000000000000  0.017108637646  0.013134206228  0.012871843449  0.013519447802  0.015553853670  0.015553853670  0.015553853670  
piranga_roseogularis_ku2141 0.007510133321  0.004682193583  0.003744849949  0.018011728196  0.020921650996  0.022903524915  0.005599208257  0.022859886076  0.005837011970  0.002805692226  0.003879226576  0.001014093521  0.004017607702  0.003665054980  0.007510133321  0.006321914056  0.004683457139  0.005625858433  0.003955957304  0.002805692226  0.019939582289  0.003744849949  0.017108637646  0.000000000000  0.013748932768  0.014651682706  0.002261922043  0.002805692226  0.006567200828  0.002805692226  
piranga_erythrocephala_fmnh343371 0.015481946967  0.013525809596  0.010608282386  0.014421480931  0.016432341599  0.019432648394  0.014680390994  0.019508479051  0.012545658330  0.010608282386  0.011111973959  0.013925495605  0.012583755612  0.013484153097  0.014498262259  0.014787637806  0.012555039926  0.013536219972  0.010795694668  0.010608282386  0.017408926809  0.011585946930  0.013134206228  0.013748932768  0.000000000000  0.000000000000  0.004477994062  0.010608282386  0.013525809596  0.010608282386  
piranga_erythrocephala_fmnh343370 0.013181822575  0.013181822575  0.010533724747  0.013097239622  0.017164327937  0.017222011826  0.013367289892  0.017222011826  0.013193734090  0.010533724747  0.010533724747  0.013313894400  0.011856209555  0.011657683024  0.013181822575  0.014510579954  0.013193734090  0.013208373098  0.010533724747  0.010533724747  0.018499986202  0.010533724747  0.012871843449  0.014651682706  0.000000000000  0.000000000000  0.002305128524  0.010533724747  0.011856209555  0.010533724747  
piranga_ludoviciana_sdsu2650 0.002231635277  0.002231635277  0.000000000000  0.015795058088  0.018083237755  0.013559701183  0.000000000000  0.013559701183  0.004472250527  0.000000000000  0.000000000000  0.000000000000  0.002231635277  0.004471187649  0.004472250527  0.002231635277  0.004471187649  0.000000000000  0.000000000000  0.000000000000  0.018083237755  0.000000000000  0.013519447802  0.002261922043  0.004477994062  0.002305128524  0.000000000000  0.000000000000  0.002231635277  0.000000000000  
piranga_bidentata_tepe59 0.004613075438  0.002763595890  0.000920119006  0.015843025314  0.018695577468  0.019706051967  0.002218203179  0.019743110125  0.002866583076  0.000000000000  0.000961708686  0.002031218124  0.000995914408  0.002423333258  0.004613075438  0.003133798495  0.001841095387  0.002764327570  0.000971047337  0.000000000000  0.019641155503  0.000920119006  0.015553853670  0.002805692226  0.010608282386  0.010533724747  0.000000000000  0.000000000000  0.003687935351  0.000000000000  
piranga_rubra_sdsu2635 0.002764327570  0.006468352207  0.004614301849  0.019632975599  0.022505547732  0.023533714240  0.005558111698  0.023578112790  0.003825490432  0.003687935351  0.004823520777  0.006113074091  0.004995627942  0.006076264965  0.000919876562  0.005232840794  0.005540556750  0.006470078917  0.003892498921  0.003687935351  0.023456713913  0.004614301849  0.015553853670  0.006567200828  0.013525809596  0.011856209555  0.002231635277  0.003687935351  0.000000000000  0.003687935351  
piranga_bidentata_itm141 0.004613075438  0.002763595890  0.000920119006  0.015843025314  0.018695577468  0.019706051967  0.002218203179  0.019743110125  0.002866583076  0.000000000000  0.000961708686  0.002031218124  0.000995914408  0.002423333258  0.004613075438  0.003133798495  0.001841095387  0.002764327570  0.000971047337  0.000000000000  0.019641155503  0.000920119006  0.015553853670  0.002805692226  0.010608282386  0.010533724747  0.000000000000  0.000000000000  0.003687935351  0.000000000000  

