30
piranga_rubra_ku26592 0.000000000000  0.002818925556  0.011117102811  0.013926781604  0.011117102811  0.019550786513  0.006920109692  0.016722413241  0.005528259220  0.009707294581  0.007445672159  0.008927261247  0.002756756720  0.000000000000  0.007017231247  0.004720300835  0.005524556031  0.005535910278  0.007117117793  0.008309102792  0.011111928600  0.006963173290  0.012516109341  0.009941674717  0.008316058231  0.008664322940  0.005529423309  0.008351152695  0.006915022232  0.006929700700  
piranga_flava_ku90809 0.002818925556  0.000000000000  0.005651527680  0.009934827009  0.007076823861  0.015635495815  0.004232317549  0.012765148679  0.005651527680  0.007066821568  0.004560440873  0.004548536170  0.000000000000  0.000000000000  0.004292880738  0.001567533690  0.002815428467  0.002821317313  0.004323817002  0.005645292740  0.007081518314  0.004228013318  0.008502756631  0.007076823861  0.005651527680  0.005765574113  0.001838422107  0.005673935888  0.004228013318  0.004238296861  
piranga_ludoviciana_sdsu2385 0.011117102811  0.005651527680  0.000000000000  0.013915030874  0.012516598919  0.018124673111  0.004139098583  0.015303838294  0.011109621918  0.004140467101  0.002965725018  0.007426042056  0.008309102792  0.003185279201  0.008425789580  0.004725667502  0.011096515247  0.004144817203  0.000000000000  0.005524556031  0.015351805269  0.006958633904  0.012506266175  0.002818925556  0.008309102792  0.002874022920  0.000000000000  0.006951590854  0.009701232763  0.004144817203  
piranga_rubriceps_lsu265 0.013926781604  0.009934827009  0.013915030874  0.000000000000  0.004140482823  0.019523519809  0.009702661128  0.016699140882  0.016755748086  0.012498726764  0.008935293979  0.010415027528  0.011104909561  0.003185279201  0.015553585736  0.011100732605  0.013895693910  0.008316058231  0.009979315874  0.013907411833  0.006924599094  0.015427738527  0.001375620092  0.008504663473  0.005520629281  0.004317594130  0.001838422107  0.012558622218  0.015320294851  0.012528735356  
piranga_leucoptera_lsu7783 0.011117102811  0.007076823861  0.012516598919  0.004140482823  0.000000000000  0.018124673111  0.008309102792  0.015303838294  0.013926781604  0.011101675023  0.008940563991  0.010423544096  0.008309102792  0.003182831958  0.012692631973  0.009501288940  0.011096515247  0.006924599094  0.008545800437  0.012506266175  0.002760561825  0.012593770474  0.002756756720  0.007081518314  0.004139098583  0.002875669743  0.001837606894  0.012569041325  0.012506266175  0.011125071919  
cardinalis_cardinalis_ku25393 0.019550786513  0.015635495815  0.018124673111  0.019523519809  0.018124673111  0.000000000000  0.015287794150  0.002752962091  0.019534501136  0.018105652450  0.016454123674  0.014922976963  0.016699140882  0.009620765213  0.018370707155  0.014284166793  0.019515377449  0.013899931014  0.014277000173  0.019523519809  0.018156229999  0.019660619292  0.018105652450  0.015666182458  0.013880636256  0.011561591036  0.003684000619  0.019624810566  0.020945640106  0.018139980477  
piranga_olivacea_ku2699 0.006920109692  0.004232317549  0.004139098583  0.009702661128  0.008309102792  0.015287794150  0.000000000000  0.012481879770  0.006918364237  0.002752962091  0.000000000000  0.004440806678  0.004138892372  0.003185279201  0.005604020209  0.004725667502  0.006905471824  0.000000000000  0.000000000000  0.004134776140  0.011117102811  0.005558991052  0.008304547779  0.004233980455  0.004138892372  0.002874022920  0.000000000000  0.004156301980  0.005520629281  0.002759044024  
cardinalis_cardinalis_ku21828 0.016722413241  0.012765148679  0.015303838294  0.016699140882  0.015303838294  0.002752962091  0.012481879770  0.000000000000  0.016709087980  0.015287794150  0.013431967415  0.011893958572  0.013886765574  0.006392103127  0.015511532300  0.011085628018  0.016692012666  0.011096515247  0.011396878988  0.016699140882  0.015330408750  0.016816155016  0.015287794150  0.014202339942  0.011081144595  0.008652224035  0.001838422107  0.016785412177  0.018114701465  0.015317126883  
piranga_rubra_ku7046 0.005528259220  0.005651527680  0.011109621918  0.016755748086  0.013926781604  0.019534501136  0.006918364237  0.016709087980  0.000000000000  0.009702661128  0.005945543631  0.010425202131  0.005526591494  0.000000000000  0.004196792993  0.004725667502  0.008297611627  0.006927950424  0.007115272004  0.008304547779  0.013934421734  0.006958633904  0.015336711788  0.011373308021  0.011118365125  0.010136238072  0.005536791471  0.008343768053  0.006910545197  0.006927950424  
piranga_bidentata_hgoslp104 0.009707294581  0.007066821568  0.004140467101  0.012498726764  0.011101675023  0.018105652450  0.002752962091  0.015287794150  0.009702661128  0.000000000000  0.001478882719  0.005926120861  0.006910545197  0.003185279201  0.007007396585  0.006303638786  0.009687806235  0.002756756720  0.001414054819  0.001375620092  0.013925443258  0.005565036537  0.011094214771  0.004232532854  0.006910545197  0.004313114631  0.000000000000  0.002768203634  0.005526591494  0.002756756720  
piranga_ludoviciana_sdsu2648 0.007445672159  0.004560440873  0.002965725018  0.008935293979  0.008940563991  0.016454123674  0.000000000000  0.013431967415  0.005945543631  0.001478882719  0.000000000000  0.004447390046  0.004452153223  0.003185279201  0.005945543631  0.004808995827  0.007428726712  0.000000000000  0.000000000000  0.002960813099  0.011965117430  0.004480601865  0.008935293979  0.003037251480  0.004452153223  0.003053954795  0.000000000000  0.004445792486  0.005938642791  0.001481602526  
piranga_roseogularis_ku2049 0.008927261247  0.004548536170  0.007426042056  0.010415027528  0.010423544096  0.014922976963  0.004440806678  0.011893958572  0.010425202131  0.005926120861  0.004447390046  0.000000000000  0.005929838897  0.003185279201  0.010425202131  0.004801299285  0.008909175395  0.002960813099  0.002978450401  0.007417705744  0.010446113240  0.007473140040  0.010415027528  0.004548536170  0.005929838897  0.003049298569  0.000000000000  0.008909175395  0.010415027528  0.005938642791  
piranga_hepatica_ku4970 0.002756756720  0.000000000000  0.008309102792  0.011104909561  0.008309102792  0.016699140882  0.004138892372  0.013886765574  0.005526591494  0.006910545197  0.004452153223  0.005929838897  0.000000000000  0.000000000000  0.004196792993  0.001569994712  0.002753412039  0.002759044024  0.004256336600  0.005520629281  0.008316426324  0.004163467953  0.009702661128  0.007076823861  0.005526591494  0.005765574113  0.001838422107  0.005548018661  0.004134776140  0.004144610441  
piranga_hepatica_ku9084 0.000000000000  0.000000000000  0.003185279201  0.003185279201  0.003182831958  0.009620765213  0.003185279201  0.006392103127  0.000000000000  0.003185279201  0.003185279201  0.003185279201  0.000000000000  0.000000000000  0.000000000000  0.003185279201  0.006382247770  0.003185279201  0.003185279201  0.003185279201  0.003182831958  0.000000000000  0.003185279201  0.003185279201  0.003185279201  0.003185279201  0.003472896119  0.003185279201  0.000000000000  0.003185279201  
piranga_rubra_sdsu2654 0.007017231247  0.004292880738  0.008425789580  0.015553585736  0.012692631973  0.018370707155  0.005604020209  0.015511532300  0.004196792993  0.007007396585  0.005945543631  0.010425202131  0.004196792993  0.000000000000  0.000000000000  0.003145205620  0.007002179662  0.005611882577  0.005683649364  0.005597889694  0.012700405739  0.005637336559  0.014118480061  0.008626948662  0.009850937656  0.008674868697  0.001862389139  0.007002179662  0.005597889694  0.004202672280  
piranga_flava_lsu15408 0.004720300835  0.001567533690  0.004725667502  0.011100732605  0.009501288940  0.014284166793  0.004725667502  0.011085628018  0.004725667502  0.006303638786  0.004808995827  0.004801299285  0.001569994712  0.003185279201  0.003145205620  0.000000000000  0.004718500688  0.004725667502  0.004725667502  0.004720300835  0.007904759696  0.003142232955  0.011100732605  0.006311415483  0.007902485041  0.007902485041  0.003953445225  0.006299435923  0.003142232955  0.003150159588  
piranga_lutea_lsu5400 0.005524556031  0.002815428467  0.011096515247  0.013895693910  0.011096515247  0.019515377449  0.006905471824  0.016692012666  0.008297611627  0.009687806235  0.007428726712  0.008909175395  0.002753412039  0.006382247770  0.007002179662  0.004718500688  0.000000000000  0.005525028794  0.007101634701  0.008293435415  0.011109558836  0.006951138618  0.012488911039  0.009921233524  0.008297611627  0.008656771208  0.005526951070  0.008338122411  0.006903153418  0.006915022232  
piranga_olivacea_ku4672 0.005535910278  0.002821317313  0.004144817203  0.008316058231  0.006924599094  0.013899931014  0.000000000000  0.011096515247  0.006927950424  0.002756756720  0.000000000000  0.002960813099  0.002759044024  0.003185279201  0.005611882577  0.004725667502  0.005525028794  0.000000000000  0.000000000000  0.004140482823  0.009728197782  0.005566727472  0.006920109692  0.004233980455  0.002759044024  0.002874022920  0.000000000000  0.004162068269  0.005528259220  0.002762855454  
piranga_ludoviciana_sdsu2208 0.007117117793  0.004323817002  0.000000000000  0.009979315874  0.008545800437  0.014277000173  0.000000000000  0.011396878988  0.007115272004  0.001414054819  0.000000000000  0.002978450401  0.004256336600  0.003185279201  0.005683649364  0.004725667502  0.007101634701  0.000000000000  0.000000000000  0.002830895702  0.011434920975  0.005677343319  0.008540983459  0.002879810442  0.004256336600  0.002894822450  0.000000000000  0.004250523392  0.005677343319  0.001416541194  
piranga_bidentata_itm160 0.008309102792  0.005645292740  0.005524556031  0.013907411833  0.012506266175  0.019523519809  0.004134776140  0.016699140882  0.008304547779  0.001375620092  0.002960813099  0.007417705744  0.005520629281  0.003185279201  0.005597889694  0.004720300835  0.008293435415  0.004140482823  0.002830895702  0.000000000000  0.012516598919  0.004167641589  0.012498726764  0.005649892881  0.008304547779  0.005759084890  0.000000000000  0.001382769803  0.004138892372  0.001377057340  
piranga_leucoptera_fmnh481795 0.011111928600  0.007081518314  0.015351805269  0.006924599094  0.002760561825  0.018156229999  0.011117102811  0.015330408750  0.013934421734  0.013925443258  0.011965117430  0.010446113240  0.008316426324  0.003182831958  0.012700405739  0.007904759696  0.011109558836  0.009728197782  0.011434920975  0.012516598919  0.000000000000  0.012604247759  0.005532670884  0.008528842377  0.006922267777  0.004319324576  0.001837606894  0.012582310616  0.012516598919  0.011132573539  
piranga_lutea_ku89864 0.006963173290  0.004228013318  0.006958633904  0.015427738527  0.012593770474  0.019660619292  0.005558991052  0.016816155016  0.006958633904  0.005565036537  0.004480601865  0.007473140040  0.004163467953  0.000000000000  0.005637336559  0.003142232955  0.006951138618  0.005566727472  0.005677343319  0.004167641589  0.012604247759  0.000000000000  0.014004803296  0.009927574782  0.009770376671  0.008664322940  0.003684000619  0.004186709704  0.002774353192  0.005566727472  
piranga_rubriceps_lsu34818 0.012516109341  0.008502756631  0.012506266175  0.001375620092  0.002756756720  0.018105652450  0.008304547779  0.015287794150  0.015336711788  0.011094214771  0.008935293979  0.010415027528  0.009702661128  0.003185279201  0.014118480061  0.011100732605  0.012488911039  0.006920109692  0.008540983459  0.012498726764  0.005532670884  0.014004803296  0.000000000000  0.007076823861  0.004134776140  0.002874022920  0.000000000000  0.011148087387  0.013907411833  0.011120346536  
piranga_roseogularis_ku2141 0.009941674717  0.007076823861  0.002818925556  0.008504663473  0.007081518314  0.015666182458  0.004233980455  0.014202339942  0.011373308021  0.004232532854  0.003037251480  0.004548536170  0.007076823861  0.003185279201  0.008626948662  0.006311415483  0.009921233524  0.004233980455  0.002879810442  0.005649892881  0.008528842377  0.009927574782  0.007076823861  0.000000000000  0.007076823861  0.004317594130  0.000000000000  0.007109276266  0.009927574782  0.004239964460  
piranga_erythrocephala_fmnh343371 0.008316058231  0.005651527680  0.008309102792  0.005520629281  0.004139098583  0.013880636256  0.004138892372  0.011081144595  0.011118365125  0.006910545197  0.004452153223  0.005929838897  0.005526591494  0.003185279201  0.009850937656  0.007902485041  0.008297611627  0.002759044024  0.004256336600  0.008304547779  0.006922267777  0.009770376671  0.004134776140  0.007076823861  0.000000000000  0.000000000000  0.000000000000  0.008343768053  0.009702661128  0.006927950424  
piranga_erythrocephala_fmnh343370 0.008664322940  0.005765574113  0.002874022920  0.004317594130  0.002875669743  0.011561591036  0.002874022920  0.008652224035  0.010136238072  0.004313114631  0.003053954795  0.003049298569  0.005765574113  0.003185279201  0.008674868697  0.007902485041  0.008656771208  0.002874022920  0.002894822450  0.005759084890  0.004319324576  0.008664322940  0.002874022920  0.004317594130  0.000000000000  0.000000000000  0.000000000000  0.007203955690  0.008664322940  0.004323817002  
piranga_ludoviciana_sdsu2650 0.005529423309  0.001838422107  0.000000000000  0.001838422107  0.001837606894  0.003684000619  0.000000000000  0.001838422107  0.005536791471  0.000000000000  0.000000000000  0.000000000000  0.001838422107  0.003472896119  0.001862389139  0.003953445225  0.005526951070  0.000000000000  0.000000000000  0.000000000000  0.001837606894  0.003684000619  0.000000000000  0.000000000000  0.000000000000  0.000000000000  0.000000000000  0.000000000000  0.001838422107  0.000000000000  
piranga_bidentata_tepe59 0.008351152695  0.005673935888  0.006951590854  0.012558622218  0.012569041325  0.019624810566  0.004156301980  0.016785412177  0.008343768053  0.002768203634  0.004445792486  0.008909175395  0.005548018661  0.003185279201  0.007002179662  0.006299435923  0.008338122411  0.004162068269  0.004250523392  0.001382769803  0.012582310616  0.004186709704  0.011148087387  0.007109276266  0.008343768053  0.007203955690  0.000000000000  0.000000000000  0.004157697779  0.002772496649  
piranga_rubra_sdsu2635 0.006915022232  0.004228013318  0.009701232763  0.015320294851  0.012506266175  0.020945640106  0.005520629281  0.018114701465  0.006910545197  0.005526591494  0.005938642791  0.010415027528  0.004134776140  0.000000000000  0.005597889694  0.003142232955  0.006903153418  0.005528259220  0.005677343319  0.004138892372  0.012516598919  0.002774353192  0.013907411833  0.009927574782  0.009702661128  0.008664322940  0.001838422107  0.004157697779  0.000000000000  0.005528259220  
piranga_bidentata_itm141 0.006929700700  0.004238296861  0.004144817203  0.012528735356  0.011125071919  0.018139980477  0.002759044024  0.015317126883  0.006927950424  0.002756756720  0.001481602526  0.005938642791  0.004144610441  0.003185279201  0.004202672280  0.003150159588  0.006915022232  0.002762855454  0.001416541194  0.001377057340  0.011132573539  0.005566727472  0.011120346536  0.004239964460  0.006927950424  0.004323817002  0.000000000000  0.002772496649  0.005528259220  0.000000000000  

