30
piranga_rubra_ku26592 0.000000000000  0.005962023941  0.009403339088  0.011137556264  0.011143922372  0.010315383798  0.011451519246  0.009662821999  0.009595388407  0.010267987325  0.007427642391  0.007531832386  0.002784648872  0.003891729136  0.007683509387  0.003740986806  0.010751969806  0.009395076432  0.010345027308  0.010267987325  0.008547725861  0.006819774867  0.012030555222  0.009612158411  0.011716437134  0.006933793059  0.009233003411  0.010267987325  0.008545506124  0.009403339088  
piranga_flava_ku90809 0.005962023941  0.000000000000  0.008545506124  0.008547725861  0.008552815148  0.007718756669  0.008788110819  0.007011032287  0.006962219221  0.009409233878  0.009303197733  0.008620179845  0.000000000000  0.004869856911  0.003400674917  0.000932977604  0.001333623335  0.006817483252  0.011518163450  0.009409233878  0.005969768201  0.000848293607  0.009430851647  0.008734378324  0.010804207063  0.004152209363  0.010410634508  0.009409233878  0.004254916048  0.008545506124  
piranga_ludoviciana_sdsu2385 0.009403339088  0.008545506124  0.000000000000  0.012012815349  0.012021186961  0.011191894492  0.008788110819  0.012341105237  0.007839785850  0.002549916559  0.000923251767  0.006450983683  0.007465006127  0.004872771459  0.006827866474  0.008462558345  0.014864058237  0.006817483252  0.002282152519  0.002549916559  0.009417289573  0.009409233878  0.012043819987  0.007853468237  0.012630606082  0.008344894383  0.001145689294  0.002549916559  0.007688948361  0.001698263581  
piranga_rubriceps_lsu265 0.011137556264  0.008547725861  0.012012815349  0.000000000000  0.005115214393  0.009465914918  0.012355285372  0.010573470824  0.010486665294  0.012883467181  0.013082709418  0.008620179845  0.008408564688  0.009790156487  0.008552815148  0.008463920195  0.013491886952  0.010266871096  0.013846181374  0.012883467181  0.004258540020  0.009411384656  0.000850970984  0.008739693111  0.007178344888  0.002763680966  0.012734663584  0.012883467181  0.009417289573  0.012012815349  
piranga_leucoptera_lsu7783 0.011143922372  0.008552815148  0.012021186961  0.005115214393  0.000000000000  0.009473067756  0.012362902511  0.010581823593  0.010492446922  0.012892667692  0.013091254851  0.008625720556  0.008415081476  0.010786515644  0.008559077339  0.007521152923  0.012124079345  0.010271235718  0.015019594783  0.012892667692  0.004261928026  0.009417289573  0.005985081055  0.008746232629  0.007183470282  0.002763680966  0.011571479132  0.012892667692  0.009424368937  0.012021186961  
cardinalis_cardinalis_ku25393 0.010315383798  0.007718756669  0.011191894492  0.009465914918  0.009473067756  0.000000000000  0.011512368481  0.000873486704  0.008765001866  0.012064578817  0.012192636739  0.010823752516  0.007501438809  0.010790873330  0.007723070478  0.008503908189  0.010839381424  0.008580467618  0.015112687349  0.012064578817  0.006868904763  0.008584415400  0.010356608751  0.009674044611  0.011788578410  0.006953077907  0.015124448339  0.012064578817  0.008589548624  0.011191894492  
piranga_olivacea_ku2699 0.011451519246  0.008788110819  0.008788110819  0.012355285372  0.012362902511  0.011512368481  0.000000000000  0.012388085349  0.007165550972  0.009676317050  0.009298558053  0.011881374801  0.008560530410  0.012154312750  0.005255480269  0.009706842503  0.014849297761  0.003498837214  0.012667359302  0.009676317050  0.009684836749  0.009676317050  0.013278750683  0.010569799758  0.012068125521  0.012546650102  0.011562144419  0.009676317050  0.006137258399  0.008788110819  
cardinalis_cardinalis_ku21828 0.009662821999  0.007011032287  0.012341105237  0.010573470824  0.010581823593  0.000873486704  0.012388085349  0.000000000000  0.010778676332  0.013235907989  0.013119491313  0.011894625521  0.006637756386  0.010055978009  0.008785765444  0.007740976351  0.009445531219  0.010546604612  0.016258291309  0.013235907989  0.007912016183  0.007894803463  0.011488631015  0.010573470824  0.013015935315  0.008333756378  0.016271522243  0.013235907989  0.009674044611  0.012341105237  
piranga_rubra_ku7046 0.009595388407  0.006962219221  0.007839785850  0.010486665294  0.010492446922  0.008765001866  0.007165550972  0.010778676332  0.000000000000  0.009600309004  0.009298558053  0.009700850184  0.006520280230  0.009780580878  0.003470023132  0.007508479506  0.012517788541  0.005212439326  0.012667359302  0.009600309004  0.007846621079  0.006962219221  0.011395867282  0.008917133057  0.009888680173  0.009728091370  0.011562144419  0.009600309004  0.004341314195  0.008719146660  
piranga_bidentata_hgoslp104 0.010267987325  0.009409233878  0.002549916559  0.012883467181  0.012892667692  0.012064578817  0.009676317050  0.013235907989  0.009600309004  0.000000000000  0.002774348066  0.008620179845  0.009351503265  0.006837136308  0.007688948361  0.010365795956  0.013491886952  0.007676141959  0.002282152519  0.001698263581  0.010283504992  0.010274699617  0.012916751879  0.008734378324  0.014464793695  0.008344894383  0.000000000000  0.001698263581  0.008551757591  0.000848293607  
piranga_ludoviciana_sdsu2648 0.007427642391  0.009303197733  0.000923251767  0.013082709418  0.013091254851  0.012192636739  0.009298558053  0.013119491313  0.009298558053  0.002774348066  0.000000000000  0.007531832386  0.008576846950  0.006056544869  0.007431751338  0.009725724422  0.014701960659  0.007423593894  0.002282152519  0.002774348066  0.010253600627  0.009303197733  0.013119491313  0.008368494109  0.014031784738  0.008344894383  0.001145689294  0.002774348066  0.008369466299  0.001847804083  
piranga_roseogularis_ku2049 0.007531832386  0.008620179845  0.006450983683  0.008620179845  0.008625720556  0.010823752516  0.011881374801  0.011894625521  0.009700850184  0.008620179845  0.007531832386  0.000000000000  0.008620179845  0.007531832386  0.007534214268  0.009708894261  0.014597464882  0.009699653079  0.010095310845  0.007534214268  0.007538465105  0.008620179845  0.008620179845  0.001070516963  0.009708894261  0.008333756378  0.008392347199  0.007534214268  0.008620179845  0.007534214268  
piranga_hepatica_ku4970 0.002784648872  0.000000000000  0.007465006127  0.008408564688  0.008415081476  0.007501438809  0.008560530410  0.006637756386  0.006520280230  0.009351503265  0.008576846950  0.008620179845  0.000000000000  0.004932308401  0.002786786412  0.000944432353  0.001508666920  0.006517103113  0.011518163450  0.009351503265  0.005591954043  0.000000000000  0.008432199564  0.008503908189  0.010299042868  0.004152209363  0.010410634508  0.009351503265  0.003719742199  0.008407220409  
piranga_hepatica_ku9084 0.003891729136  0.004869856911  0.004872771459  0.009790156487  0.010786515644  0.010790873330  0.012154312750  0.010055978009  0.009780580878  0.006837136308  0.006056544869  0.007531832386  0.004932308401  0.000000000000  0.007816613317  0.005849867573  0.008373761990  0.009776989972  0.008337611061  0.005853832451  0.008806368125  0.004869856911  0.008832295597  0.009022911662  0.011772723337  0.006933793059  0.006912705647  0.006837136308  0.008803368962  0.005853832451  
piranga_rubra_sdsu2654 0.007683509387  0.003400674917  0.006827866474  0.008552815148  0.008559077339  0.007723070478  0.005255480269  0.008785765444  0.003470023132  0.007688948361  0.007431751338  0.007534214268  0.002786786412  0.007816613317  0.000000000000  0.003744114851  0.006701456244  0.005105980183  0.010352794120  0.007688948361  0.005973598453  0.004254916048  0.009435604180  0.006977979795  0.008083795753  0.005545234868  0.009241494560  0.007688948361  0.000848293607  0.006827866474  
piranga_flava_lsu15408 0.003740986806  0.000932977604  0.008462558345  0.008463920195  0.007521152923  0.008503908189  0.009706842503  0.007740976351  0.007508479506  0.010365795956  0.009725724422  0.009708894261  0.000944432353  0.005849867573  0.003744114851  0.000000000000  0.001555604758  0.007504285011  0.012686698882  0.009413124426  0.006573873455  0.000932977604  0.008487867734  0.009641329277  0.011321692449  0.005545234868  0.011582961107  0.010365795956  0.004685258396  0.009413124426  
piranga_lutea_lsu5400 0.010751969806  0.001333623335  0.014864058237  0.013491886952  0.012124079345  0.010839381424  0.014849297761  0.009445531219  0.012517788541  0.013491886952  0.014701960659  0.014597464882  0.001508666920  0.008373761990  0.006701456244  0.001555604758  0.000000000000  0.012105670344  0.017655714014  0.014864058237  0.009401444763  0.002671394628  0.014909683917  0.013479180311  0.016087259878  0.005982000785  0.015531145625  0.014864058237  0.006701456244  0.013491886952  
piranga_olivacea_ku4672 0.009395076432  0.006817483252  0.006817483252  0.010266871096  0.010271235718  0.008580467618  0.003498837214  0.010546604612  0.005212439326  0.007676141959  0.007423593894  0.009699653079  0.006517103113  0.009776989972  0.005105980183  0.007504285011  0.012105670344  0.000000000000  0.010335888369  0.007676141959  0.007682694669  0.007676141959  0.011157026730  0.008727433234  0.011703664322  0.009720998192  0.009222445953  0.007676141959  0.005962023941  0.006817483252  
piranga_ludoviciana_sdsu2208 0.010345027308  0.011518163450  0.002282152519  0.013846181374  0.015019594783  0.015112687349  0.012667359302  0.016258291309  0.012667359302  0.002282152519  0.002282152519  0.010095310845  0.011518163450  0.008337611061  0.010352794120  0.012686698882  0.017655714014  0.010335888369  0.000000000000  0.002282152519  0.013846181374  0.011518163450  0.012730750260  0.011501799684  0.017361442431  0.009738291302  0.002405680612  0.003427261298  0.010352794120  0.002282152519  
piranga_bidentata_itm160 0.010267987325  0.009409233878  0.002549916559  0.012883467181  0.012892667692  0.012064578817  0.009676317050  0.013235907989  0.009600309004  0.001698263581  0.002774348066  0.007534214268  0.009351503265  0.005853832451  0.007688948361  0.009413124426  0.014864058237  0.007676141959  0.002282152519  0.000000000000  0.010283504992  0.010274699617  0.012916751879  0.008734378324  0.014464793695  0.008344894383  0.000000000000  0.001698263581  0.008551757591  0.000848293607  
piranga_leucoptera_fmnh481795 0.008547725861  0.005969768201  0.009417289573  0.004258540020  0.004261928026  0.006868904763  0.009684836749  0.007912016183  0.007846621079  0.010283504992  0.010253600627  0.007538465105  0.005591954043  0.008806368125  0.005973598453  0.006573873455  0.009401444763  0.007682694669  0.013846181374  0.010283504992  0.000000000000  0.006829061383  0.005125289158  0.006103821074  0.006279028774  0.002763680966  0.011571479132  0.010283504992  0.006833699038  0.009417289573  
piranga_lutea_ku89864 0.006819774867  0.000848293607  0.009409233878  0.009411384656  0.009417289573  0.008584415400  0.009676317050  0.007894803463  0.006962219221  0.010274699617  0.009303197733  0.008620179845  0.000000000000  0.004869856911  0.004254916048  0.000932977604  0.002671394628  0.007676141959  0.011518163450  0.010274699617  0.006829061383  0.000000000000  0.010297679101  0.009617096303  0.010804207063  0.004152209363  0.010410634508  0.010274699617  0.005110857158  0.009409233878  
piranga_rubriceps_lsu34818 0.012030555222  0.009430851647  0.012043819987  0.000850970984  0.005985081055  0.010356608751  0.013278750683  0.011488631015  0.011395867282  0.012916751879  0.013119491313  0.008620179845  0.008432199564  0.008832295597  0.009435604180  0.008487867734  0.014909683917  0.011157026730  0.012730750260  0.012916751879  0.005125289158  0.010297679101  0.000000000000  0.008757325866  0.008100884625  0.002763680966  0.011611790950  0.012916751879  0.010303253264  0.012043819987  
piranga_roseogularis_ku2141 0.009612158411  0.008734378324  0.007853468237  0.008739693111  0.008746232629  0.009674044611  0.010569799758  0.010573470824  0.008917133057  0.008734378324  0.008368494109  0.001070516963  0.008503908189  0.009022911662  0.006977979795  0.009641329277  0.013479180311  0.008727433234  0.011501799684  0.008734378324  0.006103821074  0.009617096303  0.008757325866  0.000000000000  0.010128342934  0.006942786704  0.009226651893  0.008734378324  0.007857934468  0.007853468237  
piranga_erythrocephala_fmnh343371 0.011716437134  0.010804207063  0.012630606082  0.007178344888  0.007183470282  0.011788578410  0.012068125521  0.013015935315  0.009888680173  0.014464793695  0.014031784738  0.009708894261  0.010299042868  0.011772723337  0.008083795753  0.011321692449  0.016087259878  0.011703664322  0.017361442431  0.014464793695  0.006279028774  0.010804207063  0.008100884625  0.010128342934  0.000000000000  0.004147462865  0.013910387871  0.014464793695  0.008991156754  0.013546722165  
piranga_erythrocephala_fmnh343370 0.006933793059  0.004152209363  0.008344894383  0.002763680966  0.002763680966  0.006953077907  0.012546650102  0.008333756378  0.009728091370  0.008344894383  0.008344894383  0.008333756378  0.004152209363  0.006933793059  0.005545234868  0.005545234868  0.005982000785  0.009720998192  0.009738291302  0.008344894383  0.002763680966  0.004152209363  0.002763680966  0.006942786704  0.004147462865  0.000000000000  0.008344894383  0.008344894383  0.005545234868  0.008344894383  
piranga_ludoviciana_sdsu2650 0.009233003411  0.010410634508  0.001145689294  0.012734663584  0.011571479132  0.015124448339  0.011562144419  0.016271522243  0.011562144419  0.000000000000  0.001145689294  0.008392347199  0.010410634508  0.006912705647  0.009241494560  0.011582961107  0.015531145625  0.009222445953  0.002405680612  0.000000000000  0.011571479132  0.010410634508  0.011611790950  0.009226651893  0.013910387871  0.008344894383  0.000000000000  0.001145689294  0.010410634508  0.000000000000  
piranga_bidentata_tepe59 0.010267987325  0.009409233878  0.002549916559  0.012883467181  0.012892667692  0.012064578817  0.009676317050  0.013235907989  0.009600309004  0.001698263581  0.002774348066  0.007534214268  0.009351503265  0.006837136308  0.007688948361  0.010365795956  0.014864058237  0.007676141959  0.003427261298  0.001698263581  0.010283504992  0.010274699617  0.012916751879  0.008734378324  0.014464793695  0.008344894383  0.001145689294  0.000000000000  0.008551757591  0.000848293607  
piranga_rubra_sdsu2635 0.008545506124  0.004254916048  0.007688948361  0.009417289573  0.009424368937  0.008589548624  0.006137258399  0.009674044611  0.004341314195  0.008551757591  0.008369466299  0.008620179845  0.003719742199  0.008803368962  0.000848293607  0.004685258396  0.006701456244  0.005962023941  0.010352794120  0.008551757591  0.006833699038  0.005110857158  0.010303253264  0.007857934468  0.008991156754  0.005545234868  0.010410634508  0.008551757591  0.000000000000  0.007688948361  
piranga_bidentata_itm141 0.009403339088  0.008545506124  0.001698263581  0.012012815349  0.012021186961  0.011191894492  0.008788110819  0.012341105237  0.008719146660  0.000848293607  0.001847804083  0.007534214268  0.008407220409  0.005853832451  0.006827866474  0.009413124426  0.013491886952  0.006817483252  0.002282152519  0.000848293607  0.009417289573  0.009409233878  0.012043819987  0.007853468237  0.013546722165  0.008344894383  0.000000000000  0.000848293607  0.007688948361  0.000000000000  

