30
piranga_rubra_ku26592 0.000000000000  0.005427064136  0.004064132727  0.013665056987  0.013673254924  0.010905653276  0.006503588269  0.009528545060  0.006125145874  0.006794356318  0.004317560010  0.007975722292  0.006794356318  0.007685724369  0.006789716811  0.005138427474  0.002707614958  0.005427064136  0.006964914055  0.005427064136  0.010905653276  0.005427064136  0.013665056987  0.009542135251  0.013665056987  0.007157143676  0.000000000000  0.005768280386  0.005424111601  0.006794356318  
piranga_flava_ku90809 0.005427064136  0.000000000000  0.004597447295  0.011559321825  0.012028472452  0.013927283731  0.004004458666  0.011140579978  0.005093526219  0.004597447295  0.005038663161  0.004698633770  0.004597447295  0.005756355394  0.008067882152  0.000000000000  0.005751030552  0.004600615517  0.005213014483  0.006909864925  0.010403500426  0.000000000000  0.012726897071  0.008137536891  0.012741639669  0.007168799839  0.000000000000  0.004842335617  0.006907115384  0.005751030552  
piranga_ludoviciana_sdsu2385 0.004064132727  0.004597447295  0.000000000000  0.013899904339  0.012022138609  0.015117044623  0.006689787484  0.012401418050  0.005088752441  0.004601342701  0.001674873586  0.006276396019  0.002294478297  0.003829767803  0.005751030552  0.002565228652  0.003443662470  0.005760985937  0.008724025215  0.004597447295  0.012741639669  0.004597447295  0.013904607496  0.010483713590  0.013920738673  0.004765812885  0.000000000000  0.004839986364  0.005751030552  0.005754355695  
piranga_rubriceps_lsu265 0.013665056987  0.011559321825  0.013899904339  0.000000000000  0.008387332729  0.015089878535  0.010739927789  0.011132105636  0.014101263920  0.013899904339  0.011827036375  0.012607161050  0.011557100793  0.009622102823  0.012726897071  0.012956983661  0.015072022139  0.012726897071  0.015791666085  0.011559321825  0.005751030552  0.011559321825  0.001144085960  0.010483713590  0.008067882152  0.004748063520  0.009568454693  0.014646421181  0.011563364212  0.010391488098  
piranga_leucoptera_lsu7783 0.013673254924  0.012028472452  0.012022138609  0.008387332729  0.000000000000  0.015694748186  0.011250564166  0.012394847305  0.014740793897  0.014464525735  0.010720737177  0.012616879352  0.009593631272  0.005753789763  0.015676109964  0.007742348984  0.015682552656  0.013225665552  0.014024993576  0.013241587289  0.004772997627  0.012028472452  0.009591399226  0.012036760314  0.007174259719  0.000000000000  0.004765812885  0.013982220524  0.014464525735  0.012022138609  
cardinalis_cardinalis_ku25393 0.010905653276  0.013927283731  0.015117044623  0.015089878535  0.015694748186  0.000000000000  0.014860286927  0.001225746448  0.018055879744  0.015117044623  0.015294176220  0.011020087651  0.012757517677  0.003830549853  0.016281750523  0.005145948897  0.016290816459  0.011576885069  0.012246748529  0.015107416064  0.013911137274  0.013927283731  0.013919486675  0.015231329627  0.013919486675  0.004748063520  0.002376262750  0.017159928104  0.013935652652  0.013927283731  
piranga_olivacea_ku2699 0.006503588269  0.004004458666  0.006689787484  0.010739927789  0.011250564166  0.014860286927  0.000000000000  0.011652252786  0.004004458666  0.004003219659  0.005040526408  0.004796290836  0.006689787484  0.003829767803  0.008034413624  0.002565228652  0.005343942757  0.001333226458  0.003955255570  0.006687704482  0.010754365896  0.004004458666  0.012095320688  0.008121820638  0.013475322421  0.004765812885  0.000000000000  0.006689787484  0.004003219659  0.008035704983  
cardinalis_cardinalis_ku21828 0.009528545060  0.011140579978  0.012401418050  0.011132105636  0.012394847305  0.001225746448  0.011652252786  0.000000000000  0.015241605891  0.012401418050  0.011229336902  0.009429240309  0.009894045085  0.003830549853  0.013646399839  0.005145948897  0.013652476932  0.008639736992  0.010475872475  0.011145892596  0.009881823289  0.011140579978  0.009887777694  0.011145892596  0.009887777694  0.004748063520  0.002376262750  0.014434353843  0.011145892596  0.009894045085  
piranga_rubra_ku7046 0.006125145874  0.005093526219  0.005088752441  0.014101263920  0.014740793897  0.018055879744  0.004004458666  0.015241605891  0.000000000000  0.005088752441  0.003355036882  0.007860005062  0.007655484848  0.005756355394  0.006364229120  0.002565228652  0.003810022404  0.005092632919  0.007389530444  0.005086157389  0.014119365073  0.005093526219  0.015398232151  0.011628870778  0.014115102318  0.004765812885  0.002376262750  0.005088752441  0.005085750339  0.008937587970  
piranga_bidentata_hgoslp104 0.006794356318  0.004597447295  0.004601342701  0.013899904339  0.014464525735  0.015117044623  0.004003219659  0.012401418050  0.005088752441  0.000000000000  0.001674873586  0.006276396019  0.004601342701  0.003829767803  0.005751030552  0.002565228652  0.003443662470  0.003447619966  0.001730615271  0.004597447295  0.012741639669  0.004597447295  0.013904607496  0.010483713590  0.013920738673  0.004765812885  0.000000000000  0.004839986364  0.005751030552  0.003443662470  
piranga_ludoviciana_sdsu2648 0.004317560010  0.005038663161  0.001674873586  0.011827036375  0.010720737177  0.015294176220  0.005040526408  0.011229336902  0.003355036882  0.001674873586  0.000000000000  0.000000000000  0.003354437562  0.002160625283  0.006728234689  0.002565228652  0.003355036882  0.005047140162  0.000000000000  0.001675521229  0.010138827932  0.005038663161  0.011831723964  0.005098607264  0.008440170375  0.005067713384  0.000000000000  0.005040526408  0.006728234689  0.001675521229  
piranga_roseogularis_ku2049 0.007975722292  0.004698633770  0.006276396019  0.012607161050  0.012616879352  0.011020087651  0.004796290836  0.009429240309  0.007860005062  0.006276396019  0.000000000000  0.000000000000  0.006276396019  0.003829767803  0.009437712332  0.002565228652  0.007850492392  0.004698633770  0.009706331197  0.007860005062  0.011020087651  0.004698633770  0.012607161050  0.003126675301  0.014207624086  0.004765812885  0.000000000000  0.007850492392  0.007850492392  0.006276396019  
piranga_hepatica_ku4970 0.006794356318  0.004597447295  0.002294478297  0.011557100793  0.009593631272  0.012757517677  0.006689787484  0.009894045085  0.007655484848  0.004601342701  0.003354437562  0.006276396019  0.000000000000  0.001911826955  0.005751030552  0.005145948897  0.005754355695  0.005760985937  0.008724025215  0.004597447295  0.010402507992  0.004597447295  0.011559321825  0.008133503624  0.011572699583  0.002376262750  0.002376262750  0.007278700195  0.008071850309  0.003443662470  
piranga_hepatica_ku9084 0.007685724369  0.005756355394  0.003829767803  0.009622102823  0.005753789763  0.003830549853  0.003829767803  0.003830549853  0.005756355394  0.003829767803  0.002160625283  0.003829767803  0.001911826955  0.000000000000  0.003830549853  0.005145948897  0.005753789763  0.003829767803  0.004851727589  0.001911826955  0.005753789763  0.005756355394  0.009622102823  0.003829767803  0.007685724369  0.004759362469  0.004851727589  0.005753789763  0.005753789763  0.001911826955  
piranga_rubra_sdsu2654 0.006789716811  0.008067882152  0.005751030552  0.012726897071  0.015676109964  0.016281750523  0.008034413624  0.013646399839  0.006364229120  0.005751030552  0.006728234689  0.009437712332  0.005751030552  0.003830549853  0.000000000000  0.007728751138  0.004594998103  0.006915076028  0.008712304592  0.003443613749  0.013912117281  0.008067882152  0.012730355762  0.011653620962  0.015089517792  0.004759362469  0.004759362469  0.008496482551  0.004595330149  0.006907115384  
piranga_flava_lsu15408 0.005138427474  0.000000000000  0.002565228652  0.012956983661  0.007742348984  0.005145948897  0.002565228652  0.005145948897  0.002565228652  0.002565228652  0.002565228652  0.002565228652  0.005145948897  0.005145948897  0.007728751138  0.000000000000  0.005138427474  0.002565228652  0.000000000000  0.005145948897  0.007742348984  0.000000000000  0.012956983661  0.005145948897  0.007742348984  0.007947461477  0.000000000000  0.002565228652  0.005138427474  0.005145948897  
piranga_lutea_lsu5400 0.002707614958  0.005751030552  0.003443662470  0.015072022139  0.015682552656  0.016290816459  0.005343942757  0.013652476932  0.003810022404  0.003443662470  0.003355036882  0.007850492392  0.005754355695  0.005753789763  0.004594998103  0.005138427474  0.000000000000  0.004600615517  0.005213014483  0.003442746809  0.013913148311  0.005751030552  0.015076140274  0.011657730083  0.015093645596  0.007157143676  0.000000000000  0.006055897141  0.004594998103  0.006909864925  
piranga_olivacea_ku4672 0.005427064136  0.004600615517  0.005760985937  0.012726897071  0.013225665552  0.011576885069  0.001333226458  0.008639736992  0.005092632919  0.003447619966  0.005047140162  0.004698633770  0.005760985937  0.003829767803  0.006915076028  0.002565228652  0.004600615517  0.000000000000  0.003468267612  0.005757653110  0.011557100793  0.004600615517  0.011559321825  0.008147008064  0.011559321825  0.007140109110  0.000000000000  0.007284481364  0.002295616308  0.006917831938  
piranga_ludoviciana_sdsu2208 0.006964914055  0.005213014483  0.008724025215  0.015791666085  0.014024993576  0.012246748529  0.003955255570  0.010475872475  0.007389530444  0.001730615271  0.000000000000  0.009706331197  0.008724025215  0.004851727589  0.008712304592  0.000000000000  0.005213014483  0.003468267612  0.000000000000  0.006964914055  0.012246748529  0.005213014483  0.015791666085  0.012264121509  0.015791666085  0.005309897715  0.000000000000  0.006955984810  0.006955984810  0.005213014483  
piranga_bidentata_itm160 0.005427064136  0.006909864925  0.004597447295  0.011559321825  0.013241587289  0.015107416064  0.006687704482  0.011145892596  0.005086157389  0.004597447295  0.001675521229  0.007860005062  0.004597447295  0.001911826955  0.003443613749  0.005145948897  0.003442746809  0.005757653110  0.006964914055  0.000000000000  0.010403500426  0.006909864925  0.011563364212  0.008137536891  0.011576751404  0.002376262750  0.002376262750  0.007275648012  0.005749493031  0.003446353883  
piranga_leucoptera_fmnh481795 0.010905653276  0.010403500426  0.012741639669  0.005751030552  0.004772997627  0.013911137274  0.010754365896  0.009881823289  0.014119365073  0.012741639669  0.010138827932  0.011020087651  0.010402507992  0.005753789763  0.013912117281  0.007742348984  0.013913148311  0.011557100793  0.012246748529  0.010403500426  0.000000000000  0.010403500426  0.006907115384  0.009317833382  0.004594998103  0.000000000000  0.004765812885  0.013425945220  0.012741639669  0.009237491472  
piranga_lutea_ku89864 0.005427064136  0.000000000000  0.004597447295  0.011559321825  0.012028472452  0.013927283731  0.004004458666  0.011140579978  0.005093526219  0.004597447295  0.005038663161  0.004698633770  0.004597447295  0.005756355394  0.008067882152  0.000000000000  0.005751030552  0.004600615517  0.005213014483  0.006909864925  0.010403500426  0.000000000000  0.012726897071  0.008137536891  0.012741639669  0.007168799839  0.000000000000  0.004842335617  0.006907115384  0.005751030552  
piranga_rubriceps_lsu34818 0.013665056987  0.012726897071  0.013904607496  0.001144085960  0.009591399226  0.013919486675  0.012095320688  0.009887777694  0.015398232151  0.013904607496  0.011831723964  0.012607161050  0.011559321825  0.009622102823  0.012730355762  0.012956983661  0.015076140274  0.011559321825  0.015791666085  0.011563364212  0.006907115384  0.012726897071  0.000000000000  0.011657730083  0.006909864925  0.004748063520  0.009568454693  0.015882276976  0.010398917590  0.010394296978  
piranga_roseogularis_ku2141 0.009542135251  0.008137536891  0.010483713590  0.010483713590  0.012036760314  0.015231329627  0.008121820638  0.011145892596  0.011628870778  0.010483713590  0.005098607264  0.003126675301  0.008133503624  0.003829767803  0.011653620962  0.005145948897  0.011657730083  0.008147008064  0.012264121509  0.008137536891  0.009317833382  0.008137536891  0.011657730083  0.000000000000  0.011671336804  0.002376262750  0.004765812885  0.011050094894  0.010483713590  0.006966022522  
piranga_erythrocephala_fmnh343371 0.013665056987  0.012741639669  0.013920738673  0.008067882152  0.007174259719  0.013919486675  0.013475322421  0.009887777694  0.014115102318  0.013920738673  0.008440170375  0.014207624086  0.011572699583  0.007685724369  0.015089517792  0.007742348984  0.015093645596  0.011559321825  0.015791666085  0.011576751404  0.004594998103  0.012741639669  0.006909864925  0.011671336804  0.000000000000  0.000000000000  0.007168799839  0.015901705629  0.012745106449  0.010406315852  
piranga_erythrocephala_fmnh343370 0.007157143676  0.007168799839  0.004765812885  0.004748063520  0.000000000000  0.004748063520  0.004765812885  0.004748063520  0.004765812885  0.004765812885  0.005067713384  0.004765812885  0.002376262750  0.004759362469  0.004759362469  0.007947461477  0.007157143676  0.007140109110  0.005309897715  0.002376262750  0.000000000000  0.007168799839  0.004748063520  0.002376262750  0.000000000000  0.000000000000  0.005309897715  0.007157143676  0.007157143676  0.002376262750  
piranga_ludoviciana_sdsu2650 0.000000000000  0.000000000000  0.000000000000  0.009568454693  0.004765812885  0.002376262750  0.000000000000  0.002376262750  0.002376262750  0.000000000000  0.000000000000  0.000000000000  0.002376262750  0.004851727589  0.004759362469  0.000000000000  0.000000000000  0.000000000000  0.000000000000  0.002376262750  0.004765812885  0.000000000000  0.009568454693  0.004765812885  0.007168799839  0.005309897715  0.000000000000  0.002374960089  0.002374960089  0.002376262750  
piranga_bidentata_tepe59 0.005768280386  0.004842335617  0.004839986364  0.014646421181  0.013982220524  0.017159928104  0.006689787484  0.014434353843  0.005088752441  0.004839986364  0.005040526408  0.007850492392  0.007278700195  0.005753789763  0.008496482551  0.002565228652  0.006055897141  0.007284481364  0.006955984810  0.007275648012  0.013425945220  0.004842335617  0.015882276976  0.011050094894  0.015901705629  0.007157143676  0.002374960089  0.000000000000  0.007274590595  0.006055897141  
piranga_rubra_sdsu2635 0.005424111601  0.006907115384  0.005751030552  0.011563364212  0.014464525735  0.013935652652  0.004003219659  0.011145892596  0.005085750339  0.005751030552  0.006728234689  0.007850492392  0.008071850309  0.005753789763  0.004595330149  0.005138427474  0.004594998103  0.002295616308  0.006955984810  0.005749493031  0.012741639669  0.006907115384  0.010398917590  0.010483713590  0.012745106449  0.007157143676  0.002374960089  0.007274590595  0.000000000000  0.009231810465  
piranga_bidentata_itm141 0.006794356318  0.005751030552  0.005754355695  0.010391488098  0.012022138609  0.013927283731  0.008035704983  0.009894045085  0.008937587970  0.003443662470  0.001675521229  0.006276396019  0.003443662470  0.001911826955  0.006907115384  0.005145948897  0.006909864925  0.006917831938  0.005213014483  0.003446353883  0.009237491472  0.005751030552  0.010394296978  0.006966022522  0.010406315852  0.002376262750  0.002376262750  0.006055897141  0.009231810465  0.000000000000  

