30
cardinalis_cardinalis_ku21828 0.000000000000  0.002504668356  0.007542238012  0.007542238012  0.005523216255  0.005523216255  0.007540679622  0.005018722786  0.005018722786  0.005018722786  0.006028251108  0.007037839264  0.006028251108  0.008053827676  0.011096594180  0.006028251108  0.005018722786  0.006532005994  0.007036148612  0.008553916568  0.008553916568  0.008556052434  0.008051139771  0.008558609356  0.010080880795  0.010080880795  0.010080880795  0.010080880795  0.011603322468  0.006536070035  
cardinalis_cardinalis_ku25393 0.002504668356  0.000000000000  0.008048872227  0.008048872227  0.006028251108  0.006028251108  0.008047025411  0.005523216255  0.005523216255  0.005523216255  0.006533828507  0.007544216799  0.006533828507  0.008561586971  0.011606782380  0.006533828507  0.005523216255  0.007037839264  0.007542238012  0.009061354270  0.009061354270  0.009063779809  0.008558609356  0.009066626735  0.010590256783  0.010590256783  0.010590256783  0.010590256783  0.012113771228  0.007042479319  
piranga_rubriceps_lsu265 0.007542238012  0.008048872227  0.000000000000  0.000000000000  0.004011355365  0.004011355365  0.006024902765  0.003508479105  0.003508479105  0.003508479105  0.004514769541  0.005521967577  0.004514769541  0.006533828507  0.009569339696  0.004514769541  0.003508479105  0.005017760103  0.005521137625  0.007034878030  0.007034878030  0.007036148612  0.006532005994  0.007037839264  0.008556052434  0.008556052434  0.008556052434  0.008556052434  0.010075289682  0.005020103505  
piranga_rubriceps_lsu34818 0.007542238012  0.008048872227  0.000000000000  0.000000000000  0.004011355365  0.004011355365  0.006024902765  0.003508479105  0.003508479105  0.003508479105  0.004514769541  0.005521967577  0.004514769541  0.006533828507  0.009569339696  0.004514769541  0.003508479105  0.005017760103  0.005521137625  0.007034878030  0.007034878030  0.007036148612  0.006532005994  0.007037839264  0.008556052434  0.008556052434  0.008556052434  0.008556052434  0.010075289682  0.005020103505  
piranga_leucoptera_fmnh481795 0.005523216255  0.006028251108  0.004011355365  0.004011355365  0.000000000000  0.000000000000  0.002002741962  0.001501532810  0.001501532810  0.001501532810  0.002504668356  0.003509004534  0.002504668356  0.004517376914  0.007544216799  0.002504668356  0.001501532810  0.003006381162  0.003508479105  0.005017760103  0.005017760103  0.005018722786  0.004515864553  0.005020103505  0.006533828507  0.006533828507  0.006533828507  0.006533828507  0.008048872227  0.003008113045  
piranga_flava_lsu15408 0.005523216255  0.006028251108  0.004011355365  0.004011355365  0.000000000000  0.000000000000  0.002002741962  0.001501532810  0.001501532810  0.001501532810  0.002504668356  0.003509004534  0.002504668356  0.004517376914  0.007544216799  0.002504668356  0.001501532810  0.003006381162  0.003508479105  0.005017760103  0.005017760103  0.005018722786  0.004515864553  0.005020103505  0.006533828507  0.006533828507  0.006533828507  0.006533828507  0.008048872227  0.003008113045  
piranga_leucoptera_lsu7783 0.007540679622  0.008047025411  0.006024902765  0.006024902765  0.002002741962  0.002002741962  0.000000000000  0.003508370745  0.003508370745  0.003508370745  0.004514092242  0.005521137625  0.004514092242  0.006532005994  0.009567045942  0.004514092242  0.003508370745  0.005017215823  0.005520726767  0.007034027885  0.007034027885  0.007034878030  0.006530602859  0.007036148612  0.008553916568  0.008553916568  0.008553916568  0.008553916568  0.010073128115  0.005018722786  
piranga_bidentata_tepe59 0.005018722786  0.005523216255  0.003508479105  0.003508479105  0.001501532810  0.001501532810  0.003508370745  0.000000000000  0.000000000000  0.000000000000  0.001001063932  0.002003340035  0.001001063932  0.003009602654  0.006030205083  0.001001063932  0.000000000000  0.001501756830  0.003006139613  0.004514092242  0.004514092242  0.004514769541  0.004012165280  0.004515864553  0.006028251108  0.006028251108  0.006028251108  0.006028251108  0.007542238012  0.002505458393  
piranga_ludoviciana_sdsu2385 0.005018722786  0.005523216255  0.003508479105  0.003508479105  0.001501532810  0.001501532810  0.003508370745  0.000000000000  0.000000000000  0.000000000000  0.001001063932  0.002003340035  0.001001063932  0.003009602654  0.006030205083  0.001001063932  0.000000000000  0.001501756830  0.003006139613  0.004514092242  0.004514092242  0.004514769541  0.004012165280  0.004515864553  0.006028251108  0.006028251108  0.006028251108  0.006028251108  0.007542238012  0.002505458393  
piranga_bidentata_itm160 0.005018722786  0.005523216255  0.003508479105  0.003508479105  0.001501532810  0.001501532810  0.003508370745  0.000000000000  0.000000000000  0.000000000000  0.001001063932  0.002003340035  0.001001063932  0.003009602654  0.006030205083  0.001001063932  0.000000000000  0.001501756830  0.003006139613  0.004514092242  0.004514092242  0.004514769541  0.004012165280  0.004515864553  0.006028251108  0.006028251108  0.006028251108  0.006028251108  0.007542238012  0.002505458393  
piranga_ludoviciana_sdsu2650 0.006028251108  0.006533828507  0.004514769541  0.004514769541  0.002504668356  0.002504668356  0.004514092242  0.001001063932  0.001001063932  0.001001063932  0.000000000000  0.001000707638  0.000000000000  0.002004261778  0.005020103505  0.000000000000  0.001001063932  0.002505458393  0.004011355365  0.005521967577  0.005521967577  0.005523216255  0.005020103505  0.005524883294  0.007039949621  0.007039949621  0.007039949621  0.007039949621  0.008556052434  0.003511305140  
piranga_ludoviciana_sdsu2648 0.007037839264  0.007544216799  0.005521967577  0.005521967577  0.003509004534  0.003509004534  0.005521137625  0.002003340035  0.002003340035  0.002003340035  0.001000707638  0.000000000000  0.001000707638  0.003008113045  0.006028251108  0.001000707638  0.002003340035  0.003509946666  0.005017760103  0.006530602859  0.006530602859  0.006532005994  0.006028251108  0.006533828507  0.008051139771  0.008051139771  0.008051139771  0.008051139771  0.009569339696  0.004517376914  
piranga_ludoviciana_sdsu2208 0.006028251108  0.006533828507  0.004514769541  0.004514769541  0.002504668356  0.002504668356  0.004514092242  0.001001063932  0.001001063932  0.001001063932  0.000000000000  0.001000707638  0.000000000000  0.002004261778  0.005020103505  0.000000000000  0.001001063932  0.002505458393  0.004011355365  0.005521967577  0.005521967577  0.005523216255  0.005020103505  0.005524883294  0.007039949621  0.007039949621  0.007039949621  0.007039949621  0.008556052434  0.003511305140  
piranga_erythrocephala_fmnh343370 0.008053827676  0.008561586971  0.006533828507  0.006533828507  0.004517376914  0.004517376914  0.006532005994  0.003009602654  0.003009602654  0.003009602654  0.002004261778  0.003008113045  0.002004261778  0.000000000000  0.003006381162  0.002004261778  0.003009602654  0.004519306263  0.006028251108  0.007544216799  0.007544216799  0.007546615619  0.007042479319  0.007549434110  0.009069894685  0.009069894685  0.009069894685  0.009069894685  0.010590256783  0.005529471008  
piranga_erythrocephala_fmnh343371 0.011096594180  0.011606782380  0.009569339696  0.009569339696  0.007544216799  0.007544216799  0.009567045942  0.006030205083  0.006030205083  0.006030205083  0.005020103505  0.006028251108  0.005020103505  0.003006381162  0.000000000000  0.005020103505  0.006030205083  0.007546615619  0.009061354270  0.010584082890  0.010584082890  0.010586958462  0.010080880795  0.010590256783  0.012117524262  0.012117524262  0.012117524262  0.012117524262  0.013644236723  0.008561586971  
piranga_olivacea_ku4672 0.006028251108  0.006533828507  0.004514769541  0.004514769541  0.002504668356  0.002504668356  0.004514092242  0.001001063932  0.001001063932  0.001001063932  0.000000000000  0.001000707638  0.000000000000  0.002004261778  0.005020103505  0.000000000000  0.001001063932  0.002505458393  0.004011355365  0.005521967577  0.005521967577  0.005523216255  0.005020103505  0.005524883294  0.007039949621  0.007039949621  0.007039949621  0.007039949621  0.008556052434  0.003511305140  
piranga_olivacea_ku2699 0.005018722786  0.005523216255  0.003508479105  0.003508479105  0.001501532810  0.001501532810  0.003508370745  0.000000000000  0.000000000000  0.000000000000  0.001001063932  0.002003340035  0.001001063932  0.003009602654  0.006030205083  0.001001063932  0.000000000000  0.001501756830  0.003006139613  0.004514092242  0.004514092242  0.004514769541  0.004012165280  0.004515864553  0.006028251108  0.006028251108  0.006028251108  0.006028251108  0.007542238012  0.002505458393  
piranga_bidentata_itm141 0.006532005994  0.007037839264  0.005017760103  0.005017760103  0.003006381162  0.003006381162  0.005017215823  0.001501756830  0.001501756830  0.001501756830  0.002505458393  0.003509946666  0.002505458393  0.004519306263  0.007546615619  0.002505458393  0.001501756830  0.000000000000  0.004514092242  0.006025599584  0.006025599584  0.006026715820  0.005523216255  0.006028251108  0.007544216799  0.007544216799  0.007544216799  0.007544216799  0.009061354270  0.004013392222  
piranga_roseogularis_ku2141 0.007036148612  0.007542238012  0.005521137625  0.005521137625  0.003508479105  0.003508479105  0.005520726767  0.003006139613  0.003006139613  0.003006139613  0.004011355365  0.005017760103  0.004011355365  0.006028251108  0.009061354270  0.004011355365  0.003006139613  0.004514092242  0.000000000000  0.003509004534  0.003509004534  0.006530602859  0.006026715820  0.006532005994  0.008048872227  0.008048872227  0.008048872227  0.008048872227  0.009567045942  0.004515864553  
piranga_roseogularis_ku2049 0.008553916568  0.009061354270  0.007034878030  0.007034878030  0.005017760103  0.005017760103  0.007034027885  0.004514092242  0.004514092242  0.004514092242  0.005521967577  0.006530602859  0.005521967577  0.007544216799  0.010584082890  0.005521967577  0.004514092242  0.006025599584  0.003509004534  0.000000000000  0.005018722786  0.007034878030  0.006530602859  0.007036148612  0.008553916568  0.008553916568  0.008553916568  0.008553916568  0.010073128115  0.005018722786  
piranga_bidentata_hgoslp104 0.008553916568  0.009061354270  0.007034878030  0.007034878030  0.005017760103  0.005017760103  0.007034027885  0.004514092242  0.004514092242  0.004514092242  0.005521967577  0.006530602859  0.005521967577  0.007544216799  0.010584082890  0.005521967577  0.004514092242  0.006025599584  0.003509004534  0.005018722786  0.000000000000  0.008047025411  0.007542238012  0.008048872227  0.009569339696  0.009569339696  0.009569339696  0.009569339696  0.011090682777  0.006028251108  
piranga_rubra_sdsu2635 0.008556052434  0.009063779809  0.007036148612  0.007036148612  0.005018722786  0.005018722786  0.007034878030  0.004514769541  0.004514769541  0.004514769541  0.005523216255  0.006532005994  0.005523216255  0.007546615619  0.010586958462  0.005523216255  0.004514769541  0.006026715820  0.006530602859  0.007034878030  0.008047025411  0.000000000000  0.000500191323  0.004010962840  0.005521137625  0.005521137625  0.005521137625  0.005521137625  0.007034027885  0.002002741962  
piranga_rubra_sdsu2654 0.008051139771  0.008558609356  0.006532005994  0.006532005994  0.004515864553  0.004515864553  0.006530602859  0.004012165280  0.004012165280  0.004012165280  0.005020103505  0.006028251108  0.005020103505  0.007042479319  0.010080880795  0.005020103505  0.004012165280  0.005523216255  0.006026715820  0.006530602859  0.007542238012  0.000500191323  0.000000000000  0.003508479105  0.005017760103  0.005017760103  0.005017760103  0.005017760103  0.006529619466  0.001501532810  
piranga_rubra_ku7046 0.008558609356  0.009066626735  0.007037839264  0.007037839264  0.005020103505  0.005020103505  0.007036148612  0.004515864553  0.004515864553  0.004515864553  0.005524883294  0.006533828507  0.005524883294  0.007549434110  0.010590256783  0.005524883294  0.004515864553  0.006028251108  0.006532005994  0.007036148612  0.008048872227  0.004010962840  0.003508479105  0.000000000000  0.005521967577  0.005521967577  0.005521967577  0.005521967577  0.007034878030  0.002002833309  
piranga_lutea_ku89864 0.010080880795  0.010590256783  0.008556052434  0.008556052434  0.006533828507  0.006533828507  0.008553916568  0.006028251108  0.006028251108  0.006028251108  0.007039949621  0.008051139771  0.007039949621  0.009069894685  0.012117524262  0.007039949621  0.006028251108  0.007544216799  0.008048872227  0.008553916568  0.009569339696  0.005521137625  0.005017760103  0.005521967577  0.000000000000  0.000000000000  0.000000000000  0.000000000000  0.001501532810  0.003509004534  
piranga_hepatica_ku4970 0.010080880795  0.010590256783  0.008556052434  0.008556052434  0.006533828507  0.006533828507  0.008553916568  0.006028251108  0.006028251108  0.006028251108  0.007039949621  0.008051139771  0.007039949621  0.009069894685  0.012117524262  0.007039949621  0.006028251108  0.007544216799  0.008048872227  0.008553916568  0.009569339696  0.005521137625  0.005017760103  0.005521967577  0.000000000000  0.000000000000  0.000000000000  0.000000000000  0.001501532810  0.003509004534  
piranga_lutea_lsu5400 0.010080880795  0.010590256783  0.008556052434  0.008556052434  0.006533828507  0.006533828507  0.008553916568  0.006028251108  0.006028251108  0.006028251108  0.007039949621  0.008051139771  0.007039949621  0.009069894685  0.012117524262  0.007039949621  0.006028251108  0.007544216799  0.008048872227  0.008553916568  0.009569339696  0.005521137625  0.005017760103  0.005521967577  0.000000000000  0.000000000000  0.000000000000  0.000000000000  0.001501532810  0.003509004534  
piranga_hepatica_ku9084 0.010080880795  0.010590256783  0.008556052434  0.008556052434  0.006533828507  0.006533828507  0.008553916568  0.006028251108  0.006028251108  0.006028251108  0.007039949621  0.008051139771  0.007039949621  0.009069894685  0.012117524262  0.007039949621  0.006028251108  0.007544216799  0.008048872227  0.008553916568  0.009569339696  0.005521137625  0.005017760103  0.005521967577  0.000000000000  0.000000000000  0.000000000000  0.000000000000  0.001501532810  0.003509004534  
piranga_flava_ku90809 0.011603322468  0.012113771228  0.010075289682  0.010075289682  0.008048872227  0.008048872227  0.010073128115  0.007542238012  0.007542238012  0.007542238012  0.008556052434  0.009569339696  0.008556052434  0.010590256783  0.013644236723  0.008556052434  0.007542238012  0.009061354270  0.009567045942  0.010073128115  0.011090682777  0.007034027885  0.006529619466  0.007034878030  0.001501532810  0.001501532810  0.001501532810  0.001501532810  0.000000000000  0.005017760103  
piranga_rubra_ku26592 0.006536070035  0.007042479319  0.005020103505  0.005020103505  0.003008113045  0.003008113045  0.005018722786  0.002505458393  0.002505458393  0.002505458393  0.003511305140  0.004517376914  0.003511305140  0.005529471008  0.008561586971  0.003511305140  0.002505458393  0.004013392222  0.004515864553  0.005018722786  0.006028251108  0.002002741962  0.001501532810  0.002002833309  0.003509004534  0.003509004534  0.003509004534  0.003509004534  0.005017760103  0.000000000000  

