30
cardinalis_cardinalis_ku21828 0.000000000000  0.001001004636  0.013642678547  0.012112930947  0.013646769674  0.015175961856  0.012112930947  0.013134965385  0.015164803659  0.016700421297  0.016203259728  0.017737698741  0.013642678547  0.016198620422  0.018248279137  0.013642678547  0.013642678547  0.017728771992  0.016198620422  0.015171853451  0.015684972506  0.016198620422  0.017227507203  0.015689346089  0.017737698741  0.018764051659  0.014154744899  0.016203259728  0.015694108445  0.015180458762  
cardinalis_cardinalis_ku25393 0.001001004636  0.000000000000  0.012620121595  0.011092988205  0.012623686168  0.014150777258  0.011092988205  0.012112930947  0.014141203584  0.015674188205  0.015175961856  0.016708282414  0.012620121595  0.015171853451  0.017218332719  0.012620121595  0.012620121595  0.016700421297  0.015171853451  0.014147197572  0.014659262167  0.015171853451  0.016198620422  0.014663105942  0.016708282414  0.017733039858  0.013131137805  0.015175961856  0.014667337943  0.014154744899  
piranga_hepatica_ku4970 0.013642678547  0.012620121595  0.000000000000  0.001501693733  0.003007736352  0.004515292556  0.001501693733  0.002505216281  0.004513571093  0.006024352713  0.005523889120  0.007036527467  0.003006785792  0.005522422403  0.007540885410  0.003006785792  0.003006785792  0.007033964098  0.005522422403  0.004514337591  0.005018125102  0.005522422403  0.006532550509  0.005019335684  0.007036527467  0.008047230512  0.003509558502  0.005523889120  0.005020927166  0.004516628161  
piranga_hepatica_ku9084 0.012112930947  0.011092988205  0.001501693733  0.000000000000  0.001502261946  0.003006785792  0.000000000000  0.001001004636  0.003006212557  0.004513571093  0.004012838950  0.005522422403  0.001501693733  0.004011758705  0.006025888954  0.001501693733  0.001501693733  0.005520633958  0.004011758705  0.003006214721  0.003508733101  0.004011758705  0.005019335684  0.003509558502  0.005522422403  0.006530952022  0.002003202414  0.004012838950  0.003510763650  0.003007736352  
piranga_lutea_ku89864 0.013646769674  0.012623686168  0.003007736352  0.001502261946  0.000000000000  0.004516628161  0.001502261946  0.002506291622  0.004513763644  0.006024929556  0.005525736996  0.007038383389  0.003007736352  0.005523889120  0.007542616329  0.003007736352  0.003007736352  0.007035054244  0.005523889120  0.004515292556  0.005019335684  0.005523889120  0.006534531055  0.005020927166  0.007038383389  0.008049219651  0.003510763650  0.005525736996  0.005022899171  0.004518344030  
piranga_flava_lsu15408 0.015175961856  0.014150777258  0.004515292556  0.003006785792  0.004516628161  0.000000000000  0.003006785792  0.004012838950  0.006024352713  0.007538573972  0.007038383389  0.008554090597  0.004515292556  0.007036527467  0.009059343686  0.004515292556  0.004515292556  0.008550746809  0.007036527467  0.006025888954  0.006530952022  0.007036527467  0.008049219651  0.006532550509  0.008554090597  0.009566977347  0.005019335684  0.007038383389  0.006534531055  0.006028953898  
piranga_lutea_lsu5400 0.012112930947  0.011092988205  0.001501693733  0.000000000000  0.001502261946  0.003006785792  0.000000000000  0.001001004636  0.003006212557  0.004513571093  0.004012838950  0.005522422403  0.001501693733  0.004011758705  0.006025888954  0.001501693733  0.001501693733  0.005520633958  0.004011758705  0.003006214721  0.003508733101  0.004011758705  0.005019335684  0.003509558502  0.005522422403  0.006530952022  0.002003202414  0.004012838950  0.003510763650  0.003007736352  
piranga_flava_ku90809 0.013134965385  0.012112930947  0.002505216281  0.001001004636  0.002506291622  0.004012838950  0.001001004636  0.000000000000  0.004010739735  0.005520633958  0.005020927166  0.006532550509  0.002505216281  0.005019335684  0.007036527467  0.002505216281  0.002505216281  0.006529735972  0.005019335684  0.004011758705  0.004515292556  0.005019335684  0.006028953898  0.004516628161  0.006532550509  0.007542616329  0.003007736352  0.005020927166  0.004518344030  0.004014299200  
piranga_roseogularis_ku2049 0.015164803659  0.014141203584  0.004513571093  0.003006212557  0.004513763644  0.006024352713  0.003006212557  0.004010739735  0.000000000000  0.001501693733  0.005017295797  0.006528902738  0.002504264900  0.005016848147  0.007033257411  0.002504264900  0.002504264900  0.006528386244  0.005016848147  0.004010801769  0.004513571093  0.005016848147  0.006024929556  0.004513763644  0.006528902738  0.007538573972  0.003006023517  0.005017295797  0.004514337591  0.004011058840  
piranga_roseogularis_ku2141 0.016700421297  0.015674188205  0.006024352713  0.004513571093  0.006024929556  0.007538573972  0.004513571093  0.005520633958  0.001501693733  0.000000000000  0.006529735972  0.008044403424  0.004010739735  0.006528902738  0.008549651666  0.004010739735  0.004010739735  0.008043113796  0.006528902738  0.005520312989  0.006024352713  0.006528902738  0.007539537831  0.006024929556  0.008044403424  0.009056251550  0.004513763644  0.006529735972  0.006025888954  0.005521337223  
piranga_ludoviciana_sdsu2648 0.016203259728  0.015175961856  0.005523889120  0.004012838950  0.005525736996  0.007038383389  0.004012838950  0.005020927166  0.005017295797  0.006529735972  0.000000000000  0.003508287823  0.002505216281  0.005019335684  0.007036527467  0.002505216281  0.002505216281  0.006529735972  0.005019335684  0.005019335684  0.005523889120  0.006028953898  0.006028953898  0.005525736996  0.007544730209  0.008556338480  0.004014299200  0.006031058689  0.005527965658  0.005022899171  
piranga_ludoviciana_sdsu2208 0.017737698741  0.016708282414  0.007036527467  0.005522422403  0.007038383389  0.008554090597  0.005522422403  0.006532550509  0.006528902738  0.008044403424  0.003508287823  0.000000000000  0.004011758705  0.006530952022  0.008552226580  0.004011758705  0.004011758705  0.008044403424  0.006530952022  0.006530952022  0.007036527467  0.007542616329  0.007542616329  0.007038383389  0.009061466711  0.010075128616  0.005523889120  0.007544730209  0.007040621632  0.006534531055  
piranga_bidentata_itm141 0.013642678547  0.012620121595  0.003006785792  0.001501693733  0.003007736352  0.004515292556  0.001501693733  0.002505216281  0.002504264900  0.004010739735  0.002505216281  0.004011758705  0.000000000000  0.002504519795  0.004514337591  0.000000000000  0.000000000000  0.004010739735  0.002504519795  0.002504519795  0.003006785792  0.003509558502  0.004516628161  0.003007736352  0.005019335684  0.006027230527  0.001502261946  0.003510763650  0.003009066026  0.002506291622  
piranga_bidentata_itm160 0.016198620422  0.015171853451  0.005522422403  0.004011758705  0.005523889120  0.007036527467  0.004011758705  0.005019335684  0.005016848147  0.006528902738  0.005019335684  0.006530952022  0.002504519795  0.000000000000  0.007035054244  0.002504519795  0.002504519795  0.006528902738  0.005018125102  0.005018125102  0.005522422403  0.006027230527  0.007038383389  0.005523889120  0.007542616329  0.008554090597  0.004012838950  0.006028953898  0.005525736996  0.005020927166  
piranga_bidentata_hgoslp104 0.018248279137  0.017218332719  0.007540885410  0.006025888954  0.007542616329  0.009059343686  0.006025888954  0.007036527467  0.007033257411  0.008549651666  0.007036527467  0.008552226580  0.004514337591  0.007035054244  0.000000000000  0.004514337591  0.004514337591  0.008549651666  0.007035054244  0.007035054244  0.007540885410  0.007540885410  0.009061466711  0.007542616329  0.009566977347  0.010581280634  0.006027230527  0.008049219651  0.007544730209  0.007038383389  
piranga_ludoviciana_sdsu2385 0.013642678547  0.012620121595  0.003006785792  0.001501693733  0.003007736352  0.004515292556  0.001501693733  0.002505216281  0.002504264900  0.004010739735  0.002505216281  0.004011758705  0.000000000000  0.002504519795  0.004514337591  0.000000000000  0.000000000000  0.004010739735  0.002504519795  0.002504519795  0.003006785792  0.003509558502  0.004516628161  0.003007736352  0.005019335684  0.006027230527  0.001502261946  0.003510763650  0.003009066026  0.002506291622  
piranga_bidentata_tepe59 0.013642678547  0.012620121595  0.003006785792  0.001501693733  0.003007736352  0.004515292556  0.001501693733  0.002505216281  0.002504264900  0.004010739735  0.002505216281  0.004011758705  0.000000000000  0.002504519795  0.004514337591  0.000000000000  0.000000000000  0.004010739735  0.002504519795  0.002504519795  0.003006785792  0.003509558502  0.004516628161  0.003007736352  0.005019335684  0.006027230527  0.001502261946  0.003510763650  0.003009066026  0.002506291622  
piranga_olivacea_ku2699 0.017728771992  0.016700421297  0.007033964098  0.005520633958  0.007035054244  0.008550746809  0.005520633958  0.006529735972  0.006528386244  0.008043113796  0.006529735972  0.008044403424  0.004010739735  0.006528902738  0.008549651666  0.004010739735  0.004010739735  0.000000000000  0.006528902738  0.006528902738  0.007033964098  0.007539537831  0.008552226580  0.007035054244  0.009057605172  0.010070998869  0.005521337223  0.007540885410  0.007036527467  0.006530952022  
piranga_olivacea_ku4672 0.016198620422  0.015171853451  0.005522422403  0.004011758705  0.005523889120  0.007036527467  0.004011758705  0.005019335684  0.005016848147  0.006528902738  0.005019335684  0.006530952022  0.002504519795  0.005018125102  0.007035054244  0.002504519795  0.002504519795  0.006528902738  0.000000000000  0.005018125102  0.005522422403  0.006027230527  0.007038383389  0.005523889120  0.007542616329  0.008554090597  0.004012838950  0.006028953898  0.005525736996  0.005020927166  
piranga_erythrocephala_fmnh343371 0.015171853451  0.014147197572  0.004514337591  0.003006214721  0.004515292556  0.006025888954  0.003006214721  0.004011758705  0.004010801769  0.005520312989  0.005019335684  0.006530952022  0.002504519795  0.005018125102  0.007035054244  0.002504519795  0.002504519795  0.006528902738  0.005018125102  0.000000000000  0.000500250991  0.003006785792  0.004012838950  0.002505216281  0.004515292556  0.007540885410  0.003006785792  0.005019335684  0.004516628161  0.004012838950  
piranga_erythrocephala_fmnh343370 0.015684972506  0.014659262167  0.005018125102  0.003508733101  0.005019335684  0.006530952022  0.003508733101  0.004515292556  0.004513571093  0.006024352713  0.005523889120  0.007036527467  0.003006785792  0.005522422403  0.007540885410  0.003006785792  0.003006785792  0.007033964098  0.005522422403  0.000500250991  0.000000000000  0.003509558502  0.004516628161  0.003007736352  0.005019335684  0.008047230512  0.003509558502  0.005523889120  0.005020927166  0.004516628161  
piranga_leucoptera_fmnh481795 0.016198620422  0.015171853451  0.005522422403  0.004011758705  0.005523889120  0.007036527467  0.004011758705  0.005019335684  0.005016848147  0.006528902738  0.006028953898  0.007542616329  0.003509558502  0.006027230527  0.007540885410  0.003509558502  0.003509558502  0.007539537831  0.006027230527  0.003006785792  0.003509558502  0.000000000000  0.003009066026  0.003510763650  0.005523889120  0.008554090597  0.004012838950  0.006028953898  0.005525736996  0.005020927166  
piranga_leucoptera_lsu7783 0.017227507203  0.016198620422  0.006532550509  0.005019335684  0.006534531055  0.008049219651  0.005019335684  0.006028953898  0.006024929556  0.007539537831  0.006028953898  0.007542616329  0.004516628161  0.007038383389  0.009061466711  0.004516628161  0.004516628161  0.008552226580  0.007038383389  0.004012838950  0.004516628161  0.003009066026  0.000000000000  0.004518344030  0.006534531055  0.009569359908  0.005020927166  0.007040621632  0.006536893283  0.006031058689  
piranga_rubriceps_lsu265 0.015689346089  0.014663105942  0.005019335684  0.003509558502  0.005020927166  0.006532550509  0.003509558502  0.004516628161  0.004513763644  0.006024929556  0.005525736996  0.007038383389  0.003007736352  0.005523889120  0.007542616329  0.003007736352  0.003007736352  0.007035054244  0.005523889120  0.002505216281  0.003007736352  0.003510763650  0.004518344030  0.000000000000  0.002002759492  0.008049219651  0.003510763650  0.005525736996  0.005022899171  0.004518344030  
piranga_rubriceps_lsu34818 0.017737698741  0.016708282414  0.007036527467  0.005522422403  0.007038383389  0.008554090597  0.005522422403  0.006532550509  0.006528902738  0.008044403424  0.007544730209  0.009061466711  0.005019335684  0.007542616329  0.009566977347  0.005019335684  0.005019335684  0.009057605172  0.007542616329  0.004515292556  0.005019335684  0.005523889120  0.006534531055  0.002002759492  0.000000000000  0.010075128616  0.005523889120  0.007544730209  0.007040621632  0.006534531055  
piranga_rubra_ku7046 0.018764051659  0.017733039858  0.008047230512  0.006530952022  0.008049219651  0.009566977347  0.006530952022  0.007542616329  0.007538573972  0.009056251550  0.008556338480  0.010075128616  0.006027230527  0.008554090597  0.010581280634  0.006027230527  0.006027230527  0.010070998869  0.008554090597  0.007540885410  0.008047230512  0.008554090597  0.009569359908  0.008049219651  0.010075128616  0.000000000000  0.004514337591  0.006530952022  0.006027230527  0.005522422403  
piranga_ludoviciana_sdsu2650 0.014154744899  0.013131137805  0.003509558502  0.002003202414  0.003510763650  0.005019335684  0.002003202414  0.003007736352  0.003006023517  0.004513763644  0.004014299200  0.005523889120  0.001502261946  0.004012838950  0.006027230527  0.001502261946  0.001502261946  0.005521337223  0.004012838950  0.003006785792  0.003509558502  0.004012838950  0.005020927166  0.003510763650  0.005523889120  0.004514337591  0.000000000000  0.002003202414  0.001502261946  0.001001004636  
piranga_rubra_sdsu2635 0.016203259728  0.015175961856  0.005523889120  0.004012838950  0.005525736996  0.007038383389  0.004012838950  0.005020927166  0.005017295797  0.006529735972  0.006031058689  0.007544730209  0.003510763650  0.006028953898  0.008049219651  0.003510763650  0.003510763650  0.007540885410  0.006028953898  0.005019335684  0.005523889120  0.006028953898  0.007040621632  0.005525736996  0.007544730209  0.006530952022  0.002003202414  0.000000000000  0.001501693733  0.003007736352  
piranga_rubra_sdsu2654 0.015694108445  0.014667337943  0.005020927166  0.003510763650  0.005022899171  0.006534531055  0.003510763650  0.004518344030  0.004514337591  0.006025888954  0.005527965658  0.007040621632  0.003009066026  0.005525736996  0.007544730209  0.003009066026  0.003009066026  0.007036527467  0.005525736996  0.004516628161  0.005020927166  0.005525736996  0.006536893283  0.005022899171  0.007040621632  0.006027230527  0.001502261946  0.001501693733  0.000000000000  0.002506291622  
piranga_rubra_ku26592 0.015180458762  0.014154744899  0.004516628161  0.003007736352  0.004518344030  0.006028953898  0.003007736352  0.004014299200  0.004011058840  0.005521337223  0.005022899171  0.006534531055  0.002506291622  0.005020927166  0.007038383389  0.002506291622  0.002506291622  0.006530952022  0.005020927166  0.004012838950  0.004516628161  0.005020927166  0.006031058689  0.004518344030  0.006534531055  0.005522422403  0.001001004636  0.003007736352  0.002506291622  0.000000000000  

