30
piranga_rubra_ku26592 0.000000000000  0.004980958623  0.004962838593  0.006642064318  0.005797831948  0.016759750283  0.006642925399  0.019691280460  0.004965234285  0.006709785378  0.004961399372  0.006917140480  0.005900462869  0.003074413503  0.004132359388  0.006145024179  0.004147113892  0.006650265037  0.004024346493  0.007459767001  0.005807452243  0.005811460794  0.007472770517  0.006834942178  0.005150279993  0.004499988203  0.001700875590  0.004134113157  0.004134113157  0.004965234285  
piranga_flava_ku90809 0.004980958623  0.000000000000  0.003289765136  0.004952180645  0.004944774142  0.013284302646  0.004944774142  0.016051506956  0.004948852670  0.005006666764  0.004114561482  0.006917140480  0.002519960591  0.001022565217  0.005775666836  0.004087960590  0.000821738054  0.004950554108  0.006064681099  0.005768839989  0.004117092534  0.002467518083  0.005777882429  0.005975678093  0.004262711377  0.005630880237  0.003419600439  0.002466101679  0.005773920079  0.003290870091  
piranga_ludoviciana_sdsu2385 0.004962838593  0.003289765136  0.000000000000  0.004934269086  0.004920709812  0.014945960096  0.003288164851  0.017835379368  0.004932846429  0.003323683638  0.002456007125  0.006905748910  0.004200987889  0.003068338713  0.005758237218  0.006132870473  0.002465628875  0.003292473008  0.004016265046  0.004104428694  0.004111178331  0.004111968742  0.005756667451  0.005969216802  0.004258401454  0.005623360326  0.003393015974  0.000818889839  0.005745166268  0.001638744036  
piranga_rubriceps_lsu265 0.006642064318  0.004952180645  0.004934269086  0.000000000000  0.004936637221  0.014957669540  0.006604535536  0.016943678908  0.006599087462  0.006676187994  0.005759347127  0.007913298795  0.005053048543  0.004103716236  0.006595437521  0.007176951786  0.004119777417  0.005780436295  0.007067756235  0.007416734140  0.004117092534  0.005777882429  0.002463465643  0.006834942178  0.004262711377  0.004499988203  0.006852575987  0.004110323463  0.006593648369  0.004936637221  
piranga_leucoptera_lsu7783 0.005797831948  0.004944774142  0.004920709812  0.004936637221  0.000000000000  0.016640465975  0.006595437521  0.018752311044  0.006590004451  0.006666891493  0.005744061836  0.007901594360  0.005046319406  0.004096333459  0.007416734140  0.007164948956  0.004117092534  0.006603620692  0.007044748154  0.007408244756  0.002465490198  0.005769161355  0.005759667400  0.006827229480  0.004258232191  0.004494635409  0.005103832709  0.004105216504  0.007401763381  0.004930214557  
cardinalis_cardinalis_ku25393 0.016759750283  0.013284302646  0.014945960096  0.014957669540  0.016640465975  0.000000000000  0.016640465975  0.001757677891  0.016654323892  0.016850787053  0.015784045698  0.014919108408  0.013560654752  0.012384589460  0.017494523304  0.015473174565  0.012433352519  0.014970823007  0.017341806120  0.017473571982  0.015795137127  0.014114718890  0.017495656880  0.015486051341  0.016360150217  0.014749429874  0.012069630479  0.014109039944  0.017487322319  0.014951330273  
piranga_olivacea_ku2699 0.006642925399  0.004944774142  0.003288164851  0.006604535536  0.006595437521  0.016640465975  0.000000000000  0.019663303406  0.006600879556  0.003331313898  0.004111968742  0.008897954892  0.005892350029  0.005125852092  0.007428978497  0.008197093565  0.004117092534  0.004948852670  0.006060705975  0.005766151493  0.005766151493  0.005769161355  0.007430485857  0.007686644019  0.005970581153  0.007888106563  0.005138803179  0.002465490198  0.007426193565  0.003290211006  
cardinalis_cardinalis_ku21828 0.019691280460  0.016051506956  0.017835379368  0.016943678908  0.018752311044  0.001757677891  0.019663303406  0.000000000000  0.019680896010  0.019680896010  0.018736482280  0.017112922287  0.016159437487  0.012384589460  0.019680896010  0.015473174565  0.015132480311  0.017867249060  0.017341806120  0.020557153185  0.018752311044  0.016037204654  0.019673669164  0.018159285787  0.018743836163  0.014749429874  0.012069630479  0.016935621622  0.019673669164  0.017843086064  
piranga_rubra_ku7046 0.004965234285  0.004948852670  0.004932846429  0.006599087462  0.006590004451  0.016654323892  0.006600879556  0.019680896010  0.000000000000  0.006666891493  0.005758237218  0.008906760860  0.005897314230  0.005131112403  0.005759347127  0.008205501401  0.004120485437  0.006609076233  0.006045631517  0.007414347869  0.005770905242  0.005773920079  0.007424356115  0.007693214666  0.005975678093  0.007897005615  0.005115153769  0.004108589849  0.005761405569  0.004934269086  
piranga_bidentata_hgoslp104 0.006709785378  0.005006666764  0.003323683638  0.006676187994  0.006666891493  0.016850787053  0.003331313898  0.019680896010  0.006666891493  0.000000000000  0.004156405559  0.007909406604  0.005947420193  0.005131112403  0.007503302149  0.008205501401  0.004168580120  0.005010848075  0.006048486483  0.004156405559  0.005838290364  0.005841376164  0.007511103598  0.007786397534  0.005975678093  0.006761829033  0.001700875590  0.002492115501  0.007506717516  0.001659937023  
piranga_ludoviciana_sdsu2648 0.004961399372  0.004114561482  0.002456007125  0.005759347127  0.005744061836  0.015784045698  0.004111968742  0.018736482280  0.005758237218  0.004156405559  0.000000000000  0.007897930930  0.005044334243  0.004094374749  0.005758077931  0.007160042334  0.003289606829  0.004117950205  0.003009848785  0.004928319926  0.004936429398  0.004936905283  0.006581888297  0.006826544650  0.004258232191  0.004494931396  0.003393015974  0.001638900392  0.005744061836  0.002459564495  
piranga_roseogularis_ku2049 0.006917140480  0.006917140480  0.006905748910  0.007913298795  0.007901594360  0.014919108408  0.008897954892  0.017112922287  0.008906760860  0.007909406604  0.007897930930  0.000000000000  0.006910311868  0.006564674715  0.008906760860  0.008929031509  0.005923095066  0.008912130999  0.010010091593  0.008892448361  0.007901594360  0.006910311868  0.008902763485  0.001965704916  0.006907347586  0.009062336883  0.006897870217  0.005915205619  0.008902763485  0.005915205619  
piranga_hepatica_ku4970 0.005900462869  0.002519960591  0.004200987889  0.005053048543  0.005046319406  0.013560654752  0.005892350029  0.016159437487  0.005897314230  0.005947420193  0.005044334243  0.006910311868  0.000000000000  0.002044056206  0.005897314230  0.005107454216  0.001678631343  0.005900126190  0.007073222191  0.006735262200  0.005046319406  0.003359978154  0.005895493359  0.006850615078  0.005211337534  0.005624545957  0.001706681301  0.003358826236  0.005895493359  0.004201813303  
piranga_hepatica_ku9084 0.003074413503  0.001022565217  0.003068338713  0.004103716236  0.004096333459  0.012384589460  0.005125852092  0.012384589460  0.005131112403  0.005131112403  0.004094374749  0.006564674715  0.002044056206  0.000000000000  0.005131112403  0.002079294588  0.000000000000  0.005133674396  0.005191055366  0.006151734523  0.004096333459  0.001021520645  0.005130015711  0.006177067853  0.003069071454  0.004494931396  0.001706681301  0.002044056206  0.005130015711  0.003069071454  
piranga_rubra_sdsu2654 0.004132359388  0.005775666836  0.005758237218  0.006595437521  0.007416734140  0.017494523304  0.007428978497  0.019680896010  0.005759347127  0.007503302149  0.005758077931  0.008906760860  0.005897314230  0.005131112403  0.000000000000  0.008205501401  0.004946472783  0.007438861212  0.006045631517  0.008242528702  0.006598174149  0.006600879556  0.007420070912  0.007693214666  0.005974482928  0.006761829033  0.003407946572  0.004932846429  0.003285464055  0.005759347127  
piranga_flava_lsu15408 0.006145024179  0.004087960590  0.006132870473  0.007176951786  0.007164948956  0.015473174565  0.008197093565  0.015473174565  0.008205501401  0.008205501401  0.007160042334  0.008929031509  0.005107454216  0.002079294588  0.008205501401  0.000000000000  0.003062804793  0.008209731969  0.008198602864  0.009222645503  0.007164948956  0.004083786978  0.008202737139  0.008226616848  0.006135072489  0.006865127355  0.003419600439  0.005107454216  0.008202737139  0.006135072489  
piranga_lutea_lsu5400 0.004147113892  0.000821738054  0.002465628875  0.004119777417  0.004117092534  0.012433352519  0.004117092534  0.015132480311  0.004120485437  0.004168580120  0.003289606829  0.005923095066  0.001678631343  0.000000000000  0.004946472783  0.003062804793  0.000000000000  0.004122138849  0.005049508343  0.004940970822  0.003290870091  0.001643567693  0.004948096629  0.005117986550  0.003407468002  0.004499988203  0.001709599045  0.001642782188  0.004944774142  0.002466101679  
piranga_olivacea_ku4672 0.006650265037  0.004950554108  0.003292473008  0.005780436295  0.006603620692  0.014970823007  0.004948852670  0.017867249060  0.006609076233  0.005010848075  0.004117950205  0.008912130999  0.005900126190  0.005133674396  0.007438861212  0.008209731969  0.004122138849  0.000000000000  0.006070817410  0.005773598165  0.005773598165  0.005775666836  0.006606330580  0.007698249820  0.005979586527  0.007903827943  0.006879004343  0.002468130569  0.007435115849  0.003293579786  
piranga_ludoviciana_sdsu2208 0.004024346493  0.006064681099  0.004016265046  0.007067756235  0.007044748154  0.017341806120  0.006060705975  0.017341806120  0.006045631517  0.006048486483  0.003009848785  0.010010091593  0.007073222191  0.005191055366  0.006045631517  0.008198602864  0.005049508343  0.006070817410  0.000000000000  0.007058956458  0.007073222191  0.006058557180  0.008077107881  0.009144734624  0.007072981412  0.006837986781  0.001694440838  0.003015900398  0.006034184685  0.004024583638  
piranga_bidentata_itm160 0.007459767001  0.005768839989  0.004104428694  0.007416734140  0.007408244756  0.017473571982  0.005766151493  0.020557153185  0.007414347869  0.004156405559  0.004928319926  0.008892448361  0.006735262200  0.006151734523  0.008242528702  0.009222645503  0.004940970822  0.005773598165  0.007058956458  0.000000000000  0.006590986732  0.006592736584  0.008240833948  0.008544204331  0.006826374403  0.007885719595  0.006827229480  0.003281668179  0.008237811107  0.002459564495  
piranga_leucoptera_fmnh481795 0.005807452243  0.004117092534  0.004111178331  0.004117092534  0.002465490198  0.015795137127  0.005766151493  0.018752311044  0.005770905242  0.005838290364  0.004936429398  0.007901594360  0.005046319406  0.004096333459  0.006598174149  0.007164948956  0.003290870091  0.005773598165  0.007073222191  0.006590986732  0.000000000000  0.004940702331  0.004940702331  0.006827229480  0.003404398182  0.004494635409  0.005138803179  0.003287061714  0.006595437521  0.004111968742  
piranga_lutea_ku89864 0.005811460794  0.002467518083  0.004111968742  0.005777882429  0.005769161355  0.014114718890  0.005769161355  0.016037204654  0.005773920079  0.005841376164  0.004936905283  0.006910311868  0.003359978154  0.001021520645  0.006600879556  0.004083786978  0.001643567693  0.005775666836  0.006058557180  0.006592736584  0.004940702331  0.000000000000  0.006603684345  0.006829107537  0.004259080314  0.005624545957  0.001706681301  0.003288164851  0.006599087462  0.004113705214  
piranga_rubriceps_lsu34818 0.007472770517  0.005777882429  0.005756667451  0.002463465643  0.005759667400  0.017495656880  0.007430485857  0.019673669164  0.007424356115  0.007511103598  0.006581888297  0.008902763485  0.005895493359  0.005130015711  0.007420070912  0.008202737139  0.004948096629  0.006606330580  0.008077107881  0.008240833948  0.004940702331  0.006603684345  0.000000000000  0.007689209528  0.005115153769  0.005624545957  0.006840856406  0.004932578795  0.007418236478  0.005759667400  
piranga_roseogularis_ku2141 0.006834942178  0.005975678093  0.005969216802  0.006834942178  0.006827229480  0.015486051341  0.007686644019  0.018159285787  0.007693214666  0.007786397534  0.006826544650  0.001965704916  0.006850615078  0.006177067853  0.007693214666  0.008226616848  0.005117986550  0.007698249820  0.009144734624  0.008544204331  0.006827229480  0.006829107537  0.007689209528  0.000000000000  0.007055141452  0.009060825840  0.006897870217  0.005113113931  0.007689209528  0.005969388034  
piranga_erythrocephala_fmnh343371 0.005150279993  0.004262711377  0.004258401454  0.004262711377  0.004258232191  0.016360150217  0.005970581153  0.018743836163  0.005975678093  0.005975678093  0.004258232191  0.006907347586  0.005211337534  0.003069071454  0.005974482928  0.006135072489  0.003407468002  0.005979586527  0.007072981412  0.006826374403  0.003404398182  0.004259080314  0.005115153769  0.007055141452  0.000000000000  0.001120868423  0.005132656783  0.003404398182  0.005970581153  0.004258232191  
piranga_erythrocephala_fmnh343370 0.004499988203  0.005630880237  0.005623360326  0.004499988203  0.004494635409  0.014749429874  0.007888106563  0.014749429874  0.007897005615  0.006761829033  0.004494931396  0.009062336883  0.005624545957  0.004494931396  0.006761829033  0.006865127355  0.004499988203  0.007903827943  0.006837986781  0.007885719595  0.004494635409  0.005624545957  0.005624545957  0.009060825840  0.001120868423  0.000000000000  0.006850615078  0.004494635409  0.006756889829  0.004494635409  
piranga_ludoviciana_sdsu2650 0.001700875590  0.003419600439  0.003393015974  0.006852575987  0.005103832709  0.012069630479  0.005138803179  0.012069630479  0.005115153769  0.001700875590  0.003393015974  0.006897870217  0.001706681301  0.001706681301  0.003407946572  0.003419600439  0.001709599045  0.006879004343  0.001694440838  0.006827229480  0.005138803179  0.001706681301  0.006840856406  0.006897870217  0.005132656783  0.006850615078  0.000000000000  0.001700875590  0.003396371867  0.001700875590  
piranga_bidentata_tepe59 0.004134113157  0.002466101679  0.000818889839  0.004110323463  0.004105216504  0.014109039944  0.002465490198  0.016935621622  0.004108589849  0.002492115501  0.001638900392  0.005915205619  0.003358826236  0.002044056206  0.004932846429  0.005107454216  0.001642782188  0.002468130569  0.003015900398  0.003281668179  0.003287061714  0.003288164851  0.004932578795  0.005113113931  0.003404398182  0.004494635409  0.001700875590  0.000000000000  0.004930214557  0.000819045888  
piranga_rubra_sdsu2635 0.004134113157  0.005773920079  0.005745166268  0.006593648369  0.007401763381  0.017487322319  0.007426193565  0.019673669164  0.005761405569  0.007506717516  0.005744061836  0.008902763485  0.005895493359  0.005130015711  0.003285464055  0.008202737139  0.004944774142  0.007435115849  0.006034184685  0.008237811107  0.006595437521  0.006599087462  0.007418236478  0.007689209528  0.005970581153  0.006756889829  0.003396371867  0.004930214557  0.000000000000  0.005756667451  
piranga_bidentata_itm141 0.004965234285  0.003290870091  0.001638744036  0.004936637221  0.004930214557  0.014951330273  0.003290211006  0.017843086064  0.004934269086  0.001659937023  0.002459564495  0.005915205619  0.004201813303  0.003069071454  0.005759347127  0.006135072489  0.002466101679  0.003293579786  0.004024583638  0.002459564495  0.004111968742  0.004113705214  0.005759667400  0.005969388034  0.004258232191  0.004494635409  0.001700875590  0.000819045888  0.005756667451  0.000000000000  

