30
cardinalis_cardinalis_ku21828 0.000000000000  0.002505503372  0.020306189196  0.018259463036  0.025996956553  0.031231721651  0.027559610766  0.027559610766  0.018782198704  0.019805035859  0.023428490942  0.021873916216  0.022387141192  0.019799252666  0.018776153616  0.020323143739  0.020323143739  0.020841828647  0.021354383242  0.020841828647  0.018254161593  0.020835429183  0.023950040290  0.022894451878  0.018254161593  0.019282027641  0.020317052753  0.019282027641  0.020317052753  0.020317052753  
cardinalis_cardinalis_ku25393 0.002505503372  0.000000000000  0.020301417353  0.017738349048  0.025469290666  0.030696520678  0.027030005841  0.027030005841  0.018259463036  0.019282027641  0.022380694168  0.020829469438  0.021861200971  0.019276990177  0.018254161593  0.019799252666  0.019799252666  0.020317052753  0.020829469438  0.020317052753  0.017733790210  0.020311401118  0.023421422222  0.022369125126  0.017733790210  0.018760645004  0.019793908457  0.018760645004  0.019793908457  0.019793908457  
piranga_erythrocephala_fmnh343371 0.020306189196  0.020301417353  0.000000000000  0.003508511839  0.016182359919  0.021327448637  0.017719933880  0.017719933880  0.011097253214  0.012111116529  0.015688790269  0.014153502239  0.014662203336  0.012108138555  0.011094009756  0.012621915094  0.012621915094  0.013133274513  0.013641318558  0.013133274513  0.010582073688  0.013129697540  0.016202933572  0.015167821051  0.010582073688  0.012618637949  0.012618637949  0.011598198131  0.012618637949  0.012618637949  
piranga_erythrocephala_fmnh343370 0.018259463036  0.017738349048  0.003508511839  0.000000000000  0.013632287002  0.018760645004  0.015164777498  0.015164777498  0.008565544159  0.009575758354  0.013141725642  0.011611503287  0.012118367549  0.009572548333  0.008562071277  0.010084958131  0.010084958131  0.010594715254  0.011100927064  0.010594715254  0.008051490950  0.010590909978  0.013654249183  0.012621915094  0.008051490950  0.010081450808  0.010081450808  0.009064201338  0.010081450808  0.010081450808  
piranga_leucoptera_fmnh481795 0.025996956553  0.025469290666  0.016182359919  0.013632287002  0.000000000000  0.006032860671  0.014655413627  0.014655413627  0.015171299987  0.016190682667  0.019789003597  0.018244871669  0.018756352226  0.016187471466  0.015167821051  0.016704483959  0.016704483959  0.017218852721  0.017729668907  0.017218852721  0.014652671132  0.017215035456  0.020306189196  0.018240883916  0.014652671132  0.016700970060  0.016700970060  0.015674538426  0.016700970060  0.016700970060  
piranga_leucoptera_lsu7783 0.031231721651  0.030696520678  0.021327448637  0.018760645004  0.006032860671  0.000000000000  0.019793908457  0.019793908457  0.020317052753  0.021342286601  0.024972205564  0.023414795790  0.023929226796  0.021336899315  0.020311401118  0.021861200971  0.021861200971  0.022380694168  0.022894451878  0.022380694168  0.019789003597  0.022374688691  0.025494572160  0.023408612010  0.019789003597  0.021855504933  0.021855504933  0.020818870548  0.021855504933  0.021855504933  
piranga_rubriceps_lsu265 0.027559610766  0.027030005841  0.017719933880  0.015164777498  0.014655413627  0.019793908457  0.000000000000  0.000000000000  0.016708434675  0.017729668907  0.021336899315  0.019789003597  0.020301417353  0.017725985505  0.016704483959  0.018244871669  0.018244871669  0.018760645004  0.019272391697  0.018760645004  0.016187471466  0.018756352226  0.021855504933  0.019784538451  0.016187471466  0.018240883916  0.018240883916  0.017211655733  0.018240883916  0.018240883916  
piranga_rubriceps_lsu34818 0.027559610766  0.027030005841  0.017719933880  0.015164777498  0.014655413627  0.019793908457  0.000000000000  0.000000000000  0.016708434675  0.017729668907  0.021336899315  0.019789003597  0.020301417353  0.017725985505  0.016704483959  0.018244871669  0.018244871669  0.018760645004  0.019272391697  0.018760645004  0.016187471466  0.018756352226  0.021855504933  0.019784538451  0.016187471466  0.018240883916  0.018240883916  0.017211655733  0.018240883916  0.018240883916  
piranga_roseogularis_ku2049 0.018782198704  0.018259463036  0.011097253214  0.008565544159  0.015171299987  0.020317052753  0.016708434675  0.016708434675  0.000000000000  0.001000768019  0.011611503287  0.010084958131  0.010590909978  0.008051490950  0.007042823976  0.008562071277  0.008562071277  0.009070456360  0.009575758354  0.009070456360  0.006534062407  0.009067114707  0.012122639876  0.011094009756  0.006534062407  0.008559025975  0.008559025975  0.007544508425  0.008559025975  0.008559025975  
piranga_roseogularis_ku2141 0.019805035859  0.019282027641  0.012111116529  0.009575758354  0.016190682667  0.021342286601  0.017729668907  0.017729668907  0.001000768019  0.000000000000  0.012625624400  0.011097253214  0.011603988508  0.009061716612  0.008051490950  0.009572548333  0.009572548333  0.010081450808  0.010587534386  0.010081450808  0.007542481143  0.010078372820  0.013137284000  0.012108138555  0.007542481143  0.009569767300  0.009569767300  0.008554219548  0.009569767300  0.009569767300  
piranga_olivacea_ku2699 0.023428490942  0.022380694168  0.015688790269  0.013141725642  0.019789003597  0.024972205564  0.021336899315  0.021336899315  0.011611503287  0.012625624400  0.000000000000  0.001501768322  0.011094009756  0.008554219548  0.007544508425  0.009064201338  0.009064201338  0.009572548333  0.010078372820  0.009572548333  0.010081450808  0.012629765509  0.015704048054  0.014666249821  0.010081450808  0.012118367549  0.012118367549  0.011097253214  0.012118367549  0.012118367549  
piranga_olivacea_ku4672 0.021873916216  0.020829469438  0.014153502239  0.011611503287  0.018244871669  0.023414795790  0.019789003597  0.019789003597  0.010084958131  0.011097253214  0.001501768322  0.000000000000  0.009569767300  0.007036343996  0.006028437047  0.007544508425  0.007544508425  0.008051490950  0.008556408613  0.008051490950  0.008559025975  0.011100927064  0.014167337375  0.013133274513  0.008559025975  0.010590909978  0.010590909978  0.009572548333  0.010590909978  0.010590909978  
piranga_bidentata_itm160 0.022387141192  0.021861200971  0.014662203336  0.012118367549  0.018756352226  0.023929226796  0.020301417353  0.020301417353  0.010590909978  0.011603988508  0.011094009756  0.009569767300  0.000000000000  0.002505503372  0.003509052980  0.005018830198  0.005018830198  0.006534062407  0.006026863859  0.005523360040  0.009064201338  0.011607530527  0.014675644243  0.013641318558  0.009064201338  0.011097253214  0.011097253214  0.010078372820  0.011097253214  0.011097253214  
piranga_bidentata_itm141 0.019799252666  0.019276990177  0.012108138555  0.009572548333  0.016187471466  0.021336899315  0.017725985505  0.017725985505  0.008051490950  0.009061716612  0.008554219548  0.007036343996  0.002505503372  0.000000000000  0.001000768019  0.002504309522  0.002504309522  0.004012238740  0.003508511839  0.003006410298  0.006532196076  0.009064201338  0.012118367549  0.011091197049  0.006532196076  0.008556408613  0.008556408613  0.007542481143  0.008556408613  0.008556408613  
piranga_bidentata_tepe59 0.018776153616  0.018254161593  0.011094009756  0.008562071277  0.015167821051  0.020311401118  0.016704483959  0.016704483959  0.007042823976  0.008051490950  0.007544508425  0.006028437047  0.003509052980  0.001000768019  0.000000000000  0.001501768322  0.001501768322  0.003008183293  0.002504695050  0.002003365437  0.005525066249  0.008054240545  0.011105030946  0.010078372820  0.005525066249  0.007546962958  0.007546962958  0.006534062407  0.007546962958  0.007546962958  
piranga_bidentata_hgoslp104 0.020323143739  0.019799252666  0.012621915094  0.010084958131  0.016704483959  0.021861200971  0.018244871669  0.018244871669  0.008562071277  0.009572548333  0.009064201338  0.007544508425  0.005018830198  0.002504309522  0.001501768322  0.000000000000  0.000000000000  0.001502420807  0.001000710861  0.000500268593  0.007040237312  0.009575758354  0.012634338062  0.011603988508  0.007040237312  0.009067114707  0.009067114707  0.008051490950  0.009067114707  0.009067114707  
piranga_ludoviciana_sdsu2650 0.020323143739  0.019799252666  0.012621915094  0.010084958131  0.016704483959  0.021861200971  0.018244871669  0.018244871669  0.008562071277  0.009572548333  0.009064201338  0.007544508425  0.005018830198  0.002504309522  0.001501768322  0.000000000000  0.000000000000  0.001502420807  0.001000710861  0.000500268593  0.007040237312  0.009575758354  0.012634338062  0.011603988508  0.007040237312  0.009067114707  0.009067114707  0.008051490950  0.009067114707  0.009067114707  
piranga_ludoviciana_sdsu2385 0.020841828647  0.020317052753  0.013133274513  0.010594715254  0.017218852721  0.022380694168  0.018760645004  0.018760645004  0.009070456360  0.010081450808  0.009572548333  0.008051490950  0.006534062407  0.004012238740  0.003008183293  0.001502420807  0.001502420807  0.000000000000  0.002505503372  0.002004306747  0.007546962958  0.010084958131  0.013146599081  0.012114526313  0.007546962958  0.009575758354  0.009575758354  0.008559025975  0.009575758354  0.009575758354  
piranga_ludoviciana_sdsu2208 0.021354383242  0.020829469438  0.013641318558  0.011100927064  0.017729668907  0.022894451878  0.019272391697  0.019272391697  0.009575758354  0.010587534386  0.010078372820  0.008556408613  0.006026863859  0.003508511839  0.002504695050  0.001000710861  0.001000710861  0.002505503372  0.000000000000  0.001501768322  0.008051490950  0.010590909978  0.013654249183  0.012621915094  0.008051490950  0.010081450808  0.010081450808  0.009064201338  0.010081450808  0.010081450808  
piranga_ludoviciana_sdsu2648 0.020841828647  0.020317052753  0.013133274513  0.010594715254  0.017218852721  0.022380694168  0.018760645004  0.018760645004  0.009070456360  0.010081450808  0.009572548333  0.008051490950  0.005523360040  0.003006410298  0.002003365437  0.000500268593  0.000500268593  0.002004306747  0.001501768322  0.000000000000  0.007546962958  0.010084958131  0.013146599081  0.012114526313  0.007546962958  0.009575758354  0.009575758354  0.008559025975  0.009575758354  0.009575758354  
piranga_lutea_lsu5400 0.018254161593  0.017733790210  0.010582073688  0.008051490950  0.014652671132  0.019789003597  0.016187471466  0.016187471466  0.006534062407  0.007542481143  0.010081450808  0.008559025975  0.009064201338  0.006532196076  0.005525066249  0.007040237312  0.007040237312  0.007546962958  0.008051490950  0.007546962958  0.000000000000  0.002505503372  0.005527197629  0.004514846337  0.000000000000  0.002003365437  0.005017841394  0.004011000331  0.005017841394  0.005017841394  
piranga_flava_lsu15408 0.020835429183  0.020311401118  0.013129697540  0.010590909978  0.017215035456  0.022374688691  0.018756352226  0.018756352226  0.009067114707  0.010078372820  0.012629765509  0.011100927064  0.011607530527  0.009064201338  0.008054240545  0.009575758354  0.009575758354  0.010084958131  0.010590909978  0.010084958131  0.002505503372  0.000000000000  0.003008183293  0.002002749485  0.002505503372  0.004517515661  0.007542481143  0.006530756313  0.007542481143  0.007542481143  
piranga_lutea_ku89864 0.023950040290  0.023421422222  0.016202933572  0.013654249183  0.020306189196  0.025494572160  0.021855504933  0.021855504933  0.012122639876  0.013137284000  0.015704048054  0.014167337375  0.014675644243  0.012118367549  0.011105030946  0.012634338062  0.012634338062  0.013146599081  0.013654249183  0.013146599081  0.005527197629  0.003008183293  0.000000000000  0.005018830198  0.005527197629  0.006536354948  0.010587534386  0.009569767300  0.010587534386  0.010587534386  
piranga_flava_ku90809 0.022894451878  0.022369125126  0.015167821051  0.012621915094  0.018240883916  0.023408612010  0.019784538451  0.019784538451  0.011094009756  0.012108138555  0.014666249821  0.013133274513  0.013641318558  0.011091197049  0.010078372820  0.011603988508  0.011603988508  0.012114526313  0.012621915094  0.012114526313  0.004514846337  0.002002749485  0.005018830198  0.000000000000  0.004514846337  0.006532196076  0.009565493641  0.008551127760  0.009565493641  0.009565493641  
piranga_hepatica_ku4970 0.018254161593  0.017733790210  0.010582073688  0.008051490950  0.014652671132  0.019789003597  0.016187471466  0.016187471466  0.006534062407  0.007542481143  0.010081450808  0.008559025975  0.009064201338  0.006532196076  0.005525066249  0.007040237312  0.007040237312  0.007546962958  0.008051490950  0.007546962958  0.000000000000  0.002505503372  0.005527197629  0.004514846337  0.000000000000  0.002003365437  0.005017841394  0.004011000331  0.005017841394  0.005017841394  
piranga_hepatica_ku9084 0.019282027641  0.018760645004  0.012618637949  0.010081450808  0.016700970060  0.021855504933  0.018240883916  0.018240883916  0.008559025975  0.009569767300  0.012118367549  0.010590909978  0.011097253214  0.008556408613  0.007546962958  0.009067114707  0.009067114707  0.009575758354  0.010081450808  0.009575758354  0.002003365437  0.004517515661  0.006536354948  0.006532196076  0.002003365437  0.000000000000  0.007036343996  0.006025716900  0.007036343996  0.007036343996  
piranga_rubra_sdsu2654 0.020317052753  0.019793908457  0.012618637949  0.010081450808  0.016700970060  0.021855504933  0.018240883916  0.018240883916  0.008559025975  0.009569767300  0.012118367549  0.010590909978  0.011097253214  0.008556408613  0.007546962958  0.009067114707  0.009067114707  0.009575758354  0.010081450808  0.009575758354  0.005017841394  0.007542481143  0.010587534386  0.009565493641  0.005017841394  0.007036343996  0.000000000000  0.001001075143  0.002004306747  0.002004306747  
piranga_rubra_sdsu2635 0.019282027641  0.018760645004  0.011598198131  0.009064201338  0.015674538426  0.020818870548  0.017211655733  0.017211655733  0.007544508425  0.008554219548  0.011097253214  0.009572548333  0.010078372820  0.007542481143  0.006534062407  0.008051490950  0.008051490950  0.008559025975  0.009064201338  0.008559025975  0.004011000331  0.006530756313  0.009569767300  0.008551127760  0.004011000331  0.006025716900  0.001001075143  0.000000000000  0.001001075143  0.001001075143  
piranga_rubra_ku7046 0.020317052753  0.019793908457  0.012618637949  0.010081450808  0.016700970060  0.021855504933  0.018240883916  0.018240883916  0.008559025975  0.009569767300  0.012118367549  0.010590909978  0.011097253214  0.008556408613  0.007546962958  0.009067114707  0.009067114707  0.009575758354  0.010081450808  0.009575758354  0.005017841394  0.007542481143  0.010587534386  0.009565493641  0.005017841394  0.007036343996  0.002004306747  0.001001075143  0.000000000000  0.000000000000  
piranga_rubra_ku26592 0.020317052753  0.019793908457  0.012618637949  0.010081450808  0.016700970060  0.021855504933  0.018240883916  0.018240883916  0.008559025975  0.009569767300  0.012118367549  0.010590909978  0.011097253214  0.008556408613  0.007546962958  0.009067114707  0.009067114707  0.009575758354  0.010081450808  0.009575758354  0.005017841394  0.007542481143  0.010587534386  0.009565493641  0.005017841394  0.007036343996  0.002004306747  0.001001075143  0.000000000000  0.000000000000  

