30
cardinalis_cardinalis_ku21828 0.000000000000  0.002003369504  0.020330055304  0.016713045825  0.018254430584  0.020829816879  0.022907976571  0.022907976571  0.015189790360  0.016219372718  0.022907976571  0.020323504855  0.020317394622  0.018254430584  0.017738597405  0.019287816854  0.019287816854  0.020311724965  0.021354775127  0.020317394622  0.016208123607  0.016723159785  0.021874334573  0.017754946739  0.016208123607  0.021368675558  0.015693657274  0.015179759528  0.015179759528  0.015179759528  
cardinalis_cardinalis_ku25393 0.002003369504  0.000000000000  0.021361504865  0.017738597405  0.019282323369  0.021861578934  0.023943145863  0.023943145863  0.016213530233  0.017244785181  0.023943145863  0.021354775127  0.021348486704  0.019282323369  0.018765650504  0.020317394622  0.020317394622  0.021342639957  0.022387565253  0.021348486704  0.017233185907  0.017749059177  0.022907976571  0.018782525899  0.017233185907  0.022401827227  0.016717884336  0.016203153198  0.016203153198  0.016203153198  
piranga_erythrocephala_fmnh343371 0.020330055304  0.021361504865  0.000000000000  0.006534100710  0.013152104501  0.015710269112  0.017775231841  0.017775231841  0.014173036887  0.015201560319  0.021881375103  0.019300121902  0.019293749818  0.017233185907  0.016717884336  0.018265505416  0.018265505416  0.019287816854  0.020330055304  0.019293749818  0.015189790360  0.015704296572  0.020849075439  0.016735020063  0.015189790360  0.020344475414  0.014675852823  0.014162482705  0.014162482705  0.014162482705  
piranga_erythrocephala_fmnh343370 0.016713045825  0.017738597405  0.006534100710  0.000000000000  0.009575849244  0.012118504642  0.014167542942  0.014167542942  0.010591015917  0.011611637838  0.018254430584  0.015688991231  0.015684761405  0.013638009997  0.013126675111  0.014662369788  0.014662369788  0.015680968158  0.016713045825  0.015684761405  0.011604099736  0.012114651451  0.017228042041  0.013137439722  0.011604099736  0.016723159785  0.011094107993  0.010584674994  0.010584674994  0.010584674994  
piranga_leucoptera_fmnh481795 0.018254430584  0.019282323369  0.013152104501  0.009575849244  0.000000000000  0.003510029509  0.013649678754  0.013649678754  0.011607652822  0.012629918325  0.019799570982  0.017228042041  0.017223335837  0.015171470688  0.014658745962  0.016198619366  0.016198619366  0.017219067655  0.018254430584  0.017223335837  0.013133417688  0.013645354982  0.018770836642  0.014670923579  0.013133417688  0.018265505416  0.012622043407  0.012111230902  0.012111230902  0.012111230902  
piranga_leucoptera_lsu7783 0.020829816879  0.021861578934  0.015710269112  0.012118504642  0.003510029509  0.000000000000  0.016208123607  0.016208123607  0.014157856531  0.015184557375  0.022381097714  0.019799570982  0.019794209675  0.017734023917  0.017219067655  0.018765650504  0.018765650504  0.019789288939  0.020829816879  0.019794209675  0.015688991231  0.016203153198  0.021348486704  0.017233185907  0.015688991231  0.020842215214  0.015175397179  0.014662369788  0.014662369788  0.014662369788  
piranga_rubriceps_lsu265 0.022907976571  0.023943145863  0.017775231841  0.014167542942  0.013649678754  0.016208123607  0.000000000000  0.000000000000  0.016728871813  0.017761271608  0.024464996868  0.021874334573  0.021348486704  0.019799570982  0.019282323369  0.020835795574  0.020835795574  0.021861578934  0.022907976571  0.021867735730  0.017749059177  0.018265505416  0.023428970989  0.019300121902  0.017749059177  0.021881375103  0.017233185907  0.016717884336  0.016717884336  0.016717884336  
piranga_rubriceps_lsu34818 0.022907976571  0.023943145863  0.017775231841  0.014167542942  0.013649678754  0.016208123607  0.000000000000  0.000000000000  0.016728871813  0.017761271608  0.024464996868  0.021874334573  0.021348486704  0.019799570982  0.019282323369  0.020835795574  0.020835795574  0.021861578934  0.022907976571  0.021867735730  0.017749059177  0.018265505416  0.023428970989  0.019300121902  0.017749059177  0.021881375103  0.017233185907  0.016717884336  0.016717884336  0.016717884336  
piranga_roseogularis_ku2049 0.015189790360  0.016213530233  0.014173036887  0.010591015917  0.011607652822  0.014157856531  0.016728871813  0.016728871813  0.000000000000  0.001001076852  0.013654436231  0.011105163287  0.011101046849  0.009067193605  0.008559093788  0.010085061922  0.010085061922  0.011097361632  0.012122790117  0.011101046849  0.007045900438  0.007553226955  0.012634504919  0.008569543593  0.007045900438  0.012132656491  0.006539126844  0.006032904969  0.006032904969  0.006032904969  
piranga_roseogularis_ku2141 0.016219372718  0.017244785181  0.015201560319  0.011611637838  0.012629918325  0.015184557375  0.017761271608  0.017761271608  0.001001076852  0.000000000000  0.014681216489  0.012127507518  0.012122790117  0.010085061922  0.009575849244  0.011105163287  0.011105163287  0.012118504642  0.013146783485  0.012122790117  0.008061107603  0.008569543593  0.013659627059  0.009588086467  0.008061107603  0.013157857800  0.007553226955  0.007045900438  0.007045900438  0.007045900438  
piranga_olivacea_ku2699 0.022907976571  0.023943145863  0.021881375103  0.018254430584  0.019799570982  0.022381097714  0.024464996868  0.024464996868  0.013654436231  0.014681216489  0.000000000000  0.002504699656  0.011616054428  0.009579498980  0.009070545461  0.010599080318  0.010599080318  0.011611637838  0.011616054428  0.011616054428  0.010594832861  0.011105163287  0.016213530233  0.012127507518  0.010594832861  0.015710269112  0.010085061922  0.009575849244  0.009575849244  0.009575849244  
piranga_olivacea_ku4672 0.020323504855  0.021354775127  0.019300121902  0.015688991231  0.017228042041  0.019799570982  0.021874334573  0.021874334573  0.011105163287  0.012127507518  0.002504699656  0.000000000000  0.009074326425  0.007045900438  0.006539126844  0.008061107603  0.008061107603  0.009070545461  0.010093388267  0.009074326425  0.008057493087  0.008565631802  0.013654436231  0.009583578172  0.008057493087  0.013152104501  0.007549909065  0.007042878527  0.007042878527  0.007042878527  
piranga_bidentata_itm160 0.020317394622  0.021348486704  0.019293749818  0.015684761405  0.017223335837  0.019794209675  0.021348486704  0.021348486704  0.011101046849  0.012122790117  0.011616054428  0.009074326425  0.000000000000  0.002003369504  0.002505510464  0.004015195174  0.004015195174  0.005020267156  0.006032904969  0.005022111578  0.008054306627  0.008562148416  0.013649678754  0.009579498980  0.008054306627  0.013146783485  0.007547018884  0.007040283980  0.007040283980  0.007040283980  
piranga_bidentata_itm141 0.018254430584  0.019282323369  0.017233185907  0.013638009997  0.015171470688  0.017734023917  0.019799570982  0.019799570982  0.009067193605  0.010085061922  0.009579498980  0.007045900438  0.002003369504  0.000000000000  0.000500269020  0.002004313605  0.002004313605  0.003007092882  0.004015195174  0.003008194278  0.006030473083  0.006536400267  0.011607652822  0.007549909065  0.006030473083  0.011105163287  0.005525095777  0.005020267156  0.005020267156  0.005020267156  
piranga_bidentata_tepe59 0.017738597405  0.018765650504  0.016717884336  0.013126675111  0.014658745962  0.017219067655  0.019282323369  0.019282323369  0.008559093788  0.009575849244  0.009070545461  0.006539126844  0.002505510464  0.000500269020  0.000000000000  0.001502424659  0.001502424659  0.002504699656  0.003511422122  0.002505510464  0.005525095777  0.006030473083  0.011097361632  0.007042878527  0.005525095777  0.010594832861  0.005020267156  0.004515986029  0.004515986029  0.004515986029  
piranga_bidentata_hgoslp104 0.019287816854  0.020317394622  0.018265505416  0.014662369788  0.016198619366  0.018765650504  0.020835795574  0.020835795574  0.010085061922  0.011105163287  0.010599080318  0.008061107603  0.004015195174  0.002004313605  0.001502424659  0.000000000000  0.000000000000  0.001000768669  0.002003369504  0.001000711467  0.007042878527  0.007549909065  0.012629918325  0.008565631802  0.007042878527  0.012127507518  0.006536400267  0.006030473083  0.006030473083  0.006030473083  
piranga_ludoviciana_sdsu2650 0.019287816854  0.020317394622  0.018265505416  0.014662369788  0.016198619366  0.018765650504  0.020835795574  0.020835795574  0.010085061922  0.011105163287  0.010599080318  0.008061107603  0.004015195174  0.002004313605  0.001502424659  0.000000000000  0.000000000000  0.001000768669  0.002003369504  0.001000711467  0.007042878527  0.007549909065  0.012629918325  0.008565631802  0.007042878527  0.012127507518  0.006536400267  0.006030473083  0.006030473083  0.006030473083  
piranga_ludoviciana_sdsu2385 0.020311724965  0.021342639957  0.019287816854  0.015680968158  0.017219067655  0.019789288939  0.021861578934  0.021861578934  0.011097361632  0.012118504642  0.011611637838  0.009070545461  0.005020267156  0.003007092882  0.002504699656  0.001000768669  0.001000768669  0.000000000000  0.003006415771  0.002002751424  0.008051548579  0.008559093788  0.013645354982  0.009575849244  0.008051548579  0.012127507518  0.007544556770  0.007038117155  0.007038117155  0.007038117155  
piranga_ludoviciana_sdsu2208 0.021354775127  0.022387565253  0.020330055304  0.016713045825  0.018254430584  0.020829816879  0.022907976571  0.022907976571  0.012122790117  0.013146783485  0.011616054428  0.010093388267  0.006032904969  0.004015195174  0.003511422122  0.002003369504  0.002003369504  0.003006415771  0.000000000000  0.002002848657  0.009070545461  0.009579498980  0.014675852823  0.010599080318  0.009070545461  0.014173036887  0.008562148416  0.008054306627  0.008054306627  0.008054306627  
piranga_ludoviciana_sdsu2648 0.020317394622  0.021348486704  0.019293749818  0.015684761405  0.017223335837  0.019794209675  0.021867735730  0.021867735730  0.011101046849  0.012122790117  0.011616054428  0.009074326425  0.005022111578  0.003008194278  0.002505510464  0.001000711467  0.001000711467  0.002002751424  0.002002848657  0.000000000000  0.008054306627  0.008562148416  0.013649678754  0.009579498980  0.008054306627  0.013146783485  0.007547018884  0.007040283980  0.007040283980  0.007040283980  
piranga_lutea_lsu5400 0.016208123607  0.017233185907  0.015189790360  0.011604099736  0.013133417688  0.015688991231  0.017749059177  0.017749059177  0.007045900438  0.008061107603  0.010594832861  0.008057493087  0.008054306627  0.006030473083  0.005525095777  0.007042878527  0.007042878527  0.008051548579  0.009070545461  0.008054306627  0.000000000000  0.000500269020  0.005523384279  0.001502424659  0.000000000000  0.005022111578  0.002506744861  0.002004313605  0.002004313605  0.002004313605  
piranga_flava_lsu15408 0.016723159785  0.017749059177  0.015704296572  0.012114651451  0.013645354982  0.016203153198  0.018265505416  0.018265505416  0.007553226955  0.008569543593  0.011105163287  0.008565631802  0.008562148416  0.006536400267  0.006030473083  0.007549909065  0.007549909065  0.008559093788  0.009579498980  0.008562148416  0.000500269020  0.000000000000  0.005018848730  0.001001076852  0.000500269020  0.005527233612  0.003009719600  0.002506744861  0.002506744861  0.002506744861  
piranga_lutea_ku89864 0.021874334573  0.022907976571  0.020849075439  0.017228042041  0.018770836642  0.021348486704  0.023428970989  0.023428970989  0.012634504919  0.013659627059  0.016213530233  0.013654436231  0.013649678754  0.011607652822  0.011097361632  0.012629918325  0.012629918325  0.013645354982  0.014675852823  0.013649678754  0.005523384279  0.005018848730  0.000000000000  0.006028467875  0.005523384279  0.010591015917  0.008054306627  0.007547018884  0.007547018884  0.007547018884  
piranga_flava_ku90809 0.017754946739  0.018782525899  0.016735020063  0.013137439722  0.014670923579  0.017233185907  0.019300121902  0.019300121902  0.008569543593  0.009588086467  0.012127507518  0.009583578172  0.009579498980  0.007549909065  0.007042878527  0.008565631802  0.008565631802  0.009575849244  0.010599080318  0.009579498980  0.001502424659  0.001001076852  0.006028467875  0.000000000000  0.001502424659  0.006539126844  0.004017304237  0.003513238998  0.003513238998  0.003513238998  
piranga_hepatica_ku4970 0.016208123607  0.017233185907  0.015189790360  0.011604099736  0.013133417688  0.015688991231  0.017749059177  0.017749059177  0.007045900438  0.008061107603  0.010594832861  0.008057493087  0.008054306627  0.006030473083  0.005525095777  0.007042878527  0.007042878527  0.008051548579  0.009070545461  0.008054306627  0.000000000000  0.000500269020  0.005523384279  0.001502424659  0.000000000000  0.005022111578  0.002506744861  0.002004313605  0.002004313605  0.002004313605  
piranga_hepatica_ku9084 0.021368675558  0.022401827227  0.020344475414  0.016723159785  0.018265505416  0.020842215214  0.021881375103  0.021881375103  0.012132656491  0.013157857800  0.015710269112  0.013152104501  0.013146783485  0.011105163287  0.010594832861  0.012127507518  0.012127507518  0.012127507518  0.014173036887  0.013146783485  0.005022111578  0.005527233612  0.010591015917  0.006539126844  0.005022111578  0.000000000000  0.007553226955  0.007045900438  0.007045900438  0.007045900438  
piranga_rubra_sdsu2654 0.015693657274  0.016717884336  0.014675852823  0.011094107993  0.012622043407  0.015175397179  0.017233185907  0.017233185907  0.006539126844  0.007553226955  0.010085061922  0.007549909065  0.007547018884  0.005525095777  0.005020267156  0.006536400267  0.006536400267  0.007544556770  0.008562148416  0.007547018884  0.002506744861  0.003009719600  0.008054306627  0.004017304237  0.002506744861  0.007553226955  0.000000000000  0.000500269020  0.000500269020  0.000500269020  
piranga_rubra_sdsu2635 0.015179759528  0.016203153198  0.014162482705  0.010584674994  0.012111230902  0.014662369788  0.016717884336  0.016717884336  0.006032904969  0.007045900438  0.009575849244  0.007042878527  0.007040283980  0.005020267156  0.004515986029  0.006030473083  0.006030473083  0.007038117155  0.008054306627  0.007040283980  0.002004313605  0.002506744861  0.007547018884  0.003513238998  0.002004313605  0.007045900438  0.000500269020  0.000000000000  0.000000000000  0.000000000000  
piranga_rubra_ku7046 0.015179759528  0.016203153198  0.014162482705  0.010584674994  0.012111230902  0.014662369788  0.016717884336  0.016717884336  0.006032904969  0.007045900438  0.009575849244  0.007042878527  0.007040283980  0.005020267156  0.004515986029  0.006030473083  0.006030473083  0.007038117155  0.008054306627  0.007040283980  0.002004313605  0.002506744861  0.007547018884  0.003513238998  0.002004313605  0.007045900438  0.000500269020  0.000000000000  0.000000000000  0.000000000000  
piranga_rubra_ku26592 0.015179759528  0.016203153198  0.014162482705  0.010584674994  0.012111230902  0.014662369788  0.016717884336  0.016717884336  0.006032904969  0.007045900438  0.009575849244  0.007042878527  0.007040283980  0.005020267156  0.004515986029  0.006030473083  0.006030473083  0.007038117155  0.008054306627  0.007040283980  0.002004313605  0.002506744861  0.007547018884  0.003513238998  0.002004313605  0.007045900438  0.000500269020  0.000000000000  0.000000000000  0.000000000000  

