30
cardinalis_cardinalis_ku21828 0.000000000000  0.002505419311  0.015701146446  0.009069405637  0.014673223390  0.015695855400  0.010593334170  0.010593334170  0.014678351101  0.016210359615  0.017751181863  0.017229968295  0.017229968295  0.017745561632  0.020325283839  0.020325283839  0.017229968295  0.018767283419  0.028107356227  0.024473781754  0.022388939691  0.024465993169  0.024465993169  0.024465993169  0.023416272139  0.023944225174  0.025503289491  0.022388939691  0.021349941143  0.020837413503  
cardinalis_cardinalis_ku25393 0.002505419311  0.000000000000  0.015192326495  0.008564500317  0.014164931416  0.015186906777  0.010087522217  0.010087522217  0.014170187702  0.015701146446  0.017241043440  0.016719966674  0.016719966674  0.017235294343  0.019813551469  0.019813551469  0.016719966674  0.018256224431  0.027590773500  0.023959628756  0.021875872637  0.023951712485  0.023951712485  0.023951712485  0.022902405963  0.023430216556  0.024988335103  0.021875872637  0.020837413503  0.020325283839  
piranga_leucoptera_fmnh481795 0.015701146446  0.015192326495  0.000000000000  0.007546311985  0.017751181863  0.018778430807  0.013652066241  0.013652066241  0.017757225478  0.019295709089  0.019807173191  0.019283970498  0.019283970498  0.019801220386  0.022388939691  0.022388939691  0.019283970498  0.020825599645  0.030194377885  0.025503289491  0.024458634260  0.026542110133  0.026542110133  0.026542110133  0.025488656595  0.026542110133  0.028107356227  0.024458634260  0.023416272139  0.022902405963  
piranga_leucoptera_lsu7783 0.009069405637  0.008564500317  0.007546311985  0.000000000000  0.010080381392  0.011096016260  0.006030003402  0.006030003402  0.010083743502  0.011606126759  0.012113108723  0.011599767740  0.011599767740  0.012109850627  0.014664230278  0.014664230278  0.011599767740  0.013125251938  0.022376193082  0.018772644715  0.016710324750  0.018767283419  0.018767283419  0.018767283419  0.017731244939  0.018767283419  0.020313210965  0.016710324750  0.015682513812  0.015173174970  
piranga_erythrocephala_fmnh343370 0.014673223390  0.014164931416  0.017751181863  0.010080381392  0.000000000000  0.004012100816  0.008046807470  0.008046807470  0.015181908039  0.016714934171  0.018256224431  0.017735592799  0.017735592799  0.018251157926  0.020831293127  0.020831293127  0.017735592799  0.019273933927  0.028616286259  0.024980674606  0.022895947852  0.024973444504  0.024973444504  0.024973444504  0.023924340695  0.024973444504  0.026534404138  0.022895947852  0.021857006581  0.021343950323  
piranga_erythrocephala_fmnh343371 0.015695855400  0.015186906777  0.018778430807  0.011096016260  0.004012100816  0.000000000000  0.009059079592  0.009059079592  0.016205197641  0.017740365154  0.019283970498  0.018762347290  0.018762347290  0.019278739274  0.021862867441  0.021862867441  0.018762347290  0.020302844309  0.029659531046  0.026018645606  0.023930538906  0.026011242496  0.026011242496  0.026011242496  0.024960276972  0.026011242496  0.027574578847  0.023930538906  0.022889918751  0.022376193082  
piranga_rubriceps_lsu265 0.010593334170  0.010087522217  0.013652066241  0.006030003402  0.008046807470  0.009059079592  0.000000000000  0.000000000000  0.011099535463  0.012624028662  0.014155679062  0.013639689806  0.013639689806  0.014151683729  0.016714934171  0.016714934171  0.013639689806  0.015169441380  0.024451705397  0.020837413503  0.018767283419  0.020831293127  0.020831293127  0.020831293127  0.019790592676  0.020831293127  0.022382352240  0.018767283419  0.017735592799  0.017225065665  
piranga_rubriceps_lsu34818 0.010593334170  0.010087522217  0.013652066241  0.006030003402  0.008046807470  0.009059079592  0.000000000000  0.000000000000  0.011099535463  0.012624028662  0.014155679062  0.013639689806  0.013639689806  0.014151683729  0.016714934171  0.016714934171  0.013639689806  0.015169441380  0.024451705397  0.020837413503  0.018767283419  0.020831293127  0.020831293127  0.020831293127  0.019790592676  0.020831293127  0.022382352240  0.018767283419  0.017735592799  0.017225065665  
piranga_roseogularis_ku2049 0.014678351101  0.014170187702  0.017757225478  0.010083743502  0.015181908039  0.016205197641  0.011099535463  0.011099535463  0.000000000000  0.002504644957  0.012116785824  0.011602737910  0.011602737910  0.012113108723  0.014668516326  0.014668516326  0.011602737910  0.013128247319  0.022382352240  0.018778430807  0.016714934171  0.018772644715  0.018772644715  0.018772644715  0.017735592799  0.018772644715  0.020319034311  0.016714934171  0.015686538714  0.015177330646  
piranga_roseogularis_ku2141 0.016210359615  0.015701146446  0.019295709089  0.011606126759  0.016714934171  0.017740365154  0.012624028662  0.012624028662  0.002504644957  0.000000000000  0.013643395051  0.013128247319  0.013128247319  0.013639689806  0.016200458046  0.016200458046  0.013128247319  0.014656922709  0.023930538906  0.020319034311  0.018251157926  0.020313210965  0.020313210965  0.020313210965  0.019273933927  0.020313210965  0.021862867441  0.018251157926  0.017220586822  0.016710324750  
piranga_olivacea_ku4672 0.017751181863  0.017241043440  0.019807173191  0.012113108723  0.018256224431  0.019283970498  0.014155679062  0.014155679062  0.012116785824  0.013643395051  0.000000000000  0.002504281359  0.002504281359  0.003006356060  0.005523090055  0.005523090055  0.002504281359  0.004010932888  0.013128247319  0.009571623429  0.007542024864  0.009568964400  0.009568964400  0.009568964400  0.008551978904  0.009568964400  0.011092915043  0.007542024864  0.006530469344  0.006026586205  
piranga_lutea_ku89864 0.017229968295  0.016719966674  0.019283970498  0.011599767740  0.017735592799  0.018762347290  0.013639689806  0.013639689806  0.011602737910  0.013128247319  0.002504281359  0.000000000000  0.000000000000  0.000500263420  0.003008052231  0.003008052231  0.000000000000  0.001501529153  0.010586453149  0.007042179451  0.005019980237  0.007039697780  0.007039697780  0.007039697780  0.006026586205  0.007039697780  0.008558244465  0.005019980237  0.004012100816  0.003509884268  
piranga_hepatica_ku9084 0.017229968295  0.016719966674  0.019283970498  0.011599767740  0.017735592799  0.018762347290  0.013639689806  0.013639689806  0.011602737910  0.013128247319  0.002504281359  0.000000000000  0.000000000000  0.000500263420  0.003008052231  0.003008052231  0.000000000000  0.001501529153  0.010586453149  0.007042179451  0.005019980237  0.007039697780  0.007039697780  0.007039697780  0.006026586205  0.007039697780  0.008558244465  0.005019980237  0.004012100816  0.003509884268  
piranga_flava_ku90809 0.017745561632  0.017235294343  0.019801220386  0.012109850627  0.018251157926  0.019278739274  0.014151683729  0.014151683729  0.012113108723  0.013639689806  0.003006356060  0.000500263420  0.000500263420  0.000000000000  0.003511217743  0.003511217743  0.000500263420  0.002002822177  0.011096016260  0.007549077679  0.005524723282  0.007546311985  0.007546311985  0.007546311985  0.006531839233  0.007546311985  0.009066199818  0.005524723282  0.004515773127  0.004013303052  
piranga_flava_lsu15408 0.020325283839  0.019813551469  0.022388939691  0.014664230278  0.020831293127  0.021862867441  0.016714934171  0.016714934171  0.014668516326  0.016200458046  0.005523090055  0.003008052231  0.003008052231  0.003511217743  0.000000000000  0.005021744534  0.003008052231  0.004515773127  0.013647520652  0.010087522217  0.008053467258  0.010083743502  0.010083743502  0.010083743502  0.009063409958  0.010083743502  0.011609933920  0.008053467258  0.007039697780  0.006535821743  
piranga_olivacea_ku2699 0.020325283839  0.019813551469  0.022388939691  0.014664230278  0.020831293127  0.021862867441  0.016714934171  0.016714934171  0.014668516326  0.016200458046  0.005523090055  0.003008052231  0.003008052231  0.003511217743  0.005021744534  0.000000000000  0.003008052231  0.004515773127  0.013647520652  0.010087522217  0.008053467258  0.010083743502  0.010083743502  0.010083743502  0.009063409958  0.010083743502  0.011609933920  0.008053467258  0.007039697780  0.006535821743  
piranga_lutea_lsu5400 0.017229968295  0.016719966674  0.019283970498  0.011599767740  0.017735592799  0.018762347290  0.013639689806  0.013639689806  0.011602737910  0.013128247319  0.002504281359  0.000000000000  0.000000000000  0.000500263420  0.003008052231  0.003008052231  0.000000000000  0.001501529153  0.010586453149  0.007042179451  0.005019980237  0.007039697780  0.007039697780  0.007039697780  0.006026586205  0.007039697780  0.008558244465  0.005019980237  0.004012100816  0.003509884268  
piranga_hepatica_ku4970 0.018767283419  0.018256224431  0.020825599645  0.013125251938  0.019273933927  0.020302844309  0.015169441380  0.015169441380  0.013128247319  0.014656922709  0.004010932888  0.001501529153  0.001501529153  0.002002822177  0.004515773127  0.004515773127  0.001501529153  0.000000000000  0.012109850627  0.007543960924  0.006531839233  0.008555739813  0.008555739813  0.008555739813  0.007540504175  0.008555739813  0.010077436252  0.006531839233  0.005521870195  0.005018628623  
piranga_rubra_ku7046 0.028107356227  0.027590773500  0.030194377885  0.022376193082  0.028616286259  0.029659531046  0.024451705397  0.024451705397  0.022382352240  0.023930538906  0.013128247319  0.010586453149  0.010586453149  0.011096016260  0.013647520652  0.013647520652  0.010586453149  0.012109850627  0.000000000000  0.010589685012  0.008555739813  0.010586453149  0.010586453149  0.010586453149  0.009566722388  0.010586453149  0.012113108723  0.008555739813  0.007542024864  0.007037630424  
piranga_rubra_sdsu2654 0.024473781754  0.023959628756  0.025503289491  0.018772644715  0.024980674606  0.026018645606  0.020837413503  0.020837413503  0.018778430807  0.020319034311  0.009571623429  0.007042179451  0.007042179451  0.007549077679  0.010087522217  0.010087522217  0.007042179451  0.007543960924  0.010589685012  0.000000000000  0.005021744534  0.007042179451  0.007042179451  0.007042179451  0.006028087963  0.007042179451  0.008561164755  0.005021744534  0.004013303052  0.003511217743  
piranga_bidentata_itm141 0.022388939691  0.021875872637  0.024458634260  0.016710324750  0.022895947852  0.023930538906  0.018767283419  0.018767283419  0.016714934171  0.018251157926  0.007542024864  0.005019980237  0.005019980237  0.005524723282  0.008053467258  0.008053467258  0.005019980237  0.006531839233  0.008555739813  0.005021744534  0.000000000000  0.002003317858  0.002003317858  0.002003317858  0.001000764766  0.002003317858  0.003509884268  0.000000000000  0.002002822177  0.001501746748  
piranga_ludoviciana_sdsu2650 0.024465993169  0.023951712485  0.026542110133  0.018767283419  0.024973444504  0.026011242496  0.020831293127  0.020831293127  0.018772644715  0.020313210965  0.009568964400  0.007039697780  0.007039697780  0.007546311985  0.010083743502  0.010083743502  0.007039697780  0.008555739813  0.010586453149  0.007042179451  0.002003317858  0.000000000000  0.000000000000  0.000000000000  0.003006356060  0.004013303052  0.005524723282  0.002003317858  0.004012100816  0.003509884268  
piranga_ludoviciana_sdsu2385 0.024465993169  0.023951712485  0.026542110133  0.018767283419  0.024973444504  0.026011242496  0.020831293127  0.020831293127  0.018772644715  0.020313210965  0.009568964400  0.007039697780  0.007039697780  0.007546311985  0.010083743502  0.010083743502  0.007039697780  0.008555739813  0.010586453149  0.007042179451  0.002003317858  0.000000000000  0.000000000000  0.000000000000  0.003006356060  0.004013303052  0.005524723282  0.002003317858  0.004012100816  0.003509884268  
piranga_ludoviciana_sdsu2208 0.024465993169  0.023951712485  0.026542110133  0.018767283419  0.024973444504  0.026011242496  0.020831293127  0.020831293127  0.018772644715  0.020313210965  0.009568964400  0.007039697780  0.007039697780  0.007546311985  0.010083743502  0.010083743502  0.007039697780  0.008555739813  0.010586453149  0.007042179451  0.002003317858  0.000000000000  0.000000000000  0.000000000000  0.003006356060  0.004013303052  0.005524723282  0.002003317858  0.004012100816  0.003509884268  
piranga_ludoviciana_sdsu2648 0.023416272139  0.022902405963  0.025488656595  0.017731244939  0.023924340695  0.024960276972  0.019790592676  0.019790592676  0.017735592799  0.019273933927  0.008551978904  0.006026586205  0.006026586205  0.006531839233  0.009063409958  0.009063409958  0.006026586205  0.007540504175  0.009566722388  0.006028087963  0.001000764766  0.003006356060  0.003006356060  0.003006356060  0.000000000000  0.003006356060  0.004514702530  0.001000764766  0.003006124943  0.002504281359  
piranga_bidentata_itm160 0.023944225174  0.023430216556  0.026542110133  0.018767283419  0.024973444504  0.026011242496  0.020831293127  0.020831293127  0.018772644715  0.020313210965  0.009568964400  0.007039697780  0.007039697780  0.007546311985  0.010083743502  0.010083743502  0.007039697780  0.008555739813  0.010586453149  0.007042179451  0.002003317858  0.004013303052  0.004013303052  0.004013303052  0.003006356060  0.000000000000  0.002505419311  0.002003317858  0.004012100816  0.003509884268  
piranga_bidentata_tepe59 0.025503289491  0.024988335103  0.028107356227  0.020313210965  0.026534404138  0.027574578847  0.022382352240  0.022382352240  0.020319034311  0.021862867441  0.011092915043  0.008558244465  0.008558244465  0.009066199818  0.011609933920  0.011609933920  0.008558244465  0.010077436252  0.012113108723  0.008561164755  0.003509884268  0.005524723282  0.005524723282  0.005524723282  0.004514702530  0.002505419311  0.000000000000  0.003509884268  0.005523090055  0.005019980237  
piranga_bidentata_hgoslp104 0.022388939691  0.021875872637  0.024458634260  0.016710324750  0.022895947852  0.023930538906  0.018767283419  0.018767283419  0.016714934171  0.018251157926  0.007542024864  0.005019980237  0.005019980237  0.005524723282  0.008053467258  0.008053467258  0.005019980237  0.006531839233  0.008555739813  0.005021744534  0.000000000000  0.002003317858  0.002003317858  0.002003317858  0.001000764766  0.002003317858  0.003509884268  0.000000000000  0.002002822177  0.001501746748  
piranga_rubra_sdsu2635 0.021349941143  0.020837413503  0.023416272139  0.015682513812  0.021857006581  0.022889918751  0.017735592799  0.017735592799  0.015686538714  0.017220586822  0.006530469344  0.004012100816  0.004012100816  0.004515773127  0.007039697780  0.007039697780  0.004012100816  0.005521870195  0.007542024864  0.004013303052  0.002002822177  0.004012100816  0.004012100816  0.004012100816  0.003006124943  0.004012100816  0.005523090055  0.002002822177  0.000000000000  0.000500191084  
piranga_rubra_ku26592 0.020837413503  0.020325283839  0.022902405963  0.015173174970  0.021343950323  0.022376193082  0.017225065665  0.017225065665  0.015177330646  0.016710324750  0.006026586205  0.003509884268  0.003509884268  0.004013303052  0.006535821743  0.006535821743  0.003509884268  0.005018628623  0.007037630424  0.003511217743  0.001501746748  0.003509884268  0.003509884268  0.003509884268  0.002504281359  0.003509884268  0.005019980237  0.001501746748  0.000500191084  0.000000000000  

