30
piranga_rubra_ku26592 0.000000000000  0.002518294651  0.003787390118  0.003819977530  0.006375043372  0.008912469458  0.000000000000  0.006515136113  0.002524652481  0.002613736121  0.000000000000  0.000000000000  0.005229051891  0.000000000000  0.003792177628  0.002780913693  0.003786229674  0.003815119621  0.008316838065  0.005057162957  0.004845735785  0.002521469558  0.005099611651  0.006330811593  0.005093118370  0.003144238666  0.005491049679  0.003787390118  0.005057162957  0.006326643567  
piranga_flava_ku90809 0.002518294651  0.000000000000  0.001259761377  0.001270578956  0.003816297888  0.006353293095  0.000000000000  0.004882826992  0.002526525231  0.000000000000  0.000000000000  0.000000000000  0.002608919245  0.000000000000  0.001261350379  0.000000000000  0.001259377975  0.001268966633  0.004144223183  0.002523337583  0.003227887041  0.000000000000  0.002543920060  0.003790751792  0.002540688400  0.000000000000  0.003655053758  0.001259761377  0.002523337583  0.003787390118  
piranga_ludoviciana_sdsu2385 0.003787390118  0.001259761377  0.000000000000  0.002543920060  0.005095818941  0.007635642923  0.000000000000  0.006523216481  0.003795547819  0.001305822092  0.000000000000  0.000000000000  0.003919521461  0.000000000000  0.002526525231  0.001391205510  0.002524652481  0.002540688400  0.002062703114  0.003790751792  0.003227887041  0.001261350379  0.003821158808  0.005062027391  0.003816297888  0.003146630893  0.001824675815  0.002523337583  0.003795547819  0.005057162957  
piranga_rubriceps_lsu265 0.003819977530  0.001270578956  0.002543920060  0.000000000000  0.005099611651  0.006395595614  0.000000000000  0.004933391562  0.003821158808  0.001317448825  0.000000000000  0.000000000000  0.003952038026  0.000000000000  0.002543920060  0.001404410098  0.001270578956  0.002544255664  0.006314467895  0.003821158808  0.003227887041  0.001270578956  0.001270969211  0.005102319134  0.003819977530  0.000000000000  0.005562317152  0.002543920060  0.003821158808  0.005099611651  
piranga_leucoptera_lsu7783 0.006375043372  0.003816297888  0.005095818941  0.005099611651  0.000000000000  0.008981080742  0.000000000000  0.003280838185  0.006387425194  0.003957251125  0.000000000000  0.000000000000  0.006598155112  0.000000000000  0.005095818941  0.004218805745  0.003821158808  0.005093118370  0.006310526806  0.006379275622  0.003227887041  0.003821158808  0.003819977530  0.007666692216  0.003815119621  0.000000000000  0.003695576511  0.005095818941  0.006379275622  0.007660918827  
cardinalis_cardinalis_ku25393 0.008912469458  0.006353293095  0.007635642923  0.006395595614  0.008981080742  0.000000000000  0.000000000000  0.001623901355  0.008921945827  0.006587677072  0.000000000000  0.000000000000  0.009215604246  0.000000000000  0.007645372751  0.007022552391  0.007627705029  0.006395595614  0.012584572620  0.008921945827  0.003227887041  0.006353293095  0.007686335651  0.010212226253  0.007686335651  0.006337187980  0.009211801803  0.007635642923  0.008933332362  0.010201201885  
piranga_olivacea_ku2699 0.000000000000  0.000000000000  0.000000000000  0.000000000000  0.000000000000  0.000000000000  0.000000000000  0.000000000000  0.000000000000  0.000000000000  0.000000000000  0.000000000000  0.000000000000  0.000000000000  0.000000000000  0.000000000000  0.000000000000  0.000000000000  0.000000000000  0.000000000000  0.000000000000  0.000000000000  0.000000000000  0.000000000000  0.000000000000  0.000000000000  0.002898196927  0.002900229150  0.000000000000  0.002898196927  
cardinalis_cardinalis_ku21828 0.006515136113  0.004882826992  0.006523216481  0.004933391562  0.003280838185  0.001623901355  0.000000000000  0.000000000000  0.006533872164  0.004882826992  0.000000000000  0.000000000000  0.006523216481  0.000000000000  0.006533872164  0.004882826992  0.006525765359  0.004925292025  0.010799537219  0.008170080231  0.003841722708  0.004890787373  0.004933391562  0.008170080231  0.004925292025  0.003146630893  0.007340074467  0.006523216481  0.008183452552  0.009810327165  
piranga_rubra_ku7046 0.002524652481  0.002526525231  0.003795547819  0.003821158808  0.006387425194  0.008921945827  0.000000000000  0.006533872164  0.000000000000  0.002619169079  0.000000000000  0.000000000000  0.005241111554  0.000000000000  0.003800355996  0.002790954234  0.003792177628  0.003821158808  0.008347403301  0.005068441617  0.003227887041  0.002526525231  0.005102319134  0.006345230318  0.005102319134  0.003156563481  0.005503574249  0.003795547819  0.002529720943  0.006338837728  
piranga_bidentata_hgoslp104 0.002613736121  0.000000000000  0.001305822092  0.001317448825  0.003957251125  0.006587677072  0.000000000000  0.004882826992  0.002619169079  0.000000000000  0.000000000000  0.000000000000  0.001351714703  0.000000000000  0.001307529494  0.000000000000  0.001307116464  0.001315715436  0.004144223183  0.002615743531  0.003380661340  0.000000000000  0.002637867584  0.003929790134  0.002634392987  0.000000000000  0.003655053758  0.001305822092  0.002619169079  0.003926177210  
piranga_ludoviciana_sdsu2648 0.000000000000  0.000000000000  0.000000000000  0.000000000000  0.000000000000  0.000000000000  0.000000000000  0.000000000000  0.000000000000  0.000000000000  0.000000000000  0.000000000000  0.000000000000  0.000000000000  0.000000000000  0.000000000000  0.000000000000  0.000000000000  0.000000000000  0.000000000000  0.000000000000  0.000000000000  0.000000000000  0.001920119901  0.000000000000  0.000000000000  0.002207298920  0.001920119901  0.000000000000  0.001919229170  
piranga_roseogularis_ku2049 0.000000000000  0.000000000000  0.000000000000  0.000000000000  0.000000000000  0.000000000000  0.000000000000  0.000000000000  0.000000000000  0.000000000000  0.000000000000  0.000000000000  0.000000000000  0.000000000000  0.002045823375  0.000000000000  0.000000000000  0.000000000000  0.000000000000  0.000000000000  0.002045823375  0.000000000000  0.000000000000  0.002045823375  0.000000000000  0.000000000000  0.002083149101  0.002045823375  0.002045823375  0.002044812195  
piranga_hepatica_ku4970 0.005229051891  0.002608919245  0.003919521461  0.003952038026  0.006598155112  0.009215604246  0.000000000000  0.006523216481  0.005241111554  0.001351714703  0.000000000000  0.000000000000  0.000000000000  0.000000000000  0.003924649081  0.001443415851  0.003921045608  0.003946838645  0.006231872529  0.005234253138  0.004851242928  0.002612326931  0.005277344573  0.006553140381  0.005270391077  0.003146630893  0.005493496182  0.003919521461  0.005241111554  0.006546321776  
piranga_hepatica_ku9084 0.000000000000  0.000000000000  0.000000000000  0.000000000000  0.000000000000  0.000000000000  0.000000000000  0.000000000000  0.000000000000  0.000000000000  0.000000000000  0.000000000000  0.000000000000  0.000000000000  0.000000000000  0.000000000000  0.000000000000  0.000000000000  0.000000000000  0.000000000000  0.000000000000  0.000000000000  0.000000000000  0.002092922724  0.000000000000  0.000000000000  0.002231931671  0.002092922724  0.000000000000  0.002091864447  
piranga_rubra_sdsu2654 0.003792177628  0.001261350379  0.002526525231  0.002543920060  0.005095818941  0.007645372751  0.000000000000  0.006533872164  0.003800355996  0.001307529494  0.000000000000  0.002045823375  0.003924649081  0.000000000000  0.000000000000  0.001393143661  0.001262943394  0.002540688400  0.006244845130  0.003795547819  0.004851242928  0.001262943394  0.003821158808  0.005068441617  0.003816297888  0.003146630893  0.005503574249  0.002526525231  0.001261350379  0.005063564841  
piranga_flava_lsu15408 0.002780913693  0.000000000000  0.001391205510  0.001404410098  0.004218805745  0.007022552391  0.000000000000  0.004882826992  0.002790954234  0.000000000000  0.000000000000  0.000000000000  0.001443415851  0.000000000000  0.001393143661  0.000000000000  0.001390737922  0.001402440495  0.004144223183  0.002787064935  0.003672420510  0.000000000000  0.002812195658  0.004187609514  0.002808246979  0.000000000000  0.003655053758  0.001391205510  0.002787064935  0.004183506713  
piranga_lutea_lsu5400 0.003786229674  0.001259377975  0.002524652481  0.001270578956  0.003821158808  0.007627705029  0.000000000000  0.006525765359  0.003792177628  0.001307116464  0.000000000000  0.000000000000  0.003921045608  0.000000000000  0.001262943394  0.001390737922  0.000000000000  0.001270578956  0.006235716300  0.003792177628  0.003227887041  0.001259377975  0.002543920060  0.005063564841  0.002543920060  0.000000000000  0.005501118730  0.002524652481  0.002526525231  0.005060898432  
piranga_olivacea_ku4672 0.003815119621  0.001268966633  0.002540688400  0.002544255664  0.005093118370  0.006395595614  0.000000000000  0.004925292025  0.003821158808  0.001315715436  0.000000000000  0.000000000000  0.003946838645  0.000000000000  0.002540688400  0.001402440495  0.001270578956  0.000000000000  0.006301204784  0.003816297888  0.003227887041  0.001270578956  0.003819977530  0.005095818941  0.003815119621  0.000000000000  0.005552023032  0.002540688400  0.003816297888  0.005093118370  
piranga_ludoviciana_sdsu2208 0.008316838065  0.004144223183  0.002062703114  0.006314467895  0.006310526806  0.012584572620  0.000000000000  0.010799537219  0.008347403301  0.004144223183  0.000000000000  0.000000000000  0.006231872529  0.000000000000  0.006244845130  0.004144223183  0.006235716300  0.006301204784  0.000000000000  0.008330019215  0.005382155855  0.004152828378  0.008439676559  0.010438769344  0.008421906504  0.003146630893  0.002397838177  0.006231872529  0.008347403301  0.008330019215  
piranga_bidentata_itm160 0.005057162957  0.002523337583  0.003790751792  0.003821158808  0.006379275622  0.008921945827  0.000000000000  0.008170080231  0.005068441617  0.002615743531  0.000000000000  0.000000000000  0.005234253138  0.000000000000  0.003795547819  0.002787064935  0.003792177628  0.003816297888  0.008330019215  0.000000000000  0.003227887041  0.002526525231  0.005102319134  0.006337187980  0.005095818941  0.006317171046  0.007340074467  0.003790751792  0.005068441617  0.001259377975  
piranga_leucoptera_fmnh481795 0.004845735785  0.003227887041  0.003227887041  0.003227887041  0.003227887041  0.003227887041  0.000000000000  0.003841722708  0.003227887041  0.003380661340  0.000000000000  0.002045823375  0.004851242928  0.000000000000  0.004851242928  0.003672420510  0.003227887041  0.003227887041  0.005382155855  0.003227887041  0.000000000000  0.003227887041  0.003227887041  0.004851242928  0.003227887041  0.006978445507  0.005974907928  0.004851242928  0.004851242928  0.004845735785  
piranga_lutea_ku89864 0.002521469558  0.000000000000  0.001261350379  0.001270578956  0.003821158808  0.006353293095  0.000000000000  0.004890787373  0.002526525231  0.000000000000  0.000000000000  0.000000000000  0.002612326931  0.000000000000  0.001262943394  0.000000000000  0.001259377975  0.001270578956  0.004152828378  0.002526525231  0.003227887041  0.000000000000  0.002543920060  0.003795547819  0.002543920060  0.000000000000  0.003661745723  0.001261350379  0.002526525231  0.003792177628  
piranga_rubriceps_lsu34818 0.005099611651  0.002543920060  0.003821158808  0.001270969211  0.003819977530  0.007686335651  0.000000000000  0.004933391562  0.005102319134  0.002637867584  0.000000000000  0.000000000000  0.005277344573  0.000000000000  0.003821158808  0.002812195658  0.002543920060  0.003819977530  0.008439676559  0.005102319134  0.003227887041  0.002543920060  0.000000000000  0.006387425194  0.002544255664  0.000000000000  0.005562317152  0.003821158808  0.005102319134  0.006383182095  
piranga_roseogularis_ku2141 0.006330811593  0.003790751792  0.005062027391  0.005102319134  0.007666692216  0.010212226253  0.000000000000  0.008170080231  0.006345230318  0.003929790134  0.001920119901  0.002045823375  0.006553140381  0.002092922724  0.005068441617  0.004187609514  0.005063564841  0.005095818941  0.010438769344  0.006337187980  0.004851242928  0.003795547819  0.006387425194  0.000000000000  0.006379275622  0.003146630893  0.005493496182  0.005062027391  0.006345230318  0.007608359758  
piranga_erythrocephala_fmnh343371 0.005093118370  0.002540688400  0.003816297888  0.003819977530  0.003815119621  0.007686335651  0.000000000000  0.004925292025  0.005102319134  0.002634392987  0.000000000000  0.000000000000  0.005270391077  0.000000000000  0.003816297888  0.002808246979  0.002543920060  0.003815119621  0.008421906504  0.005095818941  0.003227887041  0.002543920060  0.002544255664  0.006379275622  0.000000000000  0.003144238666  0.005552023032  0.003816297888  0.005095818941  0.006375043372  
piranga_erythrocephala_fmnh343370 0.003144238666  0.000000000000  0.003146630893  0.000000000000  0.000000000000  0.006337187980  0.000000000000  0.003146630893  0.003156563481  0.000000000000  0.000000000000  0.000000000000  0.003146630893  0.000000000000  0.003146630893  0.000000000000  0.000000000000  0.000000000000  0.003146630893  0.006317171046  0.006978445507  0.000000000000  0.000000000000  0.003146630893  0.003144238666  0.000000000000  0.003146630893  0.000000000000  0.006317171046  0.006317171046  
piranga_ludoviciana_sdsu2650 0.005491049679  0.003655053758  0.001824675815  0.005562317152  0.003695576511  0.009211801803  0.002898196927  0.007340074467  0.005503574249  0.003655053758  0.002207298920  0.002083149101  0.005493496182  0.002231931671  0.005503574249  0.003655053758  0.005501118730  0.005552023032  0.002397838177  0.007340074467  0.005974907928  0.003661745723  0.005562317152  0.005493496182  0.005552023032  0.003146630893  0.000000000000  0.005493496182  0.007353568698  0.009186048352  
piranga_bidentata_tepe59 0.003787390118  0.001259761377  0.002523337583  0.002543920060  0.005095818941  0.007635642923  0.002900229150  0.006523216481  0.003795547819  0.001305822092  0.001920119901  0.002045823375  0.003919521461  0.002092922724  0.002526525231  0.001391205510  0.002524652481  0.002540688400  0.006231872529  0.003790751792  0.004851242928  0.001261350379  0.003821158808  0.005062027391  0.003816297888  0.000000000000  0.005493496182  0.000000000000  0.003795547819  0.005057162957  
piranga_rubra_sdsu2635 0.005057162957  0.002523337583  0.003795547819  0.003821158808  0.006379275622  0.008933332362  0.000000000000  0.008183452552  0.002529720943  0.002619169079  0.000000000000  0.002045823375  0.005241111554  0.000000000000  0.001261350379  0.002787064935  0.002526525231  0.003816297888  0.008347403301  0.005068441617  0.004851242928  0.002526525231  0.005102319134  0.006345230318  0.005095818941  0.006317171046  0.007353568698  0.003795547819  0.000000000000  0.006338837728  
piranga_bidentata_itm141 0.006326643567  0.003787390118  0.005057162957  0.005099611651  0.007660918827  0.010201201885  0.002898196927  0.009810327165  0.006338837728  0.003926177210  0.001919229170  0.002044812195  0.006546321776  0.002091864447  0.005063564841  0.004183506713  0.005060898432  0.005093118370  0.008330019215  0.001259377975  0.004845735785  0.003792177628  0.006383182095  0.007608359758  0.006375043372  0.006317171046  0.009186048352  0.005057162957  0.006338837728  0.000000000000  

