30
cardinalis_cardinalis_ku21828 0.000000000000  0.000000000000  0.024992845797  0.021879354022  0.015715332686  0.016218118564  0.017256553904  0.017773535298  0.017256553904  0.017256553904  0.013156829446  0.014177833890  0.014177833890  0.014177833890  0.016740142322  0.014171996873  0.019823563331  0.015200322351  0.016230909743  0.013156829446  0.012644038299  0.015194313917  0.015194313917  0.012644038299  0.012644038299  0.014184098509  0.015194313917  0.015194313917  0.014177833890  0.014177833890  
cardinalis_cardinalis_ku25393 0.000000000000  0.000000000000  0.024992845797  0.021879354022  0.015715332686  0.016218118564  0.017256553904  0.017773535298  0.017256553904  0.017256553904  0.013156829446  0.014177833890  0.014177833890  0.014177833890  0.016740142322  0.014171996873  0.019823563331  0.015200322351  0.016230909743  0.013156829446  0.012644038299  0.015194313917  0.015194313917  0.012644038299  0.012644038299  0.014184098509  0.015194313917  0.015194313917  0.014177833890  0.014177833890  
piranga_erythrocephala_fmnh343371 0.024992845797  0.024992845797  0.000000000000  0.003007058123  0.013126141659  0.013631906673  0.014658064101  0.015170714099  0.016703817140  0.016703817140  0.012615429891  0.013634443806  0.013634443806  0.013634443806  0.018248422270  0.015680198093  0.021335748858  0.016707711575  0.017737483394  0.013637410722  0.012105274206  0.014652232871  0.014652232871  0.012105274206  0.012105274206  0.013637410722  0.014652232871  0.014652232871  0.013634443806  0.013634443806  
piranga_erythrocephala_fmnh343370 0.021879354022  0.021879354022  0.003007058123  0.000000000000  0.010073281136  0.010578131565  0.011597886924  0.012107782471  0.013634443806  0.013634443806  0.009565303086  0.010579757546  0.010579757546  0.010579757546  0.015170714099  0.012615429891  0.018244058906  0.013637410722  0.014661625609  0.010581810527  0.009057875185  0.011593887909  0.011593887909  0.009057875185  0.009057875185  0.010581810527  0.011593887909  0.011593887909  0.010579757546  0.010579757546  
piranga_leucoptera_fmnh481795 0.015715332686  0.015715332686  0.013126141659  0.010073281136  0.000000000000  0.002504679255  0.004515907531  0.005020161780  0.007544337087  0.007544337087  0.003509976240  0.004515907531  0.004515907531  0.004515907531  0.009066829384  0.006533925303  0.012114082696  0.007546760039  0.008561788980  0.004517434857  0.003007058123  0.005522012763  0.005522012763  0.003007058123  0.003007058123  0.004517434857  0.005522012763  0.005522012763  0.004515907531  0.004515907531  
piranga_leucoptera_lsu7783 0.016218118564  0.016218118564  0.013631906673  0.010578131565  0.002504679255  0.000000000000  0.005017792643  0.005522012763  0.008047126605  0.008047126605  0.004011376143  0.005017792643  0.005017792643  0.005017792643  0.009569515194  0.007036227992  0.012618233533  0.008048993883  0.009063953681  0.005018766645  0.003508491976  0.006024939517  0.006024939517  0.003508491976  0.003508491976  0.005018766645  0.006024939517  0.006024939517  0.005017792643  0.005017792643  
piranga_rubriceps_lsu265 0.017256553904  0.017256553904  0.014658064101  0.011597886924  0.004515907531  0.005017792643  0.000000000000  0.000500266980  0.009063953681  0.009063953681  0.005020161780  0.006028327801  0.006028327801  0.006028327801  0.010590527810  0.008051285015  0.013644632433  0.009066829384  0.010084579729  0.006030301304  0.004515907531  0.007036227992  0.007036227992  0.004515907531  0.004515907531  0.006030301304  0.007036227992  0.007036227992  0.006028327801  0.006028327801  
piranga_rubriceps_lsu34818 0.017773535298  0.017773535298  0.015170714099  0.012107782471  0.005020161780  0.005522012763  0.000500266980  0.000000000000  0.009572259270  0.009572259270  0.005524959314  0.006533925303  0.006533925303  0.006533925303  0.011100493165  0.008558782051  0.014157054988  0.009575428211  0.010594285140  0.006536188926  0.005020161780  0.007542337292  0.007542337292  0.005020161780  0.005020161780  0.006536188926  0.007542337292  0.007542337292  0.006533925303  0.006533925303  
piranga_roseogularis_ku2049 0.017256553904  0.017256553904  0.016703817140  0.013634443806  0.007544337087  0.008047126605  0.009063953681  0.009572259270  0.000000000000  0.000000000000  0.005020161780  0.006028327801  0.006028327801  0.006028327801  0.010590527810  0.008051285015  0.013644632433  0.009066829384  0.010084579729  0.006030301304  0.004515907531  0.007036227992  0.007036227992  0.004515907531  0.004515907531  0.006030301304  0.007036227992  0.007036227992  0.006028327801  0.006028327801  
piranga_roseogularis_ku2141 0.017256553904  0.017256553904  0.016703817140  0.013634443806  0.007544337087  0.008047126605  0.009063953681  0.009572259270  0.000000000000  0.000000000000  0.005020161780  0.006028327801  0.006028327801  0.006028327801  0.010590527810  0.008051285015  0.013644632433  0.009066829384  0.010084579729  0.006030301304  0.004515907531  0.007036227992  0.007036227992  0.004515907531  0.004515907531  0.006030301304  0.007036227992  0.007036227992  0.006028327801  0.006028327801  
piranga_ludoviciana_sdsu2650 0.013156829446  0.013156829446  0.012615429891  0.009565303086  0.003509976240  0.004011376143  0.005020161780  0.005524959314  0.005020161780  0.005020161780  0.000000000000  0.001000708928  0.002003350615  0.002003350615  0.006536188926  0.004013434764  0.009572259270  0.005021977687  0.006032696241  0.002004280833  0.000500266980  0.003006392824  0.003006392824  0.000500266980  0.000500266980  0.002004280833  0.003006392824  0.003006392824  0.002003350615  0.002003350615  
piranga_bidentata_itm160 0.014177833890  0.014177833890  0.013634443806  0.010579757546  0.004515907531  0.005017792643  0.006028327801  0.006533925303  0.006028327801  0.006028327801  0.001000708928  0.000000000000  0.003007058123  0.003007058123  0.007546760039  0.005020161780  0.010587196023  0.006030301304  0.007042623359  0.003008142519  0.001501761570  0.004011376143  0.004011376143  0.001501761570  0.001501761570  0.003008142519  0.004011376143  0.004011376143  0.003007058123  0.003007058123  
piranga_olivacea_ku2699 0.014177833890  0.014177833890  0.013634443806  0.010579757546  0.004515907531  0.005017792643  0.006028327801  0.006533925303  0.006028327801  0.006028327801  0.002003350615  0.003007058123  0.000000000000  0.000000000000  0.007546760039  0.005020161780  0.010587196023  0.006030301304  0.007042623359  0.003008142519  0.001501761570  0.004011376143  0.004011376143  0.001501761570  0.001501761570  0.003008142519  0.004011376143  0.004011376143  0.003007058123  0.003007058123  
piranga_olivacea_ku4672 0.014177833890  0.014177833890  0.013634443806  0.010579757546  0.004515907531  0.005017792643  0.006028327801  0.006533925303  0.006028327801  0.006028327801  0.002003350615  0.003007058123  0.000000000000  0.000000000000  0.007546760039  0.005020161780  0.010587196023  0.006030301304  0.007042623359  0.003008142519  0.001501761570  0.004011376143  0.004011376143  0.001501761570  0.001501761570  0.003008142519  0.004011376143  0.004011376143  0.003007058123  0.003007058123  
piranga_flava_ku90809 0.016740142322  0.016740142322  0.018248422270  0.015170714099  0.009066829384  0.009569515194  0.010590527810  0.011100493165  0.010590527810  0.010590527810  0.006536188926  0.007546760039  0.007546760039  0.007546760039  0.000000000000  0.002505477214  0.008051285015  0.003511347688  0.004519382266  0.004515907531  0.006030301304  0.008556198950  0.008556198950  0.006030301304  0.006030301304  0.007549605786  0.008556198950  0.008556198950  0.007546760039  0.007546760039  
piranga_flava_lsu15408 0.014171996873  0.014171996873  0.015680198093  0.012615429891  0.006533925303  0.007036227992  0.008051285015  0.008558782051  0.008051285015  0.008051285015  0.004013434764  0.005020161780  0.005020161780  0.005020161780  0.002505477214  0.000000000000  0.005523275307  0.001001068683  0.002004280833  0.002002838481  0.003509976240  0.006026776094  0.006026776094  0.003509976240  0.003509976240  0.005021977687  0.006026776094  0.006026776094  0.005020161780  0.005020161780  
piranga_hepatica_ku4970 0.019823563331  0.019823563331  0.021335748858  0.018244058906  0.012114082696  0.012618233533  0.013644632433  0.014157054988  0.013644632433  0.013644632433  0.009572259270  0.010587196023  0.010587196023  0.010587196023  0.008051285015  0.005523275307  0.000000000000  0.004514800646  0.005523275307  0.007542337292  0.009063953681  0.011600528134  0.011600528134  0.009063953681  0.009063953681  0.010590527810  0.011600528134  0.011600528134  0.010587196023  0.010587196023  
piranga_lutea_lsu5400 0.015200322351  0.015200322351  0.016707711575  0.013637410722  0.007546760039  0.008048993883  0.009066829384  0.009575428211  0.009066829384  0.009066829384  0.005021977687  0.006030301304  0.006030301304  0.006030301304  0.003511347688  0.001001068683  0.004514800646  0.000000000000  0.001001068683  0.003007058123  0.004517434857  0.007037937079  0.007037937079  0.004517434857  0.004517434857  0.006032696241  0.007037937079  0.007037937079  0.006030301304  0.006030301304  
piranga_hepatica_ku9084 0.016230909743  0.016230909743  0.017737483394  0.014661625609  0.008561788980  0.009063953681  0.010084579729  0.010594285140  0.010084579729  0.010084579729  0.006032696241  0.007042623359  0.007042623359  0.007042623359  0.004519382266  0.002004280833  0.005523275307  0.001001068683  0.000000000000  0.004013434764  0.005527064424  0.008051285015  0.008051285015  0.005527064424  0.005527064424  0.007045599831  0.008051285015  0.008051285015  0.007042623359  0.007042623359  
piranga_lutea_ku89864 0.013156829446  0.013156829446  0.013637410722  0.010581810527  0.004517434857  0.005018766645  0.006030301304  0.006536188926  0.006030301304  0.006030301304  0.002004280833  0.003008142519  0.003008142519  0.003008142519  0.004515907531  0.002002838481  0.007542337292  0.003007058123  0.004013434764  0.000000000000  0.001502406251  0.004012195397  0.004012195397  0.001502406251  0.001502406251  0.003009645651  0.004012195397  0.004012195397  0.003008142519  0.003008142519  
piranga_ludoviciana_sdsu2385 0.012644038299  0.012644038299  0.012105274206  0.009057875185  0.003007058123  0.003508491976  0.004515907531  0.005020161780  0.004515907531  0.004515907531  0.000500266980  0.001501761570  0.001501761570  0.001501761570  0.006030301304  0.003509976240  0.009063953681  0.004517434857  0.005527064424  0.001502406251  0.000000000000  0.002504300067  0.002504300067  0.000000000000  0.000000000000  0.001502406251  0.002504300067  0.002504300067  0.001501761570  0.001501761570  
piranga_ludoviciana_sdsu2648 0.015194313917  0.015194313917  0.014652232871  0.011593887909  0.005522012763  0.006024939517  0.007036227992  0.007542337292  0.007036227992  0.007036227992  0.003006392824  0.004011376143  0.004011376143  0.004011376143  0.008556198950  0.006026776094  0.011600528134  0.007037937079  0.008051285015  0.004012195397  0.002504300067  0.000000000000  0.000000000000  0.002504300067  0.002504300067  0.004012195397  0.005017240137  0.005017240137  0.004011376143  0.004011376143  
piranga_ludoviciana_sdsu2208 0.015194313917  0.015194313917  0.014652232871  0.011593887909  0.005522012763  0.006024939517  0.007036227992  0.007542337292  0.007036227992  0.007036227992  0.003006392824  0.004011376143  0.004011376143  0.004011376143  0.008556198950  0.006026776094  0.011600528134  0.007037937079  0.008051285015  0.004012195397  0.002504300067  0.000000000000  0.000000000000  0.002504300067  0.002504300067  0.004012195397  0.005017240137  0.005017240137  0.004011376143  0.004011376143  
piranga_bidentata_hgoslp104 0.012644038299  0.012644038299  0.012105274206  0.009057875185  0.003007058123  0.003508491976  0.004515907531  0.005020161780  0.004515907531  0.004515907531  0.000500266980  0.001501761570  0.001501761570  0.001501761570  0.006030301304  0.003509976240  0.009063953681  0.004517434857  0.005527064424  0.001502406251  0.000000000000  0.002504300067  0.002504300067  0.000000000000  0.000000000000  0.001502406251  0.002504300067  0.002504300067  0.001501761570  0.001501761570  
piranga_bidentata_tepe59 0.012644038299  0.012644038299  0.012105274206  0.009057875185  0.003007058123  0.003508491976  0.004515907531  0.005020161780  0.004515907531  0.004515907531  0.000500266980  0.001501761570  0.001501761570  0.001501761570  0.006030301304  0.003509976240  0.009063953681  0.004517434857  0.005527064424  0.001502406251  0.000000000000  0.002504300067  0.002504300067  0.000000000000  0.000000000000  0.001502406251  0.002504300067  0.002504300067  0.001501761570  0.001501761570  
piranga_bidentata_itm141 0.014184098509  0.014184098509  0.013637410722  0.010581810527  0.004517434857  0.005018766645  0.006030301304  0.006536188926  0.006030301304  0.006030301304  0.002004280833  0.003008142519  0.003008142519  0.003008142519  0.007549605786  0.005021977687  0.010590527810  0.006032696241  0.007045599831  0.003009645651  0.001502406251  0.004012195397  0.004012195397  0.001502406251  0.001502406251  0.000000000000  0.004012195397  0.004012195397  0.003008142519  0.003008142519  
piranga_rubra_sdsu2635 0.015194313917  0.015194313917  0.014652232871  0.011593887909  0.005522012763  0.006024939517  0.007036227992  0.007542337292  0.007036227992  0.007036227992  0.003006392824  0.004011376143  0.004011376143  0.004011376143  0.008556198950  0.006026776094  0.011600528134  0.007037937079  0.008051285015  0.004012195397  0.002504300067  0.005017240137  0.005017240137  0.002504300067  0.002504300067  0.004012195397  0.000000000000  0.000000000000  0.001000766609  0.001000766609  
piranga_rubra_sdsu2654 0.015194313917  0.015194313917  0.014652232871  0.011593887909  0.005522012763  0.006024939517  0.007036227992  0.007542337292  0.007036227992  0.007036227992  0.003006392824  0.004011376143  0.004011376143  0.004011376143  0.008556198950  0.006026776094  0.011600528134  0.007037937079  0.008051285015  0.004012195397  0.002504300067  0.005017240137  0.005017240137  0.002504300067  0.002504300067  0.004012195397  0.000000000000  0.000000000000  0.001000766609  0.001000766609  
piranga_rubra_ku7046 0.014177833890  0.014177833890  0.013634443806  0.010579757546  0.004515907531  0.005017792643  0.006028327801  0.006533925303  0.006028327801  0.006028327801  0.002003350615  0.003007058123  0.003007058123  0.003007058123  0.007546760039  0.005020161780  0.010587196023  0.006030301304  0.007042623359  0.003008142519  0.001501761570  0.004011376143  0.004011376143  0.001501761570  0.001501761570  0.003008142519  0.001000766609  0.001000766609  0.000000000000  0.000000000000  
piranga_rubra_ku26592 0.014177833890  0.014177833890  0.013634443806  0.010579757546  0.004515907531  0.005017792643  0.006028327801  0.006533925303  0.006028327801  0.006028327801  0.002003350615  0.003007058123  0.003007058123  0.003007058123  0.007546760039  0.005020161780  0.010587196023  0.006030301304  0.007042623359  0.003008142519  0.001501761570  0.004011376143  0.004011376143  0.001501761570  0.001501761570  0.003008142519  0.001000766609  0.001000766609  0.000000000000  0.000000000000  

