30
cardinalis_cardinalis_ku21828 0.000000000000  0.000000000000  0.021338076888  0.018255125486  0.014168102812  0.014671437192  0.013142353378  0.013142353378  0.011115139648  0.011115139648  0.011604389231  0.013638348841  0.010085344529  0.010085344529  0.016713623417  0.014666896733  0.013645772251  0.011604389231  0.013638348841  0.010081792012  0.010085344529  0.014168102812  0.014168102812  0.009576095537  0.009576095537  0.009576095537  0.011612002809  0.011612002809  0.011612002809  0.011612002809  
cardinalis_cardinalis_ku25393 0.000000000000  0.000000000000  0.021338076888  0.018255125486  0.014168102812  0.014671437192  0.013142353378  0.013142353378  0.011115139648  0.011115139648  0.011604389231  0.013638348841  0.010085344529  0.010085344529  0.016713623417  0.014666896733  0.013645772251  0.011604389231  0.013638348841  0.010081792012  0.010085344529  0.014168102812  0.014168102812  0.009576095537  0.009576095537  0.009576095537  0.011612002809  0.011612002809  0.011612002809  0.011612002809  
piranga_erythrocephala_fmnh343371 0.021338076888  0.021338076888  0.000000000000  0.004011439171  0.018234890910  0.018744208620  0.017720539732  0.017720539732  0.018766350573  0.018766350573  0.018232173419  0.020284897772  0.016698474123  0.016698474123  0.023385445839  0.021320678580  0.019259089377  0.018232173419  0.020284897772  0.016695790374  0.016698474123  0.020815254800  0.020815254800  0.016185221156  0.016185221156  0.016185221156  0.018238052032  0.018238052032  0.018238052032  0.018238052032  
piranga_erythrocephala_fmnh343370 0.018255125486  0.018255125486  0.004011439171  0.000000000000  0.014141526707  0.014648867986  0.013630498104  0.013630498104  0.014666896733  0.014666896733  0.014139484208  0.016180906497  0.012613716184  0.012613716184  0.019261977835  0.017209306864  0.015160419344  0.014139484208  0.016180906497  0.012611704336  0.012613716184  0.016705166640  0.016705166640  0.012103771666  0.012103771666  0.012103771666  0.014144008454  0.014144008454  0.014144008454  0.014144008454  
piranga_leucoptera_fmnh481795 0.014168102812  0.014168102812  0.018234890910  0.014141526707  0.000000000000  0.002504711212  0.008045937880  0.008045937880  0.010089330185  0.010089330185  0.010582343109  0.012613716184  0.009064454541  0.009064454541  0.015681401753  0.013638348841  0.011598516770  0.010582343109  0.012613716184  0.009061935693  0.009064454541  0.013137853890  0.013137853890  0.008556623033  0.008556623033  0.008556623033  0.010587880331  0.010587880331  0.010587880331  0.010587880331  
piranga_leucoptera_lsu7783 0.014671437192  0.014671437192  0.018744208620  0.014648867986  0.002504711212  0.000000000000  0.008550342238  0.008550342238  0.010591300431  0.010591300431  0.011087110297  0.013120033048  0.009567640079  0.009567640079  0.016188040818  0.014144008454  0.012103771666  0.011087110297  0.013120033048  0.009565688827  0.009567640079  0.013641841828  0.013641841828  0.009059849989  0.009059849989  0.009059849989  0.011091508806  0.011091508806  0.011091508806  0.011091508806  
piranga_rubriceps_lsu265 0.013142353378  0.013142353378  0.017720539732  0.013630498104  0.008045937880  0.008550342238  0.000000000000  0.000000000000  0.009070790238  0.009070790238  0.009565688827  0.011594388306  0.008049348044  0.008049348044  0.014655905755  0.012616165472  0.010580226707  0.009565688827  0.011594388306  0.008047426742  0.008049348044  0.012114979879  0.012114979879  0.007542628357  0.007542628357  0.007542628357  0.009570025187  0.009570025187  0.009570025187  0.009570025187  
piranga_rubriceps_lsu34818 0.013142353378  0.013142353378  0.017720539732  0.013630498104  0.008045937880  0.008550342238  0.000000000000  0.000000000000  0.009070790238  0.009070790238  0.009565688827  0.011594388306  0.008049348044  0.008049348044  0.014655905755  0.012616165472  0.010580226707  0.009565688827  0.011594388306  0.008047426742  0.008049348044  0.012114979879  0.012114979879  0.007542628357  0.007542628357  0.007542628357  0.009570025187  0.009570025187  0.009570025187  0.009570025187  
piranga_roseogularis_ku2049 0.011115139648  0.011115139648  0.018766350573  0.014666896733  0.010089330185  0.010591300431  0.009070790238  0.009070790238  0.000000000000  0.000000000000  0.007544683597  0.009567640079  0.006033028368  0.006033028368  0.012622374916  0.010587880331  0.009572843792  0.007544683597  0.009567640079  0.006030573745  0.006033028368  0.010089330185  0.010089330185  0.005527333508  0.005527333508  0.005527333508  0.007550087841  0.007550087841  0.007550087841  0.007550087841  
piranga_roseogularis_ku2141 0.011115139648  0.011115139648  0.018766350573  0.014666896733  0.010089330185  0.010591300431  0.009070790238  0.009070790238  0.000000000000  0.000000000000  0.007544683597  0.009567640079  0.006033028368  0.006033028368  0.012622374916  0.010587880331  0.009572843792  0.007544683597  0.009567640079  0.006030573745  0.006033028368  0.010089330185  0.010089330185  0.005527333508  0.005527333508  0.005527333508  0.007550087841  0.007550087841  0.007550087841  0.007550087841  
piranga_ludoviciana_sdsu2650 0.011604389231  0.011604389231  0.018232173419  0.014139484208  0.010582343109  0.011087110297  0.009565688827  0.009565688827  0.007544683597  0.007544683597  0.000000000000  0.002002754270  0.002504319207  0.002504319207  0.009056979455  0.007034241763  0.006025054952  0.004011037476  0.006024880404  0.002504354405  0.002504319207  0.006532310942  0.006532310942  0.002002754270  0.002002754270  0.002002754270  0.004011439171  0.004011439171  0.004011439171  0.004011439171  
piranga_bidentata_itm160 0.013638348841  0.013638348841  0.020284897772  0.016180906497  0.012613716184  0.013120033048  0.011594388306  0.011594388306  0.009567640079  0.009567640079  0.002002754270  0.000000000000  0.004513903835  0.004513903835  0.011084455817  0.009056195351  0.008044258927  0.006024880404  0.008044314099  0.004514053489  0.004513903835  0.008552616329  0.008552616329  0.004011037476  0.004011037476  0.004011037476  0.006025054952  0.006025054952  0.006025054952  0.006025054952  
piranga_olivacea_ku2699 0.010085344529  0.010085344529  0.016698474123  0.012613716184  0.009064454541  0.009567640079  0.008049348044  0.008049348044  0.006033028368  0.006033028368  0.002504319207  0.004513903835  0.000000000000  0.000000000000  0.007541004847  0.005522147561  0.004514893122  0.002504319207  0.004513903835  0.001000712842  0.001001081717  0.005022190497  0.005022190497  0.000500270234  0.000500270234  0.000500270234  0.002505530061  0.002505530061  0.002505530061  0.002505530061  
piranga_olivacea_ku4672 0.010085344529  0.010085344529  0.016698474123  0.012613716184  0.009064454541  0.009567640079  0.008049348044  0.008049348044  0.006033028368  0.006033028368  0.002504319207  0.004513903835  0.000000000000  0.000000000000  0.007541004847  0.005522147561  0.004514893122  0.002504319207  0.004513903835  0.001000712842  0.001001081717  0.005022190497  0.005022190497  0.000500270234  0.000500270234  0.000500270234  0.002505530061  0.002505530061  0.002505530061  0.002505530061  
piranga_flava_ku90809 0.016713623417  0.016713623417  0.023385445839  0.019261977835  0.015681401753  0.016188040818  0.014655905755  0.014655905755  0.012622374916  0.012622374916  0.009056979455  0.011084455817  0.007541004847  0.007541004847  0.000000000000  0.002002854169  0.009058197789  0.007034241763  0.009056195351  0.006530850033  0.007541004847  0.010582343109  0.010582343109  0.007035136389  0.007035136389  0.007035136389  0.009059849989  0.009059849989  0.009059849989  0.009059849989  
piranga_flava_lsu15408 0.014666896733  0.014666896733  0.021320678580  0.017209306864  0.013638348841  0.014144008454  0.012616165472  0.012616165472  0.010587880331  0.010587880331  0.007034241763  0.009056195351  0.005522147561  0.005522147561  0.002002854169  0.000000000000  0.007035136389  0.005017317077  0.007033779242  0.004514893122  0.005522147561  0.008554403285  0.008554403285  0.005017891339  0.005017891339  0.005017891339  0.007036462757  0.007036462757  0.007036462757  0.007036462757  
piranga_hepatica_ku4970 0.013645772251  0.013645772251  0.019259089377  0.015160419344  0.011598516770  0.012103771666  0.010580226707  0.010580226707  0.009572843792  0.009572843792  0.006025054952  0.008044258927  0.004514893122  0.004514893122  0.009058197789  0.007035136389  0.000000000000  0.002003380571  0.004011439171  0.003509082428  0.004514893122  0.008556623033  0.008556623033  0.004011439171  0.004011439171  0.004011439171  0.006026953694  0.006026953694  0.006026953694  0.006026953694  
piranga_lutea_lsu5400 0.011604389231  0.011604389231  0.018232173419  0.014139484208  0.010582343109  0.011087110297  0.009565688827  0.009565688827  0.007544683597  0.007544683597  0.004011037476  0.006024880404  0.002504319207  0.002504319207  0.007034241763  0.005017317077  0.002003380571  0.000000000000  0.002002754270  0.001501540635  0.002504319207  0.006532310942  0.006532310942  0.002002754270  0.002002754270  0.002002754270  0.004011439171  0.004011439171  0.004011439171  0.004011439171  
piranga_hepatica_ku9084 0.013638348841  0.013638348841  0.020284897772  0.016180906497  0.012613716184  0.013120033048  0.011594388306  0.011594388306  0.009567640079  0.009567640079  0.006024880404  0.008044314099  0.004513903835  0.004513903835  0.009056195351  0.007033779242  0.004011439171  0.002002754270  0.000000000000  0.003508410200  0.004513903835  0.008552616329  0.008552616329  0.004011037476  0.004011037476  0.004011037476  0.006025054952  0.006025054952  0.006025054952  0.006025054952  
piranga_lutea_ku89864 0.010081792012  0.010081792012  0.016695790374  0.012611704336  0.009061935693  0.009565688827  0.008047426742  0.008047426742  0.006030573745  0.006030573745  0.002504354405  0.004514053489  0.001000712842  0.001000712842  0.006530850033  0.004514893122  0.003509082428  0.001501540635  0.003508410200  0.000000000000  0.001000712842  0.005020328407  0.005020328407  0.000500192250  0.000500192250  0.000500192250  0.002504711212  0.002504711212  0.002504711212  0.002504711212  
piranga_ludoviciana_sdsu2385 0.010085344529  0.010085344529  0.016698474123  0.012613716184  0.009064454541  0.009567640079  0.008049348044  0.008049348044  0.006033028368  0.006033028368  0.002504319207  0.004513903835  0.001001081717  0.001001081717  0.007541004847  0.005522147561  0.004514893122  0.002504319207  0.004513903835  0.001000712842  0.000000000000  0.004013555216  0.004013555216  0.000500270234  0.000500270234  0.000500270234  0.002505530061  0.002505530061  0.002505530061  0.002505530061  
piranga_ludoviciana_sdsu2648 0.014168102812  0.014168102812  0.020815254800  0.016705166640  0.013137853890  0.013641841828  0.012114979879  0.012114979879  0.010089330185  0.010089330185  0.006532310942  0.008552616329  0.005022190497  0.005022190497  0.010582343109  0.008554403285  0.008556623033  0.006532310942  0.008552616329  0.005020328407  0.004013555216  0.000000000000  0.000000000000  0.004517598133  0.004517598133  0.004517598133  0.006536524423  0.006536524423  0.006536524423  0.006536524423  
piranga_ludoviciana_sdsu2208 0.014168102812  0.014168102812  0.020815254800  0.016705166640  0.013137853890  0.013641841828  0.012114979879  0.012114979879  0.010089330185  0.010089330185  0.006532310942  0.008552616329  0.005022190497  0.005022190497  0.010582343109  0.008554403285  0.008556623033  0.006532310942  0.008552616329  0.005020328407  0.004013555216  0.000000000000  0.000000000000  0.004517598133  0.004517598133  0.004517598133  0.006536524423  0.006536524423  0.006536524423  0.006536524423  
piranga_bidentata_hgoslp104 0.009576095537  0.009576095537  0.016185221156  0.012103771666  0.008556623033  0.009059849989  0.007542628357  0.007542628357  0.005527333508  0.005527333508  0.002002754270  0.004011037476  0.000500270234  0.000500270234  0.007035136389  0.005017891339  0.004011439171  0.002002754270  0.004011037476  0.000500192250  0.000500270234  0.004517598133  0.004517598133  0.000000000000  0.000000000000  0.000000000000  0.002003380571  0.002003380571  0.002003380571  0.002003380571  
piranga_bidentata_tepe59 0.009576095537  0.009576095537  0.016185221156  0.012103771666  0.008556623033  0.009059849989  0.007542628357  0.007542628357  0.005527333508  0.005527333508  0.002002754270  0.004011037476  0.000500270234  0.000500270234  0.007035136389  0.005017891339  0.004011439171  0.002002754270  0.004011037476  0.000500192250  0.000500270234  0.004517598133  0.004517598133  0.000000000000  0.000000000000  0.000000000000  0.002003380571  0.002003380571  0.002003380571  0.002003380571  
piranga_bidentata_itm141 0.009576095537  0.009576095537  0.016185221156  0.012103771666  0.008556623033  0.009059849989  0.007542628357  0.007542628357  0.005527333508  0.005527333508  0.002002754270  0.004011037476  0.000500270234  0.000500270234  0.007035136389  0.005017891339  0.004011439171  0.002002754270  0.004011037476  0.000500192250  0.000500270234  0.004517598133  0.004517598133  0.000000000000  0.000000000000  0.000000000000  0.002003380571  0.002003380571  0.002003380571  0.002003380571  
piranga_rubra_sdsu2635 0.011612002809  0.011612002809  0.018238052032  0.014144008454  0.010587880331  0.011091508806  0.009570025187  0.009570025187  0.007550087841  0.007550087841  0.004011439171  0.006025054952  0.002505530061  0.002505530061  0.009059849989  0.007036462757  0.006026953694  0.004011439171  0.006025054952  0.002504711212  0.002505530061  0.006536524423  0.006536524423  0.002003380571  0.002003380571  0.002003380571  0.000000000000  0.000000000000  0.000000000000  0.000000000000  
piranga_rubra_sdsu2654 0.011612002809  0.011612002809  0.018238052032  0.014144008454  0.010587880331  0.011091508806  0.009570025187  0.009570025187  0.007550087841  0.007550087841  0.004011439171  0.006025054952  0.002505530061  0.002505530061  0.009059849989  0.007036462757  0.006026953694  0.004011439171  0.006025054952  0.002504711212  0.002505530061  0.006536524423  0.006536524423  0.002003380571  0.002003380571  0.002003380571  0.000000000000  0.000000000000  0.000000000000  0.000000000000  
piranga_rubra_ku7046 0.011612002809  0.011612002809  0.018238052032  0.014144008454  0.010587880331  0.011091508806  0.009570025187  0.009570025187  0.007550087841  0.007550087841  0.004011439171  0.006025054952  0.002505530061  0.002505530061  0.009059849989  0.007036462757  0.006026953694  0.004011439171  0.006025054952  0.002504711212  0.002505530061  0.006536524423  0.006536524423  0.002003380571  0.002003380571  0.002003380571  0.000000000000  0.000000000000  0.000000000000  0.000000000000  
piranga_rubra_ku26592 0.011612002809  0.011612002809  0.018238052032  0.014144008454  0.010587880331  0.011091508806  0.009570025187  0.009570025187  0.007550087841  0.007550087841  0.004011439171  0.006025054952  0.002505530061  0.002505530061  0.009059849989  0.007036462757  0.006026953694  0.004011439171  0.006025054952  0.002504711212  0.002505530061  0.006536524423  0.006536524423  0.002003380571  0.002003380571  0.002003380571  0.000000000000  0.000000000000  0.000000000000  0.000000000000  

