30
piranga_rubra_ku26592 0.000000000000  0.006170224459  0.001512056561  0.006836623080  0.008359148319  0.012235215695  0.002574303366  0.012235215695  0.000000000000  0.000755371872  0.004128251273  0.006247455776  0.008447290089  0.005815523120  0.000755208647  0.004121445483  0.005375395105  0.002268664113  0.002698931009  0.002270058639  0.006836623080  0.002270058639  0.007598762513  0.006830892215  0.013892758529  0.006793938547  0.002068891280  0.000755371872  0.000755208647  0.001512056561  
piranga_flava_ku90809 0.006170224459  0.000000000000  0.006170224459  0.011626387945  0.013181743881  0.016374849463  0.007901139384  0.016374849463  0.006480102507  0.005394382280  0.007453803069  0.010185696737  0.007012410671  0.004844185762  0.006944021369  0.001645140380  0.004299231755  0.006944021369  0.006318233311  0.006947451639  0.011626387945  0.003846833238  0.012405987910  0.010833398834  0.018041807180  0.009079279564  0.004147660654  0.005394382280  0.006944021369  0.006170224459  
piranga_ludoviciana_sdsu2385 0.001512056561  0.006170224459  0.000000000000  0.006836623080  0.008359148319  0.012235215695  0.002574303366  0.012235215695  0.001586418006  0.000755371872  0.002472465154  0.006247455776  0.008447290089  0.005815523120  0.002268664113  0.004121445483  0.005375395105  0.002268664113  0.000897785995  0.002270058639  0.006836623080  0.002270058639  0.007598762513  0.006830892215  0.013892758529  0.006793938547  0.002068891280  0.000755371872  0.002268664113  0.001512056561  
piranga_rubriceps_lsu265 0.006836623080  0.011626387945  0.006836623080  0.000000000000  0.006066531397  0.013010726190  0.007758108177  0.013010726190  0.007174526058  0.006071877899  0.007449853092  0.009401226206  0.013890698359  0.008741773961  0.007598762513  0.008271288336  0.009707993794  0.007598762513  0.006314019331  0.007602713891  0.004546405575  0.007602713891  0.000755208647  0.010668558901  0.013892758529  0.006793938547  0.005182590381  0.006071877899  0.007598762513  0.006836623080  
piranga_leucoptera_lsu7783 0.008359148319  0.013181743881  0.008359148319  0.006066531397  0.000000000000  0.014547755638  0.007753069467  0.014547755638  0.007968778658  0.007593600524  0.009948011489  0.010974828967  0.015437758726  0.009717198020  0.009123576996  0.010767850475  0.012969292498  0.009123576996  0.007216833522  0.009126044573  0.003026054848  0.009126044573  0.006828816053  0.012198103949  0.015539304802  0.006793938547  0.007265590730  0.007593600524  0.009123576996  0.008359148319  
cardinalis_cardinalis_ku25393 0.012235215695  0.016374849463  0.012235215695  0.013010726190  0.014547755638  0.000000000000  0.012122953603  0.000000000000  0.012017627728  0.011461084094  0.011658543851  0.013394441000  0.019393424015  0.013674179372  0.013005042421  0.013303455308  0.015196818674  0.013005042421  0.008136876383  0.011461084094  0.013010726190  0.013010726190  0.013781288899  0.016111011887  0.019731883306  0.013676571070  0.008314893377  0.011461084094  0.013005042421  0.012235215695  
piranga_olivacea_ku2699 0.002574303366  0.007901139384  0.002574303366  0.007758108177  0.007753069467  0.012122953603  0.000000000000  0.012122953603  0.002574303366  0.001714703373  0.002842117501  0.005331920428  0.008628125445  0.004841353707  0.003434174020  0.004611841354  0.005036031095  0.000000000000  0.002748382469  0.003435603870  0.005160301726  0.003435603870  0.008624204434  0.006021778343  0.013657851220  0.006793938547  0.002068891280  0.001714703373  0.003434174020  0.002574303366  
cardinalis_cardinalis_ku21828 0.012235215695  0.016374849463  0.012235215695  0.013010726190  0.014547755638  0.000000000000  0.012122953603  0.000000000000  0.012017627728  0.011461084094  0.011658543851  0.013394441000  0.019393424015  0.013674179372  0.013005042421  0.013303455308  0.015196818674  0.013005042421  0.008136876383  0.011461084094  0.013010726190  0.013010726190  0.013781288899  0.016111011887  0.019731883306  0.013676571070  0.008314893377  0.011461084094  0.013005042421  0.012235215695  
piranga_rubra_ku7046 0.000000000000  0.006480102507  0.001586418006  0.007174526058  0.007968778658  0.012017627728  0.002574303366  0.012017627728  0.000000000000  0.000792486444  0.004350980900  0.005741660158  0.007978818883  0.005815523120  0.000792306784  0.004240283752  0.005629592870  0.002380264743  0.002698931009  0.002381799966  0.005570384096  0.002381799966  0.007974465793  0.006368749259  0.014265846367  0.006793938547  0.002068891280  0.000792486444  0.000792306784  0.001586418006  
piranga_bidentata_hgoslp104 0.000755371872  0.005394382280  0.000755371872  0.006071877899  0.007593600524  0.011461084094  0.001714703373  0.011461084094  0.000792486444  0.000000000000  0.003299571083  0.005462569794  0.007672715619  0.004841353707  0.001511278756  0.003294136443  0.004295175910  0.001511278756  0.001797427104  0.001512056561  0.006071877899  0.001512056561  0.006833301649  0.006067401478  0.013064684607  0.005655750790  0.001033216749  0.000000000000  0.001511278756  0.000755371872  
piranga_ludoviciana_sdsu2648 0.004128251273  0.007453803069  0.002472465154  0.007449853092  0.009948011489  0.011658543851  0.002842117501  0.011658543851  0.004350980900  0.003299571083  0.000000000000  0.009114098188  0.010060302799  0.006791877124  0.004955716139  0.006776516738  0.008624944735  0.004128251273  0.000000000000  0.003299571083  0.008284994166  0.004128251273  0.008281379969  0.009114098188  0.010214449200  0.004633507767  0.001040743951  0.003299571083  0.004955716139  0.004128251273  
piranga_roseogularis_ku2049 0.006247455776  0.010185696737  0.006247455776  0.009401226206  0.010974828967  0.013394441000  0.005331920428  0.013394441000  0.005741660158  0.005462569794  0.009114098188  0.000000000000  0.011086136304  0.008739318452  0.007032172938  0.008267686133  0.010793062594  0.007032172938  0.006311090769  0.007033759264  0.009401226206  0.006247455776  0.010188986363  0.000000000000  0.016379877350  0.005655750790  0.003103500427  0.005462569794  0.007032172938  0.006247455776  
piranga_hepatica_ku4970 0.008447290089  0.007012410671  0.008447290089  0.013890698359  0.015437758726  0.019393424015  0.008628125445  0.019393424015  0.007978818883  0.007672715619  0.010060302799  0.011086136304  0.000000000000  0.002899529707  0.009217930129  0.004950329558  0.004295175910  0.009217930129  0.007223174813  0.009223245033  0.013890698359  0.006127688514  0.014667109001  0.013100971307  0.019715671958  0.009075276626  0.005185836801  0.007672715619  0.009217930129  0.008447290089  
piranga_hepatica_ku9084 0.005815523120  0.004844185762  0.005815523120  0.008741773961  0.009717198020  0.013674179372  0.004841353707  0.013674179372  0.005815523120  0.004841353707  0.006791877124  0.008739318452  0.002899529707  0.000000000000  0.006788487031  0.002900334338  0.001256064894  0.004841353707  0.006791877124  0.005815523120  0.006788487031  0.003869359133  0.009719181384  0.008739318452  0.010711808189  0.004746298041  0.004267680074  0.004841353707  0.006788487031  0.005815523120  
piranga_rubra_sdsu2654 0.000755208647  0.006944021369  0.002268664113  0.007598762513  0.009123576996  0.013005042421  0.003434174020  0.013005042421  0.000792306784  0.001511278756  0.004955716139  0.007032172938  0.009217930129  0.006788487031  0.000000000000  0.004947543202  0.006453554225  0.003026259463  0.003599458244  0.003027369302  0.007598762513  0.003027369302  0.008361902051  0.007593600524  0.014717301628  0.006793938547  0.003104422486  0.001511278756  0.000000000000  0.002268664113  
piranga_flava_lsu15408 0.004121445483  0.001645140380  0.004121445483  0.008271288336  0.010767850475  0.013303455308  0.004611841354  0.013303455308  0.004240283752  0.003294136443  0.006776516738  0.008267686133  0.004950329558  0.002900334338  0.004947543202  0.000000000000  0.002162860659  0.004121445483  0.005439515856  0.004950329558  0.008271288336  0.002468396463  0.009102285344  0.008267686133  0.015832849369  0.007935109578  0.003107035313  0.003294136443  0.004947543202  0.004121445483  
piranga_lutea_lsu5400 0.005375395105  0.004299231755  0.005375395105  0.009707993794  0.012969292498  0.015196818674  0.005036031095  0.015196818674  0.005629592870  0.004295175910  0.008624944735  0.010793062594  0.004295175910  0.001256064894  0.006453554225  0.002162860659  0.000000000000  0.004295175910  0.007388847125  0.005375395105  0.010799217503  0.003217630192  0.010793062594  0.010793062594  0.013132066674  0.004972143288  0.004300772602  0.004295175910  0.006453554225  0.004295175910  
piranga_olivacea_ku4672 0.002268664113  0.006944021369  0.002268664113  0.007598762513  0.009123576996  0.013005042421  0.000000000000  0.013005042421  0.002380264743  0.001511278756  0.004128251273  0.007032172938  0.009217930129  0.004841353707  0.003026259463  0.004121445483  0.004295175910  0.000000000000  0.002698931009  0.003027369302  0.007598762513  0.003027369302  0.008361902051  0.007593600524  0.013892758529  0.006793938547  0.002068891280  0.001511278756  0.003026259463  0.002268664113  
piranga_ludoviciana_sdsu2208 0.002698931009  0.006318233311  0.000897785995  0.006314019331  0.007216833522  0.008136876383  0.002748382469  0.008136876383  0.002698931009  0.001797427104  0.000000000000  0.006311090769  0.007223174813  0.006791877124  0.003599458244  0.005439515856  0.007388847125  0.002698931009  0.000000000000  0.001797427104  0.004503831516  0.002698931009  0.007219359191  0.006311090769  0.014523414110  0.007935109578  0.001033216749  0.001797427104  0.003599458244  0.002698931009  
piranga_bidentata_itm160 0.002270058639  0.006947451639  0.002270058639  0.007602713891  0.009126044573  0.011461084094  0.003435603870  0.011461084094  0.002381799966  0.001512056561  0.003299571083  0.007033759264  0.009223245033  0.005815523120  0.003027369302  0.004950329558  0.005375395105  0.003027369302  0.001797427104  0.000000000000  0.007602713891  0.003029382700  0.008365571527  0.007595724165  0.014722410402  0.007935109578  0.001033216749  0.001512056561  0.003027369302  0.002270058639  
piranga_leucoptera_fmnh481795 0.006836623080  0.011626387945  0.006836623080  0.004546405575  0.003026054848  0.013010726190  0.005160301726  0.013010726190  0.005570384096  0.006071877899  0.008284994166  0.009401226206  0.013890698359  0.006788487031  0.007598762513  0.008271288336  0.010799217503  0.007598762513  0.004503831516  0.007602713891  0.000000000000  0.007602713891  0.005306405474  0.010668558901  0.013064684607  0.005657594448  0.004143885831  0.006071877899  0.007598762513  0.006836623080  
piranga_lutea_ku89864 0.002270058639  0.003846833238  0.002270058639  0.007602713891  0.009126044573  0.013010726190  0.003435603870  0.013010726190  0.002381799966  0.001512056561  0.004128251273  0.006247455776  0.006127688514  0.003869359133  0.003027369302  0.002468396463  0.003217630192  0.003027369302  0.002698931009  0.003029382700  0.007602713891  0.000000000000  0.008365571527  0.007595724165  0.013892758529  0.005655750790  0.001033216749  0.001512056561  0.003027369302  0.002270058639  
piranga_rubriceps_lsu34818 0.007598762513  0.012405987910  0.007598762513  0.000755208647  0.006828816053  0.013781288899  0.008624204434  0.013781288899  0.007974465793  0.006833301649  0.008281379969  0.010188986363  0.014667109001  0.009719181384  0.008361902051  0.009102285344  0.010793062594  0.008361902051  0.007219359191  0.008365571527  0.005306405474  0.008365571527  0.000000000000  0.011434871795  0.014717301628  0.007932511228  0.006223156240  0.006833301649  0.008361902051  0.007598762513  
piranga_roseogularis_ku2141 0.006830892215  0.010833398834  0.006830892215  0.010668558901  0.012198103949  0.016111011887  0.006021778343  0.016111011887  0.006368749259  0.006067401478  0.009114098188  0.000000000000  0.013100971307  0.008739318452  0.007593600524  0.008267686133  0.010793062594  0.007593600524  0.006311090769  0.007595724165  0.010668558901  0.007595724165  0.011434871795  0.000000000000  0.016379877350  0.005655750790  0.003103500427  0.006067401478  0.007593600524  0.006830892215  
piranga_erythrocephala_fmnh343371 0.013892758529  0.018041807180  0.013892758529  0.013892758529  0.015539304802  0.019731883306  0.013657851220  0.019731883306  0.014265846367  0.013064684607  0.010214449200  0.016379877350  0.019715671958  0.010711808189  0.014717301628  0.015832849369  0.013132066674  0.013892758529  0.014523414110  0.014722410402  0.013064684607  0.013892758529  0.014717301628  0.016379877350  0.000000000000  0.001127585015  0.005185836801  0.013064684607  0.014717301628  0.013892758529  
piranga_erythrocephala_fmnh343370 0.006793938547  0.009079279564  0.006793938547  0.006793938547  0.006793938547  0.013676571070  0.006793938547  0.013676571070  0.006793938547  0.005655750790  0.004633507767  0.005655750790  0.009075276626  0.004746298041  0.006793938547  0.007935109578  0.004972143288  0.006793938547  0.007935109578  0.007935109578  0.005657594448  0.005655750790  0.007932511228  0.005655750790  0.001127585015  0.000000000000  0.003442882049  0.005655750790  0.006793938547  0.006793938547  
piranga_ludoviciana_sdsu2650 0.002068891280  0.004147660654  0.002068891280  0.005182590381  0.007265590730  0.008314893377  0.002068891280  0.008314893377  0.002068891280  0.001033216749  0.001040743951  0.003103500427  0.005185836801  0.004267680074  0.003104422486  0.003107035313  0.004300772602  0.002068891280  0.001033216749  0.001033216749  0.004143885831  0.001033216749  0.006223156240  0.003103500427  0.005185836801  0.003442882049  0.000000000000  0.001033216749  0.003104422486  0.002068891280  
piranga_bidentata_tepe59 0.000755371872  0.005394382280  0.000755371872  0.006071877899  0.007593600524  0.011461084094  0.001714703373  0.011461084094  0.000792486444  0.000000000000  0.003299571083  0.005462569794  0.007672715619  0.004841353707  0.001511278756  0.003294136443  0.004295175910  0.001511278756  0.001797427104  0.001512056561  0.006071877899  0.001512056561  0.006833301649  0.006067401478  0.013064684607  0.005655750790  0.001033216749  0.000000000000  0.001511278756  0.000755371872  
piranga_rubra_sdsu2635 0.000755208647  0.006944021369  0.002268664113  0.007598762513  0.009123576996  0.013005042421  0.003434174020  0.013005042421  0.000792306784  0.001511278756  0.004955716139  0.007032172938  0.009217930129  0.006788487031  0.000000000000  0.004947543202  0.006453554225  0.003026259463  0.003599458244  0.003027369302  0.007598762513  0.003027369302  0.008361902051  0.007593600524  0.014717301628  0.006793938547  0.003104422486  0.001511278756  0.000000000000  0.002268664113  
piranga_bidentata_itm141 0.001512056561  0.006170224459  0.001512056561  0.006836623080  0.008359148319  0.012235215695  0.002574303366  0.012235215695  0.001586418006  0.000755371872  0.004128251273  0.006247455776  0.008447290089  0.005815523120  0.002268664113  0.004121445483  0.004295175910  0.002268664113  0.002698931009  0.002270058639  0.006836623080  0.002270058639  0.007598762513  0.006830892215  0.013892758529  0.006793938547  0.002068891280  0.000755371872  0.002268664113  0.000000000000  

