30
cardinalis_cardinalis_ku21828 0.000000000000  0.001001040508  0.007548581451  0.010600746671  0.010090706177  0.012640854038  0.011106695710  0.008560584652  0.011106695710  0.012124138318  0.012124138318  0.012635786027  0.012124138318  0.012124138318  0.012124138318  0.010082970396  0.010082970396  0.010082970396  0.011102472075  0.011613034051  0.014174001400  0.013138509228  0.015185227533  0.019810808299  0.020841017532  0.020322549072  0.018259549827  0.018265272231  0.013650681713  0.013138509228  
cardinalis_cardinalis_ku25393 0.001001040508  0.000000000000  0.008563820344  0.011622452356  0.011111328348  0.013666350336  0.012128924272  0.009577413022  0.012128924272  0.013147978336  0.013147978336  0.013660716406  0.013147978336  0.013147978336  0.013147978336  0.011102472075  0.011102472075  0.011102472075  0.012124138318  0.012635786027  0.015202216839  0.014163399916  0.016213932549  0.020847765835  0.021879633334  0.021360045217  0.019293166296  0.019299464255  0.014676665002  0.014163399916  
piranga_ludoviciana_sdsu2650 0.007548581451  0.008563820344  0.000000000000  0.003009390650  0.002506516747  0.005023639622  0.003511093876  0.001000701774  0.003511093876  0.004517089258  0.004517089258  0.005021525458  0.004517089258  0.004517089258  0.004517089258  0.002504615820  0.002504615820  0.002504615820  0.003509800472  0.004013181298  0.006538014598  0.005522928315  0.007543626249  0.012112241939  0.013130685602  0.012619620814  0.010583077065  0.010585792089  0.006027874595  0.005522928315  
piranga_roseogularis_ku2049 0.010600746671  0.011622452356  0.003009390650  0.000000000000  0.000500259947  0.008063069298  0.006540954705  0.004014747716  0.006540954705  0.007551668975  0.007551668975  0.008059298017  0.007551668975  0.007551668975  0.007551668975  0.005526491006  0.005526491006  0.005526491006  0.006538014598  0.007044574878  0.009585406123  0.008560584652  0.010592451238  0.015185227533  0.016208525479  0.015694183114  0.013646281701  0.013650681713  0.009068730254  0.008560584652  
piranga_roseogularis_ku2141 0.010090706177  0.011111328348  0.002506516747  0.000500259947  0.000000000000  0.007555162614  0.006034651228  0.003511093876  0.006034651228  0.007044574878  0.007044574878  0.007551668975  0.007044574878  0.007044574878  0.007044574878  0.005021525458  0.005021525458  0.005021525458  0.006031987014  0.006538014598  0.009076165455  0.008052975083  0.010082970396  0.014671698533  0.015694183114  0.015180389928  0.013134391541  0.013138509228  0.008560584652  0.008052975083  
piranga_leucoptera_fmnh481795 0.012640854038  0.013666350336  0.005023639622  0.008063069298  0.007555162614  0.000000000000  0.001502342770  0.004016717775  0.006544299949  0.007555162614  0.007555162614  0.010090706177  0.009581205719  0.009581205719  0.009581205719  0.007548581451  0.007548581451  0.007548581451  0.008563820344  0.009072244154  0.011622452356  0.010592451238  0.012631128323  0.017238862452  0.018265272231  0.017749008530  0.015694183114  0.015699305147  0.011102472075  0.010592451238  
piranga_leucoptera_lsu7783 0.011106695710  0.012128924272  0.003511093876  0.006540954705  0.006034651228  0.001502342770  0.000000000000  0.002506516747  0.005026158023  0.006034651228  0.006034651228  0.008563820344  0.008055933154  0.008055933154  0.008055933154  0.006029728011  0.006029728011  0.006029728011  0.007041764109  0.007548581451  0.010090706177  0.009065624130  0.011098657818  0.015694183114  0.016718139805  0.016203532416  0.014154446411  0.014158716978  0.009574028406  0.009065624130  
piranga_erythrocephala_fmnh343371 0.008560584652  0.009577413022  0.001000701774  0.004014747716  0.003511093876  0.004016717775  0.002506516747  0.000000000000  0.002506516747  0.003511093876  0.003511093876  0.006029728011  0.005524507017  0.005524507017  0.005524507017  0.003508910790  0.003508910790  0.003508910790  0.004515653569  0.005019815906  0.007548581451  0.006531628849  0.008555336061  0.013130685602  0.014150588596  0.013638718237  0.011599116708  0.011601980191  0.007037361512  0.006531628849  
piranga_erythrocephala_fmnh343370 0.011106695710  0.012128924272  0.003511093876  0.006540954705  0.006034651228  0.006544299949  0.005026158023  0.002506516747  0.000000000000  0.006034651228  0.006034651228  0.008563820344  0.008055933154  0.008055933154  0.008055933154  0.006029728011  0.006029728011  0.006029728011  0.007041764109  0.007548581451  0.010090706177  0.009065624130  0.011098657818  0.015694183114  0.016718139805  0.016203532416  0.014154446411  0.014158716978  0.009574028406  0.009065624130  
piranga_rubriceps_lsu265 0.012124138318  0.013147978336  0.004517089258  0.007551668975  0.007044574878  0.007555162614  0.006034651228  0.003511093876  0.006034651228  0.000000000000  0.000000000000  0.009577413022  0.009068730254  0.009068730254  0.009068730254  0.007039359528  0.007039359528  0.007039359528  0.008052975083  0.008560584652  0.011106695710  0.010079715463  0.012115796774  0.016718139805  0.017743572977  0.017228148801  0.015175965700  0.015180389928  0.010588916940  0.010079715463  
piranga_rubriceps_lsu34818 0.012124138318  0.013147978336  0.004517089258  0.007551668975  0.007044574878  0.007555162614  0.006034651228  0.003511093876  0.006034651228  0.000000000000  0.000000000000  0.009577413022  0.009068730254  0.009068730254  0.009068730254  0.007039359528  0.007039359528  0.007039359528  0.008052975083  0.008560584652  0.011106695710  0.010079715463  0.012115796774  0.016718139805  0.017743572977  0.017228148801  0.015175965700  0.015180389928  0.010588916940  0.010079715463  
piranga_ludoviciana_sdsu2208 0.012635786027  0.013660716406  0.005021525458  0.008059298017  0.007551668975  0.010090706177  0.008563820344  0.006029728011  0.008563820344  0.009577413022  0.009577413022  0.000000000000  0.000500259947  0.000500259947  0.000500259947  0.002506516747  0.002506516747  0.002506516747  0.003512790625  0.004016717775  0.006544299949  0.005526491006  0.007548581451  0.012119762360  0.013138509228  0.012626881301  0.010588916940  0.010592451238  0.006031987014  0.005526491006  
piranga_ludoviciana_sdsu2648 0.012124138318  0.013147978336  0.004517089258  0.007551668975  0.007044574878  0.009581205719  0.008055933154  0.005524507017  0.008055933154  0.009068730254  0.009068730254  0.000500259947  0.000000000000  0.000000000000  0.000000000000  0.002004167819  0.002004167819  0.002004167819  0.003009390650  0.003512790625  0.006037720278  0.005021525458  0.007041764109  0.011608939242  0.012626881301  0.012115796774  0.010079715463  0.010082970396  0.005526491006  0.005021525458  
piranga_bidentata_hgoslp104 0.012124138318  0.013147978336  0.004517089258  0.007551668975  0.007044574878  0.009581205719  0.008055933154  0.005524507017  0.008055933154  0.009068730254  0.009068730254  0.000500259947  0.000000000000  0.000000000000  0.000000000000  0.002004167819  0.002004167819  0.002004167819  0.003009390650  0.003512790625  0.006037720278  0.005021525458  0.007041764109  0.011608939242  0.012626881301  0.012115796774  0.010079715463  0.010082970396  0.005526491006  0.005021525458  
piranga_bidentata_itm141 0.012124138318  0.013147978336  0.004517089258  0.007551668975  0.007044574878  0.009581205719  0.008055933154  0.005524507017  0.008055933154  0.009068730254  0.009068730254  0.000500259947  0.000000000000  0.000000000000  0.000000000000  0.002004167819  0.002004167819  0.002004167819  0.003009390650  0.003512790625  0.006037720278  0.005021525458  0.007041764109  0.011608939242  0.012626881301  0.012115796774  0.010079715463  0.010082970396  0.005526491006  0.005021525458  
piranga_olivacea_ku2699 0.010082970396  0.011102472075  0.002504615820  0.005526491006  0.005021525458  0.007548581451  0.006029728011  0.003508910790  0.006029728011  0.007039359528  0.007039359528  0.002506516747  0.002004167819  0.002004167819  0.002004167819  0.000000000000  0.000000000000  0.000000000000  0.001001040508  0.001502342770  0.004016717775  0.003006945679  0.005019815906  0.009571052249  0.010585792089  0.010076869672  0.008048280825  0.008050424181  0.003509800472  0.003006945679  
piranga_bidentata_itm160 0.010082970396  0.011102472075  0.002504615820  0.005526491006  0.005021525458  0.007548581451  0.006029728011  0.003508910790  0.006029728011  0.007039359528  0.007039359528  0.002506516747  0.002004167819  0.002004167819  0.002004167819  0.000000000000  0.000000000000  0.000000000000  0.001001040508  0.001502342770  0.004016717775  0.003006945679  0.005019815906  0.009571052249  0.010585792089  0.010076869672  0.008048280825  0.008050424181  0.003509800472  0.003006945679  
piranga_ludoviciana_sdsu2385 0.010082970396  0.011102472075  0.002504615820  0.005526491006  0.005021525458  0.007548581451  0.006029728011  0.003508910790  0.006029728011  0.007039359528  0.007039359528  0.002506516747  0.002004167819  0.002004167819  0.002004167819  0.000000000000  0.000000000000  0.000000000000  0.001001040508  0.001502342770  0.004016717775  0.003006945679  0.005019815906  0.009571052249  0.010585792089  0.010076869672  0.008048280825  0.008050424181  0.003509800472  0.003006945679  
piranga_bidentata_tepe59 0.011102472075  0.012124138318  0.003509800472  0.006538014598  0.006031987014  0.008563820344  0.007041764109  0.004515653569  0.007041764109  0.008052975083  0.008052975083  0.003512790625  0.003009390650  0.003009390650  0.003009390650  0.001001040508  0.001001040508  0.001001040508  0.000000000000  0.002506516747  0.005026158023  0.004013181298  0.006029728011  0.010588916940  0.011605254496  0.011095253316  0.009062926159  0.009065624130  0.004517089258  0.004013181298  
piranga_rubra_ku7046 0.011613034051  0.012635786027  0.004013181298  0.007044574878  0.006538014598  0.009072244154  0.007548581451  0.005019815906  0.007548581451  0.008560584652  0.008560584652  0.004016717775  0.003512790625  0.003512790625  0.003512790625  0.001502342770  0.001502342770  0.001502342770  0.002506516747  0.000000000000  0.003512790625  0.002504615820  0.004515653569  0.009062926159  0.010076869672  0.009568484928  0.007541759325  0.007543626249  0.003006945679  0.002504615820  
piranga_olivacea_ku4672 0.014174001400  0.015202216839  0.006538014598  0.009585406123  0.009076165455  0.011622452356  0.010090706177  0.007548581451  0.010090706177  0.011106695710  0.011106695710  0.006544299949  0.006037720278  0.006037720278  0.006037720278  0.004016717775  0.004016717775  0.004016717775  0.005026158023  0.003512790625  0.000000000000  0.005021525458  0.007041764109  0.011608939242  0.012626881301  0.012115796774  0.010079715463  0.010082970396  0.005526491006  0.005021525458  
piranga_hepatica_ku9084 0.013138509228  0.014163399916  0.005522928315  0.008560584652  0.008052975083  0.010592451238  0.009065624130  0.006531628849  0.009065624130  0.010079715463  0.010079715463  0.005526491006  0.005021525458  0.005021525458  0.005021525458  0.003006945679  0.003006945679  0.003006945679  0.004013181298  0.002504615820  0.005021525458  0.000000000000  0.002003287579  0.006533351294  0.007543626249  0.007037361512  0.005018511344  0.005019815906  0.000500259947  0.000000000000  
piranga_rubra_sdsu2635 0.015185227533  0.016213932549  0.007543626249  0.010592451238  0.010082970396  0.012631128323  0.011098657818  0.008555336061  0.011098657818  0.012115796774  0.012115796774  0.007548581451  0.007041764109  0.007041764109  0.007041764109  0.005019815906  0.005019815906  0.005019815906  0.006029728011  0.004515653569  0.007041764109  0.002003287579  0.000000000000  0.005524507017  0.006533351294  0.006027874595  0.004012018898  0.004013181298  0.001501733565  0.002003287579  
piranga_lutea_ku89864 0.019810808299  0.020847765835  0.012112241939  0.015185227533  0.014671698533  0.017238862452  0.015694183114  0.013130685602  0.015694183114  0.016718139805  0.016718139805  0.012119762360  0.011608939242  0.011608939242  0.011608939242  0.009571052249  0.009571052249  0.009571052249  0.010588916940  0.009062926159  0.011608939242  0.006533351294  0.005524507017  0.000000000000  0.001000701774  0.005528879906  0.004517089258  0.004518929262  0.006027874595  0.006533351294  
piranga_hepatica_ku4970 0.020841017532  0.021879633334  0.013130685602  0.016208525479  0.015694183114  0.018265272231  0.016718139805  0.014150588596  0.016718139805  0.017743572977  0.017743572977  0.013138509228  0.012626881301  0.012626881301  0.012626881301  0.010585792089  0.010585792089  0.010585792089  0.011605254496  0.010076869672  0.012626881301  0.007543626249  0.006533351294  0.001000701774  0.000000000000  0.006538014598  0.005524507017  0.005526491006  0.007037361512  0.007543626249  
piranga_lutea_lsu5400 0.020322549072  0.021360045217  0.012619620814  0.015694183114  0.015180389928  0.017749008530  0.016203532416  0.013638718237  0.016203532416  0.017228148801  0.017228148801  0.012626881301  0.012115796774  0.012115796774  0.012115796774  0.010076869672  0.010076869672  0.010076869672  0.011095253316  0.009568484928  0.012115796774  0.007037361512  0.006027874595  0.005528879906  0.006538014598  0.000000000000  0.005019815906  0.005021525458  0.006531628849  0.007037361512  
piranga_flava_ku90809 0.018259549827  0.019293166296  0.010583077065  0.013646281701  0.013134391541  0.015694183114  0.014154446411  0.011599116708  0.014154446411  0.015175965700  0.015175965700  0.010588916940  0.010079715463  0.010079715463  0.010079715463  0.008048280825  0.008048280825  0.008048280825  0.009062926159  0.007541759325  0.010079715463  0.005018511344  0.004012018898  0.004517089258  0.005524507017  0.005019815906  0.000000000000  0.002003287579  0.004514622572  0.005018511344  
piranga_flava_lsu15408 0.018265272231  0.019299464255  0.010585792089  0.013650681713  0.013138509228  0.015699305147  0.014158716978  0.011601980191  0.014158716978  0.015180389928  0.015180389928  0.010592451238  0.010082970396  0.010082970396  0.010082970396  0.008050424181  0.008050424181  0.008050424181  0.009065624130  0.007543626249  0.010082970396  0.005019815906  0.004013181298  0.004518929262  0.005526491006  0.005021525458  0.002003287579  0.000000000000  0.004515653569  0.005019815906  
piranga_rubra_sdsu2654 0.013650681713  0.014676665002  0.006027874595  0.009068730254  0.008560584652  0.011102472075  0.009574028406  0.007037361512  0.009574028406  0.010588916940  0.010588916940  0.006031987014  0.005526491006  0.005526491006  0.005526491006  0.003509800472  0.003509800472  0.003509800472  0.004517089258  0.003006945679  0.005526491006  0.000500259947  0.001501733565  0.006027874595  0.007037361512  0.006531628849  0.004514622572  0.004515653569  0.000000000000  0.000500259947  
piranga_rubra_ku26592 0.013138509228  0.014163399916  0.005522928315  0.008560584652  0.008052975083  0.010592451238  0.009065624130  0.006531628849  0.009065624130  0.010079715463  0.010079715463  0.005526491006  0.005021525458  0.005021525458  0.005021525458  0.003006945679  0.003006945679  0.003006945679  0.004013181298  0.002504615820  0.005021525458  0.000000000000  0.002003287579  0.006533351294  0.007543626249  0.007037361512  0.005018511344  0.005019815906  0.000500259947  0.000000000000  

