30
cardinalis_cardinalis_ku21828 0.000000000000  0.002505245948  0.007544965880  0.007038580849  0.006026004534  0.006026004534  0.008054663442  0.010084693764  0.009575704260  0.009579289140  0.009579289140  0.009579289140  0.011100256242  0.011100256242  0.015176860422  0.012121380924  0.011603218133  0.012121380924  0.016214913491  0.015191718615  0.015191718615  0.015191718615  0.015191718615  0.015191718615  0.015191718615  0.015191718615  0.012624331287  0.012113511309  0.016718855336  0.012117249991  
cardinalis_cardinalis_ku25393 0.002505245948  0.000000000000  0.006029109327  0.004515366725  0.003508322222  0.003508322222  0.005525887313  0.007547497029  0.007040849913  0.007043507341  0.007043507341  0.007043507341  0.008559293286  0.008559293286  0.012620718820  0.009575704260  0.009061766405  0.009575704260  0.013652096439  0.012632734575  0.012632734575  0.012632734575  0.012632734575  0.012632734575  0.012632734575  0.012632734575  0.010078165958  0.009569705207  0.014155547906  0.009572509489  
piranga_olivacea_ku2699 0.007544965880  0.006029109327  0.000000000000  0.003509607465  0.006531094478  0.006531094478  0.008562350219  0.010594207380  0.010084693764  0.010088543432  0.010088543432  0.010088543432  0.011610555176  0.011610555176  0.015690324983  0.011610555176  0.012113511309  0.012632734575  0.016729987371  0.015705992425  0.015705992425  0.015705992425  0.015705992425  0.015705992425  0.015705992425  0.015705992425  0.013135679157  0.012624331287  0.017233923351  0.012628336666  
piranga_olivacea_ku4672 0.007038580849  0.004515366725  0.003509607465  0.000000000000  0.005017368764  0.005017368764  0.007040849913  0.009067237792  0.008559293286  0.008562350219  0.008562350219  0.008562350219  0.010081234479  0.010081234479  0.014151527004  0.011100256242  0.010584207850  0.011100256242  0.015186371442  0.014164771728  0.014164771728  0.014164771728  0.014164771728  0.014164771728  0.014164771728  0.014164771728  0.011603218133  0.011093450674  0.015690324983  0.011096657610  
piranga_roseogularis_ku2049 0.006026004534  0.003508322222  0.006531094478  0.005017368764  0.000000000000  0.000000000000  0.006027362827  0.008049465187  0.007542823747  0.007544965880  0.007544965880  0.007544965880  0.009061766405  0.009061766405  0.013125221950  0.010078165958  0.009565269639  0.010078165958  0.014155547906  0.013135679157  0.013135679157  0.013135679157  0.013135679157  0.013135679157  0.013135679157  0.013135679157  0.010581657771  0.010073202736  0.014660033674  0.010075488582  
piranga_roseogularis_ku2141 0.006026004534  0.003508322222  0.006531094478  0.005017368764  0.000000000000  0.000000000000  0.006027362827  0.008049465187  0.007542823747  0.007544965880  0.007544965880  0.007544965880  0.009061766405  0.009061766405  0.013125221950  0.010078165958  0.009565269639  0.010078165958  0.014155547906  0.013135679157  0.013135679157  0.013135679157  0.013135679157  0.013135679157  0.013135679157  0.013135679157  0.010581657771  0.010073202736  0.014660033674  0.010075488582  
piranga_erythrocephala_fmnh343371 0.008054663442  0.005525887313  0.008562350219  0.007040849913  0.006027362827  0.006027362827  0.000000000000  0.003007782241  0.002505245948  0.002506336888  0.002506336888  0.002506336888  0.008051869671  0.008051869671  0.012110165261  0.009067237792  0.008554348483  0.009067237792  0.013139951784  0.012121380924  0.012121380924  0.012121380924  0.012121380924  0.012121380924  0.012121380924  0.012121380924  0.009569705207  0.009061766405  0.013643409051  0.009064306991  
piranga_leucoptera_fmnh481795 0.010084693764  0.007547497029  0.010594207380  0.009067237792  0.008049465187  0.008049465187  0.003007782241  0.000000000000  0.003509607465  0.004518460686  0.004518460686  0.004518460686  0.010081234479  0.010081234479  0.014151527004  0.011100256242  0.010584207850  0.011100256242  0.015186371442  0.014164771728  0.014164771728  0.014164771728  0.014164771728  0.014164771728  0.014164771728  0.014164771728  0.011603218133  0.011093450674  0.015690324983  0.011096657610  
piranga_leucoptera_lsu7783 0.009575704260  0.007040849913  0.010084693764  0.008559293286  0.007542823747  0.007542823747  0.002505245948  0.003509607465  0.000000000000  0.004014388569  0.004014388569  0.004014388569  0.009572509489  0.009572509489  0.013639655944  0.010590483037  0.010075488582  0.010590483037  0.014672901052  0.013652096439  0.013652096439  0.013652096439  0.013652096439  0.013652096439  0.013652096439  0.013652096439  0.011093450674  0.010584207850  0.015176860422  0.010587149734  
piranga_erythrocephala_fmnh343370 0.009579289140  0.007043507341  0.010088543432  0.008562350219  0.007544965880  0.007544965880  0.002506336888  0.004518460686  0.004014388569  0.000000000000  0.000000000000  0.000000000000  0.009575704260  0.009575704260  0.013643409051  0.010594207380  0.010078165958  0.010594207380  0.014677978752  0.013657029959  0.013657029959  0.013657029959  0.013657029959  0.013657029959  0.013657029959  0.013657029959  0.011096657610  0.010587149734  0.015181418584  0.010590483037  
piranga_rubriceps_lsu34818 0.009579289140  0.007043507341  0.010088543432  0.008562350219  0.007544965880  0.007544965880  0.002506336888  0.004518460686  0.004014388569  0.000000000000  0.000000000000  0.000000000000  0.009575704260  0.009575704260  0.013643409051  0.010594207380  0.010078165958  0.010594207380  0.014677978752  0.013657029959  0.013657029959  0.013657029959  0.013657029959  0.013657029959  0.013657029959  0.013657029959  0.011096657610  0.010587149734  0.015181418584  0.010590483037  
piranga_rubriceps_lsu265 0.009579289140  0.007043507341  0.010088543432  0.008562350219  0.007544965880  0.007544965880  0.002506336888  0.004518460686  0.004014388569  0.000000000000  0.000000000000  0.000000000000  0.009575704260  0.009575704260  0.013643409051  0.010594207380  0.010078165958  0.010594207380  0.014677978752  0.013657029959  0.013657029959  0.013657029959  0.013657029959  0.013657029959  0.013657029959  0.013657029959  0.011096657610  0.010587149734  0.015181418584  0.010590483037  
piranga_rubra_sdsu2635 0.011100256242  0.008559293286  0.011610555176  0.010081234479  0.009061766405  0.009061766405  0.008051869671  0.010081234479  0.009572509489  0.009575704260  0.009575704260  0.009575704260  0.000000000000  0.000000000000  0.005018207160  0.002004052867  0.001501510308  0.002004052867  0.006031243650  0.005023046833  0.005023046833  0.005023046833  0.005023046833  0.005023046833  0.005023046833  0.005023046833  0.002504540203  0.002002771101  0.006532713517  0.002003219518  
piranga_rubra_sdsu2654 0.011100256242  0.008559293286  0.011610555176  0.010081234479  0.009061766405  0.009061766405  0.008051869671  0.010081234479  0.009572509489  0.009575704260  0.009575704260  0.009575704260  0.000000000000  0.000000000000  0.005018207160  0.002004052867  0.001501510308  0.002004052867  0.006031243650  0.005023046833  0.005023046833  0.005023046833  0.005023046833  0.005023046833  0.005023046833  0.005023046833  0.002504540203  0.002002771101  0.006532713517  0.002003219518  
piranga_hepatica_ku4970 0.015176860422  0.012620718820  0.015690324983  0.014151527004  0.013125221950  0.013125221950  0.012110165261  0.014151527004  0.013639655944  0.013643409051  0.013643409051  0.013643409051  0.005018207160  0.005018207160  0.000000000000  0.006027362827  0.005520719887  0.006027362827  0.010078165958  0.009064306991  0.009064306991  0.009064306991  0.009064306991  0.009064306991  0.009064306991  0.009064306991  0.006529864296  0.006025034829  0.010581657771  0.006026004534  
piranga_lutea_lsu5400 0.012121380924  0.009575704260  0.011610555176  0.011100256242  0.010078165958  0.010078165958  0.009067237792  0.011100256242  0.010590483037  0.010594207380  0.010594207380  0.010594207380  0.002004052867  0.002004052867  0.006027362827  0.000000000000  0.002504540203  0.003009131296  0.007043507341  0.006033765417  0.006033765417  0.006033765417  0.006033765417  0.006033765417  0.006033765417  0.006033765417  0.003509607465  0.003006818646  0.007544965880  0.003007782241  
piranga_lutea_ku89864 0.011603218133  0.009061766405  0.012113511309  0.010584207850  0.009565269639  0.009565269639  0.008554348483  0.010584207850  0.010075488582  0.010078165958  0.010078165958  0.010078165958  0.001501510308  0.001501510308  0.005520719887  0.002504540203  0.000000000000  0.002504540203  0.006532713517  0.005524013742  0.005524013742  0.005524013742  0.005524013742  0.005524013742  0.005524013742  0.005524013742  0.003006049357  0.002504285822  0.007035209339  0.002504220033  
piranga_hepatica_ku9084 0.012121380924  0.009575704260  0.012632734575  0.011100256242  0.010078165958  0.010078165958  0.009067237792  0.011100256242  0.010590483037  0.010594207380  0.010594207380  0.010594207380  0.002004052867  0.002004052867  0.006027362827  0.003009131296  0.002504540203  0.000000000000  0.004012907698  0.003007782241  0.003007782241  0.003007782241  0.003007782241  0.003007782241  0.003007782241  0.003007782241  0.003509607465  0.003006818646  0.007544965880  0.003007782241  
piranga_ludoviciana_sdsu2385 0.016214913491  0.013652096439  0.016729987371  0.015186371442  0.014155547906  0.014155547906  0.013139951784  0.015186371442  0.014672901052  0.014677978752  0.014677978752  0.014677978752  0.006031243650  0.006031243650  0.010078165958  0.007043507341  0.006532713517  0.004012907698  0.000000000000  0.001000692120  0.001000692120  0.001000692120  0.001000692120  0.001000692120  0.001000692120  0.001000692120  0.007544965880  0.007038580849  0.011606690668  0.007040849913  
piranga_bidentata_hgoslp104 0.015191718615  0.012632734575  0.015705992425  0.014164771728  0.013135679157  0.013135679157  0.012121380924  0.014164771728  0.013652096439  0.013657029959  0.013657029959  0.013657029959  0.005023046833  0.005023046833  0.009064306991  0.006033765417  0.005524013742  0.003007782241  0.001000692120  0.000000000000  0.000000000000  0.000000000000  0.000000000000  0.000000000000  0.000000000000  0.000000000000  0.006534721032  0.006029109327  0.010590483037  0.006031243650  
piranga_bidentata_itm160 0.015191718615  0.012632734575  0.015705992425  0.014164771728  0.013135679157  0.013135679157  0.012121380924  0.014164771728  0.013652096439  0.013657029959  0.013657029959  0.013657029959  0.005023046833  0.005023046833  0.009064306991  0.006033765417  0.005524013742  0.003007782241  0.001000692120  0.000000000000  0.000000000000  0.000000000000  0.000000000000  0.000000000000  0.000000000000  0.000000000000  0.006534721032  0.006029109327  0.010590483037  0.006031243650  
piranga_ludoviciana_sdsu2208 0.015191718615  0.012632734575  0.015705992425  0.014164771728  0.013135679157  0.013135679157  0.012121380924  0.014164771728  0.013652096439  0.013657029959  0.013657029959  0.013657029959  0.005023046833  0.005023046833  0.009064306991  0.006033765417  0.005524013742  0.003007782241  0.001000692120  0.000000000000  0.000000000000  0.000000000000  0.000000000000  0.000000000000  0.000000000000  0.000000000000  0.006534721032  0.006029109327  0.010590483037  0.006031243650  
piranga_bidentata_itm141 0.015191718615  0.012632734575  0.015705992425  0.014164771728  0.013135679157  0.013135679157  0.012121380924  0.014164771728  0.013652096439  0.013657029959  0.013657029959  0.013657029959  0.005023046833  0.005023046833  0.009064306991  0.006033765417  0.005524013742  0.003007782241  0.001000692120  0.000000000000  0.000000000000  0.000000000000  0.000000000000  0.000000000000  0.000000000000  0.000000000000  0.006534721032  0.006029109327  0.010590483037  0.006031243650  
piranga_bidentata_tepe59 0.015191718615  0.012632734575  0.015705992425  0.014164771728  0.013135679157  0.013135679157  0.012121380924  0.014164771728  0.013652096439  0.013657029959  0.013657029959  0.013657029959  0.005023046833  0.005023046833  0.009064306991  0.006033765417  0.005524013742  0.003007782241  0.001000692120  0.000000000000  0.000000000000  0.000000000000  0.000000000000  0.000000000000  0.000000000000  0.000000000000  0.006534721032  0.006029109327  0.010590483037  0.006031243650  
piranga_ludoviciana_sdsu2648 0.015191718615  0.012632734575  0.015705992425  0.014164771728  0.013135679157  0.013135679157  0.012121380924  0.014164771728  0.013652096439  0.013657029959  0.013657029959  0.013657029959  0.005023046833  0.005023046833  0.009064306991  0.006033765417  0.005524013742  0.003007782241  0.001000692120  0.000000000000  0.000000000000  0.000000000000  0.000000000000  0.000000000000  0.000000000000  0.000000000000  0.006534721032  0.006029109327  0.010590483037  0.006031243650  
piranga_ludoviciana_sdsu2650 0.015191718615  0.012632734575  0.015705992425  0.014164771728  0.013135679157  0.013135679157  0.012121380924  0.014164771728  0.013652096439  0.013657029959  0.013657029959  0.013657029959  0.005023046833  0.005023046833  0.009064306991  0.006033765417  0.005524013742  0.003007782241  0.001000692120  0.000000000000  0.000000000000  0.000000000000  0.000000000000  0.000000000000  0.000000000000  0.000000000000  0.006534721032  0.006029109327  0.010590483037  0.006031243650  
piranga_flava_ku90809 0.012624331287  0.010078165958  0.013135679157  0.011603218133  0.010581657771  0.010581657771  0.009569705207  0.011603218133  0.011093450674  0.011096657610  0.011096657610  0.011096657610  0.002504540203  0.002504540203  0.006529864296  0.003509607465  0.003006049357  0.003509607465  0.007544965880  0.006534721032  0.006534721032  0.006534721032  0.006534721032  0.006534721032  0.006534721032  0.006534721032  0.000000000000  0.000500252792  0.008047450373  0.003508771600  
piranga_flava_lsu15408 0.012113511309  0.009569705207  0.012624331287  0.011093450674  0.010073202736  0.010073202736  0.009061766405  0.011093450674  0.010584207850  0.010587149734  0.010587149734  0.010587149734  0.002002771101  0.002002771101  0.006025034829  0.003006818646  0.002504285822  0.003006818646  0.007038580849  0.006029109327  0.006029109327  0.006029109327  0.006029109327  0.006029109327  0.006029109327  0.006029109327  0.000500252792  0.000000000000  0.007541071012  0.003006240890  
piranga_rubra_ku7046 0.016718855336  0.014155547906  0.017233923351  0.015690324983  0.014660033674  0.014660033674  0.013643409051  0.015690324983  0.015176860422  0.015181418584  0.015181418584  0.015181418584  0.006532713517  0.006532713517  0.010581657771  0.007544965880  0.007035209339  0.007544965880  0.011606690668  0.010590483037  0.010590483037  0.010590483037  0.010590483037  0.010590483037  0.010590483037  0.010590483037  0.008047450373  0.007541071012  0.000000000000  0.004515366725  
piranga_rubra_ku26592 0.012117249991  0.009572509489  0.012628336666  0.011096657610  0.010075488582  0.010075488582  0.009064306991  0.011096657610  0.010587149734  0.010590483037  0.010590483037  0.010590483037  0.002003219518  0.002003219518  0.006026004534  0.003007782241  0.002504220033  0.003007782241  0.007040849913  0.006031243650  0.006031243650  0.006031243650  0.006031243650  0.006031243650  0.006031243650  0.006031243650  0.003508771600  0.003006240890  0.004515366725  0.000000000000  

