30
piranga_rubra_ku26592 0.000000000000  0.003159164159  0.005270707199  0.006298392315  0.007371517834  0.006318290106  0.005871036582  0.008427500310  0.003182624564  0.004185669862  0.004359001527  0.006852264258  0.004183598729  0.001270706649  0.002088701787  0.002146999582  0.002088994889  0.007402700765  0.004185669862  0.004185669862  0.008454218840  0.003135272253  0.006305010972  0.007356024678  0.006378745039  0.003700880741  0.002552542836  0.004185669862  0.002088701787  0.004185669862  
piranga_flava_ku90809 0.003159164159  0.000000000000  0.007441026540  0.007417371990  0.008504405993  0.007441026540  0.008291286015  0.009568967061  0.006429272832  0.005275311582  0.006587826778  0.008067036151  0.005267745317  0.002567636480  0.003158263556  0.001070705348  0.003152524580  0.010680774221  0.006337327734  0.006330641080  0.009599587401  0.004212115787  0.007425240112  0.008486362659  0.007512904188  0.003736509150  0.003861558966  0.006330641080  0.004207684950  0.006330641080  
piranga_ludoviciana_sdsu2385 0.005270707199  0.007441026540  0.000000000000  0.009547586424  0.010620181301  0.007433124944  0.009397713346  0.009558803646  0.008526303594  0.001048257834  0.001090555640  0.008057749912  0.007381929005  0.003822199693  0.005264203346  0.005418227227  0.005265156930  0.010669378093  0.001048257834  0.001047160140  0.011683874870  0.006324950672  0.009557726002  0.008468395728  0.009639624603  0.003704213724  0.000000000000  0.001047160140  0.006311643555  0.001047160140  
piranga_rubriceps_lsu265 0.006298392315  0.007417371990  0.009547586424  0.000000000000  0.003148320296  0.004206759806  0.008242470321  0.006311643555  0.007460606877  0.008423809495  0.007669301091  0.005715523361  0.008409781584  0.002544767296  0.006304034978  0.005394842596  0.006298392315  0.007405357570  0.008423809495  0.008423809495  0.004212115787  0.007356024678  0.000000000000  0.005253141794  0.002118808403  0.000000000000  0.005129196379  0.008423809495  0.006304034978  0.008423809495  
piranga_leucoptera_lsu7783 0.007371517834  0.008504405993  0.010620181301  0.003148320296  0.000000000000  0.005275311582  0.008242470321  0.007387076391  0.008535400715  0.009507242351  0.007686143546  0.003429007327  0.009490946246  0.003822199693  0.007378280190  0.006495116504  0.007371517834  0.008490108209  0.009507242351  0.009507242351  0.003155840877  0.008433724446  0.003151627752  0.004202340219  0.003181710562  0.000000000000  0.003841778522  0.009507242351  0.007378280190  0.009507242351  
cardinalis_cardinalis_ku25393 0.006318290106  0.007441026540  0.007433124944  0.004206759806  0.005275311582  0.000000000000  0.005888088760  0.002097463747  0.007484538331  0.006323968522  0.005483592897  0.003429007327  0.008436387702  0.003822199693  0.006323968522  0.005412362084  0.006318290106  0.005295641587  0.006323968522  0.006323968522  0.006351733957  0.007379288911  0.004206759806  0.003154942165  0.004255995992  0.002469359775  0.003851643348  0.006323968522  0.006323968522  0.006323968522  
piranga_olivacea_ku2699 0.005871036582  0.008291286015  0.009397713346  0.008242470321  0.008242470321  0.005888088760  0.000000000000  0.007065219358  0.003514452617  0.008213455848  0.008213455848  0.005860482907  0.008218758723  0.003822199693  0.008213455848  0.007098655493  0.007040348238  0.003513479131  0.008223104616  0.008213455848  0.008242470321  0.007040348238  0.008252187419  0.005867360074  0.008261927457  0.006179158660  0.007670382180  0.008213455848  0.008213455848  0.008213455848  
cardinalis_cardinalis_ku21828 0.008427500310  0.009568967061  0.009558803646  0.006311643555  0.007387076391  0.002097463747  0.007065219358  0.000000000000  0.009627317076  0.008433724446  0.007678804900  0.005716646810  0.010549952233  0.005103021733  0.008433724446  0.007579035087  0.008427500310  0.007417522353  0.008433724446  0.008433724446  0.007417371990  0.009490946246  0.006311643555  0.005259618339  0.006385533744  0.003704213724  0.005135782049  0.008433724446  0.008433724446  0.008433724446  
piranga_rubra_ku7046 0.003182624564  0.006429272832  0.008526303594  0.007460606877  0.008535400715  0.007484538331  0.003514452617  0.009627317076  0.000000000000  0.007452663698  0.007698559496  0.006899542472  0.006378187666  0.001270706649  0.005312521621  0.005416105747  0.005311183816  0.006381406558  0.007452663698  0.007452663698  0.009606763841  0.006378956454  0.007468567005  0.008526303594  0.007476544139  0.003700880741  0.005117442398  0.007452663698  0.005312521621  0.007452663698  
piranga_bidentata_hgoslp104 0.004185669862  0.005275311582  0.001048257834  0.008423809495  0.009507242351  0.006323968522  0.008213455848  0.008433724446  0.007452663698  0.000000000000  0.000000000000  0.006851112353  0.006281198328  0.002544767296  0.004180380853  0.004301767050  0.004181294460  0.009531151637  0.000000000000  0.000000000000  0.010598770548  0.005232099258  0.008432689141  0.007362758604  0.008531615319  0.003704213724  0.000000000000  0.000000000000  0.004180380853  0.000000000000  
piranga_ludoviciana_sdsu2648 0.004359001527  0.006587826778  0.001090555640  0.007669301091  0.007686143546  0.005483592897  0.008213455848  0.007678804900  0.007698559496  0.000000000000  0.000000000000  0.006851112353  0.005445599891  0.002544767296  0.004353265918  0.004386684857  0.004349521689  0.008750127194  0.000000000000  0.000000000000  0.008814731734  0.005448765654  0.007677713082  0.006566197956  0.007711546393  0.003704213724  0.000000000000  0.000000000000  0.005436915753  0.000000000000  
piranga_roseogularis_ku2049 0.006852264258  0.008067036151  0.008057749912  0.005715523361  0.003429007327  0.003429007327  0.005860482907  0.005716646810  0.006899542472  0.006851112353  0.006851112353  0.000000000000  0.007988492459  0.003822199693  0.006851112353  0.006906315219  0.005702486132  0.004555480582  0.006858944385  0.006851112353  0.006899542472  0.006844447479  0.005722064356  0.000000000000  0.005748378740  0.001231582137  0.002551259673  0.006851112353  0.006851112353  0.006851112353  
piranga_hepatica_ku4970 0.004183598729  0.005267745317  0.007381929005  0.008409781584  0.009490946246  0.008436387702  0.008218758723  0.010549952233  0.006378187666  0.006281198328  0.005445599891  0.007988492459  0.000000000000  0.001270706649  0.004179450894  0.003219386166  0.004179227663  0.010589482615  0.006287780861  0.006281198328  0.010583449712  0.005227884645  0.008418631624  0.009470970485  0.007444737416  0.003700880741  0.002549289247  0.006281198328  0.004179450894  0.006281198328  
piranga_hepatica_ku9084 0.001270706649  0.002567636480  0.003822199693  0.002544767296  0.003822199693  0.003822199693  0.003822199693  0.005103021733  0.001270706649  0.002544767296  0.002544767296  0.003822199693  0.001270706649  0.000000000000  0.002544767296  0.002567636480  0.001270706649  0.002544767296  0.002544767296  0.002544767296  0.003822199693  0.001270706649  0.002544767296  0.003822199693  0.002544767296  0.002607812057  0.000000000000  0.002544767296  0.002544767296  0.002544767296  
piranga_rubra_sdsu2654 0.002088701787  0.003158263556  0.005264203346  0.006304034978  0.007378280190  0.006323968522  0.008213455848  0.008433724446  0.005312521621  0.004180380853  0.004353265918  0.006851112353  0.004179450894  0.002544767296  0.000000000000  0.002146091386  0.002086522724  0.009531151637  0.004184754347  0.004180380853  0.008460482608  0.003132772247  0.006310665515  0.007362758604  0.006384532773  0.003704213724  0.002548009349  0.004180380853  0.000000000000  0.004180380853  
piranga_flava_lsu15408 0.002146999582  0.001070705348  0.005418227227  0.005394842596  0.006495116504  0.005412362084  0.007098655493  0.007579035087  0.005416105747  0.004301767050  0.004386684857  0.006906315219  0.003219386166  0.002567636480  0.002146091386  0.000000000000  0.002142399847  0.008636765497  0.004306398361  0.004301767050  0.007603733688  0.003220203221  0.005400669809  0.006481084493  0.005424105095  0.002487789557  0.001285407035  0.004301767050  0.002146091386  0.004301767050  
piranga_lutea_lsu5400 0.002088994889  0.003152524580  0.005265156930  0.006298392315  0.007371517834  0.006318290106  0.007040348238  0.008427500310  0.005311183816  0.004181294460  0.004349521689  0.005702486132  0.004179227663  0.001270706649  0.002086522724  0.002142399847  0.000000000000  0.009525421069  0.004185669862  0.004181294460  0.008454218840  0.003131999025  0.006305010972  0.007356024678  0.006378745039  0.002466314659  0.001273944270  0.004181294460  0.002086522724  0.004181294460  
piranga_olivacea_ku4672 0.007402700765  0.010680774221  0.010669378093  0.007405357570  0.008490108209  0.005295641587  0.003513479131  0.007417522353  0.006381406558  0.009531151637  0.008750127194  0.004555480582  0.010589482615  0.002544767296  0.009531151637  0.008636765497  0.009525421069  0.000000000000  0.009531151637  0.009531151637  0.009586298180  0.010594662861  0.007413200175  0.004219126704  0.007444737416  0.003700880741  0.006400643996  0.009531151637  0.009531151637  0.009531151637  
piranga_ludoviciana_sdsu2208 0.004185669862  0.006337327734  0.001048257834  0.008423809495  0.009507242351  0.006323968522  0.008223104616  0.008433724446  0.007452663698  0.000000000000  0.000000000000  0.006858944385  0.006287780861  0.002544767296  0.004184754347  0.004306398361  0.004185669862  0.009531151637  0.000000000000  0.000000000000  0.010598770548  0.005237580012  0.008432689141  0.007362758604  0.008531615319  0.003704213724  0.000000000000  0.000000000000  0.005226629962  0.000000000000  
piranga_bidentata_itm160 0.004185669862  0.006330641080  0.001047160140  0.008423809495  0.009507242351  0.006323968522  0.008213455848  0.008433724446  0.007452663698  0.000000000000  0.000000000000  0.006851112353  0.006281198328  0.002544767296  0.004180380853  0.004301767050  0.004181294460  0.009531151637  0.000000000000  0.000000000000  0.010598770548  0.005232099258  0.008432689141  0.007362758604  0.008531615319  0.003704213724  0.000000000000  0.000000000000  0.005221172089  0.000000000000  
piranga_leucoptera_fmnh481795 0.008454218840  0.009599587401  0.011683874870  0.004212115787  0.003155840877  0.006351733957  0.008242470321  0.007417371990  0.009606763841  0.010598770548  0.008814731734  0.006899542472  0.010583449712  0.003822199693  0.008460482608  0.007603733688  0.008454218840  0.009586298180  0.010598770548  0.010598770548  0.000000000000  0.009521068388  0.004216555966  0.007394880325  0.004252417264  0.001231582137  0.005129196379  0.010598770548  0.008460482608  0.010598770548  
piranga_lutea_ku89864 0.003135272253  0.004212115787  0.006324950672  0.007356024678  0.008433724446  0.007379288911  0.007040348238  0.009490946246  0.006378956454  0.005232099258  0.005448765654  0.006844447479  0.005227884645  0.001270706649  0.003132772247  0.003220203221  0.003131999025  0.010594662861  0.005237580012  0.005232099258  0.009521068388  0.000000000000  0.007363763107  0.008415979508  0.007449972993  0.002466314659  0.001273944270  0.005232099258  0.003132772247  0.005232099258  
piranga_rubriceps_lsu34818 0.006305010972  0.007425240112  0.009557726002  0.000000000000  0.003151627752  0.004206759806  0.008252187419  0.006311643555  0.007468567005  0.008432689141  0.007677713082  0.005722064356  0.008418631624  0.002544767296  0.006310665515  0.005400669809  0.006305010972  0.007413200175  0.008432689141  0.008432689141  0.004216555966  0.007363763107  0.000000000000  0.005258666753  0.002118808403  0.000000000000  0.005135782049  0.008432689141  0.006310665515  0.008432689141  
piranga_roseogularis_ku2141 0.007356024678  0.008486362659  0.008468395728  0.005253141794  0.004202340219  0.003154942165  0.005867360074  0.005259618339  0.008526303594  0.007362758604  0.006566197956  0.000000000000  0.009470970485  0.003822199693  0.007362758604  0.006481084493  0.007356024678  0.004219126704  0.007362758604  0.007362758604  0.007394880325  0.008415979508  0.005258666753  0.000000000000  0.005314562336  0.001231582137  0.002554518301  0.007362758604  0.007362758604  0.007362758604  
piranga_erythrocephala_fmnh343371 0.006378745039  0.007512904188  0.009639624603  0.002118808403  0.003181710562  0.004255995992  0.008261927457  0.006385533744  0.007476544139  0.008531615319  0.007711546393  0.005748378740  0.007444737416  0.002544767296  0.006384532773  0.005424105095  0.006378745039  0.007444737416  0.008531615319  0.008531615319  0.004252417264  0.007449972993  0.002118808403  0.005314562336  0.000000000000  0.000000000000  0.005135782049  0.008531615319  0.006384532773  0.008531615319  
piranga_erythrocephala_fmnh343370 0.003700880741  0.003736509150  0.003704213724  0.000000000000  0.000000000000  0.002469359775  0.006179158660  0.003704213724  0.003700880741  0.003704213724  0.003704213724  0.001231582137  0.003700880741  0.002607812057  0.003704213724  0.002487789557  0.002466314659  0.003700880741  0.003704213724  0.003704213724  0.001231582137  0.002466314659  0.000000000000  0.001231582137  0.000000000000  0.000000000000  0.003891614525  0.003704213724  0.003704213724  0.003704213724  
piranga_ludoviciana_sdsu2650 0.002552542836  0.003861558966  0.000000000000  0.005129196379  0.003841778522  0.003851643348  0.007670382180  0.005135782049  0.005117442398  0.000000000000  0.000000000000  0.002551259673  0.002549289247  0.000000000000  0.002548009349  0.001285407035  0.001273944270  0.006400643996  0.000000000000  0.000000000000  0.005129196379  0.001273944270  0.005135782049  0.002554518301  0.005135782049  0.003891614525  0.000000000000  0.000000000000  0.003818650932  0.000000000000  
piranga_bidentata_tepe59 0.004185669862  0.006330641080  0.001047160140  0.008423809495  0.009507242351  0.006323968522  0.008213455848  0.008433724446  0.007452663698  0.000000000000  0.000000000000  0.006851112353  0.006281198328  0.002544767296  0.004180380853  0.004301767050  0.004181294460  0.009531151637  0.000000000000  0.000000000000  0.010598770548  0.005232099258  0.008432689141  0.007362758604  0.008531615319  0.003704213724  0.000000000000  0.000000000000  0.005221172089  0.000000000000  
piranga_rubra_sdsu2635 0.002088701787  0.004207684950  0.006311643555  0.006304034978  0.007378280190  0.006323968522  0.008213455848  0.008433724446  0.005312521621  0.004180380853  0.005436915753  0.006851112353  0.004179450894  0.002544767296  0.000000000000  0.002146091386  0.002086522724  0.009531151637  0.005226629962  0.005221172089  0.008460482608  0.003132772247  0.006310665515  0.007362758604  0.006384532773  0.003704213724  0.003818650932  0.005221172089  0.000000000000  0.005221172089  
piranga_bidentata_itm141 0.004185669862  0.006330641080  0.001047160140  0.008423809495  0.009507242351  0.006323968522  0.008213455848  0.008433724446  0.007452663698  0.000000000000  0.000000000000  0.006851112353  0.006281198328  0.002544767296  0.004180380853  0.004301767050  0.004181294460  0.009531151637  0.000000000000  0.000000000000  0.010598770548  0.005232099258  0.008432689141  0.007362758604  0.008531615319  0.003704213724  0.000000000000  0.000000000000  0.005221172089  0.000000000000  

