30
cardinalis_cardinalis_ku21828 0.000000000000  0.000000000000  0.031703085051  0.032743304600  0.035943040948  0.033824879566  0.033824879566  0.033824879566  0.027017048665  0.027017048665  0.027017048665  0.028585618593  0.025463421050  0.026495290840  0.024942753431  0.025458218340  0.024942753431  0.028068393201  0.026500642931  0.030152265164  0.029634090517  0.025458218340  0.029091785687  0.029091785687  0.026506396474  0.024942753431  0.026500642931  0.026500642931  0.024942753431  0.024942753431  
cardinalis_cardinalis_ku25393 0.000000000000  0.000000000000  0.031703085051  0.032743304600  0.035943040948  0.033824879566  0.033824879566  0.033824879566  0.027017048665  0.027017048665  0.027017048665  0.028585618593  0.025463421050  0.026495290840  0.024942753431  0.025458218340  0.024942753431  0.028068393201  0.026500642931  0.030152265164  0.029634090517  0.025458218340  0.029091785687  0.029091785687  0.026506396474  0.024942753431  0.026500642931  0.026500642931  0.024942753431  0.024942753431  
piranga_erythrocephala_fmnh343371 0.031703085051  0.031703085051  0.000000000000  0.001000752560  0.017743306445  0.015172214238  0.015172214238  0.015172214238  0.014650311796  0.014650311796  0.014650311796  0.016187379800  0.013122191301  0.014139010957  0.012611937451  0.013119893091  0.012611937451  0.015677727909  0.014141446978  0.017725309635  0.017214740618  0.013630407417  0.016691853715  0.016691853715  0.014144274180  0.012611937451  0.014141446978  0.014141446978  0.012611937451  0.012611937451  
piranga_erythrocephala_fmnh343370 0.032743304600  0.032743304600  0.001000752560  0.000000000000  0.018764618236  0.016190879263  0.016190879263  0.016190879263  0.015669207128  0.015669207128  0.015669207128  0.017207851700  0.014139010957  0.015157382930  0.013628235890  0.014136966500  0.013628235890  0.016697420844  0.015159564961  0.018747619395  0.018236269007  0.014648002575  0.017713615065  0.017713615065  0.015162139492  0.013628235890  0.015159564961  0.015159564961  0.013628235890  0.013628235890  
piranga_leucoptera_fmnh481795 0.035943040948  0.035943040948  0.017743306445  0.018764618236  0.000000000000  0.002506312505  0.015717670565  0.015717670565  0.019286475389  0.019286475389  0.019286475389  0.020839574019  0.017748787505  0.018769853113  0.017233234102  0.017743306445  0.017233234102  0.020327776353  0.018775481296  0.022390405123  0.021877677527  0.018259125764  0.021339764163  0.021339764163  0.018781502408  0.017233234102  0.018775481296  0.018775481296  0.017233234102  0.017233234102  
piranga_leucoptera_lsu7783 0.033824879566  0.033824879566  0.015172214238  0.016190879263  0.002506312505  0.000000000000  0.013149184463  0.013149184463  0.016708720558  0.016708720558  0.016708720558  0.018253767604  0.015176354931  0.016194771011  0.014663463237  0.015172214238  0.014663463237  0.017743306445  0.016199054662  0.019797859505  0.019286475389  0.015685369107  0.018755329917  0.018755329917  0.016203729837  0.014663463237  0.016199054662  0.016199054662  0.014663463237  0.014663463237  
piranga_rubriceps_lsu265 0.033824879566  0.033824879566  0.015172214238  0.016190879263  0.015717670565  0.013149184463  0.000000000000  0.000000000000  0.016708720558  0.016708720558  0.016708720558  0.018253767604  0.015176354931  0.016194771011  0.014663463237  0.015172214238  0.014663463237  0.017743306445  0.016199054662  0.019797859505  0.019286475389  0.015685369107  0.018755329917  0.018755329917  0.016203729837  0.014663463237  0.016199054662  0.016199054662  0.014663463237  0.014663463237  
piranga_rubriceps_lsu34818 0.033824879566  0.033824879566  0.015172214238  0.016190879263  0.015717670565  0.013149184463  0.000000000000  0.000000000000  0.016708720558  0.016708720558  0.016708720558  0.018253767604  0.015176354931  0.016194771011  0.014663463237  0.015172214238  0.014663463237  0.017743306445  0.016199054662  0.019797859505  0.019286475389  0.015685369107  0.018755329917  0.018755329917  0.016203729837  0.014663463237  0.016199054662  0.016199054662  0.014663463237  0.014663463237  
piranga_ludoviciana_sdsu2208 0.027017048665  0.027017048665  0.014650311796  0.015669207128  0.019286475389  0.016708720558  0.016708720558  0.016708720558  0.000000000000  0.000000000000  0.000000000000  0.007544835093  0.004516669923  0.005522466212  0.004012869764  0.004515324218  0.004012869764  0.007040725271  0.005523944409  0.009064121329  0.008559115697  0.005019378304  0.008045701514  0.008045701514  0.005525805792  0.004012869764  0.005523944409  0.005523944409  0.004012869764  0.004012869764  
piranga_ludoviciana_sdsu2385 0.027017048665  0.027017048665  0.014650311796  0.015669207128  0.019286475389  0.016708720558  0.016708720558  0.016708720558  0.000000000000  0.000000000000  0.000000000000  0.007544835093  0.004516669923  0.005522466212  0.004012869764  0.004515324218  0.004012869764  0.007040725271  0.005523944409  0.009064121329  0.008559115697  0.005019378304  0.008045701514  0.008045701514  0.005525805792  0.004012869764  0.005523944409  0.005523944409  0.004012869764  0.004012869764  
piranga_ludoviciana_sdsu2648 0.027017048665  0.027017048665  0.014650311796  0.015669207128  0.019286475389  0.016708720558  0.016708720558  0.016708720558  0.000000000000  0.000000000000  0.000000000000  0.007544835093  0.004516669923  0.005522466212  0.004012869764  0.004515324218  0.004012869764  0.007040725271  0.005523944409  0.009064121329  0.008559115697  0.005019378304  0.008045701514  0.008045701514  0.005525805792  0.004012869764  0.005523944409  0.005523944409  0.004012869764  0.004012869764  
piranga_roseogularis_ku2049 0.028585618593  0.028585618593  0.016187379800  0.017207851700  0.020839574019  0.018253767604  0.018253767604  0.018253767604  0.007544835093  0.007544835093  0.007544835093  0.000000000000  0.003006799814  0.005018157945  0.003509580072  0.004011781114  0.003509580072  0.006534616846  0.005019378304  0.008049326114  0.008051716504  0.004515324218  0.007539599927  0.007539599927  0.005020981586  0.003509580072  0.005019378304  0.005019378304  0.003509580072  0.003509580072  
piranga_roseogularis_ku2141 0.025463421050  0.025463421050  0.013122191301  0.014139010957  0.017748787505  0.015176354931  0.015176354931  0.015176354931  0.004516669923  0.004516669923  0.004516669923  0.003006799814  0.000000000000  0.002002763481  0.000500251822  0.001000690218  0.000500251822  0.003510793948  0.002003210079  0.005523944409  0.005020981586  0.001501697226  0.004513781165  0.004513781165  0.002004037282  0.000500251822  0.002003210079  0.002003210079  0.000500251822  0.000500251822  
piranga_bidentata_hgoslp104 0.026495290840  0.026495290840  0.014139010957  0.015157382930  0.018769853113  0.016194771011  0.016194771011  0.016194771011  0.005522466212  0.005522466212  0.005522466212  0.005018157945  0.002002763481  0.000000000000  0.001501505355  0.002002697863  0.001501505355  0.004515324218  0.003006223715  0.006531010047  0.006027287017  0.002504207358  0.005520334512  0.005520334512  0.003006799814  0.001501505355  0.003006223715  0.003006223715  0.001501505355  0.001501505355  
piranga_bidentata_tepe59 0.024942753431  0.024942753431  0.012611937451  0.013628235890  0.017233234102  0.014663463237  0.014663463237  0.014663463237  0.004012869764  0.004012869764  0.004012869764  0.003509580072  0.000500251822  0.001501505355  0.000000000000  0.000500188035  0.000000000000  0.003007757413  0.001501697226  0.005019378304  0.004516669923  0.001000690218  0.004010751386  0.004010751386  0.001502269443  0.000000000000  0.001501697226  0.001501697226  0.000000000000  0.000000000000  
piranga_lutea_ku89864 0.025458218340  0.025458218340  0.013119893091  0.014136966500  0.017743306445  0.015172214238  0.015172214238  0.015172214238  0.004515324218  0.004515324218  0.004515324218  0.004011781114  0.001000690218  0.002002697863  0.000500188035  0.000000000000  0.000500188035  0.003509580072  0.002002763481  0.005522466212  0.005019378304  0.001501505355  0.004513584573  0.004513584573  0.002003210079  0.000500188035  0.002002763481  0.002002763481  0.000500188035  0.000500188035  
piranga_hepatica_ku4970 0.024942753431  0.024942753431  0.012611937451  0.013628235890  0.017233234102  0.014663463237  0.014663463237  0.014663463237  0.004012869764  0.004012869764  0.004012869764  0.003509580072  0.000500251822  0.001501505355  0.000000000000  0.000500188035  0.000000000000  0.003007757413  0.001501697226  0.005019378304  0.004516669923  0.001000690218  0.004010751386  0.004010751386  0.001502269443  0.000000000000  0.001501697226  0.001501697226  0.000000000000  0.000000000000  
piranga_hepatica_ku9084 0.028068393201  0.028068393201  0.015677727909  0.016697420844  0.020327776353  0.017743306445  0.017743306445  0.017743306445  0.007040725271  0.007040725271  0.007040725271  0.006534616846  0.003510793948  0.004515324218  0.003007757413  0.003509580072  0.003007757413  0.000000000000  0.002504527959  0.008051716504  0.007547349899  0.004012869764  0.007035114137  0.007035114137  0.004518397913  0.003007757413  0.004516669923  0.004516669923  0.003007757413  0.003007757413  
piranga_lutea_lsu5400 0.026500642931  0.026500642931  0.014141446978  0.015159564961  0.018775481296  0.016199054662  0.016199054662  0.016199054662  0.005523944409  0.005523944409  0.005523944409  0.005019378304  0.002003210079  0.003006223715  0.001501697226  0.002002763481  0.001501697226  0.002504527959  0.000000000000  0.006532621400  0.006029023575  0.002504527959  0.005520660886  0.005520660886  0.003007757413  0.001501697226  0.003006799814  0.003006799814  0.001501697226  0.001501697226  
piranga_flava_ku90809 0.030152265164  0.030152265164  0.017725309635  0.018747619395  0.022390405123  0.019797859505  0.019797859505  0.019797859505  0.009064121329  0.009064121329  0.009064121329  0.008049326114  0.005523944409  0.006531010047  0.005019378304  0.005522466212  0.005019378304  0.008051716504  0.006532621400  0.000000000000  0.001501697226  0.006027287017  0.009057700450  0.009057700450  0.006534616846  0.005019378304  0.006532621400  0.006532621400  0.005019378304  0.005019378304  
piranga_flava_lsu15408 0.029634090517  0.029634090517  0.017214740618  0.018236269007  0.021877677527  0.019286475389  0.019286475389  0.019286475389  0.008559115697  0.008559115697  0.008559115697  0.008051716504  0.005020981586  0.006027287017  0.004516669923  0.005019378304  0.004516669923  0.007547349899  0.006029023575  0.001501697226  0.000000000000  0.005523944409  0.008552319290  0.008552319290  0.006031143584  0.004516669923  0.006029023575  0.006029023575  0.004516669923  0.004516669923  
piranga_rubra_sdsu2654 0.025458218340  0.025458218340  0.013630407417  0.014648002575  0.018259125764  0.015685369107  0.015685369107  0.015685369107  0.005019378304  0.005019378304  0.005019378304  0.004515324218  0.001501697226  0.002504207358  0.001000690218  0.001501505355  0.001000690218  0.004012869764  0.002504527959  0.006027287017  0.005523944409  0.000000000000  0.005016867502  0.005016867502  0.002505229800  0.001000690218  0.002504527959  0.002504527959  0.001000690218  0.001000690218  
piranga_bidentata_itm160 0.029091785687  0.029091785687  0.016691853715  0.017713615065  0.021339764163  0.018755329917  0.018755329917  0.018755329917  0.008045701514  0.008045701514  0.008045701514  0.007539599927  0.004513781165  0.005520334512  0.004010751386  0.004513584573  0.004010751386  0.007035114137  0.005520660886  0.009057700450  0.008552319290  0.005016867502  0.000000000000  0.000000000000  0.005521371579  0.004010751386  0.004514361173  0.004514361173  0.004010751386  0.004010751386  
piranga_bidentata_itm141 0.029091785687  0.029091785687  0.016691853715  0.017713615065  0.021339764163  0.018755329917  0.018755329917  0.018755329917  0.008045701514  0.008045701514  0.008045701514  0.007539599927  0.004513781165  0.005520334512  0.004010751386  0.004513584573  0.004010751386  0.007035114137  0.005520660886  0.009057700450  0.008552319290  0.005016867502  0.000000000000  0.000000000000  0.005521371579  0.004010751386  0.004514361173  0.004514361173  0.004010751386  0.004010751386  
piranga_rubra_ku7046 0.026506396474  0.026506396474  0.014144274180  0.015162139492  0.018781502408  0.016203729837  0.016203729837  0.016203729837  0.005525805792  0.005525805792  0.005525805792  0.005020981586  0.002004037282  0.003006799814  0.001502269443  0.002003210079  0.001502269443  0.004518397913  0.003007757413  0.006534616846  0.006031143584  0.002505229800  0.005521371579  0.005521371579  0.000000000000  0.001502269443  0.003007757413  0.003007757413  0.001502269443  0.001502269443  
piranga_ludoviciana_sdsu2650 0.024942753431  0.024942753431  0.012611937451  0.013628235890  0.017233234102  0.014663463237  0.014663463237  0.014663463237  0.004012869764  0.004012869764  0.004012869764  0.003509580072  0.000500251822  0.001501505355  0.000000000000  0.000500188035  0.000000000000  0.003007757413  0.001501697226  0.005019378304  0.004516669923  0.001000690218  0.004010751386  0.004010751386  0.001502269443  0.000000000000  0.001501697226  0.001501697226  0.000000000000  0.000000000000  
piranga_olivacea_ku2699 0.026500642931  0.026500642931  0.014141446978  0.015159564961  0.018775481296  0.016199054662  0.016199054662  0.016199054662  0.005523944409  0.005523944409  0.005523944409  0.005019378304  0.002003210079  0.003006223715  0.001501697226  0.002002763481  0.001501697226  0.004516669923  0.003006799814  0.006532621400  0.006029023575  0.002504527959  0.004514361173  0.004514361173  0.003007757413  0.001501697226  0.000000000000  0.000000000000  0.001501697226  0.001501697226  
piranga_olivacea_ku4672 0.026500642931  0.026500642931  0.014141446978  0.015159564961  0.018775481296  0.016199054662  0.016199054662  0.016199054662  0.005523944409  0.005523944409  0.005523944409  0.005019378304  0.002003210079  0.003006223715  0.001501697226  0.002002763481  0.001501697226  0.004516669923  0.003006799814  0.006532621400  0.006029023575  0.002504527959  0.004514361173  0.004514361173  0.003007757413  0.001501697226  0.000000000000  0.000000000000  0.001501697226  0.001501697226  
piranga_rubra_sdsu2635 0.024942753431  0.024942753431  0.012611937451  0.013628235890  0.017233234102  0.014663463237  0.014663463237  0.014663463237  0.004012869764  0.004012869764  0.004012869764  0.003509580072  0.000500251822  0.001501505355  0.000000000000  0.000500188035  0.000000000000  0.003007757413  0.001501697226  0.005019378304  0.004516669923  0.001000690218  0.004010751386  0.004010751386  0.001502269443  0.000000000000  0.001501697226  0.001501697226  0.000000000000  0.000000000000  
piranga_rubra_ku26592 0.024942753431  0.024942753431  0.012611937451  0.013628235890  0.017233234102  0.014663463237  0.014663463237  0.014663463237  0.004012869764  0.004012869764  0.004012869764  0.003509580072  0.000500251822  0.001501505355  0.000000000000  0.000500188035  0.000000000000  0.003007757413  0.001501697226  0.005019378304  0.004516669923  0.001000690218  0.004010751386  0.004010751386  0.001502269443  0.000000000000  0.001501697226  0.001501697226  0.000000000000  0.000000000000  

