30
cardinalis_cardinalis_ku21828 0.000000000000  0.000000000000  0.012125223021  0.012125223021  0.010088055656  0.013661455426  0.013661455426  0.010597775431  0.015699369324  0.013139256264  0.011609996755  0.013651331195  0.014682462345  0.012120759864  0.012120759864  0.012120759864  0.012120759864  0.012120759864  0.014677063305  0.013651331195  0.013139256264  0.014163933180  0.015185446042  0.012627707303  0.012116683234  0.012120759864  0.012120759864  0.012632047329  0.013656199639  0.015180558347  
cardinalis_cardinalis_ku25393 0.000000000000  0.000000000000  0.012125223021  0.012125223021  0.010088055656  0.013661455426  0.013661455426  0.010597775431  0.015699369324  0.013139256264  0.011609996755  0.013651331195  0.014682462345  0.012120759864  0.012120759864  0.012120759864  0.012120759864  0.012120759864  0.014677063305  0.013651331195  0.013139256264  0.014163933180  0.015185446042  0.012627707303  0.012116683234  0.012120759864  0.012120759864  0.012632047329  0.013656199639  0.015180558347  
piranga_rubriceps_lsu265 0.012125223021  0.012125223021  0.000000000000  0.000000000000  0.002003204155  0.005525751278  0.005525751278  0.002505219142  0.011602755840  0.009061501512  0.007542640427  0.009569398715  0.010590039307  0.008049247098  0.008049247098  0.008049247098  0.008049247098  0.008049247098  0.010586749632  0.009569398715  0.009061501512  0.010077814401  0.011093040378  0.008554121738  0.008047258338  0.008049247098  0.008049247098  0.008556369621  0.009572166430  0.011090262030  
piranga_rubriceps_lsu34818 0.012125223021  0.012125223021  0.000000000000  0.000000000000  0.002003204155  0.005525751278  0.005525751278  0.002505219142  0.011602755840  0.009061501512  0.007542640427  0.009569398715  0.010590039307  0.008049247098  0.008049247098  0.008049247098  0.008049247098  0.008049247098  0.010586749632  0.009569398715  0.009061501512  0.010077814401  0.011093040378  0.008554121738  0.008047258338  0.008049247098  0.008049247098  0.008556369621  0.009572166430  0.011090262030  
piranga_leucoptera_fmnh481795 0.010088055656  0.010088055656  0.002003204155  0.002003204155  0.000000000000  0.003510769755  0.003510769755  0.000500251155  0.009569398715  0.007036548560  0.005522435423  0.007542640427  0.008559002152  0.006027245906  0.006027245906  0.006027245906  0.006027245906  0.006027245906  0.008556369621  0.007542640427  0.007036548560  0.008049247098  0.009061501512  0.006530970450  0.006025905056  0.006027245906  0.006027245906  0.006532568588  0.007544754710  0.009059379272  
piranga_erythrocephala_fmnh343371 0.013661455426  0.013661455426  0.005525751278  0.005525751278  0.003510769755  0.000000000000  0.000000000000  0.004014307430  0.013135039749  0.010586749632  0.009064009047  0.011096205470  0.012120759864  0.009572166430  0.009572166430  0.009572166430  0.009572166430  0.009572166430  0.012116683234  0.011096205470  0.010586749632  0.011606182981  0.012623754453  0.010077814401  0.009569398715  0.009572166430  0.009572166430  0.010080842830  0.011099756926  0.012620189157  
piranga_erythrocephala_fmnh343370 0.013661455426  0.013661455426  0.005525751278  0.005525751278  0.003510769755  0.000000000000  0.000000000000  0.004014307430  0.013135039749  0.010586749632  0.009064009047  0.011096205470  0.012120759864  0.009572166430  0.009572166430  0.009572166430  0.009572166430  0.009572166430  0.012116683234  0.011096205470  0.010586749632  0.011606182981  0.012623754453  0.010077814401  0.009569398715  0.009572166430  0.009572166430  0.010080842830  0.011099756926  0.012620189157  
piranga_leucoptera_lsu7783 0.010597775431  0.010597775431  0.002505219142  0.002505219142  0.000500251155  0.004014307430  0.004014307430  0.000000000000  0.010077814401  0.007542640427  0.006027245906  0.008049247098  0.009066901495  0.006532568588  0.006532568588  0.006532568588  0.006532568588  0.006532568588  0.008049247098  0.007036548560  0.006530970450  0.007542640427  0.008554121738  0.007036548560  0.006530970450  0.006532568588  0.006532568588  0.007038404508  0.008051620242  0.009567016559  
piranga_roseogularis_ku2049 0.015699369324  0.015699369324  0.011602755840  0.011602755840  0.009569398715  0.013135039749  0.013135039749  0.010077814401  0.000000000000  0.002505219142  0.005020938680  0.007040643931  0.008057518163  0.005525751278  0.005525751278  0.005525751278  0.005525751278  0.005525751278  0.008054377389  0.007040643931  0.006534549938  0.007547252732  0.008559002152  0.006028969707  0.005523902196  0.005525751278  0.005525751278  0.006031076079  0.007043266452  0.008556369621  
piranga_roseogularis_ku2141 0.013139256264  0.013139256264  0.009061501512  0.009061501512  0.007036548560  0.010586749632  0.010586749632  0.007542640427  0.002505219142  0.000000000000  0.002505219142  0.004516637248  0.005527982292  0.003007740668  0.003007740668  0.003007740668  0.003007740668  0.003007740668  0.005525751278  0.004516637248  0.004012845946  0.005020938680  0.006028969707  0.003509563744  0.003006789615  0.003007740668  0.003007740668  0.003510769755  0.004518354722  0.006027245906  
piranga_ludoviciana_sdsu2650 0.011609996755  0.011609996755  0.007542640427  0.007542640427  0.005522435423  0.009064009047  0.009064009047  0.006027245906  0.005020938680  0.002505219142  0.000000000000  0.002003204155  0.003009071975  0.000500251155  0.000500251155  0.000500251155  0.000500251155  0.000500251155  0.003007740668  0.002003204155  0.001501694686  0.002505219142  0.003509563744  0.001000689718  0.000500188238  0.000500251155  0.000500251155  0.001001005293  0.002004026573  0.003508738625  
piranga_ludoviciana_sdsu2208 0.013651331195  0.013651331195  0.009569398715  0.009569398715  0.007542640427  0.011096205470  0.011096205470  0.008049247098  0.007040643931  0.004516637248  0.002003204155  0.000000000000  0.004014307430  0.001501694686  0.001501694686  0.001501694686  0.001501694686  0.001501694686  0.005020938680  0.004012845946  0.003509563744  0.004516637248  0.005523902196  0.003006789615  0.002504522533  0.002505219142  0.002505219142  0.003007740668  0.004014307430  0.005522435423  
piranga_bidentata_itm141 0.014682462345  0.014682462345  0.010590039307  0.010590039307  0.008559002152  0.012120759864  0.012120759864  0.009066901495  0.008057518163  0.005527982292  0.003009071975  0.004014307430  0.000000000000  0.002506295748  0.002506295748  0.002506295748  0.002506295748  0.002506295748  0.006033564645  0.005022912664  0.004518354722  0.005527982292  0.006536914122  0.004014307430  0.003510769755  0.003512356279  0.003512356279  0.004016149687  0.005025267943  0.006534549938  
piranga_ludoviciana_sdsu2648 0.012120759864  0.012120759864  0.008049247098  0.008049247098  0.006027245906  0.009572166430  0.009572166430  0.006532568588  0.005525751278  0.003007740668  0.000500251155  0.001501694686  0.002506295748  0.000000000000  0.000000000000  0.000000000000  0.000000000000  0.000000000000  0.003510769755  0.002505219142  0.002003204155  0.003007740668  0.004012845946  0.001501694686  0.001000689718  0.001001005293  0.001001005293  0.001502263427  0.002506295748  0.004011765612  
piranga_ludoviciana_sdsu2385 0.012120759864  0.012120759864  0.008049247098  0.008049247098  0.006027245906  0.009572166430  0.009572166430  0.006532568588  0.005525751278  0.003007740668  0.000500251155  0.001501694686  0.002506295748  0.000000000000  0.000000000000  0.000000000000  0.000000000000  0.000000000000  0.003510769755  0.002505219142  0.002003204155  0.003007740668  0.004012845946  0.001501694686  0.001000689718  0.001001005293  0.001001005293  0.001502263427  0.002506295748  0.004011765612  
piranga_bidentata_hgoslp104 0.012120759864  0.012120759864  0.008049247098  0.008049247098  0.006027245906  0.009572166430  0.009572166430  0.006532568588  0.005525751278  0.003007740668  0.000500251155  0.001501694686  0.002506295748  0.000000000000  0.000000000000  0.000000000000  0.000000000000  0.000000000000  0.003510769755  0.002505219142  0.002003204155  0.003007740668  0.004012845946  0.001501694686  0.001000689718  0.001001005293  0.001001005293  0.001502263427  0.002506295748  0.004011765612  
piranga_bidentata_tepe59 0.012120759864  0.012120759864  0.008049247098  0.008049247098  0.006027245906  0.009572166430  0.009572166430  0.006532568588  0.005525751278  0.003007740668  0.000500251155  0.001501694686  0.002506295748  0.000000000000  0.000000000000  0.000000000000  0.000000000000  0.000000000000  0.003510769755  0.002505219142  0.002003204155  0.003007740668  0.004012845946  0.001501694686  0.001000689718  0.001001005293  0.001001005293  0.001502263427  0.002506295748  0.004011765612  
piranga_bidentata_itm160 0.012120759864  0.012120759864  0.008049247098  0.008049247098  0.006027245906  0.009572166430  0.009572166430  0.006532568588  0.005525751278  0.003007740668  0.000500251155  0.001501694686  0.002506295748  0.000000000000  0.000000000000  0.000000000000  0.000000000000  0.000000000000  0.003510769755  0.002505219142  0.002003204155  0.003007740668  0.004012845946  0.001501694686  0.001000689718  0.001001005293  0.001001005293  0.001502263427  0.002506295748  0.004011765612  
piranga_lutea_lsu5400 0.014677063305  0.014677063305  0.010586749632  0.010586749632  0.008556369621  0.012116683234  0.012116683234  0.008049247098  0.008054377389  0.005525751278  0.003007740668  0.005020938680  0.006033564645  0.003510769755  0.003510769755  0.003510769755  0.003510769755  0.003510769755  0.000000000000  0.002004026573  0.001502263427  0.002506295748  0.003510769755  0.004012845946  0.003509563744  0.003510769755  0.003510769755  0.004014307430  0.005022912664  0.006532568588  
piranga_hepatica_ku4970 0.013651331195  0.013651331195  0.009569398715  0.009569398715  0.007542640427  0.011096205470  0.011096205470  0.007036548560  0.007040643931  0.004516637248  0.002003204155  0.004012845946  0.005022912664  0.002505219142  0.002505219142  0.002505219142  0.002505219142  0.002505219142  0.002004026573  0.000000000000  0.000500251155  0.001502263427  0.002505219142  0.003006789615  0.002504522533  0.002505219142  0.002505219142  0.003007740668  0.004014307430  0.005522435423  
piranga_flava_lsu15408 0.013139256264  0.013139256264  0.009061501512  0.009061501512  0.007036548560  0.010586749632  0.010586749632  0.006530970450  0.006534549938  0.004012845946  0.001501694686  0.003509563744  0.004518354722  0.002003204155  0.002003204155  0.002003204155  0.002003204155  0.002003204155  0.001502263427  0.000500251155  0.000000000000  0.001001005293  0.002003204155  0.002504522533  0.002002761477  0.002003204155  0.002003204155  0.002505219142  0.003510769755  0.005018136101  
piranga_lutea_ku89864 0.014163933180  0.014163933180  0.010077814401  0.010077814401  0.008049247098  0.011606182981  0.011606182981  0.007542640427  0.007547252732  0.005020938680  0.002505219142  0.004516637248  0.005527982292  0.003007740668  0.003007740668  0.003007740668  0.003007740668  0.003007740668  0.002506295748  0.001502263427  0.001001005293  0.000000000000  0.003007740668  0.003509563744  0.003006789615  0.003007740668  0.003007740668  0.003510769755  0.004518354722  0.006027245906  
piranga_flava_ku90809 0.015185446042  0.015185446042  0.011093040378  0.011093040378  0.009061501512  0.012623754453  0.012623754453  0.008554121738  0.008559002152  0.006028969707  0.003509563744  0.005523902196  0.006536914122  0.004012845946  0.004012845946  0.004012845946  0.004012845946  0.004012845946  0.003510769755  0.002505219142  0.002003204155  0.003007740668  0.000000000000  0.004515301183  0.004011765612  0.004012845946  0.004012845946  0.004516637248  0.005525751278  0.007036548560  
piranga_olivacea_ku4672 0.012627707303  0.012627707303  0.008554121738  0.008554121738  0.006530970450  0.010077814401  0.010077814401  0.007036548560  0.006028969707  0.003509563744  0.001000689718  0.003006789615  0.004014307430  0.001501694686  0.001501694686  0.001501694686  0.001501694686  0.001501694686  0.004012845946  0.003006789615  0.002504522533  0.003509563744  0.004515301183  0.000000000000  0.001501505428  0.001501694686  0.001501694686  0.002003204155  0.003007740668  0.004514346906  
piranga_olivacea_ku2699 0.012116683234  0.012116683234  0.008047258338  0.008047258338  0.006025905056  0.009569398715  0.009569398715  0.006530970450  0.005523902196  0.003006789615  0.000500188238  0.002504522533  0.003510769755  0.001000689718  0.001000689718  0.001000689718  0.001000689718  0.001000689718  0.003509563744  0.002504522533  0.002002761477  0.003006789615  0.004011765612  0.001501505428  0.000000000000  0.001000689718  0.001000689718  0.001501694686  0.002505219142  0.004011066806  
piranga_rubra_ku7046 0.012120759864  0.012120759864  0.008049247098  0.008049247098  0.006027245906  0.009572166430  0.009572166430  0.006532568588  0.005525751278  0.003007740668  0.000500251155  0.002505219142  0.003512356279  0.001001005293  0.001001005293  0.001001005293  0.001001005293  0.001001005293  0.003510769755  0.002505219142  0.002003204155  0.003007740668  0.004012845946  0.001501694686  0.001000689718  0.000000000000  0.000000000000  0.000500251155  0.001502263427  0.003006219195  
piranga_hepatica_ku9084 0.012120759864  0.012120759864  0.008049247098  0.008049247098  0.006027245906  0.009572166430  0.009572166430  0.006532568588  0.005525751278  0.003007740668  0.000500251155  0.002505219142  0.003512356279  0.001001005293  0.001001005293  0.001001005293  0.001001005293  0.001001005293  0.003510769755  0.002505219142  0.002003204155  0.003007740668  0.004012845946  0.001501694686  0.001000689718  0.000000000000  0.000000000000  0.000500251155  0.001502263427  0.003006219195  
piranga_rubra_sdsu2654 0.012632047329  0.012632047329  0.008556369621  0.008556369621  0.006532568588  0.010080842830  0.010080842830  0.007038404508  0.006031076079  0.003510769755  0.001001005293  0.003007740668  0.004016149687  0.001502263427  0.001502263427  0.001502263427  0.001502263427  0.001502263427  0.004014307430  0.003007740668  0.002505219142  0.003510769755  0.004516637248  0.002003204155  0.001501694686  0.000500251155  0.000500251155  0.000000000000  0.001001005293  0.003508738625  
piranga_rubra_sdsu2635 0.013656199639  0.013656199639  0.009572166430  0.009572166430  0.007544754710  0.011099756926  0.011099756926  0.008051620242  0.007043266452  0.004518354722  0.002004026573  0.004014307430  0.005025267943  0.002506295748  0.002506295748  0.002506295748  0.002506295748  0.002506295748  0.005022912664  0.004014307430  0.003510769755  0.004518354722  0.005525751278  0.003007740668  0.002505219142  0.001502263427  0.001502263427  0.001001005293  0.000000000000  0.004515301183  
piranga_rubra_ku26592 0.015180558347  0.015180558347  0.011090262030  0.011090262030  0.009059379272  0.012620189157  0.012620189157  0.009567016559  0.008556369621  0.006027245906  0.003508738625  0.005522435423  0.006534549938  0.004011765612  0.004011765612  0.004011765612  0.004011765612  0.004011765612  0.006532568588  0.005522435423  0.005018136101  0.006027245906  0.007036548560  0.004514346906  0.004011066806  0.003006219195  0.003006219195  0.003508738625  0.004515301183  0.000000000000  

