30
cardinalis_cardinalis_ku21828 0.000000000000  0.010069672975  0.010579358684  0.010579358684  0.013636062022  0.011090480125  0.008550870743  0.008550870743  0.006528964342  0.006528964342  0.006528964342  0.008552369499  0.011090480125  0.011090480125  0.011090480125  0.011090480125  0.011086027031  0.010069672975  0.007538657111  0.012612041092  0.009565154485  0.006528964342  0.012614474103  0.010581516819  0.011084384927  0.009056381254  0.009057753321  0.008044505692  0.009563520931  0.007034042234  
cardinalis_cardinalis_ku25393 0.010069672975  0.000000000000  0.018744578313  0.018744578313  0.021838264034  0.019263145042  0.016692021104  0.016692021104  0.014646207167  0.014646207167  0.014646207167  0.016694617548  0.018233095399  0.018233095399  0.018233095399  0.018233095399  0.019256453589  0.018227480988  0.015667292161  0.019768721895  0.017718871717  0.014646207167  0.020803926457  0.018747852804  0.019253703590  0.017202711855  0.017205180653  0.016179391972  0.017716134911  0.015157517138  
piranga_erythrocephala_fmnh343371 0.010579358684  0.018744578313  0.000000000000  0.000000000000  0.007040776154  0.004518423643  0.002003213892  0.002003213892  0.006024986841  0.006024986841  0.006024986841  0.008047368819  0.010584063677  0.010584063677  0.010584063677  0.010584063677  0.010579358684  0.009563520931  0.007034042234  0.012104468183  0.009059513299  0.006024986841  0.012107027318  0.010075359322  0.010577589650  0.008550870743  0.008552369499  0.007539635022  0.009057753321  0.006529809720  
piranga_erythrocephala_fmnh343370 0.010579358684  0.018744578313  0.000000000000  0.000000000000  0.007040776154  0.004518423643  0.002003213892  0.002003213892  0.006024986841  0.006024986841  0.006024986841  0.008047368819  0.010584063677  0.010584063677  0.010584063677  0.010584063677  0.010579358684  0.009563520931  0.007034042234  0.012104468183  0.009059513299  0.006024986841  0.012107027318  0.010075359322  0.010577589650  0.008550870743  0.008552369499  0.007539635022  0.009057753321  0.006529809720  
piranga_leucoptera_fmnh481795 0.013636062022  0.021838264034  0.007040776154  0.007040776154  0.000000000000  0.002504532347  0.005021008184  0.005021008184  0.009059513299  0.009059513299  0.009059513299  0.011093290354  0.013643161020  0.013643161020  0.013643161020  0.013643161020  0.013636062022  0.012614474103  0.010073075295  0.015168638288  0.012109976374  0.009059513299  0.015172400380  0.013131572658  0.013633099022  0.011597281411  0.011599966285  0.010581516819  0.012107027318  0.009567176218  
piranga_leucoptera_lsu7783 0.011090480125  0.019263145042  0.004518423643  0.004518423643  0.002504532347  0.000000000000  0.002506322284  0.002506322284  0.006531040908  0.006531040908  0.006531040908  0.008556528414  0.011096489199  0.011096489199  0.011096489199  0.011096489199  0.011090480125  0.010073075295  0.007540999658  0.012617297689  0.009569585752  0.006531040908  0.012620511471  0.010586998878  0.011088058891  0.009059513299  0.009061660806  0.008047368819  0.009567176218  0.007036637795  
piranga_rubriceps_lsu265 0.008550870743  0.016692021104  0.002003213892  0.002003213892  0.005021008184  0.002506322284  0.000000000000  0.000000000000  0.004010759156  0.004010759156  0.004010759156  0.006025958928  0.008554255516  0.008554255516  0.008554255516  0.008554255516  0.008550870743  0.007538657111  0.005016880035  0.010071179719  0.007035146975  0.004010759156  0.010073075295  0.008047368819  0.008549759629  0.006528964342  0.006529809720  0.005520677294  0.007034042234  0.004513791959  
piranga_rubriceps_lsu34818 0.008550870743  0.016692021104  0.002003213892  0.002003213892  0.005021008184  0.002506322284  0.000000000000  0.000000000000  0.004010759156  0.004010759156  0.004010759156  0.006025958928  0.008554255516  0.008554255516  0.008554255516  0.008554255516  0.008550870743  0.007538657111  0.005016880035  0.010071179719  0.007035146975  0.004010759156  0.010073075295  0.008047368819  0.008549759629  0.006528964342  0.006529809720  0.005520677294  0.007034042234  0.004513791959  
piranga_rubra_sdsu2635 0.006528964342  0.014646207167  0.006024986841  0.006024986841  0.009059513299  0.006531040908  0.004010759156  0.004010759156  0.000000000000  0.000000000000  0.000000000000  0.002004043533  0.004518423643  0.004518423643  0.004518423643  0.004518423643  0.004515340566  0.003508756105  0.001000690798  0.006027316180  0.003007767608  0.000000000000  0.006029058221  0.004014360189  0.004514374265  0.002504532347  0.002505236408  0.001501699030  0.003006807054  0.000500252211  
piranga_ludoviciana_sdsu2648 0.006528964342  0.014646207167  0.006024986841  0.006024986841  0.009059513299  0.006531040908  0.004010759156  0.004010759156  0.000000000000  0.000000000000  0.000000000000  0.002004043533  0.004518423643  0.004518423643  0.004518423643  0.004518423643  0.004515340566  0.003508756105  0.001000690798  0.006027316180  0.003007767608  0.000000000000  0.006029058221  0.004014360189  0.004514374265  0.002504532347  0.002505236408  0.001501699030  0.003006807054  0.000500252211  
piranga_hepatica_ku9084 0.006528964342  0.014646207167  0.006024986841  0.006024986841  0.009059513299  0.006531040908  0.004010759156  0.004010759156  0.000000000000  0.000000000000  0.000000000000  0.002004043533  0.004518423643  0.004518423643  0.004518423643  0.004518423643  0.004515340566  0.003508756105  0.001000690798  0.006027316180  0.003007767608  0.000000000000  0.006029058221  0.004014360189  0.004514374265  0.002504532347  0.002505236408  0.001501699030  0.003006807054  0.000500252211  
piranga_ludoviciana_sdsu2208 0.008552369499  0.016694617548  0.008047368819  0.008047368819  0.011093290354  0.008556528414  0.006025958928  0.006025958928  0.002004043533  0.002004043533  0.002004043533  0.000000000000  0.006539816224  0.006539816224  0.006539816224  0.006539816224  0.006534659205  0.005523972151  0.003007767608  0.008051778400  0.005022999928  0.002004043533  0.008054562167  0.006033695169  0.006532657529  0.004516690483  0.004518423643  0.003510808523  0.005021008184  0.002506322284  
piranga_flava_lsu15408 0.011090480125  0.018233095399  0.010584063677  0.010584063677  0.013643161020  0.011096489199  0.008554255516  0.008554255516  0.004518423643  0.004518423643  0.004518423643  0.006539816224  0.000000000000  0.000000000000  0.000000000000  0.000000000000  0.007043422943  0.006031184675  0.003512408430  0.008562233350  0.005530724342  0.004518423643  0.010594032803  0.008565664638  0.009064195465  0.007040776154  0.007043422943  0.006031184675  0.007547410123  0.005022999928  
piranga_flava_ku90809 0.011090480125  0.018233095399  0.010584063677  0.010584063677  0.013643161020  0.011096489199  0.008554255516  0.008554255516  0.004518423643  0.004518423643  0.004518423643  0.006539816224  0.000000000000  0.000000000000  0.000000000000  0.000000000000  0.007043422943  0.006031184675  0.003512408430  0.008562233350  0.005530724342  0.004518423643  0.010594032803  0.008565664638  0.009064195465  0.007040776154  0.007043422943  0.006031184675  0.007547410123  0.005022999928  
piranga_lutea_ku89864 0.011090480125  0.018233095399  0.010584063677  0.010584063677  0.013643161020  0.011096489199  0.008554255516  0.008554255516  0.004518423643  0.004518423643  0.004518423643  0.006539816224  0.000000000000  0.000000000000  0.000000000000  0.000000000000  0.007043422943  0.006031184675  0.003512408430  0.008562233350  0.005530724342  0.004518423643  0.010594032803  0.008565664638  0.009064195465  0.007040776154  0.007043422943  0.006031184675  0.007547410123  0.005022999928  
piranga_lutea_lsu5400 0.011090480125  0.018233095399  0.010584063677  0.010584063677  0.013643161020  0.011096489199  0.008554255516  0.008554255516  0.004518423643  0.004518423643  0.004518423643  0.006539816224  0.000000000000  0.000000000000  0.000000000000  0.000000000000  0.007043422943  0.006031184675  0.003512408430  0.008562233350  0.005530724342  0.004518423643  0.010594032803  0.008565664638  0.009064195465  0.007040776154  0.007043422943  0.006031184675  0.007547410123  0.005022999928  
piranga_hepatica_ku4970 0.011086027031  0.019256453589  0.010579358684  0.010579358684  0.013636062022  0.011090480125  0.008550870743  0.008550870743  0.004515340566  0.004515340566  0.004515340566  0.006534659205  0.007043422943  0.007043422943  0.007043422943  0.007043422943  0.000000000000  0.006027316180  0.003509590957  0.008556528414  0.005525839233  0.004515340566  0.010586998878  0.008559187817  0.009059513299  0.007036637795  0.007038514313  0.006027316180  0.007542750638  0.005019399947  
piranga_bidentata_hgoslp104 0.010069672975  0.018227480988  0.009563520931  0.009563520931  0.012614474103  0.010073075295  0.007538657111  0.007538657111  0.003508756105  0.003508756105  0.003508756105  0.005523972151  0.006031184675  0.006031184675  0.006031184675  0.006031184675  0.006027316180  0.000000000000  0.002504532347  0.007542750638  0.004516690483  0.003508756105  0.009569585752  0.007544887585  0.008045743760  0.006025958928  0.006027316180  0.005018175593  0.006531040908  0.004011792964  
piranga_bidentata_itm141 0.007538657111  0.015667292161  0.007034042234  0.007034042234  0.010073075295  0.007540999658  0.005016880035  0.005016880035  0.001000690798  0.001000690798  0.001000690798  0.003007767608  0.003512408430  0.003512408430  0.003512408430  0.003512408430  0.003509590957  0.002504532347  0.000000000000  0.005019399947  0.002004043533  0.001000690798  0.007038514313  0.005021008184  0.005521390805  0.003508756105  0.003509590957  0.002504532347  0.004011792964  0.001501699030  
piranga_bidentata_tepe59 0.012612041092  0.019768721895  0.012104468183  0.012104468183  0.015168638288  0.012617297689  0.010071179719  0.010071179719  0.006027316180  0.006027316180  0.006027316180  0.008051778400  0.008562233350  0.008562233350  0.008562233350  0.008562233350  0.008556528414  0.007542750638  0.005019399947  0.000000000000  0.007040776154  0.006027316180  0.012113314971  0.010081091212  0.010581516819  0.008554255516  0.008556528414  0.007542750638  0.009061660806  0.006532657529  
piranga_olivacea_ku2699 0.009565154485  0.017718871717  0.009059513299  0.009059513299  0.012109976374  0.009569585752  0.007035146975  0.007035146975  0.003007767608  0.003007767608  0.003007767608  0.005022999928  0.005530724342  0.005530724342  0.005530724342  0.005530724342  0.005525839233  0.004516690483  0.002004043533  0.007040776154  0.000000000000  0.003007767608  0.009067116899  0.007043422943  0.007542750638  0.005523972151  0.005525839233  0.004516690483  0.006029058221  0.003510808523  
piranga_ludoviciana_sdsu2650 0.006528964342  0.014646207167  0.006024986841  0.006024986841  0.009059513299  0.006531040908  0.004010759156  0.004010759156  0.000000000000  0.000000000000  0.000000000000  0.002004043533  0.004518423643  0.004518423643  0.004518423643  0.004518423643  0.004515340566  0.003508756105  0.001000690798  0.006027316180  0.003007767608  0.000000000000  0.006029058221  0.004014360189  0.004514374265  0.002504532347  0.002505236408  0.001501699030  0.003006807054  0.000500252211  
piranga_rubra_ku7046 0.012614474103  0.020803926457  0.012107027318  0.012107027318  0.015172400380  0.012620511471  0.010073075295  0.010073075295  0.006029058221  0.006029058221  0.006029058221  0.008054562167  0.010594032803  0.010594032803  0.010594032803  0.010594032803  0.010586998878  0.009569585752  0.007038514313  0.012113314971  0.009067116899  0.006029058221  0.000000000000  0.002002765805  0.010584063677  0.008556528414  0.008559187817  0.007544887585  0.009064195465  0.006534659205  
piranga_olivacea_ku4672 0.010581516819  0.018747852804  0.010075359322  0.010075359322  0.013131572658  0.010586998878  0.008047368819  0.008047368819  0.004014360189  0.004014360189  0.004014360189  0.006033695169  0.008565664638  0.008565664638  0.008565664638  0.008565664638  0.008559187817  0.007544887585  0.005021008184  0.010081091212  0.007043422943  0.004014360189  0.002002765805  0.000000000000  0.008556528414  0.006534659205  0.006537045561  0.005525839233  0.007040776154  0.004518423643  
piranga_roseogularis_ku2049 0.011084384927  0.019253703590  0.010577589650  0.010577589650  0.013633099022  0.011088058891  0.008549759629  0.008549759629  0.004514374265  0.004514374265  0.004514374265  0.006532657529  0.009064195465  0.009064195465  0.009064195465  0.009064195465  0.009059513299  0.008045743760  0.005521390805  0.010581516819  0.007542750638  0.004514374265  0.010584063677  0.008556528414  0.000000000000  0.002002765805  0.007036637795  0.006025958928  0.007540999658  0.005018175593  
piranga_roseogularis_ku2141 0.009056381254  0.017202711855  0.008550870743  0.008550870743  0.011597281411  0.009059513299  0.006528964342  0.006528964342  0.002504532347  0.002504532347  0.002504532347  0.004516690483  0.007040776154  0.007040776154  0.007040776154  0.007040776154  0.007036637795  0.006025958928  0.003508756105  0.008554255516  0.005523972151  0.002504532347  0.008556528414  0.006534659205  0.002002765805  0.000000000000  0.005019399947  0.004011792964  0.005522489216  0.003006807054  
piranga_bidentata_itm160 0.009057753321  0.017205180653  0.008552369499  0.008552369499  0.011599966285  0.009061660806  0.006529809720  0.006529809720  0.002505236408  0.002505236408  0.002505236408  0.004518423643  0.007043422943  0.007043422943  0.007043422943  0.007043422943  0.007038514313  0.006027316180  0.003509590957  0.008556528414  0.005525839233  0.002505236408  0.008559187817  0.006537045561  0.007036637795  0.005019399947  0.000000000000  0.001001009522  0.005523972151  0.003007767608  
piranga_ludoviciana_sdsu2385 0.008044505692  0.016179391972  0.007539635022  0.007539635022  0.010581516819  0.008047368819  0.005520677294  0.005520677294  0.001501699030  0.001501699030  0.001501699030  0.003510808523  0.006031184675  0.006031184675  0.006031184675  0.006031184675  0.006027316180  0.005018175593  0.002504532347  0.007542750638  0.004516690483  0.001501699030  0.007544887585  0.005525839233  0.006025958928  0.004011792964  0.001001009522  0.000000000000  0.004515340566  0.002003213892  
piranga_rubra_sdsu2654 0.009563520931  0.017716134911  0.009057753321  0.009057753321  0.012107027318  0.009567176218  0.007034042234  0.007034042234  0.003006807054  0.003006807054  0.003006807054  0.005021008184  0.007547410123  0.007547410123  0.007547410123  0.007547410123  0.007542750638  0.006531040908  0.004011792964  0.009061660806  0.006029058221  0.003006807054  0.009064195465  0.007040776154  0.007540999658  0.005522489216  0.005523972151  0.004515340566  0.000000000000  0.002504532347  
piranga_rubra_ku26592 0.007034042234  0.015157517138  0.006529809720  0.006529809720  0.009567176218  0.007036637795  0.004513791959  0.004513791959  0.000500252211  0.000500252211  0.000500252211  0.002506322284  0.005022999928  0.005022999928  0.005022999928  0.005022999928  0.005019399947  0.004011792964  0.001501699030  0.006532657529  0.003510808523  0.000500252211  0.006534659205  0.004518423643  0.005018175593  0.003006807054  0.003007767608  0.002003213892  0.002504532347  0.000000000000  

