30
cardinalis_cardinalis_ku21828 0.000000000000  0.003006384448  0.026021657249  0.022904733357  0.024468787701  0.028636593487  0.029145369771  0.028627945084  0.016732838674  0.018800409912  0.018275774077  0.018275774077  0.017248880421  0.018275774077  0.017248880421  0.020853185539  0.016732838674  0.017231310066  0.018257697602  0.018786457069  0.028110927799  0.026021657249  0.022919199757  0.019822447893  0.022919199757  0.019304167373  0.018786457069  0.019822447893  0.016217362231  0.018800409912  
cardinalis_cardinalis_ku25393 0.003006384448  0.000000000000  0.022911747850  0.019809018673  0.021365471022  0.025514386227  0.026021657249  0.025506274681  0.013663593340  0.015721200789  0.015199574019  0.015199574019  0.014177152319  0.015199574019  0.014177152319  0.017765488712  0.013663593340  0.014161084804  0.016211673164  0.015708270403  0.024991296543  0.022911747850  0.019822447893  0.016739258113  0.019822447893  0.016223481897  0.015708270403  0.016739258113  0.013150594240  0.015721200789  
piranga_erythrocephala_fmnh343371 0.026021657249  0.022911747850  0.000000000000  0.003007038078  0.010075292237  0.014148880258  0.015174114968  0.014665152872  0.014156586909  0.017242591848  0.015692099880  0.015692099880  0.014669517653  0.015692099880  0.014669517653  0.018257697602  0.014156586909  0.014657714598  0.016193230298  0.016201588305  0.025484581344  0.023406176385  0.020314968273  0.017231310066  0.020314968273  0.016716167517  0.016201588305  0.017231310066  0.013644214676  0.016211673164  
piranga_erythrocephala_fmnh343370 0.022904733357  0.019809018673  0.003007038078  0.000000000000  0.007036153943  0.011090688794  0.012110436914  0.011603310072  0.011096576938  0.014166011917  0.012624752197  0.012624752197  0.011606761042  0.012624752197  0.011606761042  0.015178346224  0.011096576938  0.011597691051  0.014148880258  0.013132399739  0.022372429297  0.020304414773  0.017226317598  0.014156586909  0.017226317598  0.013644214676  0.013132399739  0.014156586909  0.010586945384  0.013140640663  
piranga_leucoptera_fmnh481795 0.024468787701  0.021365471022  0.010075292237  0.007036153943  0.000000000000  0.009565198249  0.014148880258  0.013640442199  0.013132399739  0.016211673164  0.014665152872  0.014665152872  0.013644214676  0.014665152872  0.013644214676  0.017226317598  0.013132399739  0.013634186485  0.016193230298  0.015174114968  0.024441442388  0.022367033513  0.019280255707  0.016201588305  0.019280255707  0.015687571197  0.015174114968  0.016201588305  0.012621140887  0.015183008128  
piranga_leucoptera_lsu7783 0.028636593487  0.025514386227  0.014148880258  0.011090688794  0.009565198249  0.000000000000  0.018247813390  0.017736865993  0.017226317598  0.020327264306  0.018768776880  0.018768776880  0.017741725024  0.018768776880  0.017741725024  0.021345860454  0.017226317598  0.017728448819  0.020304414773  0.019280255707  0.028604661121  0.026516549614  0.023412181281  0.020314968273  0.023412181281  0.019797327585  0.019280255707  0.020314968273  0.016711474087  0.019291343180  
piranga_rubriceps_lsu265 0.029145369771  0.026021657249  0.015174114968  0.012110436914  0.014148880258  0.018247813390  0.000000000000  0.000500192376  0.017226317598  0.020327264306  0.018768776880  0.018768776880  0.017741725024  0.018768776880  0.017741725024  0.021345860454  0.017226317598  0.017728448819  0.020304414773  0.019280255707  0.028604661121  0.026516549614  0.022372429297  0.020314968273  0.023412181281  0.019797327585  0.019280255707  0.020314968273  0.016711474087  0.019291343180  
piranga_rubriceps_lsu34818 0.028627945084  0.025506274681  0.014665152872  0.011603310072  0.013640442199  0.017736865993  0.000500192376  0.000000000000  0.016716167517  0.019815516203  0.018257697602  0.018257697602  0.017231310066  0.018257697602  0.017231310066  0.020833179023  0.016716167517  0.017217631380  0.019792134774  0.018768776880  0.028087245855  0.026000362284  0.021858943646  0.019802955677  0.022898156651  0.019285582167  0.018768776880  0.019802955677  0.016201588305  0.018780130093  
piranga_hepatica_ku4970 0.016732838674  0.013663593340  0.014156586909  0.011096576938  0.013132399739  0.017226317598  0.017226317598  0.016716167517  0.000000000000  0.003009603973  0.001501756579  0.001501756579  0.000500265831  0.001501756579  0.000500265831  0.004012164767  0.000000000000  0.003509005885  0.006028246962  0.005021896782  0.014152518602  0.012110436914  0.009066611604  0.006032570648  0.009066611604  0.005526962371  0.005021896782  0.006032570648  0.002506664679  0.005026753942  
piranga_lutea_lsu5400 0.018800409912  0.015721200789  0.017242591848  0.014166011917  0.016211673164  0.020327264306  0.020327264306  0.019815516203  0.003009603973  0.000000000000  0.004519303830  0.004519303830  0.003513081391  0.004519303830  0.003513081391  0.007042469089  0.003009603973  0.006536061247  0.009069877634  0.008060454033  0.017236734939  0.015183008128  0.012126270805  0.009077682384  0.012126270805  0.008568793334  0.008060454033  0.009077682384  0.005532395425  0.008068785221  
piranga_rubra_sdsu2635 0.018275774077  0.015199574019  0.015692099880  0.012624752197  0.014665152872  0.018768776880  0.018768776880  0.018257697602  0.001501756579  0.004519303830  0.000000000000  0.000000000000  0.002003339239  0.003007038078  0.002003339239  0.005523214504  0.001501756579  0.005018723498  0.007544210257  0.006536061247  0.015687571197  0.013640442199  0.010590236839  0.007549422509  0.010590236839  0.007042469089  0.006536061247  0.007549422509  0.004015033577  0.006541806267  
piranga_rubra_sdsu2654 0.018275774077  0.015199574019  0.015692099880  0.012624752197  0.014665152872  0.018768776880  0.018768776880  0.018257697602  0.001501756579  0.004519303830  0.000000000000  0.000000000000  0.002003339239  0.003007038078  0.002003339239  0.005523214504  0.001501756579  0.005018723498  0.007544210257  0.006536061247  0.015687571197  0.013640442199  0.010590236839  0.007549422509  0.010590236839  0.007042469089  0.006536061247  0.007549422509  0.004015033577  0.006541806267  
piranga_flava_ku90809 0.017248880421  0.014177152319  0.014669517653  0.011606761042  0.013644214676  0.017741725024  0.017741725024  0.017231310066  0.000500265831  0.003513081391  0.002003339239  0.002003339239  0.000000000000  0.001000708003  0.000000000000  0.004515862244  0.000500265831  0.004012164767  0.006533822036  0.005526962371  0.014665152872  0.012621140887  0.009575175235  0.006538722779  0.009575175235  0.006032570648  0.005526962371  0.006538722779  0.003009603973  0.005532395425  
piranga_flava_lsu15408 0.018275774077  0.015199574019  0.015692099880  0.012624752197  0.014665152872  0.018768776880  0.018768776880  0.018257697602  0.001501756579  0.004519303830  0.003007038078  0.003007038078  0.001000708003  0.000000000000  0.001000708003  0.005523214504  0.001501756579  0.005018723498  0.007544210257  0.006536061247  0.015687571197  0.013640442199  0.010590236839  0.007549422509  0.010590236839  0.007042469089  0.006536061247  0.007549422509  0.004015033577  0.006541806267  
piranga_lutea_ku89864 0.017248880421  0.014177152319  0.014669517653  0.011606761042  0.013644214676  0.017741725024  0.017741725024  0.017231310066  0.000500265831  0.003513081391  0.002003339239  0.002003339239  0.000000000000  0.001000708003  0.000000000000  0.004515862244  0.000500265831  0.004012164767  0.006533822036  0.005526962371  0.014665152872  0.012621140887  0.009575175235  0.006538722779  0.009575175235  0.006032570648  0.005526962371  0.006538722779  0.003009603973  0.005532395425  
piranga_rubra_ku7046 0.020853185539  0.017765488712  0.018257697602  0.015178346224  0.017226317598  0.021345860454  0.021345860454  0.020833179023  0.004012164767  0.007042469089  0.005523214504  0.005523214504  0.004515862244  0.005523214504  0.004515862244  0.000000000000  0.004012164767  0.007542239532  0.010077865182  0.009066611604  0.018252538570  0.015178346224  0.013136305934  0.010084289100  0.013136305934  0.009575175235  0.009066611604  0.010084289100  0.006536061247  0.009073568017  
piranga_hepatica_ku9084 0.016732838674  0.013663593340  0.014156586909  0.011096576938  0.013132399739  0.017226317598  0.017226317598  0.016716167517  0.000000000000  0.003009603973  0.001501756579  0.001501756579  0.000500265831  0.001501756579  0.000500265831  0.004012164767  0.000000000000  0.003509005885  0.006028246962  0.005021896782  0.014152518602  0.012110436914  0.009066611604  0.006032570648  0.009066611604  0.005526962371  0.005021896782  0.006032570648  0.002506664679  0.005026753942  
piranga_roseogularis_ku2049 0.017231310066  0.014161084804  0.014657714598  0.011597691051  0.013634186485  0.017728448819  0.017728448819  0.017217631380  0.003509005885  0.006536061247  0.005018723498  0.005018723498  0.004012164767  0.005018723498  0.004012164767  0.007542239532  0.003509005885  0.000000000000  0.005521973439  0.005521973439  0.014142894961  0.012612879860  0.009567053609  0.006532005519  0.009567053609  0.006026718480  0.005521973439  0.006532005519  0.003006384448  0.005524877605  
piranga_roseogularis_ku2141 0.018257697602  0.016211673164  0.016193230298  0.014148880258  0.016193230298  0.020304414773  0.020304414773  0.019792134774  0.006028246962  0.009069877634  0.007544210257  0.007544210257  0.006533822036  0.007544210257  0.006533822036  0.010077865182  0.006028246962  0.005521973439  0.000000000000  0.008048870003  0.017217631380  0.015166945902  0.012110436914  0.009063770294  0.012110436914  0.008556046531  0.008048870003  0.009063770294  0.005523214504  0.008053814647  
piranga_ludoviciana_sdsu2208 0.018786457069  0.015708270403  0.016201588305  0.013132399739  0.015174114968  0.019280255707  0.019280255707  0.018768776880  0.005021896782  0.008060454033  0.006536061247  0.006536061247  0.005526962371  0.006536061247  0.005526962371  0.009066611604  0.005021896782  0.005521973439  0.008048870003  0.000000000000  0.009059363326  0.007034895933  0.004012164767  0.001001064078  0.004012164767  0.000500265831  0.000000000000  0.001001064078  0.003509944518  0.007045419937  
piranga_olivacea_ku2699 0.028110927799  0.024991296543  0.025484581344  0.022372429297  0.024441442388  0.028604661121  0.028604661121  0.028087245855  0.014152518602  0.017236734939  0.015687571197  0.015687571197  0.014665152872  0.015687571197  0.014665152872  0.018252538570  0.014152518602  0.014142894961  0.017217631380  0.009059363326  0.000000000000  0.008043942470  0.012105087846  0.009059363326  0.012105087846  0.008552220207  0.009059363326  0.010075292237  0.012617958144  0.016206415065  
piranga_olivacea_ku4672 0.026021657249  0.022911747850  0.023406176385  0.020304414773  0.022367033513  0.026516549614  0.026516549614  0.026000362284  0.012110436914  0.015183008128  0.013640442199  0.013640442199  0.012621140887  0.013640442199  0.012621140887  0.015178346224  0.012110436914  0.012612879860  0.015166945902  0.007034895933  0.008043942470  0.000000000000  0.010071426247  0.007034895933  0.010071426247  0.006529642054  0.007034895933  0.008047034136  0.010581642253  0.014156586909  
piranga_bidentata_tepe59 0.022919199757  0.019822447893  0.020314968273  0.017226317598  0.019280255707  0.023412181281  0.022372429297  0.021858943646  0.009066611604  0.012126270805  0.010590236839  0.010590236839  0.009575175235  0.010590236839  0.009575175235  0.013136305934  0.009066611604  0.009567053609  0.012110436914  0.004012164767  0.012105087846  0.010071426247  0.000000000000  0.003006384448  0.006025612735  0.003509005885  0.004012164767  0.005020099471  0.007544210257  0.011104172307  
piranga_bidentata_itm160 0.019822447893  0.016739258113  0.017231310066  0.014156586909  0.016201588305  0.020314968273  0.020314968273  0.019802955677  0.006032570648  0.009077682384  0.007549422509  0.007549422509  0.006538722779  0.007549422509  0.006538722779  0.010084289100  0.006032570648  0.006532005519  0.009063770294  0.001001064078  0.009059363326  0.007034895933  0.003006384448  0.000000000000  0.003006384448  0.000500265831  0.001001064078  0.002004262362  0.004517372716  0.008060454033  
piranga_bidentata_itm141 0.022919199757  0.019822447893  0.020314968273  0.017226317598  0.019280255707  0.023412181281  0.023412181281  0.022898156651  0.009066611604  0.012126270805  0.010590236839  0.010590236839  0.009575175235  0.010590236839  0.009575175235  0.013136305934  0.009066611604  0.009567053609  0.012110436914  0.004012164767  0.012105087846  0.010071426247  0.006025612735  0.003006384448  0.000000000000  0.003509005885  0.004012164767  0.005020099471  0.007544210257  0.011104172307  
piranga_ludoviciana_sdsu2385 0.019304167373  0.016223481897  0.016716167517  0.013644214676  0.015687571197  0.019797327585  0.019797327585  0.019285582167  0.005526962371  0.008568793334  0.007042469089  0.007042469089  0.006032570648  0.007042469089  0.006032570648  0.009575175235  0.005526962371  0.006026718480  0.008556046531  0.000500265831  0.008552220207  0.006529642054  0.003509005885  0.000500265831  0.003509005885  0.000000000000  0.000500265831  0.001502395876  0.004013389014  0.007552663295  
piranga_ludoviciana_sdsu2648 0.018786457069  0.015708270403  0.016201588305  0.013132399739  0.015174114968  0.019280255707  0.019280255707  0.018768776880  0.005021896782  0.008060454033  0.006536061247  0.006536061247  0.005526962371  0.006536061247  0.005526962371  0.009066611604  0.005021896782  0.005521973439  0.008048870003  0.000000000000  0.009059363326  0.007034895933  0.004012164767  0.001001064078  0.004012164767  0.000500265831  0.000000000000  0.001001064078  0.003509944518  0.007045419937  
piranga_ludoviciana_sdsu2650 0.019822447893  0.016739258113  0.017231310066  0.014156586909  0.016201588305  0.020314968273  0.020314968273  0.019802955677  0.006032570648  0.009077682384  0.007549422509  0.007549422509  0.006538722779  0.007549422509  0.006538722779  0.010084289100  0.006032570648  0.006532005519  0.009063770294  0.001001064078  0.010075292237  0.008047034136  0.005020099471  0.002004262362  0.005020099471  0.001502395876  0.001001064078  0.000000000000  0.004517372716  0.008060454033  
piranga_bidentata_hgoslp104 0.016217362231  0.013150594240  0.013644214676  0.010586945384  0.012621140887  0.016711474087  0.016711474087  0.016201588305  0.002506664679  0.005532395425  0.004015033577  0.004015033577  0.003009603973  0.004015033577  0.003009603973  0.006536061247  0.002506664679  0.003006384448  0.005523214504  0.003509944518  0.012617958144  0.010581642253  0.007544210257  0.004517372716  0.007544210257  0.004013389014  0.003509944518  0.004517372716  0.000000000000  0.004521655217  
piranga_rubra_ku26592 0.018800409912  0.015721200789  0.016211673164  0.013140640663  0.015183008128  0.019291343180  0.019291343180  0.018780130093  0.005026753942  0.008068785221  0.006541806267  0.006541806267  0.005532395425  0.006541806267  0.005532395425  0.009073568017  0.005026753942  0.005524877605  0.008053814647  0.007045419937  0.016206415065  0.014156586909  0.011104172307  0.008060454033  0.011104172307  0.007552663295  0.007045419937  0.008060454033  0.004521655217  0.000000000000  

