30
cardinalis_cardinalis_ku21828 0.000000000000  0.001501546298  0.017229418776  0.014671988639  0.019289574306  0.020332144247  0.020332144247  0.019284010642  0.016241200605  0.016750344628  0.024483956348  0.023447347256  0.021891365585  0.019308931981  0.019308931981  0.019827547339  0.019827547339  0.023447347256  0.020866529925  0.021378746914  0.022933781166  0.021891365585  0.019308931981  0.019308931981  0.019308931981  0.019308931981  0.018280162197  0.023455873346  0.026065108786  0.026590447861  
cardinalis_cardinalis_ku25393 0.001501546298  0.000000000000  0.018767224423  0.016204387361  0.020831795767  0.021876658939  0.021876658939  0.020826187124  0.017259885779  0.017769824741  0.025513657855  0.024475691056  0.022917810750  0.020332144247  0.020332144247  0.020851299518  0.020851299518  0.024475691056  0.021891365585  0.022404386632  0.023961316987  0.022917810750  0.020332144247  0.020332144247  0.020332144247  0.020332144247  0.019302035336  0.024483956348  0.027096203832  0.027622096919  
piranga_erythrocephala_fmnh343371 0.017229418776  0.018767224423  0.000000000000  0.002504334517  0.010073982329  0.011094667101  0.011094667101  0.010072164818  0.017234627957  0.017745093079  0.026529958247  0.025491001859  0.023932221784  0.021344671981  0.021344671981  0.021863740064  0.021863740064  0.025491001859  0.022903631164  0.023417723824  0.024975551894  0.023932221784  0.021344671981  0.021344671981  0.021344671981  0.021344671981  0.020313580310  0.025498102893  0.028111070342  0.027585865173  
piranga_erythrocephala_fmnh343370 0.014671988639  0.016204387361  0.002504334517  0.000000000000  0.007542767503  0.008559464039  0.008559464039  0.007541141907  0.014676979777  0.015185717885  0.023938821603  0.022903631164  0.021350593843  0.018772476918  0.018772476918  0.019289574306  0.019289574306  0.022903631164  0.020325510705  0.020837850956  0.022389943102  0.021350593843  0.018772476918  0.018772476918  0.018772476918  0.018772476918  0.017745093079  0.022910496923  0.025513657855  0.024990470165  
piranga_leucoptera_lsu7783 0.019289574306  0.020831795767  0.010073982329  0.007542767503  0.000000000000  0.005024557877  0.005024557877  0.004012322734  0.019295582658  0.019807251801  0.028620190025  0.027577938856  0.026013826785  0.023417723824  0.023417723824  0.023938821603  0.023938821603  0.027577938856  0.023938821603  0.024453591970  0.027061257093  0.026013826785  0.023417723824  0.023417723824  0.023417723824  0.023417723824  0.022383392685  0.027585865173  0.030208350547  0.029681067305  
piranga_rubriceps_lsu265 0.020332144247  0.021876658939  0.011094667101  0.008559464039  0.005024557877  0.000000000000  0.000000000000  0.005022260135  0.020339222869  0.020851299518  0.029681067305  0.028636873963  0.027069315757  0.024467874988  0.024467874988  0.024990470165  0.024990470165  0.028636873963  0.026037439405  0.026553174070  0.028119771063  0.027069315757  0.024467874988  0.024467874988  0.024467874988  0.024467874988  0.023431638635  0.028645896810  0.031274916784  0.030746100334  
piranga_rubriceps_lsu34818 0.020332144247  0.021876658939  0.011094667101  0.008559464039  0.005024557877  0.000000000000  0.000000000000  0.005022260135  0.020339222869  0.020851299518  0.029681067305  0.028636873963  0.027069315757  0.024467874988  0.024467874988  0.024990470165  0.024990470165  0.028636873963  0.026037439405  0.026553174070  0.028119771063  0.027069315757  0.024467874988  0.024467874988  0.024467874988  0.024467874988  0.023431638635  0.028645896810  0.031274916784  0.030746100334  
piranga_leucoptera_fmnh481795 0.019284010642  0.020826187124  0.010072164818  0.007541141907  0.004012322734  0.005022260135  0.005022260135  0.000000000000  0.019289574306  0.019801376270  0.028612529664  0.027570465915  0.026006859105  0.023411440005  0.023411440005  0.023932221784  0.023932221784  0.027570465915  0.024975551894  0.025491001859  0.027053651048  0.026006859105  0.023411440005  0.023411440005  0.023411440005  0.023411440005  0.022377290318  0.027577938856  0.030199267235  0.029672307538  
piranga_roseogularis_ku2049 0.016241200605  0.017259885779  0.017234627957  0.014676979777  0.019295582658  0.020339222869  0.020339222869  0.019289574306  0.000000000000  0.001501780880  0.014150781002  0.013130589670  0.011601566107  0.009062137490  0.009062137490  0.009570252149  0.009570252149  0.013130589670  0.010588163051  0.011094667101  0.012622771945  0.011601566107  0.009062137490  0.009062137490  0.009062137490  0.009062137490  0.008049508024  0.013134223605  0.015694853518  0.016209420680  
piranga_roseogularis_ku2141 0.016750344628  0.017769824741  0.017745093079  0.015185717885  0.019807251801  0.020851299518  0.020851299518  0.019801376270  0.001501780880  0.000000000000  0.014659656071  0.013638804249  0.012108860748  0.009567862830  0.009567862830  0.010076236487  0.010076236487  0.013638804249  0.011094667101  0.011601566107  0.013130589670  0.012108860748  0.009567862830  0.009567862830  0.009567862830  0.009567862830  0.008554581715  0.013642303742  0.016204387361  0.016719220142  
piranga_flava_ku90809 0.024483956348  0.025513657855  0.026529958247  0.023938821603  0.028620190025  0.029681067305  0.029681067305  0.028612529664  0.014150781002  0.014659656071  0.000000000000  0.001000715243  0.006530952843  0.008049508024  0.008049508024  0.008556805633  0.008556805633  0.012111886530  0.010585170831  0.011091809428  0.011604726539  0.010585170831  0.008049508024  0.008049508024  0.008049508024  0.008049508024  0.007038343695  0.012115350391  0.014671988639  0.015185717885  
piranga_flava_lsu15408 0.023447347256  0.024475691056  0.025491001859  0.022903631164  0.027577938856  0.028636873963  0.028636873963  0.027570465915  0.013130589670  0.013638804249  0.001000715243  0.000000000000  0.005522221098  0.007038343695  0.007038343695  0.007544826879  0.007544826879  0.011094667101  0.009570252149  0.010076236487  0.010588163051  0.009570252149  0.007038343695  0.007038343695  0.007038343695  0.007038343695  0.006028640130  0.011097961771  0.013650620958  0.014163515013  
piranga_lutea_lsu5400 0.021891365585  0.022917810750  0.023932221784  0.021350593843  0.026013826785  0.027069315757  0.027069315757  0.026006859105  0.011601566107  0.012108860748  0.006530952843  0.005522221098  0.000000000000  0.005523522286  0.005523522286  0.006028640130  0.006028640130  0.009570252149  0.008049508024  0.008554581715  0.009064661558  0.008049508024  0.005523522286  0.005523522286  0.005523522286  0.005523522286  0.004516082579  0.009573077028  0.012119251969  0.012630745950  
piranga_hepatica_ku9084 0.019308931981  0.020332144247  0.021344671981  0.018772476918  0.023417723824  0.024467874988  0.024467874988  0.023411440005  0.009062137490  0.009567862830  0.008049508024  0.007038343695  0.005523522286  0.000000000000  0.000000000000  0.000500271081  0.000500271081  0.004012322734  0.002504726513  0.003006449898  0.003510092371  0.002504726513  0.000000000000  0.000000000000  0.000000000000  0.000000000000  0.002003391190  0.007040537606  0.009576337105  0.010085615187  
piranga_hepatica_ku4970 0.019308931981  0.020332144247  0.021344671981  0.018772476918  0.023417723824  0.024467874988  0.024467874988  0.023411440005  0.009062137490  0.009567862830  0.008049508024  0.007038343695  0.005523522286  0.000000000000  0.000000000000  0.000500271081  0.000500271081  0.004012322734  0.002504726513  0.003006449898  0.003510092371  0.002504726513  0.000000000000  0.000000000000  0.000000000000  0.000000000000  0.002003391190  0.007040537606  0.009576337105  0.010085615187  
piranga_ludoviciana_sdsu2385 0.019827547339  0.020851299518  0.021863740064  0.019289574306  0.023938821603  0.024990470165  0.024990470165  0.023932221784  0.009570252149  0.010076236487  0.008556805633  0.007544826879  0.006028640130  0.000500271081  0.000500271081  0.000000000000  0.001001085111  0.004516082579  0.003007135642  0.003509112239  0.004013597896  0.003007135642  0.000500271081  0.000500271081  0.000500271081  0.000500271081  0.002505547361  0.007547319671  0.010085615187  0.010595455954  
piranga_lutea_ku89864 0.019827547339  0.020851299518  0.021863740064  0.019289574306  0.023938821603  0.024990470165  0.024990470165  0.023932221784  0.009570252149  0.010076236487  0.008556805633  0.007544826879  0.006028640130  0.000500271081  0.000500271081  0.001001085111  0.000000000000  0.004516082579  0.003007135642  0.003509112239  0.004013597896  0.003007135642  0.000500271081  0.000500271081  0.000500271081  0.000500271081  0.002505547361  0.007547319671  0.010085615187  0.010595455954  
piranga_ludoviciana_sdsu2208 0.023447347256  0.024475691056  0.025491001859  0.022903631164  0.027577938856  0.028636873963  0.028636873963  0.027570465915  0.013130589670  0.013638804249  0.012111886530  0.011094667101  0.009570252149  0.004012322734  0.004012322734  0.004516082579  0.004516082579  0.000000000000  0.005522221098  0.006025876272  0.006532415814  0.004516082579  0.004012322734  0.004012322734  0.004012322734  0.004012322734  0.006028640130  0.011097961771  0.013650620958  0.014163515013  
piranga_ludoviciana_sdsu2650 0.020866529925  0.021891365585  0.022903631164  0.020325510705  0.023938821603  0.026037439405  0.026037439405  0.024975551894  0.010588163051  0.011094667101  0.010585170831  0.009570252149  0.008049508024  0.002504726513  0.002504726513  0.003007135642  0.003007135642  0.005522221098  0.000000000000  0.000500193100  0.004013597896  0.003007135642  0.002504726513  0.002504726513  0.002504726513  0.002504726513  0.004516082579  0.009573077028  0.012119251969  0.012630745950  
piranga_olivacea_ku4672 0.021378746914  0.022404386632  0.023417723824  0.020837850956  0.024453591970  0.026553174070  0.026553174070  0.025491001859  0.011094667101  0.011601566107  0.011091809428  0.010076236487  0.008554581715  0.003006449898  0.003006449898  0.003509112239  0.003509112239  0.006025876272  0.000500193100  0.000000000000  0.004516082579  0.003509112239  0.003006449898  0.003006449898  0.003006449898  0.003006449898  0.005018956757  0.010078926924  0.012626539908  0.013138296344  
piranga_ludoviciana_sdsu2648 0.022933781166  0.023961316987  0.024975551894  0.022389943102  0.027061257093  0.028119771063  0.028119771063  0.027053651048  0.012622771945  0.013130589670  0.011604726539  0.010588163051  0.009064661558  0.003510092371  0.003510092371  0.004013597896  0.004013597896  0.006532415814  0.004013597896  0.004516082579  0.000000000000  0.004013597896  0.003510092371  0.003510092371  0.003510092371  0.003510092371  0.005525255126  0.010591591546  0.013142807526  0.013142807526  
piranga_olivacea_ku2699 0.021891365585  0.022917810750  0.023932221784  0.021350593843  0.026013826785  0.027069315757  0.027069315757  0.026006859105  0.011601566107  0.012108860748  0.010585170831  0.009570252149  0.008049508024  0.002504726513  0.002504726513  0.003007135642  0.003007135642  0.004516082579  0.003007135642  0.003509112239  0.004013597896  0.000000000000  0.002504726513  0.002504726513  0.002504726513  0.002504726513  0.004516082579  0.009573077028  0.012119251969  0.012630745950  
piranga_bidentata_itm141 0.019308931981  0.020332144247  0.021344671981  0.018772476918  0.023417723824  0.024467874988  0.024467874988  0.023411440005  0.009062137490  0.009567862830  0.008049508024  0.007038343695  0.005523522286  0.000000000000  0.000000000000  0.000500271081  0.000500271081  0.004012322734  0.002504726513  0.003006449898  0.003510092371  0.002504726513  0.000000000000  0.000000000000  0.000000000000  0.000000000000  0.002003391190  0.007040537606  0.009576337105  0.010085615187  
piranga_bidentata_hgoslp104 0.019308931981  0.020332144247  0.021344671981  0.018772476918  0.023417723824  0.024467874988  0.024467874988  0.023411440005  0.009062137490  0.009567862830  0.008049508024  0.007038343695  0.005523522286  0.000000000000  0.000000000000  0.000500271081  0.000500271081  0.004012322734  0.002504726513  0.003006449898  0.003510092371  0.002504726513  0.000000000000  0.000000000000  0.000000000000  0.000000000000  0.002003391190  0.007040537606  0.009576337105  0.010085615187  
piranga_bidentata_itm160 0.019308931981  0.020332144247  0.021344671981  0.018772476918  0.023417723824  0.024467874988  0.024467874988  0.023411440005  0.009062137490  0.009567862830  0.008049508024  0.007038343695  0.005523522286  0.000000000000  0.000000000000  0.000500271081  0.000500271081  0.004012322734  0.002504726513  0.003006449898  0.003510092371  0.002504726513  0.000000000000  0.000000000000  0.000000000000  0.000000000000  0.002003391190  0.007040537606  0.009576337105  0.010085615187  
piranga_bidentata_tepe59 0.019308931981  0.020332144247  0.021344671981  0.018772476918  0.023417723824  0.024467874988  0.024467874988  0.023411440005  0.009062137490  0.009567862830  0.008049508024  0.007038343695  0.005523522286  0.000000000000  0.000000000000  0.000500271081  0.000500271081  0.004012322734  0.002504726513  0.003006449898  0.003510092371  0.002504726513  0.000000000000  0.000000000000  0.000000000000  0.000000000000  0.002003391190  0.007040537606  0.009576337105  0.010085615187  
piranga_rubra_ku7046 0.018280162197  0.019302035336  0.020313580310  0.017745093079  0.022383392685  0.023431638635  0.023431638635  0.022377290318  0.008049508024  0.008554581715  0.007038343695  0.006028640130  0.004516082579  0.002003391190  0.002003391190  0.002505547361  0.002505547361  0.006028640130  0.004516082579  0.005018956757  0.005525255126  0.004516082579  0.002003391190  0.002003391190  0.002003391190  0.002003391190  0.000000000000  0.005020392975  0.007547319671  0.008054658917  
piranga_rubra_sdsu2635 0.023455873346  0.024483956348  0.025498102893  0.022910496923  0.027585865173  0.028645896810  0.028645896810  0.027577938856  0.013134223605  0.013642303742  0.012115350391  0.011097961771  0.009573077028  0.007040537606  0.007040537606  0.007547319671  0.007547319671  0.011097961771  0.009573077028  0.010078926924  0.010591591546  0.009573077028  0.007040537606  0.007040537606  0.007040537606  0.007040537606  0.005020392975  0.000000000000  0.003509112239  0.005020392975  
piranga_rubra_sdsu2654 0.026065108786  0.027096203832  0.028111070342  0.025513657855  0.030208350547  0.031274916784  0.031274916784  0.030199267235  0.015694853518  0.016204387361  0.014671988639  0.013650620958  0.012119251969  0.009576337105  0.009576337105  0.010085615187  0.010085615187  0.013650620958  0.012119251969  0.012626539908  0.013142807526  0.012119251969  0.009576337105  0.009576337105  0.009576337105  0.009576337105  0.007547319671  0.003509112239  0.000000000000  0.007547319671  
piranga_rubra_ku26592 0.026590447861  0.027622096919  0.027585865173  0.024990470165  0.029681067305  0.030746100334  0.030746100334  0.029672307538  0.016209420680  0.016719220142  0.015185717885  0.014163515013  0.012630745950  0.010085615187  0.010085615187  0.010595455954  0.010595455954  0.014163515013  0.012630745950  0.013138296344  0.013142807526  0.012630745950  0.010085615187  0.010085615187  0.010085615187  0.010085615187  0.008054658917  0.005020392975  0.007547319671  0.000000000000  

