30
cardinalis_cardinalis_ku21828 0.000000000000  0.002504551676  0.010579689198  0.013636670963  0.013636670963  0.011597704914  0.010579689198  0.010579689198  0.013636670963  0.018771494184  0.012110490784  0.012110490784  0.013648054101  0.013648054101  0.015695814451  0.015177418934  0.015686456232  0.013640069462  0.014151986393  0.011603539995  0.013128683949  0.012624736383  0.017229411908  0.016210140353  0.016210140353  0.015690936766  0.018255293589  0.015695814451  0.016204990459  0.012624736383  
cardinalis_cardinalis_ku25393 0.002504551676  0.000000000000  0.013122821270  0.016191926931  0.016191926931  0.014145046738  0.013122821270  0.013122821270  0.016191926931  0.021347640930  0.014660497456  0.014660497456  0.016204990459  0.016204990459  0.018260740450  0.017739633338  0.018250246086  0.016195883368  0.016709929352  0.014151986393  0.015682373228  0.015177418934  0.019799649126  0.018777215533  0.018777215533  0.018255293589  0.020829275425  0.018260740450  0.018771494184  0.015177418934  
piranga_erythrocephala_fmnh343370 0.010579689198  0.013122821270  0.000000000000  0.003007811737  0.003007811737  0.001001016358  0.000000000000  0.000000000000  0.010075703722  0.015182024977  0.008556804995  0.008556804995  0.010085004176  0.010085004176  0.012121821964  0.011607048899  0.012113873573  0.010078411104  0.010587430164  0.008052045994  0.009569917466  0.009067476377  0.013648054101  0.012633222735  0.012633222735  0.012117650759  0.014668770815  0.012121821964  0.012628782408  0.010085004176  
piranga_leucoptera_fmnh481795 0.013636670963  0.016191926931  0.003007811737  0.000000000000  0.003009172093  0.004014445893  0.003007811737  0.003007811737  0.013132209066  0.018266586288  0.011607048899  0.011607048899  0.013145154956  0.013145154956  0.015192426138  0.014673501979  0.015182024977  0.013136129525  0.013648054101  0.011100610365  0.012624736383  0.012121821964  0.016725003804  0.015706759757  0.015706759757  0.015187027504  0.017750377919  0.015192426138  0.015701088907  0.013145154956  
piranga_leucoptera_lsu7783 0.013636670963  0.016191926931  0.003007811737  0.003009172093  0.000000000000  0.004014445893  0.003007811737  0.003007811737  0.013132209066  0.018266586288  0.011607048899  0.011607048899  0.013145154956  0.013145154956  0.015192426138  0.014673501979  0.015182024977  0.013136129525  0.013648054101  0.011100610365  0.012624736383  0.012121821964  0.016725003804  0.015706759757  0.015706759757  0.015187027504  0.017750377919  0.015192426138  0.015701088907  0.013145154956  
piranga_rubriceps_lsu34818 0.011597704914  0.014145046738  0.001001016358  0.004014445893  0.004014445893  0.000000000000  0.001001016358  0.001001016358  0.011093734555  0.016210140353  0.009572751393  0.009572751393  0.011104638076  0.011104638076  0.013145154956  0.012628782408  0.013136129525  0.011096975732  0.011607048899  0.009067476377  0.010587430164  0.010085004176  0.014673501979  0.013657619733  0.013657619733  0.013140444948  0.015695814451  0.013145154956  0.013652639481  0.011104638076  
piranga_rubriceps_lsu265 0.010579689198  0.013122821270  0.000000000000  0.003007811737  0.003007811737  0.001001016358  0.000000000000  0.000000000000  0.010075703722  0.015182024977  0.008556804995  0.008556804995  0.010085004176  0.010085004176  0.012121821964  0.011607048899  0.012113873573  0.010078411104  0.010587430164  0.008052045994  0.009569917466  0.009067476377  0.013648054101  0.012633222735  0.012633222735  0.012117650759  0.014668770815  0.012121821964  0.012628782408  0.010085004176  
piranga_erythrocephala_fmnh343371 0.010579689198  0.013122821270  0.000000000000  0.003007811737  0.003007811737  0.001001016358  0.000000000000  0.000000000000  0.010075703722  0.015182024977  0.008556804995  0.008556804995  0.010085004176  0.010085004176  0.012121821964  0.011607048899  0.012113873573  0.010078411104  0.010587430164  0.008052045994  0.009569917466  0.009067476377  0.013648054101  0.012633222735  0.012633222735  0.012117650759  0.014668770815  0.012121821964  0.012628782408  0.010085004176  
piranga_roseogularis_ku2049 0.013636670963  0.016191926931  0.010075703722  0.013132209066  0.013132209066  0.011093734555  0.010075703722  0.010075703722  0.000000000000  0.005023141250  0.006532814217  0.006532814217  0.008054866591  0.008054866591  0.010085004176  0.009572751393  0.010078411104  0.008049616425  0.008556804995  0.006029208010  0.007542949507  0.007040996109  0.011607048899  0.010594557319  0.010594557319  0.010081511382  0.012624736383  0.010085004176  0.010590797343  0.008054866591  
piranga_roseogularis_ku2141 0.018771494184  0.021347640930  0.015182024977  0.018266586288  0.018266586288  0.016210140353  0.015182024977  0.015182024977  0.005023141250  0.000000000000  0.011610951540  0.011610951540  0.013150259176  0.013150259176  0.015198220503  0.014678628964  0.015187027504  0.013140444948  0.013652639481  0.011104638076  0.012628782408  0.012126386812  0.016730823825  0.015712826627  0.015712826627  0.015192426138  0.017756347860  0.015198220503  0.015706759757  0.013150259176  
piranga_hepatica_ku4970 0.012110490784  0.014660497456  0.008556804995  0.011607048899  0.011607048899  0.009572751393  0.008556804995  0.008556804995  0.006532814217  0.011610951540  0.000000000000  0.000000000000  0.002505264980  0.002505264980  0.004516779354  0.004011844864  0.004514432715  0.002504225648  0.003006252902  0.000500189053  0.002002709489  0.001501706877  0.005522589742  0.004516779354  0.004516779354  0.004011844864  0.009064516291  0.006537260200  0.007040996109  0.004518535394  
piranga_hepatica_ku9084 0.012110490784  0.014660497456  0.008556804995  0.011607048899  0.011607048899  0.009572751393  0.008556804995  0.008556804995  0.006532814217  0.011610951540  0.000000000000  0.000000000000  0.002505264980  0.002505264980  0.004516779354  0.004011844864  0.004514432715  0.002504225648  0.003006252902  0.000500189053  0.002002709489  0.001501706877  0.005522589742  0.004516779354  0.004516779354  0.004011844864  0.009064516291  0.006537260200  0.007040996109  0.004518535394  
piranga_ludoviciana_sdsu2650 0.013648054101  0.016204990459  0.010085004176  0.013145154956  0.013145154956  0.011104638076  0.010085004176  0.010085004176  0.008054866591  0.013150259176  0.002505264980  0.002505264980  0.000000000000  0.000000000000  0.006033906264  0.005525983902  0.006029208010  0.004012951337  0.004516779354  0.002004070950  0.003509638085  0.003009172093  0.007547670517  0.006540067551  0.006540067551  0.006031362550  0.010594557319  0.008061679363  0.008566062194  0.006036838777  
piranga_ludoviciana_sdsu2648 0.013648054101  0.016204990459  0.010085004176  0.013145154956  0.013145154956  0.011104638076  0.010085004176  0.010085004176  0.008054866591  0.013150259176  0.002505264980  0.002505264980  0.000000000000  0.000000000000  0.006033906264  0.005525983902  0.006029208010  0.004012951337  0.004516779354  0.002004070950  0.003509638085  0.003009172093  0.007547670517  0.006540067551  0.006540067551  0.006031362550  0.010594557319  0.008061679363  0.008566062194  0.006036838777  
piranga_ludoviciana_sdsu2208 0.015695814451  0.018260740450  0.012121821964  0.015192426138  0.015192426138  0.013145154956  0.012121821964  0.012121821964  0.010085004176  0.015198220503  0.004516779354  0.004516779354  0.006033906264  0.006033906264  0.000000000000  0.005528264519  0.006031362550  0.004014445893  0.004518535394  0.004014445893  0.005524092184  0.005023141250  0.009575977558  0.008566062194  0.008566062194  0.008054866591  0.012633222735  0.010093165813  0.010598709716  0.008061679363  
piranga_bidentata_itm141 0.015177418934  0.017739633338  0.011607048899  0.014673501979  0.014673501979  0.012628782408  0.011607048899  0.011607048899  0.009572751393  0.014678628964  0.004011844864  0.004011844864  0.005525983902  0.005525983902  0.005528264519  0.000000000000  0.003510871692  0.001502288356  0.002004070950  0.003509638085  0.005018253327  0.004516779354  0.009064516291  0.008054866591  0.008054866591  0.007545114636  0.012117650759  0.009579595584  0.010085004176  0.007550616772  
piranga_ludoviciana_sdsu2385 0.015686456232  0.018250246086  0.012113873573  0.015182024977  0.015182024977  0.013136129525  0.012113873573  0.012113873573  0.010078411104  0.015187027504  0.004514432715  0.004514432715  0.006029208010  0.006029208010  0.006031362550  0.003510871692  0.000000000000  0.002003230374  0.002505264980  0.004011844864  0.005521476956  0.005019493756  0.009569917466  0.008559499549  0.008559499549  0.008049616425  0.012624736383  0.010085004176  0.010590797343  0.008054866591  
piranga_bidentata_itm160 0.013640069462  0.016195883368  0.010078411104  0.013136129525  0.013136129525  0.011096975732  0.010078411104  0.010078411104  0.008049616425  0.013140444948  0.002504225648  0.002504225648  0.004012951337  0.004012951337  0.004014445893  0.001502288356  0.002003230374  0.000000000000  0.000500253917  0.002002776427  0.003508334690  0.003006838547  0.007542949507  0.006534842297  0.006534842297  0.006027443019  0.010587430164  0.008054866591  0.008559499549  0.006031362550  
piranga_bidentata_tepe59 0.014151986393  0.016709929352  0.010587430164  0.013648054101  0.013648054101  0.011607048899  0.010587430164  0.010587430164  0.008556804995  0.013652639481  0.003006252902  0.003006252902  0.004516779354  0.004516779354  0.004518535394  0.002004070950  0.002505264980  0.000500253917  0.000000000000  0.002504551676  0.004011126853  0.003509638085  0.008049616425  0.007040996109  0.007040996109  0.006532814217  0.011096975732  0.008562585407  0.009067476377  0.006537260200  
piranga_olivacea_ku2699 0.011603539995  0.014151986393  0.008052045994  0.011100610365  0.011100610365  0.009067476377  0.008052045994  0.008052045994  0.006029208010  0.011104638076  0.000500189053  0.000500189053  0.002004070950  0.002004070950  0.004014445893  0.003509638085  0.004011844864  0.002002776427  0.002504551676  0.000000000000  0.001501511760  0.001001016358  0.005524092184  0.004518535394  0.004518535394  0.004012951337  0.008559499549  0.006033906264  0.006537260200  0.004016328157  
piranga_bidentata_hgoslp104 0.013128683949  0.015682373228  0.009569917466  0.012624736383  0.012624736383  0.010587430164  0.009569917466  0.009569917466  0.007542949507  0.012628782408  0.002002709489  0.002002709489  0.003509638085  0.003509638085  0.005524092184  0.005018253327  0.005521476956  0.003508334690  0.004011126853  0.001501511760  0.000000000000  0.002504551676  0.007036803167  0.006029208010  0.006029208010  0.005522589742  0.010078411104  0.007547670517  0.008052045994  0.005525983902  
piranga_olivacea_ku4672 0.012624736383  0.015177418934  0.009067476377  0.012121821964  0.012121821964  0.010085004176  0.009067476377  0.009067476377  0.007040996109  0.012126386812  0.001501706877  0.001501706877  0.003009172093  0.003009172093  0.005023141250  0.004516779354  0.005019493756  0.003006838547  0.003509638085  0.001001016358  0.002504551676  0.000000000000  0.006534842297  0.005528264519  0.005528264519  0.005021123189  0.009575977558  0.007046749447  0.007550616772  0.005025547561  
piranga_flava_ku90809 0.017229411908  0.019799649126  0.013648054101  0.016725003804  0.016725003804  0.014673501979  0.013648054101  0.013648054101  0.011607048899  0.016730823825  0.005522589742  0.005522589742  0.007547670517  0.007547670517  0.009575977558  0.009064516291  0.009569917466  0.007542949507  0.008049616425  0.005524092184  0.007036803167  0.006534842297  0.000000000000  0.004011126853  0.004011126853  0.003508265661  0.014160511216  0.011615247541  0.012121821964  0.009579595584  
piranga_flava_lsu15408 0.016210140353  0.018777215533  0.012633222735  0.015706759757  0.015706759757  0.013657619733  0.012633222735  0.012633222735  0.010594557319  0.015712826627  0.004516779354  0.004516779354  0.006540067551  0.006540067551  0.008566062194  0.008054866591  0.008559499549  0.006534842297  0.007040996109  0.004518535394  0.006029208010  0.005528264519  0.004011126853  0.000000000000  0.003006838547  0.002504225648  0.013145154956  0.010603254160  0.011109058490  0.008569929535  
piranga_lutea_ku89864 0.016210140353  0.018777215533  0.012633222735  0.015706759757  0.015706759757  0.013657619733  0.012633222735  0.012633222735  0.010594557319  0.015712826627  0.004516779354  0.004516779354  0.006540067551  0.006540067551  0.008566062194  0.008054866591  0.008559499549  0.006534842297  0.007040996109  0.004518535394  0.006029208010  0.005528264519  0.004011126853  0.003006838547  0.000000000000  0.002504225648  0.013145154956  0.010603254160  0.011109058490  0.008569929535  
piranga_lutea_lsu5400 0.015690936766  0.018255293589  0.012117650759  0.015187027504  0.015187027504  0.013140444948  0.012117650759  0.012117650759  0.010081511382  0.015192426138  0.004011844864  0.004011844864  0.006031362550  0.006031362550  0.008054866591  0.007545114636  0.008049616425  0.006027443019  0.006532814217  0.004012951337  0.005522589742  0.005021123189  0.003508265661  0.002504225648  0.002504225648  0.000000000000  0.012628782408  0.010088889112  0.010594557319  0.008058077839  
piranga_rubra_sdsu2635 0.018255293589  0.020829275425  0.014668770815  0.017750377919  0.017750377919  0.015695814451  0.014668770815  0.014668770815  0.012624736383  0.017756347860  0.009064516291  0.009064516291  0.010594557319  0.010594557319  0.012633222735  0.012117650759  0.012624736383  0.010587430164  0.011096975732  0.008559499549  0.010078411104  0.009575977558  0.014160511216  0.013145154956  0.013145154956  0.012628782408  0.000000000000  0.003508792292  0.004011126853  0.008559499549  
piranga_rubra_ku7046 0.015695814451  0.018260740450  0.012121821964  0.015192426138  0.015192426138  0.013145154956  0.012121821964  0.012121821964  0.010085004176  0.015198220503  0.006537260200  0.006537260200  0.008061679363  0.008061679363  0.010093165813  0.009579595584  0.010085004176  0.008054866591  0.008562585407  0.006033906264  0.007547670517  0.007046749447  0.011615247541  0.010603254160  0.010603254160  0.010088889112  0.003508792292  0.000000000000  0.000500189053  0.006033906264  
piranga_rubra_sdsu2654 0.016204990459  0.018771494184  0.012628782408  0.015701088907  0.015701088907  0.013652639481  0.012628782408  0.012628782408  0.010590797343  0.015706759757  0.007040996109  0.007040996109  0.008566062194  0.008566062194  0.010598709716  0.010085004176  0.010590797343  0.008559499549  0.009067476377  0.006537260200  0.008052045994  0.007550616772  0.012121821964  0.011109058490  0.011109058490  0.010594557319  0.004011126853  0.000500189053  0.000000000000  0.006537260200  
piranga_rubra_ku26592 0.012624736383  0.015177418934  0.010085004176  0.013145154956  0.013145154956  0.011104638076  0.010085004176  0.010085004176  0.008054866591  0.013150259176  0.004518535394  0.004518535394  0.006036838777  0.006036838777  0.008061679363  0.007550616772  0.008054866591  0.006031362550  0.006537260200  0.004016328157  0.005525983902  0.005025547561  0.009579595584  0.008569929535  0.008569929535  0.008058077839  0.008559499549  0.006033906264  0.006537260200  0.000000000000  

