30
piranga_rubra_ku26592 0.000000000000  0.003330787866  0.001664055799  0.004171177593  0.004171177593  0.005009849228  0.000881102543  0.005845936242  0.000831295483  0.001664055799  0.000931149276  0.001073028602  0.002496837427  0.001891326028  0.000831295483  0.002911152726  0.003451498352  0.000831295483  0.001070730751  0.002498286118  0.005009849228  0.001678613875  0.005006433863  0.001664055799  0.003333991641  0.004551862127  0.001135149047  0.001664055799  0.000831295483  0.001664055799  
piranga_flava_ku90809 0.003330787866  0.000000000000  0.003268195150  0.005732804483  0.005732804483  0.006557205476  0.002593503788  0.007484110893  0.002449506703  0.003268195150  0.002796586912  0.003223255744  0.002449939576  0.001891326028  0.002449506703  0.000968844419  0.003384332336  0.002449506703  0.003216344330  0.004088304298  0.006557205476  0.001646823478  0.006554580181  0.003297834627  0.004909839088  0.006833457446  0.003410114545  0.003268195150  0.002449506703  0.003268195150  
piranga_ludoviciana_sdsu2385 0.001664055799  0.003268195150  0.000000000000  0.004092649716  0.004092649716  0.004915449985  0.000863601347  0.005816789116  0.000815699472  0.001632809281  0.000931149276  0.001073028602  0.002449939576  0.001891326028  0.000815699472  0.002911152726  0.003384332336  0.000815699472  0.001070730751  0.002451334313  0.004915449985  0.001646823478  0.004912162151  0.001647605537  0.003271279480  0.004551862127  0.001135149047  0.001632809281  0.000815699472  0.001632809281  
piranga_rubriceps_lsu265 0.004171177593  0.005732804483  0.004092649716  0.000000000000  0.001632809281  0.005739685274  0.003463914654  0.006653563076  0.003271279480  0.004092649716  0.003735655817  0.003226422551  0.004912162151  0.004741609400  0.003271279480  0.005839665229  0.005937021208  0.003271279480  0.004297555811  0.004915449985  0.002451334313  0.004127131196  0.000815555901  0.004129834274  0.002451334313  0.002270450832  0.003413659771  0.004092649716  0.003271279480  0.004092649716  
piranga_leucoptera_lsu7783 0.004171177593  0.005732804483  0.004092649716  0.001632809281  0.000000000000  0.007392480998  0.003463914654  0.008331568932  0.003271279480  0.004092649716  0.003735655817  0.003226422551  0.004912162151  0.004741609400  0.003271279480  0.005839665229  0.005937021208  0.003271279480  0.004297555811  0.004915449985  0.000815699472  0.004127131196  0.002449939576  0.004129834274  0.002451334313  0.003409779812  0.003413659771  0.004092649716  0.003271279480  0.004092649716  
cardinalis_cardinalis_ku25393 0.005009849228  0.006557205476  0.004915449985  0.005739685274  0.007392480998  0.000000000000  0.004333874949  0.000827022111  0.004092649716  0.004915449985  0.004674201954  0.004306810253  0.005735762004  0.005695536810  0.004092649716  0.005839665229  0.006790990769  0.004092649716  0.004297555811  0.005739685274  0.008221051540  0.004956801645  0.006560799670  0.003300975234  0.006565360598  0.006844340221  0.004557047930  0.004915449985  0.004092649716  0.004915449985  
piranga_olivacea_ku2699 0.000881102543  0.002593503788  0.000863601347  0.003463914654  0.003463914654  0.004333874949  0.000000000000  0.005279564836  0.000000000000  0.000000000000  0.000000000000  0.000000000000  0.001727922660  0.000945038924  0.000000000000  0.001939000738  0.002593503788  0.000000000000  0.000000000000  0.000863601347  0.004333874949  0.000863440420  0.004330898094  0.000871883911  0.002595552859  0.003409779812  0.000000000000  0.000000000000  0.000000000000  0.000000000000  
cardinalis_cardinalis_ku21828 0.005845936242  0.007484110893  0.005816789116  0.006653563076  0.008331568932  0.000827022111  0.005279564836  0.000000000000  0.004981494130  0.005816789116  0.005610325707  0.004306810253  0.006649866367  0.006647414552  0.004981494130  0.005839665229  0.007754963887  0.004981494130  0.004297555811  0.006653563076  0.009172811406  0.005867351319  0.007487467314  0.004147672899  0.007491821257  0.006844340221  0.004557047930  0.005816789116  0.004981494130  0.005816789116  
piranga_rubra_ku7046 0.000831295483  0.002449506703  0.000815699472  0.003271279480  0.003271279480  0.004092649716  0.000000000000  0.004981494130  0.000000000000  0.000815699472  0.000000000000  0.000000000000  0.001632041209  0.000945038924  0.000000000000  0.001939000738  0.002536490927  0.000000000000  0.000000000000  0.001632809281  0.004092649716  0.000822938580  0.004089995109  0.000823084761  0.002451334313  0.003409779812  0.000000000000  0.000815699472  0.000000000000  0.000815699472  
piranga_bidentata_hgoslp104 0.001664055799  0.003268195150  0.001632809281  0.004092649716  0.004092649716  0.004915449985  0.000000000000  0.005816789116  0.000815699472  0.000000000000  0.000000000000  0.000000000000  0.002449939576  0.000945038924  0.000815699472  0.001939000738  0.003384332336  0.000815699472  0.000000000000  0.000815699472  0.004915449985  0.001646823478  0.004912162151  0.001647605537  0.003271279480  0.003409779812  0.000000000000  0.001632809281  0.000815699472  0.000000000000  
piranga_ludoviciana_sdsu2648 0.000931149276  0.002796586912  0.000931149276  0.003735655817  0.003735655817  0.004674201954  0.000000000000  0.005610325707  0.000000000000  0.000000000000  0.000000000000  0.000000000000  0.001863135631  0.000949525618  0.000000000000  0.001961824633  0.002796586912  0.000000000000  0.000000000000  0.000931149276  0.004674201954  0.000930962191  0.004670739061  0.000931149276  0.002798969891  0.003409779812  0.000000000000  0.000000000000  0.000000000000  0.000000000000  
piranga_roseogularis_ku2049 0.001073028602  0.003223255744  0.001073028602  0.003226422551  0.003226422551  0.004306810253  0.000000000000  0.004306810253  0.000000000000  0.000000000000  0.000000000000  0.000000000000  0.002147169039  0.001072780163  0.000000000000  0.002154106893  0.003223255744  0.000000000000  0.000000000000  0.001073028602  0.004306810253  0.001072780163  0.004303302184  0.000000000000  0.002148499072  0.002466449579  0.000000000000  0.000000000000  0.000000000000  0.000000000000  
piranga_hepatica_ku4970 0.002496837427  0.002449939576  0.002449939576  0.004912162151  0.004912162151  0.005735762004  0.001727922660  0.006649866367  0.001632041209  0.002449939576  0.001863135631  0.002147169039  0.000000000000  0.000945231710  0.001632041209  0.001940085187  0.002536955138  0.001632041209  0.002142568577  0.003269255900  0.005735762004  0.000823084761  0.005732804483  0.002472147187  0.004089995109  0.004547943338  0.002271542503  0.002449939576  0.001632041209  0.002449939576  
piranga_hepatica_ku9084 0.001891326028  0.001891326028  0.001891326028  0.004741609400  0.004741609400  0.005695536810  0.000945038924  0.006647414552  0.000945038924  0.000945038924  0.000949525618  0.001072780163  0.000945231710  0.000000000000  0.000945038924  0.001001059487  0.001891326028  0.000945038924  0.001070483376  0.001891326028  0.005695536810  0.000000000000  0.005692412228  0.001891326028  0.003789603609  0.004547943338  0.001134871012  0.000945038924  0.000945038924  0.000945038924  
piranga_rubra_sdsu2654 0.000831295483  0.002449506703  0.000815699472  0.003271279480  0.003271279480  0.004092649716  0.000000000000  0.004981494130  0.000000000000  0.000815699472  0.000000000000  0.000000000000  0.001632041209  0.000945038924  0.000000000000  0.001939000738  0.002536490927  0.000000000000  0.000000000000  0.001632809281  0.004092649716  0.000822938580  0.004089995109  0.000823084761  0.002451334313  0.003409779812  0.000000000000  0.000815699472  0.000000000000  0.000815699472  
piranga_flava_lsu15408 0.002911152726  0.000968844419  0.002911152726  0.005839665229  0.005839665229  0.005839665229  0.001939000738  0.005839665229  0.001939000738  0.001939000738  0.001961824633  0.002154106893  0.001940085187  0.001001059487  0.001939000738  0.000000000000  0.002911152726  0.001939000738  0.002142568577  0.002911152726  0.006819882677  0.000969047042  0.006815699099  0.001939000738  0.004861476667  0.005691566765  0.002271542503  0.001939000738  0.001939000738  0.001939000738  
piranga_lutea_lsu5400 0.003451498352  0.003384332336  0.003384332336  0.005937021208  0.005937021208  0.006790990769  0.002593503788  0.007754963887  0.002536490927  0.003384332336  0.002796586912  0.003223255744  0.002536955138  0.001891326028  0.002536490927  0.002911152726  0.000000000000  0.002536490927  0.003216344330  0.004233697523  0.006790990769  0.001689961050  0.006788174407  0.003416126004  0.005084591975  0.006833457446  0.003410114545  0.002536490927  0.002536490927  0.003384332336  
piranga_olivacea_ku4672 0.000831295483  0.002449506703  0.000815699472  0.003271279480  0.003271279480  0.004092649716  0.000000000000  0.004981494130  0.000000000000  0.000815699472  0.000000000000  0.000000000000  0.001632041209  0.000945038924  0.000000000000  0.001939000738  0.002536490927  0.000000000000  0.000000000000  0.001632809281  0.004092649716  0.000822938580  0.004089995109  0.000823084761  0.002451334313  0.003409779812  0.000000000000  0.000815699472  0.000000000000  0.000815699472  
piranga_ludoviciana_sdsu2208 0.001070730751  0.003216344330  0.001070730751  0.004297555811  0.004297555811  0.004297555811  0.000000000000  0.004297555811  0.000000000000  0.000000000000  0.000000000000  0.000000000000  0.002142568577  0.001070483376  0.000000000000  0.002142568577  0.003216344330  0.000000000000  0.000000000000  0.001070730751  0.005378078911  0.001070483376  0.005373494130  0.000000000000  0.003219497551  0.003501310229  0.000000000000  0.000000000000  0.000000000000  0.000000000000  
piranga_bidentata_itm160 0.002498286118  0.004088304298  0.002451334313  0.004915449985  0.004915449985  0.005739685274  0.000863601347  0.006653563076  0.001632809281  0.000815699472  0.000931149276  0.001073028602  0.003269255900  0.001891326028  0.001632809281  0.002911152726  0.004233697523  0.001632809281  0.001070730751  0.000000000000  0.005739685274  0.002472147187  0.005735762004  0.002473567346  0.004092649716  0.004551862127  0.001135149047  0.002451334313  0.001632809281  0.000815699472  
piranga_leucoptera_fmnh481795 0.005009849228  0.006557205476  0.004915449985  0.002451334313  0.000815699472  0.008221051540  0.004333874949  0.009172811406  0.004092649716  0.004915449985  0.004674201954  0.004306810253  0.005735762004  0.005695536810  0.004092649716  0.006819882677  0.006790990769  0.004092649716  0.005378078911  0.005739685274  0.000000000000  0.004956801645  0.003269255900  0.004960149564  0.003271279480  0.004551862127  0.004557047930  0.004915449985  0.004092649716  0.004915449985  
piranga_lutea_ku89864 0.001678613875  0.001646823478  0.001646823478  0.004127131196  0.004127131196  0.004956801645  0.000863440420  0.005867351319  0.000822938580  0.001646823478  0.000930962191  0.001072780163  0.000823084761  0.000000000000  0.000822938580  0.000969047042  0.001689961050  0.000822938580  0.001070483376  0.002472147187  0.004956801645  0.000000000000  0.004954436104  0.001661875977  0.003298914739  0.004547943338  0.001134871012  0.001646823478  0.000822938580  0.001646823478  
piranga_rubriceps_lsu34818 0.005006433863  0.006554580181  0.004912162151  0.000815555901  0.002449939576  0.006560799670  0.004330898094  0.007487467314  0.004089995109  0.004912162151  0.004670739061  0.004303302184  0.005732804483  0.005692412228  0.004089995109  0.006815699099  0.006788174407  0.004089995109  0.005373494130  0.005735762004  0.003269255900  0.004954436104  0.000000000000  0.004956801645  0.003269255900  0.003407080674  0.004553120204  0.004912162151  0.004089995109  0.004912162151  
piranga_roseogularis_ku2141 0.001664055799  0.003297834627  0.001647605537  0.004129834274  0.004129834274  0.003300975234  0.000871883911  0.004147672899  0.000823084761  0.001647605537  0.000931149276  0.000000000000  0.002472147187  0.001891326028  0.000823084761  0.001939000738  0.003416126004  0.000823084761  0.000000000000  0.002473567346  0.004960149564  0.001661875977  0.004956801645  0.000000000000  0.003300975234  0.003409779812  0.000000000000  0.001647605537  0.000823084761  0.001647605537  
piranga_erythrocephala_fmnh343371 0.003333991641  0.004909839088  0.003271279480  0.002451334313  0.002451334313  0.006565360598  0.002595552859  0.007491821257  0.002451334313  0.003271279480  0.002798969891  0.002148499072  0.004089995109  0.003789603609  0.002451334313  0.004861476667  0.005084591975  0.002451334313  0.003219497551  0.004092649716  0.003271279480  0.003298914739  0.003269255900  0.003300975234  0.000000000000  0.000000000000  0.002273031240  0.003271279480  0.002451334313  0.003271279480  
piranga_erythrocephala_fmnh343370 0.004551862127  0.006833457446  0.004551862127  0.002270450832  0.003409779812  0.006844340221  0.003409779812  0.006844340221  0.003409779812  0.003409779812  0.003409779812  0.002466449579  0.004547943338  0.004547943338  0.003409779812  0.005691566765  0.006833457446  0.003409779812  0.003501310229  0.004551862127  0.004551862127  0.004547943338  0.003407080674  0.003409779812  0.000000000000  0.000000000000  0.002481752407  0.003409779812  0.003409779812  0.003409779812  
piranga_ludoviciana_sdsu2650 0.001135149047  0.003410114545  0.001135149047  0.003413659771  0.003413659771  0.004557047930  0.000000000000  0.004557047930  0.000000000000  0.000000000000  0.000000000000  0.000000000000  0.002271542503  0.001134871012  0.000000000000  0.002271542503  0.003410114545  0.000000000000  0.000000000000  0.001135149047  0.004557047930  0.001134871012  0.004553120204  0.000000000000  0.002273031240  0.002481752407  0.000000000000  0.000000000000  0.000000000000  0.000000000000  
piranga_bidentata_tepe59 0.001664055799  0.003268195150  0.001632809281  0.004092649716  0.004092649716  0.004915449985  0.000000000000  0.005816789116  0.000815699472  0.001632809281  0.000000000000  0.000000000000  0.002449939576  0.000945038924  0.000815699472  0.001939000738  0.002536490927  0.000815699472  0.000000000000  0.002451334313  0.004915449985  0.001646823478  0.004912162151  0.001647605537  0.003271279480  0.003409779812  0.000000000000  0.000000000000  0.000815699472  0.001632809281  
piranga_rubra_sdsu2635 0.000831295483  0.002449506703  0.000815699472  0.003271279480  0.003271279480  0.004092649716  0.000000000000  0.004981494130  0.000000000000  0.000815699472  0.000000000000  0.000000000000  0.001632041209  0.000945038924  0.000000000000  0.001939000738  0.002536490927  0.000000000000  0.000000000000  0.001632809281  0.004092649716  0.000822938580  0.004089995109  0.000823084761  0.002451334313  0.003409779812  0.000000000000  0.000815699472  0.000000000000  0.000815699472  
piranga_bidentata_itm141 0.001664055799  0.003268195150  0.001632809281  0.004092649716  0.004092649716  0.004915449985  0.000000000000  0.005816789116  0.000815699472  0.000000000000  0.000000000000  0.000000000000  0.002449939576  0.000945038924  0.000815699472  0.001939000738  0.003384332336  0.000815699472  0.000000000000  0.000815699472  0.004915449985  0.001646823478  0.004912162151  0.001647605537  0.003271279480  0.003409779812  0.000000000000  0.001632809281  0.000815699472  0.000000000000  

