30
piranga_rubra_ku26592 0.000000000000  0.002896354272  0.000963457004  0.005133390214  0.004830845263  0.007763888472  0.001050498511  0.005810782865  0.001928905678  0.001927762972  0.001927762972  0.003236998451  0.000963457004  0.003247510681  0.000973777124  0.002965057350  0.000963457004  0.000963457004  0.001314183227  0.001928905678  0.004829684169  0.001928905678  0.005802488724  0.003061897159  0.003087938984  0.004750440323  0.002143950932  0.002896354272  0.000963457004  0.001927762972  
piranga_flava_ku90809 0.002896354272  0.000000000000  0.002799068831  0.006944214138  0.007490560396  0.009396216563  0.000000000000  0.007501788904  0.003781748353  0.003733049058  0.003733049058  0.002155504191  0.002799068831  0.005221184804  0.002828094365  0.000000000000  0.002799068831  0.002799068831  0.000000000000  0.003735832179  0.005605322699  0.000931160212  0.007490560396  0.004967031167  0.005078862522  0.003162198209  0.001070745212  0.004674478254  0.002799068831  0.003733049058  
piranga_ludoviciana_sdsu2385 0.000963457004  0.002799068831  0.000000000000  0.003956705050  0.004668465389  0.006557448965  0.000000000000  0.004674478254  0.000942570104  0.000930945705  0.000930945705  0.002155504191  0.000000000000  0.002081474711  0.000000000000  0.002927443724  0.000000000000  0.000000000000  0.000000000000  0.000931160212  0.003731319689  0.001864180673  0.004668465389  0.001980477845  0.002025374081  0.003162198209  0.001070745212  0.001864180673  0.000000000000  0.000930945705  
piranga_rubriceps_lsu265 0.005133390214  0.006944214138  0.003956705050  0.000000000000  0.005954963948  0.010957521596  0.002156399683  0.008946556956  0.005014968033  0.004949200075  0.004949200075  0.004317279328  0.003956705050  0.006262797655  0.004000231470  0.007106360242  0.003956705050  0.003956705050  0.001313755955  0.004950419526  0.004953081365  0.005946252870  0.000987235999  0.005987792362  0.005078862522  0.003165276211  0.003305706420  0.005946252870  0.003956705050  0.004949200075  
piranga_leucoptera_lsu7783 0.004830845263  0.007490560396  0.004668465389  0.005954963948  0.000000000000  0.011280078017  0.003156161405  0.009381475660  0.005676231865  0.005605322699  0.005605322699  0.005402649399  0.004668465389  0.007314274958  0.004716911276  0.006849089697  0.004668465389  0.004668465389  0.003949857502  0.005607270230  0.002797145345  0.006547966021  0.006557448965  0.006958019473  0.005078862522  0.003165276211  0.004294105627  0.006547966021  0.004668465389  0.005605322699  
cardinalis_cardinalis_ku25393 0.007763888472  0.009396216563  0.006557448965  0.010957521596  0.011280078017  0.000000000000  0.006338729702  0.001864180673  0.007594369373  0.007495532463  0.007495532463  0.007588194856  0.006557448965  0.009440570890  0.004723049810  0.009830362493  0.006557448965  0.006557448965  0.005279067688  0.007501788904  0.010323494974  0.008448042181  0.011280078017  0.006968729965  0.009181485948  0.009547833217  0.006461606761  0.008448042181  0.006557448965  0.007495532463  
piranga_olivacea_ku2699 0.001050498511  0.000000000000  0.000000000000  0.002156399683  0.003156161405  0.006338729702  0.000000000000  0.005276282274  0.000000000000  0.001050225499  0.001050225499  0.002232498904  0.000000000000  0.001140343216  0.000000000000  0.000000000000  0.000000000000  0.000000000000  0.000000000000  0.001050498511  0.002102006439  0.000000000000  0.003156161405  0.002146251665  0.002165740095  0.003162198209  0.001071892937  0.001050498511  0.000000000000  0.001050225499  
cardinalis_cardinalis_ku21828 0.005810782865  0.007501788904  0.004674478254  0.008946556956  0.009381475660  0.001864180673  0.005276282274  0.000000000000  0.005684168307  0.005610501857  0.005610501857  0.005407529299  0.004674478254  0.007326112851  0.002828094365  0.007847666988  0.004674478254  0.004674478254  0.005279067688  0.005615014640  0.008430502387  0.006557448965  0.009381475660  0.004967031167  0.007125669311  0.009547833217  0.005378444877  0.006557448965  0.004674478254  0.005610501857  
piranga_rubra_ku7046 0.001928905678  0.003781748353  0.000942570104  0.005014968033  0.005676231865  0.007594369373  0.000000000000  0.005684168307  0.000000000000  0.001885952736  0.001885952736  0.002155504191  0.000942570104  0.003168619409  0.000952445319  0.003907350294  0.000942570104  0.000942570104  0.000000000000  0.001887046373  0.004724716823  0.002833436532  0.005676231865  0.002991668849  0.003040986951  0.003162198209  0.001070745212  0.002833436532  0.000942570104  0.001885952736  
piranga_bidentata_hgoslp104 0.001927762972  0.003733049058  0.000930945705  0.004949200075  0.005605322699  0.007495532463  0.001050225499  0.005610501857  0.001885952736  0.000000000000  0.001863320928  0.003234425795  0.000930945705  0.003123302492  0.000940577602  0.003904305677  0.000930945705  0.000930945705  0.001313755955  0.001863113385  0.004667582569  0.002797145345  0.005605322699  0.002971703782  0.003040221931  0.003162198209  0.002142539157  0.002797145345  0.000930945705  0.000000000000  
piranga_ludoviciana_sdsu2648 0.001927762972  0.003733049058  0.000930945705  0.004949200075  0.005605322699  0.007495532463  0.001050225499  0.005610501857  0.001885952736  0.001863320928  0.000000000000  0.003234425795  0.000930945705  0.003123302492  0.000940577602  0.003904305677  0.000930945705  0.000930945705  0.001313755955  0.001863113385  0.004667582569  0.002797145345  0.005605322699  0.002971703782  0.003040221931  0.004748570136  0.002142539157  0.002797145345  0.000930945705  0.001863320928  
piranga_roseogularis_ku2049 0.003236998451  0.002155504191  0.002155504191  0.004317279328  0.005402649399  0.007588194856  0.002232498904  0.005407529299  0.002155504191  0.003234425795  0.003234425795  0.000000000000  0.002155504191  0.004416420452  0.001089408890  0.002155504191  0.002155504191  0.002155504191  0.002632074895  0.003236998451  0.004317279328  0.002155504191  0.005402649399  0.000000000000  0.004317279328  0.004750440323  0.003425501057  0.004321002928  0.002155504191  0.003234425795  
piranga_hepatica_ku4970 0.000963457004  0.002799068831  0.000000000000  0.003956705050  0.004668465389  0.006557448965  0.000000000000  0.004674478254  0.000942570104  0.000930945705  0.000930945705  0.002155504191  0.000000000000  0.002081474711  0.000000000000  0.002927443724  0.000000000000  0.000000000000  0.000000000000  0.000931160212  0.003731319689  0.001864180673  0.004668465389  0.001980477845  0.002025374081  0.003162198209  0.001070745212  0.001864180673  0.000000000000  0.000930945705  
piranga_hepatica_ku9084 0.003247510681  0.005221184804  0.002081474711  0.006262797655  0.007314274958  0.009440570890  0.001140343216  0.007326112851  0.003168619409  0.003123302492  0.003123302492  0.004416420452  0.002081474711  0.000000000000  0.002105579661  0.005349671647  0.002081474711  0.002081474711  0.000000000000  0.003125701231  0.006260366562  0.004172267758  0.007314274958  0.004202955713  0.004262077275  0.003162198209  0.001165597675  0.004172267758  0.002081474711  0.003123302492  
piranga_rubra_sdsu2654 0.000973777124  0.002828094365  0.000000000000  0.004000231470  0.004716911276  0.004723049810  0.000000000000  0.002828094365  0.000952445319  0.000940577602  0.000940577602  0.001089408890  0.000000000000  0.002105579661  0.000000000000  0.002959207849  0.000000000000  0.000000000000  0.000000000000  0.000940796570  0.003770004294  0.001883492132  0.004716911276  0.001000070983  0.001023356609  0.001607261519  0.001083506977  0.001883492132  0.000000000000  0.000940577602  
piranga_flava_lsu15408 0.002965057350  0.000000000000  0.002927443724  0.007106360242  0.006849089697  0.009830362493  0.000000000000  0.007847666988  0.003907350294  0.003904305677  0.003904305677  0.002155504191  0.002927443724  0.005349671647  0.002959207849  0.000000000000  0.002927443724  0.002927443724  0.000000000000  0.003907350294  0.005862748153  0.000973777124  0.007835378594  0.005047255537  0.005089201554  0.003162198209  0.001070745212  0.004889317195  0.002927443724  0.003904305677  
piranga_lutea_lsu5400 0.000963457004  0.002799068831  0.000000000000  0.003956705050  0.004668465389  0.006557448965  0.000000000000  0.004674478254  0.000942570104  0.000930945705  0.000930945705  0.002155504191  0.000000000000  0.002081474711  0.000000000000  0.002927443724  0.000000000000  0.000000000000  0.000000000000  0.000931160212  0.003731319689  0.001864180673  0.004668465389  0.001980477845  0.002025374081  0.003162198209  0.001070745212  0.001864180673  0.000000000000  0.000930945705  
piranga_olivacea_ku4672 0.000963457004  0.002799068831  0.000000000000  0.003956705050  0.004668465389  0.006557448965  0.000000000000  0.004674478254  0.000942570104  0.000930945705  0.000930945705  0.002155504191  0.000000000000  0.002081474711  0.000000000000  0.002927443724  0.000000000000  0.000000000000  0.000000000000  0.000931160212  0.003731319689  0.001864180673  0.004668465389  0.001980477845  0.002025374081  0.003162198209  0.001070745212  0.001864180673  0.000000000000  0.000930945705  
piranga_ludoviciana_sdsu2208 0.001314183227  0.000000000000  0.000000000000  0.001313755955  0.003949857502  0.005279067688  0.000000000000  0.005279067688  0.000000000000  0.001313755955  0.001313755955  0.002632074895  0.000000000000  0.000000000000  0.000000000000  0.000000000000  0.000000000000  0.000000000000  0.000000000000  0.001314183227  0.002629946830  0.000000000000  0.002629946830  0.002632074895  0.002629946830  0.003162198209  0.000000000000  0.001314183227  0.000000000000  0.001313755955  
piranga_bidentata_itm160 0.001928905678  0.003735832179  0.000931160212  0.004950419526  0.005607270230  0.007501788904  0.001050498511  0.005615014640  0.001887046373  0.001863113385  0.001863113385  0.003236998451  0.000931160212  0.003125701231  0.000940796570  0.003907350294  0.000931160212  0.000931160212  0.001314183227  0.000000000000  0.004667381242  0.002799068831  0.005607270230  0.002973875089  0.003040986951  0.004750440323  0.002143950932  0.002799068831  0.000931160212  0.001863113385  
piranga_leucoptera_fmnh481795 0.004829684169  0.005605322699  0.003731319689  0.004953081365  0.002797145345  0.010323494974  0.002102006439  0.008430502387  0.004724716823  0.004667582569  0.004667582569  0.004317279328  0.003731319689  0.006260366562  0.003770004294  0.005862748153  0.003731319689  0.003731319689  0.002629946830  0.004667381242  0.000000000000  0.004667381242  0.005610501857  0.005955862771  0.004057033420  0.001579956543  0.003217083382  0.005605322699  0.003731319689  0.004667582569  
piranga_lutea_ku89864 0.001928905678  0.000931160212  0.001864180673  0.005946252870  0.006547966021  0.008448042181  0.000000000000  0.006557448965  0.002833436532  0.002797145345  0.002797145345  0.002155504191  0.001864180673  0.004172267758  0.001883492132  0.000973777124  0.001864180673  0.001864180673  0.000000000000  0.002799068831  0.004667381242  0.000000000000  0.006547966021  0.003969389848  0.004058813208  0.003162198209  0.001070745212  0.003735832179  0.001864180673  0.002797145345  
piranga_rubriceps_lsu34818 0.005802488724  0.007490560396  0.004668465389  0.000987235999  0.006557448965  0.011280078017  0.003156161405  0.009381475660  0.005676231865  0.005605322699  0.005605322699  0.005402649399  0.004668465389  0.007314274958  0.004716911276  0.007835378594  0.004668465389  0.004668465389  0.002629946830  0.005607270230  0.005610501857  0.006547966021  0.000000000000  0.006958019473  0.006101144624  0.004755995538  0.004294105627  0.006547966021  0.004668465389  0.005605322699  
piranga_roseogularis_ku2141 0.003061897159  0.004967031167  0.001980477845  0.005987792362  0.006958019473  0.006968729965  0.002146251665  0.004967031167  0.002991668849  0.002971703782  0.002971703782  0.000000000000  0.001980477845  0.004202955713  0.001000070983  0.005047255537  0.001980477845  0.001980477845  0.002632074895  0.002973875089  0.005955862771  0.003969389848  0.006958019473  0.000000000000  0.004058813208  0.004750440323  0.003290251361  0.003969389848  0.001980477845  0.002971703782  
piranga_erythrocephala_fmnh343371 0.003087938984  0.005078862522  0.002025374081  0.005078862522  0.005078862522  0.009181485948  0.002165740095  0.007125669311  0.003040986951  0.003040221931  0.003040221931  0.004317279328  0.002025374081  0.004262077275  0.001023356609  0.005089201554  0.002025374081  0.002025374081  0.002629946830  0.003040986951  0.004057033420  0.004058813208  0.006101144624  0.004058813208  0.000000000000  0.000000000000  0.003320341229  0.004058813208  0.002025374081  0.003040221931  
piranga_erythrocephala_fmnh343370 0.004750440323  0.003162198209  0.003162198209  0.003165276211  0.003165276211  0.009547833217  0.003162198209  0.009547833217  0.003162198209  0.003162198209  0.004748570136  0.004750440323  0.003162198209  0.003162198209  0.001607261519  0.003162198209  0.003162198209  0.003162198209  0.003162198209  0.004750440323  0.001579956543  0.003162198209  0.004755995538  0.004750440323  0.000000000000  0.000000000000  0.003162198209  0.004750440323  0.003162198209  0.003162198209  
piranga_ludoviciana_sdsu2650 0.002143950932  0.001070745212  0.001070745212  0.003305706420  0.004294105627  0.006461606761  0.001071892937  0.005378444877  0.001070745212  0.002142539157  0.002142539157  0.003425501057  0.001070745212  0.001165597675  0.001083506977  0.001070745212  0.001070745212  0.001070745212  0.000000000000  0.002143950932  0.003217083382  0.001070745212  0.004294105627  0.003290251361  0.003320341229  0.003162198209  0.000000000000  0.002143950932  0.001070745212  0.002142539157  
piranga_bidentata_tepe59 0.002896354272  0.004674478254  0.001864180673  0.005946252870  0.006547966021  0.008448042181  0.001050498511  0.006557448965  0.002833436532  0.002797145345  0.002797145345  0.004321002928  0.001864180673  0.004172267758  0.001883492132  0.004889317195  0.001864180673  0.001864180673  0.001314183227  0.002799068831  0.005605322699  0.003735832179  0.006547966021  0.003969389848  0.004058813208  0.004750440323  0.002143950932  0.000000000000  0.001864180673  0.002797145345  
piranga_rubra_sdsu2635 0.000963457004  0.002799068831  0.000000000000  0.003956705050  0.004668465389  0.006557448965  0.000000000000  0.004674478254  0.000942570104  0.000930945705  0.000930945705  0.002155504191  0.000000000000  0.002081474711  0.000000000000  0.002927443724  0.000000000000  0.000000000000  0.000000000000  0.000931160212  0.003731319689  0.001864180673  0.004668465389  0.001980477845  0.002025374081  0.003162198209  0.001070745212  0.001864180673  0.000000000000  0.000930945705  
piranga_bidentata_itm141 0.001927762972  0.003733049058  0.000930945705  0.004949200075  0.005605322699  0.007495532463  0.001050225499  0.005610501857  0.001885952736  0.000000000000  0.001863320928  0.003234425795  0.000930945705  0.003123302492  0.000940577602  0.003904305677  0.000930945705  0.000930945705  0.001313755955  0.001863113385  0.004667582569  0.002797145345  0.005605322699  0.002971703782  0.003040221931  0.003162198209  0.002142539157  0.002797145345  0.000930945705  0.000000000000  

