30
piranga_rubra_ku26592 0.000000000000  0.002350527164  0.003526180701  0.007071877866  0.009435030790  0.007066598858  0.004700595857  0.008372549519  0.001172419641  0.002346098960  0.001291689978  0.000000000000  0.001175175239  0.000000000000  0.001172419641  0.002774415192  0.001189149841  0.004700595857  0.000000000000  0.001173461538  0.008249667173  0.002430509020  0.004706126282  0.001172419641  0.006000389128  0.000000000000  0.000000000000  0.002346098960  0.002347767912  0.001172086139  
piranga_flava_ku90809 0.002350527164  0.000000000000  0.004678603531  0.007038693002  0.009390729059  0.008215327508  0.005854560240  0.009534611946  0.001172419641  0.003506576546  0.002572417195  0.001404618993  0.001168310388  0.001362515043  0.001172419641  0.004139030492  0.001183520306  0.005854560240  0.001390942770  0.002335141999  0.008210959312  0.002415829748  0.004684082297  0.001166947031  0.005971722807  0.000000000000  0.000000000000  0.003506576546  0.002347767912  0.002337871634  
piranga_ludoviciana_sdsu2385 0.003526180701  0.004678603531  0.000000000000  0.009400065721  0.011757128613  0.010575835650  0.005854560240  0.011932386663  0.003522040907  0.001166616636  0.001285451334  0.000000000000  0.003509679644  0.000000000000  0.003522040907  0.002755304242  0.003555434007  0.005854560240  0.000000000000  0.002335141999  0.010572782237  0.003625223444  0.007037678379  0.003505578482  0.008375211437  0.000000000000  0.000000000000  0.001166616636  0.004700595857  0.002337871634  
piranga_rubriceps_lsu265 0.007071877866  0.007038693002  0.009400065721  0.000000000000  0.003509559517  0.011763934677  0.010572782237  0.013140764976  0.005880419988  0.008208599869  0.006457621712  0.000000000000  0.005866620622  0.000000000000  0.005880419988  0.002755304242  0.005943329088  0.010572782237  0.000000000000  0.007037678379  0.004680934798  0.007277749508  0.002335141999  0.005852885869  0.002382430214  0.000000000000  0.000000000000  0.008208599869  0.007063552349  0.007037678379  
piranga_leucoptera_lsu7783 0.009435030790  0.009390729059  0.011757128613  0.003509559517  0.000000000000  0.012939801020  0.012930277753  0.014335108497  0.008237579815  0.010560376127  0.006449691164  0.000000000000  0.008218237168  0.000000000000  0.008237579815  0.002755304242  0.008325760554  0.012930277753  0.000000000000  0.009389033351  0.003502482625  0.007267850088  0.003506576546  0.008198985146  0.003573405685  0.000000000000  0.000000000000  0.010560376127  0.009423916216  0.009389033351  
cardinalis_cardinalis_ku25393 0.007066598858  0.008215327508  0.010575835650  0.011763934677  0.012939801020  0.000000000000  0.011750111454  0.001182121241  0.005875198436  0.009383423240  0.007747632813  0.004216238427  0.007041718021  0.004095368506  0.005875198436  0.006910867434  0.007133815535  0.011750111454  0.004180982221  0.008210959312  0.011756538200  0.007272159483  0.009394442492  0.007025227907  0.009574337761  0.001631489711  0.001605299390  0.009383423240  0.007058285732  0.008210959312  
piranga_olivacea_ku2699 0.004700595857  0.005854560240  0.005854560240  0.010572782237  0.012930277753  0.011750111454  0.000000000000  0.013125084847  0.004695078415  0.004675463376  0.000000000000  0.000000000000  0.004684082297  0.000000000000  0.004695078415  0.002755304242  0.004745206663  0.002334068257  0.000000000000  0.003506576546  0.009378026846  0.002414062598  0.008208599869  0.004673137567  0.008365560889  0.000000000000  0.000000000000  0.004675463376  0.005875198436  0.003506576546  
cardinalis_cardinalis_ku21828 0.008372549519  0.009534611946  0.011932386663  0.013140764976  0.014335108497  0.001182121241  0.013125084847  0.000000000000  0.007159352642  0.010719541715  0.009049565861  0.005629608418  0.008342613641  0.005467997774  0.007159352642  0.008305026477  0.008453439018  0.013125084847  0.005582467302  0.009528721099  0.013133109236  0.008494472747  0.010732324963  0.008322775036  0.010783764309  0.001631489711  0.003216094334  0.010719541715  0.008362547050  0.009528721099  
piranga_rubra_ku7046 0.001172419641  0.001172419641  0.003522040907  0.005880419988  0.008237579815  0.005875198436  0.004695078415  0.007159352642  0.000000000000  0.002343350092  0.001291689978  0.000000000000  0.000000000000  0.000000000000  0.000000000000  0.002770571823  0.000000000000  0.004695078415  0.000000000000  0.001172086139  0.007055246412  0.001212213917  0.003522040907  0.000000000000  0.004790318388  0.000000000000  0.000000000000  0.002343350092  0.001171046682  0.001172086139  
piranga_bidentata_hgoslp104 0.002346098960  0.003506576546  0.001166616636  0.008208599869  0.010560376127  0.009383423240  0.004675463376  0.010719541715  0.002343350092  0.000000000000  0.001285451334  0.000000000000  0.002337871634  0.000000000000  0.002343350092  0.002755304242  0.002368324279  0.004675463376  0.000000000000  0.001166947031  0.009379718556  0.003625223444  0.005852885869  0.002332418732  0.007163719421  0.000000000000  0.000000000000  0.000000000000  0.003518915936  0.001166947031  
piranga_ludoviciana_sdsu2648 0.001291689978  0.002572417195  0.001285451334  0.006457621712  0.006449691164  0.007747632813  0.000000000000  0.009049565861  0.001291689978  0.001285451334  0.000000000000  0.000000000000  0.001286703908  0.000000000000  0.001291689978  0.002759105340  0.001303475791  0.001285451334  0.000000000000  0.000000000000  0.005154524336  0.001285050428  0.003867082325  0.001285050428  0.005154524336  0.000000000000  0.000000000000  0.001285451334  0.002585720317  0.000000000000  
piranga_roseogularis_ku2049 0.000000000000  0.001404618993  0.000000000000  0.000000000000  0.000000000000  0.004216238427  0.000000000000  0.005629608418  0.000000000000  0.000000000000  0.000000000000  0.000000000000  0.000000000000  0.000000000000  0.000000000000  0.002813443610  0.000000000000  0.001402648804  0.000000000000  0.000000000000  0.000000000000  0.000000000000  0.000000000000  0.000000000000  0.000000000000  0.000000000000  0.000000000000  0.000000000000  0.001410562908  0.000000000000  
piranga_hepatica_ku4970 0.001175175239  0.001168310388  0.003509679644  0.005866620622  0.008218237168  0.007041718021  0.004684082297  0.008342613641  0.000000000000  0.002337871634  0.001286703908  0.000000000000  0.000000000000  0.000000000000  0.000000000000  0.002759105340  0.000000000000  0.004684082297  0.000000000000  0.001167979221  0.007038693002  0.001207821501  0.003513790413  0.000000000000  0.004778872179  0.000000000000  0.000000000000  0.002337871634  0.001173795823  0.001169344992  
piranga_hepatica_ku9084 0.000000000000  0.001362515043  0.000000000000  0.000000000000  0.000000000000  0.004095368506  0.000000000000  0.005467997774  0.000000000000  0.000000000000  0.000000000000  0.000000000000  0.000000000000  0.000000000000  0.000000000000  0.002766739087  0.000000000000  0.001362515043  0.000000000000  0.000000000000  0.000000000000  0.000000000000  0.000000000000  0.000000000000  0.000000000000  0.000000000000  0.000000000000  0.000000000000  0.001369981530  0.000000000000  
piranga_rubra_sdsu2654 0.001172419641  0.001172419641  0.003522040907  0.005880419988  0.008237579815  0.005875198436  0.004695078415  0.007159352642  0.000000000000  0.002343350092  0.001291689978  0.000000000000  0.000000000000  0.000000000000  0.000000000000  0.002770571823  0.000000000000  0.004695078415  0.000000000000  0.001172086139  0.007055246412  0.001212213917  0.003522040907  0.000000000000  0.004790318388  0.000000000000  0.000000000000  0.002343350092  0.001171046682  0.001172086139  
piranga_flava_lsu15408 0.002774415192  0.004139030492  0.002755304242  0.002755304242  0.002755304242  0.006910867434  0.002755304242  0.008305026477  0.002770571823  0.002755304242  0.002759105340  0.002813443610  0.002759105340  0.002766739087  0.002770571823  0.000000000000  0.002801620274  0.004139030492  0.002874089459  0.002755304242  0.002755304242  0.002755304242  0.002755304242  0.002755304242  0.002755304242  0.003274006896  0.003216094334  0.002755304242  0.004161999499  0.002759105340  
piranga_lutea_lsu5400 0.001189149841  0.001183520306  0.003555434007  0.005943329088  0.008325760554  0.007133815535  0.004745206663  0.008453439018  0.000000000000  0.002368324279  0.001303475791  0.000000000000  0.000000000000  0.000000000000  0.000000000000  0.002801620274  0.000000000000  0.004745206663  0.000000000000  0.001183180460  0.007130710587  0.001224084745  0.003559652721  0.000000000000  0.004842512263  0.000000000000  0.000000000000  0.002368324279  0.001189149841  0.001183180460  
piranga_olivacea_ku4672 0.004700595857  0.005854560240  0.005854560240  0.010572782237  0.012930277753  0.011750111454  0.002334068257  0.013125084847  0.004695078415  0.004675463376  0.001285451334  0.001402648804  0.004684082297  0.001362515043  0.004695078415  0.004139030492  0.004745206663  0.000000000000  0.001390942770  0.003506576546  0.011745703919  0.004839509923  0.008208599869  0.004673137567  0.008365560889  0.000000000000  0.001605299390  0.004675463376  0.005875198436  0.003506576546  
piranga_ludoviciana_sdsu2208 0.000000000000  0.001390942770  0.000000000000  0.000000000000  0.000000000000  0.004180982221  0.000000000000  0.005582467302  0.000000000000  0.000000000000  0.000000000000  0.000000000000  0.000000000000  0.000000000000  0.000000000000  0.002874089459  0.000000000000  0.001390942770  0.000000000000  0.000000000000  0.000000000000  0.000000000000  0.000000000000  0.000000000000  0.000000000000  0.000000000000  0.000000000000  0.000000000000  0.001398724962  0.000000000000  
piranga_bidentata_itm160 0.001173461538  0.002335141999  0.002335141999  0.007037678379  0.009389033351  0.008210959312  0.003506576546  0.009528721099  0.001172086139  0.001166947031  0.000000000000  0.000000000000  0.001167979221  0.000000000000  0.001172086139  0.002755304242  0.001183180460  0.003506576546  0.000000000000  0.000000000000  0.008208599869  0.002414062598  0.004683743966  0.001166616636  0.005972064580  0.000000000000  0.000000000000  0.001166947031  0.002346098960  0.000000000000  
piranga_leucoptera_fmnh481795 0.008249667173  0.008210959312  0.010572782237  0.004680934798  0.003502482625  0.011756538200  0.009378026846  0.013133109236  0.007055246412  0.009379718556  0.005154524336  0.000000000000  0.007038693002  0.000000000000  0.007055246412  0.002755304242  0.007130710587  0.011745703919  0.000000000000  0.008208599869  0.000000000000  0.004836656845  0.002336795383  0.007022217088  0.002381312598  0.000000000000  0.000000000000  0.009379718556  0.008239956033  0.008208599869  
piranga_lutea_ku89864 0.002430509020  0.002415829748  0.003625223444  0.007277749508  0.007267850088  0.007272159483  0.002414062598  0.008494472747  0.001212213917  0.003625223444  0.001285050428  0.000000000000  0.001207821501  0.000000000000  0.001212213917  0.002755304242  0.001224084745  0.004839509923  0.000000000000  0.002414062598  0.004836656845  0.000000000000  0.004842873994  0.001206364427  0.006051223043  0.000000000000  0.000000000000  0.003625223444  0.002427558912  0.002416979972  
piranga_rubriceps_lsu34818 0.004706126282  0.004684082297  0.007037678379  0.002335141999  0.003506576546  0.009394442492  0.008208599869  0.010732324963  0.003522040907  0.005852885869  0.003867082325  0.000000000000  0.003513790413  0.000000000000  0.003522040907  0.002755304242  0.003559652721  0.008208599869  0.000000000000  0.004683743966  0.002336795383  0.004842873994  0.000000000000  0.003505578482  0.000000000000  0.000000000000  0.000000000000  0.005852885869  0.004700595857  0.004683743966  
piranga_roseogularis_ku2141 0.001172419641  0.001166947031  0.003505578482  0.005852885869  0.008198985146  0.007025227907  0.004673137567  0.008322775036  0.000000000000  0.002332418732  0.001285050428  0.000000000000  0.000000000000  0.000000000000  0.000000000000  0.002755304242  0.000000000000  0.004673137567  0.000000000000  0.001166616636  0.007022217088  0.001206364427  0.003505578482  0.000000000000  0.004767480539  0.000000000000  0.000000000000  0.002329701809  0.001171046682  0.001166616636  
piranga_erythrocephala_fmnh343371 0.006000389128  0.005971722807  0.008375211437  0.002382430214  0.003573405685  0.009574337761  0.008365560889  0.010783764309  0.004790318388  0.007163719421  0.005154524336  0.000000000000  0.004778872179  0.000000000000  0.004790318388  0.002755304242  0.004842512263  0.008365560889  0.000000000000  0.005972064580  0.002381312598  0.006051223043  0.000000000000  0.004767480539  0.000000000000  0.000000000000  0.000000000000  0.007163719421  0.005993196777  0.005972064580  
piranga_erythrocephala_fmnh343370 0.000000000000  0.000000000000  0.000000000000  0.000000000000  0.000000000000  0.001631489711  0.000000000000  0.001631489711  0.000000000000  0.000000000000  0.000000000000  0.000000000000  0.000000000000  0.000000000000  0.000000000000  0.003274006896  0.000000000000  0.000000000000  0.000000000000  0.000000000000  0.000000000000  0.000000000000  0.000000000000  0.000000000000  0.000000000000  0.000000000000  0.000000000000  0.000000000000  0.001631489711  0.000000000000  
piranga_ludoviciana_sdsu2650 0.000000000000  0.000000000000  0.000000000000  0.000000000000  0.000000000000  0.001605299390  0.000000000000  0.003216094334  0.000000000000  0.000000000000  0.000000000000  0.000000000000  0.000000000000  0.000000000000  0.000000000000  0.003216094334  0.000000000000  0.001605299390  0.000000000000  0.000000000000  0.000000000000  0.000000000000  0.000000000000  0.000000000000  0.000000000000  0.000000000000  0.000000000000  0.000000000000  0.001605299390  0.000000000000  
piranga_bidentata_tepe59 0.002346098960  0.003506576546  0.001166616636  0.008208599869  0.010560376127  0.009383423240  0.004675463376  0.010719541715  0.002343350092  0.000000000000  0.001285451334  0.000000000000  0.002337871634  0.000000000000  0.002343350092  0.002755304242  0.002368324279  0.004675463376  0.000000000000  0.001166947031  0.009379718556  0.003625223444  0.005852885869  0.002329701809  0.007163719421  0.000000000000  0.000000000000  0.000000000000  0.003518915936  0.001166947031  
piranga_rubra_sdsu2635 0.002347767912  0.002347767912  0.004700595857  0.007063552349  0.009423916216  0.007058285732  0.005875198436  0.008362547050  0.001171046682  0.003518915936  0.002585720317  0.001410562908  0.001173795823  0.001369981530  0.001171046682  0.004161999499  0.001189149841  0.005875198436  0.001398724962  0.002346098960  0.008239956033  0.002427558912  0.004700595857  0.001171046682  0.005993196777  0.001631489711  0.001605299390  0.003518915936  0.000000000000  0.002346098960  
piranga_bidentata_itm141 0.001172086139  0.002337871634  0.002337871634  0.007037678379  0.009389033351  0.008210959312  0.003506576546  0.009528721099  0.001172086139  0.001166947031  0.000000000000  0.000000000000  0.001169344992  0.000000000000  0.001172086139  0.002759105340  0.001183180460  0.003506576546  0.000000000000  0.000000000000  0.008208599869  0.002416979972  0.004683743966  0.001166616636  0.005972064580  0.000000000000  0.000000000000  0.001166947031  0.002346098960  0.000000000000  

