30
piranga_rubra_ku26592 0.000000000000  0.002433898715  0.000000000000  0.000000000000  0.002432547545  0.003449905598  0.002432547545  0.009799399274  0.000000000000  0.000000000000  0.000000000000  0.000000000000  0.000000000000  0.000000000000  0.000000000000  0.000000000000  0.002558438659  0.002432547545  0.002578227426  0.000000000000  0.002432547545  0.000000000000  0.000000000000  0.008609671193  0.000000000000  0.000000000000  0.000000000000  0.000000000000  0.000000000000  0.000000000000  
piranga_flava_ku90809 0.002433898715  0.000000000000  0.002445804426  0.002433898715  0.004874495933  0.003449905598  0.004874495933  0.012282662287  0.002817986726  0.002433898715  0.000000000000  0.000000000000  0.002433898715  0.000000000000  0.002433898715  0.000000000000  0.000000000000  0.004874495933  0.005171639903  0.002433898715  0.004874495933  0.000000000000  0.002433898715  0.008609671193  0.002433898715  0.000000000000  0.002433898715  0.002433898715  0.002611897856  0.002433898715  
piranga_ludoviciana_sdsu2385 0.000000000000  0.002445804426  0.000000000000  0.000000000000  0.002444440005  0.003449905598  0.002444440005  0.009847651494  0.000000000000  0.000000000000  0.000000000000  0.000000000000  0.000000000000  0.000000000000  0.000000000000  0.000000000000  0.002558438659  0.002444440005  0.002578227426  0.000000000000  0.002444440005  0.000000000000  0.000000000000  0.008609671193  0.000000000000  0.000000000000  0.000000000000  0.000000000000  0.000000000000  0.000000000000  
piranga_rubriceps_lsu265 0.000000000000  0.002433898715  0.000000000000  0.000000000000  0.002432547545  0.003449905598  0.002432547545  0.009799399274  0.000000000000  0.000000000000  0.000000000000  0.000000000000  0.000000000000  0.000000000000  0.000000000000  0.000000000000  0.002558438659  0.002432547545  0.002578227426  0.000000000000  0.002432547545  0.000000000000  0.000000000000  0.008609671193  0.000000000000  0.000000000000  0.000000000000  0.000000000000  0.000000000000  0.000000000000  
piranga_leucoptera_lsu7783 0.002432547545  0.004874495933  0.002444440005  0.002432547545  0.000000000000  0.006913291826  0.004875890833  0.012267325725  0.002816175463  0.002432547545  0.002856396150  0.004692835222  0.002432547545  0.002716715458  0.002432547545  0.000000000000  0.005124280380  0.004875890833  0.005163973120  0.002432547545  0.000000000000  0.003435348579  0.002432547545  0.008609671193  0.002432547545  0.004217790182  0.002432547545  0.002432547545  0.002610341831  0.002432547545  
cardinalis_cardinalis_ku25393 0.003449905598  0.003449905598  0.003449905598  0.003449905598  0.006913291826  0.000000000000  0.003449905598  0.000000000000  0.004134577014  0.003449905598  0.003449905598  0.004697869058  0.003449905598  0.003449905598  0.003449905598  0.000000000000  0.003624988703  0.003449905598  0.007360446493  0.003449905598  0.006913291826  0.003485984740  0.003449905598  0.008609671193  0.003449905598  0.004221855605  0.003449905598  0.003449905598  0.003449905598  0.003449905598  
piranga_olivacea_ku2699 0.002432547545  0.004874495933  0.002444440005  0.002432547545  0.004875890833  0.003449905598  0.000000000000  0.012267325725  0.002816175463  0.002432547545  0.000000000000  0.000000000000  0.002432547545  0.002716715458  0.002432547545  0.000000000000  0.005124280380  0.000000000000  0.005163973120  0.002432547545  0.004875890833  0.000000000000  0.002432547545  0.008609671193  0.002432547545  0.000000000000  0.002432547545  0.002432547545  0.002610341831  0.002432547545  
cardinalis_cardinalis_ku21828 0.009799399274  0.012282662287  0.009847651494  0.009799399274  0.012267325725  0.000000000000  0.012267325725  0.000000000000  0.011357633906  0.009799399274  0.005735193880  0.004697869058  0.009799399274  0.008206073561  0.009799399274  0.000000000000  0.012917338069  0.012267325725  0.013018241184  0.009799399274  0.012267325725  0.003438044608  0.009799399274  0.008609671193  0.009799399274  0.004221855605  0.009799399274  0.009799399274  0.007882637070  0.009799399274  
piranga_rubra_ku7046 0.000000000000  0.002817986726  0.000000000000  0.000000000000  0.002816175463  0.004134577014  0.002816175463  0.011357633906  0.000000000000  0.000000000000  0.000000000000  0.000000000000  0.000000000000  0.000000000000  0.000000000000  0.000000000000  0.002817986726  0.002816175463  0.000000000000  0.000000000000  0.002816175463  0.000000000000  0.000000000000  0.010240861641  0.000000000000  0.000000000000  0.000000000000  0.000000000000  0.000000000000  0.000000000000  
piranga_bidentata_hgoslp104 0.000000000000  0.002433898715  0.000000000000  0.000000000000  0.002432547545  0.003449905598  0.002432547545  0.009799399274  0.000000000000  0.000000000000  0.000000000000  0.000000000000  0.000000000000  0.000000000000  0.000000000000  0.000000000000  0.002558438659  0.002432547545  0.002578227426  0.000000000000  0.002432547545  0.000000000000  0.000000000000  0.008609671193  0.000000000000  0.000000000000  0.000000000000  0.000000000000  0.000000000000  0.000000000000  
piranga_ludoviciana_sdsu2648 0.000000000000  0.000000000000  0.000000000000  0.000000000000  0.002856396150  0.003449905598  0.000000000000  0.005735193880  0.000000000000  0.000000000000  0.000000000000  0.000000000000  0.000000000000  0.000000000000  0.000000000000  0.000000000000  0.000000000000  0.000000000000  0.003059384129  0.000000000000  0.002856396150  0.000000000000  0.000000000000  0.008609671193  0.000000000000  0.000000000000  0.000000000000  0.000000000000  0.000000000000  0.000000000000  
piranga_roseogularis_ku2049 0.000000000000  0.000000000000  0.000000000000  0.000000000000  0.004692835222  0.004697869058  0.000000000000  0.004697869058  0.000000000000  0.000000000000  0.000000000000  0.000000000000  0.000000000000  0.000000000000  0.000000000000  0.000000000000  0.000000000000  0.000000000000  0.000000000000  0.000000000000  0.004692835222  0.000000000000  0.000000000000  0.010852122111  0.000000000000  0.000000000000  0.000000000000  0.000000000000  0.000000000000  0.000000000000  
piranga_hepatica_ku4970 0.000000000000  0.002433898715  0.000000000000  0.000000000000  0.002432547545  0.003449905598  0.002432547545  0.009799399274  0.000000000000  0.000000000000  0.000000000000  0.000000000000  0.000000000000  0.000000000000  0.000000000000  0.000000000000  0.002558438659  0.002432547545  0.002578227426  0.000000000000  0.002432547545  0.000000000000  0.000000000000  0.008609671193  0.000000000000  0.000000000000  0.000000000000  0.000000000000  0.000000000000  0.000000000000  
piranga_hepatica_ku9084 0.000000000000  0.000000000000  0.000000000000  0.000000000000  0.002716715458  0.003449905598  0.002716715458  0.008206073561  0.000000000000  0.000000000000  0.000000000000  0.000000000000  0.000000000000  0.000000000000  0.000000000000  0.000000000000  0.000000000000  0.002716715458  0.002899700179  0.000000000000  0.002716715458  0.000000000000  0.000000000000  0.008609671193  0.000000000000  0.000000000000  0.000000000000  0.000000000000  0.000000000000  0.000000000000  
piranga_rubra_sdsu2654 0.000000000000  0.002433898715  0.000000000000  0.000000000000  0.002432547545  0.003449905598  0.002432547545  0.009799399274  0.000000000000  0.000000000000  0.000000000000  0.000000000000  0.000000000000  0.000000000000  0.000000000000  0.000000000000  0.002558438659  0.002432547545  0.002578227426  0.000000000000  0.002432547545  0.000000000000  0.000000000000  0.008609671193  0.000000000000  0.000000000000  0.000000000000  0.000000000000  0.000000000000  0.000000000000  
piranga_flava_lsu15408 0.000000000000  0.000000000000  0.000000000000  0.000000000000  0.000000000000  0.000000000000  0.000000000000  0.000000000000  0.000000000000  0.000000000000  0.000000000000  0.000000000000  0.000000000000  0.000000000000  0.000000000000  0.000000000000  0.000000000000  0.000000000000  0.004350424673  0.000000000000  0.000000000000  0.000000000000  0.000000000000  0.008609671193  0.000000000000  0.000000000000  0.000000000000  0.000000000000  0.000000000000  0.000000000000  
piranga_lutea_lsu5400 0.002558438659  0.000000000000  0.002558438659  0.002558438659  0.005124280380  0.003624988703  0.005124280380  0.012917338069  0.002817986726  0.002558438659  0.000000000000  0.000000000000  0.002558438659  0.000000000000  0.002558438659  0.000000000000  0.000000000000  0.005124280380  0.005171639903  0.002558438659  0.005124280380  0.000000000000  0.002558438659  0.008722317808  0.002558438659  0.000000000000  0.002558438659  0.002558438659  0.002733261214  0.002558438659  
piranga_olivacea_ku4672 0.002432547545  0.004874495933  0.002444440005  0.002432547545  0.004875890833  0.003449905598  0.000000000000  0.012267325725  0.002816175463  0.002432547545  0.000000000000  0.000000000000  0.002432547545  0.002716715458  0.002432547545  0.000000000000  0.005124280380  0.000000000000  0.005163973120  0.002432547545  0.004875890833  0.000000000000  0.002432547545  0.008609671193  0.002432547545  0.000000000000  0.002432547545  0.002432547545  0.002610341831  0.002432547545  
piranga_ludoviciana_sdsu2208 0.002578227426  0.005171639903  0.002578227426  0.002578227426  0.005163973120  0.007360446493  0.005163973120  0.013018241184  0.000000000000  0.002578227426  0.003059384129  0.000000000000  0.002578227426  0.002899700179  0.002578227426  0.004350424673  0.005171639903  0.005163973120  0.000000000000  0.002578227426  0.005163973120  0.003705585399  0.002578227426  0.013317492143  0.002578227426  0.004221855605  0.002578227426  0.002578227426  0.002755858732  0.002578227426  
piranga_bidentata_itm160 0.000000000000  0.002433898715  0.000000000000  0.000000000000  0.002432547545  0.003449905598  0.002432547545  0.009799399274  0.000000000000  0.000000000000  0.000000000000  0.000000000000  0.000000000000  0.000000000000  0.000000000000  0.000000000000  0.002558438659  0.002432547545  0.002578227426  0.000000000000  0.002432547545  0.000000000000  0.000000000000  0.008609671193  0.000000000000  0.000000000000  0.000000000000  0.000000000000  0.000000000000  0.000000000000  
piranga_leucoptera_fmnh481795 0.002432547545  0.004874495933  0.002444440005  0.002432547545  0.000000000000  0.006913291826  0.004875890833  0.012267325725  0.002816175463  0.002432547545  0.002856396150  0.004692835222  0.002432547545  0.002716715458  0.002432547545  0.000000000000  0.005124280380  0.004875890833  0.005163973120  0.002432547545  0.000000000000  0.003435348579  0.002432547545  0.008609671193  0.002432547545  0.004217790182  0.002432547545  0.002432547545  0.002610341831  0.002432547545  
piranga_lutea_ku89864 0.000000000000  0.000000000000  0.000000000000  0.000000000000  0.003435348579  0.003485984740  0.000000000000  0.003438044608  0.000000000000  0.000000000000  0.000000000000  0.000000000000  0.000000000000  0.000000000000  0.000000000000  0.000000000000  0.000000000000  0.000000000000  0.003705585399  0.000000000000  0.003435348579  0.000000000000  0.000000000000  0.008609671193  0.000000000000  0.000000000000  0.000000000000  0.000000000000  0.000000000000  0.000000000000  
piranga_rubriceps_lsu34818 0.000000000000  0.002433898715  0.000000000000  0.000000000000  0.002432547545  0.003449905598  0.002432547545  0.009799399274  0.000000000000  0.000000000000  0.000000000000  0.000000000000  0.000000000000  0.000000000000  0.000000000000  0.000000000000  0.002558438659  0.002432547545  0.002578227426  0.000000000000  0.002432547545  0.000000000000  0.000000000000  0.008609671193  0.000000000000  0.000000000000  0.000000000000  0.000000000000  0.000000000000  0.000000000000  
piranga_roseogularis_ku2141 0.008609671193  0.008609671193  0.008609671193  0.008609671193  0.008609671193  0.008609671193  0.008609671193  0.008609671193  0.010240861641  0.008609671193  0.008609671193  0.010852122111  0.008609671193  0.008609671193  0.008609671193  0.008609671193  0.008722317808  0.008609671193  0.013317492143  0.008609671193  0.008609671193  0.008609671193  0.008609671193  0.000000000000  0.008609671193  0.009555825166  0.008609671193  0.008609671193  0.008609671193  0.008609671193  
piranga_erythrocephala_fmnh343371 0.000000000000  0.002433898715  0.000000000000  0.000000000000  0.002432547545  0.003449905598  0.002432547545  0.009799399274  0.000000000000  0.000000000000  0.000000000000  0.000000000000  0.000000000000  0.000000000000  0.000000000000  0.000000000000  0.002558438659  0.002432547545  0.002578227426  0.000000000000  0.002432547545  0.000000000000  0.000000000000  0.008609671193  0.000000000000  0.000000000000  0.000000000000  0.000000000000  0.000000000000  0.000000000000  
piranga_erythrocephala_fmnh343370 0.000000000000  0.000000000000  0.000000000000  0.000000000000  0.004217790182  0.004221855605  0.000000000000  0.004221855605  0.000000000000  0.000000000000  0.000000000000  0.000000000000  0.000000000000  0.000000000000  0.000000000000  0.000000000000  0.000000000000  0.000000000000  0.004221855605  0.000000000000  0.004217790182  0.000000000000  0.000000000000  0.009555825166  0.000000000000  0.000000000000  0.000000000000  0.000000000000  0.000000000000  0.000000000000  
piranga_ludoviciana_sdsu2650 0.000000000000  0.002433898715  0.000000000000  0.000000000000  0.002432547545  0.003449905598  0.002432547545  0.009799399274  0.000000000000  0.000000000000  0.000000000000  0.000000000000  0.000000000000  0.000000000000  0.000000000000  0.000000000000  0.002558438659  0.002432547545  0.002578227426  0.000000000000  0.002432547545  0.000000000000  0.000000000000  0.008609671193  0.000000000000  0.000000000000  0.000000000000  0.000000000000  0.000000000000  0.000000000000  
piranga_bidentata_tepe59 0.000000000000  0.002433898715  0.000000000000  0.000000000000  0.002432547545  0.003449905598  0.002432547545  0.009799399274  0.000000000000  0.000000000000  0.000000000000  0.000000000000  0.000000000000  0.000000000000  0.000000000000  0.000000000000  0.002558438659  0.002432547545  0.002578227426  0.000000000000  0.002432547545  0.000000000000  0.000000000000  0.008609671193  0.000000000000  0.000000000000  0.000000000000  0.000000000000  0.000000000000  0.000000000000  
piranga_rubra_sdsu2635 0.000000000000  0.002611897856  0.000000000000  0.000000000000  0.002610341831  0.003449905598  0.002610341831  0.007882637070  0.000000000000  0.000000000000  0.000000000000  0.000000000000  0.000000000000  0.000000000000  0.000000000000  0.000000000000  0.002733261214  0.002610341831  0.002755858732  0.000000000000  0.002610341831  0.000000000000  0.000000000000  0.008609671193  0.000000000000  0.000000000000  0.000000000000  0.000000000000  0.000000000000  0.000000000000  
piranga_bidentata_itm141 0.000000000000  0.002433898715  0.000000000000  0.000000000000  0.002432547545  0.003449905598  0.002432547545  0.009799399274  0.000000000000  0.000000000000  0.000000000000  0.000000000000  0.000000000000  0.000000000000  0.000000000000  0.000000000000  0.002558438659  0.002432547545  0.002578227426  0.000000000000  0.002432547545  0.000000000000  0.000000000000  0.008609671193  0.000000000000  0.000000000000  0.000000000000  0.000000000000  0.000000000000  0.000000000000  

