30
piranga_rubra_ku26592 0.000000000000  0.011411007476  0.011411007476  0.005676388551  0.009488442223  0.014122908570  0.005676388551  0.011411007476  0.001984770150  0.005676388551  0.005993950686  0.004204583624  0.007574432007  0.010956284965  0.007574432007  0.018473448137  0.009488442223  0.008321741311  0.009649414917  0.009502696125  0.007585287684  0.009690739759  0.005676388551  0.009728451546  0.007585287684  0.008468565156  0.006985834143  0.007585287684  0.002428148188  0.004698465272  
piranga_flava_ku90809 0.011411007476  0.000000000000  0.015690965983  0.010391472474  0.008643417631  0.009099608777  0.008666133915  0.015690965983  0.012781825804  0.010409501482  0.008010640410  0.004204583624  0.003450226805  0.002393280657  0.015690965983  0.003022643733  0.005185774222  0.004851380313  0.013548815934  0.013933266337  0.011053612332  0.005797046735  0.010391472474  0.011700299978  0.012160073096  0.012505070838  0.009334829720  0.010420093796  0.008712875819  0.008429860253  
piranga_ludoviciana_sdsu2385 0.011411007476  0.015690965983  0.000000000000  0.012158494642  0.013921104027  0.018400366290  0.006914369752  0.017454373965  0.014620862448  0.005179525802  0.005985601329  0.004204583624  0.012158494642  0.012056616222  0.013913153008  0.018439978634  0.013921104027  0.009744160208  0.009634717133  0.005179525802  0.011074014681  0.013611094168  0.012158494642  0.013664236402  0.013933266337  0.008314430531  0.006985834143  0.005177396628  0.008705049572  0.004199438372  
piranga_rubriceps_lsu265 0.005676388551  0.010391472474  0.012158494642  0.000000000000  0.005168476818  0.012790330253  0.005179525802  0.012158494642  0.009091608522  0.006914369752  0.003986672127  0.004204583624  0.006914369752  0.009626899645  0.012158494642  0.015293082302  0.008658385589  0.007295694424  0.007702136603  0.010409501482  0.001822035417  0.007735565005  0.000000000000  0.007765601348  0.005170598638  0.002062550373  0.009334829720  0.006919297125  0.006518873248  0.006309931536  
piranga_leucoptera_lsu7783 0.009488442223  0.008643417631  0.013921104027  0.005168476818  0.000000000000  0.010941011048  0.006919297125  0.013921104027  0.010932759777  0.008658385589  0.007998532148  0.008429860253  0.005177396628  0.007203913283  0.013921104027  0.015268828002  0.006914369752  0.009753978202  0.011587314402  0.012167775478  0.005492460599  0.007729401724  0.005168476818  0.011686933754  0.006907348408  0.006208576544  0.011690149944  0.008666133915  0.008712875819  0.008429860253  
cardinalis_cardinalis_ku25393 0.014122908570  0.009099608777  0.018400366290  0.012790330253  0.010941011048  0.000000000000  0.010972749247  0.010972749247  0.014692650885  0.012813744799  0.012798508485  0.008450673310  0.009116199977  0.009636481461  0.018400366290  0.009113013138  0.010960999270  0.007308110173  0.016444532654  0.016543350463  0.013654540140  0.012335715876  0.012790330253  0.016592094333  0.014665713614  0.012526316134  0.011717546849  0.012828678757  0.010937012539  0.010571836776  
piranga_olivacea_ku2699 0.005676388551  0.008666133915  0.006914369752  0.005179525802  0.006919297125  0.010972749247  0.000000000000  0.010409501482  0.007268271225  0.001720952547  0.000000000000  0.004204583624  0.005179525802  0.004793245305  0.006914369752  0.012229225231  0.006919297125  0.002422266551  0.003833828887  0.005179525802  0.005509588520  0.007735565005  0.005179525802  0.007765601348  0.006928352773  0.004143605668  0.004649596962  0.001721654009  0.002165267989  0.002096113509  
cardinalis_cardinalis_ku21828 0.011411007476  0.015690965983  0.017454373965  0.012158494642  0.013921104027  0.010972749247  0.010409501482  0.000000000000  0.014620862448  0.012158494642  0.010020927334  0.008450673310  0.012158494642  0.012063612270  0.015706033548  0.015340005929  0.013921104027  0.009753978202  0.013548815934  0.015690965983  0.007351687849  0.013611094168  0.012158494642  0.013664236402  0.013933266337  0.008327516444  0.014059873714  0.012167775478  0.008712875819  0.008429860253  
piranga_rubra_ku7046 0.001984770150  0.012781825804  0.014620862448  0.009091608522  0.010932759777  0.014692650885  0.007268271225  0.014620862448  0.000000000000  0.009091608522  0.008468565156  0.008450673310  0.009091608522  0.012078704488  0.010921095596  0.018473448137  0.010932759777  0.009772002462  0.012245089297  0.012781825804  0.009705609359  0.008161741073  0.009091608522  0.012350615604  0.007268271225  0.010434832779  0.009334829720  0.009104692630  0.004341490964  0.008437197165  
piranga_bidentata_hgoslp104 0.005676388551  0.010409501482  0.005179525802  0.006914369752  0.008658385589  0.012813744799  0.001720952547  0.012158494642  0.009091608522  0.000000000000  0.000000000000  0.004204583624  0.006914369752  0.007203913283  0.008654797516  0.012229225231  0.008658385589  0.004851380313  0.003833828887  0.003450226805  0.005509588520  0.007735565005  0.006914369752  0.007765601348  0.008666133915  0.004143605668  0.004649596962  0.003446763023  0.004336004941  0.000000000000  
piranga_ludoviciana_sdsu2648 0.005993950686  0.008010640410  0.005985601329  0.003986672127  0.007998532148  0.012798508485  0.000000000000  0.010020927334  0.008468565156  0.000000000000  0.000000000000  0.004204583624  0.003986672127  0.002942593701  0.005985601329  0.009661846261  0.005993950686  0.002986534665  0.003986672127  0.003986672127  0.005993950686  0.005993950686  0.003986672127  0.007998532148  0.005993950686  0.002232957454  0.004649596962  0.001988717304  0.002605276629  0.000000000000  
piranga_roseogularis_ku2049 0.004204583624  0.004204583624  0.004204583624  0.004204583624  0.008429860253  0.008450673310  0.004204583624  0.008450673310  0.008450673310  0.004204583624  0.004204583624  0.000000000000  0.004204583624  0.005159020385  0.008429860253  0.012072609271  0.004204583624  0.005295623206  0.008450673310  0.004204583624  0.004204583624  0.008450673310  0.004204583624  0.004204583624  0.008450673310  0.004204583624  0.004204583624  0.004204583624  0.004204583624  0.004204583624  
piranga_hepatica_ku4970 0.007574432007  0.003450226805  0.012158494642  0.006914369752  0.005177396628  0.009116199977  0.005179525802  0.012158494642  0.009091608522  0.006914369752  0.003986672127  0.004204583624  0.000000000000  0.000000000000  0.012158494642  0.006085137215  0.001721654009  0.007295694424  0.009634717133  0.010409501482  0.007351687849  0.001923681011  0.006914369752  0.007765601348  0.008666133915  0.008314430531  0.006985834143  0.006919297125  0.006518873248  0.006309931536  
piranga_hepatica_ku9084 0.010956284965  0.002393280657  0.012056616222  0.009626899645  0.007203913283  0.009636481461  0.004793245305  0.012063612270  0.012078704488  0.007203913283  0.002942593701  0.005159020385  0.000000000000  0.000000000000  0.012063612270  0.006085137215  0.000000000000  0.007295694424  0.008375201760  0.009626899645  0.010496264563  0.002802405392  0.009626899645  0.008510608897  0.012078704488  0.010721342296  0.006776372808  0.004793245305  0.007208046672  0.007203913283  
piranga_rubra_sdsu2654 0.007574432007  0.015690965983  0.013913153008  0.012158494642  0.013921104027  0.018400366290  0.006914369752  0.015706033548  0.010921095596  0.008654797516  0.005985601329  0.008429860253  0.012158494642  0.012063612270  0.000000000000  0.018473448137  0.013921104027  0.009753978202  0.009634717133  0.012158494642  0.011074014681  0.013611094168  0.012158494642  0.013664236402  0.013933266337  0.010417642876  0.006989512704  0.008658385589  0.006515495223  0.010554938220  
piranga_flava_lsu15408 0.018473448137  0.003022643733  0.018439978634  0.015293082302  0.015268828002  0.009113013138  0.012229225231  0.015340005929  0.018473448137  0.012229225231  0.009661846261  0.012072609271  0.006085137215  0.006085137215  0.018473448137  0.000000000000  0.006085137215  0.009140780614  0.015340005929  0.015340005929  0.018416736677  0.006085137215  0.015293082302  0.015472546192  0.015293082302  0.018416736677  0.011217577710  0.012229225231  0.015340005929  0.012229225231  
piranga_lutea_lsu5400 0.009488442223  0.005185774222  0.013921104027  0.008658385589  0.006914369752  0.010960999270  0.006919297125  0.013921104027  0.010932759777  0.008658385589  0.005993950686  0.004204583624  0.001721654009  0.000000000000  0.013921104027  0.006085137215  0.000000000000  0.007295694424  0.011587314402  0.012167775478  0.009208824711  0.003856003923  0.008658385589  0.009728451546  0.010420093796  0.010417642876  0.009334829720  0.008666133915  0.006518873248  0.006309931536  
piranga_olivacea_ku4672 0.008321741311  0.004851380313  0.009744160208  0.007295694424  0.009753978202  0.007308110173  0.002422266551  0.009753978202  0.009772002462  0.004851380313  0.002986534665  0.005295623206  0.007295694424  0.007295694424  0.009753978202  0.009140780614  0.007295694424  0.000000000000  0.005654988301  0.007295694424  0.007968086204  0.011458478386  0.007295694424  0.008633067383  0.009772002462  0.008141074685  0.006893151350  0.002422266551  0.004858251187  0.004851380313  
piranga_ludoviciana_sdsu2208 0.009649414917  0.013548815934  0.009634717133  0.007702136603  0.011587314402  0.016444532654  0.003833828887  0.013548815934  0.012245089297  0.003833828887  0.003986672127  0.008450673310  0.009634717133  0.008375201760  0.009634717133  0.015340005929  0.011587314402  0.005654988301  0.000000000000  0.003833828887  0.009649414917  0.011654842352  0.007702136603  0.011700299978  0.009649414917  0.008614474426  0.009334829720  0.005763634175  0.004966838027  0.002387566525  
piranga_bidentata_itm160 0.009502696125  0.013933266337  0.005179525802  0.010409501482  0.012167775478  0.016543350463  0.005179525802  0.015690965983  0.012781825804  0.003450226805  0.003986672127  0.004204583624  0.010409501482  0.009626899645  0.012158494642  0.015340005929  0.012167775478  0.007295694424  0.003833828887  0.000000000000  0.009222249117  0.011654842352  0.010409501482  0.011700299978  0.012181235097  0.008327516444  0.006985834143  0.006919297125  0.006518873248  0.002097154332  
piranga_leucoptera_fmnh481795 0.007585287684  0.011053612332  0.011074014681  0.001822035417  0.005492460599  0.013654540140  0.005509588520  0.007351687849  0.009705609359  0.005509588520  0.005993950686  0.004204583624  0.007351687849  0.010496264563  0.011074014681  0.018416736677  0.009208824711  0.007968086204  0.009649414917  0.009222249117  0.000000000000  0.009690739759  0.001825361295  0.009728451546  0.003658501901  0.004135038617  0.009334829720  0.007361913150  0.007050475920  0.004528256783  
piranga_lutea_ku89864 0.009690739759  0.005797046735  0.013611094168  0.007735565005  0.007729401724  0.012335715876  0.007735565005  0.013611094168  0.008161741073  0.007735565005  0.005993950686  0.008450673310  0.001923681011  0.002802405392  0.013611094168  0.006085137215  0.003856003923  0.011458478386  0.011654842352  0.011654842352  0.009690739759  0.000000000000  0.007735565005  0.009728451546  0.005789237294  0.010847065652  0.009334829720  0.009690739759  0.010048013484  0.007242851836  
piranga_rubriceps_lsu34818 0.005676388551  0.010391472474  0.012158494642  0.000000000000  0.005168476818  0.012790330253  0.005179525802  0.012158494642  0.009091608522  0.006914369752  0.003986672127  0.004204583624  0.006914369752  0.009626899645  0.012158494642  0.015293082302  0.008658385589  0.007295694424  0.007702136603  0.010409501482  0.001825361295  0.007735565005  0.000000000000  0.007765601348  0.005170598638  0.002062550373  0.009334829720  0.006919297125  0.006518873248  0.006309931536  
piranga_roseogularis_ku2141 0.009728451546  0.011700299978  0.013664236402  0.007765601348  0.011686933754  0.016592094333  0.007765601348  0.013664236402  0.012350615604  0.007765601348  0.007998532148  0.004204583624  0.007765601348  0.008510608897  0.013664236402  0.015472546192  0.009728451546  0.008633067383  0.011700299978  0.011700299978  0.009728451546  0.009728451546  0.007765601348  0.000000000000  0.009728451546  0.010894336533  0.014059873714  0.009728451546  0.007566156698  0.004846478357  
piranga_erythrocephala_fmnh343371 0.007585287684  0.012160073096  0.013933266337  0.005170598638  0.006907348408  0.014665713614  0.006928352773  0.013933266337  0.007268271225  0.008666133915  0.005993950686  0.008450673310  0.008666133915  0.012078704488  0.013933266337  0.015293082302  0.010420093796  0.009772002462  0.009649414917  0.012181235097  0.003658501901  0.005789237294  0.005170598638  0.009728451546  0.000000000000  0.004135038617  0.011696723807  0.008678019657  0.008727249243  0.008437197165  
piranga_erythrocephala_fmnh343370 0.008468565156  0.012505070838  0.008314430531  0.002062550373  0.006208576544  0.012526316134  0.004143605668  0.008327516444  0.010434832779  0.004143605668  0.002232957454  0.004204583624  0.008314430531  0.010721342296  0.010417642876  0.018416736677  0.010417642876  0.008141074685  0.008614474426  0.008327516444  0.004135038617  0.010847065652  0.002062550373  0.010894336533  0.004135038617  0.000000000000  0.007454524701  0.004143605668  0.007185576970  0.004611791066  
piranga_ludoviciana_sdsu2650 0.006985834143  0.009334829720  0.006985834143  0.009334829720  0.011690149944  0.011717546849  0.004649596962  0.014059873714  0.009334829720  0.004649596962  0.004649596962  0.004204583624  0.006985834143  0.006776372808  0.006989512704  0.011217577710  0.009334829720  0.006893151350  0.009334829720  0.006985834143  0.009334829720  0.009334829720  0.009334829720  0.014059873714  0.011696723807  0.007454524701  0.000000000000  0.006985834143  0.005897202878  0.005647419777  
piranga_bidentata_tepe59 0.007585287684  0.010420093796  0.005177396628  0.006919297125  0.008666133915  0.012828678757  0.001721654009  0.012167775478  0.009104692630  0.003446763023  0.001988717304  0.004204583624  0.006919297125  0.004793245305  0.008658385589  0.012229225231  0.008666133915  0.002422266551  0.005763634175  0.006919297125  0.007361913150  0.009690739759  0.006919297125  0.009728451546  0.008678019657  0.004143605668  0.006985834143  0.000000000000  0.002165267989  0.002096113509  
piranga_rubra_sdsu2635 0.002428148188  0.008712875819  0.008705049572  0.006518873248  0.008712875819  0.010937012539  0.002165267989  0.008712875819  0.004341490964  0.004336004941  0.002605276629  0.004204583624  0.006518873248  0.007208046672  0.006515495223  0.015340005929  0.006518873248  0.004858251187  0.004966838027  0.006518873248  0.007050475920  0.010048013484  0.006518873248  0.007566156698  0.008727249243  0.007185576970  0.005897202878  0.002165267989  0.000000000000  0.004336004941  
piranga_bidentata_itm141 0.004698465272  0.008429860253  0.004199438372  0.006309931536  0.008429860253  0.010571836776  0.002096113509  0.008429860253  0.008437197165  0.000000000000  0.000000000000  0.004204583624  0.006309931536  0.007203913283  0.010554938220  0.012229225231  0.006309931536  0.004851380313  0.002387566525  0.002097154332  0.004528256783  0.007242851836  0.006309931536  0.004846478357  0.008437197165  0.004611791066  0.005647419777  0.002096113509  0.004336004941  0.000000000000  

