30
cardinalis_cardinalis_ku21828 0.000000000000  0.006532518670  0.018774536610  0.018258249632  0.016203047188  0.018258249632  0.019796904891  0.019280084262  0.017222511085  0.018763798221  0.016198425570  0.016198425570  0.018248045662  0.016708086957  0.018252952647  0.019791586245  0.017732825484  0.018248045662  0.018768972277  0.018768972277  0.018774536610  0.020832154347  0.021338726458  0.021338726458  0.018780490839  0.020314261216  0.020314261216  0.018780490839  0.018780490839  0.021863159676  
cardinalis_cardinalis_ku25393 0.006532518670  0.000000000000  0.025501323518  0.024979096447  0.022902179526  0.024979096447  0.026531692557  0.026008919478  0.023929584717  0.025486693365  0.022895635029  0.022895635029  0.024965013074  0.023409263529  0.024971857171  0.026524423422  0.024443877466  0.024965013074  0.025493810709  0.025493810709  0.025501323518  0.027578884205  0.028087512935  0.028087512935  0.025509231412  0.026531692557  0.026531692557  0.025509231412  0.025509231412  0.028619906203  
piranga_roseogularis_ku2049 0.018774536610  0.025501323518  0.000000000000  0.001001003088  0.004014280148  0.006031019617  0.007544682656  0.007038344096  0.005019316506  0.006532518670  0.004012824936  0.004012824936  0.006027205338  0.004515278439  0.006028922207  0.007542576827  0.005522403064  0.006027205338  0.006534491905  0.006534491905  0.007550039038  0.008558903346  0.009061409620  0.009061409620  0.006539580404  0.008051535391  0.008051535391  0.006539580404  0.006539580404  0.009572049463  
piranga_roseogularis_ku2141 0.018258249632  0.024979096447  0.001001003088  0.000000000000  0.003007726659  0.005020902220  0.006532518670  0.006027205338  0.004011748855  0.005522403064  0.003006779541  0.003006779541  0.005018110816  0.003508726729  0.005019316506  0.006530926613  0.004514327564  0.005018110816  0.005523864085  0.005523864085  0.006536845941  0.007544682656  0.008047190736  0.008047190736  0.005527926597  0.007038344096  0.007038344096  0.005527926597  0.005527926597  0.008556281656  
piranga_lutea_ku89864 0.016203047188  0.022902179526  0.004014280148  0.003007726659  0.000000000000  0.003007726659  0.005523864085  0.004011748855  0.002002757860  0.003508726729  0.001000688816  0.001000688816  0.003006211040  0.001501503371  0.003006779541  0.004514327564  0.002504200769  0.003006211040  0.003509548764  0.003509548764  0.004518319107  0.005523864085  0.006025869387  0.006025869387  0.003512329081  0.005019316506  0.005019316506  0.003512329081  0.003512329081  0.006532518670  
piranga_ludoviciana_sdsu2385 0.018258249632  0.024979096447  0.006031019617  0.005020902220  0.003007726659  0.000000000000  0.006536845941  0.005020902220  0.003007726659  0.004516609079  0.002004017728  0.002004017728  0.004012824936  0.002505210084  0.004014280148  0.005523864085  0.003509548764  0.004012824936  0.004518319107  0.004518319107  0.006536845941  0.007544682656  0.008047190736  0.008047190736  0.005527926597  0.007038344096  0.007038344096  0.005527926597  0.005527926597  0.008556281656  
piranga_leucoptera_fmnh481795 0.019796904891  0.026531692557  0.007544682656  0.006532518670  0.005523864085  0.006536845941  0.000000000000  0.001502258459  0.005523864085  0.007038344096  0.004516609079  0.004516609079  0.006532518670  0.005019316506  0.006534491905  0.008049171893  0.006027205338  0.006532518670  0.007040574217  0.007040574217  0.009066787571  0.010077693577  0.010581212939  0.010581212939  0.008054280850  0.009569292939  0.009569292939  0.008054280850  0.008054280850  0.011092898696  
piranga_leucoptera_lsu7783 0.019280084262  0.026008919478  0.007038344096  0.006027205338  0.004011748855  0.005020902220  0.001502258459  0.000000000000  0.004011748855  0.005522403064  0.003006779541  0.003006779541  0.005018110816  0.003508726729  0.005019316506  0.006530926613  0.004514327564  0.005018110816  0.005523864085  0.005523864085  0.007544682656  0.008554042568  0.009057564648  0.009057564648  0.006534491905  0.008047190736  0.008047190736  0.006534491905  0.006534491905  0.009566919923  
piranga_olivacea_ku4672 0.017222511085  0.023929584717  0.005019316506  0.004011748855  0.002002757860  0.003007726659  0.005523864085  0.004011748855  0.000000000000  0.003508726729  0.001000688816  0.001000688816  0.003006211040  0.001501503371  0.003006779541  0.004514327564  0.002504200769  0.003006211040  0.003509548764  0.003509548764  0.005523864085  0.006530926613  0.007033943880  0.007033943880  0.004516609079  0.006025869387  0.006025869387  0.004516609079  0.004516609079  0.007540853076  
piranga_olivacea_ku2699 0.018763798221  0.025486693365  0.006532518670  0.005522403064  0.003508726729  0.004516609079  0.007038344096  0.005522403064  0.003508726729  0.000000000000  0.002504516245  0.002504516245  0.004514327564  0.003006211040  0.004515278439  0.006025869387  0.004011052282  0.004514327564  0.005019316506  0.005019316506  0.007038344096  0.008047190736  0.008550713717  0.008550713717  0.006028922207  0.007540853076  0.007540853076  0.006028922207  0.006028922207  0.009059295322  
piranga_bidentata_hgoslp104 0.016198425570  0.022895635029  0.004012824936  0.003006779541  0.001000688816  0.002004017728  0.004516609079  0.003006779541  0.001000688816  0.002504516245  0.000000000000  0.000000000000  0.002002757860  0.000500187837  0.002003198928  0.003508726729  0.001501503371  0.002002757860  0.002505210084  0.002505210084  0.004516609079  0.005522403064  0.006024914734  0.006024914734  0.003510749673  0.005018110816  0.005018110816  0.003510749673  0.003510749673  0.006530926613  
piranga_bidentata_tepe59 0.016198425570  0.022895635029  0.004012824936  0.003006779541  0.001000688816  0.002004017728  0.004516609079  0.003006779541  0.001000688816  0.002504516245  0.000000000000  0.000000000000  0.002002757860  0.000500187837  0.002003198928  0.003508726729  0.001501503371  0.002002757860  0.002505210084  0.002505210084  0.004516609079  0.005522403064  0.006024914734  0.006024914734  0.003510749673  0.005018110816  0.005018110816  0.003510749673  0.003510749673  0.006530926613  
piranga_ludoviciana_sdsu2208 0.018248045662  0.024965013074  0.006027205338  0.005018110816  0.003006211040  0.004012824936  0.006532518670  0.005018110816  0.003006211040  0.004514327564  0.002002757860  0.002002757860  0.000000000000  0.002504200769  0.004011748855  0.005521322702  0.003508283946  0.004011052282  0.004515278439  0.004515278439  0.006532518670  0.007540853076  0.008044376958  0.008044376958  0.005523864085  0.007035028549  0.007035028549  0.005523864085  0.005523864085  0.008552186462  
piranga_ludoviciana_sdsu2650 0.016708086957  0.023409263529  0.004515278439  0.003508726729  0.001501503371  0.002505210084  0.005019316506  0.003508726729  0.001501503371  0.003006211040  0.000500187837  0.000500187837  0.002504200769  0.000000000000  0.001502258459  0.003006779541  0.001000688816  0.001501692176  0.003006779541  0.003006779541  0.005019316506  0.006025869387  0.006528887550  0.006528887550  0.004012824936  0.005521322702  0.005521322702  0.004012824936  0.004012824936  0.007035028549  
piranga_erythrocephala_fmnh343370 0.018252952647  0.024971857171  0.006028922207  0.005019316506  0.003006779541  0.004014280148  0.006534491905  0.005019316506  0.003006779541  0.004515278439  0.002003198928  0.002003198928  0.004011748855  0.001502258459  0.000000000000  0.004516609079  0.002505210084  0.003007726659  0.004516609079  0.004516609079  0.006534491905  0.007542576827  0.008045592297  0.008045592297  0.005525705388  0.007036495414  0.007036495414  0.005525705388  0.005525705388  0.008554042568  
piranga_bidentata_itm160 0.019791586245  0.026524423422  0.007542576827  0.006530926613  0.004514327564  0.005523864085  0.008049171893  0.006530926613  0.004514327564  0.006025869387  0.003508726729  0.003508726729  0.005521322702  0.003006779541  0.004516609079  0.000000000000  0.002003198928  0.004515278439  0.006027205338  0.006027205338  0.008049171893  0.009059295322  0.009563325936  0.009563325936  0.007038344096  0.008552186462  0.008552186462  0.007038344096  0.007038344096  0.010072813209  
piranga_bidentata_itm141 0.017732825484  0.024443877466  0.005522403064  0.004514327564  0.002504200769  0.003509548764  0.006027205338  0.004514327564  0.002504200769  0.004011052282  0.001501503371  0.001501503371  0.003508283946  0.001000688816  0.002505210084  0.002003198928  0.000000000000  0.002504516245  0.004011748855  0.004011748855  0.006027205338  0.007035028549  0.007538553328  0.007538553328  0.005019316506  0.006529716113  0.006529716113  0.005019316506  0.005019316506  0.008045592297  
piranga_ludoviciana_sdsu2648 0.018248045662  0.024965013074  0.006027205338  0.005018110816  0.003006211040  0.004012824936  0.006532518670  0.005018110816  0.003006211040  0.004514327564  0.002002757860  0.002002757860  0.004011052282  0.001501692176  0.003007726659  0.004515278439  0.002504516245  0.000000000000  0.004515278439  0.004515278439  0.006532518670  0.007540853076  0.008044376958  0.008044376958  0.005523864085  0.007035028549  0.007035028549  0.005523864085  0.005523864085  0.008552186462  
piranga_rubriceps_lsu265 0.018768972277  0.025493810709  0.006534491905  0.005523864085  0.003509548764  0.004518319107  0.007040574217  0.005523864085  0.003509548764  0.005019316506  0.002505210084  0.002505210084  0.004515278439  0.003006779541  0.004516609079  0.006027205338  0.004011748855  0.004515278439  0.000000000000  0.000000000000  0.007040574217  0.008049171893  0.008552186462  0.008552186462  0.006031019617  0.007542576827  0.007542576827  0.006031019617  0.006031019617  0.009061409620  
piranga_rubriceps_lsu34818 0.018768972277  0.025493810709  0.006534491905  0.005523864085  0.003509548764  0.004518319107  0.007040574217  0.005523864085  0.003509548764  0.005019316506  0.002505210084  0.002505210084  0.004515278439  0.003006779541  0.004516609079  0.006027205338  0.004011748855  0.004515278439  0.000000000000  0.000000000000  0.007040574217  0.008049171893  0.008552186462  0.008552186462  0.006031019617  0.007542576827  0.007542576827  0.006031019617  0.006031019617  0.009061409620  
piranga_erythrocephala_fmnh343371 0.018774536610  0.025501323518  0.007550039038  0.006536845941  0.004518319107  0.006536845941  0.009066787571  0.007544682656  0.005523864085  0.007038344096  0.004516609079  0.004516609079  0.006532518670  0.005019316506  0.006534491905  0.008049171893  0.006027205338  0.006532518670  0.007040574217  0.007040574217  0.000000000000  0.009066787571  0.009569292939  0.009569292939  0.007046177273  0.008558903346  0.008558903346  0.007046177273  0.007046177273  0.010080709610  
piranga_rubra_ku7046 0.020832154347  0.027578884205  0.008558903346  0.007544682656  0.005523864085  0.007544682656  0.010077693577  0.008554042568  0.006530926613  0.008047190736  0.005522403064  0.005522403064  0.007540853076  0.006025869387  0.007542576827  0.009059295322  0.007035028549  0.007540853076  0.008049171893  0.008049171893  0.009066787571  0.000000000000  0.006528441305  0.006528441305  0.004011748855  0.005520623379  0.005520623379  0.004011748855  0.004011748855  0.007033943880  
piranga_rubra_sdsu2635 0.021338726458  0.028087512935  0.009061409620  0.008047190736  0.006025869387  0.008047190736  0.010581212939  0.009057564648  0.007033943880  0.008550713717  0.006024914734  0.006024914734  0.008044376958  0.006528887550  0.008045592297  0.009563325936  0.007538553328  0.008044376958  0.008552186462  0.008552186462  0.009569292939  0.006528441305  0.000000000000  0.000000000000  0.004513756833  0.006024150843  0.006024150843  0.004513756833  0.004513756833  0.007537978095  
piranga_rubra_sdsu2654 0.021338726458  0.028087512935  0.009061409620  0.008047190736  0.006025869387  0.008047190736  0.010581212939  0.009057564648  0.007033943880  0.008550713717  0.006024914734  0.006024914734  0.008044376958  0.006528887550  0.008045592297  0.009563325936  0.007538553328  0.008044376958  0.008552186462  0.008552186462  0.009569292939  0.006528441305  0.000000000000  0.000000000000  0.004513756833  0.006024150843  0.006024150843  0.004513756833  0.004513756833  0.007537978095  
piranga_flava_ku90809 0.018780490839  0.025509231412  0.006539580404  0.005527926597  0.003512329081  0.005527926597  0.008054280850  0.006534491905  0.004516609079  0.006028922207  0.003510749673  0.003510749673  0.005523864085  0.004012824936  0.005525705388  0.007038344096  0.005019316506  0.005523864085  0.006031019617  0.006031019617  0.007046177273  0.004011748855  0.004513756833  0.004513756833  0.000000000000  0.002002694901  0.002002694901  0.000000000000  0.002004017728  0.005018110816  
piranga_hepatica_ku9084 0.020314261216  0.026531692557  0.008051535391  0.007038344096  0.005019316506  0.007038344096  0.009569292939  0.008047190736  0.006025869387  0.007540853076  0.005018110816  0.005018110816  0.007035028549  0.005521322702  0.007036495414  0.008552186462  0.006529716113  0.007035028549  0.007542576827  0.007542576827  0.008558903346  0.005520623379  0.006024150843  0.006024150843  0.002002694901  0.000000000000  0.000000000000  0.002002694901  0.003508726729  0.006528887550  
piranga_hepatica_ku4970 0.020314261216  0.026531692557  0.008051535391  0.007038344096  0.005019316506  0.007038344096  0.009569292939  0.008047190736  0.006025869387  0.007540853076  0.005018110816  0.005018110816  0.007035028549  0.005521322702  0.007036495414  0.008552186462  0.006529716113  0.007035028549  0.007542576827  0.007542576827  0.008558903346  0.005520623379  0.006024150843  0.006024150843  0.002002694901  0.000000000000  0.000000000000  0.002002694901  0.003508726729  0.006528887550  
piranga_lutea_lsu5400 0.018780490839  0.025509231412  0.006539580404  0.005527926597  0.003512329081  0.005527926597  0.008054280850  0.006534491905  0.004516609079  0.006028922207  0.003510749673  0.003510749673  0.005523864085  0.004012824936  0.005525705388  0.007038344096  0.005019316506  0.005523864085  0.006031019617  0.006031019617  0.007046177273  0.004011748855  0.004513756833  0.004513756833  0.000000000000  0.002002694901  0.002002694901  0.000000000000  0.002004017728  0.005018110816  
piranga_flava_lsu15408 0.018780490839  0.025509231412  0.006539580404  0.005527926597  0.003512329081  0.005527926597  0.008054280850  0.006534491905  0.004516609079  0.006028922207  0.003510749673  0.003510749673  0.005523864085  0.004012824936  0.005525705388  0.007038344096  0.005019316506  0.005523864085  0.006031019617  0.006031019617  0.007046177273  0.004011748855  0.004513756833  0.004513756833  0.002004017728  0.003508726729  0.003508726729  0.002004017728  0.000000000000  0.005018110816  
piranga_rubra_ku26592 0.021863159676  0.028619906203  0.009572049463  0.008556281656  0.006532518670  0.008556281656  0.011092898696  0.009566919923  0.007540853076  0.009059295322  0.006530926613  0.006530926613  0.008552186462  0.007035028549  0.008554042568  0.010072813209  0.008045592297  0.008552186462  0.009061409620  0.009061409620  0.010080709610  0.007033943880  0.007537978095  0.007537978095  0.005018110816  0.006528887550  0.006528887550  0.005018110816  0.005018110816  0.000000000000  

