30
cardinalis_cardinalis_ku21828 0.000000000000  0.005525744246  0.017725027395  0.019275419538  0.018243868916  0.020299092595  0.022355464509  0.020807226676  0.021357623895  0.019778368342  0.020290652937  0.019778368342  0.017721554137  0.022890034395  0.021333853116  0.018750969997  0.017210849880  0.019797327056  0.020826760906  0.017737801928  0.023923882654  0.020826760906  0.024465452697  0.021344949930  0.023403803209  0.020826760906  0.027605622025  0.022396707448  0.023936904555  0.022896198637  
cardinalis_cardinalis_ku25393 0.005525744246  0.000000000000  0.023403803209  0.024972532332  0.023930195365  0.026002635798  0.028074120597  0.026511794493  0.026033063560  0.025474312563  0.025989810785  0.025474312563  0.023398159550  0.028620797753  0.027048250249  0.024438316924  0.022884266060  0.025502050558  0.026540137748  0.023423112119  0.029663379436  0.026017054418  0.030217178453  0.027063770805  0.029137815955  0.026540137748  0.033390670940  0.028130913053  0.029680874697  0.028629189103  
piranga_leucoptera_lsu7783 0.017725027395  0.023403803209  0.000000000000  0.002505217825  0.001501694514  0.003508738718  0.006529757372  0.005017309894  0.015689421674  0.013116420749  0.013625028000  0.013116420749  0.011082200907  0.016187152604  0.014650167714  0.012099015521  0.010575146053  0.013124713254  0.014144088459  0.011087869601  0.017210849880  0.014144088459  0.017737801928  0.015168221559  0.016697202428  0.014144088459  0.020838893598  0.015689421674  0.017218441243  0.016190612765  
piranga_leucoptera_fmnh481795 0.019275419538  0.024972532332  0.002505217825  0.000000000000  0.003009067958  0.005020933371  0.008049240796  0.006532564251  0.017238320915  0.014650167714  0.015159429551  0.014650167714  0.012609818907  0.017733151677  0.016190612765  0.013630279643  0.012102115855  0.014663175688  0.015685055093  0.012620174675  0.018759377271  0.015685055093  0.019291781740  0.016712887083  0.017728893371  0.015685055093  0.022404178723  0.017238320915  0.018769356088  0.017737801928  
piranga_erythrocephala_fmnh343371 0.018243868916  0.023930195365  0.001501694514  0.003009067958  0.000000000000  0.004012843398  0.007036545818  0.005522433921  0.016208360733  0.013628138819  0.014136878023  0.013628138819  0.011591443880  0.016704261970  0.015164900189  0.012609818907  0.011084259201  0.013639039103  0.014659339020  0.011599707017  0.017728893371  0.013635730172  0.018258621564  0.015685055093  0.017214449534  0.014659339020  0.021364551351  0.016208360733  0.017737801928  0.016708379023  
piranga_erythrocephala_fmnh343370 0.020299092595  0.026002635798  0.003508738718  0.005020933371  0.004012843398  0.000000000000  0.009059377040  0.007540909282  0.017742843739  0.015669080996  0.016179122711  0.015669080996  0.013626388140  0.018754976997  0.017210849880  0.014647891468  0.013117909450  0.015681078585  0.016704261970  0.013635730172  0.019782517081  0.016704261970  0.020314709847  0.016704261970  0.018235996214  0.015677492534  0.023430339782  0.018258621564  0.019791996826  0.018759377271  
piranga_rubriceps_lsu265 0.022355464509  0.028074120597  0.006529757372  0.008049240796  0.007036545818  0.009059377040  0.000000000000  0.001501694514  0.020309110244  0.017713494587  0.018224974571  0.017713494587  0.015665432720  0.020807226676  0.019259109390  0.016689555359  0.015155524311  0.017725027395  0.018750969997  0.015674297326  0.021837549264  0.018750969997  0.022370767073  0.019782517081  0.021320171813  0.018750969997  0.025494519662  0.020309110244  0.021846814131  0.020811517872  
piranga_rubriceps_lsu34818 0.020807226676  0.026511794493  0.005017309894  0.006532564251  0.005522433921  0.007540909282  0.001501694514  0.000000000000  0.018764170429  0.016177230914  0.016687792504  0.016177230914  0.014134024453  0.019262595822  0.017718473989  0.015155524311  0.013625028000  0.016187152604  0.017210849880  0.014141294824  0.020290652937  0.017210849880  0.020821285375  0.018239736068  0.019774614211  0.017210849880  0.023936904555  0.018764170429  0.020299092595  0.019266476584  
piranga_bidentata_hgoslp104 0.021357623895  0.026033063560  0.015689421674  0.017238320915  0.016208360733  0.017742843739  0.020309110244  0.018764170429  0.000000000000  0.017737801928  0.018248394372  0.017737801928  0.015685055093  0.020845549994  0.019291781740  0.016712887083  0.015176034463  0.017760314710  0.018787264233  0.015704858036  0.021876894802  0.018787264233  0.022420302032  0.019822574745  0.021357623895  0.018787264233  0.025555558746  0.020356554273  0.020852599249  0.020852599249  
piranga_flava_ku90809 0.019778368342  0.025474312563  0.013116420749  0.014650167714  0.013628138819  0.015669080996  0.017713494587  0.016177230914  0.017737801928  0.000000000000  0.002505217825  0.002004024792  0.003006219781  0.013135015474  0.011602741600  0.009059377040  0.007540909282  0.015164900189  0.016187152604  0.013122056092  0.019262595822  0.016187152604  0.019791996826  0.017214449534  0.018747356657  0.016187152604  0.022902758402  0.017737801928  0.019270751286  0.018239736068  
piranga_flava_lsu15408 0.020290652937  0.025989810785  0.013625028000  0.015159429551  0.014136878023  0.016179122711  0.018224974571  0.016687792504  0.018248394372  0.002505217825  0.000000000000  0.002505217825  0.003508296214  0.013642736631  0.012109679595  0.009565020400  0.008045655286  0.015674297326  0.016697202428  0.013630279643  0.019774614211  0.016697202428  0.020303904364  0.017725027395  0.019259109390  0.016697202428  0.023416279880  0.018248394372  0.019782517081  0.018750969997  
piranga_lutea_ku89864 0.019778368342  0.025474312563  0.013116420749  0.014650167714  0.013628138819  0.015669080996  0.017713494587  0.016177230914  0.017737801928  0.002004024792  0.002505217825  0.000000000000  0.003006219781  0.013135015474  0.011602741600  0.009059377040  0.007540909282  0.015164900189  0.016187152604  0.013122056092  0.019262595822  0.016187152604  0.019791996826  0.017214449534  0.018747356657  0.016187152604  0.022902758402  0.017737801928  0.019270751286  0.018239736068  
piranga_lutea_lsu5400 0.017721554137  0.023398159550  0.011082200907  0.012609818907  0.011591443880  0.013626388140  0.015665432720  0.014134024453  0.015685055093  0.003006219781  0.003508296214  0.003006219781  0.000000000000  0.011096188629  0.009569390070  0.007035076824  0.005521352218  0.013122056092  0.014141294824  0.011085870582  0.017207642669  0.014141294824  0.017733151677  0.015164900189  0.016694260715  0.014141294824  0.020832630442  0.015685055093  0.017214449534  0.016187152604  
piranga_hepatica_ku9084 0.022890034395  0.028620797753  0.016187152604  0.017733151677  0.016704261970  0.018754976997  0.020807226676  0.019262595822  0.020845549994  0.013135015474  0.013642736631  0.013135015474  0.011096188629  0.000000000000  0.010586735758  0.012116659749  0.010590020033  0.018253312050  0.019280480954  0.016198706053  0.022370767073  0.019280480954  0.021351089961  0.020314709847  0.021852040355  0.019280480954  0.026041663620  0.020845549994  0.022382947552  0.021344949930  
piranga_hepatica_ku4970 0.021333853116  0.027048250249  0.014650167714  0.016190612765  0.015164900189  0.017210849880  0.019259109390  0.017718473989  0.019291781740  0.011602741600  0.012109679595  0.011602741600  0.009569390070  0.010586735758  0.000000000000  0.010586735758  0.009063998257  0.016194464043  0.017218441243  0.014147271734  0.020299092595  0.017218441243  0.020832630442  0.017733151677  0.019782517081  0.017218441243  0.023951510832  0.018774933862  0.020309110244  0.019275419538  
piranga_ludoviciana_sdsu2208 0.018750969997  0.024438316924  0.012099015521  0.013630279643  0.012609818907  0.014647891468  0.016689555359  0.015155524311  0.016712887083  0.009059377040  0.009565020400  0.009059377040  0.007035076824  0.012116659749  0.010586735758  0.000000000000  0.006530969143  0.014144088459  0.015164900189  0.012104249057  0.018235996214  0.015164900189  0.018764170429  0.015164900189  0.017721554137  0.015164900189  0.021870089526  0.016712887083  0.018243868916  0.017214449534  
piranga_ludoviciana_sdsu2650 0.017210849880  0.022884266060  0.010575146053  0.012102115855  0.011084259201  0.013117909450  0.015155524311  0.013625028000  0.015176034463  0.007540909282  0.008045655286  0.007540909282  0.005521352218  0.010590020033  0.009063998257  0.006530969143  0.000000000000  0.012614219907  0.013632810223  0.010579199470  0.016697202428  0.013632810223  0.017222824619  0.014655891878  0.016184083948  0.013632810223  0.020320702789  0.015176034463  0.016704261970  0.015677492534  
piranga_roseogularis_ku2049 0.019797327056  0.025502050558  0.013124713254  0.014663175688  0.013639039103  0.015681078585  0.017725027395  0.016187152604  0.017760314710  0.015164900189  0.015674297326  0.015164900189  0.013122056092  0.018253312050  0.016194464043  0.014144088459  0.012614219907  0.000000000000  0.001000689783  0.009070158093  0.015180525231  0.011099734353  0.015710781099  0.013143822072  0.014667401499  0.012120729979  0.018808691172  0.013667039917  0.015190673490  0.014163893539  
piranga_roseogularis_ku2141 0.020826760906  0.026540137748  0.014144088459  0.015685055093  0.014659339020  0.016704261970  0.018750969997  0.017210849880  0.018787264233  0.016187152604  0.016697202428  0.016187152604  0.014141294824  0.019280480954  0.017218441243  0.015164900189  0.013632810223  0.001000689783  0.000000000000  0.010084235167  0.016203338410  0.012116659749  0.016734821744  0.014163893539  0.015689421674  0.013139225181  0.019837549335  0.014688188556  0.016213772640  0.015185405033  
piranga_rubra_sdsu2635 0.017737801928  0.023423112119  0.011087869601  0.012620174675  0.011599707017  0.013635730172  0.015674297326  0.014141294824  0.015704858036  0.013122056092  0.013630279643  0.013122056092  0.011085870582  0.016198706053  0.014147271734  0.012104249057  0.010579199470  0.009070158093  0.010084235167  0.000000000000  0.009059377040  0.006027243101  0.009575300945  0.007038398410  0.008552258355  0.006027243101  0.013661405101  0.008565397420  0.010080826619  0.009063998257  
piranga_rubra_ku7046 0.023923882654  0.029663379436  0.017210849880  0.018759377271  0.017728893371  0.019782517081  0.021837549264  0.020290652937  0.021876894802  0.019262595822  0.019774614211  0.019262595822  0.017207642669  0.022370767073  0.020299092595  0.018235996214  0.016697202428  0.015180525231  0.016203338410  0.009059377040  0.000000000000  0.010071048113  0.013639039103  0.013127759128  0.014652834647  0.012106770432  0.019815674569  0.014672016070  0.016198706053  0.015171933111  
piranga_rubra_sdsu2654 0.020826760906  0.026017054418  0.014144088459  0.015685055093  0.013635730172  0.016704261970  0.018750969997  0.017210849880  0.018787264233  0.016187152604  0.016697202428  0.016187152604  0.014141294824  0.019280480954  0.017218441243  0.015164900189  0.013632810223  0.011099734353  0.012116659749  0.006027243101  0.010071048113  0.000000000000  0.010586735758  0.010077803259  0.011597059568  0.009061495131  0.016734821744  0.011614164345  0.013135015474  0.012112976161  
piranga_olivacea_ku4672 0.024465452697  0.030217178453  0.017737801928  0.019291781740  0.018258621564  0.020314709847  0.022370767073  0.020821285375  0.022420302032  0.019791996826  0.020303904364  0.019791996826  0.017733151677  0.021351089961  0.020832630442  0.018764170429  0.017222824619  0.015710781099  0.016734821744  0.009575300945  0.013639039103  0.010586735758  0.000000000000  0.013651295954  0.015176034463  0.012627680139  0.020356554273  0.015202374860  0.016728753475  0.015699323525  
piranga_ludoviciana_sdsu2385 0.021344949930  0.027063770805  0.015168221559  0.016712887083  0.015685055093  0.016704261970  0.019782517081  0.018239736068  0.019822574745  0.017214449534  0.017725027395  0.017214449534  0.015164900189  0.020314709847  0.017733151677  0.015164900189  0.014655891878  0.013143822072  0.014163893539  0.007038398410  0.013127759128  0.010077803259  0.013651295954  0.000000000000  0.009563414474  0.007035076824  0.017766918950  0.012636733253  0.014159155546  0.013135015474  
piranga_bidentata_itm160 0.023403803209  0.029137815955  0.016697202428  0.017728893371  0.017214449534  0.018235996214  0.021320171813  0.019774614211  0.021357623895  0.018747356657  0.019259109390  0.018747356657  0.016694260715  0.021852040355  0.019782517081  0.017721554137  0.016184083948  0.014667401499  0.015689421674  0.008552258355  0.014652834647  0.011597059568  0.015176034463  0.009563414474  0.000000000000  0.002504207154  0.019298020344  0.014159155546  0.015685055093  0.014659339020  
piranga_bidentata_itm141 0.020826760906  0.026540137748  0.014144088459  0.015685055093  0.014659339020  0.015677492534  0.018750969997  0.017210849880  0.018787264233  0.016187152604  0.016697202428  0.016187152604  0.014141294824  0.019280480954  0.017218441243  0.015164900189  0.013632810223  0.012120729979  0.013139225181  0.006027243101  0.012106770432  0.009061495131  0.012627680139  0.007035076824  0.002504207154  0.000000000000  0.016734821744  0.011614164345  0.013135015474  0.012112976161  
piranga_ludoviciana_sdsu2648 0.027605622025  0.033390670940  0.020838893598  0.022404178723  0.021364551351  0.023430339782  0.025494519662  0.023936904555  0.025555558746  0.022902758402  0.023416279880  0.022902758402  0.020832630442  0.026041663620  0.023951510832  0.021870089526  0.020320702789  0.018808691172  0.019837549335  0.013661405101  0.019815674569  0.016734821744  0.020356554273  0.017766918950  0.019298020344  0.016734821744  0.000000000000  0.006027243101  0.017760314710  0.016728753475  
piranga_bidentata_tepe59 0.022396707448  0.028130913053  0.015689421674  0.017238320915  0.016208360733  0.018258621564  0.020309110244  0.018764170429  0.020356554273  0.017737801928  0.018248394372  0.017737801928  0.015685055093  0.020845549994  0.018774933862  0.016712887083  0.015176034463  0.013667039917  0.014688188556  0.008565397420  0.014672016070  0.011614164345  0.015202374860  0.012636733253  0.014159155546  0.011614164345  0.006027243101  0.000000000000  0.012632013429  0.011609970644  
piranga_olivacea_ku2699 0.023936904555  0.029680874697  0.017218441243  0.018769356088  0.017737801928  0.019791996826  0.021846814131  0.020299092595  0.020852599249  0.019270751286  0.019782517081  0.019270751286  0.017214449534  0.022382947552  0.020309110244  0.018243868916  0.016704261970  0.015190673490  0.016213772640  0.010080826619  0.016198706053  0.013135015474  0.016728753475  0.014159155546  0.015685055093  0.013135015474  0.017760314710  0.012632013429  0.000000000000  0.007038398410  
piranga_rubra_ku26592 0.022896198637  0.028629189103  0.016190612765  0.017737801928  0.016708379023  0.018759377271  0.020811517872  0.019266476584  0.020852599249  0.018239736068  0.018750969997  0.018239736068  0.016187152604  0.021344949930  0.019275419538  0.017214449534  0.015677492534  0.014163893539  0.015185405033  0.009063998257  0.015171933111  0.012112976161  0.015699323525  0.013135015474  0.014659339020  0.012112976161  0.016728753475  0.011609970644  0.007038398410  0.000000000000  

