30
piranga_rubra_ku26592 0.000000000000  0.002814961156  0.004701222903  0.011464739664  0.007625469934  0.009855205658  0.002021420641  0.004396067545  0.000952249315  0.004701222903  0.004870670427  0.002569363421  0.003753032579  0.000000000000  0.002814961156  0.001955371790  0.003761529664  0.002815765894  0.003469277783  0.005642956002  0.007625469934  0.001874724441  0.010504103354  0.004988324852  0.009572446781  0.009134063989  0.009318976388  0.005642956002  0.000936406661  0.005642956002  
piranga_flava_ku90809 0.002814961156  0.000000000000  0.005641953476  0.013389110584  0.009542491171  0.012837470536  0.004051056316  0.004396067545  0.002861422885  0.005641953476  0.005845327009  0.003858875437  0.002809874719  0.001392928544  0.003757124673  0.000000000000  0.002815765894  0.005648268218  0.004626189085  0.006583918241  0.009542491171  0.000935530623  0.012427058666  0.008007090066  0.011499544124  0.009122160399  0.010872630320  0.006583918241  0.003757124673  0.006583918241  
piranga_ludoviciana_sdsu2385 0.004701222903  0.005641953476  0.000000000000  0.016307443076  0.012444101616  0.014842988156  0.006089691763  0.005870315364  0.004778557531  0.001872968788  0.003888615551  0.007749255323  0.006580011819  0.004191510457  0.003757124673  0.005885463757  0.006596326919  0.007546344645  0.001152190530  0.004693332892  0.012444101616  0.004696806717  0.015341847593  0.010030668575  0.014419298256  0.014417255910  0.010872630320  0.004693332892  0.005647263809  0.004693332892  
piranga_rubriceps_lsu265 0.011464739664  0.013389110584  0.016307443076  0.000000000000  0.003791954600  0.013993051842  0.013434495929  0.002926531931  0.011665357970  0.016307443076  0.016907594266  0.009183256611  0.015317949049  0.012880775241  0.014373592348  0.011962209659  0.014380259975  0.014380259975  0.014192651988  0.017274623509  0.003791954600  0.013389110584  0.000945943892  0.015273508083  0.009553900058  0.010419694568  0.022379007367  0.017274623509  0.012432313756  0.017274623509  
piranga_leucoptera_lsu7783 0.007625469934  0.009542491171  0.012444101616  0.003791954600  0.000000000000  0.009967635757  0.009278073100  0.002926531931  0.007758589387  0.012444101616  0.012901057386  0.006550180275  0.011459554472  0.008565866517  0.010517708724  0.007958024422  0.011488534189  0.010520327189  0.010623549307  0.013405363695  0.000000000000  0.009542491171  0.002841815351  0.011172136890  0.005718248471  0.006497307683  0.017527997812  0.013405363695  0.008587529329  0.013405363695  
cardinalis_cardinalis_ku25393 0.009855205658  0.012837470536  0.014842988156  0.013993051842  0.009967635757  0.000000000000  0.011390743931  0.000000000000  0.009024618412  0.014842988156  0.014842988156  0.009040924813  0.013827199642  0.009820140452  0.012850160678  0.011337788160  0.013832486694  0.011856569170  0.013983550432  0.014835407435  0.009967635757  0.011837982845  0.012985565966  0.013050750265  0.012015793712  0.011738325941  0.017169296804  0.014835407435  0.010851357809  0.014835407435  
piranga_olivacea_ku2699 0.002021420641  0.004051056316  0.006089691763  0.013434495929  0.009278073100  0.011390743931  0.000000000000  0.006140676370  0.003034400627  0.006089691763  0.006133267007  0.005149307494  0.005065410132  0.002791725462  0.004051056316  0.004051056316  0.005066613669  0.003034400627  0.005798183228  0.006086098696  0.009278073100  0.003035118476  0.012394678344  0.007346565456  0.011356695862  0.011764390106  0.012455831629  0.006086098696  0.003035118476  0.006086098696  
cardinalis_cardinalis_ku21828 0.004396067545  0.004396067545  0.005870315364  0.002926531931  0.002926531931  0.000000000000  0.006140676370  0.000000000000  0.005866798797  0.004396067545  0.004648079395  0.003728544142  0.004396067545  0.004325239690  0.005870315364  0.004396067545  0.004408989095  0.005870315364  0.005287020795  0.004396067545  0.002926531931  0.004396067545  0.002926531931  0.003218525179  0.004396067545  0.005698796380  0.005032689896  0.004396067545  0.005870315364  0.004396067545  
piranga_rubra_ku7046 0.000952249315  0.002861422885  0.004778557531  0.011665357970  0.007758589387  0.009024618412  0.003034400627  0.005866798797  0.000000000000  0.004778557531  0.003961793990  0.002569363421  0.003817285882  0.000000000000  0.002861422885  0.002934187987  0.003824805921  0.003821152117  0.003469277783  0.005736939335  0.007758589387  0.001905845100  0.010687817849  0.005079543954  0.009711901295  0.009134063989  0.009318976388  0.005736939335  0.001905845100  0.005736939335  
piranga_bidentata_hgoslp104 0.004701222903  0.005641953476  0.001872968788  0.016307443076  0.012444101616  0.014842988156  0.006089691763  0.004396067545  0.004778557531  0.000000000000  0.003888615551  0.007749255323  0.006580011819  0.005597215676  0.003757124673  0.005885463757  0.006596326919  0.007546344645  0.001152190530  0.004693332892  0.012444101616  0.004696806717  0.015341847593  0.010030668575  0.014419298256  0.014417255910  0.012446102769  0.004693332892  0.005647263809  0.004693332892  
piranga_ludoviciana_sdsu2648 0.004870670427  0.005845327009  0.003888615551  0.016907594266  0.012901057386  0.014842988156  0.006133267007  0.004648079395  0.003961793990  0.003888615551  0.000000000000  0.007749255323  0.006817114834  0.005597215676  0.003892399585  0.006107116718  0.006821308562  0.006834629110  0.003465270435  0.002911407617  0.012901057386  0.004865930314  0.015906217518  0.010030668575  0.014951116308  0.014417255910  0.009304524580  0.002911407617  0.005851027280  0.002911407617  
piranga_roseogularis_ku2049 0.002569363421  0.003858875437  0.007749255323  0.009183256611  0.006550180275  0.009040924813  0.005149307494  0.003728544142  0.002569363421  0.007749255323  0.007749255323  0.000000000000  0.002569363421  0.002839284567  0.003858875437  0.003858875437  0.003858875437  0.003857714009  0.006448800841  0.007743431138  0.006550180275  0.002569363421  0.007865241219  0.001283842145  0.007871250674  0.007965298092  0.007851157876  0.007743431138  0.002569363421  0.007743431138  
piranga_hepatica_ku4970 0.003753032579  0.002809874719  0.006580011819  0.015317949049  0.011459554472  0.013827199642  0.005065410132  0.004396067545  0.003817285882  0.006580011819  0.006817114834  0.002569363421  0.000000000000  0.000000000000  0.004695484146  0.002930651450  0.001875463166  0.006589714931  0.004622161209  0.007523886192  0.011459554472  0.001872151386  0.014352738826  0.009006555598  0.013427637929  0.009122160399  0.009304524580  0.007523886192  0.004695484146  0.007523886192  
piranga_hepatica_ku9084 0.000000000000  0.001392928544  0.004191510457  0.012880775241  0.008565866517  0.009820140452  0.002791725462  0.004325239690  0.000000000000  0.005597215676  0.005597215676  0.002839284567  0.000000000000  0.000000000000  0.001394871502  0.001392928544  0.001392928544  0.001394418143  0.004191510457  0.005591318528  0.008565866517  0.000000000000  0.011443215021  0.004193292484  0.010009156453  0.010009156453  0.009304524580  0.005591318528  0.000000000000  0.005591318528  
piranga_rubra_sdsu2654 0.002814961156  0.003757124673  0.003757124673  0.014373592348  0.010517708724  0.012850160678  0.004051056316  0.005870315364  0.002861422885  0.003757124673  0.003892399585  0.003858875437  0.004695484146  0.001394871502  0.000000000000  0.003919095445  0.004706586741  0.005648268218  0.003469277783  0.004697742539  0.010517708724  0.002814961156  0.013409435444  0.008007090066  0.012482711882  0.010453871132  0.007753754781  0.004697742539  0.001874724441  0.004697742539  
piranga_flava_lsu15408 0.001955371790  0.000000000000  0.005885463757  0.011962209659  0.007958024422  0.011337788160  0.004051056316  0.004396067545  0.002934187987  0.005885463757  0.006107116718  0.003858875437  0.002930651450  0.001392928544  0.003919095445  0.000000000000  0.002937060623  0.003920043032  0.004626189085  0.005880784756  0.007958024422  0.000975693446  0.010960617053  0.007320684229  0.009960726985  0.009122160399  0.010872630320  0.005880784756  0.002936185177  0.005880784756  
piranga_lutea_lsu5400 0.003761529664  0.002815765894  0.006596326919  0.014380259975  0.011488534189  0.013832486694  0.005066613669  0.004408989095  0.003824805921  0.006596326919  0.006821308562  0.003858875437  0.001875463166  0.001392928544  0.004706586741  0.002937060623  0.000000000000  0.006604846425  0.004626189085  0.007541589048  0.011488534189  0.001875463166  0.013414770867  0.009011466489  0.013461011377  0.010440227945  0.010872630320  0.007541589048  0.004706586741  0.007541589048  
piranga_olivacea_ku4672 0.002815765894  0.005648268218  0.007546344645  0.014380259975  0.010520327189  0.011856569170  0.003034400627  0.005870315364  0.003821152117  0.007546344645  0.006834629110  0.003857714009  0.006589714931  0.001394418143  0.005648268218  0.003920043032  0.006604846425  0.000000000000  0.004632868216  0.008492736044  0.010520327189  0.004702160481  0.013414770867  0.007001211547  0.012486743903  0.010442402462  0.010882174298  0.008492736044  0.003757995695  0.008492736044  
piranga_ludoviciana_sdsu2208 0.003469277783  0.004626189085  0.001152190530  0.014192651988  0.010623549307  0.013983550432  0.005798183228  0.005287020795  0.003469277783  0.001152190530  0.003465270435  0.006448800841  0.004622161209  0.004191510457  0.003469277783  0.004626189085  0.004626189085  0.004632868216  0.000000000000  0.003462488323  0.010623549307  0.003465270435  0.013004751711  0.008128262245  0.013004751711  0.013087753752  0.010872630320  0.003462488323  0.004631545732  0.003462488323  
piranga_bidentata_itm160 0.005642956002  0.006583918241  0.004693332892  0.017274623509  0.013405363695  0.014835407435  0.006086098696  0.004396067545  0.005736939335  0.004693332892  0.002911407617  0.007743431138  0.007523886192  0.005591318528  0.004697742539  0.005880784756  0.007541589048  0.008492736044  0.003462488323  0.000000000000  0.013405363695  0.005637653769  0.016307443076  0.011037606995  0.015386110926  0.014400944526  0.006188176450  0.000000000000  0.006590116738  0.000000000000  
piranga_leucoptera_fmnh481795 0.007625469934  0.009542491171  0.012444101616  0.003791954600  0.000000000000  0.009967635757  0.009278073100  0.002926531931  0.007758589387  0.012444101616  0.012901057386  0.006550180275  0.011459554472  0.008565866517  0.010517708724  0.007958024422  0.011488534189  0.010520327189  0.010623549307  0.013405363695  0.000000000000  0.009542491171  0.002841815351  0.011172136890  0.005718248471  0.006497307683  0.017527997812  0.013405363695  0.008587529329  0.013405363695  
piranga_lutea_ku89864 0.001874724441  0.000935530623  0.004696806717  0.013389110584  0.009542491171  0.011837982845  0.003035118476  0.004396067545  0.001905845100  0.004696806717  0.004865930314  0.002569363421  0.001872151386  0.000000000000  0.002814961156  0.000975693446  0.001875463166  0.004702160481  0.003465270435  0.005637653769  0.009542491171  0.000000000000  0.012427058666  0.006998631026  0.011499544124  0.009122160399  0.009304524580  0.005637653769  0.002814961156  0.005637653769  
piranga_rubriceps_lsu34818 0.010504103354  0.012427058666  0.015341847593  0.000945943892  0.002841815351  0.012985565966  0.012394678344  0.002926531931  0.010687817849  0.015341847593  0.015906217518  0.007865241219  0.014352738826  0.011443215021  0.013409435444  0.010960617053  0.013414770867  0.013414770867  0.013004751711  0.016307443076  0.002841815351  0.012427058666  0.000000000000  0.014247593751  0.008593745964  0.009112327284  0.020764525175  0.016307443076  0.011470508856  0.016307443076  
piranga_roseogularis_ku2141 0.004988324852  0.008007090066  0.010030668575  0.015273508083  0.011172136890  0.013050750265  0.007346565456  0.003218525179  0.005079543954  0.010030668575  0.010030668575  0.001283842145  0.009006555598  0.004193292484  0.008007090066  0.007320684229  0.009011466489  0.007001211547  0.008128262245  0.011037606995  0.011172136890  0.006998631026  0.014247593751  0.000000000000  0.013263943571  0.010442402462  0.014034893802  0.011037606995  0.005992379168  0.011037606995  
piranga_erythrocephala_fmnh343371 0.009572446781  0.011499544124  0.014419298256  0.009553900058  0.005718248471  0.012015793712  0.011356695862  0.004396067545  0.009711901295  0.014419298256  0.014951116308  0.007871250674  0.013427637929  0.010009156453  0.012482711882  0.009960726985  0.013461011377  0.012486743903  0.013004751711  0.015386110926  0.005718248471  0.011499544124  0.008593745964  0.013263943571  0.000000000000  0.000000000000  0.019154445869  0.015386110926  0.010540489694  0.015386110926  
piranga_erythrocephala_fmnh343370 0.009134063989  0.009122160399  0.014417255910  0.010419694568  0.006497307683  0.011738325941  0.011764390106  0.005698796380  0.009134063989  0.014417255910  0.014417255910  0.007965298092  0.009122160399  0.010009156453  0.010453871132  0.009122160399  0.010440227945  0.010442402462  0.013087753752  0.014400944526  0.006497307683  0.009122160399  0.009112327284  0.010442402462  0.000000000000  0.000000000000  0.019154445869  0.014400944526  0.009134063989  0.014400944526  
piranga_ludoviciana_sdsu2650 0.009318976388  0.010872630320  0.010872630320  0.022379007367  0.017527997812  0.017169296804  0.012455831629  0.005032689896  0.009318976388  0.012446102769  0.009304524580  0.007851157876  0.009304524580  0.009304524580  0.007753754781  0.010872630320  0.010872630320  0.010882174298  0.010872630320  0.006188176450  0.017527997812  0.009304524580  0.020764525175  0.014034893802  0.019154445869  0.019154445869  0.000000000000  0.006188176450  0.009318976388  0.006188176450  
piranga_bidentata_tepe59 0.005642956002  0.006583918241  0.004693332892  0.017274623509  0.013405363695  0.014835407435  0.006086098696  0.004396067545  0.005736939335  0.004693332892  0.002911407617  0.007743431138  0.007523886192  0.005591318528  0.004697742539  0.005880784756  0.007541589048  0.008492736044  0.003462488323  0.000000000000  0.013405363695  0.005637653769  0.016307443076  0.011037606995  0.015386110926  0.014400944526  0.006188176450  0.000000000000  0.006590116738  0.000000000000  
piranga_rubra_sdsu2635 0.000936406661  0.003757124673  0.005647263809  0.012432313756  0.008587529329  0.010851357809  0.003035118476  0.005870315364  0.001905845100  0.005647263809  0.005851027280  0.002569363421  0.004695484146  0.000000000000  0.001874724441  0.002936185177  0.004706586741  0.003757995695  0.004631545732  0.006590116738  0.008587529329  0.002814961156  0.011470508856  0.005992379168  0.010540489694  0.009134063989  0.009318976388  0.006590116738  0.000000000000  0.006590116738  
piranga_bidentata_itm141 0.005642956002  0.006583918241  0.004693332892  0.017274623509  0.013405363695  0.014835407435  0.006086098696  0.004396067545  0.005736939335  0.004693332892  0.002911407617  0.007743431138  0.007523886192  0.005591318528  0.004697742539  0.005880784756  0.007541589048  0.008492736044  0.003462488323  0.000000000000  0.013405363695  0.005637653769  0.016307443076  0.011037606995  0.015386110926  0.014400944526  0.006188176450  0.000000000000  0.006590116738  0.000000000000  

