30
cardinalis_cardinalis_ku21828 0.000000000000  0.003006078097  0.013141712575  0.010071895210  0.008050003793  0.011094461780  0.012629927060  0.012118679001  0.011604364150  0.011604364150  0.013126414667  0.016189609001  0.016707176545  0.019274592202  0.013634543801  0.013634543801  0.013634543801  0.014146025337  0.011601162944  0.012622023235  0.011601162944  0.012111325503  0.012111325503  0.007543272034  0.010591604611  0.007543272034  0.012111325503  0.011611971923  0.007543272034  0.007037067173  
cardinalis_cardinalis_ku25393 0.003006078097  0.000000000000  0.013151777598  0.010076256451  0.008055391708  0.011101520939  0.012639439407  0.012127639832  0.011611971923  0.011611971923  0.013133257264  0.016197342283  0.016716279691  0.019284866170  0.013641129767  0.013641129767  0.013641129767  0.014153163321  0.011607967268  0.012629927060  0.011607967268  0.012118679001  0.012118679001  0.007548118140  0.010599718598  0.007548118140  0.012118679001  0.011621184350  0.007548118140  0.007041372597  
piranga_rubra_ku7046 0.013141712575  0.013151777598  0.000000000000  0.009065052401  0.007047269167  0.011110183569  0.011626391379  0.011115115256  0.010599718598  0.010599718598  0.012118679001  0.016206700007  0.015697511468  0.018262933956  0.012625773895  0.012625773895  0.012625773895  0.013137283519  0.010595461505  0.011616377741  0.010595461505  0.011105652007  0.011105652007  0.006540509839  0.009589008697  0.006540509839  0.010085805115  0.009589008697  0.006540509839  0.006034277467  
piranga_olivacea_ku4672 0.010071895210  0.010076256451  0.009065052401  0.000000000000  0.003006078097  0.007035512079  0.007543272034  0.007037067173  0.006530102370  0.006530102370  0.008044020362  0.012101452576  0.011593974591  0.014140507000  0.008549432608  0.008549432608  0.008549432608  0.009055866360  0.006529215252  0.007540021230  0.006529215252  0.007034355899  0.007034355899  0.002504301261  0.005018373310  0.002504301261  0.007034355899  0.006533072112  0.002504301261  0.003006078097  
piranga_rubra_sdsu2635 0.008050003793  0.008055391708  0.007047269167  0.003006078097  0.000000000000  0.005021320856  0.005528570955  0.005023389213  0.004516931057  0.004516931057  0.006026233772  0.010073875125  0.009567951266  0.012108252443  0.006530102370  0.006530102370  0.006530102370  0.007035512079  0.004515526942  0.005524293154  0.004515526942  0.005019648764  0.005019648764  0.000500256939  0.003512642010  0.000500256939  0.005019648764  0.004520926852  0.000500256939  0.001001028460  
piranga_bidentata_hgoslp104 0.011094461780  0.011101520939  0.011110183569  0.007035512079  0.005021320856  0.000000000000  0.009580391595  0.009071527329  0.008560029461  0.008560029461  0.010076256451  0.014149392064  0.013641129767  0.016197342283  0.010582438871  0.010582438871  0.010582438871  0.011091534439  0.008557263548  0.009573371456  0.008557263548  0.009065052401  0.009065052401  0.004516931057  0.007551138493  0.004516931057  0.009065052401  0.007551138493  0.004516931057  0.005021320856  
piranga_olivacea_ku2699 0.012629927060  0.012639439407  0.011626391379  0.007543272034  0.005528570955  0.009580391595  0.000000000000  0.000500256939  0.006034277467  0.006034277467  0.007545495862  0.011604364150  0.011097790738  0.013645028719  0.011094461780  0.011094461780  0.011094461780  0.011604364150  0.009068090205  0.010085805115  0.009068090205  0.009576681719  0.009576681719  0.005023389213  0.008062373086  0.005023389213  0.009576681719  0.009079598050  0.005023389213  0.005528570955  
piranga_rubra_sdsu2654 0.012118679001  0.012127639832  0.011115115256  0.007037067173  0.005023389213  0.009071527329  0.000500256939  0.000000000000  0.005528570955  0.005528570955  0.007039020805  0.011094461780  0.010588148291  0.013133257264  0.010585092919  0.010585092919  0.010585092919  0.011094461780  0.008560029461  0.009576681719  0.008560029461  0.009068090205  0.009068090205  0.004518731152  0.007554556549  0.004518731152  0.009068090205  0.008570719883  0.004518731152  0.005023389213  
piranga_leucoptera_fmnh481795 0.011604364150  0.011611971923  0.010599718598  0.006530102370  0.004516931057  0.008560029461  0.006034277467  0.005528570955  0.000000000000  0.000000000000  0.006531388116  0.010582438871  0.010076256451  0.012618675455  0.010073875125  0.010073875125  0.010073875125  0.010582438871  0.008050003793  0.009065052401  0.008050003793  0.008557263548  0.008557263548  0.004013063300  0.007044122176  0.004013063300  0.008557263548  0.008058683400  0.004013063300  0.004516931057  
piranga_leucoptera_lsu7783 0.011604364150  0.011611971923  0.010599718598  0.006530102370  0.004516931057  0.008560029461  0.006034277467  0.005528570955  0.000000000000  0.000000000000  0.006531388116  0.010582438871  0.010076256451  0.012618675455  0.010073875125  0.010073875125  0.010073875125  0.010582438871  0.008050003793  0.009065052401  0.008050003793  0.008557263548  0.008557263548  0.004013063300  0.007044122176  0.004013063300  0.008557263548  0.008058683400  0.004013063300  0.004516931057  
piranga_erythrocephala_fmnh343370 0.013126414667  0.013133257264  0.012118679001  0.008044020362  0.006026233772  0.010076256451  0.007545495862  0.007039020805  0.006531388116  0.006531388116  0.000000000000  0.006026233772  0.005522749453  0.008047908319  0.011593974591  0.011593974591  0.011593974591  0.012103315598  0.009565842092  0.010582438871  0.009565842092  0.010073875125  0.010073875125  0.005521603052  0.008557263548  0.005521603052  0.010073875125  0.009573371456  0.005521603052  0.006026233772  
piranga_erythrocephala_fmnh343371 0.016189609001  0.016197342283  0.016206700007  0.012101452576  0.010073875125  0.014149392064  0.011604364150  0.011094461780  0.010582438871  0.010582438871  0.006026233772  0.000000000000  0.009567951266  0.012108252443  0.015673545129  0.015673545129  0.015673545129  0.016186352479  0.013634543801  0.014658044818  0.013634543801  0.014146025337  0.014146025337  0.009565842092  0.012622023235  0.009565842092  0.014146025337  0.013645028719  0.009565842092  0.010073875125  
piranga_rubriceps_lsu265 0.016707176545  0.016716279691  0.015697511468  0.011593974591  0.009567951266  0.013641129767  0.011097790738  0.010588148291  0.010076256451  0.010076256451  0.005522749453  0.009567951266  0.000000000000  0.002504581500  0.014146025337  0.014146025337  0.014146025337  0.015676524358  0.013126414667  0.014149392064  0.013126414667  0.013637634668  0.013637634668  0.009060176254  0.012114801148  0.009060176254  0.013637634668  0.013137283519  0.009060176254  0.009567951266  
piranga_rubriceps_lsu34818 0.019274592202  0.019284866170  0.018262933956  0.014140507000  0.012108252443  0.016197342283  0.013645028719  0.013133257264  0.012618675455  0.012618675455  0.008047908319  0.012108252443  0.002504581500  0.000000000000  0.016703234970  0.016703234970  0.016703234970  0.018239037612  0.015679910161  0.016707176545  0.015679910161  0.016193272397  0.016193272397  0.011598364029  0.014665735984  0.011598364029  0.016193272397  0.015692503185  0.011598364029  0.012108252443  
piranga_ludoviciana_sdsu2208 0.013634543801  0.013641129767  0.012625773895  0.008549432608  0.006530102370  0.010582438871  0.011094461780  0.010585092919  0.010073875125  0.010073875125  0.011593974591  0.015673545129  0.014146025337  0.016703234970  0.000000000000  0.000000000000  0.000000000000  0.002002791148  0.006026233772  0.007037067173  0.006026233772  0.006531388116  0.006531388116  0.006025216815  0.009062414292  0.006025216815  0.010580186526  0.010079038809  0.006025216815  0.006530102370  
piranga_ludoviciana_sdsu2385 0.013634543801  0.013641129767  0.012625773895  0.008549432608  0.006530102370  0.010582438871  0.011094461780  0.010585092919  0.010073875125  0.010073875125  0.011593974591  0.015673545129  0.014146025337  0.016703234970  0.000000000000  0.000000000000  0.000000000000  0.002002791148  0.006026233772  0.007037067173  0.006026233772  0.006531388116  0.006531388116  0.006025216815  0.009062414292  0.006025216815  0.010580186526  0.010079038809  0.006025216815  0.006530102370  
piranga_ludoviciana_sdsu2650 0.013634543801  0.013641129767  0.012625773895  0.008549432608  0.006530102370  0.010582438871  0.011094461780  0.010585092919  0.010073875125  0.010073875125  0.011593974591  0.015673545129  0.014146025337  0.016703234970  0.000000000000  0.000000000000  0.000000000000  0.002002791148  0.006026233772  0.007037067173  0.006026233772  0.006531388116  0.006531388116  0.006025216815  0.009062414292  0.006025216815  0.010580186526  0.010079038809  0.006025216815  0.006530102370  
piranga_bidentata_tepe59 0.014146025337  0.014153163321  0.013137283519  0.009055866360  0.007035512079  0.011091534439  0.011604364150  0.011094461780  0.010582438871  0.010582438871  0.012103315598  0.016186352479  0.015676524358  0.018239037612  0.002002791148  0.002002791148  0.002002791148  0.000000000000  0.006531388116  0.007543272034  0.006531388116  0.007037067173  0.007037067173  0.006530102370  0.009570461180  0.006530102370  0.011089009096  0.010588148291  0.006530102370  0.007035512079  
piranga_bidentata_itm160 0.011601162944  0.011607967268  0.010595461505  0.006529215252  0.004515526942  0.008557263548  0.009068090205  0.008560029461  0.008050003793  0.008050003793  0.009565842092  0.013634543801  0.013126414667  0.015679910161  0.006026233772  0.006026233772  0.006026233772  0.006531388116  0.000000000000  0.001001028460  0.000000000000  0.004516931057  0.004516931057  0.004011926608  0.007041372597  0.004011926608  0.008554897039  0.008055391708  0.004011926608  0.004515526942  
piranga_ludoviciana_sdsu2648 0.012622023235  0.012629927060  0.011616377741  0.007540021230  0.005524293154  0.009573371456  0.010085805115  0.009576681719  0.009065052401  0.009065052401  0.010582438871  0.014658044818  0.014149392064  0.016707176545  0.007037067173  0.007037067173  0.007037067173  0.007543272034  0.001001028460  0.000000000000  0.001001028460  0.005526233779  0.005526233779  0.005019648764  0.008055391708  0.005019648764  0.009570461180  0.009071527329  0.005019648764  0.005524293154  
piranga_bidentata_itm141 0.011601162944  0.011607967268  0.010595461505  0.006529215252  0.004515526942  0.008557263548  0.009068090205  0.008560029461  0.008050003793  0.008050003793  0.009565842092  0.013634543801  0.013126414667  0.015679910161  0.006026233772  0.006026233772  0.006026233772  0.006531388116  0.000000000000  0.001001028460  0.000000000000  0.004516931057  0.004516931057  0.004011926608  0.007041372597  0.004011926608  0.008554897039  0.008055391708  0.004011926608  0.004515526942  
piranga_roseogularis_ku2049 0.012111325503  0.012118679001  0.011105652007  0.007034355899  0.005019648764  0.009065052401  0.009576681719  0.009068090205  0.008557263548  0.008557263548  0.010073875125  0.014146025337  0.013637634668  0.016193272397  0.006531388116  0.006531388116  0.006531388116  0.007037067173  0.004516931057  0.005526233779  0.004516931057  0.000000000000  0.000000000000  0.004515526942  0.007548118140  0.004515526942  0.009062414292  0.008563194403  0.004515526942  0.005019648764  
piranga_roseogularis_ku2141 0.012111325503  0.012118679001  0.011105652007  0.007034355899  0.005019648764  0.009065052401  0.009576681719  0.009068090205  0.008557263548  0.008557263548  0.010073875125  0.014146025337  0.013637634668  0.016193272397  0.006531388116  0.006531388116  0.006531388116  0.007037067173  0.004516931057  0.005526233779  0.004516931057  0.000000000000  0.000000000000  0.004515526942  0.007548118140  0.004515526942  0.009062414292  0.008563194403  0.004515526942  0.005019648764  
piranga_hepatica_ku9084 0.007543272034  0.007548118140  0.006540509839  0.002504301261  0.000500256939  0.004516931057  0.005023389213  0.004518731152  0.004013063300  0.004013063300  0.005521603052  0.009565842092  0.009060176254  0.011598364029  0.006025216815  0.006025216815  0.006025216815  0.006530102370  0.004011926608  0.005019648764  0.004011926608  0.004515526942  0.004515526942  0.000000000000  0.003009281615  0.000000000000  0.004515526942  0.004016523396  0.000000000000  0.000500256939  
piranga_hepatica_ku4970 0.010591604611  0.010599718598  0.009589008697  0.005018373310  0.003512642010  0.007551138493  0.008062373086  0.007554556549  0.007044122176  0.007044122176  0.008557263548  0.012622023235  0.012114801148  0.014665735984  0.009062414292  0.009062414292  0.009062414292  0.009570461180  0.007041372597  0.008055391708  0.007041372597  0.007548118140  0.007548118140  0.003009281615  0.000000000000  0.003009281615  0.007548118140  0.007050813201  0.003009281615  0.003512642010  
piranga_lutea_lsu5400 0.007543272034  0.007548118140  0.006540509839  0.002504301261  0.000500256939  0.004516931057  0.005023389213  0.004518731152  0.004013063300  0.004013063300  0.005521603052  0.009565842092  0.009060176254  0.011598364029  0.006025216815  0.006025216815  0.006025216815  0.006530102370  0.004011926608  0.005019648764  0.004011926608  0.004515526942  0.004515526942  0.000000000000  0.003009281615  0.000000000000  0.004515526942  0.004016523396  0.000000000000  0.000500256939  
piranga_flava_ku90809 0.012111325503  0.012118679001  0.010085805115  0.007034355899  0.005019648764  0.009065052401  0.009576681719  0.009068090205  0.008557263548  0.008557263548  0.010073875125  0.014146025337  0.013637634668  0.016193272397  0.010580186526  0.010580186526  0.010580186526  0.011089009096  0.008554897039  0.009570461180  0.008554897039  0.009062414292  0.009062414292  0.004515526942  0.007548118140  0.004515526942  0.000000000000  0.006535153981  0.004515526942  0.005019648764  
piranga_lutea_ku89864 0.011611971923  0.011621184350  0.009589008697  0.006533072112  0.004520926852  0.007551138493  0.009079598050  0.008570719883  0.008058683400  0.008058683400  0.009573371456  0.013645028719  0.013137283519  0.015692503185  0.010079038809  0.010079038809  0.010079038809  0.010588148291  0.008055391708  0.009071527329  0.008055391708  0.008563194403  0.008563194403  0.004016523396  0.007050813201  0.004016523396  0.006535153981  0.000000000000  0.004016523396  0.004520926852  
piranga_flava_lsu15408 0.007543272034  0.007548118140  0.006540509839  0.002504301261  0.000500256939  0.004516931057  0.005023389213  0.004518731152  0.004013063300  0.004013063300  0.005521603052  0.009565842092  0.009060176254  0.011598364029  0.006025216815  0.006025216815  0.006025216815  0.006530102370  0.004011926608  0.005019648764  0.004011926608  0.004515526942  0.004515526942  0.000000000000  0.003009281615  0.000000000000  0.004515526942  0.004016523396  0.000000000000  0.000500256939  
piranga_rubra_ku26592 0.007037067173  0.007041372597  0.006034277467  0.003006078097  0.001001028460  0.005021320856  0.005528570955  0.005023389213  0.004516931057  0.004516931057  0.006026233772  0.010073875125  0.009567951266  0.012108252443  0.006530102370  0.006530102370  0.006530102370  0.007035512079  0.004515526942  0.005524293154  0.004515526942  0.005019648764  0.005019648764  0.000500256939  0.003512642010  0.000500256939  0.005019648764  0.004520926852  0.000500256939  0.000000000000  

