30
cardinalis_cardinalis_ku21828 0.000000000000  0.004014334063  0.009572282573  0.009064110475  0.010084401972  0.010080974820  0.005528036526  0.007046363528  0.007547333937  0.005022956592  0.006536980851  0.012125447747  0.011103877061  0.005528036526  0.005528036526  0.008057625803  0.009073980182  0.009582937878  0.008057625803  0.008562128522  0.009578999486  0.009578999486  0.007550226995  0.007046363528  0.007046363528  0.009587262390  0.016755956706  0.014688599481  0.014694799832  0.013154522741  
cardinalis_cardinalis_ku25393 0.004014334063  0.000000000000  0.007540968822  0.007035125933  0.008049322482  0.008047327102  0.003509578682  0.005020974549  0.005522468245  0.003006799761  0.004515324087  0.010080974820  0.009064110475  0.003509578682  0.003509578682  0.006029016772  0.007040712640  0.007547333937  0.006029016772  0.006532618575  0.007544826302  0.007544826302  0.005523940104  0.005020974549  0.005020974549  0.007550226995  0.014688599481  0.012632275724  0.012637021635  0.011103877061  
piranga_leucoptera_fmnh481795 0.009572282573  0.007540968822  0.000000000000  0.001502268245  0.010583972410  0.010581447122  0.006027286759  0.007544826302  0.008047327102  0.005522468245  0.007036602377  0.012623950945  0.011602914975  0.006027286759  0.006027286759  0.008556457465  0.009572282573  0.010080974820  0.008556457465  0.009061594039  0.010077935194  0.010077935194  0.008049322482  0.007544826302  0.007544826302  0.010084401972  0.017251122118  0.015185756214  0.015191053614  0.013651586909  
piranga_leucoptera_lsu7783 0.009064110475  0.007035125933  0.001502268245  0.000000000000  0.010075283475  0.010073020046  0.005522468245  0.007038464741  0.007540968822  0.005018161994  0.006531015153  0.012113170747  0.011093182553  0.005522468245  0.005522468245  0.008049322482  0.009064110475  0.009572282573  0.008049322482  0.008554201823  0.009569504810  0.009569504810  0.007542704470  0.007038464741  0.007038464741  0.009575447592  0.016735303873  0.014672337632  0.014677368004  0.013139489238  
piranga_erythrocephala_fmnh343371 0.010084401972  0.008049322482  0.010583972410  0.010075283475  0.000000000000  0.001000690671  0.004515324087  0.006029016772  0.008556457465  0.006029016772  0.007544826302  0.013139489238  0.012116874214  0.006534607268  0.006534607268  0.009067013898  0.010084401972  0.010593878105  0.009067013898  0.009572282573  0.010590188283  0.010590188283  0.008559099825  0.008054472213  0.008054472213  0.010597955343  0.017774509203  0.015705270727  0.015711226634  0.014169366789  
piranga_erythrocephala_fmnh343370 0.010080974820  0.008047327102  0.010581447122  0.010073020046  0.001000690671  0.000000000000  0.004514366966  0.006027286759  0.008554201823  0.006027286759  0.007542704470  0.013135256648  0.012113170747  0.006532618575  0.006532618575  0.009064110475  0.010080974820  0.010590188283  0.009064110475  0.009569504810  0.010586886258  0.010586886258  0.008556457465  0.008051704312  0.008051704312  0.010593878105  0.017767476291  0.015699705748  0.015705270727  0.014164212801  
piranga_rubriceps_lsu265 0.005528036526  0.003509578682  0.006027286759  0.005522468245  0.004515324087  0.004514366966  0.000000000000  0.001502268245  0.004012866765  0.001502268245  0.003007754397  0.008562128522  0.007547333937  0.002004035148  0.002004035148  0.004518389451  0.005528036526  0.006033630294  0.004518389451  0.005020974549  0.006031131410  0.006031131410  0.004014334063  0.003512382647  0.003512382647  0.006036513047  0.013160311229  0.011108217781  0.011112945812  0.009582937878  
piranga_rubriceps_lsu34818 0.007046363528  0.005020974549  0.007544826302  0.007038464741  0.006029016772  0.006027286759  0.001502268245  0.000000000000  0.005525796324  0.003009091322  0.004518389451  0.010088216269  0.009070303926  0.003512382647  0.003512382647  0.006033630294  0.007046363528  0.007553505096  0.006033630294  0.006536980851  0.007550226995  0.007550226995  0.005528036526  0.005025321975  0.005025321975  0.007557167866  0.014701389424  0.012642156055  0.012647678609  0.011112945812  
piranga_bidentata_hgoslp104 0.007547333937  0.005522468245  0.008047327102  0.007540968822  0.008556457465  0.008554201823  0.004012866765  0.005525796324  0.000000000000  0.002504528974  0.004011782659  0.009572282573  0.008556457465  0.003006799761  0.003006799761  0.004515324087  0.005523940104  0.006029016772  0.004515324087  0.005018161994  0.007038464741  0.007038464741  0.005019376223  0.004516665042  0.004516665042  0.007043345696  0.014174910493  0.012120966674  0.012125447747  0.010593878105  
piranga_ludoviciana_sdsu2385 0.005022956592  0.003006799761  0.005522468245  0.005018161994  0.006029016772  0.006027286759  0.001502268245  0.003009091322  0.002504528974  0.000000000000  0.001501697215  0.007040712640  0.006029016772  0.000500251689  0.000500251689  0.003007754397  0.004014334063  0.004518389451  0.003007754397  0.003509578682  0.004516665042  0.004516665042  0.002505228055  0.002004035148  0.002004035148  0.004520496937  0.011623996986  0.009578999486  0.009582937878  0.008057625803  
piranga_bidentata_itm141 0.006536980851  0.004515324087  0.007036602377  0.006531015153  0.007544826302  0.007542704470  0.003007754397  0.004518389451  0.004011782659  0.001501697215  0.000000000000  0.005525796324  0.004516665042  0.002003209335  0.002003209335  0.004516665042  0.005525796324  0.006031131410  0.004516665042  0.005019376223  0.006029016772  0.006029016772  0.004012866765  0.003510789389  0.003510789389  0.006033630294  0.013154522741  0.011103877061  0.011108217781  0.009578999486  
piranga_roseogularis_ku2049 0.012125447747  0.010080974820  0.012623950945  0.012113170747  0.013139489238  0.013135256648  0.008562128522  0.010088216269  0.009572282573  0.007040712640  0.005525796324  0.000000000000  0.001001007431  0.007547333937  0.007547333937  0.010084401972  0.011103877061  0.011614399917  0.010084401972  0.010590188283  0.011610183136  0.011610183136  0.009575447592  0.009070303926  0.009070303926  0.011619004659  0.018809371667  0.016735303873  0.016741797165  0.015196741661  
piranga_roseogularis_ku2141 0.011103877061  0.009064110475  0.011602914975  0.011093182553  0.012116874214  0.012113170747  0.007547333937  0.009070303926  0.008556457465  0.006029016772  0.004516665042  0.001001007431  0.000000000000  0.006534607268  0.006534607268  0.009067013898  0.010084401972  0.010593878105  0.009067013898  0.009572282573  0.010590188283  0.010590188283  0.008559099825  0.008054472213  0.008054472213  0.010597955343  0.017774509203  0.015705270727  0.015711226634  0.014169366789  
piranga_ludoviciana_sdsu2648 0.005528036526  0.003509578682  0.006027286759  0.005522468245  0.006534607268  0.006532618575  0.002004035148  0.003512382647  0.003006799761  0.000500251689  0.002003209335  0.007547333937  0.006534607268  0.000000000000  0.000000000000  0.003510789389  0.004518389451  0.005022956592  0.003510789389  0.004012866765  0.005020974549  0.005020974549  0.003007754397  0.002506309165  0.002506309165  0.005025321975  0.012135574224  0.010088216269  0.010092417334  0.008565543178  
piranga_ludoviciana_sdsu2208 0.005528036526  0.003509578682  0.006027286759  0.005522468245  0.006534607268  0.006532618575  0.002004035148  0.003512382647  0.003006799761  0.000500251689  0.002003209335  0.007547333937  0.006534607268  0.000000000000  0.000000000000  0.003510789389  0.004518389451  0.005022956592  0.003510789389  0.004012866765  0.005020974549  0.005020974549  0.003007754397  0.002506309165  0.002506309165  0.005025321975  0.012135574224  0.010088216269  0.010092417334  0.008565543178  
piranga_flava_lsu15408 0.008057625803  0.006029016772  0.008556457465  0.008049322482  0.009067013898  0.009064110475  0.004518389451  0.006033630294  0.004515324087  0.003007754397  0.004516665042  0.010084401972  0.009067013898  0.003510789389  0.003510789389  0.000000000000  0.001001007431  0.001502268245  0.000000000000  0.000500188685  0.007547333937  0.007547333937  0.005525796324  0.005022956592  0.005022956592  0.007553505096  0.014694799832  0.012637021635  0.012642156055  0.011108217781  
piranga_lutea_ku89864 0.009073980182  0.007040712640  0.009572282573  0.009064110475  0.010084401972  0.010080974820  0.005528036526  0.007046363528  0.005523940104  0.004014334063  0.005525796324  0.011103877061  0.010084401972  0.004518389451  0.004518389451  0.001001007431  0.000000000000  0.002506309165  0.001001007431  0.001501697215  0.008562128522  0.008562128522  0.006536980851  0.006033630294  0.006033630294  0.008569343415  0.015724309721  0.013661751918  0.013667418203  0.012130317056  
piranga_flava_ku90809 0.009582937878  0.007547333937  0.010080974820  0.009572282573  0.010593878105  0.010590188283  0.006033630294  0.007553505096  0.006029016772  0.004518389451  0.006031131410  0.011614399917  0.010593878105  0.005022956592  0.005022956592  0.001502268245  0.002506309165  0.000000000000  0.001502268245  0.002003209335  0.009070303926  0.009070303926  0.007043345696  0.006539738945  0.006539738945  0.009078042288  0.016239865522  0.014174910493  0.014180843535  0.012642156055  
piranga_hepatica_ku9084 0.008057625803  0.006029016772  0.008556457465  0.008049322482  0.009067013898  0.009064110475  0.004518389451  0.006033630294  0.004515324087  0.003007754397  0.004516665042  0.010084401972  0.009067013898  0.003510789389  0.003510789389  0.000000000000  0.001001007431  0.001502268245  0.000000000000  0.000500188685  0.007547333937  0.007547333937  0.005525796324  0.005022956592  0.005022956592  0.007553505096  0.014694799832  0.012637021635  0.012642156055  0.011108217781  
piranga_hepatica_ku4970 0.008562128522  0.006532618575  0.009061594039  0.008554201823  0.009572282573  0.009569504810  0.005020974549  0.006536980851  0.005018161994  0.003509578682  0.005019376223  0.010590188283  0.009572282573  0.004012866765  0.004012866765  0.000500188685  0.001501697215  0.002003209335  0.000500188685  0.000000000000  0.008051704312  0.008051704312  0.006029016772  0.005525796324  0.005525796324  0.008057625803  0.015202819979  0.013144111369  0.013149122662  0.011614399917  
piranga_ludoviciana_sdsu2650 0.009578999486  0.007544826302  0.010077935194  0.009569504810  0.010590188283  0.010586886258  0.006031131410  0.007550226995  0.007038464741  0.004516665042  0.006029016772  0.011610183136  0.010590188283  0.005020974549  0.005020974549  0.007547333937  0.008562128522  0.009070303926  0.007547333937  0.008051704312  0.000000000000  0.000000000000  0.002003209335  0.006536980851  0.005525796324  0.008057625803  0.015202819979  0.013144111369  0.013149122662  0.011614399917  
piranga_bidentata_itm160 0.009578999486  0.007544826302  0.010077935194  0.009569504810  0.010590188283  0.010586886258  0.006031131410  0.007550226995  0.007038464741  0.004516665042  0.006029016772  0.011610183136  0.010590188283  0.005020974549  0.005020974549  0.007547333937  0.008562128522  0.009070303926  0.007547333937  0.008051704312  0.000000000000  0.000000000000  0.002003209335  0.006536980851  0.005525796324  0.008057625803  0.015202819979  0.013144111369  0.013149122662  0.011614399917  
piranga_bidentata_tepe59 0.007550226995  0.005523940104  0.008049322482  0.007542704470  0.008559099825  0.008556457465  0.004014334063  0.005528036526  0.005019376223  0.002505228055  0.004012866765  0.009575447592  0.008559099825  0.003007754397  0.003007754397  0.005525796324  0.006536980851  0.007043345696  0.005525796324  0.006029016772  0.002003209335  0.002003209335  0.000000000000  0.004518389451  0.003510789389  0.006033630294  0.013154522741  0.011103877061  0.011108217781  0.009578999486  
piranga_olivacea_ku2699 0.007046363528  0.005020974549  0.007544826302  0.007038464741  0.008054472213  0.008051704312  0.003512382647  0.005025321975  0.004516665042  0.002004035148  0.003510789389  0.009070303926  0.008054472213  0.002506309165  0.002506309165  0.005022956592  0.006033630294  0.006539738945  0.005022956592  0.005525796324  0.006536980851  0.006536980851  0.004518389451  0.000000000000  0.001001007431  0.006542881173  0.013673473175  0.011619004659  0.011623996986  0.010092417334  
piranga_olivacea_ku4672 0.007046363528  0.005020974549  0.007544826302  0.007038464741  0.008054472213  0.008051704312  0.003512382647  0.005025321975  0.004516665042  0.002004035148  0.003510789389  0.009070303926  0.008054472213  0.002506309165  0.002506309165  0.005022956592  0.006033630294  0.006539738945  0.005022956592  0.005525796324  0.005525796324  0.005525796324  0.003510789389  0.001001007431  0.000000000000  0.006542881173  0.013673473175  0.011619004659  0.011623996986  0.010092417334  
piranga_lutea_lsu5400 0.009587262390  0.007550226995  0.010084401972  0.009575447592  0.010597955343  0.010593878105  0.006036513047  0.007557167866  0.007043345696  0.004520496937  0.006033630294  0.011619004659  0.010597955343  0.005025321975  0.005025321975  0.007553505096  0.008569343415  0.009078042288  0.007553505096  0.008057625803  0.008057625803  0.008057625803  0.006033630294  0.006542881173  0.006542881173  0.000000000000  0.012135574224  0.010088216269  0.010092417334  0.008565543178  
piranga_rubra_sdsu2635 0.016755956706  0.014688599481  0.017251122118  0.016735303873  0.017774509203  0.017767476291  0.013160311229  0.014701389424  0.014174910493  0.011623996986  0.013154522741  0.018809371667  0.017774509203  0.012135574224  0.012135574224  0.014694799832  0.015724309721  0.016239865522  0.014694799832  0.015202819979  0.015202819979  0.015202819979  0.013154522741  0.013673473175  0.013673473175  0.012135574224  0.000000000000  0.004014334063  0.007049765762  0.008565543178  
piranga_rubra_ku7046 0.014688599481  0.012632275724  0.015185756214  0.014672337632  0.015705270727  0.015699705748  0.011108217781  0.012642156055  0.012120966674  0.009578999486  0.011103877061  0.016735303873  0.015705270727  0.010088216269  0.010088216269  0.012637021635  0.013661751918  0.014174910493  0.012637021635  0.013144111369  0.013144111369  0.013144111369  0.011103877061  0.011619004659  0.011619004659  0.010088216269  0.004014334063  0.000000000000  0.005022956592  0.006534607268  
piranga_rubra_sdsu2654 0.014694799832  0.012637021635  0.015191053614  0.014677368004  0.015711226634  0.015705270727  0.011112945812  0.012647678609  0.012125447747  0.009582937878  0.011108217781  0.016741797165  0.015711226634  0.010092417334  0.010092417334  0.012642156055  0.013667418203  0.014180843535  0.012642156055  0.013149122662  0.013149122662  0.013149122662  0.011108217781  0.011623996986  0.011623996986  0.010092417334  0.007049765762  0.005022956592  0.000000000000  0.006536980851  
piranga_rubra_ku26592 0.013154522741  0.011103877061  0.013651586909  0.013139489238  0.014169366789  0.014164212801  0.009582937878  0.011112945812  0.010593878105  0.008057625803  0.009578999486  0.015196741661  0.014169366789  0.008565543178  0.008565543178  0.011108217781  0.012130317056  0.012642156055  0.011108217781  0.011614399917  0.011614399917  0.011614399917  0.009578999486  0.010092417334  0.010092417334  0.008565543178  0.008565543178  0.006534607268  0.006536980851  0.000000000000  

