30
cardinalis_cardinalis_ku21828 0.000000000000  0.001501563501  0.013120743732  0.014653897789  0.018234291970  0.023905310296  0.026484236786  0.023894501107  0.014138137640  0.017206596309  0.015158950223  0.015158950223  0.016184301448  0.014138137640  0.019261587042  0.018232167094  0.015670456471  0.014138137640  0.014138137640  0.014138137640  0.014138137640  0.014138137640  0.017717037079  0.017208531691  0.016691858161  0.016691858161  0.014138137640  0.017720145854  0.014648792435  0.016182554550  
cardinalis_cardinalis_ku25393 0.001501563501  0.000000000000  0.011594704276  0.013124527729  0.016697323893  0.022356102729  0.024929642232  0.022345493217  0.012610009961  0.015671872972  0.013628645154  0.013628645154  0.014651724460  0.012610009961  0.017722413508  0.016695245831  0.014139039227  0.012610009961  0.012610009961  0.012610009961  0.012610009961  0.012610009961  0.016181281408  0.015673762451  0.015158336262  0.015158336262  0.012610009961  0.016184301448  0.013119556277  0.014650022558  
piranga_erythrocephala_fmnh343371 0.013120743732  0.011594704276  0.000000000000  0.001502547585  0.006027638196  0.013127123578  0.014139039227  0.011593559141  0.002002790037  0.005018271812  0.004011181051  0.004011181051  0.004012620748  0.002002790037  0.007037367753  0.007034865247  0.003508686931  0.002002790037  0.002002790037  0.002002790037  0.002002790037  0.002002790037  0.005521169259  0.005019390698  0.004514230752  0.004514230752  0.002002790037  0.005522667264  0.002504392737  0.004011682130  
piranga_erythrocephala_fmnh343370 0.014653897789  0.013124527729  0.001502547585  0.000000000000  0.007546017049  0.014663242881  0.015673762451  0.013122400999  0.003509306797  0.006533185924  0.005521688011  0.005521688011  0.005526005917  0.003509306797  0.008558255827  0.008553814226  0.005019390698  0.003509306797  0.003509306797  0.003509306797  0.003509306797  0.003509306797  0.007035885466  0.006535268596  0.006025498893  0.006025498893  0.003509306797  0.007039311767  0.004012620748  0.005524106678  
piranga_leucoptera_fmnh481795 0.018234291970  0.016697323893  0.006027638196  0.007546017049  0.000000000000  0.010070150427  0.019259271654  0.016695245831  0.007034865247  0.010073459551  0.009057136081  0.009057136081  0.009061291188  0.007034865247  0.012108405760  0.012104058118  0.008552288721  0.007034865247  0.007034865247  0.007034865247  0.007034865247  0.007034865247  0.010578713286  0.010075494194  0.009563443592  0.009563443592  0.007034865247  0.010582035998  0.007540602583  0.009059441639  
piranga_leucoptera_lsu7783 0.023905310296  0.022356102729  0.013127123578  0.014663242881  0.010070150427  0.000000000000  0.026492352997  0.023901883501  0.014142256114  0.017213825939  0.016184301448  0.016184301448  0.016192381175  0.014142256114  0.019271394057  0.019264379472  0.015676124558  0.014142256114  0.014142256114  0.014142256114  0.014142256114  0.014142256114  0.017722413508  0.017217184109  0.016695245831  0.016695245831  0.014142256114  0.017728373595  0.014653897789  0.016189215109  
piranga_rubriceps_lsu265 0.026484236786  0.024929642232  0.014139039227  0.015673762451  0.019259271654  0.026492352997  0.000000000000  0.013631205216  0.015158336262  0.018230518395  0.017203641370  0.017203641370  0.017206596309  0.015158336262  0.020287914760  0.020284337120  0.016692512611  0.015158336262  0.015158336262  0.015158336262  0.015158336262  0.015158336262  0.018742064057  0.018232167094  0.017715832718  0.017715832718  0.015158336262  0.018744596124  0.015669513300  0.017205135892  
piranga_rubriceps_lsu34818 0.023894501107  0.022345493217  0.011593559141  0.013122400999  0.016695245831  0.023901883501  0.013631205216  0.000000000000  0.012609619359  0.015670456471  0.014647748928  0.014647748928  0.014650022558  0.012609619359  0.017206596309  0.017204150793  0.013628071346  0.012609619359  0.012609619359  0.012609619359  0.012609619359  0.012609619359  0.016180482376  0.015671872972  0.014137707759  0.014137707759  0.012609619359  0.016182554550  0.013118838982  0.014648792435  
piranga_bidentata_tepe59 0.014138137640  0.012610009961  0.002002790037  0.003509306797  0.007034865247  0.014142256114  0.015158336262  0.012609619359  0.000000000000  0.003007323858  0.002002790037  0.002002790037  0.002004532464  0.000000000000  0.005020968999  0.005018271812  0.001501827752  0.000000000000  0.000000000000  0.000000000000  0.000000000000  0.000000000000  0.003508686931  0.003008540279  0.002504408206  0.002504408206  0.000000000000  0.003510384527  0.000500282638  0.002003495559  
piranga_lutea_lsu5400 0.017206596309  0.015671872972  0.005018271812  0.006533185924  0.010073459551  0.017213825939  0.018230518395  0.015670456471  0.003007323858  0.000000000000  0.005018271812  0.005018271812  0.005023006381  0.003007323858  0.008053303099  0.008048583899  0.004516507713  0.003007323858  0.003007323858  0.003007323858  0.003007323858  0.003007323858  0.006531564232  0.006031619781  0.005521688011  0.005521688011  0.003007323858  0.006535268596  0.003510384527  0.005020968999  
piranga_lutea_ku89864 0.015158950223  0.013628645154  0.004011181051  0.005521688011  0.009057136081  0.016184301448  0.017203641370  0.014647748928  0.002002790037  0.005018271812  0.000000000000  0.000000000000  0.004012620748  0.002002790037  0.007037367753  0.007034865247  0.003508686931  0.002002790037  0.002002790037  0.002002790037  0.002002790037  0.002002790037  0.005521169259  0.005019390698  0.004514230752  0.004514230752  0.002002790037  0.005522667264  0.002504392737  0.004011682130  
piranga_olivacea_ku4672 0.015158950223  0.013628645154  0.004011181051  0.005521688011  0.009057136081  0.016184301448  0.017203641370  0.014647748928  0.002002790037  0.005018271812  0.000000000000  0.000000000000  0.004012620748  0.002002790037  0.007037367753  0.007034865247  0.003508686931  0.002002790037  0.002002790037  0.002002790037  0.002002790037  0.002002790037  0.005521169259  0.005019390698  0.004514230752  0.004514230752  0.002002790037  0.005522667264  0.002504392737  0.004011682130  
piranga_flava_ku90809 0.016184301448  0.014651724460  0.004012620748  0.005526005917  0.009061291188  0.016192381175  0.017206596309  0.014650022558  0.002004532464  0.005023006381  0.004012620748  0.004012620748  0.000000000000  0.002004532464  0.007044583634  0.007039311767  0.003511919783  0.002004532464  0.002004532464  0.002004532464  0.002004532464  0.002004532464  0.005524106678  0.005025502509  0.004515249618  0.004515249618  0.002004532464  0.005528364644  0.002507087333  0.004015872451  
piranga_ludoviciana_sdsu2208 0.014138137640  0.012610009961  0.002002790037  0.003509306797  0.007034865247  0.014142256114  0.015158336262  0.012609619359  0.000000000000  0.003007323858  0.002002790037  0.002002790037  0.002004532464  0.000000000000  0.005020968999  0.005018271812  0.001501827752  0.000000000000  0.000000000000  0.000000000000  0.000000000000  0.000000000000  0.003508686931  0.003008540279  0.002504408206  0.002504408206  0.000000000000  0.003510384527  0.000500282638  0.002003495559  
piranga_roseogularis_ku2049 0.019261587042  0.017722413508  0.007037367753  0.008558255827  0.012108405760  0.019271394057  0.020287914760  0.017206596309  0.005020968999  0.008053303099  0.007037367753  0.007037367753  0.007044583634  0.005020968999  0.000000000000  0.009061291188  0.005524106678  0.005020968999  0.005020968999  0.005020968999  0.005020968999  0.005020968999  0.008555803374  0.008056356192  0.007541945039  0.007541945039  0.005020968999  0.008561171248  0.005526005917  0.007041717173  
piranga_hepatica_ku9084 0.018232167094  0.016695245831  0.007034865247  0.008553814226  0.012104058118  0.019264379472  0.020284337120  0.017204150793  0.005018271812  0.008048583899  0.007034865247  0.007034865247  0.007039311767  0.005018271812  0.009061291188  0.000000000000  0.004514110797  0.005018271812  0.005018271812  0.005018271812  0.005018271812  0.005018271812  0.008552288721  0.008050712223  0.007539722946  0.007539722946  0.005018271812  0.008555803374  0.005522667264  0.007037367753  
piranga_roseogularis_ku2141 0.015670456471  0.014139039227  0.003508686931  0.005019390698  0.008552288721  0.015676124558  0.016692512611  0.013628071346  0.001501827752  0.004516507713  0.003508686931  0.003508686931  0.003511919783  0.001501827752  0.005524106678  0.004514110797  0.000000000000  0.001501827752  0.001501827752  0.001501827752  0.001501827752  0.001501827752  0.005018271812  0.004518224482  0.004011202118  0.004011202118  0.001501827752  0.005020968999  0.002003495559  0.003510384527  
piranga_ludoviciana_sdsu2650 0.014138137640  0.012610009961  0.002002790037  0.003509306797  0.007034865247  0.014142256114  0.015158336262  0.012609619359  0.000000000000  0.003007323858  0.002002790037  0.002002790037  0.002004532464  0.000000000000  0.005020968999  0.005018271812  0.001501827752  0.000000000000  0.000000000000  0.000000000000  0.000000000000  0.000000000000  0.003508686931  0.003008540279  0.002504408206  0.002504408206  0.000000000000  0.003510384527  0.000500282638  0.002003495559  
piranga_flava_lsu15408 0.014138137640  0.012610009961  0.002002790037  0.003509306797  0.007034865247  0.014142256114  0.015158336262  0.012609619359  0.000000000000  0.003007323858  0.002002790037  0.002002790037  0.002004532464  0.000000000000  0.005020968999  0.005018271812  0.001501827752  0.000000000000  0.000000000000  0.000000000000  0.000000000000  0.000000000000  0.003508686931  0.003008540279  0.002504408206  0.002504408206  0.000000000000  0.003510384527  0.000500282638  0.002003495559  
piranga_bidentata_itm141 0.014138137640  0.012610009961  0.002002790037  0.003509306797  0.007034865247  0.014142256114  0.015158336262  0.012609619359  0.000000000000  0.003007323858  0.002002790037  0.002002790037  0.002004532464  0.000000000000  0.005020968999  0.005018271812  0.001501827752  0.000000000000  0.000000000000  0.000000000000  0.000000000000  0.000000000000  0.003508686931  0.003008540279  0.002504408206  0.002504408206  0.000000000000  0.003510384527  0.000500282638  0.002003495559  
piranga_bidentata_hgoslp104 0.014138137640  0.012610009961  0.002002790037  0.003509306797  0.007034865247  0.014142256114  0.015158336262  0.012609619359  0.000000000000  0.003007323858  0.002002790037  0.002002790037  0.002004532464  0.000000000000  0.005020968999  0.005018271812  0.001501827752  0.000000000000  0.000000000000  0.000000000000  0.000000000000  0.000000000000  0.003508686931  0.003008540279  0.002504408206  0.002504408206  0.000000000000  0.003510384527  0.000500282638  0.002003495559  
piranga_bidentata_itm160 0.014138137640  0.012610009961  0.002002790037  0.003509306797  0.007034865247  0.014142256114  0.015158336262  0.012609619359  0.000000000000  0.003007323858  0.002002790037  0.002002790037  0.002004532464  0.000000000000  0.005020968999  0.005018271812  0.001501827752  0.000000000000  0.000000000000  0.000000000000  0.000000000000  0.000000000000  0.003508686931  0.003008540279  0.002504408206  0.002504408206  0.000000000000  0.003510384527  0.000500282638  0.002003495559  
piranga_ludoviciana_sdsu2385 0.017717037079  0.016181281408  0.005521169259  0.007035885466  0.010578713286  0.017722413508  0.018742064057  0.016180482376  0.003508686931  0.006531564232  0.005521169259  0.005521169259  0.005524106678  0.003508686931  0.008555803374  0.008552288721  0.005018271812  0.003508686931  0.003508686931  0.003508686931  0.003508686931  0.003508686931  0.000000000000  0.005522667264  0.006025120946  0.006025120946  0.003508686931  0.007037367753  0.004011682130  0.005522667264  
piranga_ludoviciana_sdsu2648 0.017208531691  0.015673762451  0.005019390698  0.006535268596  0.010075494194  0.017217184109  0.018232167094  0.015671872972  0.003008540279  0.006031619781  0.005019390698  0.005019390698  0.005025502509  0.003008540279  0.008056356192  0.008050712223  0.004518224482  0.003008540279  0.003008540279  0.003008540279  0.003008540279  0.003008540279  0.005522667264  0.000000000000  0.005522667264  0.005522667264  0.003008540279  0.006537811912  0.003511919783  0.005023006381  
piranga_rubra_sdsu2635 0.016691858161  0.015158336262  0.004514230752  0.006025498893  0.009563443592  0.016695245831  0.017715832718  0.014137707759  0.002504408206  0.005521688011  0.004514230752  0.004514230752  0.004515249618  0.002504408206  0.007541945039  0.007539722946  0.004011202118  0.002504408206  0.002504408206  0.002504408206  0.002504408206  0.002504408206  0.006025120946  0.005522667264  0.000000000000  0.000000000000  0.002504408206  0.006026338090  0.003006262721  0.004514450532  
piranga_rubra_sdsu2654 0.016691858161  0.015158336262  0.004514230752  0.006025498893  0.009563443592  0.016695245831  0.017715832718  0.014137707759  0.002504408206  0.005521688011  0.004514230752  0.004514230752  0.004515249618  0.002504408206  0.007541945039  0.007539722946  0.004011202118  0.002504408206  0.002504408206  0.002504408206  0.002504408206  0.002504408206  0.006025120946  0.005522667264  0.000000000000  0.000000000000  0.002504408206  0.006026338090  0.003006262721  0.004514450532  
piranga_olivacea_ku2699 0.014138137640  0.012610009961  0.002002790037  0.003509306797  0.007034865247  0.014142256114  0.015158336262  0.012609619359  0.000000000000  0.003007323858  0.002002790037  0.002002790037  0.002004532464  0.000000000000  0.005020968999  0.005018271812  0.001501827752  0.000000000000  0.000000000000  0.000000000000  0.000000000000  0.000000000000  0.003508686931  0.003008540279  0.002504408206  0.002504408206  0.000000000000  0.003510384527  0.000500282638  0.002003495559  
piranga_rubra_ku7046 0.017720145854  0.016184301448  0.005522667264  0.007039311767  0.010582035998  0.017728373595  0.018744596124  0.016182554550  0.003510384527  0.006535268596  0.005522667264  0.005522667264  0.005528364644  0.003510384527  0.008561171248  0.008555803374  0.005020968999  0.003510384527  0.003510384527  0.003510384527  0.003510384527  0.003510384527  0.007037367753  0.006537811912  0.006026338090  0.006026338090  0.003510384527  0.000000000000  0.004014017633  0.005526005917  
piranga_hepatica_ku4970 0.014648792435  0.013119556277  0.002504392737  0.004012620748  0.007540602583  0.014653897789  0.015669513300  0.013118838982  0.000500282638  0.003510384527  0.002504392737  0.002504392737  0.002507087333  0.000500282638  0.005526005917  0.005522667264  0.002003495559  0.000500282638  0.000500282638  0.000500282638  0.000500282638  0.000500282638  0.004011682130  0.003511919783  0.003006262721  0.003006262721  0.000500282638  0.004014017633  0.000000000000  0.002505732637  
piranga_rubra_ku26592 0.016182554550  0.014650022558  0.004011682130  0.005524106678  0.009059441639  0.016189215109  0.017205135892  0.014648792435  0.002003495559  0.005020968999  0.004011682130  0.004011682130  0.004015872451  0.002003495559  0.007041717173  0.007037367753  0.003510384527  0.002003495559  0.002003495559  0.002003495559  0.002003495559  0.002003495559  0.005522667264  0.005023006381  0.004514450532  0.004514450532  0.002003495559  0.005526005917  0.002505732637  0.000000000000  

