30
cardinalis_cardinalis_ku21828 0.000000000000  0.004517511467  0.011603969160  0.012625599471  0.017238439516  0.016728547975  0.015688755516  0.014662175205  0.015179527840  0.017748727521  0.015179527840  0.016202895214  0.013645168014  0.013645168014  0.013649475063  0.016722857915  0.016728547975  0.011603969160  0.015684542428  0.017725953155  0.014655390952  0.016190654009  0.015680764433  0.014662175205  0.016190654009  0.014153474193  0.014153474193  0.015175182596  0.016712783416  0.016198379242  
cardinalis_cardinalis_ku25393 0.004517511467  0.000000000000  0.011093992912  0.012114504271  0.016722857915  0.016213232062  0.015175182596  0.014149732100  0.014666218542  0.017232879958  0.014666218542  0.015688755516  0.013133249567  0.013133249567  0.013137255991  0.016207846274  0.016213232062  0.011093992912  0.014658565887  0.016697867025  0.013632269320  0.015164754562  0.014655390952  0.013637852040  0.015164754562  0.013129675380  0.013129675380  0.014149732100  0.015684542428  0.015171271726  
piranga_erythrocephala_fmnh343370 0.011603969160  0.011093992912  0.000000000000  0.001001074785  0.005527190618  0.005024339184  0.006026859659  0.005017839145  0.005523355887  0.008051480628  0.005523355887  0.006532190624  0.004012236626  0.004012236626  0.004013491300  0.007040228783  0.007042813533  0.002002845873  0.006025713655  0.008044159971  0.005017139377  0.007034156160  0.006529740077  0.005017839145  0.006529155155  0.004514844178  0.004514844178  0.005522076228  0.007036338475  0.006530752022  
piranga_leucoptera_fmnh481795 0.012625599471  0.012114504271  0.001001074785  0.000000000000  0.004517511467  0.004015169503  0.007038070311  0.006026859659  0.006534055522  0.009067100202  0.006534055522  0.007544499913  0.005020240042  0.005020240042  0.005022077512  0.008054228167  0.008057402668  0.003007083885  0.007036338475  0.009056831658  0.006024993970  0.008045803378  0.007540875838  0.006026859659  0.007539705170  0.005523355887  0.005523355887  0.006532190624  0.008049160410  0.007542474206  
piranga_erythrocephala_fmnh343371 0.017238439516  0.016722857915  0.005527190618  0.004517511467  0.000000000000  0.008565527033  0.011607508476  0.010587517574  0.011100904960  0.013654214343  0.011100904960  0.012118342591  0.009575741475  0.009575741475  0.009579377440  0.012634306597  0.012639306552  0.007546952598  0.011603969160  0.013634843841  0.010582061161  0.012618618443  0.012111097124  0.010587517574  0.012108121511  0.010081433984  0.010081433984  0.010587517574  0.012625599471  0.012114504271  
piranga_leucoptera_lsu7783 0.016728547975  0.016213232062  0.005024339184  0.004015169503  0.008565527033  0.000000000000  0.011100904960  0.010081433984  0.010594693053  0.012122611725  0.010594693053  0.011611478256  0.009070439379  0.009070439379  0.009074206208  0.011615878141  0.012132441008  0.007042813533  0.011097233879  0.013126533790  0.010075712119  0.012111097124  0.011603969160  0.010081433984  0.011600860667  0.009575741475  0.009575741475  0.010590890610  0.012118342591  0.011607508476  
piranga_rubriceps_lsu265 0.015688755516  0.015175182596  0.006026859659  0.007038070311  0.011607508476  0.011100904960  0.000000000000  0.001001074785  0.009569754966  0.012114504271  0.009569754966  0.010081433984  0.008049160410  0.008049160410  0.008051480628  0.011097233879  0.011100904960  0.006026859659  0.010073495676  0.012101787516  0.009056831658  0.011086854309  0.010579978508  0.009059652163  0.010578326709  0.008554210938  0.008554210938  0.009567405142  0.011091182420  0.010582061161  
piranga_rubriceps_lsu34818 0.014662175205  0.014149732100  0.005017839145  0.006026859659  0.010587517574  0.010081433984  0.001001074785  0.000000000000  0.008554210938  0.011093992912  0.008554210938  0.009064189035  0.007036338475  0.007036338475  0.007038070311  0.010078358342  0.010081433984  0.005017839145  0.009058027182  0.011084252468  0.008044159971  0.010070353588  0.009563994163  0.008045803378  0.009562933738  0.007540875838  0.007540875838  0.008552451976  0.010073495676  0.009565484753  
piranga_roseogularis_ku2049 0.015179527840  0.014666218542  0.005523355887  0.006534055522  0.011100904960  0.010594693053  0.009569754966  0.008554210938  0.000000000000  0.002505502004  0.008054228167  0.009067100202  0.006536346357  0.006536346357  0.005527190618  0.009579377440  0.009583441405  0.004517511467  0.008556398285  0.010579978508  0.007540875838  0.009567405142  0.009061706235  0.007544499913  0.009059652163  0.007040228783  0.007040228783  0.008051480628  0.009572533864  0.009064189035  
piranga_roseogularis_ku2141 0.017748727521  0.017232879958  0.008051480628  0.009067100202  0.013654214343  0.012122611725  0.012114504271  0.011093992912  0.002505502004  0.000000000000  0.010594693053  0.011611478256  0.009070439379  0.009070439379  0.008057402668  0.012127311315  0.012132441008  0.007042813533  0.011097233879  0.013126533790  0.010075712119  0.012111097124  0.011603969160  0.010081433984  0.011600860667  0.009575741475  0.009575741475  0.010590890610  0.012118342591  0.011607508476  
piranga_lutea_ku89864 0.015179527840  0.014666218542  0.005523355887  0.006534055522  0.011100904960  0.010594693053  0.009569754966  0.008554210938  0.008054228167  0.010594693053  0.000000000000  0.004012236626  0.001501767986  0.001501767986  0.004517511467  0.008562056692  0.008565527033  0.003510015832  0.007542474206  0.009563994163  0.005522076228  0.008552451976  0.008047267873  0.006532190624  0.008045803378  0.006028431620  0.006028431620  0.007038070311  0.008556398285  0.008049160410  
piranga_flava_ku90809 0.016202895214  0.015688755516  0.006532190624  0.007544499913  0.012118342591  0.011611478256  0.010081433984  0.009064189035  0.009067100202  0.011611478256  0.004012236626  0.000000000000  0.002504694288  0.002504694288  0.005525060803  0.009575741475  0.009579377440  0.004515965711  0.008554210938  0.010578326709  0.007539705170  0.009565484753  0.009059652163  0.007542474206  0.009058027182  0.007038070311  0.007038070311  0.008049160410  0.009569754966  0.009061706235  
piranga_flava_lsu15408 0.013645168014  0.013133249567  0.004012236626  0.005020240042  0.009575741475  0.009070439379  0.008049160410  0.007036338475  0.006536346357  0.009070439379  0.001501767986  0.002504694288  0.000000000000  0.000000000000  0.003008181137  0.007042813533  0.007045824202  0.002003364676  0.006026859659  0.008044767288  0.005017276438  0.007035033637  0.006530752022  0.005018827134  0.006529740077  0.004515965711  0.004515965711  0.005523355887  0.007038070311  0.006532190624  
piranga_hepatica_ku9084 0.013645168014  0.013133249567  0.004012236626  0.005020240042  0.009575741475  0.009070439379  0.008049160410  0.007036338475  0.006536346357  0.009070439379  0.001501767986  0.002504694288  0.000000000000  0.000000000000  0.003008181137  0.007042813533  0.007045824202  0.002003364676  0.006026859659  0.008044767288  0.005017276438  0.007035033637  0.006530752022  0.005018827134  0.006529740077  0.004515965711  0.004515965711  0.005523355887  0.007038070311  0.006532190624  
piranga_bidentata_hgoslp104 0.013649475063  0.013137255991  0.004013491300  0.005022077512  0.009579377440  0.009074206208  0.008051480628  0.007038070311  0.005527190618  0.008057402668  0.004517511467  0.005525060803  0.003008181137  0.003008181137  0.000000000000  0.007045824202  0.007049260437  0.002004305313  0.006028431620  0.008045803378  0.005017839145  0.007036338475  0.006532190624  0.005020240042  0.006530752022  0.004517511467  0.004517511467  0.005525060803  0.007040228783  0.006534055522  
piranga_hepatica_ku4970 0.016722857915  0.016207846274  0.007040228783  0.008054228167  0.012634306597  0.011615878141  0.011097233879  0.010078358342  0.009579377440  0.012127311315  0.008562056692  0.009575741475  0.007042813533  0.007042813533  0.007045824202  0.000000000000  0.010093233840  0.005022077512  0.008049160410  0.010071709378  0.007035033637  0.009059652163  0.008554210938  0.008051480628  0.009567405142  0.007546952598  0.007546952598  0.008559013656  0.010081433984  0.009572533864  
piranga_lutea_lsu5400 0.016728547975  0.016213232062  0.007042813533  0.008057402668  0.012639306552  0.012132441008  0.011100904960  0.010081433984  0.009583441405  0.012132441008  0.008565527033  0.009579377440  0.007045824202  0.007045824202  0.007049260437  0.010093233840  0.000000000000  0.005024339184  0.009067100202  0.011091182420  0.008049160410  0.010078358342  0.009572533864  0.008054228167  0.009569754966  0.007549831903  0.007549831903  0.008562056692  0.010084938686  0.009575741475  
piranga_ludoviciana_sdsu2650 0.011603969160  0.011093992912  0.002002845873  0.003007083885  0.007546952598  0.007042813533  0.006026859659  0.005017839145  0.004517511467  0.007042813533  0.003510015832  0.004515965711  0.002003364676  0.002003364676  0.002004305313  0.005022077512  0.005024339184  0.000000000000  0.004011405840  0.006024700969  0.003006330725  0.005017276438  0.004514147229  0.003006409492  0.004513875226  0.002504694288  0.002504694288  0.003509051612  0.005018827134  0.004514844178  
piranga_ludoviciana_sdsu2385 0.015684542428  0.014658565887  0.006025713655  0.007036338475  0.011603969160  0.011097233879  0.010073495676  0.009058027182  0.008556398285  0.011097233879  0.007542474206  0.008554210938  0.006026859659  0.006026859659  0.006028431620  0.008049160410  0.009067100202  0.004011405840  0.000000000000  0.006025713655  0.003006409492  0.005018827134  0.004012236626  0.005020240042  0.006530752022  0.004517511467  0.004517511467  0.005525060803  0.007040228783  0.006534055522  
piranga_ludoviciana_sdsu2208 0.017725953155  0.016697867025  0.008044159971  0.009056831658  0.013634843841  0.013126533790  0.012101787516  0.011084252468  0.010579978508  0.013126533790  0.009563994163  0.010578326709  0.008044767288  0.008044767288  0.008045803378  0.010071709378  0.011091182420  0.006024700969  0.006025713655  0.000000000000  0.005017139377  0.007034156160  0.006529740077  0.007035033637  0.008550220660  0.006530752022  0.006530752022  0.007540875838  0.009059652163  0.008552451976  
piranga_bidentata_tepe59 0.014655390952  0.013632269320  0.005017139377  0.006024993970  0.010582061161  0.010075712119  0.009056831658  0.008044159971  0.007540875838  0.010075712119  0.005522076228  0.007539705170  0.005017276438  0.005017276438  0.005017839145  0.007035033637  0.008049160410  0.003006330725  0.003006409492  0.005017139377  0.000000000000  0.004010999302  0.003508510944  0.004011405840  0.005520794130  0.003509051612  0.003509051612  0.004514844178  0.006026859659  0.005522076228  
piranga_olivacea_ku2699 0.016190654009  0.015164754562  0.007034156160  0.008045803378  0.012618618443  0.012111097124  0.011086854309  0.010070353588  0.009567405142  0.012111097124  0.008552451976  0.009565484753  0.007035033637  0.007035033637  0.007036338475  0.009059652163  0.010078358342  0.005017276438  0.005018827134  0.007034156160  0.004010999302  0.000000000000  0.003511403245  0.006026859659  0.007539705170  0.005523355887  0.005523355887  0.006532190624  0.008049160410  0.007542474206  
piranga_olivacea_ku4672 0.015680764433  0.014655390952  0.006529740077  0.007540875838  0.012111097124  0.011603969160  0.010579978508  0.009563994163  0.009061706235  0.011603969160  0.008047267873  0.009059652163  0.006530752022  0.006530752022  0.006532190624  0.008554210938  0.009572533864  0.004514147229  0.004012236626  0.006529740077  0.003508510944  0.003511403245  0.000000000000  0.005523355887  0.007035033637  0.005020240042  0.005020240042  0.006028431620  0.007544499913  0.007038070311  
piranga_rubra_sdsu2635 0.014662175205  0.013637852040  0.005017839145  0.006026859659  0.010587517574  0.010081433984  0.009059652163  0.008045803378  0.007544499913  0.010081433984  0.006532190624  0.007542474206  0.005018827134  0.005018827134  0.005020240042  0.008051480628  0.008054228167  0.003006409492  0.005020240042  0.007035033637  0.004011405840  0.006026859659  0.005523355887  0.000000000000  0.001501728823  0.003511403245  0.003511403245  0.004517511467  0.006030429178  0.005525060803  
piranga_rubra_sdsu2654 0.016190654009  0.015164754562  0.006529155155  0.007539705170  0.012108121511  0.011600860667  0.010578326709  0.009562933738  0.009059652163  0.011600860667  0.008045803378  0.009058027182  0.006529740077  0.006529740077  0.006530752022  0.009567405142  0.009569754966  0.004513875226  0.006530752022  0.008550220660  0.005520794130  0.007539705170  0.007035033637  0.001501728823  0.000000000000  0.005018827134  0.005018827134  0.006026859659  0.007542474206  0.007036338475  
piranga_bidentata_itm160 0.014153474193  0.013129675380  0.004514844178  0.005523355887  0.010081433984  0.009575741475  0.008554210938  0.007540875838  0.007040228783  0.009575741475  0.006028431620  0.007038070311  0.004515965711  0.004515965711  0.004517511467  0.007546952598  0.007549831903  0.002504694288  0.004517511467  0.006530752022  0.003509051612  0.005523355887  0.005020240042  0.003511403245  0.005018827134  0.000000000000  0.000000000000  0.004015169503  0.005527190618  0.005022077512  
piranga_bidentata_itm141 0.014153474193  0.013129675380  0.004514844178  0.005523355887  0.010081433984  0.009575741475  0.008554210938  0.007540875838  0.007040228783  0.009575741475  0.006028431620  0.007038070311  0.004515965711  0.004515965711  0.004517511467  0.007546952598  0.007549831903  0.002504694288  0.004517511467  0.006530752022  0.003509051612  0.005523355887  0.005020240042  0.003511403245  0.005018827134  0.000000000000  0.000000000000  0.004015169503  0.005527190618  0.005022077512  
piranga_ludoviciana_sdsu2648 0.015175182596  0.014149732100  0.005522076228  0.006532190624  0.010587517574  0.010590890610  0.009567405142  0.008552451976  0.008051480628  0.010590890610  0.007038070311  0.008049160410  0.005523355887  0.005523355887  0.005525060803  0.008559013656  0.008562056692  0.003509051612  0.005525060803  0.007540875838  0.004514844178  0.006532190624  0.006028431620  0.004517511467  0.006026859659  0.004015169503  0.004015169503  0.000000000000  0.006536346357  0.006030429178  
piranga_rubra_ku7046 0.016712783416  0.015684542428  0.007036338475  0.008049160410  0.012625599471  0.012118342591  0.011091182420  0.010073495676  0.009572533864  0.012118342591  0.008556398285  0.009569754966  0.007038070311  0.007038070311  0.007040228783  0.010081433984  0.010084938686  0.005018827134  0.007040228783  0.009059652163  0.006026859659  0.008049160410  0.007544499913  0.006030429178  0.007542474206  0.005527190618  0.005527190618  0.006536346357  0.000000000000  0.000500268504  
piranga_rubra_ku26592 0.016198379242  0.015171271726  0.006530752022  0.007542474206  0.012114504271  0.011607508476  0.010582061161  0.009565484753  0.009064189035  0.011607508476  0.008049160410  0.009061706235  0.006532190624  0.006532190624  0.006534055522  0.009572533864  0.009575741475  0.004514844178  0.006534055522  0.008552451976  0.005522076228  0.007542474206  0.007038070311  0.005525060803  0.007036338475  0.005022077512  0.005022077512  0.006030429178  0.000500268504  0.000000000000  

