30
cardinalis_cardinalis_ku21828 0.000000000000  0.002505373809  0.015196473937  0.015196473937  0.017251652898  0.016220100361  0.013666681812  0.016742175467  0.010100318933  0.010100318933  0.014694434659  0.014186658619  0.010610947527  0.010610947527  0.010100318933  0.012134402820  0.014701096653  0.012134402820  0.011628068008  0.013165647883  0.011628068008  0.012646644668  0.011628068008  0.011628068008  0.010605744510  0.011116634059  0.012140047517  0.010100318933  0.010100318933  0.010100318933  
cardinalis_cardinalis_ku25393 0.002505373809  0.000000000000  0.015705154313  0.015705154313  0.017761522016  0.016729436989  0.014174318437  0.017251652898  0.010605744510  0.010605744510  0.015202599857  0.014694434659  0.011116634059  0.011116634059  0.010605744510  0.012641125053  0.015209137558  0.012641125053  0.012134402820  0.013672771395  0.012134402820  0.013153629508  0.012134402820  0.012134402820  0.011111556320  0.011622707092  0.012646644668  0.010605744510  0.010605744510  0.010605744510  
piranga_erythrocephala_fmnh343371 0.015196473937  0.015705154313  0.000000000000  0.000000000000  0.008046536404  0.008046536404  0.004514618733  0.007541765620  0.007037381050  0.007037381050  0.011602042390  0.011095334270  0.007543657696  0.007543657696  0.007037381050  0.009060652012  0.011605355462  0.009060652012  0.008555367114  0.010079794317  0.008555367114  0.009568514489  0.008555367114  0.008555367114  0.007541765620  0.008048298792  0.009062971718  0.007037381050  0.007037381050  0.007037381050  
piranga_erythrocephala_fmnh343370 0.015196473937  0.015705154313  0.000000000000  0.000000000000  0.008046536404  0.008046536404  0.004514618733  0.007541765620  0.007037381050  0.007037381050  0.011602042390  0.011095334270  0.007543657696  0.007543657696  0.007037381050  0.009060652012  0.011605355462  0.009060652012  0.008555367114  0.010079794317  0.008555367114  0.009568514489  0.008555367114  0.008555367114  0.007541765620  0.008048298792  0.009062971718  0.007037381050  0.007037381050  0.007037381050  
piranga_leucoptera_fmnh481795 0.017251652898  0.017761522016  0.008046536404  0.008046536404  0.000000000000  0.001001043217  0.006531637884  0.009568514489  0.009062971718  0.009062971718  0.013642398134  0.013134517441  0.009571113739  0.009571113739  0.009062971718  0.011092302813  0.013646431755  0.011092302813  0.010585854475  0.012115919204  0.010585854475  0.011602042390  0.010585854475  0.010585854475  0.009568514489  0.010076914929  0.011095334270  0.009062971718  0.009062971718  0.009062971718  
piranga_leucoptera_lsu7783 0.016220100361  0.016729436989  0.008046536404  0.008046536404  0.001001043217  0.000000000000  0.006531637884  0.009568514489  0.008048298792  0.008048298792  0.012619681741  0.012112323917  0.008555367114  0.008555367114  0.008048298792  0.010074444912  0.012623148548  0.010074444912  0.009568514489  0.011095334270  0.009568514489  0.010583104035  0.009568514489  0.009568514489  0.008553326361  0.009060652012  0.010076914929  0.008048298792  0.008048298792  0.008048298792  
piranga_rubriceps_lsu265 0.013666681812  0.014174318437  0.004514618733  0.004514618733  0.006531637884  0.006531637884  0.000000000000  0.004013198933  0.005524535966  0.005524535966  0.010079794317  0.009574121681  0.006029767938  0.006029767938  0.005524535966  0.007543657696  0.010083082705  0.007543657696  0.007039402421  0.008560672480  0.007039402421  0.008050468951  0.007039402421  0.007039402421  0.006027894600  0.006533382040  0.007545956868  0.005524535966  0.005524535966  0.005524535966  
piranga_rubriceps_lsu34818 0.016742175467  0.017251652898  0.007541765620  0.007541765620  0.009568514489  0.009568514489  0.004013198933  0.000000000000  0.008557815943  0.008557815943  0.013134517441  0.012627026651  0.009065699807  0.009065699807  0.008557815943  0.010585854475  0.013138678962  0.010585854475  0.010079794317  0.011609078836  0.010079794317  0.011095334270  0.010079794317  0.010079794317  0.009062971718  0.009571113739  0.010589014594  0.008557815943  0.008557815943  0.008557815943  
piranga_rubra_ku7046 0.010100318933  0.010605744510  0.007037381050  0.007037381050  0.009062971718  0.008048298792  0.005524535966  0.008557815943  0.000000000000  0.000000000000  0.004515664754  0.004013198933  0.000500260623  0.000500260623  0.000000000000  0.002002807549  0.004517115317  0.002002807549  0.001501734793  0.003007981439  0.001501734793  0.002504616480  0.001501734793  0.001501734793  0.000500190125  0.001000701212  0.002003291960  0.000000000000  0.000000000000  0.000000000000  
piranga_lutea_ku89864 0.010100318933  0.010605744510  0.007037381050  0.007037381050  0.009062971718  0.008048298792  0.005524535966  0.008557815943  0.000000000000  0.000000000000  0.004515664754  0.004013198933  0.000500260623  0.000500260623  0.000000000000  0.002002807549  0.004517115317  0.002002807549  0.001501734793  0.003007981439  0.001501734793  0.002504616480  0.001501734793  0.001501734793  0.000500190125  0.001000701212  0.002003291960  0.000000000000  0.000000000000  0.000000000000  
piranga_roseogularis_ku2049 0.014694434659  0.015202599857  0.011602042390  0.011602042390  0.013642398134  0.012619681741  0.010079794317  0.013134517441  0.004515664754  0.004515664754  0.000000000000  0.000500190125  0.005019835277  0.005019835277  0.004515664754  0.006531637884  0.009065699807  0.006531637884  0.006027894600  0.007545956868  0.006027894600  0.007037381050  0.006027894600  0.006027894600  0.005018514063  0.005522938980  0.006533382040  0.004515664754  0.004515664754  0.004515664754  
piranga_roseogularis_ku2141 0.014186658619  0.014694434659  0.011095334270  0.011095334270  0.013134517441  0.012112323917  0.009574121681  0.012627026651  0.004013198933  0.004013198933  0.000500190125  0.000000000000  0.004517115317  0.004517115317  0.004013198933  0.006027894600  0.008560672480  0.006027894600  0.005524535966  0.007041830214  0.005524535966  0.006533382040  0.005524535966  0.005524535966  0.004515664754  0.005019835277  0.006029767938  0.004013198933  0.004013198933  0.004013198933  
piranga_bidentata_itm160 0.010610947527  0.011116634059  0.007543657696  0.007543657696  0.009571113739  0.008555367114  0.006029767938  0.009065699807  0.000500260623  0.000500260623  0.005019835277  0.004517115317  0.000000000000  0.000000000000  0.000500260623  0.002504616480  0.005021561333  0.002504616480  0.002003291960  0.003511115952  0.002003291960  0.003006950620  0.002003291960  0.002003291960  0.001000701212  0.001501734793  0.002505373809  0.000500260623  0.000500260623  0.000500260623  
piranga_bidentata_hgoslp104 0.010610947527  0.011116634059  0.007543657696  0.007543657696  0.009571113739  0.008555367114  0.006029767938  0.009065699807  0.000500260623  0.000500260623  0.005019835277  0.004517115317  0.000000000000  0.000000000000  0.000500260623  0.002504616480  0.005021561333  0.002504616480  0.002003291960  0.003511115952  0.002003291960  0.003006950620  0.002003291960  0.002003291960  0.001000701212  0.001501734793  0.002505373809  0.000500260623  0.000500260623  0.000500260623  
piranga_hepatica_ku9084 0.010100318933  0.010605744510  0.007037381050  0.007037381050  0.009062971718  0.008048298792  0.005524535966  0.008557815943  0.000000000000  0.000000000000  0.004515664754  0.004013198933  0.000500260623  0.000500260623  0.000000000000  0.002002807549  0.004517115317  0.002002807549  0.001501734793  0.003007981439  0.001501734793  0.002504616480  0.001501734793  0.001501734793  0.000500190125  0.001000701212  0.002003291960  0.000000000000  0.000000000000  0.000000000000  
piranga_ludoviciana_sdsu2208 0.012134402820  0.012641125053  0.009060652012  0.009060652012  0.011092302813  0.010074444912  0.007543657696  0.010585854475  0.002002807549  0.002002807549  0.006531637884  0.006027894600  0.002504616480  0.002504616480  0.002002807549  0.000000000000  0.005526538096  0.003006950620  0.002505373809  0.004014778454  0.002505373809  0.003509811070  0.002505373809  0.002505373809  0.001501734793  0.002003291960  0.003007981439  0.002002807549  0.002002807549  0.002002807549  
piranga_ludoviciana_sdsu2385 0.014701096653  0.015209137558  0.011605355462  0.011605355462  0.013646431755  0.012623148548  0.010083082705  0.013138678962  0.004517115317  0.004517115317  0.009065699807  0.008560672480  0.005021561333  0.005021561333  0.004517115317  0.005526538096  0.000000000000  0.004521228599  0.005023691865  0.006541049746  0.005023691865  0.006032046724  0.005023691865  0.005023691865  0.004014778454  0.004518970054  0.005528945004  0.004517115317  0.004517115317  0.004517115317  
piranga_bidentata_tepe59 0.012134402820  0.012641125053  0.009060652012  0.009060652012  0.011092302813  0.010074444912  0.007543657696  0.010585854475  0.002002807549  0.002002807549  0.006531637884  0.006027894600  0.002504616480  0.002504616480  0.002002807549  0.003006950620  0.004521228599  0.000000000000  0.002505373809  0.004014778454  0.002505373809  0.003509811070  0.002505373809  0.002505373809  0.001501734793  0.002003291960  0.003007981439  0.002002807549  0.002002807549  0.002002807549  
piranga_rubra_sdsu2654 0.011628068008  0.012134402820  0.008555367114  0.008555367114  0.010585854475  0.009568514489  0.007039402421  0.010079794317  0.001501734793  0.001501734793  0.006027894600  0.005524535966  0.002003291960  0.002003291960  0.001501734793  0.002505373809  0.005023691865  0.002505373809  0.000000000000  0.001502348873  0.000000000000  0.001000701212  0.000000000000  0.000000000000  0.001001043217  0.001502348873  0.002506533749  0.001501734793  0.001501734793  0.001501734793  
piranga_ludoviciana_sdsu2648 0.013165647883  0.013672771395  0.010079794317  0.010079794317  0.012115919204  0.011095334270  0.008560672480  0.011609078836  0.003007981439  0.003007981439  0.007545956868  0.007041830214  0.003511115952  0.003511115952  0.003007981439  0.004014778454  0.006541049746  0.004014778454  0.001502348873  0.000000000000  0.001502348873  0.002505373809  0.001502348873  0.001502348873  0.002506533749  0.003009415167  0.004016761483  0.003007981439  0.003007981439  0.003007981439  
piranga_flava_lsu15408 0.011628068008  0.012134402820  0.008555367114  0.008555367114  0.010585854475  0.009568514489  0.007039402421  0.010079794317  0.001501734793  0.001501734793  0.006027894600  0.005524535966  0.002003291960  0.002003291960  0.001501734793  0.002505373809  0.005023691865  0.002505373809  0.000000000000  0.001502348873  0.000000000000  0.001000701212  0.000000000000  0.000000000000  0.001001043217  0.001502348873  0.002506533749  0.001501734793  0.001501734793  0.001501734793  
piranga_ludoviciana_sdsu2650 0.012646644668  0.013153629508  0.009568514489  0.009568514489  0.011602042390  0.010583104035  0.008050468951  0.011095334270  0.002504616480  0.002504616480  0.007037381050  0.006533382040  0.003006950620  0.003006950620  0.002504616480  0.003509811070  0.006032046724  0.003509811070  0.001000701212  0.002505373809  0.001000701212  0.000000000000  0.001000701212  0.001000701212  0.002003291960  0.002505373809  0.003511115952  0.002504616480  0.002504616480  0.002504616480  
piranga_flava_ku90809 0.011628068008  0.012134402820  0.008555367114  0.008555367114  0.010585854475  0.009568514489  0.007039402421  0.010079794317  0.001501734793  0.001501734793  0.006027894600  0.005524535966  0.002003291960  0.002003291960  0.001501734793  0.002505373809  0.005023691865  0.002505373809  0.000000000000  0.001502348873  0.000000000000  0.001000701212  0.000000000000  0.000000000000  0.001001043217  0.001502348873  0.002506533749  0.001501734793  0.001501734793  0.001501734793  
piranga_hepatica_ku4970 0.011628068008  0.012134402820  0.008555367114  0.008555367114  0.010585854475  0.009568514489  0.007039402421  0.010079794317  0.001501734793  0.001501734793  0.006027894600  0.005524535966  0.002003291960  0.002003291960  0.001501734793  0.002505373809  0.005023691865  0.002505373809  0.000000000000  0.001502348873  0.000000000000  0.001000701212  0.000000000000  0.000000000000  0.001001043217  0.001502348873  0.002506533749  0.001501734793  0.001501734793  0.001501734793  
piranga_olivacea_ku4672 0.010605744510  0.011111556320  0.007541765620  0.007541765620  0.009568514489  0.008553326361  0.006027894600  0.009062971718  0.000500190125  0.000500190125  0.005018514063  0.004515664754  0.001000701212  0.001000701212  0.000500190125  0.001501734793  0.004014778454  0.001501734793  0.001001043217  0.002506533749  0.001001043217  0.002003291960  0.001001043217  0.001001043217  0.000000000000  0.000500260623  0.001502348873  0.000500190125  0.000500190125  0.000500190125  
piranga_lutea_lsu5400 0.011116634059  0.011622707092  0.008048298792  0.008048298792  0.010076914929  0.009060652012  0.006533382040  0.009571113739  0.001000701212  0.001000701212  0.005522938980  0.005019835277  0.001501734793  0.001501734793  0.001000701212  0.002003291960  0.004518970054  0.002003291960  0.001502348873  0.003009415167  0.001502348873  0.002505373809  0.001502348873  0.001502348873  0.000500260623  0.000000000000  0.002004178685  0.001000701212  0.001000701212  0.001000701212  
piranga_olivacea_ku2699 0.012140047517  0.012646644668  0.009062971718  0.009062971718  0.011095334270  0.010076914929  0.007545956868  0.010589014594  0.002003291960  0.002003291960  0.006533382040  0.006029767938  0.002505373809  0.002505373809  0.002003291960  0.003007981439  0.005528945004  0.003007981439  0.002506533749  0.004016761483  0.002506533749  0.003511115952  0.002506533749  0.002506533749  0.001502348873  0.002004178685  0.000000000000  0.002003291960  0.002003291960  0.002003291960  
piranga_bidentata_itm141 0.010100318933  0.010605744510  0.007037381050  0.007037381050  0.009062971718  0.008048298792  0.005524535966  0.008557815943  0.000000000000  0.000000000000  0.004515664754  0.004013198933  0.000500260623  0.000500260623  0.000000000000  0.002002807549  0.004517115317  0.002002807549  0.001501734793  0.003007981439  0.001501734793  0.002504616480  0.001501734793  0.001501734793  0.000500190125  0.001000701212  0.002003291960  0.000000000000  0.000000000000  0.000000000000  
piranga_rubra_sdsu2635 0.010100318933  0.010605744510  0.007037381050  0.007037381050  0.009062971718  0.008048298792  0.005524535966  0.008557815943  0.000000000000  0.000000000000  0.004515664754  0.004013198933  0.000500260623  0.000500260623  0.000000000000  0.002002807549  0.004517115317  0.002002807549  0.001501734793  0.003007981439  0.001501734793  0.002504616480  0.001501734793  0.001501734793  0.000500190125  0.001000701212  0.002003291960  0.000000000000  0.000000000000  0.000000000000  
piranga_rubra_ku26592 0.010100318933  0.010605744510  0.007037381050  0.007037381050  0.009062971718  0.008048298792  0.005524535966  0.008557815943  0.000000000000  0.000000000000  0.004515664754  0.004013198933  0.000500260623  0.000500260623  0.000000000000  0.002002807549  0.004517115317  0.002002807549  0.001501734793  0.003007981439  0.001501734793  0.002504616480  0.001501734793  0.001501734793  0.000500190125  0.001000701212  0.002003291960  0.000000000000  0.000000000000  0.000000000000  

