30
cardinalis_cardinalis_ku21828 0.000000000000  0.000000000000  0.019272221843  0.026009688154  0.026009688154  0.028076501036  0.024432457839  0.019272221843  0.020818652622  0.022888262031  0.025487102452  0.022888262031  0.019788795700  0.023912239561  0.024437847278  0.026507220880  0.027559184650  0.030695940690  0.024958955672  0.022363809692  0.022363809692  0.023907604855  0.022363809692  0.021327336876  0.021327336876  0.024423016833  0.027049223714  0.026532859305  0.020301239342  0.021855202190  
cardinalis_cardinalis_ku25393 0.000000000000  0.000000000000  0.019272221843  0.026009688154  0.026009688154  0.028076501036  0.024432457839  0.019272221843  0.020818652622  0.022888262031  0.025487102452  0.022888262031  0.019788795700  0.023912239561  0.024437847278  0.026507220880  0.027559184650  0.030695940690  0.024958955672  0.022363809692  0.022363809692  0.023907604855  0.022363809692  0.021327336876  0.021327336876  0.024423016833  0.027049223714  0.026532859305  0.020301239342  0.021855202190  
piranga_olivacea_ku2699 0.019272221843  0.019272221843  0.000000000000  0.006536284442  0.006536284442  0.008554182576  0.005017843962  0.000000000000  0.001501766052  0.003510001817  0.006030380353  0.003510001817  0.000500267860  0.004514158887  0.005018815624  0.007035043025  0.009064117630  0.012114376031  0.005523335090  0.003006411236  0.003006411236  0.004513903276  0.003006411236  0.002002757344  0.002002757344  0.005017180405  0.008054140846  0.007042737181  0.001000710967  0.002505491912  
piranga_erythrocephala_fmnh343371 0.026009688154  0.026009688154  0.006536284442  0.000000000000  0.000000000000  0.014666044543  0.011093908021  0.006536284442  0.008054140846  0.010084801426  0.012634081643  0.010084801426  0.007042737181  0.011093908021  0.011607367885  0.013641172183  0.015698206729  0.018781752682  0.012118178464  0.009572444665  0.009572444665  0.011091132266  0.009572444665  0.008556343311  0.008556343311  0.011598150475  0.014680646189  0.013659104102  0.007546881281  0.008561952007  
piranga_erythrocephala_fmnh343370 0.026009688154  0.026009688154  0.006536284442  0.000000000000  0.000000000000  0.014666044543  0.011093908021  0.006536284442  0.008054140846  0.010084801426  0.012634081643  0.010084801426  0.007042737181  0.011093908021  0.011607367885  0.013641172183  0.015698206729  0.018781752682  0.012118178464  0.009572444665  0.009572444665  0.011091132266  0.009572444665  0.008556343311  0.008556343311  0.011598150475  0.014680646189  0.013659104102  0.007546881281  0.008561952007  
piranga_rubriceps_lsu265 0.028076501036  0.028076501036  0.008554182576  0.014666044543  0.014666044543  0.000000000000  0.003510001817  0.008554182576  0.010075665057  0.012111005948  0.014666044543  0.012111005948  0.009061662588  0.013123812772  0.013637773626  0.015677387542  0.017738101721  0.020311084883  0.014149629251  0.011598150475  0.011598150475  0.013121581672  0.011598150475  0.010579981577  0.010579981577  0.013630186548  0.016717356742  0.015693171048  0.009567374940  0.011093908021  
piranga_rubriceps_lsu34818 0.024432457839  0.024432457839  0.005017843962  0.011093908021  0.011093908021  0.003510001817  0.000000000000  0.005017843962  0.006530749242  0.008554182576  0.011093908021  0.008554182576  0.005522072881  0.009564027721  0.010073481043  0.012103493529  0.014149629251  0.017222895585  0.010582029453  0.008045815604  0.008045815604  0.009563000989  0.008045815604  0.007034189939  0.007034189939  0.010069518562  0.013133111817  0.012114376031  0.006025720572  0.007542448023  
piranga_olivacea_ku4672 0.019272221843  0.019272221843  0.000000000000  0.006536284442  0.006536284442  0.008554182576  0.005017843962  0.000000000000  0.001501766052  0.003510001817  0.006030380353  0.003510001817  0.000500267860  0.004514158887  0.005018815624  0.007035043025  0.009064117630  0.012114376031  0.005523335090  0.003006411236  0.003006411236  0.004513903276  0.003006411236  0.002002757344  0.002002757344  0.005017180405  0.008054140846  0.007042737181  0.001000710967  0.002505491912  
piranga_leucoptera_fmnh481795 0.020818652622  0.020818652622  0.001501766052  0.008054140846  0.008054140846  0.010075665057  0.006530749242  0.001501766052  0.000000000000  0.003008165005  0.007546881281  0.005020213378  0.002003359315  0.006025720572  0.006532166961  0.008552451411  0.010587419889  0.013645004879  0.007038034484  0.004514840629  0.004514840629  0.006025021829  0.004514840629  0.003508519361  0.003508519361  0.006529197708  0.009575624537  0.008561952007  0.002504691442  0.004013469729  
piranga_leucoptera_lsu7783 0.022888262031  0.022888262031  0.003510001817  0.010084801426  0.010084801426  0.012111005948  0.008554182576  0.003510001817  0.003008165005  0.000000000000  0.009575624537  0.007040172113  0.004013469729  0.008047253441  0.008556343311  0.010582029453  0.012625447472  0.015693171048  0.009064117630  0.006532166961  0.006532166961  0.008045815604  0.006532166961  0.005522072881  0.005522072881  0.008551150191  0.011611304115  0.010594534091  0.004515948129  0.006030380353  
piranga_roseogularis_ku2049 0.025487102452  0.025487102452  0.006030380353  0.012634081643  0.012634081643  0.014666044543  0.011093908021  0.006030380353  0.007546881281  0.009575624537  0.000000000000  0.002505491912  0.005525023726  0.009567374940  0.010078280040  0.012108068588  0.014157459665  0.017232600807  0.010587419889  0.008049120508  0.008049120508  0.009565485830  0.008049120508  0.007036324664  0.007036324664  0.010071728371  0.013141478897  0.012122412877  0.006028400205  0.007546881281  
piranga_roseogularis_ku2141 0.022888262031  0.022888262031  0.003510001817  0.010084801426  0.010084801426  0.012111005948  0.008554182576  0.003510001817  0.005020213378  0.007040172113  0.002505491912  0.000000000000  0.003007076110  0.007035043025  0.007542448023  0.009565485830  0.011603863288  0.014666044543  0.008049120508  0.005522072881  0.005522072881  0.007034189939  0.005522072881  0.004514158887  0.004514158887  0.007539012965  0.010590761704  0.009575624537  0.003509048228  0.005020213378  
piranga_hepatica_ku9084 0.019788795700  0.019788795700  0.000500267860  0.007042737181  0.007042737181  0.009061662588  0.005522072881  0.000500267860  0.002003359315  0.004013469729  0.005525023726  0.003007076110  0.000000000000  0.004011016485  0.004514840629  0.006529759366  0.008556343311  0.011603863288  0.005018815624  0.002504314661  0.002504314661  0.004011049838  0.002504314661  0.001501738127  0.001501738127  0.004514074171  0.007546881281  0.006536284442  0.000500192905  0.002003359315  
piranga_bidentata_hgoslp104 0.023912239561  0.023912239561  0.004514158887  0.011093908021  0.011093908021  0.013123812772  0.009564027721  0.004514158887  0.006025720572  0.008047253441  0.009567374940  0.007035043025  0.004011016485  0.000000000000  0.003509048228  0.005521237472  0.007544450578  0.010587419889  0.004012226803  0.001501540574  0.001501540574  0.008044081231  0.006529197708  0.005520848544  0.005520848544  0.008549829963  0.011600790694  0.010584509015  0.004513903276  0.006025720572  
piranga_ludoviciana_sdsu2648 0.024437847278  0.024437847278  0.005018815624  0.011607367885  0.011607367885  0.013637773626  0.010073481043  0.005018815624  0.006532166961  0.008556343311  0.010078280040  0.007542448023  0.004514840629  0.003509048228  0.000000000000  0.006026846821  0.008054140846  0.011100754131  0.004517481017  0.002003359315  0.002003359315  0.008550279290  0.007035043025  0.006025021829  0.006025021829  0.009056145277  0.012114376031  0.011097115433  0.005017843962  0.006532166961  
piranga_bidentata_tepe59 0.026507220880  0.026507220880  0.007035043025  0.013641172183  0.013641172183  0.015677387542  0.012103493529  0.007035043025  0.008552451411  0.010582029453  0.012108068588  0.009565485830  0.006529759366  0.005521237472  0.006026846821  0.000000000000  0.010078280040  0.013133111817  0.006532166961  0.004011408931  0.004011408931  0.010576431828  0.009056878426  0.008044229121  0.008044229121  0.011083741474  0.014149629251  0.013129578220  0.007034189939  0.008552451411  
piranga_ludoviciana_sdsu2650 0.027559184650  0.027559184650  0.009064117630  0.015698206729  0.015698206729  0.017738101721  0.014149629251  0.009064117630  0.010587419889  0.012625447472  0.014157459665  0.011603863288  0.008556343311  0.007544450578  0.008054140846  0.010078280040  0.000000000000  0.003007076110  0.005527138420  0.006030380353  0.006030380353  0.012613374493  0.011091132266  0.010073481043  0.010073481043  0.013121581672  0.016207582708  0.015184059350  0.009061662588  0.010587419889  
piranga_ludoviciana_sdsu2208 0.030695940690  0.030695940690  0.012114376031  0.018781752682  0.018781752682  0.020311084883  0.017222895585  0.012114376031  0.013645004879  0.015693171048  0.017232600807  0.014666044543  0.011603863288  0.010587419889  0.011100754131  0.013133111817  0.003007076110  0.000000000000  0.008561952007  0.009067002212  0.009067002212  0.015677387542  0.014149629251  0.013126478413  0.013126478413  0.016187438297  0.019292990626  0.018264797517  0.012111005948  0.013645004879  
piranga_ludoviciana_sdsu2385 0.024958955672  0.024958955672  0.005523335090  0.012118178464  0.012118178464  0.014149629251  0.010582029453  0.005523335090  0.007038034484  0.009064117630  0.010587419889  0.008049120508  0.005018815624  0.004012226803  0.004517481017  0.006532166961  0.005527138420  0.008561952007  0.000000000000  0.002505491912  0.002505491912  0.009056878426  0.007540873987  0.006529759366  0.006529759366  0.009563000989  0.012625447472  0.011607367885  0.005522072881  0.007038034484  
piranga_bidentata_itm141 0.022363809692  0.022363809692  0.003006411236  0.009572444665  0.009572444665  0.011598150475  0.008045815604  0.003006411236  0.004514840629  0.006532166961  0.008049120508  0.005522072881  0.002504314661  0.001501540574  0.002003359315  0.004011408931  0.006030380353  0.009067002212  0.002505491912  0.000000000000  0.000000000000  0.006529064644  0.005017298764  0.004011049838  0.004011049838  0.007033770935  0.010078280040  0.009064117630  0.003006170752  0.004514840629  
piranga_bidentata_itm160 0.022363809692  0.022363809692  0.003006411236  0.009572444665  0.009572444665  0.011598150475  0.008045815604  0.003006411236  0.004514840629  0.006532166961  0.008049120508  0.005522072881  0.002504314661  0.001501540574  0.002003359315  0.004011408931  0.006030380353  0.009067002212  0.002505491912  0.000000000000  0.000000000000  0.006529064644  0.005017298764  0.004011049838  0.004011049838  0.007033770935  0.010078280040  0.009064117630  0.003006170752  0.004514840629  
piranga_hepatica_ku4970 0.023907604855  0.023907604855  0.004513903276  0.011091132266  0.011091132266  0.013121581672  0.009563000989  0.004513903276  0.006025021829  0.008045815604  0.009565485830  0.007034189939  0.004011049838  0.008044081231  0.008550279290  0.010576431828  0.012613374493  0.015677387542  0.009056878426  0.006529064644  0.006529064644  0.000000000000  0.003509048228  0.002504314661  0.002504314661  0.005520829234  0.011598150475  0.010582029453  0.004514074171  0.006025021829  
piranga_flava_lsu15408 0.022363809692  0.022363809692  0.003006411236  0.009572444665  0.009572444665  0.011598150475  0.008045815604  0.003006411236  0.004514840629  0.006532166961  0.008049120508  0.005522072881  0.002504314661  0.006529197708  0.007035043025  0.009056878426  0.011091132266  0.014149629251  0.007540873987  0.005017298764  0.005017298764  0.003509048228  0.000000000000  0.001001072207  0.001001072207  0.004011408931  0.010078280040  0.009064117630  0.003006170752  0.004514840629  
piranga_lutea_ku89864 0.021327336876  0.021327336876  0.002002757344  0.008556343311  0.008556343311  0.010579981577  0.007034189939  0.002002757344  0.003508519361  0.005522072881  0.007036324664  0.004514158887  0.001501738127  0.005520848544  0.006025021829  0.008044229121  0.010073481043  0.013126478413  0.006529759366  0.004011049838  0.004011049838  0.002504314661  0.001001072207  0.000000000000  0.000000000000  0.003006170752  0.009061662588  0.008049120508  0.002003091770  0.003508519361  
piranga_flava_ku90809 0.021327336876  0.021327336876  0.002002757344  0.008556343311  0.008556343311  0.010579981577  0.007034189939  0.002002757344  0.003508519361  0.005522072881  0.007036324664  0.004514158887  0.001501738127  0.005520848544  0.006025021829  0.008044229121  0.010073481043  0.013126478413  0.006529759366  0.004011049838  0.004011049838  0.002504314661  0.001001072207  0.000000000000  0.000000000000  0.003006170752  0.009061662588  0.008049120508  0.002003091770  0.003508519361  
piranga_lutea_lsu5400 0.024423016833  0.024423016833  0.005017180405  0.011598150475  0.011598150475  0.013630186548  0.010069518562  0.005017180405  0.006529197708  0.008551150191  0.010071728371  0.007539012965  0.004514074171  0.008549829963  0.009056145277  0.011083741474  0.013121581672  0.016187438297  0.009563000989  0.007033770935  0.007033770935  0.005520829234  0.004011408931  0.003006170752  0.003006170752  0.000000000000  0.012105564323  0.011088788542  0.005017489261  0.006529197708  
piranga_rubra_sdsu2635 0.027049223714  0.027049223714  0.008054140846  0.014680646189  0.014680646189  0.016717356742  0.013133111817  0.008054140846  0.009575624537  0.011611304115  0.013141478897  0.010590761704  0.007546881281  0.011600790694  0.012114376031  0.014149629251  0.016207582708  0.019292990626  0.012625447472  0.010078280040  0.010078280040  0.011598150475  0.010078280040  0.009061662588  0.009061662588  0.012105564323  0.000000000000  0.009067002212  0.007042737181  0.009575624537  
piranga_rubra_ku7046 0.026532859305  0.026532859305  0.007042737181  0.013659104102  0.013659104102  0.015693171048  0.012114376031  0.007042737181  0.008561952007  0.010594534091  0.012122412877  0.009575624537  0.006536284442  0.010584509015  0.011097115433  0.013129578220  0.015184059350  0.018264797517  0.011607367885  0.009064117630  0.009064117630  0.010582029453  0.009064117630  0.008049120508  0.008049120508  0.011088788542  0.009067002212  0.000000000000  0.006032786896  0.008561952007  
piranga_rubra_sdsu2654 0.020301239342  0.020301239342  0.001000710967  0.007546881281  0.007546881281  0.009567374940  0.006025720572  0.001000710967  0.002504691442  0.004515948129  0.006028400205  0.003509048228  0.000500192905  0.004513903276  0.005017843962  0.007034189939  0.009061662588  0.012111005948  0.005522072881  0.003006170752  0.003006170752  0.004514074171  0.003006170752  0.002003091770  0.002003091770  0.005017489261  0.007042737181  0.006032786896  0.000000000000  0.002504691442  
piranga_rubra_ku26592 0.021855202190  0.021855202190  0.002505491912  0.008561952007  0.008561952007  0.011093908021  0.007542448023  0.002505491912  0.004013469729  0.006030380353  0.007546881281  0.005020213378  0.002003359315  0.006025720572  0.006532166961  0.008552451411  0.010587419889  0.013645004879  0.007038034484  0.004514840629  0.004514840629  0.006025021829  0.004514840629  0.003508519361  0.003508519361  0.006529197708  0.009575624537  0.008561952007  0.002504691442  0.000000000000  

