30
piranga_rubra_ku26592 0.000000000000  0.001700029029  0.000000000000  0.005254804091  0.008730604682  0.000000000000  0.000000000000  0.001700767122  0.000000000000  0.003403837273  0.000000000000  0.000000000000  0.001700029029  0.000000000000  0.001700029029  0.001700029029  0.000000000000  0.000000000000  0.000000000000  0.001700767122  0.005113643329  0.000000000000  0.005120272664  0.000000000000  0.003466572791  0.003521507050  0.000000000000  0.000000000000  0.001700029029  0.000000000000  
piranga_flava_ku90809 0.001700029029  0.000000000000  0.001700029029  0.007008996544  0.006982357279  0.001702924052  0.000000000000  0.003403837273  0.000000000000  0.001700767122  0.000000000000  0.000000000000  0.003404547838  0.000000000000  0.000000000000  0.000000000000  0.001720503386  0.001700029029  0.000000000000  0.003403837273  0.003407510627  0.001700029029  0.006829489574  0.000000000000  0.003466572791  0.003521507050  0.000000000000  0.001700029029  0.000000000000  0.001700029029  
piranga_ludoviciana_sdsu2385 0.000000000000  0.001700029029  0.000000000000  0.005254804091  0.008730604682  0.000000000000  0.000000000000  0.001700767122  0.000000000000  0.003403837273  0.000000000000  0.000000000000  0.001700029029  0.000000000000  0.001700029029  0.001700029029  0.000000000000  0.000000000000  0.000000000000  0.001700767122  0.005113643329  0.000000000000  0.005120272664  0.000000000000  0.003466572791  0.003521507050  0.000000000000  0.000000000000  0.001700029029  0.000000000000  
piranga_rubriceps_lsu265 0.005254804091  0.007008996544  0.005254804091  0.000000000000  0.010550620892  0.005264024654  0.005377249686  0.005254804091  0.005377249686  0.008776580678  0.005566835361  0.005377249686  0.007008996544  0.005348489232  0.007008996544  0.007008996544  0.005254804091  0.005254804091  0.005536016930  0.007019115394  0.007008996544  0.005254804091  0.003496878379  0.005320034797  0.005348489232  0.005358041805  0.005860456513  0.005254804091  0.007008996544  0.005254804091  
piranga_leucoptera_lsu7783 0.008730604682  0.006982357279  0.008730604682  0.010550620892  0.000000000000  0.008745876398  0.007144487571  0.008730604682  0.007144487571  0.008743743831  0.005536016930  0.007144487571  0.010483578253  0.007106408155  0.006982357279  0.006982357279  0.008730604682  0.008730604682  0.005505537851  0.010495253213  0.006982357279  0.008730604682  0.010495253213  0.007068732513  0.007106408155  0.007119056111  0.003899103715  0.008730604682  0.006982357279  0.008730604682  
cardinalis_cardinalis_ku25393 0.000000000000  0.001702924052  0.000000000000  0.005264024654  0.008745876398  0.000000000000  0.000000000000  0.001703664661  0.000000000000  0.003409640215  0.000000000000  0.000000000000  0.001702924052  0.000000000000  0.001702924052  0.001702924052  0.000000000000  0.000000000000  0.000000000000  0.001703664661  0.005122374718  0.000000000000  0.005129026750  0.000000000000  0.003472591813  0.003527718520  0.000000000000  0.000000000000  0.001702924052  0.000000000000  
piranga_olivacea_ku2699 0.000000000000  0.000000000000  0.000000000000  0.005377249686  0.007144487571  0.000000000000  0.000000000000  0.000000000000  0.000000000000  0.001763761902  0.000000000000  0.000000000000  0.000000000000  0.000000000000  0.000000000000  0.000000000000  0.000000000000  0.000000000000  0.000000000000  0.001763761902  0.003533951942  0.000000000000  0.005310617147  0.000000000000  0.003533951942  0.003533951942  0.000000000000  0.000000000000  0.000000000000  0.000000000000  
cardinalis_cardinalis_ku21828 0.001700767122  0.003403837273  0.001700767122  0.005254804091  0.008730604682  0.001703664661  0.000000000000  0.000000000000  0.000000000000  0.005113643329  0.001798658398  0.001739221297  0.003403837273  0.001736201655  0.003403837273  0.003403837273  0.000000000000  0.001700767122  0.000000000000  0.003407510627  0.006829489574  0.001700767122  0.006839095831  0.000000000000  0.005209181602  0.003521507050  0.000000000000  0.001700767122  0.003403837273  0.001700767122  
piranga_rubra_ku7046 0.000000000000  0.000000000000  0.000000000000  0.005377249686  0.007144487571  0.000000000000  0.000000000000  0.000000000000  0.000000000000  0.001754478445  0.000000000000  0.000000000000  0.000000000000  0.000000000000  0.000000000000  0.000000000000  0.000000000000  0.000000000000  0.000000000000  0.001754478445  0.003515317416  0.000000000000  0.005282563198  0.000000000000  0.003515317416  0.003533951942  0.000000000000  0.000000000000  0.000000000000  0.000000000000  
piranga_bidentata_hgoslp104 0.003403837273  0.001700767122  0.003403837273  0.008776580678  0.008743743831  0.003409640215  0.001763761902  0.005113643329  0.001754478445  0.000000000000  0.001798658398  0.001739221297  0.005111408099  0.001736201655  0.001700767122  0.001700767122  0.003444877673  0.003403837273  0.001811692879  0.005113643329  0.005120272664  0.003403837273  0.008551418836  0.001745292202  0.005209181602  0.005291881523  0.001945639277  0.003403837273  0.001700767122  0.003403837273  
piranga_ludoviciana_sdsu2648 0.000000000000  0.000000000000  0.000000000000  0.005566835361  0.005536016930  0.000000000000  0.000000000000  0.001798658398  0.000000000000  0.001798658398  0.000000000000  0.000000000000  0.000000000000  0.000000000000  0.000000000000  0.000000000000  0.000000000000  0.000000000000  0.000000000000  0.001798658398  0.003604002297  0.000000000000  0.005416081583  0.000000000000  0.003604002297  0.003656717820  0.000000000000  0.000000000000  0.000000000000  0.000000000000  
piranga_roseogularis_ku2049 0.000000000000  0.000000000000  0.000000000000  0.005377249686  0.007144487571  0.000000000000  0.000000000000  0.001739221297  0.000000000000  0.001739221297  0.000000000000  0.000000000000  0.000000000000  0.000000000000  0.000000000000  0.000000000000  0.000000000000  0.000000000000  0.000000000000  0.001739221297  0.003484692780  0.000000000000  0.005236459534  0.000000000000  0.003484692780  0.003533951942  0.000000000000  0.000000000000  0.000000000000  0.000000000000  
piranga_hepatica_ku4970 0.001700029029  0.003404547838  0.001700029029  0.007008996544  0.010483578253  0.001702924052  0.000000000000  0.003403837273  0.000000000000  0.005111408099  0.000000000000  0.000000000000  0.000000000000  0.000000000000  0.003404547838  0.003404547838  0.001720503386  0.001700029029  0.000000000000  0.003403837273  0.006824287717  0.001700029029  0.006829489574  0.001744514958  0.003466572791  0.003521507050  0.000000000000  0.001700029029  0.003404547838  0.001700029029  
piranga_hepatica_ku9084 0.000000000000  0.000000000000  0.000000000000  0.005348489232  0.007106408155  0.000000000000  0.000000000000  0.001736201655  0.000000000000  0.001736201655  0.000000000000  0.000000000000  0.000000000000  0.000000000000  0.000000000000  0.000000000000  0.000000000000  0.000000000000  0.000000000000  0.001736201655  0.003478631773  0.000000000000  0.005227335202  0.000000000000  0.003478631773  0.003521507050  0.000000000000  0.000000000000  0.000000000000  0.000000000000  
piranga_rubra_sdsu2654 0.001700029029  0.000000000000  0.001700029029  0.007008996544  0.006982357279  0.001702924052  0.000000000000  0.003403837273  0.000000000000  0.001700767122  0.000000000000  0.000000000000  0.003404547838  0.000000000000  0.000000000000  0.000000000000  0.001720503386  0.001700029029  0.000000000000  0.003403837273  0.003407510627  0.001700029029  0.006829489574  0.000000000000  0.003466572791  0.003521507050  0.000000000000  0.001700029029  0.000000000000  0.001700029029  
piranga_flava_lsu15408 0.001700029029  0.000000000000  0.001700029029  0.007008996544  0.006982357279  0.001702924052  0.000000000000  0.003403837273  0.000000000000  0.001700767122  0.000000000000  0.000000000000  0.003404547838  0.000000000000  0.000000000000  0.000000000000  0.001720503386  0.001700029029  0.000000000000  0.003403837273  0.003407510627  0.001700029029  0.006829489574  0.000000000000  0.003466572791  0.003521507050  0.000000000000  0.001700029029  0.000000000000  0.001700029029  
piranga_lutea_lsu5400 0.000000000000  0.001720503386  0.000000000000  0.005254804091  0.008730604682  0.000000000000  0.000000000000  0.000000000000  0.000000000000  0.003444877673  0.000000000000  0.000000000000  0.001720503386  0.000000000000  0.001720503386  0.001720503386  0.000000000000  0.000000000000  0.000000000000  0.001721259372  0.005175395702  0.000000000000  0.005182186395  0.000000000000  0.003509149502  0.003521507050  0.000000000000  0.000000000000  0.001720503386  0.000000000000  
piranga_olivacea_ku4672 0.000000000000  0.001700029029  0.000000000000  0.005254804091  0.008730604682  0.000000000000  0.000000000000  0.001700767122  0.000000000000  0.003403837273  0.000000000000  0.000000000000  0.001700029029  0.000000000000  0.001700029029  0.001700029029  0.000000000000  0.000000000000  0.000000000000  0.001700767122  0.005113643329  0.000000000000  0.005120272664  0.000000000000  0.003466572791  0.003521507050  0.000000000000  0.000000000000  0.001700029029  0.000000000000  
piranga_ludoviciana_sdsu2208 0.000000000000  0.000000000000  0.000000000000  0.005536016930  0.005505537851  0.000000000000  0.000000000000  0.000000000000  0.000000000000  0.001811692879  0.000000000000  0.000000000000  0.000000000000  0.000000000000  0.000000000000  0.000000000000  0.000000000000  0.000000000000  0.000000000000  0.001811692879  0.003630168690  0.000000000000  0.005455478415  0.000000000000  0.003630168690  0.003636769765  0.000000000000  0.000000000000  0.000000000000  0.000000000000  
piranga_bidentata_itm160 0.001700767122  0.003403837273  0.001700767122  0.007019115394  0.010495253213  0.001703664661  0.001763761902  0.003407510627  0.001754478445  0.005113643329  0.001798658398  0.001739221297  0.003403837273  0.001736201655  0.003403837273  0.003403837273  0.001721259372  0.001700767122  0.001811692879  0.000000000000  0.006829489574  0.001700767122  0.006839095831  0.001745292202  0.005209181602  0.005291881523  0.001945639277  0.001700767122  0.003403837273  0.001700767122  
piranga_leucoptera_fmnh481795 0.005113643329  0.003407510627  0.005113643329  0.007008996544  0.006982357279  0.005122374718  0.003533951942  0.006829489574  0.003515317416  0.005120272664  0.003604002297  0.003484692780  0.006824287717  0.003478631773  0.003407510627  0.003407510627  0.005175395702  0.005113643329  0.003630168690  0.006829489574  0.000000000000  0.005113643329  0.006829489574  0.003496878379  0.003466572791  0.003521507050  0.003899103715  0.005113643329  0.003407510627  0.005113643329  
piranga_lutea_ku89864 0.000000000000  0.001700029029  0.000000000000  0.005254804091  0.008730604682  0.000000000000  0.000000000000  0.001700767122  0.000000000000  0.003403837273  0.000000000000  0.000000000000  0.001700029029  0.000000000000  0.001700029029  0.001700029029  0.000000000000  0.000000000000  0.000000000000  0.001700767122  0.005113643329  0.000000000000  0.005120272664  0.000000000000  0.003466572791  0.003521507050  0.000000000000  0.000000000000  0.001700029029  0.000000000000  
piranga_rubriceps_lsu34818 0.005120272664  0.006829489574  0.005120272664  0.003496878379  0.010495253213  0.005129026750  0.005310617147  0.006839095831  0.005282563198  0.008551418836  0.005416081583  0.005236459534  0.006829489574  0.005227335202  0.006829489574  0.006829489574  0.005182186395  0.005120272664  0.005455478415  0.006839095831  0.006829489574  0.005120272664  0.000000000000  0.005254804091  0.005209181602  0.005291881523  0.003899103715  0.005120272664  0.006829489574  0.005120272664  
piranga_roseogularis_ku2141 0.000000000000  0.000000000000  0.000000000000  0.005320034797  0.007068732513  0.000000000000  0.000000000000  0.000000000000  0.000000000000  0.001745292202  0.000000000000  0.000000000000  0.001744514958  0.000000000000  0.000000000000  0.000000000000  0.000000000000  0.000000000000  0.000000000000  0.001745292202  0.003496878379  0.000000000000  0.005254804091  0.000000000000  0.003515317416  0.003521507050  0.000000000000  0.000000000000  0.000000000000  0.000000000000  
piranga_erythrocephala_fmnh343371 0.003466572791  0.003466572791  0.003466572791  0.005348489232  0.007106408155  0.003472591813  0.003533951942  0.005209181602  0.003515317416  0.005209181602  0.003604002297  0.003484692780  0.003466572791  0.003478631773  0.003466572791  0.003466572791  0.003509149502  0.003466572791  0.003630168690  0.005209181602  0.003466572791  0.003466572791  0.005209181602  0.003515317416  0.000000000000  0.000000000000  0.001945639277  0.003466572791  0.003466572791  0.003466572791  
piranga_erythrocephala_fmnh343370 0.003521507050  0.003521507050  0.003521507050  0.005358041805  0.007119056111  0.003527718520  0.003533951942  0.003521507050  0.003533951942  0.005291881523  0.003656717820  0.003533951942  0.003521507050  0.003521507050  0.003521507050  0.003521507050  0.003521507050  0.003521507050  0.003636769765  0.005291881523  0.003521507050  0.003521507050  0.005291881523  0.003521507050  0.000000000000  0.000000000000  0.001945639277  0.003521507050  0.003521507050  0.003521507050  
piranga_ludoviciana_sdsu2650 0.000000000000  0.000000000000  0.000000000000  0.005860456513  0.003899103715  0.000000000000  0.000000000000  0.000000000000  0.000000000000  0.001945639277  0.000000000000  0.000000000000  0.000000000000  0.000000000000  0.000000000000  0.000000000000  0.000000000000  0.000000000000  0.000000000000  0.001945639277  0.003899103715  0.000000000000  0.003899103715  0.000000000000  0.001945639277  0.001945639277  0.000000000000  0.000000000000  0.000000000000  0.000000000000  
piranga_bidentata_tepe59 0.000000000000  0.001700029029  0.000000000000  0.005254804091  0.008730604682  0.000000000000  0.000000000000  0.001700767122  0.000000000000  0.003403837273  0.000000000000  0.000000000000  0.001700029029  0.000000000000  0.001700029029  0.001700029029  0.000000000000  0.000000000000  0.000000000000  0.001700767122  0.005113643329  0.000000000000  0.005120272664  0.000000000000  0.003466572791  0.003521507050  0.000000000000  0.000000000000  0.001700029029  0.000000000000  
piranga_rubra_sdsu2635 0.001700029029  0.000000000000  0.001700029029  0.007008996544  0.006982357279  0.001702924052  0.000000000000  0.003403837273  0.000000000000  0.001700767122  0.000000000000  0.000000000000  0.003404547838  0.000000000000  0.000000000000  0.000000000000  0.001720503386  0.001700029029  0.000000000000  0.003403837273  0.003407510627  0.001700029029  0.006829489574  0.000000000000  0.003466572791  0.003521507050  0.000000000000  0.001700029029  0.000000000000  0.001700029029  
piranga_bidentata_itm141 0.000000000000  0.001700029029  0.000000000000  0.005254804091  0.008730604682  0.000000000000  0.000000000000  0.001700767122  0.000000000000  0.003403837273  0.000000000000  0.000000000000  0.001700029029  0.000000000000  0.001700029029  0.001700029029  0.000000000000  0.000000000000  0.000000000000  0.001700767122  0.005113643329  0.000000000000  0.005120272664  0.000000000000  0.003466572791  0.003521507050  0.000000000000  0.000000000000  0.001700029029  0.000000000000  

