30
cardinalis_cardinalis_ku21828 0.000000000000  0.002505358113  0.025551016787  0.025551016787  0.031834117374  0.028127871694  0.026037788836  0.028663840782  0.030225178682  0.030225178682  0.026611768740  0.026611768740  0.027116071500  0.027621437711  0.028674172900  0.028674172900  0.028674172900  0.025036841228  0.025036841228  0.026611768740  0.022441525824  0.022963676922  0.022441525824  0.023476512077  0.028719713866  0.029212457486  0.023989742880  0.025036841228  0.022944915640  0.025531815913  
cardinalis_cardinalis_ku25393 0.002505358113  0.000000000000  0.028168848868  0.028168848868  0.034478815240  0.030753245415  0.028653930647  0.031292877265  0.031800256297  0.031800256297  0.028180145439  0.028180145439  0.028684926631  0.029190773435  0.030246371068  0.030246371068  0.030246371068  0.026600946965  0.026600946965  0.028180145439  0.023999503112  0.024523062563  0.023999503112  0.025036841228  0.030293828944  0.030786570365  0.025551016787  0.026600946965  0.024503370004  0.027095931592  
piranga_erythrocephala_fmnh343370 0.025551016787  0.028168848868  0.000000000000  0.000000000000  0.016213638021  0.012619422587  0.010582934014  0.013134188860  0.021359518461  0.021359518461  0.017782068523  0.017782068523  0.019320449199  0.019823962585  0.020862035228  0.020862035228  0.020862035228  0.017264941645  0.017264941645  0.018817990675  0.013672193973  0.014186031443  0.013672193973  0.014693804882  0.019856145346  0.020350433830  0.015201967686  0.016232350325  0.014173784298  0.017760776354  
piranga_erythrocephala_fmnh343371 0.025551016787  0.028168848868  0.000000000000  0.000000000000  0.016213638021  0.012619422587  0.010582934014  0.013134188860  0.021359518461  0.021359518461  0.017782068523  0.017782068523  0.019320449199  0.019823962585  0.020862035228  0.020862035228  0.020862035228  0.017264941645  0.017264941645  0.018817990675  0.013672193973  0.014186031443  0.013672193973  0.014693804882  0.019856145346  0.020350433830  0.015201967686  0.016232350325  0.014173784298  0.017760776354  
piranga_leucoptera_fmnh481795 0.031834117374  0.034478815240  0.016213638021  0.016213638021  0.000000000000  0.009573925011  0.010588788017  0.013142847395  0.027593493366  0.027593493366  0.023989742880  0.023989742880  0.025541206917  0.026046636052  0.027095931592  0.027095931592  0.027095931592  0.023467045988  0.023467045988  0.025036841228  0.019839226383  0.020358562854  0.019839226383  0.020870040122  0.026086220579  0.026580561291  0.021381911623  0.022423350612  0.020342719285  0.023962966477  
piranga_leucoptera_lsu7783 0.028127871694  0.030753245415  0.012619422587  0.012619422587  0.009573925011  0.000000000000  0.007034511440  0.009568369875  0.023926708901  0.023926708901  0.020335419587  0.020335419587  0.021879083656  0.022385201655  0.023425975000  0.023425975000  0.023425975000  0.019816952288  0.019816952288  0.021374031249  0.016213638021  0.016728798891  0.016213638021  0.017238525767  0.022414887049  0.022912393761  0.017748645323  0.018781688748  0.016717812511  0.020316013267  
piranga_rubriceps_lsu265 0.026037788836  0.028653930647  0.010582934014  0.010582934014  0.010588788017  0.007034511440  0.000000000000  0.002506509709  0.021335495137  0.021335495137  0.018271035936  0.018271035936  0.019810356883  0.020316013267  0.021352886788  0.021352886788  0.021352886788  0.017754504218  0.017754504218  0.019305763926  0.014163175374  0.014676425227  0.014163175374  0.015184966111  0.020342719285  0.020840513046  0.015693898191  0.016723099398  0.014666891201  0.018253840642  
piranga_rubriceps_lsu34818 0.028663840782  0.031292877265  0.013134188860  0.013134188860  0.013142847395  0.009568369875  0.002506509709  0.000000000000  0.023933121702  0.023933121702  0.020862035228  0.020862035228  0.022406840003  0.022912393761  0.023954876997  0.023954876997  0.023954876997  0.020342719285  0.020342719285  0.021902349679  0.015704568383  0.016219464028  0.016734910619  0.017760776354  0.022944915640  0.023441150033  0.018271035936  0.019305763926  0.017238525767  0.020840513046  
piranga_roseogularis_ku2049 0.030225178682  0.031800256297  0.021359518461  0.021359518461  0.027593493366  0.023926708901  0.021335495137  0.023933121702  0.000000000000  0.000000000000  0.020847271321  0.020847271321  0.022391996934  0.021872161680  0.022912393761  0.022912393761  0.022912393761  0.020328535104  0.020328535104  0.021886422562  0.016723099398  0.017238525767  0.016723099398  0.017748645323  0.022927820276  0.022385201655  0.018259158228  0.019292735460  0.017227793891  0.020322066207  
piranga_roseogularis_ku2141 0.030225178682  0.031800256297  0.021359518461  0.021359518461  0.027593493366  0.023926708901  0.021335495137  0.023933121702  0.000000000000  0.000000000000  0.020847271321  0.020847271321  0.022391996934  0.021872161680  0.022912393761  0.022912393761  0.022912393761  0.020328535104  0.020328535104  0.021886422562  0.016723099398  0.017238525767  0.016723099398  0.017748645323  0.022927820276  0.022385201655  0.018259158228  0.019292735460  0.017227793891  0.020322066207  
piranga_flava_ku90809 0.026611768740  0.028180145439  0.017782068523  0.017782068523  0.023989742880  0.020335419587  0.018271035936  0.020862035228  0.020847271321  0.020847271321  0.000000000000  0.000000000000  0.008560503617  0.009062827154  0.010079597114  0.010079597114  0.010079597114  0.006537968852  0.006537968852  0.008059228555  0.008059228555  0.008567384578  0.008059228555  0.009072155733  0.014179703276  0.014163175374  0.009577312923  0.010596273041  0.008560503617  0.012115626986  
piranga_flava_lsu15408 0.026611768740  0.028180145439  0.017782068523  0.017782068523  0.023989742880  0.020335419587  0.018271035936  0.020862035228  0.020847271321  0.020847271321  0.000000000000  0.000000000000  0.008560503617  0.009062827154  0.010079597114  0.010079597114  0.010079597114  0.006537968852  0.006537968852  0.008059228555  0.008059228555  0.008567384578  0.008059228555  0.009072155733  0.014179703276  0.014163175374  0.009577312923  0.010596273041  0.008560503617  0.012115626986  
piranga_bidentata_tepe59 0.027116071500  0.028684926631  0.019320449199  0.019320449199  0.025541206917  0.021879083656  0.019810356883  0.022406840003  0.022391996934  0.022391996934  0.008560503617  0.008560503617  0.000000000000  0.004513735005  0.005520938350  0.005520938350  0.005520938350  0.002002803708  0.002002803708  0.003509786345  0.009577312923  0.010086523562  0.009577312923  0.010592326837  0.015710520514  0.016208223932  0.011098517719  0.012119598088  0.010079597114  0.013642069092  
piranga_ludoviciana_sdsu2208 0.027621437711  0.029190773435  0.019823962585  0.019823962585  0.026046636052  0.022385201655  0.020316013267  0.022912393761  0.021872161680  0.021872161680  0.009062827154  0.009062827154  0.004513735005  0.000000000000  0.002002803708  0.002002803708  0.002002803708  0.002504311424  0.002504311424  0.004011236445  0.010079597114  0.010588788017  0.010079597114  0.011095107234  0.016213638021  0.016712938602  0.011601815110  0.012622855801  0.010582934014  0.014146884004  
piranga_bidentata_hgoslp104 0.028674172900  0.030246371068  0.020862035228  0.020862035228  0.027095931592  0.023425975000  0.021352886788  0.023954876997  0.022912393761  0.022912393761  0.010079597114  0.010079597114  0.005520938350  0.002002803708  0.000000000000  0.000000000000  0.000000000000  0.003508404146  0.003508404146  0.005018478399  0.011098517719  0.011608787361  0.011098517719  0.012115626986  0.017244511275  0.017743200040  0.012622855801  0.013646065262  0.011601815110  0.015171666144  
piranga_bidentata_itm141 0.028674172900  0.030246371068  0.020862035228  0.020862035228  0.027095931592  0.023425975000  0.021352886788  0.023954876997  0.022912393761  0.022912393761  0.010079597114  0.010079597114  0.005520938350  0.002002803708  0.000000000000  0.000000000000  0.000000000000  0.003508404146  0.003508404146  0.005018478399  0.011098517719  0.011608787361  0.011098517719  0.012115626986  0.017244511275  0.017743200040  0.012622855801  0.013646065262  0.011601815110  0.015171666144  
piranga_bidentata_itm160 0.028674172900  0.030246371068  0.020862035228  0.020862035228  0.027095931592  0.023425975000  0.021352886788  0.023954876997  0.022912393761  0.022912393761  0.010079597114  0.010079597114  0.005520938350  0.002002803708  0.000000000000  0.000000000000  0.000000000000  0.003508404146  0.003508404146  0.005018478399  0.011098517719  0.011608787361  0.011098517719  0.012115626986  0.017244511275  0.017743200040  0.012622855801  0.013646065262  0.011601815110  0.015171666144  
piranga_ludoviciana_sdsu2648 0.025036841228  0.026600946965  0.017264941645  0.017264941645  0.023467045988  0.019816952288  0.017754504218  0.020342719285  0.020328535104  0.020328535104  0.006537968852  0.006537968852  0.002002803708  0.002504311424  0.003508404146  0.003508404146  0.003508404146  0.000000000000  0.000000000000  0.001502340243  0.007551608011  0.008059228555  0.007551608011  0.008563741385  0.013666149746  0.014163175374  0.009068639986  0.010086523562  0.008052902686  0.011605096865  
piranga_ludoviciana_sdsu2650 0.025036841228  0.026600946965  0.017264941645  0.017264941645  0.023467045988  0.019816952288  0.017754504218  0.020342719285  0.020328535104  0.020328535104  0.006537968852  0.006537968852  0.002002803708  0.002504311424  0.003508404146  0.003508404146  0.003508404146  0.000000000000  0.000000000000  0.001502340243  0.007551608011  0.008059228555  0.007551608011  0.008563741385  0.013666149746  0.014163175374  0.009068639986  0.010086523562  0.008052902686  0.011605096865  
piranga_ludoviciana_sdsu2385 0.026611768740  0.028180145439  0.018817990675  0.018817990675  0.025036841228  0.021374031249  0.019305763926  0.021902349679  0.021886422562  0.021886422562  0.008059228555  0.008059228555  0.003509786345  0.004011236445  0.005018478399  0.005018478399  0.005018478399  0.001502340243  0.001502340243  0.000000000000  0.009076077210  0.009585307586  0.009076077210  0.010090597032  0.015208455734  0.015704568383  0.010596273041  0.011617393090  0.009577312923  0.013138313293  
piranga_hepatica_ku4970 0.022441525824  0.023999503112  0.013672193973  0.013672193973  0.019839226383  0.016213638021  0.014163175374  0.015704568383  0.016723099398  0.016723099398  0.008059228555  0.008059228555  0.009577312923  0.010079597114  0.011098517719  0.011098517719  0.011098517719  0.007551608011  0.007551608011  0.009076077210  0.000000000000  0.000500259667  0.002004163321  0.003007956953  0.010095076844  0.010592326837  0.005526458126  0.006537968852  0.004517066911  0.008050347802  
piranga_hepatica_ku9084 0.022963676922  0.024523062563  0.014186031443  0.014186031443  0.020358562854  0.016728798891  0.014676425227  0.016219464028  0.017238525767  0.017238525767  0.008567384578  0.008567384578  0.010086523562  0.010588788017  0.011608787361  0.011608787361  0.011608787361  0.008059228555  0.008059228555  0.009585307586  0.000500259667  0.000000000000  0.002506509709  0.003511080723  0.010605386125  0.011102336265  0.006031947994  0.007044521818  0.005021498135  0.008557671643  
piranga_lutea_ku89864 0.022441525824  0.023999503112  0.013672193973  0.013672193973  0.019839226383  0.016213638021  0.014163175374  0.016734910619  0.016723099398  0.016723099398  0.008059228555  0.008059228555  0.009577312923  0.010079597114  0.011098517719  0.011098517719  0.011098517719  0.007551608011  0.007551608011  0.009076077210  0.002004163321  0.002506509709  0.000000000000  0.003007956953  0.010095076844  0.010592326837  0.005526458126  0.006537968852  0.004517066911  0.008050347802  
piranga_lutea_lsu5400 0.023476512077  0.025036841228  0.014693804882  0.014693804882  0.020870040122  0.017238525767  0.015184966111  0.017760776354  0.017748645323  0.017748645323  0.009072155733  0.009072155733  0.010592326837  0.011095107234  0.012115626986  0.012115626986  0.012115626986  0.008563741385  0.008563741385  0.010090597032  0.003007956953  0.003511080723  0.003007956953  0.000000000000  0.011111196061  0.011608787361  0.006535432947  0.007548519628  0.005524472381  0.009062827154  
piranga_olivacea_ku4672 0.028719713866  0.030293828944  0.019856145346  0.019856145346  0.026086220579  0.022414887049  0.020342719285  0.022944915640  0.022927820276  0.022927820276  0.014179703276  0.014179703276  0.015710520514  0.016213638021  0.017244511275  0.017244511275  0.017244511275  0.013666149746  0.013666149746  0.015208455734  0.010095076844  0.010605386125  0.010095076844  0.011111196061  0.000000000000  0.016734910619  0.011617393090  0.012640682247  0.010596273041  0.014163175374  
piranga_olivacea_ku2699 0.029212457486  0.030786570365  0.020350433830  0.020350433830  0.026580561291  0.022912393761  0.020840513046  0.023441150033  0.022385201655  0.022385201655  0.014163175374  0.014163175374  0.016208223932  0.016712938602  0.017743200040  0.017743200040  0.017743200040  0.014163175374  0.014163175374  0.015704568383  0.010592326837  0.011102336265  0.010592326837  0.011608787361  0.016734910619  0.000000000000  0.010082856799  0.011102336265  0.009065530336  0.012622855801  
piranga_rubra_ku7046 0.023989742880  0.025551016787  0.015201967686  0.015201967686  0.021381911623  0.017748645323  0.015693898191  0.018271035936  0.018259158228  0.018259158228  0.009577312923  0.009577312923  0.011098517719  0.011601815110  0.012622855801  0.012622855801  0.012622855801  0.009068639986  0.009068639986  0.010596273041  0.005526458126  0.006031947994  0.005526458126  0.006535432947  0.011617393090  0.010082856799  0.000000000000  0.003009380501  0.001001039387  0.005521712120  
piranga_rubra_sdsu2654 0.025036841228  0.026600946965  0.016232350325  0.016232350325  0.022423350612  0.018781688748  0.016723099398  0.019305763926  0.019292735460  0.019292735460  0.010596273041  0.010596273041  0.012119598088  0.012622855801  0.013646065262  0.013646065262  0.013646065262  0.010086523562  0.010086523562  0.011617393090  0.006537968852  0.007044521818  0.006537968852  0.007548519628  0.012640682247  0.011102336265  0.003009380501  0.000000000000  0.002004163321  0.006531574159  
piranga_rubra_sdsu2635 0.022944915640  0.024503370004  0.014173784298  0.014173784298  0.020342719285  0.016717812511  0.014666891201  0.017238525767  0.017227793891  0.017227793891  0.008560503617  0.008560503617  0.010079597114  0.010582934014  0.011601815110  0.011601815110  0.011601815110  0.008052902686  0.008052902686  0.009577312923  0.004517066911  0.005021498135  0.004517066911  0.005524472381  0.010596273041  0.009065530336  0.001001039387  0.002004163321  0.000000000000  0.004513962698  
piranga_rubra_ku26592 0.025531815913  0.027095931592  0.017760776354  0.017760776354  0.023962966477  0.020316013267  0.018253840642  0.020840513046  0.020322066207  0.020322066207  0.012115626986  0.012115626986  0.013642069092  0.014146884004  0.015171666144  0.015171666144  0.015171666144  0.011605096865  0.011605096865  0.013138313293  0.008050347802  0.008557671643  0.008050347802  0.009062827154  0.014163175374  0.012622855801  0.005521712120  0.006531574159  0.004513962698  0.000000000000  

