30
cardinalis_cardinalis_ku21828 0.000000000000  0.003009097461  0.010598011642  0.011108280911  0.018787959158  0.015717702808  0.014169455970  0.014169455970  0.015717702808  0.015717702808  0.011624075729  0.011624075729  0.016226371846  0.011624075729  0.011624075729  0.012647773370  0.011624075729  0.017244869128  0.018271060204  0.019305396652  0.019305396652  0.024996628297  0.024996628297  0.024996628297  0.028630503901  0.024482540781  0.022405139135  0.025519506257  0.026034260910  0.025005145461  
cardinalis_cardinalis_ku25393 0.003009097461  0.000000000000  0.011619074986  0.012130394950  0.019823373809  0.016748832278  0.015196849036  0.015196849036  0.017782107026  0.017782107026  0.012647773370  0.012647773370  0.016226371846  0.012647773370  0.012647773370  0.013673585445  0.012647773370  0.018277596036  0.019305396652  0.020341891756  0.020341891756  0.026042935293  0.026042935293  0.026042935293  0.029682336074  0.025528300641  0.023447063257  0.026566916570  0.027082220088  0.026052007484  
piranga_roseogularis_ku2049 0.010598011642  0.011619074986  0.000000000000  0.000500251858  0.010075291739  0.007040731282  0.005522469618  0.005522469618  0.008054499815  0.008054499815  0.004014342529  0.004014342529  0.008559124461  0.004014342529  0.004014342529  0.005022970769  0.004014342529  0.009569519782  0.010583986124  0.011602940677  0.011602940677  0.017223236349  0.017223236349  0.017223236349  0.020816715329  0.016713304256  0.014663487941  0.017738253894  0.018248840390  0.017228056675  
piranga_roseogularis_ku2141 0.011108280911  0.012130394950  0.000500251858  0.000000000000  0.010583986124  0.007547356881  0.006027291124  0.006027291124  0.008562161142  0.008562161142  0.004518400598  0.004518400598  0.009067043659  0.004518400598  0.004518400598  0.005528054084  0.004518400598  0.010077955508  0.011093202080  0.012113202991  0.012113202991  0.017738253894  0.017738253894  0.017738253894  0.021334409985  0.017228056675  0.015176381544  0.018253806064  0.018764658513  0.017743343167  
piranga_leucoptera_fmnh481795 0.018787959158  0.019823373809  0.010075291739  0.010583986124  0.000000000000  0.006024969714  0.009563475105  0.009563475105  0.012109874718  0.012109874718  0.012116919525  0.012116919525  0.016718248076  0.012116919525  0.012116919525  0.013139549246  0.012116919525  0.017738253894  0.018764658513  0.019797904740  0.019797904740  0.023924633225  0.023924633225  0.023924633225  0.027551652075  0.023410601911  0.021858323288  0.024966535597  0.025481504551  0.024451961744  
piranga_leucoptera_lsu7783 0.015717702808  0.016748832278  0.007040731282  0.007547356881  0.006024969714  0.000000000000  0.006531014778  0.006531014778  0.009067043659  0.009067043659  0.009074025318  0.009074025318  0.013656555340  0.009074025318  0.009074025318  0.010092474816  0.009074025318  0.014672408109  0.015694604462  0.016723583401  0.016723583401  0.021351815837  0.021351815837  0.021351815837  0.024966535597  0.020839625297  0.018775522816  0.021870868508  0.022383720218  0.021358408671  
piranga_rubriceps_lsu265 0.014169455970  0.015196849036  0.005522469618  0.006027291124  0.009563475105  0.006531014778  0.000000000000  0.000000000000  0.007542711349  0.007542711349  0.007547356881  0.007547356881  0.012116919525  0.007547356881  0.007547356881  0.008562161142  0.007547356881  0.013131445715  0.014151123467  0.015176381544  0.015176381544  0.019792522361  0.019792522361  0.019792522361  0.023398797080  0.019281012924  0.017223236349  0.020309681513  0.020821849707  0.019797904740  
piranga_rubriceps_lsu34818 0.014169455970  0.015196849036  0.005522469618  0.006027291124  0.009563475105  0.006531014778  0.000000000000  0.000000000000  0.007542711349  0.007542711349  0.007547356881  0.007547356881  0.012116919525  0.007547356881  0.007547356881  0.008562161142  0.007547356881  0.013131445715  0.014151123467  0.015176381544  0.015176381544  0.019792522361  0.019792522361  0.019792522361  0.023398797080  0.019281012924  0.017223236349  0.020309681513  0.020821849707  0.019797904740  
piranga_erythrocephala_fmnh343370 0.015717702808  0.017782107026  0.008054499815  0.008562161142  0.012109874718  0.009067043659  0.007542711349  0.007542711349  0.000000000000  0.000000000000  0.010092474816  0.010092474816  0.014682886836  0.010092474816  0.010092474816  0.011113017100  0.010092474816  0.015699794127  0.016723583401  0.017754698670  0.017754698670  0.022390464218  0.022390464218  0.022390464218  0.024966535597  0.021877734521  0.019809852118  0.022910604105  0.023423996664  0.022397603982  
piranga_erythrocephala_fmnh343371 0.015717702808  0.017782107026  0.008054499815  0.008562161142  0.012109874718  0.009067043659  0.007542711349  0.007542711349  0.000000000000  0.000000000000  0.010092474816  0.010092474816  0.014682886836  0.010092474816  0.010092474816  0.011113017100  0.010092474816  0.015699794127  0.016723583401  0.017754698670  0.017754698670  0.022390464218  0.022390464218  0.022390464218  0.024966535597  0.021877734521  0.019809852118  0.022910604105  0.023423996664  0.022397603982  
piranga_ludoviciana_sdsu2648 0.011624075729  0.012647773370  0.004014342529  0.004518400598  0.012116919525  0.009074025318  0.007547356881  0.007547356881  0.010092474816  0.010092474816  0.000000000000  0.000000000000  0.004515326521  0.000000000000  0.000000000000  0.001001008110  0.000000000000  0.006531014778  0.007540966013  0.008554207190  0.008554207190  0.014147514689  0.014147514689  0.014147514689  0.017725344536  0.013639287029  0.011599876134  0.014659613257  0.015168490312  0.014151123467  
piranga_bidentata_itm160 0.011624075729  0.012647773370  0.004014342529  0.004518400598  0.012116919525  0.009074025318  0.007547356881  0.007547356881  0.010092474816  0.010092474816  0.000000000000  0.000000000000  0.004515326521  0.000000000000  0.000000000000  0.001001008110  0.000000000000  0.006531014778  0.007540966013  0.008554207190  0.008554207190  0.014147514689  0.014147514689  0.014147514689  0.017725344536  0.013639287029  0.011599876134  0.014659613257  0.015168490312  0.014151123467  
piranga_ludoviciana_sdsu2385 0.016226371846  0.016226371846  0.008559124461  0.009067043659  0.016718248076  0.013656555340  0.012116919525  0.012116919525  0.014682886836  0.014682886836  0.004515326521  0.004515326521  0.000000000000  0.004515326521  0.004515326521  0.005523947967  0.004515326521  0.011090400725  0.012106935086  0.013127977542  0.013127977542  0.018759816821  0.018759816821  0.018759816821  0.022360709448  0.018248840390  0.016194800705  0.019275901169  0.019787534694  0.018764658513  
piranga_ludoviciana_sdsu2650 0.011624075729  0.012647773370  0.004014342529  0.004518400598  0.012116919525  0.009074025318  0.007547356881  0.007547356881  0.010092474816  0.010092474816  0.000000000000  0.000000000000  0.004515326521  0.000000000000  0.000000000000  0.001001008110  0.000000000000  0.006531014778  0.007540966013  0.008554207190  0.008554207190  0.014147514689  0.014147514689  0.014147514689  0.017725344536  0.013639287029  0.011599876134  0.014659613257  0.015168490312  0.014151123467  
piranga_ludoviciana_sdsu2208 0.011624075729  0.012647773370  0.004014342529  0.004518400598  0.012116919525  0.009074025318  0.007547356881  0.007547356881  0.010092474816  0.010092474816  0.000000000000  0.000000000000  0.004515326521  0.000000000000  0.000000000000  0.001001008110  0.000000000000  0.006531014778  0.007540966013  0.008554207190  0.008554207190  0.014147514689  0.014147514689  0.014147514689  0.017725344536  0.013639287029  0.011599876134  0.014659613257  0.015168490312  0.014151123467  
piranga_bidentata_tepe59 0.012647773370  0.013673585445  0.005022970769  0.005528054084  0.013139549246  0.010092474816  0.008562161142  0.008562161142  0.011113017100  0.011113017100  0.001001008110  0.001001008110  0.005523947967  0.001001008110  0.001001008110  0.000000000000  0.001001008110  0.007542711349  0.008554207190  0.009569519782  0.009569519782  0.015172240404  0.015172240404  0.015172240404  0.018755369276  0.014663487941  0.012620397552  0.015685397222  0.016194800705  0.015176381544  
piranga_bidentata_itm141 0.011624075729  0.012647773370  0.004014342529  0.004518400598  0.012116919525  0.009074025318  0.007547356881  0.007547356881  0.010092474816  0.010092474816  0.000000000000  0.000000000000  0.004515326521  0.000000000000  0.000000000000  0.001001008110  0.000000000000  0.006531014778  0.007540966013  0.008554207190  0.008554207190  0.014147514689  0.014147514689  0.014147514689  0.017725344536  0.013639287029  0.011599876134  0.014659613257  0.015168490312  0.014151123467  
piranga_olivacea_ku4672 0.017244869128  0.018277596036  0.009569519782  0.010077955508  0.017738253894  0.014672408109  0.013131445715  0.013131445715  0.015699794127  0.015699794127  0.006531014778  0.006531014778  0.011090400725  0.006531014778  0.006531014778  0.007542711349  0.006531014778  0.000000000000  0.001000690327  0.002003210553  0.002003210553  0.007542711349  0.007542711349  0.007542711349  0.011087987466  0.007038476149  0.005019381197  0.008049333520  0.008554207190  0.007544841764  
piranga_bidentata_hgoslp104 0.018271060204  0.019305396652  0.010583986124  0.011093202080  0.018764658513  0.015694604462  0.014151123467  0.014151123467  0.016723583401  0.016723583401  0.007540966013  0.007540966013  0.012106935086  0.007540966013  0.007540966013  0.008554207190  0.007540966013  0.001000690327  0.000000000000  0.001001008110  0.001001008110  0.006532626286  0.006532626286  0.006532626286  0.010073015144  0.006029027875  0.004012871666  0.007038476149  0.007542711349  0.006534621963  
piranga_hepatica_ku9084 0.019305396652  0.020341891756  0.011602940677  0.012113202991  0.019797904740  0.016723583401  0.015176381544  0.015176381544  0.017754698670  0.017754698670  0.008554207190  0.008554207190  0.013127977542  0.008554207190  0.008554207190  0.009569519782  0.008554207190  0.002003210553  0.001001008110  0.000000000000  0.000000000000  0.005522469618  0.005522469618  0.005522469618  0.009057709437  0.005019381197  0.003006800834  0.006027291124  0.006531014778  0.005523947967  
piranga_olivacea_ku2699 0.019305396652  0.020341891756  0.011602940677  0.012113202991  0.019797904740  0.016723583401  0.015176381544  0.015176381544  0.017754698670  0.017754698670  0.008554207190  0.008554207190  0.013127977542  0.008554207190  0.008554207190  0.009569519782  0.008554207190  0.002003210553  0.001001008110  0.000000000000  0.000000000000  0.005522469618  0.005522469618  0.005522469618  0.009057709437  0.005019381197  0.003006800834  0.006027291124  0.006531014778  0.005523947967  
piranga_flava_lsu15408 0.024996628297  0.026042935293  0.017223236349  0.017738253894  0.023924633225  0.021351815837  0.019792522361  0.019792522361  0.022390464218  0.022390464218  0.014147514689  0.014147514689  0.018759816821  0.014147514689  0.014147514689  0.015172240404  0.014147514689  0.007542711349  0.006532626286  0.005522469618  0.005522469618  0.000000000000  0.000000000000  0.000000000000  0.004513586880  0.000500188072  0.005522469618  0.008554207190  0.009059463415  0.008049333520  
piranga_lutea_ku89864 0.024996628297  0.026042935293  0.017223236349  0.017738253894  0.023924633225  0.021351815837  0.019792522361  0.019792522361  0.022390464218  0.022390464218  0.014147514689  0.014147514689  0.018759816821  0.014147514689  0.014147514689  0.015172240404  0.014147514689  0.007542711349  0.006532626286  0.005522469618  0.005522469618  0.000000000000  0.000000000000  0.000000000000  0.004513586880  0.000500188072  0.005522469618  0.008554207190  0.009059463415  0.008049333520  
piranga_flava_ku90809 0.024996628297  0.026042935293  0.017223236349  0.017738253894  0.023924633225  0.021351815837  0.019792522361  0.019792522361  0.022390464218  0.022390464218  0.014147514689  0.014147514689  0.018759816821  0.014147514689  0.014147514689  0.015172240404  0.014147514689  0.007542711349  0.006532626286  0.005522469618  0.005522469618  0.000000000000  0.000000000000  0.000000000000  0.004513586880  0.000500188072  0.005522469618  0.008554207190  0.009059463415  0.008049333520  
piranga_hepatica_ku4970 0.028630503901  0.029682336074  0.020816715329  0.021334409985  0.027551652075  0.024966535597  0.023398797080  0.023398797080  0.024966535597  0.024966535597  0.017725344536  0.017725344536  0.022360709448  0.017725344536  0.017725344536  0.018755369276  0.017725344536  0.011087987466  0.010073015144  0.009057709437  0.009057709437  0.004513586880  0.004513586880  0.004513586880  0.000000000000  0.004010753177  0.009057709437  0.012104384473  0.012611954917  0.011597199959  
piranga_lutea_lsu5400 0.024482540781  0.025528300641  0.016713304256  0.017228056675  0.023410601911  0.020839625297  0.019281012924  0.019281012924  0.021877734521  0.021877734521  0.013639287029  0.013639287029  0.018248840390  0.013639287029  0.013639287029  0.014663487941  0.013639287029  0.007038476149  0.006029027875  0.005019381197  0.005019381197  0.000500188072  0.000500188072  0.000500188072  0.004010753177  0.000000000000  0.005019381197  0.008049333520  0.008554207190  0.007544841764  
piranga_rubra_sdsu2654 0.022405139135  0.023447063257  0.014663487941  0.015176381544  0.021858323288  0.018775522816  0.017223236349  0.017223236349  0.019809852118  0.019809852118  0.011599876134  0.011599876134  0.016194800705  0.011599876134  0.011599876134  0.012620397552  0.011599876134  0.005019381197  0.004012871666  0.003006800834  0.003006800834  0.005522469618  0.005522469618  0.005522469618  0.009057709437  0.005019381197  0.000000000000  0.003006800834  0.003508749306  0.002505230566  
piranga_rubra_sdsu2635 0.025519506257  0.026566916570  0.017738253894  0.018253806064  0.024966535597  0.021870868508  0.020309681513  0.020309681513  0.022910604105  0.022910604105  0.014659613257  0.014659613257  0.019275901169  0.014659613257  0.014659613257  0.015685397222  0.014659613257  0.008049333520  0.007038476149  0.006027291124  0.006027291124  0.008554207190  0.008554207190  0.008554207190  0.012104384473  0.008049333520  0.003006800834  0.000000000000  0.000500188072  0.003510795524  
piranga_rubra_ku7046 0.026034260910  0.027082220088  0.018248840390  0.018764658513  0.025481504551  0.022383720218  0.020821849707  0.020821849707  0.023423996664  0.023423996664  0.015168490312  0.015168490312  0.019787534694  0.015168490312  0.015168490312  0.016194800705  0.015168490312  0.008554207190  0.007542711349  0.006531014778  0.006531014778  0.009059463415  0.009059463415  0.009059463415  0.012611954917  0.008554207190  0.003508749306  0.000500188072  0.000000000000  0.004012871666  
piranga_rubra_ku26592 0.025005145461  0.026052007484  0.017228056675  0.017743343167  0.024451961744  0.021358408671  0.019797904740  0.019797904740  0.022397603982  0.022397603982  0.014151123467  0.014151123467  0.018764658513  0.014151123467  0.014151123467  0.015176381544  0.014151123467  0.007544841764  0.006534621963  0.005523947967  0.005523947967  0.008049333520  0.008049333520  0.008049333520  0.011597199959  0.007544841764  0.002505230566  0.003510795524  0.004012871666  0.000000000000  

