30
cardinalis_cardinalis_ku21828 0.000000000000  0.000000000000  0.009060512842  0.007037288420  0.007543543681  0.007543543681  0.006027821913  0.006027821913  0.008048184008  0.008048184008  0.008048184008  0.009062806896  0.008048184008  0.009573902818  0.012622815923  0.010585629258  0.009060512842  0.010585629258  0.011095076457  0.011095076457  0.013635271150  0.013635271150  0.013635271150  0.006533290617  0.013655247325  0.011605063084  0.006533290617  0.008048184008  0.008048184008  0.008048184008  
cardinalis_cardinalis_ku25393 0.000000000000  0.000000000000  0.009060512842  0.007037288420  0.007543543681  0.007543543681  0.006027821913  0.006027821913  0.008048184008  0.008048184008  0.008048184008  0.009062806896  0.008048184008  0.009573902818  0.012622815923  0.010585629258  0.009060512842  0.010585629258  0.011095076457  0.011095076457  0.013635271150  0.013635271150  0.013635271150  0.006533290617  0.013655247325  0.011605063084  0.006533290617  0.008048184008  0.008048184008  0.008048184008  
piranga_erythrocephala_fmnh343371 0.009060512842  0.009060512842  0.000000000000  0.002002803397  0.005522883126  0.005522883126  0.004011994885  0.004011994885  0.006026371483  0.006026371483  0.006026371483  0.007037288420  0.006026371483  0.007545822232  0.010585629258  0.008555228278  0.007035694018  0.008555228278  0.009062806896  0.009062806896  0.011596455658  0.011596455658  0.011596455658  0.004515624026  0.011612857152  0.009570920990  0.004515624026  0.006026371483  0.006026371483  0.006026371483  
piranga_erythrocephala_fmnh343370 0.007037288420  0.007037288420  0.002002803397  0.000000000000  0.003509783305  0.003509783305  0.002003282168  0.002003282168  0.004011994885  0.004011994885  0.004011994885  0.005019780337  0.004011994885  0.005526452594  0.008557653382  0.006533290617  0.005018473147  0.006533290617  0.007039290351  0.007039290351  0.009566185982  0.009566185982  0.009566185982  0.002505356862  0.009581093244  0.007545822232  0.002505356862  0.004011994885  0.004011994885  0.004011994885  
piranga_leucoptera_fmnh481795 0.007543543681  0.007543543681  0.005522883126  0.003509783305  0.000000000000  0.000000000000  0.001501730302  0.001501730302  0.003508891813  0.003508891813  0.003508891813  0.004515624026  0.003508891813  0.005021493102  0.008050331628  0.006027821913  0.004514590868  0.006027821913  0.006533290617  0.006533290617  0.009058628284  0.009058628284  0.009058628284  0.002003282168  0.009072142265  0.007039290351  0.002003282168  0.003508891813  0.003508891813  0.003508891813  
piranga_leucoptera_lsu7783 0.007543543681  0.007543543681  0.005522883126  0.003509783305  0.000000000000  0.000000000000  0.001501730302  0.001501730302  0.003508891813  0.003508891813  0.003508891813  0.004515624026  0.003508891813  0.005021493102  0.008050331628  0.006027821913  0.004514590868  0.006027821913  0.006533290617  0.006533290617  0.009058628284  0.009058628284  0.009058628284  0.002003282168  0.009072142265  0.007039290351  0.002003282168  0.003508891813  0.003508891813  0.003508891813  
piranga_flava_lsu15408 0.006027821913  0.006027821913  0.004011994885  0.002003282168  0.001501730302  0.001501730302  0.000000000000  0.000000000000  0.002002803397  0.002002803397  0.002002803397  0.003006932588  0.002002803397  0.003511079103  0.006533290617  0.004515624026  0.003006313712  0.004515624026  0.005019780337  0.005019780337  0.007540210449  0.007540210449  0.007540210449  0.000500259708  0.007551601322  0.005524464923  0.000500259708  0.002002803397  0.002002803397  0.002002803397  
piranga_lutea_ku89864 0.006027821913  0.006027821913  0.004011994885  0.002003282168  0.001501730302  0.001501730302  0.000000000000  0.000000000000  0.002002803397  0.002002803397  0.002002803397  0.003006932588  0.002002803397  0.003511079103  0.006533290617  0.004515624026  0.003006313712  0.004515624026  0.005019780337  0.005019780337  0.007540210449  0.007540210449  0.007540210449  0.000500259708  0.007551601322  0.005524464923  0.000500259708  0.002002803397  0.002002803397  0.002002803397  
piranga_rubriceps_lsu265 0.008048184008  0.008048184008  0.006026371483  0.004011994885  0.003508891813  0.003508891813  0.002002803397  0.002002803397  0.000000000000  0.000000000000  0.004011235187  0.005018473147  0.004011235187  0.005524464923  0.008555228278  0.006531564726  0.005017571908  0.006531564726  0.007037288420  0.007037288420  0.009564433559  0.009564433559  0.009564433559  0.002504606317  0.009068621983  0.007543543681  0.002504606317  0.004011235187  0.004011235187  0.004011235187  
piranga_rubriceps_lsu34818 0.008048184008  0.008048184008  0.006026371483  0.004011994885  0.003508891813  0.003508891813  0.002002803397  0.002002803397  0.000000000000  0.000000000000  0.004011235187  0.005018473147  0.004011235187  0.005524464923  0.008555228278  0.006531564726  0.005017571908  0.006531564726  0.007037288420  0.007037288420  0.009564433559  0.009564433559  0.009564433559  0.002504606317  0.009068621983  0.007543543681  0.002504606317  0.004011235187  0.004011235187  0.004011235187  
piranga_hepatica_ku9084 0.008048184008  0.008048184008  0.006026371483  0.004011994885  0.003508891813  0.003508891813  0.002002803397  0.002002803397  0.004011235187  0.004011235187  0.000000000000  0.003006932588  0.003006932588  0.005524464923  0.008555228278  0.006531564726  0.005017571908  0.006531564726  0.007037288420  0.007037288420  0.009564433559  0.009564433559  0.009564433559  0.002504606317  0.009577293694  0.007543543681  0.002504606317  0.004011235187  0.004011235187  0.004011235187  
piranga_hepatica_ku4970 0.009062806896  0.009062806896  0.007037288420  0.005019780337  0.004515624026  0.004515624026  0.003006932588  0.003006932588  0.005018473147  0.005018473147  0.003006932588  0.000000000000  0.004013159562  0.006535423358  0.009570920990  0.007543543681  0.006026371483  0.007543543681  0.008050331628  0.008050331628  0.010580599134  0.010580599134  0.010580599134  0.003509783305  0.010596251611  0.008557653382  0.003509783305  0.005018473147  0.005018473147  0.005018473147  
piranga_lutea_lsu5400 0.008048184008  0.008048184008  0.006026371483  0.004011994885  0.003508891813  0.003508891813  0.002002803397  0.002002803397  0.004011235187  0.004011235187  0.003006932588  0.004013159562  0.000000000000  0.005524464923  0.008555228278  0.006531564726  0.005017571908  0.006531564726  0.007037288420  0.007037288420  0.009564433559  0.009564433559  0.009564433559  0.002504606317  0.009577293694  0.007543543681  0.002504606317  0.004011235187  0.004011235187  0.004011235187  
piranga_olivacea_ku2699 0.009573902818  0.009573902818  0.007545822232  0.005526452594  0.005021493102  0.005021493102  0.003511079103  0.003511079103  0.005524464923  0.005524464923  0.005524464923  0.006535423358  0.005524464923  0.000000000000  0.007041699433  0.005021493102  0.005522883126  0.007039290351  0.007545822232  0.007545822232  0.010074279110  0.010074279110  0.010074279110  0.003007955476  0.010090582599  0.009068621983  0.004014728843  0.005524464923  0.005524464923  0.005524464923  
piranga_roseogularis_ku2049 0.012622815923  0.012622815923  0.010585629258  0.008557653382  0.008050331628  0.008050331628  0.006533290617  0.006533290617  0.008555228278  0.008555228278  0.008555228278  0.009570920990  0.008555228278  0.007041699433  0.000000000000  0.002003282168  0.008553211988  0.010076720346  0.010585629258  0.010585629258  0.013124244653  0.013124244653  0.013124244653  0.006027821913  0.013142808410  0.012115590281  0.007039290351  0.008555228278  0.008555228278  0.008555228278  
piranga_roseogularis_ku2141 0.010585629258  0.010585629258  0.008555228278  0.006533290617  0.006027821913  0.006027821913  0.004515624026  0.004515624026  0.006531564726  0.006531564726  0.006531564726  0.007543543681  0.006531564726  0.005021493102  0.002003282168  0.000000000000  0.006530246062  0.008048184008  0.008555228278  0.008555228278  0.011087309324  0.011087309324  0.011087309324  0.004011994885  0.011102308788  0.010079571690  0.005019780337  0.006531564726  0.006531564726  0.006531564726  
piranga_bidentata_hgoslp104 0.009060512842  0.009060512842  0.007035694018  0.005018473147  0.004514590868  0.004514590868  0.003006313712  0.003006313712  0.005017571908  0.005017571908  0.005017571908  0.006026371483  0.005017571908  0.005522883126  0.008553211988  0.006530246062  0.000000000000  0.001502340616  0.002004163985  0.002004163985  0.004514590868  0.004514590868  0.004514590868  0.002504259487  0.009573902818  0.008555228278  0.003508891813  0.005017571908  0.005017571908  0.005017571908  
piranga_bidentata_tepe59 0.010585629258  0.010585629258  0.008555228278  0.006533290617  0.006027821913  0.006027821913  0.004515624026  0.004515624026  0.006531564726  0.006531564726  0.006531564726  0.007543543681  0.006531564726  0.007039290351  0.010076720346  0.008048184008  0.001502340616  0.000000000000  0.000500259708  0.000500259708  0.003006099223  0.003006099223  0.003006099223  0.004011994885  0.011102308788  0.010079571690  0.005019780337  0.006531564726  0.006531564726  0.006531564726  
piranga_bidentata_itm160 0.011095076457  0.011095076457  0.009062806896  0.007039290351  0.006533290617  0.006533290617  0.005019780337  0.005019780337  0.007037288420  0.007037288420  0.007037288420  0.008050331628  0.007037288420  0.007545822232  0.010585629258  0.008555228278  0.002004163985  0.000500259708  0.000000000000  0.000000000000  0.003508405004  0.003508405004  0.003508405004  0.004515624026  0.011612857152  0.010588760130  0.005524464923  0.007037288420  0.007037288420  0.007037288420  
piranga_bidentata_itm141 0.011095076457  0.011095076457  0.009062806896  0.007039290351  0.006533290617  0.006533290617  0.005019780337  0.005019780337  0.007037288420  0.007037288420  0.007037288420  0.008050331628  0.007037288420  0.007545822232  0.010585629258  0.008555228278  0.002004163985  0.000500259708  0.000000000000  0.000000000000  0.003508405004  0.003508405004  0.003508405004  0.004515624026  0.011612857152  0.010588760130  0.005524464923  0.007037288420  0.007037288420  0.007037288420  
piranga_ludoviciana_sdsu2650 0.013635271150  0.013635271150  0.011596455658  0.009566185982  0.009058628284  0.009058628284  0.007540210449  0.007540210449  0.009564433559  0.009564433559  0.009564433559  0.010580599134  0.009564433559  0.010074279110  0.013124244653  0.011087309324  0.004514590868  0.003006099223  0.003508405004  0.003508405004  0.000000000000  0.000000000000  0.000000000000  0.007034507523  0.014154157419  0.013127131970  0.008046444898  0.009564433559  0.009564433559  0.009564433559  
piranga_ludoviciana_sdsu2385 0.013635271150  0.013635271150  0.011596455658  0.009566185982  0.009058628284  0.009058628284  0.007540210449  0.007540210449  0.009564433559  0.009564433559  0.009564433559  0.010580599134  0.009564433559  0.010074279110  0.013124244653  0.011087309324  0.004514590868  0.003006099223  0.003508405004  0.003508405004  0.000000000000  0.000000000000  0.000000000000  0.007034507523  0.014154157419  0.013127131970  0.008046444898  0.009564433559  0.009564433559  0.009564433559  
piranga_ludoviciana_sdsu2208 0.013635271150  0.013635271150  0.011596455658  0.009566185982  0.009058628284  0.009058628284  0.007540210449  0.007540210449  0.009564433559  0.009564433559  0.009564433559  0.010580599134  0.009564433559  0.010074279110  0.013124244653  0.011087309324  0.004514590868  0.003006099223  0.003508405004  0.003508405004  0.000000000000  0.000000000000  0.000000000000  0.007034507523  0.014154157419  0.013127131970  0.008046444898  0.009564433559  0.009564433559  0.009564433559  
piranga_ludoviciana_sdsu2648 0.006533290617  0.006533290617  0.004515624026  0.002505356862  0.002003282168  0.002003282168  0.000500259708  0.000500259708  0.002504606317  0.002504606317  0.002504606317  0.003509783305  0.002504606317  0.003007955476  0.006027821913  0.004011994885  0.002504259487  0.004011994885  0.004515624026  0.004515624026  0.007034507523  0.007034507523  0.007034507523  0.000000000000  0.007044515292  0.006029678893  0.001001039553  0.002504606317  0.002504606317  0.002504606317  
piranga_olivacea_ku4672 0.013655247325  0.013655247325  0.011612857152  0.009581093244  0.009072142265  0.009072142265  0.007551601322  0.007551601322  0.009068621983  0.009068621983  0.009577293694  0.010596251611  0.009577293694  0.010090582599  0.013142808410  0.011102308788  0.009573902818  0.011102308788  0.011612857152  0.011612857152  0.014154157419  0.014154157419  0.014154157419  0.007044515292  0.000000000000  0.013147757428  0.008059221788  0.009577293694  0.009577293694  0.009577293694  
piranga_flava_ku90809 0.011605063084  0.011605063084  0.009570920990  0.007545822232  0.007039290351  0.007039290351  0.005524464923  0.005524464923  0.007543543681  0.007543543681  0.007543543681  0.008557653382  0.007543543681  0.009068621983  0.012115590281  0.010079571690  0.008555228278  0.010079571690  0.010588760130  0.010588760130  0.013127131970  0.013127131970  0.013127131970  0.006029678893  0.013147757428  0.000000000000  0.006029678893  0.007543543681  0.007543543681  0.007543543681  
piranga_rubra_ku7046 0.006533290617  0.006533290617  0.004515624026  0.002505356862  0.002003282168  0.002003282168  0.000500259708  0.000500259708  0.002504606317  0.002504606317  0.002504606317  0.003509783305  0.002504606317  0.004014728843  0.007039290351  0.005019780337  0.003508891813  0.005019780337  0.005524464923  0.005524464923  0.008046444898  0.008046444898  0.008046444898  0.001001039553  0.008059221788  0.006029678893  0.000000000000  0.001501522741  0.001501522741  0.001501522741  
piranga_rubra_sdsu2635 0.008048184008  0.008048184008  0.006026371483  0.004011994885  0.003508891813  0.003508891813  0.002002803397  0.002002803397  0.004011235187  0.004011235187  0.004011235187  0.005018473147  0.004011235187  0.005524464923  0.008555228278  0.006531564726  0.005017571908  0.006531564726  0.007037288420  0.007037288420  0.009564433559  0.009564433559  0.009564433559  0.002504606317  0.009577293694  0.007543543681  0.001501522741  0.000000000000  0.000000000000  0.000000000000  
piranga_rubra_sdsu2654 0.008048184008  0.008048184008  0.006026371483  0.004011994885  0.003508891813  0.003508891813  0.002002803397  0.002002803397  0.004011235187  0.004011235187  0.004011235187  0.005018473147  0.004011235187  0.005524464923  0.008555228278  0.006531564726  0.005017571908  0.006531564726  0.007037288420  0.007037288420  0.009564433559  0.009564433559  0.009564433559  0.002504606317  0.009577293694  0.007543543681  0.001501522741  0.000000000000  0.000000000000  0.000000000000  
piranga_rubra_ku26592 0.008048184008  0.008048184008  0.006026371483  0.004011994885  0.003508891813  0.003508891813  0.002002803397  0.002002803397  0.004011235187  0.004011235187  0.004011235187  0.005018473147  0.004011235187  0.005524464923  0.008555228278  0.006531564726  0.005017571908  0.006531564726  0.007037288420  0.007037288420  0.009564433559  0.009564433559  0.009564433559  0.002504606317  0.009577293694  0.007543543681  0.001501522741  0.000000000000  0.000000000000  0.000000000000  

