30
cardinalis_cardinalis_ku21828 0.000000000000  0.004012838813  0.020314611794  0.021869965065  0.023951346972  0.020845421204  0.026024680001  0.021357497094  0.021357497094  0.018270308565  0.020845421204  0.023422971132  0.023422971132  0.024438209450  0.027564288754  0.019815553061  0.026041455504  0.024473053129  0.024979630147  0.024979630147  0.026016888183  0.026016888183  0.028112478271  0.023422971132  0.026556492530  0.023943858792  0.030707258088  0.028612628580  0.022389496405  0.023430186224  
cardinalis_cardinalis_ku25393 0.004012838813  0.000000000000  0.019280399031  0.020832523883  0.022909569747  0.019809055189  0.024979630147  0.020320593774  0.020320593774  0.017238230576  0.019809055189  0.022382825781  0.022382825781  0.023398070564  0.026518148899  0.018780798825  0.024995305839  0.023430186224  0.023936766492  0.023936766492  0.024972387367  0.026016888183  0.028112478271  0.022382825781  0.025509795365  0.022902627173  0.029655047619  0.027564288754  0.021350974599  0.022389496405  
piranga_leucoptera_fmnh481795 0.020314611794  0.019280399031  0.000000000000  0.002506289702  0.009565011170  0.006529755096  0.011594788140  0.007033991420  0.010071041263  0.007035072285  0.010577456708  0.012102107333  0.012102107333  0.013115337112  0.016179120289  0.008552250217  0.015685002933  0.013124688615  0.013630265759  0.013630265759  0.014650152591  0.015674271726  0.017728843404  0.012102107333  0.015168183919  0.012611812317  0.019259082517  0.016691703883  0.011085862910  0.012104233457  
piranga_leucoptera_lsu7783 0.021869965065  0.020832523883  0.002506289702  0.000000000000  0.012109650361  0.009061478832  0.014147236935  0.009566997732  0.012616976152  0.009569370149  0.013124688615  0.014655859794  0.014655859794  0.015669073984  0.018747325106  0.011093002500  0.018258534737  0.015685002933  0.016190572243  0.016190572243  0.017214406089  0.018243812140  0.020309023324  0.014655859794  0.017737732224  0.015168183919  0.021841920148  0.019262557585  0.013635700593  0.014659298718  
piranga_erythrocephala_fmnh343371 0.023951346972  0.022909569747  0.009565011170  0.012109650361  0.000000000000  0.003006787143  0.011090235469  0.006530963113  0.013639001938  0.010586707766  0.014147236935  0.015681035104  0.015681035104  0.016694243013  0.019778323129  0.012112940368  0.018258534737  0.016712821922  0.017218388075  0.017218388075  0.018243812140  0.019275348274  0.021344846178  0.015681035104  0.018769271537  0.016194414437  0.022878813830  0.020811457835  0.014659298718  0.015685002933  
piranga_erythrocephala_fmnh343370 0.020845421204  0.019809055189  0.006529755096  0.009061478832  0.003006787143  0.000000000000  0.008047245913  0.003508737598  0.010583815035  0.007544731326  0.011090235469  0.012616976152  0.012616976152  0.013628133047  0.016697174883  0.009063977093  0.015180462759  0.013642692051  0.014147236935  0.014147236935  0.015168183919  0.016194414437  0.018253235068  0.012616976152  0.015689361006  0.013127727131  0.019782460448  0.017724987559  0.011599682338  0.012620140607  
piranga_rubriceps_lsu265 0.026024680001  0.024979630147  0.011594788140  0.014147236935  0.011090235469  0.008047245913  0.000000000000  0.006530963113  0.015681035104  0.012620140607  0.016190572243  0.017728843404  0.017728843404  0.018744116950  0.021837498497  0.014150801648  0.019797237215  0.018764096131  0.019270690855  0.019270690855  0.019275348274  0.021333773098  0.023409728115  0.017728843404  0.020826665718  0.018243812140  0.024947392372  0.022873851674  0.016704215269  0.017733091755  
piranga_rubriceps_lsu34818 0.021357497094  0.020320593774  0.007033991420  0.009566997732  0.006530963113  0.003508737598  0.006530963113  0.000000000000  0.011090235469  0.008049226502  0.011597041393  0.013124688615  0.013124688615  0.014136876234  0.017207619196  0.009569370149  0.015689361006  0.014150801648  0.014655859794  0.014655859794  0.015677457906  0.016704215269  0.018764096131  0.013124688615  0.016198647536  0.013635700593  0.020294622843  0.018235960342  0.012106747929  0.013127727131  
piranga_ludoviciana_sdsu2648 0.021357497094  0.020320593774  0.010071041263  0.012616976152  0.013639001938  0.010583815035  0.015681035104  0.011090235469  0.000000000000  0.004011762549  0.007539564083  0.010072900945  0.010072900945  0.011083041607  0.014138880908  0.009569370149  0.016717711632  0.014150801648  0.014655859794  0.014655859794  0.015677457906  0.016704215269  0.018764096131  0.013124688615  0.016198647536  0.013635700593  0.020294622843  0.018235960342  0.012106747929  0.013127727131  
piranga_ludoviciana_sdsu2650 0.018270308565  0.017238230576  0.007035072285  0.009569370149  0.010586707766  0.007544731326  0.012620140607  0.008049226502  0.004011762549  0.000000000000  0.003508297195  0.007036537303  0.007036537303  0.008043613755  0.011085862910  0.006534529285  0.013651237051  0.011096156185  0.011599682338  0.011599682338  0.012616976152  0.013639001938  0.015689361006  0.010075147132  0.013134969274  0.010583815035  0.017214406089  0.015164871172  0.009061478832  0.010077779441  
piranga_ludoviciana_sdsu2208 0.020845421204  0.019809055189  0.010577456708  0.013124688615  0.014147236935  0.011090235469  0.016190572243  0.011597041393  0.007539564083  0.003508297195  0.000000000000  0.010579189120  0.010579189120  0.011590358423  0.014647885091  0.010075147132  0.017227527185  0.014659298718  0.015164871172  0.015164871172  0.016187121340  0.017214406089  0.019275348274  0.013632788405  0.016708323006  0.014144061649  0.020807178709  0.018747325106  0.012614199927  0.013635700593  
piranga_bidentata_tepe59 0.023422971132  0.022382825781  0.012102107333  0.014655859794  0.015681035104  0.012616976152  0.017728843404  0.013124688615  0.010072900945  0.007036537303  0.010579189120  0.000000000000  0.000000000000  0.005018132557  0.008049226502  0.011599682338  0.018769271537  0.016194414437  0.016700499098  0.016700499098  0.017724987559  0.018754923721  0.020821201729  0.015164871172  0.018248327407  0.015677457906  0.022355405777  0.020290612292  0.014144061649  0.015168183919  
piranga_bidentata_hgoslp104 0.023422971132  0.022382825781  0.012102107333  0.014655859794  0.015681035104  0.012616976152  0.017728843404  0.013124688615  0.010072900945  0.007036537303  0.010579189120  0.000000000000  0.000000000000  0.005018132557  0.008049226502  0.011599682338  0.018769271537  0.016194414437  0.016700499098  0.016700499098  0.017724987559  0.018754923721  0.020821201729  0.015164871172  0.018248327407  0.015677457906  0.022355405777  0.020290612292  0.014144061649  0.015168183919  
piranga_bidentata_itm160 0.024438209450  0.023398070564  0.013115337112  0.015669073984  0.016694243013  0.013628133047  0.018744116950  0.014136876234  0.011083041607  0.008043613755  0.011590358423  0.005018132557  0.005018132557  0.000000000000  0.004011762549  0.012609813713  0.019782460448  0.017207619196  0.017715778964  0.017715778964  0.018741303422  0.019771233245  0.021837498497  0.016179120289  0.019262557585  0.016691703883  0.023375883635  0.021310052051  0.015157278969  0.016181394971  
piranga_bidentata_itm141 0.027564288754  0.026518148899  0.016179120289  0.018747325106  0.019778323129  0.016697174883  0.021837498497  0.017207619196  0.014138880908  0.011085862910  0.014647885091  0.008049226502  0.008049226502  0.004011762549  0.000000000000  0.015674271726  0.022884172848  0.020294622843  0.020803295321  0.020803295321  0.021833473537  0.022869286774  0.024947392372  0.019259082517  0.022360097399  0.019774580597  0.026489786722  0.024413308738  0.018232624592  0.019262557585  
piranga_ludoviciana_sdsu2385 0.019815553061  0.018780798825  0.008552250217  0.011093002500  0.012112940368  0.009063977093  0.014150801648  0.009569370149  0.009569370149  0.006534529285  0.010075147132  0.011599682338  0.011599682338  0.012609813713  0.015674271726  0.000000000000  0.011099696142  0.008556343599  0.009059365778  0.009059365778  0.010072900945  0.011090235469  0.013131154145  0.007540902210  0.010586707766  0.008047245913  0.014652810955  0.012611812317  0.006530963113  0.007542624752  
piranga_olivacea_ku4672 0.026041455504  0.024995305839  0.015685002933  0.018258534737  0.018258534737  0.015180462759  0.019797237215  0.015689361006  0.016717711632  0.013651237051  0.017227527185  0.018769271537  0.018769271537  0.019782460448  0.022884172848  0.011099696142  0.000000000000  0.012627632665  0.013131154145  0.013131154145  0.014150801648  0.015175980098  0.017232683537  0.011602710589  0.014671952141  0.012112940368  0.018759313396  0.016704215269  0.010586707766  0.011606125763  
piranga_olivacea_ku2699 0.024473053129  0.023430186224  0.013124688615  0.015685002933  0.016712821922  0.013642692051  0.018764096131  0.014150801648  0.014150801648  0.011096156185  0.014659298718  0.016194414437  0.016194414437  0.017207619196  0.020294622843  0.008556343599  0.012627632665  0.000000000000  0.005525733453  0.005525733453  0.006534529285  0.007547221548  0.009578798698  0.004014296139  0.007046231250  0.004518339820  0.011093002500  0.009061478832  0.003009063258  0.004016134147  
piranga_hepatica_ku9084 0.024979630147  0.023936766492  0.013630265759  0.016190572243  0.017218388075  0.014147236935  0.019270690855  0.014655859794  0.014655859794  0.011599682338  0.015164871172  0.016700499098  0.016700499098  0.017715778964  0.020803295321  0.009059365778  0.013131154145  0.005525733453  0.000000000000  0.000000000000  0.001000689776  0.002003202382  0.004014296139  0.003508737598  0.007547221548  0.005019337756  0.011597041393  0.009565011170  0.003509559187  0.004516627046  
piranga_lutea_ku89864 0.024979630147  0.023936766492  0.013630265759  0.016190572243  0.017218388075  0.014147236935  0.019270690855  0.014655859794  0.014655859794  0.011599682338  0.015164871172  0.016700499098  0.016700499098  0.017715778964  0.020803295321  0.009059365778  0.013131154145  0.005525733453  0.000000000000  0.000000000000  0.001000689776  0.002003202382  0.004014296139  0.003508737598  0.007547221548  0.005019337756  0.011597041393  0.009565011170  0.003509559187  0.004516627046  
piranga_hepatica_ku4970 0.026016888183  0.024972387367  0.014650152591  0.017214406089  0.018243812140  0.015168183919  0.019275348274  0.015677457906  0.015677457906  0.012616976152  0.016187121340  0.017724987559  0.017724987559  0.018741303422  0.021833473537  0.010072900945  0.014150801648  0.006534529285  0.001000689776  0.001000689776  0.000000000000  0.003006787143  0.005020924915  0.004514345841  0.008558967319  0.006027235922  0.012614199927  0.010579189120  0.004515295593  0.005523890069  
piranga_flava_ku90809 0.026016888183  0.026016888183  0.015674271726  0.018243812140  0.019275348274  0.016194414437  0.021333773098  0.016704215269  0.016704215269  0.013639001938  0.017214406089  0.018754923721  0.018754923721  0.019771233245  0.022869286774  0.011090235469  0.015175980098  0.007547221548  0.002003202382  0.002003202382  0.003006787143  0.000000000000  0.002004022709  0.005522428907  0.009575271013  0.007038386091  0.013635700593  0.011597041393  0.005523890069  0.006534529285  
piranga_flava_lsu15408 0.028112478271  0.028112478271  0.017728843404  0.020309023324  0.021344846178  0.018253235068  0.023409728115  0.018764096131  0.018764096131  0.015689361006  0.019275348274  0.020821201729  0.020821201729  0.021837498497  0.024947392372  0.013131154145  0.017232683537  0.009578798698  0.004014296139  0.004014296139  0.005020924915  0.002004022709  0.000000000000  0.007544731326  0.011614115349  0.009066860177  0.015685002933  0.013639001938  0.007547221548  0.008561975216  
piranga_lutea_lsu5400 0.023422971132  0.022382825781  0.012102107333  0.014655859794  0.015681035104  0.012616976152  0.017728843404  0.013124688615  0.013124688615  0.010075147132  0.013632788405  0.015164871172  0.015164871172  0.016179120289  0.019259082517  0.007540902210  0.011602710589  0.004014296139  0.003508737598  0.003508737598  0.004514345841  0.005522428907  0.007544731326  0.000000000000  0.006031053694  0.003509559187  0.010072900945  0.008045650001  0.002003202382  0.003007735117  
piranga_rubra_sdsu2635 0.026556492530  0.025509795365  0.015168183919  0.017737732224  0.018769271537  0.015689361006  0.020826665718  0.016198647536  0.016198647536  0.013134969274  0.016708323006  0.018248327407  0.018248327407  0.019262557585  0.022360097399  0.010586707766  0.014671952141  0.007046231250  0.007547221548  0.007547221548  0.008558967319  0.009575271013  0.011614115349  0.006031053694  0.000000000000  0.004516627046  0.013131154145  0.011093002500  0.005022893655  0.006033535923  
piranga_rubra_sdsu2654 0.023943858792  0.022902627173  0.012611812317  0.015168183919  0.016194414437  0.013127727131  0.018243812140  0.013635700593  0.013635700593  0.010583815035  0.014144061649  0.015677457906  0.015677457906  0.016691703883  0.019774580597  0.008047245913  0.012112940368  0.004518339820  0.005019337756  0.005019337756  0.006027235922  0.007038386091  0.009066860177  0.003509559187  0.004516627046  0.000000000000  0.010581308692  0.008552250217  0.002505215725  0.003510761580  
piranga_roseogularis_ku2049 0.030707258088  0.029655047619  0.019259082517  0.021841920148  0.022878813830  0.019782460448  0.024947392372  0.020294622843  0.020294622843  0.017214406089  0.020807178709  0.022355405777  0.022355405777  0.023375883635  0.026489786722  0.014652810955  0.018759313396  0.011093002500  0.011597041393  0.011597041393  0.012614199927  0.013635700593  0.015685002933  0.010072900945  0.013131154145  0.010581308692  0.000000000000  0.006028953567  0.009059365778  0.010075147132  
piranga_roseogularis_ku2141 0.028612628580  0.027564288754  0.016691703883  0.019262557585  0.020811457835  0.017724987559  0.022873851674  0.018235960342  0.018235960342  0.015164871172  0.018747325106  0.020290612292  0.020290612292  0.021310052051  0.024413308738  0.012611812317  0.016704215269  0.009061478832  0.009565011170  0.009565011170  0.010579189120  0.011597041393  0.013639001938  0.008045650001  0.011093002500  0.008552250217  0.006028953567  0.000000000000  0.007035072285  0.008047245913  
piranga_rubra_ku7046 0.022389496405  0.021350974599  0.011085862910  0.013635700593  0.014659298718  0.011599682338  0.016704215269  0.012106747929  0.012106747929  0.009061478832  0.012614199927  0.014144061649  0.014144061649  0.015157278969  0.018232624592  0.006530963113  0.010586707766  0.003009063258  0.003509559187  0.003509559187  0.004515295593  0.005523890069  0.007547221548  0.002003202382  0.005022893655  0.002505215725  0.009059365778  0.007035072285  0.000000000000  0.001001004330  
piranga_rubra_ku26592 0.023430186224  0.022389496405  0.012104233457  0.014659298718  0.015685002933  0.012620140607  0.017733091755  0.013127727131  0.013127727131  0.010077779441  0.013635700593  0.015168183919  0.015168183919  0.016181394971  0.019262557585  0.007542624752  0.011606125763  0.004016134147  0.004516627046  0.004516627046  0.005523890069  0.006534529285  0.008561975216  0.003007735117  0.006033535923  0.003510761580  0.010075147132  0.008047245913  0.001001004330  0.000000000000  

