30
piranga_rubra_ku26592 0.000000000000  0.009219003330  0.008289590928  0.015757781898  0.014833852550  0.018807986384  0.006434750224  0.017651881020  0.002750853217  0.012011753436  0.013872870447  0.012025799434  0.007361986919  0.006737804026  0.003673771237  0.010150057636  0.006436184279  0.006438838820  0.013186735512  0.012018161752  0.013893439965  0.006436184279  0.012025799434  0.010156194829  0.014833852550  0.008172908156  0.011355245634  0.012011753436  0.005517062892  0.012011753436  
piranga_flava_ku90809 0.009219003330  0.000000000000  0.011284600029  0.015668033417  0.014800842956  0.018234701624  0.007834943720  0.017470079938  0.007784543661  0.009537688098  0.009567538302  0.012570985122  0.003448871232  0.003363794708  0.008652633212  0.002242401944  0.005182708556  0.011277877279  0.014032837133  0.013044311753  0.013275213571  0.002584311516  0.012163643969  0.009948270736  0.014810542930  0.010937206562  0.010318756826  0.009537688098  0.008657151668  0.013036105893  
piranga_ludoviciana_sdsu2385 0.008289590928  0.011284600029  0.000000000000  0.014784707753  0.013917657858  0.018234701624  0.008712946431  0.017470079938  0.006913529939  0.010401188672  0.012197414734  0.017140293831  0.009531359807  0.011285333096  0.009526109282  0.014739274500  0.009531359807  0.008652633212  0.011193532573  0.008657151668  0.012378756159  0.008657151668  0.011284600029  0.014537320514  0.013926609392  0.008179626225  0.011362715541  0.010401188672  0.009531359807  0.010401188672  
piranga_rubriceps_lsu265 0.015757781898  0.015668033417  0.014784707753  0.000000000000  0.013018007175  0.020074506117  0.014881777977  0.020114942491  0.014784707753  0.014778277022  0.016604752724  0.020800552799  0.013903015741  0.012412283794  0.015660855275  0.015868208045  0.013903015741  0.016545070467  0.016866202212  0.016552998798  0.011466457589  0.013022951349  0.005174645322  0.018218089885  0.011267681466  0.009538873604  0.011349311078  0.014778277022  0.015668033417  0.016545070467  
piranga_leucoptera_lsu7783 0.014833852550  0.014800842956  0.013917657858  0.013018007175  0.000000000000  0.020084457275  0.014007217035  0.019241200261  0.013917657858  0.013909792560  0.015729285899  0.019903049413  0.013036105893  0.011285333096  0.014792230484  0.014739274500  0.013036105893  0.015676304826  0.015935145058  0.015685667248  0.002629616618  0.012156181032  0.009526109282  0.017312104714  0.013917657858  0.008179626225  0.010318756826  0.013909792560  0.014800842956  0.015676304826  
cardinalis_cardinalis_ku25393 0.018807986384  0.018234701624  0.018234701624  0.020074506117  0.020084457275  0.000000000000  0.018225205232  0.004508186125  0.016381026774  0.017298291286  0.019206904073  0.022380925626  0.016381026774  0.013555517136  0.019153924878  0.017021053069  0.016381026774  0.020084457275  0.018195868738  0.020095612185  0.016669279547  0.015456885200  0.016390072801  0.020496161179  0.020095612185  0.012293497055  0.012393466201  0.017298291286  0.019164248912  0.020084457275  
piranga_olivacea_ku2699 0.006434750224  0.007834943720  0.008712946431  0.014881777977  0.014007217035  0.018225205232  0.000000000000  0.017584196322  0.005210596169  0.010468844791  0.012278728088  0.013473732317  0.006083774496  0.005609567457  0.006082493706  0.007881554644  0.006083774496  0.008709458455  0.014972676672  0.012241217294  0.012459105839  0.005210596169  0.011356698531  0.010857202987  0.014015193406  0.006806794570  0.009277079179  0.010468844791  0.006083774496  0.012234748164  
cardinalis_cardinalis_ku21828 0.017651881020  0.017470079938  0.017470079938  0.020114942491  0.019241200261  0.004508186125  0.017584196322  0.000000000000  0.015695359304  0.016573937581  0.018399086222  0.022658785450  0.015695359304  0.014710354187  0.018350453572  0.017030038124  0.015695359304  0.019241200261  0.019740799890  0.019251431921  0.015959789541  0.014810470349  0.016581893790  0.020084457275  0.019251431921  0.012306203794  0.013447321180  0.016573937581  0.018359923915  0.019241200261  
piranga_rubra_ku7046 0.002750853217  0.007784543661  0.006913529939  0.014784707753  0.013917657858  0.016381026774  0.005210596169  0.015695359304  0.000000000000  0.010401188672  0.012197414734  0.011677891679  0.006044104687  0.006740549885  0.004311964954  0.010156518137  0.006044104687  0.006910467606  0.013084522141  0.010407173957  0.012378756159  0.005176262121  0.011284600029  0.009046769689  0.013926609392  0.009547889598  0.011362715541  0.010401188672  0.004315001673  0.010401188672  
piranga_bidentata_hgoslp104 0.012011753436  0.009537688098  0.010401188672  0.014778277022  0.013909792560  0.017298291286  0.010468844791  0.016573937581  0.010401188672  0.000000000000  0.008694788631  0.017129470188  0.007789408041  0.007878485025  0.011272237007  0.011307625978  0.009537688098  0.012149801819  0.010258165333  0.003446553121  0.012371026159  0.006917666374  0.011277877279  0.014528736190  0.013917657858  0.008179626225  0.006169450902  0.000000000000  0.011277877279  0.005176262121  
piranga_ludoviciana_sdsu2648 0.013872870447  0.009567538302  0.012197414734  0.016604752724  0.015729285899  0.019206904073  0.012278728088  0.018399086222  0.012197414734  0.008694788631  0.000000000000  0.017111330773  0.007814534575  0.007872690338  0.013074745190  0.011298083883  0.008690230694  0.013957950790  0.011186605733  0.012209189635  0.014148919885  0.006940444034  0.013079732834  0.014515133059  0.015736527332  0.010926848172  0.007197205466  0.008694788631  0.013079732834  0.012202754445  
piranga_roseogularis_ku2049 0.012025799434  0.012570985122  0.017140293831  0.020800552799  0.019903049413  0.022380925626  0.013473732317  0.022658785450  0.011677891679  0.017129470188  0.017111330773  0.000000000000  0.010755454072  0.007872690338  0.012578967929  0.011298083883  0.011662355349  0.017129470188  0.018789056093  0.018980350791  0.017140293831  0.009850274730  0.017152283467  0.005411766377  0.020827537334  0.013696789213  0.012408965339  0.017129470188  0.012588107248  0.018967905577  
piranga_hepatica_ku4970 0.007361986919  0.003448871232  0.009531359807  0.013903015741  0.013036105893  0.016381026774  0.006083774496  0.015695359304  0.006044104687  0.007789408041  0.007814534575  0.010755454072  0.000000000000  0.001118629804  0.006910467606  0.004495401230  0.003448871232  0.009526109282  0.012138089774  0.011284600029  0.011483981286  0.000859881540  0.010407173957  0.008124948533  0.013044311753  0.008179626225  0.008237672655  0.007789408041  0.006913529939  0.011277877279  
piranga_hepatica_ku9084 0.006737804026  0.003363794708  0.011285333096  0.012412283794  0.011285333096  0.013555517136  0.005609567457  0.014710354187  0.006740549885  0.007878485025  0.007872690338  0.007872690338  0.001118629804  0.000000000000  0.007868716997  0.003405801750  0.002239890572  0.011277642051  0.010145069037  0.012428330992  0.010145069037  0.000000000000  0.007878485025  0.006740549885  0.010145069037  0.006806794570  0.007908267741  0.007878485025  0.007872690338  0.011277642051  
piranga_rubra_sdsu2654 0.003673771237  0.008652633212  0.009526109282  0.015660855275  0.014792230484  0.019153924878  0.006082493706  0.018350453572  0.004311964954  0.011272237007  0.013074745190  0.012578967929  0.006910467606  0.007868716997  0.000000000000  0.011290375387  0.006910467606  0.007784543661  0.015923911199  0.013036105893  0.013266713781  0.006041766437  0.012156181032  0.009953998615  0.014800842956  0.010926848172  0.012400447044  0.011272237007  0.003446553121  0.013028985010  
piranga_flava_lsu15408 0.010150057636  0.002242401944  0.014739274500  0.015868208045  0.014739274500  0.017021053069  0.007881554644  0.017030038124  0.010156518137  0.011307625978  0.011298083883  0.011298083883  0.004495401230  0.003405801750  0.011290375387  0.000000000000  0.005625906269  0.011298083883  0.014739274500  0.015891880103  0.013589448831  0.003367570663  0.011307625978  0.010156518137  0.014739274500  0.010937206562  0.011298083883  0.011307625978  0.011298083883  0.014727785876  
piranga_lutea_lsu5400 0.006436184279  0.005182708556  0.009531359807  0.013903015741  0.013036105893  0.016381026774  0.006083774496  0.015695359304  0.006044104687  0.009537688098  0.008690230694  0.011662355349  0.003448871232  0.002239890572  0.006910467606  0.005625906269  0.000000000000  0.009526109282  0.013084522141  0.013044311753  0.010590882649  0.002584311516  0.010407173957  0.007215895830  0.013044311753  0.005437904834  0.009277079179  0.009537688098  0.006913529939  0.013036105893  
piranga_olivacea_ku4672 0.006438838820  0.011277877279  0.008652633212  0.016545070467  0.015676304826  0.020084457275  0.008709458455  0.019241200261  0.006910467606  0.012149801819  0.013957950790  0.017129470188  0.009526109282  0.011277642051  0.007784543661  0.011298083883  0.009526109282  0.000000000000  0.014972676672  0.012156181032  0.014164087380  0.008652633212  0.013036105893  0.014528736190  0.015685667248  0.006806794570  0.012400447044  0.012149801819  0.009526109282  0.012149801819  
piranga_ludoviciana_sdsu2208 0.013186735512  0.014032837133  0.011193532573  0.016866202212  0.015935145058  0.018195868738  0.014972676672  0.019740799890  0.013084522141  0.010258165333  0.011186605733  0.018789056093  0.012138089774  0.010145069037  0.015923911199  0.014739274500  0.013084522141  0.014972676672  0.000000000000  0.008383532386  0.014983042256  0.011193532573  0.013094412741  0.016877047524  0.015935145058  0.008179626225  0.004107624755  0.010258165333  0.015935145058  0.010258165333  
piranga_bidentata_itm160 0.012018161752  0.013044311753  0.008657151668  0.016552998798  0.015685667248  0.020095612185  0.012241217294  0.019251431921  0.010407173957  0.003446553121  0.012209189635  0.018980350791  0.011284600029  0.012428330992  0.013036105893  0.015891880103  0.013044311753  0.012156181032  0.008383532386  0.000000000000  0.014173359861  0.010407173957  0.013044311753  0.016385381013  0.015696118444  0.009556422567  0.008250949165  0.003446553121  0.013044311753  0.003446553121  
piranga_leucoptera_fmnh481795 0.013893439965  0.013275213571  0.012378756159  0.011466457589  0.002629616618  0.016669279547  0.012459105839  0.015959789541  0.012378756159  0.012371026159  0.014148919885  0.017140293831  0.011483981286  0.010145069037  0.013266713781  0.013589448831  0.010590882649  0.014164087380  0.014983042256  0.014173359861  0.000000000000  0.010590882649  0.007921581635  0.014537320514  0.012378756159  0.006806794570  0.009277079179  0.012371026159  0.013275213571  0.014164087380  
piranga_lutea_ku89864 0.006436184279  0.002584311516  0.008657151668  0.013022951349  0.012156181032  0.015456885200  0.005210596169  0.014810470349  0.005176262121  0.006917666374  0.006940444034  0.009850274730  0.000859881540  0.000000000000  0.006041766437  0.003367570663  0.002584311516  0.008652633212  0.011193532573  0.010407173957  0.010590882649  0.000000000000  0.009531359807  0.007215895830  0.012163643969  0.006806794570  0.007200527371  0.006917666374  0.006044104687  0.010401188672  
piranga_rubriceps_lsu34818 0.012025799434  0.012163643969  0.011284600029  0.005174645322  0.009526109282  0.016390072801  0.011356698531  0.016581893790  0.011284600029  0.011277877279  0.013079732834  0.017152283467  0.010407173957  0.007878485025  0.012156181032  0.011307625978  0.010407173957  0.013036105893  0.013094412741  0.013044311753  0.007921581635  0.009531359807  0.000000000000  0.014547089935  0.007784543661  0.004072934443  0.007205372562  0.011277877279  0.012163643969  0.013036105893  
piranga_roseogularis_ku2141 0.010156194829  0.009948270736  0.014537320514  0.018218089885  0.017312104714  0.020496161179  0.010857202987  0.020084457275  0.009046769689  0.014528736190  0.014515133059  0.005411766377  0.008124948533  0.006740549885  0.009953998615  0.010156518137  0.007215895830  0.014528736190  0.016877047524  0.016385381013  0.014537320514  0.007215895830  0.014547089935  0.000000000000  0.018240633374  0.012309806952  0.011362715541  0.014528736190  0.009960901932  0.016375160986  
piranga_erythrocephala_fmnh343371 0.014833852550  0.014810542930  0.013926609392  0.011267681466  0.013917657858  0.020095612185  0.014015193406  0.019251431921  0.013926609392  0.013917657858  0.015736527332  0.020827537334  0.013044311753  0.010145069037  0.014800842956  0.014739274500  0.013044311753  0.015685667248  0.015935145058  0.015696118444  0.012378756159  0.012163643969  0.007784543661  0.018240633374  0.000000000000  0.001355104064  0.011362715541  0.013917657858  0.014810542930  0.015685667248  
piranga_erythrocephala_fmnh343370 0.008172908156  0.010937206562  0.008179626225  0.009538873604  0.008179626225  0.012293497055  0.006806794570  0.012306203794  0.009547889598  0.008179626225  0.010926848172  0.013696789213  0.008179626225  0.006806794570  0.010926848172  0.010937206562  0.005437904834  0.006806794570  0.008179626225  0.009556422567  0.006806794570  0.006806794570  0.004072934443  0.012309806952  0.001355104064  0.000000000000  0.006806794570  0.008179626225  0.010926848172  0.008172908156  
piranga_ludoviciana_sdsu2650 0.011355245634  0.010318756826  0.011362715541  0.011349311078  0.010318756826  0.012393466201  0.009277079179  0.013447321180  0.011362715541  0.006169450902  0.007197205466  0.012408965339  0.008237672655  0.007908267741  0.012400447044  0.011298083883  0.009277079179  0.012400447044  0.004107624755  0.008250949165  0.009277079179  0.007200527371  0.007205372562  0.011362715541  0.011362715541  0.006806794570  0.000000000000  0.006169450902  0.012408965339  0.007205372562  
piranga_bidentata_tepe59 0.012011753436  0.009537688098  0.010401188672  0.014778277022  0.013909792560  0.017298291286  0.010468844791  0.016573937581  0.010401188672  0.000000000000  0.008694788631  0.017129470188  0.007789408041  0.007878485025  0.011272237007  0.011307625978  0.009537688098  0.012149801819  0.010258165333  0.003446553121  0.012371026159  0.006917666374  0.011277877279  0.014528736190  0.013917657858  0.008179626225  0.006169450902  0.000000000000  0.011277877279  0.005176262121  
piranga_rubra_sdsu2635 0.005517062892  0.008657151668  0.009531359807  0.015668033417  0.014800842956  0.019164248912  0.006083774496  0.018359923915  0.004315001673  0.011277877279  0.013079732834  0.012588107248  0.006913529939  0.007872690338  0.003446553121  0.011298083883  0.006913529939  0.009526109282  0.015935145058  0.013044311753  0.013275213571  0.006044104687  0.012163643969  0.009960901932  0.014810542930  0.010926848172  0.012408965339  0.011277877279  0.000000000000  0.013036105893  
piranga_bidentata_itm141 0.012011753436  0.013036105893  0.010401188672  0.016545070467  0.015676304826  0.020084457275  0.012234748164  0.019241200261  0.010401188672  0.005176262121  0.012202754445  0.018967905577  0.011277877279  0.011277642051  0.013028985010  0.014727785876  0.013036105893  0.012149801819  0.010258165333  0.003446553121  0.014164087380  0.010401188672  0.013036105893  0.016375160986  0.015685667248  0.008172908156  0.007205372562  0.005176262121  0.013036105893  0.000000000000  

