30
cardinalis_cardinalis_ku21828 0.000000000000  0.000000000000  0.012637581307  0.034430806358  0.027601037672  0.021357232270  0.016738280212  0.022438759375  0.015707438731  0.018792073641  0.020844828790  0.019828499498  0.018792073641  0.018281525616  0.018281525616  0.017247899490  0.019828499498  0.020867200606  0.015707438731  0.016731931952  0.016216526460  0.020844828790  0.022396951883  0.022396951883  0.024491986127  0.022917669716  0.017254544377  0.019828499498  0.018799186671  0.019828499498  
cardinalis_cardinalis_ku25393 0.000000000000  0.000000000000  0.012637581307  0.034430806358  0.027601037672  0.021357232270  0.016738280212  0.022438759375  0.015707438731  0.018792073641  0.020844828790  0.019828499498  0.018792073641  0.018281525616  0.018281525616  0.017247899490  0.019828499498  0.020867200606  0.015707438731  0.016731931952  0.016216526460  0.020844828790  0.022396951883  0.022396951883  0.024491986127  0.022917669716  0.017254544377  0.019828499498  0.018799186671  0.019828499498  
piranga_bidentata_hgoslp104 0.012637581307  0.012637581307  0.000000000000  0.024452724425  0.017736101046  0.012617591543  0.007039797337  0.012637581307  0.006028152366  0.009063555955  0.011090410000  0.010080578711  0.009063555955  0.008558388667  0.008558388667  0.007544061932  0.011610223487  0.011610223487  0.006028152366  0.007037712832  0.006531905029  0.011090410000  0.012617591543  0.012617591543  0.014668924779  0.013128514699  0.007546432106  0.010080578711  0.010083967618  0.010080578711  
piranga_erythrocephala_fmnh343370 0.034430806358  0.034430806358  0.024452724425  0.000000000000  0.006533704476  0.026005368738  0.020319792368  0.026044869112  0.019284622202  0.022383235537  0.024446168895  0.023424037206  0.022383235537  0.021870034291  0.021870034291  0.020832056012  0.024989545111  0.024989545111  0.019284622202  0.020313919527  0.019796349821  0.024446168895  0.026005368738  0.026005368738  0.028108808519  0.026528295724  0.020838227980  0.023424037206  0.023431283751  0.023424037206  
piranga_erythrocephala_fmnh343371 0.027601037672  0.027601037672  0.017736101046  0.006533704476  0.000000000000  0.019274497287  0.013643727282  0.019303017213  0.012620746326  0.015686953983  0.017731714072  0.016715434248  0.015686953983  0.015177742367  0.015177742367  0.014152019127  0.018262358566  0.018262358566  0.012620746326  0.013639990161  0.013128514699  0.017731714072  0.019274497287  0.019274497287  0.021350760517  0.019791203975  0.014156048363  0.016715434248  0.016720508606  0.016715434248  
piranga_ludoviciana_sdsu2648 0.021357232270  0.021357232270  0.012617591543  0.026005368738  0.019274497287  0.000000000000  0.005521093472  0.013140118094  0.006530522152  0.009566850111  0.011595244103  0.010583814094  0.009566850111  0.009061161829  0.009061161829  0.008046893555  0.012113370236  0.012113370236  0.006530522152  0.007540573592  0.007034794864  0.011595244103  0.013122891756  0.013122891756  0.015173550984  0.013633785246  0.008048714570  0.010583814094  0.010586652616  0.010583814094  
piranga_ludoviciana_sdsu2385 0.016738280212  0.016738280212  0.007039797337  0.020319792368  0.013643727282  0.005521093472  0.000000000000  0.007556042258  0.001001058237  0.004013338354  0.006026637368  0.005021806984  0.004013338354  0.003511252533  0.003511252533  0.002505434821  0.006538551616  0.006538551616  0.001001058237  0.002003326638  0.001501750728  0.006026637368  0.007542108971  0.007542108971  0.009574894558  0.008048714570  0.002506628016  0.005021806984  0.005023999538  0.005021806984  
piranga_olivacea_ku4672 0.022438759375  0.022438759375  0.012637581307  0.026044869112  0.019303017213  0.013140118094  0.007556042258  0.000000000000  0.006541598580  0.009582350695  0.011610223487  0.010602202034  0.009582350695  0.009077314325  0.009077314325  0.008060174005  0.012136112614  0.012136112614  0.006541598580  0.007552422632  0.007045215558  0.011610223487  0.013140118094  0.013140118094  0.015198744105  0.013652469006  0.008064080884  0.010602202034  0.010607136402  0.010602202034  
piranga_ludoviciana_sdsu2208 0.015707438731  0.015707438731  0.006028152366  0.019284622202  0.012620746326  0.006530522152  0.001001058237  0.006541598580  0.000000000000  0.003007014593  0.005017717863  0.004013338354  0.003007014593  0.002505434821  0.002505434821  0.001501750728  0.005526848485  0.005526848485  0.000000000000  0.001000705964  0.000500191221  0.005017717863  0.006530522152  0.006530522152  0.008558388667  0.007036045218  0.001502382714  0.004013338354  0.004014964335  0.004013338354  
piranga_bidentata_tepe59 0.018792073641  0.018792073641  0.009063555955  0.022383235537  0.015686953983  0.009566850111  0.004013338354  0.009582350695  0.003007014593  0.000000000000  0.006026637368  0.005021806984  0.004013338354  0.003511252533  0.003511252533  0.004515809219  0.008561332018  0.008561332018  0.003007014593  0.004012126251  0.003508978899  0.008046893555  0.009566850111  0.009566850111  0.011606385761  0.010075058877  0.004517303989  0.007039797337  0.007042298367  0.007039797337  
piranga_flava_lsu15408 0.020844828790  0.020844828790  0.011090410000  0.024446168895  0.017731714072  0.011595244103  0.006026637368  0.011610223487  0.005017717863  0.006026637368  0.000000000000  0.004010945144  0.003006310093  0.002504332092  0.002504332092  0.006530522152  0.010586652616  0.010586652616  0.005017717863  0.006025538621  0.005521093472  0.010071218808  0.011595244103  0.011595244103  0.013639990161  0.012104776941  0.006531905029  0.009061161829  0.009063555955  0.009061161829  
piranga_lutea_lsu5400 0.019828499498  0.019828499498  0.010080578711  0.023424037206  0.016715434248  0.010583814094  0.005021806984  0.010602202034  0.004013338354  0.005021806984  0.004010945144  0.000000000000  0.002002826596  0.001501750728  0.001501750728  0.005524786569  0.009578413553  0.009578413553  0.004013338354  0.005020028943  0.004515809219  0.009061161829  0.010583814094  0.010583814094  0.012628321380  0.011093116939  0.005526848485  0.008053609944  0.008056683571  0.008053609944  
piranga_hepatica_ku4970 0.018792073641  0.018792073641  0.009063555955  0.022383235537  0.015686953983  0.009566850111  0.004013338354  0.009582350695  0.003007014593  0.004013338354  0.003006310093  0.002002826596  0.000000000000  0.000500191221  0.000500191221  0.004515809219  0.008561332018  0.008561332018  0.003007014593  0.004012126251  0.003508978899  0.008046893555  0.009566850111  0.009566850111  0.011606385761  0.010075058877  0.004517303989  0.007039797337  0.007042298367  0.007039797337  
piranga_flava_ku90809 0.018281525616  0.018281525616  0.008558388667  0.021870034291  0.015177742367  0.009061161829  0.003511252533  0.009077314325  0.002505434821  0.003511252533  0.002504332092  0.001501750728  0.000500191221  0.000000000000  0.000000000000  0.004013338354  0.008056683571  0.008056683571  0.002505434821  0.003509908936  0.003007014593  0.007542108971  0.009061161829  0.009061161829  0.011099792234  0.009569112471  0.004014964335  0.006535920127  0.006538551616  0.006535920127  
piranga_lutea_ku89864 0.018281525616  0.018281525616  0.008558388667  0.021870034291  0.015177742367  0.009061161829  0.003511252533  0.009077314325  0.002505434821  0.003511252533  0.002504332092  0.001501750728  0.000500191221  0.000000000000  0.000000000000  0.004013338354  0.008056683571  0.008056683571  0.002505434821  0.003509908936  0.003007014593  0.007542108971  0.009061161829  0.009061161829  0.011099792234  0.009569112471  0.004014964335  0.006535920127  0.006538551616  0.006535920127  
piranga_hepatica_ku9084 0.017247899490  0.017247899490  0.007544061932  0.020832056012  0.014152019127  0.008046893555  0.002505434821  0.008060174005  0.001501750728  0.004515809219  0.006530522152  0.005524786569  0.004515809219  0.004013338354  0.004013338354  0.000000000000  0.007042298367  0.007042298367  0.001501750728  0.002504654191  0.002002826596  0.006530522152  0.008046893555  0.008046893555  0.010080578711  0.008553755913  0.003008076408  0.005524786569  0.005526848485  0.005524786569  
piranga_roseogularis_ku2049 0.019828499498  0.019828499498  0.011610223487  0.024989545111  0.018262358566  0.012113370236  0.006538551616  0.012136112614  0.005526848485  0.008561332018  0.010586652616  0.009578413553  0.008561332018  0.008056683571  0.008056683571  0.007042298367  0.000000000000  0.006032429645  0.005526848485  0.006535920127  0.006030083247  0.010586652616  0.012113370236  0.012113370236  0.014165375319  0.012624323061  0.007045215558  0.009578413553  0.009582350695  0.009578413553  
piranga_roseogularis_ku2141 0.020867200606  0.020867200606  0.011610223487  0.024989545111  0.018262358566  0.012113370236  0.006538551616  0.012136112614  0.005526848485  0.008561332018  0.010586652616  0.009578413553  0.008561332018  0.008056683571  0.008056683571  0.007042298367  0.006032429645  0.000000000000  0.005526848485  0.006535920127  0.006030083247  0.010586652616  0.012113370236  0.012113370236  0.014165375319  0.012624323061  0.007045215558  0.009578413553  0.009582350695  0.009578413553  
piranga_ludoviciana_sdsu2650 0.015707438731  0.015707438731  0.006028152366  0.019284622202  0.012620746326  0.006530522152  0.001001058237  0.006541598580  0.000000000000  0.003007014593  0.005017717863  0.004013338354  0.003007014593  0.002505434821  0.002505434821  0.001501750728  0.005526848485  0.005526848485  0.000000000000  0.001000705964  0.000500191221  0.005017717863  0.006530522152  0.006530522152  0.008558388667  0.007036045218  0.001502382714  0.004013338354  0.004014964335  0.004013338354  
piranga_bidentata_itm160 0.016731931952  0.016731931952  0.007037712832  0.020313919527  0.013639990161  0.007540573592  0.002003326638  0.007552422632  0.001000705964  0.004012126251  0.006025538621  0.005020028943  0.004012126251  0.003509908936  0.003509908936  0.002504654191  0.006535920127  0.006535920127  0.001000705964  0.000000000000  0.000500264373  0.006025538621  0.007540573592  0.007540573592  0.009571794076  0.008046893555  0.002505434821  0.005020028943  0.005021806984  0.005020028943  
piranga_bidentata_itm141 0.016216526460  0.016216526460  0.006531905029  0.019796349821  0.013128514699  0.007034794864  0.001501750728  0.007045215558  0.000500191221  0.003508978899  0.005521093472  0.004515809219  0.003508978899  0.003007014593  0.003007014593  0.002002826596  0.006030083247  0.006030083247  0.000500191221  0.000500264373  0.000000000000  0.005521093472  0.007034794864  0.007034794864  0.009063555955  0.007540573592  0.002003326638  0.004515809219  0.004517303989  0.004515809219  
piranga_leucoptera_lsu7783 0.020844828790  0.020844828790  0.011090410000  0.024446168895  0.017731714072  0.011595244103  0.006026637368  0.011610223487  0.005017717863  0.008046893555  0.010071218808  0.009061161829  0.008046893555  0.007542108971  0.007542108971  0.006530522152  0.010586652616  0.010586652616  0.005017717863  0.006025538621  0.005521093472  0.000000000000  0.001501750728  0.001501750728  0.006538551616  0.005020028943  0.006531905029  0.009061161829  0.009063555955  0.009061161829  
piranga_leucoptera_fmnh481795 0.022396951883  0.022396951883  0.012617591543  0.026005368738  0.019274497287  0.013122891756  0.007542108971  0.013140118094  0.006530522152  0.009566850111  0.011595244103  0.010583814094  0.009566850111  0.009061161829  0.009061161829  0.008046893555  0.012113370236  0.012113370236  0.006530522152  0.007540573592  0.007034794864  0.001501750728  0.000000000000  0.000000000000  0.008056683571  0.006533704476  0.008048714570  0.010583814094  0.010586652616  0.010583814094  
piranga_olivacea_ku2699 0.022396951883  0.022396951883  0.012617591543  0.026005368738  0.019274497287  0.013122891756  0.007542108971  0.013140118094  0.006530522152  0.009566850111  0.011595244103  0.010583814094  0.009566850111  0.009061161829  0.009061161829  0.008046893555  0.012113370236  0.012113370236  0.006530522152  0.007540573592  0.007034794864  0.001501750728  0.000000000000  0.000000000000  0.008056683571  0.006533704476  0.008048714570  0.010583814094  0.010586652616  0.010583814094  
piranga_rubriceps_lsu265 0.024491986127  0.024491986127  0.014668924779  0.028108808519  0.021350760517  0.015173550984  0.009574894558  0.015198744105  0.008558388667  0.011606385761  0.013639990161  0.012628321380  0.011606385761  0.011099792234  0.011099792234  0.010080578711  0.014165375319  0.014165375319  0.008558388667  0.009571794076  0.009063555955  0.006538551616  0.008056683571  0.008056683571  0.000000000000  0.003511252533  0.010083967618  0.012628321380  0.012632740917  0.012628321380  
piranga_rubriceps_lsu34818 0.022917669716  0.022917669716  0.013128514699  0.026528295724  0.019791203975  0.013633785246  0.008048714570  0.013652469006  0.007036045218  0.010075058877  0.012104776941  0.011093116939  0.010075058877  0.009569112471  0.009569112471  0.008553755913  0.012624323061  0.012624323061  0.007036045218  0.008046893555  0.007540573592  0.005020028943  0.006533704476  0.006533704476  0.003511252533  0.000000000000  0.008555863176  0.011093116939  0.011096244473  0.011093116939  
piranga_rubra_ku7046 0.017254544377  0.017254544377  0.007546432106  0.020838227980  0.014156048363  0.008048714570  0.002506628016  0.008064080884  0.001502382714  0.004517303989  0.006531905029  0.005526848485  0.004517303989  0.004014964335  0.004014964335  0.003008076408  0.007045215558  0.007045215558  0.001502382714  0.002505434821  0.002003326638  0.006531905029  0.008048714570  0.008048714570  0.010083967618  0.008555863176  0.000000000000  0.005526848485  0.005529325234  0.005526848485  
piranga_rubra_sdsu2635 0.019828499498  0.019828499498  0.010080578711  0.023424037206  0.016715434248  0.010583814094  0.005021806984  0.010602202034  0.004013338354  0.007039797337  0.009061161829  0.008053609944  0.007039797337  0.006535920127  0.006535920127  0.005524786569  0.009578413553  0.009578413553  0.004013338354  0.005020028943  0.004515809219  0.009061161829  0.010583814094  0.010583814094  0.012628321380  0.011093116939  0.005526848485  0.000000000000  0.003008076408  0.003007014593  
piranga_rubra_sdsu2654 0.018799186671  0.018799186671  0.010083967618  0.023431283751  0.016720508606  0.010586652616  0.005023999538  0.010607136402  0.004014964335  0.007042298367  0.009063555955  0.008056683571  0.007042298367  0.006538551616  0.006538551616  0.005526848485  0.009582350695  0.009582350695  0.004014964335  0.005021806984  0.004517303989  0.009063555955  0.010586652616  0.010586652616  0.012632740917  0.011096244473  0.005529325234  0.003008076408  0.000000000000  0.003008076408  
piranga_rubra_ku26592 0.019828499498  0.019828499498  0.010080578711  0.023424037206  0.016715434248  0.010583814094  0.005021806984  0.010602202034  0.004013338354  0.007039797337  0.009061161829  0.008053609944  0.007039797337  0.006535920127  0.006535920127  0.005524786569  0.009578413553  0.009578413553  0.004013338354  0.005020028943  0.004515809219  0.009061161829  0.010583814094  0.010583814094  0.012628321380  0.011093116939  0.005526848485  0.003007014593  0.003008076408  0.000000000000  

