30
piranga_rubra_ku26592 0.000000000000  0.004233585523  0.006350231236  0.010603897705  0.010603897705  0.018171913056  0.004220185581  0.019262197392  0.003165693307  0.006343517355  0.003862566537  0.005090192990  0.005279147197  0.006003399143  0.003165693307  0.003872538525  0.008541137990  0.006340916060  0.003651030711  0.007408955664  0.012929278327  0.004220185581  0.008477778301  0.004220185581  0.009536984181  0.006281172931  0.003798979832  0.009547436963  0.002107983540  0.007408955664  
piranga_flava_ku90809 0.004233585523  0.000000000000  0.003907986247  0.008812603561  0.007825584683  0.014785451107  0.003126867546  0.016834458575  0.004878700841  0.003904171861  0.002551757144  0.003577138363  0.000972624462  0.001196333408  0.004878700841  0.000000000000  0.003918395910  0.003901010166  0.003327198313  0.004885535308  0.009898823283  0.000000000000  0.006850630353  0.002924945868  0.007852836638  0.004706434456  0.002532371104  0.006854712028  0.003899297106  0.004885535308  
piranga_ludoviciana_sdsu2385 0.006350231236  0.003907986247  0.000000000000  0.010772026069  0.009782616068  0.016742879103  0.005212148919  0.018922206330  0.006830575587  0.001944061294  0.002551757144  0.005984963107  0.004871880072  0.006020999100  0.006830575587  0.004996606928  0.007876030567  0.003893415999  0.005559089186  0.002919253409  0.011915475351  0.003896565383  0.008809160907  0.004876006453  0.009817610460  0.006295522637  0.002532371104  0.003896565383  0.005848817526  0.002919253409  
piranga_rubriceps_lsu265 0.010603897705  0.008812603561  0.010772026069  0.000000000000  0.004864461400  0.017735421630  0.009397565286  0.018909327411  0.011740192220  0.010761487211  0.007683982500  0.009583874688  0.009768363743  0.008425611539  0.011740192220  0.007492082427  0.012831516450  0.010755800771  0.008911293060  0.011752097124  0.006911507517  0.008786791460  0.001942853211  0.009773055175  0.004881392777  0.001564588118  0.007625388124  0.013739889117  0.010751579083  0.011752097124  
piranga_leucoptera_lsu7783 0.010603897705  0.007825584683  0.009782616068  0.004864461400  0.000000000000  0.016732586125  0.009397565286  0.018909327411  0.010751579083  0.009773055175  0.005112645687  0.005971604878  0.008783090677  0.008425611539  0.010751579083  0.004985206610  0.011832808542  0.009768363743  0.007788147547  0.010761487211  0.001967005203  0.007802686574  0.002917076782  0.008786791460  0.001946635241  0.000000000000  0.007625388124  0.012744894532  0.009765135062  0.010761487211  
cardinalis_cardinalis_ku25393 0.018171913056  0.014785451107  0.016742879103  0.017735421630  0.016732586125  0.000000000000  0.016841556223  0.003106684211  0.017725588012  0.016742879103  0.012877193609  0.014468733469  0.015731982523  0.014571236371  0.017725588012  0.012569638419  0.018878532034  0.016732586125  0.013432145105  0.017746740908  0.018983948598  0.014741854959  0.015756757018  0.015741253767  0.016792499489  0.012678534289  0.012791465529  0.018752849192  0.016723776710  0.017746740908  
piranga_olivacea_ku2699 0.004220185581  0.003126867546  0.005212148919  0.009397565286  0.009397565286  0.016841556223  0.000000000000  0.017914061054  0.006248466223  0.005206721225  0.003829334219  0.005003915934  0.004158757781  0.003598592918  0.006248466223  0.003805049436  0.007358491079  0.005203657799  0.003590981395  0.006255174823  0.011668597889  0.003117120694  0.007304738488  0.003117120694  0.008348232638  0.006285629673  0.002532371104  0.008359445707  0.005202249138  0.006255174823  
cardinalis_cardinalis_ku21828 0.019262197392  0.016834458575  0.018922206330  0.018909327411  0.018909327411  0.003106684211  0.017914061054  0.000000000000  0.019969986442  0.018922206330  0.014184923755  0.016387942593  0.017838861284  0.015807000637  0.019969986442  0.014040071387  0.021223072315  0.018909327411  0.014451307756  0.019996402369  0.021350215588  0.016781483392  0.016799104698  0.016781483392  0.018922206330  0.012678534289  0.014090733275  0.021073171112  0.018898137966  0.019996402369  
piranga_rubra_ku7046 0.003165693307  0.004878700841  0.006830575587  0.011740192220  0.010751579083  0.017725588012  0.006248466223  0.019969986442  0.000000000000  0.006823916733  0.006394998822  0.007169777848  0.005840915628  0.007212874102  0.001942173439  0.006235493230  0.008852202861  0.006820731086  0.006667800837  0.007806856207  0.012895159524  0.004864461400  0.009777915411  0.005843121576  0.010787445713  0.006281172931  0.006346296819  0.009779205752  0.000970037976  0.007806856207  
piranga_bidentata_hgoslp104 0.006343517355  0.003904171861  0.001944061294  0.010761487211  0.009773055175  0.016742879103  0.005206721225  0.018922206330  0.006823916733  0.000000000000  0.005118080123  0.005977807610  0.004867137609  0.006013757227  0.006823916733  0.004990373131  0.007868284049  0.003889629993  0.005559089186  0.000970037976  0.011903654973  0.003892773248  0.008800546735  0.004871255952  0.009807981030  0.006285629673  0.005079086945  0.002916415480  0.005843121576  0.000970037976  
piranga_ludoviciana_sdsu2648 0.003862566537  0.002551757144  0.002551757144  0.007683982500  0.005112645687  0.012877193609  0.003829334219  0.014184923755  0.006394998822  0.005118080123  0.000000000000  0.003833087518  0.003829334219  0.004044987695  0.006394998822  0.002561561896  0.006394998822  0.003833087518  0.002551757144  0.005118080123  0.007690310453  0.002551757144  0.005119188894  0.002551757144  0.006399630734  0.006295522637  0.000000000000  0.007699136183  0.005109700126  0.005118080123  
piranga_roseogularis_ku2049 0.005090192990  0.003577138363  0.005984963107  0.009583874688  0.005971604878  0.014468733469  0.005003915934  0.016387942593  0.007169777848  0.005977807610  0.003833087518  0.000000000000  0.004771138867  0.005329476844  0.007169777848  0.003737577217  0.007169777848  0.004775870635  0.003581408783  0.005977807610  0.008382196132  0.003577138363  0.007183876107  0.002381593749  0.007175284881  0.007870391412  0.003933607215  0.009603019255  0.005967573076  0.005977807610  
piranga_hepatica_ku4970 0.005279147197  0.000972624462  0.004871880072  0.009768363743  0.008783090677  0.015731982523  0.004158757781  0.017838861284  0.005840915628  0.004867137609  0.003829334219  0.004771138867  0.000000000000  0.002394023630  0.005840915628  0.001242010829  0.004901369465  0.004864461400  0.004437666114  0.005846775175  0.010894287046  0.000969794723  0.007810304373  0.003889629993  0.008812603561  0.006281172931  0.003800229395  0.007812477427  0.004863230893  0.005846775175  
piranga_hepatica_ku9084 0.006003399143  0.001196333408  0.006020999100  0.008425611539  0.008425611539  0.014571236371  0.003598592918  0.015807000637  0.007212874102  0.006013757227  0.004044987695  0.005329476844  0.002394023630  0.000000000000  0.006003399143  0.001347913590  0.004797169155  0.004804553313  0.003813596933  0.007226222154  0.009641629102  0.001196333408  0.004805530917  0.003598592918  0.007218447736  0.006285629673  0.003862699832  0.009661005738  0.006003399143  0.007226222154  
piranga_rubra_sdsu2654 0.003165693307  0.004878700841  0.006830575587  0.011740192220  0.010751579083  0.017725588012  0.006248466223  0.019969986442  0.001942173439  0.006823916733  0.006394998822  0.007169777848  0.005840915628  0.006003399143  0.000000000000  0.006235493230  0.008852202861  0.006820731086  0.006667800837  0.007806856207  0.012895159524  0.004864461400  0.009777915411  0.005843121576  0.010787445713  0.006281172931  0.005070834232  0.009779205752  0.002916415480  0.007806856207  
piranga_flava_lsu15408 0.003872538525  0.000000000000  0.004996606928  0.007492082427  0.004985206610  0.012569638419  0.003805049436  0.014040071387  0.006235493230  0.004990373131  0.002561561896  0.003737577217  0.001242010829  0.001347913590  0.006235493230  0.000000000000  0.003732802388  0.003737577217  0.002491362149  0.004990373131  0.007498097306  0.000000000000  0.004991427487  0.002488262560  0.006239896299  0.004706434456  0.002660375565  0.008769843788  0.004982406373  0.004990373131  
piranga_lutea_lsu5400 0.008541137990  0.003918395910  0.007876030567  0.012831516450  0.011832808542  0.018878532034  0.007358491079  0.021223072315  0.008852202861  0.007868284049  0.006394998822  0.007169777848  0.004901369465  0.004797169155  0.008852202861  0.003732802388  0.000000000000  0.007864048330  0.006667800837  0.008861202174  0.012895159524  0.003918395910  0.010851297543  0.006877553950  0.011873251498  0.007860151606  0.006346296819  0.010853641311  0.007861290819  0.008861202174  
piranga_olivacea_ku4672 0.006340916060  0.003901010166  0.003893415999  0.010755800771  0.009768363743  0.016732586125  0.005203657799  0.018909327411  0.006820731086  0.003889629993  0.003833087518  0.004775870635  0.004864461400  0.004804553313  0.006820731086  0.003737577217  0.007864048330  0.000000000000  0.004441758784  0.004867137609  0.011896794767  0.003889629993  0.008795378676  0.004867137609  0.009801794085  0.006285629673  0.003803925782  0.006828551993  0.005840915628  0.004867137609  
piranga_ludoviciana_sdsu2208 0.003651030711  0.003327198313  0.005559089186  0.008911293060  0.007788147547  0.013432145105  0.003590981395  0.014451307756  0.006667800837  0.005559089186  0.002551757144  0.003581408783  0.004437666114  0.003813596933  0.006667800837  0.002491362149  0.006667800837  0.004441758784  0.000000000000  0.005559089186  0.010037251395  0.003327198313  0.006679990665  0.004441758784  0.007820312869  0.006295522637  0.002532371104  0.005559089186  0.005550239015  0.005559089186  
piranga_bidentata_itm160 0.007408955664  0.004885535308  0.002919253409  0.011752097124  0.010761487211  0.017746740908  0.006255174823  0.019996402369  0.007806856207  0.000970037976  0.005118080123  0.005977807610  0.005846775175  0.007226222154  0.007806856207  0.004990373131  0.008861202174  0.004867137609  0.005559089186  0.000000000000  0.012909433331  0.004871255952  0.009788778732  0.005851872861  0.010800355736  0.006285629673  0.005079086945  0.003892773248  0.006823916733  0.000000000000  
piranga_leucoptera_fmnh481795 0.012929278327  0.009898823283  0.011915475351  0.006911507517  0.001967005203  0.018983948598  0.011668597889  0.021350215588  0.012895159524  0.011903654973  0.007690310453  0.008382196132  0.010894287046  0.009641629102  0.012895159524  0.007498097306  0.012895159524  0.011896794767  0.010037251395  0.012909433331  0.000000000000  0.009898823283  0.004934383904  0.010900121624  0.003951103638  0.001565221456  0.010194539889  0.014927765405  0.011891439498  0.012909433331  
piranga_lutea_ku89864 0.004220185581  0.000000000000  0.003896565383  0.008786791460  0.007802686574  0.014741854959  0.003117120694  0.016781483392  0.004864461400  0.003892773248  0.002551757144  0.003577138363  0.000969794723  0.001196333408  0.004864461400  0.000000000000  0.003918395910  0.003889629993  0.003327198313  0.004871255952  0.009898823283  0.000000000000  0.006830575587  0.002916415480  0.007829778916  0.004706434456  0.002532371104  0.006834633307  0.003887926930  0.004871255952  
piranga_rubriceps_lsu34818 0.008477778301  0.006850630353  0.008809160907  0.001942853211  0.002917076782  0.015756757018  0.007304738488  0.016799104698  0.009777915411  0.008800546735  0.005119188894  0.007183876107  0.007810304373  0.004805530917  0.009777915411  0.004991427487  0.010851297543  0.008795378676  0.006679990665  0.009788778732  0.004934383904  0.006830575587  0.000000000000  0.007814482182  0.002927800430  0.000000000000  0.005080178957  0.011771783322  0.008791670625  0.009788778732  
piranga_roseogularis_ku2141 0.004220185581  0.002924945868  0.004876006453  0.009773055175  0.008786791460  0.015741253767  0.003117120694  0.016781483392  0.005843121576  0.004871255952  0.002551757144  0.002381593749  0.003889629993  0.003598592918  0.005843121576  0.002488262560  0.006877553950  0.004867137609  0.004441758784  0.005851872861  0.010900121624  0.002916415480  0.007814482182  0.000000000000  0.008817791959  0.006285629673  0.002532371104  0.007819546681  0.004864461400  0.005851872861  
piranga_erythrocephala_fmnh343371 0.009536984181  0.007852836638  0.009817610460  0.004881392777  0.001946635241  0.016792499489  0.008348232638  0.018922206330  0.010787445713  0.009807981030  0.006399630734  0.007175284881  0.008812603561  0.007218447736  0.010787445713  0.006239896299  0.011873251498  0.009801794085  0.007820312869  0.010800355736  0.003951103638  0.007829778916  0.002927800430  0.008817791959  0.000000000000  0.000000000000  0.006350858240  0.012791700797  0.009797074897  0.010800355736  
piranga_erythrocephala_fmnh343370 0.006281172931  0.004706434456  0.006295522637  0.001564588118  0.000000000000  0.012678534289  0.006285629673  0.012678534289  0.006281172931  0.006285629673  0.006295522637  0.007870391412  0.006281172931  0.006285629673  0.006281172931  0.004706434456  0.007860151606  0.006285629673  0.006295522637  0.006285629673  0.001565221456  0.004706434456  0.000000000000  0.006285629673  0.000000000000  0.000000000000  0.006295522637  0.011056772398  0.006281172931  0.006285629673  
piranga_ludoviciana_sdsu2650 0.003798979832  0.002532371104  0.002532371104  0.007625388124  0.007625388124  0.012791465529  0.002532371104  0.014090733275  0.006346296819  0.005079086945  0.000000000000  0.003933607215  0.003800229395  0.003862699832  0.005070834232  0.002660375565  0.006346296819  0.003803925782  0.002532371104  0.005079086945  0.010194539889  0.002532371104  0.005080178957  0.002532371104  0.006350858240  0.006295522637  0.000000000000  0.007640310962  0.005070834232  0.005079086945  
piranga_bidentata_tepe59 0.009547436963  0.006854712028  0.003896565383  0.013739889117  0.012744894532  0.018752849192  0.008359445707  0.021073171112  0.009779205752  0.002916415480  0.007699136183  0.009603019255  0.007812477427  0.009661005738  0.009779205752  0.008769843788  0.010853641311  0.006828551993  0.005559089186  0.003892773248  0.014927765405  0.006834633307  0.011771783322  0.007819546681  0.012791700797  0.011056772398  0.007640310962  0.000000000000  0.008791949394  0.003892773248  
piranga_rubra_sdsu2635 0.002107983540  0.003899297106  0.005848817526  0.010751579083  0.009765135062  0.016723776710  0.005202249138  0.018898137966  0.000970037976  0.005843121576  0.005109700126  0.005967573076  0.004863230893  0.006003399143  0.002916415480  0.004982406373  0.007861290819  0.005840915628  0.005550239015  0.006823916733  0.011891439498  0.003887926930  0.008791670625  0.004864461400  0.009797074897  0.006281172931  0.005070834232  0.008791949394  0.000000000000  0.006823916733  
piranga_bidentata_itm141 0.007408955664  0.004885535308  0.002919253409  0.011752097124  0.010761487211  0.017746740908  0.006255174823  0.019996402369  0.007806856207  0.000970037976  0.005118080123  0.005977807610  0.005846775175  0.007226222154  0.007806856207  0.004990373131  0.008861202174  0.004867137609  0.005559089186  0.000000000000  0.012909433331  0.004871255952  0.009788778732  0.005851872861  0.010800355736  0.006285629673  0.005079086945  0.003892773248  0.006823916733  0.000000000000  

