30
cardinalis_cardinalis_ku21828 0.000000000000  0.000500266356  0.013145698923  0.016721712959  0.019319386428  0.020349687894  0.020349687894  0.011610857973  0.013658429304  0.016739752193  0.018276330094  0.011619924552  0.012633527720  0.013653351032  0.012633527720  0.012633527720  0.014171720083  0.014166344684  0.015708696406  0.015194016141  0.013653351032  0.012126530416  0.014698199146  0.017759417748  0.017766032330  0.015188472127  0.017773076611  0.016230511777  0.015714967098  0.015199987748  
cardinalis_cardinalis_ku25393 0.000500266356  0.000000000000  0.012633527720  0.016206801218  0.018801030641  0.019830489660  0.019830489660  0.011100357005  0.013145698923  0.016223941344  0.017759417748  0.011108834753  0.012121914474  0.013140917131  0.012121914474  0.012121914474  0.013658429304  0.013653351032  0.015194016141  0.014679899311  0.013140917131  0.011615179027  0.014183750148  0.017243073732  0.017249387292  0.014674653382  0.017256130199  0.015714967098  0.015199987748  0.014685572487  
piranga_erythrocephala_fmnh343371 0.013145698923  0.012633527720  0.000000000000  0.004514792167  0.007045514451  0.007042555514  0.007042555514  0.009567150283  0.011603490722  0.014669835061  0.016201946107  0.009572175259  0.010584216792  0.011600445253  0.010584216792  0.010584216792  0.012113958468  0.012110619131  0.013644474528  0.013132632558  0.011600445253  0.010078000437  0.012633527720  0.015687896660  0.015692453418  0.013129130506  0.015697439205  0.014161396188  0.013648699319  0.013136561555  
piranga_leucoptera_fmnh481795 0.016721712959  0.016206801218  0.004514792167  0.000000000000  0.004517407779  0.007540741617  0.007540741617  0.013123408709  0.015170579259  0.018252972755  0.019792611293  0.013129130506  0.014145878502  0.015167178669  0.014145878502  0.014145878502  0.015683769296  0.015680071694  0.016193525475  0.016707541237  0.015167178669  0.013637307172  0.016206801218  0.019275801116  0.019280730605  0.016703678487  0.019286093031  0.017742155806  0.017226712756  0.016711834812  
piranga_leucoptera_lsu7783 0.019319386428  0.018801030641  0.007045514451  0.004517407779  0.000000000000  0.010084457080  0.010084457080  0.015692453418  0.017753233225  0.020853888240  0.022399160600  0.015702853655  0.016721712959  0.017747479123  0.016721712959  0.016721712959  0.018269844237  0.018263789152  0.018780667437  0.019298115230  0.017747479123  0.016212085703  0.018801030641  0.021878880850  0.021886193899  0.019291888029  0.021893940930  0.020341990037  0.019823095807  0.019304774271  
piranga_rubriceps_lsu265 0.020349687894  0.019830489660  0.007042555514  0.007540741617  0.010084457080  0.000000000000  0.001001066183  0.016716558842  0.018780667437  0.020846751157  0.023433655927  0.016727296799  0.017747479123  0.018774742194  0.017747479123  0.017747479123  0.019298115230  0.019291888029  0.019809603961  0.020327891250  0.018774742194  0.017237189881  0.019830489660  0.022912527459  0.022920017383  0.020321491043  0.022927942370  0.021373626669  0.020853888240  0.020334724369  
piranga_rubriceps_lsu34818 0.020349687894  0.019830489660  0.007042555514  0.007540741617  0.010084457080  0.001001066183  0.000000000000  0.016716558842  0.018780667437  0.020846751157  0.023433655927  0.016727296799  0.017747479123  0.018774742194  0.017747479123  0.017747479123  0.019298115230  0.019291888029  0.019809603961  0.020327891250  0.018774742194  0.017237189881  0.019830489660  0.022912527459  0.022920017383  0.020321491043  0.022927942370  0.021373626669  0.020853888240  0.020334724369  
piranga_roseogularis_ku2049 0.011610857973  0.011100357005  0.009567150283  0.013123408709  0.015692453418  0.016716558842  0.016716558842  0.000000000000  0.004013415467  0.009061451357  0.010581757151  0.004011372455  0.005017241761  0.006024940207  0.005017241761  0.005017241761  0.006530649531  0.006024940207  0.007540741617  0.007540741617  0.006024940207  0.004514113353  0.007040017304  0.010073240529  0.010075408208  0.007539601430  0.010078000437  0.008556143082  0.008048950117  0.007542304323  
piranga_roseogularis_ku2141 0.013658429304  0.013145698923  0.011603490722  0.015170579259  0.017753233225  0.018780667437  0.018780667437  0.004013415467  0.000000000000  0.011096754690  0.012110619131  0.006028297272  0.007036204519  0.008047097925  0.007036204519  0.007036204519  0.008556143082  0.008554000778  0.010078000437  0.009569450847  0.008047097925  0.006532056626  0.009070019568  0.012110619131  0.012113958468  0.009567150283  0.012117723704  0.010590410365  0.010081016849  0.009572175259  
piranga_erythrocephala_fmnh343370 0.016739752193  0.016223941344  0.014669835061  0.018252972755  0.020853888240  0.020846751157  0.020846751157  0.009061451357  0.011096754690  0.000000000000  0.014665444714  0.009066740592  0.010078000437  0.011093577230  0.010078000437  0.010078000437  0.011606961750  0.011603490722  0.013136561555  0.012624981676  0.011093577230  0.009572175259  0.012126530416  0.015178668327  0.015183356068  0.012621347830  0.015188472127  0.013653351032  0.013140917131  0.012629041761  
piranga_lutea_lsu5400 0.018276330094  0.017759417748  0.016201946107  0.019792611293  0.022399160600  0.023433655927  0.023433655927  0.010581757151  0.012110619131  0.014665444714  0.000000000000  0.010587101319  0.011600445253  0.012618140588  0.011600445253  0.011600445253  0.013132632558  0.013129130506  0.014665444714  0.014152781353  0.012618140588  0.011093577230  0.013653351032  0.016711834812  0.016716558842  0.014149115746  0.016721712959  0.015183356068  0.014669835061  0.014156874956  
piranga_hepatica_ku4970 0.011619924552  0.011108834753  0.009572175259  0.013129130506  0.015702853655  0.016727296799  0.016727296799  0.004011372455  0.006028297272  0.009066740592  0.010587101319  0.000000000000  0.005018752099  0.006026757331  0.005018752099  0.005018752099  0.006533884845  0.006532056626  0.008051224793  0.006532056626  0.006026757331  0.004515890431  0.007045514451  0.010078000437  0.010081016849  0.007542304323  0.010084457080  0.008561695771  0.008053921585  0.007546695824  
piranga_bidentata_itm141 0.012633527720  0.012121914474  0.010584216792  0.014145878502  0.016721712959  0.017747479123  0.017747479123  0.005017241761  0.007036204519  0.010078000437  0.011600445253  0.005018752099  0.000000000000  0.001000708700  0.000000000000  0.000000000000  0.001502400619  0.004514113353  0.006026757331  0.005522001131  0.004010979453  0.002504300474  0.005021941542  0.008047097925  0.008048950117  0.005521169318  0.008051224793  0.006533884845  0.006028297272  0.005523253413  
piranga_hepatica_ku9084 0.013653351032  0.013140917131  0.011600445253  0.015167178669  0.017747479123  0.018774742194  0.018774742194  0.006024940207  0.008047097925  0.011093577230  0.012618140588  0.006026757331  0.001000708700  0.000000000000  0.001000708700  0.001000708700  0.002505468240  0.005521169318  0.007036204519  0.006530649531  0.005017241761  0.003508491806  0.006030257644  0.009059441828  0.009061451357  0.006529663929  0.009063884400  0.007544289181  0.007037900184  0.006532056626  
piranga_bidentata_itm160 0.012633527720  0.012121914474  0.010584216792  0.014145878502  0.016721712959  0.017747479123  0.017747479123  0.005017241761  0.007036204519  0.010078000437  0.011600445253  0.005018752099  0.000000000000  0.001000708700  0.000000000000  0.000000000000  0.001502400619  0.004514113353  0.006026757331  0.005522001131  0.004010979453  0.002504300474  0.005021941542  0.008047097925  0.008048950117  0.005521169318  0.008051224793  0.006533884845  0.006028297272  0.005523253413  
piranga_ludoviciana_sdsu2650 0.012633527720  0.012121914474  0.010584216792  0.014145878502  0.016721712959  0.017747479123  0.017747479123  0.005017241761  0.007036204519  0.010078000437  0.011600445253  0.005018752099  0.000000000000  0.001000708700  0.000000000000  0.000000000000  0.001502400619  0.004514113353  0.006026757331  0.005522001131  0.004010979453  0.002504300474  0.005021941542  0.008047097925  0.008048950117  0.005521169318  0.008051224793  0.006533884845  0.006028297272  0.005523253413  
piranga_ludoviciana_sdsu2208 0.014171720083  0.013658429304  0.012113958468  0.015683769296  0.018269844237  0.019298115230  0.019298115230  0.006530649531  0.008556143082  0.011606961750  0.013132632558  0.006533884845  0.001502400619  0.002505468240  0.001502400619  0.001502400619  0.000000000000  0.006026757331  0.007544289181  0.007037900184  0.005522001131  0.004012184582  0.006538803201  0.009569450847  0.009572175259  0.007036204519  0.009575323154  0.008053921585  0.007546695824  0.007040017304  
piranga_ludoviciana_sdsu2648 0.014166344684  0.013653351032  0.012110619131  0.015680071694  0.018263789152  0.019291888029  0.019291888029  0.006024940207  0.008554000778  0.011603490722  0.013129130506  0.006532056626  0.004514113353  0.005521169318  0.004514113353  0.004514113353  0.006026757331  0.000000000000  0.001502400619  0.002004270808  0.000500266356  0.004011372455  0.006536133825  0.009567150283  0.009569450847  0.007034930676  0.009572175259  0.008051224793  0.007544289181  0.007037900184  
piranga_ludoviciana_sdsu2385 0.015708696406  0.015194016141  0.013644474528  0.016193525475  0.018780667437  0.019809603961  0.019809603961  0.007540741617  0.010078000437  0.013136561555  0.014665444714  0.008051224793  0.006026757331  0.007036204519  0.006026757331  0.006026757331  0.007544289181  0.001502400619  0.000000000000  0.003513107365  0.002004270808  0.005523253413  0.008057040131  0.011093577230  0.011096754690  0.008554000778  0.011100357005  0.009575323154  0.009066740592  0.008558708201  
piranga_bidentata_tepe59 0.015194016141  0.014679899311  0.013132632558  0.016707541237  0.019298115230  0.020327891250  0.020327891250  0.007540741617  0.009569450847  0.012624981676  0.014152781353  0.006532056626  0.005522001131  0.006530649531  0.005522001131  0.005522001131  0.007037900184  0.002004270808  0.003513107365  0.000000000000  0.001502400619  0.005018752099  0.007549523889  0.010584216792  0.010587101319  0.008047097925  0.010590410365  0.009066740592  0.008558708201  0.008051224793  
piranga_bidentata_hgoslp104 0.013653351032  0.013140917131  0.011600445253  0.015167178669  0.017747479123  0.018774742194  0.018774742194  0.006024940207  0.008047097925  0.011093577230  0.012618140588  0.006026757331  0.004010979453  0.005017241761  0.004010979453  0.004010979453  0.005522001131  0.000500266356  0.002004270808  0.001502400619  0.000000000000  0.003508491806  0.006030257644  0.009059441828  0.009061451357  0.006529663929  0.009063884400  0.007544289181  0.007037900184  0.006532056626  
piranga_olivacea_ku2699 0.012126530416  0.011615179027  0.010078000437  0.013637307172  0.016212085703  0.017237189881  0.017237189881  0.004514113353  0.006532056626  0.009572175259  0.011093577230  0.004515890431  0.002504300474  0.003508491806  0.002504300474  0.002504300474  0.004012184582  0.004011372455  0.005523253413  0.005018752099  0.003508491806  0.000000000000  0.004519343849  0.007542304323  0.007544289181  0.005017786859  0.007546695824  0.006030257644  0.005524925798  0.005020137115  
piranga_olivacea_ku4672 0.014698199146  0.014183750148  0.012633527720  0.016206801218  0.018801030641  0.019830489660  0.019830489660  0.007040017304  0.009070019568  0.012126530416  0.013653351032  0.007045514451  0.005021941542  0.006030257644  0.005021941542  0.005021941542  0.006538803201  0.006536133825  0.008057040131  0.007549523889  0.006030257644  0.004519343849  0.000000000000  0.010084457080  0.010088320765  0.007546695824  0.010092607545  0.008568936810  0.008060580070  0.007552773013  
piranga_flava_ku90809 0.017759417748  0.017243073732  0.015687896660  0.019275801116  0.021878880850  0.022912527459  0.022912527459  0.010073240529  0.012110619131  0.015178668327  0.016711834812  0.010078000437  0.008047097925  0.009059441828  0.008047097925  0.008047097925  0.009569450847  0.009567150283  0.011093577230  0.010584216792  0.009059441828  0.007542304323  0.010084457080  0.000000000000  0.003008128101  0.002505468240  0.007040017304  0.005524925798  0.005020137115  0.004515890431  
piranga_flava_lsu15408 0.017766032330  0.017249387292  0.015692453418  0.019280730605  0.021886193899  0.022920017383  0.022920017383  0.010075408208  0.012113958468  0.015183356068  0.016716558842  0.010081016849  0.008048950117  0.009061451357  0.008048950117  0.008048950117  0.009572175259  0.009569450847  0.011096754690  0.010587101319  0.009061451357  0.007544289181  0.010088320765  0.003008128101  0.000000000000  0.002506677894  0.007042555514  0.005527017921  0.005021941542  0.004517407779  
piranga_lutea_ku89864 0.015188472127  0.014674653382  0.013129130506  0.016703678487  0.019291888029  0.020321491043  0.020321491043  0.007539601430  0.009567150283  0.012621347830  0.014149115746  0.007542304323  0.005521169318  0.006529663929  0.005521169318  0.005521169318  0.007036204519  0.007034930676  0.008554000778  0.008047097925  0.006529663929  0.005017786859  0.007546695824  0.002505468240  0.002506677894  0.000000000000  0.004515890431  0.003007050556  0.002504675646  0.002002837565  
piranga_rubra_sdsu2635 0.017773076611  0.017256130199  0.015697439205  0.019286093031  0.021893940930  0.022927942370  0.022927942370  0.010078000437  0.012117723704  0.015188472127  0.016721712959  0.010084457080  0.008051224793  0.009063884400  0.008051224793  0.008051224793  0.009575323154  0.009572175259  0.011100357005  0.010590410365  0.009063884400  0.007546695824  0.010092607545  0.007040017304  0.007042555514  0.004515890431  0.000000000000  0.004519343849  0.004015064748  0.003511326552  
piranga_rubra_ku7046 0.016230511777  0.015714967098  0.014161396188  0.017742155806  0.020341990037  0.021373626669  0.021373626669  0.008556143082  0.010590410365  0.013653351032  0.015183356068  0.008561695771  0.006533884845  0.007544289181  0.006533884845  0.006533884845  0.008053921585  0.008051224793  0.009575323154  0.009066740592  0.007544289181  0.006030257644  0.008568936810  0.005524925798  0.005527017921  0.003007050556  0.004519343849  0.000000000000  0.002506677894  0.002004270808  
piranga_rubra_sdsu2654 0.015714967098  0.015199987748  0.013648699319  0.017226712756  0.019823095807  0.020853888240  0.020853888240  0.008048950117  0.010081016849  0.013140917131  0.014669835061  0.008053921585  0.006028297272  0.007037900184  0.006028297272  0.006028297272  0.007546695824  0.007544289181  0.009066740592  0.008558708201  0.007037900184  0.005524925798  0.008060580070  0.005020137115  0.005021941542  0.002504675646  0.004015064748  0.002506677894  0.000000000000  0.000500266356  
piranga_rubra_ku26592 0.015199987748  0.014685572487  0.013136561555  0.016711834812  0.019304774271  0.020334724369  0.020334724369  0.007542304323  0.009572175259  0.012629041761  0.014156874956  0.007546695824  0.005523253413  0.006532056626  0.005523253413  0.005523253413  0.007040017304  0.007037900184  0.008558708201  0.008051224793  0.006532056626  0.005020137115  0.007552773013  0.004515890431  0.004517407779  0.002002837565  0.003511326552  0.002004270808  0.000500266356  0.000000000000  

