30
piranga_rubra_ku26592 0.000000000000  0.004753604525  0.002370411408  0.011942719348  0.009535295460  0.010747893684  0.001310842512  0.011957946064  0.006297867396  0.004749219115  0.004639652248  0.003882986698  0.003560401644  0.003206491585  0.001183616565  0.005211957705  0.002370411408  0.002368728673  0.000000000000  0.003560401644  0.012782365458  0.006055661659  0.011949316931  0.006081666098  0.014016648207  0.007390437371  0.007071324848  0.003560401644  0.001183616565  0.003560401644  
piranga_flava_ku90809 0.004753604525  0.000000000000  0.002370411408  0.011928472922  0.011935054676  0.013155567044  0.002625584411  0.014370803188  0.008838257399  0.004749219115  0.003087683509  0.006475489623  0.001180821284  0.001597780936  0.003560401644  0.005211957705  0.002367605302  0.004743586986  0.002359226706  0.003560401644  0.014061293748  0.003616354580  0.011935054676  0.009750471137  0.016590472587  0.009239801712  0.007058845845  0.003560401644  0.003560401644  0.003560401644  
piranga_ludoviciana_sdsu2385 0.002370411408  0.002370411408  0.000000000000  0.011942719348  0.009523943449  0.010735073202  0.001310842512  0.011943663124  0.006297867396  0.002365926550  0.001541145384  0.003882986698  0.001183616565  0.001600337928  0.001182217272  0.003467800438  0.000000000000  0.002365926550  0.000000000000  0.001182217272  0.012782365458  0.003625094356  0.011935054676  0.006066907130  0.013998809140  0.009256908666  0.005295081033  0.001182217272  0.001182217272  0.001182217272  
piranga_rubriceps_lsu265 0.011942719348  0.011928472922  0.011942719348  0.000000000000  0.007067160281  0.017836549636  0.010563527918  0.019049190954  0.016513364878  0.014359838833  0.014020262266  0.014329118051  0.010722660066  0.006413694320  0.010735450751  0.013999204713  0.011928472922  0.011923924822  0.002359226706  0.013153294691  0.008824361942  0.012153239114  0.002346495795  0.017157063449  0.010056918405  0.005521633491  0.012405788841  0.013153294691  0.010735450751  0.013153294691  
piranga_leucoptera_lsu7783 0.009535295460  0.011935054676  0.009523943449  0.007067160281  0.000000000000  0.015409497386  0.009234699801  0.016615452095  0.013943154878  0.011928472922  0.012452031354  0.013015289301  0.010727854884  0.008036783644  0.008323302504  0.012239939130  0.009512618437  0.009508812131  0.000000000000  0.010727854884  0.005026801991  0.012155845848  0.007061880736  0.014658046692  0.006252553210  0.001835307154  0.012411250311  0.010727854884  0.008323302504  0.010727854884  
cardinalis_cardinalis_ku25393 0.010747893684  0.013155567044  0.010735073202  0.017836549636  0.015409497386  0.000000000000  0.007908989648  0.001171140922  0.013947554189  0.013145560837  0.009316407410  0.011704504619  0.011943663124  0.004810776404  0.009529779203  0.005211957705  0.010722283270  0.010715082211  0.000000000000  0.011943663124  0.017789343579  0.013393538261  0.017824706347  0.015908678328  0.018974777985  0.007376807647  0.007058845845  0.011943663124  0.009529779203  0.011943663124  
piranga_olivacea_ku2699 0.001310842512  0.002625584411  0.001310842512  0.010563527918  0.009234699801  0.007908989648  0.000000000000  0.009240196229  0.001310422715  0.002625584411  0.003087683509  0.002625584411  0.001310842512  0.001805484544  0.000000000000  0.001764079256  0.001310842512  0.001310422715  0.000000000000  0.002625584411  0.007908989648  0.003965293414  0.010568231540  0.005261475645  0.013988731488  0.007473285274  0.001808750219  0.002625584411  0.000000000000  0.002625584411  
cardinalis_cardinalis_ku21828 0.011957946064  0.014370803188  0.011943663124  0.019049190954  0.016615452095  0.001171140922  0.009240196229  0.000000000000  0.015234980190  0.014359391528  0.009316407410  0.013023133917  0.013155567044  0.006426075839  0.010735073202  0.006963025227  0.011929414264  0.011920826428  0.002359226706  0.013155567044  0.019084833570  0.014629951770  0.019037278246  0.017155148122  0.020267279755  0.009239801712  0.008839082127  0.013155567044  0.010735073202  0.013155567044  
piranga_rubra_ku7046 0.006297867396  0.008838257399  0.006297867396  0.016513364878  0.013943154878  0.013947554189  0.001310422715  0.015234980190  0.000000000000  0.007565019940  0.004634504957  0.003879382002  0.007566237178  0.010471346734  0.005033127161  0.006953612349  0.006297867396  0.006298181121  0.007116384709  0.007566237178  0.012777137620  0.010316174219  0.016518604205  0.010109643432  0.019048056360  0.007390437371  0.008850862912  0.007566237178  0.005033127161  0.007566237178  
piranga_bidentata_hgoslp104 0.004749219115  0.004749219115  0.002365926550  0.014359838833  0.011928472922  0.013145560837  0.002625584411  0.014359391528  0.007565019940  0.000000000000  0.003087683509  0.005184933738  0.003557371212  0.003206491585  0.003553157895  0.005211957705  0.002365926550  0.004741206071  0.000000000000  0.003553157895  0.015371597693  0.004838707188  0.014350013029  0.008520361499  0.015292741223  0.009256908666  0.007071324848  0.003553157895  0.003553157895  0.003553157895  
piranga_ludoviciana_sdsu2648 0.004639652248  0.003087683509  0.001541145384  0.014020262266  0.012452031354  0.009316407410  0.003087683509  0.009316407410  0.004634504957  0.003087683509  0.000000000000  0.004639652248  0.001541145384  0.000000000000  0.003087683509  0.000000000000  0.001541145384  0.004634504957  0.000000000000  0.003087683509  0.012452031354  0.003084827728  0.015604136810  0.006197089874  0.018818485237  0.009801306138  0.000000000000  0.003087683509  0.003087683509  0.003087683509  
piranga_roseogularis_ku2049 0.003882986698  0.006475489623  0.003882986698  0.014329118051  0.013015289301  0.011704504619  0.002625584411  0.013023133917  0.003879382002  0.005184933738  0.004639652248  0.000000000000  0.005173017247  0.003537730455  0.002584863627  0.005211957705  0.005173017247  0.005170184634  0.000000000000  0.005184933738  0.013023133917  0.006519590845  0.014336199991  0.003874371922  0.016546525866  0.009230728966  0.007109028006  0.005184933738  0.002584863627  0.005184933738  
piranga_hepatica_ku4970 0.003560401644  0.001180821284  0.001183616565  0.010722660066  0.010727854884  0.011943663124  0.001310842512  0.013155567044  0.007566237178  0.003557371212  0.001541145384  0.005173017247  0.000000000000  0.000000000000  0.002370411408  0.003467800438  0.001182217272  0.003553157895  0.002359226706  0.002370411408  0.012766046662  0.002408987617  0.010727854884  0.008520361499  0.015292741223  0.009239801712  0.005285751482  0.002370411408  0.002370411408  0.002370411408  
piranga_hepatica_ku9084 0.003206491585  0.001597780936  0.001600337928  0.006413694320  0.008036783644  0.004810776404  0.001805484544  0.006426075839  0.010471346734  0.003206491585  0.000000000000  0.003537730455  0.000000000000  0.000000000000  0.003206491585  0.003547770089  0.001597780936  0.004805242211  0.002359226706  0.003206491585  0.012367392790  0.000000000000  0.008029925789  0.008282665557  0.012935270333  0.009239801712  0.005285751482  0.001600337928  0.003206491585  0.003206491585  
piranga_rubra_sdsu2654 0.001183616565  0.003560401644  0.001182217272  0.010735450751  0.008323302504  0.009529779203  0.000000000000  0.010735073202  0.005033127161  0.003553157895  0.003087683509  0.002584863627  0.002370411408  0.003206491585  0.000000000000  0.005211957705  0.001182217272  0.001181875819  0.000000000000  0.002367605302  0.011489233110  0.004838707188  0.010727854884  0.004852934387  0.012708654158  0.007390437371  0.007071324848  0.002367605302  0.000000000000  0.002367605302  
piranga_flava_lsu15408 0.005211957705  0.005211957705  0.003467800438  0.013999204713  0.012239939130  0.005211957705  0.001764079256  0.006963025227  0.006953612349  0.005211957705  0.000000000000  0.005211957705  0.003467800438  0.003547770089  0.005211957705  0.000000000000  0.003467800438  0.006953612349  0.004881224549  0.005211957705  0.010470795505  0.005205461446  0.015779600550  0.008708705251  0.019396199538  0.009256908666  0.005335062754  0.003467800438  0.005211957705  0.005211957705  
piranga_lutea_lsu5400 0.002370411408  0.002367605302  0.000000000000  0.011928472922  0.009512618437  0.010722283270  0.001310842512  0.011929414264  0.006297867396  0.002365926550  0.001541145384  0.005173017247  0.001182217272  0.001597780936  0.001182217272  0.003467800438  0.000000000000  0.002363131049  0.000000000000  0.001182217272  0.012766046662  0.003620719194  0.011920826428  0.007284810390  0.013981015425  0.009239801712  0.005285751482  0.001182217272  0.001182217272  0.001182217272  
piranga_olivacea_ku4672 0.002368728673  0.004743586986  0.002365926550  0.011923924822  0.009508812131  0.010715082211  0.001310422715  0.011920826428  0.006298181121  0.004741206071  0.004634504957  0.005170184634  0.003553157895  0.004805242211  0.001181875819  0.006953612349  0.002363131049  0.000000000000  0.000000000000  0.003553157895  0.012760832265  0.006046535406  0.011914260446  0.007281580092  0.013971986486  0.009230728966  0.008835222767  0.003553157895  0.001181875819  0.003553157895  
piranga_ludoviciana_sdsu2208 0.000000000000  0.002359226706  0.000000000000  0.002359226706  0.000000000000  0.000000000000  0.000000000000  0.002359226706  0.007116384709  0.000000000000  0.000000000000  0.000000000000  0.002359226706  0.002359226706  0.000000000000  0.004881224549  0.000000000000  0.000000000000  0.000000000000  0.002359226706  0.007236548208  0.002359226706  0.004731114462  0.004724406439  0.002359226706  0.000000000000  0.007254046495  0.000000000000  0.000000000000  0.002359226706  
piranga_bidentata_itm160 0.003560401644  0.003560401644  0.001182217272  0.013153294691  0.010727854884  0.011943663124  0.002625584411  0.013155567044  0.007566237178  0.003553157895  0.003087683509  0.005184933738  0.002370411408  0.003206491585  0.002367605302  0.005211957705  0.001182217272  0.003553157895  0.002359226706  0.000000000000  0.014079292386  0.004838707188  0.013145560837  0.007299005317  0.015292741223  0.011131295602  0.007071324848  0.002367605302  0.002367605302  0.000000000000  
piranga_leucoptera_fmnh481795 0.012782365458  0.014061293748  0.012782365458  0.008824361942  0.005026801991  0.017789343579  0.007908989648  0.019084833570  0.012777137620  0.015371597693  0.012452031354  0.013023133917  0.012766046662  0.012367392790  0.011489233110  0.010470795505  0.012766046662  0.012760832265  0.007236548208  0.014079292386  0.000000000000  0.014343151360  0.008827111975  0.017949008229  0.009433832856  0.001835307154  0.014210173140  0.014079292386  0.011489233110  0.014079292386  
piranga_lutea_ku89864 0.006055661659  0.003616354580  0.003625094356  0.012153239114  0.012155845848  0.013393538261  0.003965293414  0.014629951770  0.010316174219  0.004838707188  0.003084827728  0.006519590845  0.002408987617  0.000000000000  0.004838707188  0.005205461446  0.003620719194  0.006046535406  0.002359226706  0.004838707188  0.014343151360  0.000000000000  0.012155845848  0.009933889876  0.016568295396  0.009239801712  0.005285751482  0.004838707188  0.004838707188  0.004838707188  
piranga_rubriceps_lsu34818 0.011949316931  0.011935054676  0.011935054676  0.002346495795  0.007061880736  0.017824706347  0.010568231540  0.019037278246  0.016518604205  0.014350013029  0.015604136810  0.014336199991  0.010727854884  0.008029925789  0.010727854884  0.015779600550  0.011920826428  0.011914260446  0.004731114462  0.013145560837  0.008827111975  0.012155845848  0.000000000000  0.017144531951  0.011315467224  0.007376807647  0.014201633596  0.013145560837  0.010727854884  0.013145560837  
piranga_roseogularis_ku2141 0.006081666098  0.009750471137  0.006066907130  0.017157063449  0.014658046692  0.015908678328  0.005261475645  0.017155148122  0.010109643432  0.008520361499  0.006197089874  0.003874371922  0.008520361499  0.008282665557  0.004852934387  0.008708705251  0.007284810390  0.007281580092  0.004724406439  0.007299005317  0.017949008229  0.009933889876  0.017144531951  0.000000000000  0.018286742268  0.012962882555  0.012405788841  0.007299005317  0.004852934387  0.007299005317  
piranga_erythrocephala_fmnh343371 0.014016648207  0.016590472587  0.013998809140  0.010056918405  0.006252553210  0.018974777985  0.013988731488  0.020267279755  0.019048056360  0.015292741223  0.018818485237  0.016546525866  0.015292741223  0.012935270333  0.012708654158  0.019396199538  0.013981015425  0.013971986486  0.002359226706  0.015292741223  0.009433832856  0.016568295396  0.011315467224  0.018286742268  0.000000000000  0.003680976239  0.017847161671  0.015292741223  0.012708654158  0.015292741223  
piranga_erythrocephala_fmnh343370 0.007390437371  0.009239801712  0.009256908666  0.005521633491  0.001835307154  0.007376807647  0.007473285274  0.009239801712  0.007390437371  0.009256908666  0.009801306138  0.009230728966  0.009239801712  0.009239801712  0.007390437371  0.009256908666  0.009239801712  0.009230728966  0.000000000000  0.011131295602  0.001835307154  0.009239801712  0.007376807647  0.012962882555  0.003680976239  0.000000000000  0.009239801712  0.009256908666  0.007390437371  0.011131295602  
piranga_ludoviciana_sdsu2650 0.007071324848  0.007058845845  0.005295081033  0.012405788841  0.012411250311  0.007058845845  0.001808750219  0.008839082127  0.008850862912  0.007071324848  0.000000000000  0.007109028006  0.005285751482  0.005285751482  0.007071324848  0.005335062754  0.005285751482  0.008835222767  0.007254046495  0.007071324848  0.014210173140  0.005285751482  0.014201633596  0.012405788841  0.017847161671  0.009239801712  0.000000000000  0.005295081033  0.007071324848  0.007071324848  
piranga_bidentata_tepe59 0.003560401644  0.003560401644  0.001182217272  0.013153294691  0.010727854884  0.011943663124  0.002625584411  0.013155567044  0.007566237178  0.003553157895  0.003087683509  0.005184933738  0.002370411408  0.001600337928  0.002367605302  0.003467800438  0.001182217272  0.003553157895  0.000000000000  0.002367605302  0.014079292386  0.004838707188  0.013145560837  0.007299005317  0.015292741223  0.009256908666  0.005295081033  0.000000000000  0.002367605302  0.002367605302  
piranga_rubra_sdsu2635 0.001183616565  0.003560401644  0.001182217272  0.010735450751  0.008323302504  0.009529779203  0.000000000000  0.010735073202  0.005033127161  0.003553157895  0.003087683509  0.002584863627  0.002370411408  0.003206491585  0.000000000000  0.005211957705  0.001182217272  0.001181875819  0.000000000000  0.002367605302  0.011489233110  0.004838707188  0.010727854884  0.004852934387  0.012708654158  0.007390437371  0.007071324848  0.002367605302  0.000000000000  0.002367605302  
piranga_bidentata_itm141 0.003560401644  0.003560401644  0.001182217272  0.013153294691  0.010727854884  0.011943663124  0.002625584411  0.013155567044  0.007566237178  0.003553157895  0.003087683509  0.005184933738  0.002370411408  0.003206491585  0.002367605302  0.005211957705  0.001182217272  0.003553157895  0.002359226706  0.000000000000  0.014079292386  0.004838707188  0.013145560837  0.007299005317  0.015292741223  0.011131295602  0.007071324848  0.002367605302  0.002367605302  0.000000000000  

