30
cardinalis_cardinalis_ku21828 0.000000000000  0.001000706294  0.012125349572  0.012125349572  0.013643464171  0.013643464171  0.010586495035  0.013643464171  0.009066204697  0.011099539132  0.009582047387  0.009072984371  0.009072984371  0.011112515123  0.008555775753  0.016731260520  0.012632355914  0.008050848437  0.006535813564  0.010080399946  0.013639799953  0.014660504425  0.015169619378  0.014148255514  0.010583712728  0.009569017793  0.013139755899  0.010586495035  0.012628005567  0.012628005567  
cardinalis_cardinalis_ku25393 0.001000706294  0.000000000000  0.011107771368  0.011107771368  0.012624075624  0.012624075624  0.009571648435  0.012624075624  0.008053461367  0.010083734082  0.008568195691  0.008059935977  0.009076999350  0.011117676801  0.007543982331  0.015706803107  0.011614123175  0.007039702988  0.005526756049  0.009066204697  0.012620566466  0.014151786251  0.014148255514  0.013128364422  0.009569017793  0.008555775753  0.012120867683  0.009571648435  0.011609929149  0.011609929149  
piranga_leucoptera_fmnh481795 0.012125349572  0.011107771368  0.000000000000  0.000000000000  0.005523107051  0.005523107051  0.012632355914  0.015701133076  0.011107771368  0.013149454503  0.011629217743  0.011117676801  0.012141309679  0.013167151292  0.010593316606  0.018805668660  0.014689760089  0.010087486249  0.008568195691  0.011103445913  0.015695885796  0.017235336929  0.017230060728  0.016205262927  0.012628005567  0.011609929149  0.015198084098  0.012632355914  0.014683829545  0.014683829545  
piranga_leucoptera_lsu7783 0.012125349572  0.011107771368  0.000000000000  0.000000000000  0.005523107051  0.005523107051  0.012632355914  0.015701133076  0.011107771368  0.013149454503  0.011629217743  0.011117676801  0.012141309679  0.013167151292  0.010593316606  0.018805668660  0.014689760089  0.010087486249  0.008568195691  0.011103445913  0.015695885796  0.017235336929  0.017230060728  0.016205262927  0.012628005567  0.011609929149  0.015198084098  0.012632355914  0.014683829545  0.014683829545  
piranga_rubriceps_lsu265 0.013643464171  0.012624075624  0.005523107051  0.005523107051  0.000000000000  0.000000000000  0.014151786251  0.017225209414  0.012624075624  0.014668567437  0.013144395025  0.012632355914  0.013656986206  0.014683829545  0.012109941736  0.020331973312  0.016210378630  0.011602799606  0.010080399946  0.012620566466  0.017220783370  0.018762571647  0.018758120025  0.017731487632  0.014148255514  0.013128364422  0.016720020953  0.014151786251  0.016205262927  0.016205262927  
piranga_rubriceps_lsu34818 0.013643464171  0.012624075624  0.005523107051  0.005523107051  0.000000000000  0.000000000000  0.014151786251  0.017225209414  0.012624075624  0.014668567437  0.013144395025  0.012632355914  0.013656986206  0.014683829545  0.012109941736  0.020331973312  0.016210378630  0.011602799606  0.010080399946  0.012620566466  0.017220783370  0.018762571647  0.018758120025  0.017731487632  0.014148255514  0.013128364422  0.016720020953  0.014151786251  0.016205262927  0.016205262927  
piranga_erythrocephala_fmnh343371 0.010586495035  0.009571648435  0.012632355914  0.012632355914  0.014151786251  0.014151786251  0.000000000000  0.003007002045  0.008555775753  0.010586495035  0.009069386027  0.008561152333  0.009578163611  0.011618736199  0.008046873225  0.015695885796  0.011606154499  0.007542069132  0.006028101674  0.009569017793  0.012109941736  0.013639799953  0.013636557935  0.012617478475  0.009061094591  0.008048652262  0.012624075624  0.010074987287  0.012113163385  0.012113163385  
piranga_erythrocephala_fmnh343370 0.013643464171  0.012624075624  0.015701133076  0.015701133076  0.017225209414  0.017225209414  0.003007002045  0.000000000000  0.011602799606  0.013643464171  0.012120867683  0.011609929149  0.012632355914  0.014683829545  0.011090334633  0.018778487213  0.014668567437  0.010583712728  0.009063440758  0.012620566466  0.015173305858  0.016710478078  0.016706343857  0.015682684261  0.012109941736  0.011092983111  0.015691061645  0.013128364422  0.015177415904  0.015177415904  
piranga_olivacea_ku2699 0.009066204697  0.008053461367  0.011107771368  0.011107771368  0.012624075624  0.012624075624  0.008555775753  0.011602799606  0.000000000000  0.002003317515  0.005526756049  0.005021735737  0.006032313391  0.008059935977  0.004514081684  0.012116805494  0.008050848437  0.004011333655  0.002504649858  0.007037656038  0.010581349915  0.012107140931  0.012104761356  0.011088106356  0.007540572754  0.006530519355  0.010080399946  0.007542069132  0.009571648435  0.009571648435  
piranga_olivacea_ku4672 0.011099539132  0.010083734082  0.013149454503  0.013149454503  0.014668567437  0.014668567437  0.010586495035  0.013643464171  0.002003317515  0.000000000000  0.007549057668  0.007042165682  0.008056490673  0.010091656069  0.006530519355  0.014160114923  0.010080399946  0.006026618298  0.004515780846  0.009063440758  0.012617478475  0.014148255514  0.014145147688  0.013125410503  0.009566805624  0.008553713453  0.012116805494  0.009569017793  0.011606154499  0.011606154499  
piranga_lutea_lsu5400 0.009582047387  0.008568195691  0.011629217743  0.011629217743  0.013144395025  0.013144395025  0.009069386027  0.012120867683  0.005526756049  0.007549057668  0.000000000000  0.000500263108  0.006544843230  0.008576902818  0.005019984946  0.013149454503  0.009072984371  0.004517251315  0.003009505245  0.007549057668  0.011096051405  0.012624075624  0.012620566466  0.011602799606  0.008050848437  0.007039702988  0.010597355110  0.008053461367  0.010087486249  0.010087486249  
piranga_hepatica_ku9084 0.009072984371  0.008059935977  0.011117676801  0.011117676801  0.012632355914  0.012632355914  0.008561152333  0.011609929149  0.005021735737  0.007042165682  0.000500263108  0.000000000000  0.006038182539  0.008068073081  0.004515780846  0.012637126286  0.008564465854  0.004013301647  0.002506596215  0.007042165682  0.010586495035  0.012113163385  0.012109941736  0.011092983111  0.007543982331  0.006533633272  0.010087486249  0.007546311970  0.009578163611  0.009578163611  
piranga_flava_lsu15408 0.009072984371  0.009076999350  0.012141309679  0.012141309679  0.013656986206  0.013656986206  0.009578163611  0.012632355914  0.006032313391  0.008056490673  0.006544843230  0.006038182539  0.000000000000  0.002004218607  0.005524724339  0.013662335412  0.009582047387  0.005021735737  0.003512946820  0.008056490673  0.011606154499  0.012624075624  0.013131740217  0.012113163385  0.008558255506  0.007546311970  0.011107771368  0.008561152333  0.010597355110  0.010597355110  
piranga_ludoviciana_sdsu2650 0.011112515123  0.011117676801  0.013167151292  0.013167151292  0.014683829545  0.014683829545  0.011618736199  0.014683829545  0.008059935977  0.010091656069  0.008576902818  0.008068073081  0.002004218607  0.000000000000  0.007549057668  0.015719409913  0.011623767847  0.007045043741  0.005532061223  0.009072984371  0.013652057678  0.014673232842  0.015181949132  0.014160114923  0.010593316606  0.009578163611  0.013154933955  0.010597355110  0.012642316307  0.012642316307  
piranga_hepatica_ku4970 0.008555775753  0.007543982331  0.010593316606  0.010593316606  0.012109941736  0.012109941736  0.008046873225  0.011090334633  0.004514081684  0.006530519355  0.005019984946  0.004515780846  0.005524724339  0.007549057668  0.000000000000  0.012113163385  0.008048652262  0.003508390708  0.002002750192  0.006530519355  0.010071251332  0.011595257289  0.011593585257  0.010577884317  0.007034013464  0.006024898418  0.009569017793  0.007034810892  0.009061094591  0.009061094591  
piranga_roseogularis_ku2049 0.016731260520  0.015706803107  0.018805668660  0.018805668660  0.020331973312  0.020331973312  0.015695885796  0.018778487213  0.012116805494  0.014160114923  0.013149454503  0.012637126286  0.013662335412  0.015719409913  0.012113163385  0.000000000000  0.004013301647  0.011606154499  0.010083734082  0.014673232842  0.018256346976  0.019801364069  0.019795896704  0.018767450309  0.015177415904  0.014155739515  0.017757206226  0.015181949132  0.017241037634  0.017241037634  
piranga_roseogularis_ku2141 0.012632355914  0.011614123175  0.014689760089  0.014689760089  0.016210378630  0.016210378630  0.011606154499  0.014668567437  0.008050848437  0.010080399946  0.009072984371  0.008564465854  0.009582047387  0.011623767847  0.008048652262  0.004013301647  0.000000000000  0.007543982331  0.006030000165  0.010589696455  0.014151786251  0.015686661006  0.015682684261  0.014660504425  0.011092983111  0.010077484220  0.013652057678  0.011096051405  0.013139755899  0.013139755899  
piranga_lutea_ku89864 0.008050848437  0.007039702988  0.010087486249  0.010087486249  0.011602799606  0.011602799606  0.007542069132  0.010583712728  0.004011333655  0.006026618298  0.004517251315  0.004013301647  0.005021735737  0.007045043741  0.003508390708  0.011606154499  0.007543982331  0.000000000000  0.001501535102  0.006026618298  0.009565012312  0.011088106356  0.011086298665  0.010071251332  0.006529586494  0.005521117262  0.009063440758  0.006530519355  0.008555775753  0.008555775753  
piranga_flava_ku90809 0.006535813564  0.005526756049  0.008568195691  0.008568195691  0.010080399946  0.010080399946  0.006028101674  0.009063440758  0.002504649858  0.004515780846  0.003009505245  0.002506596215  0.003512946820  0.005532061223  0.002002750192  0.010083734082  0.006030000165  0.001501535102  0.000000000000  0.004515780846  0.008046873225  0.009566805624  0.009565012312  0.008552068991  0.005017726071  0.004011333655  0.007546311970  0.005018648263  0.007039702988  0.007039702988  
piranga_bidentata_tepe59 0.010080399946  0.009066204697  0.011103445913  0.011103445913  0.012620566466  0.012620566466  0.009569017793  0.012620566466  0.007037656038  0.009063440758  0.007549057668  0.007042165682  0.008056490673  0.009072984371  0.006530519355  0.014673232842  0.010589696455  0.006026618298  0.004515780846  0.000000000000  0.005523107051  0.007037656038  0.007036025212  0.006026618298  0.002504649858  0.001501747607  0.009061094591  0.006529586494  0.008553713453  0.008553713453  
piranga_bidentata_itm160 0.013639799953  0.012620566466  0.015695885796  0.015695885796  0.017220783370  0.017220783370  0.012109941736  0.015173305858  0.010581349915  0.012617478475  0.011096051405  0.010586495035  0.011606154499  0.013652057678  0.010071251332  0.018256346976  0.014151786251  0.009565012312  0.008046873225  0.005523107051  0.000000000000  0.001501747607  0.001501535102  0.000500192465  0.003007002045  0.004012110907  0.012614812036  0.010070013082  0.012104761356  0.012104761356  
piranga_ludoviciana_sdsu2385 0.014660504425  0.014151786251  0.017235336929  0.017235336929  0.018762571647  0.018762571647  0.013639799953  0.016710478078  0.012107140931  0.014148255514  0.012624075624  0.012113163385  0.012624075624  0.014673232842  0.011595257289  0.019801364069  0.015686661006  0.011088106356  0.009566805624  0.007037656038  0.001501747607  0.000000000000  0.003006368990  0.002002827917  0.004515780846  0.005523107051  0.014145147688  0.011593585257  0.013633738503  0.013633738503  
piranga_ludoviciana_sdsu2648 0.015169619378  0.014148255514  0.017230060728  0.017230060728  0.018758120025  0.018758120025  0.013636557935  0.016706343857  0.012104761356  0.014145147688  0.012620566466  0.012109941736  0.013131740217  0.015181949132  0.011593585257  0.019795896704  0.015682684261  0.011086298665  0.009565012312  0.007036025212  0.001501535102  0.003006368990  0.000000000000  0.001000706294  0.004514724175  0.005521904565  0.014142463161  0.011592334909  0.013631342045  0.013631342045  
piranga_ludoviciana_sdsu2208 0.014148255514  0.013128364422  0.016205262927  0.016205262927  0.017731487632  0.017731487632  0.012617478475  0.015682684261  0.011088106356  0.013125410503  0.011602799606  0.011092983111  0.012113163385  0.014160114923  0.010577884317  0.018767450309  0.014660504425  0.010071251332  0.008552068991  0.006026618298  0.000500192465  0.002002827917  0.001000706294  0.000000000000  0.003508973997  0.004514724175  0.013122878846  0.010576782306  0.012612567535  0.012612567535  
piranga_bidentata_hgoslp104 0.010583712728  0.009569017793  0.012628005567  0.012628005567  0.014148255514  0.014148255514  0.009061094591  0.012109941736  0.007540572754  0.009566805624  0.008050848437  0.007543982331  0.008558255506  0.010593316606  0.007034013464  0.015177415904  0.011092983111  0.006529586494  0.005017726071  0.002504649858  0.003007002045  0.004515780846  0.004514724175  0.003508973997  0.000000000000  0.001000706294  0.009565012312  0.007033633313  0.009057657104  0.009057657104  
piranga_bidentata_itm141 0.009569017793  0.008555775753  0.011609929149  0.011609929149  0.013128364422  0.013128364422  0.008048652262  0.011092983111  0.006530519355  0.008553713453  0.007039702988  0.006533633272  0.007546311970  0.009578163611  0.006024898418  0.014155739515  0.010077484220  0.005521117262  0.004011333655  0.001501747607  0.004012110907  0.005523107051  0.005521904565  0.004514724175  0.001000706294  0.000000000000  0.008552068991  0.006024662685  0.008045511709  0.008045511709  
piranga_rubra_sdsu2635 0.013139755899  0.012120867683  0.015198084098  0.015198084098  0.016720020953  0.016720020953  0.012624075624  0.015691061645  0.010080399946  0.012116805494  0.010597355110  0.010087486249  0.011107771368  0.013154933955  0.009569017793  0.017757206226  0.013652057678  0.009063440758  0.007546311970  0.009061094591  0.012614812036  0.014145147688  0.014142463161  0.013122878846  0.009565012312  0.008552068991  0.000000000000  0.004514724175  0.006533633272  0.006533633272  
piranga_rubra_ku7046 0.010586495035  0.009571648435  0.012632355914  0.012632355914  0.014151786251  0.014151786251  0.010074987287  0.013128364422  0.007542069132  0.009569017793  0.008053461367  0.007546311970  0.008561152333  0.010597355110  0.007034810892  0.015181949132  0.011096051405  0.006530519355  0.005018648263  0.006529586494  0.010070013082  0.011593585257  0.011592334909  0.010576782306  0.007033633313  0.006024662685  0.004514724175  0.000000000000  0.004011333655  0.004011333655  
piranga_rubra_sdsu2654 0.012628005567  0.011609929149  0.014683829545  0.014683829545  0.016205262927  0.016205262927  0.012113163385  0.015177415904  0.009571648435  0.011606154499  0.010087486249  0.009578163611  0.010597355110  0.012642316307  0.009061094591  0.017241037634  0.013139755899  0.008555775753  0.007039702988  0.008553713453  0.012104761356  0.013633738503  0.013631342045  0.012612567535  0.009057657104  0.008045511709  0.006533633272  0.004011333655  0.000000000000  0.000000000000  
piranga_rubra_ku26592 0.012628005567  0.011609929149  0.014683829545  0.014683829545  0.016205262927  0.016205262927  0.012113163385  0.015177415904  0.009571648435  0.011606154499  0.010087486249  0.009578163611  0.010597355110  0.012642316307  0.009061094591  0.017241037634  0.013139755899  0.008555775753  0.007039702988  0.008553713453  0.012104761356  0.013633738503  0.013631342045  0.012612567535  0.009057657104  0.008045511709  0.006533633272  0.004011333655  0.000000000000  0.000000000000  

