30
cardinalis_cardinalis_ku21828 0.000000000000  0.001001071477  0.013653923033  0.014675293545  0.013653923033  0.013653923033  0.007542441335  0.008047247304  0.009569681696  0.013649231600  0.007544440734  0.006534003652  0.006530745694  0.008049111685  0.006532161477  0.012629511358  0.010081304447  0.008051403841  0.005523330662  0.010081304447  0.011097092169  0.012629511358  0.013649231600  0.011603841746  0.010081304447  0.008051403841  0.010092999095  0.009078188768  0.010603320040  0.010603320040  
cardinalis_cardinalis_ku25393 0.001001071477  0.000000000000  0.012629511358  0.013649231600  0.012629511358  0.012629511358  0.006530745694  0.007035039560  0.008554174538  0.012625417610  0.006532161477  0.005523330662  0.005521235565  0.007036319734  0.005522070252  0.011607340421  0.009064103397  0.007038027009  0.004514838775  0.009064103397  0.010078264017  0.011607340421  0.012625417610  0.010584494244  0.009064103397  0.007038027009  0.009074026030  0.008060843267  0.009583234829  0.009583234829  
piranga_leucoptera_fmnh481795 0.013653923033  0.012629511358  0.000000000000  0.001000710897  0.003009670945  0.003009670945  0.012621755463  0.013129555919  0.014666009423  0.018781677406  0.012625417610  0.011607340421  0.011600773980  0.013133083913  0.011603841746  0.017754154874  0.015184011049  0.013137044227  0.010587400439  0.014670434800  0.015693125416  0.017238044701  0.018264729461  0.016202637329  0.014670434800  0.012625417610  0.016231451097  0.015207247868  0.016747635644  0.016747635644  
piranga_leucoptera_lsu7783 0.014675293545  0.013649231600  0.001000710897  0.000000000000  0.004015129829  0.004015129829  0.013641146000  0.014149604553  0.015688532934  0.019810707179  0.013644972466  0.012625417610  0.012618525289  0.014153296758  0.012621755463  0.018781677406  0.016207531225  0.014157422351  0.011603841746  0.015693125416  0.016717307928  0.018264729461  0.019292918738  0.017227483138  0.015693125416  0.013644972466  0.017257152436  0.016231451097  0.017774174996  0.017774174996  
piranga_rubriceps_lsu265 0.013653923033  0.012629511358  0.003009670945  0.004015129829  0.000000000000  0.000000000000  0.012621755463  0.013129555919  0.013641146000  0.017748352740  0.012625417610  0.011607340421  0.011600773980  0.013133083913  0.011603841746  0.017754154874  0.015184011049  0.013137044227  0.010587400439  0.015698152340  0.016722503903  0.018270835680  0.019299197840  0.017232545981  0.015698152340  0.013649231600  0.016231451097  0.015207247868  0.016747635644  0.016747635644  
piranga_rubriceps_lsu34818 0.013653923033  0.012629511358  0.003009670945  0.004015129829  0.000000000000  0.000000000000  0.012621755463  0.013129555919  0.013641146000  0.017748352740  0.012625417610  0.011607340421  0.011600773980  0.013133083913  0.011603841746  0.017754154874  0.015184011049  0.013137044227  0.010587400439  0.015698152340  0.016722503903  0.018270835680  0.019299197840  0.017232545981  0.015698152340  0.013649231600  0.016231451097  0.015207247868  0.016747635644  0.016747635644  
piranga_erythrocephala_fmnh343371 0.007542441335  0.006530745694  0.012621755463  0.013641146000  0.012621755463  0.012621755463  0.000000000000  0.000500192787  0.009058036863  0.013129555919  0.007035039560  0.006025718031  0.006024747852  0.007539725222  0.006025019540  0.011600773980  0.009567365403  0.007540869374  0.005017297122  0.009567365403  0.010582018270  0.012110985893  0.013129555919  0.011088777900  0.009567365403  0.007540869374  0.010084774015  0.009070290645  0.010594502011  0.010594502011  
piranga_erythrocephala_fmnh343370 0.008047247304  0.007035039560  0.013129555919  0.014149604553  0.013129555919  0.013129555919  0.000500192787  0.000000000000  0.009564021806  0.013637752574  0.007539725222  0.006529756675  0.006529060429  0.008044803357  0.006529194795  0.012108052887  0.010073472051  0.008045811070  0.005520826975  0.010073472051  0.011088777900  0.012618525289  0.013637752574  0.011595932667  0.010073472051  0.008045811070  0.010590736484  0.009575601407  0.011100724475  0.011100724475  
piranga_olivacea_ku2699 0.009569681696  0.008554174538  0.014666009423  0.015688532934  0.013641146000  0.013641146000  0.009058036863  0.009564021806  0.000000000000  0.004015129829  0.006028393930  0.005020208157  0.005017842201  0.006532161477  0.005018812669  0.011100724475  0.008558917523  0.006534003652  0.004012224620  0.011600773980  0.012618525289  0.014153296758  0.015174993499  0.013126460617  0.011600773980  0.009567365403  0.012122373182  0.011104786607  0.012634036340  0.012634036340  
piranga_olivacea_ku4672 0.013649231600  0.012625417610  0.018781677406  0.019810707179  0.017748352740  0.017748352740  0.013129555919  0.013637752574  0.004015129829  0.000000000000  0.010084774015  0.009070290645  0.009064103397  0.010590736484  0.009066982979  0.015194763483  0.012634036340  0.010594502011  0.008054123401  0.015693125416  0.016717307928  0.018264729461  0.019292918738  0.017227483138  0.015693125416  0.013644972466  0.015709508043  0.014686309671  0.016224820218  0.016224820218  
piranga_lutea_lsu5400 0.007544440734  0.006532161477  0.012625417610  0.013644972466  0.012625417610  0.012625417610  0.007035039560  0.007539725222  0.006028393930  0.010084774015  0.000000000000  0.001000710897  0.003006410604  0.004515944613  0.003007074554  0.009070290645  0.006536271850  0.004517474768  0.002003358243  0.009569681696  0.010584494244  0.012114350524  0.013133083913  0.011091118510  0.009569681696  0.007542441335  0.010088672353  0.009074026030  0.010598696651  0.010598696651  
piranga_hepatica_ku9084 0.006534003652  0.005523330662  0.011607340421  0.012625417610  0.011607340421  0.011607340421  0.006025718031  0.006529756675  0.005020208157  0.009070290645  0.001000710897  0.000000000000  0.002002846369  0.003509999068  0.002003358243  0.008057269999  0.005527127170  0.003511374415  0.001001071477  0.008556331974  0.009569681696  0.011097092169  0.012114350524  0.010075653095  0.008556331974  0.006532161477  0.009074026030  0.008060843267  0.009583234829  0.009583234829  
piranga_flava_lsu15408 0.006530745694  0.005521235565  0.011600773980  0.012618525289  0.011600773980  0.011600773980  0.006024747852  0.006529060429  0.005017842201  0.009064103397  0.003006410604  0.002002846369  0.000000000000  0.001502412547  0.002002756791  0.008051403841  0.005523330662  0.003509047005  0.001000771588  0.008552445588  0.009565478649  0.011091118510  0.012108052887  0.010071721260  0.008552445588  0.006529756675  0.009066982979  0.008054123401  0.009575601407  0.009575601407  
piranga_ludoviciana_sdsu2650 0.008049111685  0.007036319734  0.013133083913  0.014153296758  0.013133083913  0.013133083913  0.007539725222  0.008044803357  0.006532161477  0.010590736484  0.004515944613  0.003509999068  0.001502412547  0.000000000000  0.003509047005  0.009575601407  0.007040161012  0.005020208157  0.002504690708  0.010075653095  0.011091118510  0.012621755463  0.013641146000  0.011598137496  0.010075653095  0.008047247304  0.010594502011  0.009579204088  0.011104786607  0.011104786607  
piranga_hepatica_ku4970 0.006532161477  0.005522070252  0.011603841746  0.012621755463  0.011603841746  0.011603841746  0.006025019540  0.006529194795  0.005018812669  0.009066982979  0.003007074554  0.002003358243  0.002002756791  0.003509047005  0.000000000000  0.008054123401  0.005525016425  0.003509999068  0.001000710897  0.008554174538  0.009567365403  0.011093890057  0.012110985893  0.010073472051  0.008554174538  0.006530745694  0.009070290645  0.008057269999  0.009579204088  0.009579204088  
piranga_roseogularis_ku2049 0.012629511358  0.011607340421  0.017754154874  0.018781677406  0.017754154874  0.017754154874  0.011600773980  0.012108052887  0.011100724475  0.015194763483  0.009070290645  0.008057269999  0.008051403841  0.009575601407  0.008054123401  0.000000000000  0.002505489787  0.009579204088  0.007042721375  0.014670434800  0.015693125416  0.017238044701  0.018264729461  0.016202637329  0.014670434800  0.012625417610  0.015200789364  0.014178251223  0.015715836089  0.015715836089  
piranga_roseogularis_ku2141 0.010081304447  0.009064103397  0.015184011049  0.016207531225  0.015184011049  0.015184011049  0.009567365403  0.010073472051  0.008558917523  0.012634036340  0.006536271850  0.005527127170  0.005523330662  0.007040161012  0.005525016425  0.002505489787  0.000000000000  0.007042721375  0.004517474768  0.012114350524  0.013133083913  0.014670434800  0.015693125416  0.013641146000  0.012114350524  0.010078264017  0.012638992187  0.011620418211  0.013151515395  0.013151515395  
piranga_lutea_ku89864 0.008051403841  0.007038027009  0.013137044227  0.014157422351  0.013137044227  0.013137044227  0.007540869374  0.008045811070  0.006534003652  0.010594502011  0.004517474768  0.003511374415  0.003509047005  0.005020208157  0.003509999068  0.009579204088  0.007042721375  0.000000000000  0.002505489787  0.010078264017  0.011093890057  0.012625417610  0.013644972466  0.011600773980  0.010078264017  0.008049111685  0.010598696651  0.009583234829  0.011109278197  0.011109278197  
piranga_flava_ku90809 0.005523330662  0.004514838775  0.010587400439  0.011603841746  0.010587400439  0.010587400439  0.005017297122  0.005520826975  0.004012224620  0.008054123401  0.002003358243  0.001001071477  0.001000771588  0.002504690708  0.001000710897  0.007042721375  0.004517474768  0.002505489787  0.000000000000  0.007542441335  0.008554174538  0.010078264017  0.011093890057  0.009059629967  0.007542441335  0.005522070252  0.008057269999  0.007045707731  0.008565371488  0.008565371488  
piranga_bidentata_tepe59 0.010081304447  0.009064103397  0.014670434800  0.015693125416  0.015698152340  0.015698152340  0.009567365403  0.010073472051  0.011600773980  0.015693125416  0.009569681696  0.008556331974  0.008552445588  0.010075653095  0.008554174538  0.014670434800  0.012114350524  0.010078264017  0.007542441335  0.000000000000  0.006030370595  0.007549720360  0.008561930817  0.006534003652  0.005022028293  0.003008161457  0.011615629020  0.009579204088  0.012127030472  0.012127030472  
piranga_bidentata_itm160 0.011097092169  0.010078264017  0.015693125416  0.016717307928  0.016722503903  0.016722503903  0.010582018270  0.011088777900  0.012618525289  0.016717307928  0.010584494244  0.009569681696  0.009565478649  0.011091118510  0.009567365403  0.015693125416  0.013133083913  0.011093890057  0.008554174538  0.006030370595  0.000000000000  0.001502412547  0.002505489787  0.000500192787  0.001000710897  0.003007074554  0.012634036340  0.011615629020  0.013146260335  0.013146260335  
piranga_ludoviciana_sdsu2385 0.012629511358  0.011607340421  0.017238044701  0.018264729461  0.018270835680  0.018270835680  0.012110985893  0.012618525289  0.014153296758  0.018264729461  0.012114350524  0.011097092169  0.011091118510  0.012621755463  0.011093890057  0.017238044701  0.014670434800  0.012625417610  0.010078264017  0.007549720360  0.001502412547  0.000000000000  0.004015129829  0.002003358243  0.002505489787  0.004517474768  0.014172395764  0.013151515395  0.014686309671  0.014686309671  
piranga_ludoviciana_sdsu2648 0.013649231600  0.012625417610  0.018264729461  0.019292918738  0.019299197840  0.019299197840  0.013129555919  0.013637752574  0.015174993499  0.019292918738  0.013133083913  0.012114350524  0.012108052887  0.013641146000  0.012110985893  0.018264729461  0.015693125416  0.013644972466  0.011093890057  0.008561930817  0.002505489787  0.004015129829  0.000000000000  0.002004292043  0.003509999068  0.005525016425  0.015194763483  0.014172395764  0.015709508043  0.015709508043  
piranga_ludoviciana_sdsu2208 0.011603841746  0.010584494244  0.016202637329  0.017227483138  0.017232545981  0.017232545981  0.011088777900  0.011595932667  0.013126460617  0.017227483138  0.011091118510  0.010075653095  0.010071721260  0.011598137496  0.010073472051  0.016202637329  0.013641146000  0.011600773980  0.009059629967  0.006534003652  0.000500192787  0.002003358243  0.002004292043  0.000000000000  0.001501540381  0.003509047005  0.013141436490  0.012122373182  0.013653923033  0.013653923033  
piranga_bidentata_hgoslp104 0.010081304447  0.009064103397  0.014670434800  0.015693125416  0.015698152340  0.015698152340  0.009567365403  0.010073472051  0.011600773980  0.015693125416  0.009569681696  0.008556331974  0.008552445588  0.010075653095  0.008554174538  0.014670434800  0.012114350524  0.010078264017  0.007542441335  0.005022028293  0.001000710897  0.002505489787  0.003509999068  0.001501540381  0.000000000000  0.002003358243  0.011615629020  0.010598696651  0.012127030472  0.012127030472  
piranga_bidentata_itm141 0.008051403841  0.007038027009  0.012625417610  0.013644972466  0.013649231600  0.013649231600  0.007540869374  0.008045811070  0.009567365403  0.013644972466  0.007542441335  0.006532161477  0.006529756675  0.008047247304  0.006530745694  0.012625417610  0.010078264017  0.008049111685  0.005522070252  0.003008161457  0.003007074554  0.004517474768  0.005525016425  0.003509047005  0.002003358243  0.000000000000  0.009579204088  0.008565371488  0.010088672353  0.010088672353  
piranga_rubra_sdsu2635 0.010092999095  0.009074026030  0.016231451097  0.017257152436  0.016231451097  0.016231451097  0.010084774015  0.010590736484  0.012122373182  0.015709508043  0.010088672353  0.009074026030  0.009066982979  0.010594502011  0.009070290645  0.015200789364  0.012638992187  0.010598696651  0.008057269999  0.011615629020  0.012634036340  0.014172395764  0.015194763483  0.013141436490  0.011615629020  0.009579204088  0.000000000000  0.003008161457  0.004517474768  0.004517474768  
piranga_rubra_ku7046 0.009078188768  0.008060843267  0.015207247868  0.016231451097  0.015207247868  0.015207247868  0.009070290645  0.009575601407  0.011104786607  0.014686309671  0.009074026030  0.008060843267  0.008054123401  0.009579204088  0.008057269999  0.014178251223  0.011620418211  0.009583234829  0.007045707731  0.009579204088  0.011615629020  0.013151515395  0.014172395764  0.012122373182  0.010598696651  0.008565371488  0.003008161457  0.000000000000  0.003511374415  0.003511374415  
piranga_rubra_sdsu2654 0.010603320040  0.009583234829  0.016747635644  0.017774174996  0.016747635644  0.016747635644  0.010594502011  0.011100724475  0.012634036340  0.016224820218  0.010598696651  0.009583234829  0.009575601407  0.011104786607  0.009579204088  0.015715836089  0.013151515395  0.011109278197  0.008565371488  0.012127030472  0.013146260335  0.014686309671  0.015709508043  0.013653923033  0.012127030472  0.010088672353  0.004517474768  0.003511374415  0.000000000000  0.000000000000  
piranga_rubra_ku26592 0.010603320040  0.009583234829  0.016747635644  0.017774174996  0.016747635644  0.016747635644  0.010594502011  0.011100724475  0.012634036340  0.016224820218  0.010598696651  0.009583234829  0.009575601407  0.011104786607  0.009579204088  0.015715836089  0.013151515395  0.011109278197  0.008565371488  0.012127030472  0.013146260335  0.014686309671  0.015709508043  0.013653923033  0.012127030472  0.010088672353  0.004517474768  0.003511374415  0.000000000000  0.000000000000  

