30
piranga_rubra_ku26592 0.000000000000  0.004780259251  0.011217814370  0.011226707728  0.007991482086  0.006382892599  0.005276295843  0.006382892599  0.001589530736  0.006560873204  0.011937914424  0.017772122600  0.011046592518  0.004945754001  0.000000000000  0.006382041856  0.004780259251  0.007991482086  0.009213798116  0.006382892599  0.006382892599  0.004834179662  0.011226707728  0.012834143507  0.007987970419  0.010380503306  0.009056485492  0.006382892599  0.001589530736  0.006382892599  
piranga_flava_ku90809 0.004780259251  0.000000000000  0.006272138927  0.010502393919  0.009440947811  0.006269508265  0.002218919354  0.007319955356  0.007325832943  0.005315359756  0.005353233505  0.011231066684  0.001779853438  0.001287259347  0.008377177332  0.001312135193  0.002084011163  0.005224156617  0.003772122647  0.003127251582  0.008382098377  0.002097888058  0.010502393919  0.006272138927  0.007319955356  0.007594832338  0.003363115856  0.006276431030  0.008382098377  0.004373127761  
piranga_ludoviciana_sdsu2385 0.011217814370  0.006272138927  0.000000000000  0.016899392465  0.015824480477  0.012609466740  0.008928827974  0.013669577223  0.013682632020  0.005315359756  0.005353233505  0.015018786375  0.007152957020  0.007765899186  0.014743680326  0.007915458961  0.008382098377  0.009434873164  0.003772122647  0.003127251582  0.014752231382  0.008439037066  0.016899392465  0.010489602173  0.013669577223  0.014000621332  0.005047896705  0.010495160009  0.014752231382  0.007679464623  
piranga_rubriceps_lsu265 0.011226707728  0.010502393919  0.016899392465  0.000000000000  0.005228963778  0.012644373521  0.011187962800  0.013702440429  0.014774401852  0.013952468483  0.016225256606  0.020141637579  0.014404106477  0.010394217658  0.015835908105  0.009252919171  0.012633127318  0.013691694337  0.013964563560  0.013691694337  0.004178105147  0.012717209527  0.000000000000  0.016899392465  0.013702440429  0.015328207463  0.011868411706  0.014788012097  0.015849024738  0.013246779344  
piranga_leucoptera_lsu7783 0.007991482086  0.009440947811  0.015824480477  0.005228963778  0.000000000000  0.011576522381  0.011187962800  0.012633127318  0.013702440429  0.012863357145  0.016225256606  0.018856849841  0.014404106477  0.009081367515  0.014762473427  0.007919660488  0.011566449467  0.014762473427  0.013964563560  0.012623557728  0.001040751301  0.011643695528  0.005228963778  0.015824480477  0.012633127318  0.014030332199  0.011868411706  0.013714865727  0.014774401852  0.012127572821  
cardinalis_cardinalis_ku25393 0.006382892599  0.006269508265  0.012609466740  0.012644373521  0.011576522381  0.000000000000  0.008925133518  0.001039374966  0.008377177332  0.007454621064  0.012107409190  0.016290565735  0.010752570734  0.006462716963  0.009430472063  0.006588111857  0.008377177332  0.011551330335  0.011387385191  0.009430472063  0.010511299309  0.008435738648  0.012644373521  0.012609466740  0.009434873164  0.011437256442  0.008436461801  0.008382098377  0.009434873164  0.006571652266  
piranga_olivacea_ku2699 0.005276295843  0.002218919354  0.008928827974  0.011187962800  0.011187962800  0.008925133518  0.000000000000  0.010048821616  0.010056921450  0.007803667045  0.008047124124  0.012091142715  0.005354211129  0.004068856499  0.011181642850  0.004276054361  0.004448332904  0.002220525651  0.006299858214  0.005563779214  0.011187962800  0.004446039741  0.011187962800  0.007803667045  0.010048821616  0.010304732053  0.006742975888  0.008934421480  0.011187962800  0.007025664751  
cardinalis_cardinalis_ku21828 0.006382892599  0.007319955356  0.013669577223  0.013702440429  0.012633127318  0.001039374966  0.010048821616  0.000000000000  0.009430472063  0.008525640365  0.013464930529  0.017558743130  0.012560975443  0.007761859881  0.010485725053  0.007913917857  0.009430472063  0.012609466740  0.012663485295  0.010485725053  0.011566449467  0.009497392080  0.013702440429  0.013669577223  0.010489602173  0.012717493795  0.010135014852  0.009434873164  0.010489602173  0.007673003613  
piranga_rubra_ku7046 0.001589530736  0.007325832943  0.013682632020  0.014774401852  0.013702440429  0.008377177332  0.010056921450  0.009430472063  0.000000000000  0.008534111634  0.014850724115  0.016290565735  0.014404106477  0.009073016956  0.003127251582  0.009246889149  0.009440947811  0.012623557728  0.012677281483  0.010495160009  0.012633127318  0.009504622358  0.014774401852  0.011551330335  0.011551330335  0.012725682287  0.013573133818  0.009448691400  0.003129791708  0.007679464623  
piranga_bidentata_hgoslp104 0.006560873204  0.005315359756  0.005315359756  0.013952468483  0.012863357145  0.007454621064  0.007803667045  0.008525640365  0.008534111634  0.000000000000  0.005353233505  0.015306152794  0.008949911162  0.006462716963  0.009606072151  0.006739065596  0.007458532541  0.008529009835  0.003772122647  0.002120127029  0.011776979428  0.007454621064  0.013952468483  0.010680058710  0.010680058710  0.010152654556  0.006737695841  0.005318627818  0.009612370207  0.002225467370  
piranga_ludoviciana_sdsu2648 0.011937914424  0.005353233505  0.005353233505  0.016225256606  0.016225256606  0.012107409190  0.008047124124  0.013464930529  0.014850724115  0.005353233505  0.000000000000  0.014710086550  0.009764034873  0.007439502611  0.016212186835  0.006277359687  0.008054199886  0.009402060594  0.001333610346  0.002671342460  0.016225256606  0.006701609850  0.016225256606  0.010761251920  0.013464930529  0.014058478972  0.006742975888  0.012124724909  0.016225256606  0.008054199886  
piranga_roseogularis_ku2049 0.017772122600  0.011231066684  0.015018786375  0.020141637579  0.018856849841  0.016290565735  0.012091142715  0.017558743130  0.016290565735  0.015306152794  0.014710086550  0.000000000000  0.011109117826  0.011683038764  0.017558743130  0.013286027048  0.013762667115  0.016298659204  0.013902115897  0.013755499735  0.017575864529  0.011301585166  0.020141637579  0.003719399970  0.016290565735  0.015922414283  0.011868411706  0.017575864529  0.016290565735  0.016290565735  
piranga_hepatica_ku4970 0.011046592518  0.001779853438  0.007152957020  0.014404106477  0.014404106477  0.010752570734  0.005354211129  0.012560975443  0.014404106477  0.008949911162  0.009764034873  0.011109117826  0.000000000000  0.004538383187  0.016219491726  0.002464002708  0.005361669040  0.007152957020  0.007674471651  0.005354211129  0.014404106477  0.005354211129  0.014404106477  0.008959209348  0.012560975443  0.014583307321  0.007100172554  0.010773031027  0.016237552587  0.008965960450  
piranga_hepatica_ku9084 0.004945754001  0.001287259347  0.007765899186  0.010394217658  0.009081367515  0.006462716963  0.004068856499  0.007761859881  0.009073016956  0.006462716963  0.007439502611  0.011683038764  0.004538383187  0.000000000000  0.010376529069  0.002701463642  0.001287259347  0.006467553560  0.005616308778  0.003869429529  0.007772487462  0.002578358514  0.010394217658  0.007765899186  0.006462716963  0.008036345651  0.005054524228  0.007772487462  0.009073016956  0.006462716963  
piranga_rubra_sdsu2654 0.000000000000  0.008377177332  0.014743680326  0.015835908105  0.014762473427  0.009430472063  0.011181642850  0.010485725053  0.003127251582  0.009606072151  0.016212186835  0.017558743130  0.016219491726  0.010376529069  0.000000000000  0.010577228278  0.010495160009  0.013682632020  0.013954732968  0.011551330335  0.013691694337  0.010567196684  0.015835908105  0.012609466740  0.012609466740  0.014008048559  0.015282972440  0.010502393919  0.004174434250  0.008781803424  
piranga_flava_lsu15408 0.006382041856  0.001312135193  0.007915458961  0.009252919171  0.007919660488  0.006588111857  0.004276054361  0.007913917857  0.009246889149  0.006739065596  0.006277359687  0.013286027048  0.002464002708  0.002701463642  0.010577228278  0.000000000000  0.003945769291  0.006590496094  0.004429302548  0.003944350125  0.006590496094  0.002651326321  0.009252919171  0.009246889149  0.006588111857  0.008438704814  0.001733570844  0.006590496094  0.009246889149  0.006588111857  
piranga_lutea_lsu5400 0.004780259251  0.002084011163  0.008382098377  0.012633127318  0.011566449467  0.008377177332  0.004448332904  0.009430472063  0.009440947811  0.007458532541  0.008054199886  0.013762667115  0.005361669040  0.001287259347  0.010495160009  0.003945769291  0.000000000000  0.007331269929  0.006304453392  0.005224156617  0.010502393919  0.004205154193  0.012633127318  0.008382098377  0.009430472063  0.010152654556  0.006752568243  0.008388685845  0.010502393919  0.006574543642  
piranga_olivacea_ku4672 0.007991482086  0.005224156617  0.009434873164  0.013691694337  0.014762473427  0.011551330335  0.002220525651  0.012609466740  0.012623557728  0.008529009835  0.009402060594  0.016298659204  0.007152957020  0.006467553560  0.013682632020  0.006590496094  0.007331269929  0.000000000000  0.007569937517  0.006272138927  0.013691694337  0.007379897867  0.013691694337  0.011558050590  0.012609466740  0.011430775619  0.008444719602  0.009440947811  0.013691694337  0.008781803424  
piranga_ludoviciana_sdsu2208 0.009213798116  0.003772122647  0.003772122647  0.013964563560  0.013964563560  0.011387385191  0.006299858214  0.012663485295  0.012677281483  0.003772122647  0.001333610346  0.013902115897  0.007674471651  0.005616308778  0.013954732968  0.004429302548  0.006304453392  0.007569937517  0.000000000000  0.001254950391  0.013964563560  0.005036436044  0.013964563560  0.010114146308  0.011383405038  0.011978489869  0.005047896705  0.010121331774  0.013964563560  0.006304453392  
piranga_bidentata_itm160 0.006382892599  0.003127251582  0.003127251582  0.013691694337  0.012623557728  0.009430472063  0.005563779214  0.010485725053  0.010495160009  0.002120127029  0.002671342460  0.013755499735  0.005354211129  0.003869429529  0.011551330335  0.003944350125  0.005224156617  0.006272138927  0.001254950391  0.000000000000  0.011558050590  0.005259447585  0.013691694337  0.009434873164  0.010485725053  0.010147871287  0.003359430058  0.007325832943  0.011558050590  0.004375346145  
piranga_leucoptera_fmnh481795 0.006382892599  0.008382098377  0.014752231382  0.004178105147  0.001040751301  0.010511299309  0.011187962800  0.011566449467  0.012633127318  0.011776979428  0.016225256606  0.017575864529  0.014404106477  0.007772487462  0.013691694337  0.006590496094  0.010502393919  0.013691694337  0.013964563560  0.011558050590  0.000000000000  0.010572837508  0.004178105147  0.014752231382  0.011566449467  0.014030332199  0.011868411706  0.012644373521  0.013702440429  0.011011252882  
piranga_lutea_ku89864 0.004834179662  0.002097888058  0.008439037066  0.012717209527  0.011643695528  0.008435738648  0.004446039741  0.009497392080  0.009504622358  0.007454621064  0.006701609850  0.011301585166  0.005354211129  0.002578358514  0.010567196684  0.002651326321  0.004205154193  0.007379897867  0.005036436044  0.005259447585  0.010572837508  0.000000000000  0.012717209527  0.007376068714  0.009497392080  0.008871853998  0.005054524228  0.008444031358  0.010572837508  0.006622426485  
piranga_rubriceps_lsu34818 0.011226707728  0.010502393919  0.016899392465  0.000000000000  0.005228963778  0.012644373521  0.011187962800  0.013702440429  0.014774401852  0.013952468483  0.016225256606  0.020141637579  0.014404106477  0.010394217658  0.015835908105  0.009252919171  0.012633127318  0.013691694337  0.013964563560  0.013691694337  0.004178105147  0.012717209527  0.000000000000  0.016899392465  0.013702440429  0.015328207463  0.011868411706  0.014788012097  0.015849024738  0.013246779344  
piranga_roseogularis_ku2141 0.012834143507  0.006272138927  0.010489602173  0.016899392465  0.015824480477  0.012609466740  0.007803667045  0.013669577223  0.011551330335  0.010680058710  0.010761251920  0.003719399970  0.008959209348  0.007765899186  0.012609466740  0.009246889149  0.008382098377  0.011558050590  0.010114146308  0.009434873164  0.014752231382  0.007376068714  0.016899392465  0.000000000000  0.013669577223  0.014000621332  0.010153180463  0.012623557728  0.012615669327  0.010997186267  
piranga_erythrocephala_fmnh343371 0.007987970419  0.007319955356  0.013669577223  0.013702440429  0.012633127318  0.009434873164  0.010048821616  0.010489602173  0.011551330335  0.010680058710  0.013464930529  0.016290565735  0.012560975443  0.006462716963  0.012609466740  0.006588111857  0.009430472063  0.012609466740  0.011383405038  0.010485725053  0.011566449467  0.009497392080  0.013702440429  0.013669577223  0.000000000000  0.001259692951  0.010141921374  0.011558050590  0.012615669327  0.008778230231  
piranga_erythrocephala_fmnh343370 0.010380503306  0.007594832338  0.014000621332  0.015328207463  0.014030332199  0.011437256442  0.010304732053  0.012717493795  0.012725682287  0.010152654556  0.014058478972  0.015922414283  0.014583307321  0.008036345651  0.014008048559  0.008438704814  0.010152654556  0.011430775619  0.011978489869  0.010147871287  0.014030332199  0.008871853998  0.015328207463  0.014000621332  0.001259692951  0.000000000000  0.011854127516  0.011446199052  0.012725682287  0.010152654556  
piranga_ludoviciana_sdsu2650 0.009056485492  0.003363115856  0.005047896705  0.011868411706  0.011868411706  0.008436461801  0.006742975888  0.010135014852  0.013573133818  0.006737695841  0.006742975888  0.011868411706  0.007100172554  0.005054524228  0.015282972440  0.001733570844  0.006752568243  0.008444719602  0.005047896705  0.003359430058  0.011868411706  0.005054524228  0.011868411706  0.010153180463  0.010141921374  0.011854127516  0.000000000000  0.008444719602  0.013573133818  0.010141921374  
piranga_bidentata_tepe59 0.006382892599  0.006276431030  0.010495160009  0.014788012097  0.013714865727  0.008382098377  0.008934421480  0.009434873164  0.009448691400  0.005318627818  0.012124724909  0.017575864529  0.010773031027  0.007772487462  0.010502393919  0.006590496094  0.008388685845  0.009440947811  0.010121331774  0.007325832943  0.012644373521  0.008444031358  0.014788012097  0.012623557728  0.011558050590  0.011446199052  0.008444719602  0.000000000000  0.010511299309  0.003277582869  
piranga_rubra_sdsu2635 0.001589530736  0.008382098377  0.014752231382  0.015849024738  0.014774401852  0.009434873164  0.011187962800  0.010489602173  0.003129791708  0.009612370207  0.016225256606  0.016290565735  0.016237552587  0.009073016956  0.004174434250  0.009246889149  0.010502393919  0.013691694337  0.013964563560  0.011558050590  0.013702440429  0.010572837508  0.015849024738  0.012615669327  0.012615669327  0.012725682287  0.013573133818  0.010511299309  0.000000000000  0.008787213464  
piranga_bidentata_itm141 0.006382892599  0.004373127761  0.007679464623  0.013246779344  0.012127572821  0.006571652266  0.007025664751  0.007673003613  0.007679464623  0.002225467370  0.008054199886  0.016290565735  0.008965960450  0.006462716963  0.008781803424  0.006588111857  0.006574543642  0.008781803424  0.006304453392  0.004375346145  0.011011252882  0.006622426485  0.013246779344  0.010997186267  0.008778230231  0.010152654556  0.010141921374  0.003277582869  0.008787213464  0.000000000000  

