30
cardinalis_cardinalis_ku21828 0.000000000000  0.003006125468  0.022354359665  0.022354359665  0.020805883595  0.020805883595  0.014144273831  0.024941843944  0.018752570203  0.018752570203  0.013635697532  0.013635697532  0.015172112279  0.015165364440  0.015165364440  0.015165364440  0.016701399430  0.015165364440  0.018249577050  0.021341743280  0.024963744516  0.027007938470  0.018231476452  0.020802510044  0.016695446086  0.019776739119  0.018231476452  0.021832993500  0.013635697532  0.013635697532  
cardinalis_cardinalis_ku25393 0.003006125468  0.000000000000  0.019268228058  0.019268228058  0.017726244952  0.017726244952  0.011092342089  0.021844837657  0.015681478606  0.015681478606  0.010585860837  0.010585860837  0.012115873976  0.012109200703  0.012109200703  0.012109200703  0.013638846518  0.012109200703  0.015180515229  0.018259735078  0.021866516761  0.023902288073  0.015162612159  0.017722909039  0.013632961395  0.016701399430  0.015162612159  0.018749082406  0.010585860837  0.010585860837  
piranga_leucoptera_fmnh481795 0.022354359665  0.019268228058  0.000000000000  0.000000000000  0.007540349882  0.007540349882  0.010070886238  0.019770716617  0.014650774465  0.014650774465  0.009564659780  0.009564659780  0.011089769374  0.011085855949  0.011085855949  0.011085855949  0.012611963324  0.011085855949  0.014147290991  0.017219308504  0.020818524932  0.022858880206  0.014136344561  0.016691159414  0.012608849824  0.015670171978  0.014647077410  0.018229109950  0.009564659780  0.009564659780  
piranga_leucoptera_lsu7783 0.022354359665  0.019268228058  0.000000000000  0.000000000000  0.007540349882  0.007540349882  0.010070886238  0.019770716617  0.014650774465  0.014650774465  0.009564659780  0.009564659780  0.011089769374  0.011085855949  0.011085855949  0.011085855949  0.012611963324  0.011085855949  0.014147290991  0.017219308504  0.020818524932  0.022858880206  0.014136344561  0.016691159414  0.012608849824  0.015670171978  0.014647077410  0.018229109950  0.009564659780  0.009564659780  
piranga_rubriceps_lsu265 0.020805883595  0.017726244952  0.007540349882  0.007540349882  0.000000000000  0.000000000000  0.008550598413  0.019258164449  0.013120148827  0.013120148827  0.008045279050  0.008045279050  0.009566399104  0.009563330084  0.009563330084  0.009563330084  0.011085855949  0.009563330084  0.012616727315  0.015681478606  0.019272419600  0.021310783949  0.012607912991  0.015156846574  0.011083587793  0.014137705188  0.013117303619  0.016691159414  0.008045279050  0.008045279050  
piranga_rubriceps_lsu34818 0.020805883595  0.017726244952  0.007540349882  0.007540349882  0.000000000000  0.000000000000  0.008550598413  0.019258164449  0.013120148827  0.013120148827  0.008045279050  0.008045279050  0.009566399104  0.009563330084  0.009563330084  0.009563330084  0.011085855949  0.009563330084  0.012616727315  0.015681478606  0.019272419600  0.021310783949  0.012607912991  0.015156846574  0.011083587793  0.014137705188  0.013117303619  0.016691159414  0.008045279050  0.008045279050  
piranga_erythrocephala_fmnh343371 0.014144273831  0.011092342089  0.010070886238  0.010070886238  0.008550598413  0.008550598413  0.000000000000  0.010578978232  0.006530350021  0.006530350021  0.001501734947  0.001501734947  0.003007968891  0.003006336620  0.003006336620  0.003006336620  0.004514639573  0.003006336620  0.006029743859  0.009065664904  0.012623138684  0.014136344561  0.006024568827  0.008549820784  0.004513801105  0.007539305533  0.006528951535  0.010069689954  0.001501734947  0.001501734947  
piranga_erythrocephala_fmnh343370 0.024941843944  0.021844837657  0.019770716617  0.019770716617  0.019258164449  0.019258164449  0.010578978232  0.000000000000  0.017208903373  0.017208903373  0.012104172032  0.012104172032  0.013635697532  0.013630638494  0.013630638494  0.013630638494  0.015162612159  0.013630638494  0.016705000121  0.019788916982  0.023401764565  0.024926729746  0.016691159414  0.019255648237  0.015158352831  0.018231476452  0.017204050866  0.020799557268  0.012104172032  0.012104172032  
piranga_roseogularis_ku2049 0.018752570203  0.015681478606  0.014650774465  0.014650774465  0.013120148827  0.013120148827  0.006530350021  0.017208903373  0.000000000000  0.000000000000  0.005017635770  0.005017635770  0.006531659461  0.006529447250  0.006529447250  0.006529447250  0.008045279050  0.006529447250  0.009060696351  0.012109200703  0.015681478606  0.017713742285  0.009561901139  0.012099719454  0.008043865391  0.011084516017  0.010068904383  0.013627233970  0.005017635770  0.005017635770  
piranga_roseogularis_ku2141 0.018752570203  0.015681478606  0.014650774465  0.014650774465  0.013120148827  0.013120148827  0.006530350021  0.017208903373  0.000000000000  0.000000000000  0.005017635770  0.005017635770  0.006531659461  0.006529447250  0.006529447250  0.006529447250  0.008045279050  0.006529447250  0.009060696351  0.012109200703  0.015681478606  0.017713742285  0.009561901139  0.012099719454  0.008043865391  0.011084516017  0.010068904383  0.013627233970  0.005017635770  0.005017635770  
piranga_rubra_sdsu2654 0.013635697532  0.010585860837  0.009564659780  0.009564659780  0.008045279050  0.008045279050  0.001501734947  0.012104172032  0.005017635770  0.005017635770  0.000000000000  0.000000000000  0.001502342421  0.001501529284  0.001501529284  0.001501529284  0.003006336620  0.001501529284  0.004517096902  0.007545927301  0.011095324956  0.013117303619  0.004513989907  0.007033501397  0.003006318150  0.006024791087  0.005017063520  0.008549820784  0.000000000000  0.000000000000  
piranga_ludoviciana_sdsu2648 0.013635697532  0.010585860837  0.009564659780  0.009564659780  0.008045279050  0.008045279050  0.001501734947  0.012104172032  0.005017635770  0.005017635770  0.000000000000  0.000000000000  0.001502342421  0.001501529284  0.001501529284  0.001501529284  0.003006336620  0.001501529284  0.004517096902  0.007545927301  0.011095324956  0.013117303619  0.004513989907  0.007033501397  0.003006318150  0.006024791087  0.005017063520  0.008549820784  0.000000000000  0.000000000000  
piranga_rubra_sdsu2635 0.015172112279  0.012115873976  0.011089769374  0.011089769374  0.009566399104  0.009566399104  0.003007968891  0.013635697532  0.006531659461  0.006531659461  0.001502342421  0.001502342421  0.000000000000  0.003006951222  0.003006951222  0.003006951222  0.004515666072  0.003006951222  0.006031996063  0.009068761053  0.012626961170  0.014648718422  0.006024791087  0.008550598413  0.004514017789  0.007540349882  0.006529447250  0.010070886238  0.001502342421  0.001502342421  
piranga_bidentata_tepe59 0.015165364440  0.012109200703  0.011085855949  0.011085855949  0.009563330084  0.009563330084  0.003006336620  0.013630638494  0.006529447250  0.006529447250  0.001501529284  0.001501529284  0.003006951222  0.000000000000  0.000000000000  0.000000000000  0.001501734947  0.000000000000  0.003009389248  0.006031996063  0.009574070987  0.011591920689  0.006024753715  0.008549452573  0.004513989907  0.007538669224  0.006528863264  0.010068904383  0.001501529284  0.001501529284  
piranga_bidentata_itm160 0.015165364440  0.012109200703  0.011085855949  0.011085855949  0.009563330084  0.009563330084  0.003006336620  0.013630638494  0.006529447250  0.006529447250  0.001501529284  0.001501529284  0.003006951222  0.000000000000  0.000000000000  0.000000000000  0.001501734947  0.000000000000  0.003009389248  0.006031996063  0.009574070987  0.011591920689  0.006024753715  0.008549452573  0.004513989907  0.007538669224  0.006528863264  0.010068904383  0.001501529284  0.001501529284  
piranga_bidentata_itm141 0.015165364440  0.012109200703  0.011085855949  0.011085855949  0.009563330084  0.009563330084  0.003006336620  0.013630638494  0.006529447250  0.006529447250  0.001501529284  0.001501529284  0.003006951222  0.000000000000  0.000000000000  0.000000000000  0.001501734947  0.000000000000  0.003009389248  0.006031996063  0.009574070987  0.011591920689  0.006024753715  0.008549452573  0.004513989907  0.007538669224  0.006528863264  0.010068904383  0.001501529284  0.001501529284  
piranga_bidentata_hgoslp104 0.016701399430  0.013638846518  0.012611963324  0.012611963324  0.011085855949  0.011085855949  0.004514639573  0.015162612159  0.008045279050  0.008045279050  0.003006336620  0.003006336620  0.004515666072  0.001501734947  0.001501734947  0.001501734947  0.000000000000  0.001501734947  0.004518931683  0.007548599952  0.011098717592  0.013118519366  0.007538441344  0.010068904383  0.006024568827  0.009056308641  0.008043865391  0.011591920689  0.003006336620  0.003006336620  
piranga_ludoviciana_sdsu2650 0.015165364440  0.012109200703  0.011085855949  0.011085855949  0.009563330084  0.009563330084  0.003006336620  0.013630638494  0.006529447250  0.006529447250  0.001501529284  0.001501529284  0.003006951222  0.000000000000  0.000000000000  0.000000000000  0.001501734947  0.000000000000  0.003009389248  0.006031996063  0.009574070987  0.011591920689  0.006024753715  0.008549452573  0.004513989907  0.007538669224  0.006528863264  0.010068904383  0.001501529284  0.001501529284  
piranga_olivacea_ku4672 0.018249577050  0.015180515229  0.014147290991  0.014147290991  0.012616727315  0.012616727315  0.006029743859  0.016705000121  0.009060696351  0.009060696351  0.004517096902  0.004517096902  0.006031996063  0.003009389248  0.003009389248  0.003009389248  0.004518931683  0.003009389248  0.000000000000  0.003006951222  0.006531659461  0.008549945976  0.008550598413  0.011085855949  0.007034633144  0.010072492841  0.009057362013  0.012611963324  0.004517096902  0.004517096902  
piranga_ludoviciana_sdsu2385 0.021341743280  0.018259735078  0.017219308504  0.017219308504  0.015681478606  0.015681478606  0.009065664904  0.019788916982  0.012109200703  0.012109200703  0.007545927301  0.007545927301  0.009068761053  0.006031996063  0.006031996063  0.006031996063  0.007548599952  0.006031996063  0.003006951222  0.000000000000  0.003508920683  0.011590746342  0.011085855949  0.013630638494  0.010072492841  0.013124647321  0.012104172032  0.015674994776  0.007545927301  0.007545927301  
piranga_ludoviciana_sdsu2208 0.024963744516  0.021866516761  0.020818524932  0.020818524932  0.019272419600  0.019272419600  0.012623138684  0.023401764565  0.015681478606  0.015681478606  0.011095324956  0.011095324956  0.012626961170  0.009574070987  0.009574070987  0.009574070987  0.011098717592  0.009574070987  0.006531659461  0.003508920683  0.000000000000  0.015155756451  0.014650774465  0.017208903373  0.013632961395  0.016701399430  0.015674994776  0.019264454756  0.011095324956  0.011095324956  
piranga_olivacea_ku2699 0.027007938470  0.023902288073  0.022858880206  0.022858880206  0.021310783949  0.021310783949  0.014136344561  0.024926729746  0.017713742285  0.017713742285  0.013117303619  0.013117303619  0.014648718422  0.011591920689  0.011591920689  0.011591920689  0.013118519366  0.011591920689  0.008549945976  0.011590746342  0.015155756451  0.000000000000  0.017199362346  0.019763716535  0.015665522124  0.018737926134  0.017711670628  0.021307259096  0.013117303619  0.013117303619  
piranga_flava_ku90809 0.018231476452  0.015162612159  0.014136344561  0.014136344561  0.012607912991  0.012607912991  0.006024568827  0.016691159414  0.009561901139  0.009561901139  0.004513989907  0.004513989907  0.006024791087  0.006024753715  0.006024753715  0.006024753715  0.007538441344  0.006024753715  0.008550598413  0.011085855949  0.014650774465  0.017199362346  0.000000000000  0.002504620509  0.001501529284  0.004514639573  0.004513801105  0.008044367857  0.004513989907  0.004513989907  
piranga_lutea_ku89864 0.020802510044  0.017722909039  0.016691159414  0.016691159414  0.015156846574  0.015156846574  0.008549820784  0.019255648237  0.012099719454  0.012099719454  0.007033501397  0.007033501397  0.008550598413  0.008549452573  0.008549452573  0.008549452573  0.010068904383  0.008549452573  0.011085855949  0.013630638494  0.017208903373  0.019763716535  0.002504620509  0.000000000000  0.004011275985  0.007035810241  0.007033863400  0.010577504759  0.007033501397  0.007033501397  
piranga_flava_lsu15408 0.016695446086  0.013632961395  0.012608849824  0.012608849824  0.011083587793  0.011083587793  0.004513801105  0.015158352831  0.008043865391  0.008043865391  0.003006318150  0.003006318150  0.004514017789  0.004513989907  0.004513989907  0.004513989907  0.006024568827  0.004513989907  0.007034633144  0.010072492841  0.013632961395  0.015665522124  0.001501529284  0.004011275985  0.000000000000  0.003006951222  0.003006125468  0.006529447250  0.003006318150  0.003006318150  
piranga_lutea_lsu5400 0.019776739119  0.016701399430  0.015670171978  0.015670171978  0.014137705188  0.014137705188  0.007539305533  0.018231476452  0.011084516017  0.011084516017  0.006024791087  0.006024791087  0.007540349882  0.007538669224  0.007538669224  0.007538669224  0.009056308641  0.007538669224  0.010072492841  0.013124647321  0.016701399430  0.018737926134  0.004514639573  0.007035810241  0.003006951222  0.000000000000  0.006025420107  0.009564659780  0.006024791087  0.006024791087  
piranga_hepatica_ku4970 0.018231476452  0.015162612159  0.014647077410  0.014647077410  0.013117303619  0.013117303619  0.006528951535  0.017204050866  0.010068904383  0.010068904383  0.005017063520  0.005017063520  0.006529447250  0.006528863264  0.006528863264  0.006528863264  0.008043865391  0.006528863264  0.009057362013  0.012104172032  0.015674994776  0.017711670628  0.004513801105  0.007033863400  0.003006125468  0.006025420107  0.000000000000  0.006529447250  0.005017063520  0.005017063520  
piranga_hepatica_ku9084 0.021832993500  0.018749082406  0.018229109950  0.018229109950  0.016691159414  0.016691159414  0.010069689954  0.020799557268  0.013627233970  0.013627233970  0.008549820784  0.008549820784  0.010070886238  0.010068904383  0.010068904383  0.010068904383  0.011591920689  0.010068904383  0.012611963324  0.015674994776  0.019264454756  0.021307259096  0.008044367857  0.010577504759  0.006529447250  0.009564659780  0.006529447250  0.000000000000  0.008549820784  0.008549820784  
piranga_rubra_ku7046 0.013635697532  0.010585860837  0.009564659780  0.009564659780  0.008045279050  0.008045279050  0.001501734947  0.012104172032  0.005017635770  0.005017635770  0.000000000000  0.000000000000  0.001502342421  0.001501529284  0.001501529284  0.001501529284  0.003006336620  0.001501529284  0.004517096902  0.007545927301  0.011095324956  0.013117303619  0.004513989907  0.007033501397  0.003006318150  0.006024791087  0.005017063520  0.008549820784  0.000000000000  0.000000000000  
piranga_rubra_ku26592 0.013635697532  0.010585860837  0.009564659780  0.009564659780  0.008045279050  0.008045279050  0.001501734947  0.012104172032  0.005017635770  0.005017635770  0.000000000000  0.000000000000  0.001502342421  0.001501529284  0.001501529284  0.001501529284  0.003006336620  0.001501529284  0.004517096902  0.007545927301  0.011095324956  0.013117303619  0.004513989907  0.007033501397  0.003006318150  0.006024791087  0.005017063520  0.008549820784  0.000000000000  0.000000000000  

