30
cardinalis_cardinalis_ku21828 0.000000000000  0.003509072105  0.011094213624  0.014658931574  0.013129977765  0.013129977765  0.013641625311  0.015689202866  0.013129977765  0.015175595333  0.014153836903  0.014153836903  0.011604215171  0.018254717663  0.023409503267  0.015684973525  0.016718124329  0.013133565662  0.012622180211  0.007542571973  0.007542571973  0.010591111480  0.010591111480  0.007542571973  0.009061849198  0.011089003300  0.010587725757  0.007542571973  0.007542571973  0.009061849198  
cardinalis_cardinalis_ku25393 0.003509072105  0.000000000000  0.013638170479  0.017215494828  0.015681180780  0.015681180780  0.016194749049  0.018249838726  0.015681180780  0.017734295698  0.016708885611  0.016708885611  0.014150080388  0.020824654562  0.025998037129  0.018245398919  0.019282644077  0.015684973525  0.015171669322  0.010073661776  0.010073661776  0.013133565662  0.013133565662  0.010073661776  0.011598407024  0.013632565592  0.013129977765  0.010073661776  0.010073661776  0.011598407024  
piranga_olivacea_ku4672 0.011094213624  0.013638170479  0.000000000000  0.009572707554  0.008054361628  0.008054361628  0.008562210507  0.010594928080  0.008054361628  0.010085148264  0.009070615084  0.009070615084  0.006539162739  0.016203378778  0.021343033735  0.013641625311  0.014671107805  0.011097466892  0.010587725757  0.005523410380  0.005523410380  0.008562210507  0.008562210507  0.005523410380  0.007038159546  0.009059787139  0.008559156171  0.005523410380  0.005523410380  0.007038159546  
piranga_olivacea_ku2699 0.014658931574  0.017215494828  0.009572707554  0.000000000000  0.001501540698  0.001501540698  0.002002852127  0.004012264986  0.001501540698  0.003509072105  0.002504705033  0.002504705033  0.005018870348  0.019794548202  0.024960298309  0.017219324073  0.018254717663  0.014662554924  0.014150080388  0.009059787139  0.009059787139  0.011094213624  0.011094213624  0.009059787139  0.010582248384  0.012613620215  0.012111356991  0.009059787139  0.009059787139  0.010582248384  
piranga_hepatica_ku9084 0.013129977765  0.015681180780  0.008054361628  0.001501540698  0.000000000000  0.000000000000  0.000500269226  0.002505515742  0.000000000000  0.002003372894  0.001001077678  0.001001077678  0.003510039960  0.018254717663  0.023409503267  0.015684973525  0.016718124329  0.013133565662  0.012622180211  0.007542571973  0.007542571973  0.009572707554  0.009572707554  0.007542571973  0.009061849198  0.011089003300  0.010587725757  0.007542571973  0.007542571973  0.009061849198  
piranga_ludoviciana_sdsu2385 0.013129977765  0.015681180780  0.008054361628  0.001501540698  0.000000000000  0.000000000000  0.000500269226  0.002505515742  0.000000000000  0.002003372894  0.001001077678  0.001001077678  0.003510039960  0.018254717663  0.023409503267  0.015684973525  0.016718124329  0.013133565662  0.012622180211  0.007542571973  0.007542571973  0.009572707554  0.009572707554  0.007542571973  0.009061849198  0.011089003300  0.010587725757  0.007542571973  0.007542571973  0.009061849198  
piranga_bidentata_hgoslp104 0.013641625311  0.016194749049  0.008562210507  0.002002852127  0.000500269226  0.000500269226  0.000000000000  0.003008201865  0.000500269226  0.002505515742  0.001502426519  0.001502426519  0.004013524335  0.018771140028  0.023930165853  0.016198845437  0.017233440783  0.013645514581  0.013133565662  0.008049274870  0.008049274870  0.010081630491  0.010081630491  0.008049274870  0.009569918131  0.011598407024  0.011097466892  0.008049274870  0.008049274870  0.009569918131  
piranga_bidentata_tepe59 0.015689202866  0.018249838726  0.010594928080  0.004012264986  0.002505515742  0.002505515742  0.003008201865  0.000000000000  0.002505515742  0.004517554893  0.003511432440  0.003511432440  0.006030503877  0.020836169511  0.026011346026  0.018254717663  0.019294069464  0.015693868437  0.015179957215  0.010078543244  0.010078543244  0.012118629941  0.012118629941  0.010078543244  0.011604215171  0.013638170479  0.013137587280  0.010078543244  0.010078543244  0.011604215171  
piranga_ludoviciana_sdsu2648 0.013129977765  0.015681180780  0.008054361628  0.001501540698  0.000000000000  0.000000000000  0.000500269226  0.002505515742  0.000000000000  0.002003372894  0.001001077678  0.001001077678  0.003510039960  0.018254717663  0.023409503267  0.015684973525  0.016718124329  0.013133565662  0.012622180211  0.007542571973  0.007542571973  0.009572707554  0.009572707554  0.007542571973  0.009061849198  0.011089003300  0.010587725757  0.007542571973  0.007542571973  0.009061849198  
piranga_ludoviciana_sdsu2208 0.015175595333  0.017734295698  0.010085148264  0.003509072105  0.002003372894  0.002003372894  0.002505515742  0.004517554893  0.002003372894  0.000000000000  0.001000712333  0.001000712333  0.005525121673  0.019811950767  0.024980386135  0.017233440783  0.018271985622  0.014676036613  0.014162653957  0.009569918131  0.009569918131  0.011607767876  0.011607767876  0.009569918131  0.011094213624  0.013126823953  0.012625900764  0.009569918131  0.009569918131  0.011094213624  
piranga_bidentata_itm141 0.014153836903  0.016708885611  0.009070615084  0.002504705033  0.001001077678  0.001001077678  0.001502426519  0.003511432440  0.001001077678  0.001000712333  0.000000000000  0.000000000000  0.004517554893  0.019288137023  0.024451412549  0.016713286313  0.017749329407  0.014158028214  0.013645514581  0.008556530959  0.008556530959  0.010591111480  0.010591111480  0.008556530959  0.010078543244  0.012108369857  0.011607767876  0.008556530959  0.008556530959  0.010078543244  
piranga_bidentata_itm160 0.014153836903  0.016708885611  0.009070615084  0.002504705033  0.001001077678  0.001001077678  0.001502426519  0.003511432440  0.001001077678  0.001000712333  0.000000000000  0.000000000000  0.004517554893  0.019288137023  0.024451412549  0.016713286313  0.017749329407  0.014158028214  0.013645514581  0.008556530959  0.008556530959  0.010591111480  0.010591111480  0.008556530959  0.010078543244  0.012108369857  0.011607767876  0.008556530959  0.008556530959  0.010078543244  
piranga_roseogularis_ku2141 0.011604215171  0.014150080388  0.006539162739  0.005018870348  0.003510039960  0.003510039960  0.004013524335  0.006030503877  0.003510039960  0.005525121673  0.004517554893  0.004517554893  0.000000000000  0.016718124329  0.021861991904  0.014153836903  0.015184754608  0.011607767876  0.011097466892  0.006028498889  0.006028498889  0.009070615084  0.009070615084  0.006028498889  0.007544605388  0.009567559247  0.009067263531  0.006028498889  0.006028498889  0.007544605388  
piranga_leucoptera_fmnh481795 0.018254717663  0.020824654562  0.016203378778  0.019794548202  0.018254717663  0.018254717663  0.018771140028  0.020836169511  0.018254717663  0.019811950767  0.019288137023  0.019288137023  0.016718124329  0.000000000000  0.008051603861  0.006030503877  0.005527259307  0.006028498889  0.005523410380  0.012622180211  0.012622180211  0.015698969877  0.015698969877  0.012622180211  0.014153836903  0.016194749049  0.015179957215  0.012622180211  0.012622180211  0.014153836903  
piranga_leucoptera_lsu7783 0.023409503267  0.025998037129  0.021343033735  0.024960298309  0.023409503267  0.023409503267  0.023930165853  0.026011346026  0.023409503267  0.024980386135  0.024451412549  0.024451412549  0.021861991904  0.008051603861  0.000000000000  0.010075886885  0.009569918131  0.011091392306  0.010582248384  0.017734295698  0.017734295698  0.020836169511  0.020836169511  0.017734295698  0.019277590991  0.021332667940  0.020312081235  0.017734295698  0.017734295698  0.019277590991  
piranga_rubriceps_lsu265 0.015684973525  0.018245398919  0.013641625311  0.017219324073  0.015684973525  0.015684973525  0.016198845437  0.018254717663  0.015684973525  0.017233440783  0.016713286313  0.016713286313  0.014153836903  0.006030503877  0.010075886885  0.000000000000  0.002505515742  0.004012264986  0.003509072105  0.010075886885  0.010075886885  0.013137587280  0.013137587280  0.010075886885  0.011601094766  0.013635150451  0.012622180211  0.010075886885  0.010075886885  0.011601094766  
piranga_rubriceps_lsu34818 0.016718124329  0.019282644077  0.014671107805  0.018254717663  0.016718124329  0.016718124329  0.017233440783  0.019294069464  0.016718124329  0.018271985622  0.017749329407  0.017749329407  0.015184754608  0.005527259307  0.009569918131  0.002505515742  0.000000000000  0.004517554893  0.004013524335  0.011097466892  0.011097466892  0.014167713775  0.014167713775  0.011097466892  0.012625900764  0.014662554924  0.013649837929  0.011097466892  0.011097466892  0.012625900764  
piranga_erythrocephala_fmnh343371 0.013133565662  0.015684973525  0.011097466892  0.014662554924  0.013133565662  0.013133565662  0.013645514581  0.015693868437  0.013133565662  0.014676036613  0.014158028214  0.014158028214  0.011607767876  0.006028498889  0.011091392306  0.004012264986  0.004517554893  0.000000000000  0.000500269226  0.007544605388  0.007544605388  0.010594928080  0.010594928080  0.007544605388  0.009064341450  0.011091392306  0.010591111480  0.007544605388  0.007544605388  0.009064341450  
piranga_erythrocephala_fmnh343370 0.012622180211  0.015171669322  0.010587725757  0.014150080388  0.012622180211  0.012622180211  0.013133565662  0.015179957215  0.012622180211  0.014162653957  0.013645514581  0.013645514581  0.011097466892  0.005523410380  0.010582248384  0.003509072105  0.004013524335  0.000500269226  0.000000000000  0.007038159546  0.007038159546  0.010085148264  0.010085148264  0.007038159546  0.008556530959  0.010582248384  0.010081630491  0.007038159546  0.007038159546  0.008556530959  
piranga_ludoviciana_sdsu2650 0.007542571973  0.010073661776  0.005523410380  0.009059787139  0.007542571973  0.007542571973  0.008049274870  0.010078543244  0.007542571973  0.009569918131  0.008556530959  0.008556530959  0.006028498889  0.012622180211  0.017734295698  0.010075886885  0.011097466892  0.007544605388  0.007038159546  0.000000000000  0.000000000000  0.003009727074  0.003009727074  0.000000000000  0.001501772147  0.003508529235  0.003008201865  0.000000000000  0.000000000000  0.001501772147  
piranga_roseogularis_ku2049 0.007542571973  0.010073661776  0.005523410380  0.009059787139  0.007542571973  0.007542571973  0.008049274870  0.010078543244  0.007542571973  0.009569918131  0.008556530959  0.008556530959  0.006028498889  0.012622180211  0.017734295698  0.010075886885  0.011097466892  0.007544605388  0.007038159546  0.000000000000  0.000000000000  0.003009727074  0.003009727074  0.000000000000  0.001501772147  0.003508529235  0.003008201865  0.000000000000  0.000000000000  0.001501772147  
piranga_rubra_sdsu2635 0.010591111480  0.013133565662  0.008562210507  0.011094213624  0.009572707554  0.009572707554  0.010081630491  0.012118629941  0.009572707554  0.011607767876  0.010591111480  0.010591111480  0.009070615084  0.015698969877  0.020836169511  0.013137587280  0.014167713775  0.010594928080  0.010085148264  0.003009727074  0.003009727074  0.000000000000  0.000000000000  0.003009727074  0.004519531670  0.006534137069  0.006035793543  0.003009727074  0.003009727074  0.004519531670  
piranga_rubra_sdsu2654 0.010591111480  0.013133565662  0.008562210507  0.011094213624  0.009572707554  0.009572707554  0.010081630491  0.012118629941  0.009572707554  0.011607767876  0.010591111480  0.010591111480  0.009070615084  0.015698969877  0.020836169511  0.013137587280  0.014167713775  0.010594928080  0.010085148264  0.003009727074  0.003009727074  0.000000000000  0.000000000000  0.003009727074  0.004519531670  0.006534137069  0.006035793543  0.003009727074  0.003009727074  0.004519531670  
piranga_hepatica_ku4970 0.007542571973  0.010073661776  0.005523410380  0.009059787139  0.007542571973  0.007542571973  0.008049274870  0.010078543244  0.007542571973  0.009569918131  0.008556530959  0.008556530959  0.006028498889  0.012622180211  0.017734295698  0.010075886885  0.011097466892  0.007544605388  0.007038159546  0.000000000000  0.000000000000  0.003009727074  0.003009727074  0.000000000000  0.001501772147  0.003508529235  0.003008201865  0.000000000000  0.000000000000  0.001501772147  
piranga_flava_ku90809 0.009061849198  0.011598407024  0.007038159546  0.010582248384  0.009061849198  0.009061849198  0.009569918131  0.011604215171  0.009061849198  0.011094213624  0.010078543244  0.010078543244  0.007544605388  0.014153836903  0.019277590991  0.011601094766  0.012625900764  0.009064341450  0.008556530959  0.001501772147  0.001501772147  0.004519531670  0.004519531670  0.001501772147  0.000000000000  0.002002754978  0.004517554893  0.001501772147  0.001501772147  0.003007100586  
piranga_lutea_ku89864 0.011089003300  0.013632565592  0.009059787139  0.012613620215  0.011089003300  0.011089003300  0.011598407024  0.013638170479  0.011089003300  0.013126823953  0.012108369857  0.012108369857  0.009567559247  0.016194749049  0.021332667940  0.013635150451  0.014662554924  0.011091392306  0.010582248384  0.003508529235  0.003508529235  0.006534137069  0.006534137069  0.003508529235  0.002002754978  0.000000000000  0.006532265131  0.003508529235  0.003508529235  0.005017878473  
piranga_rubra_ku7046 0.010587725757  0.013129977765  0.008559156171  0.012111356991  0.010587725757  0.010587725757  0.011097466892  0.013137587280  0.010587725757  0.012625900764  0.011607767876  0.011607767876  0.009067263531  0.015179957215  0.020312081235  0.012622180211  0.013649837929  0.010591111480  0.010081630491  0.003008201865  0.003008201865  0.006035793543  0.006035793543  0.003008201865  0.004517554893  0.006532265131  0.000000000000  0.003008201865  0.003008201865  0.004517554893  
piranga_lutea_lsu5400 0.007542571973  0.010073661776  0.005523410380  0.009059787139  0.007542571973  0.007542571973  0.008049274870  0.010078543244  0.007542571973  0.009569918131  0.008556530959  0.008556530959  0.006028498889  0.012622180211  0.017734295698  0.010075886885  0.011097466892  0.007544605388  0.007038159546  0.000000000000  0.000000000000  0.003009727074  0.003009727074  0.000000000000  0.001501772147  0.003508529235  0.003008201865  0.000000000000  0.000000000000  0.001501772147  
piranga_flava_lsu15408 0.007542571973  0.010073661776  0.005523410380  0.009059787139  0.007542571973  0.007542571973  0.008049274870  0.010078543244  0.007542571973  0.009569918131  0.008556530959  0.008556530959  0.006028498889  0.012622180211  0.017734295698  0.010075886885  0.011097466892  0.007544605388  0.007038159546  0.000000000000  0.000000000000  0.003009727074  0.003009727074  0.000000000000  0.001501772147  0.003508529235  0.003008201865  0.000000000000  0.000000000000  0.001501772147  
piranga_rubra_ku26592 0.009061849198  0.011598407024  0.007038159546  0.010582248384  0.009061849198  0.009061849198  0.009569918131  0.011604215171  0.009061849198  0.011094213624  0.010078543244  0.010078543244  0.007544605388  0.014153836903  0.019277590991  0.011601094766  0.012625900764  0.009064341450  0.008556530959  0.001501772147  0.001501772147  0.004519531670  0.004519531670  0.001501772147  0.003007100586  0.005017878473  0.004517554893  0.001501772147  0.001501772147  0.000000000000  

