30
cardinalis_cardinalis_ku21828 0.000000000000  0.002504902258  0.014146644358  0.018759049230  0.019271506401  0.019271506401  0.016705808875  0.017735380960  0.013126312151  0.017214002784  0.018235620340  0.017725658766  0.015681520522  0.020305129163  0.017731650146  0.017731650146  0.019792134694  0.020309598131  0.020309598131  0.016702761577  0.015171519199  0.018255645291  0.018777699826  0.021364819791  0.022406165029  0.019807457124  0.019807457124  0.017744311021  0.017744311021  0.017744311021  
cardinalis_cardinalis_ku25393 0.002504902258  0.000000000000  0.016705808875  0.021336543474  0.021850642677  0.021850642677  0.019275285546  0.020309598131  0.015681520522  0.019784379920  0.020808539849  0.020297670534  0.018247007664  0.022889043400  0.020305129163  0.020305129163  0.022374401921  0.022894260383  0.022894260383  0.019271506401  0.017735380960  0.020832985508  0.021358178153  0.023956571018  0.025002766045  0.022391977058  0.022391977058  0.020320013556  0.020320013556  0.020320013556  
piranga_leucoptera_fmnh481795 0.014146644358  0.016705808875  0.000000000000  0.004515464386  0.005018531625  0.005018531625  0.005524448000  0.006535775329  0.002003546545  0.006026712959  0.007034831634  0.006530842175  0.004516742650  0.010082114090  0.007546674297  0.007546674297  0.008559085161  0.009067331935  0.009067331935  0.005522987107  0.004014222628  0.007045248590  0.007556452171  0.010098967661  0.011121652281  0.008569430830  0.008569430830  0.006541442435  0.006541442435  0.006541442435  
piranga_leucoptera_lsu7783 0.018759049230  0.021336543474  0.004515464386  0.000000000000  0.009568130467  0.009568130467  0.010079098971  0.011098420444  0.006533654924  0.010074509135  0.011087211146  0.010581295093  0.008556592119  0.014156532422  0.011605436248  0.011605436248  0.013135624815  0.013647909764  0.013647909764  0.010076563867  0.008559085161  0.011613000084  0.012129335376  0.014691015967  0.015721876015  0.013149287958  0.013149287958  0.011106272943  0.011106272943  0.011106272943  
piranga_rubriceps_lsu265 0.019271506401  0.021850642677  0.005018531625  0.009568130467  0.000000000000  0.000000000000  0.010585591702  0.011605436248  0.007037895003  0.011090249315  0.012104103959  0.011597704099  0.009570331756  0.015178983408  0.012623941929  0.012623941929  0.013643983236  0.014156532422  0.014156532422  0.010583202812  0.009064505760  0.012120133963  0.012636589438  0.015199739724  0.016231134757  0.013657213965  0.013657213965  0.011613000084  0.011613000084  0.011613000084  
piranga_rubriceps_lsu34818 0.019271506401  0.021850642677  0.005018531625  0.009568130467  0.000000000000  0.000000000000  0.010585591702  0.011605436248  0.007037895003  0.011090249315  0.012104103959  0.011597704099  0.009570331756  0.015178983408  0.012623941929  0.012623941929  0.013643983236  0.014156532422  0.014156532422  0.010583202812  0.009064505760  0.012120133963  0.012636589438  0.015199739724  0.016231134757  0.013657213965  0.013657213965  0.011613000084  0.011613000084  0.011613000084  
piranga_roseogularis_ku2049 0.016705808875  0.019275285546  0.005524448000  0.010079098971  0.010585591702  0.010585591702  0.000000000000  0.004014222628  0.004516742650  0.008554577424  0.009565168052  0.009060290117  0.007039869982  0.012627675299  0.010082114090  0.010082114090  0.011098420444  0.011608977496  0.011608977496  0.008049270315  0.006535775329  0.009579811662  0.010094036003  0.012647431104  0.013674792868  0.011110919659  0.011110919659  0.009074419220  0.009074419220  0.009074419220  
piranga_roseogularis_ku2141 0.017735380960  0.020309598131  0.006535775329  0.011098420444  0.011605436248  0.011605436248  0.004014222628  0.000000000000  0.005526383580  0.009570331756  0.010581295093  0.010076563867  0.008054069242  0.013652320124  0.011102106422  0.011102106422  0.012120133963  0.012631891253  0.012631891253  0.009064505760  0.007549457289  0.010599951822  0.011116046220  0.013674792868  0.014704584607  0.012134657885  0.012134657885  0.010094036003  0.010094036003  0.010094036003  
piranga_ludoviciana_sdsu2648 0.013126312151  0.015681520522  0.002003546545  0.006533654924  0.007037895003  0.007037895003  0.004516742650  0.005526383580  0.000000000000  0.004011370743  0.005017983904  0.004514329710  0.002504902258  0.008051431000  0.005524448000  0.005524448000  0.006533654924  0.007039869982  0.007039869982  0.003508813650  0.002003546545  0.005023350895  0.005531677393  0.008064845782  0.009083417421  0.006541442435  0.006541442435  0.004520719260  0.004520719260  0.004520719260  
piranga_ludoviciana_sdsu2650 0.017214002784  0.019784379920  0.006026712959  0.010074509135  0.011090249315  0.011090249315  0.008554577424  0.009570331756  0.004011370743  0.000000000000  0.004012798830  0.004516742650  0.004516742650  0.010082114090  0.007546674297  0.007546674297  0.010079098971  0.011092491534  0.011092491534  0.007540313561  0.006026712959  0.009064505760  0.009576172708  0.012124493952  0.013149287958  0.010591811557  0.010591811557  0.008559085161  0.008559085161  0.008559085161  
piranga_ludoviciana_sdsu2208 0.018235620340  0.020808539849  0.007034831634  0.011087211146  0.012104103959  0.012104103959  0.009565168052  0.010581295093  0.005017983904  0.004012798830  0.000000000000  0.005522001257  0.005522001257  0.011092491534  0.008554577424  0.008554577424  0.011090249315  0.012105567891  0.012105567891  0.008551309286  0.007034831634  0.010074509135  0.010585591702  0.013135624815  0.014160798193  0.011602376695  0.011602376695  0.009568130467  0.009568130467  0.009568130467  
piranga_ludoviciana_sdsu2385 0.017725658766  0.020297670534  0.006530842175  0.010581295093  0.011597704099  0.011597704099  0.009060290117  0.010076563867  0.004514329710  0.004516742650  0.005522001257  0.000000000000  0.005019663907  0.010588461402  0.008051431000  0.008051431000  0.010585591702  0.011599799192  0.011599799192  0.008045657164  0.006530842175  0.009570331756  0.010082114090  0.012631891253  0.013657213965  0.011098420444  0.011098420444  0.009064505760  0.009064505760  0.009064505760  
piranga_bidentata_hgoslp104 0.015681520522  0.018247007664  0.004516742650  0.008556592119  0.009570331756  0.009570331756  0.007039869982  0.008054069242  0.002504902258  0.004516742650  0.005522001257  0.005019663907  0.000000000000  0.008565504868  0.006034823552  0.006034823552  0.009064505760  0.009573012621  0.009573012621  0.006026712959  0.004516742650  0.007549457289  0.008060776982  0.010604741230  0.011627952383  0.009074419220  0.009074419220  0.007045248590  0.007045248590  0.007045248590  
piranga_bidentata_tepe59 0.020305129163  0.022889043400  0.010082114090  0.014156532422  0.015178983408  0.015178983408  0.012627675299  0.013652320124  0.008051431000  0.010082114090  0.011092491534  0.010588461402  0.008565504868  0.000000000000  0.002504902258  0.002504902258  0.014669685712  0.015183444532  0.015183444532  0.011602376695  0.010082114090  0.013144250780  0.013662590934  0.016231134757  0.017264978906  0.014684957005  0.014684957005  0.012636589438  0.012636589438  0.012636589438  
piranga_bidentata_itm141 0.017731650146  0.020305129163  0.007546674297  0.011605436248  0.012623941929  0.012623941929  0.010082114090  0.011102106422  0.005524448000  0.007546674297  0.008554577424  0.008051431000  0.006034823552  0.002504902258  0.000000000000  0.000000000000  0.012116255758  0.012627675299  0.012627675299  0.009062158369  0.007546674297  0.010595641814  0.011110919659  0.013668450684  0.014697558616  0.012129335376  0.012129335376  0.010089582957  0.010089582957  0.010089582957  
piranga_bidentata_itm160 0.017731650146  0.020305129163  0.007546674297  0.011605436248  0.012623941929  0.012623941929  0.010082114090  0.011102106422  0.005524448000  0.007546674297  0.008554577424  0.008051431000  0.006034823552  0.002504902258  0.000000000000  0.000000000000  0.012116255758  0.012627675299  0.012627675299  0.009062158369  0.007546674297  0.010595641814  0.011110919659  0.013668450684  0.014697558616  0.012129335376  0.012129335376  0.010089582957  0.010089582957  0.010089582957  
piranga_hepatica_ku9084 0.019792134694  0.022374401921  0.008559085161  0.013135624815  0.013643983236  0.013643983236  0.011098420444  0.012120133963  0.006533654924  0.010079098971  0.011090249315  0.010585591702  0.009064505760  0.014669685712  0.012116255758  0.012116255758  0.000000000000  0.006530150546  0.006530150546  0.008046383038  0.006532010421  0.009573012621  0.010085608869  0.012636589438  0.013662590934  0.011102106422  0.011102106422  0.009067331935  0.009067331935  0.009067331935  
piranga_erythrocephala_fmnh343371 0.020309598131  0.022894260383  0.009067331935  0.013647909764  0.014156532422  0.014156532422  0.011608977496  0.012631891253  0.007039869982  0.011092491534  0.012105567891  0.011599799192  0.009573012621  0.015183444532  0.012627675299  0.012627675299  0.006530150546  0.000000000000  0.000000000000  0.008553041433  0.007037895003  0.010082114090  0.010595641814  0.013149287958  0.014176499793  0.011613000084  0.011613000084  0.009576172708  0.009576172708  0.009576172708  
piranga_erythrocephala_fmnh343370 0.020309598131  0.022894260383  0.009067331935  0.013647909764  0.014156532422  0.014156532422  0.011608977496  0.012631891253  0.007039869982  0.011092491534  0.012105567891  0.011599799192  0.009573012621  0.015183444532  0.012627675299  0.012627675299  0.006530150546  0.000000000000  0.000000000000  0.008553041433  0.007037895003  0.010082114090  0.010595641814  0.013149287958  0.014176499793  0.011613000084  0.011613000084  0.009576172708  0.009576172708  0.009576172708  
piranga_olivacea_ku2699 0.016702761577  0.019271506401  0.005522987107  0.010076563867  0.010583202812  0.010583202812  0.008049270315  0.009064505760  0.003508813650  0.007540313561  0.008551309286  0.008045657164  0.006026712959  0.011602376695  0.009062158369  0.009062158369  0.008046383038  0.008553041433  0.008553041433  0.000000000000  0.003508662647  0.006532010421  0.007039869982  0.009576172708  0.010595641814  0.008051431000  0.008051431000  0.006028027753  0.006028027753  0.006028027753  
piranga_olivacea_ku4672 0.015171519199  0.017735380960  0.004014222628  0.008559085161  0.009064505760  0.009064505760  0.006535775329  0.007549457289  0.002003546545  0.006026712959  0.007034831634  0.006530842175  0.004516742650  0.010082114090  0.007546674297  0.007546674297  0.006532010421  0.007037895003  0.007037895003  0.003508662647  0.000000000000  0.005021270449  0.005528793495  0.008060776982  0.009078679630  0.006538371284  0.006538371284  0.004518494392  0.004518494392  0.004518494392  
piranga_rubra_sdsu2654 0.018255645291  0.020832985508  0.007045248590  0.011613000084  0.012120133963  0.012120133963  0.009579811662  0.010599951822  0.005023350895  0.009064505760  0.010074509135  0.009570331756  0.007549457289  0.013144250780  0.010595641814  0.010595641814  0.009573012621  0.010082114090  0.010082114090  0.006532010421  0.005021270449  0.000000000000  0.001501853672  0.004014222628  0.005023350895  0.002504902258  0.002504902258  0.000500198910  0.000500198910  0.000500198910  
piranga_flava_ku90809 0.018777699826  0.021358178153  0.007556452171  0.012129335376  0.012636589438  0.012636589438  0.010094036003  0.011116046220  0.005531677393  0.009576172708  0.010585591702  0.010082114090  0.008060776982  0.013662590934  0.011110919659  0.011110919659  0.010085608869  0.010595641814  0.010595641814  0.007039869982  0.005528793495  0.001501853672  0.000000000000  0.002505818188  0.003512103133  0.002003546545  0.002003546545  0.001001150177  0.001001150177  0.001001150177  
piranga_lutea_ku89864 0.021364819791  0.023956571018  0.010098967661  0.014691015967  0.015199739724  0.015199739724  0.012647431104  0.013674792868  0.008064845782  0.012124493952  0.013135624815  0.012631891253  0.010604741230  0.016231134757  0.013668450684  0.013668450684  0.012636589438  0.013149287958  0.013149287958  0.009576172708  0.008060776982  0.004014222628  0.002505818188  0.000000000000  0.004014222628  0.004518494392  0.004518494392  0.003512103133  0.003512103133  0.003512103133  
piranga_lutea_lsu5400 0.022406165029  0.025002766045  0.011121652281  0.015721876015  0.016231134757  0.016231134757  0.013674792868  0.014704584607  0.009083417421  0.013149287958  0.014160798193  0.013657213965  0.011627952383  0.017264978906  0.014697558616  0.014697558616  0.013662590934  0.014176499793  0.014176499793  0.010595641814  0.009078679630  0.005023350895  0.003512103133  0.004014222628  0.000000000000  0.005528793495  0.005528793495  0.004520719260  0.004520719260  0.004520719260  
piranga_flava_lsu15408 0.019807457124  0.022391977058  0.008569430830  0.013149287958  0.013657213965  0.013657213965  0.011110919659  0.012134657885  0.006541442435  0.010591811557  0.011602376695  0.011098420444  0.009074419220  0.014684957005  0.012129335376  0.012129335376  0.011102106422  0.011613000084  0.011613000084  0.008051431000  0.006538371284  0.002504902258  0.002003546545  0.004518494392  0.005528793495  0.000000000000  0.000000000000  0.002003546545  0.002003546545  0.002003546545  
piranga_hepatica_ku4970 0.019807457124  0.022391977058  0.008569430830  0.013149287958  0.013657213965  0.013657213965  0.011110919659  0.012134657885  0.006541442435  0.010591811557  0.011602376695  0.011098420444  0.009074419220  0.014684957005  0.012129335376  0.012129335376  0.011102106422  0.011613000084  0.011613000084  0.008051431000  0.006538371284  0.002504902258  0.002003546545  0.004518494392  0.005528793495  0.000000000000  0.000000000000  0.002003546545  0.002003546545  0.002003546545  
piranga_rubra_ku7046 0.017744311021  0.020320013556  0.006541442435  0.011106272943  0.011613000084  0.011613000084  0.009074419220  0.010094036003  0.004520719260  0.008559085161  0.009568130467  0.009064505760  0.007045248590  0.012636589438  0.010089582957  0.010089582957  0.009067331935  0.009576172708  0.009576172708  0.006028027753  0.004518494392  0.000500198910  0.001001150177  0.003512103133  0.004520719260  0.002003546545  0.002003546545  0.000000000000  0.000000000000  0.000000000000  
piranga_rubra_sdsu2635 0.017744311021  0.020320013556  0.006541442435  0.011106272943  0.011613000084  0.011613000084  0.009074419220  0.010094036003  0.004520719260  0.008559085161  0.009568130467  0.009064505760  0.007045248590  0.012636589438  0.010089582957  0.010089582957  0.009067331935  0.009576172708  0.009576172708  0.006028027753  0.004518494392  0.000500198910  0.001001150177  0.003512103133  0.004520719260  0.002003546545  0.002003546545  0.000000000000  0.000000000000  0.000000000000  
piranga_rubra_ku26592 0.017744311021  0.020320013556  0.006541442435  0.011106272943  0.011613000084  0.011613000084  0.009074419220  0.010094036003  0.004520719260  0.008559085161  0.009568130467  0.009064505760  0.007045248590  0.012636589438  0.010089582957  0.010089582957  0.009067331935  0.009576172708  0.009576172708  0.006028027753  0.004518494392  0.000500198910  0.001001150177  0.003512103133  0.004520719260  0.002003546545  0.002003546545  0.000000000000  0.000000000000  0.000000000000  

